APPTR,R01-A,01,BOOMR
IF,BOOMR,33.592394,-100.703811, ,0.0,0.0,0,0,0,0,0,0,0,0
TF,QUAKE,33.474164,-100.405667,0, ,0.0,0.0,0.0,0.0,2,4000,0,0,0,0,0,1
HF,QUAKE,33.474164,-100.405667,2, ,0.0,0.0,10.0,04,2,4000,0,0,0,0,1,0,0

FINAL,R01-A,01,R,4
IF,QUAKE,33.474164,-100.405667, ,0.0,0.0,2,4000,0,0,0,0,0,0
TF,ASOTE,33.554331,-100.377833,0, ,0.0,0.0,10.0,5.0,2,3400,0,0,0,0,2,0
TF,FILED,33.593083,-100.364356,0, ,0.0,0.0,10.0,2.4,2,2620,0,0,0,0,0,0
TF,RW01,33.634958,-100.350331,0, ,0.0,0.0,10.0,2.6,1,1804,0,0,0,0,3,1
CA,0,10.0,2,2182,0,0,0,0,0,0
DF,PUTTI,33.807789,-100.289483,0, ,0.0,0.0,2,4000,0,0,0,0,0,1
HM,PUTTI,33.807789,-100.289483,2, ,0.0,0.0,190.0,04,0,0,0,0,0,0,0,0,0

APPTR,R01-M,01,AVULE
IF,AVULE,33.433294,-100.280644, ,0.0,0.0,0,0,0,0,0,0,1,0
TF,ZEBKO,33.471178,-100.415708,0, ,0.0,0.0,0.0,0.0,2,4000,0,0,0,0,1,0

APPTR,R01-M,01,FIDEM
IF,FIDEM,33.508914,-100.550892, ,0.0,0.0,0,0,0,0,0,0,1,0
TF,ZEBKO,33.471178,-100.415708,0, ,0.0,0.0,0.0,0.0,2,4000,0,0,0,0,1,0

APPTR,R01-M,01,ZEBKO
HF,ZEBKO,33.471178,-100.415708,2, ,0.0,0.0,12.0,04,2,4000,0,1,210,0,1,0,0

FINAL,R01-M,01,R,4
IF,ZEBKO,33.471178,-100.415708, ,0.0,0.0,2,4000,0,0,0,0,0,0
TF,DONOR,33.550364,-100.384131,0, ,0.0,0.0,12.0,5.0,2,3500,0,0,0,0,2,0
TF,HIPOK,33.592203,-100.367425,0, ,0.0,0.0,12.0,2.6,2,2600,0,0,0,0,0,0
TF,RW01,33.634958,-100.350331,0, ,0.0,0.0,12.0,2.7,1,1799,0,0,0,0,3,1
CA,0,12.0,2,2009,0,0,0,0,0,0
DF,KOROR,33.813172,-100.278889,0, ,0.0,0.0,2,4000,0,0,0,0,0,1
HM,KOROR,33.813172,-100.278889,2, ,0.0,0.0,13.0,04,0,0,0,1,210,0,0,0,0

APPTR,R19-B,19,BOOMR
IF,BOOMR,33.592394,-100.703811, ,0.0,0.0,0,0,0,0,0,0,0,0
TF,PUTTI,33.807789,-100.289483,0, ,0.0,0.0,0.0,0.0,2,4000,0,0,0,0,0,1
HF,PUTTI,33.807789,-100.289483,2, ,0.0,0.0,190.0,04,2,4000,0,0,0,0,1,0,0

FINAL,R19-B,19,R,4
IF,PUTTI,33.807789,-100.289483, ,0.0,0.0,2,4000,0,0,0,0,0,0
TF,BISNE,33.727644,-100.317478,0, ,0.0,0.0,190.0,5.0,2,3400,0,0,0,0,2,0
TF,SALRE,33.686692,-100.331761,0, ,0.0,0.0,190.0,2.6,2,2580,0,0,0,0,0,0
TF,RW19,33.650608,-100.344069,0, ,0.0,0.0,190.0,2.3,1,2500,0,0,0,0,3,1
CA,0,190.0,2,2500,0,0,0,0,0,0
DF,QUAKE,33.474164,-100.405667,0, ,0.0,0.0,2,4000,0,0,0,0,0,1
HM,QUAKE,33.474164,-100.405667,2, ,0.0,0.0,10.0,04,0,0,0,0,0,0,0,0,0

APPTR,R19-M,19,CIRYA
IF,CIRYA,33.775139,-100.143350, ,0.0,0.0,0,0,0,0,0,0,1,0
TF,KOROR,33.813172,-100.278889,0, ,0.0,0.0,0.0,0.0,2,4000,0,0,0,0,1,0

APPTR,R19-M,19,KOROR
HF,KOROR,33.813172,-100.278889,2, ,0.0,0.0,193.0,04,2,4000,0,1,210,0,0,0,0

APPTR,R19-M,19,MURAE
IF,MURAE,33.851056,-100.414547, ,0.0,0.0,0,0,0,0,0,0,1,0
TF,KOROR,33.813172,-100.278889,0, ,0.0,0.0,0.0,0.0,2,4000,0,0,0,0,1,0

FINAL,R19-M,19,R,4
IF,KOROR,33.813172,-100.278889, ,0.0,0.0,2,4000,0,0,0,0,0,0
TF,FROGY,33.734017,-100.310658,0, ,0.0,0.0,193.0,5.0,2,3500,0,0,0,0,2,0
TF,GALME,33.690192,-100.328222,0, ,0.0,0.0,193.0,2.8,2,2600,0,0,0,0,0,0
TF,RW19,33.650608,-100.344069,0, ,0.0,0.0,193.0,2.5,1,1822,0,0,0,0,3,1
CA,0,193.0,2,2032,0,0,0,0,0,0
DF,ZEBKO,33.471178,-100.415708,0, ,0.0,0.0,2,4000,0,0,0,0,0,1
HM,ZEBKO,33.471178,-100.415708,2, ,0.0,0.0,12.0,04,0,0,0,1,210,0,0,0,0

