SID,DODF1A,04,5
CA,0,43.0,2,800,0,0,0,0,0,0
DF,GH503,64.345658,-51.819317,0, ,0.0,0.0,0,0,0,0,0,0,0,0
TF,DODFO,64.606136,-51.778539,0, ,0.0,0.0,0.0,0.0,2,6000,0,0,0,0,0,0

SID,DODF1B,22,5
CA,0,238.0,2,800,0,0,0,0,0,0
DF,GH503,64.345658,-51.819317,2, ,0.0,0.0,0,0,0,0,0,0,0,0
TF,DODFO,64.606136,-51.778539,0, ,0.0,0.0,0.0,0.0,2,6000,0,0,0,0,0,0

SID,NUKR1A,04,5
CA,0,43.0,2,800,0,0,0,0,0,0
DF,GH501,64.129758,-51.761678,1, ,0.0,0.0,0,0,0,0,0,0,0,0
TF,GONEN,63.975681,-51.738828,0, ,0.0,0.0,0.0,0.0,2,3600,0,0,0,0,0,0
TF,NUKRI,63.809817,-51.310567,0, ,0.0,0.0,0.0,0.0,2,7200,0,0,0,0,0,0

SID,NUKR1B,22,5
CA,0,238.0,2,700,0,0,0,0,0,0
DF,GH501,64.129758,-51.761678,0, ,0.0,0.0,0,0,0,0,0,0,0,0
TF,GONEN,63.975681,-51.738828,0, ,0.0,0.0,0.0,0.0,2,3600,0,0,0,0,0,0
TF,NUKRI,63.809817,-51.310567,0, ,0.0,0.0,0.0,0.0,2,7200,0,0,0,0,0,0

APPTR,L04,04,ANKAW
IF,ANKAW,63.971633,-51.582028, ,0.0,0.0,2,5900,0,0,0,0,1,0
TF,GHI04,63.997875,-51.800989,0,NUK,0.0,0.0,0.0,0.0,2,3500,0,0,0,0,1,0

APPTR,L04,04,LOTIZ
IF,LOTIZ,63.901656,-51.860192, ,0.0,0.0,2,5300,0,0,0,0,1,0
TF,GHI04,63.997875,-51.800989,0,NUK,0.0,0.0,0.0,0.0,2,3500,0,0,0,0,1,0

APPTR,L04,04,MICVA
IF,MICVA,64.023786,-52.020358, ,0.0,0.0,2,5400,0,0,0,0,1,0
TF,GHI04,63.997875,-51.800989,0,NUK,0.0,0.0,0.0,0.0,2,3500,0,0,0,0,1,0

FINAL,L04,04,D,3
IF,GHI04,63.997875,-51.800989,NUK,220.3,12.0,2,3500,0,0,0,0,0,0
CF,GHF04,64.078039,-51.751342,0,NUK,220.3,7.0,40.0,5.0,2,2500,0,0,0,0,2,0
CF,MA04,64.156592,-51.702406,0,NUK,220.3,2.1,40.0,4.9,1,814,0,0,0,0,3,0
VA,0,5.0,2,2000,0,0,0,0,0,0
DF,MICVA,64.023786,-52.020358,1, ,0.0,0.0,0,0,0,0,0,0,0,0
HM,MICVA,64.023786,-52.020358,2, ,0.0,0.0,130.0,04.3,1,3500,0,0,0,0,0,0,0

APPTR,L22-Y,22,ERALA
IF,ERALA,64.374789,-51.241417, ,0.0,0.0,2,7400,0,0,0,0,1,0
TF,3NM2,64.397897,-51.405781,0, ,0.0,0.0,0.0,0.0,2,5400,0,0,0,0,0,0
TF,GH401,64.413194,-51.515442,0,INK,0.0,0.0,0.0,0.0,2,4400,0,0,0,0,1,0

APPTR,L22-Y,22,GETDA
IF,GETDA,64.539733,-51.420908, ,0.0,0.0,2,7400,0,0,0,0,1,0
TF,GH401,64.413194,-51.515442,0,INK,0.0,0.0,0.0,0.0,2,4400,0,0,0,0,1,0

APPTR,L22-Y,22,VETOX
IF,VETOX,64.438511,-51.698550, ,0.0,0.0,2,5600,0,0,0,0,1,0
TF,GH401,64.413194,-51.515442,0,INK,0.0,0.0,0.0,0.0,2,4400,0,0,0,0,1,0

FINAL,L22-Y,22,D,4
IF,GH401,64.413194,-51.515442,INK,42.7,14.7,2,4400,0,0,0,0,0,0
CF,FF22,64.310333,-51.591617,0,INK,42.7,8.2,223.0,6.5,2,2800,0,0,0,0,2,0
CF,50LOC,64.262772,-51.626767,0,INK,42.6,5.2,223.0,3.0,2,1830,0,0,0,0,0,0
CF,ML22,64.207369,-51.667303,0,INK,42.6,1.7,223.0,3.5,1,680,0,0,0,0,3,1
DF,GH,64.179628,-51.749606,0, ,0.0,0.0,0,0,0,0,0,0,0,1
CA,0,249.0,2,4000,0,0,0,0,0,0
DF,GH,64.179628,-51.749606,2, ,0.0,0.0,1,4600,0,0,0,0,0,0
HM,GH,64.179628,-51.749606,1, ,0.0,0.0,52.0,04.3,2,4600,0,0,0,0,0,0,0

FINAL,L22-Z,22,D,4
IF,CL22,64.349814,-51.562742,INK,42.6,10.7,2,3000,0,0,0,0,0,0
CF,FF22,64.310333,-51.591617,0,INK,42.7,8.2,223.0,2.5,2,2800,0,0,0,0,2,0
CF,50LOC,64.262772,-51.626767,0,INK,42.6,5.2,223.0,3.0,2,1830,0,0,0,0,0,0
CF,ML22,64.207369,-51.667303,0,INK,42.6,1.7,223.0,3.5,1,680,0,0,0,0,3,1
DF,GH,64.179628,-51.749606,0, ,0.0,0.0,0,0,0,0,0,0,0,1
CA,0,249.0,2,4000,0,0,0,0,0,0
DF,GH,64.179628,-51.749606,2, ,0.0,0.0,1,4600,0,0,0,0,0,0
HM,GH,64.179628,-51.749606,1, ,0.0,0.0,52.0,04.3,2,4600,0,0,0,0,0,0,0

APPTR,R04-A,04,ADKUT
IF,ADKUT,63.944286,-51.543711, ,0.0,0.0,2,6100,0,0,0,0,1,0
TF,GONEN,63.975681,-51.738828,0, ,0.0,0.0,0.0,0.0,2,3700,0,0,0,0,1,0
TF,ELTUX,64.058744,-51.738828,0, ,0.0,0.0,0.0,0.0,2,2500,0,0,0,0,0,0

APPTR,R04-A,04,NIPOT
IF,NIPOT,63.947161,-51.916325, ,0.0,0.0,2,5500,0,0,0,0,1,0
TF,GONEN,63.975681,-51.738828,0, ,0.0,0.0,0.0,0.0,2,3300,0,0,0,0,1,0
TF,ELTUX,64.058744,-51.738828,0, ,0.0,0.0,0.0,0.0,2,2500,0,0,0,0,0,0

APPTR,R04-A,04,UVIRI
IF,UVIRI,63.892614,-51.738828, ,0.0,0.0,2,4700,0,0,0,0,1,0
TF,GONEN,63.975681,-51.738828,0, ,0.0,0.0,0.0,0.0,2,3300,0,0,0,0,1,0
TF,ELTUX,64.058744,-51.738828,0, ,0.0,0.0,0.0,0.0,2,2500,0,0,0,0,0,0

FINAL,R04-A,04,R,2
IF,ELTUX,64.058744,-51.738828, ,0.0,0.0,2,2500,0,0,0,0,2,0
TF,ADMIP,64.141811,-51.738828,0, ,0.0,0.0,25.0,5.0,1,770,0,0,0,0,3,1
CA,0,25.0,2,1500,0,0,0,0,0,0
DF,NIPOT,63.947161,-51.916325,1, ,0.0,0.0,0,0,0,0,0,0,0,0
HM,NIPOT,63.947161,-51.916325,1, ,0.0,0.0,95.0,04.3,1,3300,0,0,0,0,0,0,0

APPTR,R04-B,04,TUNDO
IF,TUNDO,64.332736,-51.964797, ,0.0,0.0,2,4500,0,0,0,0,1,0
TF,GHI41,64.338122,-51.773583,0, ,0.0,0.0,0.0,0.0,2,2800,0,0,0,0,1,0

APPTR,R04-B,04,UMVUR
IF,UMVUR,64.414228,-51.850608, ,0.0,0.0,2,4700,0,0,0,0,1,0
TF,GHI41,64.338122,-51.773583,0, ,0.0,0.0,0.0,0.0,2,2800,0,0,0,0,1,0

APPTR,R04-B,04,VETEM
IF,VETEM,64.452528,-51.495008, ,0.0,0.0,2,6800,0,0,0,0,1,0
TF,GHI41,64.338122,-51.773583,0, ,0.0,0.0,0.0,0.0,2,2800,0,0,0,0,1,0

FINAL,R04-B,04,R,3
IF,GHI41,64.338122,-51.773583, ,0.0,0.0,2,2800,0,0,0,0,0,0
TF,GHF41,64.261972,-51.696986,0, ,0.0,0.0,181.0,5.0,2,1700,0,0,0,0,2,0
TF,GHM41,64.196503,-51.713942,0, ,0.0,0.0,211.0,4.0,1,770,0,0,0,0,3,1
DF,GH411,64.155000,-51.856578,0, ,0.0,0.0,0,0,0,0,0,0,0,0
TF,GH412,64.177000,-51.959119,0, ,0.0,0.0,0.0,0.0,0,0,0,0,0,0,0,0
TF,TUNDO,64.332736,-51.964797,0, ,0.0,0.0,0.0,0.0,1,2800,0,0,0,0,0,0
HM,TUNDO,64.332736,-51.964797,1, ,0.0,0.0,111.0,04.3,1,2800,0,0,0,0,0,0,0

APPTR,R22,22,ERALA
IF,ERALA,64.374789,-51.241417, ,0.0,0.0,2,7400,0,0,0,0,1,0
TF,3NM2,64.397897,-51.405781,0, ,0.0,0.0,0.0,0.0,2,5400,0,0,0,0,0,0
TF,GH401,64.413194,-51.515442,0, ,0.0,0.0,0.0,0.0,2,4400,0,0,0,0,1,0

APPTR,R22,22,GETDA
IF,GETDA,64.539733,-51.420908, ,0.0,0.0,2,7400,0,0,0,0,1,0
TF,GH401,64.413194,-51.515442,0, ,0.0,0.0,0.0,0.0,2,4400,0,0,0,0,1,0

APPTR,R22,22,VETOX
IF,VETOX,64.438511,-51.698550, ,0.0,0.0,2,5500,0,0,0,0,1,0
TF,GH401,64.413194,-51.515442,0, ,0.0,0.0,0.0,0.0,2,4400,0,0,0,0,1,0

FINAL,R22,22,R,3
IF,GH401,64.413194,-51.515442, ,0.0,0.0,2,4400,0,0,0,0,0,0
TF,GH402,64.324586,-51.581097,0, ,0.0,0.0,223.0,5.6,2,3200,0,0,0,0,2,0
TF,GH403,64.205225,-51.668842,0, ,0.0,0.0,223.0,7.5,1,659,0,0,0,0,3,1
DF,GH404,64.180775,-51.856200,0, ,0.0,0.0,0,0,0,1,130,0,0,0
TF,GH405,64.228844,-52.011761,2, ,0.0,0.0,0.0,0.0,0,0,0,0,0,0,0,0
TF,VETOX,64.438511,-51.698550,0, ,0.0,0.0,0.0,0.0,0,0,0,0,0,0,0,0
HM,VETOX,64.438511,-51.698550,1, ,0.0,0.0,133.0,04.3,1,4400,0,0,0,0,0,0,0

APPTR,R22-A,22,ADKUT
IF,ADKUT,63.944286,-51.543711, ,0.0,0.0,2,6100,0,0,0,0,1,0
TF,GONEN,63.975681,-51.738828,0, ,0.0,0.0,0.0,0.0,2,3700,0,0,0,0,1,0
TF,ELTUX,64.058744,-51.738828,0, ,0.0,0.0,0.0,0.0,2,2500,0,0,0,0,0,0

APPTR,R22-A,22,NIPOT
IF,NIPOT,63.947161,-51.916325, ,0.0,0.0,2,5500,0,0,0,0,1,0
TF,GONEN,63.975681,-51.738828,0, ,0.0,0.0,0.0,0.0,2,3300,0,0,0,0,1,0
TF,ELTUX,64.058744,-51.738828,0, ,0.0,0.0,0.0,0.0,2,2500,0,0,0,0,0,0

APPTR,R22-A,22,UVIRI
IF,UVIRI,63.892614,-51.738828, ,0.0,0.0,2,4700,0,0,0,0,1,0
TF,GONEN,63.975681,-51.738828,0, ,0.0,0.0,0.0,0.0,2,3300,0,0,0,0,1,0
TF,ELTUX,64.058744,-51.738828,0, ,0.0,0.0,0.0,0.0,2,2500,0,0,0,0,0,0

FINAL,R22-A,22,R,2
IF,ELTUX,64.058744,-51.738828, ,0.0,0.0,2,2500,0,0,0,0,2,0
TF,ADMIP,64.141811,-51.738828,0, ,0.0,0.0,25.0,5.0,1,770,0,0,0,0,3,1
CA,0,25.0,2,1500,0,0,0,0,0,0
DF,NIPOT,63.947161,-51.916325,1, ,0.0,0.0,0,0,0,0,0,0,0,0
HM,NIPOT,63.947161,-51.916325,1, ,0.0,0.0,95.0,04.3,1,3300,0,0,0,0,0,0,0

APPTR,R22-B,22,TUNDO
IF,TUNDO,64.332736,-51.964797, ,0.0,0.0,2,4500,0,0,0,0,1,0
TF,GHI41,64.338122,-51.773583,0, ,0.0,0.0,0.0,0.0,2,2800,0,0,0,0,1,0

APPTR,R22-B,22,UMVUR
IF,UMVUR,64.414228,-51.850608, ,0.0,0.0,2,4700,0,0,0,0,1,0
TF,GHI41,64.338122,-51.773583,0, ,0.0,0.0,0.0,0.0,2,2800,0,0,0,0,1,0

APPTR,R22-B,22,VETEM
IF,VETEM,64.452528,-51.495008, ,0.0,0.0,2,6800,0,0,0,0,1,0
TF,GHI41,64.338122,-51.773583,0, ,0.0,0.0,0.0,0.0,2,2800,0,0,0,0,1,0

FINAL,R22-B,22,R,3
IF,GHI41,64.338122,-51.773583, ,0.0,0.0,2,2800,0,0,0,0,0,0
TF,GHF41,64.261972,-51.696986,0, ,0.0,0.0,181.0,5.0,2,1700,0,0,0,0,2,0
TF,GHM41,64.196503,-51.713942,0, ,0.0,0.0,211.0,4.0,1,770,0,0,0,0,3,1
DF,GH411,64.155000,-51.856578,0, ,0.0,0.0,0,0,0,0,0,0,0,0
TF,GH412,64.177000,-51.959119,0, ,0.0,0.0,0.0,0.0,0,0,0,0,0,0,0,0
TF,TUNDO,64.332736,-51.964797,0, ,0.0,0.0,0.0,0.0,1,2800,0,0,0,0,0,0
HM,TUNDO,64.332736,-51.964797,1, ,0.0,0.0,111.0,04.3,1,2800,0,0,0,0,0,0,0

