APPTR,Q33,33,MA1
IF,MA,65.406531,-52.920653, ,0.0,0.0,2,4100,0,0,0,0,0,0
FD,MA,65.406531,-52.920653,0,MS,0.0,5.5,170.0,5.5,2,2100,0,0,0,0,0,0
CF,FF33,65.360217,-52.773633,1,MA,153.0,4.6,333.0,1.0,2,2100,0,0,0,0,0,0

APPTR,Q33,33,MA2
IF,MA,65.406531,-52.920653, ,0.0,0.0,2,4100,0,0,0,0,0,0
FD,MA,65.406531,-52.920653,0,MS,0.0,5.5,167.0,5.5,2,2100,0,0,0,0,0,0
CF,FF33,65.360217,-52.773633,1,MA,153.0,4.6,333.0,1.0,2,2100,0,0,0,0,0,0

FINAL,Q33,33,N,2
IF,FF33,65.360217,-52.773633,MA,0.0,0.0,2,2100,0,0,0,0,2,0
CF,MA,65.406531,-52.920653,0,MS,0.0,0.4,333.0,4.6,1,278,0,0,0,0,3,0
CA,0,333.0,2,500,0,0,0,0,0,0
FA,MA,65.406531,-52.920653,0,MA,0.0,0.0,299.0,2,2400,0,0,0,0,0,0
DF,MA,65.406531,-52.920653,1, ,0.0,0.0,1,4100,0,0,0,0,0,0
HM,MA,65.406531,-52.920653,2, ,0.0,0.0,144.0,04.3,2,4100,0,0,0,0,0,0,0

