APPTR,N19,19,NO
IF,NO,81.602767,-16.642636, ,0.0,0.0,2,2000,0,0,0,0,1,0
FC,NO,81.602767,-16.642636,0,NO,0.0,0.0,27.0,7.0,2,1400,0,0,0,0,0,1
CF,FN19,81.676717,-16.760586,1,NO,359.0,4.6,179.0,3.0,2,1400,0,0,0,0,0,0

FINAL,N19,19,N,3
IF,FN19,81.676717,-16.760586,NO,0.0,0.0,2,1400,0,0,0,0,2,0
CF,EN19,81.610156,-16.654328,0,NO,0.0,0.0,179.0,4.1,1,88,0,0,0,0,0,1
CF,NO,81.602767,-16.642636,0,NO,0.0,0.0,179.0,0.5,2,470,0,0,0,0,3,1
CA,0,179.0,2,1200,0,0,0,0,0,0
DF,NO,81.602767,-16.642636,2, ,0.0,0.0,1,2000,0,1,210,0,0,0

APPTR,R19,19,NOIAE
IF,NOIAE,81.815836,-16.082972, ,0.0,0.0,2,3300,0,0,0,0,1,0
TF,NOIWP,81.790583,-16.636883,0, ,0.0,0.0,0.0,0.0,2,1800,0,0,0,0,1,0

APPTR,R19,19,NOIAW
IF,NOIAW,81.821283,-17.177767, ,0.0,0.0,2,3000,0,0,0,0,1,0
TF,NOIWP,81.790583,-16.636883,0, ,0.0,0.0,0.0,0.0,2,1800,0,0,0,0,1,0

FINAL,R19,19,R,3
IF,NOIWP,81.790583,-16.636883, ,0.0,0.0,2,1800,0,0,0,0,1,0
TF,NOFAP,81.707833,-16.655750,0, ,0.0,0.0,194.0,5.0,2,1800,0,0,0,0,2,0
TF,NOMPT,81.625942,-16.674097,0, ,0.0,0.0,194.0,4.9,1,375,0,0,0,0,3,1
CA,0,194.0,2,1000,0,0,0,0,0,0
DF,NOIAW,81.821283,-17.177767,2, ,0.0,0.0,2,3000,0,0,0,0,0,0
HM,NOIAW,81.821283,-17.177767,2, ,0.0,0.0,124.0,04.3,2,3000,0,0,0,0,0,0,0

