APPTR,L09-Y,09,SF2
IF,SF,66.967489,-50.941667, ,0.0,0.0,2,5300,0,0,0,0,0,0
FC,SF,66.967489,-50.941667,0,SF,0.0,0.0,292.0,10.5,2,3300,0,0,0,0,0,1
CF,D268Q,66.880392,-51.310267,1,SF,266.1,10.2,88.0,1.0,2,3300,0,0,0,0,0,0
CF,CF09,66.921272,-51.126236,0,ISF,268.0,12.0,88.0,5.0,2,3100,0,0,0,0,0,0

FINAL,L09-Y,09,D,5
IF,CF09,66.921272,-51.126236,ISF,268.0,12.0,2,3100,0,0,0,0,0,0
CF,FF09,66.937564,-51.052450,0,ISF,268.0,10.0,88.0,2.0,2,3100,0,0,0,0,2,0
CF,45DME,66.982192,-50.849036,0,ISF,268.0,4.5,88.0,5.5,2,1200,0,0,0,0,0,0
CF,35DME,66.990278,-50.811969,0,ISF,268.0,3.5,88.0,1.0,2,750,0,0,0,0,0,0
CF,MA09,66.998353,-50.774881,0,ISF,268.0,2.5,88.0,1.0,1,468,0,0,0,0,3,0
TF,D268A,67.013597,-50.704711,0, ,0.0,0.0,0.0,0.0,0,0,0,0,0,0,0,1
CA,0,103.0,2,4000,0,0,0,0,0,0
DF,SF,66.967489,-50.941667,2, ,0.0,0.0,1,4400,0,0,0,0,0,0
HM,SF,66.967489,-50.941667,1, ,0.0,0.0,88.0,04.3,2,4400,0,1,250,0,0,0,0

APPTR,L09-Z,09,SF2
IF,SF,66.967489,-50.941667, ,0.0,0.0,2,5300,0,0,0,0,0,0
FC,SF,66.967489,-50.941667,0,SF,0.0,0.0,280.0,9.0,2,3300,0,0,0,0,0,1
CF,D268O,66.896769,-51.236728,1,SF,265.7,8.2,88.0,1.0,2,3300,0,0,0,0,0,0
CF,CF09,66.921272,-51.126236,0,ISF,268.0,12.0,88.0,3.0,2,3100,0,0,0,0,0,0

FINAL,L09-Z,09,D,5
IF,CF09,66.921272,-51.126236,ISF,268.0,12.0,2,3100,0,0,0,0,0,0
CF,FF09,66.937564,-51.052450,0,ISF,268.0,10.0,88.0,2.0,2,3100,0,0,0,0,2,0
CF,45DME,66.982192,-50.849036,0,ISF,268.0,4.5,88.0,5.5,2,1200,0,0,0,0,0,0
CF,35DME,66.990278,-50.811969,0,ISF,268.0,3.5,88.0,1.0,2,750,0,0,0,0,0,0
CF,MA09,66.998353,-50.774881,0,ISF,268.0,2.5,88.0,1.0,1,468,0,0,0,0,3,0
TF,D268A,67.013597,-50.704711,0, ,0.0,0.0,0.0,0.0,0,0,0,0,0,0,0,1
CA,0,103.0,2,4000,0,0,0,0,0,0
DF,SF,66.967489,-50.941667,2, ,0.0,0.0,1,4400,0,0,0,0,0,0
HM,SF,66.967489,-50.941667,1, ,0.0,0.0,88.0,04.3,2,4400,0,0,0,0,0,0,0

APPTR,Q09-Y,09,SF2
IF,SF,66.967489,-50.941667, ,0.0,0.0,2,5300,0,0,0,0,0,0
FC,SF,66.967489,-50.941667,0,SF,0.0,0.0,302.0,9.8,2,3300,0,0,0,0,0,1
CF,D272P,66.902825,-51.292672,1,SF,272.0,9.2,92.0,1.0,2,3300,0,0,0,0,0,0
CF,FQ09,66.945283,-51.062881,0,SF,272.0,3.2,92.0,6.0,2,3100,0,0,0,0,0,0

FINAL,Q09-Y,09,N,2
IF,FQ09,66.945283,-51.062881,SF,0.0,0.0,2,3100,0,0,0,0,2,0
CF,MQ09,66.997933,-50.774267,0,ISF,0.0,2.5,92.0,7.5,1,453,0,0,0,0,3,0
CA,0,97.0,2,3000,0,0,0,0,0,0
DF,SF,66.967489,-50.941667,2, ,0.0,0.0,1,4400,0,0,0,0,0,0
HM,SF,66.967489,-50.941667,1, ,0.0,0.0,92.0,04.3,2,4400,0,1,250,0,0,0,0

APPTR,Q09-Z,09,SF2
IF,SF,66.967489,-50.941667, ,0.0,0.0,2,5300,0,0,0,0,0,0
FC,SF,66.967489,-50.941667,0,SF,0.0,0.0,286.0,7.5,2,3300,0,0,0,0,0,1
CF,D272M,66.924094,-51.177881,1,SF,272.0,6.2,92.0,1.0,2,3300,0,0,0,0,0,0
CF,FQ09,66.945283,-51.062881,0,SF,272.0,3.2,92.0,3.0,2,3100,0,0,0,0,0,0

FINAL,Q09-Z,09,N,2
IF,FQ09,66.945283,-51.062881,SF,0.0,0.0,2,3100,0,0,0,0,2,0
CF,MQ09,66.997933,-50.774267,0,ISF,0.0,2.5,92.0,7.5,1,453,0,0,0,0,3,0
CA,0,97.0,2,3000,0,0,0,0,0,0
DF,SF,66.967489,-50.941667,2, ,0.0,0.0,1,4400,0,0,0,0,0,0
HM,SF,66.967489,-50.941667,1, ,0.0,0.0,92.0,04.3,2,4400,0,0,0,0,0,0,0

APPTR,R09,09,BELZI
IF,BELZI,66.984542,-51.371728, ,0.0,0.0,2,4900,0,0,0,0,1,0
TF,KEFOP,66.897314,-51.248683,0, ,0.0,0.0,0.0,0.0,2,4000,0,0,0,0,1,0

APPTR,R09,09,DODIP
IF,DODIP,66.809992,-51.126514, ,0.0,0.0,2,5200,0,0,0,0,1,0
TF,KEFOP,66.897314,-51.248683,0, ,0.0,0.0,0.0,0.0,2,4000,0,0,0,0,1,0

FINAL,R09,09,R,3
IF,KEFOP,66.897314,-51.248683, ,0.0,0.0,2,4000,0,0,0,0,0,0
TF,SFF09,66.952369,-50.993139,0, ,0.0,0.0,88.0,6.9,2,2600,0,0,0,0,2,0
TF,RW09,67.005611,-50.743067,0, ,0.0,0.0,88.0,6.7,1,150,0,0,0,0,3,1
CA,0,89.0,2,2500,0,0,0,0,0,0
DF,SFT09,67.036717,-51.129900,1, ,0.0,0.0,0,0,0,0,0,0,0,0
TF,KEFOP,66.897314,-51.248683,0, ,0.0,0.0,0.0,0.0,0,0,0,0,0,0,0,0
HM,KEFOP,66.897314,-51.248683,2, ,0.0,0.0,88.0,04.3,1,4000,0,0,0,0,0,0,0

APPTR,R09-A,09,FICWE
IF,FICWE,67.139133,-49.945867, ,0.0,0.0,2,5000,0,0,0,0,1,0
TF,SFI27,67.100517,-50.181922,0, ,0.0,0.0,0.0,0.0,2,3800,0,0,0,0,1,0

APPTR,R09-A,09,RIVOP
IF,RIVOP,67.008669,-50.082689, ,0.0,0.0,2,4700,0,0,0,0,1,0
TF,SFI27,67.100517,-50.181922,0, ,0.0,0.0,0.0,0.0,2,3800,0,0,0,0,1,0

APPTR,R09-A,09,RUMAQ
IF,RUMAQ,67.192300,-50.281906, ,0.0,0.0,2,4000,0,0,0,0,1,0
TF,SFI27,67.100517,-50.181922,0, ,0.0,0.0,0.0,0.0,2,3800,0,0,0,0,1,0

FINAL,R09-A,09,R,3
IF,SFI27,67.100517,-50.181922, ,0.0,0.0,2,3800,0,0,0,0,0,0
TF,SFF27,67.064944,-50.396836,0, ,0.0,0.0,274.0,5.5,2,2800,0,0,0,0,2,0
TF,SFM27,67.023158,-50.646317,0, ,0.0,0.0,274.0,6.4,1,566,0,0,0,0,3,1
CA,0,274.0,2,3000,0,0,0,0,0,0
DF,KEFOP,66.897314,-51.248683,0, ,0.0,0.0,0,0,0,0,0,0,0,0
HM,KEFOP,66.897314,-51.248683,2, ,0.0,0.0,88.0,04.3,1,4000,0,0,0,0,0,0,0

APPTR,R09-B,09,FICWE
IF,FICWE,67.139133,-49.945867, ,0.0,0.0,2,5000,0,0,0,0,1,0
TF,SFI27,67.100517,-50.181922,0, ,0.0,0.0,0.0,0.0,2,3800,0,0,0,0,1,0

APPTR,R09-B,09,RIVOP
IF,RIVOP,67.008669,-50.082689, ,0.0,0.0,2,4700,0,0,0,0,1,0
TF,SFI27,67.100517,-50.181922,0, ,0.0,0.0,0.0,0.0,2,3800,0,0,0,0,1,0

APPTR,R09-B,09,RUMAQ
IF,RUMAQ,67.192300,-50.281906, ,0.0,0.0,2,4000,0,0,0,0,1,0
TF,SFI27,67.100517,-50.181922,0, ,0.0,0.0,0.0,0.0,2,3800,0,0,0,0,1,0

FINAL,R09-B,09,R,3
IF,SFI27,67.100517,-50.181922, ,0.0,0.0,2,3800,0,0,0,0,0,0
TF,SFF27,67.064944,-50.396836,0, ,0.0,0.0,274.0,5.5,2,2800,0,0,0,0,2,0
TF,SFM27,67.023158,-50.646317,0, ,0.0,0.0,274.0,6.4,1,566,0,0,0,0,3,1
CA,0,274.0,2,3000,0,0,0,0,0,0
DF,KEFOP,66.897314,-51.248683,0, ,0.0,0.0,0,0,0,0,0,0,0,0
HM,KEFOP,66.897314,-51.248683,2, ,0.0,0.0,88.0,04.3,1,4000,0,0,0,0,0,0,0

APPTR,R27-A,27,FICWE
IF,FICWE,67.139133,-49.945867, ,0.0,0.0,2,5000,0,0,0,0,1,0
TF,SFI27,67.100517,-50.181922,0, ,0.0,0.0,0.0,0.0,2,3800,0,0,0,0,1,0

APPTR,R27-A,27,RIVOP
IF,RIVOP,67.008669,-50.082689, ,0.0,0.0,2,4700,0,0,0,0,1,0
TF,SFI27,67.100517,-50.181922,0, ,0.0,0.0,0.0,0.0,2,3800,0,0,0,0,1,0

APPTR,R27-A,27,RUMAQ
IF,RUMAQ,67.192300,-50.281906, ,0.0,0.0,2,4000,0,0,0,0,1,0
TF,SFI27,67.100517,-50.181922,0, ,0.0,0.0,0.0,0.0,2,3800,0,0,0,0,1,0

FINAL,R27-A,27,R,3
IF,SFI27,67.100517,-50.181922, ,0.0,0.0,2,3800,0,0,0,0,0,0
TF,SFF27,67.064944,-50.396836,0, ,0.0,0.0,274.0,5.5,2,2800,0,0,0,0,2,0
TF,SFM27,67.023158,-50.646317,0, ,0.0,0.0,274.0,6.4,1,566,0,0,0,0,3,1
CA,0,274.0,2,3000,0,0,0,0,0,0
DF,KEFOP,66.897314,-51.248683,0, ,0.0,0.0,0,0,0,0,0,0,0,0
HM,KEFOP,66.897314,-51.248683,2, ,0.0,0.0,88.0,04.3,1,4000,0,0,0,0,0,0,0

APPTR,R27-B,27,FICWE
IF,FICWE,67.139133,-49.945867, ,0.0,0.0,2,5000,0,0,0,0,1,0
TF,SFI27,67.100517,-50.181922,0, ,0.0,0.0,0.0,0.0,2,3800,0,0,0,0,1,0

APPTR,R27-B,27,RIVOP
IF,RIVOP,67.008669,-50.082689, ,0.0,0.0,2,4700,0,0,0,0,1,0
TF,SFI27,67.100517,-50.181922,0, ,0.0,0.0,0.0,0.0,2,3800,0,0,0,0,1,0

APPTR,R27-B,27,RUMAQ
IF,RUMAQ,67.192300,-50.281906, ,0.0,0.0,2,4000,0,0,0,0,1,0
TF,SFI27,67.100517,-50.181922,0, ,0.0,0.0,0.0,0.0,2,3800,0,0,0,0,1,0

FINAL,R27-B,27,R,3
IF,SFI27,67.100517,-50.181922, ,0.0,0.0,2,3800,0,0,0,0,0,0
TF,SFF27,67.064944,-50.396836,0, ,0.0,0.0,274.0,5.5,2,2800,0,0,0,0,2,0
TF,SFM27,67.023158,-50.646317,0, ,0.0,0.0,274.0,6.4,1,566,0,0,0,0,3,1
CA,0,274.0,2,3000,0,0,0,0,0,0
DF,KEFOP,66.897314,-51.248683,0, ,0.0,0.0,0,0,0,0,0,0,0,0
HM,KEFOP,66.897314,-51.248683,2, ,0.0,0.0,88.0,04.3,1,4000,0,0,0,0,0,0,0

