SID,AKI2A,01,2
DF,OE,65.686472,-18.077639,0, ,0.0,0.0,0,0,0,0,0,0,0,0
TF,HJ,65.851667,-18.191611,0, ,0.0,0.0,0.0,0.0,2,4200,0,0,0,0,0,1
CF,AKI,65.759806,-18.004111,2,AKI,0.0,0.0,173.0,6.0,0,0,0,0,0,0,0,0

SID,AKI2B,01,2
DF,OE,65.686472,-18.077639,0, ,0.0,0.0,0,0,0,0,0,0,0,0
TF,HJ,65.851667,-18.191611,0, ,0.0,0.0,0.0,0.0,2,2600,0,0,0,0,0,0
TF,D341K,65.911389,-18.236389,0, ,0.0,0.0,0.0,0.0,0,0,0,0,0,0,0,0
FA,D341K,65.911389,-18.236389,0,AKI,0.0,0.0,341.0,2,5500,0,0,0,0,0,0
DF,AKI,65.759806,-18.004111,2, ,0.0,0.0,0,0,0,0,0,0,0,0

SID,AR1A,01,2
DF,OE,65.686472,-18.077639,0, ,0.0,0.0,0,0,0,0,0,0,0,0
TF,HJ,65.851667,-18.191611,0, ,0.0,0.0,0.0,0.0,0,0,0,0,0,0,0,1
CA,0,354.0,2,5000,0,0,0,0,0,0
DF,AR,65.755944,-18.089611,2, ,0.0,0.0,0,0,0,0,0,0,0,0

SID,ASKU1A,01,5
CA,0,8.0,2,410,0,0,0,0,0,0
CF,AR410,65.750736,-18.072094,0,AKI,264.1,1.8,12.0,5.0,2,2300,0,1,165,0,0,0
TF,AR411,65.751200,-18.204869,0, ,0.0,0.0,0.0,0.0,2,3700,0,1,165,0,0,0
TF,AR412,65.670556,-18.416744,0, ,0.0,0.0,0.0,0.0,2,5800,0,0,0,0,0,0
TF,ASKUR,65.195556,-18.691667,0, ,0.0,0.0,0.0,0.0,0,0,0,0,0,0,0,0

SID,ASKU1B,01,5
CA,0,7.0,2,2600,0,1,165,0,0,0
DF,AR421,65.623464,-17.923422,2, ,0.0,0.0,2,4500,0,1,165,0,0,0
TF,AR422,65.512531,-17.973603,0, ,0.0,0.0,0.0,0.0,2,6000,0,0,0,0,0,0
TF,ASKUR,65.195556,-18.691667,0, ,0.0,0.0,0.0,0.0,0,0,0,0,0,0,0,0

SID,ASKU1C,19,5
CF,AR441,65.601100,-18.061514,0,AKI,200.5,9.7,187.0,2.7,0,0,0,1,175,0,0,0
TF,AR442,65.500433,-18.151022,0, ,0.0,0.0,0.0,0.0,2,3200,0,0,0,0,0,0
TF,AR443,65.430475,-18.224936,0, ,0.0,0.0,0.0,0.0,2,4500,0,0,0,0,0,0
TF,GILTU,65.305833,-18.355556,0, ,0.0,0.0,0.0,0.0,2,6000,0,0,0,0,0,0
TF,ASKUR,65.195556,-18.691667,0, ,0.0,0.0,0.0,0.0,0,0,0,0,0,0,0,0

SID,ASKU1D,19,5
CF,AR431,65.618486,-18.064786,0,AKI,202.1,8.6,187.0,1.7,0,0,0,0,0,0,0,0
RF,AR432,65.594578,-18.072183,2,AR439,214.2,3.6,0,0,0,1,205,0,0,0
TF,AR433,65.483658,-18.164864,0, ,0.0,0.0,0.0,0.0,2,5000,0,1,230,0,0,0
TF,AR435,65.351878,-18.407675,0, ,0.0,0.0,0.0,0.0,2,7000,0,0,0,0,0,0
TF,ASKUR,65.195556,-18.691667,0, ,0.0,0.0,0.0,0.0,0,0,0,0,0,0,0,0

SID,ASKU1E,19,2
CD, ,0,0,0,IAL,0,0.0,187.0,2.5,0,0,0,1,205,0,0,0
CI,0, ,0.0,200.0,0,0,0,1,205,0,0,0
CF,D216A,65.565650,-18.081722,0,AKI,201.4,11.9,216.0,1.0,0,0,0,1,205,0,0,0
TF,TO,65.500417,-18.150944,0, ,0.0,0.0,0.0,0.0,2,3000,0,1,230,0,0,0
TF,NB,65.326111,-18.293583,0, ,0.0,0.0,0.0,0.0,2,5200,0,1,250,0,0,0
TF,ASKUR,65.195556,-18.691667,0, ,0.0,0.0,0.0,0.0,2,7500,0,0,0,0,0,0

SID,JARI1C,19,5
CF,AR441,65.601100,-18.061514,0,AKI,200.5,9.7,187.0,2.7,0,0,0,1,175,0,0,0
TF,AR442,65.500433,-18.151022,0, ,0.0,0.0,0.0,0.0,2,3200,0,0,0,0,0,0
TF,AR443,65.430475,-18.224936,0, ,0.0,0.0,0.0,0.0,2,4500,0,0,0,0,0,0
TF,GILTU,65.305833,-18.355556,0, ,0.0,0.0,0.0,0.0,2,6000,0,0,0,0,0,0
TF,JARRI,65.205267,-17.990533,0, ,0.0,0.0,0.0,0.0,0,0,0,0,0,0,0,0

SID,JARI1D,19,5
CF,AR431,65.618486,-18.064786,0,AKI,202.1,8.6,187.0,1.7,0,0,0,0,0,0,0,0
RF,AR432,65.594578,-18.072183,2,AR439,214.2,3.6,0,0,0,1,205,0,0,0
TF,AR433,65.483658,-18.164864,0, ,0.0,0.0,0.0,0.0,2,5000,0,1,230,0,0,0
TF,AR436,65.322978,-18.063781,0, ,0.0,0.0,0.0,0.0,2,7000,0,0,0,0,0,0
TF,JARRI,65.205267,-17.990533,0, ,0.0,0.0,0.0,0.0,0,0,0,0,0,0,0,0

SID,JARI1E,19,2
CD, ,0,0,0,IAL,0,0.0,187.0,2.5,0,0,0,0,0,0,0,0
CI,0, ,0.0,200.0,0,0,0,1,205,0,0,0
CF,D216A,65.565650,-18.081722,0,AKI,201.4,11.9,216.0,1.0,0,0,0,1,205,0,0,0
TF,TO,65.500417,-18.150944,0, ,0.0,0.0,0.0,0.0,2,3000,0,1,230,0,0,0
TF,NB,65.326111,-18.293583,0, ,0.0,0.0,0.0,0.0,2,5200,0,1,250,0,0,0
TF,JARRI,65.205267,-17.990533,0, ,0.0,0.0,0.0,0.0,2,7000,0,0,0,0,0,0

SID,MAME1A,01,5
CA,0,6.0,2,2600,0,0,0,0,0,0
DF,MAMEP,65.698814,-17.346308,2, ,0.0,0.0,2,6000,0,0,0,0,0,0

SID,PERU1A,01,5
CA,0,8.0,2,410,0,0,0,0,0,0
CF,AR410,65.750736,-18.072094,0,AKI,264.1,1.8,12.0,5.0,2,2300,0,1,165,0,0,0
TF,AR411,65.751200,-18.204869,0, ,0.0,0.0,0.0,0.0,2,3700,0,1,165,0,0,0
TF,AR412,65.670556,-18.416744,0, ,0.0,0.0,0.0,0.0,2,5800,0,0,0,0,0,0
TF,PERUR,65.440900,-18.959397,0, ,0.0,0.0,0.0,0.0,0,0,0,0,0,0,0,0

SID,PERU1B,01,5
CA,0,7.0,2,2600,0,1,165,0,0,0
DF,AR421,65.623464,-17.923422,2, ,0.0,0.0,2,4500,0,1,165,0,0,0
TF,AR422,65.512531,-17.973603,0, ,0.0,0.0,0.0,0.0,2,6000,0,0,0,0,0,0
TF,PERUR,65.440900,-18.959397,0, ,0.0,0.0,0.0,0.0,0,0,0,0,0,0,0,0

SID,PERU1D,19,5
CF,AR431,65.618486,-18.064786,0,AKI,202.1,8.6,187.0,1.7,0,0,0,0,0,0,0,0
RF,AR432,65.594578,-18.072183,2,AR439,214.2,3.6,0,0,0,1,205,0,0,0
TF,AR433,65.483658,-18.164864,0, ,0.0,0.0,0.0,0.0,2,5000,0,1,230,0,0,0
TF,AR434,65.469183,-18.442500,0, ,0.0,0.0,0.0,0.0,2,7000,0,0,0,0,0,0
TF,PERUR,65.440900,-18.959397,0, ,0.0,0.0,0.0,0.0,0,0,0,0,0,0,0,0

SID,RETU1D,19,5
CF,AR431,65.618486,-18.064786,0,AKI,202.1,8.6,187.0,1.7,0,0,0,0,0,0,0,0
RF,AR432,65.594578,-18.072183,2,AR439,214.2,3.6,0,0,0,0,0,0,0,0
TF,AR433,65.483658,-18.164864,0, ,0.0,0.0,0.0,0.0,2,5000,0,1,180,0,0,0
TF,AR437,65.445361,-17.920719,0, ,0.0,0.0,0.0,0.0,2,6000,0,1,200,0,0,0
TF,RETUR,65.538611,-17.624722,0, ,0.0,0.0,0.0,0.0,2,7000,0,0,0,0,0,0

SID,UTIS2A,01,5
CF,AR401,65.854050,-18.125631,0,AKI,344.2,6.4,6.0,11.3,2,6500,0,0,0,0,0,0
TF,UTISU,65.881889,-17.341656,2, ,0.0,0.0,0.0,0.0,0,0,0,0,0,0,0,0

STAR,AFPA1M,19,5
IF,AFPAC,65.793092,-18.821139, ,0.0,0.0,2,10000,0,0,0,0,0,0
TF,AR702,65.941825,-18.497014,0, ,0.0,0.0,0.0,0.0,2,7000,0,0,0,0,0,0
TF,NORFI,65.967522,-18.324969,0, ,0.0,0.0,0.0,0.0,2,6000,0,1,230,0,0,0

STAR,BEZI1M,19,5
IF,BEZIM,65.985000,-18.730278, ,0.0,0.0,2,7000,0,0,0,0,0,0
TF,NORFI,65.967522,-18.324969,0, ,0.0,0.0,0.0,0.0,2,6000,0,1,230,0,0,0

STAR,CUBA1M,19,5
IF,CUBAS,66.126794,-18.440689, ,0.0,0.0,2,7000,0,0,0,0,0,0
TF,NORFI,65.967522,-18.324969,0, ,0.0,0.0,0.0,0.0,2,6000,0,1,230,0,0,0

STAR,DORF1M,19,5
IF,DORFA,66.130042,-18.240922, ,0.0,0.0,2,7000,0,0,0,0,0,0
TF,NORFI,65.967522,-18.324969,0, ,0.0,0.0,0.0,0.0,2,6000,0,1,230,0,0,0

STAR,MAME1M,19,5
IF,MAMEP,65.698814,-17.346308, ,0.0,0.0,2,10000,0,0,0,0,0,0
TF,AR705,65.798297,-17.661778,0, ,0.0,0.0,0.0,0.0,2,7000,0,0,0,0,0,0
TF,ARLAX,65.843581,-17.806783,0, ,0.0,0.0,0.0,0.0,2,6000,0,1,230,0,0,0

STAR,MAME1N,19,5
IF,MAMEP,65.698814,-17.346308, ,0.0,0.0,2,10000,0,0,0,0,0,0
TF,AR707,65.783383,-17.675175,0, ,0.0,0.0,0.0,0.0,2,7000,0,0,0,0,0,0
TF,GITTA,65.818411,-17.812739,0, ,0.0,0.0,0.0,0.0,2,6000,0,1,180,0,0,0

STAR,PERU1N,19,5
IF,PERUR,65.440900,-18.959397, ,0.0,0.0,2,11000,0,0,0,0,0,0
TF,AR706,65.708097,-18.161806,0, ,0.0,0.0,0.0,0.0,2,7000,0,0,0,0,0,0
TF,AKI,65.759806,-18.004111,0, ,0.0,0.0,0.0,0.0,2,5600,0,1,180,0,0,0

STAR,PEXI1M,19,5
IF,PEXIL,65.403889,-18.051111, ,0.0,0.0,2,11000,0,0,0,0,0,0
TF,AR701,65.710864,-17.822447,0, ,0.0,0.0,0.0,0.0,2,8000,0,0,0,0,0,0
TF,ARLAX,65.843581,-17.806783,0, ,0.0,0.0,0.0,0.0,2,6000,0,1,230,0,0,0

STAR,PEXI1N,19,5
IF,PEXIL,65.403889,-18.051111, ,0.0,0.0,2,11000,0,0,0,0,0,0
TF,AR703,65.545153,-17.946586,0, ,0.0,0.0,0.0,0.0,2,8000,0,0,0,0,0,0
TF,AR709,65.660728,-17.977294,0, ,0.0,0.0,0.0,0.0,0,0,0,0,0,0,0,0
TF,AKI,65.759806,-18.004111,0, ,0.0,0.0,0.0,0.0,2,5600,0,1,180,0,0,0

STAR,UTIS1M,19,5
IF,UTISU,65.881889,-17.341656, ,0.0,0.0,2,7000,0,0,0,0,0,0
TF,ARLAX,65.843581,-17.806783,0, ,0.0,0.0,0.0,0.0,2,6000,0,1,230,0,0,0

STAR,UTIS1N,19,5
IF,UTISU,65.881889,-17.341656, ,0.0,0.0,0,0,0,0,0,0,0,0
TF,AR708,65.844536,-17.620422,0, ,0.0,0.0,0.0,0.0,2,7000,0,0,0,0,0,0
TF,GITTA,65.818411,-17.812739,0, ,0.0,0.0,0.0,0.0,2,6000,0,1,180,0,0,0

APPTR,I01,01,NB
IF,NB,65.326111,-18.293583, ,0.0,0.0,0,0,0,0,0,0,1,0
CF,PEXIL,65.403889,-18.051111,0,IAL,190.2,16.0,65.0,7.7,2,6100,0,0,0,0,1,0

APPTR,I01,01,PEXIL
HF,PEXIL,65.403889,-18.051111,2, ,0.0,0.0,10.0,04.3,2,6000,0,0,0,0,1,0,0

FINAL,I01,01,I,3
IF,PEXIL,65.403889,-18.051111,IAL,190.2,16.0,2,6100,0,0,0,0,0,0
CF,FI01,65.508950,-18.062497,0,IAL,190.7,9.7,10.0,6.3,1,4800,0,0,0,0,2,0
CF,RW01,65.645842,-18.069944,0,IAL,190.7,1.4,10.0,8.2,1,91,0,0,0,0,3,0
FD,RW01,65.645842,-18.069944,0,IAL,0.0,1.6,10.0,1.6,0,0,0,0,0,0,0,0
DF,OE,65.686472,-18.077639,1, ,0.0,0.0,0,0,0,0,0,0,0,0
CF,HJ,65.851667,-18.191611,0,AKI,333.1,7.2,356.0,10.3,0,0,0,0,0,0,0,0
CR,0,AKI,341.0,356.0,0,0,0,0,0,0,0,0
CA,0,341.0,2,5500,0,0,0,0,0,0
DF,AR,65.755944,-18.089611,2, ,0.0,0.0,1,6000,0,0,0,0,0,0
HM,AR,65.755944,-18.089611,2, ,0.0,0.0,188.0,04.3,0,0,0,0,0,0,0,0,0

APPTR,L01,01,GILTU
IF,GILTU,65.305833,-18.355556, ,0.0,0.0,2,6800,0,0,0,0,1,0
CF,D215Q,65.380106,-18.279242,0,AKI,208.8,23.9,35.0,4.9,2,5300,0,0,0,0,1,0
CF,CL01,65.433644,-18.222617,0,IEY,215.0,13.0,35.0,3.5,2,4300,0,0,0,0,0,0

APPTR,L01,01,NB
IF,NB,65.326111,-18.293583, ,0.0,0.0,0,0,0,0,0,0,1,0
TF,D215Q,65.380106,-18.279242,0, ,0.0,0.0,0.0,0.0,2,5300,0,0,0,0,1,0
CF,CL01,65.433644,-18.222617,0,IEY,215.0,13.0,35.0,3.5,2,4300,0,0,0,0,0,0

FINAL,L01,01,D,4
IF,CL01,65.433644,-18.222617,IEY,215.0,13.0,2,4300,0,0,0,0,0,0
CF,FL01,65.472006,-18.181886,0,IEY,215.0,10.5,35.0,2.5,2,3600,0,0,0,0,2,0
CF,70LOC,65.533942,-18.115850,0,IEY,215.0,6.4,35.0,4.1,2,2080,0,0,0,0,0,0
CF,KN,65.586944,-18.058833,0,IEY,214.9,2.9,35.0,3.5,1,800,0,0,0,0,3,0
CF,D215B,65.605208,-18.039439,0,AKI,197.4,9.4,35.0,1.2,2,800,0,0,0,0,0,1
CF,OE,65.686472,-18.077639,0,AKI,214.5,4.8,1.0,5.0,0,0,0,1,130,0,0,0
CF,HJ,65.851667,-18.191611,0,AKI,332.1,7.2,355.0,10.3,0,0,0,0,0,0,0,0
CR,0,AKI,340.0,355.0,1,6000,0,0,0,0,0,0
VM,0,0,0,340.0,0,0,0,0,0,0,0,0

APPTR,L01-A,01,GILTU
IF,GILTU,65.305833,-18.355556, ,0.0,0.0,2,6800,0,0,0,0,1,0
CF,D215Q,65.380106,-18.279242,0,AKI,208.8,23.9,35.0,4.9,2,5800,0,0,0,0,1,0
CF,CL01,65.433644,-18.222617,0,IEY,215.0,13.0,35.0,3.5,2,4300,0,0,0,0,0,0

APPTR,L01-A,01,NB
IF,NB,65.326111,-18.293583, ,0.0,0.0,0,0,0,0,0,0,1,0
TF,D215Q,65.380106,-18.279242,0, ,0.0,0.0,0.0,0.0,2,5800,0,0,0,0,1,0
CF,CL01,65.433644,-18.222617,0,IEY,215.0,13.0,35.0,3.5,2,4300,0,0,0,0,0,0

FINAL,L01-A,01,D,4
IF,CL01,65.433644,-18.222617,IEY,215.0,13.0,2,4300,0,0,0,0,0,0
CF,FL01,65.472006,-18.181886,0,IEY,215.0,10.5,35.0,2.5,2,3600,0,0,0,0,2,0
CF,70LOC,65.533942,-18.115850,0,IEY,215.0,6.4,35.0,4.1,2,2150,0,0,0,0,0,0
CF,ML01,65.573789,-18.073183,0,IEY,215.0,3.8,35.0,2.6,1,1400,0,0,0,0,3,0
CF,D215B,65.605208,-18.039439,0,AKI,197.4,9.4,35.0,2.1,2,1400,0,0,0,0,0,1
CF,OE,65.686472,-18.077639,0,AKI,214.5,4.8,1.0,5.0,0,0,0,1,185,0,0,0
CF,HJ,65.851667,-18.191611,0,AKI,332.1,7.2,355.0,10.3,0,0,0,0,0,0,0,0
CR,0,AKI,340.0,355.0,1,6000,0,0,0,0,0,0
VM,0,0,0,340.0,0,0,0,0,0,0,0,0

APPTR,L19,19,ARLAX
IF,ARLAX,65.843581,-17.806783, ,0.0,0.0,2,6000,0,1,230,0,1,0
TF,AR490,65.860014,-17.984803,0, ,0.0,0.0,0.0,0.0,2,4800,0,0,0,0,0,0
TF,2NM,65.851564,-18.050592,0, ,0.0,0.0,0.0,0.0,2,4200,0,0,0,0,0,0
TF,REFUM,65.841592,-18.127942,0,IAR,0.0,0.0,0.0,0.0,2,3600,0,1,220,0,1,0

APPTR,L19,19,NORFI
IF,NORFI,65.967522,-18.324969, ,0.0,0.0,2,6000,0,1,230,0,1,0
TF,AR489,65.904589,-18.226217,0, ,0.0,0.0,0.0,0.0,2,4000,0,0,0,0,0,0
TF,REFUM,65.841592,-18.127942,0,IAR,0.0,0.0,0.0,0.0,2,3600,0,1,220,0,1,0

FINAL,L19,19,D,3
IF,REFUM,65.841592,-18.127942,IAR,4.6,12.0,2,3600,0,1,220,0,0,0
CF,SAGGO,65.775725,-18.106808,0,IAR,4.6,8.0,185.0,4.0,2,2500,0,0,0,0,2,0
CF,ML19,65.693092,-18.079500,0,IAR,5.0,2.9,185.0,5.0,1,629,0,0,0,0,3,0
TF,AR495,65.621603,-18.057778,0, ,0.0,0.0,0.0,0.0,0,0,0,1,185,0,0,0
TF,AR496,65.565778,-18.096997,0, ,0.0,0.0,0.0,0.0,0,0,0,1,210,0,0,0
TF,TO,65.500417,-18.150944,0, ,0.0,0.0,0.0,0.0,0,0,0,0,0,0,0,0
TF,NB,65.326111,-18.293583,0, ,0.0,0.0,0.0,0.0,0,0,0,1,230,0,0,0
TF,AR594,65.231914,-18.369600,0, ,0.0,0.0,0.0,0.0,0,0,0,0,0,0,0,1
CA,0,211.0,2,6000,0,0,0,0,0,0
DF,NB,65.326111,-18.293583,1, ,0.0,0.0,0,0,0,0,0,0,0,0
HM,NB,65.326111,-18.293583,2, ,0.0,0.0,19.0,04.3,1,7000,0,1,230,0,0,0,0

APPTR,L19-A,19,GILTU
IF,GILTU,65.305833,-18.355556, ,0.0,0.0,2,6800,0,0,0,0,1,0
CF,D215Q,65.380106,-18.279242,0,AKI,208.8,23.9,35.0,4.9,2,5800,0,0,0,0,1,0
CF,CL01,65.433644,-18.222617,0,IEY,215.0,13.0,35.0,3.5,2,4300,0,0,0,0,0,0

APPTR,L19-A,19,NB
IF,NB,65.326111,-18.293583, ,0.0,0.0,0,0,0,0,0,0,1,0
TF,D215Q,65.380106,-18.279242,0, ,0.0,0.0,0.0,0.0,2,5800,0,0,0,0,1,0
CF,CL01,65.433644,-18.222617,0,IEY,215.0,13.0,35.0,3.5,2,4300,0,0,0,0,0,0

FINAL,L19-A,19,D,4
IF,CL01,65.433644,-18.222617,IEY,215.0,13.0,2,4300,0,0,0,0,0,0
CF,FL01,65.472006,-18.181886,0,IEY,215.0,10.5,35.0,2.5,2,3600,0,0,0,0,2,0
CF,70LOC,65.533942,-18.115850,0,IEY,215.0,6.4,35.0,4.1,2,2150,0,0,0,0,0,0
CF,ML01,65.573789,-18.073183,0,IEY,215.0,3.8,35.0,2.6,1,1400,0,0,0,0,3,0
CF,D215B,65.605208,-18.039439,0,AKI,197.4,9.4,35.0,2.1,2,1400,0,0,0,0,0,1
CF,OE,65.686472,-18.077639,0,AKI,214.5,4.8,1.0,5.0,0,0,0,1,185,0,0,0
CF,HJ,65.851667,-18.191611,0,AKI,332.1,7.2,355.0,10.3,0,0,0,0,0,0,0,0
CR,0,AKI,340.0,355.0,1,6000,0,0,0,0,0,0
VM,0,0,0,340.0,0,0,0,0,0,0,0,0

APPTR,Q19,19,AKI
IF,AKI,65.759806,-18.004111, ,0.0,0.0,2,5000,0,0,0,0,1,0
CF,HJ,65.851667,-18.191611,0,AKI,332.1,7.2,332.0,7.2,2,4700,0,0,0,0,0,0
CF,D332Q,65.911908,-18.315428,0,AKI,332.2,12.0,332.0,4.7,2,4700,0,0,0,0,0,1
CF,CQ19,65.905806,-18.229597,2,AKI,339.8,10.4,176.0,2.0,2,4700,0,0,0,0,1,0

FINAL,Q19,19,N,4
IF,CQ19,65.905806,-18.229597,HJ,0.0,0.0,2,4700,0,0,0,0,0,0
CF,HJ,65.851667,-18.191611,0,HJ,0.0,0.0,176.0,3.4,2,3700,0,0,0,0,0,0
CF,FQ19,65.825864,-18.173700,0,HJ,0.0,0.0,176.0,1.6,2,3700,0,0,0,0,2,0
CF,MQ19,65.710669,-18.094228,0,IAL,0.0,3.8,176.0,7.2,1,1054,0,0,0,0,3,0
CF,OE,65.686472,-18.077639,0,AKI,214.5,4.8,176.0,1.5,0,0,0,0,0,0,0,0
CF,D187C,65.607014,-18.062494,0,AKI,201.0,9.3,187.0,4.8,0,0,0,0,0,0,0,1
CF,TO,65.500417,-18.150944,0,AKI,205.2,16.0,211.0,6.8,0,0,0,0,0,0,0,0
CA,0,211.0,2,4500,0,0,0,0,0,0
CF,AKI,65.759806,-18.004111,1,AKI,0.0,0.0,12.0,23.0,1,5000,0,0,0,0,0,1
HM,AKI,65.759806,-18.004111,2, ,0.0,0.0,332.0,04.3,1,5000,0,0,0,0,0,0,0

APPTR,R19-X,19,AKI
IF,AKI,65.759811,-18.004114, ,0.0,0.0,2,5600,0,1,180,0,1,0
TF,AR691,65.808992,-17.952372,0, ,0.0,0.0,0.0,0.0,0,0,0,1,180,0,0,0
RF,AR692,65.855542,-17.993997,1,AR694,284.5,2.2,2,4700,0,1,180,0,0,0
RF,AR693,65.855522,-18.072594,1,AR694,223.0,2.2,2,4100,0,1,180,0,0,0
RF,ARI69,65.818539,-18.120533,1,AR694,105.0,2.2,2,2500,0,1,180,0,1,0

APPTR,R19-X,19,GITTA
IF,GITTA,65.818411,-17.812739, ,0.0,0.0,2,6000,0,1,180,0,1,0
TF,AR692,65.855542,-17.993997,0, ,0.0,0.0,0.0,0.0,2,4700,0,1,180,0,0,0
RF,AR693,65.855522,-18.072594,1,AR694,223.0,2.2,2,4100,0,1,180,0,0,0
RF,ARI69,65.818539,-18.120533,1,AR694,375.1,2.2,2,2500,0,1,180,0,1,0

FINAL,R19-X,19,R,3
IF,ARI69,65.818539,-18.120533, ,0.0,0.0,2,2500,0,1,180,0,0,0
TF,SAGGO,65.775725,-18.106808,0, ,0.0,0.0,185.0,2.6,2,2500,0,0,0,0,2,0
TF,ARM69,65.675194,-18.074758,0, ,0.0,0.0,185.0,6.1,1,232,0,0,0,0,3,1
TF,AR695,65.623153,-18.058267,0, ,0.0,0.0,0.0,0.0,0,0,0,1,150,0,0,0
RF,AR696,65.606331,-18.062433,2,AR697,214.2,2.2,0,0,0,1,150,0,0,0
TF,TO,65.500433,-18.150953,0, ,0.0,0.0,0.0,0.0,0,0,0,0,0,0,0,0
TF,NB,65.326108,-18.293589,0, ,0.0,0.0,0.0,0.0,0,0,0,0,0,0,0,0
TF,AR594,65.231914,-18.369600,0, ,0.0,0.0,0.0,0.0,0,0,0,0,0,0,0,1
CA,0,211.0,2,6000,0,0,0,0,0,0
DF,NB,65.326108,-18.293589,1, ,0.0,0.0,1,7000,0,0,0,0,0,0
HM,NB,65.326108,-18.293589,2, ,0.0,0.0,19.0,04.3,1,7000,0,0,0,0,0,0,0

APPTR,R19-Y,19,ARLAX
IF,ARLAX,65.843581,-17.806783, ,0.0,0.0,2,6000,0,1,230,0,1,0
TF,AR490,65.860014,-17.984803,0, ,0.0,0.0,0.0,0.0,2,4800,0,0,0,0,0,0
TF,2NM,65.851564,-18.050592,0, ,0.0,0.0,0.0,0.0,2,4200,0,0,0,0,0,0
TF,REFUM,65.841592,-18.127942,0, ,0.0,0.0,0.0,0.0,2,3600,0,1,220,0,1,0

APPTR,R19-Y,19,NORFI
IF,NORFI,65.967522,-18.324969, ,0.0,0.0,2,6000,0,1,230,0,1,0
TF,AR489,65.904589,-18.226217,0, ,0.0,0.0,0.0,0.0,2,4000,0,0,0,0,0,0
TF,REFUM,65.841592,-18.127942,0, ,0.0,0.0,0.0,0.0,2,3600,0,1,220,0,1,0

FINAL,R19-Y,19,R,3
IF,REFUM,65.841592,-18.127942, ,0.0,0.0,2,3600,0,1,220,0,0,0
TF,SAGGO,65.775725,-18.106808,0, ,0.0,0.0,185.0,4.0,2,2500,0,0,0,0,2,0
TF,ARM49,65.680894,-18.076569,0, ,0.0,0.0,185.0,5.8,1,360,0,0,0,0,3,1
TF,AR495,65.621603,-18.057778,0, ,0.0,0.0,0.0,0.0,0,0,0,1,185,0,0,0
TF,AR496,65.565778,-18.096997,0, ,0.0,0.0,0.0,0.0,0,0,0,1,210,0,0,0
TF,NB,65.326108,-18.293589,0, ,0.0,0.0,0.0,0.0,0,0,0,0,0,0,0,0
TF,AR594,65.231914,-18.369600,0, ,0.0,0.0,0.0,0.0,0,0,0,0,0,0,0,1
CA,0,211.0,2,6000,0,0,0,0,0,0
DF,NB,65.326108,-18.293589,1, ,0.0,0.0,0,0,0,0,0,0,0,0
HM,NB,65.326108,-18.293589,2, ,0.0,0.0,19.0,04.3,1,7000,0,1,230,0,0,0,0

APPTR,T01,01,BIBTO
IF,BIBTO,65.310519,-18.232928, ,0.0,0.0,2,6200,0,0,0,0,1,0
TF,CAINA,65.391797,-18.192022,0, ,0.0,0.0,0.0,0.0,2,4900,0,0,0,0,1,0

FINAL,T01,01,D,6
IF,CAINA,65.391797,-18.192022,MOB,205.0,15.0,2,4900,0,0,0,0,0,0
CF,MOB12,65.432431,-18.171472,0,MOB,205.0,12.5,25.0,2.5,2,4200,0,0,0,0,0,0
CF,MOB11,65.445431,-18.164883,0,MOB,205.0,11.7,25.0,0.8,2,4000,0,0,0,0,0,0
CF,DETIX,65.479561,-18.147556,0,MOB,205.0,9.6,25.0,2.1,2,3900,0,0,0,0,2,0
CF,MOB82,65.502311,-18.135981,0,MOB,205.0,8.2,25.0,1.4,2,3300,0,0,0,0,0,0
CF,MOB,65.635550,-18.067767,0,MOB,0.0,0.0,25.0,8.2,1,287,0,0,0,0,3,0
CA,0,25.0,2,2300,0,0,0,0,0,0
CF,EBOLU,65.998922,-18.161561,0,MOB,7.0,22.0,7.0,17.6,2,6300,0,0,0,0,0,1
HM,EBOLU,65.998922,-18.161561,2, ,0.0,0.0,187.0,05,3,10000,0,1,250,0,0,0,0

APPTR,T19,19,EBOLU
IF,EBOLU,65.998922,-18.161561, ,0.0,0.0,2,5400,0,0,0,0,1,0
TF,MOB20,65.965925,-18.152881,0, ,0.0,0.0,0.0,0.0,2,5400,0,0,0,0,0,0
TF,FERAS,65.932858,-18.144308,0, ,0.0,0.0,0.0,0.0,2,4800,0,0,0,0,1,0

FINAL,T19,19,D,5
IF,FERAS,65.932858,-18.144308,MOB,7.0,18.0,2,4800,0,0,0,0,0,0
CF,MOB16,65.908119,-18.137819,0,MOB,7.0,16.5,187.0,1.5,2,4700,0,0,0,0,0,0
CF,MOB15,65.886647,-18.132242,0,MOB,7.0,15.2,187.0,1.3,2,4300,0,0,0,0,0,0
CF,GELPA,65.835414,-18.119025,0,MOB,7.0,12.1,187.0,3.1,2,3800,0,0,0,0,2,0
CF,KOMIK,65.675194,-18.077872,0,MOB,7.0,2.4,187.0,9.7,1,241,0,0,0,0,3,1
DF,MOB,65.635550,-18.067767,0, ,0.0,0.0,0,0,0,0,0,0,0,1
CF,LISNO,65.603181,-18.049697,0,MOB,180.0,2.0,180.0,2.0,0,0,0,0,0,0,0,0
CF,MADUB,65.317689,-18.300086,0,MOB,210.0,20.0,210.0,18.3,2,6300,0,0,0,0,0,1

