APPTR,R35,35,DOCMA
IF,DOCMA,66.387481,-17.665247, ,0.0,0.0,2,2500,0,0,0,0,1,0
TF,LALPO,66.387581,-17.872294,0, ,0.0,0.0,0.0,0.0,2,2500,0,0,0,0,0,0

APPTR,R35,35,TESSE
IF,TESSE,66.334106,-18.030511, ,0.0,0.0,2,3900,0,0,0,0,1,0
TF,LALPO,66.387581,-17.872294,0, ,0.0,0.0,0.0,0.0,2,2500,0,0,0,0,0,0

FINAL,R35,35,R,3
IF,LALPO,66.387581,-17.872294, ,0.0,0.0,2,2500,0,0,0,0,1,0
TF,GR35F,66.449947,-17.929133,0, ,0.0,0.0,351.0,4.0,2,2000,0,0,0,0,2,0
TF,RW35,66.541725,-18.013322,0, ,0.0,0.0,351.0,5.9,1,125,0,0,0,0,3,1
TF,GR35T,66.588475,-18.056467,0, ,0.0,0.0,0.0,0.0,0,0,0,0,0,0,0,1
DF,LALPO,66.387581,-17.872294,1, ,0.0,0.0,0,0,0,0,0,0,0,0
HM,LALPO,66.387581,-17.872294,2, ,0.0,0.0,351.0,04.3,2,2500,0,0,0,0,0,0,0

