APPTR,N36,36,HN
IF,HN,64.269083,-15.213417, ,0.0,0.0,2,3800,0,0,0,0,0,0
FC,HN,64.269083,-15.213417,0,ING,0.0,0.0,191.0,7.5,2,1900,0,0,0,0,0,1
CF,FN36,64.195425,-15.174403,1,ING,68.9,45.3,356.0,3.0,2,1900,0,0,0,0,0,0

APPTR,N36,36,ING
IF,ING,63.803056,-16.638056, ,0.0,0.0,0,0,0,0,0,0,0,0
TF,D074O,63.915314,-16.133719,0, ,0.0,0.0,0.0,0.0,2,6400,0,0,0,0,0,0
TF,INGOG,64.093019,-15.311758,0, ,0.0,0.0,0.0,0.0,2,4400,0,0,0,0,0,0
TF,DENOK,64.129108,-15.140647,0, ,0.0,0.0,0.0,0.0,2,3000,0,0,0,0,0,0
TF,FN36,64.195425,-15.174403,0, ,0.0,0.0,0.0,0.0,2,1900,0,0,0,0,0,0

FINAL,N36,36,N,2
IF,FN36,64.195425,-15.174403,HN,0.0,0.0,2,1900,0,0,0,0,2,0
CF,HN,64.269083,-15.213417,0,HN,0.0,0.0,356.0,4.6,1,441,0,0,0,0,3,0
VA,1,176.0,2,3800,0,0,0,0,0,0
DF,HN,64.269083,-15.213417,1, ,0.0,0.0,1,3800,0,1,130,0,0,0
HM,HN,64.269083,-15.213417,1, ,0.0,0.0,356.0,04.3,0,0,0,0,0,0,0,0,0

APPTR,R18,18,ELGOS
IF,ELGOS,64.634875,-15.902397, ,0.0,0.0,0,0,0,0,0,0,1,0
TF,HNI18,64.572517,-15.773500,0, ,0.0,0.0,0.0,0.0,2,7100,0,0,0,0,1,0

APPTR,R18,18,IDNIR
IF,IDNIR,64.627522,-15.628575, ,0.0,0.0,0,0,0,0,0,0,1,0
TF,HNI18,64.572517,-15.773500,0, ,0.0,0.0,0.0,0.0,2,7100,0,0,0,0,1,0

APPTR,R18,18,TADOD
IF,TADOD,64.517367,-15.917839, ,0.0,0.0,0,0,0,0,0,0,1,0
TF,HNI18,64.572517,-15.773500,0, ,0.0,0.0,0.0,0.0,2,7100,0,0,0,0,1,0

FINAL,R18,18,R,5
IF,HNI18,64.572517,-15.773500, ,0.0,0.0,2,7100,0,0,0,0,0,0
TF,HN401,64.495683,-15.615803,0, ,0.0,0.0,148.0,6.2,2,5100,0,0,0,0,0,0
TF,HN402,64.458275,-15.539469,0, ,0.0,0.0,148.0,3.0,2,4000,0,0,0,0,0,0
TF,HNF18,64.409683,-15.440750,0, ,0.0,0.0,148.0,3.9,2,2900,0,0,0,0,2,0
TF,HN18M,64.320431,-15.260806,0, ,0.0,0.0,148.0,7.1,1,521,0,0,0,0,3,1
DF,DENOK,64.129108,-15.140647,0, ,0.0,0.0,0,0,0,0,0,0,0,0
TF,HN501,64.064289,-15.107197,0, ,0.0,0.0,0.0,0.0,0,0,0,0,0,0,0,1
DF,DENOK,64.129108,-15.140647,1, ,0.0,0.0,1,2500,0,0,0,0,0,0
HM,DENOK,64.129108,-15.140647,2, ,0.0,0.0,356.0,04.3,2,2500,0,0,0,0,0,0,0

APPTR,R36,36,DENOK
IF,DENOK,64.129108,-15.140647, ,0.0,0.0,2,2500,0,0,0,0,1,0
TF,HN36F,64.195314,-15.174978,0, ,0.0,0.0,0.0,0.0,2,1900,0,0,0,0,0,0

APPTR,R36,36,ELTEK
IF,ELTEK,64.115042,-14.891822, ,0.0,0.0,2,4900,0,0,0,0,1,0
TF,DENOK,64.129108,-15.140647,0, ,0.0,0.0,0.0,0.0,2,2500,0,0,0,0,1,0
TF,HN36F,64.195314,-15.174978,0, ,0.0,0.0,0.0,0.0,2,1900,0,0,0,0,0,0

APPTR,R36,36,INGOG
IF,INGOG,64.093019,-15.311758, ,0.0,0.0,2,4500,0,0,0,0,1,0
TF,DENOK,64.129108,-15.140647,0, ,0.0,0.0,0.0,0.0,2,2500,0,0,0,0,1,0
TF,HN36F,64.195314,-15.174978,0, ,0.0,0.0,0.0,0.0,2,1900,0,0,0,0,0,0

FINAL,R36,36,R,2
IF,HN36F,64.195314,-15.174978, ,0.0,0.0,2,1900,0,0,0,0,2,0
TF,HN36M,64.277786,-15.217981,0, ,0.0,0.0,356.0,5.1,1,280,0,1,130,0,3,1
DF,DENOK,64.129108,-15.140647,1, ,0.0,0.0,0,0,0,1,130,0,0,0
TF,HN501,64.064289,-15.107197,0, ,0.0,0.0,0.0,0.0,0,0,0,0,0,0,0,1
DF,DENOK,64.129108,-15.140647,1, ,0.0,0.0,1,2500,0,0,0,0,0,0
HM,DENOK,64.129108,-15.140647,2, ,0.0,0.0,356.0,04.3,2,2500,0,0,0,0,0,0,0

