APPTR,N19,19,TN
IF,TN,66.220806,-15.331222, ,0.0,0.0,2,3000,0,0,0,0,0,0
CF,D030F,66.314422,-15.246472,0,AKI,74.4,75.3,30.0,6.0,2,1600,0,0,0,0,0,1
CF,FN20,66.301294,-15.327728,1,AKI,74.3,73.2,191.0,2.0,2,1600,0,0,0,0,0,0

FINAL,N19,19,N,2
IF,FN20,66.301294,-15.327728,TN,0.0,0.0,2,1600,0,0,0,0,2,0
CF,RW19,66.223833,-15.334047,0,TN,0.0,0.0,191.0,4.7,1,114,0,0,0,0,3,0
TF,TN,66.220806,-15.331222,0, ,0.0,0.0,0.0,0.0,0,0,0,0,0,0,0,1
CA,0,191.0,2,1000,0,0,0,0,0,0
CF,TN,66.220806,-15.331222,2,AKI,77.8,71.2,30.0,4.0,1,3000,0,0,0,0,0,0
HM,TN,66.220806,-15.331222,1, ,0.0,0.0,30.0,04.3,0,0,0,0,0,0,0,0,0

APPTR,R01,01,ASTEM
IF,ASTEM,66.027847,-15.603547, ,0.0,0.0,2,3800,0,0,0,0,1,0
TF,TNI01,66.046561,-15.392019,0, ,0.0,0.0,0.0,0.0,2,3100,0,0,0,0,1,0

APPTR,R01,01,NODRU
IF,NODRU,65.964294,-15.419728, ,0.0,0.0,2,4200,0,0,0,0,1,0
TF,TNI01,66.046561,-15.392019,0, ,0.0,0.0,0.0,0.0,2,3100,0,0,0,0,1,0

APPTR,R01,01,VESEM
IF,VESEM,66.005367,-15.200797, ,0.0,0.0,2,3500,0,0,0,0,1,0
TF,TNI01,66.046561,-15.392019,0, ,0.0,0.0,0.0,0.0,2,3100,0,0,0,0,1,0

FINAL,R01,01,R,4
IF,TNI01,66.046561,-15.392019, ,0.0,0.0,2,3100,0,0,0,0,0,0
TF,TNF01,66.132878,-15.362753,0, ,0.0,0.0,18.0,5.2,2,1900,0,0,0,0,2,0
TF,20THR,66.180172,-15.346633,0, ,0.0,0.0,18.0,2.9,2,840,0,0,0,0,0,0
TF,RW01,66.213078,-15.335383,0, ,0.0,0.0,18.0,2.0,1,101,0,0,0,0,3,1
CA,0,18.0,2,1600,0,0,0,0,0,0
DF,ASTEM,66.027847,-15.603547,1, ,0.0,0.0,1,3800,0,0,0,0,0,0
HM,ASTEM,66.027847,-15.603547,2, ,0.0,0.0,88.0,04.3,1,3800,0,0,0,0,0,0,0

APPTR,R19,19,EBESA
IF,EBESA,66.368608,-15.108783, ,0.0,0.0,2,3500,0,0,0,0,1,0
TF,NOHEL,66.372925,-15.315414,0, ,0.0,0.0,0.0,0.0,2,2300,0,0,0,0,1,0

APPTR,R19,19,WAKES
IF,WAKES,66.376972,-15.522111, ,0.0,0.0,2,3800,0,0,0,0,1,0
TF,NOHEL,66.372925,-15.315414,0, ,0.0,0.0,0.0,0.0,2,2300,0,0,0,0,1,0

FINAL,R19,19,R,3
IF,NOHEL,66.372925,-15.315414, ,0.0,0.0,2,2300,0,0,0,0,1,0
TF,TNF19,66.306436,-15.323750,0, ,0.0,0.0,193.0,4.0,2,1700,0,0,0,0,2,0
TF,RW19,66.223833,-15.334047,0, ,0.0,0.0,193.0,5.0,1,114,0,0,0,0,3,1
CA,0,193.0,2,1000,0,0,0,0,0,0
DF,WAKES,66.376972,-15.522111,2, ,0.0,0.0,0,0,0,0,0,0,0,0
HM,WAKES,66.376972,-15.522111,2, ,0.0,0.0,103.0,04.3,1,2300,0,0,0,0,0,0,0

