SID,IRDIM1,32,5
DF,EPVEV,52.888597,-119.360233,0, ,0.0,0.0,0,0,0,0,0,0,0,0
TF,MUTKO,52.993550,-119.517228,0, ,0.0,0.0,0.0,0.0,0,0,0,0,0,0,0,0
TF,IRDIM,53.130928,-119.846536,0, ,0.0,0.0,0.0,0.0,2,12100,0,0,0,0,0,0

APPTR,R14-A,14,OMTOR
IF,OMTOR,53.014761,-119.982075, ,0.0,0.0,0,0,0,1,210,0,1,0
TF,ONDAN,53.128264,-119.866547,0, ,0.0,0.0,0.0,0.0,2,10300,0,1,180,0,1,0
TF,AGNEK,53.067189,-119.701747,0, ,0.0,0.0,0.0,0.0,2,8700,0,0,0,0,0,0

APPTR,R14-A,14,PEVMA
IF,PEVMA,53.197783,-120.055464, ,0.0,0.0,0,0,0,1,210,0,1,0
TF,ONDAN,53.128264,-119.866547,0, ,0.0,0.0,0.0,0.0,2,10000,0,1,180,0,1,0
TF,AGNEK,53.067189,-119.701747,0, ,0.0,0.0,0.0,0.0,2,8700,0,0,0,0,0,0

APPTR,R14-A,14,PIBTO
IF,PIBTO,53.241653,-119.750411, ,0.0,0.0,0,0,0,1,210,0,1,0
TF,ONDAN,53.128264,-119.866547,0, ,0.0,0.0,0.0,0.0,2,10200,0,1,180,0,1,0
TF,AGNEK,53.067189,-119.701747,0, ,0.0,0.0,0.0,0.0,2,8700,0,0,0,0,0,0

FINAL,R14-A,14,R,4
IF,AGNEK,53.067189,-119.701747, ,0.0,0.0,2,8700,0,0,0,0,0,0
TF,MUSOB,52.997108,-119.513972,0, ,0.0,0.0,105.0,8.0,2,7300,0,0,0,0,2,0
TF,DESGI,52.937422,-119.439117,0, ,0.0,0.0,127.0,4.5,2,7000,0,0,0,0,0,0
TF,OMROX,52.864386,-119.347878,0, ,0.0,0.0,127.0,5.5,1,6900,0,0,0,0,3,1
DF,MUSLU,52.710333,-119.023872,0, ,0.0,0.0,1,10100,0,1,200,0,0,1
HM,MUSLU,52.710333,-119.023872,1, ,0.0,0.0,110.0,04.3,0,0,0,1,200,0,0,0,0

APPTR,R14-B,14,OMTOR
IF,OMTOR,53.014761,-119.982075, ,0.0,0.0,0,0,0,1,210,0,1,0
TF,ONDAN,53.128264,-119.866547,0, ,0.0,0.0,0.0,0.0,2,10300,0,1,180,0,1,0
TF,AGNEK,53.067189,-119.701747,0, ,0.0,0.0,0.0,0.0,2,8700,0,0,0,0,0,0

APPTR,R14-B,14,PEVMA
IF,PEVMA,53.197783,-120.055464, ,0.0,0.0,0,0,0,1,210,0,1,0
TF,ONDAN,53.128264,-119.866547,0, ,0.0,0.0,0.0,0.0,2,10000,0,1,180,0,1,0
TF,AGNEK,53.067189,-119.701747,0, ,0.0,0.0,0.0,0.0,2,8700,0,0,0,0,0,0

APPTR,R14-B,14,PIBTO
IF,PIBTO,53.241653,-119.750411, ,0.0,0.0,0,0,0,1,210,0,1,0
TF,ONDAN,53.128264,-119.866547,0, ,0.0,0.0,0.0,0.0,2,10200,0,1,180,0,1,0
TF,AGNEK,53.067189,-119.701747,0, ,0.0,0.0,0.0,0.0,2,8700,0,0,0,0,0,0

FINAL,R14-B,14,R,4
IF,AGNEK,53.067189,-119.701747, ,0.0,0.0,2,8700,0,0,0,0,0,0
TF,MUSOB,52.997108,-119.513972,0, ,0.0,0.0,105.0,8.0,2,7300,0,0,0,0,2,0
TF,DESGI,52.937422,-119.439117,0, ,0.0,0.0,127.0,4.5,2,5620,0,0,0,0,0,0
TF,OMROX,52.864386,-119.347878,0, ,0.0,0.0,127.0,5.5,1,4020,0,0,0,0,3,1
DF,MUSLU,52.710333,-119.023872,0, ,0.0,0.0,1,10100,0,1,200,0,0,1
HM,MUSLU,52.710333,-119.023872,1, ,0.0,0.0,110.0,04.3,2,10100,0,1,200,0,0,0,0

APPTR,R32-A,32,OMTOR
IF,OMTOR,53.014761,-119.982075, ,0.0,0.0,0,0,0,1,210,0,1,0
TF,ONDAN,53.128264,-119.866547,0, ,0.0,0.0,0.0,0.0,2,10300,0,1,180,0,1,0
TF,AGNEK,53.067189,-119.701747,0, ,0.0,0.0,0.0,0.0,2,8700,0,0,0,0,0,0

APPTR,R32-A,32,PEVMA
IF,PEVMA,53.197783,-120.055464, ,0.0,0.0,0,0,0,1,210,0,1,0
TF,ONDAN,53.128264,-119.866547,0, ,0.0,0.0,0.0,0.0,2,10000,0,1,180,0,1,0
TF,AGNEK,53.067189,-119.701747,0, ,0.0,0.0,0.0,0.0,2,8700,0,0,0,0,0,0

APPTR,R32-A,32,PIBTO
IF,PIBTO,53.241653,-119.750411, ,0.0,0.0,0,0,0,1,210,0,1,0
TF,ONDAN,53.128264,-119.866547,0, ,0.0,0.0,0.0,0.0,2,10200,0,1,180,0,1,0
TF,AGNEK,53.067189,-119.701747,0, ,0.0,0.0,0.0,0.0,2,8700,0,0,0,0,0,0

FINAL,R32-A,32,R,4
IF,AGNEK,53.067189,-119.701747, ,0.0,0.0,2,8700,0,0,0,0,0,0
TF,MUSOB,52.997108,-119.513972,0, ,0.0,0.0,105.0,8.0,2,7300,0,0,0,0,2,0
TF,DESGI,52.937422,-119.439117,0, ,0.0,0.0,127.0,4.5,2,7000,0,0,0,0,0,0
TF,OMROX,52.864386,-119.347878,0, ,0.0,0.0,127.0,5.5,1,6900,0,0,0,0,3,1
DF,MUSLU,52.710333,-119.023872,0, ,0.0,0.0,1,10100,0,1,200,0,0,1
HM,MUSLU,52.710333,-119.023872,1, ,0.0,0.0,110.0,04.3,0,0,0,1,200,0,0,0,0

APPTR,R32-B,32,OMTOR
IF,OMTOR,53.014761,-119.982075, ,0.0,0.0,0,0,0,1,210,0,1,0
TF,ONDAN,53.128264,-119.866547,0, ,0.0,0.0,0.0,0.0,2,10300,0,1,180,0,1,0
TF,AGNEK,53.067189,-119.701747,0, ,0.0,0.0,0.0,0.0,2,8700,0,0,0,0,0,0

APPTR,R32-B,32,PEVMA
IF,PEVMA,53.197783,-120.055464, ,0.0,0.0,0,0,0,1,210,0,1,0
TF,ONDAN,53.128264,-119.866547,0, ,0.0,0.0,0.0,0.0,2,10000,0,1,180,0,1,0
TF,AGNEK,53.067189,-119.701747,0, ,0.0,0.0,0.0,0.0,2,8700,0,0,0,0,0,0

APPTR,R32-B,32,PIBTO
IF,PIBTO,53.241653,-119.750411, ,0.0,0.0,0,0,0,1,210,0,1,0
TF,ONDAN,53.128264,-119.866547,0, ,0.0,0.0,0.0,0.0,2,10200,0,1,180,0,1,0
TF,AGNEK,53.067189,-119.701747,0, ,0.0,0.0,0.0,0.0,2,8700,0,0,0,0,0,0

FINAL,R32-B,32,R,4
IF,AGNEK,53.067189,-119.701747, ,0.0,0.0,2,8700,0,0,0,0,0,0
TF,MUSOB,52.997108,-119.513972,0, ,0.0,0.0,105.0,8.0,2,7300,0,0,0,0,2,0
TF,DESGI,52.937422,-119.439117,0, ,0.0,0.0,127.0,4.5,2,5620,0,0,0,0,0,0
TF,OMROX,52.864386,-119.347878,0, ,0.0,0.0,127.0,5.5,1,4020,0,0,0,0,3,1
DF,MUSLU,52.710333,-119.023872,0, ,0.0,0.0,1,10100,0,1,200,0,0,1
HM,MUSLU,52.710333,-119.023872,1, ,0.0,0.0,110.0,04.3,2,10100,0,1,200,0,0,0,0

