SID,NORIB1,12,5
DF,APRER,53.252450,-120.068786,0, ,0.0,0.0,0,0,0,0,0,0,0,0
TF,EBMIR,53.180664,-119.953167,0, ,0.0,0.0,0.0,0.0,0,0,0,0,0,0,0,0
TF,NORIB,53.003853,-119.551503,0, ,0.0,0.0,0.0,0.0,2,12200,0,0,0,0,0,0

APPTR,R12,12,MIGDO
IF,MIGDO,53.563556,-120.728778, ,0.0,0.0,0,0,0,0,0,0,1,0
TF,OVODU,53.487589,-120.512178,0, ,0.0,0.0,0.0,0.0,2,7400,0,0,0,0,1,0

FINAL,R12,12,R,4
IF,OVODU,53.487589,-120.512178, ,0.0,0.0,2,7400,0,0,0,0,0,0
TF,VIVOK,53.436728,-120.368211,0, ,0.0,0.0,103.0,6.0,2,6000,0,0,0,0,2,0
TF,URVER,53.389075,-120.290411,0, ,0.0,0.0,118.0,4.0,2,4510,0,0,0,0,0,0
TF,RW12,53.317506,-120.174053,0, ,0.0,0.0,118.0,6.0,1,2407,0,0,0,0,3,1
DF,ROSPU,53.132092,-119.875256,0, ,0.0,0.0,1,11000,0,0,0,0,0,1
HM,ROSPU,53.132092,-119.875256,2, ,0.0,0.0,118.0,06,0,0,0,1,210,0,0,0,0

APPTR,R12-A,12,TETIT
IF,TETIT,53.049706,-119.646294, ,0.0,0.0,0,0,0,0,0,0,1,0
TF,ULDIL,53.138183,-119.833169,0, ,0.0,0.0,0.0,0.0,2,8100,0,0,0,0,1,0
TF,DEBDO,53.177231,-119.932933,0, ,0.0,0.0,0.0,0.0,2,7500,0,0,0,0,0,0

FINAL,R12-A,12,R,4
IF,DEBDO,53.177231,-119.932933, ,0.0,0.0,2,7500,0,0,0,0,0,0
TF,ONBIB,53.192644,-119.972425,0, ,0.0,0.0,285.0,1.7,2,7100,0,0,0,0,2,0
TF,ULBEM,53.240494,-120.049489,0, ,0.0,0.0,298.0,4.0,2,5580,0,0,0,0,0,0
TF,IGSET,53.281133,-120.115142,0, ,0.0,0.0,298.0,3.4,1,5540,0,0,0,0,3,1
DF,GABTU,53.493606,-120.543633,0, ,0.0,0.0,1,10000,0,0,0,0,0,1
HM,GABTU,53.493606,-120.543633,2, ,0.0,0.0,291.0,11,0,0,0,0,0,0,0,0,0

APPTR,R12-B,12,TETIT
IF,TETIT,53.049706,-119.646294, ,0.0,0.0,0,0,0,0,0,0,1,0
TF,ULDIL,53.138183,-119.833169,0, ,0.0,0.0,0.0,0.0,2,8100,0,0,0,0,1,0
TF,DEBDO,53.177231,-119.932933,0, ,0.0,0.0,0.0,0.0,2,7500,0,0,0,0,0,0

FINAL,R12-B,12,R,4
IF,DEBDO,53.177231,-119.932933, ,0.0,0.0,2,7500,0,0,0,0,0,0
TF,ONBIB,53.192644,-119.972425,0, ,0.0,0.0,285.0,1.7,2,7100,0,0,0,0,2,0
TF,ULBEM,53.240494,-120.049489,0, ,0.0,0.0,298.0,4.0,2,5580,0,0,0,0,0,0
TF,IGSET,53.281133,-120.115142,0, ,0.0,0.0,298.0,3.4,1,5540,0,0,0,0,3,1
DF,GABTU,53.493606,-120.543633,0, ,0.0,0.0,1,10300,0,0,0,0,0,1
HM,GABTU,53.493606,-120.543633,2, ,0.0,0.0,291.0,11,0,0,0,0,0,0,0,0,0

APPTR,R30,30,ONBUD
IF,ONBUD,53.039706,-119.609056, ,0.0,0.0,0,0,0,0,0,0,1,0
TF,VILRU,53.091481,-119.750792,0, ,0.0,0.0,0.0,0.0,2,8900,0,0,0,0,1,0

FINAL,R30,30,R,3
IF,VILRU,53.091481,-119.750792, ,0.0,0.0,2,8900,0,0,0,0,0,0
TF,KEKBO,53.143086,-119.892869,0, ,0.0,0.0,283.0,6.0,2,8000,0,0,0,0,2,0
TF,RW30,53.312186,-120.165431,0, ,0.0,0.0,298.0,14.1,1,2417,0,0,0,0,3,1
VA,0,298.0,2,3200,0,0,0,0,0,0
DF,LITKI,53.529106,-120.587969,0, ,0.0,0.0,1,10000,0,0,0,0,0,1
HM,LITKI,53.529106,-120.587969,2, ,0.0,0.0,292.0,09,0,0,0,1,265,0,0,0,0

APPTR,R30-A,30,TETIT
IF,TETIT,53.049706,-119.646294, ,0.0,0.0,0,0,0,0,0,0,1,0
TF,ULDIL,53.138183,-119.833169,0, ,0.0,0.0,0.0,0.0,2,8100,0,0,0,0,1,0
TF,DEBDO,53.177231,-119.932933,0, ,0.0,0.0,0.0,0.0,2,7500,0,0,0,0,0,0

FINAL,R30-A,30,R,4
IF,DEBDO,53.177231,-119.932933, ,0.0,0.0,2,7500,0,0,0,0,0,0
TF,ONBIB,53.192644,-119.972425,0, ,0.0,0.0,285.0,1.7,2,7100,0,0,0,0,2,0
TF,ULBEM,53.240494,-120.049489,0, ,0.0,0.0,298.0,4.0,2,5580,0,0,0,0,0,0
TF,IGSET,53.281133,-120.115142,0, ,0.0,0.0,298.0,3.4,1,5540,0,0,0,0,3,1
DF,GABTU,53.493606,-120.543633,0, ,0.0,0.0,1,10000,0,0,0,0,0,1
HM,GABTU,53.493606,-120.543633,2, ,0.0,0.0,291.0,11,0,0,0,0,0,0,0,0,0

APPTR,R30-B,30,TETIT
IF,TETIT,53.049706,-119.646294, ,0.0,0.0,0,0,0,0,0,0,1,0
TF,ULDIL,53.138183,-119.833169,0, ,0.0,0.0,0.0,0.0,2,8100,0,0,0,0,1,0
TF,DEBDO,53.177231,-119.932933,0, ,0.0,0.0,0.0,0.0,2,7500,0,0,0,0,0,0

FINAL,R30-B,30,R,4
IF,DEBDO,53.177231,-119.932933, ,0.0,0.0,2,7500,0,0,0,0,0,0
TF,ONBIB,53.192644,-119.972425,0, ,0.0,0.0,285.0,1.7,2,7100,0,0,0,0,2,0
TF,ULBEM,53.240494,-120.049489,0, ,0.0,0.0,298.0,4.0,2,5580,0,0,0,0,0,0
TF,IGSET,53.281133,-120.115142,0, ,0.0,0.0,298.0,3.4,1,5540,0,0,0,0,3,1
DF,GABTU,53.493606,-120.543633,0, ,0.0,0.0,1,10300,0,0,0,0,0,1
HM,GABTU,53.493606,-120.543633,2, ,0.0,0.0,291.0,11,0,0,0,0,0,0,0,0,0

