APPTR,R03-A,03,LEREP
IF,LEREP,55.917336,-124.009336, ,0.0,0.0,0,0,0,0,0,0,1,0
TF,MEGDI,56.011436,-124.068614,0, ,0.0,0.0,0.0,0.0,2,6100,0,0,0,0,1,0

FINAL,R03-A,03,R,4
IF,MEGDI,56.011436,-124.068614, ,0.0,0.0,2,6100,0,0,0,0,0,0
TF,OBTIB,56.105508,-124.128183,0, ,0.0,0.0,323.0,6.0,2,5700,0,0,0,0,2,0
TF,XESIL,56.167492,-124.107658,0, ,0.0,0.0,353.0,3.8,2,5540,0,0,0,0,0,0
TF,DUPUK,56.257444,-124.077758,0, ,0.0,0.0,353.0,5.5,1,5480,0,0,0,0,3,1
DF,KEDAM,56.484394,-124.381653,0, ,0.0,0.0,1,8000,0,1,165,0,0,1
HM,KEDAM,56.484394,-124.381653,1, ,0.0,0.0,300.0,04.3,0,0,0,1,210,0,0,0,0

APPTR,R03-B,03,LEREP
IF,LEREP,55.917336,-124.009336, ,0.0,0.0,0,0,0,0,0,0,1,0
TF,MEGDI,56.011436,-124.068614,0, ,0.0,0.0,0.0,0.0,2,6100,0,0,0,0,1,0

FINAL,R03-B,03,R,4
IF,MEGDI,56.011436,-124.068614, ,0.0,0.0,2,6100,0,0,0,0,0,0
TF,OBTIB,56.105508,-124.128183,0, ,0.0,0.0,323.0,6.0,2,5700,0,0,0,0,2,0
TF,XESIL,56.167492,-124.107658,0, ,0.0,0.0,353.0,3.8,2,4940,0,0,0,0,0,0
TF,DUPUK,56.257444,-124.077758,0, ,0.0,0.0,353.0,5.5,1,4880,0,0,0,0,3,1
DF,KEDAM,56.484394,-124.381653,0, ,0.0,0.0,1,8000,0,1,165,0,0,1
HM,KEDAM,56.484394,-124.381653,1, ,0.0,0.0,300.0,04.3,0,0,0,1,210,0,0,0,0

APPTR,R21-A,21,LEREP
IF,LEREP,55.917336,-124.009336, ,0.0,0.0,0,0,0,0,0,0,1,0
TF,MEGDI,56.011436,-124.068614,0, ,0.0,0.0,0.0,0.0,2,6100,0,0,0,0,1,0

FINAL,R21-A,21,R,4
IF,MEGDI,56.011436,-124.068614, ,0.0,0.0,2,6100,0,0,0,0,0,0
TF,OBTIB,56.105508,-124.128183,0, ,0.0,0.0,323.0,6.0,2,5700,0,0,0,0,2,0
TF,XESIL,56.167492,-124.107658,0, ,0.0,0.0,353.0,3.8,2,5540,0,0,0,0,0,0
TF,DUPUK,56.257444,-124.077758,0, ,0.0,0.0,353.0,5.5,1,5480,0,0,0,0,3,1
DF,KEDAM,56.484394,-124.381653,0, ,0.0,0.0,1,8000,0,1,165,0,0,1
HM,KEDAM,56.484394,-124.381653,1, ,0.0,0.0,300.0,04.3,0,0,0,1,210,0,0,0,0

APPTR,R21-B,21,LEREP
IF,LEREP,55.917336,-124.009336, ,0.0,0.0,0,0,0,0,0,0,1,0
TF,MEGDI,56.011436,-124.068614,0, ,0.0,0.0,0.0,0.0,2,6100,0,0,0,0,1,0

FINAL,R21-B,21,R,4
IF,MEGDI,56.011436,-124.068614, ,0.0,0.0,2,6100,0,0,0,0,0,0
TF,OBTIB,56.105508,-124.128183,0, ,0.0,0.0,323.0,6.0,2,5700,0,0,0,0,2,0
TF,XESIL,56.167492,-124.107658,0, ,0.0,0.0,353.0,3.8,2,4940,0,0,0,0,0,0
TF,DUPUK,56.257444,-124.077758,0, ,0.0,0.0,353.0,5.5,1,4880,0,0,0,0,3,1
DF,KEDAM,56.484394,-124.381653,0, ,0.0,0.0,1,8000,0,1,165,0,0,1
HM,KEDAM,56.484394,-124.381653,1, ,0.0,0.0,300.0,04.3,0,0,0,1,210,0,0,0,0

