APPTR,R11-A,11,IKLAV
IF,IKLAV,56.619600,-126.442989, ,0.0,0.0,0,0,0,0,0,0,1,0
TF,ONDIG,56.714447,-126.612461,0, ,0.0,0.0,0.0,0.0,2,8000,0,0,0,0,1,0

FINAL,R11-A,11,R,4
IF,ONDIG,56.714447,-126.612461, ,0.0,0.0,2,8000,0,0,0,0,0,0
TF,VITOG,56.790036,-126.675547,0, ,0.0,0.0,315.0,5.0,2,7910,0,0,0,0,2,0
TF,ITPOR,56.871983,-126.701011,0, ,0.0,0.0,330.0,5.0,2,6240,0,0,0,0,0,0
TF,KELRO,56.953953,-126.726597,0, ,0.0,0.0,330.0,5.0,1,4575,0,0,0,0,3,1
CA,0,330.0,2,4600,0,0,0,0,0,0
DF,VEVPA,57.048397,-126.898319,0, ,0.0,0.0,1,8400,0,1,165,0,0,1
HM,VEVPA,57.048397,-126.898319,2, ,0.0,0.0,286.0,04.3,0,0,0,1,200,0,0,0,0

APPTR,R29-A,29,IKLAV
IF,IKLAV,56.619600,-126.442989, ,0.0,0.0,0,0,0,0,0,0,1,0
TF,ONDIG,56.714447,-126.612461,0, ,0.0,0.0,0.0,0.0,2,8000,0,0,0,0,1,0

FINAL,R29-A,29,R,4
IF,ONDIG,56.714447,-126.612461, ,0.0,0.0,2,8000,0,0,0,0,0,0
TF,VITOG,56.790036,-126.675547,0, ,0.0,0.0,315.0,5.0,2,7910,0,0,0,0,2,0
TF,ITPOR,56.871983,-126.701011,0, ,0.0,0.0,330.0,5.0,2,6240,0,0,0,0,0,0
TF,KELRO,56.953953,-126.726597,0, ,0.0,0.0,330.0,5.0,1,4575,0,0,0,0,3,1
CA,0,330.0,2,4600,0,0,0,0,0,0
DF,VEVPA,57.048397,-126.898319,0, ,0.0,0.0,1,8400,0,1,165,0,0,1
HM,VEVPA,57.048397,-126.898319,2, ,0.0,0.0,286.0,04.3,0,0,0,1,200,0,0,0,0

