APPTR,R06,06,RIKOX
IF,RIKOX,54.823231,-60.052072, ,0.0,0.0,0,0,0,1,210,0,1,0
TF,PEVLI,54.778642,-59.930517,0, ,0.0,0.0,0.0,0.0,2,2000,0,0,0,0,1,0

APPTR,R06,06,SATEV
IF,SATEV,54.733933,-59.809228, ,0.0,0.0,0,0,0,1,210,0,1,0
TF,PEVLI,54.778642,-59.930517,0, ,0.0,0.0,0.0,0.0,2,2000,0,0,0,0,1,0

FINAL,R06,06,R,3
IF,PEVLI,54.778642,-59.930517, ,0.0,0.0,2,2000,0,0,0,0,0,0
TF,OBNIL,54.848803,-59.853139,0, ,0.0,0.0,55.0,5.0,2,1400,0,0,0,0,2,0
TF,RW06,54.907239,-59.788447,0, ,0.0,0.0,55.0,4.2,1,273,0,0,0,0,3,1
TF,TATBU,54.977308,-59.710578,0, ,0.0,0.0,0.0,0.0,1,3200,0,0,0,0,0,1
HM,TATBU,54.977308,-59.710578,2, ,0.0,0.0,55.0,04.3,0,0,0,0,0,0,0,0,0

APPTR,R24,24,MIRAN
IF,MIRAN,54.970678,-59.494783, ,0.0,0.0,0,0,0,1,210,0,1,0
TF,KANOV,55.027164,-59.600997,0, ,0.0,0.0,0.0,0.0,2,2000,0,0,0,0,1,0

APPTR,R24,24,PEPVI
IF,PEPVI,55.083558,-59.707514, ,0.0,0.0,0,0,0,1,210,0,1,0
TF,KANOV,55.027164,-59.600997,0, ,0.0,0.0,0.0,0.0,2,2200,0,0,0,0,1,0

FINAL,R24,24,R,3
IF,KANOV,55.027164,-59.600997, ,0.0,0.0,2,2000,0,0,0,0,0,0
TF,DEDBA,54.966022,-59.699100,0, ,0.0,0.0,245.0,5.0,2,1500,0,0,0,0,2,0
TF,AGDIM,54.913619,-59.782839,0, ,0.0,0.0,245.0,4.3,1,237,0,0,0,0,3,1
TF,SEDIS,54.852331,-59.880389,0, ,0.0,0.0,0.0,0.0,1,2600,0,0,0,0,0,1
HM,SEDIS,54.852331,-59.880389,2, ,0.0,0.0,245.0,04.3,0,0,0,0,0,0,0,0,0

