APPTR,R02,02,IMETI
IF,IMETI,47.249539,-67.514067, ,0.0,0.0,0,0,0,1,200,0,1,0
TF,DUSOR,47.256325,-67.645808,0, ,0.0,0.0,0.0,0.0,2,2800,0,1,180,0,1,0

APPTR,R02,02,KOBAG
IF,KOBAG,47.262956,-67.777583, ,0.0,0.0,0,0,0,1,200,0,1,0
TF,DUSOR,47.256325,-67.645808,0, ,0.0,0.0,0.0,0.0,2,2800,0,1,180,0,1,0

FINAL,R02,02,R,3
IF,DUSOR,47.256325,-67.645808, ,0.0,0.0,2,2800,0,1,180,0,1,0
TF,AXOTU,47.355994,-67.634839,0, ,0.0,0.0,22.0,6.0,2,2700,0,0,0,0,2,0
TF,RW02,47.440722,-67.625483,0, ,0.0,0.0,22.0,5.1,1,990,0,0,0,0,3,1
TF,MIVIL,47.523775,-67.616281,0, ,0.0,0.0,0.0,0.0,1,2900,0,0,0,0,0,1
HM,MIVIL,47.523775,-67.616281,2, ,0.0,0.0,22.0,04.3,0,0,0,1,200,0,0,0,0

APPTR,R20,20,TALTA
IF,TALTA,47.645772,-67.736186, ,0.0,0.0,0,0,0,1,200,0,1,0
TF,ROVGU,47.639094,-67.603458,0, ,0.0,0.0,0.0,0.0,2,2800,0,1,180,0,1,0

APPTR,R20,20,VEVNI
IF,VEVNI,47.632261,-67.470761, ,0.0,0.0,0,0,0,1,200,0,1,0
TF,ROVGU,47.639094,-67.603458,0, ,0.0,0.0,0.0,0.0,2,2800,0,1,180,0,1,0

FINAL,R20,20,R,3
IF,ROVGU,47.639094,-67.603458, ,0.0,0.0,2,2800,0,1,180,0,1,0
TF,MUSGI,47.539431,-67.614544,0, ,0.0,0.0,202.0,6.0,2,2700,0,0,0,0,2,0
TF,RW20,47.455772,-67.623817,0, ,0.0,0.0,202.0,5.0,1,1011,0,0,0,0,3,1
TF,SIMGO,47.372717,-67.632994,0, ,0.0,0.0,0.0,0.0,1,2900,0,0,0,0,0,1
HM,SIMGO,47.372717,-67.632994,2, ,0.0,0.0,202.0,04.3,0,0,0,1,200,0,0,0,0

