APPTR,R08,08,LIBEK
IF,LIBEK,48.098569,-54.105769, ,0.0,0.0,0,0,0,0,0,0,1,0
TF,TEVAB,48.168756,-54.172733,0, ,0.0,0.0,0.0,0.0,2,2400,0,0,0,0,1,0

APPTR,R08,08,ULENO
IF,ULENO,48.238900,-54.239881, ,0.0,0.0,0,0,0,0,0,0,1,0
TF,TEVAB,48.168756,-54.172733,0, ,0.0,0.0,0.0,0.0,2,2400,0,0,0,0,1,0

FINAL,R08,08,R,4
IF,TEVAB,48.168756,-54.172733, ,0.0,0.0,2,2400,0,0,0,0,1,0
TF,XUDSU,48.222514,-54.046733,0, ,0.0,0.0,77.0,6.0,2,2010,0,0,0,0,2,0
TF,IGRUT,48.247661,-53.987589,0, ,0.0,0.0,77.0,2.8,2,1100,0,0,0,0,0,0
TF,RW08,48.271783,-53.930775,0, ,0.0,0.0,77.0,2.7,1,213,0,0,0,0,3,1
TF,OMSOR,48.316358,-53.825358,0, ,0.0,0.0,0.0,0.0,1,2400,0,0,0,0,0,1
HM,OMSOR,48.316358,-53.825358,2, ,0.0,0.0,77.0,04.3,0,0,0,0,0,0,0,0,0

APPTR,R26,26,LOLRO
IF,LOLRO,48.297972,-53.635167, ,0.0,0.0,0,0,0,0,0,0,1,0
TF,TETED,48.368428,-53.701750,0, ,0.0,0.0,0.0,0.0,2,1800,0,0,0,0,1,0

APPTR,R26,26,VISUK
IF,VISUK,48.438842,-53.768517, ,0.0,0.0,0,0,0,0,0,0,1,0
TF,TETED,48.368428,-53.701750,0, ,0.0,0.0,0.0,0.0,2,1800,0,0,0,0,1,0

FINAL,R26,26,R,4
IF,TETED,48.368428,-53.701750, ,0.0,0.0,2,1800,0,0,0,0,1,0
TF,IGTOK,48.315044,-53.828467,0, ,0.0,0.0,257.0,6.0,2,1580,0,0,0,0,2,0
TF,ANVOK,48.303700,-53.855981,0, ,0.0,0.0,257.0,1.3,2,1170,0,0,0,0,0,0
TF,RW26,48.277564,-53.917131,0, ,0.0,0.0,257.0,2.9,1,236,0,0,0,0,3,1
TF,UBVIT,48.214992,-54.064400,0, ,0.0,0.0,0.0,0.0,1,2400,0,0,0,0,0,1
HM,UBVIT,48.214992,-54.064400,2, ,0.0,0.0,257.0,04.3,0,0,0,1,230,0,0,0,0

