APPTR,R09,09,TIDOD
IF,TIDOD,46.383303,-64.966478, ,0.0,0.0,0,0,0,0,0,0,1,0
TF,OMSAK,46.468111,-64.889947,0, ,0.0,0.0,0.0,0.0,2,1500,0,0,0,0,1,0

FINAL,R09,09,R,3
IF,OMSAK,46.468111,-64.889947, ,0.0,0.0,2,1400,0,0,0,0,1,0
TF,ETLUK,46.492417,-64.774608,0, ,0.0,0.0,91.0,5.0,2,1200,0,0,0,0,2,0
TF,RW09,46.507367,-64.703350,0, ,0.0,0.0,91.0,3.1,1,107,0,0,0,0,3,1
TF,OISTR,46.531486,-64.587844,0, ,0.0,0.0,0.0,0.0,1,1500,0,0,0,0,0,1
HM,OISTR,46.531486,-64.587844,2, ,0.0,0.0,92.0,04.3,0,0,0,1,175,0,0,0,0

APPTR,R27,27,DUVAR
IF,DUVAR,46.469667,-64.466692, ,0.0,0.0,0,0,0,1,200,0,1,0
TF,DUTUS,46.549450,-64.501389,0, ,0.0,0.0,0.0,0.0,2,1300,0,1,180,0,1,0

APPTR,R27,27,ILIRO
IF,ILIRO,46.629222,-64.536189, ,0.0,0.0,0,0,0,1,200,0,1,0
TF,DUTUS,46.549450,-64.501389,0, ,0.0,0.0,0.0,0.0,2,1300,0,1,180,0,1,0

FINAL,R27,27,R,3
IF,DUTUS,46.549450,-64.501389, ,0.0,0.0,2,1300,0,1,180,0,1,0
TF,EBMUK,46.525417,-64.616972,0, ,0.0,0.0,272.0,5.0,2,1000,0,0,0,0,2,0
TF,RW27,46.511361,-64.684267,0, ,0.0,0.0,272.0,2.9,1,75,0,0,0,0,3,1
TF,VIDVO,46.487144,-64.799686,0, ,0.0,0.0,0.0,0.0,1,1500,0,0,0,0,0,1
HM,VIDVO,46.487144,-64.799686,2, ,0.0,0.0,271.0,04.3,0,0,0,1,175,0,0,0,0

