APPTR,R05,05,EMGIV
IF,EMGIV,47.531492,-67.507044, ,0.0,0.0,0,0,0,1,200,0,1,0
TF,ILOSI,47.606217,-67.561394,0, ,0.0,0.0,0.0,0.0,2,2300,0,1,180,0,1,0

FINAL,R05,05,R,3
IF,ILOSI,47.606217,-67.561394, ,0.0,0.0,2,2300,0,1,180,0,1,0
TF,DUTUB,47.691156,-67.483456,0, ,0.0,0.0,50.0,6.0,2,2200,0,0,0,0,2,0
TF,RW05,47.747703,-67.431400,0, ,0.0,0.0,50.0,4.0,1,902,0,0,0,0,3,1
TF,EMDEB,47.818414,-67.366117,0, ,0.0,0.0,0.0,0.0,1,2700,0,0,0,0,0,1
HM,EMDEB,47.818414,-67.366117,2, ,0.0,0.0,50.0,04.3,0,0,0,1,200,0,0,0,0

APPTR,R23,23,ESTUR
IF,ESTUR,47.944892,-67.400739, ,0.0,0.0,0,0,0,1,200,0,1,0
TF,OVBAV,47.899081,-67.291381,0, ,0.0,0.0,0.0,0.0,2,2800,0,1,180,0,1,0

APPTR,R23,23,IKDOS
IF,IKDOS,47.853167,-67.182217, ,0.0,0.0,0,0,0,1,200,0,1,0
TF,OVBAV,47.899081,-67.291381,0, ,0.0,0.0,0.0,0.0,2,2800,0,1,180,0,1,0

FINAL,R23,23,R,3
IF,OVBAV,47.899081,-67.291381, ,0.0,0.0,2,2800,0,1,180,0,1,0
TF,ELIXO,47.814275,-67.369944,0, ,0.0,0.0,230.0,6.0,2,2200,0,0,0,0,2,0
TF,RW23,47.758208,-67.421714,0, ,0.0,0.0,230.0,4.0,1,934,0,0,0,0,3,1
TF,XIBAB,47.687464,-67.486847,0, ,0.0,0.0,0.0,0.0,1,2700,0,0,0,0,0,1
HM,XIBAB,47.687464,-67.486847,2, ,0.0,0.0,230.0,04.3,0,0,0,1,200,0,0,0,0

