APPTR,R12,12,VOLEM
IF,VOLEM,51.890578,-113.322092, ,0.0,0.0,0,0,0,1,200,0,1,0
TF,USBEB,51.815394,-113.428250,0, ,0.0,0.0,0.0,0.0,2,4500,0,1,180,0,1,0

APPTR,R12,12,XUGUP
IF,XUGUP,51.740117,-113.534053, ,0.0,0.0,0,0,0,1,200,0,1,0
TF,USBEB,51.815394,-113.428250,0, ,0.0,0.0,0.0,0.0,2,4500,0,1,180,0,1,0

FINAL,R12,12,R,3
IF,USBEB,51.815394,-113.428250, ,0.0,0.0,2,4500,0,1,180,0,1,0
TF,TOVOR,51.749647,-113.307044,0, ,0.0,0.0,117.0,6.0,2,4500,0,0,0,0,2,0
TF,RW12,51.699128,-113.214308,0, ,0.0,0.0,117.0,4.6,1,3015,0,0,0,0,3,1
TF,SUVOM,51.622150,-113.073661,0, ,0.0,0.0,0.0,0.0,1,4500,0,0,0,0,0,1
HM,SUVOM,51.622150,-113.073661,2, ,0.0,0.0,117.0,04.3,0,0,0,1,230,0,0,0,0

APPTR,R30,30,IRDOD
IF,IRDOD,51.647811,-112.877992, ,0.0,0.0,0,0,0,1,200,0,1,0
TF,OVUMO,51.573028,-112.984314,0, ,0.0,0.0,0.0,0.0,2,4600,0,1,180,0,1,0

APPTR,R30,30,RODPI
IF,RODPI,51.498147,-113.090289, ,0.0,0.0,0,0,0,1,200,0,1,0
TF,OVUMO,51.573028,-112.984314,0, ,0.0,0.0,0.0,0.0,2,4600,0,1,180,0,1,0

FINAL,R30,30,R,3
IF,OVUMO,51.573028,-112.984314, ,0.0,0.0,2,4600,0,1,180,0,1,0
TF,ETMAD,51.639111,-113.104581,0, ,0.0,0.0,297.0,6.0,2,4600,0,0,0,0,2,0
TF,RW30,51.693703,-113.204372,0, ,0.0,0.0,297.0,5.0,1,2997,0,0,0,0,3,1
TF,OMSEL,51.770522,-113.345461,0, ,0.0,0.0,0.0,0.0,1,4500,0,0,0,0,0,1
HM,OMSEL,51.770522,-113.345461,2, ,0.0,0.0,297.0,04.3,0,0,0,1,230,0,0,0,0

