APPTR,R08,08,KIPAV
HF,KIPAV,62.853961,-137.045694,2, ,0.0,0.0,73.0,04.3,2,6000,0,1,175,0,1,0,0

APPTR,R08,08,MIVEN
IF,MIVEN,62.950139,-137.032219, ,0.0,0.0,0,0,0,1,200,0,1,0
TF,KIPAV,62.853961,-137.045694,0, ,0.0,0.0,0.0,0.0,2,6000,0,1,180,0,1,0

APPTR,R08,08,YXY
IF,YXY,60.618889,-135.138889, ,0.0,0.0,0,0,0,0,0,0,0,0
TF,TABAG,62.605842,-136.912731,0, ,0.0,0.0,0.0,0.0,2,8900,0,0,0,0,0,0
TF,OLOTU,62.757783,-137.059083,0, ,0.0,0.0,0.0,0.0,2,6000,0,1,200,0,1,0
TF,KIPAV,62.853961,-137.045694,0, ,0.0,0.0,0.0,0.0,2,6000,0,1,180,0,1,0

FINAL,R08,08,R,4
IF,KIPAV,62.853961,-137.045694, ,0.0,0.0,2,6000,0,1,180,0,0,0
TF,IPTOX,62.847444,-136.827986,0, ,0.0,0.0,73.0,6.0,2,4890,0,0,0,0,2,0
TF,DUPIN,62.842208,-136.660736,0, ,0.0,0.0,74.0,4.6,2,3180,0,0,0,0,0,0
TF,RW08,62.838219,-136.537456,0, ,0.0,0.0,74.0,3.4,1,1919,0,0,0,0,3,1
TF,URPER,62.819203,-135.990367,0, ,0.0,0.0,0.0,0.0,1,6300,0,0,0,0,0,0
HM,URPER,62.819203,-135.990367,2, ,0.0,0.0,74.0,04.3,0,0,0,1,175,0,0,0,0

APPTR,R26,26,IMEXI
HF,IMEXI,62.793569,-135.945797,2, ,0.0,0.0,259.0,04.3,2,6900,0,1,175,0,1,0,0

APPTR,R26,26,NOREV
IF,NOREV,62.891858,-135.909250, ,0.0,0.0,0,0,0,1,200,0,1,0
TF,IMEXI,62.793569,-135.945797,0, ,0.0,0.0,0.0,0.0,2,6900,0,1,180,0,1,0

APPTR,R26,26,YXY
IF,YXY,60.618889,-135.138889, ,0.0,0.0,0,0,0,0,0,0,0,0
TF,UBTED,62.532311,-135.911611,0, ,0.0,0.0,0.0,0.0,2,8600,0,0,0,0,0,0
TF,MEDLO,62.695275,-135.982103,0, ,0.0,0.0,0.0,0.0,2,6900,0,1,200,0,1,0
TF,IMEXI,62.793569,-135.945797,0, ,0.0,0.0,0.0,0.0,2,6900,0,1,180,0,1,0

FINAL,R26,26,R,4
IF,IMEXI,62.793569,-135.945797, ,0.0,0.0,2,6900,0,1,180,0,0,0
TF,AVERO,62.810083,-136.160603,0, ,0.0,0.0,259.0,6.0,2,5520,0,0,0,0,2,0
TF,VODAB,62.820819,-136.302736,0, ,0.0,0.0,259.0,4.0,2,4080,0,0,0,0,0,0
TF,RW26,62.836789,-136.517936,0, ,0.0,0.0,259.0,6.0,1,1919,0,0,0,0,3,1
CA,0,258.0,2,3400,0,0,0,0,0,0
DF,OMTAS,62.833769,-136.881311,0, ,0.0,0.0,1,5000,0,0,0,0,0,1
HM,OMTAS,62.833769,-136.881311,1, ,0.0,0.0,243.0,04.3,0,0,0,1,175,0,0,0,0

