APPTR,R14,14,LESUM
IF,LESUM,65.750419,-106.552853, ,0.0,0.0,0,0,0,1,210,0,1,0
TF,BODPI,65.685611,-106.736736,0, ,0.0,0.0,0.0,0.0,2,2600,0,1,180,0,1,0

APPTR,R14,14,PUROX
IF,PUROX,65.620578,-106.919697, ,0.0,0.0,0,0,0,1,210,0,1,0
TF,BODPI,65.685611,-106.736736,0, ,0.0,0.0,0.0,0.0,2,2600,0,1,180,0,1,0

FINAL,R14,14,R,3
IF,BODPI,65.685611,-106.736736, ,0.0,0.0,2,2600,0,1,180,0,1,0
TF,DUVRU,65.609919,-106.579700,0, ,0.0,0.0,12.9,6.0,2,2600,0,0,0,0,2,0
TF,RW14,65.546781,-106.449661,0, ,0.0,0.0,12.9,5.0,1,997,0,0,0,0,3,1
TF,MURTI,65.464456,-106.281386,0, ,0.0,0.0,0.0,0.0,1,2700,0,0,0,0,0,1
HM,MURTI,65.464456,-106.281386,1, ,0.0,0.0,12.9,04.3,0,0,0,0,0,0,0,0,0

APPTR,R14-A,14,MEDBU
IF,MEDBU,65.720333,-106.752642, ,0.0,0.0,0,0,0,1,210,0,1,0
TF,IGVIG,65.742878,-106.558397,0, ,0.0,0.0,0.0,0.0,2,2600,0,1,210,0,1,0

APPTR,R14-A,14,NOTEB
IF,NOTEB,65.765178,-106.363817, ,0.0,0.0,0,0,0,1,210,0,1,0
TF,IGVIG,65.742878,-106.558397,0, ,0.0,0.0,0.0,0.0,2,2600,0,1,210,0,1,0

FINAL,R14-A,14,R,3
IF,IGVIG,65.742878,-106.558397, ,0.0,0.0,2,2600,0,1,210,0,1,0
TF,KOBIX,65.646911,-106.493219,0, ,0.0,0.0,15.3,6.0,2,2600,0,0,0,0,2,0
TF,NUKAB,65.570147,-106.441447,0, ,0.0,0.0,15.3,4.8,1,1060,0,0,0,0,3,1
TF,TUMIL,65.474125,-106.377139,0, ,0.0,0.0,0.0,0.0,1,2700,0,0,0,0,0,1
HM,TUMIL,65.474125,-106.377139,1, ,0.0,0.0,15.4,04.3,0,0,0,0,0,0,0,0,0

APPTR,R14-B,14,SAXIM
IF,SAXIM,65.348194,-106.499919, ,0.0,0.0,0,0,0,1,210,0,1,0
TF,REXIR,65.370422,-106.308211,0, ,0.0,0.0,0.0,0.0,2,2600,0,1,210,0,1,0

APPTR,R14-B,14,VERVO
IF,VERVO,65.392408,-106.116183, ,0.0,0.0,0,0,0,1,210,0,1,0
TF,REXIR,65.370422,-106.308211,0, ,0.0,0.0,0.0,0.0,2,2600,0,1,210,0,1,0

FINAL,R14-B,14,R,3
IF,REXIR,65.370422,-106.308211, ,0.0,0.0,2,2600,0,1,210,0,1,0
TF,PETLO,65.466475,-106.372022,0, ,0.0,0.0,33.4,6.0,2,2600,0,0,0,0,2,0
TF,SUVIN,65.543261,-106.423386,0, ,0.0,0.0,33.4,4.8,1,1060,0,0,0,0,3,1
TF,DAXAD,65.639261,-106.488058,0, ,0.0,0.0,0.0,0.0,1,2700,0,0,0,0,0,1
HM,DAXAD,65.639261,-106.488058,1, ,0.0,0.0,33.3,04.3,0,0,0,0,0,0,0,0,0

APPTR,R16-A,16,MEDBU
IF,MEDBU,65.720333,-106.752642, ,0.0,0.0,0,0,0,1,210,0,1,0
TF,IGVIG,65.742878,-106.558397,0, ,0.0,0.0,0.0,0.0,2,2600,0,1,210,0,1,0

APPTR,R16-A,16,NOTEB
IF,NOTEB,65.765178,-106.363817, ,0.0,0.0,0,0,0,1,210,0,1,0
TF,IGVIG,65.742878,-106.558397,0, ,0.0,0.0,0.0,0.0,2,2600,0,1,210,0,1,0

FINAL,R16-A,16,R,3
IF,IGVIG,65.742878,-106.558397, ,0.0,0.0,2,2600,0,1,210,0,1,0
TF,KOBIX,65.646911,-106.493219,0, ,0.0,0.0,15.3,6.0,2,2600,0,0,0,0,2,0
TF,NUKAB,65.570147,-106.441447,0, ,0.0,0.0,15.3,4.8,1,1060,0,0,0,0,3,1
TF,TUMIL,65.474125,-106.377139,0, ,0.0,0.0,0.0,0.0,1,2700,0,0,0,0,0,1
HM,TUMIL,65.474125,-106.377139,1, ,0.0,0.0,15.4,04.3,0,0,0,0,0,0,0,0,0

APPTR,R16-B,16,SAXIM
IF,SAXIM,65.348194,-106.499919, ,0.0,0.0,0,0,0,1,210,0,1,0
TF,REXIR,65.370422,-106.308211,0, ,0.0,0.0,0.0,0.0,2,2600,0,1,210,0,1,0

APPTR,R16-B,16,VERVO
IF,VERVO,65.392408,-106.116183, ,0.0,0.0,0,0,0,1,210,0,1,0
TF,REXIR,65.370422,-106.308211,0, ,0.0,0.0,0.0,0.0,2,2600,0,1,210,0,1,0

FINAL,R16-B,16,R,3
IF,REXIR,65.370422,-106.308211, ,0.0,0.0,2,2600,0,1,210,0,1,0
TF,PETLO,65.466475,-106.372022,0, ,0.0,0.0,33.4,6.0,2,2600,0,0,0,0,2,0
TF,SUVIN,65.543261,-106.423386,0, ,0.0,0.0,33.4,4.8,1,1060,0,0,0,0,3,1
TF,DAXAD,65.639261,-106.488058,0, ,0.0,0.0,0.0,0.0,1,2700,0,0,0,0,0,1
HM,DAXAD,65.639261,-106.488058,1, ,0.0,0.0,33.3,04.3,0,0,0,0,0,0,0,0,0

APPTR,R32,32,TEVUN
IF,TEVUN,65.334044,-106.329753, ,0.0,0.0,0,0,0,1,210,0,1,0
TF,BYGOM,65.398367,-106.147336,0, ,0.0,0.0,0.0,0.0,2,2600,0,1,180,0,1,0

APPTR,R32,32,URVAT
IF,URVAT,65.462467,-105.964022, ,0.0,0.0,0,0,0,1,210,0,1,0
TF,BYGOM,65.398367,-106.147336,0, ,0.0,0.0,0.0,0.0,2,2600,0,1,180,0,1,0

FINAL,R32,32,R,3
IF,BYGOM,65.398367,-106.147336, ,0.0,0.0,2,2600,0,1,180,0,1,0
TF,KAROV,65.474503,-106.301847,0, ,0.0,0.0,30.9,6.0,2,2600,0,0,0,0,2,0
TF,RW32,65.537403,-106.430417,0, ,0.0,0.0,30.9,5.0,1,1007,0,0,0,0,3,1
TF,AVISI,65.625872,-106.612694,0, ,0.0,0.0,0.0,0.0,1,2700,0,0,0,0,0,1
HM,AVISI,65.625872,-106.612694,1, ,0.0,0.0,30.9,04.3,0,0,0,0,0,0,0,0,0

APPTR,R32-A,32,MEDBU
IF,MEDBU,65.720333,-106.752642, ,0.0,0.0,0,0,0,1,210,0,1,0
TF,IGVIG,65.742878,-106.558397,0, ,0.0,0.0,0.0,0.0,2,2600,0,1,210,0,1,0

APPTR,R32-A,32,NOTEB
IF,NOTEB,65.765178,-106.363817, ,0.0,0.0,0,0,0,1,210,0,1,0
TF,IGVIG,65.742878,-106.558397,0, ,0.0,0.0,0.0,0.0,2,2600,0,1,210,0,1,0

FINAL,R32-A,32,R,3
IF,IGVIG,65.742878,-106.558397, ,0.0,0.0,2,2600,0,1,210,0,1,0
TF,KOBIX,65.646911,-106.493219,0, ,0.0,0.0,15.3,6.0,2,2600,0,0,0,0,2,0
TF,NUKAB,65.570147,-106.441447,0, ,0.0,0.0,15.3,4.8,1,1060,0,0,0,0,3,1
TF,TUMIL,65.474125,-106.377139,0, ,0.0,0.0,0.0,0.0,1,2700,0,0,0,0,0,1
HM,TUMIL,65.474125,-106.377139,1, ,0.0,0.0,15.4,04.3,0,0,0,0,0,0,0,0,0

APPTR,R32-B,32,SAXIM
IF,SAXIM,65.348194,-106.499919, ,0.0,0.0,0,0,0,1,210,0,1,0
TF,REXIR,65.370422,-106.308211,0, ,0.0,0.0,0.0,0.0,2,2600,0,1,210,0,1,0

APPTR,R32-B,32,VERVO
IF,VERVO,65.392408,-106.116183, ,0.0,0.0,0,0,0,1,210,0,1,0
TF,REXIR,65.370422,-106.308211,0, ,0.0,0.0,0.0,0.0,2,2600,0,1,210,0,1,0

FINAL,R32-B,32,R,3
IF,REXIR,65.370422,-106.308211, ,0.0,0.0,2,2600,0,1,210,0,1,0
TF,PETLO,65.466475,-106.372022,0, ,0.0,0.0,33.4,6.0,2,2600,0,0,0,0,2,0
TF,SUVIN,65.543261,-106.423386,0, ,0.0,0.0,33.4,4.8,1,1060,0,0,0,0,3,1
TF,DAXAD,65.639261,-106.488058,0, ,0.0,0.0,0.0,0.0,1,2700,0,0,0,0,0,1
HM,DAXAD,65.639261,-106.488058,1, ,0.0,0.0,33.3,04.3,0,0,0,0,0,0,0,0,0

APPTR,R34-A,34,MEDBU
IF,MEDBU,65.720333,-106.752642, ,0.0,0.0,0,0,0,1,210,0,1,0
TF,IGVIG,65.742878,-106.558397,0, ,0.0,0.0,0.0,0.0,2,2600,0,1,210,0,1,0

APPTR,R34-A,34,NOTEB
IF,NOTEB,65.765178,-106.363817, ,0.0,0.0,0,0,0,1,210,0,1,0
TF,IGVIG,65.742878,-106.558397,0, ,0.0,0.0,0.0,0.0,2,2600,0,1,210,0,1,0

FINAL,R34-A,34,R,3
IF,IGVIG,65.742878,-106.558397, ,0.0,0.0,2,2600,0,1,210,0,1,0
TF,KOBIX,65.646911,-106.493219,0, ,0.0,0.0,15.3,6.0,2,2600,0,0,0,0,2,0
TF,NUKAB,65.570147,-106.441447,0, ,0.0,0.0,15.3,4.8,1,1060,0,0,0,0,3,1
TF,TUMIL,65.474125,-106.377139,0, ,0.0,0.0,0.0,0.0,1,2700,0,0,0,0,0,1
HM,TUMIL,65.474125,-106.377139,1, ,0.0,0.0,15.4,04.3,0,0,0,0,0,0,0,0,0

APPTR,R34-B,34,SAXIM
IF,SAXIM,65.348194,-106.499919, ,0.0,0.0,0,0,0,1,210,0,1,0
TF,REXIR,65.370422,-106.308211,0, ,0.0,0.0,0.0,0.0,2,2600,0,1,210,0,1,0

APPTR,R34-B,34,VERVO
IF,VERVO,65.392408,-106.116183, ,0.0,0.0,0,0,0,1,210,0,1,0
TF,REXIR,65.370422,-106.308211,0, ,0.0,0.0,0.0,0.0,2,2600,0,1,210,0,1,0

FINAL,R34-B,34,R,3
IF,REXIR,65.370422,-106.308211, ,0.0,0.0,2,2600,0,1,210,0,1,0
TF,PETLO,65.466475,-106.372022,0, ,0.0,0.0,33.4,6.0,2,2600,0,0,0,0,2,0
TF,SUVIN,65.543261,-106.423386,0, ,0.0,0.0,33.4,4.8,1,1060,0,0,0,0,3,1
TF,DAXAD,65.639261,-106.488058,0, ,0.0,0.0,0.0,0.0,1,2700,0,0,0,0,0,1
HM,DAXAD,65.639261,-106.488058,1, ,0.0,0.0,33.3,04.3,0,0,0,0,0,0,0,0,0

