APPTR,R17-Y,17,ITBOX
IF,ITBOX,50.943708,-101.478942, ,0.0,0.0,0,0,0,1,210,0,1,0
TF,MIVET,50.952975,-101.321506,0, ,0.0,0.0,0.0,0.0,2,3500,0,1,180,0,1,0

APPTR,R17-Y,17,VIDMA
IF,VIDMA,50.962031,-101.164003, ,0.0,0.0,0,0,0,1,210,0,1,0
TF,MIVET,50.952975,-101.321506,0, ,0.0,0.0,0.0,0.0,2,3500,0,1,180,0,1,0

FINAL,R17-Y,17,R,4
IF,MIVET,50.952975,-101.321506, ,0.0,0.0,2,3500,0,1,180,0,1,0
TF,PEVMI,50.853508,-101.307031,0, ,0.0,0.0,168.0,6.0,2,3500,0,0,0,0,2,0
TF,IGSUD,50.809306,-101.300619,0, ,0.0,0.0,168.0,2.7,2,2630,0,0,0,0,0,0
TF,RW17,50.769517,-101.294858,0, ,0.0,0.0,168.0,2.4,1,1864,0,0,0,0,3,1
TF,AXETA,50.653464,-101.278111,0, ,0.0,0.0,0.0,0.0,1,3500,0,0,0,0,0,1
HM,AXETA,50.653464,-101.278111,2, ,0.0,0.0,168.0,04.3,0,0,0,1,230,0,0,0,0

APPTR,R17-Z,17,ITBOX
IF,ITBOX,50.943708,-101.478942, ,0.0,0.0,0,0,0,1,210,0,1,0
TF,MIVET,50.952975,-101.321506,0, ,0.0,0.0,0.0,0.0,2,3500,0,1,180,0,1,0

APPTR,R17-Z,17,VIDMA
IF,VIDMA,50.962031,-101.164003, ,0.0,0.0,0,0,0,1,210,0,1,0
TF,MIVET,50.952975,-101.321506,0, ,0.0,0.0,0.0,0.0,2,3500,0,1,180,0,1,0

FINAL,R17-Z,17,R,4
IF,MIVET,50.952975,-101.321506, ,0.0,0.0,2,3500,0,1,180,0,1,0
TF,PEVMI,50.853508,-101.307031,0, ,0.0,0.0,168.0,6.0,2,3500,0,0,0,0,2,0
TF,IGSUD,50.809306,-101.300619,0, ,0.0,0.0,168.0,2.7,2,2630,0,0,0,0,0,0
TF,RW17,50.769517,-101.294858,0, ,0.0,0.0,168.0,2.4,1,1864,0,0,0,0,3,1
TF,AXETA,50.653464,-101.278111,0, ,0.0,0.0,0.0,0.0,1,3500,0,0,0,0,0,1
HM,AXETA,50.653464,-101.278111,2, ,0.0,0.0,168.0,04.3,2,3500,0,1,230,0,0,0,0

APPTR,R35-Y,35,DULKU
IF,DULKU,50.565708,-101.423008, ,0.0,0.0,0,0,0,1,210,0,1,0
TF,IPTEM,50.574900,-101.266822,0, ,0.0,0.0,0.0,0.0,2,3500,0,1,180,0,1,0

APPTR,R35-Y,35,EPMUS
IF,EPMUS,50.583883,-101.110575, ,0.0,0.0,0,0,0,1,210,0,1,0
TF,IPTEM,50.574900,-101.266822,0, ,0.0,0.0,0.0,0.0,2,3500,0,1,180,0,1,0

FINAL,R35-Y,35,R,3
IF,IPTEM,50.574900,-101.266822, ,0.0,0.0,2,3500,0,1,180,0,1,0
TF,MARAB,50.674378,-101.281122,0, ,0.0,0.0,348.0,6.0,2,3500,0,0,0,0,2,0
TF,RW35,50.758594,-101.293281,0, ,0.0,0.0,348.0,5.1,1,1859,0,0,0,0,3,1
TF,GUDIG,50.874642,-101.310103,0, ,0.0,0.0,0.0,0.0,1,3500,0,0,0,0,0,1
HM,GUDIG,50.874642,-101.310103,2, ,0.0,0.0,348.0,04.3,0,0,0,1,230,0,0,0,0

APPTR,R35-Z,35,DULKU
IF,DULKU,50.565708,-101.423008, ,0.0,0.0,0,0,0,1,210,0,1,0
TF,IPTEM,50.574900,-101.266822,0, ,0.0,0.0,0.0,0.0,2,3500,0,1,180,0,1,0

APPTR,R35-Z,35,EPMUS
IF,EPMUS,50.583883,-101.110575, ,0.0,0.0,0,0,0,1,210,0,1,0
TF,IPTEM,50.574900,-101.266822,0, ,0.0,0.0,0.0,0.0,2,3500,0,1,180,0,1,0

FINAL,R35-Z,35,R,3
IF,IPTEM,50.574900,-101.266822, ,0.0,0.0,2,3500,0,1,180,0,1,0
TF,MARAB,50.674378,-101.281122,0, ,0.0,0.0,348.0,6.0,2,3500,0,0,0,0,2,0
TF,RW35,50.758594,-101.293281,0, ,0.0,0.0,348.0,5.1,1,1859,0,0,0,0,3,1
TF,GUDIG,50.874642,-101.310103,0, ,0.0,0.0,0.0,0.0,1,3500,0,0,0,0,0,1
HM,GUDIG,50.874642,-101.310103,2, ,0.0,0.0,348.0,04.3,2,3500,0,1,230,0,0,0,0

