APPTR,R05,05,NALRI
IF,NALRI,55.383214,-102.462975, ,0.0,0.0,0,0,0,1,210,0,1,0
TF,OKOTI,55.463708,-102.539444,0, ,0.0,0.0,0.0,0.0,2,2700,0,1,180,0,1,0

APPTR,R05,05,TUKUM
IF,TUKUM,55.544153,-102.616228, ,0.0,0.0,0,0,0,1,210,0,1,0
TF,OKOTI,55.463708,-102.539444,0, ,0.0,0.0,0.0,0.0,2,2700,0,1,180,0,1,0

FINAL,R05,05,R,3
IF,OKOTI,55.463708,-102.539444, ,0.0,0.0,2,2700,0,1,180,0,1,0
TF,MIPOD,55.503217,-102.410558,0, ,0.0,0.0,54.0,5.0,2,2700,0,0,0,0,2,0
TF,RW05,55.543514,-102.277956,0, ,0.0,0.0,54.0,5.1,1,1053,0,0,0,0,3,1
TF,SASUX,55.590678,-102.122733,0, ,0.0,0.0,0.0,0.0,1,2500,0,0,0,0,0,1
HM,SASUX,55.590678,-102.122733,2, ,0.0,0.0,55.0,04.3,0,0,0,0,0,0,0,0,0

APPTR,R23,23,PIKBI
IF,PIKBI,55.707761,-102.078211, ,0.0,0.0,0,0,0,1,210,0,1,0
TF,URLUV,55.626983,-102.002211,0, ,0.0,0.0,0.0,0.0,2,2700,0,1,180,0,1,0

APPTR,R23,23,XOVIR
IF,XOVIR,55.546156,-101.926525, ,0.0,0.0,0,0,0,1,210,0,1,0
TF,URLUV,55.626983,-102.002211,0, ,0.0,0.0,0.0,0.0,2,2700,0,1,180,0,1,0

FINAL,R23,23,R,3
IF,URLUV,55.626983,-102.002211, ,0.0,0.0,2,2700,0,1,180,0,1,0
TF,XUBDI,55.587903,-102.131914,0, ,0.0,0.0,235.0,5.0,2,2700,0,0,0,0,2,0
TF,RW23,55.547331,-102.265817,0, ,0.0,0.0,235.0,5.2,1,1039,0,0,0,0,3,1
TF,KITUG,55.500086,-102.420797,0, ,0.0,0.0,0.0,0.0,1,2500,0,0,0,0,0,1
HM,KITUG,55.500086,-102.420797,2, ,0.0,0.0,234.0,04.3,0,0,0,0,0,0,0,0,0

