APPTR,R12,12,AXALA
IF,AXALA,53.997639,-89.791325, ,0.0,0.0,0,0,0,1,210,0,1,0
TF,LOPGA,53.921894,-89.849672,0, ,0.0,0.0,0.0,0.0,2,2100,0,0,0,0,1,0

APPTR,R12,12,TIDIK
IF,TIDIK,53.846117,-89.907811, ,0.0,0.0,0,0,0,1,210,0,1,0
TF,LOPGA,53.921894,-89.849672,0, ,0.0,0.0,0.0,0.0,2,2100,0,0,0,0,1,0

FINAL,R12,12,R,3
IF,LOPGA,53.921894,-89.849672, ,0.0,0.0,2,2100,0,0,0,0,1,0
TF,NAKAK,53.880539,-89.695803,0, ,0.0,0.0,119.0,6.0,2,2100,0,0,0,0,2,0
TF,RW12,53.851122,-89.586978,0, ,0.0,0.0,120.0,4.3,1,746,0,0,0,0,3,1
TF,IGTUV,53.816397,-89.459167,0, ,0.0,0.0,0.0,0.0,1,2100,0,0,0,0,0,1
HM,IGTUV,53.816397,-89.459167,2, ,0.0,0.0,120.0,04.3,2,2100,0,1,230,0,0,0,0

APPTR,R30,30,OTREN
IF,OTREN,53.700464,-89.370211, ,0.0,0.0,0,0,0,1,210,0,1,0
TF,IMOKI,53.775978,-89.311306,0, ,0.0,0.0,0.0,0.0,2,2100,0,0,0,0,1,0

APPTR,R30,30,XERUD
IF,XERUD,53.851464,-89.252192, ,0.0,0.0,0,0,0,1,210,0,1,0
TF,IMOKI,53.775978,-89.311306,0, ,0.0,0.0,0.0,0.0,2,2100,0,0,0,0,1,0

FINAL,R30,30,R,3
IF,IMOKI,53.775978,-89.311306, ,0.0,0.0,2,2100,0,0,0,0,1,0
TF,EPVAV,53.817825,-89.464411,0, ,0.0,0.0,300.0,6.0,2,2100,0,0,0,0,2,0
TF,RW30,53.847006,-89.571781,0, ,0.0,0.0,300.0,4.2,1,762,0,0,0,0,3,1
TF,SEBAX,53.881611,-89.699778,0, ,0.0,0.0,0.0,0.0,1,2100,0,0,0,0,0,1
HM,SEBAX,53.881611,-89.699778,2, ,0.0,0.0,300.0,04.3,2,2100,0,1,230,0,0,0,0

