APPTR,R17,17,RAGEG
IF,RAGEG,62.825308,-137.316081, ,0.0,0.0,0,0,0,1,210,0,1,0
TF,IGTIS,62.798994,-137.105917,0, ,0.0,0.0,0.0,0.0,2,4900,0,1,180,0,1,0

APPTR,R17,17,YXY
IF,YXY,60.618889,-135.138889, ,0.0,0.0,0,0,0,0,0,0,0,0
TF,NABKO,62.618194,-136.761228,0, ,0.0,0.0,0.0,0.0,2,8800,0,0,0,0,0,0
TF,LEXET,62.772369,-136.896131,0, ,0.0,0.0,0.0,0.0,2,5300,0,1,210,0,1,0
TF,IGTIS,62.798994,-137.105917,0, ,0.0,0.0,0.0,0.0,2,4900,0,1,180,0,1,0

FINAL,R17,17,R,3
IF,IGTIS,62.798994,-137.105917, ,0.0,0.0,2,4900,0,1,180,0,0,0
TF,LEVAX,62.702864,-137.163556,0, ,0.0,0.0,175.0,6.0,2,4800,0,0,0,0,2,0
TF,RW17,62.610711,-137.218442,0, ,0.0,0.0,175.0,5.8,1,2949,0,0,0,0,3,1
TF,VIRMU,62.498500,-137.284800,0, ,0.0,0.0,0.0,0.0,1,5500,0,0,0,0,0,1
HM,VIRMU,62.498500,-137.284800,1, ,0.0,0.0,175.0,04.3,0,0,0,1,200,0,0,0,0

APPTR,R35,35,EPMOV
IF,EPMOV,62.410517,-137.566536, ,0.0,0.0,0,0,0,1,210,0,1,0
TF,PETMO,62.383708,-137.352153,0, ,0.0,0.0,0.0,0.0,2,5800,0,1,180,0,1,0

APPTR,R35,35,YXY
IF,YXY,60.618889,-135.138889, ,0.0,0.0,0,0,0,0,0,0,0,0
TF,BINLA,62.212106,-136.961836,0, ,0.0,0.0,0.0,0.0,2,8800,0,0,0,0,0,0
TF,ROVBO,62.356569,-137.138156,0, ,0.0,0.0,0.0,0.0,2,7200,0,1,210,0,1,0
TF,PETMO,62.383708,-137.352153,0, ,0.0,0.0,0.0,0.0,2,5900,0,1,180,0,1,0

FINAL,R35,35,R,4
IF,PETMO,62.383708,-137.352153, ,0.0,0.0,2,5800,0,1,180,0,0,0
TF,SUVUK,62.479919,-137.295739,0, ,0.0,0.0,355.0,6.0,2,5520,0,0,0,0,2,0
TF,XETAS,62.513894,-137.275728,0, ,0.0,0.0,355.0,2.1,2,4800,0,0,0,0,0,0
TF,RW35,62.598853,-137.225478,0, ,0.0,0.0,355.0,5.3,1,3019,0,0,0,0,3,1
TF,MUPUD,62.711036,-137.158669,0, ,0.0,0.0,0.0,0.0,1,5000,0,0,0,0,0,1
HM,MUPUD,62.711036,-137.158669,2, ,0.0,0.0,355.0,04.3,0,0,0,1,200,0,0,0,0

