APPTR,R01,01,GREGR
IF,GREGR,73.867361,-94.111325, ,0.0,0.0,0,0,0,1,210,0,1,0
TF,IGSIX,73.873636,-93.753833,0, ,0.0,0.0,0.0,0.0,2,2200,0,1,180,0,1,0

APPTR,R01,01,IKDEK
IF,IKDEK,73.879317,-93.396083, ,0.0,0.0,0,0,0,1,210,0,1,0
TF,IGSIX,73.873636,-93.753833,0, ,0.0,0.0,0.0,0.0,2,2200,0,1,180,0,1,0

FINAL,R01,01,R,4
IF,IGSIX,73.873636,-93.753833, ,0.0,0.0,2,2200,0,1,180,0,1,0
TF,EDTIN,73.973019,-93.775469,0, ,0.0,0.0,37.4,6.0,2,1990,0,0,0,0,2,0
TF,ELLMA,74.007475,-93.783033,0, ,0.0,0.0,37.4,2.1,2,1240,0,0,0,0,0,0
TF,HEPPS,74.062133,-93.795097,0, ,0.0,0.0,37.4,3.3,1,71,0,0,0,0,3,1
TF,GUBEG,74.178072,-93.820953,0, ,0.0,0.0,0.0,0.0,1,2300,0,0,0,0,0,1
HM,GUBEG,74.178072,-93.820953,2, ,0.0,0.0,37.4,04.3,0,0,0,0,0,0,0,0,0

APPTR,R19,19,LEXID
IF,LEXID,74.251706,-94.205431, ,0.0,0.0,0,0,0,1,210,0,1,0
TF,KIXUL,74.261619,-93.840497,0, ,0.0,0.0,0.0,0.0,2,1900,0,1,180,0,1,0

APPTR,R19,19,NOROV
IF,NOROV,74.270925,-93.475131, ,0.0,0.0,0,0,0,1,210,0,1,0
TF,KIXUL,74.261619,-93.840497,0, ,0.0,0.0,0.0,0.0,2,1900,0,1,180,0,1,0

FINAL,R19,19,R,3
IF,KIXUL,74.261619,-93.840497, ,0.0,0.0,2,1900,0,1,180,0,1,0
TF,KEGNO,74.162519,-93.805303,0, ,0.0,0.0,19.1,6.0,2,1800,0,0,0,0,2,0
TF,LEPEB,74.072944,-93.773858,0, ,0.0,0.0,19.1,5.4,1,57,0,0,0,0,3,1
TF,BUKKY,73.957317,-93.733778,0, ,0.0,0.0,0.0,0.0,1,2300,0,0,0,0,0,1
HM,BUKKY,73.957317,-93.733778,2, ,0.0,0.0,19.2,04.3,0,0,0,0,0,0,0,0,0

