APPTR,N06,06,Y8
PI,Y8,45.847222,-72.398889,2,Y8,184.0,10.0,229,5.0,2,2100,0,0,0,0,1,0
CF,FF06,45.765692,-72.477436,0,Y8,229.0,5.9,49.0,4.1,2,2100,0,0,0,0,0,0

FINAL,N06,06,N,2
IF,FF06,45.765692,-72.477436,Y8,0.0,0.0,2,2100,0,0,0,0,2,0
CF,RW06,45.837372,-72.405308,0,Y8,0.0,0.0,49.0,5.3,1,418,0,0,0,0,3,0
CF,Y8,45.847222,-72.398889,0,Y8,0.0,0.0,49.0,0.7,0,0,0,0,0,0,0,1
CA,0,49.0,2,1900,0,0,0,0,0,0
DF,Y8,45.847222,-72.398889,2, ,0.0,0.0,1,2900,0,0,0,0,0,0
HM,Y8,45.847222,-72.398889,2, ,0.0,0.0,49.0,04.3,0,0,0,0,0,0,0,0,0

APPTR,N24,24,Y8
PI,Y8,45.847222,-72.398889,1,Y8,112.0,10.0,067,5.0,2,2100,0,0,0,0,1,0
CF,FF24,45.905644,-72.291681,0,Y8,67.0,5.7,247.0,4.3,2,2100,0,0,0,0,0,0

FINAL,N24,24,N,2
IF,FF24,45.905644,-72.291681,Y8,0.0,0.0,2,2100,0,0,0,0,2,0
CF,RW24,45.849853,-72.389947,0,Y8,0.0,0.0,247.0,5.3,1,404,0,0,0,0,3,0
CF,Y8,45.847222,-72.398889,0,Y8,0.0,0.0,247.0,0.4,0,0,0,0,0,0,0,1
CA,0,219.0,2,2900,0,0,0,0,0,0
DF,Y8,45.847222,-72.398889,1, ,0.0,0.0,1,2900,0,0,0,0,0,0
HM,Y8,45.847222,-72.398889,1, ,0.0,0.0,247.0,04.3,0,0,0,0,0,0,0,0,0

APPTR,R06,06,IGVAL
IF,IGVAL,45.764794,-72.651208, ,0.0,0.0,0,0,0,1,210,0,1,0
TF,KEMLO,45.710622,-72.560814,0, ,0.0,0.0,0.0,0.0,2,1700,0,0,0,0,1,0

APPTR,R06,06,IMAGO
IF,IMAGO,45.656378,-72.470597, ,0.0,0.0,0,0,0,1,210,0,1,0
TF,KEMLO,45.710622,-72.560814,0, ,0.0,0.0,0.0,0.0,2,1700,0,0,0,0,1,0

FINAL,R06,06,R,3
IF,KEMLO,45.710622,-72.560814, ,0.0,0.0,2,1700,0,0,0,0,1,0
TF,ELUKI,45.786503,-72.467836,0, ,0.0,0.0,56.0,6.0,2,1700,0,0,0,0,2,0
TF,RW06,45.837372,-72.405308,0, ,0.0,0.0,56.0,4.0,1,418,0,0,0,0,3,1
TF,NAMTO,45.900506,-72.327492,0, ,0.0,0.0,0.0,0.0,1,2100,0,0,0,0,0,1
HM,NAMTO,45.900506,-72.327492,2, ,0.0,0.0,56.0,04.3,0,0,0,0,0,0,0,0,0

APPTR,R24,24,LETUG
IF,LETUG,45.922419,-72.142650, ,0.0,0.0,0,0,0,1,210,0,1,0
TF,KIRIB,45.976919,-72.232978,0, ,0.0,0.0,0.0,0.0,2,1800,0,0,0,0,1,0

APPTR,R24,24,LIDEP
IF,LIDEP,46.031350,-72.323483, ,0.0,0.0,0,0,0,1,210,0,1,0
TF,KIRIB,45.976919,-72.232978,0, ,0.0,0.0,0.0,0.0,2,1800,0,0,0,0,1,0

FINAL,R24,24,R,3
IF,KIRIB,45.976919,-72.232978, ,0.0,0.0,2,1800,0,0,0,0,1,0
TF,EPSUN,45.901233,-72.326594,0, ,0.0,0.0,236.0,6.0,2,1700,0,0,0,0,2,0
TF,RW24,45.849853,-72.389947,0, ,0.0,0.0,236.0,4.1,1,404,0,0,0,0,3,1
TF,MASEM,45.786678,-72.467622,0, ,0.0,0.0,0.0,0.0,1,2100,0,0,0,0,0,1
HM,MASEM,45.786678,-72.467622,2, ,0.0,0.0,236.0,04.3,0,0,0,0,0,0,0,0,0

