APPTR,R18,18,SELEP
IF,SELEP,49.105211,-79.127681, ,0.0,0.0,0,0,0,1,210,0,1,0
TF,TUDOB,49.082769,-79.249778,0, ,0.0,0.0,0.0,0.0,2,2700,0,1,180,0,1,0

APPTR,R18,18,SIGSU
IF,SIGSU,49.060194,-79.371764, ,0.0,0.0,0,0,0,1,210,0,1,0
TF,TUDOB,49.082769,-79.249778,0, ,0.0,0.0,0.0,0.0,2,2700,0,1,180,0,1,0

FINAL,R18,18,R,3
IF,TUDOB,49.082769,-79.249778, ,0.0,0.0,2,2700,0,1,180,0,1,0
TF,UDLUV,49.002597,-79.215567,0, ,0.0,0.0,177.0,5.0,2,2700,0,0,0,0,2,0
TF,RW18,48.922978,-79.181703,0, ,0.0,0.0,177.0,5.0,1,1097,0,0,0,0,3,1
TF,VESMA,48.842786,-79.147708,0, ,0.0,0.0,0.0,0.0,1,2700,0,0,0,0,0,1
HM,VESMA,48.842786,-79.147708,2, ,0.0,0.0,177.0,04.3,2,2700,0,1,250,0,0,0,0

APPTR,R36,36,ALSIS
IF,ALSIS,48.712222,-79.223253, ,0.0,0.0,0,0,0,1,210,0,1,0
TF,DURAG,48.734639,-79.102044,0, ,0.0,0.0,0.0,0.0,2,2700,0,1,180,0,1,0

APPTR,R36,36,AMOVI
IF,AMOVI,48.756931,-78.980728, ,0.0,0.0,0,0,0,1,210,0,1,0
TF,DURAG,48.734639,-79.102044,0, ,0.0,0.0,0.0,0.0,2,2700,0,1,180,0,1,0

FINAL,R36,36,R,3
IF,DURAG,48.734639,-79.102044, ,0.0,0.0,2,2700,0,1,180,0,1,0
TF,EMKUM,48.830889,-79.142675,0, ,0.0,0.0,357.0,6.0,2,2700,0,0,0,0,2,0
TF,RW36,48.910569,-79.176436,0, ,0.0,0.0,357.0,5.0,1,1096,0,0,0,0,3,1
TF,IKBUG,48.990753,-79.210522,0, ,0.0,0.0,0.0,0.0,1,2700,0,0,0,0,0,1
HM,IKBUG,48.990753,-79.210522,2, ,0.0,0.0,357.0,04.3,2,2700,0,1,250,0,0,0,0

