APPTR,R10,10,MESRU
IF,MESRU,52.724833,-84.235061, ,0.0,0.0,0,0,0,1,210,0,1,0
TF,RIDEK,52.824586,-84.242478,0, ,0.0,0.0,0.0,0.0,2,2100,0,1,180,0,1,0

APPTR,R10,10,UKTEP
IF,UKTEP,52.924336,-84.249928, ,0.0,0.0,0,0,0,1,210,0,1,0
TF,RIDEK,52.824586,-84.242478,0, ,0.0,0.0,0.0,0.0,2,2100,0,1,180,0,1,0

FINAL,R10,10,R,3
IF,RIDEK,52.824586,-84.242478, ,0.0,0.0,2,2100,0,1,180,0,1,0
TF,VIMTO,52.828975,-84.077783,0, ,0.0,0.0,97.0,6.0,2,2000,0,0,0,0,2,0
TF,RW10,52.832569,-83.935939,0, ,0.0,0.0,98.0,5.2,1,341,0,0,0,0,3,1
TF,MISEV,52.837172,-83.743725,0, ,0.0,0.0,0.0,0.0,1,1500,0,0,0,0,0,1
HM,MISEV,52.837172,-83.743725,2, ,0.0,0.0,98.0,04.3,0,0,0,0,0,0,0,0,0

APPTR,R28,28,RIBEB
IF,RIBEB,52.940056,-83.612369, ,0.0,0.0,0,0,0,1,210,0,1,0
TF,ROLPU,52.840269,-83.606378,0, ,0.0,0.0,0.0,0.0,2,2100,0,1,180,0,1,0

APPTR,R28,28,VILSO
IF,VILSO,52.740481,-83.600414, ,0.0,0.0,0,0,0,1,210,0,1,0
TF,ROLPU,52.840269,-83.606378,0, ,0.0,0.0,0.0,0.0,2,2100,0,1,180,0,1,0

FINAL,R28,28,R,3
IF,ROLPU,52.840269,-83.606378, ,0.0,0.0,2,2100,0,1,180,0,1,0
TF,MENVU,52.836533,-83.771158,0, ,0.0,0.0,278.0,6.0,2,2000,0,0,0,0,2,0
TF,RW28,52.833119,-83.913703,0, ,0.0,0.0,278.0,5.2,1,333,0,0,0,0,3,1
TF,UKRAP,52.828242,-84.105881,0, ,0.0,0.0,0.0,0.0,1,1500,0,0,0,0,0,1
HM,UKRAP,52.828242,-84.105881,2, ,0.0,0.0,278.0,04.3,0,0,0,0,0,0,0,0,0

