APPTR,R18,18,ALNEK
IF,ALNEK,50.446089,-95.841156, ,0.0,0.0,0,0,0,1,210,0,1,0
TF,OVBUM,50.455669,-95.983786,0, ,0.0,0.0,0.0,0.0,2,2100,0,1,180,0,1,0

APPTR,R18,18,BORAB
IF,BORAB,50.465072,-96.126475, ,0.0,0.0,0,0,0,1,210,0,1,0
TF,OVBUM,50.455669,-95.983786,0, ,0.0,0.0,0.0,0.0,2,2100,0,1,180,0,1,0

FINAL,R18,18,R,3
IF,OVBUM,50.455669,-95.983786, ,0.0,0.0,2,2100,0,1,180,0,1,0
TF,UKRIX,50.356311,-95.999972,0, ,0.0,0.0,184.0,6.0,2,1990,0,0,0,0,2,0
TF,RW18,50.299650,-96.009172,0, ,0.0,0.0,184.0,3.4,1,900,0,0,0,0,3,1
DF,ALNEK,50.446089,-95.841156,1, ,0.0,0.0,1,2500,0,1,165,0,0,0
HM,ALNEK,50.446089,-95.841156,2, ,0.0,0.0,274.0,04.3,0,0,0,1,250,0,0,0,0

APPTR,R36,36,DUKNU
IF,DUKNU,50.144381,-95.890994, ,0.0,0.0,0,0,0,1,210,0,1,0
TF,ALRAV,50.153900,-96.032736,0, ,0.0,0.0,0.0,0.0,2,2300,0,1,180,0,1,0

APPTR,R36,36,ERBUP
IF,ERBUP,50.163244,-96.174533, ,0.0,0.0,0,0,0,1,210,0,1,0
TF,ALRAV,50.153900,-96.032736,0, ,0.0,0.0,0.0,0.0,2,2100,0,1,180,0,1,0

FINAL,R36,36,R,3
IF,ALRAV,50.153900,-96.032736, ,0.0,0.0,2,2100,0,1,180,0,1,0
TF,OMRIV,50.236703,-96.019367,0, ,0.0,0.0,4.0,5.0,2,2100,0,0,0,0,2,0
TF,RW36,50.289811,-96.010767,0, ,0.0,0.0,4.0,3.2,1,899,0,0,0,0,3,1
TF,MARUR,50.372614,-95.997322,0, ,0.0,0.0,0.0,0.0,1,2400,0,0,0,0,0,1
HM,MARUR,50.372614,-95.997322,2, ,0.0,0.0,4.0,04.3,0,0,0,1,250,0,0,0,0

