APPTR,R03,03,ADSUS
IF,ADSUS,57.811506,-102.008947, ,0.0,0.0,0,0,0,1,210,0,1,0
TF,IGROR,57.757639,-101.890372,0, ,0.0,0.0,0.0,0.0,2,2500,0,0,0,0,1,0

APPTR,R03,03,TAKAM
IF,TAKAM,57.703661,-101.772150, ,0.0,0.0,0,0,0,1,210,0,1,0
TF,IGROR,57.757639,-101.890372,0, ,0.0,0.0,0.0,0.0,2,2500,0,0,0,0,1,0

FINAL,R03,03,R,3
IF,IGROR,57.757639,-101.890372, ,0.0,0.0,2,2500,0,0,0,0,1,0
TF,URLUM,57.833525,-101.769061,0, ,0.0,0.0,34.0,6.0,2,2500,0,0,0,0,2,0
TF,RW03,57.885831,-101.685039,0, ,0.0,0.0,34.0,4.1,1,1181,0,0,0,0,3,1
TF,OMPEK,57.948911,-101.583261,0, ,0.0,0.0,0.0,0.0,1,2700,0,0,0,0,0,1
HM,OMPEK,57.948911,-101.583261,2, ,0.0,0.0,34.0,04.3,2,2700,0,0,0,0,0,0,0

APPTR,R21,21,GADIN
IF,GADIN,58.075297,-101.585094, ,0.0,0.0,0,0,0,1,210,0,1,0
TF,DAPIV,58.021039,-101.466289,0, ,0.0,0.0,0.0,0.0,2,2600,0,0,0,0,1,0

APPTR,R21,21,KASAK
IF,KASAK,57.966667,-101.347839, ,0.0,0.0,0,0,0,1,210,0,1,0
TF,DAPIV,58.021039,-101.466289,0, ,0.0,0.0,0.0,0.0,2,2600,0,0,0,0,1,0

FINAL,R21,21,R,3
IF,DAPIV,58.021039,-101.466289, ,0.0,0.0,2,2600,0,0,0,0,1,0
TF,BENER,57.945444,-101.588869,0, ,0.0,0.0,214.0,6.0,2,2500,0,0,0,0,2,0
TF,RW21,57.893103,-101.673331,0, ,0.0,0.0,214.0,4.2,1,1179,0,0,0,0,3,1
TF,LEVAL,57.829950,-101.774792,0, ,0.0,0.0,0.0,0.0,1,2700,0,0,0,0,0,1
HM,LEVAL,57.829950,-101.774792,2, ,0.0,0.0,214.0,04.3,2,2700,0,0,0,0,0,0,0

