APPTR,R13,13,PEVDA
IF,PEVDA,49.118994,-81.307006, ,0.0,0.0,0,0,0,0,0,0,1,0
TF,UKMUK,49.191494,-81.244569,0, ,0.0,0.0,0.0,0.0,2,2500,0,0,0,0,1,0

APPTR,R13,13,VITIP
IF,VITIP,49.263956,-81.181956, ,0.0,0.0,0,0,0,0,0,0,1,0
TF,UKMUK,49.191494,-81.244569,0, ,0.0,0.0,0.0,0.0,2,2500,0,0,0,0,1,0

FINAL,R13,13,R,3
IF,UKMUK,49.191494,-81.244569, ,0.0,0.0,2,2500,0,0,0,0,1,0
TF,TETEB,49.150672,-81.133892,0, ,0.0,0.0,130.0,5.0,2,2480,0,0,0,0,2,0
TF,RW13,49.109744,-81.023394,0, ,0.0,0.0,130.0,5.0,1,890,0,0,0,0,3,1
TF,OVBOP,49.068711,-80.913081,0, ,0.0,0.0,0.0,0.0,1,2500,0,0,0,0,0,1
HM,OVBOP,49.068711,-80.913081,1, ,0.0,0.0,131.0,04.3,0,0,0,1,250,0,0,0,0

APPTR,R31,31,EPLOG
IF,EPLOG,49.093950,-80.724283, ,0.0,0.0,0,0,0,0,0,0,1,0
TF,KEVMO,49.021492,-80.786708,0, ,0.0,0.0,0.0,0.0,2,2600,0,0,0,0,1,0

APPTR,R31,31,OTPEN
IF,OTPEN,48.949000,-80.848953, ,0.0,0.0,0,0,0,0,0,0,1,0
TF,KEVMO,49.021492,-80.786708,0, ,0.0,0.0,0.0,0.0,2,2600,0,0,0,0,1,0

FINAL,R31,31,R,4
IF,KEVMO,49.021492,-80.786708, ,0.0,0.0,2,2600,0,0,0,0,1,0
TF,NOVOX,49.062647,-80.896814,0, ,0.0,0.0,311.0,5.0,2,2500,0,0,0,0,2,0
TF,EPVUP,49.083183,-80.951936,0, ,0.0,0.0,311.0,2.5,2,1710,0,0,0,0,0,0
TF,RW31,49.103694,-81.007103,0, ,0.0,0.0,311.0,2.5,1,912,0,0,0,0,3,1
TF,VIDVI,49.144639,-81.117572,0, ,0.0,0.0,0.0,0.0,1,2500,0,0,0,0,0,1
HM,VIDVI,49.144639,-81.117572,2, ,0.0,0.0,311.0,04.3,0,0,0,1,250,0,0,0,0

