APPTR,R01-A,01,FLOON
IF,FLOON,51.005000,-120.705000, ,0.0,0.0,0,0,0,0,0,0,0,0
TF,KODAP,51.720544,-119.539172,0, ,0.0,0.0,0.0,0.0,2,10700,0,0,0,0,1,0
TF,TABVA,51.870567,-119.422886,0, ,0.0,0.0,0.0,0.0,2,7300,0,0,0,0,1,0

FINAL,R01-A,01,R,5
IF,TABVA,51.870567,-119.422886, ,0.0,0.0,2,7300,0,0,0,0,0,0
TF,IKMOP,51.938039,-119.370306,0, ,0.0,0.0,9.0,4.5,2,6600,0,0,0,0,2,0
TF,EBNAK,51.979719,-119.353781,0, ,0.0,0.0,357.0,2.6,2,6540,0,0,0,0,0,0
TF,OMPUM,52.021750,-119.337083,0, ,0.0,0.0,357.0,2.6,2,6480,0,0,0,0,0,0
TF,VOBEK,52.076711,-119.315200,0, ,0.0,0.0,357.0,3.4,1,6420,0,0,0,0,3,1
DF,OMPUK,52.495914,-119.051189,0, ,0.0,0.0,1,11400,0,0,0,0,0,1
HM,OMPUK,52.495914,-119.051189,1, ,0.0,0.0,34.0,04.3,0,0,0,1,175,0,0,0,0

APPTR,R01-B,01,FLOON
IF,FLOON,51.005000,-120.705000, ,0.0,0.0,0,0,0,0,0,0,0,0
TF,KODAP,51.720544,-119.539172,0, ,0.0,0.0,0.0,0.0,2,10700,0,0,0,0,1,0
TF,TABVA,51.870567,-119.422886,0, ,0.0,0.0,0.0,0.0,2,7300,0,0,0,0,1,0

FINAL,R01-B,01,R,5
IF,TABVA,51.870567,-119.422886, ,0.0,0.0,2,7300,0,0,0,0,0,0
TF,IKMOP,51.938039,-119.370306,0, ,0.0,0.0,9.0,4.5,2,6600,0,0,0,0,2,0
TF,EBNAK,51.979719,-119.353781,0, ,0.0,0.0,357.0,2.6,2,6540,0,0,0,0,0,0
TF,OMPUM,52.021750,-119.337083,0, ,0.0,0.0,357.0,2.6,2,5500,0,0,0,0,0,0
TF,VOBEK,52.076711,-119.315200,0, ,0.0,0.0,357.0,3.4,1,4740,0,0,0,0,3,1
DF,OMPUK,52.495914,-119.051189,0, ,0.0,0.0,1,12200,0,0,0,0,0,1
HM,OMPUK,52.495914,-119.051189,1, ,0.0,0.0,34.0,04.3,0,0,0,1,175,0,0,0,0

APPTR,R19-A,19,FLOON
IF,FLOON,51.005000,-120.705000, ,0.0,0.0,0,0,0,0,0,0,0,0
TF,KODAP,51.720544,-119.539172,0, ,0.0,0.0,0.0,0.0,2,10700,0,0,0,0,1,0
TF,TABVA,51.870567,-119.422886,0, ,0.0,0.0,0.0,0.0,2,7300,0,0,0,0,1,0

FINAL,R19-A,19,R,5
IF,TABVA,51.870567,-119.422886, ,0.0,0.0,2,7300,0,0,0,0,0,0
TF,IKMOP,51.938039,-119.370306,0, ,0.0,0.0,9.0,4.5,2,6600,0,0,0,0,2,0
TF,EBNAK,51.979719,-119.353781,0, ,0.0,0.0,357.0,2.6,2,6540,0,0,0,0,0,0
TF,OMPUM,52.021750,-119.337083,0, ,0.0,0.0,357.0,2.6,2,6480,0,0,0,0,0,0
TF,VOBEK,52.076711,-119.315200,0, ,0.0,0.0,357.0,3.4,1,6420,0,0,0,0,3,1
DF,OMPUK,52.495914,-119.051189,0, ,0.0,0.0,1,11400,0,0,0,0,0,1
HM,OMPUK,52.495914,-119.051189,1, ,0.0,0.0,34.0,04.3,0,0,0,1,175,0,0,0,0

APPTR,R19-B,19,FLOON
IF,FLOON,51.005000,-120.705000, ,0.0,0.0,0,0,0,0,0,0,0,0
TF,KODAP,51.720544,-119.539172,0, ,0.0,0.0,0.0,0.0,2,10700,0,0,0,0,1,0
TF,TABVA,51.870567,-119.422886,0, ,0.0,0.0,0.0,0.0,2,7300,0,0,0,0,1,0

FINAL,R19-B,19,R,5
IF,TABVA,51.870567,-119.422886, ,0.0,0.0,2,7300,0,0,0,0,0,0
TF,IKMOP,51.938039,-119.370306,0, ,0.0,0.0,9.0,4.5,2,6600,0,0,0,0,2,0
TF,EBNAK,51.979719,-119.353781,0, ,0.0,0.0,357.0,2.6,2,6540,0,0,0,0,0,0
TF,OMPUM,52.021750,-119.337083,0, ,0.0,0.0,357.0,2.6,2,5500,0,0,0,0,0,0
TF,VOBEK,52.076711,-119.315200,0, ,0.0,0.0,357.0,3.4,1,4740,0,0,0,0,3,1
DF,OMPUK,52.495914,-119.051189,0, ,0.0,0.0,1,12200,0,0,0,0,0,1
HM,OMPUK,52.495914,-119.051189,1, ,0.0,0.0,34.0,04.3,0,0,0,1,175,0,0,0,0

