SID,OMRUN1,03,5
DF,ITLIP,58.478936,-129.894764,0, ,0.0,0.0,0,0,0,0,0,0,0,0
TF,VODUT,58.640758,-129.967853,0, ,0.0,0.0,0.0,0.0,0,0,0,0,0,0,0,0
TF,OMRUN,58.793386,-130.094608,0, ,0.0,0.0,0.0,0.0,2,7100,0,0,0,0,0,0

APPTR,N03-B,03,YDL
PI,YDL,58.453889,-129.996111,1,YDL,31.0,10.0,346,5.0,2,6400,0,0,0,0,0,0
CF,YDL,58.453889,-129.996111,0,YDL,0.0,0.0,166.0,8.0,2,4900,0,0,0,0,0,0

FINAL,N03-B,03,N,2
IF,YDL,58.453889,-129.996111,YDL,0.0,0.0,2,4900,0,0,0,0,2,0
CF,MA192,58.428783,-130.027186,0,YDL,0.0,0.0,192.0,1.8,1,4840,0,0,0,0,3,0
CA,0,192.0,2,5600,0,0,0,0,0,0
DF,YDL,58.453889,-129.996111,2, ,0.0,0.0,1,6400,0,0,0,0,0,0
HM,YDL,58.453889,-129.996111,1, ,0.0,0.0,166.0,04.3,0,0,0,1,200,0,0,0,0

APPTR,N21-B,21,YDL
PI,YDL,58.453889,-129.996111,1,YDL,31.0,10.0,346,5.0,2,6400,0,0,0,0,0,0
CF,YDL,58.453889,-129.996111,0,YDL,0.0,0.0,166.0,8.0,2,4900,0,0,0,0,0,0

FINAL,N21-B,21,N,2
IF,YDL,58.453889,-129.996111,YDL,0.0,0.0,2,4900,0,0,0,0,2,0
CF,MA192,58.428783,-130.027186,0,YDL,0.0,0.0,192.0,1.8,1,4840,0,0,0,0,3,0
CA,0,192.0,2,5600,0,0,0,0,0,0
DF,YDL,58.453889,-129.996111,2, ,0.0,0.0,1,6400,0,0,0,0,0,0
HM,YDL,58.453889,-129.996111,1, ,0.0,0.0,166.0,04.3,0,0,0,1,200,0,0,0,0

APPTR,R03-A,03,SILMI
IF,SILMI,58.266761,-130.243703, ,0.0,0.0,0,0,0,0,0,0,1,0
TF,ULOMA,58.252419,-130.088331,0, ,0.0,0.0,0.0,0.0,2,7300,0,0,0,0,1,0
TF,OMIMU,58.293361,-130.074686,0, ,0.0,0.0,0.0,0.0,2,6600,0,0,0,0,0,0

APPTR,R03-A,03,VIVEB
IF,VIVEB,58.237889,-129.933081, ,0.0,0.0,0,0,0,0,0,0,1,0
TF,ULOMA,58.252419,-130.088331,0, ,0.0,0.0,0.0,0.0,2,7200,0,0,0,0,1,0
TF,OMIMU,58.293361,-130.074686,0, ,0.0,0.0,0.0,0.0,2,6600,0,0,0,0,0,0

FINAL,R03-A,03,R,4
IF,OMIMU,58.293361,-130.074686, ,0.0,0.0,2,6600,0,0,0,0,0,0
TF,PEPLU,58.334303,-130.061011,0, ,0.0,0.0,351.0,2.5,2,5900,0,0,0,0,2,0
TF,OMRUK,58.367053,-130.050050,0, ,0.0,0.0,351.0,2.0,2,5300,0,0,0,0,0,0
TF,DUSVO,58.416178,-130.033567,0, ,0.0,0.0,351.0,3.0,1,4360,0,0,0,0,3,1
TF,UDKOD,58.596281,-129.972739,0, ,0.0,0.0,0.0,0.0,1,7700,0,0,0,0,0,1
HM,UDKOD,58.596281,-129.972739,2, ,0.0,0.0,351.0,04.3,0,0,0,0,0,0,0,0,0

APPTR,R03-Y,03,KEPGO
IF,KEPGO,58.212275,-130.421836, ,0.0,0.0,0,0,0,1,210,0,1,0
TF,SEGAD,58.308169,-130.501839,0, ,0.0,0.0,0.0,0.0,2,6400,0,1,180,0,1,0

APPTR,R03-Y,03,VEVMO
IF,VEVMO,58.404008,-130.582272, ,0.0,0.0,0,0,0,1,210,0,1,0
TF,SEGAD,58.308169,-130.501839,0, ,0.0,0.0,0.0,0.0,2,6800,0,1,180,0,1,0

FINAL,R03-Y,03,R,5
IF,SEGAD,58.308169,-130.501839, ,0.0,0.0,2,6400,0,1,180,0,0,0
TF,ESVAP,58.348261,-130.328172,0, ,0.0,0.0,48.0,6.0,2,5900,0,0,0,0,2,0
TF,XEXAB,58.365700,-130.252192,0, ,0.0,0.0,48.0,2.6,2,5400,0,0,0,0,0,0
TF,XOMRU,58.380967,-130.185450,0, ,0.0,0.0,48.0,2.3,2,4480,0,0,0,0,0,0
TF,ITGEL,58.406111,-130.075056,0, ,0.0,0.0,48.0,3.8,1,3089,0,0,0,0,3,1
TF,UDBEG,58.458022,-129.844994,0, ,0.0,0.0,0.0,0.0,0,0,0,0,0,0,0,0
TF,OTPAR,58.590806,-129.859997,0, ,0.0,0.0,0.0,0.0,1,7300,0,0,0,0,0,1
HM,OTPAR,58.590806,-129.859997,1, ,0.0,0.0,338.0,04.3,0,0,0,1,200,0,0,0,0

APPTR,R03-Z,03,KEPGO
IF,KEPGO,58.212275,-130.421836, ,0.0,0.0,0,0,0,1,210,0,1,0
TF,SEGAD,58.308169,-130.501839,0, ,0.0,0.0,0.0,0.0,2,6400,0,1,180,0,1,0

APPTR,R03-Z,03,VEVMO
IF,VEVMO,58.404008,-130.582272, ,0.0,0.0,0,0,0,1,210,0,1,0
TF,SEGAD,58.308169,-130.501839,0, ,0.0,0.0,0.0,0.0,2,6800,0,1,180,0,1,0

FINAL,R03-Z,03,R,5
IF,SEGAD,58.308169,-130.501839, ,0.0,0.0,2,6400,0,1,180,0,0,0
TF,ESVAP,58.348261,-130.328172,0, ,0.0,0.0,48.0,6.0,2,5900,0,0,0,0,2,0
TF,XEXAB,58.365700,-130.252192,0, ,0.0,0.0,48.0,2.6,2,5400,0,0,0,0,0,0
TF,XOMRU,58.380967,-130.185450,0, ,0.0,0.0,48.0,2.3,2,4480,0,0,0,0,0,0
TF,ITGEL,58.406111,-130.075056,0, ,0.0,0.0,48.0,3.8,1,3089,0,0,0,0,3,1
TF,UDBEG,58.458022,-129.844994,0, ,0.0,0.0,0.0,0.0,0,0,0,0,0,0,0,0
TF,OTPAR,58.590806,-129.859997,0, ,0.0,0.0,0.0,0.0,1,7300,0,0,0,0,0,1
HM,OTPAR,58.590806,-129.859997,1, ,0.0,0.0,338.0,04.3,0,0,0,1,200,0,0,0,0

APPTR,R21-A,21,SILMI
IF,SILMI,58.266761,-130.243703, ,0.0,0.0,0,0,0,0,0,0,1,0
TF,ULOMA,58.252419,-130.088331,0, ,0.0,0.0,0.0,0.0,2,7300,0,0,0,0,1,0
TF,OMIMU,58.293361,-130.074686,0, ,0.0,0.0,0.0,0.0,2,6600,0,0,0,0,0,0

APPTR,R21-A,21,VIVEB
IF,VIVEB,58.237889,-129.933081, ,0.0,0.0,0,0,0,0,0,0,1,0
TF,ULOMA,58.252419,-130.088331,0, ,0.0,0.0,0.0,0.0,2,7200,0,0,0,0,1,0
TF,OMIMU,58.293361,-130.074686,0, ,0.0,0.0,0.0,0.0,2,6600,0,0,0,0,0,0

FINAL,R21-A,21,R,4
IF,OMIMU,58.293361,-130.074686, ,0.0,0.0,2,6600,0,0,0,0,0,0
TF,PEPLU,58.334303,-130.061011,0, ,0.0,0.0,351.0,2.5,2,5900,0,0,0,0,2,0
TF,OMRUK,58.367053,-130.050050,0, ,0.0,0.0,351.0,2.0,2,5300,0,0,0,0,0,0
TF,DUSVO,58.416178,-130.033567,0, ,0.0,0.0,351.0,3.0,1,4360,0,0,0,0,3,1
TF,UDKOD,58.596281,-129.972739,0, ,0.0,0.0,0.0,0.0,1,7700,0,0,0,0,0,1
HM,UDKOD,58.596281,-129.972739,2, ,0.0,0.0,351.0,04.3,0,0,0,0,0,0,0,0,0

APPTR,R21-Y,21,ETGUV
IF,ETGUV,58.704414,-129.960047, ,0.0,0.0,0,0,0,1,200,0,1,0
TF,OMSAM,58.658742,-129.786150,0, ,0.0,0.0,0.0,0.0,2,6300,0,1,180,0,1,0

APPTR,R21-Y,21,ITKER
IF,ITKER,58.612833,-129.612708, ,0.0,0.0,0,0,0,1,200,0,1,0
TF,OMSAM,58.658742,-129.786150,0, ,0.0,0.0,0.0,0.0,2,6400,0,1,180,0,1,0

FINAL,R21-Y,21,R,6
IF,OMSAM,58.658742,-129.786150, ,0.0,0.0,2,6300,0,1,180,0,0,0
TF,SEGOP,58.569700,-129.872364,0, ,0.0,0.0,188.0,6.0,2,5900,0,0,0,0,2,0
TF,XOXUV,58.525864,-129.914628,0, ,0.0,0.0,188.0,3.0,2,4800,0,0,0,0,0,0
TF,UKNEX,58.497644,-129.941769,0, ,0.0,0.0,188.0,1.9,2,4200,0,0,0,0,0,0
TF,URVOL,58.470908,-129.967442,0, ,0.0,0.0,188.0,1.8,2,3940,0,0,0,0,0,0
TF,VIBTO,58.423361,-130.012989,0, ,0.0,0.0,188.0,3.2,1,2642,0,0,0,0,3,1
DF,AVRUT,58.289261,-130.413078,0, ,0.0,0.0,1,7300,0,0,0,0,0,0
HM,AVRUT,58.289261,-130.413078,2, ,0.0,0.0,222.0,04.3,0,0,0,1,200,0,0,0,0

APPTR,R21-Z,21,AVASI
IF,AVASI,58.658475,-129.684331, ,0.0,0.0,0,0,0,0,0,0,1,0
TF,SATOG,58.585336,-129.789556,0, ,0.0,0.0,0.0,0.0,2,6000,0,0,0,0,1,0

APPTR,R21-Z,21,KEDMU
IF,KEDMU,58.666028,-129.890797, ,0.0,0.0,0,0,0,0,0,0,1,0
TF,SATOG,58.585336,-129.789556,0, ,0.0,0.0,0.0,0.0,2,6200,0,0,0,0,1,0

FINAL,R21-Z,21,R,3
IF,SATOG,58.585336,-129.789556, ,0.0,0.0,2,6000,0,0,0,0,0,0
TF,BONAS,58.505447,-129.903850,0, ,0.0,0.0,198.0,6.0,2,4900,0,0,0,0,2,0
TF,AVOTO,58.441464,-129.994911,0, ,0.0,0.0,198.0,4.8,1,3122,0,0,0,0,3,1
TF,PUTIR,58.390764,-130.066767,0, ,0.0,0.0,0.0,0.0,0,0,0,0,0,0,0,0
TF,ILESA,58.333672,-130.397411,0, ,0.0,0.0,0.0,0.0,1,7500,0,0,0,0,0,1
HM,ILESA,58.333672,-130.397411,2, ,0.0,0.0,233.0,04.3,0,0,0,0,0,0,0,0,0

