APPTR,R09,09,AVTAV
IF,AVTAV,62.212003,-133.386847, ,0.0,0.0,0,0,0,0,0,0,0,0
TF,NOXIT,62.130250,-133.216622,0, ,0.0,0.0,0.0,0.0,2,7000,0,0,0,0,1,0
TF,XUDGI,62.078297,-132.955456,0, ,0.0,0.0,0.0,0.0,2,6800,0,0,0,0,1,0

FINAL,R09,09,R,4
IF,XUDGI,62.078297,-132.955456, ,0.0,0.0,2,6800,0,0,0,0,0,0
TF,IKUXA,62.039008,-132.760169,0, ,0.0,0.0,92.0,6.0,2,6100,0,0,0,0,2,0
TF,AGPEL,62.012708,-132.630481,0, ,0.0,0.0,92.0,4.0,2,4620,0,0,0,0,0,0
TF,EBGIS,61.983586,-132.487839,0, ,0.0,0.0,92.0,4.4,1,3000,0,0,0,0,3,1
DF,IGVUV,61.898714,-132.184550,0, ,0.0,0.0,1,6000,0,0,0,0,0,1
HM,IGVUV,61.898714,-132.184550,1, ,0.0,0.0,101.0,04.3,0,0,0,1,175,0,0,0,0

