APPTR,R14,14,SIDGI
IF,SIDGI,51.203792,-100.299594, ,0.0,0.0,0,0,0,1,210,0,1,0
TF,OMPOX,51.245292,-100.184692,0, ,0.0,0.0,0.0,0.0,2,2500,0,0,0,0,1,0

APPTR,R14,14,TUKAS
IF,TUKAS,51.286800,-100.069694, ,0.0,0.0,0,0,0,1,210,0,1,0
TF,OMPOX,51.245292,-100.184692,0, ,0.0,0.0,0.0,0.0,2,2500,0,0,0,0,1,0

FINAL,R14,14,R,3
IF,OMPOX,51.245292,-100.184692, ,0.0,0.0,2,2500,0,0,0,0,1,0
TF,URPEL,51.173678,-100.119044,0, ,0.0,0.0,144.0,5.0,2,2500,0,0,0,0,2,0
TF,RW14,51.107464,-100.058553,0, ,0.0,0.0,144.0,4.6,1,1039,0,0,0,0,3,1
TF,DURUB,51.035258,-99.992822,0, ,0.0,0.0,0.0,0.0,1,3700,0,0,0,0,0,1
HM,DURUB,51.035258,-99.992822,2, ,0.0,0.0,144.0,04.3,0,0,0,0,0,0,0,0,0

APPTR,R32,32,KEGMI
IF,KEGMI,50.966150,-99.778375, ,0.0,0.0,0,0,0,1,210,0,1,0
TF,MIDBO,50.924925,-99.892839,0, ,0.0,0.0,0.0,0.0,2,3600,0,0,0,0,1,0

APPTR,R32,32,ROLRA
IF,ROLRA,50.883586,-100.007100, ,0.0,0.0,0,0,0,1,210,0,1,0
TF,MIDBO,50.924925,-99.892839,0, ,0.0,0.0,0.0,0.0,2,3600,0,0,0,0,1,0

FINAL,R32,32,R,5
IF,MIDBO,50.924925,-99.892839, ,0.0,0.0,2,3600,0,0,0,0,1,0
TF,TIGOL,50.994294,-99.955639,0, ,0.0,0.0,324.0,4.8,2,3280,0,0,0,0,0,0
TF,PEPNU,51.011633,-99.971367,0, ,0.0,0.0,324.0,1.2,2,2900,0,0,0,0,2,0
TF,MAREB,51.066697,-100.021414,0, ,0.0,0.0,324.0,3.8,2,1690,0,0,0,0,0,0
TF,RW32,51.095578,-100.047717,0, ,0.0,0.0,324.0,2.0,1,1049,0,0,0,0,3,1
TF,AVSUG,51.167750,-100.113617,0, ,0.0,0.0,0.0,0.0,1,3700,0,0,0,0,0,1
HM,AVSUG,51.167750,-100.113617,2, ,0.0,0.0,324.0,04.3,0,0,0,0,0,0,0,0,0

