APPTR,R07,07,EPTIT
IF,EPTIT,53.497328,-116.756725, ,0.0,0.0,0,0,0,1,210,0,1,0
TF,AVSAD,53.580528,-116.755728,0, ,0.0,0.0,0.0,0.0,2,4700,0,0,0,0,1,0

APPTR,R07,07,KEDVA
IF,KEDVA,53.663725,-116.754722, ,0.0,0.0,0,0,0,1,210,0,1,0
TF,AVSAD,53.580528,-116.755728,0, ,0.0,0.0,0.0,0.0,2,4700,0,0,0,0,1,0

FINAL,R07,07,R,4
IF,AVSAD,53.580528,-116.755728, ,0.0,0.0,2,4700,0,0,0,0,0,0
TF,IPSEX,53.579808,-116.608508,0, ,0.0,0.0,74.0,5.3,2,4600,0,0,0,0,2,0
TF,XUBKU,53.579614,-116.573983,0, ,0.0,0.0,74.0,1.2,2,4210,0,0,0,0,0,0
TF,RW07,53.579008,-116.476125,0, ,0.0,0.0,74.0,3.5,1,3092,0,0,0,0,3,1
TF,LIBUD,53.577322,-116.252461,0, ,0.0,0.0,0.0,0.0,1,6100,0,0,0,0,0,1
HM,LIBUD,53.577322,-116.252461,2, ,0.0,0.0,74.0,04.3,0,0,0,0,0,0,0,0,0

APPTR,R25,25,ITKON
IF,ITKON,53.493661,-116.203486, ,0.0,0.0,0,0,0,0,0,0,1,0
TF,EPSOR,53.576856,-116.201872,0, ,0.0,0.0,0.0,0.0,2,4400,0,0,0,0,1,0

APPTR,R25,25,KEKTO
IF,KEKTO,53.660050,-116.200247, ,0.0,0.0,0,0,0,0,0,0,1,0
TF,EPSOR,53.576856,-116.201872,0, ,0.0,0.0,0.0,0.0,2,4400,0,0,0,0,1,0

FINAL,R25,25,R,3
IF,EPSOR,53.576856,-116.201872, ,0.0,0.0,2,4400,0,0,0,0,0,0
TF,VILBO,53.578033,-116.341656,0, ,0.0,0.0,255.0,5.0,2,4350,0,0,0,0,2,0
TF,RW25,53.578856,-116.453489,0, ,0.0,0.0,254.0,4.0,1,3075,0,0,0,0,3,1
TF,MENPO,53.580189,-116.677167,0, ,0.0,0.0,0.0,0.0,1,6000,0,0,0,0,0,1
HM,MENPO,53.580189,-116.677167,1, ,0.0,0.0,254.0,04.3,0,0,0,0,0,0,0,0,0

