APPTR,R10-T,10,YEU
IF,YEU,79.991003,-85.898717, ,0.0,0.0,2,3900,0,0,0,0,1,0
PI,YEU,79.991003,-85.898717,1,THT,35.1,10.0,350,5.0,2,3500,0,0,0,0,0,0
CF,FF084,79.978206,-86.562117,0,THT,321.4,303.3,12.6,3.0,2,3500,0,0,0,0,0,0

FINAL,R10-T,10,R,2
IF,FF084,79.978206,-86.562117,YEU,0.0,0.0,2,3500,0,0,0,0,2,0
CF,YEU,79.991003,-85.898717,0,YEU,0.0,0.0,12.6,7.0,1,2240,0,0,0,0,3,0
CA,0,14.1,2,4000,0,0,0,0,0,0
DF,YEU,79.991003,-85.898717,2, ,0.0,0.0,1,4000,0,0,0,0,0,0
HM,YEU,79.991003,-85.898717,1, ,0.0,0.0,12.6,04.3,0,0,0,1,230,0,0,0,0

APPTR,R10-Y,10,ILANU
IF,ILANU,79.896719,-86.862383, ,0.0,0.0,0,0,0,1,210,0,1,0
TF,SEDOM,79.979100,-86.916989,0, ,0.0,0.0,0.0,0.0,2,3100,0,0,0,0,1,0

APPTR,R10-Y,10,SEDOM
HF,SEDOM,79.979100,-86.916989,2, ,0.0,0.0,12.5,06,2,3100,0,1,230,0,1,0,0

APPTR,R10-Y,10,VOGOV
IF,VOGOV,80.061469,-86.972489, ,0.0,0.0,0,0,0,1,210,0,1,0
TF,SEDOM,79.979100,-86.916989,0, ,0.0,0.0,0.0,0.0,2,3100,0,0,0,0,1,0

FINAL,R10-Y,10,R,3
IF,SEDOM,79.979100,-86.916989, ,0.0,0.0,2,3100,0,0,0,0,0,0
TF,TALAD,79.990114,-86.348394,0, ,0.0,0.0,12.5,6.0,2,2000,0,0,0,0,2,0
TF,OBVIB,79.998203,-85.894097,0, ,0.0,0.0,12.6,4.8,1,459,0,0,0,0,3,1
VA,0,12.6,2,1100,0,0,0,0,0,0
DF,ILANU,79.896719,-86.862383,2, ,0.0,0.0,1,3500,0,0,0,0,0,1
HM,ILANU,79.896719,-86.862383,2, ,0.0,0.0,39.5,04.3,0,0,0,1,230,0,0,0,0

APPTR,R10-Z,10,ILANU
IF,ILANU,79.896719,-86.862383, ,0.0,0.0,0,0,0,1,210,0,1,0
TF,SEDOM,79.979100,-86.916989,0, ,0.0,0.0,0.0,0.0,2,3100,0,0,0,0,1,0

APPTR,R10-Z,10,SEDOM
HF,SEDOM,79.979100,-86.916989,2, ,0.0,0.0,12.5,06,2,3100,0,1,230,0,1,0,0

APPTR,R10-Z,10,VOGOV
IF,VOGOV,80.061469,-86.972489, ,0.0,0.0,0,0,0,1,210,0,1,0
TF,SEDOM,79.979100,-86.916989,0, ,0.0,0.0,0.0,0.0,2,3100,0,0,0,0,1,0

FINAL,R10-Z,10,R,3
IF,SEDOM,79.979100,-86.916989, ,0.0,0.0,2,3100,0,0,0,0,0,0
TF,TALAD,79.990114,-86.348394,0, ,0.0,0.0,12.5,6.0,2,2000,0,0,0,0,2,0
TF,OBVIB,79.998203,-85.894097,0, ,0.0,0.0,12.6,4.8,1,459,0,0,0,0,3,1
VA,0,12.6,2,1400,0,0,0,0,0,0
DF,ILANU,79.896719,-86.862383,2, ,0.0,0.0,1,3500,0,0,0,0,0,1
HM,ILANU,79.896719,-86.862383,2, ,0.0,0.0,39.5,04.3,0,0,0,1,230,0,0,0,0

APPTR,R28,28,MEPVU
IF,MEPVU,79.966458,-84.697461, ,0.0,0.0,0,0,0,1,210,0,1,0
TF,UKNEK,79.898797,-84.971728,0, ,0.0,0.0,0.0,0.0,2,2400,0,0,0,0,1,0

APPTR,R28,28,TAPVU
IF,TAPVU,79.830914,-85.242378, ,0.0,0.0,0,0,0,1,210,0,1,0
TF,UKNEK,79.898797,-84.971728,0, ,0.0,0.0,0.0,0.0,2,2400,0,0,0,0,1,0

APPTR,R28,28,UKNEK
HF,UKNEK,79.898797,-84.971728,2, ,0.0,0.0,34.7,06,2,2400,0,1,230,0,1,0,0

FINAL,R28,28,R,4
IF,UKNEK,79.898797,-84.971728, ,0.0,0.0,2,2400,0,0,0,0,0,0
TF,URMIN,79.955825,-85.437947,0, ,0.0,0.0,34.7,6.0,2,2200,0,0,0,0,2,0
TF,KATSI,79.976714,-85.611408,0, ,0.0,0.0,34.7,2.2,2,1210,0,0,0,0,0,0
TF,XIDID,79.990867,-85.729758,0, ,0.0,0.0,34.7,1.5,1,519,0,0,0,0,3,1
CA,0,34.7,2,680,0,0,0,0,0,0
DF,TAPVU,79.830914,-85.242378,1, ,0.0,0.0,1,3700,0,0,0,0,0,1
HM,TAPVU,79.830914,-85.242378,1, ,0.0,0.0,7.7,04.3,0,0,0,1,230,0,0,0,0

APPTR,R28-T,28,YEU
IF,YEU,79.991003,-85.898717, ,0.0,0.0,2,3900,0,0,0,0,1,0
PI,YEU,79.991003,-85.898717,1,THT,35.1,10.0,350,5.0,2,3500,0,0,0,0,0,0
CF,FF084,79.978206,-86.562117,0,THT,321.4,303.3,12.6,3.0,2,3500,0,0,0,0,0,0

FINAL,R28-T,28,R,2
IF,FF084,79.978206,-86.562117,YEU,0.0,0.0,2,3500,0,0,0,0,2,0
CF,YEU,79.991003,-85.898717,0,YEU,0.0,0.0,12.6,7.0,1,2240,0,0,0,0,3,0
CA,0,14.1,2,4000,0,0,0,0,0,0
DF,YEU,79.991003,-85.898717,2, ,0.0,0.0,1,4000,0,0,0,0,0,0
HM,YEU,79.991003,-85.898717,1, ,0.0,0.0,12.6,04.3,0,0,0,1,230,0,0,0,0

