APPTR,R15,15,AGBUB
IF,AGBUB,50.803033,-96.990958, ,0.0,0.0,0,0,0,1,210,0,1,0
TF,BOMEV,50.773861,-97.141669,0, ,0.0,0.0,0.0,0.0,2,2200,0,1,180,0,1,0

APPTR,R15,15,AVTAN
IF,AVTAN,50.857103,-97.141756, ,0.0,0.0,0,0,0,1,210,0,1,0
TF,BOMEV,50.773861,-97.141669,0, ,0.0,0.0,0.0,0.0,2,2200,0,1,180,0,1,0

FINAL,R15,15,R,3
IF,BOMEV,50.773861,-97.141669, ,0.0,0.0,2,2200,0,1,180,0,0,0
TF,DUDLI,50.694267,-97.103267,0, ,0.0,0.0,160.0,5.0,2,2100,0,0,0,0,2,0
TF,RW15,50.636192,-97.050536,0, ,0.0,0.0,147.0,4.0,1,803,0,0,0,0,3,1
CA,0,147.0,2,1160,0,0,0,0,0,0
DF,EBGIG,50.579683,-96.861006,0, ,0.0,0.0,1,2500,0,1,200,0,0,1
HM,EBGIG,50.579683,-96.861006,1, ,0.0,0.0,99.0,04.3,0,0,0,1,200,0,0,0,0

APPTR,R33,33,ROGVO
IF,ROGVO,50.500731,-96.809083, ,0.0,0.0,1,2500,0,1,210,0,1,0
TF,EPTUC,50.497794,-96.952572,0, ,0.0,0.0,0.0,0.0,3,2500,0,1,180,0,1,0

FINAL,R33,33,R,3
IF,EPTUC,50.497794,-96.952572, ,0.0,0.0,2,2200,0,1,180,0,1,0
TF,PEMTU,50.561514,-96.982953,0, ,0.0,0.0,340.0,4.0,2,2100,0,0,0,0,2,0
TF,RW33,50.620064,-97.035919,0, ,0.0,0.0,327.0,4.1,1,793,0,0,0,0,3,1
CA,0,327.0,2,1160,0,0,0,0,0,0
DF,NUBIG,50.753250,-97.035761,0, ,0.0,0.0,1,2500,0,1,200,0,0,1
HM,NUBIG,50.753250,-97.035761,2, ,0.0,0.0,10.0,04.3,0,0,0,1,200,0,0,0,0

