APPTR,D08,08,XIDEG
IF,XIDEG,49.635067,-87.211939, ,0.0,0.0,0,0,0,0,0,0,1,0
AF,GOTUK,49.714333,-87.280333,2,YGQ,259.0,12.0,233.0,2,2800,0,0,0,0,1,0

APPTR,D08,08,XOLPU
IF,XOLPU,49.797167,-87.289833, ,0.0,0.0,0,0,0,0,0,0,1,0
AF,GOTUK,49.714333,-87.280333,1,YGQ,259.0,12.0,283.0,2,2800,0,0,0,0,1,0

APPTR,D08,08,YGQ
IF,YGQ,49.769719,-86.984322, ,0.0,0.0,0,0,0,0,0,0,0,0
TF,EPVES,49.760500,-87.033500,0, ,0.0,0.0,0.0,0.0,2,2800,0,0,0,0,0,0
PI,EPVES,49.760500,-87.033500,2,YGQ,214.0,10.0,259,5.0,2,2800,0,0,0,0,0,0

FINAL,D08,08,D,3
IF,GOTUK,49.714333,-87.280333,YGQ,259.0,12.0,2,2800,0,0,0,0,0,0
CF,EPVES,49.760500,-87.033500,0,YGQ,258.9,2.0,79.0,10.0,2,2280,0,0,0,0,2,0
CF,RW08,49.776706,-86.948694,0,YGQ,78.1,1.5,79.0,3.4,1,1189,0,0,0,0,3,0
CA,0,79.0,2,2800,0,0,0,0,0,0
DF,YGQ,49.769719,-86.984322,1, ,0.0,0.0,1,2800,0,0,0,0,0,0
HM,YGQ,49.769719,-86.984322,2, ,0.0,0.0,79.0,04.3,0,0,0,0,0,0,0,0,0

APPTR,D26,26,XOTMA
IF,XOTMA,49.773500,-86.598500, ,0.0,0.0,0,0,0,0,0,0,1,0
AF,OVAVA,49.841544,-86.614706,1,YGQ,78.2,15.0,94.0,2,2800,0,0,0,0,1,0

APPTR,D26,26,XUDLI
IF,XUDLI,49.988000,-86.796333, ,0.0,0.0,0,0,0,0,0,0,1,0
AF,OVAVA,49.841544,-86.614706,2,YGQ,78.2,15.0,34.0,2,2800,0,0,0,0,1,0

APPTR,D26,26,YGQ
IF,YGQ,49.769719,-86.984322, ,0.0,0.0,0,0,0,0,0,0,0,0
TF,BILNU,49.798592,-86.836606,0, ,0.0,0.0,0.0,0.0,2,2800,0,0,0,0,1,0
PI,BILNU,49.798592,-86.836606,2,YGQ,33.0,9.0,078,5.0,2,2800,0,0,0,0,0,0

FINAL,D26,26,D,3
IF,OVAVA,49.841544,-86.614706,YGQ,78.2,15.0,2,2800,0,0,0,0,0,0
CF,BILNU,49.798592,-86.836606,0,YGQ,78.2,6.0,258.0,9.0,2,2380,0,0,0,0,2,0
CF,RW26,49.780675,-86.928411,0,YGQ,78.2,2.3,258.0,3.7,1,1188,0,0,0,0,3,0
CF,YGQ,49.769719,-86.984322,0,YGQ,0.0,0.0,258.0,2.3,2,1550,0,0,0,0,0,0
CA,0,258.0,2,2800,0,0,0,0,0,0
DF,YGQ,49.769719,-86.984322,1, ,0.0,0.0,1,2800,0,0,0,0,0,0
HM,YGQ,49.769719,-86.984322,2, ,0.0,0.0,258.0,04.3,0,0,0,0,0,0,0,0,0

APPTR,R08,08,CAMRE
IF,CAMRE,49.648089,-87.159950, ,0.0,0.0,0,0,0,1,210,0,1,0
TF,BEPIV,49.727711,-87.197447,0, ,0.0,0.0,0.0,0.0,2,2600,0,0,0,0,1,0

APPTR,R08,08,DUNEG
IF,DUNEG,49.807322,-87.235067, ,0.0,0.0,0,0,0,1,210,0,1,0
TF,BEPIV,49.727711,-87.197447,0, ,0.0,0.0,0.0,0.0,2,2600,0,0,0,0,1,0

FINAL,R08,08,R,3
IF,BEPIV,49.727711,-87.197447, ,0.0,0.0,2,2600,0,0,0,0,1,0
TF,APKON,49.756833,-87.049978,0, ,0.0,0.0,79.0,6.0,2,2500,0,0,0,0,2,0
TF,RW08,49.776706,-86.948694,0, ,0.0,0.0,79.0,4.1,1,1189,0,0,0,0,3,1
TF,EPLIX,49.800725,-86.825567,0, ,0.0,0.0,0.0,0.0,1,2800,0,0,0,0,0,1
HM,EPLIX,49.800725,-86.825567,2, ,0.0,0.0,79.0,04.3,0,0,0,0,0,0,0,0,0

APPTR,R26,26,NOXUN
IF,NOXUN,49.749317,-86.642317, ,0.0,0.0,0,0,0,1,210,0,1,0
TF,TALIV,49.829106,-86.679042,0, ,0.0,0.0,0.0,0.0,2,2500,0,0,0,0,1,0

APPTR,R26,26,PILMO
IF,PILMO,49.908878,-86.715889, ,0.0,0.0,0,0,0,1,210,0,1,0
TF,TALIV,49.829106,-86.679042,0, ,0.0,0.0,0.0,0.0,2,2500,0,0,0,0,1,0

FINAL,R26,26,R,3
IF,TALIV,49.829106,-86.679042, ,0.0,0.0,2,2500,0,0,0,0,1,0
TF,VITIB,49.800456,-86.826953,0, ,0.0,0.0,259.0,6.0,2,2500,0,0,0,0,2,0
TF,RW26,49.780675,-86.928411,0, ,0.0,0.0,259.0,4.1,1,1188,0,0,0,0,3,1
TF,ULISI,49.756547,-87.051436,0, ,0.0,0.0,0.0,0.0,1,2800,0,0,0,0,0,1
HM,ULISI,49.756547,-87.051436,2, ,0.0,0.0,259.0,04.3,0,0,0,0,0,0,0,0,0

