SID,CYJN5,02,1
VA,0,15.0,2,540,0,0,0,0,0,0
VM,0,0,0,15.0,0,0,0,0,0,0,0,0

SID,CYJN5,06,1
VA,0,60.0,2,540,0,0,0,0,0,0
VM,0,0,0,25.0,0,0,0,0,0,0,0,0

SID,CYJN5,11,1
VA,0,105.0,2,540,0,0,0,0,0,0
VM,0,0,0,105.0,0,0,0,0,0,0,0,0

SID,CYJN5,20,1
VA,0,195.0,2,540,0,0,0,0,0,0
VM,0,0,0,195.0,0,0,0,0,0,0,0,0

SID,CYJN5,24,1
VA,0,240.0,2,540,0,0,0,0,0,0
VM,0,0,0,240.0,0,0,0,0,0,0,0,0

SID,CYJN5,29,1
VA,0,285.0,2,540,0,0,0,0,0,0
VM,0,0,0,285.0,0,0,0,0,0,0,0,0

APPTR,R06,06,KEGDA
IF,KEGDA,45.244064,-73.486408, ,0.0,0.0,0,0,0,1,210,0,1,0
TF,PIBSA,45.197056,-73.419539,0, ,0.0,0.0,0.0,0.0,2,1600,0,0,0,0,1,0

APPTR,R06,06,OMRAB
IF,OMRAB,45.150008,-73.352781, ,0.0,0.0,0,0,0,1,210,0,1,0
TF,PIBSA,45.197056,-73.419539,0, ,0.0,0.0,0.0,0.0,2,1600,0,0,0,0,1,0

FINAL,R06,06,R,3
IF,PIBSA,45.197056,-73.419539, ,0.0,0.0,2,1600,0,0,0,0,0,0
TF,REXEN,45.244275,-73.352969,0, ,0.0,0.0,60.0,4.0,2,1500,0,0,0,0,2,0
TF,RW06,45.293094,-73.283975,0, ,0.0,0.0,60.0,4.1,1,182,0,0,0,0,3,1
DF,VEVSU,45.255811,-73.321281,2, ,0.0,0.0,1,3000,0,0,0,0,0,1
HM,VEVSU,45.255811,-73.321281,2, ,0.0,0.0,105.0,04.3,0,0,0,0,0,0,0,0,0

APPTR,R11,11,MEKPA
IF,MEKPA,45.226289,-73.479197, ,0.0,0.0,0,0,0,1,210,0,1,0
TF,TAVGI,45.292947,-73.479031,0, ,0.0,0.0,0.0,0.0,2,2000,0,0,0,0,1,0

APPTR,R11,11,UBTIT
IF,UBTIT,45.359603,-73.478864, ,0.0,0.0,0,0,0,1,210,0,1,0
TF,TAVGI,45.292947,-73.479031,0, ,0.0,0.0,0.0,0.0,2,2000,0,0,0,0,1,0

FINAL,R11,11,R,3
IF,TAVGI,45.292947,-73.479031, ,0.0,0.0,2,2000,0,0,0,0,0,0
TF,EMEPU,45.292789,-73.384594,0, ,0.0,0.0,105.0,4.0,2,1500,0,0,0,0,2,0
TF,RW11,45.292547,-73.287103,0, ,0.0,0.0,105.0,4.1,1,185,0,0,0,0,3,1
VA,0,105.0,2,1000,0,0,0,0,0,0
DF,VEVSU,45.255811,-73.321281,2, ,0.0,0.0,1,3000,0,1,165,0,0,1
HM,VEVSU,45.255811,-73.321281,2, ,0.0,0.0,105.0,04.3,0,0,0,0,0,0,0,0,0

APPTR,R24,24,NOXIN
IF,NOXIN,45.440872,-73.208086, ,0.0,0.0,0,0,0,1,210,0,1,0
TF,IKBEP,45.393703,-73.141214,0, ,0.0,0.0,0.0,0.0,2,1700,0,0,0,0,1,0

FINAL,R24,24,R,3
IF,IKBEP,45.393703,-73.141214, ,0.0,0.0,2,1700,0,0,0,0,0,0
TF,SINLI,45.346608,-73.208136,0, ,0.0,0.0,240.0,4.0,2,1500,0,0,0,0,2,0
TF,RW24,45.297650,-73.277522,0, ,0.0,0.0,240.0,4.2,1,177,0,0,0,0,3,1
DF,VEVSU,45.255811,-73.321281,0, ,0.0,0.0,1,3000,0,0,0,0,0,1
HM,VEVSU,45.255811,-73.321281,2, ,0.0,0.0,105.0,04.3,0,0,0,0,0,0,0,0,0

APPTR,R29,29,AVSUD
IF,AVSUD,45.225136,-73.089183, ,0.0,0.0,0,0,0,1,210,0,1,0
TF,BIVRO,45.291792,-73.088561,0, ,0.0,0.0,0.0,0.0,2,1500,0,0,0,0,1,0

FINAL,R29,29,R,4
IF,BIVRO,45.291792,-73.088561, ,0.0,0.0,2,1500,0,0,0,0,0,0
TF,DEBGI,45.292167,-73.175911,0, ,0.0,0.0,285.0,3.7,2,1500,0,0,0,0,2,0
TF,XOLRA,45.292394,-73.238433,0, ,0.0,0.0,285.0,2.6,2,660,0,0,0,0,0,0
TF,RW29,45.292506,-73.273844,0, ,0.0,0.0,285.0,1.5,1,179,0,0,0,0,3,1
VA,0,285.0,2,2000,0,0,0,0,0,0
DF,VEVSU,45.255811,-73.321281,1, ,0.0,0.0,1,3000,0,1,165,0,0,1
HM,VEVSU,45.255811,-73.321281,2, ,0.0,0.0,105.0,04.3,0,0,0,0,0,0,0,0,0

