APPTR,R13,13,DUSEB
IF,DUSEB,68.340350,-135.442417, ,0.0,0.0,0,0,0,1,210,0,1,0
TF,OBVOB,68.381317,-135.196386,0, ,0.0,0.0,0.0,0.0,2,2000,0,0,0,0,1,0

APPTR,R13,13,MIBKO
IF,MIBKO,68.421919,-134.949469, ,0.0,0.0,0,0,0,1,210,0,1,0
TF,OBVOB,68.381317,-135.196386,0, ,0.0,0.0,0.0,0.0,2,2000,0,0,0,0,1,0

FINAL,R13,13,R,3
IF,OBVOB,68.381317,-135.196386, ,0.0,0.0,2,2000,0,0,0,0,1,0
TF,ROSTU,68.290386,-135.086225,0, ,0.0,0.0,134.0,6.0,2,1400,0,0,0,0,2,0
TF,RW13,68.227050,-135.010061,0, ,0.0,0.0,134.0,4.2,1,70,0,0,0,0,3,1
TF,UDNUD,68.151178,-134.919433,0, ,0.0,0.0,0.0,0.0,1,2900,0,0,0,0,0,1
HM,UDNUD,68.151178,-134.919433,1, ,0.0,0.0,134.0,04.3,0,0,0,1,230,0,0,0,0

APPTR,R31,31,ETNEB
IF,ETNEB,68.105117,-134.573186, ,0.0,0.0,0,0,0,1,210,0,1,0
TF,LOLGA,68.065069,-134.817372,0, ,0.0,0.0,0.0,0.0,2,2200,0,0,0,0,1,0

APPTR,R31,31,PEPGI
IF,PEPGI,68.024664,-135.060708, ,0.0,0.0,0,0,0,1,210,0,1,0
TF,LOLGA,68.065069,-134.817372,0, ,0.0,0.0,0.0,0.0,2,2200,0,0,0,0,1,0

FINAL,R31,31,R,3
IF,LOLGA,68.065069,-134.817372, ,0.0,0.0,2,2200,0,0,0,0,1,0
TF,OBROP,68.156178,-134.925386,0, ,0.0,0.0,315.0,6.0,2,1400,0,0,0,0,2,0
TF,RW31,68.219556,-135.001081,0, ,0.0,0.0,314.0,4.2,1,70,0,0,0,0,3,1
TF,SEBOL,68.295381,-135.092250,0, ,0.0,0.0,0.0,0.0,1,2900,0,0,0,0,0,1
HM,SEBOL,68.295381,-135.092250,2, ,0.0,0.0,314.0,04.3,0,0,0,1,230,0,0,0,0

