SID,CYLW8,16,1
VI,0, ,0.0,159.0,0,0,0,0,0,0,0,0
CF,YWB,49.810539,-119.630631,0,YDC,32.1,38.8,231.0,12.0,0,0,0,0,0,0,0,0
FM,YWB,49.810539,-119.630631,0,YDC,0.0,0.0,245.0,0,0,0,0,0,0,0,0

SID,CYLW8,34,1
VA,0,339.0,2,1820,0,0,0,0,0,0
CF,LW,50.060864,-119.416389,0,YDC,26.1,55.3,330.0,6.0,0,0,0,0,0,0,0,0
FM,LW,50.060864,-119.416389,0,YDC,0.0,0.0,330.0,0,0,0,0,0,0,0,0

SID,ENDBY1,16,4
CF,ULEKA,49.901947,-119.370250,0,YDC,35.0,50.1,159.0,3.0,0,0,0,0,0,0,0,0
TF,BOXAR,49.772292,-119.657325,0, ,0.0,0.0,0.0,0.0,0,0,0,0,0,0,0,0
TF,GABER,49.870917,-119.941497,0, ,0.0,0.0,0.0,0.0,0,0,0,0,0,0,0,0
TF,TABVO,50.006867,-120.211108,0, ,0.0,0.0,0.0,0.0,0,0,0,0,0,0,0,1
DF,NOTIV,50.421678,-119.285256,2, ,0.0,0.0,0,0,0,0,0,0,0,1

SID,ENDBY1,34,4
CF,SAVUX,49.985939,-119.381914,0,YDC,30.4,53.0,339.0,1.0,0,0,0,0,0,0,0,1
DF,KANED,50.089589,-119.425286,0, ,0.0,0.0,0,0,0,0,0,0,0,1
TF,PUSOM,50.236219,-119.322650,0, ,0.0,0.0,0.0,0.0,0,0,0,1,220,0,0,0
TF,NOTIV,50.421678,-119.285256,0, ,0.0,0.0,0.0,0.0,0,0,0,0,0,0,0,1

SID,ENDBY1,ALL,5
IF,NOTIV,50.421678,-119.285256, ,0.0,0.0,0,0,0,0,0,0,0,0
TF,ENDBY,50.677828,-118.938789,0, ,0.0,0.0,0.0,0.0,0,0,0,0,0,0,0,0

SID,MRYT4,16,4
CF,ULEKA,49.901947,-119.370250,0,YDC,35.0,50.1,159.0,3.0,0,0,0,0,0,0,0,0
TF,BOXAR,49.772292,-119.657325,0, ,0.0,0.0,0.0,0.0,0,0,0,0,0,0,0,0
TF,GABER,49.870917,-119.941497,0, ,0.0,0.0,0.0,0.0,0,0,0,0,0,0,0,0
TF,TABVO,50.006867,-120.211108,0, ,0.0,0.0,0.0,0.0,0,0,0,0,0,0,0,1
TF,MERYT,49.941667,-120.960833,0, ,0.0,0.0,0.0,0.0,0,0,0,0,0,0,0,0

SID,MRYT4,34,4
CF,SAVUX,49.985939,-119.381914,0,YDC,30.4,53.0,339.0,1.0,0,0,0,0,0,0,0,1
DF,KANED,50.089589,-119.425286,0, ,0.0,0.0,0,0,0,0,0,0,0,1
TF,PUSOM,50.236219,-119.322650,0, ,0.0,0.0,0.0,0.0,0,0,0,1,220,0,0,0
TF,NOTIV,50.421678,-119.285256,0, ,0.0,0.0,0.0,0.0,0,0,0,0,0,0,0,1
DF,MERYT,49.941667,-120.960833,1, ,0.0,0.0,0,0,0,0,0,0,0,0

SID,YDC4,16,4
CF,ULEKA,49.901947,-119.370250,0,YDC,35.0,50.1,159.0,3.0,0,0,0,0,0,0,0,0
TF,BOXAR,49.772292,-119.657325,0, ,0.0,0.0,0.0,0.0,0,0,0,0,0,0,0,0
TF,GABER,49.870917,-119.941497,0, ,0.0,0.0,0.0,0.0,0,0,0,0,0,0,0,0
TF,TABVO,50.006867,-120.211108,0, ,0.0,0.0,0.0,0.0,0,0,0,0,0,0,0,1
DF,YDC,49.381542,-120.373772,1, ,0.0,0.0,0,0,0,1,280,0,0,0

SID,YDC4,34,4
CF,SAVUX,49.985939,-119.381914,0,YDC,30.4,53.0,339.0,1.0,0,0,0,0,0,0,0,1
DF,KANED,50.089589,-119.425286,0, ,0.0,0.0,0,0,0,0,0,0,0,1
TF,PUSOM,50.236219,-119.322650,0, ,0.0,0.0,0.0,0.0,0,0,0,1,220,0,0,0
TF,NOTIV,50.421678,-119.285256,0, ,0.0,0.0,0.0,0.0,0,0,0,0,0,0,0,1
DF,YDC,49.381542,-120.373772,1, ,0.0,0.0,0,0,0,0,0,0,0,0

STAR,NORIP4,IKNER,4
IF,IKNER,49.944717,-119.019039, ,0.0,0.0,0,0,0,0,0,0,0,0
TF,NORIP,50.148333,-119.097500,0, ,0.0,0.0,0.0,0.0,0,0,0,0,0,0,0,0

STAR,NORIP4,NOVAR,4
IF,NOVAR,50.672500,-116.390278, ,0.0,0.0,0,0,0,0,0,0,0,0
TF,ROBTI,50.299461,-118.355425,0, ,0.0,0.0,0.0,0.0,2,12400,0,0,0,0,0,0
TF,EBLEL,50.224489,-118.727047,0, ,0.0,0.0,0.0,0.0,2,11000,0,0,0,0,0,0
TF,NORIP,50.148333,-119.097500,0, ,0.0,0.0,0.0,0.0,0,0,0,0,0,0,0,0

STAR,NORIP4,ROBTI,4
IF,ROBTI,50.299461,-118.355425, ,0.0,0.0,2,12400,0,0,0,0,0,0
TF,EBLEL,50.224489,-118.727047,0, ,0.0,0.0,0.0,0.0,2,11000,0,0,0,0,0,0
TF,NORIP,50.148333,-119.097500,0, ,0.0,0.0,0.0,0.0,0,0,0,0,0,0,0,0

STAR,NORIP4,YXC,4
IF,YXC,49.554275,-116.088303, ,0.0,0.0,0,0,0,0,0,0,0,0
TF,TAGBA,50.009722,-118.351767,0, ,0.0,0.0,0.0,0.0,2,11200,0,0,0,0,0,0
TF,OMPIM,50.079628,-118.724094,0, ,0.0,0.0,0.0,0.0,2,11000,0,0,0,0,0,0
TF,NORIP,50.148333,-119.097500,0, ,0.0,0.0,0.0,0.0,0,0,0,0,0,0,0,0

STAR,NORIP4,16,6
IF,NORIP,50.148333,-119.097500, ,0.0,0.0,2,8800,0,1,210,0,0,0
TF,LENUR,50.262744,-119.264178,0, ,0.0,0.0,0.0,0.0,0,0,0,1,210,0,0,0
TF,UKVOD,50.395006,-119.282411,0, ,0.0,0.0,0.0,0.0,0,0,0,0,0,0,0,0
FM,UKVOD,50.395006,-119.282411,0,YDC,0.0,0.0,339.0,0,0,0,0,0,0,0,0

STAR,NORIP4,34,6
IF,NORIP,50.148333,-119.097500, ,0.0,0.0,2,10000,0,1,210,0,0,0
TF,BEVOT,50.066944,-119.599167,0, ,0.0,0.0,0.0,0.0,2,10000,0,1,210,0,0,0
TF,VILMO,49.963333,-119.676667,0, ,0.0,0.0,0.0,0.0,0,0,0,0,0,0,0,0
TF,AMBAT,49.883333,-119.656667,0, ,0.0,0.0,0.0,0.0,1,8000,0,1,210,0,0,0

STAR,PIGLU4,YDC,4
IF,YDC,49.381542,-120.373772, ,0.0,0.0,0,0,0,0,0,0,0,0
TF,DAPUS,49.580200,-120.141400,0, ,0.0,0.0,0.0,0.0,0,0,0,0,0,0,0,0
TF,BODVI,49.675081,-120.029547,0, ,0.0,0.0,0.0,0.0,0,0,0,0,0,0,0,0
TF,PIGLU,49.846667,-119.825833,0, ,0.0,0.0,0.0,0.0,0,0,0,1,210,0,0,0

STAR,PIGLU4,16,6
IF,PIGLU,49.846667,-119.825833, ,0.0,0.0,0,0,0,1,210,0,0,0
TF,VIVEK,50.073056,-119.720278,0, ,0.0,0.0,0.0,0.0,1,9500,0,1,210,0,0,0
TF,DATBO,50.244469,-119.574489,0, ,0.0,0.0,0.0,0.0,0,0,0,1,210,0,0,0
TF,DARUD,50.377100,-119.593633,0, ,0.0,0.0,0.0,0.0,0,0,0,0,0,0,0,0
FM,DARUD,50.377100,-119.593633,0,YDC,0.0,0.0,339.0,0,0,0,0,0,0,0,0

STAR,PIGLU4,34,6
IF,PIGLU,49.846667,-119.825833, ,0.0,0.0,0,0,0,1,210,0,0,0
TF,IMEKO,49.953600,-119.841008,0, ,0.0,0.0,0.0,0.0,0,0,0,0,0,0,0,0
TF,VILMO,49.963333,-119.676667,0, ,0.0,0.0,0.0,0.0,0,0,0,0,0,0,0,0
TF,AMBAT,49.883333,-119.656667,0, ,0.0,0.0,0.0,0.0,1,8000,0,1,210,0,0,0

STAR,SEKAB4,ALL,5
IF,SEKAB,50.088056,-121.701111, ,0.0,0.0,0,0,0,0,0,0,0,0
TF,ALMOM,50.085108,-120.755069,0, ,0.0,0.0,0.0,0.0,2,9800,0,0,0,0,0,0
TF,PILMA,50.076933,-119.978925,0, ,0.0,0.0,0.0,0.0,0,0,0,0,0,0,0,0
TF,VIVEK,50.073056,-119.720278,0, ,0.0,0.0,0.0,0.0,1,9500,0,1,210,0,0,0

STAR,SEKAB4,16,6
IF,VIVEK,50.073056,-119.720278, ,0.0,0.0,1,9500,0,1,210,0,0,0
TF,DATBO,50.244469,-119.574489,0, ,0.0,0.0,0.0,0.0,0,0,0,1,210,0,0,0
TF,DARUD,50.377100,-119.593633,0, ,0.0,0.0,0.0,0.0,0,0,0,0,0,0,0,0
FM,DARUD,50.377100,-119.593633,0,YDC,0.0,0.0,339.0,0,0,0,0,0,0,0,0

STAR,SEKAB4,34,6
IF,VIVEK,50.073056,-119.720278, ,0.0,0.0,1,9500,0,1,210,0,0,0
TF,VILMO,49.963333,-119.676667,0, ,0.0,0.0,0.0,0.0,0,0,0,0,0,0,0,0
TF,AMBAT,49.883333,-119.656667,0, ,0.0,0.0,0.0,0.0,1,8000,0,1,210,0,0,0

APPTR,I16-Y,16,ENDBY
IF,ENDBY,50.677828,-118.938789, ,0.0,0.0,0,0,0,0,0,0,0,0
TF,HUMEK,50.354519,-119.305367,0, ,0.0,0.0,0.0,0.0,2,8200,0,0,0,0,0,0
TF,WTMAN,50.253500,-119.419333,0, ,0.0,0.0,0.0,0.0,2,6100,0,0,0,0,1,0
CF,EPRAV,50.204742,-119.412486,0,ILW,338.9,15.9,159.0,2.9,2,5500,0,0,0,0,0,0

FINAL,I16-Y,16,I,3
IF,EPRAV,50.204742,-119.412486,ILW,338.9,15.9,2,5500,0,0,0,0,0,0
CF,TATVI,50.097058,-119.397333,0,ILW,338.9,9.5,159.0,6.5,1,4200,0,0,0,0,2,0
CF,RW16,49.966081,-119.379142,0,ILW,338.9,1.6,159.0,7.9,1,1461,0,0,0,0,3,0
TF,MIXIB,49.921364,-119.372956,0, ,0.0,0.0,0.0,0.0,0,0,0,0,0,0,0,0
CI,0, ,0.0,196.0,0,0,0,0,0,0,0,0
CF,YWB,49.810539,-119.630631,0,YDC,32.1,38.8,226.0,12.0,0,0,0,0,0,0,0,0
CF,YDC,49.381542,-120.373772,0,YDC,0.0,0.0,213.0,38.8,1,9000,0,0,0,0,0,0
HM,YDC,49.381542,-120.373772,2, ,0.0,0.0,212.0,04.3,0,0,0,1,265,0,0,0,0

APPTR,I16-Z,16,DATBO
IF,DATBO,50.244469,-119.574489, ,0.0,0.0,2,8300,0,1,210,0,1,0
TF,WTMAN,50.253500,-119.419333,0,ILW,0.0,0.0,0.0,0.0,2,6600,0,0,0,0,1,0

APPTR,I16-Z,16,HUMEK
IF,HUMEK,50.354519,-119.305367, ,0.0,0.0,0,0,0,0,0,0,1,0
TF,WTMAN,50.253500,-119.419333,0,ILW,0.0,0.0,0.0,0.0,2,5100,0,0,0,0,1,0

APPTR,I16-Z,16,LENUR
IF,LENUR,50.262744,-119.264178, ,0.0,0.0,2,8000,0,1,210,0,1,0
TF,WTMAN,50.253500,-119.419333,0,ILW,0.0,0.0,0.0,0.0,2,5900,0,0,0,0,1,0

APPTR,I16-Z,16,MITAN
IF,MITAN,50.502225,-119.454486, ,0.0,0.0,0,0,0,0,0,0,1,0
TF,XERUX,50.419319,-119.442728,0, ,0.0,0.0,0.0,0.0,2,7500,0,0,0,0,0,0
TF,WTMAN,50.253500,-119.419333,0,ILW,0.0,0.0,0.0,0.0,2,5900,0,0,0,0,0,0

FINAL,I16-Z,16,I,3
IF,WTMAN,50.253500,-119.419333,ILW,338.9,18.9,2,5100,0,0,0,0,0,0
CF,TATVI,50.097058,-119.397333,0,ILW,338.9,9.5,159.0,9.4,1,4200,0,0,0,0,2,0
CF,RW16,49.966081,-119.379142,0,ILW,338.9,1.6,159.0,7.9,1,1461,0,0,0,0,3,1
TF,EPRIP,49.893108,-119.369050,0, ,0.0,0.0,0.0,0.0,0,0,0,1,250,0,0,0
TF,VEPTO,49.850219,-119.454469,0, ,0.0,0.0,0.0,0.0,0,0,0,0,0,0,0,0
TF,MISIR,49.754833,-119.749000,0, ,0.0,0.0,0.0,0.0,1,9000,0,0,0,0,0,0
HM,MISIR,49.754833,-119.749000,2, ,0.0,0.0,227.0,04.3,0,0,0,0,0,0,0,0,0

APPTR,L16-Y,16,ENDBY
IF,ENDBY,50.677828,-118.938789, ,0.0,0.0,0,0,0,0,0,0,1,0
TF,HUMEK,50.354519,-119.305367,0, ,0.0,0.0,0.0,0.0,2,8200,0,0,0,0,0,0
CF,WTMAN,50.253500,-119.419333,0,ILW,338.9,18.9,200.0,7.5,2,6100,0,0,0,0,1,0

FINAL,L16-Y,16,D,6
IF,WTMAN,50.253500,-119.419333,ILW,338.9,18.9,2,6100,0,0,0,0,0,0
CF,EPRAV,50.204742,-119.412486,0,ILW,338.9,15.9,159.0,2.9,2,5500,0,0,0,0,0,0
CF,TATVI,50.097058,-119.397333,0,ILW,338.9,9.5,159.0,6.5,2,4500,0,0,0,0,2,0
CF,BOGNO,50.046233,-119.390317,0,ILW,338.9,6.4,159.0,3.1,2,3300,0,0,0,0,0,0
CF,IGSEV,50.016139,-119.386083,0,ILW,338.9,4.6,159.0,1.8,2,2640,0,0,0,0,0,0
CF,RW16,49.966081,-119.379142,0,ILW,338.9,1.6,159.0,3.0,1,1461,0,0,0,0,3,0
TF,MIXIB,49.921364,-119.372956,0, ,0.0,0.0,0.0,0.0,0,0,0,0,0,0,0,0
CI,0, ,0.0,196.0,0,0,0,0,0,0,0,0
CF,YWB,49.810539,-119.630631,0,YDC,32.1,38.8,226.0,12.0,0,0,0,0,0,0,0,0
CF,YDC,49.381542,-120.373772,0,YDC,0.0,0.0,213.0,38.8,1,9000,0,0,0,0,0,0
HM,YDC,49.381542,-120.373772,2, ,0.0,0.0,212.0,04.3,0,0,0,1,265,0,0,0,0

APPTR,L16-Z,16,ENDBY
IF,ENDBY,50.677828,-118.938789, ,0.0,0.0,0,0,0,0,0,0,0,0
TF,HUMEK,50.354519,-119.305367,0, ,0.0,0.0,0.0,0.0,2,8200,0,0,0,0,0,0
CF,WTMAN,50.253500,-119.419333,0,ILW,338.9,18.9,200.0,7.5,2,6100,0,0,0,0,1,0

FINAL,L16-Z,16,D,5
IF,WTMAN,50.253500,-119.419333,ILW,338.9,18.9,2,6100,0,0,0,0,0,0
CF,EPRAV,50.204742,-119.412486,0,ILW,338.9,15.9,159.0,2.9,2,5500,0,0,0,0,0,0
CF,TATVI,50.097058,-119.397333,0,ILW,338.9,9.5,159.0,6.5,2,4500,0,0,0,0,2,0
CF,BOGNO,50.046233,-119.390317,0,ILW,338.9,6.4,159.0,3.1,2,3300,0,0,0,0,0,0
CF,PENTI,49.995964,-119.383283,0,ILW,338.9,3.4,159.0,3.0,1,2154,0,0,0,0,3,0
TF,MIXIB,49.921364,-119.372956,0, ,0.0,0.0,0.0,0.0,0,0,0,0,0,0,0,0
CI,0, ,0.0,196.0,0,0,0,0,0,0,0,0
CF,YWB,49.810539,-119.630631,0,YDC,32.1,38.8,226.0,12.0,0,0,0,0,0,0,0,0
CF,YDC,49.381542,-120.373772,0,YDC,0.0,0.0,213.0,38.8,1,9000,0,0,0,0,0,0
HM,YDC,49.381542,-120.373772,2, ,0.0,0.0,212.0,04.3,0,0,0,1,265,0,0,0,0

APPTR,N16-B,16,LW
PI,LW,50.060864,-119.416389,1,LW,23.0,10.0,338,5.0,2,6500,0,0,0,0,0,0
CF,LW,50.060864,-119.416389,0,LW,0.0,0.0,158.0,8.0,2,4500,0,0,0,0,0,0

FINAL,N16-B,16,N,2
IF,LW,50.060864,-119.416389,LW,0.0,0.0,2,4500,0,0,0,0,2,0
CF,MA150,49.965967,-119.376969,0,LW,0.0,0.0,150.0,5.9,1,3660,0,0,0,0,3,1
VA,0,160.0,2,4000,0,0,0,0,0,0
CF,YWB,49.810539,-119.630631,0,YDC,32.1,38.8,222.0,13.0,1,7400,0,0,0,0,0,0
HM,YWB,49.810539,-119.630631,2, ,0.0,0.0,222.0,04.3,0,0,0,1,250,0,0,0,0

APPTR,N34-B,34,LW
PI,LW,50.060864,-119.416389,1,LW,23.0,10.0,338,5.0,2,6500,0,0,0,0,0,0
CF,LW,50.060864,-119.416389,0,LW,0.0,0.0,158.0,8.0,2,4500,0,0,0,0,0,0

FINAL,N34-B,34,N,2
IF,LW,50.060864,-119.416389,LW,0.0,0.0,2,4500,0,0,0,0,2,0
CF,MA150,49.965967,-119.376969,0,LW,0.0,0.0,150.0,5.9,1,3660,0,0,0,0,3,1
VA,0,160.0,2,4000,0,0,0,0,0,0
CF,YWB,49.810539,-119.630631,0,YDC,32.1,38.8,222.0,13.0,1,7400,0,0,0,0,0,0
HM,YWB,49.810539,-119.630631,2, ,0.0,0.0,222.0,04.3,0,0,0,1,250,0,0,0,0

APPTR,R16-A,16,AMBAT
IF,AMBAT,49.883333,-119.656667, ,0.0,0.0,1,8000,0,1,210,0,1,0
TF,GABOT,49.864797,-119.613858,0, ,0.0,0.0,0.0,0.0,2,7800,0,0,0,0,0,0
TF,BOLDI,49.805033,-119.476289,0, ,0.0,0.0,0.0,0.0,2,5400,0,0,0,0,1,0

APPTR,R16-A,16,KOBEV
IF,KOBEV,49.745000,-119.755000, ,0.0,0.0,0,0,0,0,0,0,1,0
TF,DAMUT,49.784089,-119.573958,0, ,0.0,0.0,0.0,0.0,2,6000,0,0,0,0,0,0
TF,BOLDI,49.805033,-119.476289,0, ,0.0,0.0,0.0,0.0,2,5100,0,0,0,0,1,0

FINAL,R16-A,16,R,3
IF,BOLDI,49.805033,-119.476289, ,0.0,0.0,2,5100,0,0,0,0,0,0
TF,ELSEN,49.869686,-119.393642,0, ,0.0,0.0,24.0,5.0,2,4700,0,0,0,0,2,0
TF,ADSOT,49.945794,-119.373117,0, ,0.0,0.0,354.0,4.6,1,3040,0,0,0,0,3,1
VA,0,354.0,2,3100,0,0,0,0,0,0
DF,ALMOX,50.205119,-119.454611,0, ,0.0,0.0,1,7400,0,0,0,0,0,1
HM,ALMOX,50.205119,-119.454611,2, ,0.0,0.0,329.0,04.3,0,0,0,0,0,0,0,0,0

APPTR,R16-V,16,DATBO
IF,DATBO,50.244469,-119.574489, ,0.0,0.0,2,8300,0,1,210,0,1,0
TF,WTMAN,50.253500,-119.419333,0, ,0.0,0.0,0.0,0.0,2,6600,0,0,0,0,1,0

APPTR,R16-V,16,HUMEK
IF,HUMEK,50.354519,-119.305367, ,0.0,0.0,0,0,0,0,0,0,1,0
TF,WTMAN,50.253500,-119.419333,0, ,0.0,0.0,0.0,0.0,2,6600,0,0,0,0,1,0

APPTR,R16-V,16,LENUR
IF,LENUR,50.262744,-119.264178, ,0.0,0.0,2,8000,0,1,210,0,1,0
TF,WTMAN,50.253500,-119.419333,0, ,0.0,0.0,0.0,0.0,2,6600,0,0,0,0,1,0

APPTR,R16-V,16,MITAN
IF,MITAN,50.502225,-119.454486, ,0.0,0.0,0,0,0,0,0,0,1,0
TF,XERUX,50.419319,-119.442728,0, ,0.0,0.0,0.0,0.0,2,7500,0,0,0,0,0,0
TF,WTMAN,50.253500,-119.419333,0, ,0.0,0.0,0.0,0.0,2,6600,0,0,0,0,1,0

FINAL,R16-V,16,R,5
IF,WTMAN,50.253500,-119.419333, ,0.0,0.0,2,6600,0,0,0,0,0,0
TF,TATVI,50.097058,-119.397333,0, ,0.0,0.0,159.0,9.4,2,4200,0,0,0,0,2,0
TF,XOVTO,50.050658,-119.390878,0, ,0.0,0.0,159.0,2.8,2,3190,0,0,0,0,0,0
TF,XEVIM,50.034075,-119.388572,0, ,0.0,0.0,159.0,1.0,2,2850,0,0,0,0,0,0
TF,RW16,49.966081,-119.379142,0, ,0.0,0.0,159.0,4.1,1,1461,0,0,0,0,3,1
TF,EPRIP,49.893108,-119.369050,0, ,0.0,0.0,0.0,0.0,0,0,0,1,250,0,0,0
TF,VEPTO,49.850219,-119.454469,0, ,0.0,0.0,0.0,0.0,0,0,0,0,0,0,0,0
TF,MISIR,49.754833,-119.749000,0, ,0.0,0.0,0.0,0.0,1,9000,0,0,0,0,0,1
HM,MISIR,49.754833,-119.749000,2, ,0.0,0.0,227.0,04.3,0,0,0,0,0,0,0,0,0

APPTR,R16-X,16,DASAS
IF,DASAS,50.161711,-119.667858, ,0.0,0.0,2,8300,0,1,230,0,1,0
TF,UDKOS,50.180347,-119.499242,0, ,0.0,0.0,0.0,0.0,2,6400,0,1,210,0,0,0
RF,ADSIT,50.129003,-119.386717,2,ARC03,169.0,3.8,2,4500,0,0,0,0,0,0
RF,NOVEK,50.094486,-119.392889,2,ARC03,169.7,3.8,2,4000,0,0,0,0,0,0
RF,DURUL,50.060225,-119.399669,1,ARC04,51.4,3.9,2,3400,0,0,0,0,0,0

APPTR,R16-X,16,EBLEL
IF,EBLEL,50.224489,-118.727047, ,0.0,0.0,2,11000,0,0,0,0,1,0
TF,TADER,50.213100,-119.129628,0, ,0.0,0.0,0.0,0.0,2,8000,0,1,210,0,1,0
TF,XUBAD,50.209594,-119.244394,0, ,0.0,0.0,0.0,0.0,2,6800,0,0,0,0,0,0
RF,EPMOT,50.162686,-119.348578,1,ARC25,185.1,4.6,2,5300,0,0,0,0,0,0
TF,NOVEK,50.094486,-119.392889,0, ,0.0,0.0,0.0,0.0,2,4000,0,0,0,0,0,0
RF,DURUL,50.060225,-119.399669,1,ARC04,338.0,3.9,2,3400,0,0,0,0,0,0

APPTR,R16-X,16,MITAN
IF,MITAN,50.502225,-119.454486, ,0.0,0.0,2,8300,0,0,0,0,1,0
TF,EPSER,50.386156,-119.438028,0, ,0.0,0.0,0.0,0.0,2,8300,0,0,0,0,0,0
TF,WTMAN,50.253500,-119.419333,0, ,0.0,0.0,0.0,0.0,2,6200,0,1,210,0,1,0
TF,ADSIT,50.129003,-119.386717,0, ,0.0,0.0,0.0,0.0,2,4600,0,0,0,0,0,0
RF,NOVEK,50.094486,-119.392889,2,ARC03,169.7,3.8,2,4000,0,0,0,0,0,0
RF,DURUL,50.060225,-119.399669,1,ARC04,47.9,3.9,2,3400,0,0,0,0,0,0

APPTR,R16-X,16,NORIP
IF,NORIP,50.148333,-119.097500, ,0.0,0.0,1,8800,0,1,210,0,1,0
TF,PUROD,50.185506,-119.151708,0, ,0.0,0.0,0.0,0.0,2,7900,0,0,0,0,0,0
RF,XUBAD,50.209594,-119.244394,1,ARC25,217.4,4.6,2,6800,0,0,0,0,0,0
RF,EPMOT,50.162686,-119.348578,1,ARC25,185.1,4.6,2,5300,0,0,0,0,0,0
TF,NOVEK,50.094486,-119.392889,0, ,0.0,0.0,0.0,0.0,2,4000,0,0,0,0,0,0
RF,DURUL,50.060225,-119.399669,1,ARC04,256.2,3.9,2,3400,0,0,0,0,0,0

APPTR,R16-X,16,VIVEK
IF,VIVEK,50.073056,-119.720278, ,0.0,0.0,1,9500,0,1,210,0,1,0
TF,TUBIK,50.166808,-119.545075,0, ,0.0,0.0,0.0,0.0,2,7000,0,0,0,0,0,0
RF,UDKOS,50.180347,-119.499242,2,ARC03,107.9,3.8,2,6400,0,1,210,0,0,0
RF,ADSIT,50.129003,-119.386717,2,ARC03,169.0,3.8,2,4500,0,0,0,0,0,0
RF,NOVEK,50.094486,-119.392889,2,ARC03,169.7,3.8,2,4000,0,0,0,0,0,0
RF,DURUL,50.060225,-119.399669,1,ARC04,342.5,3.9,2,3400,0,0,0,0,0,0

FINAL,R16-X,16,R,2
IF,DURUL,50.060225,-119.399669, ,0.0,0.0,2,3400,0,0,0,0,2,0
TF,MIBSI,49.966114,-119.378775,0, ,0.0,0.0,156.0,5.7,1,1461,0,0,0,0,3,1
TF,XUGOT,49.926236,-119.369944,0, ,0.0,0.0,0.0,0.0,0,0,0,1,230,0,0,0
TF,VEPTO,49.850219,-119.454469,0, ,0.0,0.0,0.0,0.0,0,0,0,0,0,0,0,0
TF,MISIR,49.754833,-119.749000,0, ,0.0,0.0,0.0,0.0,1,9000,0,0,0,0,0,1
HM,MISIR,49.754833,-119.749000,2, ,0.0,0.0,227.0,04.3,0,0,0,0,0,0,0,0,0

APPTR,R16-Y,16,DATBO
IF,DATBO,50.244469,-119.574489, ,0.0,0.0,2,8300,0,1,210,0,1,0
TF,WTMAN,50.253500,-119.419333,0, ,0.0,0.0,0.0,0.0,2,6600,0,0,0,0,1,0

APPTR,R16-Y,16,HUMEK
IF,HUMEK,50.354519,-119.305367, ,0.0,0.0,0,0,0,0,0,0,1,0
TF,WTMAN,50.253500,-119.419333,0, ,0.0,0.0,0.0,0.0,2,6600,0,0,0,0,1,0

APPTR,R16-Y,16,LENUR
IF,LENUR,50.262744,-119.264178, ,0.0,0.0,2,8000,0,1,210,0,1,0
TF,WTMAN,50.253500,-119.419333,0, ,0.0,0.0,0.0,0.0,2,6600,0,0,0,0,1,0

APPTR,R16-Y,16,MITAN
IF,MITAN,50.502225,-119.454486, ,0.0,0.0,0,0,0,0,0,0,1,0
TF,XERUX,50.419319,-119.442728,0, ,0.0,0.0,0.0,0.0,2,7500,0,0,0,0,0,0
TF,WTMAN,50.253500,-119.419333,0, ,0.0,0.0,0.0,0.0,2,6600,0,0,0,0,1,0

FINAL,R16-Y,16,R,5
IF,WTMAN,50.253500,-119.419333, ,0.0,0.0,2,6600,0,0,0,0,0,0
TF,TATVI,50.097058,-119.397333,0, ,0.0,0.0,159.0,9.4,2,4200,0,0,0,0,2,0
TF,XOVTO,50.050658,-119.390878,0, ,0.0,0.0,159.0,2.8,2,3230,0,0,0,0,0,0
TF,XEVIM,50.034075,-119.388572,0, ,0.0,0.0,159.0,1.0,2,2880,0,0,0,0,0,0
TF,AXETI,49.989297,-119.382358,0, ,0.0,0.0,159.0,2.7,1,1948,0,0,0,0,3,1
TF,UKTUS,49.936850,-119.375094,0, ,0.0,0.0,0.0,0.0,0,0,0,0,0,0,0,0
TF,VEPTO,49.850219,-119.454469,0, ,0.0,0.0,0.0,0.0,0,0,0,1,210,0,0,0
TF,MISIR,49.754833,-119.749000,0, ,0.0,0.0,0.0,0.0,1,9000,0,0,0,0,0,1
HM,MISIR,49.754833,-119.749000,2, ,0.0,0.0,227.0,04.3,0,0,0,0,0,0,0,0,0

APPTR,R16-Z,16,DATBO
IF,DATBO,50.244469,-119.574489, ,0.0,0.0,2,8300,0,1,210,0,1,0
TF,WTMAN,50.253500,-119.419333,0, ,0.0,0.0,0.0,0.0,2,6600,0,0,0,0,1,0

APPTR,R16-Z,16,HUMEK
IF,HUMEK,50.354519,-119.305367, ,0.0,0.0,0,0,0,0,0,0,1,0
TF,WTMAN,50.253500,-119.419333,0, ,0.0,0.0,0.0,0.0,2,5100,0,0,0,0,1,0

APPTR,R16-Z,16,LENUR
IF,LENUR,50.262744,-119.264178, ,0.0,0.0,2,8000,0,1,210,0,1,0
TF,WTMAN,50.253500,-119.419333,0, ,0.0,0.0,0.0,0.0,2,5900,0,0,0,0,1,0

APPTR,R16-Z,16,MITAN
IF,MITAN,50.502225,-119.454486, ,0.0,0.0,0,0,0,0,0,0,1,0
TF,XERUX,50.419319,-119.442728,0, ,0.0,0.0,0.0,0.0,2,7500,0,0,0,0,0,0
TF,WTMAN,50.253500,-119.419333,0, ,0.0,0.0,0.0,0.0,2,5900,0,0,0,0,1,0

FINAL,R16-Z,16,R,3
IF,WTMAN,50.253500,-119.419333, ,0.0,0.0,2,5100,0,0,0,0,0,0
TF,TATVI,50.097058,-119.397333,0, ,0.0,0.0,159.0,9.4,2,4200,0,0,0,0,2,0
TF,RW16,49.966081,-119.379142,0, ,0.0,0.0,159.0,7.9,1,1461,0,0,0,0,3,1
TF,UKTUS,49.936850,-119.375094,0, ,0.0,0.0,0.0,0.0,0,0,0,0,0,0,0,0
TF,VEPTO,49.850219,-119.454469,0, ,0.0,0.0,0.0,0.0,0,0,0,1,210,0,0,0
TF,MISIR,49.754833,-119.749000,0, ,0.0,0.0,0.0,0.0,1,9000,0,0,0,0,0,1
HM,MISIR,49.754833,-119.749000,2, ,0.0,0.0,227.0,04.3,0,0,0,0,0,0,0,0,0

APPTR,R34-A,34,AMBAT
IF,AMBAT,49.883333,-119.656667, ,0.0,0.0,1,8000,0,1,210,0,1,0
TF,GABOT,49.864797,-119.613858,0, ,0.0,0.0,0.0,0.0,2,7800,0,0,0,0,0,0
TF,BOLDI,49.805033,-119.476289,0, ,0.0,0.0,0.0,0.0,2,5400,0,0,0,0,1,0

APPTR,R34-A,34,KOBEV
IF,KOBEV,49.745000,-119.755000, ,0.0,0.0,0,0,0,0,0,0,1,0
TF,DAMUT,49.784089,-119.573958,0, ,0.0,0.0,0.0,0.0,2,6000,0,0,0,0,0,0
TF,BOLDI,49.805033,-119.476289,0, ,0.0,0.0,0.0,0.0,2,5100,0,0,0,0,1,0

FINAL,R34-A,34,R,3
IF,BOLDI,49.805033,-119.476289, ,0.0,0.0,2,5100,0,0,0,0,0,0
TF,ELSEN,49.869686,-119.393642,0, ,0.0,0.0,24.0,5.0,2,4700,0,0,0,0,2,0
TF,ADSOT,49.945794,-119.373117,0, ,0.0,0.0,354.0,4.6,1,3040,0,0,0,0,3,1
VA,0,354.0,2,3100,0,0,0,0,0,0
DF,ALMOX,50.205119,-119.454611,0, ,0.0,0.0,1,7400,0,0,0,0,0,1
HM,ALMOX,50.205119,-119.454611,2, ,0.0,0.0,329.0,04.3,0,0,0,0,0,0,0,0,0

APPTR,R34-Z,34,AMBAT
IF,AMBAT,49.883333,-119.656667, ,0.0,0.0,1,8000,0,1,210,0,1,0
TF,PENDO,49.829114,-119.643150,0, ,0.0,0.0,0.0,0.0,2,7000,0,0,0,0,0,0
RF,XUDVO,49.787289,-119.559833,1,ARC49,47.5,3.0,2,5600,0,1,190,0,0,0
RF,BOTET,49.801858,-119.512078,1,ARC49,27.5,3.0,2,5000,0,0,0,0,0,0
TF,XUBOM,49.825978,-119.475072,0, ,0.0,0.0,0.0,0.0,2,4400,0,0,0,0,0,0
RF,EMADO,49.841583,-119.434119,2,ARC51,198.2,3.7,2,3900,0,0,0,0,0,0

APPTR,R34-Z,34,IKNAP
IF,IKNAP,49.642806,-119.652281, ,0.0,0.0,2,9000,0,1,210,0,1,0
TF,XUGSA,49.702769,-119.717150,0, ,0.0,0.0,0.0,0.0,2,8600,0,0,0,0,0,0
RF,VOGET,49.781211,-119.661250,2,ARC50,67.5,3.0,2,6800,0,0,0,0,0,0
TF,XUDVO,49.787289,-119.559833,0, ,0.0,0.0,0.0,0.0,2,5600,0,1,190,0,0,0
RF,BOTET,49.801858,-119.512078,1,ARC49,27.5,3.0,2,5000,0,0,0,0,0,0
TF,XUBOM,49.825978,-119.475072,0, ,0.0,0.0,0.0,0.0,2,4400,0,0,0,0,0,0
RF,EMADO,49.841583,-119.434119,2,ARC51,342.8,3.7,2,3900,0,0,0,0,0,0

FINAL,R34-Z,34,R,4
IF,EMADO,49.841583,-119.434119, ,0.0,0.0,2,3900,0,0,0,0,2,0
RF,ODKIM,49.859600,-119.387711,1,ARC52,2.1,4.0,2,3200,0,0,0,0,0,0
RF,VOBAK,49.893856,-119.369086,1,ARC53,337.7,2.6,2,2460,0,0,0,0,0,0
TF,RW34,49.946161,-119.376372,0, ,0.0,0.0,339.0,3.2,1,1422,0,0,0,0,3,1
TF,OTPOV,50.138461,-119.403208,0, ,0.0,0.0,0.0,0.0,0,0,0,0,0,0,0,0
TF,LENUR,50.262744,-119.264178,0, ,0.0,0.0,0.0,0.0,1,8000,0,0,0,0,0,1
HM,LENUR,50.262744,-119.264178,1, ,0.0,0.0,20.0,04.3,0,0,0,0,0,0,0,0,0

