APPTR,R06,06,DUXEL
HF,DUXEL,51.166125,-80.795572,2, ,0.0,0.0,57.0,04.3,2,1500,0,1,230,0,0,0,0

APPTR,R06,06,EMBEV
IF,EMBEV,51.105997,-80.887056, ,0.0,0.0,0,0,0,1,210,0,1,0
TF,DUXEL,51.166125,-80.795572,0, ,0.0,0.0,0.0,0.0,2,1500,0,0,0,0,1,0

APPTR,R06,06,OLUSI
IF,OLUSI,51.108492,-80.700114, ,0.0,0.0,0,0,0,1,210,0,1,0
TF,DUXEL,51.166125,-80.795572,0, ,0.0,0.0,0.0,0.0,2,1500,0,0,0,0,1,0

APPTR,R06,06,ROVTU
IF,ROVTU,51.223678,-80.891269, ,0.0,0.0,0,0,0,1,210,0,1,0
TF,DUXEL,51.166125,-80.795572,0, ,0.0,0.0,0.0,0.0,2,1500,0,0,0,0,1,0

FINAL,R06,06,R,3
IF,DUXEL,51.166125,-80.795572, ,0.0,0.0,2,1500,0,0,0,0,1,0
TF,ANTED,51.238183,-80.685478,0, ,0.0,0.0,57.0,6.0,2,1400,0,0,0,0,2,0
TF,RW06,51.288106,-80.608908,0, ,0.0,0.0,57.0,4.2,1,75,0,0,0,0,3,1
TF,HELDS,51.348014,-80.516700,0, ,0.0,0.0,0.0,0.0,1,1500,0,0,0,0,0,1
HM,HELDS,51.348014,-80.516700,2, ,0.0,0.0,57.0,04.3,0,0,0,1,230,0,0,0,0

APPTR,R24,24,ANVUD
HF,ANVUD,51.417683,-80.409025,2, ,0.0,0.0,237.0,04.3,2,1500,0,1,230,0,0,0,0

APPTR,R24,24,DURAT
IF,DURAT,51.359739,-80.313528, ,0.0,0.0,0,0,0,1,210,0,1,0
TF,ANVUD,51.417683,-80.409025,0, ,0.0,0.0,0.0,0.0,2,1500,0,0,0,0,1,0

APPTR,R24,24,FALIE
IF,FALIE,51.477433,-80.316294, ,0.0,0.0,0,0,0,1,210,0,1,0
TF,ANVUD,51.417683,-80.409025,0, ,0.0,0.0,0.0,0.0,2,1500,0,0,0,0,1,0

APPTR,R24,24,GWINE
IF,GWINE,51.475550,-80.504761, ,0.0,0.0,0,0,0,1,210,0,1,0
TF,ANVUD,51.417683,-80.409025,0, ,0.0,0.0,0.0,0.0,2,1500,0,0,0,0,1,0

FINAL,R24,24,R,3
IF,ANVUD,51.417683,-80.409025, ,0.0,0.0,2,1500,0,0,0,0,1,0
TF,EDDIT,51.345886,-80.519981,0, ,0.0,0.0,237.0,6.0,2,1400,0,0,0,0,2,0
TF,RW24,51.296000,-80.596778,0, ,0.0,0.0,237.0,4.2,1,76,0,0,0,0,3,1
TF,HUNDS,51.236031,-80.688778,0, ,0.0,0.0,0.0,0.0,1,1500,0,0,0,0,0,1
HM,HUNDS,51.236031,-80.688778,2, ,0.0,0.0,237.0,04.3,0,0,0,1,230,0,0,0,0

APPTR,S06,06,YMO
PI,YMO,51.291389,-80.607222,2,YMO,185.0,9.0,230,5.0,2,1300,0,0,0,0,0,0
CF,FF06,51.238192,-80.671058,0,YMO,230.0,4.0,50.0,5.0,2,1300,0,0,0,0,0,0

FINAL,S06,06,D,2
IF,FF06,51.238192,-80.671058,YMO,230.0,4.0,2,1300,0,0,0,0,2,0
CF,RW06,51.288106,-80.608908,0,YMO,210.9,0.2,50.0,3.8,1,75,0,0,0,0,3,0
CF,YMO,51.291389,-80.607222,0,YMO,0.0,0.0,50.0,0.2,2,430,0,0,0,0,0,1
CA,0,50.0,2,1500,0,0,0,0,0,0
DF,YMO,51.291389,-80.607222,2, ,0.0,0.0,1,1500,0,0,0,0,0,0
HM,YMO,51.291389,-80.607222,2, ,0.0,0.0,50.0,04.3,0,0,0,1,230,0,0,0,0

APPTR,S24,24,YMO
PI,YMO,51.291389,-80.607222,2,YMO,18.0,10.0,063,5.0,2,1300,0,0,0,0,0,0
CF,FF24,51.337367,-80.519681,0,YMO,63.0,4.3,243.0,5.7,2,1300,0,0,0,0,0,0

FINAL,S24,24,D,2
IF,FF24,51.337367,-80.519681,YMO,63.0,4.3,2,1300,0,0,0,0,2,0
CF,RW24,51.296000,-80.596778,0,YMO,67.8,0.5,243.0,3.8,1,74,0,0,0,0,3,0
CF,YMO,51.291389,-80.607222,0,YMO,0.0,0.0,243.0,0.5,2,430,0,0,0,0,0,1
CA,0,243.0,2,1300,0,0,0,0,0,0
DF,YMO,51.291389,-80.607222,2, ,0.0,0.0,1,1300,0,0,0,0,0,0
HM,YMO,51.291389,-80.607222,2, ,0.0,0.0,243.0,04.3,0,0,0,1,230,0,0,0,0

APPTR,S32,32,YMO
PI,YMO,51.291389,-80.607222,2,YMO,100.0,9.0,145,5.0,2,1300,0,0,0,0,0,0
CF,FF32,51.247919,-80.530344,0,YMO,145.0,3.9,325.0,5.1,2,1300,0,0,0,0,0,0

FINAL,S32,32,D,2
IF,FF32,51.247919,-80.530344,YMO,145.0,3.9,2,1300,0,0,0,0,2,0
CF,YMO,51.291389,-80.607222,0,YMO,0.0,0.0,325.0,3.9,1,51,0,0,0,0,3,0
CA,0,325.0,2,1400,0,0,0,0,0,0
DF,YMO,51.291389,-80.607222,2, ,0.0,0.0,1,1400,0,0,0,0,0,0
HM,YMO,51.291389,-80.607222,2, ,0.0,0.0,325.0,04.3,0,0,0,1,230,0,0,0,0

