APPTR,R02,02,NUBAL
IF,NUBAL,64.554953,-110.966611, ,0.0,0.0,0,0,0,1,210,0,1,0
TF,KEDPA,64.522733,-110.788753,0, ,0.0,0.0,0.0,0.0,2,3200,0,1,180,0,1,0

APPTR,R02,02,UKONA
IF,UKONA,63.115556,-113.308333, ,0.0,0.0,0,0,0,0,0,0,1,0
TF,KEDPA,64.522733,-110.788753,0, ,0.0,0.0,0.0,0.0,2,3200,0,1,180,0,1,0

FINAL,R02,02,R,4
IF,KEDPA,64.522733,-110.788753, ,0.0,0.0,2,3200,0,1,180,0,1,0
TF,ILEMO,64.614519,-110.698378,0, ,0.0,0.0,1.0,6.0,2,3200,0,0,0,0,2,0
TF,XOMDO,64.664947,-110.648442,0, ,0.0,0.0,1.0,3.3,2,2130,0,0,0,0,0,0
TF,RW02,64.690933,-110.622628,0, ,0.0,0.0,1.0,1.7,1,1586,0,0,0,0,3,1
TF,RADAN,64.767339,-110.546422,0, ,0.0,0.0,0.0,0.0,1,3000,0,0,0,0,0,1
HM,RADAN,64.767339,-110.546422,1, ,0.0,0.0,1.0,04.3,0,0,0,1,200,0,0,0,0

APPTR,R20,20,UKONA
IF,UKONA,63.115556,-113.308333, ,0.0,0.0,0,0,0,0,0,0,0,0
TF,SAVAB,64.925269,-110.706656,0, ,0.0,0.0,0.0,0.0,2,3200,0,1,210,0,1,0
TF,IRLAG,64.876389,-110.436833,0, ,0.0,0.0,0.0,0.0,2,3200,0,0,0,0,1,0

FINAL,R20,20,R,3
IF,IRLAG,64.876389,-110.436833, ,0.0,0.0,2,3200,0,1,210,0,1,0
TF,DUGSI,64.784767,-110.528969,0, ,0.0,0.0,19.0,6.0,2,3200,0,0,0,0,2,0
TF,RW20,64.707061,-110.606581,0, ,0.0,0.0,19.0,5.1,1,1557,0,0,0,0,3,1
TF,MIDBU,64.630625,-110.682450,0, ,0.0,0.0,0.0,0.0,1,2800,0,0,0,0,0,1
HM,MIDBU,64.630625,-110.682450,2, ,0.0,0.0,19.0,04.3,0,0,0,1,200,0,0,0,0

