APPTR,R09,09,IRBEP
IF,IRBEP,58.650967,-119.667653, ,0.0,0.0,0,0,0,1,200,0,1,0
TF,PILRI,58.567167,-119.737808,0, ,0.0,0.0,0.0,0.0,2,3400,0,1,180,0,1,0

APPTR,R09,09,VEPMU
IF,VEPMU,58.483331,-119.807631, ,0.0,0.0,0,0,0,1,200,0,1,0
TF,PILRI,58.567167,-119.737808,0, ,0.0,0.0,0.0,0.0,2,3400,0,1,180,0,1,0

FINAL,R09,09,R,3
IF,PILRI,58.567167,-119.737808, ,0.0,0.0,2,3400,0,1,180,0,1,0
TF,MEDAX,58.527158,-119.562994,0, ,0.0,0.0,96.0,6.0,2,3400,0,0,0,0,2,0
TF,RW09,58.493861,-119.418597,0, ,0.0,0.0,96.0,5.0,1,1797,0,0,0,0,3,1
TF,OBTIT,58.446656,-119.215536,0, ,0.0,0.0,0.0,0.0,1,3700,0,0,0,0,0,1
HM,OBTIT,58.446656,-119.215536,2, ,0.0,0.0,96.0,04.3,2,3700,0,1,200,0,0,0,0

APPTR,R27,27,DUREK
IF,DUREK,58.496594,-119.001194, ,0.0,0.0,0,0,0,1,200,0,1,0
TF,KINUG,58.413164,-119.072625,0, ,0.0,0.0,0.0,0.0,2,3500,0,1,180,0,1,0

APPTR,R27,27,ULAGA
IF,ULAGA,58.329689,-119.143717, ,0.0,0.0,0,0,0,1,200,0,1,0
TF,KINUG,58.413164,-119.072625,0, ,0.0,0.0,0.0,0.0,2,3500,0,1,180,0,1,0

FINAL,R27,27,R,3
IF,KINUG,58.413164,-119.072625, ,0.0,0.0,2,3500,0,1,180,0,1,0
TF,ILADU,58.453839,-119.246314,0, ,0.0,0.0,276.0,6.0,2,3400,0,0,0,0,2,0
TF,RW27,58.488325,-119.394686,0, ,0.0,0.0,276.0,5.1,1,1748,0,0,0,0,3,1
TF,ILOXA,58.535247,-119.598228,0, ,0.0,0.0,0.0,0.0,1,3700,0,0,0,0,0,1
HM,ILOXA,58.535247,-119.598228,2, ,0.0,0.0,276.0,04.3,2,3700,0,1,200,0,0,0,0

