SID,CYQT9,07,1
VA,0,74.0,2,1700,0,0,0,0,0,0
VM,0,0,0,74.0,0,0,0,0,0,0,0,0

SID,CYQT9,12,1
VA,0,125.0,2,1100,0,0,0,0,0,0
VM,0,0,0,80.0,0,0,0,1,180,0,0,0

SID,CYQT9,25,1
VA,0,254.0,2,1600,0,0,0,0,0,0
VM,0,0,0,254.0,0,0,0,0,0,0,0,0

SID,CYQT9,30,1
VA,0,305.0,2,1600,0,0,0,0,0,0
VM,0,0,0,305.0,0,0,0,0,0,0,0,0

SID,LESIS1,25,4
VA,0,254.0,2,1600,0,0,0,0,0,0
VM,0,0,0,254.0,0,0,0,0,0,0,0,0
DF,LESIS,48.098406,-88.719575,0, ,0.0,0.0,0,0,0,0,0,0,0,0

SID,LESIS1,30,4
VA,0,305.0,2,1600,0,0,0,0,0,0
VM,0,0,0,305.0,0,0,0,0,0,0,0,0
DF,LESIS,48.098406,-88.719575,0, ,0.0,0.0,0,0,0,0,0,0,0,0

SID,LESIS1,ALL,5
IF,LESIS,48.098406,-88.719575, ,0.0,0.0,0,0,0,0,0,0,0,0
TF,BOTIT,47.554922,-87.188506,0, ,0.0,0.0,0.0,0.0,0,0,0,0,0,0,0,0
FM,BOTIT,47.554922,-87.188506,0,YQT,0.0,0.0,122.0,0,0,0,0,0,0,0,0

SID,NUBOM1,07,5
VA,0,74.0,2,1700,0,0,0,0,0,0
VM,0,0,0,74.0,0,0,0,0,0,0,0,0
DF,NUBOM,48.338186,-88.534439,0, ,0.0,0.0,0,0,0,0,0,0,0,0
TF,ALNAN,47.792219,-86.998286,0, ,0.0,0.0,0.0,0.0,0,0,0,0,0,0,0,0
FM,ALNAN,47.792219,-86.998286,0,YQT,0.0,0.0,122.0,0,0,0,0,0,0,0,0

STAR,LIBUK2,ALL,5
IF,LIBUK,48.944769,-89.882608, ,0.0,0.0,0,0,0,0,0,0,0,0
TF,IRBOX,48.781422,-89.708108,0, ,0.0,0.0,0.0,0.0,0,0,0,0,0,0,0,0

STAR,LIBUK2,07,6
IF,IRBOX,48.781422,-89.708108, ,0.0,0.0,0,0,0,0,0,0,0,0
TF,UMIMO,48.524228,-89.643808,0, ,0.0,0.0,0.0,0.0,2,6000,0,0,0,0,0,0
TF,NUBEN,48.392781,-89.611203,0, ,0.0,0.0,0.0,0.0,2,4000,0,1,210,0,0,0
TF,IRGAS,48.380431,-89.662992,0, ,0.0,0.0,0.0,0.0,0,0,0,0,0,0,0,0
FM,IRGAS,48.380431,-89.662992,0,YQT,0.0,0.0,254.0,0,0,0,0,0,0,0,0

STAR,LIBUK2,12,6
IF,IRBOX,48.781422,-89.708108, ,0.0,0.0,0,0,0,0,0,0,0,0
TF,SIKBU,48.556564,-89.597936,0, ,0.0,0.0,0.0,0.0,2,6000,0,0,0,0,0,0
TF,MOGOV,48.461486,-89.551661,0, ,0.0,0.0,0.0,0.0,2,3000,0,1,200,0,0,0

STAR,LIBUK2,25,6
IF,IRBOX,48.781422,-89.708108, ,0.0,0.0,0,0,0,0,0,0,0,0
TF,TAPMO,48.621083,-89.352817,0, ,0.0,0.0,0.0,0.0,2,7000,0,0,0,0,0,0
TF,GABUR,48.510619,-89.110744,0, ,0.0,0.0,0.0,0.0,2,4000,0,1,210,0,0,0
TF,PERVU,48.521619,-89.063422,0, ,0.0,0.0,0.0,0.0,0,0,0,0,0,0,0,0
FM,PERVU,48.521619,-89.063422,0,YQT,0.0,0.0,74.0,0,0,0,0,0,0,0,0

STAR,NOTER3,DUPUL,4
IF,DUPUL,47.673611,-87.093611, ,0.0,0.0,0,0,0,0,0,0,0,0
TF,NOTER,48.218333,-88.627222,0, ,0.0,0.0,0.0,0.0,2,7000,0,0,0,0,0,0

STAR,NOTER3,URSUM,4
IF,URSUM,48.164444,-87.565278, ,0.0,0.0,0,0,0,0,0,0,0,0
TF,NOTER,48.218333,-88.627222,0, ,0.0,0.0,0.0,0.0,2,7000,0,0,0,0,0,0

STAR,NOTER3,07,6
IF,NOTER,48.218333,-88.627222, ,0.0,0.0,2,7000,0,0,0,0,0,0
TF,MIXEB,48.233222,-89.361822,0, ,0.0,0.0,0.0,0.0,1,5000,0,1,210,0,0,0
TF,KEBTU,48.235925,-89.527247,0, ,0.0,0.0,0.0,0.0,0,0,0,1,210,0,0,0
TF,SAXOB,48.224733,-89.574206,0, ,0.0,0.0,0.0,0.0,0,0,0,0,0,0,0,0
FM,SAXOB,48.224733,-89.574206,0,YQT,0.0,0.0,254.0,0,0,0,0,0,0,0,0

STAR,NOTER3,12,6
IF,NOTER,48.218333,-88.627222, ,0.0,0.0,2,7000,0,0,0,0,0,0
TF,DEPLI,48.532622,-89.486531,0, ,0.0,0.0,0.0,0.0,2,4000,0,1,210,0,0,0
TF,TAGUT,48.549942,-89.529378,0, ,0.0,0.0,0.0,0.0,0,0,0,0,0,0,0,0
FM,TAGUT,48.549942,-89.529378,0,YQT,0.0,0.0,305.0,0,0,0,0,0,0,0,0

STAR,NOTER3,25,6
IF,NOTER,48.218333,-88.627222, ,0.0,0.0,2,7000,0,0,0,0,0,0
TF,VIVUR,48.368394,-88.936967,0, ,0.0,0.0,0.0,0.0,1,5500,0,0,0,0,0,0
TF,KANEV,48.432019,-89.069378,0, ,0.0,0.0,0.0,0.0,2,3400,0,1,200,0,0,0

STAR,TIGAG2,ALL,5
IF,TIGAG,48.556408,-90.307194, ,0.0,0.0,0,0,0,0,0,0,0,0
TF,ALVEB,48.468606,-90.036978,0, ,0.0,0.0,0.0,0.0,0,0,0,0,0,0,0,0

STAR,TIGAG2,07,6
IF,ALVEB,48.468606,-90.036978, ,0.0,0.0,0,0,0,0,0,0,0,0
TF,DURIT,48.373197,-89.746594,0, ,0.0,0.0,0.0,0.0,1,6000,0,1,230,0,0,0
TF,FESET,48.314361,-89.569161,0, ,0.0,0.0,0.0,0.0,2,3000,0,1,200,0,0,0

STAR,TIGAG2,12,6
IF,ALVEB,48.468606,-90.036978, ,0.0,0.0,0,0,0,0,0,0,0,0
TF,MOGOV,48.461486,-89.551661,0, ,0.0,0.0,0.0,0.0,2,3000,0,1,200,0,0,0

STAR,TIGAG2,25,6
IF,ALVEB,48.468606,-90.036978, ,0.0,0.0,0,0,0,0,0,0,0,0
TF,KINUN,48.473372,-89.514497,0, ,0.0,0.0,0.0,0.0,2,6000,0,0,0,0,0,0
TF,UKRED,48.474817,-89.264028,0, ,0.0,0.0,0.0,0.0,1,5000,0,1,210,0,0,0
TF,GABUR,48.510619,-89.110744,0, ,0.0,0.0,0.0,0.0,0,0,0,1,210,0,0,0
TF,PERVU,48.521619,-89.063422,0, ,0.0,0.0,0.0,0.0,0,0,0,0,0,0,0,0
FM,PERVU,48.521619,-89.063422,0,YQT,0.0,0.0,74.0,0,0,0,0,0,0,0,0

APPTR,I07,07,KEBTU
IF,KEBTU,48.235925,-89.527247, ,0.0,0.0,2,4000,0,1,210,0,1,0
TF,FESET,48.314361,-89.569161,0,IQT,0.0,0.0,0.0,0.0,2,3200,0,1,200,0,1,0

APPTR,I07,07,NUBEN
IF,NUBEN,48.392781,-89.611203, ,0.0,0.0,2,4000,0,1,210,0,1,0
TF,FESET,48.314361,-89.569161,0,IQT,0.0,0.0,0.0,0.0,2,3200,0,1,200,0,1,0

APPTR,I07,07,QT
PI,QT,48.346342,-89.433864,2,YQT,209.0,10.0,254,5.0,2,3200,0,0,0,0,1,0
CF,FESET,48.314361,-89.569161,0,IQT,254.6,11.4,74.0,4.2,2,3200,0,1,200,0,1,0

FINAL,I07,07,I,3
IF,FESET,48.314361,-89.569161,IQT,254.6,11.4,2,3200,0,1,200,0,0,0
CF,QT,48.346342,-89.433864,0,IQT,254.5,5.6,74.0,5.8,1,2070,0,0,0,0,2,0
CF,RW07,48.370119,-89.333747,0,IQT,254.5,1.4,74.0,4.3,1,695,0,0,0,0,3,0
VM,0,0,0,74.0,1,4000,0,0,0,0,0,0

APPTR,N07,07,QT
PI,QT,48.346342,-89.433864,2,YQT,209.0,10.0,254,5.0,2,3200,0,0,0,0,0,0
CF,QT,48.346342,-89.433864,0,YQT,5.4,5.6,74.0,8.0,2,2300,0,0,0,0,0,0

FINAL,N07,07,N,2
IF,QT,48.346342,-89.433864,QT,0.0,0.0,2,2300,0,0,0,0,2,0
CF,RW07,48.370119,-89.333747,0,QT,0.0,0.0,74.0,4.3,1,695,0,0,0,0,3,0
CA,0,74.0,2,1060,0,0,0,0,0,0
VA,0,54.0,2,3400,0,0,0,0,0,0
DF,QT,48.346342,-89.433864,1, ,0.0,0.0,1,3400,0,0,0,0,0,0
HM,QT,48.346342,-89.433864,2, ,0.0,0.0,74.0,04.3,0,0,0,0,0,0,0,0,0

APPTR,R07-Y,07,DURIT
IF,DURIT,48.373197,-89.746594, ,0.0,0.0,1,6000,0,1,230,0,1,0
TF,ULILO,48.344528,-89.464481,0, ,0.0,0.0,0.0,0.0,2,2400,0,0,0,0,0,0
RF,GONEV,48.346442,-89.434028,1,ARC04,253.9,2.5,2,2100,0,0,0,0,0,0

APPTR,R07-Y,07,FESET
IF,FESET,48.314361,-89.569161, ,0.0,0.0,2,3000,0,1,200,0,1,0
TF,OBMUT,48.334578,-89.484097,0, ,0.0,0.0,0.0,0.0,2,2300,0,0,0,0,0,0
TF,GONEV,48.346442,-89.434028,0, ,0.0,0.0,0.0,0.0,2,2100,0,0,0,0,0,0

APPTR,R07-Y,07,MIXEB
IF,MIXEB,48.233222,-89.361822, ,0.0,0.0,1,5000,0,1,210,0,1,0
TF,VIDPO,48.272847,-89.448400,0, ,0.0,0.0,0.0,0.0,2,3700,0,0,0,0,0,0
RF,DUNPO,48.316675,-89.473931,2,ARC02,45.2,2.5,2,2800,0,0,0,0,0,0
RF,GONEV,48.346442,-89.434028,2,ARC02,363.5,2.5,2,2100,0,0,0,0,0,0

FINAL,R07-Y,07,R,2
IF,GONEV,48.346442,-89.434028, ,0.0,0.0,2,2100,0,0,0,0,2,0
TF,RW07,48.370119,-89.333747,0, ,0.0,0.0,74.0,4.3,1,699,0,0,0,0,3,1
TF,KANEV,48.432019,-89.069378,0, ,0.0,0.0,0.0,0.0,1,4000,0,0,0,0,0,1
HM,KANEV,48.432019,-89.069378,2, ,0.0,0.0,74.0,04.3,0,0,0,0,0,0,0,0,0

APPTR,R07-Z,07,KEBTU
IF,KEBTU,48.235925,-89.527247, ,0.0,0.0,2,4000,0,1,210,0,1,0
TF,FESET,48.314361,-89.569161,0, ,0.0,0.0,0.0,0.0,2,3000,0,1,200,0,1,0

APPTR,R07-Z,07,NUBEN
IF,NUBEN,48.392781,-89.611203, ,0.0,0.0,2,4000,0,1,210,0,1,0
TF,FESET,48.314361,-89.569161,0, ,0.0,0.0,0.0,0.0,2,3000,0,1,200,0,1,0

FINAL,R07-Z,07,R,4
IF,FESET,48.314361,-89.569161, ,0.0,0.0,2,3000,0,1,200,0,0,0
TF,OBMUT,48.334578,-89.484097,0, ,0.0,0.0,74.0,3.6,2,2800,0,0,0,0,0,0
TF,GONEV,48.346442,-89.434028,0, ,0.0,0.0,74.0,2.1,2,2100,0,0,0,0,2,0
TF,RW07,48.370119,-89.333747,0, ,0.0,0.0,74.0,4.3,1,699,0,0,0,0,3,1
TF,KANEV,48.432019,-89.069378,0, ,0.0,0.0,0.0,0.0,1,4000,0,0,0,0,0,1
HM,KANEV,48.432019,-89.069378,2, ,0.0,0.0,74.0,04.3,0,0,0,0,0,0,0,0,0

APPTR,R12-X,12,DEPLI
IF,DEPLI,48.532622,-89.486531, ,0.0,0.0,2,4000,0,1,210,0,1,0
TF,MOGOV,48.461486,-89.551661,0, ,0.0,0.0,0.0,0.0,2,3000,0,1,200,0,1,0

APPTR,R12-X,12,SUTUK
IF,SUTUK,48.390308,-89.616611, ,0.0,0.0,2,4000,0,1,210,0,1,0
TF,MOGOV,48.461486,-89.551661,0, ,0.0,0.0,0.0,0.0,2,3000,0,1,200,0,1,0

FINAL,R12-X,12,R,3
IF,MOGOV,48.461486,-89.551661, ,0.0,0.0,2,3000,0,1,200,0,0,0
TF,LOLVA,48.414422,-89.435517,0, ,0.0,0.0,125.0,5.4,2,2200,0,0,0,0,2,0
TF,RW12,48.374769,-89.338047,0, ,0.0,0.0,125.0,4.6,1,697,0,0,0,0,3,1
DF,ETGIM,48.384853,-89.044617,0, ,0.0,0.0,1,4000,0,1,220,0,0,1
HM,ETGIM,48.384853,-89.044617,2, ,0.0,0.0,87.0,04.3,0,0,0,1,220,0,0,0,0

APPTR,R12-Z,12,DEPLI
IF,DEPLI,48.532622,-89.486531, ,0.0,0.0,2,4000,0,1,210,0,1,0
TF,MOGOV,48.461486,-89.551661,0, ,0.0,0.0,0.0,0.0,2,3000,0,1,200,0,1,0

APPTR,R12-Z,12,SUTUK
IF,SUTUK,48.390308,-89.616611, ,0.0,0.0,2,4000,0,1,210,0,1,0
TF,MOGOV,48.461486,-89.551661,0, ,0.0,0.0,0.0,0.0,2,3000,0,1,200,0,1,0

FINAL,R12-Z,12,R,4
IF,MOGOV,48.461486,-89.551661, ,0.0,0.0,2,3000,0,1,200,0,0,0
TF,LOLVA,48.414422,-89.435517,0, ,0.0,0.0,125.0,5.4,2,2200,0,0,0,0,2,0
TF,XOTUV,48.403431,-89.408461,0, ,0.0,0.0,125.0,1.3,2,1700,0,0,0,0,0,0
TF,OMPUN,48.390408,-89.376444,0, ,0.0,0.0,125.0,1.5,1,1291,0,0,0,0,3,1
DF,ETGIM,48.384853,-89.044617,0, ,0.0,0.0,1,4000,0,1,220,0,0,1
HM,ETGIM,48.384853,-89.044617,2, ,0.0,0.0,87.0,04.3,0,0,0,1,220,0,0,0,0

APPTR,R25-Y,25,KANEV
IF,KANEV,48.432019,-89.069378, ,0.0,0.0,2,3400,0,1,200,0,1,0
TF,NAGAG,48.407319,-89.175261,0, ,0.0,0.0,0.0,0.0,2,2000,0,1,200,0,0,0
TF,BEROB,48.398925,-89.211128,0, ,0.0,0.0,0.0,0.0,2,2000,0,0,0,0,0,0

APPTR,R25-Y,25,UKRED
IF,UKRED,48.474817,-89.264028, ,0.0,0.0,1,5000,0,1,210,0,1,0
TF,LOLPO,48.485881,-89.216772,0, ,0.0,0.0,0.0,0.0,2,4400,0,0,0,0,0,0
RF,MIRIL,48.460394,-89.136942,2,ARC03,209.1,2.5,2,3200,0,0,0,0,0,0
RF,NAGAG,48.407319,-89.175261,2,ARC03,254.1,2.5,2,2000,0,1,200,0,0,0
TF,BEROB,48.398925,-89.211128,0, ,0.0,0.0,0.0,0.0,2,2000,0,0,0,0,0,0

APPTR,R25-Y,25,VIVUR
IF,VIVUR,48.368394,-88.936967, ,0.0,0.0,1,5500,0,0,0,0,1,0
TF,AVTIT,48.400489,-89.178258,0, ,0.0,0.0,0.0,0.0,2,2400,0,1,210,0,0,0
RF,BEROB,48.398925,-89.211128,1,ARC01,363.5,2.5,2,2000,0,0,0,0,0,0

FINAL,R25-Y,25,R,2
IF,BEROB,48.398925,-89.211128, ,0.0,0.0,2,2000,0,0,0,0,2,0
TF,RW25,48.376803,-89.305364,0, ,0.0,0.0,254.0,4.0,1,685,0,0,0,0,3,1
TF,FESET,48.314361,-89.569161,0, ,0.0,0.0,0.0,0.0,1,4000,0,0,0,0,0,1
HM,FESET,48.314361,-89.569161,2, ,0.0,0.0,254.0,04.3,0,0,0,0,0,0,0,0,0

APPTR,R25-Z,25,EBKIL
IF,EBKIL,48.353406,-89.028136, ,0.0,0.0,2,4000,0,1,210,0,1,0
TF,KANEV,48.432019,-89.069378,0, ,0.0,0.0,0.0,0.0,2,3400,0,1,200,0,1,0

APPTR,R25-Z,25,GABUR
IF,GABUR,48.510619,-89.110744, ,0.0,0.0,2,4000,0,1,210,0,1,0
TF,KANEV,48.432019,-89.069378,0, ,0.0,0.0,0.0,0.0,2,3400,0,1,200,0,1,0

FINAL,R25-Z,25,R,4
IF,KANEV,48.432019,-89.069378, ,0.0,0.0,2,3400,0,1,200,0,1,0
TF,BEROB,48.398925,-89.211128,0, ,0.0,0.0,254.0,6.0,2,2000,0,0,0,0,2,0
TF,VEPVI,48.387883,-89.258208,0, ,0.0,0.0,254.0,2.0,2,1340,0,0,0,0,0,0
TF,RW25,48.376803,-89.305364,0, ,0.0,0.0,254.0,2.0,1,685,0,0,0,0,3,1
TF,FESET,48.314361,-89.569161,0, ,0.0,0.0,0.0,0.0,1,4000,0,0,0,0,0,1
HM,FESET,48.314361,-89.569161,2, ,0.0,0.0,254.0,04.3,0,0,0,0,0,0,0,0,0

