APPTR,R05-Y,05,DUPUN
IF,DUPUN,47.542483,-69.785594, ,0.0,0.0,0,0,0,0,0,0,1,0
TF,BOMUV,47.627739,-69.708508,0, ,0.0,0.0,0.0,0.0,2,2000,0,1,180,0,1,0

APPTR,R05-Y,05,ILUVO
IF,ILUVO,47.679867,-69.834711, ,0.0,0.0,0,0,0,1,210,0,1,0
TF,BOMUV,47.627739,-69.708508,0, ,0.0,0.0,0.0,0.0,2,2000,0,1,180,0,1,0

APPTR,R05-Y,05,KEBAG
IF,KEBAG,47.575472,-69.582556, ,0.0,0.0,0,0,0,1,210,0,1,0
TF,BOMUV,47.627739,-69.708508,0, ,0.0,0.0,0.0,0.0,2,2000,0,1,180,0,1,0

FINAL,R05-Y,05,R,4
IF,BOMUV,47.627739,-69.708508, ,0.0,0.0,2,2000,0,0,0,0,0,0
TF,AVOPU,47.698725,-69.644103,0, ,0.0,0.0,49.0,5.0,2,1800,0,0,0,0,2,0
TF,SENGA,47.728967,-69.616589,0, ,0.0,0.0,49.0,2.1,2,1110,0,0,0,0,0,0
TF,RW05,47.757331,-69.590756,0, ,0.0,0.0,49.0,2.0,1,470,0,0,0,0,3,1
TF,LIDAP,47.893644,-69.466144,0, ,0.0,0.0,0.0,0.0,1,2200,0,0,0,0,0,1
HM,LIDAP,47.893644,-69.466144,1, ,0.0,0.0,49.0,04.3,0,0,0,1,250,0,0,0,0

APPTR,R05-Z,05,DUPUN
IF,DUPUN,47.542483,-69.785594, ,0.0,0.0,0,0,0,0,0,0,1,0
TF,BOMUV,47.627739,-69.708508,0, ,0.0,0.0,0.0,0.0,2,2000,0,1,180,0,1,0

APPTR,R05-Z,05,ILUVO
IF,ILUVO,47.679867,-69.834711, ,0.0,0.0,0,0,0,1,210,0,1,0
TF,BOMUV,47.627739,-69.708508,0, ,0.0,0.0,0.0,0.0,2,2000,0,1,180,0,1,0

APPTR,R05-Z,05,KEBAG
IF,KEBAG,47.575472,-69.582556, ,0.0,0.0,0,0,0,1,210,0,1,0
TF,BOMUV,47.627739,-69.708508,0, ,0.0,0.0,0.0,0.0,2,2000,0,1,180,0,1,0

FINAL,R05-Z,05,R,4
IF,BOMUV,47.627739,-69.708508, ,0.0,0.0,2,2000,0,1,180,0,0,0
TF,AVOPU,47.698725,-69.644103,0, ,0.0,0.0,49.0,5.0,2,1800,0,0,0,0,2,0
TF,SENGA,47.728967,-69.616589,0, ,0.0,0.0,49.0,2.1,2,1110,0,0,0,0,0,0
TF,VOGUS,47.750258,-69.597203,0, ,0.0,0.0,49.0,1.5,1,632,0,0,0,0,3,1
TF,LIDAP,47.893644,-69.466144,0, ,0.0,0.0,0.0,0.0,1,2200,0,0,0,0,0,1
HM,LIDAP,47.893644,-69.466144,1, ,0.0,0.0,49.0,04.3,0,0,0,1,250,0,0,0,0

APPTR,R23-Y,23,NUBIB
IF,NUBIB,47.964511,-69.401053, ,0.0,0.0,0,0,0,0,0,0,1,0
TF,LIDAP,47.893644,-69.466144,0, ,0.0,0.0,0.0,0.0,2,2000,0,1,180,0,1,0

APPTR,R23-Y,23,OMVOS
IF,OMVOS,47.946036,-69.592753, ,0.0,0.0,0,0,0,1,200,0,1,0
TF,LIDAP,47.893644,-69.466144,0, ,0.0,0.0,0.0,0.0,2,2000,0,1,180,0,1,0

APPTR,R23-Y,23,ULAPU
IF,ULAPU,47.841114,-69.339794, ,0.0,0.0,0,0,0,1,200,0,1,0
TF,LIDAP,47.893644,-69.466144,0, ,0.0,0.0,0.0,0.0,2,2000,0,1,180,0,1,0

FINAL,R23-Y,23,R,3
IF,LIDAP,47.893644,-69.466144, ,0.0,0.0,2,2000,0,1,180,0,0,0
TF,GUBED,47.822761,-69.531028,0, ,0.0,0.0,229.0,5.0,2,1800,0,0,0,0,2,0
TF,RW23,47.771344,-69.577978,0, ,0.0,0.0,229.0,3.6,1,481,0,0,0,0,3,1
TF,BOMUV,47.627739,-69.708508,0, ,0.0,0.0,0.0,0.0,1,2000,0,0,0,0,0,1
HM,BOMUV,47.627739,-69.708508,2, ,0.0,0.0,229.0,04.3,0,0,0,1,250,0,0,0,0

APPTR,R23-Z,23,NUBIB
IF,NUBIB,47.964511,-69.401053, ,0.0,0.0,0,0,0,0,0,0,1,0
TF,LIDAP,47.893644,-69.466144,0, ,0.0,0.0,0.0,0.0,2,1800,0,1,180,0,1,0

APPTR,R23-Z,23,OMVOS
IF,OMVOS,47.946036,-69.592753, ,0.0,0.0,0,0,0,1,200,0,1,0
TF,LIDAP,47.893644,-69.466144,0, ,0.0,0.0,0.0,0.0,2,1800,0,1,180,0,1,0

APPTR,R23-Z,23,ULAPU
IF,ULAPU,47.841114,-69.339794, ,0.0,0.0,0,0,0,1,200,0,1,0
TF,LIDAP,47.893644,-69.466144,0, ,0.0,0.0,0.0,0.0,2,2000,0,1,180,0,1,0

FINAL,R23-Z,23,R,4
IF,LIDAP,47.893644,-69.466144, ,0.0,0.0,2,1800,0,1,180,0,0,0
TF,GUBED,47.822761,-69.531028,0, ,0.0,0.0,229.0,5.0,2,1800,0,0,0,0,2,0
TF,AXOMO,47.792644,-69.558678,0, ,0.0,0.0,229.0,2.1,2,1060,0,0,0,0,0,0
TF,RW23,47.771344,-69.577978,0, ,0.0,0.0,229.0,1.5,1,481,0,0,0,0,3,1
TF,BOMUV,47.627739,-69.708508,0, ,0.0,0.0,0.0,0.0,1,2000,0,0,0,0,0,1
HM,BOMUV,47.627739,-69.708508,2, ,0.0,0.0,229.0,04.3,0,0,0,1,250,0,0,0,0

