APPTR,R09,09,KAXIB
IF,KAXIB,45.379692,-75.927319, ,0.0,0.0,0,0,0,0,0,0,1,0
TF,IKUTA,45.431911,-75.850922,0, ,0.0,0.0,0.0,0.0,2,2700,0,0,0,0,1,0

FINAL,R09,09,R,4
IF,IKUTA,45.431911,-75.850922, ,0.0,0.0,2,2700,0,0,0,0,0,0
TF,EBNAB,45.448997,-75.727839,0, ,0.0,0.0,92.0,5.3,2,1300,0,0,0,0,2,0
TF,OMROS,45.453500,-75.695317,0, ,0.0,0.0,92.0,1.4,2,1000,0,0,0,0,0,0
TF,RW09,45.459911,-75.648869,0, ,0.0,0.0,92.0,2.0,1,233,0,0,0,0,3,1
TF,ANAGA,45.479925,-75.503650,0, ,0.0,0.0,0.0,0.0,1,3000,0,0,0,0,0,1
HM,ANAGA,45.479925,-75.503650,1, ,0.0,0.0,92.0,04.3,0,0,0,1,175,0,0,0,0

APPTR,R27-A,27,KEKLA
IF,KEKLA,45.543275,-75.308036, ,0.0,0.0,0,0,0,0,0,0,1,0
TF,ITBOV,45.490214,-75.428569,0, ,0.0,0.0,0.0,0.0,2,3000,0,0,0,0,1,0

FINAL,R27-A,27,R,3
IF,ITBOV,45.490214,-75.428569, ,0.0,0.0,2,3000,0,0,0,0,0,0
TF,URLAB,45.474236,-75.544811,0, ,0.0,0.0,272.0,5.0,2,1500,0,0,0,0,2,0
TF,RW27,45.461444,-75.637761,0, ,0.0,0.0,272.0,4.0,1,225,0,0,0,0,3,1
TF,NUDOP,45.442014,-75.778272,0, ,0.0,0.0,0.0,0.0,1,3000,0,0,0,0,0,1
HM,NUDOP,45.442014,-75.778272,2, ,0.0,0.0,272.0,04.3,0,0,0,1,175,0,0,0,0

