SID,CYSB2,04,1
VA,0,40.0,2,1550,0,0,0,0,0,0
VM,0,0,0,40.0,0,0,0,0,0,0,0,0

SID,CYSB2,12,1
VA,0,116.0,2,1550,0,0,0,0,0,0
VM,0,0,0,116.0,0,0,0,0,0,0,0,0

SID,CYSB2,22,1
VA,0,220.0,2,1550,0,0,0,0,0,0
VM,0,0,0,220.0,0,0,0,0,0,0,0,0

SID,CYSB2,30,1
VA,0,296.0,2,1550,0,0,0,0,0,0
VM,0,0,0,296.0,0,0,0,0,0,0,0,0

APPTR,I22,22,ESPUS
IF,ESPUS,46.742956,-80.562400, ,0.0,0.0,0,0,0,1,210,0,1,0
TF,UKSUT,46.784142,-80.667764,0,ISB,0.0,0.0,0.0,0.0,2,3500,0,1,190,0,1,0

APPTR,I22,22,OXAKI
IF,OXAKI,46.825231,-80.773289, ,0.0,0.0,0,0,0,1,210,0,1,0
TF,UKSUT,46.784142,-80.667764,0,ISB,0.0,0.0,0.0,0.0,2,3500,0,1,190,0,1,0

FINAL,I22,22,I,3
IF,UKSUT,46.784142,-80.667764,ISB,40.5,11.7,2,3500,0,1,190,0,0,0
CF,MEGIB,46.683406,-80.750872,0,ISB,40.5,4.7,220.0,7.0,1,2300,0,0,0,0,2,0
CF,RW22,46.633422,-80.791975,0,ISB,40.5,1.3,220.0,3.4,1,1189,0,0,0,0,3,0
VA,0,220.0,2,4000,0,0,0,0,0,0
VM,0,0,0,220.0,0,0,0,0,0,0,0,0

APPTR,R04,04,KESNA
IF,KESNA,46.429817,-80.820172, ,0.0,0.0,0,0,0,1,210,0,1,0
TF,PEKVU,46.470881,-80.925036,0, ,0.0,0.0,0.0,0.0,2,3600,0,0,0,0,1,0

APPTR,R04,04,XORIV
IF,XORIV,46.511733,-81.030147, ,0.0,0.0,0,0,0,1,210,0,1,0
TF,PEKVU,46.470881,-80.925036,0, ,0.0,0.0,0.0,0.0,2,3600,0,0,0,0,1,0

FINAL,R04,04,R,4
IF,PEKVU,46.470881,-80.925036, ,0.0,0.0,2,3600,0,0,0,0,1,0
TF,OBTIR,46.557558,-80.854194,0, ,0.0,0.0,40.0,6.0,2,2500,0,0,0,0,2,0
TF,UBTEX,46.597372,-80.821567,0, ,0.0,0.0,40.0,2.7,2,1630,0,0,0,0,0,0
TF,RW04,46.617675,-80.804908,0, ,0.0,0.0,40.0,1.4,1,1180,0,0,0,0,3,1
TF,EMLOS,46.690164,-80.745308,0, ,0.0,0.0,0.0,0.0,1,3500,0,0,0,0,0,1
HM,EMLOS,46.690164,-80.745308,2, ,0.0,0.0,40.0,04.3,0,0,0,1,230,0,0,0,0

APPTR,R12,12,BEMUB
IF,BEMUB,46.594508,-81.082911, ,0.0,0.0,0,0,0,1,210,0,1,0
TF,ALTAP,46.674850,-81.050975,0, ,0.0,0.0,0.0,0.0,2,3600,0,0,0,0,1,0

APPTR,R12,12,DUSAL
IF,DUSAL,46.755250,-81.019303, ,0.0,0.0,0,0,0,1,210,0,1,0
TF,ALTAP,46.674850,-81.050975,0, ,0.0,0.0,0.0,0.0,2,3600,0,0,0,0,1,0

FINAL,R12,12,R,3
IF,ALTAP,46.674850,-81.050975, ,0.0,0.0,2,3600,0,0,0,0,1,0
TF,URPEM,46.648783,-80.911608,0, ,0.0,0.0,116.0,6.0,2,2600,0,0,0,0,2,0
TF,RW12,46.629172,-80.807425,0, ,0.0,0.0,116.0,4.5,1,1178,0,0,0,0,3,1
TF,ITNIP,46.607097,-80.690853,0, ,0.0,0.0,0.0,0.0,1,3500,0,0,0,0,0,1
HM,ITNIP,46.607097,-80.690853,2, ,0.0,0.0,116.0,04.3,0,0,0,1,230,0,0,0,0

APPTR,R22,22,ESPUS
IF,ESPUS,46.742956,-80.562400, ,0.0,0.0,0,0,0,1,210,0,1,0
TF,UKSUT,46.784142,-80.667764,0, ,0.0,0.0,0.0,0.0,2,3500,0,1,190,0,1,0

APPTR,R22,22,OXAKI
IF,OXAKI,46.825231,-80.773289, ,0.0,0.0,0,0,0,1,210,0,1,0
TF,UKSUT,46.784142,-80.667764,0, ,0.0,0.0,0.0,0.0,2,3500,0,1,190,0,1,0

FINAL,R22,22,R,3
IF,UKSUT,46.784142,-80.667764, ,0.0,0.0,2,3500,0,1,190,0,1,0
TF,ALNIL,46.697633,-80.739156,0, ,0.0,0.0,220.0,6.0,2,2600,0,0,0,0,2,0
TF,RW22,46.633422,-80.791975,0, ,0.0,0.0,220.0,4.4,1,1189,0,0,0,0,3,1
TF,IMAGI,46.560908,-80.851453,0, ,0.0,0.0,0.0,0.0,1,3500,0,0,0,0,0,1
HM,IMAGI,46.560908,-80.851453,2, ,0.0,0.0,220.0,04.3,0,0,0,1,230,0,0,0,0

APPTR,R30,30,OMSOK
IF,OMSOK,46.659778,-80.513856, ,0.0,0.0,0,0,0,1,210,0,1,0
TF,MEGDU,46.579517,-80.546217,0, ,0.0,0.0,0.0,0.0,2,3600,0,0,0,0,1,0

APPTR,R30,30,VOGUR
IF,VOGUR,46.499178,-80.578125, ,0.0,0.0,0,0,0,1,210,0,1,0
TF,MEGDU,46.579517,-80.546217,0, ,0.0,0.0,0.0,0.0,2,3600,0,0,0,0,1,0

FINAL,R30,30,R,3
IF,MEGDU,46.579517,-80.546217, ,0.0,0.0,2,3600,0,0,0,0,1,0
TF,KATEV,46.606031,-80.685247,0, ,0.0,0.0,296.0,6.0,2,2600,0,0,0,0,2,0
TF,RW30,46.625547,-80.788242,0, ,0.0,0.0,296.0,4.4,1,1193,0,0,0,0,3,1
TF,URLIS,46.647522,-80.904894,0, ,0.0,0.0,0.0,0.0,1,3500,0,0,0,0,0,1
HM,URLIS,46.647522,-80.904894,2, ,0.0,0.0,296.0,04.3,0,0,0,1,230,0,0,0,0

