APPTR,R01-A,01,ALPIP
IF,ALPIP,59.805253,-133.931722, ,0.0,0.0,0,0,0,0,0,0,1,0
TF,KAVER,59.766978,-133.644803,0, ,0.0,0.0,0.0,0.0,2,6700,0,1,200,0,1,0
TF,BUBIG,59.717231,-133.651769,0, ,0.0,0.0,0.0,0.0,2,6200,0,0,0,0,0,0

APPTR,R01-A,01,IGTOR
IF,IGTOR,59.805594,-133.374761, ,0.0,0.0,0,0,0,0,0,0,1,0
TF,XIDOS,59.780653,-133.549697,0, ,0.0,0.0,0.0,0.0,2,7800,0,0,0,0,0,0
TF,KAVER,59.766978,-133.644803,0, ,0.0,0.0,0.0,0.0,2,6700,0,1,200,0,1,0
TF,BUBIG,59.717231,-133.651769,0, ,0.0,0.0,0.0,0.0,2,6200,0,0,0,0,0,0

FINAL,R01-A,01,R,3
IF,BUBIG,59.717231,-133.651769, ,0.0,0.0,2,6200,0,0,0,0,0,0
TF,LESUR,59.667483,-133.658714,0, ,0.0,0.0,164.0,3.0,2,5500,0,0,0,0,2,0
TF,TILIV,59.602675,-133.667731,0, ,0.0,0.0,164.0,3.9,1,3940,0,0,0,0,3,1
TF,REXUV,59.523075,-133.678758,0, ,0.0,0.0,0.0,0.0,0,0,0,0,0,0,0,0
TF,BITMU,59.391828,-133.632983,0, ,0.0,0.0,0.0,0.0,1,8800,0,0,0,0,0,1
HM,BITMU,59.391828,-133.632983,2, ,0.0,0.0,150.0,04.3,0,0,0,1,250,0,0,0,0

APPTR,R01-B,01,LENOT
IF,LENOT,59.445700,-133.071611, ,0.0,0.0,0,0,0,0,0,0,1,0
TF,PEPRO,59.318925,-133.486408,0, ,0.0,0.0,0.0,0.0,2,6600,0,0,0,0,0,0
TF,MUSPU,59.392994,-133.617350,0, ,0.0,0.0,0.0,0.0,2,6400,0,0,0,0,1,0

FINAL,R01-B,01,R,3
IF,MUSPU,59.392994,-133.617350, ,0.0,0.0,2,6400,0,0,0,0,0,0
TF,URMEP,59.490922,-133.655486,0, ,0.0,0.0,328.0,6.0,2,5000,0,0,0,0,2,0
TF,RW01,59.571800,-133.676819,0, ,0.0,0.0,332.0,4.9,1,3560,0,0,0,0,3,1
TF,IMIXI,59.638358,-133.694453,0, ,0.0,0.0,0.0,0.0,0,0,0,0,0,0,0,0
TF,ALPIP,59.805253,-133.931722,0, ,0.0,0.0,0.0,0.0,1,8700,0,0,0,0,0,1
HM,ALPIP,59.805253,-133.931722,2, ,0.0,0.0,304.0,04.3,0,0,0,0,0,0,0,0,0

APPTR,R01-C,01,ALPIP
IF,ALPIP,59.805253,-133.931722, ,0.0,0.0,0,0,0,0,0,0,1,0
TF,KAVER,59.766978,-133.644803,0, ,0.0,0.0,0.0,0.0,2,6700,0,1,200,0,1,0
TF,BUBIG,59.717231,-133.651769,0, ,0.0,0.0,0.0,0.0,2,6200,0,0,0,0,0,0

APPTR,R01-C,01,IGTOR
IF,IGTOR,59.805594,-133.374761, ,0.0,0.0,0,0,0,0,0,0,1,0
TF,XIDOS,59.780653,-133.549697,0, ,0.0,0.0,0.0,0.0,2,7800,0,0,0,0,0,0
TF,KAVER,59.766978,-133.644803,0, ,0.0,0.0,0.0,0.0,2,6700,0,1,200,0,1,0
TF,BUBIG,59.717231,-133.651769,0, ,0.0,0.0,0.0,0.0,2,6200,0,0,0,0,0,0

FINAL,R01-C,01,R,3
IF,BUBIG,59.717231,-133.651769, ,0.0,0.0,2,6200,0,0,0,0,0,0
TF,LESUR,59.667483,-133.658714,0, ,0.0,0.0,164.0,3.0,2,5500,0,0,0,0,2,0
TF,TILIV,59.602675,-133.667731,0, ,0.0,0.0,164.0,3.9,1,4500,0,0,0,0,3,1
TF,REXUV,59.523075,-133.678758,0, ,0.0,0.0,0.0,0.0,0,0,0,0,0,0,0,0
TF,BITMU,59.391828,-133.632983,0, ,0.0,0.0,0.0,0.0,1,8800,0,0,0,0,0,1
HM,BITMU,59.391828,-133.632983,2, ,0.0,0.0,150.0,04.3,0,0,0,1,250,0,0,0,0

APPTR,R19-A,19,ALPIP
IF,ALPIP,59.805253,-133.931722, ,0.0,0.0,0,0,0,0,0,0,1,0
TF,KAVER,59.766978,-133.644803,0, ,0.0,0.0,0.0,0.0,2,6700,0,1,200,0,1,0
TF,BUBIG,59.717231,-133.651769,0, ,0.0,0.0,0.0,0.0,2,6200,0,0,0,0,0,0

APPTR,R19-A,19,IGTOR
IF,IGTOR,59.805594,-133.374761, ,0.0,0.0,0,0,0,0,0,0,1,0
TF,XIDOS,59.780653,-133.549697,0, ,0.0,0.0,0.0,0.0,2,7800,0,0,0,0,0,0
TF,KAVER,59.766978,-133.644803,0, ,0.0,0.0,0.0,0.0,2,6700,0,1,200,0,1,0
TF,BUBIG,59.717231,-133.651769,0, ,0.0,0.0,0.0,0.0,2,6200,0,0,0,0,0,0

FINAL,R19-A,19,R,3
IF,BUBIG,59.717231,-133.651769, ,0.0,0.0,2,6200,0,0,0,0,0,0
TF,LESUR,59.667483,-133.658714,0, ,0.0,0.0,164.0,3.0,2,5500,0,0,0,0,2,0
TF,TILIV,59.602675,-133.667731,0, ,0.0,0.0,164.0,3.9,1,3940,0,0,0,0,3,1
TF,REXUV,59.523075,-133.678758,0, ,0.0,0.0,0.0,0.0,0,0,0,0,0,0,0,0
TF,BITMU,59.391828,-133.632983,0, ,0.0,0.0,0.0,0.0,1,8800,0,0,0,0,0,1
HM,BITMU,59.391828,-133.632983,2, ,0.0,0.0,150.0,04.3,0,0,0,1,250,0,0,0,0

APPTR,R19-C,19,ALPIP
IF,ALPIP,59.805253,-133.931722, ,0.0,0.0,0,0,0,0,0,0,1,0
TF,KAVER,59.766978,-133.644803,0, ,0.0,0.0,0.0,0.0,2,6700,0,1,200,0,1,0
TF,BUBIG,59.717231,-133.651769,0, ,0.0,0.0,0.0,0.0,2,6200,0,0,0,0,0,0

APPTR,R19-C,19,IGTOR
IF,IGTOR,59.805594,-133.374761, ,0.0,0.0,0,0,0,0,0,0,1,0
TF,XIDOS,59.780653,-133.549697,0, ,0.0,0.0,0.0,0.0,2,7800,0,0,0,0,0,0
TF,KAVER,59.766978,-133.644803,0, ,0.0,0.0,0.0,0.0,2,6700,0,1,200,0,1,0
TF,BUBIG,59.717231,-133.651769,0, ,0.0,0.0,0.0,0.0,2,6200,0,0,0,0,0,0

FINAL,R19-C,19,R,3
IF,BUBIG,59.717231,-133.651769, ,0.0,0.0,2,6200,0,0,0,0,0,0
TF,LESUR,59.667483,-133.658714,0, ,0.0,0.0,164.0,3.0,2,5500,0,0,0,0,2,0
TF,TILIV,59.602675,-133.667731,0, ,0.0,0.0,164.0,3.9,1,4500,0,0,0,0,3,1
TF,REXUV,59.523075,-133.678758,0, ,0.0,0.0,0.0,0.0,0,0,0,0,0,0,0,0
TF,BITMU,59.391828,-133.632983,0, ,0.0,0.0,0.0,0.0,1,8800,0,0,0,0,0,1
HM,BITMU,59.391828,-133.632983,2, ,0.0,0.0,150.0,04.3,0,0,0,1,250,0,0,0,0

