APPTR,D05,05,YVV
PI,YVV,44.744839,-81.104992,2,YVV,194.0,9.0,239,5.0,2,2400,0,0,0,0,0,0
CF,ESROX,44.713353,-81.159464,0,YVV,239.0,3.0,59.0,6.0,2,1530,0,0,0,0,0,0

FINAL,D05,05,D,2
IF,ESROX,44.713353,-81.159464,YVV,239.0,3.0,2,1530,0,0,0,0,2,0
CF,RW05,44.739133,-81.117422,0,YVV,245.2,0.6,59.0,2.4,1,769,0,0,0,0,3,0
CF,YVV,44.744839,-81.104992,0,YVV,0.0,0.0,59.0,0.6,0,0,0,0,0,0,0,0
FA,YVV,44.744839,-81.104992,0,YVV,0.0,0.0,59.0,2,3500,0,0,0,0,0,0
DF,YVV,44.744839,-81.104992,1, ,0.0,0.0,1,3500,0,0,0,0,0,0
HM,YVV,44.744839,-81.104992,2, ,0.0,0.0,59.0,04.3,0,0,0,0,0,0,0,0,0

APPTR,D23,23,YVV
PI,YVV,44.744839,-81.104992,1,YVV,89.0,9.0,044,5.0,2,2600,0,0,0,0,1,0

FINAL,D23,23,D,3
IF,TUGAT,44.866108,-80.981006,YVV,44.0,9.0,2,2600,0,0,0,0,0,0
CF,DEBOV,44.785272,-81.063708,0,YVV,44.0,3.0,224.0,6.0,2,1700,0,0,0,0,2,0
CF,RW23,44.748944,-81.103794,0,YVV,19.7,0.3,224.0,2.8,1,776,0,0,0,0,3,0
CF,YVV,44.744839,-81.104992,0,YVV,0.0,0.0,224.0,0.3,0,0,0,0,0,0,0,0
FA,YVV,44.744839,-81.104992,0,YVV,0.0,0.0,224.0,2,3500,0,0,0,0,0,0
DF,YVV,44.744839,-81.104992,2, ,0.0,0.0,1,3500,0,0,0,0,0,0
HM,YVV,44.744839,-81.104992,1, ,0.0,0.0,224.0,04.3,0,0,0,0,0,0,0,0,0

APPTR,R05,05,IKLON
IF,IKLON,44.571756,-81.185092, ,0.0,0.0,0,0,0,1,210,0,1,0
TF,EBDOX,44.630289,-81.268111,0, ,0.0,0.0,0.0,0.0,2,2100,0,0,0,0,1,0

APPTR,R05,05,MEDIP
IF,MEDIP,44.688758,-81.351297, ,0.0,0.0,0,0,0,1,210,0,1,0
TF,EBDOX,44.630289,-81.268111,0, ,0.0,0.0,0.0,0.0,2,2100,0,0,0,0,1,0

FINAL,R05,05,R,3
IF,EBDOX,44.630289,-81.268111, ,0.0,0.0,2,2100,0,0,0,0,1,0
TF,ALUNU,44.689600,-81.186103,0, ,0.0,0.0,54.0,5.0,2,2100,0,0,0,0,2,0
TF,RW05,44.739133,-81.117422,0, ,0.0,0.0,54.0,4.2,1,769,0,0,0,0,3,1
TF,KEGVI,44.810169,-81.018619,0, ,0.0,0.0,0.0,0.0,1,3500,0,0,0,0,0,1
HM,KEGVI,44.810169,-81.018619,2, ,0.0,0.0,54.0,04.3,0,0,0,0,0,0,0,0,0

APPTR,R23,23,DUTOR
IF,DUTOR,44.927842,-81.019528, ,0.0,0.0,0,0,0,1,210,0,1,0
TF,DAPEX,44.869131,-80.936333,0, ,0.0,0.0,0.0,0.0,2,2200,0,0,0,0,1,0

APPTR,R23,23,IPVOG
IF,IPVOG,44.810361,-80.853311, ,0.0,0.0,0,0,0,1,210,0,1,0
TF,DAPEX,44.869131,-80.936333,0, ,0.0,0.0,0.0,0.0,2,2200,0,0,0,0,1,0

FINAL,R23,23,R,4
IF,DAPEX,44.869131,-80.936333, ,0.0,0.0,2,2200,0,0,0,0,1,0
TF,OMAGI,44.798169,-81.035336,0, ,0.0,0.0,234.0,6.0,2,2100,0,0,0,0,2,0
TF,XORTO,44.772631,-81.070878,0, ,0.0,0.0,234.0,2.2,2,1410,0,0,0,0,0,0
TF,RW23,44.748944,-81.103794,0, ,0.0,0.0,234.0,2.0,1,776,0,0,0,0,3,1
TF,VITOT,44.689694,-81.185972,0, ,0.0,0.0,0.0,0.0,2,3500,0,0,0,0,0,1
HM,VITOT,44.689694,-81.185972,2, ,0.0,0.0,234.0,04.3,0,0,0,0,0,0,0,0,0

APPTR,S05,05,YVV
PI,YVV,44.744839,-81.104992,2,YVV,194.0,9.0,239,5.0,2,2400,0,0,0,0,0,0
CF,FF05,44.685008,-81.208472,0,YVV,239.0,5.7,59.0,3.3,2,2400,0,0,0,0,0,0

FINAL,S05,05,D,2
IF,FF05,44.685008,-81.208472,YVV,239.0,5.7,2,2400,0,0,0,0,2,0
CF,RW05,44.739133,-81.117422,0,YVV,245.2,0.6,59.0,5.1,1,769,0,0,0,0,3,0
CF,YVV,44.744839,-81.104992,0,YVV,0.0,0.0,59.0,0.6,0,0,0,0,0,0,0,1
CA,0,59.0,2,3500,0,0,0,0,0,0
DF,YVV,44.744839,-81.104992,1, ,0.0,0.0,1,3500,0,0,0,0,0,0
HM,YVV,44.744839,-81.104992,2, ,0.0,0.0,59.0,04.3,0,0,0,0,0,0,0,0,0

APPTR,S23,23,YVV
PI,YVV,44.744839,-81.104992,1,YVV,89.0,9.0,044,5.0,2,2600,0,0,0,0,1,0
CF,FF23,44.824358,-81.023778,0,YVV,44.0,5.9,224.0,3.1,2,2600,0,0,0,0,0,0

FINAL,S23,23,D,2
IF,FF23,44.824358,-81.023778,YVV,44.0,5.9,2,2600,0,0,0,0,2,0
CF,RW23,44.748944,-81.103794,0,YVV,19.7,0.3,224.0,5.7,1,776,0,0,0,0,3,0
CF,YVV,44.744839,-81.104992,0,YVV,0.0,0.0,224.0,0.3,0,0,0,0,0,0,0,1
CA,0,224.0,2,3500,0,0,0,0,0,0
DF,YVV,44.744839,-81.104992,2, ,0.0,0.0,1,3500,0,0,0,0,0,0
HM,YVV,44.744839,-81.104992,1, ,0.0,0.0,224.0,04.3,0,0,0,0,0,0,0,0,0

