APPTR,R17,17,ELSIM
IF,ELSIM,57.037144,-101.223933, ,0.0,0.0,0,0,0,0,0,0,1,0
TF,TUDUT,57.037544,-101.071411,0, ,0.0,0.0,0.0,0.0,2,2800,0,0,0,0,1,0

APPTR,R17,17,OVDEB
IF,OVDEB,57.037761,-100.918883, ,0.0,0.0,0,0,0,0,0,0,1,0
TF,TUDUT,57.037544,-101.071411,0, ,0.0,0.0,0.0,0.0,2,2800,0,0,0,0,1,0

FINAL,R17,17,R,3
IF,TUDUT,57.037544,-101.071411, ,0.0,0.0,2,2800,0,0,0,0,1,0
TF,KESRA,56.954392,-101.070842,0, ,0.0,0.0,174.0,5.0,2,2800,0,0,0,0,2,0
TF,RW17,56.871236,-101.070278,0, ,0.0,0.0,174.0,5.0,1,1204,0,0,0,0,3,1
TF,URMOD,56.788081,-101.069717,0, ,0.0,0.0,0.0,0.0,1,2700,0,0,0,0,0,1
HM,URMOD,56.788081,-101.069717,2, ,0.0,0.0,174.0,04.3,0,0,0,0,0,0,0,0,0

APPTR,R35,35,APMID
IF,APMID,56.703294,-100.917972, ,0.0,0.0,0,0,0,0,0,0,1,0
TF,EMLUT,56.703078,-101.069144,0, ,0.0,0.0,0.0,0.0,2,2700,0,0,0,0,1,0

APPTR,R35,35,DUXOB
IF,DUXOB,56.702678,-101.220311, ,0.0,0.0,0,0,0,0,0,0,1,0
TF,EMLUT,56.703078,-101.069144,0, ,0.0,0.0,0.0,0.0,2,2700,0,0,0,0,1,0

FINAL,R35,35,R,3
IF,EMLUT,56.703078,-101.069144, ,0.0,0.0,2,2700,0,0,0,0,1,0
TF,IGTET,56.786236,-101.069703,0, ,0.0,0.0,354.0,5.0,2,2600,0,0,0,0,2,0
TF,RW35,56.857542,-101.070186,0, ,0.0,0.0,354.0,4.3,1,1211,0,0,0,0,3,1
TF,MIRIK,57.106992,-101.071336,0, ,0.0,0.0,0.0,0.0,1,2700,0,0,0,0,0,1
HM,MIRIK,57.106992,-101.071336,2, ,0.0,0.0,354.0,04.3,0,0,0,0,0,0,0,0,0

APPTR,S17,17,YYL
PI,YYL,56.863931,-101.075342,2,YYL,320.0,10.0,005,5.0,2,2600,0,0,0,0,0,0
CF,FF17,56.943639,-101.044342,0,YYL,5.0,4.9,185.0,5.1,2,2600,0,0,0,0,0,0

FINAL,S17,17,D,2
IF,FF17,56.943639,-101.044342,YYL,5.0,4.9,2,2600,0,0,0,0,2,0
CF,RW17,56.871236,-101.070278,0,YYL,13.8,0.5,185.0,4.4,1,1204,0,0,0,0,3,0
CF,YYL,56.863931,-101.075342,0,YYL,0.0,0.0,185.0,0.5,2,1570,0,0,0,0,0,1
CA,0,185.0,2,2700,0,0,0,0,0,0
DF,YYL,56.863931,-101.075342,2, ,0.0,0.0,1,2700,0,0,0,0,0,0
HM,YYL,56.863931,-101.075342,2, ,0.0,0.0,185.0,04.3,0,0,0,0,0,0,0,0,0

