APPTR,R15-Y,15,KEVLI
IF,KEVLI,43.884703,-79.735744, ,0.0,0.0,0,0,0,1,210,0,1,0
TF,IGSIK,43.864997,-79.600203,0, ,0.0,0.0,0.0,0.0,2,2100,0,1,180,0,1,0

APPTR,R15-Y,15,ODKEL
IF,ODKEL,43.927325,-79.492044, ,0.0,0.0,0,0,0,1,210,0,1,0
TF,IGSIK,43.864997,-79.600203,0, ,0.0,0.0,0.0,0.0,2,2500,0,1,180,0,1,0

FINAL,R15-Y,15,R,3
IF,IGSIK,43.864997,-79.600203, ,0.0,0.0,2,2100,0,1,180,0,1,0
TF,APLIT,43.792092,-79.519925,0, ,0.0,0.0,152.0,5.6,2,1800,0,0,0,0,2,0
TF,RW15,43.750178,-79.473886,0, ,0.0,0.0,152.0,3.2,1,699,0,0,0,0,3,1
TF,AVTUM,43.704511,-79.423822,0, ,0.0,0.0,0.0,0.0,1,2400,0,1,185,0,0,0
TF,OMRUG,43.681072,-79.266294,0, ,0.0,0.0,0.0,0.0,0,0,0,0,0,0,0,0
TF,TESUK,43.850833,-78.815556,0, ,0.0,0.0,0.0,0.0,0,0,0,0,0,0,0,1
HM,TESUK,43.850833,-78.815556,2, ,0.0,0.0,73.0,04.3,0,0,0,1,200,0,0,0,0

APPTR,R15-Z,15,ADREB
IF,ADREB,43.963278,-79.763583, ,0.0,0.0,0,0,0,1,210,0,1,0
TF,DAROG,43.893267,-79.604925,0, ,0.0,0.0,0.0,0.0,2,2400,0,1,180,0,1,0

FINAL,R15-Z,15,R,4
IF,DAROG,43.893267,-79.604925, ,0.0,0.0,2,2400,0,1,180,0,1,0
TF,MIDPA,43.823825,-79.541236,0, ,0.0,0.0,157.0,5.0,2,2390,0,0,0,0,2,0
TF,TUDAS,43.789092,-79.509447,0, ,0.0,0.0,157.0,2.5,2,1590,0,0,0,0,0,0
TF,RW15,43.750178,-79.473886,0, ,0.0,0.0,157.0,2.8,1,699,0,0,0,0,3,1
TF,IKDOP,43.704314,-79.432008,0, ,0.0,0.0,0.0,0.0,0,0,0,0,0,0,0,0
TF,KENDI,43.696069,-79.004214,0, ,0.0,0.0,0.0,0.0,1,2400,0,0,0,0,0,1
HM,KENDI,43.696069,-79.004214,2, ,0.0,0.0,282.0,04.3,0,0,0,1,200,0,0,0,0

APPTR,R33-Y,33,DUPIR
IF,DUPIR,43.509500,-79.401083, ,0.0,0.0,0,0,0,1,210,0,1,0
TF,PEMRO,43.576817,-79.284369,0, ,0.0,0.0,0.0,0.0,2,3000,0,1,180,0,1,0

APPTR,R33-Y,33,LENOB
IF,LENOB,43.644014,-79.167394, ,0.0,0.0,0,0,0,1,210,0,1,0
TF,PEMRO,43.576817,-79.284369,0, ,0.0,0.0,0.0,0.0,2,3000,0,1,180,0,1,0

FINAL,R33-Y,33,R,3
IF,PEMRO,43.576817,-79.284369, ,0.0,0.0,2,3000,0,1,180,0,1,0
TF,KOBIV,43.642139,-79.355608,0, ,0.0,0.0,333.0,5.0,2,3000,0,0,0,0,2,0
TF,RW33,43.735142,-79.457392,0, ,0.0,0.0,333.0,7.1,1,686,0,0,0,0,3,1
CA,0,333.0,2,1100,0,0,0,0,0,0
DF,LONTO,43.896286,-79.322269,0, ,0.0,0.0,1,2500,0,1,185,0,0,0
TF,TESUK,43.850833,-78.815556,0, ,0.0,0.0,0.0,0.0,0,0,0,0,0,0,0,1
HM,TESUK,43.850833,-78.815556,2, ,0.0,0.0,73.0,04.3,0,0,0,1,200,0,0,0,0

APPTR,R33-Z,33,ELTOT
IF,ELTOT,43.740389,-79.161111, ,0.0,0.0,0,0,0,1,210,0,1,0
TF,GUBAL,43.672417,-79.262250,0, ,0.0,0.0,0.0,0.0,2,3000,0,1,180,0,1,0

APPTR,R33-Z,33,OLIGI
IF,OLIGI,43.550500,-79.071972, ,0.0,0.0,0,0,0,1,210,0,1,0
TF,GUBAL,43.672417,-79.262250,0, ,0.0,0.0,0.0,0.0,2,3000,0,1,180,0,1,0

FINAL,R33-Z,33,R,4
IF,GUBAL,43.672417,-79.262250, ,0.0,0.0,2,3000,0,1,180,0,0,0
TF,SEGID,43.694308,-79.373086,0, ,0.0,0.0,296.0,5.0,2,2000,0,0,0,0,2,0
TF,LORLI,43.709522,-79.407231,0, ,0.0,0.0,313.0,1.7,2,1620,0,0,0,0,0,0
TF,LESUS,43.719986,-79.430736,0, ,0.0,0.0,313.0,1.2,1,1190,0,0,0,0,3,1
DF,LONTO,43.896286,-79.322269,2, ,0.0,0.0,1,2500,0,1,185,0,0,0
TF,TESUK,43.850833,-78.815556,0, ,0.0,0.0,0.0,0.0,0,0,0,0,0,0,0,1
HM,TESUK,43.850833,-78.815556,2, ,0.0,0.0,73.0,04.3,0,0,0,1,200,0,0,0,0

