APPTR,R10,10,LOLDU
IF,LOLDU,55.449164,-115.008522, ,0.0,0.0,0,0,0,0,0,0,1,0
TF,SUVNU,55.374381,-115.072522,0, ,0.0,0.0,0.0,0.0,2,4000,0,0,0,0,1,0

APPTR,R10,10,OVBUK
IF,OVBUK,55.299564,-115.136278, ,0.0,0.0,0,0,0,0,0,0,1,0
TF,SUVNU,55.374381,-115.072522,0, ,0.0,0.0,0.0,0.0,2,4000,0,0,0,0,1,0

FINAL,R10,10,R,3
IF,SUVNU,55.374381,-115.072522, ,0.0,0.0,2,4000,0,0,0,0,1,0
TF,PIKTO,55.330994,-114.914756,0, ,0.0,0.0,100.0,6.0,2,3600,0,0,0,0,2,0
TF,RW10,55.296258,-114.789222,0, ,0.0,0.0,100.0,4.8,1,1954,0,0,0,0,3,1
TF,VIVEL,55.259814,-114.658244,0, ,0.0,0.0,0.0,0.0,1,5000,0,0,0,0,0,1
HM,VIVEL,55.259814,-114.658244,2, ,0.0,0.0,100.0,04.3,0,0,0,1,250,0,0,0,0

APPTR,R28,28,OLUSO
IF,OLUSO,55.286381,-114.422353, ,0.0,0.0,0,0,0,0,0,0,1,0
TF,ROVKI,55.211606,-114.486128,0, ,0.0,0.0,0.0,0.0,2,3800,0,0,0,0,1,0

APPTR,R28,28,VINGO
IF,VINGO,55.136797,-114.549667, ,0.0,0.0,0,0,0,0,0,0,1,0
TF,ROVKI,55.211606,-114.486128,0, ,0.0,0.0,0.0,0.0,2,3800,0,0,0,0,1,0

FINAL,R28,28,R,3
IF,ROVKI,55.211606,-114.486128, ,0.0,0.0,2,3800,0,0,0,0,1,0
TF,HAGAT,55.255544,-114.642953,0, ,0.0,0.0,280.0,6.0,2,3500,0,0,0,0,2,0
TF,RW28,55.290256,-114.767600,0, ,0.0,0.0,280.0,4.8,1,1962,0,0,0,0,3,1
TF,NOXIK,55.326583,-114.898778,0, ,0.0,0.0,0.0,0.0,1,5000,0,0,0,0,0,1
HM,NOXIK,55.326583,-114.898778,2, ,0.0,0.0,280.0,04.3,0,0,0,1,250,0,0,0,0

