SID,YZX3,08,1
VA,0,81.0,2,1200,0,0,0,0,0,0
VM,0,0,0,81.0,0,0,0,0,0,0,0,0

SID,YZX3,12,1
VA,0,122.0,2,800,0,0,0,0,0,0
VM,0,0,0,122.0,0,0,0,0,0,0,0,0

SID,YZX3,26,1
VA,0,261.0,2,1200,0,0,0,0,0,0
VM,0,0,0,261.0,0,0,0,0,0,0,0,0

SID,YZX3,30,1
VA,0,302.0,2,1200,0,0,0,0,0,0
VM,0,0,0,302.0,0,0,0,0,0,0,0,0

APPTR,B08,08,YZX
PI,YZX,44.922778,-65.101944,2,YSJ,218.0,10.0,263,5.0,2,2300,0,0,0,0,0,0

FINAL,B08,08,D,4
IF,PEVRO,44.876886,-65.237842,IZX,263.4,14.2,2,2300,0,0,0,0,0,0
CF,YZX,44.922778,-65.101944,0,IZX,263.0,7.8,83.0,6.4,2,1700,0,0,0,0,2,0
CF,30LOC,44.963681,-64.984167,0,IZX,263.0,2.2,83.0,5.6,2,700,0,0,0,0,0,0
CF,RW08,44.981486,-64.932672,0,IZX,83.2,0.2,83.0,2.4,1,135,0,0,0,0,3,1
DF,GF,45.023889,-64.810278,0, ,0.0,0.0,1,2400,0,0,0,0,0,0
HM,GF,45.023889,-64.810278,1, ,0.0,0.0,83.0,04.3,0,0,0,0,0,0,0,0,0

APPTR,I26,26,GF
PI,GF,45.023889,-64.810278,2,YSJ,38.0,10.0,083,5.0,2,2300,0,0,0,0,0,0

FINAL,I26,26,I,3
IF,GORID,45.078869,-64.645358,IZX,83.4,13.8,2,2300,0,0,0,0,0,0
CF,GF,45.023889,-64.810278,0,IZX,82.9,6.0,263.0,7.8,1,1600,0,0,0,0,2,0
CF,RW26,44.990969,-64.904794,0,IZX,83.4,1.5,263.0,4.5,1,137,0,0,0,0,3,0
VA,0,263.0,2,2500,0,0,0,0,0,0
VM,0,0,0,263.0,0,0,0,0,0,0,0,0

APPTR,N26,26,GF
PI,GF,45.023889,-64.810278,2,YSJ,38.0,10.0,083,5.0,2,2300,0,0,0,0,0,0

FINAL,N26,26,N,3
IF,GORID,45.078869,-64.645358,GF,0.0,0.0,2,2300,0,0,0,0,0,0
CF,GF,45.023889,-64.810278,0,GF,0.0,0.0,263.0,7.8,2,1560,0,0,0,0,2,0
CF,RW26,44.990969,-64.904794,0,GF,0.0,0.0,263.0,4.5,1,137,0,0,0,0,3,0
VA,0,263.0,2,2500,0,0,0,0,0,0
VM,0,0,0,263.0,0,0,0,0,0,0,0,0

APPTR,Q08,08,YZX
PI,YZX,44.922778,-65.101944,2,YSJ,218.0,10.0,263,5.0,2,2300,0,0,0,0,0,0

FINAL,Q08,08,N,4
IF,PEVRO,44.876886,-65.237842,YZX,0.0,0.0,2,2300,0,0,0,0,0,0
CF,YZX,44.922778,-65.101944,0,YZX,0.0,0.0,83.0,6.4,2,1700,0,0,0,0,2,0
CF,30LOC,44.963681,-64.984167,0,YZX,0.0,0.0,83.0,5.6,2,740,0,0,0,0,0,0
CF,RW08,44.981486,-64.932672,0,UZX,0.0,0.6,83.0,2.4,1,135,0,0,0,0,3,1
DF,GF,45.023889,-64.810278,0, ,0.0,0.0,1,2400,0,0,0,0,0,0
HM,GF,45.023889,-64.810278,1, ,0.0,0.0,83.0,04.3,0,0,0,0,0,0,0,0,0

APPTR,R08,08,MASOX
IF,MASOX,44.822056,-65.074628, ,0.0,0.0,0,0,0,0,0,0,1,0
TF,DEDSI,44.912122,-65.135700,0, ,0.0,0.0,0.0,0.0,2,2600,0,1,210,0,1,0

APPTR,R08,08,SEBET
IF,SEBET,44.875856,-65.241242, ,0.0,0.0,0,0,0,0,0,0,1,0
TF,DEDSI,44.912122,-65.135700,0, ,0.0,0.0,0.0,0.0,2,2600,0,1,210,0,1,0

APPTR,R08,08,XESOX
IF,XESOX,45.002156,-65.196967, ,0.0,0.0,0,0,0,0,0,0,1,0
TF,DEDSI,44.912122,-65.135700,0, ,0.0,0.0,0.0,0.0,2,2600,0,1,210,0,1,0

FINAL,R08,08,R,3
IF,DEDSI,44.912122,-65.135700, ,0.0,0.0,2,2600,0,1,210,0,0,0
TF,LETOL,44.948292,-65.030028,0, ,0.0,0.0,81.0,5.0,2,1600,0,0,0,0,2,0
TF,RW08,44.981486,-64.932672,0, ,0.0,0.0,81.0,4.6,1,135,0,0,0,0,3,1
DF,AMIDU,45.059844,-64.701356,0, ,0.0,0.0,1,2600,0,0,0,0,0,1
HM,AMIDU,45.059844,-64.701356,2, ,0.0,0.0,82.0,04,0,0,0,0,0,0,0,0,0

APPTR,R12,12,DAXIP
IF,DAXIP,45.048147,-65.263214, ,0.0,0.0,0,0,0,0,0,0,1,0
TF,ALKUX,45.026119,-65.149878,0, ,0.0,0.0,0.0,0.0,2,2600,0,1,210,0,1,0

APPTR,R12,12,KEDNI
IF,KEDNI,45.122525,-65.112442, ,0.0,0.0,0,0,0,0,0,0,1,0
TF,ALKUX,45.026119,-65.149878,0, ,0.0,0.0,0.0,0.0,2,2600,0,1,210,0,1,0

APPTR,R12,12,KEPKA
IF,KEPKA,44.929700,-65.187186, ,0.0,0.0,0,0,0,0,0,0,1,0
TF,ALKUX,45.026119,-65.149878,0, ,0.0,0.0,0.0,0.0,2,2600,0,1,210,0,1,0

FINAL,R12,12,R,4
IF,ALKUX,45.026119,-65.149878, ,0.0,0.0,2,2600,0,1,210,0,0,0
TF,GUDEK,45.003978,-65.036625,0, ,0.0,0.0,122.0,5.0,2,1600,0,0,0,0,2,0
TF,URMOS,44.995933,-64.995639,0, ,0.0,0.0,122.0,1.8,2,1030,0,0,0,0,0,0
TF,RW12,44.983464,-64.932275,0, ,0.0,0.0,122.0,2.8,1,131,0,0,0,0,3,1
DF,SEMAB,44.935186,-64.688886,0, ,0.0,0.0,1,2600,0,0,0,0,0,1
HM,SEMAB,44.935186,-64.688886,2, ,0.0,0.0,123.0,04,0,0,0,0,0,0,0,0,0

APPTR,R26,26,GOXID
IF,GOXID,45.150114,-64.762075, ,0.0,0.0,0,0,0,0,0,0,1,0
TF,AMIDU,45.059844,-64.701356,0, ,0.0,0.0,0.0,0.0,2,2600,0,1,210,0,1,0

APPTR,R26,26,PEPTU
IF,PEPTU,44.969542,-64.640825, ,0.0,0.0,0,0,0,0,0,0,1,0
TF,AMIDU,45.059844,-64.701356,0, ,0.0,0.0,0.0,0.0,2,2600,0,1,210,0,1,0

APPTR,R26,26,UDGOR
IF,UDGOR,45.095597,-64.595128, ,0.0,0.0,0,0,0,0,0,0,1,0
TF,AMIDU,45.059844,-64.701356,0, ,0.0,0.0,0.0,0.0,2,2600,0,1,210,0,1,0

FINAL,R26,26,R,3
IF,AMIDU,45.059844,-64.701356, ,0.0,0.0,2,2600,0,1,210,0,0,0
TF,OTPEK,45.023992,-64.807447,0, ,0.0,0.0,262.0,5.0,2,1600,0,0,0,0,2,0
TF,RW26,44.990969,-64.904794,0, ,0.0,0.0,261.0,4.6,1,137,0,0,0,0,3,1
DF,DEDSI,44.912122,-65.135700,0, ,0.0,0.0,1,2600,0,0,0,0,0,1
HM,DEDSI,44.912122,-65.135700,2, ,0.0,0.0,261.0,04,0,0,0,0,0,0,0,0,0

APPTR,R30,30,DUVRO
IF,DUVRO,44.912589,-64.575994, ,0.0,0.0,0,0,0,0,0,0,1,0
TF,SEMAB,44.935186,-64.688886,0, ,0.0,0.0,0.0,0.0,2,2600,0,1,210,0,1,0

APPTR,R30,30,ILEVU
IF,ILEVU,44.838919,-64.726917, ,0.0,0.0,0,0,0,0,0,0,1,0
TF,SEMAB,44.935186,-64.688886,0, ,0.0,0.0,0.0,0.0,2,2600,0,1,210,0,1,0

APPTR,R30,30,OMILA
IF,OMILA,45.031439,-64.650728, ,0.0,0.0,0,0,0,0,0,0,1,0
TF,SEMAB,44.935186,-64.688886,0, ,0.0,0.0,0.0,0.0,2,2600,0,1,210,0,1,0

FINAL,R30,30,R,4
IF,SEMAB,44.935186,-64.688886, ,0.0,0.0,2,2600,0,1,210,0,0,0
TF,ROMRO,44.957672,-64.801867,0, ,0.0,0.0,303.0,5.0,2,1800,0,0,0,0,2,0
TF,EPRIG,44.965961,-64.843692,0, ,0.0,0.0,303.0,1.9,2,1110,0,0,0,0,0,0
TF,RW30,44.977589,-64.902494,0, ,0.0,0.0,303.0,2.6,1,146,0,0,0,0,3,1
DF,ALKUX,45.026119,-65.149878,0, ,0.0,0.0,1,2600,0,0,0,0,0,1
HM,ALKUX,45.026119,-65.149878,2, ,0.0,0.0,303.0,04,0,0,0,0,0,0,0,0,0

APPTR,T08,08,AVOGA
IF,AVOGA,44.764053,-64.807581, ,0.0,0.0,0,0,0,0,0,0,1,0
AF,D267N,44.903117,-65.227936,2,UZX,267.0,14.0,177.0,2,2400,0,0,0,0,0,0
CF,DURUN,44.908875,-65.205931,0,UZX,267.0,13.0,87.0,1.0,2,2400,0,0,0,0,1,0

APPTR,T08,08,BUBOT
IF,BUBOT,45.202533,-65.032456, ,0.0,0.0,0,0,0,0,0,0,1,0
AF,D267N,44.903117,-65.227936,1,UZX,267.0,14.0,357.0,2,2400,0,0,0,0,0,0
CF,DURUN,44.908875,-65.205931,0,UZX,267.0,13.0,87.0,1.0,2,2400,0,0,0,0,1,0

FINAL,T08,08,D,3
IF,DURUN,44.908875,-65.205931,UZX,267.0,13.0,2,2400,0,0,0,0,0,0
CF,RAGIB,44.943328,-65.073797,0,UZX,267.0,7.0,87.0,6.0,2,2190,0,0,0,0,2,0
CF,MA08,44.977058,-64.943714,0,UZX,267.0,1.1,87.0,5.9,1,306,0,0,0,0,3,0
CA,0,87.0,2,2500,0,0,0,0,0,0
DF,DURUN,44.908875,-65.205931,1, ,0.0,0.0,1,2500,0,0,0,0,0,0
HM,DURUN,44.908875,-65.205931,2, ,0.0,0.0,87.0,05,0,0,0,0,0,0,0,0,0

APPTR,T12,12,LIBIB
IF,LIBIB,45.212114,-64.854900, ,0.0,0.0,0,0,0,0,0,0,1,0
AF,D288N,44.986931,-65.248164,1,UZX,288.0,14.0,28.0,2,2300,0,0,0,0,0,0
CF,DUVAX,44.986706,-65.224681,0,UZX,288.0,13.0,108.0,1.0,2,2300,0,0,0,0,1,0

APPTR,T12,12,RUDRA
IF,RUDRA,44.750100,-64.927031, ,0.0,0.0,0,0,0,0,0,0,1,0
AF,D288N,44.986931,-65.248164,2,UZX,288.0,14.0,198.0,2,2300,0,0,0,0,0,0
CF,DUVAX,44.986706,-65.224681,0,UZX,288.0,13.0,108.0,1.0,2,2300,0,0,0,0,1,0

APPTR,T12,12,YZX
IF,YZX,44.922778,-65.101944, ,0.0,0.0,0,0,0,0,0,0,1,0
CF,DUVAX,44.986706,-65.224681,0,UZX,288.0,13.0,325.0,6.5,2,2300,0,0,0,0,1,0

FINAL,T12,12,D,4
IF,DUVAX,44.986706,-65.224681,UZX,288.0,13.0,2,2300,0,0,0,0,0,0
CF,SATIR,44.985250,-65.083797,0,UZX,288.0,7.0,108.0,6.0,2,2190,0,0,0,0,2,0
CF,32TAC,44.984239,-64.994575,0,UZX,288.0,3.2,108.0,3.8,2,990,0,0,0,0,0,0
CF,MA12,44.983650,-64.945269,0,UZX,288.0,1.1,108.0,2.1,1,309,0,0,0,0,3,0
CA,0,108.0,2,2500,0,0,0,0,0,0
DF,DUVAX,44.986706,-65.224681,2, ,0.0,0.0,1,2500,0,0,0,0,0,0
HM,DUVAX,44.986706,-65.224681,2, ,0.0,0.0,108.0,05,0,0,0,0,0,0,0,0,0

APPTR,T26,26,IMUSA
IF,IMUSA,44.799511,-64.758342, ,0.0,0.0,0,0,0,0,0,0,1,0
AF,D075M,45.097842,-64.660044,1,UZX,75.0,13.0,165.0,2,2300,0,0,0,0,0,0
CF,EMPIK,45.089056,-64.680036,0,UZX,75.0,12.0,255.0,1.0,2,2300,0,0,0,0,1,0

APPTR,T26,26,OVIPI
IF,OVIPI,45.166961,-65.081869, ,0.0,0.0,0,0,0,0,0,0,1,0
AF,D075M,45.097842,-64.660044,2,UZX,75.0,13.0,345.0,2,2300,0,0,0,0,0,0
CF,EMPIK,45.089056,-64.680036,0,UZX,75.0,12.0,255.0,1.0,2,2300,0,0,0,0,1,0

FINAL,T26,26,D,3
IF,EMPIK,45.089056,-64.680036,UZX,75.0,12.0,2,2300,0,0,0,0,0,0
CF,PIGSI,45.036256,-64.799850,0,UZX,75.0,6.0,255.0,6.0,2,1800,0,0,0,0,2,0
CF,MA26,44.993928,-64.895542,0,UZX,75.0,1.2,255.0,4.8,1,274,0,0,0,0,3,0
CA,0,255.0,2,2500,0,0,0,0,0,0
DF,EMPIK,45.089056,-64.680036,2, ,0.0,0.0,1,2500,0,0,0,0,0,0
HM,EMPIK,45.089056,-64.680036,2, ,0.0,0.0,255.0,05,0,0,0,0,0,0,0,0,0

APPTR,T30,30,KEKNO
IF,KEKNO,45.197297,-64.871511, ,0.0,0.0,0,0,0,0,0,0,1,0
AF,D126M,44.912433,-64.631164,2,UZX,126.0,13.0,26.0,2,2400,0,0,0,0,0,0
CF,ILUMI,44.917914,-64.653314,0,UZX,126.0,12.0,306.0,1.0,2,2400,0,0,0,0,1,0

APPTR,T30,30,MODIS
IF,MODIS,44.803594,-65.089614, ,0.0,0.0,0,0,0,0,0,0,1,0
AF,D126M,44.912433,-64.631164,1,UZX,126.0,13.0,231.0,2,2400,0,0,0,0,0,0
CF,ILUMI,44.917914,-64.653314,0,UZX,126.0,12.0,306.0,1.0,2,2400,0,0,0,0,1,0

APPTR,T30,30,YZX
IF,YZX,44.922778,-65.101944, ,0.0,0.0,0,0,0,0,0,0,0,0
CF,ILUMI,44.917914,-64.653314,0,UZX,126.0,12.0,109.0,19.1,2,2400,0,0,0,0,1,0

FINAL,T30,30,D,4
IF,ILUMI,44.917914,-64.653314,UZX,126.0,12.0,2,2400,0,0,0,0,0,0
CF,NUDUX,44.950700,-64.786303,0,UZX,126.0,6.0,306.0,6.0,2,1800,0,0,0,0,2,0
CF,31TAC,44.966492,-64.850636,0,UZX,126.0,3.1,306.0,2.9,2,1080,0,0,0,0,0,0
CF,MA30,44.976275,-64.890583,0,UZX,126.0,1.3,306.0,1.8,1,343,0,0,0,0,3,0
CA,0,306.0,2,2500,0,0,0,0,0,0
DF,ILUMI,44.917914,-64.653314,1, ,0.0,0.0,1,2500,0,0,0,0,0,0
HM,ILUMI,44.917914,-64.653314,1, ,0.0,0.0,306.0,05,0,0,0,0,0,0,0,0,0

