APPTR,R02,02,DEKRI
IF,DEKRI,52.048644,-78.411589, ,0.0,0.0,0,0,0,0,0,0,1,0
TF,IKDAG,52.055761,-78.546083,0, ,0.0,0.0,0.0,0.0,2,1400,0,0,0,0,1,0

APPTR,R02,02,LETEP
IF,LETEP,52.062722,-78.680622, ,0.0,0.0,0,0,0,0,0,0,1,0
TF,IKDAG,52.055761,-78.546083,0, ,0.0,0.0,0.0,0.0,2,1400,0,0,0,0,1,0

FINAL,R02,02,R,3
IF,IKDAG,52.055761,-78.546083, ,0.0,0.0,2,1400,0,0,0,0,1,0
TF,FARUK,52.155272,-78.532403,0, ,0.0,0.0,19.0,6.0,2,1340,0,0,0,0,2,0
TF,RW02,52.221608,-78.523247,0, ,0.0,0.0,19.0,4.0,1,71,0,0,0,0,3,1
TF,MIDLU,52.387447,-78.500242,0, ,0.0,0.0,0.0,0.0,1,1800,0,0,0,0,0,1
HM,MIDLU,52.387447,-78.500242,2, ,0.0,0.0,19.0,04.3,0,0,0,0,0,0,0,0,0

APPTR,R20,20,DAVBI
IF,DAVBI,52.403994,-78.634478, ,0.0,0.0,0,0,0,0,0,0,1,0
TF,BIMRA,52.397031,-78.498906,0, ,0.0,0.0,0.0,0.0,2,1400,0,0,0,0,1,0

APPTR,R20,20,LESAG
IF,LESAG,52.389914,-78.363375, ,0.0,0.0,0,0,0,0,0,0,1,0
TF,BIMRA,52.397031,-78.498906,0, ,0.0,0.0,0.0,0.0,2,1400,0,0,0,0,1,0

FINAL,R20,20,R,4
IF,BIMRA,52.397031,-78.498906, ,0.0,0.0,2,1400,0,0,0,0,1,0
TF,ADVIG,52.297531,-78.512736,0, ,0.0,0.0,199.0,6.0,2,1350,0,0,0,0,2,0
TF,UDKUP,52.264361,-78.517333,0, ,0.0,0.0,199.0,2.0,2,710,0,0,0,0,0,0
TF,RW20,52.231194,-78.521922,0, ,0.0,0.0,199.0,2.0,1,74,0,0,0,0,3,1
TF,XUDPO,52.065347,-78.544769,0, ,0.0,0.0,0.0,0.0,1,1800,0,0,0,0,0,1
HM,XUDPO,52.065347,-78.544769,2, ,0.0,0.0,199.0,04.3,0,0,0,0,0,0,0,0,0

