APPTR,R18,18,ESRIV
IF,ESRIV,51.956819,-96.830286, ,0.0,0.0,0,0,0,1,210,0,1,0
TF,AVTIB,51.957897,-96.695594,0, ,0.0,0.0,0.0,0.0,2,2100,0,0,0,0,1,0

APPTR,R18,18,XUGOR
IF,XUGOR,51.958819,-96.560894, ,0.0,0.0,0,0,0,1,210,0,1,0
TF,AVTIB,51.957897,-96.695594,0, ,0.0,0.0,0.0,0.0,2,2100,0,0,0,0,1,0

FINAL,R18,18,R,3
IF,AVTIB,51.957897,-96.695594, ,0.0,0.0,2,2100,0,0,0,0,1,0
TF,TOTEP,51.858036,-96.693656,0, ,0.0,0.0,177.0,6.0,2,2100,0,0,0,0,2,0
TF,RW18,51.788419,-96.692308,0, ,0.0,0.0,177.0,4.2,1,778,0,0,0,0,3,1
TF,OVASU,51.705200,-96.690703,0, ,0.0,0.0,0.0,0.0,1,2300,0,0,0,0,0,1
HM,OVASU,51.705200,-96.690703,2, ,0.0,0.0,177.0,04.3,0,0,0,0,0,0,0,0,0

APPTR,R36,36,OTILU
IF,OTILU,51.611706,-96.555222, ,0.0,0.0,0,0,0,1,210,0,1,0
TF,URTAR,51.610789,-96.688892,0, ,0.0,0.0,0.0,0.0,2,2100,0,0,0,0,1,0

APPTR,R36,36,VOKUX
IF,VOKUX,51.609719,-96.822556, ,0.0,0.0,0,0,0,1,210,0,1,0
TF,URTAR,51.610789,-96.688892,0, ,0.0,0.0,0.0,0.0,2,2100,0,0,0,0,1,0

FINAL,R36,36,R,3
IF,URTAR,51.610789,-96.688892, ,0.0,0.0,2,2100,0,0,0,0,1,0
TF,IRBIG,51.710656,-96.690808,0, ,0.0,0.0,357.0,6.0,2,2100,0,0,0,0,2,0
TF,RW36,51.780219,-96.692150,0, ,0.0,0.0,357.0,4.2,1,779,0,0,0,0,3,1
TF,XOVGI,51.863439,-96.693758,0, ,0.0,0.0,0.0,0.0,1,2300,0,0,0,0,0,1
HM,XOVGI,51.863439,-96.693758,2, ,0.0,0.0,357.0,04.3,0,0,0,0,0,0,0,0,0

