APPTR,D25,25,TLM1
IF,TLM,35.015019,-1.446144, ,0.0,0.0,2,4600,0,0,0,0,0,0
FD,TLM,35.015019,-1.446144,0,TLM,0.0,10.5,43.0,10.5,2,3450,0,0,0,0,0,0
CF,D065K,35.088942,-1.252872,2,TLM,65.0,10.5,245.0,1.0,2,3450,0,0,0,0,1,0
CF,FD25,35.073478,-1.293394,0,TLM,65.0,8.3,245.0,2.2,2,3450,0,0,0,0,0,0

APPTR,D25,25,TLM2
IF,TLM,35.015019,-1.446144, ,0.0,0.0,2,4600,0,0,0,0,0,0
FD,TLM,35.015019,-1.446144,0,TLM,0.0,9.5,51.0,9.5,2,3450,0,0,0,0,0,0
CF,D065J,35.081914,-1.271294,2,TLM,65.0,9.5,245.0,1.0,2,3450,0,0,0,0,1,0
CF,FD25,35.073478,-1.293394,0,TLM,65.0,8.3,245.0,1.2,2,3450,0,0,0,0,0,0

FINAL,D25,25,D,2
IF,FD25,35.073478,-1.293394,TLM,65.0,8.3,2,3450,0,0,0,0,2,0
CF,MD25,35.026303,-1.416714,0,TLM,65.0,1.6,245.0,6.7,1,1321,0,0,0,0,3,0
FA,MD25,35.026303,-1.416714,0,TLM,0.0,0.0,245.0,2,3030,0,0,0,0,0,0
DF,TLM,35.015019,-1.446144,1, ,0.0,0.0,1,4600,0,1,220,0,0,0

APPTR,I25,25,TLM
IF,TLM,35.015019,-1.446144, ,0.0,0.0,2,5420,0,0,0,0,0,0
FD,TLM,35.015019,-1.446144,0,TLM,0.0,10.0,47.0,10.0,0,0,0,0,0,0,0,0
CF,CI25,35.073469,-1.255933,2,LT,70.0,11.4,250.0,1.0,2,3300,0,0,0,0,1,0

FINAL,I25,25,I,3
IF,CI25,35.073469,-1.255933,LT,70.0,11.4,2,3300,0,0,0,0,0,0
CF,FI25,35.050742,-1.332297,0,LT,70.0,7.4,250.0,4.0,1,2730,0,0,0,0,2,0
CF,RW25,35.017442,-1.443822,0,LT,70.0,1.5,250.0,5.8,1,863,0,0,0,0,3,0
CF,D250E,34.987956,-1.542186,0,TLM,251.1,5.0,250.0,5.2,0,0,0,0,0,0,0,1
DF,TLM,35.015019,-1.446144,1, ,0.0,0.0,1,5420,0,1,230,0,0,0

