APPTR,D23,23,IMN1
IF,IMN,28.066556,9.660917, ,0.0,0.0,2,4830,0,0,0,0,0,0
FD,IMN,28.066556,9.660917,0,IMN,0.0,7.0,67.0,7.0,2,3580,0,0,0,0,0,0
CF,D044G,28.147783,9.755856,1,IMN,44.0,7.0,224.0,1.0,2,3580,0,1,185,0,1,0
TF,FD23,28.124583,9.728714,0, ,0.0,0.0,0.0,0.0,2,3580,0,0,0,0,0,0

APPTR,D23,23,IMN2
IF,IMN,28.066556,9.660917, ,0.0,0.0,2,4830,0,0,0,0,0,0
FD,IMN,28.066556,9.660917,0,IMN,0.0,7.0,58.0,7.0,2,3580,0,1,140,0,0,0
CF,FD23,28.124583,9.728714,1,IMN,44.0,5.0,224.0,2.0,2,3580,0,0,0,0,0,0

FINAL,D23,23,D,2
IF,FD23,28.124583,9.728714,IMN,44.0,5.0,2,3580,0,0,0,0,2,0
CF,IMN,28.066556,9.660917,0,IMN,0.0,0.0,224.0,5.0,1,1976,0,0,0,0,3,0
FA,IMN,28.066556,9.660917,0,IMN,0.0,0.0,224.0,2,3820,0,0,0,0,0,0
CF,IMN,28.066556,9.660917,2,IMN,0.0,0.0,67.0,4.0,1,4930,0,0,0,0,0,0

APPTR,N23,23,ZAR1
IF,ZAR,28.050558,9.631125, ,0.0,0.0,2,4830,0,0,0,0,0,0
FC,ZAR,28.050558,9.631125,0,IMN,0.0,0.0,75.0,8.8,2,3190,0,0,0,0,0,1
CF,FN23,28.099331,9.722717,1,IMN,57.1,3.8,237.0,4.0,2,3190,0,1,185,0,0,0

APPTR,N23,23,ZAR2
IF,ZAR,28.050558,9.631125, ,0.0,0.0,2,4830,0,0,0,0,0,0
FC,ZAR,28.050558,9.631125,0,IMN,0.0,0.0,69.0,7.0,2,3190,0,0,0,0,0,1
CF,FN23,28.099331,9.722717,1,IMN,57.1,3.8,237.0,2.0,2,3190,0,0,0,0,0,0

FINAL,N23,23,N,2
IF,FN23,28.099331,9.722717,ZAR,0.0,0.0,2,3190,0,0,0,0,2,0
CF,RW23,28.063481,9.657286,0,ZAR,0.0,0.0,237.0,4.1,1,1891,0,0,0,0,3,0
CF,ZAR,28.050558,9.631125,0,IMN,236.8,1.9,237.0,1.6,0,0,0,0,0,0,0,1
FA,ZAR,28.050558,9.631125,0,IMN,0.0,0.0,237.0,2,3840,0,0,0,0,0,0
DF,ZAR,28.050558,9.631125,1, ,0.0,0.0,1,4830,0,0,0,0,0,0

APPTR,S23,23,IMN1
IF,IMN,28.066556,9.660917, ,0.0,0.0,2,4830,0,0,0,0,0,0
FC,IMN,28.066556,9.660917,0,IMN,0.0,0.0,67.0,7.0,2,3580,0,0,0,0,0,1
CF,FS23,28.125047,9.729258,1,IMN,44.0,5.0,224.0,2.0,2,3580,0,1,185,0,0,0

APPTR,S23,23,IMN2
IF,IMN,28.066556,9.660917, ,0.0,0.0,2,4830,0,0,0,0,0,0
FC,IMN,28.066556,9.660917,0,IMN,0.0,0.0,58.0,5.8,2,3580,0,0,0,0,0,1
CF,FS23,28.125047,9.729258,1,IMN,44.0,5.0,224.0,1.0,2,3580,0,0,0,0,0,0

FINAL,S23,23,D,2
IF,FS23,28.125047,9.729258,IMN,44.0,5.0,2,3580,0,0,0,0,2,0
CF,IMN,28.066556,9.660917,0,IMN,0.0,0.0,224.0,5.0,1,1976,0,0,0,0,3,0
FA,IMN,28.066556,9.660917,0,IMN,0.0,0.0,224.0,2,3820,0,0,0,0,0,0
CF,IMN,28.066556,9.660917,2,IMN,0.0,0.0,67.0,4.0,1,4930,0,0,0,0,0,0

