APPTR,N07L,07L,AS1
IF,AS,16.956325,7.974844, ,0.0,0.0,2,3300,0,0,0,0,1,0
CF,D268J,16.953697,7.821853,0,AS,268.0,8.8,268.0,8.8,2,3300,0,0,0,0,0,1
CF,FN07L,16.929653,7.906294,1,AS,247.0,4.3,67.0,5.0,2,3300,0,0,0,0,0,0

APPTR,N07L,07L,AS2
IF,AS,16.956325,7.974844, ,0.0,0.0,2,3300,0,0,0,0,1,0
CF,D259H,16.935947,7.854989,0,AS,259.0,7.0,259.0,7.0,2,3300,0,0,0,0,0,1
CF,FN07L,16.929653,7.906294,1,AS,247.0,4.3,67.0,3.0,2,3300,0,0,0,0,0,0

FINAL,N07L,07L,N,2
IF,FN07L,16.929653,7.906294,AS,0.0,0.0,2,3300,0,0,0,0,2,0
CF,AS,16.956325,7.974844,0,AS,0.0,0.0,67.0,4.3,1,1946,0,0,0,0,3,0
CA,0,67.0,2,3300,0,0,0,0,0,0
DF,AS,16.956325,7.974844,2, ,0.0,0.0,1,3300,0,0,0,0,0,0

APPTR,N25R,25R,AS1
IF,AS,16.956325,7.974844, ,0.0,0.0,2,3500,0,0,0,0,1,0
CF,D046I,17.056728,8.086811,0,AS,46.0,8.8,46.0,8.8,2,3500,0,0,0,0,0,1
CF,FN25R,17.000175,8.087722,2,AS,67.0,7.0,247.0,2.0,2,3500,0,0,0,0,0,0

APPTR,N25R,25R,AS2
IF,AS,16.956325,7.974844, ,0.0,0.0,2,3500,0,0,0,0,1,0
CF,D055G,17.021806,8.075786,0,AS,55.0,7.0,55.0,7.0,2,3500,0,0,0,0,0,1
CF,FN25R,17.000175,8.087722,2,AS,67.0,7.0,247.0,1.0,2,3500,0,0,0,0,0,0

FINAL,N25R,25R,N,2
IF,FN25R,17.000175,8.087722,AS,0.0,0.0,2,3500,0,0,0,0,2,0
CF,RW25R,16.971081,8.013153,0,AS,0.0,0.0,247.0,4.6,1,1710,0,0,0,0,3,0
TF,AS,16.956325,7.974844,0, ,0.0,0.0,0.0,0.0,0,0,0,0,0,0,0,1
CA,0,247.0,2,3500,0,0,0,0,0,0
DF,AS,16.956325,7.974844,1, ,0.0,0.0,1,3500,0,0,0,0,0,0

APPTR,R07L,07L,AMGOR
HF,AMGOR,16.892817,7.810275,2, ,0.0,0.0,67.0,04.3,2,3600,0,1,230,0,1,0,0

APPTR,R07L,07L,EDKUS
IF,EDKUS,16.970508,7.777931, ,0.0,0.0,2,3600,0,1,230,0,1,0
TF,AMGOR,16.892817,7.810275,0, ,0.0,0.0,0.0,0.0,2,3600,0,0,0,0,1,0

APPTR,R07L,07L,VOTIS
IF,VOTIS,16.815142,7.842511, ,0.0,0.0,2,3600,0,1,230,0,1,0
TF,AMGOR,16.892817,7.810275,0, ,0.0,0.0,0.0,0.0,2,3600,0,0,0,0,1,0

FINAL,R07L,07L,R,3
IF,AMGOR,16.892817,7.810275, ,0.0,0.0,2,3600,0,1,230,0,0,0
TF,ZA501,16.923969,7.890944,0, ,0.0,0.0,67.0,5.0,1,3600,0,0,0,0,2,0
TF,RW07L,16.961047,7.987106,0, ,0.0,0.0,67.0,6.0,1,1704,0,0,0,0,3,1
TF,ZA502,16.992128,8.067833,0, ,0.0,0.0,0.0,0.0,0,0,0,0,0,0,0,1
DF,VOTIS,16.815142,7.842511,2, ,0.0,0.0,2,3600,0,1,230,0,0,0

APPTR,R07R,07R,DENET
IF,DENET,16.806372,7.864364, ,0.0,0.0,2,3600,0,1,230,0,1,0
TF,IPOPO,16.884078,7.832175,0, ,0.0,0.0,0.0,0.0,2,3600,0,0,0,0,1,0

APPTR,R07R,07R,IPOPO
HF,IPOPO,16.884078,7.832175,2, ,0.0,0.0,67.0,04.3,2,3600,0,1,230,0,1,0,0

APPTR,R07R,07R,NEMLA
IF,NEMLA,16.961797,7.799928, ,0.0,0.0,2,3600,0,1,230,0,1,0
TF,IPOPO,16.884078,7.832175,0, ,0.0,0.0,0.0,0.0,2,3600,0,0,0,0,1,0

FINAL,R07R,07R,R,3
IF,IPOPO,16.884078,7.832175, ,0.0,0.0,2,3600,0,1,230,0,0,0
TF,ZA506,16.915158,7.912869,0, ,0.0,0.0,67.0,5.0,1,3600,0,0,0,0,2,0
TF,RW07R,16.952408,8.009731,0, ,0.0,0.0,67.0,6.0,1,1690,0,0,0,0,3,1
TF,ZA507,16.983417,8.090483,0, ,0.0,0.0,0.0,0.0,0,0,0,0,0,0,0,1
DF,DENET,16.806372,7.864364,2, ,0.0,0.0,2,3600,0,1,230,0,0,0

APPTR,R25L,25L,ERENI
HF,ERENI,17.026456,8.202747,1, ,0.0,0.0,247.0,04.3,2,3900,0,1,230,0,1,0,0

APPTR,R25L,25L,NAPIL
IF,NAPIL,17.104178,8.170531, ,0.0,0.0,2,3900,0,1,230,0,1,0
TF,ERENI,17.026456,8.202747,0, ,0.0,0.0,0.0,0.0,2,3900,0,0,0,0,1,0

APPTR,R25L,25L,UPAKI
IF,UPAKI,16.948758,8.235017, ,0.0,0.0,2,3900,0,1,230,0,1,0
TF,ERENI,17.026456,8.202747,0, ,0.0,0.0,0.0,0.0,2,3900,0,0,0,0,1,0

FINAL,R25L,25L,R,3
IF,ERENI,17.026456,8.202747, ,0.0,0.0,2,3900,0,1,230,0,0,0
TF,ZA508,16.995489,8.121956,0, ,0.0,0.0,247.0,5.0,1,3600,0,0,0,0,2,0
TF,RW25L,16.958739,8.026214,0, ,0.0,0.0,247.0,5.9,1,1713,0,0,0,0,3,1
TF,ZA509,16.927706,7.945481,0, ,0.0,0.0,0.0,0.0,0,0,0,0,0,0,0,1
DF,UPAKI,16.948758,8.235017,1, ,0.0,0.0,2,3900,0,1,230,0,0,0

APPTR,R25R,25R,ERMAS
HF,ERMAS,17.039008,8.189797,1, ,0.0,0.0,247.0,04.3,2,3900,0,1,230,0,1,0,0

APPTR,R25R,25R,GASIM
IF,GASIM,17.116728,8.157483, ,0.0,0.0,2,3900,0,1,230,0,1,0
TF,ERMAS,17.039008,8.189797,0, ,0.0,0.0,0.0,0.0,2,3900,0,0,0,0,1,0

APPTR,R25R,25R,RAMUP
IF,RAMUP,16.961372,8.222142, ,0.0,0.0,2,3900,0,1,230,0,1,0
TF,ERMAS,17.039008,8.189797,0, ,0.0,0.0,0.0,0.0,2,3900,0,0,0,0,1,0

FINAL,R25R,25R,R,3
IF,ERMAS,17.039008,8.189797, ,0.0,0.0,2,3900,0,1,230,0,0,0
TF,ZA503,17.007975,8.109028,0, ,0.0,0.0,247.0,5.0,1,3600,0,0,0,0,2,0
TF,RW25R,16.971081,8.013153,0, ,0.0,0.0,247.0,5.9,1,1710,0,0,0,0,3,1
TF,ZA504,16.939978,7.932444,0, ,0.0,0.0,0.0,0.0,0,0,0,0,0,0,0,1
DF,RAMUP,16.961372,8.222142,1, ,0.0,0.0,2,3900,0,1,230,0,0,0

APPTR,V07L,07L,AS1
IF,AS,16.974964,8.023231, ,0.0,0.0,2,3300,0,0,0,0,1,0
CF,D268I,16.972336,7.870225,0,AS,268.0,8.8,268.0,8.8,2,3300,0,0,0,0,0,1
CF,FV07L,16.931047,7.910389,1,AS,247.0,7.0,67.0,2.0,2,3300,0,0,0,0,0,0

APPTR,V07L,07L,AS2
IF,AS,16.974964,8.023231, ,0.0,0.0,2,3300,0,0,0,0,1,0
CF,D259G,16.954586,7.903361,0,AS,259.0,7.0,259.0,7.0,2,3300,0,0,0,0,0,1
CF,FV07L,16.931047,7.910389,1,AS,247.0,7.0,67.0,1.0,2,3300,0,0,0,0,0,0

FINAL,V07L,07L,D,2
IF,FV07L,16.931047,7.910389,AS,247.0,7.0,2,3300,0,0,0,0,2,0
CF,RW07L,16.961047,7.987106,0,AS,247.2,2.2,67.0,4.8,1,1704,0,0,0,0,3,0
CF,AS,16.974964,8.023231,0,AS,0.0,0.0,67.0,2.2,0,0,0,0,0,0,0,1
CA,0,67.0,2,3300,0,0,0,0,0,0
DF,AS,16.974964,8.023231,2, ,0.0,0.0,1,3300,0,0,0,0,0,0

APPTR,V25R,25R,AS1
IF,AS,16.974964,8.023231, ,0.0,0.0,2,3400,0,0,0,0,1,0
CF,D088I,16.977475,8.176239,0,AS,88.0,8.8,88.0,8.8,2,3400,0,0,0,0,0,1
CF,FV25R,17.004306,8.098747,1,AS,67.0,4.7,247.0,4.0,2,3400,0,0,0,0,0,0

APPTR,V25R,25R,AS2
IF,AS,16.974964,8.023231, ,0.0,0.0,2,3400,0,0,0,0,1,0
CF,D079G,16.995269,8.143122,0,AS,79.0,7.0,79.0,7.0,2,3400,0,0,0,0,0,1
CF,FV25R,17.004306,8.098747,1,AS,67.0,4.7,247.0,3.0,2,3400,0,0,0,0,0,0

FINAL,V25R,25R,D,2
IF,FV25R,17.004306,8.098747,AS,67.0,4.7,2,3400,0,0,0,0,2,0
CF,AS,16.974964,8.023231,0,AS,0.0,0.0,247.0,4.7,1,1909,0,0,0,0,3,0
CA,0,247.0,2,3400,0,0,0,0,0,0
DF,AS,16.974964,8.023231,2, ,0.0,0.0,1,3400,0,0,0,0,0,0

