SID,CIV1E,25L,5
CA,0,249.0,2,700,0,0,0,0,0,0
CI,0, ,0.0,292.0,0,0,0,0,0,0,0,0
CF,BR251,50.909611,4.312250,0,HUL,306.6,15.8,272.0,3.0,0,0,0,0,0,0,0,0
TF,CIV,50.573889,3.832778,0, ,0.0,0.0,0.0,0.0,0,0,0,0,0,0,0,0

SID,CIV1F,01,2
CA,0,13.0,2,700,0,0,0,0,0,0
CA,0,28.0,2,1700,0,0,0,0,0,0
CF,D354C,50.799225,4.634769,2,BUN,201.4,20.7,174.0,8.0,0,0,0,0,0,0,0,0
VI,0, ,0.0,206.0,0,0,0,0,0,0,0,0
CF,CIV,50.573889,3.832778,0,BUN,229.0,50.4,251.0,31.0,0,0,0,0,0,0,0,0

SID,CIV1K,25R,5
CA,0,244.0,2,700,0,0,0,0,0,0
CF,BR045,50.879972,4.362139,0,BUB,257.7,6.8,251.0,3.0,0,0,0,0,0,0,0,0
TF,BR009,50.779333,4.281361,0, ,0.0,0.0,0.0,0.0,0,0,0,0,0,0,0,0
TF,CIV,50.573889,3.832778,0, ,0.0,0.0,0.0,0.0,0,0,0,0,0,0,0,0

SID,CIV1R,07L,2
CA,0,64.0,2,1700,0,0,0,0,0,0
CI,1, ,0.0,275.0,0,0,0,0,0,0,0,0
CF,CIV,50.573889,3.832778,0,BUN,229.0,50.4,222.0,37.0,0,0,0,0,0,0,0,0

SID,CIV2L,19,5
CA,0,193.0,2,700,0,0,0,0,0,0
DF,BR012,50.778358,4.602042,0, ,0.0,0.0,0,0,0,0,0,0,0,0
TF,BR014,50.721003,4.383594,2, ,0.0,0.0,0.0,0.0,0,0,0,0,0,0,0,0
TF,CIV,50.573889,3.832778,0, ,0.0,0.0,0.0,0.0,0,0,0,0,0,0,0,0

SID,CIV2Q,25L,2
CD, ,0,0,0,BUB,0,0.0,249.0,7.0,0,0,0,0,0,0,0,0
CI,0, ,0.0,206.0,0,0,0,0,0,0,0,0
CF,CIV,50.573889,3.832778,0,HUL,250.5,32.6,233.0,22.0,0,0,0,0,0,0,0,0

SID,CIV2U,07R,2
CA,0,69.0,2,700,0,0,0,0,0,0
CA,0,62.0,2,1700,0,0,0,0,0,0
CI,1, ,0.0,275.0,0,0,0,0,0,0,0,0
CF,CIV,50.573889,3.832778,0,BUN,229.0,50.4,222.0,35.0,0,0,0,0,0,0,0,0

SID,CIV3G,25R,5
CA,0,244.0,2,700,0,0,0,0,0,0
CI,0, ,0.0,292.0,0,0,0,0,0,0,0,0
CF,BR251,50.909611,4.312250,0,BUB,272.0,8.6,272.0,2.0,0,0,0,0,0,0,0,0
TF,CIV,50.573889,3.832778,0, ,0.0,0.0,0.0,0.0,0,0,0,0,0,0,0,0

SID,CIV3T,07L,5
CF,BR751,50.943194,4.609306,0,AFI,82.0,18.0,64.0,4.5,0,0,0,0,0,0,0,0
TF,BR752,50.955778,4.783833,0, ,0.0,0.0,0.0,0.0,0,0,0,0,0,0,0,0
TF,BR753,50.866833,4.840056,0, ,0.0,0.0,0.0,0.0,0,0,0,0,0,0,0,0
TF,CIV,50.573889,3.832778,0, ,0.0,0.0,0.0,0.0,0,0,0,0,0,0,0,0

SID,CIV3V,07R,5
CA,0,69.0,2,700,0,0,0,0,0,0
DF,BR701,50.936611,4.640472,0, ,0.0,0.0,0,0,0,0,0,0,0,0
TF,BR702,50.965222,4.785639,0, ,0.0,0.0,0.0,0.0,0,0,0,0,0,0,0,0
TF,BR703,50.868722,4.846639,0, ,0.0,0.0,0.0,0.0,0,0,0,0,0,0,0,0
TF,CIV,50.573889,3.832778,0, ,0.0,0.0,0.0,0.0,0,0,0,0,0,0,0,0

SID,DENU1E,25L,5
CA,0,249.0,2,700,0,0,0,0,0,0
CI,0, ,0.0,297.0,0,0,0,0,0,0,0,0
CF,BR253,50.924417,4.286278,0,BUB,277.0,9.7,277.0,4.0,2,1700,0,0,0,0,0,0
TF,DENUT,51.236122,3.657600,0, ,0.0,0.0,0.0,0.0,0,0,0,0,0,0,0,0

SID,DENU3G,25R,5
CA,0,244.0,2,700,0,0,0,0,0,0
CI,0, ,0.0,297.0,0,0,0,0,0,0,0,0
CF,BR253,50.924417,4.286278,0,BUB,277.0,9.7,277.0,5.0,2,1700,0,0,0,0,0,0
TF,DENUT,51.236122,3.657600,0, ,0.0,0.0,0.0,0.0,0,0,0,0,0,0,0,0

SID,DENU3T,07L,5
CA,0,64.0,2,1800,0,0,0,0,0,0
DF,DENUT,51.236122,3.657600,1, ,0.0,0.0,0,0,0,0,0,0,0,0

SID,DENU3V,07R,5
CA,0,69.0,2,700,0,0,0,0,0,0
CA,0,62.0,2,1800,0,0,0,0,0,0
DF,DENUT,51.236122,3.657600,1, ,0.0,0.0,0,0,0,0,0,0,0,0

SID,DENU7N,19,5
CA,0,193.0,2,700,0,0,0,0,0,0
DF,BR016,50.952075,4.322678,2, ,0.0,0.0,2,3700,0,0,0,0,0,0
TF,BR017,51.035764,4.189703,0, ,0.0,0.0,0.0,0.0,0,0,0,0,0,0,0,0
TF,DENUT,51.236122,3.657600,0, ,0.0,0.0,0.0,0.0,0,0,0,0,0,0,0,0

SID,DENU8F,01,2
CA,0,13.0,2,700,0,0,0,0,0,0
CA,0,8.0,2,1800,0,0,0,0,0,0
DF,DENUT,51.236122,3.657600,1, ,0.0,0.0,0,0,0,0,0,0,0,0

SID,DENU8L,19,5
CA,0,193.0,2,1700,0,0,0,0,0,0
DF,BR016,50.952075,4.322678,2, ,0.0,0.0,0,0,0,0,0,0,0,0
TF,BR017,51.035764,4.189703,0, ,0.0,0.0,0.0,0.0,0,0,0,0,0,0,0,0
TF,DENUT,51.236122,3.657600,0, ,0.0,0.0,0.0,0.0,0,0,0,0,0,0,0,0

SID,ELSI1E,25L,5
CA,0,249.0,2,700,0,0,0,0,0,0
DF,BUN,51.118611,4.842222,2, ,0.0,0.0,0,0,0,0,0,0,0,0
TF,ELSIK,51.195028,4.998611,0, ,0.0,0.0,0.0,0.0,0,0,0,0,0,0,0,0

SID,ELSI1P,25L,5
CA,0,249.0,2,700,0,0,0,0,0,0
DF,NIK,51.165000,4.183889,0, ,0.0,0.0,0,0,0,0,0,0,0,0
TF,ELSIK,51.195028,4.998611,2, ,0.0,0.0,0.0,0.0,0,0,0,0,0,0,0,0

SID,ELSI2F,01,2
CA,0,13.0,2,700,0,0,0,0,0,0
DF,BUN,51.118611,4.842222,0, ,0.0,0.0,0,0,0,0,0,0,0,0
TF,ELSIK,51.195028,4.998611,0, ,0.0,0.0,0.0,0.0,0,0,0,0,0,0,0,0

SID,ELSI2L,19,5
CA,0,193.0,2,700,0,0,0,0,0,0
DF,BUN,51.118611,4.842222,1, ,0.0,0.0,0,0,0,0,0,0,0,0
TF,ELSIK,51.195028,4.998611,0, ,0.0,0.0,0.0,0.0,0,0,0,0,0,0,0,0

SID,ELSI3G,25R,5
CA,0,244.0,2,700,0,0,0,0,0,0
DF,BUN,51.118611,4.842222,2, ,0.0,0.0,0,0,0,0,0,0,0,0
TF,ELSIK,51.195028,4.998611,0, ,0.0,0.0,0.0,0.0,0,0,0,0,0,0,0,0

SID,ELSI3K,25R,5
CA,0,244.0,2,700,0,0,0,0,0,0
DF,NIK,51.165000,4.183889,0, ,0.0,0.0,0,0,0,0,0,0,0,0
TF,ELSIK,51.195028,4.998611,2, ,0.0,0.0,0.0,0.0,0,0,0,0,0,0,0,0

SID,ELSI3T,07L,5
CA,0,64.0,2,700,0,0,0,0,0,0
DF,BUN,51.118611,4.842222,0, ,0.0,0.0,0,0,0,0,0,0,0,0
TF,ELSIK,51.195028,4.998611,0, ,0.0,0.0,0.0,0.0,0,0,0,0,0,0,0,0

SID,ELSI3V,07R,5
CA,0,69.0,2,700,0,0,0,0,0,0
DF,BR701,50.936611,4.640472,0, ,0.0,0.0,0,0,0,0,0,0,0,0
TF,BUN,51.118611,4.842222,0, ,0.0,0.0,0.0,0.0,0,0,0,0,0,0,0,0
TF,ELSIK,51.195028,4.998611,0, ,0.0,0.0,0.0,0.0,0,0,0,0,0,0,0,0

SID,HELE1E,25L,5
CA,0,249.0,2,700,0,0,0,0,0,0
CF,BR255,50.970611,4.290611,0,BUB,292.7,10.3,304.0,8.0,0,0,0,0,0,0,0,0
TF,HELEN,51.235314,3.869711,0, ,0.0,0.0,0.0,0.0,0,0,0,0,0,0,0,0

SID,HELE3G,25R,5
CA,0,244.0,2,700,0,0,0,0,0,0
CF,BR255,50.970611,4.290611,0,BUB,292.7,10.3,305.0,7.0,0,0,0,0,0,0,0,0
TF,HELEN,51.235314,3.869711,0, ,0.0,0.0,0.0,0.0,0,0,0,0,0,0,0,0

SID,HELE3T,07L,5
CA,0,64.0,2,1800,0,0,0,0,0,0
DF,HELEN,51.235314,3.869711,1, ,0.0,0.0,0,0,0,0,0,0,0,0

SID,HELE3V,07R,5
CA,0,69.0,2,700,0,0,0,0,0,0
CA,0,62.0,2,1800,0,0,0,0,0,0
DF,HELEN,51.235314,3.869711,1, ,0.0,0.0,0,0,0,0,0,0,0,0

SID,HELE6L,19,5
CA,0,193.0,2,1700,0,0,0,0,0,0
DF,BR016,50.952075,4.322678,2, ,0.0,0.0,0,0,0,0,0,0,0,0
TF,BR017,51.035764,4.189703,0, ,0.0,0.0,0.0,0.0,0,0,0,0,0,0,0,0
TF,HELEN,51.235314,3.869711,0, ,0.0,0.0,0.0,0.0,0,0,0,0,0,0,0,0

SID,HELE6N,19,5
CA,0,193.0,2,700,0,0,0,0,0,0
DF,BR016,50.952075,4.322678,2, ,0.0,0.0,2,3700,0,0,0,0,0,0
TF,BR017,51.035764,4.189703,0, ,0.0,0.0,0.0,0.0,0,0,0,0,0,0,0,0
TF,HELEN,51.235314,3.869711,0, ,0.0,0.0,0.0,0.0,0,0,0,0,0,0,0,0

SID,HELE8F,01,2
CA,0,13.0,2,700,0,0,0,0,0,0
CA,0,8.0,2,1800,0,0,0,0,0,0
DF,HELEN,51.235314,3.869711,1, ,0.0,0.0,0,0,0,0,0,0,0,0

SID,KOK1E,25L,5
CA,0,249.0,2,700,0,0,0,0,0,0
CF,BR252,50.922417,4.356528,0,BUB,279.0,7.0,290.0,5.0,2,1700,0,0,0,0,0,0
TF,KOK,51.094722,2.651667,0, ,0.0,0.0,0.0,0.0,0,0,0,0,0,0,0,0

SID,KOK1N,19,5
CA,0,193.0,2,700,0,0,0,0,0,0
DF,BR015,50.924181,4.340744,2, ,0.0,0.0,2,2900,0,0,0,0,0,0
TF,KOK,51.094722,2.651667,0, ,0.0,0.0,0.0,0.0,0,0,0,0,0,0,0,0

SID,KOK2F,01,2
CA,0,13.0,2,1700,0,0,0,0,0,0
DF,KOK,51.094722,2.651667,1, ,0.0,0.0,0,0,0,0,0,0,0,0

SID,KOK3G,25R,5
CA,0,244.0,2,700,0,0,0,0,0,0
CF,BR252,50.922417,4.356528,0,BUB,279.0,7.0,290.0,4.0,2,1700,0,0,0,0,0,0
TF,KOK,51.094722,2.651667,0, ,0.0,0.0,0.0,0.0,0,0,0,0,0,0,0,0

SID,KOK3T,07L,5
CA,0,64.0,2,1700,0,0,0,0,0,0
DF,KOK,51.094722,2.651667,1, ,0.0,0.0,0,0,0,0,0,0,0,0

SID,KOK3V,07R,5
CA,0,69.0,2,700,0,0,0,0,0,0
CA,0,62.0,2,1700,0,0,0,0,0,0
DF,KOK,51.094722,2.651667,1, ,0.0,0.0,0,0,0,0,0,0,0,0

SID,LNO1P,25L,5
CA,0,249.0,2,700,0,0,0,0,0,0
CF,BR301,50.864306,4.336333,0,BUB,252.5,8.0,245.0,4.0,0,0,0,0,0,0,0,1
CA,0,245.0,2,4000,0,0,0,0,0,0
CF,HUL,50.749472,4.641639,1,HUL,0.0,0.0,102.0,14.0,2,6000,0,0,0,0,0,0
TF,LNO,50.585833,5.710278,0, ,0.0,0.0,0.0,0.0,0,0,0,0,0,0,0,0

SID,LNO3E,25L,5
CA,0,249.0,2,700,0,0,0,0,0,0
DF,BR101,50.829056,4.497944,1, ,0.0,0.0,0,0,0,0,0,0,0,0
TF,BR103,50.788833,4.703750,0, ,0.0,0.0,0.0,0.0,2,6000,0,0,0,0,0,0
TF,LNO,50.585833,5.710278,0, ,0.0,0.0,0.0,0.0,0,0,0,0,0,0,0,0

SID,LNO3G,25R,5
CA,0,244.0,2,1700,0,0,0,0,0,0
DF,BR101,50.829056,4.497944,1, ,0.0,0.0,0,0,0,0,0,0,0,0
TF,BR103,50.788833,4.703750,0, ,0.0,0.0,0.0,0.0,2,6000,0,0,0,0,0,0
TF,LNO,50.585833,5.710278,0, ,0.0,0.0,0.0,0.0,0,0,0,0,0,0,0,0

SID,LNO3K,25R,5
CA,0,244.0,2,700,0,0,0,0,0,0
CF,BR301,50.864306,4.336333,0,BUB,252.5,8.0,245.0,4.0,0,0,0,0,0,0,0,1
CA,0,245.0,2,4000,0,0,0,0,0,0
CF,HUL,50.749472,4.641639,1,HUL,0.0,0.0,102.0,15.0,2,6000,0,0,0,0,0,0
TF,LNO,50.585833,5.710278,0, ,0.0,0.0,0.0,0.0,0,0,0,0,0,0,0,0

SID,LNO3M,25R,5
CA,0,244.0,2,700,0,0,0,0,0,0
CF,BR421,50.920611,4.344417,0,BUB,277.6,7.4,290.0,3.0,0,0,0,0,0,0,0,0
TF,BR422,50.820750,4.200056,0, ,0.0,0.0,0.0,0.0,0,0,0,0,0,0,0,0
TF,BR413,50.744528,4.253083,0, ,0.0,0.0,0.0,0.0,0,0,0,0,0,0,0,0
TF,HUL,50.749472,4.641639,0, ,0.0,0.0,0.0,0.0,2,6000,0,0,0,0,0,0
TF,LNO,50.585833,5.710278,0, ,0.0,0.0,0.0,0.0,0,0,0,0,0,0,0,0

SID,LNO3T,07L,5
CF,BR751,50.943194,4.609306,0,AFI,82.0,18.0,64.0,4.5,0,0,0,0,0,0,0,0
TF,BR752,50.955778,4.783833,0, ,0.0,0.0,0.0,0.0,0,0,0,0,0,0,0,0
TF,BR705,50.883028,4.879444,0, ,0.0,0.0,0.0,0.0,0,0,0,0,0,0,0,0
TF,REMBA,50.662222,4.914028,0, ,0.0,0.0,0.0,0.0,0,0,0,0,0,0,0,0
TF,LNO,50.585833,5.710278,0, ,0.0,0.0,0.0,0.0,0,0,0,0,0,0,0,0

SID,LNO3V,07R,5
CA,0,69.0,2,700,0,0,0,0,0,0
DF,BR701,50.936611,4.640472,0, ,0.0,0.0,0,0,0,0,0,0,0,0
TF,BR704,50.962528,4.774944,0, ,0.0,0.0,0.0,0.0,0,0,0,0,0,0,0,0
TF,BR705,50.883028,4.879444,0, ,0.0,0.0,0.0,0.0,0,0,0,0,0,0,0,0
TF,REMBA,50.662222,4.914028,0, ,0.0,0.0,0.0,0.0,0,0,0,0,0,0,0,0
TF,LNO,50.585833,5.710278,0, ,0.0,0.0,0.0,0.0,0,0,0,0,0,0,0,0

SID,LNO7F,01,2
CA,0,13.0,2,700,0,0,0,0,0,0
CA,0,28.0,2,1700,0,0,0,0,0,0
CF,D354F,50.848978,4.627886,2,HUL,354.0,6.0,174.0,6.0,0,0,0,0,0,0,0,1
CF,D044C,50.788808,4.703719,0,HUL,44.0,3.3,106.0,3.0,2,6000,0,0,0,0,0,0
TF,LNO,50.585833,5.710278,0, ,0.0,0.0,0.0,0.0,0,0,0,0,0,0,0,0

SID,LNO7L,19,5
CA,0,193.0,2,700,0,0,0,0,0,0
DF,BR010,50.799928,4.649389,0, ,0.0,0.0,0,0,0,0,0,0,0,0
TF,BR011,50.776264,4.767842,0, ,0.0,0.0,0.0,0.0,2,6000,0,0,0,0,0,0
TF,LNO,50.585833,5.710278,0, ,0.0,0.0,0.0,0.0,0,0,0,0,0,0,0,0

SID,NIK1E,25L,5
CA,0,249.0,2,700,0,0,0,0,0,0
DF,NIK,51.165000,4.183889,0, ,0.0,0.0,0,0,0,0,0,0,0,0

SID,NIK3G,25R,5
CA,0,244.0,2,700,0,0,0,0,0,0
DF,NIK,51.165000,4.183889,0, ,0.0,0.0,0,0,0,0,0,0,0,0

SID,NIK3L,19,5
CA,0,193.0,2,1700,0,0,0,0,0,0
DF,BR018,50.973239,4.328842,2, ,0.0,0.0,0,0,0,0,0,0,0,0
TF,NIK,51.165000,4.183889,0, ,0.0,0.0,0.0,0.0,0,0,0,0,0,0,0,0

SID,NIK3T,07L,5
CA,0,64.0,2,1700,0,0,0,0,0,0
DF,NIK,51.165000,4.183889,1, ,0.0,0.0,0,0,0,0,0,0,0,0

SID,NIK3V,07R,5
CA,0,69.0,2,700,0,0,0,0,0,0
CA,0,62.0,2,1700,0,0,0,0,0,0
DF,NIK,51.165000,4.183889,1, ,0.0,0.0,0,0,0,0,0,0,0,0

SID,NIK5F,01,2
CA,0,13.0,2,700,0,0,0,0,0,0
CA,0,8.0,2,1700,0,0,0,0,0,0
DF,NIK,51.165000,4.183889,0, ,0.0,0.0,0,0,0,0,0,0,0,0

SID,NIK5N,19,5
CA,0,193.0,2,700,0,0,0,0,0,0
DF,BR018,50.973239,4.328842,2, ,0.0,0.0,2,4200,0,0,0,0,0,0
TF,NIK,51.165000,4.183889,0, ,0.0,0.0,0.0,0.0,0,0,0,0,0,0,0,0

SID,PITE1E,25L,5
CA,0,249.0,2,1700,0,0,0,0,0,0
DF,HUL,50.749472,4.641639,1, ,0.0,0.0,2,6000,0,0,0,0,0,0
TF,BR102,50.693222,4.742750,0, ,0.0,0.0,0.0,0.0,0,0,0,0,0,0,0,0
TF,REMBA,50.662222,4.914028,0, ,0.0,0.0,0.0,0.0,2,10000,0,0,0,0,0,0
TF,RITAX,50.077778,5.806944,0, ,0.0,0.0,0.0,0.0,0,0,0,0,0,0,0,0
TF,DIK,49.861306,6.129750,0, ,0.0,0.0,0.0,0.0,0,0,0,0,0,0,0,0
TF,PITES,49.728583,6.519361,0, ,0.0,0.0,0.0,0.0,0,0,0,0,0,0,0,0

SID,PITE1P,25L,5
CA,0,249.0,2,700,0,0,0,0,0,0
CF,BR301,50.864306,4.336333,0,BUB,252.5,8.0,245.0,4.0,0,0,0,0,0,0,0,1
CA,0,245.0,2,4000,0,0,0,0,0,0
CF,BR302,50.721778,4.598028,1,HUL,224.0,2.4,106.0,14.0,2,6000,0,0,0,0,0,0
TF,REMBA,50.662222,4.914028,0, ,0.0,0.0,0.0,0.0,2,10000,0,0,0,0,0,0
TF,RITAX,50.077778,5.806944,0, ,0.0,0.0,0.0,0.0,0,0,0,0,0,0,0,0
TF,DIK,49.861306,6.129750,0, ,0.0,0.0,0.0,0.0,0,0,0,0,0,0,0,0
TF,PITES,49.728583,6.519361,0, ,0.0,0.0,0.0,0.0,0,0,0,0,0,0,0,0

SID,PITE3G,25R,5
CA,0,244.0,2,1700,0,0,0,0,0,0
DF,HUL,50.749472,4.641639,1, ,0.0,0.0,2,6000,0,0,0,0,0,0
TF,BR102,50.693222,4.742750,0, ,0.0,0.0,0.0,0.0,0,0,0,0,0,0,0,0
TF,REMBA,50.662222,4.914028,0, ,0.0,0.0,0.0,0.0,2,10000,0,0,0,0,0,0
TF,RITAX,50.077778,5.806944,0, ,0.0,0.0,0.0,0.0,0,0,0,0,0,0,0,0
TF,DIK,49.861306,6.129750,0, ,0.0,0.0,0.0,0.0,0,0,0,0,0,0,0,0
TF,PITES,49.728583,6.519361,0, ,0.0,0.0,0.0,0.0,0,0,0,0,0,0,0,0

SID,PITE3K,25R,5
CA,0,244.0,2,700,0,0,0,0,0,0
CF,BR301,50.864306,4.336333,0,BUB,252.5,8.0,245.0,4.0,0,0,0,0,0,0,0,1
CA,0,245.0,2,4000,0,0,0,0,0,0
CF,BR302,50.721778,4.598028,1,HUL,224.0,2.4,106.0,15.0,2,6000,0,0,0,0,0,0
TF,REMBA,50.662222,4.914028,0, ,0.0,0.0,0.0,0.0,2,10000,0,0,0,0,0,0
TF,RITAX,50.077778,5.806944,0, ,0.0,0.0,0.0,0.0,0,0,0,0,0,0,0,0
TF,DIK,49.861306,6.129750,0, ,0.0,0.0,0.0,0.0,0,0,0,0,0,0,0,0
TF,PITES,49.728583,6.519361,0, ,0.0,0.0,0.0,0.0,0,0,0,0,0,0,0,0

SID,PITE3M,25R,5
CA,0,244.0,2,700,0,0,0,0,0,0
CF,BR421,50.920611,4.344417,0,BUB,277.6,7.4,290.0,3.0,0,0,0,0,0,0,0,0
TF,BR422,50.820750,4.200056,0, ,0.0,0.0,0.0,0.0,0,0,0,0,0,0,0,0
TF,BR413,50.744528,4.253083,0, ,0.0,0.0,0.0,0.0,0,0,0,0,0,0,0,0
TF,BR414,50.747417,4.467167,0, ,0.0,0.0,0.0,0.0,0,0,0,0,0,0,0,0
TF,BR416,50.699972,4.563722,0, ,0.0,0.0,0.0,0.0,2,6000,0,0,0,0,0,0
TF,DIK,49.861306,6.129750,0, ,0.0,0.0,0.0,0.0,0,0,0,0,0,0,0,0
TF,PITES,49.728583,6.519361,0, ,0.0,0.0,0.0,0.0,0,0,0,0,0,0,0,0

SID,PITE3T,07L,5
CF,BR751,50.943194,4.609306,0,AFI,82.0,18.0,64.0,4.5,0,0,0,0,0,0,0,0
TF,BR752,50.955778,4.783833,0, ,0.0,0.0,0.0,0.0,0,0,0,0,0,0,0,0
TF,BR705,50.883028,4.879444,0, ,0.0,0.0,0.0,0.0,0,0,0,0,0,0,0,0
TF,REMBA,50.662222,4.914028,0, ,0.0,0.0,0.0,0.0,2,10000,0,0,0,0,0,0
TF,RITAX,50.077778,5.806944,0, ,0.0,0.0,0.0,0.0,0,0,0,0,0,0,0,0
TF,DIK,49.861306,6.129750,0, ,0.0,0.0,0.0,0.0,0,0,0,0,0,0,0,0
TF,PITES,49.728583,6.519361,0, ,0.0,0.0,0.0,0.0,0,0,0,0,0,0,0,0

SID,PITE3V,07R,5
CA,0,69.0,2,700,0,0,0,0,0,0
DF,BR701,50.936611,4.640472,0, ,0.0,0.0,0,0,0,0,0,0,0,0
TF,BR704,50.962528,4.774944,0, ,0.0,0.0,0.0,0.0,0,0,0,0,0,0,0,0
TF,BR705,50.883028,4.879444,0, ,0.0,0.0,0.0,0.0,0,0,0,0,0,0,0,0
TF,REMBA,50.662222,4.914028,0, ,0.0,0.0,0.0,0.0,2,10000,0,0,0,0,0,0
TF,RITAX,50.077778,5.806944,0, ,0.0,0.0,0.0,0.0,0,0,0,0,0,0,0,0
TF,DIK,49.861306,6.129750,0, ,0.0,0.0,0.0,0.0,0,0,0,0,0,0,0,0
TF,PITES,49.728583,6.519361,0, ,0.0,0.0,0.0,0.0,0,0,0,0,0,0,0,0

SID,PITE7F,01,2
CA,0,13.0,2,700,0,0,0,0,0,0
CA,0,28.0,2,1700,0,0,0,0,0,0
CF,HUL,50.749472,4.641639,2,HUL,0.0,0.0,174.0,12.0,2,6000,0,0,0,0,0,1
CF,REMBA,50.662222,4.914028,0,SPI,286.4,28.5,106.0,10.0,2,10000,0,0,0,0,0,1
DF,RITAX,50.077778,5.806944,0, ,0.0,0.0,0,0,0,0,0,0,0,0
TF,DIK,49.861306,6.129750,0, ,0.0,0.0,0.0,0.0,0,0,0,0,0,0,0,0
TF,PITES,49.728583,6.519361,0, ,0.0,0.0,0.0,0.0,0,0,0,0,0,0,0,0

SID,PITE9L,19,5
CA,0,193.0,2,700,0,0,0,0,0,0
DF,BR012,50.778358,4.602042,0, ,0.0,0.0,0,0,0,0,0,0,0,0
TF,HUL,50.749472,4.641639,0, ,0.0,0.0,0.0,0.0,2,6000,0,0,0,0,0,0
TF,BR013,50.700094,4.708028,0, ,0.0,0.0,0.0,0.0,0,0,0,0,0,0,0,0
TF,REMBA,50.662222,4.914028,0, ,0.0,0.0,0.0,0.0,2,10000,0,0,0,0,0,0
TF,RITAX,50.077778,5.806944,0, ,0.0,0.0,0.0,0.0,0,0,0,0,0,0,0,0
TF,DIK,49.861306,6.129750,0, ,0.0,0.0,0.0,0.0,0,0,0,0,0,0,0,0
TF,PITES,49.728583,6.519361,0, ,0.0,0.0,0.0,0.0,0,0,0,0,0,0,0,0

SID,ROUS1E,25L,5
CA,0,249.0,2,1700,0,0,0,0,0,0
DF,BR101,50.829056,4.497944,1, ,0.0,0.0,0,0,0,0,0,0,0,0
TF,HUL,50.749472,4.641639,0, ,0.0,0.0,0.0,0.0,2,6000,0,0,0,0,0,0
TF,BR102,50.693222,4.742750,0, ,0.0,0.0,0.0,0.0,0,0,0,0,0,0,0,0
TF,REMBA,50.662222,4.914028,0, ,0.0,0.0,0.0,0.0,2,10000,0,0,0,0,0,0
TF,RITAX,50.077778,5.806944,0, ,0.0,0.0,0.0,0.0,0,0,0,0,0,0,0,0
TF,ROUSY,49.476389,6.115000,0, ,0.0,0.0,0.0,0.0,0,0,0,0,0,0,0,0

SID,ROUS1P,25L,5
CA,0,249.0,2,700,0,0,0,0,0,0
CF,BR301,50.864306,4.336333,0,BUB,252.5,8.0,245.0,4.0,0,0,0,0,0,0,0,1
CA,0,245.0,2,4000,0,0,0,0,0,0
CF,BR302,50.721778,4.598028,1,HUL,224.0,2.4,106.0,14.0,2,6000,0,0,0,0,0,0
TF,REMBA,50.662222,4.914028,0, ,0.0,0.0,0.0,0.0,2,10000,0,0,0,0,0,0
TF,RITAX,50.077778,5.806944,0, ,0.0,0.0,0.0,0.0,0,0,0,0,0,0,0,0
TF,ROUSY,49.476389,6.115000,0, ,0.0,0.0,0.0,0.0,0,0,0,0,0,0,0,0

SID,ROUS3G,25R,5
CA,0,244.0,2,1700,0,0,0,0,0,0
DF,BR101,50.829056,4.497944,1, ,0.0,0.0,0,0,0,0,0,0,0,0
TF,HUL,50.749472,4.641639,0, ,0.0,0.0,0.0,0.0,2,6000,0,0,0,0,0,0
TF,BR102,50.693222,4.742750,0, ,0.0,0.0,0.0,0.0,0,0,0,0,0,0,0,0
TF,REMBA,50.662222,4.914028,0, ,0.0,0.0,0.0,0.0,2,10000,0,0,0,0,0,0
TF,RITAX,50.077778,5.806944,0, ,0.0,0.0,0.0,0.0,0,0,0,0,0,0,0,0
TF,ROUSY,49.476389,6.115000,0, ,0.0,0.0,0.0,0.0,0,0,0,0,0,0,0,0

SID,ROUS3K,25R,5
CA,0,244.0,2,700,0,0,0,0,0,0
CF,BR301,50.864306,4.336333,0,BUB,252.5,8.0,245.0,4.0,0,0,0,0,0,0,0,1
CA,0,245.0,2,4000,0,0,0,0,0,0
CF,BR302,50.721778,4.598028,1,HUL,224.0,2.4,106.0,15.0,2,6000,0,0,0,0,0,0
TF,REMBA,50.662222,4.914028,0, ,0.0,0.0,0.0,0.0,2,10000,0,0,0,0,0,0
TF,RITAX,50.077778,5.806944,0, ,0.0,0.0,0.0,0.0,0,0,0,0,0,0,0,0
TF,ROUSY,49.476389,6.115000,0, ,0.0,0.0,0.0,0.0,0,0,0,0,0,0,0,0

SID,ROUS3M,25R,5
CA,0,244.0,2,700,0,0,0,0,0,0
CF,BR421,50.920611,4.344417,0,BUB,277.6,7.4,290.0,3.0,0,0,0,0,0,0,0,0
TF,BR422,50.820750,4.200056,0, ,0.0,0.0,0.0,0.0,0,0,0,0,0,0,0,0
TF,BR413,50.744528,4.253083,0, ,0.0,0.0,0.0,0.0,0,0,0,0,0,0,0,0
TF,BR417,50.746111,4.366472,0, ,0.0,0.0,0.0,0.0,0,0,0,0,0,0,0,0
TF,BR418,50.655361,4.493750,0, ,0.0,0.0,0.0,0.0,2,6000,0,0,0,0,0,0
TF,ROUSY,49.476389,6.115000,0, ,0.0,0.0,0.0,0.0,0,0,0,0,0,0,0,0

SID,ROUS3T,07L,5
CF,BR751,50.943194,4.609306,0,AFI,82.0,18.0,64.0,4.5,0,0,0,0,0,0,0,0
TF,BR752,50.955778,4.783833,0, ,0.0,0.0,0.0,0.0,0,0,0,0,0,0,0,0
TF,BR705,50.883028,4.879444,0, ,0.0,0.0,0.0,0.0,0,0,0,0,0,0,0,0
TF,REMBA,50.662222,4.914028,0, ,0.0,0.0,0.0,0.0,2,10000,0,0,0,0,0,0
TF,RITAX,50.077778,5.806944,0, ,0.0,0.0,0.0,0.0,0,0,0,0,0,0,0,0
TF,ROUSY,49.476389,6.115000,0, ,0.0,0.0,0.0,0.0,0,0,0,0,0,0,0,0

SID,ROUS3V,07R,5
CA,0,69.0,2,700,0,0,0,0,0,0
DF,BR701,50.936611,4.640472,0, ,0.0,0.0,0,0,0,0,0,0,0,0
TF,BR704,50.962528,4.774944,0, ,0.0,0.0,0.0,0.0,0,0,0,0,0,0,0,0
TF,BR705,50.883028,4.879444,0, ,0.0,0.0,0.0,0.0,0,0,0,0,0,0,0,0
TF,REMBA,50.662222,4.914028,0, ,0.0,0.0,0.0,0.0,2,10000,0,0,0,0,0,0
TF,RITAX,50.077778,5.806944,0, ,0.0,0.0,0.0,0.0,0,0,0,0,0,0,0,0
TF,ROUSY,49.476389,6.115000,0, ,0.0,0.0,0.0,0.0,0,0,0,0,0,0,0,0

SID,ROUS7F,01,2
CA,0,13.0,2,700,0,0,0,0,0,0
CA,0,28.0,2,1700,0,0,0,0,0,0
CF,HUL,50.749472,4.641639,2,HUL,0.0,0.0,174.0,12.0,2,6000,0,0,0,0,0,1
CF,REMBA,50.662222,4.914028,0,SPI,286.4,28.5,106.0,10.0,2,10000,0,0,0,0,0,1
DF,RITAX,50.077778,5.806944,0, ,0.0,0.0,0,0,0,0,0,0,0,0
TF,ROUSY,49.476389,6.115000,0, ,0.0,0.0,0.0,0.0,0,0,0,0,0,0,0,0

SID,ROUS9L,19,5
CA,0,193.0,2,700,0,0,0,0,0,0
DF,BR012,50.778358,4.602042,0, ,0.0,0.0,0,0,0,0,0,0,0,0
TF,HUL,50.749472,4.641639,0, ,0.0,0.0,0.0,0.0,2,6000,0,0,0,0,0,0
TF,BR013,50.700094,4.708028,0, ,0.0,0.0,0.0,0.0,0,0,0,0,0,0,0,0
TF,REMBA,50.662222,4.914028,0, ,0.0,0.0,0.0,0.0,2,10000,0,0,0,0,0,0
TF,RITAX,50.077778,5.806944,0, ,0.0,0.0,0.0,0.0,0,0,0,0,0,0,0,0
TF,ROUSY,49.476389,6.115000,0, ,0.0,0.0,0.0,0.0,0,0,0,0,0,0,0,0

SID,SOPO1E,25L,5
CA,0,249.0,2,1700,0,0,0,0,0,0
DF,HUL,50.749472,4.641639,1, ,0.0,0.0,2,6000,0,0,0,0,0,0
TF,BR102,50.693222,4.742750,0, ,0.0,0.0,0.0,0.0,0,0,0,0,0,0,0,0
TF,BULUX,50.592778,5.251278,0, ,0.0,0.0,0.0,0.0,0,0,0,0,0,0,0,0
CA,0,106.0,2,17000,0,0,0,0,0,0
DF,SOPOK,50.252778,5.773889,0, ,0.0,0.0,0,0,0,0,0,0,0,0

SID,SOPO1P,25L,5
CA,0,249.0,2,700,0,0,0,0,0,0
CF,BR301,50.864306,4.336333,0,BUB,252.5,8.0,245.0,4.0,0,0,0,0,0,0,0,1
CA,0,245.0,2,4000,0,0,0,0,0,0
CF,BR302,50.721778,4.598028,1,HUL,224.0,2.4,106.0,14.0,2,6000,0,0,0,0,0,0
TF,BULUX,50.592778,5.251278,0, ,0.0,0.0,0.0,0.0,0,0,0,0,0,0,0,0
CA,0,106.0,2,17000,0,0,0,0,0,0
DF,SOPOK,50.252778,5.773889,0, ,0.0,0.0,0,0,0,0,0,0,0,0

SID,SOPO3G,25R,5
CA,0,244.0,2,1700,0,0,0,0,0,0
DF,HUL,50.749472,4.641639,1, ,0.0,0.0,2,6000,0,0,0,0,0,0
TF,BR102,50.693222,4.742750,0, ,0.0,0.0,0.0,0.0,0,0,0,0,0,0,0,0
TF,BULUX,50.592778,5.251278,0, ,0.0,0.0,0.0,0.0,0,0,0,0,0,0,0,0
CA,0,106.0,2,17000,0,0,0,0,0,0
DF,SOPOK,50.252778,5.773889,0, ,0.0,0.0,0,0,0,0,0,0,0,0

SID,SOPO3K,25R,5
CA,0,244.0,2,700,0,0,0,0,0,0
CF,BR301,50.864306,4.336333,0,BUB,252.5,8.0,245.0,4.0,0,0,0,0,0,0,0,1
CA,0,245.0,2,4000,0,0,0,0,0,0
CF,BR302,50.721778,4.598028,1,HUL,224.0,2.4,106.0,15.0,2,6000,0,0,0,0,0,0
TF,BULUX,50.592778,5.251278,0, ,0.0,0.0,0.0,0.0,0,0,0,0,0,0,0,0
CA,0,106.0,2,17000,0,0,0,0,0,0
DF,SOPOK,50.252778,5.773889,0, ,0.0,0.0,0,0,0,0,0,0,0,0

SID,SOPO3M,25R,5
CA,0,244.0,2,700,0,0,0,0,0,0
CF,BR421,50.920611,4.344417,0,BUB,277.6,7.4,290.0,3.0,0,0,0,0,0,0,0,0
TF,BR422,50.820750,4.200056,0, ,0.0,0.0,0.0,0.0,0,0,0,0,0,0,0,0
TF,BR413,50.744528,4.253083,0, ,0.0,0.0,0.0,0.0,0,0,0,0,0,0,0,0
TF,BR414,50.747417,4.467167,0, ,0.0,0.0,0.0,0.0,0,0,0,0,0,0,0,0
TF,BR415,50.721778,4.598028,0, ,0.0,0.0,0.0,0.0,2,6000,0,0,0,0,0,0
TF,BULUX,50.592778,5.251278,0, ,0.0,0.0,0.0,0.0,0,0,0,0,0,0,0,0
CA,0,106.0,2,17000,0,0,0,0,0,0
DF,SOPOK,50.252778,5.773889,0, ,0.0,0.0,0,0,0,0,0,0,0,0

SID,SOPO3T,07L,5
CF,BR751,50.943194,4.609306,0,AFI,82.0,18.0,64.0,4.5,0,0,0,0,0,0,0,0
TF,BR752,50.955778,4.783833,0, ,0.0,0.0,0.0,0.0,0,0,0,0,0,0,0,0
TF,BR705,50.883028,4.879444,0, ,0.0,0.0,0.0,0.0,0,0,0,0,0,0,0,0
TF,REMBA,50.662222,4.914028,0, ,0.0,0.0,0.0,0.0,0,0,0,0,0,0,0,0
TF,BULUX,50.592778,5.251278,0, ,0.0,0.0,0.0,0.0,0,0,0,0,0,0,0,0
CA,0,107.0,2,17000,0,0,0,0,0,0
DF,SOPOK,50.252778,5.773889,0, ,0.0,0.0,0,0,0,0,0,0,0,0

SID,SOPO3V,07R,5
CA,0,69.0,2,700,0,0,0,0,0,0
DF,BR701,50.936611,4.640472,0, ,0.0,0.0,0,0,0,0,0,0,0,0
TF,BR704,50.962528,4.774944,0, ,0.0,0.0,0.0,0.0,0,0,0,0,0,0,0,0
TF,BR705,50.883028,4.879444,0, ,0.0,0.0,0.0,0.0,0,0,0,0,0,0,0,0
TF,REMBA,50.662222,4.914028,0, ,0.0,0.0,0.0,0.0,0,0,0,0,0,0,0,0
TF,BULUX,50.592778,5.251278,0, ,0.0,0.0,0.0,0.0,0,0,0,0,0,0,0,0
CA,0,107.0,2,17000,0,0,0,0,0,0
DF,SOPOK,50.252778,5.773889,0, ,0.0,0.0,0,0,0,0,0,0,0,0

SID,SOPO7F,01,2
CA,0,13.0,2,700,0,0,0,0,0,0
CA,0,28.0,2,1700,0,0,0,0,0,0
CF,HUL,50.749472,4.641639,2,HUL,0.0,0.0,174.0,12.0,2,6000,0,0,0,0,0,1
CF,BULUX,50.592778,5.251278,0,SPI,286.4,15.0,106.0,24.0,0,0,0,0,0,0,0,0
CA,0,106.0,2,17000,0,0,0,0,0,0
DF,SOPOK,50.252778,5.773889,0, ,0.0,0.0,0,0,0,0,0,0,0,0

SID,SOPO8L,19,5
CA,0,193.0,2,700,0,0,0,0,0,0
DF,BR012,50.778358,4.602042,0, ,0.0,0.0,0,0,0,0,0,0,0,0
TF,HUL,50.749472,4.641639,0, ,0.0,0.0,0.0,0.0,2,6000,0,0,0,0,0,0
TF,BR013,50.700094,4.708028,0, ,0.0,0.0,0.0,0.0,0,0,0,0,0,0,0,0
TF,REMBA,50.662222,4.914028,0, ,0.0,0.0,0.0,0.0,0,0,0,0,0,0,0,0
TF,BULUX,50.592778,5.251278,0, ,0.0,0.0,0.0,0.0,0,0,0,0,0,0,0,0
CA,0,107.0,2,17000,0,0,0,0,0,0
DF,SOPOK,50.252778,5.773889,0, ,0.0,0.0,0,0,0,0,0,0,0,0

SID,SPI1P,25L,5
CA,0,249.0,2,700,0,0,0,0,0,0
CF,BR301,50.864306,4.336333,0,BUB,252.5,8.0,245.0,4.0,0,0,0,0,0,0,0,1
CA,0,245.0,2,4000,0,0,0,0,0,0
CF,BR302,50.721778,4.598028,1,HUL,224.0,2.4,106.0,14.0,2,6000,0,0,0,0,0,0
TF,SPI,50.514722,5.623611,0, ,0.0,0.0,0.0,0.0,0,0,0,0,0,0,0,0

SID,SPI3E,25L,5
CA,0,249.0,2,700,0,0,0,0,0,0
CF,BR103,50.788833,4.703750,1,HUL,44.0,3.3,106.0,8.0,2,6000,0,0,0,0,0,0
TF,BR105,50.776306,4.767778,0, ,0.0,0.0,0.0,0.0,0,0,0,0,0,0,0,0
TF,SPI,50.514722,5.623611,0, ,0.0,0.0,0.0,0.0,0,0,0,0,0,0,0,0

SID,SPI3G,25R,5
CA,0,244.0,2,1700,0,0,0,0,0,0
CF,BR103,50.788833,4.703750,1,HUL,44.0,3.3,106.0,10.0,2,6000,0,0,0,0,0,0
TF,BR105,50.776306,4.767778,0, ,0.0,0.0,0.0,0.0,0,0,0,0,0,0,0,0
TF,SPI,50.514722,5.623611,0, ,0.0,0.0,0.0,0.0,0,0,0,0,0,0,0,0

SID,SPI3K,25R,5
CA,0,244.0,2,700,0,0,0,0,0,0
CF,BR301,50.864306,4.336333,0,BUB,252.5,8.0,245.0,4.0,0,0,0,0,0,0,0,1
CA,0,245.0,2,4000,0,0,0,0,0,0
CF,BR302,50.721778,4.598028,1,HUL,224.0,2.4,106.0,15.0,2,6000,0,0,0,0,0,0
TF,SPI,50.514722,5.623611,0, ,0.0,0.0,0.0,0.0,0,0,0,0,0,0,0,0

SID,SPI3M,25R,5
CA,0,244.0,2,700,0,0,0,0,0,0
CF,BR421,50.920611,4.344417,0,BUB,277.6,7.4,290.0,3.0,0,0,0,0,0,0,0,0
TF,BR422,50.820750,4.200056,0, ,0.0,0.0,0.0,0.0,0,0,0,0,0,0,0,0
TF,BR413,50.744528,4.253083,0, ,0.0,0.0,0.0,0.0,0,0,0,0,0,0,0,0
TF,HUL,50.749472,4.641639,0, ,0.0,0.0,0.0,0.0,2,6000,0,0,0,0,0,0
TF,SPI,50.514722,5.623611,0, ,0.0,0.0,0.0,0.0,0,0,0,0,0,0,0,0

SID,SPI3T,07L,5
CF,BR751,50.943194,4.609306,0,AFI,82.0,18.0,64.0,4.5,0,0,0,0,0,0,0,0
TF,BR752,50.955778,4.783833,0, ,0.0,0.0,0.0,0.0,0,0,0,0,0,0,0,0
TF,BR705,50.883028,4.879444,0, ,0.0,0.0,0.0,0.0,0,0,0,0,0,0,0,0
TF,REMBA,50.662222,4.914028,0, ,0.0,0.0,0.0,0.0,0,0,0,0,0,0,0,0
TF,SPI,50.514722,5.623611,0, ,0.0,0.0,0.0,0.0,0,0,0,0,0,0,0,0

SID,SPI3V,07R,5
CA,0,69.0,2,700,0,0,0,0,0,0
DF,BR701,50.936611,4.640472,0, ,0.0,0.0,0,0,0,0,0,0,0,0
TF,BR704,50.962528,4.774944,0, ,0.0,0.0,0.0,0.0,0,0,0,0,0,0,0,0
TF,BR705,50.883028,4.879444,0, ,0.0,0.0,0.0,0.0,0,0,0,0,0,0,0,0
TF,REMBA,50.662222,4.914028,0, ,0.0,0.0,0.0,0.0,0,0,0,0,0,0,0,0
TF,SPI,50.514722,5.623611,0, ,0.0,0.0,0.0,0.0,0,0,0,0,0,0,0,0

SID,SPI6L,19,5
CA,0,193.0,2,700,0,0,0,0,0,0
DF,BR010,50.799928,4.649389,0, ,0.0,0.0,0,0,0,0,0,0,0,0
TF,BR011,50.776264,4.767842,0, ,0.0,0.0,0.0,0.0,2,6000,0,0,0,0,0,0
TF,SPI,50.514722,5.623611,0, ,0.0,0.0,0.0,0.0,0,0,0,0,0,0,0,0

SID,SPI7F,01,2
CA,0,13.0,2,700,0,0,0,0,0,0
CA,0,28.0,2,1700,0,0,0,0,0,0
CF,D354F,50.848978,4.627886,2,HUL,354.0,6.0,174.0,6.0,0,0,0,0,0,0,0,1
CF,D044C,50.788808,4.703719,0,HUL,44.0,3.3,106.0,3.0,2,6000,0,0,0,0,0,0
TF,SPI,50.514722,5.623611,0, ,0.0,0.0,0.0,0.0,0,0,0,0,0,0,0,0

STAR,ARVO8A,ALL,5
IF,ARVOL,50.545833,3.496944, ,0.0,0.0,0,0,0,0,0,0,0,0
TF,AKOVI,50.747222,3.718611,0, ,0.0,0.0,0.0,0.0,2,9000,0,0,0,0,0,0
TF,RODRI,50.876667,3.862889,0, ,0.0,0.0,0.0,0.0,2,9000,0,0,0,0,0,0
TF,KERKY,50.926944,3.992611,0, ,0.0,0.0,0.0,0.0,2,7000,0,0,0,0,0,0

STAR,ARVO8B,ALL,5
IF,ARVOL,50.545833,3.496944, ,0.0,0.0,0,0,0,0,0,0,0,0
TF,CIV,50.573889,3.832778,0, ,0.0,0.0,0.0,0.0,0,0,0,0,0,0,0,0
TF,HUL,50.749472,4.641639,0, ,0.0,0.0,0.0,0.0,0,0,0,0,0,0,0,0
TF,FLO,50.876667,5.134528,0, ,0.0,0.0,0.0,0.0,2,7000,0,0,0,0,0,0

STAR,BATY6A,ALL,5
IF,BATTY,50.649167,5.848778, ,0.0,0.0,0,0,0,0,0,0,0,0
TF,FLO,50.876667,5.134528,0, ,0.0,0.0,0.0,0.0,2,7000,0,0,0,0,0,0

STAR,BEKE4B,ALL,5
IF,BEKEM,51.432222,4.580197, ,0.0,0.0,0,0,0,0,0,0,0,0
TF,NIK,51.165000,4.183889,0, ,0.0,0.0,0.0,0.0,0,0,0,0,0,0,0,0
TF,KERKY,50.926944,3.992611,0, ,0.0,0.0,0.0,0.0,2,8000,0,0,0,0,0,0

STAR,BEKE8A,ALL,5
IF,BEKEM,51.432222,4.580197, ,0.0,0.0,0,0,0,0,0,0,0,0
TF,BR203,51.246694,4.304333,0, ,0.0,0.0,0.0,0.0,0,0,0,0,0,0,0,0
TF,ANT,51.190472,4.472583,1, ,0.0,0.0,0.0,0.0,2,7000,0,0,0,0,0,0

STAR,KOK8A,ALL,5
IF,KOK,51.094722,2.651667, ,0.0,0.0,0,0,0,0,0,0,0,0
TF,KERKY,50.926944,3.992611,0, ,0.0,0.0,0.0,0.0,2,7000,0,0,0,0,0,0

STAR,LNO5A,ALL,5
IF,LNO,50.585833,5.710278, ,0.0,0.0,0,0,0,0,0,0,0,0
TF,FLO,50.876667,5.134528,0, ,0.0,0.0,0.0,0.0,2,7000,0,0,0,0,0,0

STAR,TULN8A,ALL,5
IF,TULNI,50.557500,3.282222, ,0.0,0.0,0,0,0,0,0,0,0,0
TF,AKOVI,50.747222,3.718611,0, ,0.0,0.0,0.0,0.0,2,9000,0,0,0,0,0,0
TF,RODRI,50.876667,3.862889,0, ,0.0,0.0,0.0,0.0,0,0,0,0,0,0,0,0
TF,KERKY,50.926944,3.992611,0, ,0.0,0.0,0.0,0.0,2,7000,0,0,0,0,0,0

STAR,TULN8B,ALL,5
IF,TULNI,50.557500,3.282222, ,0.0,0.0,0,0,0,0,0,0,0,0
TF,CIV,50.573889,3.832778,0, ,0.0,0.0,0.0,0.0,2,9000,0,0,0,0,0,0
TF,HUL,50.749472,4.641639,0, ,0.0,0.0,0.0,0.0,0,0,0,0,0,0,0,0
TF,FLO,50.876667,5.134528,0, ,0.0,0.0,0.0,0.0,2,7000,0,0,0,0,0,0

STAR,WODY4B,ALL,5
IF,WOODY,51.405661,4.366481, ,0.0,0.0,0,0,0,0,0,0,0,0
TF,NIK,51.165000,4.183889,0, ,0.0,0.0,0.0,0.0,0,0,0,0,0,0,0,0
TF,KERKY,50.926944,3.992611,0, ,0.0,0.0,0.0,0.0,2,8000,0,0,0,0,0,0

STAR,WODY8A,ALL,5
IF,WOODY,51.405661,4.366481, ,0.0,0.0,0,0,0,0,0,0,0,0
TF,BR202,51.262306,4.257444,0, ,0.0,0.0,0.0,0.0,0,0,0,0,0,0,0,0
TF,ANT,51.190472,4.472583,0, ,0.0,0.0,0.0,0.0,2,7000,0,0,0,0,0,0

APPTR,D07L,07L,ANT
IF,ANT,51.190472,4.472583, ,0.0,0.0,0,0,0,0,0,0,1,0
TF,AFI,50.907667,4.138972,0, ,0.0,0.0,0.0,0.0,2,3000,0,0,0,0,0,0
CF,CD07L,50.861592,4.178000,0,BUB,259.0,13.9,151.0,3.1,2,2000,0,0,0,0,1,0

APPTR,D07L,07L,FLO
IF,FLO,50.876667,5.134528, ,0.0,0.0,0,0,0,0,0,0,1,0
TF,BUB,50.902333,4.538083,0, ,0.0,0.0,0.0,0.0,0,0,0,0,0,0,0,0
FD,BUB,50.902333,4.538083,0,BUB,0.0,13.1,277.0,13.1,0,0,0,0,0,0,0,0
DF,AFI,50.907667,4.138972,0, ,0.0,0.0,2,3000,0,0,0,0,0,0
CF,CD07L,50.861592,4.178000,0,BUB,259.0,13.9,151.0,3.1,2,2000,0,0,0,0,1,0

APPTR,D07L,07L,KERKY
IF,KERKY,50.926944,3.992611, ,0.0,0.0,0,0,0,0,0,0,1,0
CF,AFI,50.907667,4.138972,0,AFI,0.0,0.0,101.0,5.7,2,3000,0,0,0,0,0,0
CF,CD07L,50.861592,4.178000,0,BUB,259.0,13.9,151.0,3.1,2,2000,0,0,0,0,1,0

FINAL,D07L,07L,D,4
IF,CD07L,50.861592,4.178000,BUB,259.0,13.9,2,2000,0,0,0,0,0,0
CF,FD07L,50.877258,4.315222,0,BUB,259.0,8.6,79.0,5.3,1,2000,0,0,0,0,2,0
CF,60VOR,50.884883,4.382575,0,BUB,259.0,6.0,79.0,2.6,2,1160,0,0,0,0,0,0
CF,MD07L,50.889556,4.424031,0,BUB,259.0,4.4,79.0,1.6,1,642,0,0,0,0,3,0
VA,0,15.0,2,4000,0,0,0,0,0,0
VM,0,0,0,15.0,1,4000,0,0,0,0,0,0

APPTR,D07R,07R,ANT
FD,ANT,51.190472,4.472583,0,ANT,0.0,18.0,211.0,18.0,2,3000,0,0,0,0,1,0
CF,CD07R,50.827869,4.216975,0,BUB,249.0,13.0,176.0,6.0,2,2000,0,0,0,0,1,0

APPTR,D07R,07R,FLO
IF,FLO,50.876667,5.134528, ,0.0,0.0,0,0,0,0,0,0,1,0
CF,FLO34,50.912253,4.254489,0,FLO,272.0,33.5,272.0,33.5,2,3000,0,0,0,0,0,1
CF,CD07R,50.827869,4.216975,1,BUB,249.0,13.0,176.0,5.0,2,2000,0,0,0,0,1,0

APPTR,D07R,07R,HUL
IF,HUL,50.749472,4.641639, ,0.0,0.0,0,0,0,0,0,0,1,0
CF,D199L,50.715983,4.431278,0,BUB,199.0,11.9,255.0,8.3,0,0,0,0,0,0,0,0
CI,0, ,0.0,255.0,0,0,0,0,0,0,0,0
AF,CD07R,50.827869,4.216975,2,BUB,249.0,13.0,205.0,2,2000,0,0,0,0,1,0

APPTR,D07R,07R,KERKY
IF,KERKY,50.926944,3.992611, ,0.0,0.0,0,0,0,0,0,0,1,0
VI,0, ,0.0,101.0,0,0,0,0,0,0,0,0
AF,D255R,50.828933,4.078981,1,BUB,255.0,18.0,272.0,0,0,0,0,0,0,0,0
CF,CD07R,50.827869,4.216975,0,BUB,249.0,13.0,69.0,5.0,2,2000,0,0,0,0,1,0

FINAL,D07R,07R,D,4
IF,CD07R,50.827869,4.216975,BUB,249.0,13.0,2,2000,0,0,0,0,0,0
CF,FD07R,50.857186,4.342825,0,BUB,249.0,7.9,69.0,5.1,1,2000,0,0,0,0,2,0
CF,47VOR,50.875514,4.421872,0,BUB,249.0,4.7,69.0,3.2,2,980,0,0,0,0,0,0
CF,MD07R,50.888081,4.476250,0,BUB,249.0,2.5,69.0,2.2,1,291,0,0,0,0,3,0
CF,BUB,50.902333,4.538083,0,BUB,0.0,0.0,69.0,2.5,0,0,0,0,0,0,0,0
FA,BUB,50.902333,4.538083,0,BUB,0.0,0.0,69.0,2,800,0,0,0,0,0,0
VA,2,215.0,2,4000,0,0,0,0,0,0
VM,0,0,0,215.0,1,4000,0,0,0,0,0,0

APPTR,D25LY,25L,FLO
FD,FLO,50.876667,5.134528,0,FLO,0.0,8.1,308.0,8.1,0,0,0,0,0,0,1,0
CF,CD25Y,50.977597,4.867656,0,BUB,69.0,13.3,279.0,3.8,2,3000,0,0,0,0,1,0

FINAL,D25LY,25L,D,4
IF,CD25Y,50.977597,4.867656,BUB,69.0,13.3,2,3000,0,0,0,0,0,0
CF,FD25Y,50.948844,4.741153,0,BUB,69.0,8.2,249.0,5.1,1,3000,0,0,0,0,2,0
CF,51VOR,50.931417,4.664831,0,BUB,69.0,5.1,249.0,3.1,2,540,0,0,0,0,0,0
CF,BUB,50.902333,4.538083,0,BUB,0.0,0.0,249.0,5.1,1,400,0,0,0,0,3,0
FA,BUB,50.902333,4.538083,0,BUB,0.0,0.0,249.0,2,700,0,0,0,0,0,0
VA,1,105.0,2,4000,0,1,185,0,0,0
VM,0,0,0,105.0,1,4000,0,0,0,0,0,0

APPTR,D25LZ,25L,ANT
IF,ANT,51.190472,4.472583, ,0.0,0.0,0,0,0,0,0,0,1,0
CF,BUN,51.118611,4.842222,0,BUN,0.0,0.0,107.0,14.6,2,3000,0,0,0,0,0,1
CF,CD25Z,50.960136,4.790742,2,BUB,69.0,10.2,203.0,9.0,2,2000,0,0,0,0,1,0

APPTR,D25LZ,25L,KERKY
IF,KERKY,50.926944,3.992611, ,0.0,0.0,0,0,0,0,0,0,1,0
CF,BUN,51.118611,4.842222,0,BUN,0.0,0.0,70.0,34.2,2,3000,0,0,0,0,0,1
CF,CD25Z,50.960136,4.790742,2,BUB,69.0,10.2,203.0,9.0,2,2000,0,0,0,0,1,0

FINAL,D25LZ,25L,D,3
IF,CD25Z,50.960136,4.790742,BUB,69.0,10.2,2,2000,0,0,0,0,0,0
CF,FD25Z,50.931303,4.664333,0,BUB,69.0,5.1,249.0,5.1,1,2000,0,0,0,0,2,0
CF,BUB,50.902333,4.538083,0,BUB,0.0,0.0,249.0,5.1,1,400,0,0,0,0,3,0
FA,BUB,50.902333,4.538083,0,BUB,0.0,0.0,249.0,2,700,0,0,0,0,0,0
VA,1,105.0,2,4000,0,1,185,0,0,0
VM,0,0,0,105.0,1,4000,0,0,0,0,0,0

APPTR,I01,01,ANT
IF,ANT,51.190472,4.472583, ,0.0,0.0,0,0,0,1,220,0,1,0
CF,AFI,50.907667,4.138972,0,AFI,0.0,0.0,216.0,21.2,0,0,0,0,0,0,0,0
FD,AFI,50.907667,4.138972,0,AFI,0.0,11.9,165.0,11.9,0,0,0,0,0,0,0,0
DF,NIVOR,50.693889,4.290972,1, ,0.0,0.0,2,3000,0,0,0,0,0,0
FC,NIVOR,50.693889,4.290972,0,AFI,0.0,0.0,75.0,3.3,2,2000,0,0,0,0,0,0
VI,0,IBX,0.0,43.0,0,0,0,0,0,0,0,0

APPTR,I01,01,DIK
IF,DIK,49.861306,6.129750, ,0.0,0.0,0,0,0,0,0,0,0,0
TF,GSY,50.453917,4.441389,0, ,0.0,0.0,0.0,0.0,0,0,0,0,0,0,0,0
TF,MAKOB,50.623889,4.430278,0, ,0.0,0.0,0.0,0.0,0,0,0,0,0,0,0,0
CF,BURUS,50.714306,4.420778,0,IBX,193.6,12.5,356.0,5.4,2,2000,0,0,0,0,1,0

APPTR,I01,01,FLO
IF,FLO,50.876667,5.134528, ,0.0,0.0,0,0,0,1,220,0,1,0
CF,BUB,50.902333,4.538083,0,BUB,0.0,0.0,273.0,22.7,0,0,0,0,0,0,0,0
CF,D270L,50.905392,4.222175,0,BUB,270.0,12.0,270.0,12.0,0,0,0,0,0,0,0,1
CF,D165L,50.715414,4.214464,1,AFI,165.0,11.9,165.0,10.0,0,0,0,0,0,0,0,1
DF,NIVOR,50.693889,4.290972,1, ,0.0,0.0,2,3000,0,0,0,0,0,0
FC,NIVOR,50.693889,4.290972,0,AFI,0.0,0.0,75.0,3.3,2,2000,0,0,0,0,0,0
VI,0,IBX,0.0,43.0,0,0,0,0,0,0,0,0

APPTR,I01,01,KERKY
IF,KERKY,50.926944,3.992611, ,0.0,0.0,0,0,0,1,220,0,1,0
CF,AFI,50.907667,4.138972,0,AFI,0.0,0.0,101.0,5.7,0,0,0,0,0,0,0,0
FD,AFI,50.907667,4.138972,0,AFI,0.0,11.9,165.0,11.9,0,0,0,0,0,0,0,0
DF,NIVOR,50.693889,4.290972,1, ,0.0,0.0,2,3000,0,0,0,0,0,0
FC,NIVOR,50.693889,4.290972,0,AFI,0.0,0.0,75.0,3.3,2,2000,0,0,0,0,0,0
VI,0,IBX,0.0,43.0,0,0,0,0,0,0,0,0

APPTR,I01,01,REMBA
IF,REMBA,50.662222,4.914028, ,0.0,0.0,0,0,0,0,0,0,0,0
TF,MAKOB,50.623889,4.430278,0, ,0.0,0.0,0.0,0.0,0,0,0,0,0,0,0,0
CF,BURUS,50.714306,4.420778,2,IBX,193.6,12.5,356.0,5.4,2,2000,0,0,0,0,1,0

FINAL,I01,01,I,3
IF,BURUS,50.714306,4.420778,IBX,193.6,12.5,2,2000,0,0,0,0,0,0
CF,BR01F,50.797528,4.455000,0,IBX,193.5,7.3,13.0,5.2,1,2000,0,0,0,0,2,0
CF,RW01,50.887331,4.491578,0,IBX,193.5,1.7,13.0,5.6,1,227,0,0,0,0,3,0
FA,RW01,50.887331,4.491578,0,AFI,0.0,0.0,13.0,2,1500,0,0,0,0,0,0
VA,0,305.0,2,4000,0,0,0,0,0,0
VM,0,0,0,305.0,1,4000,0,0,0,0,0,0

APPTR,I19,19,ANT
IF,ANT,51.190472,4.472583,ANT,0.0,0.0,0,0,0,1,220,0,1,0
TF,D197O,50.952917,4.350414,0, ,0.0,0.0,0.0,0.0,0,0,0,0,0,0,0,1
CF,BUB,50.902333,4.538083,1,BUB,0.0,0.0,90.0,7.0,0,0,0,0,0,0,0,0
FD,BUB,50.902333,4.538083,0,BUB,0.0,10.0,40.0,10.0,0,0,0,0,0,0,0,0
CF,D103Q,51.095719,4.619975,1,NIK,103.0,17.0,283.0,5.0,0,0,0,0,0,0,0,1
VI,0,IBM,0.0,223.0,2,3000,0,0,0,0,0,0

APPTR,I19,19,FLO
IF,FLO,50.876667,5.134528, ,0.0,0.0,0,0,0,1,220,0,1,0
TF,D307S,51.075886,4.742719,0, ,0.0,0.0,0.0,0.0,0,0,0,0,0,0,0,1
CF,D103Q,51.095719,4.619975,0,NIK,103.0,17.0,283.0,4.8,0,0,0,0,0,0,0,1
VI,0,IBM,0.0,223.0,2,3000,0,0,0,0,0,0

APPTR,I19,19,KERKY
IF,KERKY,50.926944,3.992611, ,0.0,0.0,0,0,0,1,220,0,1,0
CF,AFI,50.907667,4.138972,0,AFI,0.0,0.0,101.0,5.7,0,0,0,0,0,0,0,0
CF,BUB,50.902333,4.538083,0,BUB,0.0,0.0,90.0,15.2,0,0,0,0,0,0,0,0
FD,BUB,50.902333,4.538083,0,BUB,0.0,10.0,40.0,10.0,0,0,0,0,0,0,0,0
CF,D103Q,51.095719,4.619975,1,NIK,103.0,17.0,283.0,5.0,0,0,0,0,0,0,0,1
VI,0,IBM,0.0,223.0,2,3000,0,0,0,0,0,0

FINAL,I19,19,I,3
IF,CF19,51.101969,4.579517,IBM,13.5,13.5,2,3000,0,0,0,0,0,0
CF,BR19F,51.054950,4.560131,0,IBM,13.5,10.5,193.0,2.9,1,3000,0,0,0,0,2,0
CF,RW19,50.911011,4.501239,0,IBM,13.5,1.6,193.0,8.9,1,158,0,0,0,0,3,0
FA,RW19,50.911011,4.501239,0,BUB,0.0,0.0,193.0,2,1100,0,0,0,0,0,0
VA,1,45.0,2,3000,0,1,185,0,0,0
VM,0,0,0,45.0,1,3000,0,0,0,0,0,0

APPTR,I25LY,25L,FLO
IF,FLO,50.876667,5.134528, ,0.0,0.0,0,0,0,1,220,0,1,0
TF,D308H,50.963231,4.970950,0, ,0.0,0.0,0.0,0.0,0,0,0,0,0,0,0,1
CF,CF2LY,50.977864,4.868300,0,IBL,68.9,15.8,279.0,4.0,2,3000,0,0,0,0,1,0

FINAL,I25LY,25L,I,3
IF,CF2LY,50.977864,4.868300,IBL,68.9,15.8,2,3000,0,0,0,0,0,0
CF,FF2LY,50.949078,4.741817,0,IBL,68.9,10.7,249.0,5.1,1,3000,0,0,0,0,2,0
CF,RW25L,50.898939,4.523289,0,IBL,68.9,1.8,249.0,8.8,1,209,0,0,0,0,3,0
FA,RW25L,50.898939,4.523289,0,BUB,0.0,0.0,249.0,2,700,0,0,0,0,0,0
VA,1,105.0,2,4000,0,1,185,0,0,0
VM,0,0,0,105.0,1,4000,0,0,0,0,0,0

APPTR,I25LZ,25L,ANT
IF,ANT,51.190472,4.472583, ,0.0,0.0,0,0,0,1,220,0,1,0
CF,BUN,51.118611,4.842222,0,BUN,0.0,0.0,107.0,14.6,2,3000,0,0,0,0,0,1
CF,GIKNU,50.960472,4.790056,2,IBL,68.8,12.6,203.0,9.0,2,2000,0,0,0,0,1,0

APPTR,I25LZ,25L,KERKY
IF,KERKY,50.926944,3.992611, ,0.0,0.0,0,0,0,1,220,0,1,0
CF,BUN,51.118611,4.842222,0,BUN,0.0,0.0,70.0,34.2,2,3000,0,0,0,0,0,1
CF,GIKNU,50.960472,4.790056,2,IBL,68.8,12.6,203.0,9.0,2,2000,0,0,0,0,1,0

FINAL,I25LZ,25L,I,3
IF,GIKNU,50.960472,4.790056,IBL,68.8,12.6,2,2000,0,0,0,0,0,0
CF,B25LF,50.931167,4.663083,0,IBL,68.9,7.5,249.0,5.1,1,2000,0,0,0,0,2,0
CF,RW25L,50.898939,4.523289,0,IBL,68.9,1.8,249.0,5.7,1,209,0,0,0,0,3,0
FA,RW25L,50.898939,4.523289,0,BUB,0.0,0.0,249.0,2,700,0,0,0,0,0,0
VA,1,105.0,2,4000,0,1,185,0,0,0
VM,0,0,0,105.0,1,4000,0,0,0,0,0,0

APPTR,I25RY,25R,FLO
IF,FLO,50.876667,5.134528, ,0.0,0.0,0,0,0,1,220,0,1,0
TF,D308J,50.983500,4.932494,0, ,0.0,0.0,0.0,0.0,2,3000,0,0,0,0,0,1
CF,UVETI,50.987222,4.761639,0,IBR,64.3,13.1,274.0,6.5,2,2000,0,0,0,0,1,0

FINAL,I25RY,25R,I,3
IF,UVETI,50.987222,4.761639,IBR,64.3,13.1,2,2000,0,0,0,0,0,0
CF,B25RF,50.951639,4.638389,0,IBR,64.4,7.9,244.0,5.1,1,2000,0,0,0,0,2,0
CF,RW25R,50.911547,4.499386,0,IBR,64.4,2.1,244.0,5.8,1,156,0,0,0,0,3,0
FA,RW25R,50.911547,4.499386,0,BUB,0.0,0.0,244.0,2,700,0,0,0,0,0,0
VA,2,15.0,2,3000,0,0,0,0,0,0
VM,0,0,0,15.0,1,3000,0,0,0,0,0,0

APPTR,I25RZ,25R,ANT
IF,ANT,51.190472,4.472583, ,0.0,0.0,0,0,0,1,220,0,1,0
CF,BUN,51.118611,4.842222,0,BUN,0.0,0.0,107.0,14.6,2,3000,0,0,0,0,0,1
CF,UVETI,50.987222,4.761639,2,IBR,64.3,13.1,214.0,8.5,2,2000,0,0,0,0,1,0

APPTR,I25RZ,25R,KERKY
IF,KERKY,50.926944,3.992611, ,0.0,0.0,0,0,0,1,220,0,1,0
CF,BUN,51.118611,4.842222,0,BUN,0.0,0.0,70.0,34.2,2,3000,0,0,0,0,0,1
CF,UVETI,50.987222,4.761639,2,IBR,64.3,13.1,214.0,8.5,2,2000,0,0,0,0,1,0

FINAL,I25RZ,25R,I,3
IF,UVETI,50.987222,4.761639,IBR,64.3,13.1,2,2000,0,0,0,0,0,0
CF,B25RF,50.951639,4.638389,0,IBR,64.4,7.9,244.0,5.1,1,2000,0,0,0,0,2,0
CF,RW25R,50.911547,4.499386,0,IBR,64.4,2.1,244.0,5.8,1,156,0,0,0,0,3,0
FA,RW25R,50.911547,4.499386,0,BUB,0.0,0.0,244.0,2,700,0,0,0,0,0,0
VA,2,15.0,2,3000,0,0,0,0,0,0
VM,0,0,0,15.0,1,3000,0,0,0,0,0,0

APPTR,R01,01,ANT
IF,ANT,51.190472,4.472583, ,0.0,0.0,2,8000,0,0,0,0,1,0
TF,AFI,50.907667,4.138972,0, ,0.0,0.0,0.0,0.0,0,0,0,0,0,0,0,0
TF,RUDEL,50.683722,4.226833,0, ,0.0,0.0,0.0,0.0,2,2200,0,1,220,0,0,0
TF,NIVOR,50.693889,4.290972,0, ,0.0,0.0,0.0,0.0,0,0,0,0,0,0,0,0
TF,BURUS,50.714306,4.420778,0, ,0.0,0.0,0.0,0.0,2,2000,0,0,0,0,1,0

APPTR,R01,01,FLO
IF,FLO,50.876667,5.134528, ,0.0,0.0,2,9000,0,0,0,0,1,0
TF,BUB,50.902333,4.538083,0, ,0.0,0.0,0.0,0.0,0,0,0,0,0,0,0,0
TF,AFI,50.907667,4.138972,0, ,0.0,0.0,0.0,0.0,0,0,0,0,0,0,0,0
TF,RUDEL,50.683722,4.226833,1, ,0.0,0.0,0.0,0.0,2,2200,0,1,220,0,0,0
TF,NIVOR,50.693889,4.290972,0, ,0.0,0.0,0.0,0.0,0,0,0,0,0,0,0,0
TF,BURUS,50.714306,4.420778,0, ,0.0,0.0,0.0,0.0,2,2000,0,0,0,0,1,0

APPTR,R01,01,KERKY
IF,KERKY,50.926944,3.992611, ,0.0,0.0,2,4000,0,0,0,0,1,0
TF,AFI,50.907667,4.138972,0, ,0.0,0.0,0.0,0.0,0,0,0,0,0,0,0,0
TF,RUDEL,50.683722,4.226833,0, ,0.0,0.0,0.0,0.0,2,2200,0,1,220,0,0,0
TF,NIVOR,50.693889,4.290972,0, ,0.0,0.0,0.0,0.0,0,0,0,0,0,0,0,0
TF,BURUS,50.714306,4.420778,0, ,0.0,0.0,0.0,0.0,2,2000,0,0,0,0,1,0

FINAL,R01,01,R,3
IF,BURUS,50.714306,4.420778, ,0.0,0.0,2,2000,0,0,0,0,0,0
TF,BR01F,50.797528,4.455000,0, ,0.0,0.0,14.0,5.2,1,2000,0,0,0,0,2,0
TF,RW01,50.887331,4.491578,0, ,0.0,0.0,13.0,5.6,1,227,0,0,0,0,3,1
CA,0,13.0,2,1500,0,0,0,0,0,0
VM,0,0,0,305.0,3,4000,0,0,0,0,0,0

APPTR,R19,19,ANT
IF,ANT,51.190472,4.472583, ,0.0,0.0,2,8000,0,0,0,0,1,0
TF,LEBVU,50.905333,4.326111,0, ,0.0,0.0,0.0,0.0,0,0,0,0,0,0,0,0
TF,BUB,50.902333,4.538083,1, ,0.0,0.0,0.0,0.0,0,0,0,0,0,0,0,0
TF,UMPES,51.065444,4.763417,0, ,0.0,0.0,0.0,0.0,0,0,0,1,240,0,0,0
TF,INRAB,51.103806,4.687389,1, ,0.0,0.0,0.0,0.0,0,0,0,1,220,0,0,0
TF,VAMVO,51.120222,4.587056,0, ,0.0,0.0,0.0,0.0,2,3000,0,1,220,0,1,0

APPTR,R19,19,BUN
IF,BUN,51.118611,4.842222, ,0.0,0.0,2,3000,0,0,0,0,1,0
TF,VAMVO,51.120222,4.587056,0, ,0.0,0.0,0.0,0.0,2,3000,0,1,220,0,1,0

APPTR,R19,19,FLO
IF,FLO,50.876667,5.134528, ,0.0,0.0,2,9000,0,0,0,0,1,0
TF,UMPES,51.065444,4.763417,0, ,0.0,0.0,0.0,0.0,0,0,0,0,0,0,0,0
TF,INRAB,51.103806,4.687389,0, ,0.0,0.0,0.0,0.0,0,0,0,0,0,0,0,0
TF,VAMVO,51.120222,4.587056,0, ,0.0,0.0,0.0,0.0,2,3000,0,1,220,0,1,0

APPTR,R19,19,KERKY
IF,KERKY,50.926944,3.992611, ,0.0,0.0,2,4000,0,0,0,0,1,0
TF,AFI,50.907667,4.138972,0, ,0.0,0.0,0.0,0.0,0,0,0,0,0,0,0,0
TF,LEBVU,50.905333,4.326111,0, ,0.0,0.0,0.0,0.0,0,0,0,0,0,0,0,0
TF,BUB,50.902333,4.538083,0, ,0.0,0.0,0.0,0.0,0,0,0,0,0,0,0,0
TF,UMPES,51.065444,4.763417,0, ,0.0,0.0,0.0,0.0,0,0,0,1,240,0,0,0
TF,INRAB,51.103806,4.687389,1, ,0.0,0.0,0.0,0.0,0,0,0,1,220,0,0,0
TF,VAMVO,51.120222,4.587056,0, ,0.0,0.0,0.0,0.0,2,3000,0,1,220,0,1,0

FINAL,R19,19,R,3
IF,VAMVO,51.120222,4.587056, ,0.0,0.0,2,3000,0,1,220,0,0,0
TF,BR19F,51.054950,4.560131,0, ,0.0,0.0,194.0,4.1,1,3000,0,0,0,0,2,0
TF,RW19,50.911011,4.501239,0, ,0.0,0.0,194.0,8.9,1,158,0,0,0,0,3,1
CA,0,194.0,2,1100,0,0,0,0,0,0
VM,0,0,1,45.0,3,3000,0,0,0,0,0,0

APPTR,R25L,25L,ANT
IF,ANT,51.190472,4.472583, ,0.0,0.0,2,8000,0,0,0,0,1,0
TF,BUN,51.118611,4.842222,0, ,0.0,0.0,0.0,0.0,0,0,0,1,230,0,0,0
TF,NAXOD,51.017056,4.865083,0, ,0.0,0.0,0.0,0.0,0,0,0,1,230,0,0,0
TF,GIKNU,50.960472,4.790056,0, ,0.0,0.0,0.0,0.0,2,2000,0,1,200,0,1,0

APPTR,R25L,25L,FLO
IF,FLO,50.876667,5.134528, ,0.0,0.0,2,6000,0,0,0,0,1,0
TF,DIKBO,50.980333,4.876139,0, ,0.0,0.0,0.0,0.0,2,3000,0,1,220,0,0,0
TF,GIKNU,50.960472,4.790056,0, ,0.0,0.0,0.0,0.0,2,2000,0,1,200,0,1,0

APPTR,R25L,25L,KERKY
IF,KERKY,50.926944,3.992611, ,0.0,0.0,2,4000,0,0,0,0,1,0
TF,EGZOV,51.050917,4.538083,0, ,0.0,0.0,0.0,0.0,0,0,0,0,0,0,0,0
TF,OKLUP,51.090361,4.714583,0, ,0.0,0.0,0.0,0.0,0,0,0,1,230,0,0,0
TF,BUN,51.118611,4.842222,0, ,0.0,0.0,0.0,0.0,0,0,0,1,230,0,0,0
TF,NAXOD,51.017056,4.865083,2, ,0.0,0.0,0.0,0.0,0,0,0,1,230,0,0,0
TF,GIKNU,50.960472,4.790056,0, ,0.0,0.0,0.0,0.0,2,2000,0,1,200,0,1,0

FINAL,R25L,25L,R,3
IF,GIKNU,50.960472,4.790056, ,0.0,0.0,2,2000,0,1,200,0,0,0
TF,B25LF,50.931167,4.663083,0, ,0.0,0.0,249.0,5.1,1,2000,0,0,0,0,2,0
TF,RW25L,50.898939,4.523289,0, ,0.0,0.0,249.0,5.6,1,209,0,0,0,0,3,1
CA,0,249.0,2,700,0,1,185,0,0,0
VM,0,0,1,105.0,3,4000,0,0,0,0,0,0

APPTR,R25R,25R,ANT
IF,ANT,51.190472,4.472583, ,0.0,0.0,2,8000,0,0,0,0,1,0
TF,BUN,51.118611,4.842222,0, ,0.0,0.0,0.0,0.0,0,0,0,1,230,0,0,0
TF,NAXOD,51.017056,4.865083,0, ,0.0,0.0,0.0,0.0,0,0,0,1,230,0,0,0
TF,UVETI,50.987222,4.761639,0, ,0.0,0.0,0.0,0.0,2,2000,0,1,200,0,1,0

APPTR,R25R,25R,FLO
IF,FLO,50.876667,5.134528, ,0.0,0.0,2,6000,0,0,0,0,1,0
TF,DIKBO,50.980333,4.876139,0, ,0.0,0.0,0.0,0.0,2,3000,0,1,220,0,0,0
TF,UVETI,50.987222,4.761639,0, ,0.0,0.0,0.0,0.0,2,2000,0,1,200,0,1,0

APPTR,R25R,25R,KERKY
IF,KERKY,50.926944,3.992611, ,0.0,0.0,2,4000,0,0,0,0,1,0
TF,EGZOV,51.050917,4.538083,0, ,0.0,0.0,0.0,0.0,0,0,0,0,0,0,0,0
TF,OKLUP,51.090361,4.714583,0, ,0.0,0.0,0.0,0.0,0,0,0,1,230,0,0,0
TF,BUN,51.118611,4.842222,0, ,0.0,0.0,0.0,0.0,0,0,0,1,230,0,0,0
TF,NAXOD,51.017056,4.865083,2, ,0.0,0.0,0.0,0.0,0,0,0,1,230,0,0,0
TF,UVETI,50.987222,4.761639,0, ,0.0,0.0,0.0,0.0,2,2000,0,1,200,0,1,0

FINAL,R25R,25R,R,3
IF,UVETI,50.987222,4.761639, ,0.0,0.0,2,2000,0,1,200,0,0,0
TF,B25RF,50.951639,4.638389,0, ,0.0,0.0,244.0,5.1,1,2000,0,0,0,0,2,0
TF,RW25R,50.911547,4.499386,0, ,0.0,0.0,244.0,5.8,1,156,0,0,0,0,3,1
CA,0,244.0,2,700,0,0,0,0,0,0
VM,0,0,2,15.0,3,3000,0,0,0,0,0,0

