FINAL,I26,26,I,3
IF,USODU,50.611714,4.156100,ICV,78.1,13.1,2,3000,0,0,0,0,0,0
CF,DISUK,50.592442,3.979983,0,ICV,78.1,6.3,258.0,6.8,1,1800,0,0,0,0,2,0
CF,RW26,50.578731,3.856117,0,ICV,78.0,1.5,258.0,4.8,1,247,0,0,0,0,3,0
CA,0,258.0,2,1400,0,0,0,0,0,0
VI,2, ,0.0,64.0,0,0,0,0,0,0,0,0
CF,USODU,50.611714,4.156100,0,CIV,77.4,13.0,109.0,12.0,2,3000,0,0,0,0,0,0
HM,USODU,50.611714,4.156100,2, ,0.0,0.0,257.0,05,3,8000,0,1,230,0,0,0,0

FINAL,R26,26,R,3
IF,USODU,50.611714,4.156100, ,0.0,0.0,2,3000,0,0,0,0,1,0
TF,DISUK,50.592442,3.979983,0, ,0.0,0.0,258.0,6.8,2,1800,0,0,0,0,2,0
TF,RW26,50.578731,3.856117,0, ,0.0,0.0,258.0,4.8,1,240,0,0,0,0,3,1
CA,0,258.0,2,594,0,0,0,0,0,0
DF,USODU,50.611714,4.156100,2, ,0.0,0.0,2,3000,0,0,0,0,0,1
HM,USODU,50.611714,4.156100,2, ,0.0,0.0,258.0,06,3,8000,0,1,230,0,0,0,0

FINAL,T26,26,D,3
IF,INTUX,50.623656,4.125136,CIV,73.0,12.0,2,3000,0,0,0,0,0,0
CF,UPOTA,50.598953,3.978431,0,CIV,73.0,6.2,253.0,5.8,2,1800,0,0,0,0,2,0
CF,ORSOV,50.578369,3.857136,0,CIV,73.0,1.4,253.0,4.8,1,254,0,0,0,0,3,0
CA,0,253.0,2,1400,0,0,0,0,0,0
VI,2, ,0.0,58.0,0,0,0,0,0,0,0,0
CF,INTUX,50.623656,4.125136,0,CIV,73.0,12.0,103.0,12.0,2,3000,0,0,0,0,0,0
HM,INTUX,50.623656,4.125136,2, ,0.0,0.0,253.0,06,3,8000,0,1,230,0,0,0,0

