SID,ARSA1A,25R,5
CA,0,245.0,2,600,0,0,0,0,0,0
CF,DB240,52.336183,13.352742,0,BBI,260.7,3.7,245.0,5.0,0,0,0,0,0,0,0,0
TF,DB241,52.327989,13.221694,0, ,0.0,0.0,0.0,0.0,2,5000,0,0,0,0,0,1
DF,DB242,52.367708,13.161922,2, ,0.0,0.0,0,0,0,1,230,0,0,0
TF,DB243,52.456922,13.189494,0, ,0.0,0.0,0.0,0.0,2,9500,0,0,0,0,0,1
DF,DB244,52.493292,13.246383,0, ,0.0,0.0,0,0,0,0,0,0,0,0
TF,GERGA,52.602503,14.028136,0, ,0.0,0.0,0.0,0.0,0,0,0,0,0,0,0,0
TF,PINOB,52.525528,14.209678,0, ,0.0,0.0,0.0,0.0,0,0,0,0,0,0,0,0
TF,ARSAP,52.228056,14.712500,0, ,0.0,0.0,0.0,0.0,0,0,0,0,0,0,0,0

SID,ARSA1M,25R,5
CA,0,245.0,2,600,0,0,0,0,0,0
CF,DB240,52.336183,13.352742,0,BBI,260.7,3.7,245.0,5.0,0,0,0,0,0,0,0,0
TF,DB247,52.327236,13.209772,0, ,0.0,0.0,0.0,0.0,0,0,0,0,0,0,0,0
TF,VAVIV,52.298772,13.117544,0, ,0.0,0.0,0.0,0.0,0,0,0,0,0,0,0,0
TF,IBGAL,52.287672,12.931958,0, ,0.0,0.0,0.0,0.0,0,0,0,0,0,0,0,0
TF,BAKPA,52.309919,12.811186,0, ,0.0,0.0,0.0,0.0,0,0,0,0,0,0,0,0
TF,ERDUX,52.431139,12.818861,0, ,0.0,0.0,0.0,0.0,0,0,0,0,0,0,0,0
TF,GERGA,52.602503,14.028136,0, ,0.0,0.0,0.0,0.0,0,0,0,0,0,0,0,0
TF,PINOB,52.525528,14.209678,0, ,0.0,0.0,0.0,0.0,0,0,0,0,0,0,0,0
TF,ARSAP,52.228056,14.712500,0, ,0.0,0.0,0.0,0.0,0,0,0,0,0,0,0,0

SID,ARSA1N,25L,5
CA,0,245.0,2,600,0,0,0,0,0,0
CF,DB261,52.255344,13.293433,0,BBI,224.7,7.9,225.0,8.0,0,0,0,0,0,0,0,1
DF,DB262,52.191617,13.349606,1, ,0.0,0.0,0,0,0,1,220,0,0,0
TF,IDOBA,52.316569,14.088147,0, ,0.0,0.0,0.0,0.0,0,0,0,0,0,0,0,0
TF,ARSAP,52.228056,14.712500,0, ,0.0,0.0,0.0,0.0,0,0,0,0,0,0,0,0

SID,ARSA1Q,07R,5
DF,DB060,52.358425,13.523161,0, ,0.0,0.0,2,600,0,1,200,0,0,0
TF,DB062,52.304678,13.611014,0, ,0.0,0.0,0.0,0.0,0,0,0,0,0,0,0,0
TF,ARGUX,52.329539,13.736822,0, ,0.0,0.0,0.0,0.0,0,0,0,0,0,0,0,0
TF,IDOBA,52.316569,14.088147,0, ,0.0,0.0,0.0,0.0,0,0,0,0,0,0,0,0
TF,ARSAP,52.228056,14.712500,0, ,0.0,0.0,0.0,0.0,0,0,0,0,0,0,0,0

SID,ARSA1Z,07R,5
CA,0,65.0,2,600,0,0,0,0,0,0
CF,DB059,52.374433,13.767308,0,BBI,76.3,11.7,80.0,9.0,0,0,0,0,0,0,0,0
TF,IDOBA,52.316569,14.088147,0, ,0.0,0.0,0.0,0.0,0,0,0,0,0,0,0,0
TF,ARSAP,52.228056,14.712500,0, ,0.0,0.0,0.0,0.0,0,0,0,0,0,0,0,0

SID,ARSA2B,07L,5
CA,0,65.0,2,600,0,0,0,0,0,0
CF,DB068,52.439128,13.788103,0,BBI,60.5,13.6,65.0,10.0,0,0,0,0,0,0,0,0
TF,GERGA,52.602503,14.028136,0, ,0.0,0.0,0.0,0.0,0,0,0,0,0,0,0,0
TF,PINOB,52.525528,14.209678,0, ,0.0,0.0,0.0,0.0,0,0,0,0,0,0,0,0
TF,ARSAP,52.228056,14.712500,0, ,0.0,0.0,0.0,0.0,0,0,0,0,0,0,0,0

SID,GERG1A,25R,5
CA,0,245.0,2,600,0,0,0,0,0,0
CF,DB240,52.336183,13.352742,0,BBI,260.7,3.7,245.0,5.0,0,0,0,0,0,0,0,0
TF,DB241,52.327989,13.221694,0, ,0.0,0.0,0.0,0.0,2,5000,0,0,0,0,0,1
DF,DB242,52.367708,13.161922,2, ,0.0,0.0,0,0,0,1,230,0,0,0
TF,DB243,52.456922,13.189494,0, ,0.0,0.0,0.0,0.0,2,9500,0,0,0,0,0,1
DF,DB244,52.493292,13.246383,0, ,0.0,0.0,0,0,0,0,0,0,0,0
TF,GERGA,52.602503,14.028136,0, ,0.0,0.0,0.0,0.0,0,0,0,0,0,0,0,0

SID,GERG1M,25R,5
CA,0,245.0,2,600,0,0,0,0,0,0
CF,DB240,52.336183,13.352742,0,BBI,260.7,3.7,245.0,5.0,0,0,0,0,0,0,0,0
TF,DB247,52.327236,13.209772,0, ,0.0,0.0,0.0,0.0,0,0,0,0,0,0,0,0
TF,VAVIV,52.298772,13.117544,0, ,0.0,0.0,0.0,0.0,0,0,0,0,0,0,0,0
TF,IBGAL,52.287672,12.931958,0, ,0.0,0.0,0.0,0.0,0,0,0,0,0,0,0,0
TF,BAKPA,52.309919,12.811186,0, ,0.0,0.0,0.0,0.0,0,0,0,0,0,0,0,0
TF,ERDUX,52.431139,12.818861,0, ,0.0,0.0,0.0,0.0,0,0,0,0,0,0,0,0
TF,GERGA,52.602503,14.028136,0, ,0.0,0.0,0.0,0.0,0,0,0,0,0,0,0,0

SID,GERG1N,25L,5
CA,0,245.0,2,600,0,0,0,0,0,0
CF,DB261,52.255344,13.293433,0,BBI,224.7,7.9,225.0,8.0,0,0,0,0,0,0,0,1
DF,DB262,52.191617,13.349606,1, ,0.0,0.0,0,0,0,1,220,0,0,0
TF,IDOBA,52.316569,14.088147,0, ,0.0,0.0,0.0,0.0,0,0,0,0,0,0,0,0
TF,GERGA,52.602503,14.028136,0, ,0.0,0.0,0.0,0.0,0,0,0,0,0,0,0,0

SID,GERG1Q,07R,5
DF,DB060,52.358425,13.523161,0, ,0.0,0.0,2,600,0,1,200,0,0,0
TF,DB062,52.304678,13.611014,0, ,0.0,0.0,0.0,0.0,0,0,0,0,0,0,0,0
TF,ARGUX,52.329539,13.736822,0, ,0.0,0.0,0.0,0.0,0,0,0,0,0,0,0,0
TF,IDOBA,52.316569,14.088147,0, ,0.0,0.0,0.0,0.0,0,0,0,0,0,0,0,0
TF,GERGA,52.602503,14.028136,1, ,0.0,0.0,0.0,0.0,0,0,0,0,0,0,0,0

SID,GERG1Z,07R,5
CA,0,65.0,2,600,0,0,0,0,0,0
CF,DB059,52.374433,13.767308,0,BBI,76.3,11.7,80.0,9.0,0,0,0,0,0,0,0,0
TF,IDOBA,52.316569,14.088147,0, ,0.0,0.0,0.0,0.0,0,0,0,0,0,0,0,0
TF,GERGA,52.602503,14.028136,1, ,0.0,0.0,0.0,0.0,0,0,0,0,0,0,0,0

SID,GERG2B,07L,5
CA,0,65.0,2,600,0,0,0,0,0,0
CF,DB068,52.439128,13.788103,0,BBI,60.5,13.6,65.0,10.0,0,0,0,0,0,0,0,0
TF,GERGA,52.602503,14.028136,0, ,0.0,0.0,0.0,0.0,0,0,0,0,0,0,0,0

SID,LOGD1A,25R,5
CA,0,245.0,2,600,0,0,0,0,0,0
CF,DB240,52.336183,13.352742,0,BBI,260.7,3.7,245.0,5.0,0,0,0,0,0,0,0,0
TF,DB247,52.327236,13.209772,0, ,0.0,0.0,0.0,0.0,0,0,0,0,0,0,0,0
TF,VAVIV,52.298772,13.117544,0, ,0.0,0.0,0.0,0.0,0,0,0,0,0,0,0,0
TF,IBGAL,52.287672,12.931958,0, ,0.0,0.0,0.0,0.0,0,0,0,0,0,0,0,0
TF,SUKIP,52.258850,12.471478,0, ,0.0,0.0,0.0,0.0,0,0,0,0,0,0,0,0
TF,LOGDO,52.073311,12.321783,0, ,0.0,0.0,0.0,0.0,0,0,0,0,0,0,0,0

SID,LOGD1B,07L,5
CA,0,65.0,2,600,0,0,0,0,0,0
CF,DB058,52.400228,13.622472,0,BBI,56.5,7.1,65.0,4.0,2,2000,0,0,0,0,0,0
TF,DB065,52.527847,13.719694,0, ,0.0,0.0,0.0,0.0,2,6000,0,0,0,0,0,0
TF,BIKPO,52.598050,13.539183,0, ,0.0,0.0,0.0,0.0,2,9500,0,0,0,0,0,0
TF,KUBUM,52.489406,13.192097,0, ,0.0,0.0,0.0,0.0,0,0,0,0,0,0,0,0
TF,SUKIP,52.258850,12.471478,0, ,0.0,0.0,0.0,0.0,0,0,0,0,0,0,0,0
TF,LOGDO,52.073311,12.321783,0, ,0.0,0.0,0.0,0.0,0,0,0,0,0,0,0,0

SID,LOGD1K,07L,5
CA,0,65.0,2,600,0,0,0,0,0,0
CF,DB066,52.435714,13.773514,0,BBI,60.3,13.0,65.0,9.0,0,0,0,0,0,0,0,1
DF,DB067,52.502414,13.784775,1, ,0.0,0.0,0,0,0,0,0,0,0,0
TF,BIKPO,52.598050,13.539183,0, ,0.0,0.0,0.0,0.0,0,0,0,0,0,0,0,0
TF,KUBUM,52.489406,13.192097,0, ,0.0,0.0,0.0,0.0,0,0,0,0,0,0,0,0
TF,SUKIP,52.258850,12.471478,0, ,0.0,0.0,0.0,0.0,0,0,0,0,0,0,0,0
TF,LOGDO,52.073311,12.321783,0, ,0.0,0.0,0.0,0.0,0,0,0,0,0,0,0,0

SID,LOGD1N,25L,5
CA,0,245.0,2,600,0,0,0,0,0,0
CF,DB260,52.325839,13.424758,0,BBI,224.0,1.5,230.0,2.0,0,0,0,0,0,0,0,0
TF,DB263,52.243806,13.272006,0, ,0.0,0.0,0.0,0.0,0,0,0,1,220,0,0,0
TF,LULUL,52.163992,12.956036,0, ,0.0,0.0,0.0,0.0,0,0,0,0,0,0,0,0
TF,ESIKA,52.123761,12.671308,0, ,0.0,0.0,0.0,0.0,0,0,0,0,0,0,0,0
TF,LOGDO,52.073311,12.321783,0, ,0.0,0.0,0.0,0.0,0,0,0,0,0,0,0,0

SID,LOGD1Q,07R,5
DF,DB060,52.358425,13.523161,0, ,0.0,0.0,2,600,0,1,200,0,0,0
TF,DB061,52.332061,13.566300,0, ,0.0,0.0,0.0,0.0,0,0,0,1,200,0,0,0
TF,MOVOM,52.263053,13.478000,0, ,0.0,0.0,0.0,0.0,0,0,0,0,0,0,0,0
TF,POBAM,52.262883,13.221439,0, ,0.0,0.0,0.0,0.0,2,10000,0,0,0,0,0,0
TF,LULUL,52.163992,12.956036,0, ,0.0,0.0,0.0,0.0,0,0,0,0,0,0,0,0
TF,ESIKA,52.123761,12.671308,0, ,0.0,0.0,0.0,0.0,0,0,0,0,0,0,0,0
TF,LOGDO,52.073311,12.321783,0, ,0.0,0.0,0.0,0.0,0,0,0,0,0,0,0,0

SID,LOGD1Z,07R,5
CA,0,65.0,2,600,0,0,0,0,0,0
CF,DB063,52.370003,13.698972,0,BBI,75.3,9.2,80.0,6.0,0,0,0,0,0,0,0,1
DF,DB064,52.322531,13.761400,2, ,0.0,0.0,0,0,0,0,0,0,0,0
TF,GAGVI,52.250681,13.722069,0, ,0.0,0.0,0.0,0.0,0,0,0,0,0,0,0,0
TF,IBIKI,52.191111,13.464167,0, ,0.0,0.0,0.0,0.0,0,0,0,0,0,0,0,0
TF,LULUL,52.163992,12.956036,0, ,0.0,0.0,0.0,0.0,0,0,0,0,0,0,0,0
TF,ESIKA,52.123761,12.671308,0, ,0.0,0.0,0.0,0.0,0,0,0,0,0,0,0,0
TF,LOGDO,52.073311,12.321783,0, ,0.0,0.0,0.0,0.0,0,0,0,0,0,0,0,0

SID,LURO1A,25R,5
CA,0,245.0,2,600,0,0,0,0,0,0
CF,DB240,52.336183,13.352742,0,BBI,260.7,3.7,245.0,5.0,0,0,0,0,0,0,0,0
TF,DB241,52.327989,13.221694,0, ,0.0,0.0,0.0,0.0,2,5000,0,0,0,0,0,1
DF,DB242,52.367708,13.161922,2, ,0.0,0.0,0,0,0,1,230,0,0,0
TF,DB243,52.456922,13.189494,0, ,0.0,0.0,0.0,0.0,2,9500,0,0,0,0,0,1
DF,DB244,52.493292,13.246383,0, ,0.0,0.0,0,0,0,0,0,0,0,0
TF,GERGA,52.602503,14.028136,0, ,0.0,0.0,0.0,0.0,0,0,0,0,0,0,0,0
TF,PINOB,52.525528,14.209678,0, ,0.0,0.0,0.0,0.0,0,0,0,0,0,0,0,0
TF,JACOW,52.353675,14.244833,0, ,0.0,0.0,0.0,0.0,0,0,0,0,0,0,0,0
TF,DB249,52.053772,14.305933,0, ,0.0,0.0,0.0,0.0,0,0,0,0,0,0,0,0
TF,LUROS,51.898597,14.174472,0, ,0.0,0.0,0.0,0.0,0,0,0,0,0,0,0,0

SID,LURO1M,25R,5
CA,0,245.0,2,600,0,0,0,0,0,0
CF,DB240,52.336183,13.352742,0,BBI,260.7,3.7,245.0,5.0,0,0,0,0,0,0,0,0
TF,DB247,52.327236,13.209772,0, ,0.0,0.0,0.0,0.0,0,0,0,0,0,0,0,0
TF,VAVIV,52.298772,13.117544,0, ,0.0,0.0,0.0,0.0,0,0,0,0,0,0,0,0
TF,IBGAL,52.287672,12.931958,0, ,0.0,0.0,0.0,0.0,0,0,0,0,0,0,0,0
TF,BAKPA,52.309919,12.811186,0, ,0.0,0.0,0.0,0.0,0,0,0,0,0,0,0,0
TF,ERDUX,52.431139,12.818861,0, ,0.0,0.0,0.0,0.0,0,0,0,0,0,0,0,0
TF,GERGA,52.602503,14.028136,0, ,0.0,0.0,0.0,0.0,0,0,0,0,0,0,0,0
TF,PINOB,52.525528,14.209678,0, ,0.0,0.0,0.0,0.0,0,0,0,0,0,0,0,0
TF,JACOW,52.353675,14.244833,0, ,0.0,0.0,0.0,0.0,0,0,0,0,0,0,0,0
TF,DB249,52.053772,14.305933,0, ,0.0,0.0,0.0,0.0,0,0,0,0,0,0,0,0
TF,LUROS,51.898597,14.174472,0, ,0.0,0.0,0.0,0.0,0,0,0,0,0,0,0,0

SID,LURO1N,25L,5
CA,0,245.0,2,600,0,0,0,0,0,0
CF,DB261,52.255344,13.293433,0,BBI,224.7,7.9,225.0,8.0,0,0,0,0,0,0,0,1
DF,DB262,52.191617,13.349606,1, ,0.0,0.0,0,0,0,1,220,0,0,0
TF,IDOBA,52.316569,14.088147,0, ,0.0,0.0,0.0,0.0,0,0,0,0,0,0,0,0
TF,LUROS,51.898597,14.174472,2, ,0.0,0.0,0.0,0.0,0,0,0,0,0,0,0,0

SID,LURO1Q,07R,5
DF,DB060,52.358425,13.523161,0, ,0.0,0.0,2,600,0,1,200,0,0,0
TF,DB062,52.304678,13.611014,0, ,0.0,0.0,0.0,0.0,0,0,0,0,0,0,0,0
TF,ARGUX,52.329539,13.736822,0, ,0.0,0.0,0.0,0.0,0,0,0,0,0,0,0,0
TF,IDOBA,52.316569,14.088147,0, ,0.0,0.0,0.0,0.0,0,0,0,0,0,0,0,0
TF,LUROS,51.898597,14.174472,0, ,0.0,0.0,0.0,0.0,0,0,0,0,0,0,0,0

SID,LURO1Z,07R,5
CA,0,65.0,2,600,0,0,0,0,0,0
CF,DB059,52.374433,13.767308,0,BBI,76.3,11.7,80.0,9.0,0,0,0,0,0,0,0,0
TF,IDOBA,52.316569,14.088147,0, ,0.0,0.0,0.0,0.0,0,0,0,0,0,0,0,0
TF,LUROS,51.898597,14.174472,0, ,0.0,0.0,0.0,0.0,0,0,0,0,0,0,0,0

SID,LURO2B,07L,5
CA,0,65.0,2,600,0,0,0,0,0,0
CF,DB068,52.439128,13.788103,0,BBI,60.5,13.6,65.0,10.0,0,0,0,0,0,0,0,0
TF,GERGA,52.602503,14.028136,0, ,0.0,0.0,0.0,0.0,0,0,0,0,0,0,0,0
TF,PINOB,52.525528,14.209678,0, ,0.0,0.0,0.0,0.0,0,0,0,0,0,0,0,0
TF,JACOW,52.353675,14.244833,0, ,0.0,0.0,0.0,0.0,0,0,0,0,0,0,0,0
TF,DB249,52.053772,14.305933,0, ,0.0,0.0,0.0,0.0,0,0,0,0,0,0,0,0
TF,LUROS,51.898597,14.174472,0, ,0.0,0.0,0.0,0.0,0,0,0,0,0,0,0,0

SID,ROKM1P,25L,2
DF,RW07R,52.345433,13.468428,0, ,0.0,0.0,0,0,0,0,0,0,0,0
CA,0,245.0,2,600,0,0,0,0,0,0
CF,ROKMU,52.047186,12.976381,0,BBI,221.1,25.0,221.0,25.0,0,0,0,0,0,0,0,0

SID,SUKI1A,25R,5
CA,0,245.0,2,600,0,0,0,0,0,0
CF,DB240,52.336183,13.352742,0,BBI,260.7,3.7,245.0,5.0,0,0,0,0,0,0,0,0
TF,DB247,52.327236,13.209772,0, ,0.0,0.0,0.0,0.0,0,0,0,0,0,0,0,0
TF,VAVIV,52.298772,13.117544,0, ,0.0,0.0,0.0,0.0,0,0,0,0,0,0,0,0
TF,IBGAL,52.287672,12.931958,0, ,0.0,0.0,0.0,0.0,0,0,0,0,0,0,0,0
TF,SUKIP,52.258850,12.471478,0, ,0.0,0.0,0.0,0.0,0,0,0,0,0,0,0,0

SID,SUKI1B,07L,5
CA,0,65.0,2,600,0,0,0,0,0,0
CF,DB058,52.400228,13.622472,0,BBI,56.5,7.1,65.0,4.0,2,2000,0,0,0,0,0,0
TF,DB065,52.527847,13.719694,0, ,0.0,0.0,0.0,0.0,2,6000,0,0,0,0,0,0
TF,BIKPO,52.598050,13.539183,0, ,0.0,0.0,0.0,0.0,2,9500,0,0,0,0,0,0
TF,KUBUM,52.489406,13.192097,0, ,0.0,0.0,0.0,0.0,0,0,0,0,0,0,0,0
TF,SUKIP,52.258850,12.471478,0, ,0.0,0.0,0.0,0.0,0,0,0,0,0,0,0,0

SID,SUKI1K,07L,5
CA,0,65.0,2,600,0,0,0,0,0,0
CF,DB066,52.435714,13.773514,0,BBI,60.3,13.0,65.0,9.0,0,0,0,0,0,0,0,1
DF,DB067,52.502414,13.784775,1, ,0.0,0.0,0,0,0,0,0,0,0,0
TF,BIKPO,52.598050,13.539183,0, ,0.0,0.0,0.0,0.0,0,0,0,0,0,0,0,0
TF,KUBUM,52.489406,13.192097,0, ,0.0,0.0,0.0,0.0,0,0,0,0,0,0,0,0
TF,SUKIP,52.258850,12.471478,0, ,0.0,0.0,0.0,0.0,0,0,0,0,0,0,0,0

SID,SUKI1N,25L,5
CA,0,245.0,2,600,0,0,0,0,0,0
CF,DB260,52.325839,13.424758,0,BBI,224.0,1.5,230.0,2.0,0,0,0,0,0,0,0,0
TF,DB263,52.243806,13.272006,0, ,0.0,0.0,0.0,0.0,0,0,0,1,220,0,0,0
TF,LULUL,52.163992,12.956036,0, ,0.0,0.0,0.0,0.0,0,0,0,0,0,0,0,0
TF,ESIKA,52.123761,12.671308,0, ,0.0,0.0,0.0,0.0,0,0,0,0,0,0,0,0
TF,SUKIP,52.258850,12.471478,0, ,0.0,0.0,0.0,0.0,0,0,0,0,0,0,0,0

SID,SUKI1Q,07R,5
DF,DB060,52.358425,13.523161,0, ,0.0,0.0,2,600,0,1,200,0,0,0
TF,DB061,52.332061,13.566300,0, ,0.0,0.0,0.0,0.0,0,0,0,1,200,0,0,0
TF,MOVOM,52.263053,13.478000,0, ,0.0,0.0,0.0,0.0,0,0,0,0,0,0,0,0
TF,POBAM,52.262883,13.221439,0, ,0.0,0.0,0.0,0.0,2,10000,0,0,0,0,0,0
TF,LULUL,52.163992,12.956036,0, ,0.0,0.0,0.0,0.0,0,0,0,0,0,0,0,0
TF,ESIKA,52.123761,12.671308,0, ,0.0,0.0,0.0,0.0,0,0,0,0,0,0,0,0
TF,SUKIP,52.258850,12.471478,0, ,0.0,0.0,0.0,0.0,0,0,0,0,0,0,0,0

SID,SUKI1Z,07R,5
CA,0,65.0,2,600,0,0,0,0,0,0
CF,DB063,52.370003,13.698972,0,BBI,75.3,9.2,80.0,6.0,0,0,0,0,0,0,0,1
DF,DB064,52.322531,13.761400,2, ,0.0,0.0,0,0,0,0,0,0,0,0
TF,GAGVI,52.250681,13.722069,0, ,0.0,0.0,0.0,0.0,0,0,0,0,0,0,0,0
TF,IBIKI,52.191111,13.464167,0, ,0.0,0.0,0.0,0.0,0,0,0,0,0,0,0,0
TF,LULUL,52.163992,12.956036,0, ,0.0,0.0,0.0,0.0,0,0,0,0,0,0,0,0
TF,ESIKA,52.123761,12.671308,0, ,0.0,0.0,0.0,0.0,0,0,0,0,0,0,0,0
TF,SUKIP,52.258850,12.471478,0, ,0.0,0.0,0.0,0.0,0,0,0,0,0,0,0,0

STAR,ATG07L,07L,5
IF,ATGUP,51.923589,13.788086, ,0.0,0.0,0,0,0,0,0,0,0,0
TF,DB593,52.046911,13.704369,0, ,0.0,0.0,0.0,0.0,0,0,0,0,0,0,0,0
TF,DB592,52.098269,13.630297,0, ,0.0,0.0,0.0,0.0,2,8000,0,0,0,0,0,0
TF,DB572,52.119633,13.347867,0, ,0.0,0.0,0.0,0.0,2,6000,0,1,220,0,0,0
TF,DB562,52.190472,13.194506,0, ,0.0,0.0,0.0,0.0,3,7000,0,0,0,0,0,0
TF,DB567,52.067733,12.691375,0, ,0.0,0.0,0.0,0.0,0,0,0,1,220,0,0,0
TF,DB557,52.145028,12.641064,0, ,0.0,0.0,0.0,0.0,0,0,0,0,0,0,0,0
TF,DB546,52.172575,12.678181,0, ,0.0,0.0,0.0,0.0,0,0,0,0,0,0,0,0
TF,ODIDO,52.295367,13.182458,0, ,0.0,0.0,0.0,0.0,2,4000,0,0,0,0,0,0

STAR,ATG07R,07R,5
IF,ATGUP,51.923589,13.788086, ,0.0,0.0,0,0,0,0,0,0,0,0
TF,DB593,52.046911,13.704369,0, ,0.0,0.0,0.0,0.0,0,0,0,0,0,0,0,0
TF,DB592,52.098269,13.630297,0, ,0.0,0.0,0.0,0.0,2,8000,0,0,0,0,0,0
TF,DB572,52.119633,13.347867,0, ,0.0,0.0,0.0,0.0,2,6000,0,1,220,0,0,0
TF,DB562,52.190472,13.194506,0, ,0.0,0.0,0.0,0.0,3,7000,0,0,0,0,0,0
TF,DB567,52.067733,12.691375,0, ,0.0,0.0,0.0,0.0,0,0,0,1,220,0,0,0
TF,DB557,52.145028,12.641064,0, ,0.0,0.0,0.0,0.0,0,0,0,0,0,0,0,0
TF,TEBGO,52.292308,13.246033,0, ,0.0,0.0,0.0,0.0,2,3000,0,0,0,0,0,0

STAR,ATG25L,25L,5
IF,ATGUP,51.923589,13.788086, ,0.0,0.0,0,0,0,0,0,0,0,0
TF,DB482,52.143242,13.824775,0, ,0.0,0.0,0.0,0.0,2,8000,0,0,0,0,0,0
TF,DB471,52.255564,13.843681,0, ,0.0,0.0,0.0,0.0,2,6000,0,1,220,0,0,0
TF,DB461,52.333336,13.795161,0, ,0.0,0.0,0.0,0.0,0,0,0,0,0,0,0,0
TF,DB467,52.474678,14.406411,0, ,0.0,0.0,0.0,0.0,0,0,0,0,0,0,0,0
TF,DB457,52.552675,14.358642,0, ,0.0,0.0,0.0,0.0,0,0,0,0,0,0,0,0
TF,XANIM,52.411089,13.746475,0, ,0.0,0.0,0.0,0.0,2,3000,0,0,0,0,0,0

STAR,ATG25R,25R,5
IF,ATGUP,51.923589,13.788086, ,0.0,0.0,0,0,0,0,0,0,0,0
TF,DB482,52.143242,13.824775,0, ,0.0,0.0,0.0,0.0,2,8000,0,0,0,0,0,0
TF,DB471,52.255564,13.843681,0, ,0.0,0.0,0.0,0.0,2,6000,0,1,220,0,0,0
TF,DB461,52.333336,13.795161,0, ,0.0,0.0,0.0,0.0,0,0,0,0,0,0,0,0
TF,DB467,52.474678,14.406411,0, ,0.0,0.0,0.0,0.0,0,0,0,0,0,0,0,0
TF,DB457,52.552675,14.358642,0, ,0.0,0.0,0.0,0.0,0,0,0,0,0,0,0,0
TF,DB446,52.543161,14.237256,0, ,0.0,0.0,0.0,0.0,0,0,0,0,0,0,0,0
TF,UBURU,52.448706,13.829058,0, ,0.0,0.0,0.0,0.0,2,4000,0,0,0,0,0,0

STAR,KET07L,07L,5
IF,KETAP,52.927853,13.654947, ,0.0,0.0,0,0,0,0,0,0,0,0
TF,OGBER,52.613889,12.724722,0, ,0.0,0.0,0.0,0.0,0,0,0,0,0,0,0,0
TF,DB511,52.505347,12.856439,0, ,0.0,0.0,0.0,0.0,2,8000,0,0,0,0,0,0
TF,DB521,52.436281,12.939825,0, ,0.0,0.0,0.0,0.0,2,6000,0,0,0,0,0,0
TF,DB531,52.380119,13.007386,0, ,0.0,0.0,0.0,0.0,0,0,0,1,220,0,0,0
TF,DB532,52.331044,13.017983,0, ,0.0,0.0,0.0,0.0,0,0,0,0,0,0,0,0
TF,DB533,52.323922,12.930403,0, ,0.0,0.0,0.0,0.0,0,0,0,0,0,0,0,0
TF,DB536,52.249864,12.627728,0, ,0.0,0.0,0.0,0.0,0,0,0,0,0,0,0,0
TF,DB546,52.172575,12.678181,0, ,0.0,0.0,0.0,0.0,0,0,0,0,0,0,0,0
TF,ODIDO,52.295367,13.182458,0, ,0.0,0.0,0.0,0.0,2,4000,0,0,0,0,0,0

STAR,KET07R,07R,5
IF,KETAP,52.927853,13.654947, ,0.0,0.0,0,0,0,0,0,0,0,0
TF,OGBER,52.613889,12.724722,0, ,0.0,0.0,0.0,0.0,0,0,0,0,0,0,0,0
TF,DB511,52.505347,12.856439,0, ,0.0,0.0,0.0,0.0,2,8000,0,0,0,0,0,0
TF,DB521,52.436281,12.939825,0, ,0.0,0.0,0.0,0.0,2,6000,0,0,0,0,0,0
TF,DB531,52.380119,13.007386,0, ,0.0,0.0,0.0,0.0,0,0,0,1,220,0,0,0
TF,DB532,52.331044,13.017983,0, ,0.0,0.0,0.0,0.0,0,0,0,0,0,0,0,0
TF,DB533,52.323922,12.930403,0, ,0.0,0.0,0.0,0.0,0,0,0,0,0,0,0,0
TF,DB536,52.249864,12.627728,0, ,0.0,0.0,0.0,0.0,0,0,0,0,0,0,0,0
TF,DB546,52.172575,12.678181,0, ,0.0,0.0,0.0,0.0,0,0,0,0,0,0,0,0
TF,DB556,52.169789,12.741614,0, ,0.0,0.0,0.0,0.0,0,0,0,0,0,0,0,0
TF,TEBGO,52.292308,13.246033,0, ,0.0,0.0,0.0,0.0,2,3000,0,0,0,0,0,0

STAR,KET25L,25L,5
IF,KETAP,52.927853,13.654947, ,0.0,0.0,0,0,0,0,0,0,0,0
TF,DB403,52.805875,13.654178,0, ,0.0,0.0,0.0,0.0,0,0,0,0,0,0,0,0
TF,DB413,52.719042,13.723800,0, ,0.0,0.0,0.0,0.0,2,8000,0,1,220,0,0,0
TF,DB423,52.634744,13.791097,0, ,0.0,0.0,0.0,0.0,2,6000,0,0,0,0,0,0
TF,DB433,52.545525,13.862008,0, ,0.0,0.0,0.0,0.0,0,0,0,1,220,0,0,0
TF,DB437,52.644525,14.291592,0, ,0.0,0.0,0.0,0.0,0,0,0,0,0,0,0,0
TF,DB447,52.566556,14.339575,0, ,0.0,0.0,0.0,0.0,0,0,0,0,0,0,0,0
TF,DB456,52.529297,14.256342,0, ,0.0,0.0,0.0,0.0,0,0,0,0,0,0,0,0
TF,XANIM,52.411089,13.746475,0, ,0.0,0.0,0.0,0.0,2,3000,0,0,0,0,0,0

STAR,KET25R,25R,5
IF,KETAP,52.927853,13.654947, ,0.0,0.0,0,0,0,0,0,0,0,0
TF,DB403,52.805875,13.654178,0, ,0.0,0.0,0.0,0.0,0,0,0,0,0,0,0,0
TF,DB413,52.719042,13.723800,0, ,0.0,0.0,0.0,0.0,2,8000,0,1,220,0,0,0
TF,DB423,52.634744,13.791097,0, ,0.0,0.0,0.0,0.0,2,6000,0,0,0,0,0,0
TF,DB433,52.545525,13.862008,0, ,0.0,0.0,0.0,0.0,0,0,0,1,220,0,0,0
TF,DB437,52.644525,14.291592,0, ,0.0,0.0,0.0,0.0,0,0,0,0,0,0,0,0
TF,DB447,52.566556,14.339575,0, ,0.0,0.0,0.0,0.0,0,0,0,0,0,0,0,0
TF,UBURU,52.448706,13.829058,0, ,0.0,0.0,0.0,0.0,2,4000,0,0,0,0,0,0

STAR,KLF07L,07L,5
IF,KLF,52.019353,13.563414, ,0.0,0.0,0,0,0,0,0,0,0,0
TF,DB582,52.061569,13.472892,0, ,0.0,0.0,0.0,0.0,2,8000,0,0,0,0,0,0
TF,DB572,52.119633,13.347867,0, ,0.0,0.0,0.0,0.0,2,6000,0,1,220,0,0,0
TF,DB562,52.190472,13.194506,0, ,0.0,0.0,0.0,0.0,3,7000,0,0,0,0,0,0
TF,DB567,52.067733,12.691375,0, ,0.0,0.0,0.0,0.0,0,0,0,1,220,0,0,0
TF,DB557,52.145028,12.641064,0, ,0.0,0.0,0.0,0.0,0,0,0,0,0,0,0,0
TF,DB546,52.172575,12.678181,0, ,0.0,0.0,0.0,0.0,0,0,0,0,0,0,0,0
TF,ODIDO,52.295367,13.182458,0, ,0.0,0.0,0.0,0.0,2,4000,0,0,0,0,0,0

STAR,KLF07R,07R,5
IF,KLF,52.019353,13.563414, ,0.0,0.0,0,0,0,0,0,0,0,0
TF,DB582,52.061569,13.472892,0, ,0.0,0.0,0.0,0.0,2,8000,0,0,0,0,0,0
TF,DB572,52.119633,13.347867,0, ,0.0,0.0,0.0,0.0,2,6000,0,1,220,0,0,0
TF,DB562,52.190472,13.194506,0, ,0.0,0.0,0.0,0.0,3,7000,0,0,0,0,0,0
TF,DB567,52.067733,12.691375,0, ,0.0,0.0,0.0,0.0,0,0,0,1,220,0,0,0
TF,DB557,52.145028,12.641064,0, ,0.0,0.0,0.0,0.0,0,0,0,0,0,0,0,0
TF,TEBGO,52.292308,13.246033,0, ,0.0,0.0,0.0,0.0,2,3000,0,0,0,0,0,0

STAR,KLF25L,25L,5
IF,KLF,52.019353,13.563414, ,0.0,0.0,0,0,0,0,0,0,0,0
TF,DB481,52.106697,13.666611,0, ,0.0,0.0,0.0,0.0,2,8000,0,0,0,0,0,0
TF,DB471,52.255564,13.843681,0, ,0.0,0.0,0.0,0.0,2,6000,0,1,220,0,0,0
TF,DB461,52.333336,13.795161,0, ,0.0,0.0,0.0,0.0,0,0,0,0,0,0,0,0
TF,DB467,52.474678,14.406411,0, ,0.0,0.0,0.0,0.0,0,0,0,0,0,0,0,0
TF,DB457,52.552675,14.358642,0, ,0.0,0.0,0.0,0.0,0,0,0,0,0,0,0,0
TF,XANIM,52.411089,13.746475,0, ,0.0,0.0,0.0,0.0,2,3000,0,0,0,0,0,0

STAR,KLF25R,25R,5
IF,KLF,52.019353,13.563414, ,0.0,0.0,0,0,0,0,0,0,0,0
TF,DB481,52.106697,13.666611,0, ,0.0,0.0,0.0,0.0,2,8000,0,0,0,0,0,0
TF,DB471,52.255564,13.843681,0, ,0.0,0.0,0.0,0.0,2,6000,0,1,220,0,0,0
TF,DB461,52.333336,13.795161,0, ,0.0,0.0,0.0,0.0,0,0,0,0,0,0,0,0
TF,DB467,52.474678,14.406411,0, ,0.0,0.0,0.0,0.0,0,0,0,0,0,0,0,0
TF,DB457,52.552675,14.358642,0, ,0.0,0.0,0.0,0.0,0,0,0,0,0,0,0,0
TF,DB446,52.543161,14.237256,0, ,0.0,0.0,0.0,0.0,0,0,0,0,0,0,0,0
TF,UBURU,52.448706,13.829058,0, ,0.0,0.0,0.0,0.0,2,4000,0,0,0,0,0,0

STAR,NUK07L,07L,5
IF,NUKRO,52.047631,14.416517, ,0.0,0.0,0,0,0,0,0,0,0,0
TF,DB592,52.098269,13.630297,0, ,0.0,0.0,0.0,0.0,2,8000,0,0,0,0,0,0
TF,DB572,52.119633,13.347867,0, ,0.0,0.0,0.0,0.0,2,6000,0,1,220,0,0,0
TF,DB562,52.190472,13.194506,0, ,0.0,0.0,0.0,0.0,3,7000,0,0,0,0,0,0
TF,DB567,52.067733,12.691375,0, ,0.0,0.0,0.0,0.0,0,0,0,1,220,0,0,0
TF,DB557,52.145028,12.641064,0, ,0.0,0.0,0.0,0.0,0,0,0,0,0,0,0,0
TF,DB546,52.172575,12.678181,0, ,0.0,0.0,0.0,0.0,0,0,0,0,0,0,0,0
TF,ODIDO,52.295367,13.182458,0, ,0.0,0.0,0.0,0.0,2,4000,0,0,0,0,0,0

STAR,NUK07R,07R,5
IF,NUKRO,52.047631,14.416517, ,0.0,0.0,0,0,0,0,0,0,0,0
TF,DB592,52.098269,13.630297,0, ,0.0,0.0,0.0,0.0,2,8000,0,0,0,0,0,0
TF,DB572,52.119633,13.347867,0, ,0.0,0.0,0.0,0.0,2,6000,0,1,220,0,0,0
TF,DB562,52.190472,13.194506,0, ,0.0,0.0,0.0,0.0,3,7000,0,0,0,0,0,0
TF,DB567,52.067733,12.691375,0, ,0.0,0.0,0.0,0.0,0,0,0,1,220,0,0,0
TF,DB557,52.145028,12.641064,0, ,0.0,0.0,0.0,0.0,0,0,0,0,0,0,0,0
TF,TEBGO,52.292308,13.246033,0, ,0.0,0.0,0.0,0.0,2,3000,0,0,0,0,0,0

STAR,NUK25L,25L,5
IF,NUKRO,52.047631,14.416517, ,0.0,0.0,0,0,0,0,0,0,0,0
TF,DB484,52.149050,14.262625,0, ,0.0,0.0,0.0,0.0,0,0,0,0,0,0,0,0
TF,DB483,52.198847,14.067733,0, ,0.0,0.0,0.0,0.0,2,8000,0,0,0,0,0,0
TF,DB471,52.255564,13.843681,0, ,0.0,0.0,0.0,0.0,2,6000,0,1,220,0,0,0
TF,DB461,52.333336,13.795161,0, ,0.0,0.0,0.0,0.0,0,0,0,0,0,0,0,0
TF,DB467,52.474678,14.406411,0, ,0.0,0.0,0.0,0.0,0,0,0,0,0,0,0,0
TF,DB457,52.552675,14.358642,0, ,0.0,0.0,0.0,0.0,0,0,0,0,0,0,0,0
TF,XANIM,52.411089,13.746475,0, ,0.0,0.0,0.0,0.0,2,3000,0,0,0,0,0,0

STAR,NUK25R,25R,5
IF,NUKRO,52.047631,14.416517, ,0.0,0.0,0,0,0,0,0,0,0,0
TF,DB484,52.149050,14.262625,0, ,0.0,0.0,0.0,0.0,0,0,0,0,0,0,0,0
TF,DB483,52.198847,14.067733,0, ,0.0,0.0,0.0,0.0,2,8000,0,0,0,0,0,0
TF,DB471,52.255564,13.843681,0, ,0.0,0.0,0.0,0.0,2,6000,0,1,220,0,0,0
TF,DB461,52.333336,13.795161,0, ,0.0,0.0,0.0,0.0,0,0,0,0,0,0,0,0
TF,DB467,52.474678,14.406411,0, ,0.0,0.0,0.0,0.0,0,0,0,0,0,0,0,0
TF,DB457,52.552675,14.358642,0, ,0.0,0.0,0.0,0.0,0,0,0,0,0,0,0,0
TF,DB446,52.543161,14.237256,0, ,0.0,0.0,0.0,0.0,0,0,0,0,0,0,0,0
TF,UBURU,52.448706,13.829058,0, ,0.0,0.0,0.0,0.0,2,4000,0,0,0,0,0,0

STAR,OGB07L,07L,5
IF,OGBER,52.613889,12.724722, ,0.0,0.0,0,0,0,0,0,0,0,0
TF,DB511,52.505347,12.856439,0, ,0.0,0.0,0.0,0.0,2,8000,0,0,0,0,0,0
TF,DB521,52.436281,12.939825,0, ,0.0,0.0,0.0,0.0,2,6000,0,0,0,0,0,0
TF,DB531,52.380119,13.007386,0, ,0.0,0.0,0.0,0.0,0,0,0,1,220,0,0,0
TF,DB532,52.331044,13.017983,0, ,0.0,0.0,0.0,0.0,0,0,0,0,0,0,0,0
TF,DB533,52.323922,12.930403,0, ,0.0,0.0,0.0,0.0,0,0,0,0,0,0,0,0
TF,DB536,52.249864,12.627728,0, ,0.0,0.0,0.0,0.0,0,0,0,0,0,0,0,0
TF,DB546,52.172575,12.678181,0, ,0.0,0.0,0.0,0.0,0,0,0,0,0,0,0,0
TF,ODIDO,52.295367,13.182458,0, ,0.0,0.0,0.0,0.0,2,4000,0,0,0,0,0,0

STAR,OGB07R,07R,5
IF,OGBER,52.613889,12.724722, ,0.0,0.0,0,0,0,0,0,0,0,0
TF,DB511,52.505347,12.856439,0, ,0.0,0.0,0.0,0.0,2,8000,0,0,0,0,0,0
TF,DB521,52.436281,12.939825,0, ,0.0,0.0,0.0,0.0,2,6000,0,0,0,0,0,0
TF,DB531,52.380119,13.007386,0, ,0.0,0.0,0.0,0.0,0,0,0,1,220,0,0,0
TF,DB532,52.331044,13.017983,0, ,0.0,0.0,0.0,0.0,0,0,0,0,0,0,0,0
TF,DB533,52.323922,12.930403,0, ,0.0,0.0,0.0,0.0,0,0,0,0,0,0,0,0
TF,DB536,52.249864,12.627728,0, ,0.0,0.0,0.0,0.0,0,0,0,0,0,0,0,0
TF,DB546,52.172575,12.678181,0, ,0.0,0.0,0.0,0.0,0,0,0,0,0,0,0,0
TF,DB556,52.169789,12.741614,0, ,0.0,0.0,0.0,0.0,0,0,0,0,0,0,0,0
TF,TEBGO,52.292308,13.246033,0, ,0.0,0.0,0.0,0.0,2,3000,0,0,0,0,0,0

STAR,OGB25L,25L,5
IF,OGBER,52.613889,12.724722, ,0.0,0.0,0,0,0,0,0,0,0,0
TF,DB413,52.719042,13.723800,0, ,0.0,0.0,0.0,0.0,2,8000,0,1,220,0,0,0
TF,DB423,52.634744,13.791097,0, ,0.0,0.0,0.0,0.0,2,6000,0,0,0,0,0,0
TF,DB433,52.545525,13.862008,0, ,0.0,0.0,0.0,0.0,0,0,0,1,220,0,0,0
TF,DB437,52.644525,14.291592,0, ,0.0,0.0,0.0,0.0,0,0,0,0,0,0,0,0
TF,DB447,52.566556,14.339575,0, ,0.0,0.0,0.0,0.0,0,0,0,0,0,0,0,0
TF,DB456,52.529297,14.256342,0, ,0.0,0.0,0.0,0.0,0,0,0,0,0,0,0,0
TF,XANIM,52.411089,13.746475,0, ,0.0,0.0,0.0,0.0,2,3000,0,0,0,0,0,0

STAR,OGB25R,25R,5
IF,OGBER,52.613889,12.724722, ,0.0,0.0,0,0,0,0,0,0,0,0
TF,DB413,52.719042,13.723800,0, ,0.0,0.0,0.0,0.0,2,8000,0,1,220,0,0,0
TF,DB423,52.634744,13.791097,0, ,0.0,0.0,0.0,0.0,2,6000,0,0,0,0,0,0
TF,DB433,52.545525,13.862008,0, ,0.0,0.0,0.0,0.0,0,0,0,1,220,0,0,0
TF,DB437,52.644525,14.291592,0, ,0.0,0.0,0.0,0.0,0,0,0,0,0,0,0,0
TF,DB447,52.566556,14.339575,0, ,0.0,0.0,0.0,0.0,0,0,0,0,0,0,0,0
TF,UBURU,52.448706,13.829058,0, ,0.0,0.0,0.0,0.0,2,4000,0,0,0,0,0,0

APPTR,D07R,07R,ATGUP
IF,ATGUP,51.923589,13.788086, ,0.0,0.0,2,4000,0,0,0,0,1,0
CF,KLF,52.019353,13.563414,0,KLF,0.0,0.0,301.0,10.1,2,4000,0,0,0,0,0,0
CF,D308J,52.126114,13.370483,0,KLF,308.0,9.6,308.0,9.6,2,4000,0,0,0,0,0,0
CF,D308S,52.232556,13.176633,0,KLF,308.0,19.2,308.0,9.6,2,3000,0,0,0,0,0,1
CF,TEBGO,52.292308,13.246033,2,BBI,244.8,8.2,65.0,5.0,2,3000,0,0,0,0,0,0

APPTR,D07R,07R,KETAP
IF,KETAP,52.927853,13.654947, ,0.0,0.0,2,8000,0,0,0,0,1,0
CF,LWB,52.910042,13.134614,0,LWB,0.0,0.0,263.0,18.9,2,8000,0,0,0,0,0,0
CR,0,BBI,295.0,216.0,2,8000,0,0,0,0,0,0
CF,KL40A,52.487614,12.792267,0,KLF,311.0,40.0,131.0,7.0,2,8000,0,0,0,0,0,0
CF,KL30A,52.371025,12.986578,0,KLF,311.0,30.0,131.0,10.0,2,6000,0,0,0,0,0,0
FC,KL30A,52.371025,12.986578,0,KLF,0.0,0.0,131.0,7.6,2,4000,0,0,0,0,0,1
CF,TEBGO,52.292308,13.246033,0,BBI,244.8,8.2,65.0,5.0,2,3000,0,0,0,0,0,0

APPTR,D07R,07R,KLF
IF,KLF,52.019353,13.563414, ,0.0,0.0,2,4000,0,0,0,0,1,0
CF,D308J,52.126114,13.370483,0,KLF,308.0,9.6,308.0,9.6,2,4000,0,0,0,0,0,0
CF,D308S,52.232556,13.176633,0,KLF,308.0,19.2,308.0,9.6,2,3000,0,0,0,0,0,1
CF,TEBGO,52.292308,13.246033,2,BBI,244.8,8.2,65.0,4.0,2,3000,0,0,0,0,0,0

APPTR,D07R,07R,NUKRO
IF,NUKRO,52.047631,14.416517, ,0.0,0.0,2,4000,0,0,0,0,1,0
CF,KLF,52.019353,13.563414,0,KLF,0.0,0.0,263.0,31.7,2,4000,0,0,0,0,0,0
CF,D308J,52.126114,13.370483,0,KLF,308.0,9.6,308.0,9.6,2,4000,0,0,0,0,0,0
CF,D308S,52.232556,13.176633,0,KLF,308.0,19.2,308.0,9.6,2,3000,0,0,0,0,0,1
CF,TEBGO,52.292308,13.246033,2,BBI,244.8,8.2,65.0,5.0,2,3000,0,0,0,0,0,0

APPTR,D07R,07R,OGBER
IF,OGBER,52.613889,12.724722, ,0.0,0.0,2,8000,0,0,0,0,1,0
CR,0,BBI,295.0,216.0,2,8000,0,0,0,0,0,0
CF,KL40A,52.487614,12.792267,0,KLF,311.0,40.0,131.0,7.0,2,8000,0,0,0,0,0,0
CF,KL30A,52.371025,12.986578,0,KLF,311.0,30.0,131.0,10.0,2,6000,0,0,0,0,0,0
FC,KL30A,52.371025,12.986578,0,KLF,0.0,0.0,131.0,7.6,2,4000,0,0,0,0,0,1
CF,TEBGO,52.292308,13.246033,0,BBI,244.8,8.2,65.0,5.0,2,3000,0,0,0,0,0,0

FINAL,D07R,07R,D,3
IF,TEBGO,52.292308,13.246033,BBI,244.8,8.2,2,3000,0,0,0,0,2,0
CF,32VOR,52.322897,13.372900,0,BBI,245.0,3.2,65.0,5.0,2,1420,0,0,0,0,0,0
CF,BBI,52.342014,13.454047,0,BBI,0.0,0.0,65.0,3.2,1,383,0,0,0,0,3,0
FD,BBI,52.342014,13.454047,0,BBI,0.0,2.7,65.0,2.7,3,3000,0,0,0,0,0,0
CF,KLF,52.019353,13.563414,2,KLF,0.0,0.0,180.0,19.0,1,4000,0,0,0,0,0,0

APPTR,D25L,25L,ATGUP
IF,ATGUP,51.923589,13.788086, ,0.0,0.0,2,4000,0,0,0,0,1,0
CF,D200C,52.371794,14.101831,0,FWE,200.0,2.6,20.0,29.3,2,4000,0,0,0,0,0,1
CF,D271L,52.428289,13.805103,1,FWE,271.0,12.0,271.0,11.0,2,3000,0,0,0,0,0,0
CF,XANIM,52.411089,13.746475,0,BBI,64.8,11.5,245.0,2.4,2,3000,0,0,0,0,0,0

APPTR,D25L,25L,KETAP
IF,KETAP,52.927853,13.654947, ,0.0,0.0,0,0,0,0,0,0,1,0
CF,D327O,52.618578,13.941703,0,FWE,327.0,14.3,147.0,21.3,2,6000,0,0,0,0,0,0
CF,D271L,52.428289,13.805103,0,KLF,15.9,26.1,197.0,12.5,2,3000,0,0,0,0,0,0
CF,XANIM,52.411089,13.746475,0,BBI,64.8,11.5,245.0,2.4,2,3000,0,0,0,0,0,0

APPTR,D25L,25L,KLF
FD,KLF,52.019353,13.563414,0,KLF,0.0,13.6,23.0,13.6,2,4000,0,0,0,0,1,0
CF,D023Y,52.382303,13.865939,0,KLF,23.0,24.5,23.0,10.9,2,3000,0,0,0,0,0,1
CF,XANIM,52.411089,13.746475,1,BBI,64.8,11.5,245.0,4.0,2,3000,0,0,0,0,0,0

APPTR,D25L,25L,NUKRO
IF,NUKRO,52.047631,14.416517, ,0.0,0.0,2,4000,0,0,0,0,1,0
CF,FWE,52.411331,14.130589,0,FWE,0.0,0.0,331.0,24.3,2,4000,0,0,0,0,0,0
CF,D271L,52.428289,13.805103,0,FWE,271.0,12.0,271.0,12.0,2,3000,0,0,0,0,0,0
CF,XANIM,52.411089,13.746475,0,BBI,64.8,11.5,245.0,2.4,2,3000,0,0,0,0,0,0

APPTR,D25L,25L,OGBER
IF,OGBER,52.613889,12.724722, ,0.0,0.0,0,0,0,0,0,0,1,0
CF,D216P,52.707003,12.854572,0,LWB,216.0,15.9,36.0,7.3,2,6000,0,0,0,0,0,1
CF,D288T,52.534944,13.624467,0,FWE,288.0,20.0,108.0,30.0,2,6000,0,0,0,0,0,0
CF,D288M,52.491308,13.804464,0,FWE,288.0,12.9,108.0,7.1,2,3000,0,0,0,0,0,1
CF,XANIM,52.411089,13.746475,2,BBI,64.8,11.5,245.0,3.0,2,3000,0,0,0,0,0,0

FINAL,D25L,25L,D,3
IF,XANIM,52.411089,13.746475,BBI,64.8,11.5,2,3000,0,0,0,0,2,0
CF,65VOR,52.380667,13.619092,0,BBI,65.0,6.5,245.0,5.0,2,1410,0,0,0,0,0,0
CF,MD25L,52.361072,13.535264,0,BBI,65.0,3.2,245.0,3.3,1,350,0,0,0,0,3,0
CF,BBI,52.342014,13.454047,0,BBI,0.0,0.0,245.0,3.2,0,0,0,0,0,0,0,0
FD,BBI,52.342014,13.454047,0,BBI,0.0,0.6,245.0,0.6,3,3000,0,0,0,0,0,0
CF,KLF,52.019353,13.563414,0,KLF,0.0,0.0,161.0,20.0,1,4000,0,1,190,0,0,0

APPTR,I07L,07L,ATGUP
IF,ATGUP,51.923589,13.788086, ,0.0,0.0,2,4000,0,0,0,0,1,0
CF,KLF,52.019353,13.563414,0,KLF,0.0,0.0,301.0,10.1,2,4000,0,0,0,0,0,0
CF,D304U,52.231661,13.119114,0,KLF,304.0,20.8,304.0,20.8,2,4000,0,0,0,0,0,1
CF,ODIDO,52.295367,13.182458,2,IBNE,244.8,13.9,65.0,5.0,2,4000,0,0,0,0,0,0

APPTR,I07L,07L,KETAP
IF,KETAP,52.927853,13.654947, ,0.0,0.0,2,8000,0,0,0,0,1,0
CF,LWB,52.910042,13.134614,0,LWB,0.0,0.0,263.0,18.9,2,8000,0,0,0,0,0,0
CR,0,BBI,290.0,216.0,2,8000,0,0,0,0,0,0
CF,KLF40,52.462072,12.753431,0,KLF,308.0,40.0,128.0,7.0,2,8000,0,0,0,0,0,0
CF,KL30C,52.351917,12.957442,0,KLF,308.0,30.0,128.0,10.0,2,6000,0,0,0,0,0,0
FC,KL30C,52.351917,12.957442,0,KLF,0.0,0.0,128.0,5.8,2,4000,0,0,0,0,0,1
CF,ODIDO,52.295367,13.182458,0,IBNE,244.8,13.9,65.0,5.0,2,4000,0,0,0,0,0,0

APPTR,I07L,07L,KLF
IF,KLF,52.019353,13.563414, ,0.0,0.0,2,4000,0,0,0,0,1,0
CF,D304U,52.231661,13.119114,0,KLF,304.0,20.8,304.0,20.8,2,4000,0,0,0,0,0,1
CF,ODIDO,52.295367,13.182458,2,IBNE,244.8,13.9,65.0,5.0,2,4000,0,0,0,0,0,0

APPTR,I07L,07L,NUKRO
IF,NUKRO,52.047631,14.416517, ,0.0,0.0,2,4000,0,0,0,0,1,0
CF,KLF,52.019353,13.563414,0,KLF,0.0,0.0,263.0,31.7,2,4000,0,0,0,0,0,0
CF,D304U,52.231661,13.119114,0,KLF,304.0,20.8,304.0,20.8,2,4000,0,0,0,0,0,1
CF,ODIDO,52.295367,13.182458,2,IBNE,244.8,13.9,65.0,5.0,2,4000,0,0,0,0,0,0

APPTR,I07L,07L,OGBER
IF,OGBER,52.613889,12.724722, ,0.0,0.0,2,8000,0,0,0,0,1,0
CR,0,BBI,290.0,216.0,2,8000,0,0,0,0,0,0
CF,KLF40,52.462072,12.753431,0,KLF,308.0,40.0,128.0,7.0,2,8000,0,0,0,0,0,0
CF,KL30C,52.351917,12.957442,0,KLF,308.0,30.0,128.0,10.0,2,6000,0,0,0,0,0,0
FC,KL30C,52.351917,12.957442,0,KLF,0.0,0.0,128.0,5.8,2,4000,0,0,0,0,0,1
CF,ODIDO,52.295367,13.182458,0,IBNE,244.8,13.9,65.0,5.0,2,4000,0,0,0,0,0,0

FINAL,I07L,07L,I,3
IF,ODIDO,52.295367,13.182458,IBNE,244.8,13.9,2,4000,0,0,0,0,0,0
CF,FI07L,52.344483,13.387894,0,IBNE,244.8,5.8,65.0,8.1,1,1410,0,0,0,0,2,0
CF,RW07L,52.367689,13.485025,0,IBNE,244.8,2.0,65.0,3.8,1,194,0,0,0,0,3,0
FD,RW07L,52.367689,13.485025,0,BBI,32.4,3.4,65.0,3.4,3,4000,0,0,0,0,0,0
CI,0, ,0.0,339.0,3,5000,0,0,0,0,0,0
CF,FWE39,52.563856,13.097058,0,FWE,280.0,39.0,280.0,17.0,3,5000,0,0,0,0,0,0
CF,OGBER,52.613889,12.724722,0,FWE,279.8,53.0,280.0,14.0,1,8000,0,0,0,0,0,0

APPTR,I07R,07R,ATGUP
IF,ATGUP,51.923589,13.788086, ,0.0,0.0,2,4000,0,0,0,0,1,0
CF,KLF,52.019353,13.563414,0,KLF,0.0,0.0,301.0,10.1,2,4000,0,0,0,0,0,0
CF,D308J,52.126114,13.370483,0,KLF,308.0,9.6,308.0,9.6,2,4000,0,0,0,0,0,0
CF,D308S,52.232556,13.176633,0,KLF,308.0,19.2,308.0,9.6,2,3000,0,0,0,0,0,1
CF,TEBGO,52.292308,13.246033,2,IBSE,244.8,11.3,65.0,5.0,2,3000,0,0,0,0,0,0

APPTR,I07R,07R,KETAP
IF,KETAP,52.927853,13.654947, ,0.0,0.0,2,8000,0,0,0,0,1,0
CF,LWB,52.910042,13.134614,0,LWB,0.0,0.0,263.0,18.9,2,8000,0,0,0,0,0,0
CR,0,BBI,295.0,216.0,2,8000,0,0,0,0,0,0
CF,KL40A,52.487614,12.792267,0,KLF,311.0,40.0,131.0,7.0,2,8000,0,0,0,0,0,0
CF,KL30A,52.371025,12.986578,0,KLF,311.0,30.0,131.0,10.0,2,6000,0,0,0,0,0,0
FC,KL30A,52.371025,12.986578,0,KLF,0.0,0.0,131.0,7.6,2,4000,0,0,0,0,0,1
CF,TEBGO,52.292308,13.246033,0,IBSE,244.8,11.3,65.0,5.0,2,3000,0,0,0,0,0,0

APPTR,I07R,07R,KLF
IF,KLF,52.019353,13.563414, ,0.0,0.0,2,4000,0,0,0,0,1,0
CF,D308J,52.126114,13.370483,0,KLF,308.0,9.6,308.0,9.6,2,4000,0,0,0,0,0,0
CF,D308S,52.232556,13.176633,0,KLF,308.0,19.2,308.0,9.6,2,3000,0,0,0,0,0,1
CF,TEBGO,52.292308,13.246033,2,IBSE,244.8,11.3,65.0,4.0,2,3000,0,0,0,0,0,0

APPTR,I07R,07R,NUKRO
IF,NUKRO,52.047631,14.416517, ,0.0,0.0,2,4000,0,0,0,0,1,0
CF,KLF,52.019353,13.563414,0,KLF,0.0,0.0,263.0,31.7,2,4000,0,0,0,0,0,0
CF,D308J,52.126114,13.370483,0,KLF,308.0,9.6,308.0,9.6,2,4000,0,0,0,0,0,0
CF,D308S,52.232556,13.176633,0,KLF,308.0,19.2,308.0,9.6,2,3000,0,0,0,0,0,1
CF,TEBGO,52.292308,13.246033,2,IBSE,244.8,11.3,65.0,5.0,2,3000,0,0,0,0,0,0

APPTR,I07R,07R,OGBER
IF,OGBER,52.613889,12.724722, ,0.0,0.0,2,8000,0,0,0,0,1,0
CR,0,BBI,295.0,216.0,2,8000,0,0,0,0,0,0
CF,KL40A,52.487614,12.792267,0,KLF,311.0,40.0,131.0,7.0,2,8000,0,0,0,0,0,0
CF,KL30A,52.371025,12.986578,0,KLF,311.0,30.0,131.0,10.0,2,6000,0,0,0,0,0,0
FC,KL30A,52.371025,12.986578,0,KLF,0.0,0.0,131.0,7.6,2,4000,0,0,0,0,0,1
CF,TEBGO,52.292308,13.246033,0,IBSE,244.8,11.3,65.0,5.0,2,3000,0,0,0,0,0,0

FINAL,I07R,07R,I,3
IF,TEBGO,52.292308,13.246033,IBSE,244.8,11.3,2,3000,0,0,0,0,0,0
CF,FI07R,52.322342,13.371483,0,IBSE,244.8,6.3,65.0,5.0,1,1420,0,0,0,0,2,0
CF,RW07R,52.345433,13.468428,0,IBSE,244.8,2.5,65.0,3.8,1,202,0,0,0,0,3,0
FD,RW07R,52.345433,13.468428,0,BBI,64.8,2.7,65.0,2.7,3,3000,0,0,0,0,0,0
CF,KLF,52.019353,13.563414,2,KLF,0.0,0.0,180.0,19.0,1,4000,0,0,0,0,0,0

APPTR,I25L,25L,ATGUP
IF,ATGUP,51.923589,13.788086, ,0.0,0.0,2,4000,0,0,0,0,1,0
CF,D200C,52.371794,14.101831,0,FWE,200.0,2.6,20.0,29.3,2,4000,0,0,0,0,0,1
CF,D271L,52.428289,13.805103,1,FWE,271.0,12.0,271.0,11.0,2,3000,0,0,0,0,0,0
CF,XANIM,52.411089,13.746475,0,IBSW,64.8,11.3,245.0,2.4,2,3000,0,0,0,0,0,0

APPTR,I25L,25L,KETAP
IF,KETAP,52.927853,13.654947, ,0.0,0.0,0,0,0,0,0,0,1,0
CF,D327O,52.618578,13.941703,0,FWE,327.0,14.3,147.0,21.3,2,6000,0,0,0,0,0,0
CF,D271L,52.428289,13.805103,0,KLF,15.9,26.1,197.0,12.5,2,3000,0,0,0,0,0,0
CF,XANIM,52.411089,13.746475,0,IBSW,64.8,11.3,245.0,2.4,2,3000,0,0,0,0,0,0

APPTR,I25L,25L,KLF
FD,KLF,52.019353,13.563414,0,KLF,0.0,13.6,23.0,13.6,2,4000,0,0,0,0,1,0
CF,D023Y,52.382303,13.865939,0,KLF,23.0,24.5,23.0,10.9,2,3000,0,0,0,0,0,1
CF,XANIM,52.411089,13.746475,1,IBSW,64.8,11.3,245.0,4.0,2,3000,0,0,0,0,0,0

APPTR,I25L,25L,NUKRO
IF,NUKRO,52.047631,14.416517, ,0.0,0.0,2,4000,0,0,0,0,1,0
CF,FWE,52.411331,14.130589,0,FWE,0.0,0.0,331.0,24.3,2,4000,0,0,0,0,0,0
CF,D271L,52.428289,13.805103,0,FWE,271.0,12.0,271.0,12.0,2,3000,0,0,0,0,0,0
CF,XANIM,52.411089,13.746475,0,IBSW,64.8,11.3,245.0,2.4,2,3000,0,0,0,0,0,0

APPTR,I25L,25L,OGBER
IF,OGBER,52.613889,12.724722, ,0.0,0.0,0,0,0,0,0,0,1,0
CF,D216P,52.707003,12.854572,0,LWB,216.0,15.9,36.0,7.3,2,8000,0,0,0,0,0,1
CF,D288T,52.534944,13.624467,0,FWE,288.0,20.0,108.0,30.0,2,6000,0,0,0,0,0,0
CF,D288M,52.491308,13.804464,0,FWE,288.0,12.9,108.0,7.1,2,3000,0,0,0,0,0,1
CF,XANIM,52.411089,13.746475,2,IBSW,64.8,11.3,245.0,3.0,2,3000,0,0,0,0,0,0

FINAL,I25L,25L,I,3
IF,XANIM,52.411089,13.746475,IBSW,64.8,11.3,2,3000,0,0,0,0,0,0
CF,FI25L,52.381392,13.620258,0,IBSW,64.8,6.3,245.0,5.0,1,1410,0,0,0,0,2,0
CF,RW25L,52.358425,13.523161,0,IBSW,64.8,2.5,245.0,3.8,1,199,0,0,0,0,3,0
CF,D245A,52.338447,13.438817,0,BBI,245.1,0.6,245.0,3.3,3,3000,0,0,0,0,0,0
CF,KLF,52.019353,13.563414,0,KLF,0.0,0.0,161.0,20.0,1,4000,0,1,190,0,0,0

APPTR,I25R,25R,ATGUP
IF,ATGUP,51.923589,13.788086, ,0.0,0.0,2,4000,0,0,0,0,1,0
CF,D200B,52.382439,14.109569,0,FWE,200.0,1.9,20.0,30.0,2,4000,0,0,0,0,0,1
CF,D289H,52.463183,13.929925,1,FWE,289.0,8.0,289.0,8.0,2,4000,0,0,0,0,0,0
CF,UBURU,52.448706,13.829058,0,IBNW,64.8,13.9,245.0,4.0,2,4000,0,0,0,0,0,0

APPTR,I25R,25R,KETAP
IF,KETAP,52.927853,13.654947, ,0.0,0.0,0,0,0,0,0,0,1,0
FC,KETAP,52.927853,13.654947,0,FWE,0.0,0.0,147.0,24.0,2,6000,0,0,0,0,0,1
CF,KLF31,52.479558,13.917172,0,KLF,21.1,30.6,201.0,7.0,2,4000,0,0,0,0,0,0
CF,UBURU,52.448706,13.829058,0,IBNW,64.8,13.9,245.0,5.0,2,4000,0,0,0,0,0,0

APPTR,I25R,25R,KLF
IF,KLF,52.019353,13.563414, ,0.0,0.0,2,4000,0,0,0,0,1,0
CF,KLF28,52.416750,13.954553,0,KLF,27.0,27.9,27.0,27.9,2,4000,0,0,0,0,0,1
CF,D289H,52.463183,13.929925,1,FWE,289.0,8.0,289.0,2.0,2,4000,0,0,0,0,0,1
CF,UBURU,52.448706,13.829058,0,IBNW,64.8,13.9,245.0,4.0,2,4000,0,0,0,0,0,0

APPTR,I25R,25R,NUKRO
IF,NUKRO,52.047631,14.416517, ,0.0,0.0,2,4000,0,0,0,0,1,0
CF,FWE,52.411331,14.130589,0,FWE,0.0,0.0,331.0,24.3,2,4000,0,0,0,0,0,0
CF,D289H,52.463183,13.929925,0,FWE,289.0,8.0,289.0,8.0,2,4000,0,0,0,0,0,0
CF,UBURU,52.448706,13.829058,0,IBNW,64.8,13.9,245.0,4.0,2,4000,0,0,0,0,0,0

APPTR,I25R,25R,OGBER
IF,OGBER,52.613889,12.724722, ,0.0,0.0,0,0,0,0,0,0,1,0
CF,D216F,52.833500,13.028631,0,LWB,216.0,6.0,36.0,17.2,2,8000,0,0,0,0,0,1
CF,D300T,52.596600,13.677408,0,FWE,300.0,20.0,120.0,27.6,2,6000,0,0,0,0,0,0
CF,D300K,52.510667,13.888611,0,FWE,300.0,10.7,120.0,9.3,2,4000,0,0,0,0,0,1
CF,UBURU,52.448706,13.829058,2,IBNW,64.8,13.9,245.0,4.0,2,4000,0,0,0,0,0,0

FINAL,I25R,25R,I,3
IF,UBURU,52.448706,13.829058,IBNW,64.8,13.9,2,4000,0,0,0,0,0,0
CF,FI25R,52.400344,13.623189,0,IBNW,64.8,5.8,245.0,8.1,1,1420,0,0,0,0,2,0
CF,RW25R,52.377431,13.526097,0,IBNW,64.8,2.0,245.0,3.8,1,204,0,0,0,0,3,0
CI,0, ,0.0,245.0,3,4000,0,0,0,0,0,0
CF,D297Q,52.487072,13.056764,0,BBI,297.0,17.0,297.0,16.0,3,5000,0,0,0,0,0,0
CF,OGBER,52.613889,12.724722,0,BBI,297.7,31.4,297.0,14.4,1,8000,0,0,0,0,0,0

APPTR,R07L,07L,ATGUP
IF,ATGUP,51.923589,13.788086, ,0.0,0.0,2,4000,0,0,0,0,1,0
TF,KLF,52.019353,13.563414,0, ,0.0,0.0,0.0,0.0,0,0,0,0,0,0,0,0
TF,DB901,52.193503,13.131069,0, ,0.0,0.0,0.0,0.0,0,0,0,0,0,0,0,0
TF,DB542,52.270981,13.081381,0, ,0.0,0.0,0.0,0.0,2,4000,0,1,210,0,1,0
TF,ODIDO,52.295367,13.182458,0, ,0.0,0.0,0.0,0.0,2,4000,0,0,0,0,0,0

APPTR,R07L,07L,KETAP
IF,KETAP,52.927853,13.654947, ,0.0,0.0,2,5000,0,0,0,0,1,0
TF,OGBER,52.613889,12.724722,0, ,0.0,0.0,0.0,0.0,2,5000,0,0,0,0,0,0
TF,DB542,52.270981,13.081381,0, ,0.0,0.0,0.0,0.0,2,4000,0,1,210,0,1,0
TF,ODIDO,52.295367,13.182458,0, ,0.0,0.0,0.0,0.0,2,4000,0,0,0,0,0,0

APPTR,R07L,07L,KLF
IF,KLF,52.019353,13.563414, ,0.0,0.0,2,4000,0,0,0,0,1,0
TF,DB901,52.193503,13.131069,0, ,0.0,0.0,0.0,0.0,0,0,0,0,0,0,0,0
TF,DB542,52.270981,13.081381,0, ,0.0,0.0,0.0,0.0,2,4000,0,1,210,0,1,0
TF,ODIDO,52.295367,13.182458,0, ,0.0,0.0,0.0,0.0,2,4000,0,0,0,0,0,0

APPTR,R07L,07L,NUKRO
IF,NUKRO,52.047631,14.416517, ,0.0,0.0,2,4000,0,0,0,0,1,0
TF,KLF,52.019353,13.563414,0, ,0.0,0.0,0.0,0.0,0,0,0,0,0,0,0,0
TF,DB901,52.193503,13.131069,0, ,0.0,0.0,0.0,0.0,0,0,0,0,0,0,0,0
TF,DB542,52.270981,13.081381,0, ,0.0,0.0,0.0,0.0,2,4000,0,1,210,0,1,0
TF,ODIDO,52.295367,13.182458,0, ,0.0,0.0,0.0,0.0,2,4000,0,0,0,0,0,0

APPTR,R07L,07L,OGBER
IF,OGBER,52.613889,12.724722, ,0.0,0.0,2,5000,0,0,0,0,1,0
TF,DB542,52.270981,13.081381,0, ,0.0,0.0,0.0,0.0,2,4000,0,1,210,0,1,0
TF,ODIDO,52.295367,13.182458,0, ,0.0,0.0,0.0,0.0,2,4000,0,0,0,0,0,0

FINAL,R07L,07L,R,2
IF,ODIDO,52.295367,13.182458, ,0.0,0.0,2,4000,0,0,0,0,2,0
TF,RW07L,52.367689,13.485025,0, ,0.0,0.0,65.0,12.0,1,194,0,0,0,0,3,1
CF,DB910,52.377431,13.526094,0,KLF,352.4,21.6,65.0,1.6,3,4000,0,0,0,0,0,1
DF,DB915,52.502561,13.513183,1, ,0.0,0.0,0,0,0,0,0,0,0,0
TF,OGBER,52.613889,12.724722,0, ,0.0,0.0,0.0,0.0,1,5000,0,0,0,0,0,0

APPTR,R07R,07R,ATGUP
IF,ATGUP,51.923589,13.788086, ,0.0,0.0,2,4000,0,0,0,0,1,0
TF,KLF,52.019353,13.563414,0, ,0.0,0.0,0.0,0.0,0,0,0,0,0,0,0,0
TF,DB951,52.161044,13.213269,0, ,0.0,0.0,0.0,0.0,2,4000,0,0,0,0,0,0
TF,DB552,52.267981,13.144928,0, ,0.0,0.0,0.0,0.0,2,3000,0,1,210,0,1,0
TF,TEBGO,52.292308,13.246033,0, ,0.0,0.0,0.0,0.0,2,3000,0,0,0,0,0,0

APPTR,R07R,07R,KETAP
IF,KETAP,52.927853,13.654947, ,0.0,0.0,2,5000,0,0,0,0,1,0
TF,OGBER,52.613889,12.724722,0, ,0.0,0.0,0.0,0.0,2,5000,0,0,0,0,0,0
TF,DB552,52.267981,13.144928,0, ,0.0,0.0,0.0,0.0,2,3000,0,1,210,0,1,0
TF,TEBGO,52.292308,13.246033,0, ,0.0,0.0,0.0,0.0,2,3000,0,0,0,0,0,0

APPTR,R07R,07R,KLF
IF,KLF,52.019353,13.563414, ,0.0,0.0,2,4000,0,0,0,0,1,0
TF,DB951,52.161044,13.213269,0, ,0.0,0.0,0.0,0.0,2,4000,0,0,0,0,0,0
TF,DB552,52.267981,13.144928,0, ,0.0,0.0,0.0,0.0,2,3000,0,1,210,0,1,0
TF,TEBGO,52.292308,13.246033,0, ,0.0,0.0,0.0,0.0,2,3000,0,0,0,0,0,0

APPTR,R07R,07R,NUKRO
IF,NUKRO,52.047631,14.416517, ,0.0,0.0,2,4000,0,0,0,0,1,0
TF,KLF,52.019353,13.563414,0, ,0.0,0.0,0.0,0.0,0,0,0,0,0,0,0,0
TF,DB951,52.161044,13.213269,0, ,0.0,0.0,0.0,0.0,2,4000,0,0,0,0,0,0
TF,DB552,52.267981,13.144928,0, ,0.0,0.0,0.0,0.0,2,3000,0,1,210,0,1,0
TF,TEBGO,52.292308,13.246033,0, ,0.0,0.0,0.0,0.0,2,3000,0,0,0,0,0,0

APPTR,R07R,07R,OGBER
IF,OGBER,52.613889,12.724722, ,0.0,0.0,2,5000,0,0,0,0,1,0
TF,DB552,52.267981,13.144928,0, ,0.0,0.0,0.0,0.0,2,3000,0,1,210,0,1,0
TF,TEBGO,52.292308,13.246033,0, ,0.0,0.0,0.0,0.0,2,3000,0,0,0,0,0,0

FINAL,R07R,07R,R,2
IF,TEBGO,52.292308,13.246033, ,0.0,0.0,2,3000,0,0,0,0,2,0
TF,RW07R,52.345433,13.468428,0, ,0.0,0.0,65.0,8.8,1,202,0,0,0,0,3,1
CF,DB960,52.358425,13.523158,0,KLF,351.8,20.4,65.0,2.2,3,3000,0,0,0,0,0,1
DF,KLF,52.019353,13.563414,2, ,0.0,0.0,1,4000,0,0,0,0,0,0

APPTR,R25L,25L,ATGUP
IF,ATGUP,51.923589,13.788086, ,0.0,0.0,2,4000,0,0,0,0,1,0
TF,DB850,52.328894,14.111981,0, ,0.0,0.0,0.0,0.0,0,0,0,0,0,0,0,0
TF,FWE,52.411331,14.130589,0, ,0.0,0.0,0.0,0.0,2,4000,0,0,0,0,0,0
TF,DB452,52.434906,13.848231,0, ,0.0,0.0,0.0,0.0,2,3000,0,1,210,0,1,0
TF,XANIM,52.411089,13.746475,0, ,0.0,0.0,0.0,0.0,2,3000,0,0,0,0,0,0

APPTR,R25L,25L,KETAP
IF,KETAP,52.927853,13.654947, ,0.0,0.0,2,5000,0,0,0,0,1,0
TF,DB853,52.512583,13.799581,0, ,0.0,0.0,0.0,0.0,2,5000,0,0,0,0,0,0
TF,DB452,52.434906,13.848231,0, ,0.0,0.0,0.0,0.0,2,3000,0,1,210,0,1,0
TF,XANIM,52.411089,13.746475,0, ,0.0,0.0,0.0,0.0,2,3000,0,0,0,0,0,0

APPTR,R25L,25L,KLF
IF,KLF,52.019353,13.563414, ,0.0,0.0,2,4000,0,0,0,0,1,0
TF,DB851,52.372778,13.887008,0, ,0.0,0.0,0.0,0.0,2,4000,0,0,0,0,0,0
TF,DB452,52.434906,13.848231,0, ,0.0,0.0,0.0,0.0,2,3000,0,1,210,0,1,0
TF,XANIM,52.411089,13.746475,0, ,0.0,0.0,0.0,0.0,2,3000,0,0,0,0,0,0

APPTR,R25L,25L,NUKRO
IF,NUKRO,52.047631,14.416517, ,0.0,0.0,2,4000,0,0,0,0,1,0
TF,FWE,52.411331,14.130589,0, ,0.0,0.0,0.0,0.0,2,4000,0,0,0,0,0,0
TF,DB452,52.434906,13.848231,0, ,0.0,0.0,0.0,0.0,2,3000,0,1,210,0,1,0
TF,XANIM,52.411089,13.746475,0, ,0.0,0.0,0.0,0.0,2,3000,0,0,0,0,0,0

APPTR,R25L,25L,OGBER
IF,OGBER,52.613889,12.724722, ,0.0,0.0,2,5000,0,0,0,0,1,0
TF,DB853,52.512583,13.799581,0, ,0.0,0.0,0.0,0.0,2,5000,0,0,0,0,0,0
TF,DB452,52.434906,13.848231,0, ,0.0,0.0,0.0,0.0,2,3000,0,1,210,0,1,0
TF,XANIM,52.411089,13.746475,0, ,0.0,0.0,0.0,0.0,2,3000,0,0,0,0,0,0

FINAL,R25L,25L,R,2
IF,XANIM,52.411089,13.746475, ,0.0,0.0,2,3000,0,0,0,0,2,0
TF,RW25L,52.358425,13.523161,0, ,0.0,0.0,245.0,8.8,1,199,0,0,0,0,3,1
CF,DB860,52.345433,13.468422,0,KLF,345.9,19.9,245.0,2.2,3,3000,0,1,190,0,0,1
DF,KLF,52.019353,13.563414,1, ,0.0,0.0,1,4000,0,0,0,0,0,0

APPTR,R25R,25R,ATGUP
IF,ATGUP,51.923589,13.788086, ,0.0,0.0,2,4000,0,0,0,0,1,0
TF,DB850,52.328894,14.111981,0, ,0.0,0.0,0.0,0.0,0,0,0,0,0,0,0,0
TF,FWE,52.411331,14.130589,0, ,0.0,0.0,0.0,0.0,0,0,0,0,0,0,0,0
TF,DB443,52.472450,13.930944,0, ,0.0,0.0,0.0,0.0,2,4000,0,1,210,0,1,0
TF,UBURU,52.448706,13.829058,0, ,0.0,0.0,0.0,0.0,2,4000,0,0,0,0,0,0

APPTR,R25R,25R,KETAP
IF,KETAP,52.927853,13.654947, ,0.0,0.0,2,5000,0,0,0,0,1,0
TF,DB802,52.550433,13.882231,0, ,0.0,0.0,0.0,0.0,0,0,0,0,0,0,0,0
TF,DB443,52.472450,13.930944,0, ,0.0,0.0,0.0,0.0,2,4000,0,1,210,0,1,0
TF,UBURU,52.448706,13.829058,0, ,0.0,0.0,0.0,0.0,2,4000,0,0,0,0,0,0

APPTR,R25R,25R,KLF
IF,KLF,52.019353,13.563414, ,0.0,0.0,2,4000,0,0,0,0,1,0
TF,DB800,52.394361,13.979539,0, ,0.0,0.0,0.0,0.0,0,0,0,0,0,0,0,0
TF,DB443,52.472450,13.930944,0, ,0.0,0.0,0.0,0.0,2,4000,0,1,210,0,1,0
TF,UBURU,52.448706,13.829058,0, ,0.0,0.0,0.0,0.0,2,4000,0,0,0,0,0,0

APPTR,R25R,25R,NUKRO
IF,NUKRO,52.047631,14.416517, ,0.0,0.0,2,4000,0,0,0,0,1,0
TF,FWE,52.411331,14.130589,0, ,0.0,0.0,0.0,0.0,0,0,0,0,0,0,0,0
TF,DB443,52.472450,13.930944,0, ,0.0,0.0,0.0,0.0,2,4000,0,1,210,0,1,0
TF,UBURU,52.448706,13.829058,0, ,0.0,0.0,0.0,0.0,2,4000,0,0,0,0,0,0

APPTR,R25R,25R,OGBER
IF,OGBER,52.613889,12.724722, ,0.0,0.0,2,5000,0,0,0,0,1,0
TF,DB802,52.550433,13.882231,0, ,0.0,0.0,0.0,0.0,2,5000,0,0,0,0,0,0
TF,DB443,52.472450,13.930944,0, ,0.0,0.0,0.0,0.0,2,4000,0,1,210,0,1,0
TF,UBURU,52.448706,13.829058,0, ,0.0,0.0,0.0,0.0,2,4000,0,0,0,0,0,0

FINAL,R25R,25R,R,2
IF,UBURU,52.448706,13.829058, ,0.0,0.0,2,4000,0,0,0,0,2,0
TF,RW25R,52.377431,13.526097,0, ,0.0,0.0,245.0,11.9,1,204,0,0,0,0,3,1
CF,DB810,52.361878,13.460558,0,KLF,345.6,20.9,245.0,2.6,3,4000,0,0,0,0,0,1
DF,OGBER,52.613889,12.724722,2, ,0.0,0.0,1,5000,0,0,0,0,0,0

