SID,EKER2P,08,2
CD, ,0,0,0,KHD,0,0.0,80.0,3.2,0,0,0,0,0,0,0,0
DF,KIL,54.377572,10.120022,2, ,0.0,0.0,0,0,0,0,0,0,0,0
TF,EKERN,54.505800,9.863867,0, ,0.0,0.0,0.0,0.0,0,0,0,0,0,0,0,0

SID,EKER2Q,26,2
CD, ,0,0,0,KHD,0,0.0,260.0,2.9,0,0,0,0,0,0,0,0
CI,0, ,0.0,327.0,0,0,0,0,0,0,0,0
CF,EKERN,54.505800,9.863867,0,HAM,343.4,50.8,308.0,3.0,0,0,0,0,0,0,0,0

SID,EKER6L,08,5
CA,0,80.0,2,500,0,0,0,0,0,0
DF,HK100,54.386103,10.229919,0, ,0.0,0.0,0,0,0,0,0,0,0,1
DF,KIL,54.377572,10.120022,2, ,0.0,0.0,0,0,0,0,0,0,0,0
TF,EKERN,54.505800,9.863867,0, ,0.0,0.0,0.0,0.0,0,0,0,0,0,0,0,0

SID,EKER6N,26,5
CA,0,260.0,2,500,0,0,0,0,0,0
DF,HK200,54.371136,10.038117,0, ,0.0,0.0,0,0,0,0,0,0,0,0
TF,HK206,54.465489,9.944681,0, ,0.0,0.0,0.0,0.0,0,0,0,0,0,0,0,0
TF,EKERN,54.505800,9.863867,0, ,0.0,0.0,0.0,0.0,2,4000,0,0,0,0,0,0

SID,HAM1L,08,5
CA,0,80.0,2,500,0,0,0,0,0,0
DF,HK101,54.389189,10.270061,0, ,0.0,0.0,0,0,0,0,0,0,0,0
TF,HK104,54.269208,10.258811,2, ,0.0,0.0,0.0,0.0,0,0,0,0,0,0,0,0
TF,HK105,53.968061,10.230858,0, ,0.0,0.0,0.0,0.0,0,0,0,0,0,0,0,0
TF,HAM,53.685575,10.204997,0, ,0.0,0.0,0.0,0.0,0,0,0,0,0,0,0,0

SID,HAM2P,08,2
CD, ,0,0,0,KHD,0,0.0,80.0,3.2,0,0,0,0,0,0,0,0
CF,D360Q,53.968056,10.230103,2,HAM,360.0,17.0,180.0,24.0,0,0,0,0,0,0,0,0
TF,HAM,53.685575,10.204997,0, ,0.0,0.0,0.0,0.0,0,0,0,0,0,0,0,0

SID,HAM2Q,26,2
CD, ,0,0,0,KHD,0,0.0,260.0,4.8,0,0,0,0,0,0,0,0
CF,D346Q,53.963214,10.113467,1,HAM,346.0,17.0,166.0,23.0,0,0,0,0,0,0,0,0
TF,HAM,53.685575,10.204997,0, ,0.0,0.0,0.0,0.0,0,0,0,0,0,0,0,0

SID,HAM9N,26,5
CA,0,260.0,2,500,0,0,0,0,0,0
DF,HK201,54.368436,10.004006,0, ,0.0,0.0,0,0,0,0,0,0,0,1
CA,0,260.0,2,1500,0,0,0,0,0,0
DF,HK209,54.295978,9.992094,1, ,0.0,0.0,0,0,0,0,0,0,0,0
TF,HK210,53.962700,10.109119,0, ,0.0,0.0,0.0,0.0,0,0,0,0,0,0,0,0
TF,HAM,53.685575,10.204997,0, ,0.0,0.0,0.0,0.0,0,0,0,0,0,0,0,0

SID,LUGE1L,08,5
CA,0,80.0,2,500,0,0,0,0,0,0
DF,HK101,54.389189,10.270061,0, ,0.0,0.0,0,0,0,0,0,0,0,0
TF,HK103,54.273358,10.259200,2, ,0.0,0.0,0.0,0.0,0,0,0,0,0,0,0,0
TF,HK106,54.037067,10.550294,0, ,0.0,0.0,0.0,0.0,0,0,0,0,0,0,0,0
TF,LUGEG,53.940742,10.667786,0, ,0.0,0.0,0.0,0.0,0,0,0,0,0,0,0,0

SID,LUGE1N,26,5
CA,0,260.0,2,500,0,0,0,0,0,0
DF,HK201,54.368436,10.004006,0, ,0.0,0.0,0,0,0,0,0,0,0,1
CA,0,260.0,2,1500,0,0,0,0,0,0
DF,HK207,54.300003,10.046150,1, ,0.0,0.0,0,0,0,0,0,0,0,0
TF,HK208,54.025781,10.522083,0, ,0.0,0.0,0.0,0.0,0,0,0,0,0,0,0,0
TF,LUGEG,53.940742,10.667786,0, ,0.0,0.0,0.0,0.0,0,0,0,0,0,0,0,0

SID,RENS1L,08,5
CA,0,80.0,2,500,0,0,0,0,0,0
DF,HK101,54.389189,10.270061,0, ,0.0,0.0,0,0,0,0,0,0,0,0
TF,HK104,54.269208,10.258811,2, ,0.0,0.0,0.0,0.0,0,0,0,0,0,0,0,0
TF,RENSU,54.243544,9.780128,0, ,0.0,0.0,0.0,0.0,0,0,0,0,0,0,0,0

SID,RENS1N,26,5
CA,0,260.0,2,500,0,0,0,0,0,0
DF,HK201,54.368436,10.004006,0, ,0.0,0.0,0,0,0,0,0,0,0,1
CA,0,260.0,2,1500,0,0,0,0,0,0
DF,HK205,54.298792,9.919683,1, ,0.0,0.0,0,0,0,0,0,0,0,0
TF,RENSU,54.243544,9.780128,0, ,0.0,0.0,0.0,0.0,2,4000,0,0,0,0,0,0

APPTR,I08,08,KIL
IF,KIL,54.377572,10.120022, ,0.0,0.0,0,0,0,0,0,0,1,0
CF,D097G,54.395394,9.945561,0,HAM,345.0,43.6,277.0,6.2,2,2000,0,0,0,0,0,1
CF,CI08,54.368425,9.944994,1,IKHE,262.0,7.2,82.0,1.0,2,2000,0,0,0,0,0,0

FINAL,I08,08,I,3
IF,CI08,54.368425,9.944994,IKHE,262.0,7.2,2,2000,0,0,0,0,0,0
CF,FI08,54.369919,9.973378,0,IKHE,262.0,6.2,82.0,1.0,1,2000,0,0,0,0,2,0
CF,RW08,54.378928,10.137331,0,IKHE,266.1,0.4,82.0,5.8,1,136,0,0,0,0,3,0
CF,D082C,54.383214,10.231653,0,HAM,358.3,41.9,82.0,3.3,0,0,0,0,0,0,0,1
DF,KIL,54.377572,10.120022,1, ,0.0,0.0,1,2000,0,0,0,0,0,0

APPTR,I26,26,KIL
IF,KIL,54.377572,10.120022, ,0.0,0.0,0,0,0,0,0,0,1,0
CF,D269G,54.372639,10.351058,0,HAM,4.1,41.6,89.0,8.1,2,2000,0,0,0,0,0,1
CF,CI26,54.395261,10.349864,1,IKHW,79.4,7.7,260.0,1.0,2,2000,0,0,0,0,0,0

FINAL,I26,26,I,3
IF,CI26,54.395261,10.349864,IKHW,79.4,7.7,2,2000,0,0,0,0,0,0
CF,BARQI,54.392864,10.318258,0,IKHW,79.4,6.5,260.0,1.1,1,2000,0,0,0,0,2,0
CF,RW26,54.380156,10.153133,0,IKHW,79.4,0.7,260.0,5.8,1,139,0,0,0,0,3,0
CF,D260C,54.373456,10.061647,0,HAM,350.1,41.7,260.0,3.2,0,0,0,0,0,0,0,1
DF,KIL,54.377572,10.120022,2, ,0.0,0.0,1,2000,0,0,0,0,0,0

APPTR,Q26,26,KIL
IF,KIL,54.377572,10.120022, ,0.0,0.0,0,0,0,0,0,0,1,0
CF,D269G,54.372639,10.351058,0,HAM,4.1,41.6,89.0,8.1,2,2000,0,0,0,0,0,1
CF,BARQI,54.392864,10.318258,1,HAM,2.3,42.7,260.0,2.0,2,2000,0,0,0,0,0,0

FINAL,Q26,26,N,3
IF,BARQI,54.392864,10.318258,KIL,0.0,0.0,2,2000,0,0,0,0,2,0
CF,32DME,54.386183,10.231136,0,KIL,0.0,0.0,260.0,3.1,2,1010,0,0,0,0,0,0
CF,RW26,54.380156,10.153133,0,KHD,0.0,0.4,260.0,2.8,1,139,0,0,0,0,3,0
CF,D260C,54.373456,10.061647,0,HAM,350.1,41.7,260.0,3.2,0,0,0,0,0,0,0,1
DF,KIL,54.377572,10.120022,2, ,0.0,0.0,1,2000,0,0,0,0,0,0

APPTR,R08,08,KIL
IF,KIL,54.377572,10.120022, ,0.0,0.0,2,2000,0,0,0,0,1,0
TF,HK081,54.394386,9.885314,0, ,0.0,0.0,0.0,0.0,2,2000,0,1,140,0,0,0
TF,HK080,54.359767,9.893272,1, ,0.0,0.0,0.0,0.0,2,2000,0,0,0,0,1,0

FINAL,R08,08,R,3
IF,HK080,54.359767,9.893272, ,0.0,0.0,2,2000,0,0,0,0,0,0
TF,GETFO,54.365997,9.972489,0, ,0.0,0.0,80.0,2.8,2,2000,0,0,0,0,2,0
TF,RW08,54.378928,10.137331,0, ,0.0,0.0,80.0,5.8,1,139,0,0,0,0,3,1
CF,HK089,54.386222,10.229986,0,HAM,358.2,42.1,80.0,3.3,0,0,0,0,0,0,0,1
DF,KIL,54.377572,10.120022,1, ,0.0,0.0,1,2000,0,0,0,0,0,0

APPTR,R26,26,KIL
IF,KIL,54.377572,10.120022, ,0.0,0.0,2,2000,0,0,0,0,1,0
TF,HK261,54.364958,10.414764,0, ,0.0,0.0,0.0,0.0,2,2000,0,1,140,0,0,0
TF,HK260,54.399583,10.406853,1, ,0.0,0.0,0.0,0.0,2,2000,0,0,0,0,1,0

FINAL,R26,26,R,3
IF,HK260,54.399583,10.406853, ,0.0,0.0,2,2000,0,0,0,0,0,0
TF,BARQI,54.392864,10.318258,0, ,0.0,0.0,260.0,3.1,2,2000,0,0,0,0,2,0
TF,RW26,54.380156,10.153133,0, ,0.0,0.0,260.0,5.8,1,139,0,0,0,0,3,1
CF,HK269,54.372936,10.060492,0,HAM,350.0,41.6,260.0,3.3,0,0,0,0,0,0,0,1
DF,KIL,54.377572,10.120022,2, ,0.0,0.0,1,2000,0,0,0,0,0,0

