SID,KUCM1G,25,5
DF,WE303,53.378028,7.156222,0, ,0.0,0.0,0,0,0,1,200,0,0,1
DF,WE305,53.383489,7.402881,2, ,0.0,0.0,0,0,0,0,0,0,0,0
TF,KUCMI,53.310556,7.765556,0, ,0.0,0.0,0.0,0.0,0,0,0,0,0,0,0,0

SID,KUCM1P,07,5
DF,WE404,53.420569,7.386256,0, ,0.0,0.0,0,0,0,0,0,0,0,0
TF,WE405,53.384858,7.509986,0, ,0.0,0.0,0.0,0.0,0,0,0,0,0,0,0,0
TF,KUCMI,53.310556,7.765556,0, ,0.0,0.0,0.0,0.0,0,0,0,0,0,0,0,0

APPTR,R07-Z,07,KUCMI
IF,KUCMI,53.310556,7.765556, ,0.0,0.0,2,4000,0,0,0,0,1,0
TF,WE221,53.349847,7.287167,0, ,0.0,0.0,0.0,0.0,2,3000,0,0,0,0,0,0
TF,WE222,53.454328,7.097894,0, ,0.0,0.0,0.0,0.0,2,2000,0,0,0,0,0,0
TF,WE223,53.429525,6.964833,0, ,0.0,0.0,0.0,0.0,2,2000,0,0,0,0,0,0
TF,WE224,53.350075,7.006314,0, ,0.0,0.0,0.0,0.0,2,1700,0,1,200,0,1,0

FINAL,R07-Z,07,R,3
IF,WE224,53.350075,7.006314, ,0.0,0.0,2,1700,0,1,200,0,0,0
TF,DOKUV,53.367297,7.098436,0, ,0.0,0.0,70.0,3.5,2,1500,0,0,0,0,2,0
TF,RW07,53.389925,7.220153,0, ,0.0,0.0,70.0,4.6,1,42,0,0,0,0,3,1
TF,WE225,53.420569,7.386258,0, ,0.0,0.0,0.0,0.0,0,0,0,0,0,0,0,1
TF,KUCMI,53.310556,7.765556,0, ,0.0,0.0,0.0,0.0,1,4000,0,0,0,0,0,0

APPTR,R25-Z,25,KUCMI
IF,KUCMI,53.310556,7.765556, ,0.0,0.0,2,4000,0,0,0,0,1,0
TF,WE120,53.387206,7.566078,0, ,0.0,0.0,0.0,0.0,2,3000,0,0,0,0,0,0
TF,WE122,53.432031,7.448764,0, ,0.0,0.0,0.0,0.0,2,1500,0,0,0,0,1,0

FINAL,R25-Z,25,R,3
IF,WE122,53.432031,7.448764, ,0.0,0.0,2,1500,0,0,0,0,0,0
TF,ARKUL,53.415075,7.356367,0, ,0.0,0.0,250.0,3.5,2,1500,0,0,0,0,2,0
TF,RW25,53.392583,7.234508,0, ,0.0,0.0,250.0,4.6,1,42,0,0,0,0,3,1
TF,WE123,53.378044,7.156078,0, ,0.0,0.0,0.0,0.0,0,0,0,1,200,0,0,1
DF,WE124,53.421642,7.290158,2, ,0.0,0.0,0,0,0,0,0,0,0,0
TF,KUCMI,53.310556,7.765556,0, ,0.0,0.0,0.0,0.0,1,4000,0,1,230,0,0,0

