SID,IGRE1N,02,5
DF,WI410,53.608878,8.124806,0, ,0.0,0.0,0,0,0,0,0,0,0,0
TF,WI411,53.583825,8.228467,0, ,0.0,0.0,0.0,0.0,0,0,0,0,0,0,0,0
TF,WI412,53.403781,8.198864,0, ,0.0,0.0,0.0,0.0,0,0,0,0,0,0,0,0
TF,WI413,53.345614,8.189356,0, ,0.0,0.0,0.0,0.0,0,0,0,0,0,0,0,0
TF,IGREF,53.195408,7.792572,0, ,0.0,0.0,0.0,0.0,0,0,0,0,0,0,0,0

SID,IGRE1S,20,5
DF,WI510,53.401031,7.983886,0, ,0.0,0.0,0,0,0,0,0,0,0,0
TF,IGREF,53.195408,7.792572,0, ,0.0,0.0,0.0,0.0,0,0,0,0,0,0,0,0

SID,POBZ1N,02,5
DF,WI410,53.608878,8.124806,0, ,0.0,0.0,0,0,0,0,0,0,0,0
TF,WI411,53.583825,8.228467,0, ,0.0,0.0,0.0,0.0,0,0,0,0,0,0,0,0
TF,WI412,53.403781,8.198864,0, ,0.0,0.0,0.0,0.0,0,0,0,0,0,0,0,0
TF,POBZU,53.357122,8.339528,0, ,0.0,0.0,0.0,0.0,0,0,0,0,0,0,0,0

SID,POBZ1S,20,5
DF,WI510,53.401031,7.983886,0, ,0.0,0.0,0,0,0,0,0,0,0,0
TF,WI511,53.330994,8.013853,0, ,0.0,0.0,0.0,0.0,0,0,0,0,0,0,0,0
TF,POBZU,53.357122,8.339528,0, ,0.0,0.0,0.0,0.0,0,0,0,0,0,0,0,0

APPTR,R02,02,KUCMI
IF,KUCMI,53.310556,7.765556, ,0.0,0.0,2,4000,0,0,0,0,1,0
TF,WI110,53.342439,7.944433,0, ,0.0,0.0,0.0,0.0,2,2000,0,0,0,0,1,0

FINAL,R02,02,R,3
IF,WI110,53.342439,7.944433, ,0.0,0.0,2,2000,0,0,0,0,0,0
TF,XETEL,53.404189,7.985989,0, ,0.0,0.0,19.0,4.0,2,2000,0,0,0,0,2,0
TF,RW02,53.498067,8.049481,0, ,0.0,0.0,19.0,6.1,1,63,0,0,0,0,3,1
TF,WI160,53.608878,8.124806,0, ,0.0,0.0,0.0,0.0,0,0,0,0,0,0,0,0
TF,WI161,53.583197,8.231058,0, ,0.0,0.0,0.0,0.0,0,0,0,0,0,0,0,0
TF,WI162,53.345406,8.194089,0, ,0.0,0.0,0.0,0.0,0,0,0,0,0,0,0,0
TF,KUCMI,53.310556,7.765556,0, ,0.0,0.0,0.0,0.0,1,4000,0,0,0,0,0,0

APPTR,R20,20,KUCMI
IF,KUCMI,53.310556,7.765556, ,0.0,0.0,2,4000,0,0,0,0,1,0
TF,WI210,53.335606,8.011567,0, ,0.0,0.0,0.0,0.0,2,4000,0,0,0,0,0,0
TF,WI211,53.452158,8.201631,0, ,0.0,0.0,0.0,0.0,2,4000,0,0,0,0,0,0
TF,WI212,53.630119,8.290411,0, ,0.0,0.0,0.0,0.0,2,2500,0,0,0,0,0,0
TF,WI215,53.661486,8.160717,0, ,0.0,0.0,0.0,0.0,2,2000,0,0,0,0,1,0

FINAL,R20,20,R,3
IF,WI215,53.661486,8.160717, ,0.0,0.0,2,2000,0,0,0,0,0,0
TF,NOSNO,53.599806,8.118625,0, ,0.0,0.0,199.0,4.0,2,2000,0,0,0,0,2,0
TF,RW20,53.506239,8.055019,0, ,0.0,0.0,199.0,6.1,1,68,0,0,0,0,3,1
TF,WI260,53.472256,8.032172,0, ,0.0,0.0,0.0,0.0,0,0,0,0,0,0,0,0
TF,KUCMI,53.310556,7.765556,0, ,0.0,0.0,0.0,0.0,1,2600,0,0,0,0,0,0

