SID,ETRO2C,07,5
CA,0,68.0,2,1040,0,0,0,0,0,0
DF,ABMUS,64.302094,27.902997,0, ,0.0,0.0,0,0,0,1,230,0,0,0
TF,ETROD,63.951389,27.805278,2, ,0.0,0.0,0.0,0.0,0,0,0,0,0,0,0,0

SID,ETRO2D,25,5
CA,0,248.0,2,830,0,0,0,0,0,0
DF,ULKEP,64.268092,27.476478,0, ,0.0,0.0,0,0,0,1,230,0,0,0
TF,ETEVI,64.170686,27.319461,0, ,0.0,0.0,0.0,0.0,0,0,0,1,250,0,0,0
TF,ETROD,63.951389,27.805278,0, ,0.0,0.0,0.0,0.0,0,0,0,0,0,0,0,0

SID,EVRI2C,07,5
CA,0,68.0,2,1040,0,0,0,0,0,0
DF,ABMUS,64.302094,27.902997,0, ,0.0,0.0,0,0,0,1,230,0,0,0
TF,EVRIG,64.560278,28.191944,0, ,0.0,0.0,0.0,0.0,0,0,0,0,0,0,0,0

SID,EVRI3D,25,5
CA,0,248.0,2,830,0,0,0,0,0,0
DF,ULKEP,64.268092,27.476478,0, ,0.0,0.0,0,0,0,1,230,0,0,0
TF,JAXSE,64.349722,27.441111,0, ,0.0,0.0,0.0,0.0,0,0,0,1,250,0,0,0
TF,EVRIG,64.560278,28.191944,0, ,0.0,0.0,0.0,0.0,0,0,0,0,0,0,0,0

SID,ODRU1C,07,5
CA,0,68.0,2,1040,0,0,0,0,0,0
DF,ABMUS,64.302094,27.902997,0, ,0.0,0.0,0,0,0,1,230,0,0,0
TF,KI362,64.383889,27.869167,0, ,0.0,0.0,0.0,0.0,0,0,0,1,250,0,0,0
TF,JAXSE,64.349722,27.441111,0, ,0.0,0.0,0.0,0.0,0,0,0,0,0,0,0,0
TF,ODRUB,64.070556,26.906111,0, ,0.0,0.0,0.0,0.0,0,0,0,0,0,0,0,0

SID,ODRU1D,25,5
CA,0,248.0,2,830,0,0,0,0,0,0
DF,ULKEP,64.268092,27.476478,0, ,0.0,0.0,0,0,0,1,230,0,0,0
TF,ODRUB,64.070556,26.906111,0, ,0.0,0.0,0.0,0.0,0,0,0,0,0,0,0,0

SID,UBIG2C,07,5
CA,0,68.0,2,1040,0,0,0,0,0,0
DF,ABMUS,64.302094,27.902997,0, ,0.0,0.0,0,0,0,1,230,0,0,0
TF,KI362,64.383889,27.869167,1, ,0.0,0.0,0.0,0.0,0,0,0,1,250,0,0,0
TF,UBIGA,64.384722,26.805000,0, ,0.0,0.0,0.0,0.0,0,0,0,0,0,0,0,0

SID,UBIG2D,25,5
CA,0,248.0,2,830,0,0,0,0,0,0
DF,ULKEP,64.268092,27.476478,0, ,0.0,0.0,0,0,0,1,230,0,0,0
TF,UBIGA,64.384722,26.805000,0, ,0.0,0.0,0.0,0.0,0,0,0,0,0,0,0,0

STAR,ETRO3A,07,5
IF,ETROD,63.951389,27.805278, ,0.0,0.0,2,10000,0,0,0,0,0,0
TF,ETEVI,64.170686,27.319461,0, ,0.0,0.0,0.0,0.0,2,3500,0,1,240,0,0,0
TF,LADID,64.252292,27.283889,0, ,0.0,0.0,0.0,0.0,2,3100,0,0,0,0,0,0

STAR,ETRO3B,25,5
IF,ETROD,63.951389,27.805278, ,0.0,0.0,2,10000,0,0,0,0,0,0
TF,EMBAN,64.235714,28.135147,0, ,0.0,0.0,0.0,0.0,2,3500,0,1,240,0,0,0
TF,INGIT,64.317511,28.101906,0, ,0.0,0.0,0.0,0.0,2,3100,0,0,0,0,0,0

STAR,EVRI2A,07,5
IF,EVRIG,64.560278,28.191944, ,0.0,0.0,2,10000,0,0,0,0,0,0
TF,ROGLU,64.333886,27.248106,0, ,0.0,0.0,0.0,0.0,2,3100,0,1,240,0,0,0
TF,LADID,64.252292,27.283889,0, ,0.0,0.0,0.0,0.0,2,3100,0,0,0,0,0,0

STAR,EVRI2B,25,5
IF,EVRIG,64.560278,28.191944, ,0.0,0.0,2,10000,0,0,0,0,0,0
TF,KUNES,64.399300,28.068467,0, ,0.0,0.0,0.0,0.0,2,3100,0,1,240,0,0,0
TF,INGIT,64.317511,28.101906,0, ,0.0,0.0,0.0,0.0,2,3100,0,0,0,0,0,0

STAR,ODRU1A,07,5
IF,ODRUB,64.070556,26.906111, ,0.0,0.0,2,10000,0,0,0,0,0,0
TF,LADID,64.252292,27.283889,0, ,0.0,0.0,0.0,0.0,2,3100,0,0,0,0,0,0

STAR,ODRU1B,25,5
IF,ODRUB,64.070556,26.906111, ,0.0,0.0,2,10000,0,0,0,0,0,0
TF,JAXSE,64.349722,27.441111,0, ,0.0,0.0,0.0,0.0,0,0,0,0,0,0,0,0
TF,KUNES,64.399300,28.068467,0, ,0.0,0.0,0.0,0.0,2,3100,0,1,240,0,0,0
TF,INGIT,64.317511,28.101906,0, ,0.0,0.0,0.0,0.0,2,3100,0,0,0,0,0,0

STAR,UBIG2A,07,5
IF,UBIGA,64.384722,26.805000, ,0.0,0.0,2,10000,0,0,0,0,0,0
TF,LADID,64.252292,27.283889,0, ,0.0,0.0,0.0,0.0,2,3100,0,0,0,0,0,0

STAR,UBIG3B,25,5
IF,UBIGA,64.384722,26.805000, ,0.0,0.0,2,10000,0,0,0,0,0,0
TF,RALHA,64.320067,27.082189,0, ,0.0,0.0,0.0,0.0,0,0,0,0,0,0,0,0
TF,JAXSE,64.349722,27.441111,0, ,0.0,0.0,0.0,0.0,0,0,0,0,0,0,0,0
TF,KUNES,64.399300,28.068467,0, ,0.0,0.0,0.0,0.0,2,3100,0,1,240,0,0,0
TF,INGIT,64.317511,28.101906,0, ,0.0,0.0,0.0,0.0,2,3100,0,0,0,0,0,0

APPTR,I07,07,ETEVI
IF,ETEVI,64.170686,27.319461, ,0.0,0.0,2,3500,0,1,240,0,1,0
TF,LADID,64.252292,27.283889,0,KI,0.0,0.0,0.0,0.0,2,3100,0,0,0,0,1,0

APPTR,I07,07,LADID
HF,LADID,64.252292,27.283889,1, ,0.0,0.0,68.0,04.3,2,3100,0,1,230,0,1,0,0

APPTR,I07,07,ROGLU
IF,ROGLU,64.333886,27.248106, ,0.0,0.0,2,3100,0,1,240,0,1,0
TF,LADID,64.252292,27.283889,0,KI,0.0,0.0,0.0,0.0,2,3100,0,0,0,0,1,0

FINAL,I07,07,I,3
IF,LADID,64.252292,27.283889,KI,247.6,11.8,2,3100,0,0,0,0,1,0
CF,ULKEP,64.268092,27.476478,0,KI,247.6,6.6,68.0,5.1,1,2100,0,0,0,0,2,0
CF,RW07,64.283447,27.667036,0,KI,247.6,1.6,68.0,5.1,1,486,0,0,0,0,3,1
CA,0,68.0,2,900,0,0,0,0,0,0
DF,INGIT,64.317511,28.101906,0, ,0.0,0.0,1,3100,0,0,0,0,0,0

APPTR,R07,07,ETEVI
IF,ETEVI,64.170686,27.319461, ,0.0,0.0,2,3500,0,1,240,0,1,0
TF,LADID,64.252292,27.283889,0, ,0.0,0.0,0.0,0.0,2,3100,0,0,0,0,1,0

APPTR,R07,07,LADID
HF,LADID,64.252292,27.283889,1, ,0.0,0.0,68.0,04.3,2,3100,0,0,0,0,1,0,0

APPTR,R07,07,ROGLU
IF,ROGLU,64.333886,27.248106, ,0.0,0.0,2,3100,0,1,240,0,1,0
TF,LADID,64.252292,27.283889,0, ,0.0,0.0,0.0,0.0,2,3100,0,0,0,0,1,0

FINAL,R07,07,R,3
IF,LADID,64.252292,27.283889, ,0.0,0.0,2,3100,0,0,0,0,0,0
TF,ULKEP,64.268092,27.476478,0, ,0.0,0.0,67.0,5.1,2,2100,0,0,0,0,2,0
TF,RW07,64.283447,27.667036,0, ,0.0,0.0,68.0,5.1,1,486,0,0,0,0,3,1
TF,INGIT,64.317511,28.101906,0, ,0.0,0.0,0.0,0.0,1,3100,0,0,0,0,0,0

APPTR,R25,25,EMBAN
IF,EMBAN,64.235714,28.135147, ,0.0,0.0,2,3500,0,1,240,0,1,0
TF,INGIT,64.317511,28.101906,0, ,0.0,0.0,0.0,0.0,2,3100,0,0,0,0,1,0

APPTR,R25,25,INGIT
HF,INGIT,64.317511,28.101906,2, ,0.0,0.0,248.0,04.3,2,3100,0,0,0,0,1,0,0

APPTR,R25,25,KUNES
IF,KUNES,64.399300,28.068467, ,0.0,0.0,2,3100,0,1,240,0,1,0
TF,INGIT,64.317511,28.101906,0, ,0.0,0.0,0.0,0.0,2,3100,0,0,0,0,1,0

FINAL,R25,25,R,3
IF,INGIT,64.317511,28.101906, ,0.0,0.0,2,3100,0,0,0,0,0,0
TF,ABMUS,64.302094,27.902997,0, ,0.0,0.0,248.0,5.3,2,2100,0,0,0,0,2,0
TF,RW25,64.287494,27.717797,0, ,0.0,0.0,248.0,4.9,1,534,0,0,0,0,3,1
TF,LADID,64.252292,27.283889,0, ,0.0,0.0,0.0,0.0,1,3100,0,0,0,0,0,0

