SID,ABKE4A,12,5
CA,0,110.0,2,430,0,0,0,0,0,0
DF,OU362,64.894272,25.494511,0, ,0.0,0.0,0,0,0,1,200,0,0,0
TF,ABKEM,64.481944,25.811389,0, ,0.0,0.0,0.0,0.0,0,0,0,0,0,0,0,0

SID,ABKE4B,30,5
CA,0,290.0,2,450,0,0,0,0,0,0
DF,OU365,64.965717,25.214244,0, ,0.0,0.0,0,0,0,1,200,0,0,0
TF,OU366,64.894397,25.113917,0, ,0.0,0.0,0.0,0.0,0,0,0,0,0,0,0,0
TF,ABKEM,64.481944,25.811389,0, ,0.0,0.0,0.0,0.0,0,0,0,0,0,0,0,0

SID,ASLU4A,12,5
CA,0,110.0,2,430,0,0,0,0,0,0
DF,OU362,64.894272,25.494511,0, ,0.0,0.0,0,0,0,1,200,0,0,0
TF,OU364,64.965333,25.595850,0, ,0.0,0.0,0.0,0.0,0,0,0,0,0,0,0,0
TF,ASLUP,65.398611,25.128056,0, ,0.0,0.0,0.0,0.0,0,0,0,0,0,0,0,0

SID,ASLU4B,30,5
CA,0,290.0,2,450,0,0,0,0,0,0
DF,OU365,64.965717,25.214244,0, ,0.0,0.0,0,0,0,1,200,0,0,0
TF,ASLUP,65.398611,25.128056,0, ,0.0,0.0,0.0,0.0,0,0,0,0,0,0,0,0

SID,BURJ1A,12,5
CA,0,110.0,2,430,0,0,0,0,0,0
DF,OU362,64.894272,25.494511,0, ,0.0,0.0,0,0,0,1,200,0,0,0
TF,OU364,64.965333,25.595850,0, ,0.0,0.0,0.0,0.0,0,0,0,0,0,0,0,0
TF,BURJA,65.374444,24.941944,0, ,0.0,0.0,0.0,0.0,0,0,0,0,0,0,0,0

SID,BURJ1B,30,5
CA,0,290.0,2,450,0,0,0,0,0,0
DF,OU365,64.965717,25.214244,0, ,0.0,0.0,0,0,0,1,200,0,0,0
TF,BURJA,65.374444,24.941944,0, ,0.0,0.0,0.0,0.0,0,0,0,0,0,0,0,0

SID,IXON4A,12,5
CA,0,110.0,2,430,0,0,0,0,0,0
DF,OU362,64.894272,25.494511,0, ,0.0,0.0,0,0,0,1,200,0,0,0
TF,OU363,64.823139,25.393706,0, ,0.0,0.0,0.0,0.0,0,0,0,0,0,0,0,0
TF,IXONO,64.591667,24.685278,0, ,0.0,0.0,0.0,0.0,0,0,0,0,0,0,0,0

SID,IXON4B,30,5
CA,0,290.0,2,450,0,0,0,0,0,0
DF,OU365,64.965717,25.214244,0, ,0.0,0.0,0,0,0,1,200,0,0,0
TF,OU366,64.894397,25.113917,0, ,0.0,0.0,0.0,0.0,0,0,0,0,0,0,0,0
TF,IXONO,64.591667,24.685278,0, ,0.0,0.0,0.0,0.0,0,0,0,0,0,0,0,0

SID,MIKN4A,12,5
CA,0,110.0,2,430,0,0,0,0,0,0
DF,OU362,64.894272,25.494511,0, ,0.0,0.0,0,0,0,1,200,0,0,0
TF,MIKNU,64.444167,25.437222,0, ,0.0,0.0,0.0,0.0,0,0,0,0,0,0,0,0

SID,MIKN4B,30,5
CA,0,290.0,2,450,0,0,0,0,0,0
DF,OU365,64.965717,25.214244,0, ,0.0,0.0,0,0,0,1,200,0,0,0
TF,OU366,64.894397,25.113917,0, ,0.0,0.0,0.0,0.0,0,0,0,0,0,0,0,0
TF,MIKNU,64.444167,25.437222,0, ,0.0,0.0,0.0,0.0,0,0,0,0,0,0,0,0

SID,NUBV4A,12,5
CA,0,110.0,2,430,0,0,0,0,0,0
DF,OU362,64.894272,25.494511,0, ,0.0,0.0,0,0,0,1,200,0,0,0
TF,OU364,64.965333,25.595850,0, ,0.0,0.0,0.0,0.0,0,0,0,0,0,0,0,0
TF,NUBVU,65.201111,25.753056,0, ,0.0,0.0,0.0,0.0,0,0,0,0,0,0,0,0

SID,NUBV4B,30,5
CA,0,290.0,2,450,0,0,0,0,0,0
DF,OU365,64.965717,25.214244,0, ,0.0,0.0,0,0,0,1,200,0,0,0
TF,OU367,65.036969,25.315111,0, ,0.0,0.0,0.0,0.0,0,0,0,0,0,0,0,0
TF,NUBVU,65.201111,25.753056,0, ,0.0,0.0,0.0,0.0,0,0,0,0,0,0,0,0

SID,OTVE4A,12,5
CA,0,110.0,2,430,0,0,0,0,0,0
DF,OU362,64.894272,25.494511,0, ,0.0,0.0,0,0,0,1,200,0,0,0
TF,OU364,64.965333,25.595850,0, ,0.0,0.0,0.0,0.0,0,0,0,0,0,0,0,0
TF,LILNU,65.092361,25.095544,0, ,0.0,0.0,0.0,0.0,0,0,0,0,0,0,0,0
TF,OTVEM,65.138611,24.222778,0, ,0.0,0.0,0.0,0.0,0,0,0,0,0,0,0,0

SID,OTVE4B,30,5
CA,0,290.0,2,450,0,0,0,0,0,0
DF,OU365,64.965717,25.214244,0, ,0.0,0.0,0,0,0,1,200,0,0,0
TF,OTVEM,65.138611,24.222778,0, ,0.0,0.0,0.0,0.0,0,0,0,0,0,0,0,0

SID,UGMO4A,12,5
CA,0,110.0,2,430,0,0,0,0,0,0
DF,OU362,64.894272,25.494511,0, ,0.0,0.0,0,0,0,1,200,0,0,0
TF,UGMOR,64.661111,26.141667,0, ,0.0,0.0,0.0,0.0,0,0,0,0,0,0,0,0

SID,UGMO4B,30,5
CA,0,290.0,2,450,0,0,0,0,0,0
DF,OU365,64.965717,25.214244,0, ,0.0,0.0,0,0,0,1,200,0,0,0
TF,OU367,65.036969,25.315111,0, ,0.0,0.0,0.0,0.0,0,0,0,0,0,0,0,0
TF,RUXOK,64.909211,25.813333,0, ,0.0,0.0,0.0,0.0,0,0,0,0,0,0,0,0
TF,UGMOR,64.661111,26.141667,0, ,0.0,0.0,0.0,0.0,0,0,0,0,0,0,0,0

SID,UPED4A,12,5
CA,0,110.0,2,430,0,0,0,0,0,0
DF,OU362,64.894272,25.494511,0, ,0.0,0.0,0,0,0,1,200,0,0,0
TF,OU364,64.965333,25.595850,0, ,0.0,0.0,0.0,0.0,0,0,0,0,0,0,0,0
TF,UPEDU,65.298056,25.485556,0, ,0.0,0.0,0.0,0.0,0,0,0,0,0,0,0,0

SID,UPED4B,30,5
CA,0,290.0,2,450,0,0,0,0,0,0
DF,OU365,64.965717,25.214244,0, ,0.0,0.0,0,0,0,1,200,0,0,0
TF,OU367,65.036969,25.315111,0, ,0.0,0.0,0.0,0.0,0,0,0,0,0,0,0,0
TF,UPEDU,65.298056,25.485556,0, ,0.0,0.0,0.0,0.0,0,0,0,0,0,0,0,0

SID,XEVA4A,12,5
CA,0,110.0,2,430,0,0,0,0,0,0
DF,OU362,64.894272,25.494511,0, ,0.0,0.0,0,0,0,1,200,0,0,0
TF,OU363,64.823139,25.393706,0, ,0.0,0.0,0.0,0.0,0,0,0,0,0,0,0,0
TF,XEVAP,64.836944,24.310000,0, ,0.0,0.0,0.0,0.0,0,0,0,0,0,0,0,0

SID,XEVA4B,30,5
CA,0,290.0,2,450,0,0,0,0,0,0
DF,OU365,64.965717,25.214244,0, ,0.0,0.0,0,0,0,1,200,0,0,0
TF,XEVAP,64.836944,24.310000,0, ,0.0,0.0,0.0,0.0,0,0,0,0,0,0,0,0

STAR,ABKE3C,12,5
IF,ABKEM,64.481944,25.811389, ,0.0,0.0,2,7000,0,0,0,0,0,0
TF,TEGBO,64.949494,24.895106,0, ,0.0,0.0,0.0,0.0,2,2300,0,1,240,0,0,0
TF,GITVU,65.020961,24.995056,0, ,0.0,0.0,0.0,0.0,2,2300,0,0,0,0,0,0

STAR,ABKE3D,30,5
IF,ABKEM,64.481944,25.811389, ,0.0,0.0,2,7000,0,0,0,0,0,0
TF,OSMAM,64.767311,25.610464,0, ,0.0,0.0,0.0,0.0,2,2300,0,1,240,0,0,0
TF,ADKIN,64.838297,25.711633,0, ,0.0,0.0,0.0,0.0,2,2300,0,0,0,0,0,0

STAR,BURJ1C,12,5
IF,BURJA,65.374444,24.941944, ,0.0,0.0,2,10000,0,0,0,0,0,0
TF,LILNU,65.092361,25.095544,0, ,0.0,0.0,0.0,0.0,2,2300,0,1,240,0,0,0
TF,GITVU,65.020961,24.995056,0, ,0.0,0.0,0.0,0.0,2,2300,0,0,0,0,0,0

STAR,BURJ1D,30,5
IF,BURJA,65.374444,24.941944, ,0.0,0.0,2,10000,0,0,0,0,0,0
TF,NIDMI,65.093014,25.473856,0, ,0.0,0.0,0.0,0.0,0,0,0,0,0,0,0,0
TF,RUXOK,64.909211,25.813333,0, ,0.0,0.0,0.0,0.0,2,2300,0,1,240,0,0,0
TF,ADKIN,64.838297,25.711633,0, ,0.0,0.0,0.0,0.0,2,2300,0,0,0,0,0,0

STAR,IXON4C,12,5
IF,IXONO,64.591667,24.685278, ,0.0,0.0,2,7000,0,0,0,0,0,0
TF,TEGBO,64.949494,24.895106,0, ,0.0,0.0,0.0,0.0,2,2300,0,1,240,0,0,0
TF,GITVU,65.020961,24.995056,0, ,0.0,0.0,0.0,0.0,2,2300,0,0,0,0,0,0

STAR,IXON4D,30,5
IF,IXONO,64.591667,24.685278, ,0.0,0.0,2,7000,0,0,0,0,0,0
TF,OSMAM,64.767311,25.610464,0, ,0.0,0.0,0.0,0.0,2,2300,0,1,240,0,0,0
TF,ADKIN,64.838297,25.711633,0, ,0.0,0.0,0.0,0.0,2,2300,0,0,0,0,0,0

STAR,NUBV3C,12,5
IF,NUBVU,65.201111,25.753056, ,0.0,0.0,2,10000,0,0,0,0,0,0
TF,LILNU,65.092361,25.095544,0, ,0.0,0.0,0.0,0.0,2,2300,0,1,240,0,0,0
TF,GITVU,65.020961,24.995056,0, ,0.0,0.0,0.0,0.0,2,2300,0,0,0,0,0,0

STAR,NUBV4D,30,5
IF,NUBVU,65.201111,25.753056, ,0.0,0.0,2,10000,0,0,0,0,0,0
TF,LURUR,65.156081,25.600836,0, ,0.0,0.0,0.0,0.0,0,0,0,0,0,0,0,0
TF,RUXOK,64.909211,25.813333,0, ,0.0,0.0,0.0,0.0,2,2300,0,1,240,0,0,0
TF,ADKIN,64.838297,25.711633,0, ,0.0,0.0,0.0,0.0,2,2300,0,0,0,0,0,0

STAR,OTVE4C,12,5
IF,OTVEM,65.138611,24.222778, ,0.0,0.0,2,7000,0,0,0,0,0,0
TF,GITVU,65.020961,24.995056,0, ,0.0,0.0,0.0,0.0,2,2300,0,0,0,0,0,0

STAR,OTVE4D,30,5
IF,OTVEM,65.138611,24.222778, ,0.0,0.0,2,7000,0,0,0,0,0,0
TF,LILNU,65.092361,25.095544,0, ,0.0,0.0,0.0,0.0,0,0,0,0,0,0,0,0
TF,RUXOK,64.909211,25.813333,0, ,0.0,0.0,0.0,0.0,2,2300,0,1,240,0,0,0
TF,ADKIN,64.838297,25.711633,0, ,0.0,0.0,0.0,0.0,2,2300,0,0,0,0,0,0

STAR,SUVI4C,12,5
IF,SUVIB,64.431944,25.128889, ,0.0,0.0,2,7000,0,0,0,0,0,0
TF,TEGBO,64.949494,24.895106,0, ,0.0,0.0,0.0,0.0,2,2300,0,1,240,0,0,0
TF,GITVU,65.020961,24.995056,0, ,0.0,0.0,0.0,0.0,2,2300,0,0,0,0,0,0

STAR,SUVI4D,30,5
IF,SUVIB,64.431944,25.128889, ,0.0,0.0,2,7000,0,0,0,0,0,0
TF,OSMAM,64.767311,25.610464,0, ,0.0,0.0,0.0,0.0,2,2300,0,1,240,0,0,0
TF,ADKIN,64.838297,25.711633,0, ,0.0,0.0,0.0,0.0,2,2300,0,0,0,0,0,0

STAR,UGMO3C,12,5
IF,UGMOR,64.661111,26.141667, ,0.0,0.0,2,10000,0,0,0,0,0,0
TF,RUXOK,64.909211,25.813333,0, ,0.0,0.0,0.0,0.0,0,0,0,0,0,0,0,0
TF,LILNU,65.092361,25.095544,0, ,0.0,0.0,0.0,0.0,2,2300,0,1,240,0,0,0
TF,GITVU,65.020961,24.995056,0, ,0.0,0.0,0.0,0.0,2,2300,0,0,0,0,0,0

STAR,UGMO3D,30,5
IF,UGMOR,64.661111,26.141667, ,0.0,0.0,2,10000,0,0,0,0,0,0
TF,ADKIN,64.838297,25.711633,0, ,0.0,0.0,0.0,0.0,2,2300,0,0,0,0,0,0

STAR,UPED3C,12,5
IF,UPEDU,65.298056,25.485556, ,0.0,0.0,2,10000,0,0,0,0,0,0
TF,LILNU,65.092361,25.095544,0, ,0.0,0.0,0.0,0.0,2,2300,0,1,240,0,0,0
TF,GITVU,65.020961,24.995056,0, ,0.0,0.0,0.0,0.0,2,2300,0,0,0,0,0,0

STAR,UPED4D,30,5
IF,UPEDU,65.298056,25.485556, ,0.0,0.0,2,10000,0,0,0,0,0,0
TF,NIDMI,65.093014,25.473856,0, ,0.0,0.0,0.0,0.0,0,0,0,0,0,0,0,0
TF,RUXOK,64.909211,25.813333,0, ,0.0,0.0,0.0,0.0,2,2300,0,1,240,0,0,0
TF,ADKIN,64.838297,25.711633,0, ,0.0,0.0,0.0,0.0,2,2300,0,0,0,0,0,0

STAR,XEVA4C,12,5
IF,XEVAP,64.836944,24.310000, ,0.0,0.0,2,7000,0,0,0,0,0,0
TF,TEGBO,64.949494,24.895106,0, ,0.0,0.0,0.0,0.0,2,2300,0,1,240,0,0,0
TF,GITVU,65.020961,24.995056,0, ,0.0,0.0,0.0,0.0,2,2300,0,0,0,0,0,0

STAR,XEVA4D,30,5
IF,XEVAP,64.836944,24.310000, ,0.0,0.0,2,7000,0,0,0,0,0,0
TF,OSMAM,64.767311,25.610464,0, ,0.0,0.0,0.0,0.0,2,2300,0,1,240,0,0,0
TF,ADKIN,64.838297,25.711633,0, ,0.0,0.0,0.0,0.0,2,2300,0,0,0,0,0,0

APPTR,D12,12,ABKEM
IF,ABKEM,64.481944,25.811389, ,0.0,0.0,2,7000,0,0,0,0,1,0
CF,D145N,64.718086,25.575981,0,OUK,145.0,14.0,325.0,15.5,2,2300,0,0,0,0,0,0
CI,0, ,0.0,325.0,0,0,0,0,0,0,0,0
AF,CD12,65.024553,24.942944,2,OUK,287.0,12.0,145.0,2,2300,0,0,0,0,1,0

APPTR,D12,12,BURJA
IF,BURJA,65.374444,24.941944, ,0.0,0.0,2,10000,0,0,0,0,1,0
CF,D328Q,65.194206,25.113600,0,OUK,327.6,17.0,148.0,11.7,2,2300,0,0,0,0,0,0
CF,CD12,65.024553,24.942944,0,OUK,287.0,12.0,200.0,10.0,2,2300,0,0,0,0,1,0

APPTR,D12,12,IXONO
IF,IXONO,64.591667,24.685278, ,0.0,0.0,2,7000,0,0,0,0,1,0
CF,D209N,64.754433,25.005178,0,OUK,209.6,14.0,29.0,12.8,2,2300,0,0,0,0,0,0
CI,0, ,0.0,29.0,0,0,0,0,0,0,0,0
AF,CD12,65.024553,24.942944,2,OUK,287.0,12.0,209.0,2,2300,0,0,0,0,1,0

APPTR,D12,12,NUBVU
IF,NUBVU,65.201111,25.753056, ,0.0,0.0,2,10000,0,0,0,0,1,0
CF,D020N,65.129606,25.647675,0,OUK,20.5,14.0,200.0,5.1,2,2300,0,0,0,0,0,0
CI,0, ,0.0,200.0,0,0,0,0,0,0,0,0
AF,CD12,65.024553,24.942944,1,OUK,287.0,12.0,20.0,2,2300,0,0,0,0,1,0

APPTR,D12,12,OTVEM
IF,OTVEM,65.138611,24.222778, ,0.0,0.0,2,7000,0,0,0,0,1,0
CI,0, ,0.0,77.0,0,0,0,0,0,0,0,0
CF,CD12,65.024553,24.942944,0,OUK,287.0,12.0,107.0,16.0,2,2300,0,0,0,0,1,0

APPTR,D12,12,SUVIB
IF,SUVIB,64.431944,25.128889, ,0.0,0.0,2,7000,0,0,0,0,1,0
CF,D180N,64.703439,25.253011,0,OUK,180.3,14.0,360.0,16.7,2,2300,0,0,0,0,0,0
CI,0, ,0.0,360.0,0,0,0,0,0,0,0,0
AF,CD12,65.024553,24.942944,2,OUK,287.0,12.0,180.0,2,2300,0,0,0,0,1,0

APPTR,D12,12,UPEDU
IF,UPEDU,65.298056,25.485556, ,0.0,0.0,2,10000,0,0,0,0,1,0
CF,D357N,65.161706,25.438167,0,OUK,357.2,14.0,177.0,8.3,2,2300,0,0,0,0,0,0
CI,0, ,0.0,177.0,0,0,0,0,0,0,0,0
AF,CD12,65.024553,24.942944,1,OUK,287.0,12.0,357.0,2,2300,0,0,0,0,1,0

APPTR,D12,12,XEVAP
IF,XEVAP,64.836944,24.310000, ,0.0,0.0,2,7000,0,0,0,0,1,0
CF,D247Q,64.873811,24.708358,0,OUK,247.5,17.0,67.0,10.4,2,2300,0,0,0,0,0,0
CF,CD12,65.024553,24.942944,0,OUK,287.0,12.0,20.0,10.9,2,2300,0,0,0,0,1,0

FINAL,D12,12,D,3
IF,CD12,65.024553,24.942944,OUK,287.0,12.0,2,2300,0,0,0,0,0,0
CF,FD12,64.976647,25.158414,0,OUK,287.0,5.8,107.0,6.2,2,1710,0,0,0,0,2,0
CF,RW12,64.935836,25.331894,0,OUK,279.3,0.8,107.0,5.1,1,97,0,0,0,0,3,0
CF,OUK,64.931553,25.359283,0,OUK,0.0,0.0,107.0,0.8,2,450,0,0,0,0,0,0
CF,DEKOT,64.856944,25.618056,0,OUK,113.1,8.0,113.0,8.0,1,2300,0,0,0,0,0,0

APPTR,D30,30,ABKEM
IF,ABKEM,64.481944,25.811389, ,0.0,0.0,2,7000,0,0,0,0,1,0
CF,D145N,64.718086,25.575981,0,OUK,145.0,14.0,325.0,15.5,2,2300,0,0,0,0,0,0
CI,0, ,0.0,325.0,0,0,0,0,0,0,0,0
AF,CD30,64.819578,25.747225,1,OUK,113.0,12.0,145.0,2,2300,0,0,0,0,1,0

APPTR,D30,30,BURJA
IF,BURJA,65.374444,24.941944, ,0.0,0.0,2,10000,0,0,0,0,1,0
CF,D328N,65.147883,25.157308,0,OUK,327.6,14.0,148.0,14.7,2,2300,0,0,0,0,0,0
CI,0, ,0.0,148.0,0,0,0,0,0,0,0,0
AF,CD30,64.819578,25.747225,2,OUK,113.0,12.0,328.0,2,2300,0,0,0,0,1,0

APPTR,D30,30,IXONO
IF,IXONO,64.591667,24.685278, ,0.0,0.0,2,7000,0,0,0,0,1,0
CF,D209N,64.754433,25.005178,0,OUK,209.6,14.0,29.0,12.8,2,2300,0,0,0,0,0,0
CI,0, ,0.0,29.0,0,0,0,0,0,0,0,0
AF,CD30,64.819578,25.747225,1,OUK,113.0,12.0,209.0,2,2300,0,0,0,0,1,0

APPTR,D30,30,NUBVU
IF,NUBVU,65.201111,25.753056, ,0.0,0.0,2,10000,0,0,0,0,1,0
CF,D020N,65.129606,25.647675,0,OUK,20.5,14.0,200.0,5.1,2,2300,0,0,0,0,0,0
CI,0, ,0.0,200.0,0,0,0,0,0,0,0,0
AF,CD30,64.819578,25.747225,2,OUK,113.0,12.0,20.0,2,2300,0,0,0,0,1,0

APPTR,D30,30,SUVIB
IF,SUVIB,64.431944,25.128889, ,0.0,0.0,2,7000,0,0,0,0,1,0
CF,D180N,64.703439,25.253011,0,OUK,180.3,14.0,360.0,16.7,2,2300,0,0,0,0,0,0
CI,0, ,0.0,360.0,0,0,0,0,0,0,0,0
AF,CD30,64.819578,25.747225,1,OUK,113.0,12.0,180.0,2,2300,0,0,0,0,1,0

APPTR,D30,30,UGMOR
IF,UGMOR,64.661111,26.141667, ,0.0,0.0,2,10000,0,0,0,0,1,0
CI,0, ,0.0,323.0,0,0,0,0,0,0,0,0
CF,CD30,64.819578,25.747225,0,OUK,113.0,12.0,293.0,11.0,2,2300,0,0,0,0,1,0

APPTR,D30,30,UPEDU
IF,UPEDU,65.298056,25.485556, ,0.0,0.0,2,10000,0,0,0,0,1,0
CF,D357N,65.161706,25.438167,0,OUK,357.2,14.0,177.0,8.3,2,2300,0,0,0,0,0,0
CI,0, ,0.0,177.0,0,0,0,0,0,0,0,0
AF,CD30,64.819578,25.747225,2,OUK,113.0,12.0,357.0,2,2300,0,0,0,0,1,0

APPTR,D30,30,XEVAP
IF,XEVAP,64.836944,24.310000, ,0.0,0.0,2,7000,0,0,0,0,1,0
CF,D247N,64.884208,24.823022,0,OUK,247.5,14.0,67.0,13.4,2,2300,0,0,0,0,0,0
CI,0, ,0.0,67.0,0,0,0,0,0,0,0,0
AF,CD30,64.819578,25.747225,1,OUK,113.0,12.0,247.0,2,2300,0,0,0,0,1,0

FINAL,D30,30,D,4
IF,CD30,64.819578,25.747225,OUK,113.0,12.0,2,2300,0,0,0,0,0,0
CF,FD30,64.885019,25.521317,0,OUK,113.0,5.0,293.0,7.0,2,1710,0,0,0,0,2,0
CF,30VOR,64.903653,25.456572,0,OUK,113.0,3.0,293.0,2.0,2,970,0,0,0,0,0,0
CF,RW30,64.924281,25.377225,0,OUK,122.7,0.6,293.0,2.4,1,84,0,0,0,0,3,0
CF,OUK,64.931553,25.359283,0,OUK,0.0,0.0,293.0,0.6,0,0,0,0,0,0,0,1
CF,MARUG,64.993889,25.082222,0,OUK,287.1,8.0,287.0,8.0,1,2300,0,0,0,0,0,1

APPTR,I12-Y,12,ABKEM
IF,ABKEM,64.481944,25.811389, ,0.0,0.0,2,7000,0,0,0,0,1,0
CF,D145N,64.718086,25.575981,0,OUK,145.5,14.0,325.0,15.5,2,2300,0,0,0,0,0,0
CI,0, ,0.0,325.0,0,0,0,0,0,0,0,0
AF,D276L,64.989153,24.908950,2,OUK,276.0,12.0,145.0,2,2300,0,0,0,0,0,0
CI,0,OU,0.0,80.0,0,0,0,0,0,0,0,0

APPTR,I12-Y,12,BURJA
IF,BURJA,65.374444,24.941944, ,0.0,0.0,2,10000,0,0,0,0,1,0
CF,D328Q,65.194206,25.113600,0,OUK,327.6,17.0,148.0,11.7,2,2300,0,0,0,0,0,0
CF,CI12Y,65.031681,24.952250,0,OU,290.0,12.8,200.0,10.0,2,2300,0,0,0,0,1,0

APPTR,I12-Y,12,IXONO
IF,IXONO,64.591667,24.685278, ,0.0,0.0,2,7000,0,0,0,0,1,0
CF,D209N,64.754433,25.005178,0,OUK,209.6,14.0,29.0,12.8,2,2300,0,0,0,0,0,0
CI,0, ,0.0,29.0,0,0,0,0,0,0,0,0
AF,D276L,64.989153,24.908950,2,OUK,276.0,12.0,209.0,2,2300,0,0,0,0,0,0
CI,0,OU,0.0,80.0,0,0,0,0,0,0,0,0

APPTR,I12-Y,12,NUBVU
IF,NUBVU,65.201111,25.753056, ,0.0,0.0,2,10000,0,0,0,0,1,0
CF,D020N,65.129606,25.647675,0,OUK,20.5,14.0,200.0,5.1,2,2300,0,0,0,0,0,0
CI,0, ,0.0,200.0,0,0,0,0,0,0,0,0
AF,D300L,65.061903,25.002914,1,OUK,300.0,12.0,20.0,2,2300,0,0,0,0,0,0
CI,0,OU,0.0,140.0,0,0,0,0,0,0,0,0

APPTR,I12-Y,12,OTVEM
IF,OTVEM,65.138611,24.222778, ,0.0,0.0,2,7000,0,0,0,0,1,0
CI,0, ,0.0,77.0,0,0,0,0,0,0,0,0
CF,CI12Y,65.031681,24.952250,0,OU,290.0,12.8,107.0,16.0,2,2300,0,0,0,0,1,0

APPTR,I12-Y,12,SUVIB
IF,SUVIB,64.431944,25.128889, ,0.0,0.0,2,7000,0,0,0,0,1,0
CF,D180N,64.703439,25.253011,0,OUK,180.3,14.0,360.0,16.7,2,2300,0,0,0,0,0,0
CI,0, ,0.0,360.0,0,0,0,0,0,0,0,0
AF,D276L,64.989153,24.908950,2,OUK,276.0,12.0,180.0,2,2300,0,0,0,0,0,0
CI,0,OU,0.0,80.0,0,0,0,0,0,0,0,0

APPTR,I12-Y,12,UPEDU
IF,UPEDU,65.298056,25.485556, ,0.0,0.0,2,10000,0,0,0,0,1,0
CF,D357N,65.161706,25.438167,0,OUK,357.2,14.0,177.0,8.3,2,2300,0,0,0,0,0,0
CI,0, ,0.0,177.0,0,0,0,0,0,0,0,0
AF,D300L,65.061903,25.002914,1,OUK,300.0,12.0,357.0,2,2300,0,0,0,0,0,0
CI,0,OU,0.0,140.0,0,0,0,0,0,0,0,0

APPTR,I12-Y,12,XEVAP
IF,XEVAP,64.836944,24.310000, ,0.0,0.0,2,7000,0,0,0,0,1,0
CF,D247Q,64.873811,24.708358,0,OUK,247.5,17.0,67.0,10.4,2,2300,0,0,0,0,0,0
CF,CI12Y,65.031681,24.952250,0,OU,290.0,12.8,20.0,11.0,2,2300,0,0,0,0,1,0

FINAL,I12-Y,12,I,3
IF,CI12Y,65.031681,24.952250,OU,290.0,12.8,2,2300,0,0,0,0,0,0
CF,FI12Y,64.978800,25.162522,0,OU,290.0,6.6,110.0,6.2,1,1700,0,0,0,0,2,0
CF,RW12,64.935836,25.331894,0,OU,290.0,1.5,110.0,5.0,1,97,0,0,0,0,3,0
CA,0,110.0,2,450,0,0,0,0,0,0
CF,DEKOT,64.856944,25.618056,0,OUK,113.1,8.0,113.0,8.0,1,2300,0,0,0,0,0,0

APPTR,I12-Z,12,LILNU
IF,LILNU,65.092361,25.095544, ,0.0,0.0,2,2300,0,1,240,0,1,0
CF,GITVU,65.020961,24.995056,0,OU,290.0,11.5,200.0,5.0,2,2300,0,0,0,0,1,0

APPTR,I12-Z,12,TEGBO
IF,TEGBO,64.949494,24.895106, ,0.0,0.0,2,2300,0,1,240,0,1,0
CF,GITVU,65.020961,24.995056,0,OU,290.0,11.5,20.0,5.0,2,2300,0,0,0,0,1,0

FINAL,I12-Z,12,I,3
IF,GITVU,65.020961,24.995056,OU,290.0,11.5,2,2300,0,0,0,0,1,0
CF,XEPDU,64.978786,25.162589,0,OU,290.0,6.6,110.0,5.0,1,1700,0,0,0,0,2,0
CF,RW12,64.935836,25.331894,0,OU,290.0,1.5,110.0,5.0,1,97,0,0,0,0,3,1
CA,0,110.0,2,700,0,0,0,0,0,0
DF,ADKIN,64.838297,25.711633,0, ,0.0,0.0,1,2300,0,0,0,0,0,0

APPTR,R12,12,GITVU
HF,GITVU,65.020961,24.995056,2, ,0.0,0.0,110.0,04.3,2,2300,0,1,230,0,1,0,0

APPTR,R12,12,LILNU
IF,LILNU,65.092361,25.095544, ,0.0,0.0,2,2300,0,1,240,0,1,0
TF,GITVU,65.020961,24.995056,0, ,0.0,0.0,0.0,0.0,2,2300,0,0,0,0,1,0

APPTR,R12,12,TEGBO
IF,TEGBO,64.949494,24.895106, ,0.0,0.0,2,2300,0,1,240,0,1,0
TF,GITVU,65.020961,24.995056,0, ,0.0,0.0,0.0,0.0,2,2300,0,0,0,0,1,0

FINAL,R12,12,R,3
IF,GITVU,65.020961,24.995056, ,0.0,0.0,2,2300,0,0,0,0,0,0
TF,XEPDU,64.978786,25.162589,0, ,0.0,0.0,110.0,5.0,2,1700,0,0,0,0,2,0
TF,RW12,64.935836,25.331894,0, ,0.0,0.0,110.0,5.0,1,97,0,0,0,0,3,1
TF,ADKIN,64.838297,25.711633,0, ,0.0,0.0,0.0,0.0,1,2300,0,0,0,0,0,0

APPTR,R30,30,ADKIN
HF,ADKIN,64.838297,25.711633,2, ,0.0,0.0,290.0,04.3,2,2300,0,1,230,0,1,0,0

APPTR,R30,30,OSMAM
IF,OSMAM,64.767311,25.610464, ,0.0,0.0,2,2300,0,1,240,0,1,0
TF,ADKIN,64.838297,25.711633,0, ,0.0,0.0,0.0,0.0,2,2300,0,0,0,0,1,0

APPTR,R30,30,RUXOK
IF,RUXOK,64.909211,25.813333, ,0.0,0.0,2,2300,0,1,240,0,1,0
TF,ADKIN,64.838297,25.711633,0, ,0.0,0.0,0.0,0.0,2,2300,0,0,0,0,1,0

FINAL,R30,30,R,3
IF,ADKIN,64.838297,25.711633, ,0.0,0.0,2,2300,0,0,0,0,0,0
TF,VAKBA,64.882339,25.540975,0, ,0.0,0.0,290.0,5.1,2,1900,0,0,0,0,2,0
TF,RW30,64.924281,25.377225,0, ,0.0,0.0,290.0,4.9,1,84,0,0,0,0,3,1
TF,GITVU,65.020961,24.995056,0, ,0.0,0.0,0.0,0.0,1,2300,0,0,0,0,0,0

