SID,ARFU1A,21,5
CA,0,205.0,2,1030,0,0,0,0,0,0
DF,RO362,66.507778,25.721944,0, ,0.0,0.0,0,0,0,1,200,0,0,0
TF,HETHI,66.457500,25.887500,0, ,0.0,0.0,0.0,0.0,0,0,0,1,230,0,0,0
TF,ARFUT,66.317222,26.369167,0, ,0.0,0.0,0.0,0.0,0,0,0,0,0,0,0,0

SID,ARFU1B,03,5
CA,0,25.0,2,1010,0,0,0,0,0,0
DF,RO363,66.621944,25.939444,0, ,0.0,0.0,0,0,0,1,200,0,0,0
TF,XEPGI,66.571667,26.105556,0, ,0.0,0.0,0.0,0.0,0,0,0,1,230,0,0,0
TF,ARFUT,66.317222,26.369167,0, ,0.0,0.0,0.0,0.0,0,0,0,0,0,0,0,0

SID,IBSA3A,21,5
CA,0,205.0,2,1030,0,0,0,0,0,0
DF,RO362,66.507778,25.721944,0, ,0.0,0.0,0,0,0,1,200,0,0,0
TF,XETKO,66.557778,25.555833,0, ,0.0,0.0,0.0,0.0,0,0,0,1,230,0,0,0
TF,IBSAN,66.708333,25.018056,0, ,0.0,0.0,0.0,0.0,0,0,0,0,0,0,0,0

SID,IBSA3B,03,5
CA,0,25.0,2,1010,0,0,0,0,0,0
DF,RO363,66.621944,25.939444,0, ,0.0,0.0,0,0,0,1,200,0,0,0
TF,NETNI,66.671944,25.772500,0, ,0.0,0.0,0.0,0.0,0,0,0,1,230,0,0,0
TF,IBSAN,66.708333,25.018056,0, ,0.0,0.0,0.0,0.0,0,0,0,0,0,0,0,0

SID,MARX1A,21,5
CA,0,205.0,2,1030,0,0,0,0,0,0
DF,RO362,66.507778,25.721944,0, ,0.0,0.0,0,0,0,1,200,0,0,0
TF,HETHI,66.457500,25.887500,0, ,0.0,0.0,0.0,0.0,0,0,0,1,230,0,0,0
TF,MARXO,66.604722,26.748889,0, ,0.0,0.0,0.0,0.0,0,0,0,0,0,0,0,0

SID,MARX1B,03,5
CA,0,25.0,2,1010,0,0,0,0,0,0
DF,RO363,66.621944,25.939444,0, ,0.0,0.0,0,0,0,1,200,0,0,0
TF,MARXO,66.604722,26.748889,0, ,0.0,0.0,0.0,0.0,0,0,0,0,0,0,0,0

SID,NEMG3A,21,5
CA,0,205.0,2,1030,0,0,0,0,0,0
DF,LALMA,66.480833,25.583333,0, ,0.0,0.0,0,0,0,1,230,0,0,0
TF,NEMGU,66.340000,24.694167,0, ,0.0,0.0,0.0,0.0,0,0,0,0,0,0,0,0

SID,NEMG3B,03,5
CA,0,25.0,2,1010,0,0,0,0,0,0
DF,RO363,66.621944,25.939444,0, ,0.0,0.0,0,0,0,1,200,0,0,0
TF,NETNI,66.671944,25.772500,0, ,0.0,0.0,0.0,0.0,0,0,0,1,230,0,0,0
TF,NEMGU,66.340000,24.694167,0, ,0.0,0.0,0.0,0.0,0,0,0,0,0,0,0,0

SID,NEPI3A,21,5
CA,0,205.0,2,1030,0,0,0,0,0,0
DF,RO362,66.507778,25.721944,0, ,0.0,0.0,0,0,0,1,200,0,0,0
TF,NEPIX,66.108333,25.124167,0, ,0.0,0.0,0.0,0.0,0,0,0,0,0,0,0,0

SID,NEPI3B,03,5
CA,0,25.0,2,1010,0,0,0,0,0,0
DF,RO363,66.621944,25.939444,0, ,0.0,0.0,0,0,0,1,200,0,0,0
TF,NETNI,66.671944,25.772500,0, ,0.0,0.0,0.0,0.0,0,0,0,1,230,0,0,0
TF,MIPGO,66.471378,25.393331,0, ,0.0,0.0,0.0,0.0,0,0,0,0,0,0,0,0
TF,NEPIX,66.108333,25.124167,0, ,0.0,0.0,0.0,0.0,0,0,0,0,0,0,0,0

SID,OLNO3A,21,5
CA,0,205.0,2,1030,0,0,0,0,0,0
DF,LALMA,66.480833,25.583333,0, ,0.0,0.0,0,0,0,1,230,0,0,0
TF,OLNOP,66.188611,24.705278,0, ,0.0,0.0,0.0,0.0,0,0,0,0,0,0,0,0

SID,OLNO3B,03,5
CA,0,25.0,2,1010,0,0,0,0,0,0
DF,RO363,66.621944,25.939444,0, ,0.0,0.0,0,0,0,1,200,0,0,0
TF,NETNI,66.671944,25.772500,0, ,0.0,0.0,0.0,0.0,0,0,0,1,230,0,0,0
TF,MIPGO,66.471378,25.393331,0, ,0.0,0.0,0.0,0.0,0,0,0,0,0,0,0,0
TF,OLNOP,66.188611,24.705278,0, ,0.0,0.0,0.0,0.0,0,0,0,0,0,0,0,0

SID,RENV3A,21,5
CA,0,205.0,2,1030,0,0,0,0,0,0
DF,NIVIR,66.439444,25.761667,0, ,0.0,0.0,0,0,0,0,0,0,0,0
TF,RENVI,66.076111,25.531667,0, ,0.0,0.0,0.0,0.0,0,0,0,0,0,0,0,0

SID,RENV3B,03,5
CA,0,25.0,2,1010,0,0,0,0,0,0
DF,RO363,66.621944,25.939444,0, ,0.0,0.0,0,0,0,1,200,0,0,0
TF,XEPGI,66.571667,26.105556,0, ,0.0,0.0,0.0,0.0,0,0,0,1,230,0,0,0
TF,RENVI,66.076111,25.531667,0, ,0.0,0.0,0.0,0.0,0,0,0,0,0,0,0,0

SID,ROTK3A,21,5
CA,0,205.0,2,1030,0,0,0,0,0,0
DF,RO362,66.507778,25.721944,0, ,0.0,0.0,0,0,0,1,200,0,0,0
TF,XETKO,66.557778,25.555833,0, ,0.0,0.0,0.0,0.0,0,0,0,1,230,0,0,0
TF,ROTKO,66.960556,25.961111,0, ,0.0,0.0,0.0,0.0,0,0,0,0,0,0,0,0

SID,ROTK3B,03,5
CA,0,25.0,2,1010,0,0,0,0,0,0
DF,RO363,66.621944,25.939444,0, ,0.0,0.0,0,0,0,1,200,0,0,0
TF,ROTKO,66.960556,25.961111,0, ,0.0,0.0,0.0,0.0,0,0,0,0,0,0,0,0

STAR,ARFU1C,21,5
IF,ARFUT,66.317222,26.369167, ,0.0,0.0,2,10000,0,0,0,0,0,0
TF,TUTUT,66.655464,26.267706,0, ,0.0,0.0,0.0,0.0,2,2500,0,1,240,0,0,0
TF,NIPAK,66.706028,26.101492,0, ,0.0,0.0,0.0,0.0,2,2500,0,0,0,0,0,0

STAR,ARFU1D,03,5
IF,ARFUT,66.317222,26.369167, ,0.0,0.0,2,10000,0,0,0,0,0,0
TF,OTGUS,66.371567,25.724822,0, ,0.0,0.0,0.0,0.0,2,2500,0,1,240,0,0,0
TF,ROPOV,66.421561,25.559406,0, ,0.0,0.0,0.0,0.0,2,2500,0,0,0,0,0,0

STAR,MARX1C,21,5
IF,MARXO,66.604722,26.748889, ,0.0,0.0,2,10000,0,0,0,0,0,0
TF,NIPAK,66.706028,26.101492,0, ,0.0,0.0,0.0,0.0,2,2500,0,0,0,0,0,0

STAR,MARX2D,03,5
IF,MARXO,66.604722,26.748889, ,0.0,0.0,2,10000,0,0,0,0,0,0
TF,INMUF,66.558433,26.348014,0, ,0.0,0.0,0.0,0.0,0,0,0,0,0,0,0,0
TF,OTGUS,66.371567,25.724822,0, ,0.0,0.0,0.0,0.0,2,2500,0,1,240,0,0,0
TF,ROPOV,66.421561,25.559406,0, ,0.0,0.0,0.0,0.0,2,2500,0,0,0,0,0,0

STAR,NEMG2C,21,5
IF,NEMGU,66.340000,24.694167, ,0.0,0.0,2,10000,0,0,0,0,0,0
TF,MIPGO,66.471378,25.393331,0, ,0.0,0.0,0.0,0.0,0,0,0,0,0,0,0,0
TF,EKNOM,66.604167,25.642778,0, ,0.0,0.0,0.0,0.0,0,0,0,0,0,0,0,0
TF,VEKIP,66.756417,25.934600,0, ,0.0,0.0,0.0,0.0,2,2500,0,1,240,0,0,0

STAR,NEMG2D,03,5
IF,NEMGU,66.340000,24.694167, ,0.0,0.0,2,10000,0,0,0,0,0,0
TF,ROPOV,66.421561,25.559406,0, ,0.0,0.0,0.0,0.0,2,2500,0,0,0,0,0,0

STAR,NEPI2C,21,5
IF,NEPIX,66.108333,25.124167, ,0.0,0.0,2,10000,0,0,0,0,0,0
TF,MIPGO,66.471378,25.393331,0, ,0.0,0.0,0.0,0.0,0,0,0,0,0,0,0,0
TF,EKNOM,66.604167,25.642778,0, ,0.0,0.0,0.0,0.0,0,0,0,0,0,0,0,0
TF,VEKIP,66.756417,25.934600,0, ,0.0,0.0,0.0,0.0,2,2500,0,1,240,0,0,0

STAR,NEPI2D,03,5
IF,NEPIX,66.108333,25.124167, ,0.0,0.0,2,10000,0,0,0,0,0,0
TF,ROPOV,66.421561,25.559406,0, ,0.0,0.0,0.0,0.0,2,2500,0,0,0,0,0,0

STAR,OSLI2C,21,5
IF,OSLIT,66.862500,25.406389, ,0.0,0.0,2,10000,0,0,0,0,0,0
TF,VEKIP,66.756417,25.934600,0, ,0.0,0.0,0.0,0.0,2,2500,0,1,240,0,0,0

STAR,OSLI2D,03,5
IF,OSLIT,66.862500,25.406389, ,0.0,0.0,2,10000,0,0,0,0,0,0
TF,MIPGO,66.471378,25.393331,0, ,0.0,0.0,0.0,0.0,2,2500,0,1,240,0,0,0
TF,ROPOV,66.421561,25.559406,0, ,0.0,0.0,0.0,0.0,2,2500,0,0,0,0,0,0

STAR,RENV2C,21,5
IF,RENVI,66.076111,25.531667, ,0.0,0.0,2,10000,0,0,0,0,0,0
TF,TUTUT,66.655464,26.267706,0, ,0.0,0.0,0.0,0.0,2,2500,0,1,240,0,0,0
TF,NIPAK,66.706028,26.101492,0, ,0.0,0.0,0.0,0.0,2,2500,0,0,0,0,0,0

STAR,RENV2D,03,5
IF,RENVI,66.076111,25.531667, ,0.0,0.0,2,10000,0,0,0,0,0,0
TF,ROPOV,66.421561,25.559406,0, ,0.0,0.0,0.0,0.0,2,2500,0,0,0,0,0,0

STAR,ROTK2C,21,5
IF,ROTKO,66.960556,25.961111, ,0.0,0.0,2,10000,0,0,0,0,0,0
TF,NIPAK,66.706028,26.101492,0, ,0.0,0.0,0.0,0.0,2,2500,0,0,0,0,0,0

STAR,ROTK2D,03,5
IF,ROTKO,66.960556,25.961111, ,0.0,0.0,2,10000,0,0,0,0,0,0
TF,MIPGO,66.471378,25.393331,0, ,0.0,0.0,0.0,0.0,2,2500,0,1,240,0,0,0
TF,ROPOV,66.421561,25.559406,0, ,0.0,0.0,0.0,0.0,2,2500,0,0,0,0,0,0

APPTR,D03,03,ARFUT
IF,ARFUT,66.317222,26.369167, ,0.0,0.0,0,0,0,0,0,0,1,0
TF,D126M,66.401883,26.181483,0, ,0.0,0.0,0.0,0.0,2,2500,0,0,0,0,0,0
CI,0, ,0.0,306.0,0,0,0,0,0,0,0,0
AF,CD03,66.410875,25.565397,2,ROI,202.0,11.0,126.0,2,2500,0,0,0,0,1,0

APPTR,D03,03,GOSOV
HF,GOSOV,66.466111,25.657778,1, ,0.0,0.0,22.0,04.3,2,2500,0,0,0,0,1,0,0

APPTR,D03,03,NEMGU
IF,NEMGU,66.340000,24.694167, ,0.0,0.0,0,0,0,0,0,0,1,0
TF,D232Q,66.437483,25.186278,0, ,0.0,0.0,0.0,0.0,2,2500,0,0,0,0,0,0
CF,CD03,66.410875,25.565397,0,ROI,202.0,11.0,90.0,9.3,2,2500,0,0,0,0,1,0

APPTR,D03,03,NEPIX
IF,NEPIX,66.108333,25.124167, ,0.0,0.0,0,0,0,0,0,0,1,0
TF,D200M,66.379181,25.535172,0, ,0.0,0.0,0.0,0.0,2,2500,0,0,0,0,0,0
TF,CD03,66.410875,25.565397,0, ,0.0,0.0,0.0,0.0,2,2500,0,0,0,0,1,0

APPTR,D03,03,OSLIT
IF,OSLIT,66.862500,25.406389, ,0.0,0.0,0,0,0,0,0,0,1,0
TF,D320M,66.752956,25.563881,0, ,0.0,0.0,0.0,0.0,2,2500,0,0,0,0,0,0
CI,0, ,0.0,140.0,0,0,0,0,0,0,0,0
AF,CD03,66.410875,25.565397,1,ROI,202.0,11.0,320.0,2,2500,0,0,0,0,1,0

APPTR,D03,03,RENVI
IF,RENVI,66.076111,25.531667, ,0.0,0.0,0,0,0,0,0,0,1,0
TF,D182S,66.256242,25.631017,0, ,0.0,0.0,0.0,0.0,2,2500,0,0,0,0,0,0
CF,CD03,66.410875,25.565397,0,ROI,202.0,11.0,340.0,9.5,2,2500,0,0,0,0,1,0

FINAL,D03,03,D,3
IF,CD03,66.410875,25.565397,ROI,202.0,11.0,2,2500,0,0,0,0,0,0
CF,FD03,66.479864,25.680928,0,ROI,202.0,6.0,22.0,5.0,2,2400,0,0,0,0,2,0
CF,RW03,66.554100,25.809986,0,ROI,194.2,0.6,22.0,5.4,1,684,0,0,0,0,3,0
CF,ROI,66.562539,25.820408,0,ROI,0.0,0.0,22.0,0.6,0,0,0,0,0,0,0,0
CF,ABLAD,66.656389,25.905278,0,ROI,7.7,6.0,8.0,6.0,1,2500,0,0,0,0,0,0

APPTR,D21,21,MARXO
IF,MARXO,66.604722,26.748889, ,0.0,0.0,0,0,0,0,0,0,1,0
TF,D071M,66.587703,26.359214,0, ,0.0,0.0,0.0,0.0,2,2500,0,0,0,0,0,0
CI,0, ,0.0,251.0,0,0,0,0,0,0,0,0
AF,CD21,66.706239,26.104522,1,ROI,26.0,11.0,71.0,2,2500,0,0,0,0,1,0

APPTR,D21,21,OSLIT
IF,OSLIT,66.862500,25.406389, ,0.0,0.0,0,0,0,0,0,0,1,0
TF,D320M,66.752956,25.563881,0, ,0.0,0.0,0.0,0.0,2,2500,0,0,0,0,0,0
CI,0, ,0.0,140.0,0,0,0,0,0,0,0,0
AF,CD21,66.706239,26.104522,2,ROI,26.0,11.0,320.0,2,2500,0,0,0,0,1,0

APPTR,D21,21,PIKUT
HF,PIKUT,66.634167,25.963056,2, ,0.0,0.0,206.0,05.5,2,2500,0,0,0,0,1,0,0

APPTR,D21,21,ROTKO
IF,ROTKO,66.960556,25.961111, ,0.0,0.0,0,0,0,0,0,0,1,0
TF,D356M,66.776317,25.896525,0, ,0.0,0.0,0.0,0.0,2,2500,0,0,0,0,0,0
CI,0, ,0.0,176.0,0,0,0,0,0,0,0,0
AF,CD21,66.706239,26.104522,2,ROI,26.0,11.0,356.0,2,2500,0,0,0,0,1,0

FINAL,D21,21,D,4
IF,CD21,66.706239,26.104522,ROI,26.0,11.0,2,2500,0,0,0,0,0,0
CF,PIKUT,66.634167,25.963056,0,ROI,26.3,5.5,206.0,5.5,2,2070,0,0,0,0,2,0
CF,40VOR,66.614853,25.923342,0,ROI,26.0,4.0,206.0,1.5,2,1590,0,0,0,0,0,0
CF,RW21,66.575544,25.850853,0,ROI,31.0,1.1,206.0,2.9,1,662,0,0,0,0,3,0
CF,ROI,66.562539,25.820408,0,ROI,0.0,0.0,206.0,1.1,0,0,0,0,0,0,0,0
CF,GOSOV,66.466111,25.657778,0,ROI,202.0,7.0,202.0,7.0,1,2500,0,0,0,0,0,0

APPTR,I21-Y,21,ROI1
FD,ROI,66.562539,25.820408,0,ROI,0.0,10.0,360.0,10.0,2,2500,0,0,0,0,1,0
CF,CI21,66.674044,26.039742,2,RO,25.2,9.3,205.0,2.0,2,2400,0,0,0,0,0,0

APPTR,I21-Y,21,ROI2
FD,ROI,66.562539,25.820408,0,ROI,0.0,10.0,16.0,10.0,2,2500,0,0,0,0,1,0
CF,CI21,66.674044,26.039742,2,RO,25.2,9.3,205.0,2.0,2,2400,0,0,0,0,0,0

FINAL,I21-Y,21,I,3
IF,CI21,66.674044,26.039742,RO,25.2,9.3,2,2400,0,0,0,0,0,0
CF,FI21,66.647775,25.989172,0,RO,25.2,7.3,205.0,2.0,1,2400,0,0,0,0,2,0
CF,RW21,66.575544,25.850853,0,RO,25.2,1.8,205.0,5.5,1,662,0,0,0,0,3,0
CF,ROI,66.562539,25.820408,0,ROI,0.0,0.0,205.0,1.1,0,0,0,0,0,0,0,0
CF,GOSOV,66.466111,25.657778,0,ROI,202.0,7.0,202.0,7.0,1,2500,0,0,0,0,0,0

APPTR,I21-Z,21,NIPAK
IF,NIPAK,66.706028,26.101492, ,0.0,0.0,2,2500,0,0,0,0,1,0
CF,CI21,66.674044,26.039742,0,RO,25.2,9.3,206.0,2.4,2,2400,0,0,0,0,0,0

APPTR,I21-Z,21,TUTUT
IF,TUTUT,66.655464,26.267706, ,0.0,0.0,2,2500,0,1,240,0,1,0
TF,NIPAK,66.706028,26.101492,0, ,0.0,0.0,0.0,0.0,2,2500,0,0,0,0,1,0
CF,CI21,66.674044,26.039742,0,RO,25.2,9.3,206.0,2.4,2,2400,0,0,0,0,0,0

APPTR,I21-Z,21,VEKIP
IF,VEKIP,66.756417,25.934600, ,0.0,0.0,2,2500,0,1,240,0,1,0
TF,NIPAK,66.706028,26.101492,0, ,0.0,0.0,0.0,0.0,2,2500,0,0,0,0,1,0
CF,CI21,66.674044,26.039742,0,RO,25.2,9.3,206.0,2.4,2,2400,0,0,0,0,0,0

FINAL,I21-Z,21,I,3
IF,CI21,66.674044,26.039742,RO,25.2,9.3,2,2400,0,0,0,0,0,0
CF,INSAR,66.647681,25.988994,0,RO,25.2,7.3,205.0,2.0,1,2400,0,0,0,0,2,0
CF,RW21,66.575544,25.850853,0,RO,25.2,1.8,205.0,5.5,1,662,0,0,0,0,3,1
CA,0,205.0,2,1100,0,0,0,0,0,0
DF,ROPOV,66.421561,25.559406,0, ,0.0,0.0,1,2500,0,0,0,0,0,0

APPTR,R03,03,MIPGO
IF,MIPGO,66.471378,25.393331, ,0.0,0.0,2,2500,0,1,240,0,1,0
TF,ROPOV,66.421561,25.559406,0, ,0.0,0.0,0.0,0.0,2,2500,0,0,0,0,1,0

APPTR,R03,03,OTGUS
IF,OTGUS,66.371567,25.724822, ,0.0,0.0,2,2500,0,1,240,0,1,0
TF,ROPOV,66.421561,25.559406,0, ,0.0,0.0,0.0,0.0,2,2500,0,0,0,0,1,0

APPTR,R03,03,ROPOV
HF,ROPOV,66.421561,25.559406,1, ,0.0,0.0,25.0,04.3,2,2500,0,1,230,0,1,0,0

FINAL,R03,03,R,3
IF,ROPOV,66.421561,25.559406, ,0.0,0.0,2,2500,0,0,0,0,0,0
TF,UNUKA,66.482689,25.674550,0, ,0.0,0.0,25.0,4.6,2,2400,0,0,0,0,2,0
TF,RW03,66.554100,25.809986,0, ,0.0,0.0,25.0,5.4,1,684,0,0,0,0,3,1
TF,RO364,66.607003,25.910967,0, ,0.0,0.0,0.0,0.0,0,0,0,0,0,0,0,0
TF,VEKIP,66.756417,25.934600,0, ,0.0,0.0,0.0,0.0,1,2500,0,0,0,0,0,0

APPTR,R21,21,NIPAK
HF,NIPAK,66.706028,26.101492,2, ,0.0,0.0,205.0,04.3,2,2500,0,1,230,0,1,0,0

APPTR,R21,21,TUTUT
IF,TUTUT,66.655464,26.267706, ,0.0,0.0,2,2500,0,1,240,0,1,0
TF,NIPAK,66.706028,26.101492,0, ,0.0,0.0,0.0,0.0,2,2500,0,0,0,0,1,0

APPTR,R21,21,VEKIP
IF,VEKIP,66.756417,25.934600, ,0.0,0.0,2,2500,0,1,240,0,1,0
TF,NIPAK,66.706028,26.101492,0, ,0.0,0.0,0.0,0.0,2,2500,0,0,0,0,1,0

FINAL,R21,21,R,3
IF,NIPAK,66.706028,26.101492, ,0.0,0.0,2,2500,0,0,0,0,0,0
TF,INSAR,66.647681,25.988994,0, ,0.0,0.0,206.0,4.4,2,2400,0,0,0,0,2,0
TF,RW21,66.575544,25.850853,0, ,0.0,0.0,205.0,5.5,1,662,0,0,0,0,3,1
TF,ROPOV,66.421561,25.559406,0, ,0.0,0.0,0.0,0.0,1,2500,0,0,0,0,0,1

