SID,EMPO3A,26,5
CA,0,257.0,2,550,0,0,0,0,0,0
DF,TU365,60.507814,22.122650,0, ,0.0,0.0,0,0,0,1,200,0,0,0
TF,EMPOM,60.214444,21.711111,0, ,0.0,0.0,0.0,0.0,0,0,0,0,0,0,0,0

SID,EMPO3B,08,5
CA,0,76.0,2,540,0,0,0,0,0,0
DF,TU362,60.520272,22.403028,0, ,0.0,0.0,0,0,0,1,200,0,0,0
TF,TU363,60.437500,22.418181,0, ,0.0,0.0,0.0,0.0,0,0,0,1,230,0,0,0
TF,EMPOM,60.214444,21.711111,0, ,0.0,0.0,0.0,0.0,0,0,0,0,0,0,0,0

SID,IPMO3A,26,5
CA,0,257.0,2,550,0,0,0,0,0,0
DF,TU365,60.507814,22.122650,0, ,0.0,0.0,0,0,0,1,200,0,0,0
TF,TU366,60.425039,22.137678,0, ,0.0,0.0,0.0,0.0,0,0,0,1,230,0,0,0
TF,VESEK,60.446878,22.638733,0, ,0.0,0.0,0.0,0.0,0,0,0,0,0,0,0,0
TF,IPMOT,60.453056,23.176389,0, ,0.0,0.0,0.0,0.0,0,0,0,0,0,0,0,0

SID,IPMO3B,08,5
CA,0,76.0,2,540,0,0,0,0,0,0
DF,TU362,60.520272,22.403028,0, ,0.0,0.0,0,0,0,1,200,0,0,0
TF,IPMOT,60.453056,23.176389,0, ,0.0,0.0,0.0,0.0,0,0,0,0,0,0,0,0

SID,LIVL3A,26,5
CA,0,257.0,2,550,0,0,0,0,0,0
DF,TU365,60.507814,22.122650,0, ,0.0,0.0,0,0,0,1,200,0,0,0
TF,LIVLU,60.343056,21.463889,0, ,0.0,0.0,0.0,0.0,0,0,0,0,0,0,0,0

SID,LIVL3B,08,5
CA,0,76.0,2,540,0,0,0,0,0,0
DF,TU362,60.520272,22.403028,0, ,0.0,0.0,0,0,0,1,200,0,0,0
TF,TU363,60.437500,22.418181,0, ,0.0,0.0,0.0,0.0,0,0,0,1,230,0,0,0
TF,LIVLU,60.343056,21.463889,0, ,0.0,0.0,0.0,0.0,0,0,0,0,0,0,0,0

SID,NIRP3A,26,5
CA,0,257.0,2,550,0,0,0,0,0,0
DF,TU365,60.507814,22.122650,0, ,0.0,0.0,0,0,0,1,200,0,0,0
TF,TU367,60.590589,22.107542,0, ,0.0,0.0,0.0,0.0,0,0,0,1,230,0,0,0
TF,NIRPU,60.774167,22.133611,0, ,0.0,0.0,0.0,0.0,0,0,0,0,0,0,0,0

SID,NIRP3B,08,5
CA,0,76.0,2,540,0,0,0,0,0,0
DF,TU362,60.520272,22.403028,0, ,0.0,0.0,0,0,0,1,200,0,0,0
TF,TU364,60.603039,22.387800,0, ,0.0,0.0,0.0,0.0,0,0,0,1,230,0,0,0
TF,NIRPU,60.774167,22.133611,0, ,0.0,0.0,0.0,0.0,0,0,0,0,0,0,0,0

SID,OTKI3A,26,5
CA,0,257.0,2,550,0,0,0,0,0,0
DF,TU365,60.507814,22.122650,0, ,0.0,0.0,0,0,0,1,200,0,0,0
TF,OTKIL,60.475000,21.367778,0, ,0.0,0.0,0.0,0.0,0,0,0,0,0,0,0,0

SID,OTKI3B,08,5
CA,0,76.0,2,540,0,0,0,0,0,0
DF,TU362,60.520272,22.403028,0, ,0.0,0.0,0,0,0,1,200,0,0,0
TF,TU364,60.603039,22.387800,0, ,0.0,0.0,0.0,0.0,0,0,0,1,230,0,0,0
TF,LOMTU,60.580283,21.885103,0, ,0.0,0.0,0.0,0.0,0,0,0,0,0,0,0,0
TF,OTKIL,60.475000,21.367778,0, ,0.0,0.0,0.0,0.0,0,0,0,0,0,0,0,0

SID,UPAP3A,26,5
CA,0,257.0,2,550,0,0,0,0,0,0
DF,TU365,60.507814,22.122650,0, ,0.0,0.0,0,0,0,1,200,0,0,0
TF,TU366,60.425039,22.137678,0, ,0.0,0.0,0.0,0.0,0,0,0,1,230,0,0,0
TF,UPAPU,60.185000,22.559444,0, ,0.0,0.0,0.0,0.0,0,0,0,0,0,0,0,0

SID,UPAP3B,08,5
CA,0,76.0,2,540,0,0,0,0,0,0
DF,TU362,60.520272,22.403028,0, ,0.0,0.0,0,0,0,1,200,0,0,0
TF,TU363,60.437500,22.418181,0, ,0.0,0.0,0.0,0.0,0,0,0,1,230,0,0,0
TF,UPAPU,60.185000,22.559444,0, ,0.0,0.0,0.0,0.0,0,0,0,0,0,0,0,0

SID,UVOP3A,26,5
CA,0,257.0,2,550,0,0,0,0,0,0
DF,TU365,60.507814,22.122650,0, ,0.0,0.0,0,0,0,1,200,0,0,0
TF,TU367,60.590589,22.107542,0, ,0.0,0.0,0.0,0.0,0,0,0,1,230,0,0,0
TF,UVOPA,60.773611,22.436389,0, ,0.0,0.0,0.0,0.0,0,0,0,0,0,0,0,0

SID,UVOP3B,08,5
CA,0,76.0,2,540,0,0,0,0,0,0
DF,TU362,60.520272,22.403028,0, ,0.0,0.0,0,0,0,1,200,0,0,0
TF,UVOPA,60.773611,22.436389,0, ,0.0,0.0,0.0,0.0,0,0,0,0,0,0,0,0

STAR,EMPO3C,26,5
IF,EMPOM,60.214444,21.711111, ,0.0,0.0,2,7000,0,0,0,0,0,0
TF,VESEK,60.446878,22.638733,0, ,0.0,0.0,0.0,0.0,2,2200,0,1,240,0,0,0
TF,ITSUG,60.529692,22.624558,0, ,0.0,0.0,0.0,0.0,2,2200,0,0,0,0,0,0

STAR,EMPO3D,08,5
IF,EMPOM,60.214444,21.711111, ,0.0,0.0,2,7000,0,0,0,0,0,0
TF,AMDIK,60.414822,21.917189,0, ,0.0,0.0,0.0,0.0,2,2200,0,1,240,0,0,0
TF,PIGES,60.497553,21.901186,0, ,0.0,0.0,0.0,0.0,2,2200,0,0,0,0,0,0

STAR,EXUP3C,26,5
IF,EXUPA,60.386944,23.110556, ,0.0,0.0,2,7000,0,0,0,0,0,0
TF,ITSUG,60.529692,22.624558,0, ,0.0,0.0,0.0,0.0,2,2200,0,0,0,0,0,0

STAR,EXUP3D,08,5
IF,EXUPA,60.386944,23.110556, ,0.0,0.0,2,7000,0,0,0,0,0,0
TF,RETPU,60.431389,22.278056,0, ,0.0,0.0,0.0,0.0,0,0,0,0,0,0,0,0
TF,AMDIK,60.414822,21.917189,0, ,0.0,0.0,0.0,0.0,2,2200,0,1,240,0,0,0
TF,PIGES,60.497553,21.901186,0, ,0.0,0.0,0.0,0.0,2,2200,0,0,0,0,0,0

STAR,IPMO3C,26,5
IF,IPMOT,60.453056,23.176389, ,0.0,0.0,2,7000,0,0,0,0,0,0
TF,ITSUG,60.529692,22.624558,0, ,0.0,0.0,0.0,0.0,2,2200,0,0,0,0,0,0

STAR,IPMO3D,08,5
IF,IPMOT,60.453056,23.176389, ,0.0,0.0,2,7000,0,0,0,0,0,0
TF,TAVSU,60.612503,22.610308,0, ,0.0,0.0,0.0,0.0,0,0,0,0,0,0,0,0
TF,PIVED,60.596944,22.247500,0, ,0.0,0.0,0.0,0.0,0,0,0,0,0,0,0,0
TF,LOMTU,60.580283,21.885103,0, ,0.0,0.0,0.0,0.0,2,2200,0,1,240,0,0,0
TF,PIGES,60.497553,21.901186,0, ,0.0,0.0,0.0,0.0,2,2200,0,0,0,0,0,0

STAR,NIRP3C,26,5
IF,NIRPU,60.774167,22.133611, ,0.0,0.0,2,10000,0,0,0,0,0,0
TF,TAVSU,60.612503,22.610308,0, ,0.0,0.0,0.0,0.0,2,2200,0,1,240,0,0,0
TF,ITSUG,60.529692,22.624558,0, ,0.0,0.0,0.0,0.0,2,2200,0,0,0,0,0,0

STAR,NIRP3D,08,5
IF,NIRPU,60.774167,22.133611, ,0.0,0.0,2,10000,0,0,0,0,0,0
TF,LOMTU,60.580283,21.885103,0, ,0.0,0.0,0.0,0.0,2,2200,0,1,240,0,0,0
TF,PIGES,60.497553,21.901186,0, ,0.0,0.0,0.0,0.0,2,2200,0,0,0,0,0,0

STAR,OTKI3C,26,5
IF,OTKIL,60.475000,21.367778, ,0.0,0.0,2,7000,0,0,0,0,0,0
TF,LOMTU,60.580283,21.885103,0, ,0.0,0.0,0.0,0.0,0,0,0,0,0,0,0,0
TF,PIVED,60.596944,22.247500,0, ,0.0,0.0,0.0,0.0,0,0,0,0,0,0,0,0
TF,TAVSU,60.612503,22.610308,0, ,0.0,0.0,0.0,0.0,2,2200,0,1,240,0,0,0
TF,ITSUG,60.529692,22.624558,0, ,0.0,0.0,0.0,0.0,2,2200,0,0,0,0,0,0

STAR,OTKI3D,08,5
IF,OTKIL,60.475000,21.367778, ,0.0,0.0,2,7000,0,0,0,0,0,0
TF,PIGES,60.497553,21.901186,0, ,0.0,0.0,0.0,0.0,2,2200,0,0,0,0,0,0

STAR,UPAP3C,26,5
IF,UPAPU,60.185000,22.559444, ,0.0,0.0,2,7000,0,0,0,0,0,0
TF,VESEK,60.446878,22.638733,0, ,0.0,0.0,0.0,0.0,2,2200,0,1,240,0,0,0
TF,ITSUG,60.529692,22.624558,0, ,0.0,0.0,0.0,0.0,2,2200,0,0,0,0,0,0

STAR,UPAP3D,08,5
IF,UPAPU,60.185000,22.559444, ,0.0,0.0,2,7000,0,0,0,0,0,0
TF,AMDIK,60.414822,21.917189,0, ,0.0,0.0,0.0,0.0,2,2200,0,1,240,0,0,0
TF,PIGES,60.497553,21.901186,0, ,0.0,0.0,0.0,0.0,2,2200,0,0,0,0,0,0

STAR,UVOP2C,26,5
IF,UVOPA,60.773611,22.436389, ,0.0,0.0,2,10000,0,0,0,0,0,0
TF,TAVSU,60.612503,22.610308,0, ,0.0,0.0,0.0,0.0,2,2200,0,1,240,0,0,0
TF,ITSUG,60.529692,22.624558,0, ,0.0,0.0,0.0,0.0,2,2200,0,0,0,0,0,0

STAR,UVOP2D,08,5
IF,UVOPA,60.773611,22.436389, ,0.0,0.0,2,10000,0,0,0,0,0,0
TF,LOMTU,60.580283,21.885103,0, ,0.0,0.0,0.0,0.0,2,2200,0,1,240,0,0,0
TF,PIGES,60.497553,21.901186,0, ,0.0,0.0,0.0,0.0,2,2200,0,0,0,0,0,0

APPTR,D08,08,EMPOM
IF,EMPOM,60.214444,21.711111, ,0.0,0.0,2,7000,0,0,0,0,1,0
TF,D214O,60.329964,21.918942,0, ,0.0,0.0,0.0,0.0,2,2200,0,0,0,0,0,0
CI,0, ,0.0,34.0,0,0,0,0,0,0,0,0
AF,D246M,60.454967,21.835978,2,RUS,246.0,13.0,214.0,2,2200,0,0,0,0,0,0
CF,FD08,60.504114,22.048733,0,RUS,255.9,6.2,76.0,7.0,2,2000,0,0,0,0,0,0

APPTR,D08,08,MAPUS
HF,MAPUS,60.500833,21.988333,2, ,0.0,0.0,77.0,04.3,2,2200,0,0,0,0,1,0,0
CF,FD08,60.504114,22.048733,0,RUS,255.9,6.2,76.0,1.8,2,2000,0,0,0,0,0,0

APPTR,D08,08,NIRPU
IF,NIRPU,60.774167,22.133611, ,0.0,0.0,2,10000,0,0,0,0,1,0
TF,D339O,60.758008,22.141336,0, ,0.0,0.0,0.0,0.0,0,0,0,0,0,0,0,0
CI,0, ,0.0,159.0,0,0,0,0,0,0,0,0
AF,D266M,60.529547,21.819092,1,RUS,266.0,13.0,339.0,2,2200,0,0,0,0,0,0
CF,FD08,60.504114,22.048733,0,RUS,255.9,6.2,76.0,7.0,2,2000,0,0,0,0,0,0

APPTR,D08,08,OTKIL
IF,OTKIL,60.475000,21.367778, ,0.0,0.0,2,7000,0,0,0,0,1,0
TF,D257O,60.493156,21.752936,0, ,0.0,0.0,0.0,0.0,2,2200,0,0,0,0,0,0
TF,D256M,60.491892,21.820931,0, ,0.0,0.0,0.0,0.0,2,2200,0,0,0,0,1,0
CF,FD08,60.504114,22.048733,0,RUS,255.9,6.2,76.0,6.8,2,2000,0,0,0,0,0,0

APPTR,D08,08,UPAPU
IF,UPAPU,60.185000,22.559444, ,0.0,0.0,2,7000,0,0,0,0,1,0
TF,D147O,60.288283,22.465417,0, ,0.0,0.0,0.0,0.0,2,2200,0,0,0,0,0,0
CI,0, ,0.0,327.0,0,0,0,0,0,0,0,0
AF,D246M,60.454967,21.835978,2,RUS,246.0,13.0,147.0,2,2200,0,0,0,0,0,0
CF,FD08,60.504114,22.048733,0,RUS,255.9,6.2,76.0,7.0,2,2000,0,0,0,0,0,0

APPTR,D08,08,UVOPA
IF,UVOPA,60.773611,22.436389, ,0.0,0.0,2,10000,0,0,0,0,1,0
TF,D010O,60.751125,22.420617,0, ,0.0,0.0,0.0,0.0,0,0,0,0,0,0,0,0
CI,0, ,0.0,190.0,0,0,0,0,0,0,0,0
AF,D266M,60.529547,21.819092,1,RUS,266.0,13.0,10.0,2,2200,0,0,0,0,0,0
CF,FD08,60.504114,22.048733,0,RUS,255.9,6.2,76.0,7.0,2,2000,0,0,0,0,0,0

FINAL,D08,08,D,2
IF,FD08,60.504114,22.048733,RUS,255.9,6.2,2,2000,0,0,0,0,2,0
CF,RW08,60.513108,22.240147,0,RUS,247.5,0.5,76.0,5.7,1,183,0,0,0,0,3,0
CF,RUS,60.515192,22.256528,0,RUS,0.0,0.0,76.0,0.5,0,0,0,0,0,0,0,1
CF,UTELI,60.524444,22.525833,0,RUS,77.9,8.0,78.0,8.0,1,2200,0,0,0,0,0,0

APPTR,D26,26,EMPOM
IF,EMPOM,60.214444,21.711111, ,0.0,0.0,2,7000,0,0,0,0,1,0
TF,D214O,60.329964,21.918942,0, ,0.0,0.0,0.0,0.0,2,2200,0,0,0,0,0,0
CI,0, ,0.0,34.0,0,0,0,0,0,0,0,0
AF,D088M,60.491892,22.692122,1,RUS,88.0,13.0,214.0,2,2200,0,0,0,0,0,0
CF,FD26,60.522744,22.475169,0,RUS,77.9,6.5,258.0,7.0,2,2000,0,0,0,0,0,0

APPTR,D26,26,EXUPA
IF,EXUPA,60.386944,23.110556, ,0.0,0.0,2,7000,0,0,0,0,1,0
TF,D098S,60.423889,22.868917,0, ,0.0,0.0,0.0,0.0,2,2200,0,0,0,0,0,0
TF,D078M,60.529547,22.693961,0, ,0.0,0.0,0.0,0.0,2,2200,0,0,0,0,1,0
CF,FD26,60.522744,22.475169,0,RUS,77.9,6.5,258.0,6.5,2,2000,0,0,0,0,0,0

APPTR,D26,26,IPMOT
IF,IPMOT,60.453056,23.176389, ,0.0,0.0,2,7000,0,0,0,0,1,0
TF,D089R,60.475331,22.857636,0, ,0.0,0.0,0.0,0.0,2,2200,0,0,0,0,0,0
TF,D078M,60.529547,22.693961,0, ,0.0,0.0,0.0,0.0,2,2200,0,0,0,0,1,0
CF,FD26,60.522744,22.475169,0,RUS,77.9,6.5,258.0,6.5,2,2000,0,0,0,0,0,0

APPTR,D26,26,NIRPU
IF,NIRPU,60.774167,22.133611, ,0.0,0.0,2,10000,0,0,0,0,1,0
TF,D339O,60.758008,22.141336,0, ,0.0,0.0,0.0,0.0,0,0,0,0,0,0,0,0
CI,0, ,0.0,159.0,0,0,0,0,0,0,0,0
AF,D067M,60.570444,22.680622,2,RUS,67.0,13.0,339.0,2,2200,0,0,0,0,0,0
CF,FD26,60.522744,22.475169,0,RUS,77.9,6.5,258.0,7.0,2,2000,0,0,0,0,0,0

APPTR,D26,26,UPAPU
IF,UPAPU,60.185000,22.559444, ,0.0,0.0,2,7000,0,0,0,0,1,0
TF,D147O,60.288283,22.465417,0, ,0.0,0.0,0.0,0.0,2,2200,0,0,0,0,0,0
CI,0, ,0.0,327.0,0,0,0,0,0,0,0,0
AF,D088M,60.491892,22.692122,1,RUS,88.0,13.0,147.0,2,2200,0,0,0,0,0,0
CF,FD26,60.522744,22.475169,0,RUS,77.9,6.5,258.0,7.0,2,2000,0,0,0,0,0,0

APPTR,D26,26,UTELI
HF,UTELI,60.524444,22.525833,2, ,0.0,0.0,258.0,04.3,2,2200,0,0,0,0,1,0,0
CF,FD26,60.522744,22.475169,0,RUS,77.9,6.5,258.0,1.5,2,2000,0,0,0,0,0,0

APPTR,D26,26,UVOPA
IF,UVOPA,60.773611,22.436389, ,0.0,0.0,2,10000,0,0,0,0,1,0
TF,D010O,60.751125,22.420617,0, ,0.0,0.0,0.0,0.0,0,0,0,0,0,0,0,0
CI,0, ,0.0,190.0,0,0,0,0,0,0,0,0
AF,D067M,60.570444,22.680622,2,RUS,67.0,13.0,10.0,2,2200,0,0,0,0,0,0
CF,FD26,60.522744,22.475169,0,RUS,77.9,6.5,258.0,7.0,2,2000,0,0,0,0,0,0

FINAL,D26,26,D,2
IF,FD26,60.522744,22.475169,RUS,77.9,6.5,2,2000,0,0,0,0,2,0
CF,RW26,60.515122,22.285478,0,RUS,82.3,0.9,258.0,5.6,1,191,0,0,0,0,3,0
CF,RUS,60.515192,22.256528,0,RUS,0.0,0.0,258.0,0.9,0,0,0,0,0,0,0,1
CF,MAPUS,60.500833,21.988333,0,RUS,255.9,8.0,256.0,8.0,1,2200,0,0,0,0,0,0

APPTR,I26-Y,26,EMPOM
IF,EMPOM,60.214444,21.711111, ,0.0,0.0,2,7000,0,0,0,0,1,0
TF,D214O,60.329964,21.918942,0, ,0.0,0.0,0.0,0.0,2,2200,0,0,0,0,0,0
CI,0, ,0.0,34.0,0,0,0,0,0,0,0,0
AF,D088M,60.491892,22.692122,1,RUS,88.0,13.0,214.0,2,2200,0,0,0,0,0,0
CF,UTELI,60.524444,22.525833,0,TU,77.3,8.6,258.0,5.0,2,2000,0,0,0,0,0,0

APPTR,I26-Y,26,EXUPA
IF,EXUPA,60.386944,23.110556, ,0.0,0.0,2,7000,0,0,0,0,1,0
TF,D098S,60.423889,22.868917,0, ,0.0,0.0,0.0,0.0,2,2200,0,0,0,0,0,0
TF,D078M,60.529547,22.693961,0, ,0.0,0.0,0.0,0.0,2,2200,0,0,0,0,1,0
CF,UTELI,60.524444,22.525833,0,TU,77.3,8.6,258.0,5.0,2,2000,0,0,0,0,0,0

APPTR,I26-Y,26,IPMOT
IF,IPMOT,60.453056,23.176389, ,0.0,0.0,2,7000,0,0,0,0,1,0
TF,D089R,60.475331,22.857636,0, ,0.0,0.0,0.0,0.0,2,2200,0,0,0,0,0,0
TF,D078M,60.529547,22.693961,0, ,0.0,0.0,0.0,0.0,2,2200,0,0,0,0,1,0
CF,UTELI,60.524444,22.525833,0,TU,77.3,8.6,258.0,5.0,2,2000,0,0,0,0,0,0

APPTR,I26-Y,26,NIRPU
IF,NIRPU,60.774167,22.133611, ,0.0,0.0,2,10000,0,0,0,0,1,0
TF,D339O,60.758008,22.141336,0, ,0.0,0.0,0.0,0.0,0,0,0,0,0,0,0,0
CI,0, ,0.0,159.0,0,0,0,0,0,0,0,0
AF,D067M,60.570444,22.680622,2,RUS,67.0,13.0,339.0,2,2200,0,0,0,0,0,0
CF,UTELI,60.524444,22.525833,0,TU,77.3,8.6,258.0,5.0,2,2000,0,0,0,0,0,0

APPTR,I26-Y,26,UPAPU
IF,UPAPU,60.185000,22.559444, ,0.0,0.0,2,7000,0,0,0,0,1,0
TF,D147O,60.288283,22.465417,0, ,0.0,0.0,0.0,0.0,2,2200,0,0,0,0,0,0
CI,0, ,0.0,327.0,0,0,0,0,0,0,0,0
AF,D088M,60.491892,22.692122,1,RUS,88.0,13.0,147.0,2,2200,0,0,0,0,0,0
CF,UTELI,60.524444,22.525833,0,TU,77.3,8.6,258.0,5.0,2,2000,0,0,0,0,0,0

APPTR,I26-Y,26,UTELI
HF,UTELI,60.524444,22.525833,2, ,0.0,0.0,258.0,04.3,2,2200,0,0,0,0,1,0,0

APPTR,I26-Y,26,UVOPA
IF,UVOPA,60.773611,22.436389, ,0.0,0.0,2,10000,0,0,0,0,1,0
TF,D010O,60.751125,22.420617,0, ,0.0,0.0,0.0,0.0,0,0,0,0,0,0,0,0
CI,0, ,0.0,190.0,0,0,0,0,0,0,0,0
AF,D067M,60.570444,22.680622,2,RUS,67.0,13.0,10.0,2,2200,0,0,0,0,0,0
CF,UTELI,60.524444,22.525833,0,TU,77.3,8.6,258.0,5.0,2,2000,0,0,0,0,0,0

FINAL,I26-Y,26,I,3
IF,UTELI,60.524444,22.525833,TU,77.3,8.6,2,2000,0,0,0,0,0,0
CF,FI26Y,60.523389,22.475328,0,TU,76.8,7.1,257.0,1.5,1,2000,0,0,0,0,2,0
CF,RW26,60.515122,22.285478,0,TU,76.8,1.5,257.0,5.7,1,191,0,0,0,0,3,0
CA,0,256.0,2,570,0,0,0,0,0,0
CF,MAPUS,60.500833,21.988333,0,RUS,255.9,8.0,256.0,8.0,1,2200,0,0,0,0,0,0

APPTR,I26-Z,26,ITSUG
IF,ITSUG,60.529692,22.624558, ,0.0,0.0,2,2200,0,0,0,0,1,0
CF,CI26Z,60.526250,22.542544,0,TU,76.8,9.1,257.0,2.4,2,2000,0,0,0,0,0,0

APPTR,I26-Z,26,TAVSU
IF,TAVSU,60.612503,22.610308, ,0.0,0.0,2,2200,0,1,240,0,1,0
TF,ITSUG,60.529692,22.624558,0, ,0.0,0.0,0.0,0.0,2,2200,0,0,0,0,1,0
CF,CI26Z,60.526250,22.542544,0,TU,76.8,9.1,257.0,2.4,2,2000,0,0,0,0,0,0

APPTR,I26-Z,26,VESEK
IF,VESEK,60.446878,22.638733, ,0.0,0.0,2,2200,0,1,240,0,1,0
TF,ITSUG,60.529692,22.624558,0, ,0.0,0.0,0.0,0.0,2,2200,0,0,0,0,1,0
CF,CI26Z,60.526250,22.542544,0,TU,76.8,9.1,257.0,2.4,2,2000,0,0,0,0,0,0

FINAL,I26-Z,26,I,3
IF,CI26Z,60.526250,22.542544,TU,76.8,9.1,2,2000,0,0,0,0,0,0
CF,XEVUR,60.523431,22.476342,0,TU,76.8,7.2,257.0,2.0,1,2000,0,0,0,0,2,0
CF,RW26,60.515122,22.285478,0,TU,76.8,1.5,257.0,5.7,1,191,0,0,0,0,3,0
CA,0,257.0,2,600,0,0,0,0,0,0
DF,PIGES,60.497553,21.901186,0, ,0.0,0.0,1,2200,0,0,0,0,0,1

APPTR,R08,08,AMDIK
IF,AMDIK,60.414822,21.917189, ,0.0,0.0,2,2200,0,1,240,0,1,0
TF,PIGES,60.497553,21.901186,0, ,0.0,0.0,0.0,0.0,2,2200,0,0,0,0,1,0

APPTR,R08,08,LOMTU
IF,LOMTU,60.580283,21.885103, ,0.0,0.0,2,2200,0,1,240,0,1,0
TF,PIGES,60.497553,21.901186,0, ,0.0,0.0,0.0,0.0,2,2200,0,0,0,0,1,0

APPTR,R08,08,PIGES
HF,PIGES,60.497553,21.901186,2, ,0.0,0.0,76.0,04.3,2,2200,0,1,230,0,1,0,0

FINAL,R08,08,R,3
IF,PIGES,60.497553,21.901186, ,0.0,0.0,2,2200,0,0,0,0,0,0
TF,ROGVA,60.504422,22.048508,0, ,0.0,0.0,76.0,4.4,2,2000,0,0,0,0,2,0
TF,RW08,60.513108,22.240147,0, ,0.0,0.0,76.0,5.7,1,183,0,0,0,0,3,1
TF,ITSUG,60.529692,22.624558,0, ,0.0,0.0,0.0,0.0,1,2200,0,0,0,0,0,0

APPTR,R26,26,ITSUG
HF,ITSUG,60.529692,22.624558,2, ,0.0,0.0,257.0,04.3,2,2200,0,1,230,0,1,0,0

APPTR,R26,26,TAVSU
IF,TAVSU,60.612503,22.610308, ,0.0,0.0,2,2200,0,1,240,0,1,0
TF,ITSUG,60.529692,22.624558,0, ,0.0,0.0,0.0,0.0,2,2200,0,0,0,0,1,0

APPTR,R26,26,VESEK
IF,VESEK,60.446878,22.638733, ,0.0,0.0,2,2200,0,1,240,0,1,0
TF,ITSUG,60.529692,22.624558,0, ,0.0,0.0,0.0,0.0,2,2200,0,0,0,0,1,0

FINAL,R26,26,R,3
IF,ITSUG,60.529692,22.624558, ,0.0,0.0,2,2200,0,0,0,0,0,0
TF,XEVUR,60.523431,22.476342,0, ,0.0,0.0,257.0,4.4,2,2000,0,0,0,0,2,0
TF,RW26,60.515122,22.285478,0, ,0.0,0.0,257.0,5.7,1,191,0,0,0,0,3,1
TF,PIGES,60.497553,21.901186,0, ,0.0,0.0,0.0,0.0,1,2200,0,0,0,0,0,0

