SID,AXUT1A,16,5
CA,0,154.0,2,430,0,0,0,0,0,0
DF,DIWAW,62.973792,21.813189,0, ,0.0,0.0,0,0,0,1,180,0,0,0
TF,PEPXO,62.949619,21.638583,0, ,0.0,0.0,0.0,0.0,0,0,0,1,210,0,0,0
TF,AXUTI,62.883889,21.073611,0, ,0.0,0.0,0.0,0.0,0,0,0,0,0,0,0,0

SID,AXUT1B,34,5
CA,0,334.0,2,430,0,0,0,0,0,0
DF,CECFI,63.127256,21.710892,0, ,0.0,0.0,0,0,0,1,180,0,0,0
TF,PAZEF,63.103100,21.535356,0, ,0.0,0.0,0.0,0.0,0,0,0,1,210,0,0,0
TF,AXUTI,62.883889,21.073611,0, ,0.0,0.0,0.0,0.0,0,0,0,0,0,0,0,0

SID,BEGS1A,16,5
CA,0,154.0,2,430,0,0,0,0,0,0
DF,DIWAW,62.973792,21.813189,0, ,0.0,0.0,0,0,0,1,180,0,0,0
TF,TOTGU,62.881514,21.874161,0, ,0.0,0.0,0.0,0.0,0,0,0,0,0,0,0,0
TF,BEGSU,62.615833,21.782500,0, ,0.0,0.0,0.0,0.0,0,0,0,0,0,0,0,0

SID,BEGS1B,34,5
CA,0,334.0,2,430,0,0,0,0,0,0
DF,CECFI,63.127256,21.710892,0, ,0.0,0.0,0,0,0,1,180,0,0,0
TF,PAZEF,63.103100,21.535356,0, ,0.0,0.0,0.0,0.0,0,0,0,1,210,0,0,0
TF,UMTUR,63.016425,21.593789,0, ,0.0,0.0,0.0,0.0,0,0,0,0,0,0,0,0
TF,INREM,62.857489,21.700006,0, ,0.0,0.0,0.0,0.0,0,0,0,0,0,0,0,0
TF,BEGSU,62.615833,21.782500,0, ,0.0,0.0,0.0,0.0,0,0,0,0,0,0,0,0

SID,BUPE1A,16,5
CA,0,154.0,2,430,0,0,0,0,0,0
DF,DIWAW,62.973792,21.813189,0, ,0.0,0.0,0,0,0,1,180,0,0,0
TF,PEPXO,62.949619,21.638583,0, ,0.0,0.0,0.0,0.0,0,0,0,1,210,0,0,0
TF,BUPEG,62.786389,21.226111,0, ,0.0,0.0,0.0,0.0,0,0,0,0,0,0,0,0

SID,BUPE1B,34,5
CA,0,334.0,2,430,0,0,0,0,0,0
DF,CECFI,63.127256,21.710892,0, ,0.0,0.0,0,0,0,1,180,0,0,0
TF,PAZEF,63.103100,21.535356,0, ,0.0,0.0,0.0,0.0,0,0,0,1,210,0,0,0
TF,BUPEG,62.786389,21.226111,0, ,0.0,0.0,0.0,0.0,0,0,0,0,0,0,0,0

SID,GUBT1A,16,5
CA,0,154.0,2,430,0,0,0,0,0,0
DF,DIWAW,62.973792,21.813189,0, ,0.0,0.0,0,0,0,1,180,0,0,0
TF,TOTGU,62.881514,21.874161,0, ,0.0,0.0,0.0,0.0,0,0,0,0,0,0,0,0
TF,GUBTU,62.648611,22.199167,0, ,0.0,0.0,0.0,0.0,0,0,0,0,0,0,0,0

SID,GUBT1B,34,5
CA,0,334.0,2,430,0,0,0,0,0,0
DF,CECFI,63.127256,21.710892,0, ,0.0,0.0,0,0,0,1,180,0,0,0
TF,WORWE,63.151194,21.886719,0, ,0.0,0.0,0.0,0.0,0,0,0,1,210,0,0,0
TF,ETRUT,63.064553,21.944092,0, ,0.0,0.0,0.0,0.0,0,0,0,0,0,0,0,0
TF,NUBRO,62.905325,22.048603,0, ,0.0,0.0,0.0,0.0,0,0,0,0,0,0,0,0
TF,GUBTU,62.648611,22.199167,0, ,0.0,0.0,0.0,0.0,0,0,0,0,0,0,0,0

SID,RERB1A,16,5
CA,0,154.0,2,430,0,0,0,0,0,0
DF,DIWAW,62.973792,21.813189,0, ,0.0,0.0,0,0,0,1,180,0,0,0
TF,VINXI,62.997750,21.988083,0, ,0.0,0.0,0.0,0.0,0,0,0,0,0,0,0,0
TF,RERBU,63.232222,22.253611,0, ,0.0,0.0,0.0,0.0,0,0,0,0,0,0,0,0

SID,RERB1B,34,5
CA,0,334.0,2,430,0,0,0,0,0,0
DF,CECFI,63.127256,21.710892,0, ,0.0,0.0,0,0,0,1,180,0,0,0
TF,WORWE,63.151194,21.886719,0, ,0.0,0.0,0.0,0.0,0,0,0,1,210,0,0,0
TF,RERBU,63.232222,22.253611,0, ,0.0,0.0,0.0,0.0,0,0,0,0,0,0,0,0

SID,SUBU1A,16,5
CA,0,154.0,2,430,0,0,0,0,0,0
DF,DIWAW,62.973792,21.813189,0, ,0.0,0.0,0,0,0,1,180,0,0,0
TF,PEPXO,62.949619,21.638583,0, ,0.0,0.0,0.0,0.0,0,0,0,1,210,0,0,0
TF,SUBUG,62.691389,21.374722,0, ,0.0,0.0,0.0,0.0,0,0,0,0,0,0,0,0

SID,SUBU1B,34,5
CA,0,334.0,2,430,0,0,0,0,0,0
DF,CECFI,63.127256,21.710892,0, ,0.0,0.0,0,0,0,1,180,0,0,0
TF,PAZEF,63.103100,21.535356,0, ,0.0,0.0,0.0,0.0,0,0,0,1,210,0,0,0
TF,SUBUG,62.691389,21.374722,0, ,0.0,0.0,0.0,0.0,0,0,0,0,0,0,0,0

SID,UVAT1A,16,5
CA,0,154.0,2,430,0,0,0,0,0,0
DF,DIWAW,62.973792,21.813189,0, ,0.0,0.0,0,0,0,1,180,0,0,0
TF,PEPXO,62.949619,21.638583,0, ,0.0,0.0,0.0,0.0,0,0,0,1,210,0,0,0
TF,UMTUR,63.016425,21.593789,0, ,0.0,0.0,0.0,0.0,0,0,0,0,0,0,0,0
TF,XUROS,63.196744,21.471808,0, ,0.0,0.0,0.0,0.0,0,0,0,0,0,0,0,0
TF,UVATI,63.391389,21.201111,0, ,0.0,0.0,0.0,0.0,0,0,0,0,0,0,0,0

SID,UVAT1B,34,5
CA,0,334.0,2,430,0,0,0,0,0,0
DF,CECFI,63.127256,21.710892,0, ,0.0,0.0,0,0,0,1,180,0,0,0
TF,UVATI,63.391389,21.201111,0, ,0.0,0.0,0.0,0.0,0,0,0,0,0,0,0,0

STAR,AXUT3D,16,5
IF,AXUTI,62.883889,21.073611, ,0.0,0.0,2,7000,0,0,0,0,0,0
TF,XUROS,63.196744,21.471808,0, ,0.0,0.0,0.0,0.0,2,2300,0,1,240,0,0,0
TF,ROXUD,63.221050,21.647811,0, ,0.0,0.0,0.0,0.0,2,2300,0,0,0,0,0,0

STAR,AXUT3F,34,5
IF,AXUTI,62.883889,21.073611, ,0.0,0.0,2,7000,0,0,0,0,0,0
TF,INREM,62.857489,21.700006,0, ,0.0,0.0,0.0,0.0,2,2300,0,1,240,0,0,0
TF,TOTGU,62.881514,21.874161,0, ,0.0,0.0,0.0,0.0,2,2300,0,0,0,0,0,0

STAR,BEGS3D,16,5
IF,BEGSU,62.615833,21.782500, ,0.0,0.0,2,7000,0,0,0,0,0,0
TF,INREM,62.857489,21.700006,0, ,0.0,0.0,0.0,0.0,0,0,0,0,0,0,0,0
TF,UMTUR,63.016425,21.593789,0, ,0.0,0.0,0.0,0.0,0,0,0,0,0,0,0,0
TF,XUROS,63.196744,21.471808,0, ,0.0,0.0,0.0,0.0,2,2300,0,1,240,0,0,0
TF,ROXUD,63.221050,21.647811,0, ,0.0,0.0,0.0,0.0,2,2300,0,0,0,0,0,0

STAR,BEGS3F,34,5
IF,BEGSU,62.615833,21.782500, ,0.0,0.0,2,7000,0,0,0,0,0,0
TF,TOTGU,62.881514,21.874161,0, ,0.0,0.0,0.0,0.0,2,2300,0,0,0,0,0,0

STAR,BUPE3D,16,5
IF,BUPEG,62.786389,21.226111, ,0.0,0.0,2,7000,0,0,0,0,0,0
TF,XUROS,63.196744,21.471808,0, ,0.0,0.0,0.0,0.0,2,2300,0,1,240,0,0,0
TF,ROXUD,63.221050,21.647811,0, ,0.0,0.0,0.0,0.0,2,2300,0,0,0,0,0,0

STAR,BUPE3F,34,5
IF,BUPEG,62.786389,21.226111, ,0.0,0.0,2,7000,0,0,0,0,0,0
TF,INREM,62.857489,21.700006,0, ,0.0,0.0,0.0,0.0,2,2300,0,1,240,0,0,0
TF,TOTGU,62.881514,21.874161,0, ,0.0,0.0,0.0,0.0,2,2300,0,0,0,0,0,0

STAR,GUBT3F,34,5
IF,GUBTU,62.648611,22.199167, ,0.0,0.0,2,7000,0,0,0,0,0,0
TF,VA362,62.801942,21.926419,0, ,0.0,0.0,0.0,0.0,0,0,0,0,0,0,0,0
TF,TOTGU,62.881514,21.874161,0, ,0.0,0.0,0.0,0.0,2,2300,0,0,0,0,0,0

STAR,GUBT4D,16,5
IF,GUBTU,62.648611,22.199167, ,0.0,0.0,2,7000,0,0,0,0,0,0
TF,ETRUT,63.064553,21.944092,0, ,0.0,0.0,0.0,0.0,0,0,0,0,0,0,0,0
TF,ORVOP,63.245136,21.824108,0, ,0.0,0.0,0.0,0.0,2,2300,0,1,240,0,0,0
TF,ROXUD,63.221050,21.647811,1, ,0.0,0.0,0.0,0.0,2,2300,0,0,0,0,0,0

STAR,RERB2D,16,5
IF,RERBU,63.232222,22.253611, ,0.0,0.0,2,10000,0,0,0,0,0,0
TF,ORVOP,63.245136,21.824108,0, ,0.0,0.0,0.0,0.0,2,2300,0,1,240,0,0,0
TF,ROXUD,63.221050,21.647811,0, ,0.0,0.0,0.0,0.0,2,2300,0,0,0,0,0,0

STAR,RERB3F,34,5
IF,RERBU,63.232222,22.253611, ,0.0,0.0,2,10000,0,0,0,0,0,0
TF,ETRUT,63.064553,21.944092,0, ,0.0,0.0,0.0,0.0,0,0,0,0,0,0,0,0
TF,NUBRO,62.905325,22.048603,0, ,0.0,0.0,0.0,0.0,2,2300,0,1,240,0,0,0
TF,TOTGU,62.881514,21.874161,2, ,0.0,0.0,0.0,0.0,2,2300,0,0,0,0,0,0

STAR,SUBU3D,16,5
IF,SUBUG,62.691389,21.374722, ,0.0,0.0,2,7000,0,0,0,0,0,0
TF,XUROS,63.196744,21.471808,0, ,0.0,0.0,0.0,0.0,2,2300,0,1,240,0,0,0
TF,ROXUD,63.221050,21.647811,0, ,0.0,0.0,0.0,0.0,2,2300,0,0,0,0,0,0

STAR,SUBU3F,34,5
IF,SUBUG,62.691389,21.374722, ,0.0,0.0,2,7000,0,0,0,0,0,0
TF,TOTGU,62.881514,21.874161,0, ,0.0,0.0,0.0,0.0,2,2300,0,0,0,0,0,0

STAR,UVAT2D,16,5
IF,UVATI,63.391389,21.201111, ,0.0,0.0,2,10000,0,0,0,0,0,0
TF,ROXUD,63.221050,21.647811,0, ,0.0,0.0,0.0,0.0,2,2300,0,0,0,0,0,0

STAR,UVAT2F,34,5
IF,UVATI,63.391389,21.201111, ,0.0,0.0,2,10000,0,0,0,0,0,0
TF,UMTUR,63.016425,21.593789,0, ,0.0,0.0,0.0,0.0,0,0,0,0,0,0,0,0
TF,INREM,62.857489,21.700006,0, ,0.0,0.0,0.0,0.0,2,2300,0,1,240,0,0,0
TF,TOTGU,62.881514,21.874161,0, ,0.0,0.0,0.0,0.0,2,2300,0,0,0,0,0,0

APPTR,D34,34,AXUTI
FD,AXUTI,62.883889,21.073611,0,VAS,234.7,13.0,55.0,13.0,2,2300,0,0,0,0,1,0
CI,0, ,0.0,55.0,0,0,0,0,0,0,0,0
AF,CD34,62.868494,21.895178,1,VAS,152.0,11.0,235.0,2,2300,0,0,0,0,1,0

APPTR,D34,34,BEGSU
FD,BEGSU,62.615833,21.782500,0,VAS,169.9,17.0,350.0,17.0,2,2300,0,0,0,0,1,0
CF,CD34,62.868494,21.895178,0,VAS,152.0,11.0,20.0,7.0,2,2300,0,0,0,0,1,0

APPTR,D34,34,BUPEG
FD,BUPEG,62.786389,21.226111,0,VAS,215.2,13.0,35.0,13.0,2,2300,0,0,0,0,1,0
CI,0, ,0.0,35.0,0,0,0,0,0,0,0,0
AF,CD34,62.868494,21.895178,1,VAS,152.0,11.0,215.0,2,2300,0,0,0,0,1,0

APPTR,D34,34,GUBTU
FD,GUBTU,62.648611,22.199167,0,VAS,144.0,15.0,324.0,15.0,2,2300,0,0,0,0,1,0
CF,CD34,62.868494,21.895178,0,VAS,152.0,11.0,305.0,4.0,2,2300,0,0,0,0,1,0

APPTR,D34,34,NURGA
HF,NURGA,62.947222,21.836389,1, ,0.0,0.0,332.0,04.3,2,2300,0,0,0,0,1,0,0

APPTR,D34,34,RERBU
FD,RERBU,63.232222,22.253611,0,VAS,40.0,13.0,220.0,13.0,2,2300,0,0,0,0,1,0
CI,0, ,0.0,220.0,0,0,0,0,0,0,0,0
AF,CD34,62.868494,21.895178,2,VAS,152.0,11.0,40.0,2,2300,0,0,0,0,1,0

APPTR,D34,34,SUBUG
FD,SUBUG,62.691389,21.374722,0,VAS,198.2,13.0,18.0,13.0,2,2300,0,0,0,0,1,0
CI,0, ,0.0,18.0,0,0,0,0,0,0,0,0
AF,CD34,62.868494,21.895178,1,VAS,152.0,11.0,198.0,2,2300,0,0,0,0,1,0

APPTR,D34,34,UVATI
FD,UVATI,63.391389,21.201111,0,VAS,315.2,13.0,135.0,13.0,2,2300,0,0,0,0,1,0
CI,0, ,0.0,135.0,0,0,0,0,0,0,0,0
AF,CD34,62.868494,21.895178,1,VAS,152.0,11.0,315.0,2,2300,0,0,0,0,1,0

FINAL,D34,34,D,4
IF,CD34,62.868494,21.895178,VAS,152.0,11.0,2,2300,0,0,0,0,0,0
CF,FD34,62.958092,21.827847,0,VAS,152.0,5.3,332.0,5.7,2,1730,0,0,0,0,2,0
CF,20VOR,63.009947,21.788681,0,VAS,152.0,2.0,332.0,3.3,2,670,0,0,0,0,0,0
CF,VAS,63.041372,21.764875,0,VAS,0.0,0.0,332.0,2.0,1,38,0,0,0,0,3,0
CF,ROLSI,63.169167,21.683333,0,VAS,334.9,8.0,335.0,8.0,1,2300,0,0,0,0,0,1

APPTR,I16-Y,16,AXUTI
FD,AXUTI,62.883889,21.073611,0,VAS,234.7,14.0,55.0,14.0,2,2300,0,0,0,0,1,0
CI,0, ,0.0,55.0,0,0,0,0,0,0,0,0
AF,D322L,63.215597,21.550664,2,VAS,322.0,12.0,235.0,2,2300,0,0,0,0,0,0
CI,0,VA,0.0,124.0,0,0,0,0,0,0,0,0

APPTR,I16-Y,16,BUPEG
FD,BUPEG,62.786389,21.226111,0,VAS,215.2,14.0,35.0,14.0,2,2300,0,0,0,0,1,0
CI,0, ,0.0,35.0,0,0,0,0,0,0,0,0
AF,D322L,63.215597,21.550664,2,VAS,322.0,12.0,215.0,2,2300,0,0,0,0,0,0
CI,0,VA,0.0,124.0,0,0,0,0,0,0,0,0

APPTR,I16-Y,16,RERBU
FD,RERBU,63.232222,22.253611,0,VAS,40.0,14.0,220.0,14.0,2,2300,0,0,0,0,1,0
CI,0, ,0.0,220.0,0,0,0,0,0,0,0,0
AF,D348L,63.240481,21.741731,1,VAS,348.0,12.0,40.0,2,2300,0,0,0,0,0,0
CI,0,VA,0.0,184.0,0,0,0,0,0,0,0,0

APPTR,I16-Y,16,SUBUG
FD,SUBUG,62.691389,21.374722,0,VAS,198.2,14.0,18.0,14.0,2,2300,0,0,0,0,1,0
CI,0, ,0.0,18.0,0,0,0,0,0,0,0,0
AF,D322L,63.215597,21.550664,2,VAS,322.0,12.0,198.0,2,2300,0,0,0,0,0,0
CI,0,VA,0.0,124.0,0,0,0,0,0,0,0,0

APPTR,I16-Y,16,UVATI
FD,UVATI,63.391389,21.201111,0,VAS,315.2,20.0,135.0,20.0,2,2300,0,0,0,0,1,0
CF,CI16Y,63.232558,21.640044,0,VA,334.2,12.3,110.0,9.5,2,2300,0,0,0,0,1,0

FINAL,I16-Y,16,I,3
IF,CI16Y,63.232558,21.640044,VA,334.2,12.3,2,2300,0,0,0,0,0,0
CF,FI16Y,63.143694,21.699867,0,VA,334.2,6.7,154.0,5.6,1,1700,0,0,0,0,2,0
CF,RW16,63.062061,21.754489,0,VA,334.2,1.6,154.0,5.1,1,72,0,0,0,0,3,0
CA,0,154.0,2,430,0,0,0,0,0,0
CF,NURGA,62.947222,21.836389,0,VAS,151.9,6.0,152.0,7.0,1,2300,0,0,0,0,0,1

APPTR,I16-Z,16,ORVOP
IF,ORVOP,63.245136,21.824108, ,0.0,0.0,2,2300,0,1,240,0,1,0
TF,ROXUD,63.221050,21.647811,0,VA,0.0,0.0,0.0,0.0,2,2300,0,0,0,0,1,0

APPTR,I16-Z,16,XUROS
IF,XUROS,63.196744,21.471808, ,0.0,0.0,2,2300,0,1,240,0,1,0
TF,ROXUD,63.221050,21.647811,0,VA,0.0,0.0,0.0,0.0,2,2300,0,0,0,0,1,0

FINAL,I16-Z,16,I,3
IF,ROXUD,63.221050,21.647811,VA,334.2,11.6,2,2300,0,0,0,0,1,0
CF,OSGID,63.143375,21.700083,0,VA,334.2,6.7,154.0,4.9,1,1700,0,0,0,0,2,0
CF,RW16,63.062061,21.754489,0,VA,334.2,1.6,154.0,5.1,1,72,0,0,0,0,3,1
CA,0,154.0,2,500,0,0,0,0,0,0
DF,TOTGU,62.881514,21.874161,0, ,0.0,0.0,1,2300,0,0,0,0,0,1

APPTR,R16,16,ORVOP
IF,ORVOP,63.245136,21.824108, ,0.0,0.0,2,2300,0,1,240,0,1,0
TF,ROXUD,63.221050,21.647811,0, ,0.0,0.0,0.0,0.0,2,2300,0,0,0,0,1,0

APPTR,R16,16,ROXUD
HF,ROXUD,63.221050,21.647811,1, ,0.0,0.0,154.0,04.3,2,2300,0,1,230,0,1,0,0

APPTR,R16,16,XUROS
IF,XUROS,63.196744,21.471808, ,0.0,0.0,2,2300,0,1,240,0,1,0
TF,ROXUD,63.221050,21.647811,0, ,0.0,0.0,0.0,0.0,2,2300,0,0,0,0,1,0

FINAL,R16,16,R,3
IF,ROXUD,63.221050,21.647811, ,0.0,0.0,2,2300,0,0,0,0,0,0
TF,OSGID,63.143375,21.700083,0, ,0.0,0.0,154.0,4.9,2,1700,0,0,0,0,2,0
TF,RW16,63.062061,21.754489,0, ,0.0,0.0,154.0,5.1,1,72,0,0,0,0,3,1
TF,TOTGU,62.881514,21.874161,0, ,0.0,0.0,0.0,0.0,1,2300,0,0,0,0,0,1

APPTR,R34,34,INREM
IF,INREM,62.857489,21.700006, ,0.0,0.0,2,2300,0,1,240,0,1,0
TF,TOTGU,62.881514,21.874161,0, ,0.0,0.0,0.0,0.0,2,2300,0,0,0,0,1,0

APPTR,R34,34,NUBRO
IF,NUBRO,62.905325,22.048603, ,0.0,0.0,2,2300,0,1,240,0,1,0
TF,TOTGU,62.881514,21.874161,0, ,0.0,0.0,0.0,0.0,2,2300,0,0,0,0,1,0

APPTR,R34,34,TOTGU
HF,TOTGU,62.881514,21.874161,1, ,0.0,0.0,334.0,04.3,2,2300,0,1,230,0,1,0,0

FINAL,R34,34,R,3
IF,TOTGU,62.881514,21.874161, ,0.0,0.0,2,2300,0,0,0,0,0,0
TF,ERPOD,62.958747,21.823158,0, ,0.0,0.0,334.0,4.9,2,1700,0,0,0,0,2,0
TF,RW34,63.040597,21.768797,0, ,0.0,0.0,334.0,5.1,1,62,0,0,0,0,3,1
TF,ROXUD,63.221050,21.647811,0, ,0.0,0.0,0.0,0.0,1,2300,0,0,0,0,0,1

