APPTR,D07,07,BEL1
IF,BEL,54.661144,-6.229906, ,0.0,0.0,2,4000,0,1,210,0,1,0
FD,BEL,54.661144,-6.229906,0,BEL,0.0,10.0,252.0,10.0,2,2500,0,0,0,0,0,0
CF,FD07,54.580825,-6.394469,1,BEL,232.0,7.5,52.0,3.0,2,2500,0,0,0,0,0,0

APPTR,D07,07,BEL2
IF,BEL,54.661144,-6.229906, ,0.0,0.0,2,4000,0,1,210,0,1,0
FD,BEL,54.661144,-6.229906,0,BEL,0.0,10.0,242.0,10.0,2,2500,0,0,0,0,0,0
CF,FD07,54.580825,-6.394469,1,BEL,232.0,7.5,52.0,3.0,2,2500,0,0,0,0,0,0

FINAL,D07,07,D,3
IF,FD07,54.580825,-6.394469,BEL,232.0,7.5,2,2500,0,0,0,0,2,0
CF,ED07,54.655947,-6.240586,0,BEL,232.0,0.5,52.0,7.0,1,256,0,0,0,0,0,1
CF,BEL,54.661144,-6.229906,0,BEL,0.0,0.0,52.0,0.5,2,670,0,0,0,0,3,1
FA,BEL,54.661144,-6.229906,0,BEL,0.0,0.0,52.0,2,1200,0,0,0,0,0,0
CA,1,255.0,2,3000,0,0,0,0,0,0
DF,BEL,54.661144,-6.229906,1, ,0.0,0.0,1,3000,0,1,210,0,0,0

APPTR,D17,17,BEL1
IF,BEL,54.661144,-6.229906, ,0.0,0.0,2,4000,0,1,210,0,1,0
FD,BEL,54.661144,-6.229906,0,BEL,0.0,9.0,324.0,9.0,2,2500,0,0,0,0,0,0
CF,FD17,54.770306,-6.291264,2,BEL,344.0,6.9,164.0,3.0,2,2500,0,0,0,0,0,0

APPTR,D17,17,BEL2
IF,BEL,54.661144,-6.229906, ,0.0,0.0,2,4000,0,1,210,0,1,0
FD,BEL,54.661144,-6.229906,0,BEL,0.0,9.0,334.0,9.0,2,2500,0,0,0,0,0,0
CF,FD17,54.770306,-6.291264,2,BEL,344.0,6.9,164.0,3.0,2,2500,0,0,0,0,0,0

APPTR,D17,17,BEL3
IF,BEL,54.661144,-6.229906, ,0.0,0.0,2,4000,0,1,210,0,1,0
HF,BEL,54.661144,-6.229906,2, ,0.0,0.0,164.0,09,2,2500,0,0,0,0,0,0,0

FINAL,D17,17,D,2
IF,FD17,54.770306,-6.291264,BEL,344.0,6.9,2,2500,0,0,0,0,2,0
CF,BEL,54.661144,-6.229906,0,BEL,0.0,0.0,164.0,6.9,1,320,0,0,0,0,3,0
FA,BEL,54.661144,-6.229906,0,BEL,0.0,0.0,164.0,2,1200,0,0,0,0,0,0
CA,2,255.0,2,3000,0,0,0,0,0,0
DF,BEL,54.661144,-6.229906,2, ,0.0,0.0,1,3000,0,1,210,0,0,0

APPTR,D25,25,BEL1
IF,BEL,54.661144,-6.229906, ,0.0,0.0,2,4000,0,1,210,0,1,0
FD,BEL,54.661144,-6.229906,0,BEL,0.0,10.0,59.0,10.0,2,2500,0,0,0,0,0,0
CF,FD25,54.695389,-6.007950,2,BEL,77.0,8.0,257.0,2.0,2,2500,0,0,0,0,0,0

APPTR,D25,25,BEL2
IF,BEL,54.661144,-6.229906, ,0.0,0.0,2,4000,0,1,210,0,1,0
FD,BEL,54.661144,-6.229906,0,BEL,0.0,10.0,67.0,10.0,2,2500,0,0,0,0,0,0
CF,FD25,54.695389,-6.007950,2,BEL,77.0,8.0,257.0,2.0,2,2500,0,0,0,0,0,0

APPTR,D25,25,RINGA
IF,RINGA,54.398456,-5.571017, ,0.0,0.0,0,0,0,0,0,0,0,0
CF,D127P,54.507875,-5.855172,0,BEL,127.0,16.0,307.0,11.9,2,4000,0,1,210,0,1,0
CI,0, ,0.0,307.0,0,0,0,0,0,0,0,0
AF,D077N,54.720806,-5.841239,1,BEL,77.0,14.0,127.0,2,4000,0,0,0,0,0,0
CF,FD25,54.695389,-6.007950,0,BEL,77.0,8.0,257.0,6.0,2,2500,0,0,0,0,0,0

FINAL,D25,25,D,4
IF,FD25,54.695389,-6.007950,BEL,77.0,8.0,2,2500,0,0,0,0,2,0
CF,50VO2,54.682594,-6.091228,0,BEL,77.0,5.0,257.0,3.0,2,1540,0,0,0,0,0,0
CF,30VOR,54.674033,-6.146717,0,BEL,77.0,3.0,257.0,2.0,2,900,0,0,0,0,0,0
CF,MD25,54.669742,-6.174453,0,BEL,77.0,2.0,257.0,1.0,1,591,0,0,0,0,3,0
FA,MD25,54.669742,-6.174453,0,BEL,0.0,0.0,248.0,2,2500,0,0,0,0,0,0
DF,BEL,54.661144,-6.229906,2, ,0.0,0.0,1,3000,0,1,210,0,0,0
HM,BEL,54.661144,-6.229906,1, ,0.0,0.0,52.0,04.3,0,0,0,0,0,0,0,0,0

APPTR,D35,35,BEL1
IF,BEL,54.661144,-6.229906, ,0.0,0.0,2,4000,0,1,210,0,1,0
FD,BEL,54.661144,-6.229906,0,BEL,0.0,10.0,184.0,10.0,2,2500,0,0,0,0,0,0
CF,FD35,54.533842,-6.162989,1,BEL,165.0,8.0,345.0,3.0,2,2500,0,0,0,0,0,0

APPTR,D35,35,BEL2
IF,BEL,54.661144,-6.229906, ,0.0,0.0,2,4000,0,1,210,0,1,0
FD,BEL,54.661144,-6.229906,0,BEL,0.0,10.0,174.0,10.0,2,2500,0,0,0,0,0,0
CF,FD35,54.533842,-6.162989,1,BEL,165.0,8.0,345.0,3.0,2,2500,0,0,0,0,0,0

FINAL,D35,35,D,3
IF,FD35,54.533842,-6.162989,BEL,165.0,8.0,2,2500,0,0,0,0,2,0
CF,50VOR,54.581583,-6.188036,0,BEL,165.0,5.0,345.0,3.0,2,1540,0,0,0,0,0,0
CF,RW35,54.642553,-6.219989,0,BEL,164.8,1.2,345.0,3.8,1,308,0,0,0,0,3,0
CF,BEL,54.661144,-6.229906,0,BEL,0.0,0.0,345.0,1.2,2,670,0,0,0,0,0,0
FA,BEL,54.661144,-6.229906,0,BEL,0.0,0.0,345.0,2,1300,0,0,0,0,0,0
CA,1,255.0,2,3000,0,0,0,0,0,0
DF,BEL,54.661144,-6.229906,1, ,0.0,0.0,1,3000,0,1,210,0,0,0
HM,BEL,54.661144,-6.229906,2, ,0.0,0.0,165.0,04.3,0,0,0,0,0,0,0,0,0

APPTR,I17,17,BEL1
IF,BEL,54.661144,-6.229906, ,0.0,0.0,2,4000,0,1,210,0,1,0
CF,FF17,54.770178,-6.291911,0,BEL,343.8,6.9,344.0,6.9,2,2500,0,0,0,0,0,0
FC,FF17,54.770178,-6.291911,0,BEL,0.0,0.0,299.0,4.3,2,2500,0,0,0,0,0,1
CF,CF17,54.801806,-6.309808,2,IFT,344.0,10.2,164.0,2.0,2,2500,0,0,0,0,0,0

FINAL,I17,17,I,3
IF,CF17,54.801806,-6.309808,IFT,344.0,10.2,2,2500,0,0,0,0,0,0
CF,FF17,54.770178,-6.291911,0,IFT,344.0,8.2,164.0,2.0,1,2500,0,0,0,0,2,0
CF,RW17,54.657922,-6.228622,0,IFT,344.0,1.1,164.0,7.1,1,256,0,0,0,0,3,0
FA,RW17,54.657922,-6.228622,0,BEL,0.0,0.0,164.0,2,1200,0,0,0,0,0,0
CA,2,255.0,2,3000,0,0,0,0,0,0
DF,BEL,54.661144,-6.229906,2, ,0.0,0.0,1,3000,0,1,210,0,0,0

APPTR,I25,25,BEL1
IF,BEL,54.661144,-6.229906,BEL,0.0,0.0,2,4000,0,1,210,0,1,0
FD,BEL,54.661144,-6.229906,0,BEL,0.0,10.5,53.0,10.5,2,2500,0,0,0,0,0,0
CF,CF25,54.728361,-5.951103,2,IAG,67.1,11.1,247.0,1.0,2,2500,0,0,0,0,0,0

APPTR,I25,25,BEL2
IF,BEL,54.661144,-6.229906, ,0.0,0.0,2,4000,0,1,210,0,1,0
FD,BEL,54.661144,-6.229906,0,BEL,0.0,10.5,61.0,10.5,2,2500,0,0,0,0,0,0
CF,CF25,54.728361,-5.951103,2,IAG,67.1,11.1,247.0,1.0,2,2500,0,0,0,0,0,0

APPTR,I25,25,RINGA
IF,RINGA,54.398456,-5.571017, ,0.0,0.0,0,0,0,0,0,0,0,0
CF,D127P,54.507875,-5.855172,0,BEL,127.0,16.0,307.0,11.9,2,4000,0,1,210,0,1,0
CI,0, ,0.0,307.0,0,0,0,0,0,0,0,0
AF,D077N,54.720806,-5.841239,1,BEL,77.0,14.0,127.0,2,4000,0,0,0,0,0,1
CF,CF25,54.728361,-5.951103,0,IAG,67.1,11.1,247.0,3.0,2,2500,0,0,0,0,0,0

FINAL,I25,25,I,3
IF,CF25,54.728361,-5.951103,IAG,67.1,11.1,2,2500,0,0,0,0,0,0
CF,FF25,54.710267,-6.018975,0,IAG,67.1,8.5,247.0,2.6,1,2500,0,0,0,0,2,0
CF,RW25,54.662775,-6.196178,0,IAG,67.1,1.7,247.0,6.8,1,320,0,0,0,0,3,0
FA,RW25,54.662775,-6.196178,0,BEL,0.0,0.0,247.0,2,2500,0,0,0,0,0,0
DF,BEL,54.661144,-6.229906,2, ,0.0,0.0,1,3000,0,1,210,0,0,0
HM,BEL,54.661144,-6.229906,1, ,0.0,0.0,52.0,04.3,0,0,0,0,0,0,0,0,0

APPTR,L17,17,BEL1
IF,BEL,54.661144,-6.229906, ,0.0,0.0,2,4000,0,1,210,0,1,0
CF,FF17,54.770178,-6.291911,0,BEL,343.8,6.9,344.0,6.9,2,2500,0,0,0,0,0,0
FC,FF17,54.770178,-6.291911,0,BEL,0.0,0.0,299.0,4.3,2,2500,0,0,0,0,0,1
CF,CF17,54.801806,-6.309808,2,IFT,344.0,10.2,164.0,2.0,2,2500,0,0,0,0,0,0

FINAL,L17,17,D,3
IF,CF17,54.801806,-6.309808,IFT,344.0,10.2,2,2500,0,0,0,0,0,0
CF,FF17,54.770178,-6.291911,0,IFT,344.0,8.2,164.0,2.0,2,2500,0,0,0,0,2,0
CF,ML17,54.670542,-6.235717,0,IFT,344.0,1.9,164.0,6.3,1,510,0,0,0,0,3,0
FA,ML17,54.670542,-6.235717,0,BEL,0.0,0.0,164.0,2,1200,0,0,0,0,0,0
CA,2,255.0,2,3000,0,1,210,0,0,0
DF,BEL,54.661144,-6.229906,2, ,0.0,0.0,1,3000,0,0,0,0,0,0

APPTR,L25,25,BEL1
IF,BEL,54.661144,-6.229906,BEL,0.0,0.0,2,4000,0,1,210,0,1,0
FD,BEL,54.661144,-6.229906,0,BEL,0.0,10.5,53.0,10.5,2,2500,0,0,0,0,0,0
CF,CF25,54.728361,-5.951103,2,IAG,67.1,11.1,247.0,1.0,2,2500,0,0,0,0,0,0

APPTR,L25,25,BEL2
IF,BEL,54.661144,-6.229906, ,0.0,0.0,2,4000,0,1,210,0,1,0
FD,BEL,54.661144,-6.229906,0,BEL,0.0,10.5,61.0,10.5,2,2500,0,0,0,0,0,0
CF,CF25,54.728361,-5.951103,2,IAG,67.1,11.1,247.0,1.0,2,2500,0,0,0,0,0,0

APPTR,L25,25,RINGA
IF,RINGA,54.398456,-5.571017, ,0.0,0.0,0,0,0,0,0,0,0,0
CF,D127P,54.507875,-5.855172,0,BEL,127.0,16.0,307.0,11.9,2,4000,0,1,210,0,1,0
CI,0, ,0.0,307.0,0,0,0,0,0,0,0,0
AF,D077N,54.720806,-5.841239,1,BEL,77.0,14.0,127.0,2,4000,0,0,0,0,0,1
CF,CF25,54.728361,-5.951103,0,IAG,67.1,11.1,247.0,3.0,2,2500,0,0,0,0,0,0

FINAL,L25,25,D,4
IF,CF25,54.728361,-5.951103,IAG,67.1,11.1,2,2500,0,0,0,0,0,0
CF,FF25,54.710267,-6.018975,0,IAG,67.1,8.5,247.0,2.6,2,2500,0,0,0,0,2,0
CF,30LOC,54.683756,-6.118067,0,IAG,67.1,4.7,247.0,3.8,2,1280,0,0,0,0,0,0
CF,ML25,54.669067,-6.172772,0,IAG,67.1,2.6,247.0,2.1,1,607,0,0,0,0,3,0
FA,ML25,54.669067,-6.172772,0,BEL,0.0,0.0,247.0,2,2500,0,0,0,0,0,0
DF,BEL,54.661144,-6.229906,2, ,0.0,0.0,1,3000,0,1,210,0,0,0
HM,BEL,54.661144,-6.229906,1, ,0.0,0.0,52.0,04.3,0,0,0,0,0,0,0,0,0

APPTR,R07,07,LIRGU
IF,LIRGU,54.506175,-6.435547, ,0.0,0.0,2,4000,0,1,210,0,1,0
TF,AA07I,54.581497,-6.496278,0, ,0.0,0.0,0.0,0.0,2,2500,0,0,0,0,1,0

APPTR,R07,07,SULEV
IF,SULEV,54.656789,-6.557233, ,0.0,0.0,2,4000,0,1,210,0,1,0
TF,AA07I,54.581497,-6.496278,0, ,0.0,0.0,0.0,0.0,2,2500,0,0,0,0,1,0

APPTR,R07,07,VAGMO
IF,VAGMO,54.546086,-6.625814, ,0.0,0.0,2,4000,0,1,210,0,1,0
TF,AA07I,54.581497,-6.496278,0, ,0.0,0.0,0.0,0.0,2,2500,0,0,0,0,1,0

FINAL,R07,07,R,3
IF,AA07I,54.581497,-6.496278, ,0.0,0.0,2,2500,0,0,0,0,0,0
TF,AA07F,54.602678,-6.418450,0, ,0.0,0.0,67.0,3.0,1,2500,0,0,0,0,2,0
TF,RW07,54.652256,-6.235242,0, ,0.0,0.0,67.0,7.1,1,256,0,0,0,0,3,1
CA,0,67.0,2,1200,0,0,0,0,0,0
CA,1,255.0,2,3000,0,0,0,0,0,0
DF,BEL,54.661144,-6.229906,1, ,0.0,0.0,1,3000,0,1,210,0,0,0

