FINAL,I23,23,I,3
IF,CF23,51.257719,-1.551347,IBOD,50.1,10.8,2,2880,0,0,0,0,0,0
CF,FF23,51.227931,-1.608467,0,IBOD,50.1,8.0,230.0,2.8,1,2380,0,0,0,0,2,0
CF,RW23,51.161969,-1.734506,0,IBOD,50.1,1.8,230.0,6.2,1,424,0,0,0,0,3,0
CA,0,230.0,2,2380,0,0,0,0,0,0
VM,0,0,0,230.0,1,2380,0,0,0,0,0,0

APPTR,I23-Z,23,D070O
IF,D070O,51.233608,-1.378892, ,0.0,0.0,2,4000,0,0,0,0,1,0
CI,0, ,0.0,70.0,0,0,0,0,0,0,0,0
AF,D056Q,51.306456,-1.378347,1,BDN,56.0,17.0,70.0,0,0,0,0,0,0,0,1
CF,CF23,51.257719,-1.551347,0,IBOD,50.1,10.8,230.0,7.0,2,2880,0,0,0,0,1,0

FINAL,I23-Z,23,I,3
IF,CF23,51.257719,-1.551347,IBOD,50.1,10.8,2,2880,0,0,0,0,0,0
CF,FF23,51.227931,-1.608467,0,IBOD,50.1,8.0,230.0,2.8,1,2380,0,0,0,0,2,0
CF,RW23,51.161969,-1.734506,0,IBOD,50.1,1.8,230.0,6.2,1,424,0,0,0,0,3,0
CA,0,230.0,2,2380,0,0,0,0,0,0
VM,0,0,0,230.0,1,2380,0,0,0,0,0,0

APPTR,T05,05,D270J
IF,D270J,51.148503,-2.017328, ,0.0,0.0,2,3410,0,0,0,0,1,0
CI,0, ,0.0,270.0,0,0,0,0,0,0,0,0
AF,D237L,51.039697,-2.018397,1,BDN,237.0,12.0,270.0,0,0,0,0,0,0,0,0
CF,CT05,51.057922,-1.974194,0,BDN,237.0,10.0,57.0,2.0,2,2910,0,0,0,0,1,0

FINAL,T05,05,D,5
IF,CT05,51.057922,-1.974194,BDN,237.0,10.0,2,2910,0,0,0,0,0,0
CF,FT05,51.094325,-1.885681,0,BDN,237.0,6.0,57.0,4.0,2,2160,0,0,0,0,2,0
CF,40TAC,51.112500,-1.841372,0,BDN,237.0,4.0,57.0,2.0,2,1530,0,0,0,0,0,0
CF,30TAC,51.121583,-1.819206,0,BDN,237.0,3.0,57.0,1.0,2,1210,0,0,0,0,0,0
CF,MT05,51.135197,-1.785939,0,BDN,237.0,1.5,57.0,1.5,1,719,0,0,0,0,3,0
FA,MT05,51.135197,-1.785939,0,BDN,0.0,0.0,50.0,2,2410,0,0,0,0,0,0
VM,0,0,0,50.0,1,2410,0,0,0,0,0,0

APPTR,T23-Z,23,D070O
IF,D070O,51.233608,-1.378892, ,0.0,0.0,2,4000,0,0,0,0,1,0
CI,0, ,0.0,70.0,0,0,0,0,0,0,0,0
AF,D047Q,51.341339,-1.422200,1,BDN,47.0,17.0,70.0,0,0,0,0,0,0,0,0
CF,CT23Z,51.262172,-1.558603,0,BDN,47.0,10.0,227.0,7.0,2,2880,0,0,0,0,1,0

FINAL,T23-Z,23,D,4
IF,CT23Z,51.262172,-1.558603,BDN,47.0,10.0,2,2880,0,0,0,0,0,0
CF,FT23Z,51.222531,-1.626628,0,BDN,47.0,6.5,227.0,3.5,2,2180,0,0,0,0,2,0
CF,45TAC,51.199858,-1.665447,0,BDN,47.0,4.5,227.0,2.0,2,1530,0,0,0,0,0,0
CF,MT23Z,51.171503,-1.713917,0,BDN,47.0,2.0,227.0,2.5,1,735,0,0,0,0,3,0
FA,MT23Z,51.171503,-1.713917,0,BDN,0.0,0.0,230.0,2,2380,0,0,0,0,0,0
VM,0,0,0,230.0,1,2380,0,0,0,0,0,0

