SID,MID06,06,2
DF,DER06,50.089478,-5.250433,0, ,0.0,0.0,0,0,0,0,0,0,0,1
CA,0,65.0,2,2760,0,0,0,0,0,0
VM,0,0,0,65.0,0,0,0,0,0,0,0,0

SID,MID11,11,2
DF,DER11,50.082203,-5.242292,0, ,0.0,0.0,0,0,0,0,0,0,0,1
CA,0,115.0,2,2760,0,0,0,0,0,0
VM,0,0,0,115.0,0,0,0,0,0,0,0,0

SID,MID18,18,2
DF,DER18,50.080539,-5.251422,0, ,0.0,0.0,0,0,0,0,0,0,0,1
CA,0,180.0,2,2760,0,0,0,0,0,0
VM,0,0,0,180.0,0,0,0,0,0,0,0,0

SID,MID24,24,2
DF,DER24,50.085225,-5.263414,0, ,0.0,0.0,0,0,0,0,0,0,0,1
CA,0,245.0,2,2760,0,0,0,0,0,0
VM,0,0,0,245.0,0,0,0,0,0,0,0,0

SID,MID29,29,2
DF,DER29,50.088586,-5.265853,0, ,0.0,0.0,0,0,0,0,0,0,0,1
CA,0,295.0,2,2760,0,0,0,0,0,0
VM,0,0,0,295.0,0,0,0,0,0,0,0,0

SID,MID36,36,2
DF,DER36,50.090000,-5.251814,0, ,0.0,0.0,0,0,0,0,0,0,0,1
CA,0,360.0,2,2760,0,0,0,0,0,0
VM,0,0,0,360.0,0,0,0,0,0,0,0,0

APPTR,I29,29,CUL
IF,CUL,50.082486,-5.248622, ,0.0,0.0,2,3770,0,0,0,0,1,0
CF,D080H,50.109764,-5.047794,0,LND,94.8,22.8,80.0,7.9,2,1770,0,0,0,0,0,1
CF,CF29,50.032283,-5.058789,2,ICUL,114.8,8.8,294.0,1.0,2,1770,0,0,0,0,1,0

FINAL,I29,29,I,3
IF,CF29,50.032283,-5.058789,ICUL,114.8,8.8,2,1770,0,0,0,0,0,0
CF,FF29,50.051758,-5.130211,0,ICUL,114.8,5.8,294.0,3.0,1,1770,0,0,0,0,2,0
CF,RW29,50.082203,-5.242292,0,ICUL,114.8,1.1,294.0,4.7,1,290,0,0,0,0,3,0
CA,0,294.0,2,670,0,0,0,0,0,0
CF,D295H,50.137081,-5.444089,0,LND,90.6,7.4,295.0,8.0,2,2770,0,0,0,0,0,1
DF,CUL,50.082486,-5.248622,1, ,0.0,0.0,1,3770,0,0,0,0,0,0
HM,CUL,50.082486,-5.248622,1, ,0.0,0.0,77.0,04.3,2,3770,0,0,0,0,0,0,0

