SID,MID04,04,2
DF,DER04,51.014169,-2.631608,0, ,0.0,0.0,0,0,0,0,0,0,0,1
CA,0,37.0,2,3080,0,0,0,0,0,0
VM,0,0,0,37.0,0,0,0,0,0,0,0,0

SID,MID08,08,2
DF,DER08,51.009508,-2.629278,0, ,0.0,0.0,0,0,0,0,0,0,0,1
CA,0,83.0,2,3080,0,0,0,0,0,0
VM,0,0,0,83.0,0,0,0,0,0,0,0,0

SID,MID22,22,2
DF,DER22,51.003667,-2.644172,0, ,0.0,0.0,0,0,0,0,0,0,0,1
CA,0,217.0,2,3080,0,0,0,0,0,0
VM,0,0,0,217.0,0,0,0,0,0,0,0,0

SID,MID26,26,2
DF,DER26,51.007025,-2.661708,0, ,0.0,0.0,0,0,0,0,0,0,0,1
CA,0,263.0,2,3080,0,0,0,0,0,0
VM,0,0,0,263.0,0,0,0,0,0,0,0,0

APPTR,I26,26,D138M
IF,D138M,50.845167,-2.407500, ,0.0,0.0,3,11000,0,0,0,0,1,0
CF,D138O,50.820672,-2.372264,0,VLN,137.5,15.0,138.0,2.0,0,0,0,0,0,0,0,0
AF,D092O,50.995625,-2.243269,1,VLN,92.0,15.0,138.0,0,0,0,0,0,0,0,0
CF,CF26,51.033119,-2.314569,0,IYEO,83.1,13.3,263.0,3.0,2,3070,0,0,0,0,1,0

FINAL,I26,26,I,3
IF,CF26,51.033119,-2.314569,IYEO,83.1,13.3,2,3070,0,0,0,0,0,0
CF,FF26,51.021819,-2.466631,0,IYEO,83.1,7.5,263.0,5.8,1,2070,0,0,0,0,2,0
CF,RW26,51.009508,-2.629278,0,IYEO,83.1,1.3,263.0,6.2,1,96,0,0,0,0,3,0
CA,0,263.0,2,480,0,0,0,0,0,0
VM,0,0,0,263.0,1,3070,0,0,0,0,0,0

APPTR,T04,04,D278M
IF,D278M,51.032667,-2.979167, ,0.0,0.0,3,11000,0,0,0,0,1,0
CF,D278O,51.036819,-3.031433,0,VLN,277.5,15.0,278.0,2.0,0,0,0,0,0,0,0,0
AF,D232O,50.850853,-2.949592,1,VLN,232.0,15.0,278.0,0,0,0,0,0,0,0,0
CF,CT04,50.861097,-2.858008,0,VLN,224.0,12.0,44.0,3.0,2,3080,0,0,0,0,1,0

FINAL,T04,04,D,4
IF,CT04,50.861097,-2.858008,VLN,224.0,12.0,2,3080,0,0,0,0,0,0
CF,FT04,50.928308,-2.755850,0,VLN,224.0,6.4,44.0,5.6,2,2080,0,0,0,0,2,0
CF,30TA2,50.969072,-2.693683,0,VLN,224.0,3.0,44.0,3.4,2,1020,0,0,0,0,0,0
CF,MT04,50.993033,-2.657061,0,VLN,224.0,0.0,44.0,2.0,1,380,0,0,0,0,3,0
CA,0,37.0,2,480,0,0,0,0,0,0
VM,0,0,0,37.0,1,3080,0,0,0,0,0,0

APPTR,T08,08,D223M
IF,D223M,50.846167,-2.871667, ,0.0,0.0,3,11000,0,0,0,0,1,0
CF,D223O,50.821814,-2.907175,0,VLN,222.9,15.0,223.0,2.0,0,0,0,0,0,0,0,0
AF,D261O,50.965292,-3.029319,2,VLN,261.0,15.0,223.0,0,0,0,0,0,0,0,0
CF,CT08,51.008067,-2.955339,0,VLN,271.0,12.0,91.0,3.0,2,3060,0,0,0,0,1,0

FINAL,T08,08,D,3
IF,CT08,51.008067,-2.955339,VLN,271.0,12.0,2,3060,0,0,0,0,0,0
CF,FT08,51.006897,-2.823417,0,VLN,271.0,7.0,91.0,5.0,2,2060,0,0,0,0,2,0
CF,MT08,51.005439,-2.678311,0,VLN,271.0,1.5,91.0,5.5,1,303,0,0,0,0,3,0
CA,0,83.0,2,480,0,0,0,0,0,0
VM,0,0,0,83.0,1,3060,0,0,0,0,0,0

APPTR,T22,22,D098M
IF,D098M,50.976333,-2.298667, ,0.0,0.0,3,11000,0,0,0,0,1,0
CF,D098O,50.971850,-2.246594,0,VLN,97.5,15.0,98.0,2.0,0,0,0,0,0,0,0,0
AF,D042O,51.190278,-2.372844,1,VLN,42.0,15.0,98.0,0,0,0,0,0,0,0,0
CF,CT22,51.170492,-2.461047,0,VLN,34.0,12.0,214.0,3.0,2,3080,0,0,0,0,1,0

FINAL,T22,22,D,4
IF,CT22,51.170492,-2.461047,VLN,34.0,12.0,2,3080,0,0,0,0,0,0
CF,FT22,51.098817,-2.538203,0,VLN,34.0,6.8,214.0,5.2,2,2080,0,0,0,0,2,0
CF,38TAC,51.057442,-2.582606,0,VLN,34.0,3.8,214.0,3.0,2,1140,0,0,0,0,0,0
CF,MT22,51.018811,-2.623978,0,VLN,34.0,0.0,214.0,2.8,1,245,0,0,0,0,3,0
CA,0,217.0,2,1080,0,0,0,0,0,0
VM,0,0,0,284.0,1,3080,0,0,0,0,0,0

APPTR,T26,26,D138M
IF,D138M,50.845167,-2.407500, ,0.0,0.0,3,11000,0,0,0,0,1,0
CF,D138O,50.820672,-2.372264,0,VLN,137.5,15.0,138.0,2.0,0,0,0,0,0,0,0,0
AF,D081O,51.043419,-2.247500,1,VLN,81.0,15.0,138.0,0,0,0,0,0,0,0,0
CF,CT26,51.063025,-2.335564,0,VLN,73.0,12.0,253.0,3.0,2,3080,0,0,0,0,1,0

FINAL,T26,26,D,4
IF,CT26,51.063025,-2.335564,VLN,73.0,12.0,2,3080,0,0,0,0,0,0
CF,FT26,51.037014,-2.472086,0,VLN,73.0,6.6,253.0,5.4,2,2080,0,0,0,0,2,0
CF,30TAC,51.019586,-2.563017,0,VLN,73.0,3.0,253.0,3.6,2,950,0,0,0,0,0,0
CF,MT26,51.009875,-2.613503,0,VLN,73.0,0.0,253.0,2.0,1,305,0,0,0,0,3,0
CA,0,263.0,2,480,0,0,0,0,0,0
VM,0,0,0,263.0,1,3080,0,0,0,0,0,0

