SID,MID01E,01,2
DF,DER01,53.257544,-4.537858,0, ,0.0,0.0,0,0,0,0,0,0,0,1
CD, ,0,0,0,VYL,0,0.0,8.0,1.0,0,0,0,0,0,0,0,0
CA,0,8.0,2,540,0,0,0,0,0,0
CI,0, ,0.0,77.0,0,0,0,0,0,0,0,0
FD,VYL,53.249000,-4.544333,0,VYL,0.0,8.0,47.0,8.0,0,0,0,0,0,0,0,0
CI,0, ,0.0,128.0,3,11000,0,0,0,0,0,0
CF,D098T,53.212933,-3.992919,0,WAL,251.2,32.7,98.0,1.0,0,0,0,0,0,0,0,0

SID,MID01S,01,2
DF,DER01,53.257544,-4.537858,0, ,0.0,0.0,0,0,0,0,0,0,0,1
CD, ,0,0,0,VYL,0,0.0,8.0,1.0,0,0,0,0,0,0,0,0
CA,0,8.0,2,540,0,0,0,0,0,0
CI,2, ,0.0,208.0,3,11000,0,0,0,0,0,0
CF,D178T,52.916969,-4.505919,0,WAL,240.6,57.2,178.0,15.0,0,0,0,0,0,0,0,0

SID,MID13E,13,2
DF,DER13,53.240450,-4.520236,0, ,0.0,0.0,0,0,0,0,0,0,0,1
CD, ,0,0,0,VYL,0,0.0,132.0,8.0,0,0,0,0,0,0,0,0
CI,0, ,0.0,68.0,0,0,0,0,0,0,0,0
CF,D098T,53.212933,-3.992919,0,WAL,251.2,32.7,98.0,4.0,0,0,0,0,0,0,0,0

SID,MID13S,13,2
DF,DER13,53.240450,-4.520236,0, ,0.0,0.0,0,0,0,0,0,0,0,1
CD, ,0,0,0,VYL,0,0.0,132.0,2.0,0,0,0,0,0,0,0,0
CA,0,132.0,2,540,0,0,0,0,0,0
CI,0, ,0.0,208.0,0,0,0,0,0,0,0,0
CF,D178T,52.916969,-4.505919,0,WAL,240.6,57.2,178.0,12.0,0,0,0,0,0,0,0,0

SID,MID19E,19,2
DF,DER19,53.243508,-4.540447,0, ,0.0,0.0,0,0,0,0,0,0,0,1
CD, ,0,0,0,VYL,0,0.0,188.0,2.0,0,0,0,0,0,0,0,0
CA,0,188.0,2,540,0,0,0,0,0,0
CI,0, ,0.0,108.0,0,0,0,0,0,0,0,0
FD,VYL,53.249000,-4.544333,0,VYL,0.0,8.0,138.0,8.0,0,0,0,0,0,0,0,0
CI,0, ,0.0,68.0,0,0,0,0,0,0,0,0
CF,D098T,53.212933,-3.992919,0,WAL,251.2,32.7,98.0,4.0,0,0,0,0,0,0,0,0

SID,MID19S,19,2
DF,DER19,53.243508,-4.540447,0, ,0.0,0.0,0,0,0,0,0,0,0,1
CD, ,0,0,0,VYL,0,0.0,188.0,2.0,0,0,0,0,0,0,0,0
CA,0,188.0,2,540,0,0,0,0,0,0
CF,D178T,52.916969,-4.505919,0,WAL,240.6,57.2,178.0,16.0,0,0,0,0,0,0,0,0

SID,MID31E,31,2
DF,DER31,53.253792,-4.546353,0, ,0.0,0.0,0,0,0,0,0,0,0,1
CD, ,0,0,0,VYL,0,0.0,312.0,5.0,0,0,0,0,0,0,0,0
CR,2,VYL,38.0,128.0,2,5000,0,0,0,0,0,0
CI,0, ,0.0,128.0,3,11000,0,0,0,0,0,0
CF,D098T,53.212933,-3.992919,0,WAL,251.2,32.7,98.0,13.0,0,0,0,0,0,0,0,0

SID,MID31S,31,2
DF,DER31,53.253792,-4.546353,0, ,0.0,0.0,0,0,0,0,0,0,0,1
CD, ,0,0,0,VYL,0,0.0,312.0,1.0,0,0,0,0,0,0,0,0
CA,0,312.0,2,540,0,0,0,0,0,0
CI,1, ,0.0,148.0,0,0,0,0,0,0,0,0
CF,D178T,52.916969,-4.505919,0,WAL,240.6,57.2,178.0,12.0,0,0,0,0,0,0,0,0

APPTR,I13,13,XRAY
IF,XRAY,53.448000,-4.840333, ,0.0,0.0,2,4040,0,0,0,0,1,0
CF,CI13,53.366697,-4.750494,0,IVY,314.0,10.9,147.0,5.9,2,2040,0,0,0,0,1,0

FINAL,I13,13,I,3
IF,CI13,53.366697,-4.750494,IVY,314.0,10.9,2,2040,0,0,0,0,0,0
CF,FI13,53.323686,-4.673022,0,IVY,314.0,7.1,134.0,3.8,1,2040,0,0,0,0,2,0
CF,RW13,53.253792,-4.546358,0,IVY,315.9,0.9,134.0,6.2,1,84,0,0,0,0,3,0
CA,0,134.0,2,440,0,0,0,0,0,0
CD, ,0,0,0,VYL,0,0.0,132.0,3.0,1,1540,0,0,0,0,0,0
VM,0,0,2,270.0,1,1540,0,0,0,0,0,0

APPTR,T01,01,ALPHA
IF,ALPHA,53.063500,-4.778667, ,0.0,0.0,2,6500,0,0,0,0,1,0
CI,0, ,0.0,39.0,0,0,0,0,0,0,0,0
AF,D179L,53.049572,-4.526989,1,VYL,179.0,12.0,219.0,0,0,0,0,0,0,0,0
CF,CT01,53.082811,-4.529867,0,VYL,179.0,10.0,359.0,2.0,2,2520,0,0,0,0,1,0

FINAL,T01,01,D,3
IF,CT01,53.082811,-4.529867,VYL,179.0,10.0,2,2520,0,0,0,0,0,0
CF,FT01,53.164244,-4.536942,0,VYL,179.0,5.1,359.0,4.9,2,1580,0,0,0,0,2,0
CF,MT01,53.232381,-4.542881,0,VYL,179.0,0.0,359.0,4.1,1,281,0,0,0,0,3,0
CA,0,8.0,2,440,0,0,0,0,0,0
VM,0,0,0,8.0,1,2520,0,0,0,0,0,0

APPTR,T13,13,XRAY
IF,XRAY,53.448000,-4.840333, ,0.0,0.0,2,4040,0,0,0,0,1,0
CF,CT13,53.372519,-4.730522,0,VYL,320.0,10.0,140.0,6.0,2,2040,0,0,0,0,1,0

FINAL,T13,13,D,4
IF,CT13,53.372519,-4.730522,VYL,320.0,10.0,2,2040,0,0,0,0,0,0
CF,FT13,53.300914,-4.622400,0,VYL,320.0,4.2,140.0,5.8,2,1340,0,0,0,0,2,0
CF,25TAC,53.279906,-4.590778,0,VYL,320.0,2.5,140.0,1.7,2,790,0,0,0,0,0,0
CF,MT13,53.261364,-4.562903,0,VYL,320.0,0.0,140.0,1.5,1,318,0,0,0,0,3,0
CA,0,140.0,2,440,0,0,0,0,0,0
CD, ,0,0,0,VYL,0,0.0,132.0,3.0,1,1540,0,0,0,0,0,0
VM,0,0,2,270.0,1,1540,0,0,0,0,0,0

APPTR,T19,19,XRAY
IF,XRAY,53.448000,-4.840333, ,0.0,0.0,2,4040,0,0,0,0,1,0
FD,XRAY,53.448000,-4.840333,0,VYL,320.5,14.0,140.0,14.0,0,0,0,0,0,0,0,0
CI,0, ,0.0,140.0,0,0,0,0,0,0,0,0
AF,D015L,53.443547,-4.469094,2,VYL,15.0,12.0,320.0,0,0,0,0,0,0,0,0
CF,CT19,53.411128,-4.481681,0,VYL,15.0,10.0,195.0,2.0,2,2040,0,0,0,0,1,0

FINAL,T19,19,D,3
IF,CT19,53.411128,-4.481681,VYL,15.0,10.0,2,2040,0,0,0,0,0,0
CF,FT19,53.330067,-4.513067,0,VYL,15.0,5.0,195.0,5.0,2,1540,0,0,0,0,2,0
CF,MT19,53.273319,-4.534964,0,VYL,15.0,1.5,195.0,3.5,1,388,0,0,0,0,3,0
CA,0,188.0,2,440,0,0,0,0,0,0
VM,0,0,0,188.0,1,2540,0,0,0,0,0,0

APPTR,T31,31,ALPHA
IF,ALPHA,53.063500,-4.778667, ,0.0,0.0,2,6500,0,0,0,0,1,0
CI,0, ,0.0,39.0,0,0,0,0,0,0,0,0
AF,D127L,53.134147,-4.272325,1,VYL,127.0,12.0,219.0,0,0,0,0,0,0,0,0
CF,CT31,53.153331,-4.317558,0,VYL,127.0,10.0,307.0,2.0,2,2530,0,0,0,0,1,0

FINAL,T31,31,D,3
IF,CT31,53.153331,-4.317558,VYL,127.0,10.0,2,2530,0,0,0,0,0,0
CF,FT31,53.199306,-4.426283,0,VYL,127.0,5.2,307.0,4.8,2,1410,0,0,0,0,2,0
CF,MT31,53.229900,-4.498897,0,VYL,127.0,2.0,307.0,3.2,1,390,0,0,0,0,3,0
CA,0,312.0,2,440,0,0,0,0,0,0
VM,0,0,0,312.0,1,2530,0,0,0,0,0,0

