APPTR,D09,09,D176L
IF,D176L,59.679975,-1.252142, ,0.0,0.0,0,0,0,0,0,0,0,0
CI,0, ,0.0,356.0,0,0,0,0,0,0,0,0
AF,D252J,59.824214,-1.598692,2,SUM,252.0,10.0,176.0,2,2100,0,0,0,0,0,0
CF,FD09,59.876469,-1.517958,0,SUM,270.0,7.0,90.0,3.0,2,2100,0,0,0,0,0,0

APPTR,D09,09,D244L
IF,D244L,59.787669,-1.639142, ,0.0,0.0,0,0,0,0,0,0,0,0
CI,0, ,0.0,64.0,0,0,0,0,0,0,0,0
AF,D252J,59.824214,-1.598692,2,SUM,252.0,10.0,244.0,2,2100,0,0,0,0,0,0
CF,FD09,59.876469,-1.517958,0,SUM,270.0,7.0,90.0,3.0,2,2100,0,0,0,0,0,0

APPTR,D09,09,D286L
IF,D286L,59.929775,-1.670425, ,0.0,0.0,0,0,0,0,0,0,0,0
CI,0, ,0.0,106.0,0,0,0,0,0,0,0,0
AF,D275J,59.889886,-1.616522,1,SUM,275.0,10.0,286.0,2,2100,0,0,0,0,0,0
CF,FD09,59.876469,-1.517958,0,SUM,270.0,7.0,90.0,3.0,2,2100,0,0,0,0,0,0

APPTR,D09,09,D356L
IF,D356L,60.077419,-1.321317, ,0.0,0.0,0,0,0,0,0,0,0,0
CI,0, ,0.0,176.0,0,0,0,0,0,0,0,0
AF,D275J,59.889886,-1.616522,1,SUM,275.0,10.0,356.0,2,2100,0,0,0,0,0,0
CF,FD09,59.876469,-1.517958,0,SUM,270.0,7.0,90.0,3.0,2,2100,0,0,0,0,0,0

APPTR,D09,09,SUM1
FD,SUM,59.878728,-1.286531,0,SUM,0.0,10.0,247.0,10.0,2,2100,0,0,0,0,1,0
CF,FD09,59.876469,-1.517958,2,SUM,270.0,7.0,90.0,3.0,2,2100,0,0,0,0,0,0

APPTR,D09,09,SUM2
FD,SUM,59.878728,-1.286531,0,SUM,0.0,10.0,261.0,10.0,2,2100,0,0,0,0,1,0
CF,FD09,59.876469,-1.517958,2,SUM,270.0,7.0,90.0,3.0,2,2100,0,0,0,0,0,0

FINAL,D09,09,D,2
IF,FD09,59.876469,-1.517958,SUM,270.0,7.0,2,2100,0,0,0,0,2,0
CF,RW09,59.880828,-1.305286,0,SUM,283.7,0.6,90.0,6.4,1,60,0,0,0,0,3,0
CF,SUM,59.878728,-1.286531,0,SUM,0.0,0.0,90.0,0.6,2,430,0,0,0,0,0,1
FA,SUM,59.878728,-1.286531,0,SUM,0.0,0.0,90.0,2,1500,0,0,0,0,0,0
DF,SUM,59.878728,-1.286531,2, ,0.0,0.0,1,3000,0,0,0,0,0,0

APPTR,D27,27,D064L
IF,D064L,59.968789,-0.931983, ,0.0,0.0,0,0,0,0,0,0,0,0
CI,0, ,0.0,244.0,0,0,0,0,0,0,0,0
AF,D072J,59.932453,-0.973339,2,SUM,72.0,10.0,64.0,2,2100,0,0,0,0,0,0
CF,FD27,59.902844,-1.076931,0,SUM,78.0,6.5,258.0,3.6,2,2100,0,0,0,0,0,0

APPTR,D27,27,D105L
IF,D105L,59.829883,-0.902042, ,0.0,0.0,0,0,0,0,0,0,0,0
CI,0, ,0.0,285.0,0,0,0,0,0,0,0,0
AF,D095J,59.866694,-0.956753,1,SUM,95.0,10.0,105.0,2,2100,0,0,0,0,0,0
CF,FD27,59.902844,-1.076931,0,SUM,78.0,6.5,258.0,3.5,2,2100,0,0,0,0,0,0

APPTR,D27,27,D176L
IF,D176L,59.679975,-1.252142, ,0.0,0.0,0,0,0,0,0,0,0,0
CI,0, ,0.0,356.0,0,0,0,0,0,0,0,0
AF,D095J,59.866694,-0.956753,1,SUM,95.0,10.0,176.0,2,2100,0,0,0,0,0,0
CF,FD27,59.902844,-1.076931,0,SUM,78.0,6.5,258.0,3.5,2,2100,0,0,0,0,0,0

APPTR,D27,27,D356L
IF,D356L,60.077419,-1.321317, ,0.0,0.0,0,0,0,0,0,0,0,0
CI,0, ,0.0,176.0,0,0,0,0,0,0,0,0
AF,D072J,59.932453,-0.973339,2,SUM,72.0,10.0,356.0,2,2100,0,0,0,0,0,0
CF,FD27,59.902844,-1.076931,0,SUM,78.0,6.5,258.0,3.5,2,2100,0,0,0,0,0,0

APPTR,D27,27,SUM1
FD,SUM,59.878728,-1.286531,0,SUM,0.0,9.5,103.0,9.5,2,2100,0,0,0,0,1,0
CF,FD27,59.902844,-1.076931,1,SUM,78.0,6.5,258.0,3.0,2,2100,0,0,0,0,0,0

APPTR,D27,27,SUM2
IF,SUM,59.878728,-1.286531, ,0.0,0.0,2,2100,0,0,0,0,1,0
CF,D108J,59.831517,-0.986947,0,SUM,108.3,9.5,83.0,9.5,2,2100,0,0,0,0,0,1
CF,FD27,59.902844,-1.076931,1,SUM,78.0,6.5,258.0,2.0,2,2100,0,0,0,0,0,0

APPTR,D27,27,SUM3
FD,SUM,59.878728,-1.286531,0,SUM,0.0,9.5,88.0,9.5,2,2100,0,0,0,0,1,0
CF,FD27,59.902844,-1.076931,1,SUM,78.0,6.5,258.0,3.0,2,2100,0,0,0,0,0,0

FINAL,D27,27,D,2
IF,FD27,59.902844,-1.076931,SUM,78.0,6.5,2,2100,0,0,0,0,2,0
CF,MD27,59.881694,-1.260744,0,SUM,78.0,0.8,258.0,5.7,1,276,0,0,0,0,3,0
CF,SUM,59.878728,-1.286531,0,SUM,0.0,0.0,258.0,0.8,2,430,0,0,0,0,0,0
FA,SUM,59.878728,-1.286531,0,SUM,0.0,0.0,247.0,2,1500,0,0,0,0,0,0
DF,SUM,59.878728,-1.286531,1, ,0.0,0.0,1,3000,0,0,0,0,0,0

APPTR,I27,27,D064L
IF,D064L,59.968789,-0.931983, ,0.0,0.0,0,0,0,0,0,0,0,0
CI,0, ,0.0,244.0,0,0,0,0,0,0,0,0
AF,D072J,59.932453,-0.973339,2,SUM,72.0,10.0,64.0,2,2100,0,0,0,0,0,0
CF,CF27,59.903333,-1.007428,0,ISG,82.0,9.1,262.0,2.0,2,2100,0,0,0,0,0,0

APPTR,I27,27,D105L
IF,D105L,59.829883,-0.902042, ,0.0,0.0,0,0,0,0,0,0,0,0
CI,0, ,0.0,285.0,0,0,0,0,0,0,0,0
AF,D095J,59.866694,-0.956753,1,SUM,95.0,10.0,105.0,2,2100,0,0,0,0,0,0
CF,CF27,59.903333,-1.007428,0,ISG,82.0,9.1,262.0,2.0,2,2100,0,0,0,0,0,0

APPTR,I27,27,D176L
IF,D176L,59.679975,-1.252142, ,0.0,0.0,0,0,0,0,0,0,0,0
CI,0, ,0.0,356.0,0,0,0,0,0,0,0,0
AF,D095J,59.866694,-0.956753,1,SUM,95.0,10.0,176.0,2,2100,0,0,0,0,0,0
CF,CF27,59.903333,-1.007428,0,ISG,82.0,9.1,262.0,2.0,2,2100,0,0,0,0,0,0

APPTR,I27,27,D356L
IF,D356L,60.077419,-1.321317, ,0.0,0.0,0,0,0,0,0,0,0,0
CI,0, ,0.0,176.0,0,0,0,0,0,0,0,0
AF,D072J,59.932453,-0.973339,2,SUM,72.0,10.0,356.0,2,2100,0,0,0,0,0,0
CF,CF27,59.903333,-1.007428,0,ISG,82.0,9.1,262.0,2.0,2,2100,0,0,0,0,0,0

APPTR,I27,27,SBH
HF,SBH,59.882378,-1.294833,1, ,0.0,0.0,262.0,09.5,2,2100,0,0,0,0,1,0,0

APPTR,I27,27,SUM1
FD,SUM,59.878728,-1.286531,0,SUM,0.0,9.5,105.0,9.5,2,2100,0,0,0,0,1,0
CF,CF27,59.903333,-1.007428,1,ISG,82.0,9.1,262.0,2.0,2,2100,0,0,0,0,0,0

APPTR,I27,27,SUM2
HF,SUM,59.878728,-1.286531,1, ,0.0,0.0,262.0,09.5,2,2100,0,0,0,0,1,0,0

APPTR,I27,27,SUM3
FD,SUM,59.878728,-1.286531,0,SUM,0.0,9.5,91.0,9.5,2,2100,0,0,0,0,1,0
CF,CF27,59.903333,-1.007428,1,ISG,82.0,9.1,262.0,1.0,2,2100,0,0,0,0,0,0

FINAL,I27,27,I,3
IF,CF27,59.903333,-1.007428,ISG,82.0,9.1,2,2100,0,0,0,0,0,0
CF,FF27,59.898264,-1.072842,0,ISG,82.0,7.1,262.0,2.0,1,2100,0,0,0,0,2,0
CF,RW27,59.882142,-1.282108,0,ISG,80.3,0.7,262.0,6.4,1,77,0,0,0,0,3,0
CA,0,262.0,2,430,0,0,0,0,0,0
VI,0, ,0.0,217.0,0,0,0,0,0,0,0,0
FA,SUM,59.878728,-1.286531,0,SUM,0.0,0.0,247.0,2,1500,0,0,0,0,0,0
DF,SUM,59.878728,-1.286531,1, ,0.0,0.0,1,3000,0,0,0,0,0,0

APPTR,L09,09,D176L
IF,D176L,59.679975,-1.252142, ,0.0,0.0,0,0,0,0,0,0,0,0
CI,0, ,0.0,356.0,0,0,0,0,0,0,0,0
AF,D252J,59.824214,-1.598692,2,SUM,252.0,10.0,176.0,2,2100,0,0,0,0,0,0
CI,0,SUB,0.0,52.0,2,2100,0,0,0,0,0,0

APPTR,L09,09,D244L
IF,D244L,59.787669,-1.639142, ,0.0,0.0,0,0,0,0,0,0,0,0
CI,0, ,0.0,64.0,0,0,0,0,0,0,0,0
AF,D252J,59.824214,-1.598692,2,SUM,252.0,10.0,244.0,2,2100,0,0,0,0,0,0
CI,0,SUB,0.0,52.0,2,2100,0,0,0,0,0,0

APPTR,L09,09,D286L
IF,D286L,59.929775,-1.670425, ,0.0,0.0,0,0,0,0,0,0,0,0
CI,0, ,0.0,106.0,0,0,0,0,0,0,0,0
AF,D275J,59.889886,-1.616522,1,SUM,275.0,10.0,286.0,2,2100,0,0,0,0,0,0
CI,0,SUB,0.0,112.0,2,2100,0,0,0,0,0,0

APPTR,L09,09,D356L
IF,D356L,60.077419,-1.321317, ,0.0,0.0,0,0,0,0,0,0,0,0
CI,0, ,0.0,176.0,0,0,0,0,0,0,0,0
AF,D275J,59.889886,-1.616522,1,SUM,275.0,10.0,356.0,2,2100,0,0,0,0,0,0
CI,0,SUB,0.0,112.0,2,2100,0,0,0,0,0,0

APPTR,L09,09,SBH1
FC,SBH,59.882378,-1.294833,0,SUM,0.0,0.0,240.0,9.9,2,2100,0,0,0,0,1,1
CF,CL09,59.856411,-1.612394,2,SUB,262.0,9.9,82.0,1.0,2,2100,0,0,0,0,0,0

APPTR,L09,09,SBH2
FC,SBH,59.882378,-1.294833,0,SUM,0.0,0.0,253.0,9.9,2,2100,0,0,0,0,1,1
CF,CL09,59.856411,-1.612394,2,SUB,262.0,9.9,82.0,1.0,2,2100,0,0,0,0,0,0

APPTR,L09,09,SUM1
FD,SUM,59.878728,-1.286531,0,SUM,0.0,10.0,242.0,10.0,2,2100,0,0,0,0,1,0
CF,CL09,59.856411,-1.612394,2,SUB,262.0,9.9,82.0,1.0,2,2100,0,0,0,0,0,0

APPTR,L09,09,SUM2
FD,SUM,59.878728,-1.286531,0,SUM,0.0,10.0,256.0,10.0,2,2100,0,0,0,0,1,0
CF,CL09,59.856411,-1.612394,2,SUB,262.0,9.9,82.0,1.0,2,2100,0,0,0,0,0,0

FINAL,L09,09,D,3
IF,CL09,59.856411,-1.612394,SUB,262.0,9.9,2,2100,0,0,0,0,0,0
CF,FF09,59.864417,-1.514528,0,SUB,262.0,6.9,82.0,3.0,2,2100,0,0,0,0,2,0
CF,ML09,59.879947,-1.321914,0,SUB,262.0,0.0,82.0,5.9,1,221,0,0,0,0,3,0
FA,ML09,59.879947,-1.321914,0,SUM,0.0,0.0,82.0,2,1500,0,0,0,0,0,0
DF,SUM,59.878728,-1.286531,2, ,0.0,0.0,1,3000,0,0,0,0,0,0

APPTR,L27,27,D064L
IF,D064L,59.968789,-0.931983, ,0.0,0.0,0,0,0,0,0,0,0,0
CI,0, ,0.0,244.0,0,0,0,0,0,0,0,0
AF,D072J,59.932453,-0.973339,2,SUM,72.0,10.0,64.0,2,2100,0,0,0,0,0,0
CF,CF27,59.903333,-1.007428,0,ISG,82.0,9.1,262.0,2.0,2,2100,0,0,0,0,0,0

APPTR,L27,27,D105L
IF,D105L,59.829883,-0.902042, ,0.0,0.0,0,0,0,0,0,0,0,0
CI,0, ,0.0,285.0,0,0,0,0,0,0,0,0
AF,D095J,59.866694,-0.956753,1,SUM,95.0,10.0,105.0,2,2100,0,0,0,0,0,0
CF,CF27,59.903333,-1.007428,0,ISG,82.0,9.1,262.0,2.0,2,2100,0,0,0,0,0,0

APPTR,L27,27,D176L
IF,D176L,59.679975,-1.252142, ,0.0,0.0,0,0,0,0,0,0,0,0
CI,0, ,0.0,356.0,0,0,0,0,0,0,0,0
AF,D095J,59.866694,-0.956753,1,SUM,95.0,10.0,176.0,2,2100,0,0,0,0,0,0
CF,CF27,59.903333,-1.007428,0,ISG,82.0,9.1,262.0,2.0,2,2100,0,0,0,0,0,0

APPTR,L27,27,D356L
IF,D356L,60.077419,-1.321317, ,0.0,0.0,0,0,0,0,0,0,0,0
CI,0, ,0.0,176.0,0,0,0,0,0,0,0,0
AF,D072J,59.932453,-0.973339,2,SUM,72.0,10.0,356.0,2,2100,0,0,0,0,0,0
CF,CF27,59.903333,-1.007428,0,ISG,82.0,9.1,262.0,2.0,2,2100,0,0,0,0,0,0

APPTR,L27,27,SBH
HF,SBH,59.882378,-1.294833,1, ,0.0,0.0,262.0,09.5,2,2100,0,0,0,0,1,0,0

APPTR,L27,27,SUM1
FD,SUM,59.878728,-1.286531,0,SUM,0.0,9.5,105.0,9.5,2,2100,0,0,0,0,1,0
CF,CF27,59.903333,-1.007428,1,ISG,82.0,9.1,262.0,2.0,2,2100,0,0,0,0,0,0

APPTR,L27,27,SUM2
HF,SUM,59.878728,-1.286531,1, ,0.0,0.0,262.0,09.5,2,2100,0,0,0,0,1,0,0

APPTR,L27,27,SUM3
FD,SUM,59.878728,-1.286531,0,SUM,0.0,9.5,91.0,9.5,2,2100,0,0,0,0,1,0
CF,CF27,59.903333,-1.007428,1,ISG,82.0,9.1,262.0,1.0,2,2100,0,0,0,0,0,0

FINAL,L27,27,D,3
IF,CF27,59.903333,-1.007428,ISG,82.0,9.1,2,2100,0,0,0,0,0,0
CF,FF27,59.898264,-1.072842,0,ISG,82.0,7.1,262.0,2.0,2,2100,0,0,0,0,2,0
CF,ML27,59.883106,-1.265822,0,ISG,82.0,1.2,262.0,5.9,1,235,0,0,0,0,3,0
CA,0,262.0,2,430,0,0,0,0,0,0
VI,0, ,0.0,217.0,0,0,0,0,0,0,0,0
FA,SUM,59.878728,-1.286531,0,SUM,0.0,0.0,247.0,2,1500,0,0,0,0,0,0
DF,SUM,59.878728,-1.286531,1, ,0.0,0.0,1,3000,0,0,0,0,0,0

APPTR,R09,09,ELPAP
IF,ELPAP,59.925856,-1.663397, ,0.0,0.0,2,2100,0,1,210,0,1,0
TF,TISEV,59.861147,-1.648619,0, ,0.0,0.0,0.0,0.0,2,2100,0,0,0,0,1,0

APPTR,R09,09,OKDET
IF,OKDET,59.786336,-1.631628, ,0.0,0.0,2,2100,0,1,210,0,1,0
TF,TISEV,59.861147,-1.648619,0, ,0.0,0.0,0.0,0.0,2,2100,0,0,0,0,1,0

FINAL,R09,09,R,3
IF,TISEV,59.861147,-1.648619, ,0.0,0.0,2,2100,0,1,210,0,1,0
TF,PB09F,59.868733,-1.515864,0, ,0.0,0.0,84.0,4.0,2,2100,0,0,0,0,2,0
TF,RW09,59.880828,-1.305286,0, ,0.0,0.0,84.0,6.4,1,60,0,0,0,0,3,1
CF,PBM01,59.890417,-1.134353,0,SUM,82.2,4.7,84.0,5.2,0,0,0,1,185,0,0,0
TF,PBM02,59.809475,-1.116203,0, ,0.0,0.0,0.0,0.0,0,0,0,1,185,0,0,0
TF,PBM03,59.800242,-1.276842,0, ,0.0,0.0,0.0,0.0,0,0,0,1,185,0,0,0
TF,SBH,59.882378,-1.294833,0, ,0.0,0.0,0.0,0.0,1,3000,0,1,185,0,0,1
HM,SBH,59.882378,-1.294833,1, ,0.0,0.0,262.0,04.3,0,0,0,1,210,0,0,0,0

APPTR,R15,15,ATLUG
IF,ATLUG,60.022139,-1.384214, ,0.0,0.0,2,2100,0,1,210,0,1,0
TF,TUSUG,59.992389,-1.464144,0, ,0.0,0.0,0.0,0.0,2,2100,0,0,0,0,1,0

APPTR,R15,15,EKPOG
IF,EKPOG,59.960950,-1.548328, ,0.0,0.0,2,2100,0,1,210,0,1,0
TF,TUSUG,59.992389,-1.464144,0, ,0.0,0.0,0.0,0.0,2,2100,0,0,0,0,1,0

FINAL,R15,15,R,3
IF,TUSUG,59.992389,-1.464144, ,0.0,0.0,2,2100,0,1,210,0,1,0
TF,PB15F,59.944694,-1.393467,0, ,0.0,0.0,144.0,3.6,2,2100,0,0,0,0,2,0
TF,RW15,59.880522,-1.298492,0, ,0.0,0.0,144.0,4.8,1,57,0,0,0,0,3,1
CF,PBM07,59.815081,-1.202094,0,SUM,147.2,4.6,144.0,4.9,0,0,0,1,185,0,0,0
TF,PBM08,59.766467,-1.331767,0, ,0.0,0.0,0.0,0.0,0,0,0,1,185,0,0,0
TF,PBM09,59.831833,-1.428211,0, ,0.0,0.0,0.0,0.0,0,0,0,1,185,0,0,0
TF,SBH,59.882378,-1.294833,0, ,0.0,0.0,0.0,0.0,1,3000,0,1,185,0,0,1
HM,SBH,59.882378,-1.294833,1, ,0.0,0.0,338.0,04.3,0,0,0,1,210,0,0,0,0

APPTR,R27,27,ABRUX
IF,ABRUX,59.907928,-0.822614, ,0.0,0.0,2,2100,0,1,210,0,1,0
TF,PB27I,59.900531,-0.954169,0, ,0.0,0.0,0.0,0.0,2,2100,0,0,0,0,1,0

APPTR,R27,27,EVTEP
IF,EVTEP,59.830936,-0.885606, ,0.0,0.0,2,2100,0,1,210,0,1,0
TF,PB27I,59.900531,-0.954169,0, ,0.0,0.0,0.0,0.0,2,2100,0,0,0,0,1,0

APPTR,R27,27,LUTAB
IF,LUTAB,59.975717,-0.918233, ,0.0,0.0,2,2100,0,1,210,0,1,0
TF,PB27I,59.900531,-0.954169,0, ,0.0,0.0,0.0,0.0,2,2100,0,0,0,0,1,0

FINAL,R27,27,R,3
IF,PB27I,59.900531,-0.954169, ,0.0,0.0,2,2100,0,0,0,0,0,0
TF,PB27F,59.893931,-1.071378,0, ,0.0,0.0,265.0,3.6,2,2100,0,0,0,0,2,0
TF,RW27,59.882142,-1.282108,0, ,0.0,0.0,265.0,6.4,1,61,0,0,0,0,3,1
CF,PBM04,59.871064,-1.478197,0,SUM,266.6,5.8,265.0,6.0,0,0,0,1,185,0,0,0
TF,PBM05,59.790106,-1.460375,0, ,0.0,0.0,0.0,0.0,0,0,0,1,185,0,0,0
TF,PBM06,59.800200,-1.277519,0, ,0.0,0.0,0.0,0.0,0,0,0,1,185,0,0,0
TF,SBH,59.882378,-1.294833,0, ,0.0,0.0,0.0,0.0,1,3000,0,1,185,0,0,1
HM,SBH,59.882378,-1.294833,1, ,0.0,0.0,262.0,04.3,0,0,0,1,210,0,0,0,0

