APPTR,D05,05,BONBY
IF,BONBY,57.891667,-4.343333, ,0.0,0.0,2,5000,0,0,0,0,0,0
TF,D337N,57.754000,-4.223531,0, ,0.0,0.0,0.0,0.0,2,4900,0,0,0,0,0,0
TF,D337L,57.723819,-4.197403,0, ,0.0,0.0,0.0,0.0,0,0,0,0,0,0,1,0
AF,D303L,57.645319,-4.359767,1,INS,302.1,12.0,337.0,2,3500,0,0,0,0,0,0
AF,D245L,57.454717,-4.373864,1,INS,245.0,12.0,303.0,2,2700,0,0,0,0,0,0
CF,FD05,57.455444,-4.263253,0,INS,235.0,8.9,55.0,4.0,2,2700,0,0,0,0,0,0

APPTR,D05,05,INBA1
IF,INBAS,56.700000,-4.249753, ,0.0,0.0,0,0,0,0,0,0,0,0
TF,INS40,56.883364,-4.205228,0, ,0.0,0.0,0.0,0.0,0,0,0,0,0,0,0,0
TF,D189Y,57.130619,-4.144528,0, ,0.0,0.0,0.0,0.0,2,5800,0,0,0,0,0,0
TF,D189P,57.278953,-4.107717,0, ,0.0,0.0,0.0,0.0,2,5000,0,0,0,0,0,0
TF,D189N,57.311914,-4.099497,0, ,0.0,0.0,0.0,0.0,0,0,0,0,0,0,1,0
AF,D211N,57.340825,-4.256403,2,INS,211.0,14.0,189.0,2,4000,0,0,0,0,0,0
AF,D227N,57.380525,-4.351183,2,INS,227.0,14.0,211.0,2,2700,0,0,0,0,0,0
CF,FD05,57.455444,-4.263253,0,INS,235.0,8.9,55.0,6.0,2,2700,0,0,0,0,0,0

APPTR,D05,05,INBA2
IF,INBAS,56.700000,-4.249753, ,0.0,0.0,0,0,0,0,0,0,0,0
TF,INS40,56.883364,-4.205228,0, ,0.0,0.0,0.0,0.0,0,0,0,0,0,0,0,0
TF,D189Y,57.130619,-4.144528,0, ,0.0,0.0,0.0,0.0,2,5800,0,0,0,0,0,0
TF,GUSSI,57.213036,-4.124128,0, ,0.0,0.0,0.0,0.0,2,5000,0,0,0,0,0,0
TF,D189N,57.311914,-4.099497,0, ,0.0,0.0,0.0,0.0,2,4500,0,0,0,0,0,0
TF,D189L,57.344894,-4.090936,0, ,0.0,0.0,0.0,0.0,0,0,0,0,0,0,1,0
AF,D211L,57.369678,-4.225792,2,INS,211.0,12.0,189.0,2,3500,0,0,0,0,0,0
AF,D225L,57.398825,-4.297894,2,INS,225.0,12.0,211.0,2,2700,0,0,0,0,0,0
CF,FD05,57.455444,-4.263253,0,INS,235.0,8.9,55.0,4.0,2,2700,0,0,0,0,0,0

APPTR,D05,05,INS
IF,INS,57.542636,-4.041108, ,0.0,0.0,2,4000,0,1,210,0,1,0
FD,INS,57.542636,-4.041108,0,INS,0.0,12.0,255.0,12.0,2,2700,0,0,0,0,0,0
CF,FD05,57.455444,-4.263253,1,INS,235.0,8.9,55.0,3.0,2,2700,0,0,0,0,0,0

APPTR,D05,05,ULLAP
IF,ULLAP,57.900000,-5.169222, ,0.0,0.0,0,0,0,0,0,0,0,0
TF,INS41,57.881861,-5.110611,0, ,0.0,0.0,0.0,0.0,2,5200,0,0,0,0,0,0
TF,D303Y,57.755708,-4.707367,0, ,0.0,0.0,0.0,0.0,2,5200,0,0,0,0,0,0
TF,GARVA,57.688333,-4.494819,0, ,0.0,0.0,0.0,0.0,2,4900,0,0,0,0,0,0
TF,D303N,57.662383,-4.413442,0, ,0.0,0.0,0.0,0.0,2,3600,0,0,0,0,0,0
TF,D303L,57.645319,-4.359767,0, ,0.0,0.0,0.0,0.0,0,0,0,0,0,0,1,0
AF,D245L,57.454717,-4.373864,1,INS,245.0,12.0,303.0,2,2700,0,0,0,0,0,0
CF,FD05,57.455444,-4.263253,0,INS,235.0,8.9,55.0,4.0,2,2700,0,0,0,0,0,0

FINAL,D05,05,D,4
IF,FD05,57.455444,-4.263253,INS,235.0,8.9,2,2700,0,0,0,0,2,0
CF,40VOR,57.503497,-4.141078,0,INS,235.0,4.0,55.0,4.9,2,1140,0,0,0,0,0,0
CF,25VOR,57.518183,-4.103614,0,INS,235.0,2.5,55.0,1.5,2,660,0,0,0,0,0,0
CF,MD05,57.532858,-4.066119,0,INS,235.0,0.0,55.0,1.5,1,194,0,0,0,0,3,0
CF,INS,57.542636,-4.041108,0,INS,0.0,0.0,55.0,1.0,0,0,0,0,0,0,0,0
FA,INS,57.542636,-4.041108,0,INS,0.0,0.0,55.0,2,2000,0,1,210,0,0,0
DF,INS,57.542636,-4.041108,2, ,0.0,0.0,1,3000,0,1,210,0,0,0
HM,INS,57.542636,-4.041108,2, ,0.0,0.0,239.0,04.3,2,3000,0,0,0,0,0,0,0

APPTR,D23,23,ADN
IF,ADN,57.310450,-2.267247, ,0.0,0.0,0,0,0,0,0,0,0,0
TF,INS39,57.388508,-2.840233,0, ,0.0,0.0,0.0,0.0,0,0,0,0,0,0,0,0
TF,D105Y,57.447647,-3.289375,0, ,0.0,0.0,0.0,0.0,0,0,0,0,0,0,0,0
TF,D105O,57.486178,-3.589597,0, ,0.0,0.0,0.0,0.0,2,5600,0,0,0,0,0,0
TF,D105K,57.501392,-3.709864,0, ,0.0,0.0,0.0,0.0,2,2500,0,0,0,0,0,0
TF,D105J,57.505178,-3.739944,0, ,0.0,0.0,0.0,0.0,0,0,0,0,0,0,1,0
AF,D057J,57.635364,-3.784064,1,INS,57.0,10.0,105.0,2,2000,0,0,0,0,0,0
CF,FD23,57.617639,-3.896206,0,INS,47.0,6.5,227.0,4.0,2,2000,0,0,0,0,0,0

APPTR,D23,23,BONBY
IF,BONBY,57.891667,-4.343333, ,0.0,0.0,2,5000,0,0,0,0,0,0
TF,D337O,57.769086,-4.236611,0, ,0.0,0.0,0.0,0.0,2,4900,0,0,0,0,0,0
TF,D337K,57.708728,-4.184356,0, ,0.0,0.0,0.0,0.0,2,2500,0,0,0,0,0,0
TF,D337J,57.693633,-4.171317,0, ,0.0,0.0,0.0,0.0,0,0,0,0,0,0,1,0
AF,D036J,57.678728,-3.863056,2,INS,36.0,10.0,337.0,2,2000,0,0,0,0,0,0
CF,FD23,57.617639,-3.896206,0,INS,47.0,6.5,227.0,4.0,2,2000,0,0,0,0,0,0

APPTR,D23,23,INS1
IF,INS,57.542636,-4.041108, ,0.0,0.0,2,4000,0,0,0,0,1,0
FD,INS,57.542636,-4.041108,0,INS,0.0,9.5,22.0,9.5,2,2000,0,0,0,0,0,0
CF,FD23,57.617639,-3.896206,2,INS,47.0,6.5,227.0,3.0,2,2000,0,0,0,0,0,0

APPTR,D23,23,INS2
IF,INS,57.542636,-4.041108, ,0.0,0.0,2,4000,0,0,0,0,1,0
FD,INS,57.542636,-4.041108,0,INS,0.0,9.5,37.0,9.5,2,2000,0,0,0,0,0,0
CF,FD23,57.617639,-3.896206,2,INS,47.0,6.5,227.0,3.0,2,2000,0,0,0,0,0,0

FINAL,D23,23,D,3
IF,FD23,57.617639,-3.896206,INS,47.0,6.5,2,2000,0,0,0,0,2,0
CF,20VOR,57.565731,-3.996586,0,INS,47.0,2.0,227.0,4.5,2,540,0,0,0,0,0,0
CF,MD23,57.553031,-4.021081,0,INS,47.0,0.9,227.0,1.1,1,246,0,0,0,0,3,0
CF,INS,57.542636,-4.041108,0,INS,0.0,0.0,227.0,0.9,0,0,0,0,0,0,0,0
FA,INS,57.542636,-4.041108,0,INS,0.0,0.0,227.0,2,2000,0,0,0,0,0,0
DF,INS,57.542636,-4.041108,2, ,0.0,0.0,1,3000,0,0,0,0,0,0
HM,INS,57.542636,-4.041108,1, ,0.0,0.0,48.0,04.3,2,3000,0,1,210,0,0,0,0

APPTR,I05,05,BONBY
IF,BONBY,57.891667,-4.343333, ,0.0,0.0,2,5000,0,0,0,0,0,0
TF,D337N,57.754000,-4.223531,0, ,0.0,0.0,0.0,0.0,2,4900,0,0,0,0,0,0
TF,D337L,57.723819,-4.197403,0, ,0.0,0.0,0.0,0.0,0,0,0,0,0,0,1,0
AF,D303L,57.645319,-4.359767,1,INS,302.1,12.0,337.0,2,3500,0,0,0,0,0,0
AF,D241L,57.442450,-4.361625,1,INS,241.0,12.0,303.0,2,2700,0,0,0,0,0,0
VI,0,ILN,0.0,81.0,0,0,0,0,0,0,0,0

APPTR,I05,05,INBA1
IF,INBAS,56.700000,-4.249753, ,0.0,0.0,0,0,0,0,0,0,0,0
TF,INS40,56.883364,-4.205228,0, ,0.0,0.0,0.0,0.0,0,0,0,0,0,0,0,0
TF,D189Y,57.130619,-4.144528,0, ,0.0,0.0,0.0,0.0,2,5800,0,0,0,0,0,0
TF,D189P,57.278953,-4.107717,0, ,0.0,0.0,0.0,0.0,2,5000,0,0,0,0,0,0
TF,D189N,57.311914,-4.099497,0, ,0.0,0.0,0.0,0.0,0,0,0,0,0,0,1,0
AF,D211N,57.340825,-4.256403,2,INS,211.0,14.0,189.0,2,4000,0,0,0,0,0,0
AF,D223N,57.369289,-4.329453,2,INS,223.0,14.0,211.0,2,2700,0,0,0,0,0,0
CF,CF05,57.413786,-4.325719,0,ILN,231.5,12.7,51.0,2.0,2,2700,0,0,0,0,0,0

APPTR,I05,05,INBA2
IF,INBAS,56.700000,-4.249753, ,0.0,0.0,0,0,0,0,0,0,0,0
TF,INS40,56.883364,-4.205228,0, ,0.0,0.0,0.0,0.0,0,0,0,0,0,0,0,0
TF,D189Y,57.130619,-4.144528,0, ,0.0,0.0,0.0,0.0,2,5800,0,0,0,0,0,0
TF,GUSSI,57.213036,-4.124128,0, ,0.0,0.0,0.0,0.0,2,5000,0,0,0,0,0,0
TF,D189N,57.311914,-4.099497,0, ,0.0,0.0,0.0,0.0,2,4500,0,0,0,0,0,0
TF,D189L,57.344894,-4.090936,0, ,0.0,0.0,0.0,0.0,0,0,0,0,0,0,1,0
AF,D211L,57.369678,-4.225792,2,INS,211.0,12.0,189.0,2,3500,0,0,0,0,0,0
AF,D221L,57.389542,-4.278661,2,INS,221.0,12.0,211.0,2,2700,0,0,0,0,0,0
VI,0,ILN,0.0,21.0,0,0,0,0,0,0,0,0

APPTR,I05,05,INS
IF,INS,57.542636,-4.041108, ,0.0,0.0,2,4000,0,1,210,0,1,0
FD,INS,57.542636,-4.041108,0,INS,0.0,12.0,251.0,12.0,2,2700,0,0,0,0,0,0
CF,CF05,57.413786,-4.325719,1,ILN,231.5,12.7,51.0,1.0,2,2700,0,0,0,0,0,0

APPTR,I05,05,ULLAP
IF,ULLAP,57.900000,-5.169222, ,0.0,0.0,0,0,0,0,0,0,0,0
TF,INS41,57.881861,-5.110611,0, ,0.0,0.0,0.0,0.0,2,5200,0,0,0,0,0,0
TF,D303Y,57.755708,-4.707367,0, ,0.0,0.0,0.0,0.0,2,5200,0,0,0,0,0,0
TF,GARVA,57.688333,-4.494819,0, ,0.0,0.0,0.0,0.0,2,4900,0,0,0,0,0,0
TF,D303N,57.662383,-4.413442,0, ,0.0,0.0,0.0,0.0,2,3600,0,0,0,0,0,0
TF,D303L,57.645319,-4.359767,0, ,0.0,0.0,0.0,0.0,0,0,0,0,0,0,1,0
AF,D241L,57.442450,-4.361625,1,INS,241.0,12.0,303.0,2,2700,0,0,0,0,0,0
VI,0,ILN,0.0,81.0,0,0,0,0,0,0,0,0

FINAL,I05,05,I,3
IF,CF05,57.413786,-4.325719,ILN,231.5,12.7,2,2700,0,0,0,0,0,0
CF,FF05,57.447436,-4.253311,0,ILN,231.5,9.6,51.0,3.1,1,2700,0,0,0,0,2,0
CF,RW05,57.537372,-4.058675,0,ILN,231.5,1.3,51.0,8.3,1,80,0,0,0,0,3,0
FA,RW05,57.537372,-4.058675,0,INS,0.0,0.0,51.0,2,2000,0,0,0,0,0,0
DF,INS,57.542636,-4.041108,2, ,0.0,0.0,1,3000,0,1,210,0,0,0
HM,INS,57.542636,-4.041108,2, ,0.0,0.0,239.0,04.3,2,3000,0,0,0,0,0,0,0

APPTR,I23,23,ADN
IF,ADN,57.310450,-2.267247, ,0.0,0.0,0,0,0,0,0,0,0,0
TF,INS39,57.388508,-2.840233,0, ,0.0,0.0,0.0,0.0,0,0,0,0,0,0,0,0
TF,D105Y,57.447647,-3.289375,0, ,0.0,0.0,0.0,0.0,0,0,0,0,0,0,0,0
TF,D105O,57.486178,-3.589597,0, ,0.0,0.0,0.0,0.0,2,5600,0,0,0,0,0,0
TF,D105K,57.501392,-3.709864,0, ,0.0,0.0,0.0,0.0,2,2500,0,0,0,0,0,0
TF,D105J,57.505178,-3.739944,0, ,0.0,0.0,0.0,0.0,0,0,0,0,0,0,1,0
AF,D061J,57.625497,-3.772667,1,INS,61.0,10.0,105.0,2,2000,0,0,0,0,0,0
CF,CF23,57.635381,-3.844719,0,IDX,51.5,9.2,231.0,1.5,2,2000,0,0,0,0,0,0

APPTR,I23,23,BONBY
IF,BONBY,57.891667,-4.343333, ,0.0,0.0,2,5000,0,0,0,0,0,0
TF,D337O,57.769086,-4.236611,0, ,0.0,0.0,0.0,0.0,2,4900,0,0,0,0,0,0
TF,D337K,57.708728,-4.184356,0, ,0.0,0.0,0.0,0.0,2,2500,0,0,0,0,0,0
TF,D337J,57.693633,-4.171317,0, ,0.0,0.0,0.0,0.0,0,0,0,0,0,0,1,0
AF,D040J,57.671719,-3.845792,2,INS,40.0,10.0,337.0,2,2000,0,0,0,0,0,0
CF,CF23,57.635381,-3.844719,0,IDX,51.5,9.2,231.0,1.5,2,2000,0,0,0,0,0,0

APPTR,I23,23,INS1
IF,INS,57.542636,-4.041108, ,0.0,0.0,2,4000,0,0,0,0,1,0
FD,INS,57.542636,-4.041108,0,INS,0.0,9.5,26.0,9.5,2,2000,0,0,0,0,0,0
CF,CF23,57.635381,-3.844719,2,IDX,51.5,9.2,231.0,2.0,2,2000,0,0,0,0,0,0

APPTR,I23,23,INS2
IF,INS,57.542636,-4.041108, ,0.0,0.0,2,4000,0,0,0,0,1,0
FD,INS,57.542636,-4.041108,0,INS,0.0,8.5,40.0,8.5,2,2000,0,0,0,0,0,0
CF,CF23,57.635381,-3.844719,2,IDX,51.5,9.2,231.0,1.0,2,2000,0,0,0,0,0,0

FINAL,I23,23,I,3
IF,CF23,57.635381,-3.844719,IDX,51.5,9.2,2,2000,0,0,0,0,0,0
CF,FF23,57.613831,-3.891933,0,IDX,51.5,7.2,231.0,2.0,1,2000,0,0,0,0,2,0
CF,RW23,57.548011,-4.035553,0,IDX,51.4,1.1,231.0,6.1,1,71,0,0,0,0,3,0
FA,RW23,57.548011,-4.035553,0,INS,0.0,0.0,231.0,2,2000,0,0,0,0,0,0
DF,INS,57.542636,-4.041108,2, ,0.0,0.0,1,3000,0,0,0,0,0,0
HM,INS,57.542636,-4.041108,1, ,0.0,0.0,48.0,04.3,2,3000,0,1,210,0,0,0,0

APPTR,L05,05,BONBY
IF,BONBY,57.891667,-4.343333, ,0.0,0.0,2,5000,0,0,0,0,0,0
TF,D337N,57.754000,-4.223531,0, ,0.0,0.0,0.0,0.0,2,4900,0,0,0,0,0,0
TF,D337L,57.723819,-4.197403,0, ,0.0,0.0,0.0,0.0,0,0,0,0,0,0,1,0
AF,D303L,57.645319,-4.359767,1,INS,302.1,12.0,337.0,2,3500,0,0,0,0,0,0
AF,D241L,57.442450,-4.361625,1,INS,241.0,12.0,303.0,2,2700,0,0,0,0,0,0
VI,0,ILN,0.0,81.0,0,0,0,0,0,0,0,0

APPTR,L05,05,INBA1
IF,INBAS,56.700000,-4.249753, ,0.0,0.0,0,0,0,0,0,0,0,0
TF,INS40,56.883364,-4.205228,0, ,0.0,0.0,0.0,0.0,0,0,0,0,0,0,0,0
TF,D189Y,57.130619,-4.144528,0, ,0.0,0.0,0.0,0.0,2,5800,0,0,0,0,0,0
TF,D189P,57.278953,-4.107717,0, ,0.0,0.0,0.0,0.0,2,5000,0,0,0,0,0,0
TF,D189N,57.311914,-4.099497,0, ,0.0,0.0,0.0,0.0,0,0,0,0,0,0,1,0
AF,D211N,57.340825,-4.256403,2,INS,211.0,14.0,189.0,2,4000,0,0,0,0,0,0
AF,D223N,57.369289,-4.329453,2,INS,223.0,14.0,211.0,2,2700,0,0,0,0,0,0
CF,CF05,57.413786,-4.325719,0,ILN,231.5,12.7,51.0,2.0,2,2700,0,0,0,0,0,0

APPTR,L05,05,INBA2
IF,INBAS,56.700000,-4.249753, ,0.0,0.0,0,0,0,0,0,0,0,0
TF,INS40,56.883364,-4.205228,0, ,0.0,0.0,0.0,0.0,0,0,0,0,0,0,0,0
TF,D189Y,57.130619,-4.144528,0, ,0.0,0.0,0.0,0.0,2,5800,0,0,0,0,0,0
TF,GUSSI,57.213036,-4.124128,0, ,0.0,0.0,0.0,0.0,2,5000,0,0,0,0,0,0
TF,D189N,57.311914,-4.099497,0, ,0.0,0.0,0.0,0.0,2,4500,0,0,0,0,0,0
TF,D189L,57.344894,-4.090936,0, ,0.0,0.0,0.0,0.0,0,0,0,0,0,0,1,0
AF,D211L,57.369678,-4.225792,2,INS,211.0,12.0,189.0,2,3500,0,0,0,0,0,0
AF,D221L,57.389542,-4.278661,2,INS,221.0,12.0,211.0,2,2700,0,0,0,0,0,0
VI,0,ILN,0.0,21.0,0,0,0,0,0,0,0,0

APPTR,L05,05,INS
IF,INS,57.542636,-4.041108, ,0.0,0.0,2,4000,0,1,210,0,1,0
FD,INS,57.542636,-4.041108,0,INS,0.0,12.0,251.0,12.0,2,2700,0,0,0,0,0,0
CF,CF05,57.413786,-4.325719,1,ILN,231.5,12.7,51.0,1.0,2,2700,0,0,0,0,0,0

APPTR,L05,05,ULLAP
IF,ULLAP,57.900000,-5.169222, ,0.0,0.0,0,0,0,0,0,0,0,0
TF,INS41,57.881861,-5.110611,0, ,0.0,0.0,0.0,0.0,2,5200,0,0,0,0,0,0
TF,D303Y,57.755708,-4.707367,0, ,0.0,0.0,0.0,0.0,2,5200,0,0,0,0,0,0
TF,GARVA,57.688333,-4.494819,0, ,0.0,0.0,0.0,0.0,2,4900,0,0,0,0,0,0
TF,D303N,57.662383,-4.413442,0, ,0.0,0.0,0.0,0.0,2,3600,0,0,0,0,0,0
TF,D303L,57.645319,-4.359767,0, ,0.0,0.0,0.0,0.0,0,0,0,0,0,0,1,0
AF,D241L,57.442450,-4.361625,1,INS,241.0,12.0,303.0,2,2700,0,0,0,0,0,0
VI,0,ILN,0.0,81.0,0,0,0,0,0,0,0,0

FINAL,L05,05,D,4
IF,CF05,57.413786,-4.325719,ILN,231.5,12.7,2,2700,0,0,0,0,0,0
CF,FF05,57.447436,-4.253311,0,ILN,231.5,9.6,51.0,3.1,2,2700,0,0,0,0,2,0
CF,40LOC,57.494042,-4.152650,0,ILN,231.5,5.3,51.0,4.3,2,1360,0,0,0,0,0,0
CF,MA05,57.531917,-4.070531,0,ILN,231.5,1.8,51.0,3.5,1,241,0,0,0,0,3,0
FA,MA05,57.531917,-4.070531,0,INS,0.0,0.0,51.0,2,2000,0,0,0,0,0,0
DF,INS,57.542636,-4.041108,2, ,0.0,0.0,1,3000,0,1,210,0,0,0
HM,INS,57.542636,-4.041108,2, ,0.0,0.0,239.0,04.3,2,3000,0,1,210,0,0,0,0

APPTR,L23,23,ADN
IF,ADN,57.310450,-2.267247, ,0.0,0.0,0,0,0,0,0,0,0,0
TF,INS39,57.388508,-2.840233,0, ,0.0,0.0,0.0,0.0,0,0,0,0,0,0,0,0
TF,D105Y,57.447647,-3.289375,0, ,0.0,0.0,0.0,0.0,0,0,0,0,0,0,0,0
TF,D105O,57.486178,-3.589597,0, ,0.0,0.0,0.0,0.0,2,5600,0,0,0,0,0,0
TF,D105K,57.501392,-3.709864,0, ,0.0,0.0,0.0,0.0,2,2500,0,0,0,0,0,0
TF,D105J,57.505178,-3.739944,0, ,0.0,0.0,0.0,0.0,0,0,0,0,0,0,1,0
AF,D061J,57.625497,-3.772667,1,INS,61.0,10.0,105.0,2,2000,0,0,0,0,0,0
CF,CF23,57.635381,-3.844719,0,IDX,51.5,9.2,231.0,1.5,2,2000,0,0,0,0,0,0

APPTR,L23,23,BONBY
IF,BONBY,57.891667,-4.343333, ,0.0,0.0,2,5000,0,0,0,0,0,0
TF,D337O,57.769086,-4.236611,0, ,0.0,0.0,0.0,0.0,2,4900,0,0,0,0,0,0
TF,D337K,57.708728,-4.184356,0, ,0.0,0.0,0.0,0.0,2,2500,0,0,0,0,0,0
TF,D337J,57.693633,-4.171317,0, ,0.0,0.0,0.0,0.0,0,0,0,0,0,0,1,0
AF,D040J,57.671719,-3.845792,2,INS,40.0,10.0,337.0,2,2000,0,0,0,0,0,0
CF,CF23,57.635381,-3.844719,0,IDX,51.5,9.2,231.0,1.5,2,2000,0,0,0,0,0,0

APPTR,L23,23,INS1
IF,INS,57.542636,-4.041108, ,0.0,0.0,2,4000,0,0,0,0,1,0
FD,INS,57.542636,-4.041108,0,INS,0.0,9.5,26.0,9.5,2,2000,0,0,0,0,0,0
CF,CF23,57.635381,-3.844719,2,IDX,51.5,9.2,231.0,2.0,2,2000,0,0,0,0,0,0

APPTR,L23,23,INS2
IF,INS,57.542636,-4.041108, ,0.0,0.0,2,4000,0,0,0,0,1,0
FD,INS,57.542636,-4.041108,0,INS,0.0,8.5,40.0,8.5,2,2000,0,0,0,0,0,0
CF,CF23,57.635381,-3.844719,2,IDX,51.5,9.2,231.0,1.0,2,2000,0,0,0,0,0,0

FINAL,L23,23,D,4
IF,CF23,57.635381,-3.844719,IDX,51.5,9.2,2,2000,0,0,0,0,0,0
CF,FF23,57.613831,-3.891933,0,IDX,51.5,7.2,231.0,2.0,2,2000,0,0,0,0,2,0
CF,20LOC,57.569703,-3.988317,0,IDX,51.4,3.2,231.0,4.1,2,710,0,0,0,0,0,0
CF,MA23,57.553392,-4.023842,0,IDX,51.4,1.6,231.0,1.5,1,230,0,0,0,0,3,0
FA,MA23,57.553392,-4.023842,0,INS,0.0,0.0,231.0,2,2000,0,0,0,0,0,0
DF,INS,57.542636,-4.041108,2, ,0.0,0.0,1,3000,0,0,0,0,0,0
HM,INS,57.542636,-4.041108,1, ,0.0,0.0,48.0,04.3,2,3000,0,1,210,0,0,0,0

APPTR,S23,23,INS1
IF,INS,57.542636,-4.041108, ,0.0,0.0,2,3000,0,1,210,0,1,0
FD,INS,57.542636,-4.041108,0,INS,0.0,10.5,28.0,10.5,2,1800,0,0,0,0,0,0
CF,FS23,57.609367,-3.912233,2,INS,47.0,5.8,227.0,5.0,2,1800,0,0,0,0,0,0

APPTR,S23,23,INS2
IF,INS,57.542636,-4.041108, ,0.0,0.0,2,3000,0,0,0,0,1,0
FD,INS,57.542636,-4.041108,0,INS,0.0,9.0,35.0,9.0,2,1800,0,0,0,0,0,0
CF,FS23,57.609367,-3.912233,2,INS,47.0,5.8,227.0,3.0,2,1800,0,0,0,0,0,0

FINAL,S23,23,D,2
IF,FS23,57.609367,-3.912233,INS,47.0,5.8,2,1800,0,0,0,0,2,0
CF,RW23,57.548011,-4.035553,0,INS,30.1,0.4,227.0,5.4,1,71,0,0,0,0,3,0
CF,INS,57.542636,-4.041108,0,INS,0.0,0.0,227.0,0.4,0,0,0,0,0,0,0,1
FA,INS,57.542636,-4.041108,0,INS,0.0,0.0,227.0,2,2000,0,0,0,0,0,0
DF,INS,57.542636,-4.041108,2, ,0.0,0.0,1,3000,0,0,0,0,0,0
HM,INS,57.542636,-4.041108,1, ,0.0,0.0,48.0,04.3,2,3000,0,1,210,0,0,0,0

