SID,CPT01,01,2
CD, ,0,0,0,BSO,0,0.0,8.0,2.0,0,0,0,0,0,0,0,0
CA,0,8.0,2,2210,0,0,0,0,0,0
VI,1, ,0.0,170.0,0,0,0,0,0,0,0,0
CF,CPT,51.491572,-1.219692,0,CPT,0.0,0.0,200.0,9.0,1,4000,0,0,0,0,0,0

SID,CPT19,19,2
CD, ,0,0,0,BSO,0,0.0,188.0,2.0,0,0,0,0,0,0,0,0
CA,0,188.0,2,2210,0,0,0,0,0,0
DF,CPT,51.491572,-1.219692,2, ,0.0,0.0,1,4000,0,0,0,0,0,0

SID,VAL01,01,2
CD, ,0,0,0,BSO,0,0.0,8.0,2.0,0,0,0,0,0,0,0,0
CA,0,8.0,2,2210,0,0,0,0,0,0
VM,0,0,1,258.0,1,4000,0,0,0,0,0,0

SID,VAL19,19,2
CD, ,0,0,0,BSO,0,0.0,188.0,2.0,0,0,0,0,0,0,0,0
CA,0,188.0,2,2210,0,0,0,0,0,0
VM,0,0,2,298.0,1,4000,0,0,0,0,0,0

APPTR,I19,19,FF19
IF,FF19,51.720425,-1.072525, ,0.0,0.0,2,2710,0,1,200,0,1,0
FC,FF19,51.720425,-1.072525,0,CPT,0.0,0.0,53.0,4.3,0,0,0,0,0,0,0,1
CF,CF19,51.753406,-1.065203,1,IBO,7.8,9.2,188.0,3.0,2,2110,0,0,0,0,0,0

FINAL,I19,19,I,3
IF,CF19,51.753406,-1.065203,IBO,7.8,9.2,2,2110,0,0,0,0,0,0
CF,FF19,51.720425,-1.072525,0,IBO,7.8,7.2,188.0,2.0,1,2110,0,0,0,0,2,0
CF,RW19,51.623156,-1.094056,0,IBO,7.8,1.3,188.0,5.9,1,249,0,0,0,0,3,0
CA,0,188.0,2,2210,0,0,0,0,0,0
VM,0,0,0,188.0,1,2210,0,0,0,0,0,0

