SID,ALPHA,07,1
CA,0,73.0,2,1800,0,0,0,0,0,0
CF,D074I,51.789942,-1.371606,0,BZN,73.7,9.0,73.0,6.0,1,1800,0,0,0,0,0,0
VM,0,0,0,73.0,0,0,0,0,0,0,0,0

SID,ALPHA,25,1
CA,0,253.0,2,1800,0,0,0,0,0,0
CF,D252H,51.706961,-1.807397,0,BZN,252.0,8.0,253.0,6.0,1,1800,0,0,0,0,0,0
VM,0,0,0,253.0,0,0,0,0,0,0,0,0

SID,BRAVO,07,1
CA,0,73.0,2,2800,0,0,0,0,0,0
CF,D074I,51.789942,-1.371606,0,BZN,73.7,9.0,73.0,4.0,1,2800,0,0,0,0,0,0
VM,0,0,0,73.0,0,0,0,0,0,0,0,0

SID,BRAVO,25,1
CA,0,253.0,2,2800,0,0,0,0,0,0
CF,D252H,51.706961,-1.807397,0,BZN,252.0,8.0,253.0,4.0,1,2800,0,0,0,0,0,0
VM,0,0,0,253.0,0,0,0,0,0,0,0,0

SID,CONKO,07,1
CF,D076B,51.756081,-1.551392,0,DTY,212.7,30.2,73.0,2.0,0,0,0,0,0,0,0,1
CA,0,73.0,2,800,0,0,0,0,0,0
CI,1, ,0.0,248.0,0,0,0,0,0,0,0,0
CF,D280J,51.776803,-1.867761,0,DTY,229.4,37.0,280.0,5.0,0,0,0,0,0,0,0,0

SID,CONKO,25,1
CF,D250C,51.733950,-1.666481,0,DTY,217.6,33.8,253.0,3.0,0,0,0,0,0,0,0,1
CA,0,253.0,2,800,0,0,0,0,0,0
CI,0, ,0.0,310.0,0,0,0,0,0,0,0,0
CF,D280J,51.776803,-1.867761,0,DTY,229.4,37.0,280.0,5.0,0,0,0,0,0,0,0,0

SID,CONKO,ALL,2
IF,D280J,51.776803,-1.867761, ,0.0,0.0,0,0,0,0,0,0,0,0
VI,0, ,0.0,244.0,0,0,0,0,0,0,0,0
CF,CONKO,51.613333,-2.052828,0,DTY,226.1,48.8,199.0,9.0,0,0,0,0,0,0,0,0

SID,NAXAT,07,1
CF,D076B,51.756081,-1.551392,0,DTY,212.7,30.2,73.0,2.0,0,0,0,0,0,0,0,1
CA,0,73.0,2,800,0,0,0,0,0,0
CI,1, ,0.0,248.0,0,0,0,0,0,0,0,0
CF,NAXAT,51.789167,-1.965556,0,DTY,233.7,39.4,280.0,9.0,1,8000,0,0,0,0,0,0

SID,NAXAT,25,1
CF,D250C,51.733950,-1.666481,0,DTY,217.6,33.8,253.0,3.0,0,0,0,0,0,0,0,1
CA,0,253.0,2,800,0,0,0,0,0,0
CI,0, ,0.0,310.0,0,0,0,0,0,0,0,0
CF,NAXAT,51.789167,-1.965556,0,DTY,233.7,39.4,280.0,9.0,1,8000,0,0,0,0,0,0

SID,NAXAT,KISWO,3
IF,NAXAT,51.789167,-1.965556, ,0.0,0.0,0,0,0,0,0,0,0,0
TF,KISWO,52.624211,-3.140136,0, ,0.0,0.0,0.0,0.0,0,0,0,0,0,0,0,0

SID,NAXAT,SWB,3
IF,NAXAT,51.789167,-1.965556, ,0.0,0.0,0,0,0,0,0,0,0,0
TF,GST,51.891953,-2.167903,0, ,0.0,0.0,0.0,0.0,0,0,0,0,0,0,0,0
TF,SWB,52.798008,-2.662319,0, ,0.0,0.0,0.0,0.0,0,0,0,0,0,0,0,0

STAR,ASHUM,ALL,2
IF,ASHUM,51.602014,-1.893461, ,0.0,0.0,0,0,0,0,0,0,0,0
TF,D231J,51.643428,-1.811647,0, ,0.0,0.0,0.0,0.0,0,0,0,1,250,0,0,0
TF,BZN,51.748197,-1.603503,0, ,0.0,0.0,0.0,0.0,0,0,0,0,0,0,0,0

STAR,CONKO,ALL,2
IF,CONKO,51.613333,-2.052828, ,0.0,0.0,0,0,0,0,0,0,0,0
TF,D244J,51.676033,-1.844964,0, ,0.0,0.0,0.0,0.0,0,0,0,1,250,0,0,0
TF,BZN,51.748197,-1.603503,0, ,0.0,0.0,0.0,0.0,0,0,0,0,0,0,0,0

STAR,HON,ALL,2
IF,HON,52.356678,-1.663725, ,0.0,0.0,0,0,0,0,0,0,0,0
TF,D357J,51.914342,-1.619783,0, ,0.0,0.0,0.0,0.0,0,0,0,1,250,0,0,0
TF,BZN,51.748197,-1.603503,0, ,0.0,0.0,0.0,0.0,0,0,0,0,0,0,0,0

STAR,NAXAT,ALL,2
IF,NAXAT,51.789167,-1.965556, ,0.0,0.0,0,0,0,0,0,0,0,0
TF,D280J,51.776803,-1.867761,0, ,0.0,0.0,0.0,0.0,0,0,0,1,250,0,0,0
TF,BZN,51.748197,-1.603503,0, ,0.0,0.0,0.0,0.0,0,0,0,0,0,0,0,0

APPTR,I07,07,BZ
IF,BZ,51.749467,-1.601722, ,0.0,0.0,2,2800,0,1,220,0,1,0
CF,D274E,51.755264,-1.737111,0,BZN,274.9,5.0,274.0,5.1,2,2800,0,0,0,0,0,0
CD, ,0,0,0,BZN,0,0.0,274.0,8.0,2,2300,0,0,0,0,0,0
CF,CI07,51.708550,-1.806914,1,IBZA,253.5,9.8,73.0,1.0,2,2300,0,1,185,0,1,0

APPTR,I07,07,D098B
IF,D098B,51.743550,-1.550394, ,0.0,0.0,2,2800,0,0,0,0,1,0
CF,BZN,51.748197,-1.603503,0,BZN,0.0,0.0,278.0,2.0,0,0,0,1,220,0,0,0
FD,BZN,51.748197,-1.603503,0,BZN,0.0,5.0,275.0,5.0,2,2800,0,0,0,0,0,0
CD, ,0,0,0,BZN,0,0.0,275.0,8.0,2,2300,0,0,0,0,0,0
CF,CI07,51.708550,-1.806914,1,IBZA,253.5,9.8,73.0,1.0,2,2300,0,1,185,0,1,0

FINAL,I07,07,I,3
IF,CI07,51.708550,-1.806914,IBZA,253.5,9.8,2,2300,0,0,0,0,0,0
CF,FI07,51.719047,-1.750436,0,IBZA,253.5,7.6,73.0,2.2,1,2300,0,0,0,0,2,0
CF,RW07,51.746092,-1.604114,0,IBZA,253.5,1.9,73.0,5.7,1,345,0,0,0,0,3,0
CA,0,73.0,2,1800,0,0,0,0,0,0
VM,0,0,0,73.0,1,1800,0,0,0,0,0,0

APPTR,I25,25,BZ
IF,BZ,51.749467,-1.601722, ,0.0,0.0,2,2800,0,1,220,0,1,0
CF,D096F,51.739022,-1.443300,0,BZN,95.2,6.0,96.0,5.9,2,2800,0,0,0,0,0,0
CD, ,0,0,0,BZN,0,0.0,96.0,9.1,2,2300,0,0,0,0,0,0
CF,CI25,51.789167,-1.368553,1,IBZB,73.5,9.5,253.0,1.0,2,2300,0,1,185,0,1,0

APPTR,I25,25,D278C
IF,D278C,51.755119,-1.683181, ,0.0,0.0,2,2800,0,0,0,0,1,0
CF,BZN,51.748197,-1.603503,0,BZN,0.0,0.0,98.0,3.0,0,0,0,1,220,0,0,0
FD,BZN,51.748197,-1.603503,0,BZN,0.0,6.0,96.0,6.0,2,2800,0,0,0,0,0,0
CD, ,0,0,0,BZN,0,0.0,96.0,9.1,2,2300,0,0,0,0,0,0
CF,CI25,51.789167,-1.368553,1,IBZB,73.5,9.5,253.0,1.0,2,2300,0,1,185,0,1,0

FINAL,I25,25,I,3
IF,CI25,51.789167,-1.368553,IBZB,73.5,9.5,2,2300,0,0,0,0,0,0
CF,FI25,51.783547,-1.399458,0,IBZB,73.5,8.3,253.0,1.2,1,2300,0,0,0,0,2,0
CF,RW25,51.753875,-1.561775,0,IBZB,73.5,2.0,253.0,6.3,1,299,0,0,0,0,3,0
CA,0,253.0,2,1800,0,0,0,0,0,0
VM,0,0,0,253.0,1,1800,0,0,0,0,0,0

APPTR,L07,07,BZ
IF,BZ,51.749467,-1.601722, ,0.0,0.0,2,2800,0,1,220,0,1,0
CF,D274E,51.755264,-1.737111,0,BZN,274.9,5.0,274.0,5.1,2,2800,0,0,0,0,0,0
CD, ,0,0,0,BZN,0,0.0,274.0,8.0,2,2300,0,0,0,0,0,0
CF,CI07,51.708550,-1.806914,1,IBZA,253.5,9.8,73.0,1.0,2,2300,0,1,185,0,1,0

APPTR,L07,07,D098B
IF,D098B,51.743550,-1.550394, ,0.0,0.0,2,2800,0,0,0,0,1,0
CF,BZN,51.748197,-1.603503,0,BZN,0.0,0.0,278.0,2.0,0,0,0,1,220,0,0,0
FD,BZN,51.748197,-1.603503,0,BZN,0.0,5.0,275.0,5.0,2,2800,0,0,0,0,0,0
CD, ,0,0,0,BZN,0,0.0,275.0,8.0,2,2300,0,0,0,0,0,0
CF,CI07,51.708550,-1.806914,1,IBZA,253.5,9.8,73.0,1.0,2,2300,0,1,185,0,1,0

FINAL,L07,07,D,4
IF,CI07,51.708550,-1.806914,IBZA,253.5,9.8,2,2300,0,0,0,0,0,0
CF,FF07,51.716664,-1.763272,0,IBZA,253.5,8.1,73.0,1.7,2,2300,0,0,0,0,2,0
CF,25LOC,51.734264,-1.668239,0,IBZA,253.5,4.4,73.0,3.7,2,1130,0,0,0,0,0,0
CF,ML07,51.742325,-1.624550,0,IBZA,253.5,2.7,73.0,1.7,1,588,0,0,0,0,3,0
CA,0,73.0,2,1800,0,0,0,0,0,0
VM,0,0,0,73.0,1,1800,0,0,0,0,0,0

APPTR,Q07,07,BZ
IF,BZ,51.749467,-1.601722, ,0.0,0.0,2,2800,0,1,220,0,1,0
TF,D269E,51.747914,-1.737583,0, ,0.0,0.0,0.0,0.0,2,2800,0,0,0,0,0,0
CD, ,0,0,0,BZN,0,0.0,269.0,8.0,2,2300,0,0,0,0,0,0
CF,CQ07,51.692375,-1.798156,1,BZN,245.3,8.0,65.0,1.0,2,2300,0,1,185,0,1,0

FINAL,Q07,07,N,4
IF,CQ07,51.692375,-1.798156,BZ,0.0,0.0,2,2300,0,0,0,0,0,0
CF,FQ07,51.704394,-1.756928,0,BZ,0.0,0.0,65.0,1.7,2,2300,0,0,0,0,2,0
CF,26DME,51.730508,-1.667125,0,BZ,0.0,0.0,65.0,3.7,2,1140,0,0,0,0,0,0
CF,MQ07,51.741078,-1.630678,0,BZN,0.0,1.1,65.0,1.5,1,662,0,0,0,0,3,0
FA,MQ07,51.741078,-1.630678,0,BZN,0.0,0.0,73.0,2,1800,0,0,0,0,0,0
VM,0,0,0,73.0,1,1800,0,0,0,0,0,0

APPTR,Q25,25,BZ
IF,BZ,51.749467,-1.601722, ,0.0,0.0,2,2800,0,1,220,0,1,0
TF,D100F,51.732169,-1.444717,0, ,0.0,0.0,0.0,0.0,2,2800,0,0,0,0,0,0
CD, ,0,0,0,BZN,0,0.0,100.0,9.1,2,2300,0,0,0,0,0,0
CF,CQ25,51.780439,-1.364981,1,BZN,77.6,9.1,258.0,1.0,2,2300,0,1,185,0,1,0

FINAL,Q25,25,N,4
IF,CQ25,51.780439,-1.364981,BZ,0.0,0.0,2,2300,0,0,0,0,0,0
CF,FQ25,51.776347,-1.396497,0,BZ,0.0,0.0,258.0,1.2,2,2300,0,0,0,0,2,0
CF,40DME,51.762983,-1.498897,0,BZ,0.0,0.0,258.0,3.9,2,1070,0,0,0,0,0,0
CF,MQ25,51.758164,-1.535644,0,BZN,0.0,2.6,258.0,1.4,1,619,0,0,0,0,3,0
FA,MQ25,51.758164,-1.535644,0,BZN,0.0,0.0,253.0,2,1800,0,0,0,0,0,0
VM,0,0,0,253.0,1,1800,0,0,0,0,0,0

APPTR,T07,07,D098B
IF,D098B,51.743550,-1.550394, ,0.0,0.0,2,2800,0,0,0,0,1,0
CF,BZN,51.748197,-1.603503,0,BZN,0.0,0.0,278.0,2.0,0,0,0,1,220,0,0,0
FD,BZN,51.748197,-1.603503,0,BZN,0.0,5.0,270.0,5.0,2,2800,0,0,0,0,0,0
CD, ,0,0,0,BZN,0,0.0,270.0,8.0,2,2300,0,0,0,0,0,0
CF,CT07,51.691758,-1.797692,1,BZN,246.0,8.0,65.0,1.0,2,2300,0,1,185,0,1,0

FINAL,T07,07,D,4
IF,CT07,51.691758,-1.797692,BZN,245.0,8.0,2,2300,0,0,0,0,0,0
CF,FT07,51.704483,-1.754042,0,BZN,245.0,6.2,65.0,1.8,2,2300,0,0,0,0,2,0
CF,26TAC,51.729889,-1.666667,0,BZN,245.0,2.6,65.0,3.6,2,1150,0,0,0,0,0,0
CF,MT07,51.740456,-1.630231,0,BZN,245.0,1.1,65.0,1.5,1,662,0,0,0,0,3,0
CA,0,73.0,2,1800,0,0,0,0,0,0
VM,0,0,0,73.0,1,1800,0,0,0,0,0,0

APPTR,T25,25,D278C
IF,D278C,51.755119,-1.683181, ,0.0,0.0,2,2800,0,0,0,0,1,0
CF,BZN,51.748197,-1.603503,0,BZN,0.0,0.0,98.0,3.0,0,0,0,1,220,0,0,0
FD,BZN,51.748197,-1.603503,0,BZN,0.0,6.0,98.0,6.0,2,2800,0,0,0,0,0,0
CD, ,0,0,0,BZN,0,0.0,98.0,9.1,2,2300,0,0,0,0,0,0
CF,CT25,51.784603,-1.366528,1,BZN,76.0,9.1,256.0,1.0,2,2300,0,1,185,0,1,0

FINAL,T25,25,D,4
IF,CT25,51.784603,-1.366528,BZN,76.0,9.1,2,2300,0,0,0,0,0,0
CF,FT25,51.779828,-1.397800,0,BZN,76.0,7.9,256.0,1.2,2,2300,0,0,0,0,2,0
CF,40TAC,51.764258,-1.499386,0,BZN,76.0,4.0,256.0,3.9,2,1070,0,0,0,0,0,0
CF,MT25,51.758647,-1.535833,0,BZN,76.0,2.6,256.0,1.4,1,620,0,0,0,0,3,0
FA,MT25,51.758647,-1.535833,0,BZN,0.0,0.0,253.0,2,1800,0,0,0,0,0,0
VM,0,0,0,253.0,1,1800,0,0,0,0,0,0

