SID,02NE,02,2
CA,0,21.0,2,730,0,0,0,0,0,0
CF,D045O,53.341494,-0.231792,0,WAD,45.0,15.0,45.0,14.0,0,0,0,0,0,0,0,0

SID,02SE,02,2
CA,0,21.0,2,730,0,0,0,0,0,0
CD, ,0,0,0,WAD,0,0.0,90.0,8.0,0,0,0,0,0,0,0,0
DF,CGY,53.091042,-0.168947,0, ,0.0,0.0,0,0,0,0,0,0,0,0
TF,D180F,52.991206,-0.171833,0, ,0.0,0.0,0.0,0.0,0,0,0,0,0,0,0,0

SID,20NE,20,2
CA,0,201.0,2,730,0,0,0,0,0,0
DF,OTR,53.698192,-0.103781,1, ,0.0,0.0,0,0,0,0,0,0,0,0

APPTR,I20,20,D2281
IF,D228C,53.133167,-0.590500, ,0.0,0.0,2,8500,0,0,0,0,1,0
FD,D228C,53.133167,-0.590500,0,WAD,230.0,13.0,48.0,13.0,2,2720,0,0,0,0,0,0
CF,CI20,53.359336,-0.381428,1,IWA,24.0,13.3,204.0,3.0,2,2720,0,0,0,0,0,0

APPTR,I20,20,D2282
IF,D228C,53.133167,-0.590500, ,0.0,0.0,2,8500,0,0,0,0,1,0
FD,D228C,53.133167,-0.590500,0,WAD,230.0,13.0,33.0,13.0,2,2720,0,0,0,0,0,0
CF,CI20,53.359336,-0.381428,1,IWA,24.0,13.3,204.0,2.0,2,2720,0,0,0,0,0,0

FINAL,I20,20,I,3
IF,CI20,53.359336,-0.381428,IWA,24.0,13.3,2,2720,0,0,0,0,0,0
CF,FI20,53.295536,-0.429100,0,IWA,24.0,9.1,204.0,4.2,1,2720,0,0,0,0,2,0
CF,RW20,53.176942,-0.516719,0,IWA,24.9,1.3,204.0,7.8,1,262,0,0,0,0,3,0
FA,RW20,53.176942,-0.516719,0,GAM,0.0,0.0,204.0,2,1720,0,0,0,0,0,0
VM,0,0,1,45.0,1,3220,0,0,0,0,0,0

APPTR,R02,02,EDPAZ
IF,EDPAZ,52.973100,-0.790267, ,0.0,0.0,2,2800,0,0,0,0,1,0
TF,XW02I,52.970881,-0.652461,0, ,0.0,0.0,0.0,0.0,2,2800,0,0,0,0,1,0

APPTR,R02,02,LOXEF
IF,LOXEF,52.897681,-0.516178, ,0.0,0.0,2,2800,0,0,0,0,1,0
TF,XW02I,52.970881,-0.652461,0, ,0.0,0.0,0.0,0.0,2,2800,0,0,0,0,1,0

APPTR,R02,02,NUZWO
IF,NUZWO,52.820344,-0.566944, ,0.0,0.0,2,3800,0,1,250,0,0,0
TF,HULBU,52.893486,-0.703075,0, ,0.0,0.0,0.0,0.0,2,2800,0,0,0,0,1,0
TF,XW02I,52.970881,-0.652461,0, ,0.0,0.0,0.0,0.0,2,2800,0,0,0,0,1,0

FINAL,R02,02,R,3
IF,XW02I,52.970881,-0.652461, ,0.0,0.0,2,2800,0,0,0,0,0,0
TF,XW02F,53.031806,-0.612478,0, ,0.0,0.0,21.0,3.9,2,2800,0,0,0,0,2,0
TF,RW02,53.154350,-0.531672,0, ,0.0,0.0,21.0,7.9,1,277,0,0,0,0,3,1
CF,XWM01,53.212336,-0.493258,0,GAM,104.1,16.9,21.0,3.8,0,0,0,1,230,0,0,0
TF,UXONE,53.357942,-0.255464,0, ,0.0,0.0,0.0,0.0,1,3800,0,1,230,0,0,1
HM,UXONE,53.357942,-0.255464,2, ,0.0,0.0,272.0,04.3,2,3800,0,0,0,0,0,0,0

APPTR,R20,20,MOWUZ
IF,MOWUZ,53.437894,-0.342725, ,0.0,0.0,2,2800,0,0,0,0,1,0
TF,XW20I,53.360650,-0.394475,0, ,0.0,0.0,0.0,0.0,2,2800,0,0,0,0,1,0

APPTR,R20,20,UXONE
IF,UXONE,53.357942,-0.255464, ,0.0,0.0,2,2800,0,0,0,0,1,0
TF,XW20I,53.360650,-0.394475,0, ,0.0,0.0,0.0,0.0,2,2800,0,0,0,0,1,0

APPTR,R20,20,ZADTE
IF,ZADTE,53.416067,-0.498300, ,0.0,0.0,2,2800,0,0,0,0,1,0
TF,XW20I,53.360650,-0.394475,0, ,0.0,0.0,0.0,0.0,2,2800,0,0,0,0,1,0

FINAL,R20,20,R,3
IF,XW20I,53.360650,-0.394475, ,0.0,0.0,2,2800,0,0,0,0,0,0
TF,XW20F,53.299831,-0.435075,0, ,0.0,0.0,201.0,3.9,1,2800,0,0,0,0,2,0
TF,RW20,53.176942,-0.516719,0, ,0.0,0.0,201.0,8.0,1,269,0,0,0,0,3,1
CF,XWM02,53.118947,-0.555069,0,GAM,124.5,17.2,201.0,3.8,0,0,0,1,230,0,0,0
TF,XWM03,52.948150,-0.805783,0, ,0.0,0.0,0.0,0.0,0,0,0,1,230,0,0,0
TF,NUZWO,52.820344,-0.566944,0, ,0.0,0.0,0.0,0.0,1,3800,0,1,230,0,0,1
HM,NUZWO,52.820344,-0.566944,2, ,0.0,0.0,312.0,04.3,2,3800,0,0,0,0,0,0,0

