SID,MID10,10,2
CA,0,102.0,2,1370,0,0,0,0,0,0
CA,0,168.0,2,3370,0,0,0,0,0,0
VM,0,0,2,318.0,1,10000,0,0,0,0,0,0

SID,MID13,24,2
CA,0,237.0,2,2370,0,0,0,0,0,0
VM,0,0,1,98.0,3,5000,0,0,0,0,0,0

SID,MID5,24,2
CD, ,0,0,0,CWZ,0,0.0,237.0,12.0,0,0,0,0,0,0,0,0
CA,0,237.0,2,5000,0,0,0,0,0,0
VM,0,0,2,318.0,1,10000,0,0,0,0,0,0

SID,MID6,28,2
CA,0,282.0,2,1370,0,0,0,0,0,0
CD, ,0,0,0,CWZ,0,0.0,238.0,12.0,0,0,0,0,0,0,0,0
CA,0,238.0,2,5000,0,0,0,0,0,0
VM,0,0,0,318.0,1,10000,0,0,0,0,0,0

SID,MID7,06,2
CA,0,57.0,2,1370,0,0,0,0,0,0
CA,2,169.0,2,3370,0,0,0,0,0,0
VM,0,0,0,138.0,1,9000,0,0,0,0,0,0

SID,MID8,06,2
CA,0,57.0,2,1370,0,0,0,0,0,0
CA,2,169.0,2,3370,0,0,0,0,0,0
VM,0,0,2,318.0,1,10000,0,0,0,0,0,0

SID,MID9,10,2
CA,0,102.0,2,1370,0,0,0,0,0,0
CA,0,168.0,2,3370,0,0,0,0,0,0
VM,0,0,0,138.0,1,9000,0,0,0,0,0,0

