SID,ALPH04,04,2
CD, ,0,0,0,BAL,0,0.0,44.0,2.0,0,0,0,0,0,0,0,0
CA,0,44.0,2,1000,0,0,0,0,0,0
DF,BAL,53.299889,-6.447778,2, ,0.0,0.0,0,0,0,0,0,0,0,0
TF,D232G,53.224917,-6.596472,0, ,0.0,0.0,0.0,0.0,0,0,0,1,205,0,0,0

SID,ALPH10,10,2
CA,0,105.0,2,1300,0,0,0,0,0,0
CF,D232G,53.224917,-6.596472,2,BAL,232.0,7.0,263.0,6.0,0,0,0,1,205,0,0,0

SID,ALPH22,22,2
CA,0,224.0,2,1000,0,0,0,0,0,0
CF,D232G,53.224917,-6.596472,0,BAL,232.0,7.0,232.0,6.0,0,0,0,1,205,0,0,0

SID,ALPH28,28,2
CA,0,285.0,2,1000,0,0,0,0,0,0
CF,D232G,53.224917,-6.596472,0,BAL,232.0,7.0,202.0,6.0,0,0,0,1,205,0,0,0

SID,DELT04,04,2
CA,0,44.0,2,1000,0,0,0,0,0,0
CI,2, ,0.0,263.0,0,0,0,0,0,0,0,0
CF,D232G,53.224917,-6.596472,0,BAL,232.0,7.0,232.0,2.0,0,0,0,0,0,0,0,0

SID,DELT10,10,2
CA,0,105.0,2,1500,0,0,0,0,0,0
CF,D232G,53.224917,-6.596472,2,BAL,232.0,7.0,263.0,7.0,0,0,0,0,0,0,0,0

SID,DELT22,22,2
CA,0,224.0,2,1000,0,0,0,0,0,0
CF,D232G,53.224917,-6.596472,0,BAL,232.0,7.0,232.0,6.0,0,0,0,0,0,0,0,0

SID,DELT28,28,2
CA,0,285.0,2,1000,0,0,0,0,0,0
CF,D232G,53.224917,-6.596472,0,BAL,232.0,7.0,202.0,6.0,0,0,0,0,0,0,0,0

APPTR,D10,10,DONEB
IF,DONEB,53.320556,-6.723333, ,0.0,0.0,2,3000,0,0,0,0,1,0
CF,D268N,53.283006,-6.835575,0,BAL,268.0,14.0,278.0,4.0,2,3000,0,1,180,0,0,0
AF,D281N,53.335714,-6.832211,2,BAL,281.0,14.0,268.0,0,0,0,0,0,0,0,1
CF,CD10,53.357622,-6.746714,0,BAL,290.0,11.3,110.0,3.0,2,2000,0,0,0,0,1,0

FINAL,D10,10,D,3
IF,CD10,53.357622,-6.746714,BAL,290.0,11.3,2,2000,0,0,0,0,0,0
CF,FD10,53.332169,-6.614342,0,BAL,290.0,6.3,110.0,5.0,2,2000,0,0,0,0,2,0
CF,MD10,53.308622,-6.492697,0,BAL,290.0,1.7,110.0,4.6,1,617,0,0,0,0,3,0
CF,BAL,53.299889,-6.447778,0,BAL,0.0,0.0,110.0,1.7,0,0,0,0,0,0,0,0
FA,BAL,53.299889,-6.447778,0,BAL,0.0,0.0,110.0,2,1500,0,0,0,0,0,0
CF,D232E,53.246356,-6.554042,2,BAL,232.0,5.0,263.0,7.0,0,0,0,1,185,0,0,0
CF,D232G,53.224917,-6.596472,0,BAL,232.0,7.0,232.0,2.0,1,3000,0,0,0,0,0,0

APPTR,D22,22,KERAV
IF,KERAV,53.628528,-5.765917, ,0.0,0.0,2,5000,0,0,0,0,1,0
CF,CD22,53.469553,-6.172675,0,BAL,46.0,14.2,240.0,17.4,2,3000,0,0,0,0,1,0

FINAL,D22,22,D,4
IF,CD22,53.469553,-6.172675,BAL,46.0,14.2,2,3000,0,0,0,0,0,0
CF,FD22,53.407494,-6.273669,0,BAL,46.0,9.0,226.0,5.2,2,3000,0,0,0,0,2,0
CF,50VOR,53.359700,-6.351158,0,BAL,46.0,5.0,226.0,4.0,2,1700,0,0,0,0,0,0
CF,MD22,53.317839,-6.418819,0,BAL,46.0,1.5,226.0,3.5,1,718,0,0,0,0,3,0
CF,BAL,53.299889,-6.447778,0,BAL,0.0,0.0,226.0,1.5,0,0,0,0,0,0,0,1
CF,D232G,53.224917,-6.596472,0,BAL,232.0,7.0,232.0,7.0,1,3000,0,0,0,0,0,0

APPTR,D28,28,SORIN
IF,SORIN,53.141472,-5.806250, ,0.0,0.0,2,5000,0,0,0,0,1,0
CF,CD28,53.278953,-6.060544,0,BAL,97.0,14.0,316.0,12.4,2,3000,0,0,0,0,1,0

FINAL,D28,28,D,4
IF,CD28,53.278953,-6.060544,BAL,97.0,14.0,2,3000,0,0,0,0,0,0
CF,FD28,53.286575,-6.198800,0,BAL,97.0,9.0,277.0,5.0,2,3000,0,0,0,0,2,0
CF,40VOR,53.294033,-6.337100,0,BAL,97.0,4.0,277.0,5.0,2,1400,0,0,0,0,0,0
CF,MD28,53.297706,-6.406269,0,BAL,97.0,1.5,277.0,2.5,1,811,0,0,0,0,3,0
CF,BAL,53.299889,-6.447778,0,BAL,0.0,0.0,277.0,1.5,0,0,0,0,0,0,0,0
FA,BAL,53.299889,-6.447778,0,BAL,0.0,0.0,277.0,2,1100,0,0,0,0,0,0
CI,0, ,0.0,202.0,0,0,0,0,0,0,0,0
CF,D232G,53.224917,-6.596472,0,BAL,232.0,7.0,232.0,5.0,1,3000,0,0,0,0,0,0

APPTR,I10-Y,10,DONEB
IF,DONEB,53.320556,-6.723333, ,0.0,0.0,2,3000,0,0,0,0,1,0
CF,D268N,53.283006,-6.835575,0,BAL,268.0,14.0,278.0,4.0,2,3000,0,1,180,0,0,0
AF,D277N,53.319564,-6.835375,2,BAL,277.0,14.0,268.0,0,0,0,0,0,0,0,1
CF,CI10,53.340425,-6.754469,0,IB,284.9,11.6,105.0,3.0,2,2000,0,0,0,0,1,0

FINAL,I10-Y,10,I,3
IF,CI10,53.340425,-6.754469,IB,284.9,11.6,2,2000,0,0,0,0,0,0
CF,FI10,53.323153,-6.615661,0,IB,284.9,6.5,105.0,5.1,1,2000,0,0,0,0,2,0
CF,RW10,53.304686,-6.468819,0,IB,284.9,1.1,105.0,5.4,1,333,0,0,0,0,3,0
FA,RW10,53.304686,-6.468819,0,BAL,0.0,0.0,105.0,2,2000,0,0,0,0,0,0
CF,D232E,53.246356,-6.554042,2,BAL,232.0,5.0,263.0,7.0,0,0,0,1,200,0,0,0
CF,D232G,53.224917,-6.596472,0,BAL,232.0,7.0,232.0,2.0,1,3500,0,0,0,0,0,0

APPTR,I10-Z,10,DONEB
IF,DONEB,53.320556,-6.723333, ,0.0,0.0,2,3000,0,0,0,0,1,0
CF,D268N,53.283006,-6.835575,0,BAL,268.0,14.0,278.0,4.0,2,3000,0,1,180,0,0,0
AF,D277N,53.319564,-6.835375,2,BAL,277.0,14.0,268.0,0,0,0,0,0,0,0,1
CF,CI10,53.340425,-6.754469,0,IB,284.9,11.6,105.0,3.0,2,2000,0,0,0,0,1,0

FINAL,I10-Z,10,I,3
IF,CI10,53.340425,-6.754469,IB,284.9,11.6,2,2000,0,0,0,0,0,0
CF,FI10,53.323153,-6.615661,0,IB,284.9,6.5,105.0,5.1,1,2000,0,0,0,0,2,0
CF,RW10,53.304686,-6.468819,0,IB,284.9,1.1,105.0,5.4,1,333,0,0,0,0,3,0
FA,RW10,53.304686,-6.468819,0,BAL,0.0,0.0,105.0,2,1300,0,0,0,0,0,0
CF,D232E,53.246356,-6.554042,2,BAL,232.0,5.0,263.0,7.0,0,0,0,0,0,0,0,0
CF,D232G,53.224917,-6.596472,0,BAL,232.0,7.0,232.0,2.0,1,3000,0,0,0,0,0,0

