SID,BETU2A,04R,5
CF,CH840,55.648992,12.704350,0,KOR,66.5,38.7,37.0,2.0,0,0,0,0,0,0,0,1
TF,CH843,55.741436,12.842397,0, ,0.0,0.0,0.0,0.0,0,0,0,0,0,0,0,0
TF,CH844,55.603236,12.931364,2, ,0.0,0.0,0.0,0.0,0,0,0,0,0,0,0,0
TF,CH845,55.515600,12.771814,0, ,0.0,0.0,0.0,0.0,0,0,0,0,0,0,0,0
TF,BISTA,55.203383,12.123050,0, ,0.0,0.0,0.0,0.0,0,0,0,0,0,0,0,0
TF,BETUD,55.007244,12.522436,1, ,0.0,0.0,0.0,0.0,0,0,0,0,0,0,0,0

SID,BETU2C,22R,5
CF,RUBAT,55.569028,12.567750,0,KOR,71.9,32.9,217.0,2.0,0,0,0,0,0,0,0,1
TF,BISTA,55.203383,12.123050,0, ,0.0,0.0,0.0,0.0,0,0,0,0,0,0,0,0
TF,BETUD,55.007244,12.522436,0, ,0.0,0.0,0.0,0.0,0,0,0,0,0,0,0,0

SID,BETU2E,04L,5
CF,CH839,55.652411,12.696814,0,KOR,66.1,38.5,37.0,3.0,0,0,0,0,0,0,0,1
TF,CH843,55.741436,12.842397,0, ,0.0,0.0,0.0,0.0,0,0,0,0,0,0,0,0
TF,CH844,55.603236,12.931364,2, ,0.0,0.0,0.0,0.0,0,0,0,0,0,0,0,0
TF,CH845,55.515600,12.771814,0, ,0.0,0.0,0.0,0.0,0,0,0,0,0,0,0,0
TF,BISTA,55.203383,12.123050,0, ,0.0,0.0,0.0,0.0,0,0,0,0,0,0,0,0
TF,BETUD,55.007244,12.522436,1, ,0.0,0.0,0.0,0.0,0,0,0,0,0,0,0,0

SID,BETU2F,22L,5
CF,LEVDO,55.565472,12.574944,0,KOR,72.4,33.1,217.0,3.0,0,0,0,0,0,0,0,1
TF,BISTA,55.203383,12.123050,0, ,0.0,0.0,0.0,0.0,0,0,0,0,0,0,0,0
TF,BETUD,55.007244,12.522436,0, ,0.0,0.0,0.0,0.0,0,0,0,0,0,0,0,0

SID,BETU3B,12,5
CF,SEZAC,55.596675,12.713353,0,KOR,71.2,38.1,119.0,2.0,0,0,0,0,0,0,0,1
DF,CH811,55.362156,12.732242,0, ,0.0,0.0,0,0,0,0,0,0,0,0
TF,BISTA,55.203383,12.123050,0, ,0.0,0.0,0.0,0.0,0,0,0,0,0,0,0,0
TF,BETUD,55.007244,12.522436,1, ,0.0,0.0,0.0,0.0,0,0,0,0,0,0,0,0

SID,BETU3D,30,5
CF,BAFIQ,55.639994,12.596267,0,KOR,65.5,35.0,299.0,2.0,0,0,0,0,0,0,0,1
DF,CH825,55.683808,12.381656,0, ,0.0,0.0,0,0,0,0,0,0,0,0
TF,CH826,55.581844,12.212950,0, ,0.0,0.0,0.0,0.0,0,0,0,0,0,0,0,0
TF,BISTA,55.203383,12.123050,0, ,0.0,0.0,0.0,0.0,0,0,0,0,0,0,0,0
TF,BETUD,55.007244,12.522436,0, ,0.0,0.0,0.0,0.0,0,0,0,0,0,0,0,0

SID,GOLG2C,22R,5
CF,RUBAT,55.569028,12.567750,0,KOR,71.9,32.9,217.0,2.0,0,0,0,0,0,0,0,1
DF,CH815,55.579567,12.311425,0, ,0.0,0.0,0,0,0,0,0,0,0,0
TF,CH816,55.777997,12.274303,0, ,0.0,0.0,0.0,0.0,0,0,0,0,0,0,0,0
TF,MIRGO,56.035697,11.998025,0, ,0.0,0.0,0.0,0.0,0,0,0,0,0,0,0,0
TF,GOLGA,56.333072,11.695050,0, ,0.0,0.0,0.0,0.0,0,0,0,0,0,0,0,0

SID,GOLG2F,22L,5
CF,LEVDO,55.565472,12.574944,0,KOR,72.4,33.1,217.0,3.0,0,0,0,0,0,0,0,1
DF,CH815,55.579567,12.311425,0, ,0.0,0.0,0,0,0,0,0,0,0,0
TF,CH816,55.777997,12.274303,0, ,0.0,0.0,0.0,0.0,0,0,0,0,0,0,0,0
TF,MIRGO,56.035697,11.998025,0, ,0.0,0.0,0.0,0.0,0,0,0,0,0,0,0,0
TF,GOLGA,56.333072,11.695050,0, ,0.0,0.0,0.0,0.0,0,0,0,0,0,0,0,0

SID,GOLG3A,04R,5
CF,CH840,55.648992,12.704350,0,KOR,66.5,38.7,37.0,2.0,0,0,0,0,0,0,0,1
TF,CH841,55.824803,12.686119,0, ,0.0,0.0,0.0,0.0,0,0,0,0,0,0,0,0
TF,CH842,55.902575,12.336022,0, ,0.0,0.0,0.0,0.0,0,0,0,0,0,0,0,0
TF,MIRGO,56.035697,11.998025,0, ,0.0,0.0,0.0,0.0,0,0,0,0,0,0,0,0
TF,GOLGA,56.333072,11.695050,0, ,0.0,0.0,0.0,0.0,0,0,0,0,0,0,0,0

SID,GOLG3B,12,5
CF,SEZAC,55.596675,12.713353,0,KOR,71.2,38.1,119.0,2.0,0,0,0,0,0,0,0,1
DF,CH812,55.837100,12.818319,1, ,0.0,0.0,0,0,0,0,0,0,0,0
TF,CH813,55.911767,12.612664,0, ,0.0,0.0,0.0,0.0,0,0,0,0,0,0,0,0
TF,MIRGO,56.035697,11.998025,0, ,0.0,0.0,0.0,0.0,0,0,0,0,0,0,0,0
TF,GOLGA,56.333072,11.695050,0, ,0.0,0.0,0.0,0.0,0,0,0,0,0,0,0,0

SID,GOLG3D,30,5
CF,BAFIQ,55.639994,12.596267,0,KOR,65.5,35.0,299.0,2.0,0,0,0,0,0,0,0,1
DF,CH822,55.706883,12.414164,0, ,0.0,0.0,0,0,0,0,0,0,0,0
TF,CH824,55.849058,12.143392,0, ,0.0,0.0,0.0,0.0,0,0,0,0,0,0,0,0
TF,MIRGO,56.035697,11.998025,0, ,0.0,0.0,0.0,0.0,0,0,0,0,0,0,0,0
TF,GOLGA,56.333072,11.695050,0, ,0.0,0.0,0.0,0.0,0,0,0,0,0,0,0,0

SID,GOLG3E,04L,5
CF,CH839,55.652411,12.696814,0,KOR,66.1,38.5,37.0,3.0,0,0,0,0,0,0,0,1
TF,CH841,55.824803,12.686119,0, ,0.0,0.0,0.0,0.0,0,0,0,0,0,0,0,0
TF,CH842,55.902575,12.336022,0, ,0.0,0.0,0.0,0.0,0,0,0,0,0,0,0,0
TF,MIRGO,56.035697,11.998025,0, ,0.0,0.0,0.0,0.0,0,0,0,0,0,0,0,0
TF,GOLGA,56.333072,11.695050,0, ,0.0,0.0,0.0,0.0,0,0,0,0,0,0,0,0

SID,KEMA2E,04L,5
CF,CH839,55.652411,12.696814,0,KOR,66.1,38.5,37.0,3.0,0,0,0,0,0,0,0,1
TF,CH843,55.741436,12.842397,0, ,0.0,0.0,0.0,0.0,0,0,0,0,0,0,0,0
TF,KEMAX,56.126389,13.453889,0, ,0.0,0.0,0.0,0.0,0,0,0,0,0,0,0,0

SID,KEMA2F,22L,5
CF,LEVDO,55.565472,12.574944,0,KOR,72.4,33.1,217.0,3.0,0,0,0,0,0,0,0,1
DF,CH818,55.428225,12.477458,0, ,0.0,0.0,0,0,0,0,0,0,0,0
TF,CH819,55.389622,12.704283,1, ,0.0,0.0,0.0,0.0,0,0,0,0,0,0,0,0
TF,CH821,55.651528,12.807367,1, ,0.0,0.0,0.0,0.0,0,0,0,0,0,0,0,0
TF,KEMAX,56.126389,13.453889,0, ,0.0,0.0,0.0,0.0,0,0,0,0,0,0,0,0

SID,KEMA5A,04R,5
CF,CH840,55.648992,12.704350,0,KOR,66.5,38.7,37.0,2.0,0,0,0,0,0,0,0,1
TF,CH843,55.741436,12.842397,0, ,0.0,0.0,0.0,0.0,0,0,0,0,0,0,0,0
TF,KEMAX,56.126389,13.453889,0, ,0.0,0.0,0.0,0.0,0,0,0,0,0,0,0,0

SID,KEMA5C,22R,5
CF,RUBAT,55.569028,12.567750,0,KOR,71.9,32.9,217.0,2.0,0,0,0,0,0,0,0,1
DF,CH818,55.428225,12.477458,0, ,0.0,0.0,0,0,0,0,0,0,0,0
TF,CH819,55.389622,12.704283,1, ,0.0,0.0,0.0,0.0,0,0,0,0,0,0,0,0
TF,CH821,55.651528,12.807367,1, ,0.0,0.0,0.0,0.0,0,0,0,0,0,0,0,0
TF,KEMAX,56.126389,13.453889,0, ,0.0,0.0,0.0,0.0,0,0,0,0,0,0,0,0

SID,KEMA6B,12,5
CF,SEZAC,55.596675,12.713353,0,KOR,71.2,38.1,119.0,2.0,0,0,0,0,0,0,0,1
DF,KEMAX,56.126389,13.453889,0, ,0.0,0.0,0,0,0,0,0,0,0,0

SID,KEMA6D,30,5
CF,BAFIQ,55.639994,12.596267,0,KOR,65.5,35.0,299.0,2.0,0,0,0,0,0,0,0,1
DF,CH822,55.706883,12.414164,0, ,0.0,0.0,0,0,0,0,0,0,0,0
TF,CH829,55.912800,12.668986,2, ,0.0,0.0,0.0,0.0,0,0,0,0,0,0,0,0
TF,KEMAX,56.126389,13.453889,0, ,0.0,0.0,0.0,0.0,0,0,0,0,0,0,0,0

SID,KOPE2A,04R,5
CF,CH840,55.648992,12.704350,0,KOR,66.5,38.7,37.0,2.0,0,0,0,0,0,0,0,1
TF,CH843,55.741436,12.842397,0, ,0.0,0.0,0.0,0.0,0,0,0,0,0,0,0,0
TF,CH844,55.603236,12.931364,2, ,0.0,0.0,0.0,0.0,0,0,0,0,0,0,0,0
TF,CH845,55.515600,12.771814,0, ,0.0,0.0,0.0,0.0,0,0,0,0,0,0,0,0
TF,CH846,55.477289,12.426600,0, ,0.0,0.0,0.0,0.0,0,0,0,0,0,0,0,0
TF,MAXEL,55.209253,11.902481,0, ,0.0,0.0,0.0,0.0,0,0,0,0,0,0,0,0
TF,KOPEX,54.970381,11.467689,0, ,0.0,0.0,0.0,0.0,0,0,0,0,0,0,0,0

SID,KOPE2C,22R,5
CF,RUBAT,55.569028,12.567750,0,KOR,71.9,32.9,217.0,2.0,0,0,0,0,0,0,0,1
TF,MAXEL,55.209253,11.902481,0, ,0.0,0.0,0.0,0.0,0,0,0,0,0,0,0,0
TF,KOPEX,54.970381,11.467689,0, ,0.0,0.0,0.0,0.0,0,0,0,0,0,0,0,0

SID,KOPE2E,04L,5
CF,CH839,55.652411,12.696814,0,KOR,66.1,38.5,37.0,3.0,0,0,0,0,0,0,0,1
TF,CH843,55.741436,12.842397,0, ,0.0,0.0,0.0,0.0,0,0,0,0,0,0,0,0
TF,CH844,55.603236,12.931364,2, ,0.0,0.0,0.0,0.0,0,0,0,0,0,0,0,0
TF,CH845,55.515600,12.771814,0, ,0.0,0.0,0.0,0.0,0,0,0,0,0,0,0,0
TF,CH846,55.477289,12.426600,0, ,0.0,0.0,0.0,0.0,0,0,0,0,0,0,0,0
TF,MAXEL,55.209253,11.902481,0, ,0.0,0.0,0.0,0.0,0,0,0,0,0,0,0,0
TF,KOPEX,54.970381,11.467689,0, ,0.0,0.0,0.0,0.0,0,0,0,0,0,0,0,0

SID,KOPE2F,22L,5
CF,LEVDO,55.565472,12.574944,0,KOR,72.4,33.1,217.0,3.0,0,0,0,0,0,0,0,1
TF,MAXEL,55.209253,11.902481,0, ,0.0,0.0,0.0,0.0,0,0,0,0,0,0,0,0
TF,KOPEX,54.970381,11.467689,0, ,0.0,0.0,0.0,0.0,0,0,0,0,0,0,0,0

SID,KOPE3B,12,5
CF,SEZAC,55.596675,12.713353,0,KOR,71.2,38.1,119.0,2.0,0,0,0,0,0,0,0,1
DF,CH811,55.362156,12.732242,0, ,0.0,0.0,0,0,0,0,0,0,0,0
TF,MAXEL,55.209253,11.902481,0, ,0.0,0.0,0.0,0.0,0,0,0,0,0,0,0,0
TF,KOPEX,54.970381,11.467689,0, ,0.0,0.0,0.0,0.0,0,0,0,0,0,0,0,0

SID,KOPE3D,30,5
CF,BAFIQ,55.639994,12.596267,0,KOR,65.5,35.0,299.0,2.0,0,0,0,0,0,0,0,1
DF,CH825,55.683808,12.381656,0, ,0.0,0.0,0,0,0,0,0,0,0,0
TF,CH826,55.581844,12.212950,0, ,0.0,0.0,0.0,0.0,0,0,0,0,0,0,0,0
TF,MAXEL,55.209253,11.902481,0, ,0.0,0.0,0.0,0.0,0,0,0,0,0,0,0,0
TF,KOPEX,54.970381,11.467689,0, ,0.0,0.0,0.0,0.0,0,0,0,0,0,0,0,0

SID,LANG2A,04R,5
CF,CH840,55.648992,12.704350,0,KOR,66.5,38.7,37.0,2.0,0,0,0,0,0,0,0,1
TF,CH843,55.741436,12.842397,0, ,0.0,0.0,0.0,0.0,0,0,0,0,0,0,0,0
TF,CH844,55.603236,12.931364,2, ,0.0,0.0,0.0,0.0,0,0,0,0,0,0,0,0
TF,CH845,55.515600,12.771814,0, ,0.0,0.0,0.0,0.0,0,0,0,0,0,0,0,0
TF,CH848,55.495278,12.240833,0, ,0.0,0.0,0.0,0.0,0,0,0,0,0,0,0,0
TF,TOBIS,55.252356,11.676281,0, ,0.0,0.0,0.0,0.0,0,0,0,0,0,0,0,0
TF,LANGO,54.945631,10.856308,0, ,0.0,0.0,0.0,0.0,0,0,0,0,0,0,0,0

SID,LANG2C,22R,5
CF,RUBAT,55.569028,12.567750,0,KOR,71.9,32.9,217.0,2.0,0,0,0,0,0,0,0,1
TF,TOBIS,55.252356,11.676281,0, ,0.0,0.0,0.0,0.0,0,0,0,0,0,0,0,0
TF,LANGO,54.945631,10.856308,0, ,0.0,0.0,0.0,0.0,0,0,0,0,0,0,0,0

SID,LANG2E,04L,5
CF,CH839,55.652411,12.696814,0,KOR,66.1,38.5,37.0,3.0,0,0,0,0,0,0,0,1
TF,CH843,55.741436,12.842397,0, ,0.0,0.0,0.0,0.0,0,0,0,0,0,0,0,0
TF,CH844,55.603236,12.931364,2, ,0.0,0.0,0.0,0.0,0,0,0,0,0,0,0,0
TF,CH845,55.515600,12.771814,0, ,0.0,0.0,0.0,0.0,0,0,0,0,0,0,0,0
TF,CH848,55.495278,12.240833,0, ,0.0,0.0,0.0,0.0,0,0,0,0,0,0,0,0
TF,TOBIS,55.252356,11.676281,0, ,0.0,0.0,0.0,0.0,0,0,0,0,0,0,0,0
TF,LANGO,54.945631,10.856308,0, ,0.0,0.0,0.0,0.0,0,0,0,0,0,0,0,0

SID,LANG2F,22L,5
CF,LEVDO,55.565472,12.574944,0,KOR,72.4,33.1,217.0,3.0,0,0,0,0,0,0,0,1
TF,TOBIS,55.252356,11.676281,0, ,0.0,0.0,0.0,0.0,0,0,0,0,0,0,0,0
TF,LANGO,54.945631,10.856308,0, ,0.0,0.0,0.0,0.0,0,0,0,0,0,0,0,0

SID,LANG3B,12,5
CF,SEZAC,55.596675,12.713353,0,KOR,71.2,38.1,119.0,2.0,0,0,0,0,0,0,0,1
DF,CH811,55.362156,12.732242,0, ,0.0,0.0,0,0,0,0,0,0,0,0
TF,TOBIS,55.252356,11.676281,0, ,0.0,0.0,0.0,0.0,0,0,0,0,0,0,0,0
TF,LANGO,54.945631,10.856308,0, ,0.0,0.0,0.0,0.0,0,0,0,0,0,0,0,0

SID,LANG3D,30,5
CF,BAFIQ,55.639994,12.596267,0,KOR,65.5,35.0,299.0,2.0,0,0,0,0,0,0,0,1
DF,CH825,55.683808,12.381656,0, ,0.0,0.0,0,0,0,0,0,0,0,0
TF,CH826,55.581844,12.212950,0, ,0.0,0.0,0.0,0.0,0,0,0,0,0,0,0,0
TF,TOBIS,55.252356,11.676281,0, ,0.0,0.0,0.0,0.0,0,0,0,0,0,0,0,0
TF,LANGO,54.945631,10.856308,0, ,0.0,0.0,0.0,0.0,0,0,0,0,0,0,0,0

SID,NEXE2A,04R,5
CF,CH840,55.648992,12.704350,0,KOR,66.5,38.7,37.0,2.0,0,0,0,0,0,0,0,1
TF,CH843,55.741436,12.842397,0, ,0.0,0.0,0.0,0.0,0,0,0,0,0,0,0,0
TF,CH844,55.603236,12.931364,2, ,0.0,0.0,0.0,0.0,0,0,0,0,0,0,0,0
TF,CH845,55.515600,12.771814,0, ,0.0,0.0,0.0,0.0,0,0,0,0,0,0,0,0
TF,BISTA,55.203383,12.123050,0, ,0.0,0.0,0.0,0.0,0,0,0,0,0,0,0,0
TF,NEXEN,54.810778,11.625242,0, ,0.0,0.0,0.0,0.0,0,0,0,0,0,0,0,0

SID,NEXE2C,22R,5
CF,RUBAT,55.569028,12.567750,0,KOR,71.9,32.9,217.0,2.0,0,0,0,0,0,0,0,1
TF,BISTA,55.203383,12.123050,0, ,0.0,0.0,0.0,0.0,0,0,0,0,0,0,0,0
TF,NEXEN,54.810778,11.625242,0, ,0.0,0.0,0.0,0.0,0,0,0,0,0,0,0,0

SID,NEXE2E,04L,5
CF,CH839,55.652411,12.696814,0,KOR,66.1,38.5,37.0,3.0,0,0,0,0,0,0,0,1
TF,CH843,55.741436,12.842397,0, ,0.0,0.0,0.0,0.0,0,0,0,0,0,0,0,0
TF,CH844,55.603236,12.931364,2, ,0.0,0.0,0.0,0.0,0,0,0,0,0,0,0,0
TF,CH845,55.515600,12.771814,0, ,0.0,0.0,0.0,0.0,0,0,0,0,0,0,0,0
TF,BISTA,55.203383,12.123050,0, ,0.0,0.0,0.0,0.0,0,0,0,0,0,0,0,0
TF,NEXEN,54.810778,11.625242,0, ,0.0,0.0,0.0,0.0,0,0,0,0,0,0,0,0

SID,NEXE2F,22L,5
CF,LEVDO,55.565472,12.574944,0,KOR,72.4,33.1,217.0,3.0,0,0,0,0,0,0,0,1
TF,BISTA,55.203383,12.123050,0, ,0.0,0.0,0.0,0.0,0,0,0,0,0,0,0,0
TF,NEXEN,54.810778,11.625242,0, ,0.0,0.0,0.0,0.0,0,0,0,0,0,0,0,0

SID,NEXE3B,12,5
CF,SEZAC,55.596675,12.713353,0,KOR,71.2,38.1,119.0,2.0,0,0,0,0,0,0,0,1
DF,CH811,55.362156,12.732242,0, ,0.0,0.0,0,0,0,0,0,0,0,0
TF,BISTA,55.203383,12.123050,0, ,0.0,0.0,0.0,0.0,0,0,0,0,0,0,0,0
TF,NEXEN,54.810778,11.625242,0, ,0.0,0.0,0.0,0.0,0,0,0,0,0,0,0,0

SID,NEXE3D,30,5
CF,BAFIQ,55.639994,12.596267,0,KOR,65.5,35.0,299.0,2.0,0,0,0,0,0,0,0,1
DF,CH825,55.683808,12.381656,0, ,0.0,0.0,0,0,0,0,0,0,0,0
TF,CH826,55.581844,12.212950,0, ,0.0,0.0,0.0,0.0,0,0,0,0,0,0,0,0
TF,BISTA,55.203383,12.123050,0, ,0.0,0.0,0.0,0.0,0,0,0,0,0,0,0,0
TF,NEXEN,54.810778,11.625242,0, ,0.0,0.0,0.0,0.0,0,0,0,0,0,0,0,0

SID,ODN2C,22R,5
CF,RUBAT,55.569028,12.567750,0,KOR,71.9,32.9,217.0,2.0,0,0,0,0,0,0,0,1
DF,CH815,55.579567,12.311425,0, ,0.0,0.0,0,0,0,0,0,0,0,0
TF,DOBEL,55.606078,11.389931,0, ,0.0,0.0,0.0,0.0,0,0,0,0,0,0,0,0
TF,ODN,55.581011,10.652989,0, ,0.0,0.0,0.0,0.0,0,0,0,0,0,0,0,0

SID,ODN2F,22L,5
CF,LEVDO,55.565472,12.574944,0,KOR,72.4,33.1,217.0,3.0,0,0,0,0,0,0,0,1
DF,CH815,55.579567,12.311425,0, ,0.0,0.0,0,0,0,0,0,0,0,0
TF,DOBEL,55.606078,11.389931,0, ,0.0,0.0,0.0,0.0,0,0,0,0,0,0,0,0
TF,ODN,55.581011,10.652989,0, ,0.0,0.0,0.0,0.0,0,0,0,0,0,0,0,0

SID,ODN3A,04R,5
CF,CH840,55.648992,12.704350,0,KOR,66.5,38.7,37.0,2.0,0,0,0,0,0,0,0,1
TF,CH841,55.824803,12.686119,0, ,0.0,0.0,0.0,0.0,0,0,0,0,0,0,0,0
TF,CH842,55.902575,12.336022,0, ,0.0,0.0,0.0,0.0,0,0,0,0,0,0,0,0
TF,DOBEL,55.606078,11.389931,0, ,0.0,0.0,0.0,0.0,0,0,0,0,0,0,0,0
TF,ODN,55.581011,10.652989,0, ,0.0,0.0,0.0,0.0,0,0,0,0,0,0,0,0

SID,ODN3B,12,5
CF,SEZAC,55.596675,12.713353,0,KOR,71.2,38.1,119.0,2.0,0,0,0,0,0,0,0,1
DF,CH812,55.837100,12.818319,1, ,0.0,0.0,0,0,0,0,0,0,0,0
TF,CH813,55.911767,12.612664,0, ,0.0,0.0,0.0,0.0,0,0,0,0,0,0,0,0
TF,DOBEL,55.606078,11.389931,0, ,0.0,0.0,0.0,0.0,0,0,0,0,0,0,0,0
TF,ODN,55.581011,10.652989,0, ,0.0,0.0,0.0,0.0,0,0,0,0,0,0,0,0

SID,ODN3D,30,5
CF,BAFIQ,55.639994,12.596267,0,KOR,65.5,35.0,299.0,2.0,0,0,0,0,0,0,0,1
DF,CH825,55.683808,12.381656,0, ,0.0,0.0,0,0,0,0,0,0,0,0
TF,DOBEL,55.606078,11.389931,0, ,0.0,0.0,0.0,0.0,0,0,0,0,0,0,0,0
TF,ODN,55.581011,10.652989,0, ,0.0,0.0,0.0,0.0,0,0,0,0,0,0,0,0

SID,ODN3E,04L,5
CF,CH839,55.652411,12.696814,0,KOR,66.1,38.5,37.0,3.0,0,0,0,0,0,0,0,1
TF,CH841,55.824803,12.686119,0, ,0.0,0.0,0.0,0.0,0,0,0,0,0,0,0,0
TF,CH842,55.902575,12.336022,0, ,0.0,0.0,0.0,0.0,0,0,0,0,0,0,0,0
TF,DOBEL,55.606078,11.389931,0, ,0.0,0.0,0.0,0.0,0,0,0,0,0,0,0,0
TF,ODN,55.581011,10.652989,0, ,0.0,0.0,0.0,0.0,0,0,0,0,0,0,0,0

SID,SALO1A,04R,5
CF,CH840,55.648992,12.704350,0,KOR,66.5,38.7,37.0,2.0,0,0,0,0,0,0,0,1
TF,CH843,55.741436,12.842397,0, ,0.0,0.0,0.0,0.0,0,0,0,0,0,0,0,0
TF,CH844,55.603236,12.931364,2, ,0.0,0.0,0.0,0.0,0,0,0,0,0,0,0,0
TF,CH845,55.515600,12.771814,0, ,0.0,0.0,0.0,0.0,0,0,0,0,0,0,0,0
TF,CH847,55.331747,12.811414,0, ,0.0,0.0,0.0,0.0,0,0,0,0,0,0,0,0
TF,SALLO,54.916667,13.386194,0, ,0.0,0.0,0.0,0.0,0,0,0,0,0,0,0,0

SID,SALO1B,12,5
CF,SEZAC,55.596675,12.713353,0,KOR,71.2,38.1,119.0,2.0,0,0,0,0,0,0,0,1
DF,CH810,55.491644,12.999875,0, ,0.0,0.0,0,0,0,0,0,0,0,0
TF,SALLO,54.916667,13.386194,0, ,0.0,0.0,0.0,0.0,0,0,0,0,0,0,0,0

SID,SALO1C,22R,5
CF,RUBAT,55.569028,12.567750,0,KOR,71.9,32.9,217.0,2.0,0,0,0,0,0,0,0,1
DF,CH818,55.428225,12.477458,0, ,0.0,0.0,0,0,0,0,0,0,0,0
TF,CH819,55.389622,12.704283,1, ,0.0,0.0,0.0,0.0,0,0,0,0,0,0,0,0
TF,CH820,55.335169,13.019369,0, ,0.0,0.0,0.0,0.0,0,0,0,0,0,0,0,0
TF,SALLO,54.916667,13.386194,0, ,0.0,0.0,0.0,0.0,0,0,0,0,0,0,0,0

SID,SALO1D,30,5
CF,BAFIQ,55.639994,12.596267,0,KOR,65.5,35.0,299.0,2.0,0,0,0,0,0,0,0,1
DF,CH825,55.683808,12.381656,0, ,0.0,0.0,0,0,0,0,0,0,0,0
TF,CH827,55.535208,12.307361,1, ,0.0,0.0,0.0,0.0,0,0,0,0,0,0,0,0
TF,CH828,55.535206,12.735164,1, ,0.0,0.0,0.0,0.0,0,0,0,0,0,0,0,0
TF,CH830,55.468389,12.916472,0, ,0.0,0.0,0.0,0.0,0,0,0,0,0,0,0,0
TF,SALLO,54.916667,13.386194,0, ,0.0,0.0,0.0,0.0,0,0,0,0,0,0,0,0

SID,SALO1E,04L,5
CF,CH839,55.652411,12.696814,0,KOR,66.1,38.5,37.0,3.0,0,0,0,0,0,0,0,1
TF,CH843,55.741436,12.842397,0, ,0.0,0.0,0.0,0.0,0,0,0,0,0,0,0,0
TF,CH844,55.603236,12.931364,2, ,0.0,0.0,0.0,0.0,0,0,0,0,0,0,0,0
TF,CH845,55.515600,12.771814,0, ,0.0,0.0,0.0,0.0,0,0,0,0,0,0,0,0
TF,CH847,55.331747,12.811414,0, ,0.0,0.0,0.0,0.0,0,0,0,0,0,0,0,0
TF,SALLO,54.916667,13.386194,0, ,0.0,0.0,0.0,0.0,0,0,0,0,0,0,0,0

SID,SALO1F,22L,5
CF,LEVDO,55.565472,12.574944,0,KOR,72.4,33.1,217.0,3.0,0,0,0,0,0,0,0,1
DF,CH818,55.428225,12.477458,0, ,0.0,0.0,0,0,0,0,0,0,0,0
TF,CH819,55.389622,12.704283,1, ,0.0,0.0,0.0,0.0,0,0,0,0,0,0,0,0
TF,CH820,55.335169,13.019369,0, ,0.0,0.0,0.0,0.0,0,0,0,0,0,0,0,0
TF,SALLO,54.916667,13.386194,0, ,0.0,0.0,0.0,0.0,0,0,0,0,0,0,0,0

SID,SIME2E,04L,5
CF,CH839,55.652411,12.696814,0,KOR,66.1,38.5,37.0,3.0,0,0,0,0,0,0,0,1
TF,CH843,55.741436,12.842397,0, ,0.0,0.0,0.0,0.0,0,0,0,0,0,0,0,0
TF,CH844,55.603236,12.931364,2, ,0.0,0.0,0.0,0.0,0,0,0,0,0,0,0,0
TF,CH845,55.515600,12.771814,0, ,0.0,0.0,0.0,0.0,0,0,0,0,0,0,0,0
TF,CH847,55.331747,12.811414,0, ,0.0,0.0,0.0,0.0,0,0,0,0,0,0,0,0
TF,SIMEG,55.250000,13.501111,0, ,0.0,0.0,0.0,0.0,0,0,0,0,0,0,0,0

SID,SIME2F,22L,5
CF,LEVDO,55.565472,12.574944,0,KOR,72.4,33.1,217.0,3.0,0,0,0,0,0,0,0,1
DF,CH818,55.428225,12.477458,0, ,0.0,0.0,0,0,0,0,0,0,0,0
TF,CH819,55.389622,12.704283,1, ,0.0,0.0,0.0,0.0,0,0,0,0,0,0,0,0
TF,CH820,55.335169,13.019369,0, ,0.0,0.0,0.0,0.0,0,0,0,0,0,0,0,0
TF,SIMEG,55.250000,13.501111,0, ,0.0,0.0,0.0,0.0,0,0,0,0,0,0,0,0

SID,SIME8A,04R,5
CF,CH840,55.648992,12.704350,0,KOR,66.5,38.7,37.0,2.0,0,0,0,0,0,0,0,1
TF,CH843,55.741436,12.842397,0, ,0.0,0.0,0.0,0.0,0,0,0,0,0,0,0,0
TF,CH844,55.603236,12.931364,2, ,0.0,0.0,0.0,0.0,0,0,0,0,0,0,0,0
TF,CH845,55.515600,12.771814,0, ,0.0,0.0,0.0,0.0,0,0,0,0,0,0,0,0
TF,CH847,55.331747,12.811414,0, ,0.0,0.0,0.0,0.0,0,0,0,0,0,0,0,0
TF,SIMEG,55.250000,13.501111,0, ,0.0,0.0,0.0,0.0,0,0,0,0,0,0,0,0

SID,SIME9B,12,5
CF,SEZAC,55.596675,12.713353,0,KOR,71.2,38.1,119.0,2.0,0,0,0,0,0,0,0,1
DF,CH810,55.491644,12.999875,0, ,0.0,0.0,0,0,0,0,0,0,0,0
TF,SIMEG,55.250000,13.501111,0, ,0.0,0.0,0.0,0.0,0,0,0,0,0,0,0,0

SID,SIME9C,22R,5
CF,RUBAT,55.569028,12.567750,0,KOR,71.9,32.9,217.0,2.0,0,0,0,0,0,0,0,1
DF,CH818,55.428225,12.477458,0, ,0.0,0.0,0,0,0,0,0,0,0,0
TF,CH819,55.389622,12.704283,1, ,0.0,0.0,0.0,0.0,0,0,0,0,0,0,0,0
TF,CH820,55.335169,13.019369,0, ,0.0,0.0,0.0,0.0,0,0,0,0,0,0,0,0
TF,SIMEG,55.250000,13.501111,0, ,0.0,0.0,0.0,0.0,0,0,0,0,0,0,0,0

SID,SIME9D,30,5
CF,BAFIQ,55.639994,12.596267,0,KOR,65.5,35.0,299.0,2.0,0,0,0,0,0,0,0,1
DF,CH825,55.683808,12.381656,0, ,0.0,0.0,0,0,0,0,0,0,0,0
TF,CH827,55.535208,12.307361,1, ,0.0,0.0,0.0,0.0,0,0,0,0,0,0,0,0
TF,CH828,55.535206,12.735164,1, ,0.0,0.0,0.0,0.0,0,0,0,0,0,0,0,0
TF,CH830,55.468389,12.916472,0, ,0.0,0.0,0.0,0.0,0,0,0,0,0,0,0,0
TF,SIMEG,55.250000,13.501111,0, ,0.0,0.0,0.0,0.0,0,0,0,0,0,0,0,0

SID,VEDA2C,22R,5
CF,RUBAT,55.569028,12.567750,0,KOR,71.9,32.9,217.0,2.0,0,0,0,0,0,0,0,1
DF,CH815,55.579567,12.311425,0, ,0.0,0.0,0,0,0,0,0,0,0,0
TF,CH816,55.777997,12.274303,0, ,0.0,0.0,0.0,0.0,0,0,0,0,0,0,0,0
TF,NOVPO,56.106667,12.241111,0, ,0.0,0.0,0.0,0.0,0,0,0,0,0,0,0,0
TF,VEDAR,56.531667,12.123611,0, ,0.0,0.0,0.0,0.0,0,0,0,0,0,0,0,0

SID,VEDA2F,22L,5
CF,LEVDO,55.565472,12.574944,0,KOR,72.4,33.1,217.0,3.0,0,0,0,0,0,0,0,1
DF,CH815,55.579567,12.311425,0, ,0.0,0.0,0,0,0,0,0,0,0,0
TF,CH816,55.777997,12.274303,0, ,0.0,0.0,0.0,0.0,0,0,0,0,0,0,0,0
TF,NOVPO,56.106667,12.241111,0, ,0.0,0.0,0.0,0.0,0,0,0,0,0,0,0,0
TF,VEDAR,56.531667,12.123611,0, ,0.0,0.0,0.0,0.0,0,0,0,0,0,0,0,0

SID,VEDA3B,12,5
CF,SEZAC,55.596675,12.713353,0,KOR,71.2,38.1,119.0,2.0,0,0,0,0,0,0,0,1
DF,CH812,55.837100,12.818319,1, ,0.0,0.0,0,0,0,0,0,0,0,0
TF,CH813,55.911767,12.612664,0, ,0.0,0.0,0.0,0.0,0,0,0,0,0,0,0,0
TF,NOVPO,56.106667,12.241111,0, ,0.0,0.0,0.0,0.0,0,0,0,0,0,0,0,0
TF,VEDAR,56.531667,12.123611,0, ,0.0,0.0,0.0,0.0,0,0,0,0,0,0,0,0

SID,VEDA3D,30,5
CF,BAFIQ,55.639994,12.596267,0,KOR,65.5,35.0,299.0,2.0,0,0,0,0,0,0,0,1
DF,CH822,55.706883,12.414164,0, ,0.0,0.0,0,0,0,0,0,0,0,0
TF,CH824,55.849058,12.143392,0, ,0.0,0.0,0.0,0.0,0,0,0,0,0,0,0,0
TF,NOVPO,56.106667,12.241111,0, ,0.0,0.0,0.0,0.0,0,0,0,0,0,0,0,0
TF,VEDAR,56.531667,12.123611,0, ,0.0,0.0,0.0,0.0,0,0,0,0,0,0,0,0

SID,VEDA3E,04L,5
CF,CH839,55.652411,12.696814,0,KOR,66.1,38.5,37.0,3.0,0,0,0,0,0,0,0,1
TF,CH841,55.824803,12.686119,0, ,0.0,0.0,0.0,0.0,0,0,0,0,0,0,0,0
TF,CH842,55.902575,12.336022,0, ,0.0,0.0,0.0,0.0,0,0,0,0,0,0,0,0
TF,NOVPO,56.106667,12.241111,0, ,0.0,0.0,0.0,0.0,0,0,0,0,0,0,0,0
TF,VEDAR,56.531667,12.123611,0, ,0.0,0.0,0.0,0.0,0,0,0,0,0,0,0,0

SID,VEDA4A,04R,5
CF,CH840,55.648992,12.704350,0,KOR,66.5,38.7,37.0,2.0,0,0,0,0,0,0,0,1
TF,CH841,55.824803,12.686119,0, ,0.0,0.0,0.0,0.0,0,0,0,0,0,0,0,0
TF,CH842,55.902575,12.336022,0, ,0.0,0.0,0.0,0.0,0,0,0,0,0,0,0,0
TF,NOVPO,56.106667,12.241111,0, ,0.0,0.0,0.0,0.0,0,0,0,0,0,0,0,0
TF,VEDAR,56.531667,12.123611,0, ,0.0,0.0,0.0,0.0,0,0,0,0,0,0,0,0

STAR,ERNO2A,04L,5
IF,ERNOV,56.168861,12.573778, ,0.0,0.0,3,11000,0,1,250,0,0,0
TF,CH744,55.871322,12.576731,0, ,0.0,0.0,0.0,0.0,0,0,0,0,0,0,0,0
TF,CH727,55.600492,12.402092,0, ,0.0,0.0,0.0,0.0,0,0,0,0,0,0,0,0
TF,ERPUK,55.495278,12.240833,0, ,0.0,0.0,0.0,0.0,3,4000,0,1,220,0,0,0
FM,ERPUK,55.495278,12.240833,0,KOR,0.0,0.0,217.0,0,0,0,0,0,0,0,0

STAR,ERNO2A,04R,5
IF,ERNOV,56.168861,12.573778, ,0.0,0.0,3,11000,0,1,250,0,0,0
TF,CH744,55.871322,12.576731,0, ,0.0,0.0,0.0,0.0,0,0,0,0,0,0,0,0
TF,CH727,55.600492,12.402092,0, ,0.0,0.0,0.0,0.0,0,0,0,0,0,0,0,0
TF,ERPUK,55.495278,12.240833,0, ,0.0,0.0,0.0,0.0,3,4000,0,1,220,0,0,0
FM,ERPUK,55.495278,12.240833,0,KOR,0.0,0.0,217.0,0,0,0,0,0,0,0,0

STAR,ERNO2B,12,5
IF,ERNOV,56.168861,12.573778, ,0.0,0.0,3,11000,0,1,250,0,0,0
TF,CH532,55.911767,12.612664,0, ,0.0,0.0,0.0,0.0,0,0,0,0,0,0,0,0
TF,CH524,55.792494,12.476144,0, ,0.0,0.0,0.0,0.0,0,0,0,0,0,0,0,0
TF,FEDJO,55.837475,12.351667,0, ,0.0,0.0,0.0,0.0,3,4000,0,1,220,0,0,0
FM,FEDJO,55.837475,12.351667,0,KOR,0.0,0.0,299.0,0,0,0,0,0,0,0,0

STAR,ERNO2C,22L,5
IF,ERNOV,56.168861,12.573778, ,0.0,0.0,3,11000,0,1,250,0,0,0
TF,CH632,55.938142,12.465944,0, ,0.0,0.0,0.0,0.0,0,0,0,0,0,0,0,0
TF,ABEGI,55.841944,12.788889,0, ,0.0,0.0,0.0,0.0,3,4000,0,1,220,0,0,0
FM,ABEGI,55.841944,12.788889,0,KOR,0.0,0.0,37.0,0,0,0,0,0,0,0,0

STAR,ERNO2C,22R,5
IF,ERNOV,56.168861,12.573778, ,0.0,0.0,3,11000,0,1,250,0,0,0
TF,CH632,55.938142,12.465944,0, ,0.0,0.0,0.0,0.0,0,0,0,0,0,0,0,0
TF,ABEGI,55.841944,12.788889,0, ,0.0,0.0,0.0,0.0,3,4000,0,1,220,0,0,0
FM,ABEGI,55.841944,12.788889,0,KOR,0.0,0.0,37.0,0,0,0,0,0,0,0,0

STAR,ERNO2D,30,5
IF,ERNOV,56.168861,12.573778, ,0.0,0.0,3,11000,0,1,250,0,0,0
TF,CH956,55.948547,12.424000,0, ,0.0,0.0,0.0,0.0,0,0,0,0,0,0,0,0
TF,CH949,55.839433,12.350494,0, ,0.0,0.0,0.0,0.0,0,0,0,0,0,0,0,0
TF,CH941,55.769950,12.540753,0, ,0.0,0.0,0.0,0.0,0,0,0,0,0,0,0,0
TF,CH932,55.690439,12.756664,0, ,0.0,0.0,0.0,0.0,0,0,0,0,0,0,0,0
TF,HUFOH,55.570264,13.079425,0, ,0.0,0.0,0.0,0.0,3,4000,0,1,220,0,0,0
FM,HUFOH,55.570264,13.079425,0,KOR,0.0,0.0,119.0,0,0,0,0,0,0,0,0

STAR,MONA3A,04L,5
IF,MONAK,54.945556,12.313611, ,0.0,0.0,0,0,0,0,0,0,0,0
TF,CDA,55.001500,12.379211,0, ,0.0,0.0,0.0,0.0,0,0,0,0,0,0,0,0
TF,NEKSO,55.231944,12.649444,0, ,0.0,0.0,0.0,0.0,3,9000,0,1,250,0,0,0
TF,CH731,55.353758,12.767194,0, ,0.0,0.0,0.0,0.0,0,0,0,0,0,0,0,0
TF,CH724,55.438153,12.580219,0, ,0.0,0.0,0.0,0.0,0,0,0,0,0,0,0,0
TF,DOPEM,55.375278,12.483611,0, ,0.0,0.0,0.0,0.0,3,4000,0,1,220,0,0,0
FM,DOPEM,55.375278,12.483611,0,KOR,0.0,0.0,217.0,0,0,0,0,0,0,0,0

STAR,MONA3A,04R,5
IF,MONAK,54.945556,12.313611, ,0.0,0.0,0,0,0,0,0,0,0,0
TF,CDA,55.001500,12.379211,0, ,0.0,0.0,0.0,0.0,0,0,0,0,0,0,0,0
TF,NEKSO,55.231944,12.649444,0, ,0.0,0.0,0.0,0.0,3,9000,0,1,250,0,0,0
TF,CH731,55.353758,12.767194,0, ,0.0,0.0,0.0,0.0,0,0,0,0,0,0,0,0
TF,CH724,55.438153,12.580219,0, ,0.0,0.0,0.0,0.0,0,0,0,0,0,0,0,0
TF,DOPEM,55.375278,12.483611,0, ,0.0,0.0,0.0,0.0,3,4000,0,1,220,0,0,0
FM,DOPEM,55.375278,12.483611,0,KOR,0.0,0.0,217.0,0,0,0,0,0,0,0,0

STAR,MONA3C,22L,5
IF,MONAK,54.945556,12.313611, ,0.0,0.0,0,0,0,0,0,0,0,0
TF,CDA,55.001500,12.379211,0, ,0.0,0.0,0.0,0.0,0,0,0,0,0,0,0,0
TF,NEKSO,55.231944,12.649444,0, ,0.0,0.0,0.0,0.0,0,0,0,1,250,0,0,0
TF,CH643,55.364000,12.724653,0, ,0.0,0.0,0.0,0.0,3,9000,0,0,0,0,0,0
TF,CH636,55.472958,12.787106,0, ,0.0,0.0,0.0,0.0,0,0,0,0,0,0,0,0
TF,CH630,55.556767,12.835392,0, ,0.0,0.0,0.0,0.0,0,0,0,0,0,0,0,0
TF,CH625,55.627283,12.886044,0, ,0.0,0.0,0.0,0.0,0,0,0,0,0,0,0,0
TF,ADOVI,55.720833,13.032222,0, ,0.0,0.0,0.0,0.0,3,4000,0,1,220,0,0,0
FM,ADOVI,55.720833,13.032222,0,KOR,0.0,0.0,37.0,0,0,0,0,0,0,0,0

STAR,MONA3C,22R,5
IF,MONAK,54.945556,12.313611, ,0.0,0.0,0,0,0,0,0,0,0,0
TF,CDA,55.001500,12.379211,0, ,0.0,0.0,0.0,0.0,0,0,0,0,0,0,0,0
TF,NEKSO,55.231944,12.649444,0, ,0.0,0.0,0.0,0.0,0,0,0,1,250,0,0,0
TF,CH643,55.364000,12.724653,0, ,0.0,0.0,0.0,0.0,3,9000,0,0,0,0,0,0
TF,CH636,55.472958,12.787106,0, ,0.0,0.0,0.0,0.0,0,0,0,0,0,0,0,0
TF,CH630,55.556767,12.835392,0, ,0.0,0.0,0.0,0.0,0,0,0,0,0,0,0,0
TF,CH625,55.627283,12.886044,0, ,0.0,0.0,0.0,0.0,0,0,0,0,0,0,0,0
TF,ADOVI,55.720833,13.032222,0, ,0.0,0.0,0.0,0.0,3,4000,0,1,220,0,0,0
FM,ADOVI,55.720833,13.032222,0,KOR,0.0,0.0,37.0,0,0,0,0,0,0,0,0

STAR,MONA3D,30,5
IF,MONAK,54.945556,12.313611, ,0.0,0.0,0,0,0,0,0,0,0,0
TF,CDA,55.001500,12.379211,0, ,0.0,0.0,0.0,0.0,0,0,0,0,0,0,0,0
TF,KUBIS,55.223056,12.481667,0, ,0.0,0.0,0.0,0.0,3,9000,0,1,250,0,0,0
TF,CH930,55.368500,12.590967,0, ,0.0,0.0,0.0,0.0,0,0,0,0,0,0,0,0
TF,COPHO,55.416558,12.902131,0, ,0.0,0.0,0.0,0.0,3,4000,0,1,220,0,0,0
FM,COPHO,55.416558,12.902131,0,KOR,0.0,0.0,119.0,0,0,0,0,0,0,0,0

STAR,MONA4B,12,5
IF,MONAK,54.945556,12.313611, ,0.0,0.0,0,0,0,0,0,0,0,0
TF,CDA,55.001500,12.379211,0, ,0.0,0.0,0.0,0.0,0,0,0,0,0,0,0,0
TF,NEKSO,55.231944,12.649444,0, ,0.0,0.0,0.0,0.0,0,0,0,1,250,0,0,0
TF,CH546,55.444122,12.830253,0, ,0.0,0.0,0.0,0.0,3,9000,0,0,0,0,0,0
TF,CH530,55.592625,12.425147,0, ,0.0,0.0,0.0,0.0,0,0,0,0,0,0,0,0
TF,CH525,55.637622,12.301056,0, ,0.0,0.0,0.0,0.0,0,0,0,0,0,0,0,0
TF,AGTIC,55.682428,12.176869,0, ,0.0,0.0,0.0,0.0,3,4000,0,1,220,0,0,0
FM,AGTIC,55.682428,12.176869,0,KOR,0.0,0.0,299.0,0,0,0,0,0,0,0,0

STAR,TESP3A,04L,5
IF,TESPI,55.898333,10.531111, ,0.0,0.0,0,0,0,0,0,0,0,0
TF,ROSBI,55.849444,10.931944,0, ,0.0,0.0,0.0,0.0,0,0,0,0,0,0,0,0
TF,TNO,55.774094,11.439189,0, ,0.0,0.0,0.0,0.0,0,0,0,1,250,0,0,0
TF,CH750,55.747856,11.769486,0, ,0.0,0.0,0.0,0.0,3,13000,0,0,0,0,0,0
TF,CH742,55.728694,12.003656,0, ,0.0,0.0,0.0,0.0,0,0,0,0,0,0,0,0
TF,CH734,55.709086,12.237594,0, ,0.0,0.0,0.0,0.0,0,0,0,0,0,0,0,0
TF,CH727,55.600492,12.402092,0, ,0.0,0.0,0.0,0.0,0,0,0,0,0,0,0,0
TF,ERPUK,55.495278,12.240833,0, ,0.0,0.0,0.0,0.0,3,4000,0,1,220,0,0,0
FM,ERPUK,55.495278,12.240833,0,KOR,0.0,0.0,217.0,0,0,0,0,0,0,0,0

STAR,TESP3A,04R,5
IF,TESPI,55.898333,10.531111, ,0.0,0.0,0,0,0,0,0,0,0,0
TF,ROSBI,55.849444,10.931944,0, ,0.0,0.0,0.0,0.0,0,0,0,0,0,0,0,0
TF,TNO,55.774094,11.439189,0, ,0.0,0.0,0.0,0.0,0,0,0,1,250,0,0,0
TF,CH750,55.747856,11.769486,0, ,0.0,0.0,0.0,0.0,3,13000,0,0,0,0,0,0
TF,CH742,55.728694,12.003656,0, ,0.0,0.0,0.0,0.0,0,0,0,0,0,0,0,0
TF,CH734,55.709086,12.237594,0, ,0.0,0.0,0.0,0.0,0,0,0,0,0,0,0,0
TF,CH727,55.600492,12.402092,0, ,0.0,0.0,0.0,0.0,0,0,0,0,0,0,0,0
TF,ERPUK,55.495278,12.240833,0, ,0.0,0.0,0.0,0.0,3,4000,0,1,220,0,0,0
FM,ERPUK,55.495278,12.240833,0,KOR,0.0,0.0,217.0,0,0,0,0,0,0,0,0

STAR,TESP3B,12,5
IF,TESPI,55.898333,10.531111, ,0.0,0.0,0,0,0,0,0,0,0,0
TF,ROSBI,55.849444,10.931944,0, ,0.0,0.0,0.0,0.0,0,0,0,0,0,0,0,0
TF,TNO,55.774094,11.439189,0, ,0.0,0.0,0.0,0.0,3,13000,0,1,250,0,0,0
TF,CH553,55.686436,11.690578,0, ,0.0,0.0,0.0,0.0,0,0,0,0,0,0,0,0
TF,CH542,55.598122,11.941242,0, ,0.0,0.0,0.0,0.0,0,0,0,0,0,0,0,0
TF,CH533,55.518003,12.166433,0, ,0.0,0.0,0.0,0.0,0,0,0,0,0,0,0,0
TF,CH525,55.637622,12.301056,0, ,0.0,0.0,0.0,0.0,0,0,0,0,0,0,0,0
TF,AGTIC,55.682428,12.176869,0, ,0.0,0.0,0.0,0.0,3,4000,0,1,220,0,0,0
FM,AGTIC,55.682428,12.176869,0,KOR,0.0,0.0,299.0,0,0,0,0,0,0,0,0

STAR,TESP3C,22L,5
IF,TESPI,55.898333,10.531111, ,0.0,0.0,0,0,0,0,0,0,0,0
TF,ROSBI,55.849444,10.931944,0, ,0.0,0.0,0.0,0.0,0,0,0,0,0,0,0,0
TF,TNO,55.774094,11.439189,0, ,0.0,0.0,0.0,0.0,0,0,0,1,250,0,0,0
TF,CH653,55.750489,11.855597,0, ,0.0,0.0,0.0,0.0,3,13000,0,0,0,0,0,0
TF,CH645,55.736036,12.098808,0, ,0.0,0.0,0.0,0.0,0,0,0,0,0,0,0,0
TF,CH638,55.723639,12.301111,0, ,0.0,0.0,0.0,0.0,0,0,0,0,0,0,0,0
TF,CH631,55.710447,12.510572,0, ,0.0,0.0,0.0,0.0,0,0,0,0,0,0,0,0
TF,CH626,55.748181,12.642600,0, ,0.0,0.0,0.0,0.0,0,0,0,0,0,0,0,0
TF,ABEGI,55.841944,12.788889,0, ,0.0,0.0,0.0,0.0,3,4000,0,1,220,0,0,0
FM,ABEGI,55.841944,12.788889,0,KOR,0.0,0.0,37.0,0,0,0,0,0,0,0,0

STAR,TESP3C,22R,5
IF,TESPI,55.898333,10.531111, ,0.0,0.0,0,0,0,0,0,0,0,0
TF,ROSBI,55.849444,10.931944,0, ,0.0,0.0,0.0,0.0,0,0,0,0,0,0,0,0
TF,TNO,55.774094,11.439189,0, ,0.0,0.0,0.0,0.0,0,0,0,1,250,0,0,0
TF,CH653,55.750489,11.855597,0, ,0.0,0.0,0.0,0.0,3,13000,0,0,0,0,0,0
TF,CH645,55.736036,12.098808,0, ,0.0,0.0,0.0,0.0,0,0,0,0,0,0,0,0
TF,CH638,55.723639,12.301111,0, ,0.0,0.0,0.0,0.0,0,0,0,0,0,0,0,0
TF,CH631,55.710447,12.510572,0, ,0.0,0.0,0.0,0.0,0,0,0,0,0,0,0,0
TF,CH626,55.748181,12.642600,0, ,0.0,0.0,0.0,0.0,0,0,0,0,0,0,0,0
TF,ABEGI,55.841944,12.788889,0, ,0.0,0.0,0.0,0.0,3,4000,0,1,220,0,0,0
FM,ABEGI,55.841944,12.788889,0,KOR,0.0,0.0,37.0,0,0,0,0,0,0,0,0

STAR,TESP3D,30,5
IF,TESPI,55.898333,10.531111, ,0.0,0.0,0,0,0,0,0,0,0,0
TF,ROSBI,55.849444,10.931944,0, ,0.0,0.0,0.0,0.0,0,0,0,0,0,0,0,0
TF,TNO,55.774094,11.439189,0, ,0.0,0.0,0.0,0.0,0,0,0,1,250,0,0,0
TF,CH969,55.767781,11.756622,0, ,0.0,0.0,0.0,0.0,3,13000,0,0,0,0,0,0
TF,CH949,55.839433,12.350494,0, ,0.0,0.0,0.0,0.0,0,0,0,0,0,0,0,0
TF,CH941,55.769950,12.540753,0, ,0.0,0.0,0.0,0.0,0,0,0,0,0,0,0,0
TF,CH932,55.690439,12.756664,0, ,0.0,0.0,0.0,0.0,0,0,0,0,0,0,0,0
TF,HUFOH,55.570264,13.079425,0, ,0.0,0.0,0.0,0.0,3,4000,0,1,220,0,0,0
FM,HUFOH,55.570264,13.079425,0,KOR,0.0,0.0,119.0,0,0,0,0,0,0,0,0

STAR,TIDV2A,04L,5
IF,TIDVU,55.411306,13.557528, ,0.0,0.0,0,0,0,0,0,0,0,0
TF,ESJAH,55.460100,13.275239,0, ,0.0,0.0,0.0,0.0,3,8000,0,1,250,0,0,0
TF,CH743,55.391317,13.014014,0, ,0.0,0.0,0.0,0.0,0,0,0,0,0,0,0,0
TF,CH737,55.297522,12.899131,0, ,0.0,0.0,0.0,0.0,3,6000,0,0,0,0,0,0
TF,CH731,55.353758,12.767194,2, ,0.0,0.0,0.0,0.0,0,0,0,0,0,0,0,0
TF,CH724,55.438153,12.580219,0, ,0.0,0.0,0.0,0.0,0,0,0,0,0,0,0,0
TF,DOPEM,55.375278,12.483611,0, ,0.0,0.0,0.0,0.0,3,4000,0,1,220,0,0,0
FM,DOPEM,55.375278,12.483611,0,KOR,0.0,0.0,217.0,0,0,0,0,0,0,0,0

STAR,TIDV2A,04R,5
IF,TIDVU,55.411306,13.557528, ,0.0,0.0,0,0,0,0,0,0,0,0
TF,ESJAH,55.460100,13.275239,0, ,0.0,0.0,0.0,0.0,3,8000,0,1,250,0,0,0
TF,CH743,55.391317,13.014014,0, ,0.0,0.0,0.0,0.0,0,0,0,0,0,0,0,0
TF,CH737,55.297522,12.899131,0, ,0.0,0.0,0.0,0.0,3,6000,0,0,0,0,0,0
TF,CH731,55.353758,12.767194,2, ,0.0,0.0,0.0,0.0,0,0,0,0,0,0,0,0
TF,CH724,55.438153,12.580219,0, ,0.0,0.0,0.0,0.0,0,0,0,0,0,0,0,0
TF,DOPEM,55.375278,12.483611,0, ,0.0,0.0,0.0,0.0,3,4000,0,1,220,0,0,0
FM,DOPEM,55.375278,12.483611,0,KOR,0.0,0.0,217.0,0,0,0,0,0,0,0,0

STAR,TIDV2B,12,5
IF,TIDVU,55.411306,13.557528, ,0.0,0.0,0,0,0,0,0,0,0,0
TF,WUPJA,55.626153,13.266825,0, ,0.0,0.0,0.0,0.0,0,0,0,1,250,0,0,0
TF,CH545,55.653250,13.048067,0, ,0.0,0.0,0.0,0.0,3,8000,0,0,0,0,0,0
TF,CH535,55.690367,12.756447,0, ,0.0,0.0,0.0,0.0,0,0,0,0,0,0,0,0
TF,CH524,55.792494,12.476144,0, ,0.0,0.0,0.0,0.0,0,0,0,0,0,0,0,0
TF,FEDJO,55.837475,12.351667,0, ,0.0,0.0,0.0,0.0,3,4000,0,1,220,0,0,0
FM,FEDJO,55.837475,12.351667,0,KOR,0.0,0.0,299.0,0,0,0,0,0,0,0,0

STAR,TIDV2C,22L,5
IF,TIDVU,55.411306,13.557528, ,0.0,0.0,0,0,0,0,0,0,0,0
TF,ESJAH,55.460100,13.275239,0, ,0.0,0.0,0.0,0.0,3,8000,0,1,250,0,0,0
TF,CH641,55.438978,12.932203,0, ,0.0,0.0,0.0,0.0,0,0,0,0,0,0,0,0
TF,CH636,55.472958,12.787106,0, ,0.0,0.0,0.0,0.0,0,0,0,0,0,0,0,0
TF,CH630,55.556767,12.835392,0, ,0.0,0.0,0.0,0.0,0,0,0,0,0,0,0,0
TF,CH625,55.627283,12.886044,0, ,0.0,0.0,0.0,0.0,0,0,0,0,0,0,0,0
TF,ADOVI,55.720833,13.032222,0, ,0.0,0.0,0.0,0.0,3,4000,0,1,220,0,0,0
FM,ADOVI,55.720833,13.032222,0,KOR,0.0,0.0,37.0,0,0,0,0,0,0,0,0

STAR,TIDV2C,22R,5
IF,TIDVU,55.411306,13.557528, ,0.0,0.0,0,0,0,0,0,0,0,0
TF,ESJAH,55.460100,13.275239,0, ,0.0,0.0,0.0,0.0,3,8000,0,1,250,0,0,0
TF,CH641,55.438978,12.932203,0, ,0.0,0.0,0.0,0.0,0,0,0,0,0,0,0,0
TF,CH636,55.472958,12.787106,0, ,0.0,0.0,0.0,0.0,0,0,0,0,0,0,0,0
TF,CH630,55.556767,12.835392,0, ,0.0,0.0,0.0,0.0,0,0,0,0,0,0,0,0
TF,CH625,55.627283,12.886044,0, ,0.0,0.0,0.0,0.0,0,0,0,0,0,0,0,0
TF,ADOVI,55.720833,13.032222,0, ,0.0,0.0,0.0,0.0,3,4000,0,1,220,0,0,0
FM,ADOVI,55.720833,13.032222,0,KOR,0.0,0.0,37.0,0,0,0,0,0,0,0,0

STAR,TIDV2D,30,5
IF,TIDVU,55.411306,13.557528, ,0.0,0.0,0,0,0,0,0,0,0,0
TF,WUPJA,55.626153,13.266825,0, ,0.0,0.0,0.0,0.0,3,8000,0,1,250,0,0,0
TF,CH940,55.778289,12.858636,0, ,0.0,0.0,0.0,0.0,0,0,0,0,0,0,0,0
TF,CH932,55.690439,12.756664,1, ,0.0,0.0,0.0,0.0,0,0,0,0,0,0,0,0
TF,HUFOH,55.570264,13.079425,0, ,0.0,0.0,0.0,0.0,3,4000,0,1,220,0,0,0
FM,HUFOH,55.570264,13.079425,0,KOR,0.0,0.0,119.0,0,0,0,0,0,0,0,0

STAR,TUDL3A,04L,5
IF,TUDLO,55.275833,10.647778, ,0.0,0.0,0,0,0,0,0,0,0,0
TF,LUGAS,55.329722,10.963056,0, ,0.0,0.0,0.0,0.0,0,0,0,0,0,0,0,0
TF,KOR,55.439364,11.631531,0, ,0.0,0.0,0.0,0.0,3,12000,0,1,250,0,0,0
TF,CH751,55.530869,11.867889,0, ,0.0,0.0,0.0,0.0,0,0,0,0,0,0,0,0
TF,CH740,55.620517,12.103233,0, ,0.0,0.0,0.0,0.0,0,0,0,0,0,0,0,0
TF,CH734,55.709086,12.237594,0, ,0.0,0.0,0.0,0.0,0,0,0,0,0,0,0,0
TF,CH727,55.600492,12.402092,2, ,0.0,0.0,0.0,0.0,0,0,0,0,0,0,0,0
TF,ERPUK,55.495278,12.240833,0, ,0.0,0.0,0.0,0.0,3,4000,0,1,220,0,0,0
FM,ERPUK,55.495278,12.240833,0,KOR,0.0,0.0,217.0,0,0,0,0,0,0,0,0

STAR,TUDL3A,04R,5
IF,TUDLO,55.275833,10.647778, ,0.0,0.0,0,0,0,0,0,0,0,0
TF,LUGAS,55.329722,10.963056,0, ,0.0,0.0,0.0,0.0,0,0,0,0,0,0,0,0
TF,KOR,55.439364,11.631531,0, ,0.0,0.0,0.0,0.0,3,12000,0,1,250,0,0,0
TF,CH751,55.530869,11.867889,0, ,0.0,0.0,0.0,0.0,0,0,0,0,0,0,0,0
TF,CH740,55.620517,12.103233,0, ,0.0,0.0,0.0,0.0,0,0,0,0,0,0,0,0
TF,CH734,55.709086,12.237594,0, ,0.0,0.0,0.0,0.0,0,0,0,0,0,0,0,0
TF,CH727,55.600492,12.402092,2, ,0.0,0.0,0.0,0.0,0,0,0,0,0,0,0,0
TF,ERPUK,55.495278,12.240833,0, ,0.0,0.0,0.0,0.0,3,4000,0,1,220,0,0,0
FM,ERPUK,55.495278,12.240833,0,KOR,0.0,0.0,217.0,0,0,0,0,0,0,0,0

STAR,TUDL3B,12,5
IF,TUDLO,55.275833,10.647778, ,0.0,0.0,0,0,0,0,0,0,0,0
TF,LUGAS,55.329722,10.963056,0, ,0.0,0.0,0.0,0.0,0,0,0,0,0,0,0,0
TF,KOR,55.439364,11.631531,0, ,0.0,0.0,0.0,0.0,3,12000,0,1,250,0,0,0
TF,CH543,55.481908,11.918667,0, ,0.0,0.0,0.0,0.0,0,0,0,0,0,0,0,0
TF,CH533,55.518003,12.166433,0, ,0.0,0.0,0.0,0.0,0,0,0,0,0,0,0,0
TF,CH525,55.637622,12.301056,0, ,0.0,0.0,0.0,0.0,0,0,0,0,0,0,0,0
TF,AGTIC,55.682428,12.176869,0, ,0.0,0.0,0.0,0.0,3,4000,0,1,220,0,0,0
FM,AGTIC,55.682428,12.176869,0,KOR,0.0,0.0,299.0,0,0,0,0,0,0,0,0

STAR,TUDL3C,22L,5
IF,TUDLO,55.275833,10.647778, ,0.0,0.0,0,0,0,0,0,0,0,0
TF,LUGAS,55.329722,10.963056,0, ,0.0,0.0,0.0,0.0,0,0,0,0,0,0,0,0
TF,KOR,55.439364,11.631531,0, ,0.0,0.0,0.0,0.0,0,0,0,1,250,0,0,0
TF,CH654,55.629319,11.929583,0, ,0.0,0.0,0.0,0.0,3,12000,0,0,0,0,0,0
TF,CH645,55.736036,12.098808,0, ,0.0,0.0,0.0,0.0,0,0,0,0,0,0,0,0
TF,CH638,55.723639,12.301111,0, ,0.0,0.0,0.0,0.0,0,0,0,0,0,0,0,0
TF,CH631,55.710447,12.510572,0, ,0.0,0.0,0.0,0.0,0,0,0,0,0,0,0,0
TF,CH626,55.748181,12.642600,0, ,0.0,0.0,0.0,0.0,0,0,0,0,0,0,0,0
TF,ABEGI,55.841944,12.788889,0, ,0.0,0.0,0.0,0.0,3,4000,0,1,220,0,0,0
FM,ABEGI,55.841944,12.788889,0,KOR,0.0,0.0,37.0,0,0,0,0,0,0,0,0

STAR,TUDL3C,22R,5
IF,TUDLO,55.275833,10.647778, ,0.0,0.0,0,0,0,0,0,0,0,0
TF,LUGAS,55.329722,10.963056,0, ,0.0,0.0,0.0,0.0,0,0,0,0,0,0,0,0
TF,KOR,55.439364,11.631531,0, ,0.0,0.0,0.0,0.0,0,0,0,1,250,0,0,0
TF,CH654,55.629319,11.929583,0, ,0.0,0.0,0.0,0.0,3,12000,0,0,0,0,0,0
TF,CH645,55.736036,12.098808,0, ,0.0,0.0,0.0,0.0,0,0,0,0,0,0,0,0
TF,CH638,55.723639,12.301111,0, ,0.0,0.0,0.0,0.0,0,0,0,0,0,0,0,0
TF,CH631,55.710447,12.510572,0, ,0.0,0.0,0.0,0.0,0,0,0,0,0,0,0,0
TF,CH626,55.748181,12.642600,0, ,0.0,0.0,0.0,0.0,0,0,0,0,0,0,0,0
TF,ABEGI,55.841944,12.788889,0, ,0.0,0.0,0.0,0.0,3,4000,0,1,220,0,0,0
FM,ABEGI,55.841944,12.788889,0,KOR,0.0,0.0,37.0,0,0,0,0,0,0,0,0

STAR,TUDL3D,30,5
IF,TUDLO,55.275833,10.647778, ,0.0,0.0,0,0,0,0,0,0,0,0
TF,LUGAS,55.329722,10.963056,0, ,0.0,0.0,0.0,0.0,0,0,0,0,0,0,0,0
TF,KOR,55.439364,11.631531,0, ,0.0,0.0,0.0,0.0,3,12000,0,1,250,0,0,0
TF,CH947,55.341497,12.092503,0, ,0.0,0.0,0.0,0.0,0,0,0,0,0,0,0,0
TF,CH930,55.368500,12.590967,0, ,0.0,0.0,0.0,0.0,0,0,0,0,0,0,0,0
TF,COPHO,55.416558,12.902131,0, ,0.0,0.0,0.0,0.0,3,4000,0,1,220,0,0,0
FM,COPHO,55.416558,12.902131,0,KOR,0.0,0.0,119.0,0,0,0,0,0,0,0,0

APPTR,D04R,04R,KAS
FD,KAS,55.590519,12.613603,0,KAS,0.0,17.0,202.0,17.0,2,3000,0,0,0,0,0,0
CF,CD04R,55.479131,12.437208,2,KAS,217.0,9.0,37.0,8.0,2,3000,0,0,0,0,0,0

FINAL,D04R,04R,D,4
IF,CD04R,55.479131,12.437208,KAS,217.0,9.0,2,3000,0,0,0,0,0,0
CF,FD04R,55.528669,12.515483,0,KAS,217.0,5.0,37.0,4.0,2,1800,0,0,0,0,2,0
CF,10VOR,55.578156,12.593953,0,KAS,217.0,0.0,37.0,4.0,2,610,0,0,0,0,0,0
CF,RW04R,55.603100,12.633047,0,KAS,36.2,0.0,37.0,2.0,1,69,0,0,0,0,3,0
CA,0,37.0,2,420,0,0,0,0,0,0
VM,0,0,0,37.0,1,3000,0,0,0,0,0,0

APPTR,D22L,22L,KAS
FD,KAS,55.590519,12.613603,0,KAS,0.0,17.0,23.0,17.0,2,3000,0,0,0,0,0,0
CF,CD22L,55.744794,12.860253,2,KAS,37.0,12.5,217.0,4.5,2,3000,0,0,0,0,0,0

FINAL,D22L,22L,D,3
IF,CD22L,55.744794,12.860253,KAS,37.0,12.5,2,3000,0,0,0,0,0,0
CF,FD22L,55.689311,12.771236,0,KAS,37.0,8.0,217.0,4.5,2,1600,0,0,0,0,2,0
CF,MD22L,55.627589,12.672622,0,KAS,37.0,3.0,217.0,5.0,1,127,0,0,0,0,3,0
FD,MD22L,55.627589,12.672622,0,KAS,37.0,1.6,217.0,1.6,2,500,0,0,0,0,0,0
VM,0,0,0,187.0,1,3000,0,0,0,0,0,0

APPTR,I04L,04L,KAS
FD,KAS,55.590519,12.613603,0,KAS,0.0,17.0,203.0,17.0,2,3000,0,0,0,0,0,0
CF,CI04L,55.477619,12.427208,2,CH,217.2,11.2,37.0,7.7,2,3000,0,0,0,0,0,0

FINAL,I04L,04L,I,3
IF,CI04L,55.477619,12.427208,CH,217.2,11.2,2,3000,0,0,0,0,0,0
CF,FI04L,55.531544,12.510017,0,CH,217.2,6.9,37.0,4.3,1,1600,0,0,0,0,2,0
CF,RW04L,55.592200,12.603536,0,CH,217.2,2.1,37.0,4.8,1,62,0,0,0,0,3,0
FA,RW04L,55.592200,12.603536,0,KAS,0.0,0.0,37.0,2,500,0,0,0,0,0,0
VM,0,0,0,347.0,1,3000,0,0,0,0,0,0

APPTR,I04R,04R,KAS
FD,KAS,55.590519,12.613603,0,KAS,0.0,17.0,202.0,17.0,2,3000,0,0,0,0,0,0
CF,BASLO,55.466856,12.410622,2,KAS,218.0,10.2,37.0,9.0,0,0,0,0,0,0,0,0
CF,CI04R,55.487786,12.455439,0,NE,217.2,11.2,37.0,2.0,2,3000,0,0,0,0,0,0

FINAL,I04R,04R,I,3
IF,CI04R,55.487786,12.455439,NE,217.2,11.2,2,3000,0,0,0,0,0,0
CF,FI04R,55.527911,12.517075,0,NE,217.2,8.0,37.0,3.2,1,2000,0,0,0,0,2,0
CF,RW04R,55.603100,12.633047,0,NE,217.2,2.0,37.0,6.0,1,69,0,0,0,0,3,0
CA,0,37.0,2,420,0,0,0,0,0,0
VM,0,0,0,37.0,1,3000,0,0,0,0,0,0

APPTR,I12,12,KAS
FD,KAS,55.590519,12.613603,0,KAS,0.0,17.0,291.0,17.0,2,3000,0,0,0,0,0,0
CF,CI12,55.707133,12.413681,2,KA,299.2,10.7,119.0,7.3,2,3000,0,0,0,0,0,0

FINAL,I12,12,I,3
IF,CI12,55.707133,12.413681,KA,299.2,10.7,2,3000,0,0,0,0,0,0
CF,FI12,55.668150,12.519842,0,KA,299.2,6.4,119.0,4.3,1,1600,0,0,0,0,2,0
CF,RW12,55.624150,12.639117,0,KA,299.2,1.6,119.0,4.8,1,62,0,0,0,0,3,0
CA,0,119.0,2,420,0,0,0,0,0,0
VM,0,0,0,119.0,1,3000,0,0,0,0,0,0

APPTR,I22L,22L,KAS
FD,KAS,55.590519,12.613603,0,KAS,0.0,17.0,23.0,17.0,2,3000,0,0,0,0,0,0
CF,CI22L,55.739400,12.844872,2,OXS,37.2,11.1,217.0,5.0,2,3000,0,0,0,0,0,0

FINAL,I22L,22L,I,3
IF,CI22L,55.739400,12.844872,OXS,37.2,11.1,2,3000,0,0,0,0,0,0
CF,FI22L,55.685700,12.761175,0,OXS,37.2,6.8,217.0,4.3,1,1600,0,0,0,0,2,0
CF,RW22L,55.625411,12.667581,0,OXS,37.2,2.0,217.0,4.8,1,61,0,0,0,0,3,0
FC,RW22L,55.625411,12.667581,0,KAS,0.0,0.0,217.0,1.2,2,500,0,0,0,0,0,1
VM,0,0,0,187.0,1,3000,0,0,0,0,0,0

APPTR,I22R,22R,KAS
FD,KAS,55.590519,12.613603,0,KAS,0.0,17.0,21.0,17.0,2,3000,0,0,0,0,0,0
CF,CI22R,55.726844,12.812597,2,KLK,37.2,11.0,217.0,6.3,2,3000,0,0,0,0,0,0

FINAL,I22R,22R,I,3
IF,CI22R,55.726844,12.812597,KLK,37.2,11.0,2,3000,0,0,0,0,0,0
CF,FI22R,55.673131,12.728956,0,KLK,37.2,6.7,217.0,4.3,1,1600,0,0,0,0,2,0
CF,RW22R,55.612478,12.634892,0,KLK,37.2,1.8,217.0,4.8,1,61,0,0,0,0,3,0
CA,0,217.0,2,420,0,0,0,0,0,0
VM,0,0,0,217.0,1,3000,0,0,0,0,0,0

APPTR,I30,30,KAS
FD,KAS,55.590519,12.613603,0,KAS,0.0,17.0,129.0,17.0,2,3000,0,0,0,0,0,0
CF,CI30,55.530408,12.891322,1,OY,119.2,10.7,299.0,6.8,2,3000,0,0,0,0,0,0

FINAL,I30,30,I,3
IF,CI30,55.530408,12.891322,OY,119.2,10.7,2,3000,0,0,0,0,0,0
CF,FI30,55.569708,12.785897,0,OY,119.2,6.4,299.0,4.3,1,1600,0,0,0,0,2,0
CF,RW30,55.613853,12.666947,0,OY,119.2,1.5,299.0,4.8,1,57,0,0,0,0,3,0
CA,0,299.0,2,420,0,0,0,0,0,0
VM,0,0,0,299.0,1,3000,0,0,0,0,0,0

