APPTR,I08-Y,08,BANLU
IF,BANLU,55.493192,8.245936, ,0.0,0.0,2,2000,0,0,0,0,0,0
CF,CF08Y,55.502478,8.332281,0,OO,256.5,8.5,77.0,3.0,2,2000,0,0,0,0,0,0

APPTR,I08-Y,08,HP1
IF,HP,55.511436,8.412719, ,0.0,0.0,2,2000,0,0,0,0,1,0
CF,D038H,55.470789,8.350542,0,ODN,262.1,78.8,218.0,3.2,2,2000,0,0,0,0,0,1
CF,CF08Y,55.502478,8.332281,2,OO,256.5,8.5,77.0,1.0,2,2000,0,1,180,0,0,0

APPTR,I08-Y,08,HP2
IF,HP,55.511436,8.412719, ,0.0,0.0,2,2000,0,0,0,0,1,0
CF,D048H,55.479731,8.343819,0,ODN,262.5,79.0,228.0,3.0,2,2000,0,0,0,0,0,1
CF,CF08Y,55.502478,8.332281,2,OO,256.5,8.5,77.0,1.0,2,2000,0,0,0,0,0,0

FINAL,I08-Y,08,I,3
IF,CF08Y,55.502478,8.332281,OO,256.5,8.5,2,2000,0,0,0,0,0,0
CF,FF08Y,55.505864,8.363964,0,OO,256.5,7.4,77.0,1.1,1,2000,0,0,0,0,2,0
CF,RW08,55.523844,8.533489,0,OO,256.5,1.5,77.0,5.9,1,127,0,0,0,0,3,0
CF,D077B,55.534194,8.634936,0,ODN,264.5,68.8,77.0,3.5,0,0,0,0,0,0,0,1
DF,HP,55.511436,8.412719,1, ,0.0,0.0,1,2000,0,1,185,0,0,0
HM,HP,55.511436,8.412719,1, ,0.0,0.0,239.0,04.3,2,2000,0,1,210,0,0,0,0

APPTR,I08-Z,08,BANLU
IF,BANLU,55.493192,8.245936, ,0.0,0.0,2,2000,0,0,0,0,0,0
CF,CI08Z,55.502292,8.330553,0,OO,256.5,8.5,77.0,2.9,2,2000,0,0,0,0,0,0

APPTR,I08-Z,08,HP1
IF,HP,55.511436,8.412719, ,0.0,0.0,2,2000,0,0,0,0,1,0
CF,D038G,55.469983,8.349311,0,ODN,262.1,78.8,218.0,3.3,2,2000,0,0,0,0,0,1
CF,CI08Z,55.502292,8.330553,2,OO,256.5,8.5,77.0,1.0,2,2000,0,1,180,0,0,0

APPTR,I08-Z,08,HP2
IF,HP,55.511436,8.412719, ,0.0,0.0,2,2000,0,0,0,0,1,0
CF,D048G,55.478986,8.342208,0,ODN,262.5,79.0,228.0,3.1,2,2000,0,0,0,0,0,1
CF,CI08Z,55.502292,8.330553,2,OO,256.5,8.5,77.0,1.0,2,2000,0,0,0,0,0,0

FINAL,I08-Z,08,I,3
IF,CI08Z,55.502292,8.330553,OO,256.5,8.5,2,2000,0,0,0,0,0,0
CF,FI08Z,55.505989,8.365117,0,OO,256.5,7.3,77.0,1.2,1,2000,0,0,0,0,2,0
CF,RW08,55.523844,8.533489,0,OO,256.5,1.5,77.0,5.8,1,127,0,0,0,0,3,0
CF,D257C,55.533592,8.636311,0,ODN,264.5,68.8,77.0,3.6,0,0,0,0,0,0,0,1
DF,HP,55.511436,8.412719,1, ,0.0,0.0,1,2000,0,1,185,0,0,0
HM,HP,55.511436,8.412719,1, ,0.0,0.0,239.0,04.3,2,2000,0,1,210,0,0,0,0

APPTR,I26-Y,26,EJ1
IF,EJ,55.541253,8.699753, ,0.0,0.0,2,2000,0,0,0,0,1,0
CF,D296H,55.516486,8.778414,0,ODN,263.3,64.0,116.0,3.1,2,2000,0,0,0,0,0,1
CF,CF26Y,55.548978,8.774517,1,ES,76.5,8.6,257.0,1.0,2,2000,0,1,180,0,0,0

APPTR,I26-Y,26,EJ2
IF,EJ,55.541253,8.699753, ,0.0,0.0,2,2000,0,0,0,0,1,0
CF,D286H,55.525806,8.778694,0,ODN,263.8,64.0,106.0,2.9,2,2000,0,0,0,0,0,1
CF,CF26Y,55.548978,8.774517,1,ES,76.5,8.6,257.0,1.0,2,2000,0,0,0,0,0,0

APPTR,I26-Y,26,LATVO
IF,LATVO,55.565000,8.913889, ,0.0,0.0,2,2000,0,0,0,0,1,0
CF,CF26Y,55.548978,8.774517,0,ES,76.5,8.6,257.0,4.9,2,2000,0,0,0,0,0,0

FINAL,I26-Y,26,I,3
IF,CF26Y,55.548978,8.774517,ES,76.5,8.6,2,2000,0,0,0,0,0,0
CF,FF26Y,55.545694,8.742767,0,ES,76.5,7.5,257.0,1.1,1,2000,0,0,0,0,2,0
CF,RW26,55.528100,8.573953,0,ES,76.5,1.6,257.0,5.9,1,148,0,0,0,0,3,0
CF,D257B,55.518186,8.477356,0,ODN,264.0,74.2,257.0,3.3,0,0,0,0,0,0,0,1
DF,EJ,55.541253,8.699753,2, ,0.0,0.0,1,2000,0,1,185,0,0,0
HM,EJ,55.541253,8.699753,2, ,0.0,0.0,102.0,04.3,2,2000,0,1,210,0,0,0,0

APPTR,I26-Z,26,EJ1
IF,EJ,55.541253,8.699753, ,0.0,0.0,2,2000,0,0,0,0,1,0
CF,D296G,55.516536,8.778256,0,ODN,263.3,64.0,116.0,3.1,2,2000,0,0,0,0,0,1
CF,CI26Z,55.549156,8.776250,1,ES,76.5,8.6,257.0,1.0,2,2000,0,1,180,0,0,0

APPTR,I26-Z,26,EJ2
IF,EJ,55.541253,8.699753, ,0.0,0.0,2,2000,0,0,0,0,1,0
CF,D286G,55.525689,8.779292,0,ODN,263.8,63.9,106.0,2.9,2,2000,0,0,0,0,0,1
CF,CI26Z,55.549156,8.776250,1,ES,76.5,8.6,257.0,1.0,2,2000,0,0,0,0,0,0

APPTR,I26-Z,26,LATVO
IF,LATVO,55.565000,8.913889, ,0.0,0.0,2,2000,0,0,0,0,1,0
CF,CI26Z,55.549156,8.776250,0,ES,76.5,8.6,257.0,4.8,2,2000,0,0,0,0,0,0

FINAL,I26-Z,26,I,3
IF,CI26Z,55.549156,8.776250,ES,76.5,8.6,2,2000,0,0,0,0,0,0
CF,FF26Z,55.545575,8.741611,0,ES,76.5,7.4,257.0,1.2,1,2000,0,0,0,0,2,0
CF,RW26,55.528100,8.573953,0,ES,76.5,1.6,257.0,5.8,1,148,0,0,0,0,3,0
CF,D077C,55.518664,8.476017,0,ODN,264.0,74.3,257.0,3.4,0,0,0,0,0,0,0,1
DF,EJ,55.541253,8.699753,2, ,0.0,0.0,1,2000,0,1,185,0,0,0
HM,EJ,55.541253,8.699753,2, ,0.0,0.0,102.0,04.3,2,2000,0,1,210,0,0,0,0

APPTR,Q08-Y,08,BANLU
IF,BANLU,55.493192,8.245936, ,0.0,0.0,2,2000,0,0,0,0,0,0
TF,FQ08Y,55.506519,8.363708,0, ,0.0,0.0,0.0,0.0,2,2000,0,0,0,0,0,0

APPTR,Q08-Y,08,HP1
IF,HP,55.511436,8.412719, ,0.0,0.0,2,2000,0,0,0,0,1,0
CF,D038H,55.470789,8.350542,0,ODN,262.1,78.8,218.0,3.2,2,2000,0,0,0,0,0,1
CF,FQ08Y,55.506519,8.363708,2,ODN,263.7,78.2,77.0,2.0,2,2000,0,1,180,0,0,0

APPTR,Q08-Y,08,HP2
IF,HP,55.511436,8.412719, ,0.0,0.0,2,2000,0,0,0,0,1,0
CF,D048H,55.479731,8.343819,0,ODN,262.5,79.0,228.0,3.0,2,2000,0,0,0,0,0,1
CF,FQ08Y,55.506519,8.363708,2,ODN,263.7,78.2,77.0,2.0,2,2000,0,0,0,0,0,0

FINAL,Q08-Y,08,N,3
IF,FQ08Y,55.506519,8.363708,HP,0.0,0.0,2,2000,0,0,0,0,2,0
CF,30DME,55.518356,8.482106,0,HP,0.0,0.0,77.0,4.1,2,600,0,0,0,0,0,0
CF,MQ08Y,55.521228,8.511011,0,ES,0.0,2.0,77.0,1.0,1,377,0,0,0,0,3,0
CF,D077B,55.534194,8.634936,0,ODN,264.5,68.8,77.0,4.3,0,0,0,0,0,0,0,1
DF,HP,55.511436,8.412719,1, ,0.0,0.0,1,2000,0,1,185,0,0,0
HM,HP,55.511436,8.412719,1, ,0.0,0.0,239.0,04.3,2,2000,0,1,210,0,0,0,0

APPTR,Q08-Z,08,BANLU
IF,BANLU,55.493192,8.245936, ,0.0,0.0,2,2000,0,0,0,0,0,0
TF,FQ08Z,55.506633,8.364831,0, ,0.0,0.0,0.0,0.0,2,2000,0,0,0,0,0,0

APPTR,Q08-Z,08,HP1
IF,HP,55.511436,8.412719, ,0.0,0.0,2,2000,0,0,0,0,1,0
CF,D038G,55.469983,8.349311,0,ODN,262.1,78.8,218.0,3.3,2,2000,0,0,0,0,0,1
CF,FQ08Z,55.506633,8.364831,2,ODN,263.7,78.1,77.0,2.0,2,2000,0,1,180,0,0,0

APPTR,Q08-Z,08,HP2
IF,HP,55.511436,8.412719, ,0.0,0.0,2,2000,0,0,0,0,1,0
CF,D048G,55.478986,8.342208,0,ODN,262.5,79.0,228.0,3.1,2,2000,0,0,0,0,0,1
CF,FQ08Z,55.506633,8.364831,2,ODN,263.7,78.1,77.0,2.0,2,2000,0,0,0,0,0,0

FINAL,Q08-Z,08,N,3
IF,FQ08Z,55.506633,8.364831,HP,0.0,0.0,2,2000,0,0,0,0,2,0
CF,19DME,55.518467,8.483211,0,HP,0.0,0.0,77.0,4.1,2,600,0,0,0,0,0,0
CF,MQ08Z,55.521336,8.512106,0,OO,0.0,0.9,77.0,1.0,1,365,0,0,0,0,3,0
CF,D257C,55.533592,8.636311,0,ODN,264.5,68.8,77.0,4.3,0,0,0,0,0,0,0,1
DF,HP,55.511436,8.412719,1, ,0.0,0.0,1,2000,0,1,185,0,0,0
HM,HP,55.511436,8.412719,1, ,0.0,0.0,239.0,04.3,2,2000,0,1,210,0,0,0,0

APPTR,Q26-Y,26,EJ1
IF,EJ,55.541253,8.699753, ,0.0,0.0,2,2000,0,0,0,0,1,0
CF,D296H,55.516486,8.778414,0,ODN,263.3,64.0,116.0,3.1,2,2000,0,0,0,0,0,1
CF,FF26Y,55.545694,8.742767,1,ODN,264.9,65.1,257.0,2.0,2,2000,0,1,180,0,0,0

APPTR,Q26-Y,26,EJ2
IF,EJ,55.541253,8.699753, ,0.0,0.0,2,2000,0,0,0,0,1,0
CF,D286H,55.525806,8.778694,0,ODN,263.8,64.0,106.0,2.9,2,2000,0,0,0,0,0,1
CF,FF26Y,55.545694,8.742767,1,ODN,264.9,65.1,257.0,2.0,2,2000,0,0,0,0,0,0

APPTR,Q26-Y,26,LATVO
IF,LATVO,55.565000,8.913889, ,0.0,0.0,2,2000,0,0,0,0,1,0
TF,FF26Y,55.545694,8.742767,0, ,0.0,0.0,0.0,0.0,2,2000,0,0,0,0,0,0

FINAL,Q26-Y,26,N,3
IF,FF26Y,55.545694,8.742767,EJ,0.0,0.0,2,2000,0,0,0,0,2,0
CF,31DME,55.533975,8.627206,0,EJ,0.0,0.0,257.0,4.0,2,700,0,0,0,0,0,0
CF,MQ26Y,55.530772,8.595414,0,OO,0.0,2.0,257.0,1.1,1,387,0,0,0,0,3,0
CF,D257B,55.518186,8.477356,0,ODN,264.0,74.2,257.0,4.1,0,0,0,0,0,0,0,1
DF,EJ,55.541253,8.699753,2, ,0.0,0.0,1,2000,0,1,185,0,0,0
HM,EJ,55.541253,8.699753,2, ,0.0,0.0,102.0,04.3,2,2000,0,1,210,0,0,0,0

APPTR,Q26-Z,26,EJ1
IF,EJ,55.541253,8.699753, ,0.0,0.0,2,2000,0,0,0,0,1,0
CF,D296G,55.516536,8.778256,0,ODN,263.3,64.0,116.0,3.1,2,2000,0,0,0,0,0,1
CF,FF26Z,55.545575,8.741611,1,ODN,264.9,65.2,257.0,2.0,2,2000,0,1,180,0,0,0

APPTR,Q26-Z,26,EJ2
IF,EJ,55.541253,8.699753, ,0.0,0.0,2,2000,0,0,0,0,1,0
CF,D286G,55.525689,8.779292,0,ODN,263.8,63.9,106.0,2.9,2,2000,0,0,0,0,0,1
CF,FF26Z,55.545575,8.741611,1,ODN,264.9,65.2,257.0,2.0,2,2000,0,0,0,0,0,0

APPTR,Q26-Z,26,LATVO
IF,LATVO,55.565000,8.913889, ,0.0,0.0,2,2000,0,0,0,0,1,0
TF,FF26Z,55.545575,8.741611,0, ,0.0,0.0,0.0,0.0,2,2000,0,0,0,0,0,0

FINAL,Q26-Z,26,N,3
IF,FF26Z,55.545575,8.741611,EJ,0.0,0.0,2,2000,0,0,0,0,2,0
CF,20DME,55.533867,8.626122,0,EJ,0.0,0.0,257.0,4.0,2,700,0,0,0,0,0,0
CF,MQ26Z,55.530664,8.594347,0,ES,0.0,0.9,257.0,1.1,1,375,0,0,0,0,3,0
CF,D077C,55.518664,8.476017,0,ODN,264.0,74.3,257.0,4.1,0,0,0,0,0,0,0,1
DF,EJ,55.541253,8.699753,2, ,0.0,0.0,1,2000,0,1,185,0,0,0
HM,EJ,55.541253,8.699753,2, ,0.0,0.0,102.0,04.3,2,2000,0,1,210,0,0,0,0

APPTR,R08,08,ADURA
IF,ADURA,55.477578,8.102011, ,0.0,0.0,2,2000,0,0,0,0,1,0
TF,BANLU,55.493192,8.245936,0, ,0.0,0.0,0.0,0.0,2,2000,0,0,0,0,1,0

APPTR,R08,08,DIGOV
IF,DIGOV,55.411444,8.273231, ,0.0,0.0,2,2000,0,1,210,0,1,0
TF,BANLU,55.493192,8.245936,0, ,0.0,0.0,0.0,0.0,2,2000,0,0,0,0,1,0

APPTR,R08,08,OBOSI
IF,OBOSI,55.574931,8.218522, ,0.0,0.0,2,2100,0,1,210,0,1,0
TF,BANLU,55.493192,8.245936,0, ,0.0,0.0,0.0,0.0,2,2000,0,0,0,0,1,0

FINAL,R08,08,R,3
IF,BANLU,55.493192,8.245936, ,0.0,0.0,2,2000,0,0,0,0,0,0
TF,EB081,55.505864,8.363989,0, ,0.0,0.0,77.0,4.1,2,2000,0,0,0,0,2,0
TF,RW08,55.523844,8.533489,0, ,0.0,0.0,77.0,5.9,1,128,0,0,0,0,3,1
TF,EB083,55.534531,8.635364,0, ,0.0,0.0,0.0,0.0,3,2000,0,0,0,0,0,1
DF,BANLU,55.493192,8.245936,1, ,0.0,0.0,0,0,0,1,185,0,0,0
TF,ADURA,55.477578,8.102011,0, ,0.0,0.0,0.0,0.0,1,2000,0,1,210,0,0,1
HM,ADURA,55.477578,8.102011,2, ,0.0,0.0,57.0,04.3,2,2000,0,0,0,0,0,0,0

APPTR,R26,26,ODORO
IF,ODORO,55.572525,9.004781, ,0.0,0.0,2,2300,0,0,0,0,1,0
TF,EB262,55.557803,8.860267,0, ,0.0,0.0,0.0,0.0,2,2000,0,0,0,0,1,0

APPTR,R26,26,TITBA
IF,TITBA,55.639681,8.834089, ,0.0,0.0,2,2100,0,1,210,0,1,0
TF,EB262,55.557803,8.860267,0, ,0.0,0.0,0.0,0.0,2,2000,0,0,0,0,1,0

APPTR,R26,26,UTURO
IF,UTURO,55.485906,8.934089, ,0.0,0.0,2,2200,0,1,210,0,1,0
TF,EB262,55.557803,8.860267,0, ,0.0,0.0,0.0,0.0,2,2000,0,0,0,0,1,0

FINAL,R26,26,R,3
IF,EB262,55.557803,8.860267, ,0.0,0.0,2,2000,0,0,0,0,0,0
TF,EB261,55.545611,8.741897,0, ,0.0,0.0,257.0,4.1,2,2000,0,0,0,0,2,0
TF,RW26,55.528100,8.573953,0, ,0.0,0.0,257.0,5.8,1,147,0,0,0,0,3,1
TF,EB263,55.517833,8.476561,0, ,0.0,0.0,0.0,0.0,3,2000,0,1,185,0,0,1
DF,EB262,55.557803,8.860267,2, ,0.0,0.0,0,0,0,1,210,0,0,0
TF,ODORO,55.572525,9.004781,0, ,0.0,0.0,0.0,0.0,1,2000,0,1,210,0,0,1
HM,ODORO,55.572525,9.004781,1, ,0.0,0.0,287.0,04.3,2,2000,0,1,210,0,0,0,0

