APPTR,I24,24,FEN1
FC,FE,55.520125,10.462558,0,ODN,0.0,0.0,20.0,7.0,2,2000,0,0,0,0,0,1
CF,CF24,55.544928,10.539194,2,OD,57.9,9.0,238.0,4.0,2,2000,0,0,0,0,0,0

APPTR,I24,24,FEN2
FC,FE,55.520125,10.462558,0,ODN,0.0,0.0,40.0,5.8,2,2000,0,0,0,0,0,1
CF,CF24,55.544928,10.539194,2,OD,57.9,9.0,238.0,2.0,2,2000,0,0,0,0,0,0

APPTR,I24,24,FES1
FC,FE,55.520125,10.462558,0,ODN,0.0,0.0,96.0,7.0,2,2000,0,0,0,0,0,1
CF,CF24,55.544928,10.539194,1,OD,57.9,9.0,238.0,4.0,2,2000,0,0,0,0,0,0

APPTR,I24,24,FES2
FC,FE,55.520125,10.462558,0,ODN,0.0,0.0,76.0,5.8,2,2000,0,0,0,0,0,1
CF,CF24,55.544928,10.539194,1,OD,57.9,9.0,238.0,2.0,2,2000,0,0,0,0,0,0

FINAL,I24,24,I,3
IF,CF24,55.544928,10.539194,OD,57.9,9.0,2,2000,0,0,0,0,0,0
CF,FF24,55.531917,10.498444,0,OD,57.8,7.5,238.0,1.6,1,2000,0,0,0,0,2,0
CF,RW24,55.479828,10.340494,0,OD,57.8,1.2,238.0,6.2,1,103,0,0,0,0,3,0
FA,RW24,55.479828,10.340494,0,ODN,0.0,0.0,238.0,2,2000,0,0,0,0,0,0
DF,FE,55.520125,10.462558,2, ,0.0,0.0,1,2000,0,0,0,0,0,0
HM,FE,55.520125,10.462558,1, ,0.0,0.0,238.0,04.3,0,0,0,1,210,0,0,0,0

APPTR,N24,24,FE1
HF,FE,55.520125,10.462558,1, ,0.0,0.0,238.0,04.3,2,2000,0,0,0,0,0,0,0

APPTR,N24,24,FE2
HF,FE,55.520125,10.462558,1, ,0.0,0.0,238.0,04.3,2,2000,0,0,0,0,0,0,0

APPTR,N24,24,FEN1
FC,FE,55.520125,10.462558,0,ODN,0.0,0.0,20.0,7.0,2,2000,0,0,0,0,0,1
CF,CF24,55.544928,10.539194,2,ODN,236.8,4.4,238.0,4.0,2,2000,0,0,0,0,0,0

APPTR,N24,24,FEN2
FC,FE,55.520125,10.462558,0,ODN,0.0,0.0,40.0,5.8,2,2000,0,0,0,0,0,1
CF,CF24,55.544928,10.539194,2,ODN,236.8,4.4,238.0,2.0,2,2000,0,0,0,0,0,0

APPTR,N24,24,FES1
FC,FE,55.520125,10.462558,0,ODN,0.0,0.0,96.0,7.0,2,2000,0,0,0,0,0,1
CF,CF24,55.544928,10.539194,1,ODN,236.8,4.4,238.0,4.0,2,2000,0,0,0,0,0,0

APPTR,N24,24,FES2
FC,FE,55.520125,10.462558,0,ODN,0.0,0.0,76.0,5.8,2,2000,0,0,0,0,0,1
CF,CF24,55.544928,10.539194,1,ODN,236.8,4.4,238.0,2.0,2,2000,0,0,0,0,0,0

FINAL,N24,24,N,3
IF,CF24,55.544928,10.539194,FE,0.0,0.0,2,2000,0,0,0,0,0,0
CF,FE,55.520125,10.462558,0,FE,0.0,0.0,238.0,3.0,2,2000,0,0,0,0,2,0
CF,RW24,55.479828,10.340494,0,FE,0.0,0.0,238.0,4.8,1,103,0,0,0,0,3,0
FA,RW24,55.479828,10.340494,0,ODN,0.0,0.0,238.0,2,2000,0,0,0,0,0,0
DF,FE,55.520125,10.462558,2, ,0.0,0.0,1,2000,0,0,0,0,0,0
HM,FE,55.520125,10.462558,1, ,0.0,0.0,238.0,04.3,0,0,0,1,210,0,0,0,0

APPTR,Q24,24,FEN1
FC,FE,55.520125,10.462558,0,ODN,0.0,0.0,20.0,7.0,2,2000,0,0,0,0,0,1
CF,CF24,55.544928,10.539194,2,ODN,236.8,4.4,238.0,4.0,2,2000,0,0,0,0,0,0

APPTR,Q24,24,FEN2
FC,FE,55.520125,10.462558,0,ODN,0.0,0.0,40.0,5.8,2,2000,0,0,0,0,0,1
CF,CF24,55.544928,10.539194,2,ODN,236.8,4.4,238.0,2.0,2,2000,0,0,0,0,0,0

APPTR,Q24,24,FES1
FC,FE,55.520125,10.462558,0,ODN,0.0,0.0,96.0,7.0,2,2000,0,0,0,0,0,1
CF,CF24,55.544928,10.539194,1,ODN,236.8,4.4,238.0,4.0,2,2000,0,0,0,0,0,0

APPTR,Q24,24,FES2
FC,FE,55.520125,10.462558,0,ODN,0.0,0.0,76.0,5.8,2,2000,0,0,0,0,0,1
CF,CF24,55.544928,10.539194,1,ODN,236.8,4.4,238.0,2.0,2,2000,0,0,0,0,0,0

FINAL,Q24,24,N,4
IF,CF24,55.544928,10.539194,FE,0.0,0.0,2,2000,0,0,0,0,0,0
CF,FQ24,55.532747,10.500600,0,FE,0.0,0.0,238.0,1.5,2,2000,0,0,0,0,2,0
CF,FE,55.520125,10.462558,0,FE,0.0,0.0,238.0,1.4,2,1500,0,0,0,0,0,0
CF,MQ24,55.486967,10.361014,0,OD,0.0,0.0,238.0,4.0,1,353,0,0,0,0,3,0
FA,MQ24,55.486967,10.361014,0,ODN,0.0,0.0,238.0,2,2000,0,0,0,0,0,0
DF,FE,55.520125,10.462558,2, ,0.0,0.0,1,2000,0,0,0,0,0,0
HM,FE,55.520125,10.462558,1, ,0.0,0.0,238.0,04.3,0,0,0,1,210,0,0,0,0

APPTR,R06,06,ABEMO
IF,ABEMO,55.458619,9.987225, ,0.0,0.0,2,2000,0,1,210,0,1,0
TF,OD062,55.386944,10.061425,0, ,0.0,0.0,0.0,0.0,2,2000,0,0,0,0,1,0

APPTR,R06,06,BASBA
IF,BASBA,55.315225,10.135356, ,0.0,0.0,2,2200,0,1,210,0,1,0
TF,OD062,55.386944,10.061425,0, ,0.0,0.0,0.0,0.0,2,2000,0,0,0,0,1,0

APPTR,R06,06,LAVBA
IF,LAVBA,55.344717,9.935611, ,0.0,0.0,2,2300,0,1,210,0,1,0
TF,OD062,55.386944,10.061425,0, ,0.0,0.0,0.0,0.0,2,2000,0,0,0,0,1,0

FINAL,R06,06,R,3
IF,OD062,55.386944,10.061425, ,0.0,0.0,2,2000,0,0,0,0,0,0
TF,OD061,55.420633,10.162269,0, ,0.0,0.0,56.0,4.0,2,2000,0,0,0,0,2,0
TF,RW06,55.470783,10.313178,0, ,0.0,0.0,56.0,6.0,1,97,0,0,0,0,3,1
CF,OD242,55.563144,10.593597,0,ODN,238.1,2.3,56.0,11.1,2,1800,0,0,0,0,0,1
HM,OD242,55.563144,10.593597,1, ,0.0,0.0,236.0,04.3,2,2000,0,1,210,0,0,0,0

APPTR,R24,24,ESIRU
IF,ESIRU,55.645047,10.568011, ,0.0,0.0,2,2000,0,1,210,0,1,0
TF,OD242,55.563144,10.593597,0, ,0.0,0.0,0.0,0.0,2,2000,0,0,0,0,1,0

APPTR,R24,24,RAVSI
IF,RAVSI,55.604689,10.720808, ,0.0,0.0,2,2000,0,1,210,0,1,0
TF,OD242,55.563144,10.593597,0, ,0.0,0.0,0.0,0.0,2,2000,0,0,0,0,1,0

APPTR,R24,24,TUNRU
IF,TUNRU,55.509650,10.705903, ,0.0,0.0,2,2000,0,1,210,0,1,0
TF,OD242,55.563144,10.593597,0, ,0.0,0.0,0.0,0.0,2,2000,0,0,0,0,1,0

FINAL,R24,24,R,3
IF,OD242,55.563144,10.593597, ,0.0,0.0,2,2000,0,0,0,0,0,0
TF,OD241,55.529814,10.492022,0, ,0.0,0.0,236.0,4.0,2,2000,0,0,0,0,2,0
TF,RW24,55.479828,10.340494,0, ,0.0,0.0,236.0,6.0,1,96,0,0,0,0,3,1
CF,OD246,55.443650,10.231414,0,ODN,236.3,16.6,236.0,4.3,0,0,0,0,0,0,0,1
DF,OD242,55.563144,10.593597,2, ,0.0,0.0,1,2000,0,0,0,0,0,1
HM,OD242,55.563144,10.593597,1, ,0.0,0.0,236.0,04.3,2,2000,0,1,210,0,0,0,0

