APPTR,I10L,10L,TISET
IF,TISET,55.277233,8.906842, ,0.0,0.0,2,2000,0,0,0,0,0,0
CF,CF10L,55.254611,9.052506,0,ISPA,283.5,8.6,103.0,5.2,2,2000,0,0,0,0,0,0

APPTR,I10L,10L,VO1
IF,VO,55.224650,9.273711, ,0.0,0.0,2,2000,0,0,0,0,0,0
FD,VO,55.224650,9.273711,0,ISPA,0.0,7.1,316.0,7.1,0,0,0,0,0,0,0,0
CF,CF10L,55.254611,9.052506,1,ISPA,283.5,8.6,103.0,1.0,2,2000,0,0,0,0,0,0

APPTR,I10L,10L,VO2
IF,VO,55.224650,9.273711, ,0.0,0.0,2,2000,0,0,0,0,0,0
FD,VO,55.224650,9.273711,0,ISPA,0.0,8.0,293.0,8.0,0,0,0,0,0,0,0,0
CF,CF10L,55.254611,9.052506,1,ISPA,283.5,8.6,103.0,1.0,2,2000,0,0,0,0,0,0

FINAL,I10L,10L,I,3
IF,CF10L,55.254611,9.052506,ISPA,283.5,8.6,2,2000,0,0,0,0,0,0
CF,FI10L,55.250228,9.080600,0,ISPA,283.5,7.6,103.0,1.0,1,2000,0,0,0,0,2,0
CF,RW10L,55.224600,9.243942,0,ISPA,283.5,1.8,103.0,5.8,1,176,0,0,0,0,3,0
CA,0,103.0,2,2000,0,0,0,0,0,0
DF,VO,55.224650,9.273711,0, ,0.0,0.0,1,2000,0,0,0,0,0,0
HM,VO,55.224650,9.273711,2, ,0.0,0.0,293.0,04.3,0,0,0,0,0,0,0,0,0

APPTR,I10LZ,10L,TISET
IF,TISET,55.277233,8.906842, ,0.0,0.0,2,2000,0,0,0,0,0,0
CF,CF10L,55.254611,9.052506,0,ISPA,283.5,8.6,103.0,5.2,2,2000,0,0,0,0,0,0

FINAL,I10LZ,10L,I,3
IF,CF10L,55.254611,9.052506,ISPA,283.5,8.6,2,2000,0,0,0,0,0,0
CF,FF10L,55.249964,9.082283,0,ISPA,283.5,7.6,103.0,1.1,1,2000,0,0,0,0,2,0
CF,RW10L,55.224600,9.243942,0,ISPA,283.5,1.8,103.0,5.8,1,176,0,0,0,0,3,0
CF,D103H,55.194286,9.438778,0,SKR,103.0,8.0,103.0,6.9,1,2000,0,0,0,0,0,0
HM,D103H,55.194286,9.438778,2, ,0.0,0.0,283.0,04.3,2,2000,0,0,0,0,0,0,0

APPTR,I28R,28R,DINUT
IF,DINUT,55.166389,9.608056, ,0.0,0.0,2,2200,0,0,0,0,0,0
CF,CF28R,55.184983,9.493231,0,SRY,103.4,9.1,283.0,4.1,2,2200,0,0,0,0,0,0

APPTR,I28R,28R,VO1
IF,VO,55.224650,9.273711, ,0.0,0.0,2,2200,0,0,0,0,0,0
CF,D068F,55.258619,9.437664,0,ODN,241.5,45.9,68.0,6.0,0,0,0,0,0,0,0,0
FC,D068F,55.258619,9.437664,0,ODN,0.0,0.0,68.0,2.0,0,0,0,0,0,0,0,1
CF,CF28R,55.184983,9.493231,2,SRY,103.4,9.1,283.0,1.0,2,2200,0,0,0,0,0,0

APPTR,I28R,28R,VO2
IF,VO,55.224650,9.273711, ,0.0,0.0,2,2200,0,0,0,0,0,0
FD,VO,55.224650,9.273711,0,SRY,0.0,7.1,94.0,7.1,0,0,0,0,0,0,0,0
CF,CF28R,55.184983,9.493231,2,SRY,103.4,9.1,283.0,1.0,2,2200,0,0,0,0,0,0

FINAL,I28R,28R,I,3
IF,CF28R,55.184983,9.493231,SRY,103.4,9.1,2,2200,0,0,0,0,0,0
CF,FI28R,55.189461,9.465228,0,SRY,103.4,8.1,283.0,1.0,1,2200,0,0,0,0,2,0
CF,RW28R,55.217408,9.289475,0,SRY,103.4,1.9,283.0,6.3,1,182,0,0,0,0,3,0
CA,0,283.0,2,2200,0,0,0,0,0,0
DF,VO,55.224650,9.273711,0, ,0.0,0.0,1,2200,0,0,0,0,0,0
HM,VO,55.224650,9.273711,1, ,0.0,0.0,68.0,04.3,0,0,0,0,0,0,0,0,0

APPTR,I28RZ,28R,DINUT
IF,DINUT,55.166389,9.608056, ,0.0,0.0,2,2000,0,0,0,0,0,0
CF,CF28R,55.184983,9.493231,0,SRY,103.4,9.1,283.0,4.1,2,2000,0,0,0,0,0,0

FINAL,I28RZ,28R,I,3
IF,CF28R,55.184983,9.493231,SRY,103.4,9.1,2,2000,0,0,0,0,0,0
CF,FF28R,55.191922,9.449825,0,SRY,103.4,7.6,283.0,1.6,1,2000,0,0,0,0,2,0
CF,RW28R,55.217408,9.289475,0,SRY,103.4,1.9,283.0,5.7,1,182,0,0,0,0,3,0
CA,0,283.0,2,2000,0,0,0,0,0,0
VM,0,0,0,283.0,1,2000,0,0,0,0,0,0

APPTR,R10L,10L,GORNO
IF,GORNO,55.360117,8.894614, ,0.0,0.0,0,0,0,0,0,0,1,0
TF,TISET,55.277233,8.906842,0, ,0.0,0.0,0.0,0.0,2,2000,0,0,0,0,1,0

APPTR,R10L,10L,NIREK
IF,NIREK,55.209139,8.823200, ,0.0,0.0,0,0,0,0,0,0,1,0
TF,TISET,55.277233,8.906842,0, ,0.0,0.0,0.0,0.0,2,2000,0,0,0,0,1,0

FINAL,R10L,10L,R,3
IF,TISET,55.277233,8.906842, ,0.0,0.0,2,2000,0,0,0,0,1,0
TF,SP101,55.249858,9.083008,0, ,0.0,0.0,101.0,6.3,2,2000,0,0,0,0,2,0
TF,SP10L,55.224600,9.243942,0, ,0.0,0.0,101.0,5.7,1,176,0,0,0,0,3,1
TF,SP10E,55.194819,9.437442,0, ,0.0,0.0,0.0,0.0,1,2000,0,0,0,0,0,1
HM,SP10E,55.194819,9.437442,2, ,0.0,0.0,281.0,04.3,2,2000,0,0,0,0,0,0,0

APPTR,R28R,28R,BURUX
IF,BURUX,55.083558,9.618933, ,0.0,0.0,0,0,0,0,0,0,1,0
TF,DINUT,55.166389,9.608056,0, ,0.0,0.0,0.0,0.0,2,2000,0,0,0,0,1,0

APPTR,R28R,28R,DINUT
HF,DINUT,55.166389,9.608056,2, ,0.0,0.0,281.0,04.3,2,2000,0,0,0,0,1,0,0

APPTR,R28R,28R,OLUTU
IF,OLUTU,55.234064,9.693131, ,0.0,0.0,0,0,0,0,0,0,1,0
TF,DINUT,55.166389,9.608056,0, ,0.0,0.0,0.0,0.0,2,2000,0,0,0,0,1,0

FINAL,R28R,28R,R,3
IF,DINUT,55.166389,9.608056, ,0.0,0.0,2,2000,0,0,0,0,0,0
TF,SP281,55.192142,9.448503,0, ,0.0,0.0,281.0,5.7,1,2000,0,0,0,0,2,0
TF,SP28R,55.217408,9.289475,0, ,0.0,0.0,281.0,5.7,1,182,0,0,0,0,3,1
TF,SP28W,55.249844,9.083122,0, ,0.0,0.0,0.0,0.0,1,2000,0,0,0,0,0,1
HM,SP28W,55.249844,9.083122,2, ,0.0,0.0,101.0,04.3,2,2000,0,1,220,0,0,0,0

