SID,ARCK1P,06,5
CA,0,57.0,2,1700,0,0,0,0,0,0
DF,LX24F,49.680500,6.357194,0, ,0.0,0.0,0,0,0,0,0,0,0,1
DF,DIK,49.861306,6.129750,1, ,0.0,0.0,0,0,0,0,0,0,0,0
TF,GESLO,50.079167,6.005000,0, ,0.0,0.0,0.0,0.0,0,0,0,0,0,0,0,0
TF,LX866,50.156889,6.049806,0, ,0.0,0.0,0.0,0.0,2,11000,0,0,0,0,0,0
TF,ARCKY,50.299167,6.132222,0, ,0.0,0.0,0.0,0.0,2,18000,0,0,0,0,0,0

SID,ARCK1R,24,5
CA,0,237.0,2,1700,0,0,0,0,0,0
DF,LX06F,49.570917,6.062389,0, ,0.0,0.0,0,0,0,0,0,0,0,1
DF,GESLO,50.079167,6.005000,2, ,0.0,0.0,0,0,0,0,0,0,0,0
TF,LX866,50.156889,6.049806,0, ,0.0,0.0,0.0,0.0,2,11000,0,0,0,0,0,0
TF,ARCKY,50.299167,6.132222,0, ,0.0,0.0,0.0,0.0,2,18000,0,0,0,0,0,0

SID,ASMO1P,06,5
CA,0,57.0,2,1700,0,0,0,0,0,0
DF,LX24F,49.680500,6.357194,0, ,0.0,0.0,0,0,0,0,0,0,0,1
DF,ASMOX,49.902894,6.276175,0, ,0.0,0.0,2,8000,0,0,0,0,0,0

SID,ASMO1R,24,5
CA,0,237.0,2,1700,0,0,0,0,0,0
DF,LX06F,49.570917,6.062389,0, ,0.0,0.0,0,0,0,0,0,0,0,1
DF,ASMOX,49.902894,6.276175,2, ,0.0,0.0,2,8000,0,0,0,0,0,0

SID,ASMO4T,06,2
CF,D058F,49.689403,6.380644,0,LUX,58.0,6.0,58.0,7.0,0,0,0,0,0,0,0,1
CI,1, ,0.0,300.0,0,0,0,0,0,0,0,0
CF,ASMOX,49.902894,6.276175,0,LUX,2.1,15.9,2.0,7.0,2,8000,0,0,0,0,0,0

SID,ASMO4Z,24,2
CF,D238H,49.572783,6.069878,0,LUX,238.0,8.0,238.0,6.0,0,0,0,0,0,0,0,1
CF,DIK,49.861306,6.129750,2,DIK,0.0,0.0,19.0,16.0,0,0,0,0,0,0,0,0
TF,ASMOX,49.902894,6.276175,0, ,0.0,0.0,0.0,0.0,2,8000,0,0,0,0,0,0

SID,DIK5T,06,2
CF,D058F,49.689403,6.380644,0,LUX,58.0,6.0,58.0,7.0,0,0,0,0,0,0,0,1
CF,DIK,49.861306,6.129750,1,DIK,0.0,0.0,300.0,12.0,0,0,0,0,0,0,0,0

SID,DIK5X,24,2
CF,D238H,49.572783,6.069878,0,LUX,238.0,8.0,238.0,6.0,0,0,0,0,0,0,0,1
CF,DIK,49.861306,6.129750,2,DIK,0.0,0.0,19.0,16.0,0,0,0,0,0,0,0,0

SID,EXCO1P,06,5
DF,DER06,49.635397,6.235611,0, ,0.0,0.0,0,0,0,0,0,0,0,1
CA,0,57.0,2,2700,0,0,0,0,0,0
DF,EXCOS,49.572153,6.470500,0, ,0.0,0.0,2,6000,0,0,0,0,0,0

SID,EXCO2R,24,5
CF,LX892,49.595028,6.127028,0,SAV,310.2,70.7,237.0,3.0,0,0,0,0,0,0,0,1
DF,LX893,49.554278,6.331694,1, ,0.0,0.0,0,0,0,0,0,0,0,0
TF,EXCOS,49.572153,6.470500,0, ,0.0,0.0,0.0,0.0,2,6000,0,0,0,0,0,0

SID,EXCO4T,06,2
DF,DER06,49.635397,6.235611,0, ,0.0,0.0,0,0,0,0,0,0,0,1
CA,0,58.0,2,2700,0,0,0,0,0,0
CI,2, ,0.0,158.0,0,0,0,0,0,0,0,0
CF,EXCOS,49.572153,6.470500,0,LUX,112.8,9.6,113.0,4.0,2,6000,0,0,0,0,0,0

SID,EXCO4X,24,2
CF,D238E,49.594506,6.127478,0,LUX,238.0,5.4,238.0,4.0,0,0,0,0,0,0,0,1
CF,EXCOS,49.572153,6.470500,1,LUX,112.8,9.6,76.0,12.0,2,6000,0,0,0,0,0,0

SID,GTQ1P,06,5
DF,DER06,49.635397,6.235611,0, ,0.0,0.0,0,0,0,0,0,0,0,1
CA,0,57.0,2,2700,0,0,0,0,0,0
DF,LX775,49.561556,6.408889,2, ,0.0,0.0,4,9000,4000,0,0,0,0,0
TF,LX898,49.489111,6.459222,0, ,0.0,0.0,0.0,0.0,2,6000,0,0,0,0,0,0
TF,LX772,49.431250,6.499333,0, ,0.0,0.0,0.0,0.0,2,8000,0,0,0,0,0,0
TF,LX773,49.385722,6.530806,0, ,0.0,0.0,0.0,0.0,2,13000,0,0,0,0,0,0
TF,LX771,49.234000,6.635222,0, ,0.0,0.0,0.0,0.0,0,0,0,0,0,0,0,0
TF,GTQ,48.986444,6.716222,0, ,0.0,0.0,0.0,0.0,0,0,0,0,0,0,0,0

SID,GTQ2R,24,5
CF,LX892,49.595028,6.127028,0,SAV,310.2,70.7,237.0,3.0,0,0,0,0,0,0,0,1
DF,LX893,49.554278,6.331694,1, ,0.0,0.0,0,0,0,0,0,0,0,0
TF,SUTAL,49.466667,6.391667,0, ,0.0,0.0,0.0,0.0,2,6000,0,0,0,0,0,0
TF,LX883,49.413361,6.430306,0, ,0.0,0.0,0.0,0.0,2,8000,0,0,0,0,0,0
TF,AKELU,49.366944,6.463889,0, ,0.0,0.0,0.0,0.0,2,13000,0,0,0,0,0,0
TF,GTQ,48.986444,6.716222,0, ,0.0,0.0,0.0,0.0,0,0,0,0,0,0,0,0

SID,GTQ4T,06,2
DF,DER06,49.635397,6.235611,0, ,0.0,0.0,0,0,0,0,0,0,0,1
CA,0,58.0,2,2700,0,0,0,0,0,0
DF,LX890,49.493833,6.379417,2, ,0.0,0.0,0,0,0,0,0,0,0,0
TF,GT27B,49.398881,6.443022,0, ,0.0,0.0,0.0,0.0,2,8000,0,0,0,0,0,0
TF,D334Y,49.368353,6.463417,0, ,0.0,0.0,0.0,0.0,2,13000,0,0,0,0,0,0
TF,GTQ,48.986444,6.716222,0, ,0.0,0.0,0.0,0.0,0,0,0,0,0,0,0,0

SID,GTQ4X,24,2
CF,D238E,49.594506,6.127478,0,LUX,238.0,5.4,238.0,4.0,0,0,0,0,0,0,0,1
CF,GTQ38,49.564614,6.320017,1,LUX,145.7,5.3,76.0,7.0,0,0,0,0,0,0,0,0
CF,GT27B,49.398881,6.443022,0,LUX,150.0,16.4,154.0,11.0,2,8000,0,0,0,0,0,0
TF,D334Y,49.368353,6.463417,0, ,0.0,0.0,0.0,0.0,2,13000,0,0,0,0,0,0
TF,GTQ,48.986444,6.716222,0, ,0.0,0.0,0.0,0.0,0,0,0,0,0,0,0,0

SID,LNO1P,06,5
CA,0,57.0,2,1700,0,0,0,0,0,0
DF,LX24F,49.680500,6.357194,0, ,0.0,0.0,0,0,0,0,0,0,0,1
DF,DIK,49.861306,6.129750,1, ,0.0,0.0,0,0,0,0,0,0,0,0
TF,GESLO,50.079167,6.005000,0, ,0.0,0.0,0.0,0.0,0,0,0,0,0,0,0,0
TF,LX873,50.153194,5.962389,0, ,0.0,0.0,0.0,0.0,2,8000,0,0,0,0,0,0
TF,LNO,50.585833,5.710278,0, ,0.0,0.0,0.0,0.0,0,0,0,0,0,0,0,0

SID,LNO1R,24,5
CA,0,237.0,2,1700,0,0,0,0,0,0
DF,LX06F,49.570917,6.062389,0, ,0.0,0.0,0,0,0,0,0,0,0,1
DF,GESLO,50.079167,6.005000,2, ,0.0,0.0,0,0,0,0,0,0,0,0
TF,LX873,50.153194,5.962389,0, ,0.0,0.0,0.0,0.0,2,8000,0,0,0,0,0,0
TF,LNO,50.585833,5.710278,0, ,0.0,0.0,0.0,0.0,0,0,0,0,0,0,0,0

SID,MMD1P,06,5
CA,0,57.0,2,1700,0,0,0,0,0,0
DF,LX24F,49.680500,6.357194,0, ,0.0,0.0,0,0,0,0,0,0,0,1
DF,LX101,49.729083,6.202972,1, ,0.0,0.0,0,0,0,1,250,0,0,0
TF,LX063,49.606194,5.898028,0, ,0.0,0.0,0.0,0.0,0,0,0,0,0,0,0,0
TF,LX894,49.607306,5.748917,0, ,0.0,0.0,0.0,0.0,2,8000,0,0,0,0,0,0
TF,TILVI,49.608333,5.584167,0, ,0.0,0.0,0.0,0.0,0,0,0,0,0,0,0,0
TF,GEBKI,49.546222,5.451250,0, ,0.0,0.0,0.0,0.0,0,0,0,0,0,0,0,0
TF,MMD,49.391250,5.124417,0, ,0.0,0.0,0.0,0.0,0,0,0,0,0,0,0,0

SID,MMD1R,24,5
CA,0,237.0,2,1700,0,0,0,0,0,0
DF,LX06F,49.570917,6.062389,0, ,0.0,0.0,0,0,0,0,0,0,0,1
DF,LX063,49.606194,5.898028,0, ,0.0,0.0,0,0,0,0,0,0,0,0
TF,LX894,49.607306,5.748917,0, ,0.0,0.0,0.0,0.0,2,8000,0,0,0,0,0,0
TF,TILVI,49.608333,5.584167,0, ,0.0,0.0,0.0,0.0,0,0,0,0,0,0,0,0
TF,GEBKI,49.546222,5.451250,0, ,0.0,0.0,0.0,0.0,0,0,0,0,0,0,0,0
TF,MMD,49.391250,5.124417,0, ,0.0,0.0,0.0,0.0,0,0,0,0,0,0,0,0

SID,MMD2T,06,2
CF,D058F,49.689403,6.380644,0,LUX,58.0,6.0,58.0,7.0,0,0,0,0,0,0,0,1
CF,LUX,49.639528,6.247278,1,LUX,0.0,0.0,198.0,6.0,0,0,0,0,0,0,0,0
TF,D264S,49.617047,5.761450,0, ,0.0,0.0,0.0,0.0,2,8000,0,0,0,0,0,0
TF,TILVI,49.608333,5.584167,0, ,0.0,0.0,0.0,0.0,0,0,0,0,0,0,0,0
TF,MMD,49.391250,5.124417,0, ,0.0,0.0,0.0,0.0,0,0,0,0,0,0,0,0

SID,MMD2X,24,2
CF,D238H,49.572783,6.069878,0,LUX,238.0,8.0,238.0,6.0,0,0,0,0,0,0,0,0
VI,0, ,0.0,294.0,0,0,0,0,0,0,0,0
CF,D264S,49.617047,5.761450,0,LUX,264.1,19.0,264.0,5.0,2,8000,0,0,0,0,0,0
TF,TILVI,49.608333,5.584167,0, ,0.0,0.0,0.0,0.0,0,0,0,0,0,0,0,0
TF,MMD,49.391250,5.124417,0, ,0.0,0.0,0.0,0.0,0,0,0,0,0,0,0,0

SID,RAPO1P,06,5
CA,0,57.0,2,1700,0,0,0,0,0,0
DF,LX24F,49.680500,6.357194,0, ,0.0,0.0,0,0,0,0,0,0,0,1
DF,LX101,49.729083,6.202972,1, ,0.0,0.0,0,0,0,1,250,0,0,0
TF,LX063,49.606194,5.898028,0, ,0.0,0.0,0.0,0.0,0,0,0,0,0,0,0,0
TF,LX894,49.607306,5.748917,0, ,0.0,0.0,0.0,0.0,2,8000,0,0,0,0,0,0
TF,TILVI,49.608333,5.584167,0, ,0.0,0.0,0.0,0.0,0,0,0,0,0,0,0,0
TF,TALUD,49.601111,5.420556,0, ,0.0,0.0,0.0,0.0,0,0,0,0,0,0,0,0
TF,RAPOR,49.591389,5.213056,0, ,0.0,0.0,0.0,0.0,0,0,0,0,0,0,0,0

SID,RAPO1R,24,5
CA,0,237.0,2,1700,0,0,0,0,0,0
DF,LX06F,49.570917,6.062389,0, ,0.0,0.0,0,0,0,0,0,0,0,1
DF,LX063,49.606194,5.898028,0, ,0.0,0.0,0,0,0,0,0,0,0,0
TF,LX894,49.607306,5.748917,0, ,0.0,0.0,0.0,0.0,2,8000,0,0,0,0,0,0
TF,TILVI,49.608333,5.584167,0, ,0.0,0.0,0.0,0.0,0,0,0,0,0,0,0,0
TF,TALUD,49.601111,5.420556,0, ,0.0,0.0,0.0,0.0,0,0,0,0,0,0,0,0
TF,RAPOR,49.591389,5.213056,0, ,0.0,0.0,0.0,0.0,0,0,0,0,0,0,0,0

SID,RAPO8T,06,2
CF,D058F,49.689403,6.380644,0,LUX,58.0,6.0,58.0,7.0,0,0,0,0,0,0,0,1
CF,LUX,49.639528,6.247278,1,LUX,0.0,0.0,198.0,6.0,0,0,0,0,0,0,0,0
TF,D264S,49.617047,5.761450,0, ,0.0,0.0,0.0,0.0,2,8000,0,0,0,0,0,0
TF,TILVI,49.608333,5.584167,0, ,0.0,0.0,0.0,0.0,0,0,0,0,0,0,0,0
TF,RAPOR,49.591389,5.213056,0, ,0.0,0.0,0.0,0.0,0,0,0,0,0,0,0,0

SID,RAPO8X,24,2
CF,D238H,49.572783,6.069878,0,LUX,238.0,8.0,238.0,6.0,0,0,0,0,0,0,0,0
VI,0, ,0.0,294.0,0,0,0,0,0,0,0,0
CF,D264S,49.617047,5.761450,0,LUX,264.1,19.0,264.0,5.0,2,8000,0,0,0,0,0,0
TF,TILVI,49.608333,5.584167,0, ,0.0,0.0,0.0,0.0,0,0,0,0,0,0,0,0
TF,RAPOR,49.591389,5.213056,0, ,0.0,0.0,0.0,0.0,0,0,0,0,0,0,0,0

STAR,AKEL5K,ALL,2
IF,AKELU,49.366944,6.463889, ,0.0,0.0,0,0,0,0,0,0,0,0
TF,GT27B,49.398881,6.443022,0, ,0.0,0.0,0.0,0.0,0,0,0,0,0,0,0,0
TF,GTQ31,49.459878,6.402003,0, ,0.0,0.0,0.0,0.0,0,0,0,0,0,0,0,0
TF,MOSET,49.546389,6.344167,0, ,0.0,0.0,0.0,0.0,0,0,0,0,0,0,0,0
TF,DIK,49.861306,6.129750,0, ,0.0,0.0,0.0,0.0,0,0,0,0,0,0,0,0

STAR,BETE4K,ALL,2
IF,BETEX,49.815833,6.425278, ,0.0,0.0,0,0,0,0,0,0,0,0
TF,DIK,49.861306,6.129750,0, ,0.0,0.0,0.0,0.0,0,0,0,0,0,0,0,0

STAR,BITB2D,ALL,5
IF,BITBU,49.982950,6.561628, ,0.0,0.0,3,9000,0,0,0,0,0,0
TF,DIK,49.861306,6.129750,0, ,0.0,0.0,0.0,0.0,2,7000,0,1,250,0,0,0

STAR,EXCO2K,ALL,2
IF,EXCOS,49.572153,6.470500, ,0.0,0.0,0,0,0,0,0,0,0,0
TF,LUX,49.639528,6.247278,0, ,0.0,0.0,0.0,0.0,0,0,0,0,0,0,0,0
TF,DIK,49.861306,6.129750,0, ,0.0,0.0,0.0,0.0,0,0,0,0,0,0,0,0

STAR,GIVO3S,ALL,5
IF,GIVOR,48.658500,6.391417, ,0.0,0.0,0,0,0,0,0,0,0,0
TF,LX776,49.039000,6.551944,0, ,0.0,0.0,0.0,0.0,2,16000,0,0,0,0,0,0
TF,LX771,49.234000,6.635222,0, ,0.0,0.0,0.0,0.0,2,15000,0,0,0,0,0,0
TF,LX772,49.431250,6.499333,0, ,0.0,0.0,0.0,0.0,4,9000,8000,0,0,0,0,0
TF,EXCOS,49.572153,6.470500,0, ,0.0,0.0,0.0,0.0,4,9000,6000,1,250,0,0,0

STAR,GTQ3S,ALL,5
IF,GTQ,48.986444,6.716222, ,0.0,0.0,0,0,0,0,0,0,0,0
TF,LX770,49.068528,6.689472,0, ,0.0,0.0,0.0,0.0,2,16000,0,0,0,0,0,0
TF,LX771,49.234000,6.635222,0, ,0.0,0.0,0.0,0.0,2,15000,0,0,0,0,0,0
TF,LX772,49.431250,6.499333,0, ,0.0,0.0,0.0,0.0,4,9000,8000,0,0,0,0,0
TF,EXCOS,49.572153,6.470500,0, ,0.0,0.0,0.0,0.0,4,9000,6000,1,250,0,0,0

STAR,LNO3D,ALL,5
IF,LNO,50.585833,5.710278, ,0.0,0.0,0,0,0,0,0,0,0,0
TF,LX873,50.153194,5.962389,0, ,0.0,0.0,0.0,0.0,2,7000,0,0,0,0,0,0
TF,DIK,49.861306,6.129750,0, ,0.0,0.0,0.0,0.0,2,4000,0,1,250,0,0,0

STAR,LNO7K,ALL,2
IF,LNO,50.585833,5.710278, ,0.0,0.0,0,0,0,0,0,0,0,0
TF,LX873,50.153194,5.962389,0, ,0.0,0.0,0.0,0.0,0,0,0,0,0,0,0,0
TF,DIK,49.861306,6.129750,0, ,0.0,0.0,0.0,0.0,0,0,0,0,0,0,0,0

STAR,MMD2V,ALL,5
IF,MMD,49.391250,5.124417, ,0.0,0.0,0,0,0,0,0,0,0,0
TF,VAVOT,49.486944,5.566667,0, ,0.0,0.0,0.0,0.0,2,8000,0,1,250,0,0,0

STAR,MMD2W,ALL,5
IF,MMD,49.391250,5.124417, ,0.0,0.0,0,0,0,0,0,0,0,0
TF,IRTON,49.550000,5.550000,0, ,0.0,0.0,0.0,0.0,2,8000,0,1,250,0,0,0

STAR,MMD6K,ALL,2
IF,MMD,49.391250,5.124417, ,0.0,0.0,0,0,0,0,0,0,0,0
TF,D249T,49.527861,5.759269,0, ,0.0,0.0,0.0,0.0,0,0,0,0,0,0,0,0
TF,PETAN,49.552778,5.877222,0, ,0.0,0.0,0.0,0.0,0,0,0,0,0,0,0,0
TF,DIK,49.861306,6.129750,0, ,0.0,0.0,0.0,0.0,0,0,0,0,0,0,0,0

STAR,REMB3D,ALL,5
IF,REMBA,50.662222,4.914028, ,0.0,0.0,0,0,0,0,0,0,0,0
TF,RITAX,50.077778,5.806944,0, ,0.0,0.0,0.0,0.0,2,10000,0,0,0,0,0,0
TF,LX889,50.041389,5.861528,0, ,0.0,0.0,0.0,0.0,2,10000,0,0,0,0,0,0
TF,DIK,49.861306,6.129750,0, ,0.0,0.0,0.0,0.0,2,4000,0,1,250,0,0,0

STAR,REMB5K,ALL,2
IF,REMBA,50.662222,4.914028, ,0.0,0.0,0,0,0,0,0,0,0,0
TF,RITAX,50.077778,5.806944,0, ,0.0,0.0,0.0,0.0,0,0,0,0,0,0,0,0
TF,LX889,50.041389,5.861528,0, ,0.0,0.0,0.0,0.0,0,0,0,0,0,0,0,0
TF,DIK,49.861306,6.129750,0, ,0.0,0.0,0.0,0.0,0,0,0,0,0,0,0,0

APPTR,D06,06,AKE3D
IF,AKELU,49.366944,6.463889, ,0.0,0.0,0,0,0,1,250,0,0,0
TF,LX871,49.409361,6.416972,0, ,0.0,0.0,0.0,0.0,2,8000,0,0,0,0,0,0
TF,BREDI,49.522222,6.291667,0, ,0.0,0.0,0.0,0.0,2,6000,0,0,0,0,0,0
TF,LX062,49.463278,6.031528,0, ,0.0,0.0,0.0,0.0,2,4700,0,1,220,0,0,0
TF,LX06I,49.535667,5.967917,0, ,0.0,0.0,0.0,0.0,2,3000,0,0,0,0,1,0
TF,LX06F,49.570917,6.062389,0, ,0.0,0.0,0.0,0.0,1,3000,0,0,0,0,0,0

APPTR,D06,06,BRE2D
IF,BREDI,49.522222,6.291667, ,0.0,0.0,2,6000,0,1,250,0,0,0
TF,LX062,49.463278,6.031528,0, ,0.0,0.0,0.0,0.0,2,4700,0,1,220,0,0,0
TF,LX06I,49.535667,5.967917,0, ,0.0,0.0,0.0,0.0,2,3000,0,0,0,0,1,0
TF,LX06F,49.570917,6.062389,0, ,0.0,0.0,0.0,0.0,1,3000,0,0,0,0,0,0

APPTR,D06,06,DIK
FD,DIK,49.861306,6.129750,0,DIK,0.0,3.9,205.0,3.9,2,4000,0,0,0,0,1,0
CF,D205S,49.585833,5.918333,0,DIK,204.5,18.5,205.0,14.6,0,0,0,1,210,0,0,1
CF,LX06F,49.570917,6.062389,1,LUX,238.3,8.3,58.0,4.0,1,3000,0,0,0,0,0,0

APPTR,D06,06,DIK3D
IF,DIK,49.861306,6.129750, ,0.0,0.0,0,0,0,1,250,0,0,0
TF,LX861,49.803528,6.077000,0, ,0.0,0.0,0.0,0.0,2,4000,0,0,0,0,0,0
TF,LX063,49.606194,5.898028,0, ,0.0,0.0,0.0,0.0,0,0,0,1,220,0,0,0
TF,LX06I,49.535667,5.967917,0, ,0.0,0.0,0.0,0.0,2,3000,0,0,0,0,1,0
TF,LX06F,49.570917,6.062389,0, ,0.0,0.0,0.0,0.0,1,3000,0,0,0,0,0,0

APPTR,D06,06,EFFP1
IF,EFFAP,49.758306,5.702778, ,0.0,0.0,0,0,0,1,250,0,0,0
TF,LX777,49.666361,5.821000,0, ,0.0,0.0,0.0,0.0,2,7000,0,0,0,0,0,0
TF,LX063,49.606194,5.898028,0, ,0.0,0.0,0.0,0.0,2,3000,0,1,220,0,0,0
TF,LX06I,49.535667,5.967917,0, ,0.0,0.0,0.0,0.0,2,3000,0,0,0,0,1,0
TF,LX06F,49.570917,6.062389,0, ,0.0,0.0,0.0,0.0,1,3000,0,0,0,0,0,0

APPTR,D06,06,EXC3D
IF,EXCOS,49.572153,6.470500, ,0.0,0.0,0,0,0,1,250,0,0,0
TF,LX062,49.463278,6.031528,0, ,0.0,0.0,0.0,0.0,2,4700,0,1,220,0,0,0
TF,LX06I,49.535667,5.967917,0, ,0.0,0.0,0.0,0.0,2,3000,0,0,0,0,1,0
TF,LX06F,49.570917,6.062389,0, ,0.0,0.0,0.0,0.0,1,3000,0,0,0,0,0,0

APPTR,D06,06,IRT4D
IF,IRTON,49.550000,5.550000, ,0.0,0.0,0,0,0,1,250,0,0,0
TF,LX066,49.580528,5.738167,0, ,0.0,0.0,0.0,0.0,2,7000,0,0,0,0,0,0
TF,LX06I,49.535667,5.967917,0, ,0.0,0.0,0.0,0.0,2,3000,0,1,220,0,1,0
TF,LX06F,49.570917,6.062389,0, ,0.0,0.0,0.0,0.0,1,3000,0,0,0,0,0,0

APPTR,D06,06,RIT3D
IF,RITAX,50.077778,5.806944, ,0.0,0.0,0,0,0,0,0,0,0,0
TF,LX862,49.975500,5.826861,0, ,0.0,0.0,0.0,0.0,2,10000,0,1,250,0,0,0
TF,LX863,49.796306,5.861528,0, ,0.0,0.0,0.0,0.0,2,4000,0,0,0,0,0,0
TF,LX063,49.606194,5.898028,0, ,0.0,0.0,0.0,0.0,0,0,0,1,220,0,0,0
TF,LX06I,49.535667,5.967917,0, ,0.0,0.0,0.0,0.0,2,3000,0,0,0,0,1,0
TF,LX06F,49.570917,6.062389,0, ,0.0,0.0,0.0,0.0,1,3000,0,0,0,0,0,0

APPTR,D06,06,VAV3D
IF,VAVOT,49.486944,5.566667, ,0.0,0.0,0,0,0,1,250,0,0,0
TF,LX067,49.501806,5.773167,0, ,0.0,0.0,0.0,0.0,2,8000,0,0,0,0,0,0
TF,LX069,49.510833,5.901333,0, ,0.0,0.0,0.0,0.0,0,0,0,0,0,0,0,0
TF,LX06I,49.535667,5.967917,0, ,0.0,0.0,0.0,0.0,2,3000,0,1,220,0,1,0
TF,LX06F,49.570917,6.062389,0, ,0.0,0.0,0.0,0.0,1,3000,0,0,0,0,0,0

FINAL,D06,06,D,2
IF,LX06F,49.570917,6.062389,LUX,238.3,8.3,1,3000,0,1,180,0,2,0
CF,MD06,49.612314,6.173789,0,LUX,238.3,3.3,58.0,5.0,1,1413,0,0,0,0,3,0
CF,D058E,49.680272,6.356172,0,LUX,58.0,4.9,58.0,8.2,1,3000,0,0,0,0,0,1
DF,DIK,49.861306,6.129750,1, ,0.0,0.0,1,4000,0,1,250,0,0,0

APPTR,D24,24,DIK
FD,DIK,49.861306,6.129750,0,DIK,0.0,4.0,119.0,4.0,2,4000,0,0,0,0,1,0
CF,D119M,49.751389,6.414444,0,DIK,118.7,12.9,119.0,8.9,0,0,0,1,210,0,0,1
CF,LX24F,49.680500,6.357194,2,LUX,58.1,4.9,238.0,3.0,1,3000,0,0,0,0,0,0

APPTR,D24,24,DIK3C
IF,DIK,49.861306,6.129750, ,0.0,0.0,0,0,0,1,250,0,0,0
TF,LX864,49.832278,6.232444,0, ,0.0,0.0,0.0,0.0,2,4000,0,0,0,0,0,0
TF,LX242,49.787944,6.388278,0, ,0.0,0.0,0.0,0.0,0,0,0,1,220,0,0,0
TF,LX24I,49.715611,6.451889,0, ,0.0,0.0,0.0,0.0,2,3000,0,0,0,0,1,0
TF,LX24F,49.680500,6.357194,0, ,0.0,0.0,0.0,0.0,1,3000,0,0,0,0,0,0

APPTR,D24,24,EXC3C
IF,EXCOS,49.572153,6.470500, ,0.0,0.0,0,0,0,1,250,0,0,0
TF,LX243,49.643333,6.515556,0, ,0.0,0.0,0.0,0.0,2,4000,0,1,220,0,0,0
TF,LX24I,49.715611,6.451889,0, ,0.0,0.0,0.0,0.0,2,3000,0,0,0,0,1,0
TF,LX24F,49.680500,6.357194,0, ,0.0,0.0,0.0,0.0,1,3000,0,0,0,0,0,0

APPTR,D24,24,IRT4N
IF,IRTON,49.550000,5.550000, ,0.0,0.0,0,0,0,1,250,0,0,0
TF,LX066,49.580528,5.738167,0, ,0.0,0.0,0.0,0.0,2,7000,0,0,0,0,0,0
TF,LX242,49.787944,6.388278,0, ,0.0,0.0,0.0,0.0,0,0,0,1,220,0,0,0
TF,LX24I,49.715611,6.451889,0, ,0.0,0.0,0.0,0.0,2,3000,0,0,0,0,1,0
TF,LX24F,49.680500,6.357194,0, ,0.0,0.0,0.0,0.0,1,3000,0,0,0,0,0,0

APPTR,D24,24,OXC3C
IF,OXCAM,49.831667,6.505000, ,0.0,0.0,2,7000,0,1,220,0,0,0
TF,LX24I,49.715611,6.451889,0, ,0.0,0.0,0.0,0.0,2,3000,0,0,0,0,1,0
TF,LX24F,49.680500,6.357194,0, ,0.0,0.0,0.0,0.0,1,3000,0,0,0,0,0,0

APPTR,D24,24,PETAN
IF,PETAN,49.552778,5.877222, ,0.0,0.0,0,0,0,0,0,0,0,0
CF,LUX,49.639528,6.247278,0,LUX,0.0,0.0,68.0,15.4,2,3000,0,0,0,0,0,0
CF,LX24F,49.680500,6.357194,0,LUX,58.1,4.9,58.0,4.9,1,3000,0,0,0,0,0,0
HF,LX24F,49.680500,6.357194,2, ,0.0,0.0,237.0,04,2,3000,0,1,200,0,0,0,0

APPTR,D24,24,PON3C
IF,PONIG,49.760000,6.569444, ,0.0,0.0,2,6000,0,1,220,0,0,0
TF,LX24I,49.715611,6.451889,0, ,0.0,0.0,0.0,0.0,2,3000,0,0,0,0,1,0
TF,LX24F,49.680500,6.357194,0, ,0.0,0.0,0.0,0.0,1,3000,0,0,0,0,0,0

APPTR,D24,24,VAV3S
IF,VAVOT,49.486944,5.566667, ,0.0,0.0,0,0,0,1,250,0,0,0
TF,LX869,49.476028,5.785500,0, ,0.0,0.0,0.0,0.0,2,8000,0,0,0,0,0,0
TF,LX062,49.463278,6.031528,0, ,0.0,0.0,0.0,0.0,0,0,0,0,0,0,0,0
TF,BREDI,49.522222,6.291667,0, ,0.0,0.0,0.0,0.0,2,6000,0,0,0,0,0,0
TF,LX243,49.643333,6.515556,0, ,0.0,0.0,0.0,0.0,2,4000,0,1,220,0,0,0
TF,LX24I,49.715611,6.451889,0, ,0.0,0.0,0.0,0.0,2,3000,0,0,0,0,1,0
TF,LX24F,49.680500,6.357194,0, ,0.0,0.0,0.0,0.0,1,3000,0,0,0,0,0,0

FINAL,D24,24,D,2
IF,LX24F,49.680500,6.357194,LUX,58.1,4.9,1,3000,0,1,180,0,2,0
CF,LUX,49.639528,6.247278,0,LUX,0.0,0.0,238.0,4.9,1,1428,0,0,0,0,3,0
CF,D238I,49.566931,6.054378,0,LUX,238.0,8.7,238.0,8.7,1,3000,0,0,0,0,0,1
DF,DIK,49.861306,6.129750,2, ,0.0,0.0,1,4000,0,1,250,0,0,0

APPTR,I06-Y,06,AKE3D
IF,AKELU,49.366944,6.463889, ,0.0,0.0,0,0,0,1,250,0,0,0
TF,LX871,49.409361,6.416972,0, ,0.0,0.0,0.0,0.0,2,8000,0,0,0,0,0,0
TF,BREDI,49.522222,6.291667,0, ,0.0,0.0,0.0,0.0,2,6000,0,0,0,0,0,0
TF,LX062,49.463278,6.031528,0, ,0.0,0.0,0.0,0.0,2,4700,0,1,220,0,0,0
TF,LX06I,49.535667,5.967917,0,ILE,0.0,0.0,0.0,0.0,2,3000,0,0,0,0,1,0

APPTR,I06-Y,06,BRE2D
IF,BREDI,49.522222,6.291667, ,0.0,0.0,2,6000,0,1,250,0,0,0
TF,LX062,49.463278,6.031528,0, ,0.0,0.0,0.0,0.0,2,4700,0,1,220,0,0,0
TF,LX06I,49.535667,5.967917,0,ILE,0.0,0.0,0.0,0.0,2,3000,0,0,0,0,1,0

APPTR,I06-Y,06,DIK
FD,DIK,49.861306,6.129750,0,DIK,0.0,3.9,205.0,3.9,2,4000,0,0,0,0,1,0
CF,D205S,49.585833,5.918333,0,DIK,204.5,18.5,205.0,14.6,0,0,0,1,210,0,0,1
VI,1,ILE,0.0,87.0,2,3000,0,0,0,0,0,0

APPTR,I06-Y,06,DIK3D
IF,DIK,49.861306,6.129750, ,0.0,0.0,0,0,0,1,250,0,0,0
TF,LX861,49.803528,6.077000,0, ,0.0,0.0,0.0,0.0,2,4000,0,0,0,0,0,0
TF,LX063,49.606194,5.898028,0, ,0.0,0.0,0.0,0.0,0,0,0,1,220,0,0,0
TF,LX06I,49.535667,5.967917,0,ILE,0.0,0.0,0.0,0.0,2,3000,0,0,0,0,1,0

APPTR,I06-Y,06,EFF1D
IF,EFFAP,49.758306,5.702778, ,0.0,0.0,0,0,0,1,250,0,0,0
TF,LX777,49.666361,5.821000,0, ,0.0,0.0,0.0,0.0,2,7000,0,0,0,0,0,0
TF,LX063,49.606194,5.898028,0, ,0.0,0.0,0.0,0.0,2,3000,0,1,220,0,0,0
TF,LX06I,49.535667,5.967917,0, ,0.0,0.0,0.0,0.0,2,3000,0,0,0,0,1,0

APPTR,I06-Y,06,EXC3D
IF,EXCOS,49.572153,6.470500, ,0.0,0.0,0,0,0,1,250,0,0,0
TF,LX062,49.463278,6.031528,0, ,0.0,0.0,0.0,0.0,2,4700,0,1,220,0,0,0
TF,LX06I,49.535667,5.967917,0,ILE,0.0,0.0,0.0,0.0,2,3000,0,0,0,0,1,0

APPTR,I06-Y,06,IRT4D
IF,IRTON,49.550000,5.550000, ,0.0,0.0,0,0,0,1,250,0,0,0
TF,LX066,49.580528,5.738167,0, ,0.0,0.0,0.0,0.0,2,7000,0,0,0,0,0,0
TF,LX06I,49.535667,5.967917,0,ILE,0.0,0.0,0.0,0.0,2,3000,0,1,220,0,1,0

APPTR,I06-Y,06,RIT3D
IF,RITAX,50.077778,5.806944, ,0.0,0.0,0,0,0,0,0,0,0,0
TF,LX862,49.975500,5.826861,0, ,0.0,0.0,0.0,0.0,2,10000,0,1,250,0,0,0
TF,LX863,49.796306,5.861528,0, ,0.0,0.0,0.0,0.0,2,4000,0,0,0,0,0,0
TF,LX063,49.606194,5.898028,0, ,0.0,0.0,0.0,0.0,0,0,0,1,220,0,0,0
TF,LX06I,49.535667,5.967917,0,ILE,0.0,0.0,0.0,0.0,2,3000,0,0,0,0,1,0

APPTR,I06-Y,06,VAV3D
IF,VAVOT,49.486944,5.566667, ,0.0,0.0,0,0,0,1,250,0,0,0
TF,LX067,49.501806,5.773167,0, ,0.0,0.0,0.0,0.0,2,8000,0,0,0,0,0,0
TF,LX069,49.510833,5.901333,0, ,0.0,0.0,0.0,0.0,0,0,0,0,0,0,0,0
TF,LX06I,49.535667,5.967917,0,ILE,0.0,0.0,0.0,0.0,2,3000,0,1,220,0,1,0

FINAL,I06-Y,06,I,3
IF,LX06I,49.535667,5.967917,ILE,237.3,12.4,2,3000,0,0,0,0,0,0
CF,LX06F,49.570917,6.062389,0,ILE,237.3,8.2,57.0,4.3,1,3000,0,1,180,0,2,0
CF,RW06,49.617522,6.187514,0,ILE,237.3,2.5,57.0,5.6,1,1215,0,0,0,0,3,0
CF,LUX,49.639528,6.247278,0,LUX,0.0,0.0,57.0,2.7,0,0,0,0,0,0,0,0
CF,D058E,49.680272,6.356172,0,LUX,58.0,4.9,58.0,4.9,1,3000,0,0,0,0,0,1
DF,DIK,49.861306,6.129750,1, ,0.0,0.0,1,4000,0,1,250,0,0,0

APPTR,I06-Z,06,AKE3D
IF,AKELU,49.366944,6.463889, ,0.0,0.0,0,0,0,1,250,0,0,0
TF,LX871,49.409361,6.416972,0, ,0.0,0.0,0.0,0.0,2,8000,0,0,0,0,0,0
TF,BREDI,49.522222,6.291667,0, ,0.0,0.0,0.0,0.0,2,6000,0,0,0,0,0,0
TF,LX062,49.463278,6.031528,0, ,0.0,0.0,0.0,0.0,2,4700,0,1,220,0,1,0
TF,LX06I,49.535667,5.967917,0,ILE,0.0,0.0,0.0,0.0,2,3000,0,0,0,0,1,0

APPTR,I06-Z,06,BRE2D
IF,BREDI,49.522222,6.291667, ,0.0,0.0,2,6000,0,1,250,0,0,0
TF,LX062,49.463278,6.031528,0, ,0.0,0.0,0.0,0.0,2,4700,0,1,220,0,1,0
TF,LX06I,49.535667,5.967917,0,ILE,0.0,0.0,0.0,0.0,2,3000,0,0,0,0,1,0

APPTR,I06-Z,06,DIK3D
IF,DIK,49.861306,6.129750, ,0.0,0.0,0,0,0,1,250,0,0,0
TF,LX861,49.803528,6.077000,0, ,0.0,0.0,0.0,0.0,2,4000,0,0,0,0,0,0
TF,LX063,49.606194,5.898028,0, ,0.0,0.0,0.0,0.0,0,0,0,1,220,0,1,0
TF,LX06I,49.535667,5.967917,0,ILE,0.0,0.0,0.0,0.0,2,3000,0,0,0,0,1,0

APPTR,I06-Z,06,EFF1D
IF,EFFAP,49.758306,5.702778, ,0.0,0.0,0,0,0,1,250,0,0,0
TF,LX777,49.666361,5.821000,0, ,0.0,0.0,0.0,0.0,2,7000,0,0,0,0,0,0
TF,LX063,49.606194,5.898028,0, ,0.0,0.0,0.0,0.0,2,3000,0,1,220,0,1,0
TF,LX06I,49.535667,5.967917,0, ,0.0,0.0,0.0,0.0,2,3000,0,0,0,0,1,0

APPTR,I06-Z,06,EXC3D
IF,EXCOS,49.572153,6.470500, ,0.0,0.0,0,0,0,1,250,0,0,0
TF,LX062,49.463278,6.031528,0, ,0.0,0.0,0.0,0.0,2,4700,0,1,220,0,1,0
TF,LX06I,49.535667,5.967917,0,ILE,0.0,0.0,0.0,0.0,2,3000,0,0,0,0,1,0

APPTR,I06-Z,06,IRT4D
IF,IRTON,49.550000,5.550000, ,0.0,0.0,0,0,0,1,250,0,0,0
TF,LX066,49.580528,5.738167,0, ,0.0,0.0,0.0,0.0,2,7000,0,0,0,0,0,0
TF,LX06I,49.535667,5.967917,0,ILE,0.0,0.0,0.0,0.0,2,3000,0,1,220,0,1,0

APPTR,I06-Z,06,RIT3D
IF,RITAX,50.077778,5.806944, ,0.0,0.0,0,0,0,0,0,0,0,0
TF,LX862,49.975500,5.826861,0, ,0.0,0.0,0.0,0.0,2,10000,0,1,250,0,0,0
TF,LX863,49.796306,5.861528,0, ,0.0,0.0,0.0,0.0,2,4000,0,0,0,0,0,0
TF,LX063,49.606194,5.898028,0, ,0.0,0.0,0.0,0.0,0,0,0,1,220,0,1,0
TF,LX06I,49.535667,5.967917,0,ILE,0.0,0.0,0.0,0.0,2,3000,0,0,0,0,1,0

APPTR,I06-Z,06,VAV3D
IF,VAVOT,49.486944,5.566667, ,0.0,0.0,0,0,0,1,250,0,0,0
TF,LX067,49.501806,5.773167,0, ,0.0,0.0,0.0,0.0,2,8000,0,0,0,0,0,0
TF,LX069,49.510833,5.901333,0, ,0.0,0.0,0.0,0.0,0,0,0,0,0,0,0,0
TF,LX06I,49.535667,5.967917,0,ILE,0.0,0.0,0.0,0.0,2,3000,0,1,220,0,1,0

FINAL,I06-Z,06,I,3
IF,LX06I,49.535667,5.967917,ILE,237.3,12.4,2,3000,0,0,0,0,0,0
CF,LX06F,49.570917,6.062389,0,ILE,237.3,8.2,57.0,4.3,1,3000,0,1,180,0,2,0
CF,RW06,49.617522,6.187514,0,ILE,237.3,2.5,57.0,5.6,1,1215,0,0,0,0,3,1
DF,LX24F,49.680500,6.357194,0, ,0.0,0.0,1,3000,0,0,0,0,0,1
DF,LX872,49.822028,6.206389,1, ,0.0,0.0,1,4000,0,0,0,0,0,0
TF,DIK,49.861306,6.129750,0, ,0.0,0.0,0.0,0.0,1,4000,0,1,250,0,0,0

APPTR,I24-Y,24,DIK
FD,DIK,49.861306,6.129750,0,DIK,0.0,4.0,119.0,4.0,2,4000,0,0,0,0,1,0
CF,D119M,49.751389,6.414444,0,DIK,118.7,12.9,119.0,8.9,0,0,0,1,210,0,0,1
VI,2,ILW,0.0,207.0,2,3000,0,0,0,0,0,0

APPTR,I24-Y,24,DIK3C
IF,DIK,49.861306,6.129750, ,0.0,0.0,0,0,0,1,250,0,0,0
TF,LX864,49.832278,6.232444,0, ,0.0,0.0,0.0,0.0,2,4000,0,0,0,0,0,0
TF,LX242,49.787944,6.388278,0, ,0.0,0.0,0.0,0.0,0,0,0,1,220,0,0,0
TF,LX24I,49.715611,6.451889,0,ILW,0.0,0.0,0.0,0.0,2,3000,0,0,0,0,1,0

APPTR,I24-Y,24,EXC3C
IF,EXCOS,49.572153,6.470500, ,0.0,0.0,0,0,0,1,250,0,0,0
TF,LX243,49.643333,6.515556,0, ,0.0,0.0,0.0,0.0,2,4000,0,1,220,0,0,0
TF,LX24I,49.715611,6.451889,0,ILW,0.0,0.0,0.0,0.0,2,3000,0,0,0,0,1,0

APPTR,I24-Y,24,IRT4N
IF,IRTON,49.550000,5.550000, ,0.0,0.0,0,0,0,1,250,0,0,0
TF,LX066,49.580528,5.738167,0, ,0.0,0.0,0.0,0.0,2,7000,0,0,0,0,0,0
TF,LX242,49.787944,6.388278,0, ,0.0,0.0,0.0,0.0,0,0,0,1,220,0,0,0
TF,LX24I,49.715611,6.451889,0,ILW,0.0,0.0,0.0,0.0,2,3000,0,0,0,0,1,0

APPTR,I24-Y,24,OXC3C
IF,OXCAM,49.831667,6.505000, ,0.0,0.0,2,7000,0,1,220,0,0,0
TF,LX24I,49.715611,6.451889,0,ILW,0.0,0.0,0.0,0.0,2,3000,0,0,0,0,1,0

APPTR,I24-Y,24,PETAN
IF,PETAN,49.552778,5.877222, ,0.0,0.0,0,0,0,0,0,0,0,0
CF,LUX,49.639528,6.247278,0,LUX,0.0,0.0,68.0,15.4,2,3000,0,0,0,0,0,0
CF,LX24F,49.680500,6.357194,0,LUX,58.1,4.9,58.0,4.9,2,3000,0,0,0,0,0,0
HF,LX24F,49.680500,6.357194,2, ,0.0,0.0,237.0,04.3,2,3000,0,1,200,0,0,0,0

APPTR,I24-Y,24,PON3C
IF,PONIG,49.760000,6.569444, ,0.0,0.0,2,6000,0,1,220,0,0,0
TF,LX24I,49.715611,6.451889,0,ILW,0.0,0.0,0.0,0.0,2,3000,0,0,0,0,1,0

APPTR,I24-Y,24,VAV3S
IF,VAVOT,49.486944,5.566667, ,0.0,0.0,0,0,0,1,250,0,0,0
TF,LX869,49.476028,5.785500,0, ,0.0,0.0,0.0,0.0,2,8000,0,0,0,0,0,0
TF,LX062,49.463278,6.031528,0, ,0.0,0.0,0.0,0.0,0,0,0,0,0,0,0,0
TF,BREDI,49.522222,6.291667,0, ,0.0,0.0,0.0,0.0,2,6000,0,0,0,0,0,0
TF,LX243,49.643333,6.515556,0, ,0.0,0.0,0.0,0.0,2,4000,0,1,220,0,0,0
TF,LX24I,49.715611,6.451889,0,ILW,0.0,0.0,0.0,0.0,2,3000,0,0,0,0,1,0

FINAL,I24-Y,24,I,3
IF,LX24I,49.715611,6.451889,ILW,57.1,12.0,2,3000,0,0,0,0,0,0
CF,LX24F,49.680500,6.357194,0,ILW,57.2,7.8,237.0,4.3,1,3000,0,1,180,0,2,0
CF,RW24,49.635394,6.235603,0,ILW,57.2,2.3,237.0,5.5,1,1263,0,0,0,0,3,0
CA,0,237.0,2,1640,0,0,0,0,0,0
CF,D238I,49.566931,6.054378,0,LUX,238.0,8.7,238.0,8.0,1,3000,0,0,0,0,0,1
DF,DIK,49.861306,6.129750,2, ,0.0,0.0,1,4000,0,1,250,0,0,0

APPTR,I24-Z,24,DIK3C
IF,DIK,49.861306,6.129750, ,0.0,0.0,0,0,0,1,250,0,0,0
TF,LX864,49.832278,6.232444,0, ,0.0,0.0,0.0,0.0,2,4000,0,0,0,0,0,0
TF,LX242,49.787944,6.388278,0, ,0.0,0.0,0.0,0.0,0,0,0,1,220,0,1,0
TF,LX24I,49.715611,6.451889,0,ILW,0.0,0.0,0.0,0.0,2,3000,0,0,0,0,1,0

APPTR,I24-Z,24,EXC3C
IF,EXCOS,49.572153,6.470500, ,0.0,0.0,0,0,0,1,250,0,0,0
TF,LX243,49.643333,6.515556,0, ,0.0,0.0,0.0,0.0,2,4000,0,1,220,0,1,0
TF,LX24I,49.715611,6.451889,0,ILW,0.0,0.0,0.0,0.0,2,3000,0,0,0,0,1,0

APPTR,I24-Z,24,IRT4N
IF,IRTON,49.550000,5.550000, ,0.0,0.0,0,0,0,1,250,0,0,0
TF,LX066,49.580528,5.738167,0, ,0.0,0.0,0.0,0.0,2,7000,0,0,0,0,0,0
TF,LX242,49.787944,6.388278,0, ,0.0,0.0,0.0,0.0,0,0,0,1,220,0,1,0
TF,LX24I,49.715611,6.451889,0,ILW,0.0,0.0,0.0,0.0,2,3000,0,0,0,0,1,0

APPTR,I24-Z,24,OXC3C
IF,OXCAM,49.831667,6.505000, ,0.0,0.0,2,7000,0,1,220,0,0,0
TF,LX24I,49.715611,6.451889,0,ILW,0.0,0.0,0.0,0.0,2,3000,0,0,0,0,1,0

APPTR,I24-Z,24,PON3C
IF,PONIG,49.760000,6.569444, ,0.0,0.0,2,6000,0,1,220,0,0,0
TF,LX24I,49.715611,6.451889,0,ILW,0.0,0.0,0.0,0.0,2,3000,0,0,0,0,1,0

APPTR,I24-Z,24,VAV3S
IF,VAVOT,49.486944,5.566667, ,0.0,0.0,0,0,0,1,250,0,0,0
TF,LX869,49.476028,5.785500,0, ,0.0,0.0,0.0,0.0,2,8000,0,0,0,0,0,0
TF,LX062,49.463278,6.031528,0, ,0.0,0.0,0.0,0.0,0,0,0,0,0,0,0,0
TF,BREDI,49.522222,6.291667,0, ,0.0,0.0,0.0,0.0,2,6000,0,0,0,0,0,0
TF,LX243,49.643333,6.515556,0, ,0.0,0.0,0.0,0.0,2,4000,0,1,220,0,1,0
TF,LX24I,49.715611,6.451889,0,ILW,0.0,0.0,0.0,0.0,2,3000,0,0,0,0,1,0

FINAL,I24-Z,24,I,3
IF,LX24I,49.715611,6.451889,ILW,57.1,12.0,2,3000,0,0,0,0,0,0
CF,LX24F,49.680500,6.357194,0,ILW,57.2,7.8,237.0,4.3,1,3000,0,1,180,0,2,0
CF,RW24,49.635394,6.235603,0,ILW,57.2,2.3,237.0,5.5,1,1263,0,0,0,0,3,0
CA,0,237.0,2,1640,0,0,0,0,0,0
DF,LX891,49.567806,6.054083,0, ,0.0,0.0,1,3000,0,0,0,0,0,1
DF,LX878,49.804028,6.093000,2, ,0.0,0.0,1,4000,0,0,0,0,0,0
TF,DIK,49.861306,6.129750,0, ,0.0,0.0,0.0,0.0,1,4000,0,1,250,0,0,0

APPTR,R06,06,AKE3D
IF,AKELU,49.366944,6.463889, ,0.0,0.0,0,0,0,1,250,0,0,0
TF,LX871,49.409361,6.416972,0, ,0.0,0.0,0.0,0.0,2,8000,0,0,0,0,0,0
TF,BREDI,49.522222,6.291667,0, ,0.0,0.0,0.0,0.0,2,6000,0,0,0,0,0,0
TF,LX062,49.463278,6.031528,0, ,0.0,0.0,0.0,0.0,2,4700,0,1,220,0,1,0
TF,LX06I,49.535667,5.967917,0, ,0.0,0.0,0.0,0.0,2,3000,0,0,0,0,1,0

APPTR,R06,06,BRE2D
IF,BREDI,49.522222,6.291667, ,0.0,0.0,2,6000,0,1,250,0,0,0
TF,LX062,49.463278,6.031528,0, ,0.0,0.0,0.0,0.0,2,4700,0,1,220,0,1,0
TF,LX06I,49.535667,5.967917,0, ,0.0,0.0,0.0,0.0,2,3000,0,0,0,0,1,0

APPTR,R06,06,DIK3D
IF,DIK,49.861306,6.129750, ,0.0,0.0,0,0,0,1,250,0,0,0
TF,LX861,49.803528,6.077000,0, ,0.0,0.0,0.0,0.0,2,4000,0,0,0,0,0,0
TF,LX063,49.606194,5.898028,0, ,0.0,0.0,0.0,0.0,0,0,0,1,220,0,1,0
TF,LX06I,49.535667,5.967917,0, ,0.0,0.0,0.0,0.0,2,3000,0,0,0,0,1,0

APPTR,R06,06,EFF1D
IF,EFFAP,49.758306,5.702778, ,0.0,0.0,0,0,0,1,250,0,0,0
TF,LX777,49.666361,5.821000,0, ,0.0,0.0,0.0,0.0,2,7000,0,0,0,0,0,0
TF,LX063,49.606194,5.898028,0, ,0.0,0.0,0.0,0.0,2,3000,0,1,220,0,1,0
TF,LX06I,49.535667,5.967917,0, ,0.0,0.0,0.0,0.0,2,3000,0,0,0,0,1,0

APPTR,R06,06,EXC3D
IF,EXCOS,49.572153,6.470500, ,0.0,0.0,0,0,0,1,250,0,0,0
TF,LX062,49.463278,6.031528,0, ,0.0,0.0,0.0,0.0,2,4700,0,1,220,0,1,0
TF,LX06I,49.535667,5.967917,0, ,0.0,0.0,0.0,0.0,2,3000,0,0,0,0,1,0

APPTR,R06,06,IRT4D
IF,IRTON,49.550000,5.550000, ,0.0,0.0,0,0,0,1,250,0,0,0
TF,LX066,49.580528,5.738167,0, ,0.0,0.0,0.0,0.0,2,7000,0,0,0,0,1,0
TF,LX06I,49.535667,5.967917,0, ,0.0,0.0,0.0,0.0,2,3000,0,1,220,0,1,0

APPTR,R06,06,RIT3D
IF,RITAX,50.077778,5.806944, ,0.0,0.0,0,0,0,0,0,0,0,0
TF,LX862,49.975500,5.826861,0, ,0.0,0.0,0.0,0.0,2,10000,0,1,250,0,0,0
TF,LX863,49.796306,5.861528,0, ,0.0,0.0,0.0,0.0,2,4000,0,0,0,0,0,0
TF,LX063,49.606194,5.898028,0, ,0.0,0.0,0.0,0.0,0,0,0,1,220,0,1,0
TF,LX06I,49.535667,5.967917,0, ,0.0,0.0,0.0,0.0,2,3000,0,0,0,0,1,0

APPTR,R06,06,VAV3D
IF,VAVOT,49.486944,5.566667, ,0.0,0.0,0,0,0,1,250,0,0,0
TF,LX067,49.501806,5.773167,0, ,0.0,0.0,0.0,0.0,2,8000,0,0,0,0,0,0
TF,LX069,49.510833,5.901333,0, ,0.0,0.0,0.0,0.0,0,0,0,0,0,0,1,0
TF,LX06I,49.535667,5.967917,0, ,0.0,0.0,0.0,0.0,2,3000,0,1,220,0,1,0

FINAL,R06,06,R,3
IF,LX06I,49.535667,5.967917, ,0.0,0.0,2,3000,0,0,0,0,0,0
TF,LX06F,49.570917,6.062389,0, ,0.0,0.0,57.0,4.3,1,3000,0,1,180,0,2,0
TF,RW06,49.617522,6.187514,0, ,0.0,0.0,57.0,5.6,1,1215,0,0,0,0,3,1
DF,LX24F,49.680500,6.357194,0, ,0.0,0.0,1,3000,0,0,0,0,0,1
DF,LX872,49.822028,6.206389,1, ,0.0,0.0,1,4000,0,0,0,0,0,0
TF,DIK,49.861306,6.129750,0, ,0.0,0.0,0.0,0.0,1,4000,0,1,250,0,0,0

APPTR,R24,24,DIK3C
IF,DIK,49.861306,6.129750, ,0.0,0.0,0,0,0,1,250,0,0,0
TF,LX864,49.832278,6.232444,0, ,0.0,0.0,0.0,0.0,2,4000,0,0,0,0,0,0
TF,LX242,49.787944,6.388278,0, ,0.0,0.0,0.0,0.0,0,0,0,1,220,0,1,0
TF,LX24I,49.715611,6.451889,0, ,0.0,0.0,0.0,0.0,2,3000,0,0,0,0,1,0

APPTR,R24,24,EXC3C
IF,EXCOS,49.572153,6.470500, ,0.0,0.0,0,0,0,1,250,0,0,0
TF,LX243,49.643333,6.515556,0, ,0.0,0.0,0.0,0.0,2,4000,0,1,220,0,1,0
TF,LX24I,49.715611,6.451889,0, ,0.0,0.0,0.0,0.0,2,3000,0,0,0,0,1,0

APPTR,R24,24,IRT4N
IF,IRTON,49.550000,5.550000, ,0.0,0.0,0,0,0,1,250,0,0,0
TF,LX066,49.580528,5.738167,0, ,0.0,0.0,0.0,0.0,2,7000,0,0,0,0,0,0
TF,LX242,49.787944,6.388278,0, ,0.0,0.0,0.0,0.0,0,0,0,1,220,0,1,0
TF,LX24I,49.715611,6.451889,0, ,0.0,0.0,0.0,0.0,2,3000,0,0,0,0,1,0

APPTR,R24,24,OXC3C
IF,OXCAM,49.831667,6.505000, ,0.0,0.0,2,7000,0,1,220,0,1,0
TF,LX24I,49.715611,6.451889,0, ,0.0,0.0,0.0,0.0,2,3000,0,0,0,0,1,0

APPTR,R24,24,PON3C
IF,PONIG,49.760000,6.569444, ,0.0,0.0,2,6000,0,1,220,0,1,0
TF,LX24I,49.715611,6.451889,0, ,0.0,0.0,0.0,0.0,2,3000,0,0,0,0,1,0

APPTR,R24,24,VAV3S
IF,VAVOT,49.486944,5.566667, ,0.0,0.0,0,0,0,1,250,0,0,0
TF,LX869,49.476028,5.785500,0, ,0.0,0.0,0.0,0.0,2,8000,0,0,0,0,0,0
TF,LX062,49.463278,6.031528,0, ,0.0,0.0,0.0,0.0,0,0,0,0,0,0,0,0
TF,BREDI,49.522222,6.291667,0, ,0.0,0.0,0.0,0.0,2,6000,0,0,0,0,0,0
TF,LX243,49.643333,6.515556,0, ,0.0,0.0,0.0,0.0,2,4000,0,1,220,0,1,0
TF,LX24I,49.715611,6.451889,0, ,0.0,0.0,0.0,0.0,2,3000,0,0,0,0,1,0

FINAL,R24,24,R,3
IF,LX24I,49.715611,6.451889, ,0.0,0.0,2,3000,0,0,0,0,0,0
TF,LX24F,49.680500,6.357194,0, ,0.0,0.0,237.0,4.2,1,3000,0,1,180,0,2,0
TF,RW24,49.635394,6.235603,0, ,0.0,0.0,237.0,5.5,1,1263,0,0,0,0,3,1
DF,LX891,49.567806,6.054083,0, ,0.0,0.0,1,3000,0,0,0,0,0,1
DF,LX878,49.804028,6.093000,2, ,0.0,0.0,1,4000,0,0,0,0,0,0
TF,DIK,49.861306,6.129750,0, ,0.0,0.0,0.0,0.0,1,4000,0,1,250,0,0,0

