APPTR,R04,04,EG400
IF,EG400,60.093356,9.890250, ,0.0,0.0,2,5000,0,0,0,0,1,0
TF,EG401,60.039378,10.016703,0, ,0.0,0.0,0.0,0.0,2,5000,0,0,0,0,1,0

APPTR,R04,04,EG402
IF,EG402,59.976183,9.908883, ,0.0,0.0,2,5000,0,0,0,0,1,0
TF,EG401,60.039378,10.016703,0, ,0.0,0.0,0.0,0.0,2,5000,0,0,0,0,1,0

APPTR,R04,04,EG403
IF,EG403,59.985278,10.142736, ,0.0,0.0,2,5000,0,0,0,0,1,0
TF,EG401,60.039378,10.016703,0, ,0.0,0.0,0.0,0.0,2,5000,0,0,0,0,1,0

FINAL,R04,04,R,3
IF,EG401,60.039378,10.016703, ,0.0,0.0,2,5000,0,0,0,0,0,0
TF,EG404,60.096178,10.114092,0, ,0.0,0.0,37.0,4.5,2,4000,0,0,0,0,2,0
TF,RW04,60.208675,10.308347,0, ,0.0,0.0,37.0,8.9,1,684,0,0,0,0,3,1
TF,EG405,60.263411,10.403528,0, ,0.0,0.0,0.0,0.0,3,4000,0,0,0,0,0,0
TF,EG406,60.320408,10.397497,0, ,0.0,0.0,0.0,0.0,3,4000,0,0,0,0,0,0
TF,KAIPO,60.322792,10.078967,0, ,0.0,0.0,0.0,0.0,1,6000,0,0,0,0,0,0
HM,KAIPO,60.322792,10.078967,2, ,0.0,0.0,211.0,04.3,2,6000,0,0,0,0,0,0,0

APPTR,R22,22,EG410
IF,EG410,60.333969,10.749292, ,0.0,0.0,2,5000,0,0,0,0,1,0
TF,EG411,60.388639,10.622933,0, ,0.0,0.0,0.0,0.0,2,5000,0,0,0,0,1,0

APPTR,R22,22,EG412
IF,EG412,60.451239,10.733492, ,0.0,0.0,2,5000,0,0,0,0,1,0
TF,EG411,60.388639,10.622933,0, ,0.0,0.0,0.0,0.0,2,5000,0,0,0,0,1,0

APPTR,R22,22,EG413
IF,EG413,60.443194,10.496142, ,0.0,0.0,2,5000,0,0,0,0,1,0
TF,EG411,60.388639,10.622933,0, ,0.0,0.0,0.0,0.0,2,5000,0,0,0,0,1,0

FINAL,R22,22,R,3
IF,EG411,60.388639,10.622933, ,0.0,0.0,2,5000,0,0,0,0,0,0
TF,EG414,60.332219,10.523794,0, ,0.0,0.0,217.0,4.5,2,4000,0,0,0,0,2,0
TF,RW22,60.220667,10.329161,0, ,0.0,0.0,217.0,8.9,1,702,0,0,0,0,3,1
TF,EG415,60.170325,10.241922,0, ,0.0,0.0,0.0,0.0,3,4000,0,0,0,0,0,1
DF,KAIPO,60.322792,10.078967,2, ,0.0,0.0,1,6000,0,0,0,0,0,0
HM,KAIPO,60.322792,10.078967,2, ,0.0,0.0,211.0,04.3,2,6000,0,0,0,0,0,0,0

