APPTR,L08-B,08,ADUKO
IF,ADUKO,71.091908,26.425203, ,0.0,0.0,0,0,0,0,0,0,1,0
TF,HV402,71.132197,26.262294,0, ,0.0,0.0,0.0,0.0,2,2500,0,0,0,0,1,0
CF,CL203,71.115078,26.221975,0,HV,23.0,8.0,203.0,1.3,2,2500,0,0,0,0,0,0

APPTR,L08-B,08,HLN1
IF,HLN,71.007414,25.995947, ,0.0,0.0,2,4000,0,0,0,0,1,0
FD,HLN,71.007414,25.995947,0,HV,0.0,8.0,32.0,8.0,2,2500,0,0,0,0,0,0
CF,CL203,71.115078,26.221975,1,HV,23.0,8.0,203.0,1.0,2,2500,0,0,0,0,0,0

APPTR,L08-B,08,HV402
IF,HV402,71.132197,26.262294, ,0.0,0.0,2,2500,0,0,0,0,1,0
CF,CL203,71.115078,26.221975,0,HV,23.0,8.0,203.0,1.3,2,2500,0,0,0,0,0,0

APPTR,L08-B,08,LULEB
IF,LULEB,71.172344,26.098717, ,0.0,0.0,0,0,0,0,0,0,1,0
TF,HV402,71.132197,26.262294,0, ,0.0,0.0,0.0,0.0,2,2500,0,0,0,0,1,0
CF,CL203,71.115078,26.221975,0,HV,23.0,8.0,203.0,1.3,2,2500,0,0,0,0,0,0

FINAL,L08-B,08,D,3
IF,CL203,71.115078,26.221975,HV,23.0,8.0,2,2500,0,0,0,0,0,0
CF,FF203,71.078056,26.135322,0,HV,23.0,5.2,203.0,2.8,2,1800,0,0,0,0,2,0
CF,ML203,71.025094,26.012086,0,HV,23.0,1.2,203.0,4.0,1,1230,0,0,0,0,3,0
CA,0,203.0,2,2500,0,0,0,0,0,0
DF,HLN,71.007414,25.995947,2, ,0.0,0.0,0,0,0,0,0,0,0,0
HM,HLN,71.007414,25.995947,1, ,0.0,0.0,200.0,04.3,1,4000,0,0,0,0,0,0,0

APPTR,L26-B,26,ADUKO
IF,ADUKO,71.091908,26.425203, ,0.0,0.0,0,0,0,0,0,0,1,0
TF,HV402,71.132197,26.262294,0, ,0.0,0.0,0.0,0.0,2,2500,0,0,0,0,1,0
CF,CL203,71.115078,26.221975,0,HV,23.0,8.0,203.0,1.3,2,2500,0,0,0,0,0,0

APPTR,L26-B,26,HLN1
IF,HLN,71.007414,25.995947, ,0.0,0.0,2,4000,0,0,0,0,1,0
FD,HLN,71.007414,25.995947,0,HV,0.0,8.0,32.0,8.0,2,2500,0,0,0,0,0,0
CF,CL203,71.115078,26.221975,1,HV,23.0,8.0,203.0,1.0,2,2500,0,0,0,0,0,0

APPTR,L26-B,26,HV402
IF,HV402,71.132197,26.262294, ,0.0,0.0,2,2500,0,0,0,0,1,0
CF,CL203,71.115078,26.221975,0,HV,23.0,8.0,203.0,1.3,2,2500,0,0,0,0,0,0

APPTR,L26-B,26,LULEB
IF,LULEB,71.172344,26.098717, ,0.0,0.0,0,0,0,0,0,0,1,0
TF,HV402,71.132197,26.262294,0, ,0.0,0.0,0.0,0.0,2,2500,0,0,0,0,1,0
CF,CL203,71.115078,26.221975,0,HV,23.0,8.0,203.0,1.3,2,2500,0,0,0,0,0,0

FINAL,L26-B,26,D,3
IF,CL203,71.115078,26.221975,HV,23.0,8.0,2,2500,0,0,0,0,0,0
CF,FF203,71.078056,26.135322,0,HV,23.0,5.2,203.0,2.8,2,1800,0,0,0,0,2,0
CF,ML203,71.025094,26.012086,0,HV,23.0,1.2,203.0,4.0,1,1230,0,0,0,0,3,0
CA,0,203.0,2,2500,0,0,0,0,0,0
DF,HLN,71.007414,25.995947,2, ,0.0,0.0,0,0,0,0,0,0,0,0
HM,HLN,71.007414,25.995947,1, ,0.0,0.0,200.0,04.3,1,4000,0,0,0,0,0,0,0

APPTR,N08-C,08,HLN1
IF,HLN,71.007414,25.995947, ,0.0,0.0,2,4000,0,0,0,0,1,0
FC,HLN,71.007414,25.995947,0,HMF,0.0,0.0,18.0,9.0,2,2500,0,0,0,0,0,1
CF,FN186,71.128403,26.132053,1,HMF,47.9,54.5,186.0,2.0,2,2500,0,0,0,0,0,0

FINAL,N08-C,08,N,2
IF,FN186,71.128403,26.132053,HLN,0.0,0.0,2,2500,0,0,0,0,2,0
CF,HLN,71.007414,25.995947,0,HLN,0.0,0.0,186.0,7.8,1,1540,0,0,0,0,3,1
CA,0,186.0,2,1800,0,0,0,0,0,0
VA,1,26.0,2,2500,0,0,0,0,0,0
DF,HLN,71.007414,25.995947,1, ,0.0,0.0,0,0,0,0,0,0,0,0
HM,HLN,71.007414,25.995947,1, ,0.0,0.0,201.0,04.3,1,4000,0,0,0,0,0,0,0

APPTR,N26-C,26,HLN1
IF,HLN,71.007414,25.995947, ,0.0,0.0,2,4000,0,0,0,0,1,0
FC,HLN,71.007414,25.995947,0,HMF,0.0,0.0,18.0,9.0,2,2500,0,0,0,0,0,1
CF,FN186,71.128403,26.132053,1,HMF,47.9,54.5,186.0,2.0,2,2500,0,0,0,0,0,0

FINAL,N26-C,26,N,2
IF,FN186,71.128403,26.132053,HLN,0.0,0.0,2,2500,0,0,0,0,2,0
CF,HLN,71.007414,25.995947,0,HLN,0.0,0.0,186.0,7.8,1,1540,0,0,0,0,3,1
CA,0,186.0,2,1800,0,0,0,0,0,0
VA,1,26.0,2,2500,0,0,0,0,0,0
DF,HLN,71.007414,25.995947,1, ,0.0,0.0,0,0,0,0,0,0,0,0
HM,HLN,71.007414,25.995947,1, ,0.0,0.0,201.0,04.3,1,4000,0,0,0,0,0,0,0

APPTR,R08-A,08,ADUKO
IF,ADUKO,71.091908,26.425203, ,0.0,0.0,2,2500,0,0,0,0,1,0
TF,HV402,71.132197,26.262294,0, ,0.0,0.0,0.0,0.0,2,2500,0,0,0,0,1,0

APPTR,R08-A,08,LULEB
IF,LULEB,71.172344,26.098717, ,0.0,0.0,2,2500,0,0,0,0,1,0
TF,HV402,71.132197,26.262294,0, ,0.0,0.0,0.0,0.0,2,2500,0,0,0,0,1,0

FINAL,R08-A,08,R,3
IF,HV402,71.132197,26.262294, ,0.0,0.0,2,2500,0,0,0,0,1,0
TF,HV405,71.078183,26.135669,0, ,0.0,0.0,203.0,4.1,2,1800,0,0,0,0,2,0
TF,HV406,71.025239,26.012381,0, ,0.0,0.0,203.0,4.0,1,1230,0,0,0,0,3,1
CA,0,203.0,2,2500,0,0,0,0,0,0
DF,HLN,71.007414,25.995947,2, ,0.0,0.0,0,0,0,0,0,0,0,0
HM,HLN,71.007414,25.995947,1, ,0.0,0.0,202.0,04.3,1,4000,0,0,0,0,0,0,0

APPTR,R08-D,08,BAJIV
IF,BAJIV,71.031778,25.451594, ,0.0,0.0,2,2500,0,0,0,0,1,0
TF,HV407,71.073811,25.609769,0, ,0.0,0.0,0.0,0.0,2,2500,0,0,0,0,1,0

APPTR,R08-D,08,ILZUM
IF,ILZUM,71.130814,25.714806, ,0.0,0.0,2,2500,0,0,0,0,1,0
TF,HV407,71.073811,25.609769,0, ,0.0,0.0,0.0,0.0,2,2500,0,0,0,0,1,0

FINAL,R08-D,08,R,3
IF,HV407,71.073811,25.609769, ,0.0,0.0,2,2500,0,0,0,0,1,0
TF,HV408,71.044131,25.763517,0, ,0.0,0.0,107.0,3.5,2,2000,0,0,0,0,2,0
TF,HV409,71.004292,25.968133,0, ,0.0,0.0,107.0,4.7,1,74,0,0,0,0,3,1
DF,ILZUM,71.130814,25.714806,1, ,0.0,0.0,0,0,0,0,0,0,0,0
HM,ILZUM,71.130814,25.714806,2, ,0.0,0.0,197.0,04.3,1,2500,0,0,0,0,0,0,0

APPTR,R26-A,26,ADUKO
IF,ADUKO,71.091908,26.425203, ,0.0,0.0,2,2500,0,0,0,0,1,0
TF,HV402,71.132197,26.262294,0, ,0.0,0.0,0.0,0.0,2,2500,0,0,0,0,1,0

APPTR,R26-A,26,LULEB
IF,LULEB,71.172344,26.098717, ,0.0,0.0,2,2500,0,0,0,0,1,0
TF,HV402,71.132197,26.262294,0, ,0.0,0.0,0.0,0.0,2,2500,0,0,0,0,1,0

FINAL,R26-A,26,R,3
IF,HV402,71.132197,26.262294, ,0.0,0.0,2,2500,0,0,0,0,1,0
TF,HV405,71.078183,26.135669,0, ,0.0,0.0,203.0,4.1,2,1800,0,0,0,0,2,0
TF,HV406,71.025239,26.012381,0, ,0.0,0.0,203.0,4.0,1,1230,0,0,0,0,3,1
CA,0,203.0,2,2500,0,0,0,0,0,0
DF,HLN,71.007414,25.995947,2, ,0.0,0.0,0,0,0,0,0,0,0,0
HM,HLN,71.007414,25.995947,1, ,0.0,0.0,202.0,04.3,1,4000,0,0,0,0,0,0,0

APPTR,R26-D,26,BAJIV
IF,BAJIV,71.031778,25.451594, ,0.0,0.0,2,2500,0,0,0,0,1,0
TF,HV407,71.073811,25.609769,0, ,0.0,0.0,0.0,0.0,2,2500,0,0,0,0,1,0

APPTR,R26-D,26,ILZUM
IF,ILZUM,71.130814,25.714806, ,0.0,0.0,2,2500,0,0,0,0,1,0
TF,HV407,71.073811,25.609769,0, ,0.0,0.0,0.0,0.0,2,2500,0,0,0,0,1,0

FINAL,R26-D,26,R,3
IF,HV407,71.073811,25.609769, ,0.0,0.0,2,2500,0,0,0,0,1,0
TF,HV408,71.044131,25.763517,0, ,0.0,0.0,107.0,3.5,2,2000,0,0,0,0,2,0
TF,HV409,71.004292,25.968133,0, ,0.0,0.0,107.0,4.7,1,74,0,0,0,0,3,1
DF,ILZUM,71.130814,25.714806,1, ,0.0,0.0,0,0,0,0,0,0,0,0
HM,ILZUM,71.130814,25.714806,2, ,0.0,0.0,197.0,04.3,1,2500,0,0,0,0,0,0,0

