SID,ENOL3C,15,2
CA,0,150.0,2,500,0,0,0,0,0,0
VM,0,0,0,150.0,0,0,0,0,0,0,0,0

SID,ENOL3D,33,2
CA,0,330.0,2,500,0,0,0,0,0,0
VM,0,0,0,330.0,0,0,0,0,0,0,0,0

STAR,GEPL2N,15,5
IF,GEPLO,64.380167,10.416500, ,0.0,0.0,2,20000,0,0,0,0,0,0
TF,OL504,64.302089,10.273597,0, ,0.0,0.0,0.0,0.0,2,7000,0,0,0,0,0,0
TF,OL501,64.092167,9.894603,0, ,0.0,0.0,0.0,0.0,2,4000,0,0,0,0,0,0
TF,SUKES,63.905472,9.563767,0, ,0.0,0.0,0.0,0.0,2,3000,0,0,0,0,0,0

STAR,GEPL2P,33,5
IF,GEPLO,64.380167,10.416500, ,0.0,0.0,2,7000,0,0,0,0,0,0
TF,EMPES,63.750211,9.996778,0, ,0.0,0.0,0.0,0.0,1,5000,0,0,0,0,0,0
TF,DILRU,63.544814,9.978889,0, ,0.0,0.0,0.0,0.0,2,5000,0,0,0,0,0,0

STAR,NELS1N,15,5
IF,NELSU,63.108972,9.630861, ,0.0,0.0,2,7000,0,0,0,0,0,0
TF,RUDUV,63.450056,9.566744,0, ,0.0,0.0,0.0,0.0,2,6000,0,0,0,0,0,0
TF,OL500,63.661806,9.397194,0, ,0.0,0.0,0.0,0.0,2,3200,0,0,0,0,0,0
TF,VAVON,63.803086,9.279858,0, ,0.0,0.0,0.0,0.0,2,3000,0,0,0,0,0,0

STAR,NELS1P,33,5
IF,NELSU,63.108972,9.630861, ,0.0,0.0,2,7000,0,0,0,0,0,0
TF,NAXUT,63.443089,9.668900,0, ,0.0,0.0,0.0,0.0,2,6000,0,0,0,0,0,0

STAR,UTUN1N,15,5
IF,UTUNA,62.832694,10.703722, ,0.0,0.0,2,10000,0,0,0,0,0,0
TF,DILRU,63.544814,9.978889,0, ,0.0,0.0,0.0,0.0,2,7000,0,0,0,0,0,0
TF,OL502,63.854575,9.712686,0, ,0.0,0.0,0.0,0.0,2,3000,0,0,0,0,0,0
TF,SUKES,63.905472,9.563767,0, ,0.0,0.0,0.0,0.0,2,3000,0,0,0,0,0,0

STAR,UTUN2P,33,5
IF,UTUNA,62.832694,10.703722, ,0.0,0.0,2,10000,0,0,0,0,0,0
TF,OL600,63.091519,10.367794,0, ,0.0,0.0,0.0,0.0,2,7000,0,0,0,0,0,0
TF,OL601,63.395681,9.963911,0, ,0.0,0.0,0.0,0.0,2,4000,0,0,0,0,0,0
TF,OL800,63.509025,9.815492,0, ,0.0,0.0,0.0,0.0,2,3800,0,0,0,0,0,0

APPTR,R15-Y,15,SUKES
IF,SUKES,63.905472,9.563767, ,0.0,0.0,2,3000,0,0,0,0,1,0
TF,OL700,63.840522,9.452789,0, ,0.0,0.0,0.0,0.0,2,2000,0,1,220,0,1,0

APPTR,R15-Y,15,VAVON
IF,VAVON,63.803086,9.279858, ,0.0,0.0,2,3000,0,0,0,0,1,0
TF,OL700,63.840522,9.452789,0, ,0.0,0.0,0.0,0.0,2,2000,0,1,220,0,1,0

FINAL,R15-Y,15,R,3
IF,OL700,63.840522,9.452789, ,0.0,0.0,2,2000,0,1,220,0,0,0
TF,OL701,63.779325,9.520464,0, ,0.0,0.0,150.0,4.1,2,1500,0,0,0,0,2,0
TF,RW15,63.712142,9.594381,0, ,0.0,0.0,150.0,4.5,1,70,0,0,0,0,3,1
FA,RW15,63.712142,9.594381,0,RVK,0.0,0.0,150.0,2,500,0,0,0,0,0,0
DF,IKEZE,63.825203,9.425481,2, ,0.0,0.0,0,0,0,1,185,0,0,0
HM,IKEZE,63.825203,9.425481,2, ,0.0,0.0,143.0,04.3,1,3000,0,0,0,0,0,0,0

APPTR,R33-Y,33,DILRU
IF,DILRU,63.544814,9.978889, ,0.0,0.0,2,5000,0,0,0,0,1,0
TF,OL800,63.509025,9.815492,0, ,0.0,0.0,0.0,0.0,2,3800,0,1,210,0,1,0

APPTR,R33-Y,33,NAXUT
IF,NAXUT,63.443089,9.668900, ,0.0,0.0,2,6000,0,1,210,0,1,0
TF,OL800,63.509025,9.815492,0, ,0.0,0.0,0.0,0.0,2,3800,0,1,210,0,1,0

FINAL,R33-Y,33,R,3
IF,OL800,63.509025,9.815492, ,0.0,0.0,2,3800,0,1,210,0,0,0
TF,OL801,63.577842,9.740975,0, ,0.0,0.0,330.0,4.6,2,2700,0,0,0,0,2,0
TF,RW33,63.689958,9.618703,0, ,0.0,0.0,330.0,7.5,1,80,0,0,0,0,3,1
CA,0,330.0,2,4000,0,0,0,0,0,0
DF,APPAQ,63.722789,9.577781,1, ,0.0,0.0,0,0,0,0,0,0,0,0
HM,APPAQ,63.722789,9.577781,2, ,0.0,0.0,330.0,04.3,1,4000,0,0,0,0,0,0,0

