APPTR,L13-B,13,BDO1
IF,BDO,67.266697,14.364856, ,0.0,0.0,0,0,0,0,0,0,0,0
TF,D101J,66.367150,13.814050,0, ,0.0,0.0,0.0,0.0,2,6500,0,0,0,0,0,0
TF,STM,66.290236,13.768831,0, ,0.0,0.0,0.0,0.0,2,5000,0,0,0,0,1,0
FC,STM,66.290236,13.768831,0,VFL,0.0,0.0,219.0,3.0,0,0,0,0,0,0,0,1
CF,STM,66.290236,13.768831,2,RA,255.2,12.9,75.0,5.0,2,5000,0,0,0,0,1,0

APPTR,L13-B,13,BDO2
IF,BDO,67.266697,14.364856, ,0.0,0.0,0,0,0,0,0,0,0,0
TF,D086N,66.324672,13.633994,0, ,0.0,0.0,0.0,0.0,2,6500,0,0,0,0,0,1
CF,STM,66.290236,13.768831,1,RA,255.2,12.9,75.0,2.0,2,5000,0,0,0,0,1,0

APPTR,L13-B,13,BNN
IF,BNN,65.457053,12.214342, ,0.0,0.0,0,0,0,0,0,0,0,0
TF,GILKO,66.277750,13.598994,0, ,0.0,0.0,0.0,0.0,2,5000,0,0,0,0,0,0
CF,STM,66.290236,13.768831,0,RA,255.2,12.9,75.0,4.2,2,5000,0,0,0,0,1,0

APPTR,L13-B,13,LORDO
IF,LORDO,66.164639,13.441689, ,0.0,0.0,0,0,0,0,0,0,0,0
TF,PETOK,66.262589,13.396331,0, ,0.0,0.0,0.0,0.0,2,5000,0,0,0,0,0,0
TF,GILKO,66.277750,13.598994,0, ,0.0,0.0,0.0,0.0,2,5000,0,0,0,0,0,0
CF,STM,66.290236,13.768831,0,RA,255.2,12.9,75.0,4.2,2,5000,0,0,0,0,1,0

APPTR,L13-B,13,MAGAP
IF,MAGAP,66.360528,13.350619, ,0.0,0.0,0,0,0,0,0,0,0,0
TF,PETOK,66.262589,13.396331,0, ,0.0,0.0,0.0,0.0,2,5000,0,0,0,0,0,0
TF,GILKO,66.277750,13.598994,0, ,0.0,0.0,0.0,0.0,2,5000,0,0,0,0,0,0
CF,STM,66.290236,13.768831,0,RA,255.2,12.9,75.0,4.2,2,5000,0,0,0,0,1,0

APPTR,L13-B,13,PETOK
IF,PETOK,66.262589,13.396331, ,0.0,0.0,0,0,0,0,0,0,0,0
TF,GILKO,66.277750,13.598994,0, ,0.0,0.0,0.0,0.0,2,5000,0,0,0,0,0,0
CF,STM,66.290236,13.768831,0,RA,255.2,12.9,75.0,4.2,2,5000,0,0,0,0,1,0

APPTR,L13-B,13,STM
HF,STM,66.290236,13.768831,2, ,0.0,0.0,75.0,04.3,2,5000,0,0,0,0,1,0,0

APPTR,L13-B,13,STO
IF,STO,65.960425,12.469447, ,0.0,0.0,0,0,0,0,0,0,0,0
TF,GILKO,66.277750,13.598994,0, ,0.0,0.0,0.0,0.0,2,5000,0,0,0,0,0,0
CF,STM,66.290236,13.768831,0,RA,255.2,12.9,75.0,4.2,2,5000,0,0,0,0,1,0

APPTR,L13-B,13,SUBIT
IF,SUBIT,66.179739,13.643594, ,0.0,0.0,0,0,0,0,0,0,0,0
TF,GILKO,66.277750,13.598994,0, ,0.0,0.0,0.0,0.0,2,5000,0,0,0,0,0,0
CF,STM,66.290236,13.768831,2,RA,255.2,12.9,75.0,4.2,2,5000,0,0,0,0,1,0

APPTR,L13-B,13,VFL
IF,VFL,65.879364,13.307989, ,0.0,0.0,0,0,0,0,0,0,0,0
TF,D012T,66.197892,13.539906,0, ,0.0,0.0,0.0,0.0,2,6500,0,0,0,0,0,0
TF,GILKO,66.277750,13.598994,0, ,0.0,0.0,0.0,0.0,2,5000,0,0,0,0,0,0
CF,STM,66.290236,13.768831,0,RA,255.2,12.9,75.0,4.2,2,5000,0,0,0,0,1,0

FINAL,L13-B,13,D,4
IF,STM,66.290236,13.768831,RA,255.2,12.9,2,5000,0,0,0,0,1,0
CF,OM32,66.307164,14.025550,0,RA,254.4,6.6,75.0,6.3,2,3000,0,0,0,0,2,0
CF,GR,66.321686,14.213600,0,RA,254.7,2.0,75.0,4.6,2,1430,0,0,0,0,0,0
CF,MM32,66.327436,14.294739,0,RA,138.3,0.0,75.0,2.0,1,1430,0,0,0,0,3,0
CA,0,75.0,2,2000,0,0,0,0,0,0
DF,STM,66.290236,13.768831,1, ,0.0,0.0,1,5000,0,1,130,0,0,0
HM,STM,66.290236,13.768831,2, ,0.0,0.0,75.0,04.3,0,0,0,0,0,0,0,0,0

APPTR,L13-C,13,BDO1
IF,BDO,67.266697,14.364856, ,0.0,0.0,0,0,0,0,0,0,0,0
TF,D101J,66.367150,13.814050,0, ,0.0,0.0,0.0,0.0,2,6500,0,0,0,0,0,0
TF,STM,66.290236,13.768831,0, ,0.0,0.0,0.0,0.0,2,5000,0,0,0,0,1,0
FC,STM,66.290236,13.768831,0,VFL,0.0,0.0,219.0,3.0,0,0,0,0,0,0,0,1
CF,STM,66.290236,13.768831,2,RA,255.2,12.9,75.0,5.0,2,5000,0,0,0,0,1,0

APPTR,L13-C,13,BDO2
IF,BDO,67.266697,14.364856, ,0.0,0.0,0,0,0,0,0,0,0,0
TF,D086N,66.324672,13.633994,0, ,0.0,0.0,0.0,0.0,2,6500,0,0,0,0,0,1
CF,STM,66.290236,13.768831,1,RA,255.2,12.9,75.0,2.0,2,5000,0,0,0,0,1,0

APPTR,L13-C,13,BNN
IF,BNN,65.457053,12.214342, ,0.0,0.0,0,0,0,0,0,0,0,0
TF,GILKO,66.277750,13.598994,0, ,0.0,0.0,0.0,0.0,2,5000,0,0,0,0,0,0
CF,STM,66.290236,13.768831,0,RA,255.2,12.9,75.0,4.2,2,5000,0,0,0,0,1,0

APPTR,L13-C,13,LORDO
IF,LORDO,66.164639,13.441689, ,0.0,0.0,0,0,0,0,0,0,0,0
TF,PETOK,66.262589,13.396331,0, ,0.0,0.0,0.0,0.0,2,5000,0,0,0,0,0,0
TF,GILKO,66.277750,13.598994,0, ,0.0,0.0,0.0,0.0,2,5000,0,0,0,0,0,0
CF,STM,66.290236,13.768831,0,RA,255.2,12.9,75.0,4.2,2,5000,0,0,0,0,1,0

APPTR,L13-C,13,MAGAP
IF,MAGAP,66.360528,13.350619, ,0.0,0.0,0,0,0,0,0,0,0,0
TF,PETOK,66.262589,13.396331,0, ,0.0,0.0,0.0,0.0,2,5000,0,0,0,0,0,0
TF,GILKO,66.277750,13.598994,0, ,0.0,0.0,0.0,0.0,2,5000,0,0,0,0,0,0
CF,STM,66.290236,13.768831,0,RA,255.2,12.9,75.0,4.2,2,5000,0,0,0,0,1,0

APPTR,L13-C,13,PETOK
IF,PETOK,66.262589,13.396331, ,0.0,0.0,0,0,0,0,0,0,0,0
TF,GILKO,66.277750,13.598994,0, ,0.0,0.0,0.0,0.0,2,5000,0,0,0,0,0,0
CF,STM,66.290236,13.768831,0,RA,255.2,12.9,75.0,4.2,2,5000,0,0,0,0,1,0

APPTR,L13-C,13,STM
HF,STM,66.290236,13.768831,2, ,0.0,0.0,75.0,04.3,2,5000,0,0,0,0,1,0,0

APPTR,L13-C,13,STO
IF,STO,65.960425,12.469447, ,0.0,0.0,0,0,0,0,0,0,0,0
TF,GILKO,66.277750,13.598994,0, ,0.0,0.0,0.0,0.0,2,5000,0,0,0,0,0,0
CF,STM,66.290236,13.768831,0,RA,255.2,12.9,75.0,4.2,2,5000,0,0,0,0,1,0

APPTR,L13-C,13,TINIV
IF,TINIV,66.229656,14.391594, ,0.0,0.0,0,0,0,0,0,0,0,0
TF,SUBIT,66.179739,13.643594,0, ,0.0,0.0,0.0,0.0,2,6500,0,0,0,0,0,0
TF,GILKO,66.277750,13.598994,0, ,0.0,0.0,0.0,0.0,2,5000,0,0,0,0,0,0
CF,STM,66.290236,13.768831,2,RA,255.2,12.9,75.0,4.2,2,5000,0,0,0,0,1,0

APPTR,L13-C,13,VFL
IF,VFL,65.879364,13.307989, ,0.0,0.0,0,0,0,0,0,0,0,0
TF,D012T,66.197892,13.539906,0, ,0.0,0.0,0.0,0.0,2,6500,0,0,0,0,0,0
TF,GILKO,66.277750,13.598994,0, ,0.0,0.0,0.0,0.0,2,5000,0,0,0,0,0,0
CF,STM,66.290236,13.768831,0,RA,255.2,12.9,75.0,4.2,2,5000,0,0,0,0,1,0

FINAL,L13-C,13,D,4
IF,STM,66.290236,13.768831,RA,255.2,12.9,2,5000,0,0,0,0,1,0
CF,OM32,66.307164,14.025550,0,RA,254.4,6.6,75.0,6.3,2,3000,0,0,0,0,2,0
CF,GR,66.321686,14.213600,0,RA,254.7,2.0,75.0,4.6,2,1430,0,0,0,0,0,0
CF,MM32,66.327436,14.294739,0,RA,138.3,0.0,75.0,2.0,1,1430,0,0,0,0,3,0
TF,GANTI,66.349881,14.620550,0, ,0.0,0.0,0.0,0.0,0,0,0,0,0,0,0,1
VI,2, ,0.0,257.0,0,0,0,0,0,0,0,0
CF,VFL,65.879364,13.307989,0,VFL,0.0,0.0,227.0,40.0,1,7500,0,0,0,0,0,0
HM,VFL,65.879364,13.307989,2, ,0.0,0.0,200.0,04.3,0,0,0,0,0,0,0,0,0

APPTR,L31-B,31,BDO1
IF,BDO,67.266697,14.364856, ,0.0,0.0,0,0,0,0,0,0,0,0
TF,D101J,66.367150,13.814050,0, ,0.0,0.0,0.0,0.0,2,6500,0,0,0,0,0,0
TF,STM,66.290236,13.768831,0, ,0.0,0.0,0.0,0.0,2,5000,0,0,0,0,1,0
FC,STM,66.290236,13.768831,0,VFL,0.0,0.0,219.0,3.0,0,0,0,0,0,0,0,1
CF,STM,66.290236,13.768831,2,RA,255.2,12.9,75.0,5.0,2,5000,0,0,0,0,1,0

APPTR,L31-B,31,BDO2
IF,BDO,67.266697,14.364856, ,0.0,0.0,0,0,0,0,0,0,0,0
TF,D086N,66.324672,13.633994,0, ,0.0,0.0,0.0,0.0,2,6500,0,0,0,0,0,1
CF,STM,66.290236,13.768831,1,RA,255.2,12.9,75.0,2.0,2,5000,0,0,0,0,1,0

APPTR,L31-B,31,BNN
IF,BNN,65.457053,12.214342, ,0.0,0.0,0,0,0,0,0,0,0,0
TF,GILKO,66.277750,13.598994,0, ,0.0,0.0,0.0,0.0,2,5000,0,0,0,0,0,0
CF,STM,66.290236,13.768831,0,RA,255.2,12.9,75.0,4.2,2,5000,0,0,0,0,1,0

APPTR,L31-B,31,LORDO
IF,LORDO,66.164639,13.441689, ,0.0,0.0,0,0,0,0,0,0,0,0
TF,PETOK,66.262589,13.396331,0, ,0.0,0.0,0.0,0.0,2,5000,0,0,0,0,0,0
TF,GILKO,66.277750,13.598994,0, ,0.0,0.0,0.0,0.0,2,5000,0,0,0,0,0,0
CF,STM,66.290236,13.768831,0,RA,255.2,12.9,75.0,4.2,2,5000,0,0,0,0,1,0

APPTR,L31-B,31,MAGAP
IF,MAGAP,66.360528,13.350619, ,0.0,0.0,0,0,0,0,0,0,0,0
TF,PETOK,66.262589,13.396331,0, ,0.0,0.0,0.0,0.0,2,5000,0,0,0,0,0,0
TF,GILKO,66.277750,13.598994,0, ,0.0,0.0,0.0,0.0,2,5000,0,0,0,0,0,0
CF,STM,66.290236,13.768831,0,RA,255.2,12.9,75.0,4.2,2,5000,0,0,0,0,1,0

APPTR,L31-B,31,PETOK
IF,PETOK,66.262589,13.396331, ,0.0,0.0,0,0,0,0,0,0,0,0
TF,GILKO,66.277750,13.598994,0, ,0.0,0.0,0.0,0.0,2,5000,0,0,0,0,0,0
CF,STM,66.290236,13.768831,0,RA,255.2,12.9,75.0,4.2,2,5000,0,0,0,0,1,0

APPTR,L31-B,31,STM
HF,STM,66.290236,13.768831,2, ,0.0,0.0,75.0,04.3,2,5000,0,0,0,0,1,0,0

APPTR,L31-B,31,STO
IF,STO,65.960425,12.469447, ,0.0,0.0,0,0,0,0,0,0,0,0
TF,GILKO,66.277750,13.598994,0, ,0.0,0.0,0.0,0.0,2,5000,0,0,0,0,0,0
CF,STM,66.290236,13.768831,0,RA,255.2,12.9,75.0,4.2,2,5000,0,0,0,0,1,0

APPTR,L31-B,31,SUBIT
IF,SUBIT,66.179739,13.643594, ,0.0,0.0,0,0,0,0,0,0,0,0
TF,GILKO,66.277750,13.598994,0, ,0.0,0.0,0.0,0.0,2,5000,0,0,0,0,0,0
CF,STM,66.290236,13.768831,2,RA,255.2,12.9,75.0,4.2,2,5000,0,0,0,0,1,0

APPTR,L31-B,31,VFL
IF,VFL,65.879364,13.307989, ,0.0,0.0,0,0,0,0,0,0,0,0
TF,D012T,66.197892,13.539906,0, ,0.0,0.0,0.0,0.0,2,6500,0,0,0,0,0,0
TF,GILKO,66.277750,13.598994,0, ,0.0,0.0,0.0,0.0,2,5000,0,0,0,0,0,0
CF,STM,66.290236,13.768831,0,RA,255.2,12.9,75.0,4.2,2,5000,0,0,0,0,1,0

FINAL,L31-B,31,D,4
IF,STM,66.290236,13.768831,RA,255.2,12.9,2,5000,0,0,0,0,1,0
CF,OM32,66.307164,14.025550,0,RA,254.4,6.6,75.0,6.3,2,3000,0,0,0,0,2,0
CF,GR,66.321686,14.213600,0,RA,254.7,2.0,75.0,4.6,2,1430,0,0,0,0,0,0
CF,MM32,66.327436,14.294739,0,RA,138.3,0.0,75.0,2.0,1,1430,0,0,0,0,3,0
CA,0,75.0,2,2000,0,0,0,0,0,0
DF,STM,66.290236,13.768831,1, ,0.0,0.0,1,5000,0,1,130,0,0,0
HM,STM,66.290236,13.768831,2, ,0.0,0.0,75.0,04.3,0,0,0,0,0,0,0,0,0

APPTR,L31-C,31,BDO1
IF,BDO,67.266697,14.364856, ,0.0,0.0,0,0,0,0,0,0,0,0
TF,D101J,66.367150,13.814050,0, ,0.0,0.0,0.0,0.0,2,6500,0,0,0,0,0,0
TF,STM,66.290236,13.768831,0, ,0.0,0.0,0.0,0.0,2,5000,0,0,0,0,1,0
FC,STM,66.290236,13.768831,0,VFL,0.0,0.0,219.0,3.0,0,0,0,0,0,0,0,1
CF,STM,66.290236,13.768831,2,RA,255.2,12.9,75.0,5.0,2,5000,0,0,0,0,1,0

APPTR,L31-C,31,BDO2
IF,BDO,67.266697,14.364856, ,0.0,0.0,0,0,0,0,0,0,0,0
TF,D086N,66.324672,13.633994,0, ,0.0,0.0,0.0,0.0,2,6500,0,0,0,0,0,1
CF,STM,66.290236,13.768831,1,RA,255.2,12.9,75.0,2.0,2,5000,0,0,0,0,1,0

APPTR,L31-C,31,BNN
IF,BNN,65.457053,12.214342, ,0.0,0.0,0,0,0,0,0,0,0,0
TF,GILKO,66.277750,13.598994,0, ,0.0,0.0,0.0,0.0,2,5000,0,0,0,0,0,0
CF,STM,66.290236,13.768831,0,RA,255.2,12.9,75.0,4.2,2,5000,0,0,0,0,1,0

APPTR,L31-C,31,LORDO
IF,LORDO,66.164639,13.441689, ,0.0,0.0,0,0,0,0,0,0,0,0
TF,PETOK,66.262589,13.396331,0, ,0.0,0.0,0.0,0.0,2,5000,0,0,0,0,0,0
TF,GILKO,66.277750,13.598994,0, ,0.0,0.0,0.0,0.0,2,5000,0,0,0,0,0,0
CF,STM,66.290236,13.768831,0,RA,255.2,12.9,75.0,4.2,2,5000,0,0,0,0,1,0

APPTR,L31-C,31,MAGAP
IF,MAGAP,66.360528,13.350619, ,0.0,0.0,0,0,0,0,0,0,0,0
TF,PETOK,66.262589,13.396331,0, ,0.0,0.0,0.0,0.0,2,5000,0,0,0,0,0,0
TF,GILKO,66.277750,13.598994,0, ,0.0,0.0,0.0,0.0,2,5000,0,0,0,0,0,0
CF,STM,66.290236,13.768831,0,RA,255.2,12.9,75.0,4.2,2,5000,0,0,0,0,1,0

APPTR,L31-C,31,PETOK
IF,PETOK,66.262589,13.396331, ,0.0,0.0,0,0,0,0,0,0,0,0
TF,GILKO,66.277750,13.598994,0, ,0.0,0.0,0.0,0.0,2,5000,0,0,0,0,0,0
CF,STM,66.290236,13.768831,0,RA,255.2,12.9,75.0,4.2,2,5000,0,0,0,0,1,0

APPTR,L31-C,31,STM
HF,STM,66.290236,13.768831,2, ,0.0,0.0,75.0,04.3,2,5000,0,0,0,0,1,0,0

APPTR,L31-C,31,STO
IF,STO,65.960425,12.469447, ,0.0,0.0,0,0,0,0,0,0,0,0
TF,GILKO,66.277750,13.598994,0, ,0.0,0.0,0.0,0.0,2,5000,0,0,0,0,0,0
CF,STM,66.290236,13.768831,0,RA,255.2,12.9,75.0,4.2,2,5000,0,0,0,0,1,0

APPTR,L31-C,31,TINIV
IF,TINIV,66.229656,14.391594, ,0.0,0.0,0,0,0,0,0,0,0,0
TF,SUBIT,66.179739,13.643594,0, ,0.0,0.0,0.0,0.0,2,6500,0,0,0,0,0,0
TF,GILKO,66.277750,13.598994,0, ,0.0,0.0,0.0,0.0,2,5000,0,0,0,0,0,0
CF,STM,66.290236,13.768831,2,RA,255.2,12.9,75.0,4.2,2,5000,0,0,0,0,1,0

APPTR,L31-C,31,VFL
IF,VFL,65.879364,13.307989, ,0.0,0.0,0,0,0,0,0,0,0,0
TF,D012T,66.197892,13.539906,0, ,0.0,0.0,0.0,0.0,2,6500,0,0,0,0,0,0
TF,GILKO,66.277750,13.598994,0, ,0.0,0.0,0.0,0.0,2,5000,0,0,0,0,0,0
CF,STM,66.290236,13.768831,0,RA,255.2,12.9,75.0,4.2,2,5000,0,0,0,0,1,0

FINAL,L31-C,31,D,4
IF,STM,66.290236,13.768831,RA,255.2,12.9,2,5000,0,0,0,0,1,0
CF,OM32,66.307164,14.025550,0,RA,254.4,6.6,75.0,6.3,2,3000,0,0,0,0,2,0
CF,GR,66.321686,14.213600,0,RA,254.7,2.0,75.0,4.6,2,1430,0,0,0,0,0,0
CF,MM32,66.327436,14.294739,0,RA,138.3,0.0,75.0,2.0,1,1430,0,0,0,0,3,0
TF,GANTI,66.349881,14.620550,0, ,0.0,0.0,0.0,0.0,0,0,0,0,0,0,0,1
VI,2, ,0.0,257.0,0,0,0,0,0,0,0,0
CF,VFL,65.879364,13.307989,0,VFL,0.0,0.0,227.0,40.0,1,7500,0,0,0,0,0,0
HM,VFL,65.879364,13.307989,2, ,0.0,0.0,200.0,04.3,0,0,0,0,0,0,0,0,0

APPTR,Q13-D,13,BDO
IF,BDO,67.266697,14.364856, ,0.0,0.0,0,0,0,0,0,0,0,0
TF,D101J,66.367150,13.814050,0, ,0.0,0.0,0.0,0.0,2,6500,0,0,0,0,0,0
TF,STM,66.290236,13.768831,0, ,0.0,0.0,0.0,0.0,2,5000,0,0,0,0,1,0
FC,STM,66.290236,13.768831,0,VFL,0.0,0.0,219.0,3.0,0,0,0,0,0,0,0,1
CF,STM,66.290236,13.768831,2,VFL,20.3,27.2,75.0,5.0,2,5000,0,0,0,0,1,0

APPTR,Q13-D,13,BNN
IF,BNN,65.457053,12.214342, ,0.0,0.0,0,0,0,0,0,0,0,0
TF,D060P,66.205983,13.605594,0, ,0.0,0.0,0.0,0.0,2,5500,0,0,0,0,0,0
TF,STM,66.290236,13.768831,0, ,0.0,0.0,0.0,0.0,2,5000,0,0,0,0,1,0

APPTR,Q13-D,13,LORDO
IF,LORDO,66.164639,13.441689, ,0.0,0.0,0,0,0,0,0,0,0,0
TF,PETOK,66.262589,13.396331,0, ,0.0,0.0,0.0,0.0,2,5000,0,0,0,0,0,0
TF,GILKO,66.277750,13.598994,0, ,0.0,0.0,0.0,0.0,2,5000,0,0,0,0,0,0
TF,STM,66.290236,13.768831,0, ,0.0,0.0,0.0,0.0,2,5000,0,0,0,0,1,0

APPTR,Q13-D,13,MAGAP
IF,MAGAP,66.360528,13.350619, ,0.0,0.0,0,0,0,0,0,0,0,0
TF,PETOK,66.262589,13.396331,0, ,0.0,0.0,0.0,0.0,2,5000,0,0,0,0,0,0
TF,GILKO,66.277750,13.598994,0, ,0.0,0.0,0.0,0.0,2,5000,0,0,0,0,0,0
TF,STM,66.290236,13.768831,0, ,0.0,0.0,0.0,0.0,2,5000,0,0,0,0,1,0

APPTR,Q13-D,13,PETOK
IF,PETOK,66.262589,13.396331, ,0.0,0.0,0,0,0,0,0,0,0,0
TF,GILKO,66.277750,13.598994,0, ,0.0,0.0,0.0,0.0,2,5000,0,0,0,0,0,0
CF,STM,66.290236,13.768831,0,VFL,20.3,27.2,75.0,4.2,2,5000,0,0,0,0,1,0

APPTR,Q13-D,13,STM
HF,STM,66.290236,13.768831,2, ,0.0,0.0,75.0,04.3,2,5000,0,0,0,0,1,0,0

APPTR,Q13-D,13,STO
IF,STO,65.960425,12.469447, ,0.0,0.0,0,0,0,0,0,0,0,0
TF,STM,66.290236,13.768831,0, ,0.0,0.0,0.0,0.0,2,5000,0,0,0,0,1,0

APPTR,Q13-D,13,SUBIT
IF,SUBIT,66.179739,13.643594, ,0.0,0.0,0,0,0,0,0,0,0,0
TF,GILKO,66.277750,13.598994,0, ,0.0,0.0,0.0,0.0,2,5000,0,0,0,0,0,0
TF,STM,66.290236,13.768831,0, ,0.0,0.0,0.0,0.0,2,5000,0,0,0,0,1,0

APPTR,Q13-D,13,VFL
IF,VFL,65.879364,13.307989, ,0.0,0.0,0,0,0,0,0,0,0,0
TF,SUBIT,66.179739,13.643594,0, ,0.0,0.0,0.0,0.0,2,5500,0,0,0,0,0,0
TF,STM,66.290236,13.768831,0, ,0.0,0.0,0.0,0.0,2,5000,0,0,0,0,1,0

FINAL,Q13-D,13,N,3
IF,STM,66.290236,13.768831,STM,0.0,0.0,2,5000,0,0,0,0,1,0
CF,FN075,66.308278,14.026153,0,STM,0.0,0.0,75.0,6.3,2,3330,0,0,0,0,2,0
CF,GR,66.321686,14.213600,0,RA,0.0,2.0,75.0,4.6,1,2100,0,0,0,0,3,0
CA,0,75.0,2,2500,0,0,0,0,0,0
DF,STM,66.290236,13.768831,1, ,0.0,0.0,1,5000,0,1,130,0,0,0
HM,STM,66.290236,13.768831,2, ,0.0,0.0,75.0,04.3,0,0,0,0,0,0,0,0,0

APPTR,Q31-D,31,BDO
IF,BDO,67.266697,14.364856, ,0.0,0.0,0,0,0,0,0,0,0,0
TF,D101J,66.367150,13.814050,0, ,0.0,0.0,0.0,0.0,2,6500,0,0,0,0,0,0
TF,STM,66.290236,13.768831,0, ,0.0,0.0,0.0,0.0,2,5000,0,0,0,0,1,0
FC,STM,66.290236,13.768831,0,VFL,0.0,0.0,219.0,3.0,0,0,0,0,0,0,0,1
CF,STM,66.290236,13.768831,2,VFL,20.3,27.2,75.0,5.0,2,5000,0,0,0,0,1,0

APPTR,Q31-D,31,BNN
IF,BNN,65.457053,12.214342, ,0.0,0.0,0,0,0,0,0,0,0,0
TF,D060P,66.205983,13.605594,0, ,0.0,0.0,0.0,0.0,2,5500,0,0,0,0,0,0
TF,STM,66.290236,13.768831,0, ,0.0,0.0,0.0,0.0,2,5000,0,0,0,0,1,0

APPTR,Q31-D,31,LORDO
IF,LORDO,66.164639,13.441689, ,0.0,0.0,0,0,0,0,0,0,0,0
TF,PETOK,66.262589,13.396331,0, ,0.0,0.0,0.0,0.0,2,5000,0,0,0,0,0,0
TF,GILKO,66.277750,13.598994,0, ,0.0,0.0,0.0,0.0,2,5000,0,0,0,0,0,0
TF,STM,66.290236,13.768831,0, ,0.0,0.0,0.0,0.0,2,5000,0,0,0,0,1,0

APPTR,Q31-D,31,MAGAP
IF,MAGAP,66.360528,13.350619, ,0.0,0.0,0,0,0,0,0,0,0,0
TF,PETOK,66.262589,13.396331,0, ,0.0,0.0,0.0,0.0,2,5000,0,0,0,0,0,0
TF,GILKO,66.277750,13.598994,0, ,0.0,0.0,0.0,0.0,2,5000,0,0,0,0,0,0
TF,STM,66.290236,13.768831,0, ,0.0,0.0,0.0,0.0,2,5000,0,0,0,0,1,0

APPTR,Q31-D,31,PETOK
IF,PETOK,66.262589,13.396331, ,0.0,0.0,0,0,0,0,0,0,0,0
TF,GILKO,66.277750,13.598994,0, ,0.0,0.0,0.0,0.0,2,5000,0,0,0,0,0,0
CF,STM,66.290236,13.768831,0,VFL,20.3,27.2,75.0,4.2,2,5000,0,0,0,0,1,0

APPTR,Q31-D,31,STM
HF,STM,66.290236,13.768831,2, ,0.0,0.0,75.0,04.3,2,5000,0,0,0,0,1,0,0

APPTR,Q31-D,31,STO
IF,STO,65.960425,12.469447, ,0.0,0.0,0,0,0,0,0,0,0,0
TF,STM,66.290236,13.768831,0, ,0.0,0.0,0.0,0.0,2,5000,0,0,0,0,1,0

APPTR,Q31-D,31,SUBIT
IF,SUBIT,66.179739,13.643594, ,0.0,0.0,0,0,0,0,0,0,0,0
TF,GILKO,66.277750,13.598994,0, ,0.0,0.0,0.0,0.0,2,5000,0,0,0,0,0,0
TF,STM,66.290236,13.768831,0, ,0.0,0.0,0.0,0.0,2,5000,0,0,0,0,1,0

APPTR,Q31-D,31,VFL
IF,VFL,65.879364,13.307989, ,0.0,0.0,0,0,0,0,0,0,0,0
TF,SUBIT,66.179739,13.643594,0, ,0.0,0.0,0.0,0.0,2,5500,0,0,0,0,0,0
TF,STM,66.290236,13.768831,0, ,0.0,0.0,0.0,0.0,2,5000,0,0,0,0,1,0

FINAL,Q31-D,31,N,3
IF,STM,66.290236,13.768831,STM,0.0,0.0,2,5000,0,0,0,0,1,0
CF,FN075,66.308278,14.026153,0,STM,0.0,0.0,75.0,6.3,2,3330,0,0,0,0,2,0
CF,GR,66.321686,14.213600,0,RA,0.0,2.0,75.0,4.6,1,2100,0,0,0,0,3,0
CA,0,75.0,2,2500,0,0,0,0,0,0
DF,STM,66.290236,13.768831,1, ,0.0,0.0,1,5000,0,1,130,0,0,0
HM,STM,66.290236,13.768831,2, ,0.0,0.0,75.0,04.3,0,0,0,0,0,0,0,0,0

APPTR,R13-A,13,LORDO
IF,LORDO,66.164639,13.441689, ,0.0,0.0,2,5000,0,0,0,0,1,0
TF,PETOK,66.262589,13.396331,0, ,0.0,0.0,0.0,0.0,2,5000,0,0,0,0,1,0
TF,ODNOS,66.290236,13.768831,0, ,0.0,0.0,0.0,0.0,2,5000,0,0,0,0,0,0

APPTR,R13-A,13,MAGAP
IF,MAGAP,66.360528,13.350619, ,0.0,0.0,2,5000,0,0,0,0,1,0
TF,PETOK,66.262589,13.396331,0, ,0.0,0.0,0.0,0.0,2,5000,0,0,0,0,1,0
TF,ODNOS,66.290236,13.768831,0, ,0.0,0.0,0.0,0.0,2,5000,0,0,0,0,0,0

APPTR,R13-A,13,PETOK
IF,PETOK,66.262589,13.396331, ,0.0,0.0,2,5000,0,0,0,0,1,0
TF,ODNOS,66.290236,13.768831,0, ,0.0,0.0,0.0,0.0,2,5000,0,0,0,0,1,0

APPTR,R13-A,13,SUBIT
IF,SUBIT,66.179739,13.643594, ,0.0,0.0,2,5000,0,0,0,0,0,0
TF,GILKO,66.277750,13.598994,0, ,0.0,0.0,0.0,0.0,2,5000,0,0,0,0,0,0
TF,ODNOS,66.290236,13.768831,0, ,0.0,0.0,0.0,0.0,2,5000,0,0,0,0,1,0

FINAL,R13-A,13,R,3
IF,ODNOS,66.290236,13.768831, ,0.0,0.0,2,5000,0,0,0,0,0,0
TF,RA501,66.296286,14.024222,0, ,0.0,0.0,81.0,6.2,2,3100,0,0,0,0,2,0
TF,RA502,66.336714,14.327369,0, ,0.0,0.0,66.0,7.7,1,1430,0,0,0,0,3,1
CA,0,66.0,2,2100,0,1,130,0,0,0
DF,ODNOS,66.290236,13.768831,1, ,0.0,0.0,1,5000,0,0,0,0,0,0
HM,ODNOS,66.290236,13.768831,2, ,0.0,0.0,74.0,04.3,1,5000,0,0,0,0,0,0,0

APPTR,R31-A,31,LORDO
IF,LORDO,66.164639,13.441689, ,0.0,0.0,2,5000,0,0,0,0,1,0
TF,PETOK,66.262589,13.396331,0, ,0.0,0.0,0.0,0.0,2,5000,0,0,0,0,1,0
TF,ODNOS,66.290236,13.768831,0, ,0.0,0.0,0.0,0.0,2,5000,0,0,0,0,0,0

APPTR,R31-A,31,MAGAP
IF,MAGAP,66.360528,13.350619, ,0.0,0.0,2,5000,0,0,0,0,1,0
TF,PETOK,66.262589,13.396331,0, ,0.0,0.0,0.0,0.0,2,5000,0,0,0,0,1,0
TF,ODNOS,66.290236,13.768831,0, ,0.0,0.0,0.0,0.0,2,5000,0,0,0,0,0,0

APPTR,R31-A,31,PETOK
IF,PETOK,66.262589,13.396331, ,0.0,0.0,2,5000,0,0,0,0,1,0
TF,ODNOS,66.290236,13.768831,0, ,0.0,0.0,0.0,0.0,2,5000,0,0,0,0,1,0

APPTR,R31-A,31,SUBIT
IF,SUBIT,66.179739,13.643594, ,0.0,0.0,2,5000,0,0,0,0,0,0
TF,GILKO,66.277750,13.598994,0, ,0.0,0.0,0.0,0.0,2,5000,0,0,0,0,0,0
TF,ODNOS,66.290236,13.768831,0, ,0.0,0.0,0.0,0.0,2,5000,0,0,0,0,1,0

FINAL,R31-A,31,R,3
IF,ODNOS,66.290236,13.768831, ,0.0,0.0,2,5000,0,0,0,0,0,0
TF,RA501,66.296286,14.024222,0, ,0.0,0.0,81.0,6.2,2,3100,0,0,0,0,2,0
TF,RA502,66.336714,14.327369,0, ,0.0,0.0,66.0,7.7,1,1430,0,0,0,0,3,1
CA,0,66.0,2,2100,0,1,130,0,0,0
DF,ODNOS,66.290236,13.768831,1, ,0.0,0.0,1,5000,0,0,0,0,0,0
HM,ODNOS,66.290236,13.768831,2, ,0.0,0.0,74.0,04.3,1,5000,0,0,0,0,0,0,0

