SID,APTA1B,26,5
CF,SK560,68.592881,14.690603,0,SKG,269.8,7.6,269.0,7.0,0,0,0,0,0,0,0,1
DF,APTAB,68.153197,14.536022,1, ,0.0,0.0,0,0,0,0,0,0,0,0

SID,ATKI1A,08,5
CF,SK570,68.579711,15.134189,0,SKG,80.8,2.2,84.0,2.0,0,0,0,0,0,0,0,1
TF,SK571,68.657289,15.453181,0, ,0.0,0.0,0.0,0.0,0,0,0,0,0,0,0,0
TF,ATKID,68.806158,16.078786,0, ,0.0,0.0,0.0,0.0,0,0,0,0,0,0,0,0

SID,ATKI1B,26,5
CA,0,264.0,2,450,0,0,0,0,0,0
DF,SK561,68.572050,15.144172,1, ,0.0,0.0,0,0,0,1,145,0,0,0
TF,ATKID,68.806158,16.078786,0, ,0.0,0.0,0.0,0.0,0,0,0,0,0,0,0,0

SID,EVMI1A,08,5
CA,0,84.0,2,600,0,0,0,0,0,0
DF,SK572,68.481542,15.253650,0, ,0.0,0.0,0,0,0,0,0,0,0,0
TF,EVMIV,68.119167,15.076389,0, ,0.0,0.0,0.0,0.0,0,0,0,0,0,0,0,0

SID,TIDC1A,08,5
CF,SK570,68.579711,15.134189,0,SKG,80.8,2.2,84.0,2.0,0,0,0,0,0,0,0,1
TF,SK571,68.657289,15.453181,0, ,0.0,0.0,0.0,0.0,0,0,0,0,0,0,0,0
TF,TIDCO,68.800072,15.191372,0, ,0.0,0.0,0.0,0.0,0,0,0,0,0,0,0,0

SID,TIDC1B,26,5
CF,SK560,68.592881,14.690603,0,SKG,269.8,7.6,269.0,7.0,0,0,0,0,0,0,0,1
DF,TIDCO,68.800072,15.191372,2, ,0.0,0.0,0,0,0,0,0,0,0,0

SID,UPUG1A,08,5
CA,0,84.0,2,600,0,0,0,0,0,0
DF,SK573,68.494167,14.984722,2, ,0.0,0.0,0,0,0,0,0,0,0,0
TF,UPUGU,68.135833,14.811944,0, ,0.0,0.0,0.0,0.0,0,0,0,0,0,0,0,0

SID,UPUG1B,26,5
CA,0,264.0,2,450,0,0,0,0,0,0
DF,SK562,68.461483,14.968733,1, ,0.0,0.0,0,0,0,1,145,0,0,0
TF,UPUGU,68.135833,14.811944,0, ,0.0,0.0,0.0,0.0,0,0,0,0,0,0,0,0

STAR,LOSE1Q,08,5
IF,LOSSE,67.974889,14.716778, ,0.0,0.0,0,0,0,0,0,0,0,0
TF,INVAL,68.366433,14.923314,0, ,0.0,0.0,0.0,0.0,2,6000,0,0,0,0,0,0

APPTR,D08,08,SK534
IF,SK534,68.501872,14.455394, ,0.0,0.0,0,0,0,0,0,0,1,0
TF,SK536,68.605225,14.459753,0, ,0.0,0.0,0.0,0.0,2,4000,0,0,0,0,1,0
TF,FD08,68.598219,14.638769,2, ,0.0,0.0,0.0,0.0,2,3500,0,0,0,0,0,0

APPTR,D08,08,SK536
IF,SK536,68.605225,14.459753, ,0.0,0.0,2,4000,0,0,0,0,1,0
TF,FD08,68.598219,14.638769,0, ,0.0,0.0,0.0,0.0,2,3500,0,0,0,0,0,0

APPTR,D08,08,SKG
IF,SKG,68.578353,15.034928, ,0.0,0.0,0,0,0,0,0,0,1,0
FD,SKG,68.578353,15.034928,0,SKG,0.0,9.8,261.0,9.8,2,3500,0,0,0,0,0,0
CF,FD08,68.598219,14.638769,2,SKG,271.0,8.8,91.0,1.0,2,3500,0,0,0,0,0,0

FINAL,D08,08,D,3
IF,FD08,68.598219,14.638769,SKG,271.0,8.8,2,3500,0,0,0,0,2,0
CF,56VOR,68.591103,14.782906,0,SKG,271.0,5.6,91.0,3.2,2,2150,0,0,0,0,0,0
CF,MD08,68.581344,14.976447,0,SKG,271.0,1.3,91.0,4.3,1,376,0,0,0,0,3,0
CF,SKG,68.578353,15.034928,0,SKG,0.0,0.0,91.0,1.3,0,0,0,0,0,0,0,0
CF,KG,68.662378,15.474278,0,SKG,55.1,10.9,55.0,10.9,0,0,0,0,0,0,0,0
HM,KG,68.662378,15.474278,2, ,0.0,0.0,234.0,04.3,1,5000,0,0,0,0,0,0,0

APPTR,D26,26,AND
IF,AND,69.287828,16.141378, ,0.0,0.0,0,0,0,0,0,0,0,0
TF,D039P,68.763519,15.558172,0, ,0.0,0.0,0.0,0.0,2,5000,0,0,0,0,1,0
TF,D047O,68.723831,15.589706,0, ,0.0,0.0,0.0,0.0,0,0,0,0,0,0,0,0
AF,D055O,68.694194,15.639600,2,SKG,55.0,15.0,47.0,2,4500,0,0,0,0,1,1
TF,KG,68.662378,15.474278,0, ,0.0,0.0,0.0,0.0,2,4300,0,0,0,0,0,0
TF,D055H,68.640403,15.356639,0, ,0.0,0.0,0.0,0.0,2,3200,0,0,0,0,0,0
TF,FD26,68.624947,15.276044,0, ,0.0,0.0,0.0,0.0,2,2500,0,0,0,0,0,0

APPTR,D26,26,EVD
IF,EVD,68.457306,16.681714, ,0.0,0.0,0,0,0,0,0,0,0,0
TF,D075P,68.619961,15.753342,0, ,0.0,0.0,0.0,0.0,2,5000,0,0,0,0,1,0
CI,0, ,0.0,288.0,0,0,0,0,0,0,0,0
AF,D063O,68.662311,15.677547,1,SKG,63.0,15.0,75.0,0,0,0,0,0,0,0,0
AF,D055O,68.694194,15.639600,1,SKG,55.0,15.0,63.0,2,4500,0,0,0,0,1,1
TF,KG,68.662378,15.474278,0, ,0.0,0.0,0.0,0.0,2,4300,0,0,0,0,0,0
TF,D055H,68.640403,15.356639,0, ,0.0,0.0,0.0,0.0,2,3200,0,0,0,0,0,0
TF,FD26,68.624947,15.276044,0, ,0.0,0.0,0.0,0.0,2,2500,0,0,0,0,0,0

APPTR,D26,26,FS
IF,FS,68.598625,16.672408, ,0.0,0.0,0,0,0,0,0,0,0,0
TF,D066P,68.656483,15.730714,0, ,0.0,0.0,0.0,0.0,2,5000,0,0,0,0,1,0
CI,0, ,0.0,272.0,0,0,0,0,0,0,0,0
AF,D063O,68.662311,15.677547,1,SKG,63.0,15.0,66.0,0,0,0,0,0,0,0,0
AF,D055O,68.694194,15.639600,1,SKG,55.0,15.0,63.0,2,4500,0,0,0,0,1,1
TF,KG,68.662378,15.474278,0, ,0.0,0.0,0.0,0.0,2,4300,0,0,0,0,0,0
TF,D055H,68.640403,15.356639,0, ,0.0,0.0,0.0,0.0,2,3200,0,0,0,0,0,0
TF,FD26,68.624947,15.276044,0, ,0.0,0.0,0.0,0.0,2,2500,0,0,0,0,0,0

APPTR,D26,26,KG
IF,KG,68.662378,15.474278, ,0.0,0.0,2,5000,0,0,0,0,1,0
HF,KG,68.662378,15.474278,2, ,0.0,0.0,234.0,04.3,2,4300,0,0,0,0,0,0,0
TF,D055H,68.640403,15.356639,0, ,0.0,0.0,0.0,0.0,2,3200,0,0,0,0,0,0
TF,FD26,68.624947,15.276044,0, ,0.0,0.0,0.0,0.0,2,2500,0,0,0,0,0,0

APPTR,D26,26,SJA
IF,SJA,69.161367,17.815858, ,0.0,0.0,0,0,0,0,0,0,0,0
TF,D045P,68.740486,15.613019,0, ,0.0,0.0,0.0,0.0,2,5500,0,0,0,0,1,0
TF,D055O,68.694194,15.639600,0, ,0.0,0.0,0.0,0.0,2,4500,0,0,0,0,1,0
TF,KG,68.662378,15.474278,0, ,0.0,0.0,0.0,0.0,2,4300,0,0,0,0,0,0
TF,D055H,68.640403,15.356639,0, ,0.0,0.0,0.0,0.0,2,3200,0,0,0,0,0,0
TF,FD26,68.624947,15.276044,0, ,0.0,0.0,0.0,0.0,2,2500,0,0,0,0,0,0

APPTR,D26,26,SKG
IF,SKG,68.578353,15.034928, ,0.0,0.0,2,4000,0,0,0,0,1,0
FD,SKG,68.578353,15.034928,0,SKG,0.0,8.0,44.0,8.0,2,3200,0,0,0,0,0,0
CF,D055H,68.640403,15.356639,2,SKG,55.0,8.0,235.0,1.0,2,3200,0,0,0,0,0,0
TF,FD26,68.624947,15.276044,0, ,0.0,0.0,0.0,0.0,2,2500,0,0,0,0,0,0

FINAL,D26,26,D,4
IF,FD26,68.624947,15.276044,SKG,55.0,6.0,2,2500,0,0,0,0,2,0
CF,40VOR,68.609456,15.195558,0,SKG,55.0,4.0,235.0,2.0,2,1690,0,0,0,0,0,0
CF,20VOR,68.593922,15.115186,0,SKG,55.0,2.0,235.0,2.0,2,880,0,0,0,0,0,0
CF,MD26,68.586142,15.075042,0,SKG,55.0,0.0,235.0,1.0,1,469,0,0,0,0,3,0
CF,SKG,68.578353,15.034928,0,SKG,0.0,0.0,235.0,1.0,0,0,0,0,0,0,0,1
CI,1, ,0.0,14.0,0,0,0,1,130,0,0,0
CF,KG,68.662378,15.474278,0,SKG,55.1,10.9,55.0,6.0,0,0,0,0,0,0,0,0
HM,KG,68.662378,15.474278,2, ,0.0,0.0,234.0,04.3,1,5000,0,0,0,0,0,0,0

APPTR,J08,08,SK534
IF,SK534,68.501872,14.455394, ,0.0,0.0,2,5200,0,0,0,0,1,0
TF,UDANU,68.584881,14.458892,0,G09,0.0,0.0,0.0,0.0,2,4000,0,0,0,0,1,0

FINAL,J08,08,G,3
IF,UDANU,68.584881,14.458892,G09,0.0,0.0,2,4000,0,0,0,0,1,0
TF,SK532,68.583564,14.640400,0,G09,0.0,0.0,84.0,4.0,1,3500,0,0,0,0,2,0
TF,RW08,68.580853,15.011194,0,G09,0.0,0.0,84.0,8.2,1,59,0,0,0,0,3,1
CA,0,84.0,2,1000,0,0,0,0,0,0
CF,KG,68.662378,15.474278,0,SKG,55.1,10.9,50.0,10.0,0,0,0,0,0,0,0,0
FA,KG,68.662378,15.474278,0,SKG,0.0,0.0,50.0,2,3300,0,0,0,0,0,0
DF,KG,68.662378,15.474278,1, ,0.0,0.0,0,0,0,0,0,0,0,0
HM,KG,68.662378,15.474278,2, ,0.0,0.0,234.0,04.3,1,5000,0,0,0,0,0,0,0

APPTR,R08,08,SK534
IF,SK534,68.501872,14.455394, ,0.0,0.0,2,5200,0,0,0,0,1,0
TF,UDANU,68.584881,14.458892,0, ,0.0,0.0,0.0,0.0,2,4000,0,0,0,0,1,0

FINAL,R08,08,R,3
IF,UDANU,68.584881,14.458892, ,0.0,0.0,2,4000,0,0,0,0,1,0
TF,SK532,68.583564,14.640400,0, ,0.0,0.0,84.0,4.0,2,3500,0,0,0,0,2,0
TF,RW08,68.580853,15.011194,0, ,0.0,0.0,84.0,8.2,1,60,0,0,0,0,3,1
TF,SK535,68.580039,15.125078,0, ,0.0,0.0,0.0,0.0,0,0,0,0,0,0,0,1
TF,KG,68.662378,15.474278,0, ,0.0,0.0,0.0,0.0,0,0,0,0,0,0,0,0
HM,KG,68.662378,15.474278,2, ,0.0,0.0,234.0,04.3,1,5000,0,0,0,0,0,0,0

APPTR,R26,26,IDELA
IF,IDELA,68.754944,15.744717, ,0.0,0.0,2,5200,0,0,0,0,1,0
TF,INGAG,68.681886,15.853275,0, ,0.0,0.0,0.0,0.0,2,4500,0,0,0,0,1,0

APPTR,R26,26,SISGI
IF,SISGI,68.608764,15.961117, ,0.0,0.0,2,5200,0,0,0,0,1,0
TF,INGAG,68.681886,15.853275,0, ,0.0,0.0,0.0,0.0,2,4500,0,0,0,0,1,0

FINAL,R26,26,R,3
IF,INGAG,68.681886,15.853275, ,0.0,0.0,2,4500,0,0,0,0,1,0
TF,IRDOS,68.618592,15.532806,0, ,0.0,0.0,235.0,8.0,2,4000,0,0,0,0,2,0
TF,SK551,68.580125,15.090553,0, ,0.0,0.0,250.0,10.0,1,520,0,1,130,0,3,1
TF,SK552,68.495667,15.040556,0, ,0.0,0.0,0.0,0.0,0,0,0,1,130,0,0,0
TF,SK553,68.474956,14.868647,0, ,0.0,0.0,0.0,0.0,0,0,0,0,0,0,0,0
TF,SK554,68.469083,14.597886,0, ,0.0,0.0,0.0,0.0,0,0,0,0,0,0,0,0
TF,UDANU,68.584881,14.458892,0, ,0.0,0.0,0.0,0.0,0,0,0,0,0,0,0,0
HM,UDANU,68.584881,14.458892,1, ,0.0,0.0,85.0,04.3,1,4000,0,0,0,0,0,0,0

FINAL,V08-A,08,D,4
IF,INVAL,68.366433,14.923314,SKG,184.0,13.0,2,6000,0,0,0,0,0,0
CF,FF004,68.431644,14.957431,0,SKG,184.0,9.0,4.0,4.0,2,4900,0,0,0,0,2,0
CF,50VOR,68.496853,14.991747,0,SKG,184.0,5.0,4.0,4.0,2,3200,0,0,0,0,0,0
CF,MA004,68.562053,15.026264,0,SKG,184.0,0.0,4.0,4.0,1,1500,0,0,0,0,3,1
CF,KG,68.662378,15.474278,0,SKG,55.1,10.9,55.0,11.0,0,0,0,0,0,0,0,0
HM,KG,68.662378,15.474278,2, ,0.0,0.0,234.0,04.3,1,5000,0,0,0,0,0,0,0

FINAL,V26-A,26,D,4
IF,INVAL,68.366433,14.923314,SKG,184.0,13.0,2,6000,0,0,0,0,0,0
CF,FF004,68.431644,14.957431,0,SKG,184.0,9.0,4.0,4.0,2,4900,0,0,0,0,2,0
CF,50VOR,68.496853,14.991747,0,SKG,184.0,5.0,4.0,4.0,2,3200,0,0,0,0,0,0
CF,MA004,68.562053,15.026264,0,SKG,184.0,0.0,4.0,4.0,1,1500,0,0,0,0,3,1
CF,KG,68.662378,15.474278,0,SKG,55.1,10.9,55.0,11.0,0,0,0,0,0,0,0,0
HM,KG,68.662378,15.474278,2, ,0.0,0.0,234.0,04.3,1,5000,0,0,0,0,0,0,0

