APPTR,I31-Y,31,TOW1
IF,TOW,54.582250,18.506444, ,0.0,0.0,2,2500,0,0,0,0,1,0
CF,D100I,54.543042,18.740258,0,TOW,100.0,8.5,100.0,8.5,2,2000,0,0,0,0,0,1
CF,CI31,54.481775,18.677519,2,IOW,130.3,9.0,310.0,1.0,2,2000,0,0,0,0,0,0

APPTR,I31-Y,31,TOW2
IF,TOW,54.582250,18.506444, ,0.0,0.0,2,2500,0,0,0,0,1,0
CF,D118I,54.503000,18.707900,0,TOW,118.0,8.5,118.0,8.5,2,2000,0,0,0,0,0,1
CF,CI31,54.481775,18.677519,2,IOW,130.3,9.0,310.0,1.0,2,2000,0,0,0,0,0,0

FINAL,I31-Y,31,I,3
IF,CI31,54.481775,18.677519,IOW,130.3,9.0,2,2000,0,0,0,0,0,0
CF,FI31,54.502833,18.642917,0,IOW,130.3,7.2,310.0,1.8,1,2000,0,0,0,0,2,0
CF,RW31,54.571517,18.530500,0,IOW,130.3,1.5,310.0,5.7,1,186,0,0,0,0,3,0
CA,0,310.0,2,1200,0,0,0,0,0,0
DF,TOW,54.582250,18.506444,2, ,0.0,0.0,1,2500,0,0,0,0,0,0

APPTR,I31-Z,31,NW1
IF,NW,54.563917,18.542944, ,0.0,0.0,2,2500,0,0,0,0,1,0
CF,D103H,54.524494,18.738967,0,GZD,47.1,13.7,103.0,7.3,2,2000,0,0,0,0,0,1
CF,CI31,54.481775,18.677519,2,IOW,130.3,9.0,310.0,1.0,2,2000,0,0,0,0,0,0

APPTR,I31-Z,31,NW2
IF,NW,54.563917,18.542944, ,0.0,0.0,2,2500,0,0,0,0,1,0
CF,D112H,54.507447,18.725003,0,GZD,49.5,12.7,112.0,7.2,2,2000,0,0,0,0,0,1
CF,CI31,54.481775,18.677519,2,IOW,130.3,9.0,310.0,1.0,2,2000,0,0,0,0,0,0

FINAL,I31-Z,31,I,3
IF,CI31,54.481775,18.677519,IOW,130.3,9.0,2,2000,0,0,0,0,0,0
CF,FI31,54.502833,18.642917,0,IOW,130.3,7.2,310.0,1.8,1,2000,0,0,0,0,2,0
CF,RW31,54.571517,18.530500,0,IOW,130.3,1.5,310.0,5.7,1,186,0,0,0,0,3,0
CA,0,310.0,2,1200,0,0,0,0,0,0
DF,NW,54.563917,18.542944,2, ,0.0,0.0,1,2500,0,0,0,0,0,0

APPTR,N13,13,NO1
IF,NO,54.595222,18.491556, ,0.0,0.0,2,2500,0,0,0,0,1,0
FC,NO,54.595222,18.491556,0,GZD,0.0,0.0,338.0,8.8,2,1600,0,0,0,0,0,1
CF,FN13,54.640625,18.415917,1,GZD,352.8,15.2,130.0,6.0,2,1600,0,0,0,0,0,0

APPTR,N13,13,NO2
IF,NO,54.595222,18.491556, ,0.0,0.0,2,2500,0,0,0,0,1,0
FC,NO,54.595222,18.491556,0,GZD,0.0,0.0,328.0,9.0,2,1600,0,0,0,0,0,1
CF,FN13,54.640625,18.415917,1,GZD,352.8,15.2,130.0,6.0,2,1600,0,0,0,0,0,0

FINAL,N13,13,N,2
IF,FN13,54.640625,18.415917,NO,0.0,0.0,2,1600,0,0,0,0,2,0
CF,NO,54.595222,18.491556,0,NO,0.0,0.0,130.0,3.8,1,391,0,0,0,0,3,0
FA,NO,54.595222,18.491556,0,GZD,0.0,0.0,130.0,2,1200,0,0,0,0,0,0
DF,NO,54.595222,18.491556,1, ,0.0,0.0,2,2500,0,0,0,0,0,0

APPTR,N31,31,NW1
IF,NW,54.563917,18.542944, ,0.0,0.0,2,2500,0,0,0,0,1,0
FC,NW,54.563917,18.542944,0,GZD,0.0,0.0,103.0,8.8,2,1500,0,0,0,0,0,1
CF,FN31,54.522056,18.612400,2,GZD,33.0,10.4,310.0,6.0,2,1500,0,0,0,0,0,0

APPTR,N31,31,NW2
IF,NW,54.563917,18.542944, ,0.0,0.0,2,2500,0,0,0,0,1,0
FC,NW,54.563917,18.542944,0,GZD,0.0,0.0,112.0,9.0,2,1500,0,0,0,0,0,1
CF,FN31,54.522056,18.612400,2,GZD,34.0,10.4,310.0,6.0,2,1500,0,0,0,0,0,0

FINAL,N31,31,N,2
IF,FN31,54.522056,18.612400,NW,0.0,0.0,2,1500,0,0,0,0,2,0
CF,NW,54.563917,18.542944,0,NW,0.0,0.0,310.0,3.5,1,387,0,0,0,0,3,0
FA,NW,54.563917,18.542944,0,GZD,0.0,0.0,310.0,2,1200,0,0,0,0,0,0
DF,NW,54.563917,18.542944,2, ,0.0,0.0,2,2500,0,0,0,0,0,0

APPTR,T13,13,TOW1
IF,TOW,54.582250,18.506444, ,0.0,0.0,2,2500,0,0,0,0,1,0
FD,TOW,54.582250,18.506444,0,TOW,0.0,8.0,335.0,8.0,2,2000,0,0,0,0,0,0
CF,FT13,54.659722,18.398056,1,TOW,315.0,6.0,135.0,2.0,2,2000,0,0,0,0,0,0

APPTR,T13,13,TOW2
IF,TOW,54.582250,18.506444, ,0.0,0.0,2,2500,0,0,0,0,1,0
FD,TOW,54.582250,18.506444,0,TOW,0.0,8.0,330.0,8.0,2,2000,0,0,0,0,0,0
CF,FT13,54.659722,18.398056,1,TOW,315.0,6.0,135.0,2.0,2,2000,0,0,0,0,0,0

FINAL,T13,13,D,2
IF,FT13,54.659722,18.398056,TOW,315.0,6.0,2,2000,0,0,0,0,2,0
CF,MT13,54.593889,18.490194,0,TOW,315.0,0.9,135.0,5.1,1,382,0,0,0,0,3,0
CF,TOW,54.582250,18.506444,0,TOW,0.0,0.0,135.0,0.9,0,0,0,0,0,0,0,0
FA,TOW,54.582250,18.506444,0,TOW,0.0,0.0,135.0,2,1200,0,0,0,0,0,0
DF,TOW,54.582250,18.506444,1, ,0.0,0.0,2,2500,0,0,0,0,0,0

APPTR,T26,26,TOW
IF,TOW,54.582250,18.506444, ,0.0,0.0,2,2000,0,0,0,0,1,0
FD,TOW,54.582250,18.506444,0,TOW,0.0,4.9,89.0,4.9,2,1200,0,0,0,0,0,0
CF,FT26,54.595833,18.611111,1,TOW,71.4,3.7,251.0,2.0,2,1200,0,0,0,0,0,0

FINAL,T26,26,D,2
IF,FT26,54.595833,18.611111,TOW,71.4,3.7,2,1200,0,0,0,0,2,0
CF,RW26,54.587311,18.526697,0,TOW,60.7,0.8,251.0,3.0,1,154,0,0,0,0,3,0
CF,TOW,54.582250,18.506444,0,TOW,0.0,0.0,251.0,0.8,0,0,0,0,0,0,0,0
FA,TOW,54.582250,18.506444,0,TOW,0.0,0.0,251.0,2,1000,0,0,0,0,0,0
DF,TOW,54.582250,18.506444,2, ,0.0,0.0,2,2000,0,0,0,0,0,0

APPTR,T31,31,TOW1
IF,TOW,54.582250,18.506444, ,0.0,0.0,2,2500,0,0,0,0,1,0
FD,TOW,54.582250,18.506444,0,TOW,0.0,8.0,107.0,8.0,2,1800,0,0,0,0,0,0
CF,FT31,54.512500,18.633333,2,TOW,127.4,6.1,307.0,2.0,2,1800,0,0,0,0,0,0

APPTR,T31,31,TOW2
IF,TOW,54.582250,18.506444, ,0.0,0.0,2,2500,0,0,0,0,1,0
FD,TOW,54.582250,18.506444,0,TOW,0.0,8.0,112.0,8.0,2,1800,0,0,0,0,0,0
CF,FT31,54.512500,18.633333,2,TOW,127.4,6.1,307.0,2.0,2,1800,0,0,0,0,0,0

FINAL,T31,31,D,2
IF,FT31,54.512500,18.633333,TOW,127.4,6.1,2,1800,0,0,0,0,2,0
CF,RW31,54.571517,18.530500,0,TOW,121.5,1.1,307.0,5.1,1,186,0,0,0,0,3,0
CF,TOW,54.582250,18.506444,0,TOW,0.0,0.0,307.0,1.1,0,0,0,0,0,0,0,0
FA,TOW,54.582250,18.506444,0,TOW,0.0,0.0,307.0,2,1200,0,0,0,0,0,0
DF,TOW,54.582250,18.506444,2, ,0.0,0.0,2,2500,0,0,0,0,0,0

