SID,BENG2H,01,5
CF,GJ400,57.830222,14.113167,0,JON,15.1,4.5,13.0,3.8,2,1500,0,0,0,0,0,1
DF,BENGI,57.822306,14.806250,0, ,0.0,0.0,0,0,0,0,0,0,0,0

SID,BENG2J,19,5
CF,GJ700,57.684944,14.024472,0,JON,191.2,4.7,193.0,3.9,2,1500,0,1,230,0,0,1
DF,GJ550,57.680417,14.249306,1, ,0.0,0.0,2,2800,0,1,230,0,0,0
TF,BENGI,57.822306,14.806250,0, ,0.0,0.0,0.0,0.0,0,0,0,0,0,0,0,0

SID,BENG4B,01,2
CF,OA,57.827056,14.112333,0,JON,15.6,4.3,13.0,4.0,0,0,0,0,0,0,0,1
CI,2, ,0.0,106.0,0,0,0,0,0,0,0,0
CF,BENGI,57.822306,14.806250,0,JON,75.8,24.1,76.0,11.0,0,0,0,0,0,0,0,0

SID,BENG4C,19,2
CF,OJ,57.696389,14.031167,0,JON,191.0,4.0,193.0,3.0,0,0,0,0,0,0,0,1
CI,1, ,0.0,46.0,0,0,0,0,0,0,0,0
CF,BENGI,57.822306,14.806250,0,JON,75.8,24.1,76.0,13.0,0,0,0,0,0,0,0,0

SID,DEVN2H,01,5
CF,GJ400,57.830222,14.113167,0,JON,15.1,4.5,13.0,3.8,2,1500,0,1,230,0,0,1
DF,GJ850,57.779917,13.983778,1, ,0.0,0.0,2,2500,0,1,230,0,0,0
TF,DEVNI,57.216611,13.926778,0, ,0.0,0.0,0.0,0.0,0,0,0,0,0,0,0,0

SID,DEVN2J,19,5
CF,GJ700,57.684944,14.024472,0,JON,191.2,4.7,193.0,3.9,2,1500,0,0,0,0,0,1
TF,DEVNI,57.216611,13.926778,0, ,0.0,0.0,0.0,0.0,0,0,0,0,0,0,0,0

SID,DEVN5B,01,2
CA,0,13.0,2,1200,0,0,0,0,0,0
CI,1, ,0.0,153.0,0,0,0,0,0,0,0,0
CF,DEVNI,57.216611,13.926778,0,JON,182.9,33.0,183.0,28.0,0,0,0,0,0,0,0,0

SID,DEVN6C,19,2
CF,OJ,57.696389,14.031167,0,JON,191.0,4.0,193.0,3.0,0,0,0,0,0,0,0,1
CF,DEVNI,57.216611,13.926778,0,JON,182.9,33.0,183.0,29.0,0,0,0,0,0,0,0,0

SID,NEGA2H,01,5
CF,GJ400,57.830222,14.113167,0,JON,15.1,4.5,13.0,3.8,2,1500,0,0,0,0,0,1
DF,NEGAS,58.037833,14.893111,0, ,0.0,0.0,0,0,0,0,0,0,0,0

SID,NEGA2J,19,5
CF,GJ700,57.684944,14.024472,0,JON,191.2,4.7,193.0,3.9,2,1500,0,1,230,0,0,1
DF,GJ550,57.680417,14.249306,1, ,0.0,0.0,2,2800,0,1,230,0,0,0
TF,NEGAS,58.037833,14.893111,0, ,0.0,0.0,0.0,0.0,0,0,0,0,0,0,0,0

SID,NEGA5B,01,2
CF,OA,57.827056,14.112333,0,JON,15.6,4.3,13.0,4.0,0,0,0,0,0,0,0,1
CI,0, ,0.0,83.0,0,0,0,0,0,0,0,0
CF,NEGAS,58.037833,14.893111,0,JON,52.5,31.3,52.0,20.0,0,0,0,0,0,0,0,0

SID,NEGA5C,19,2
CF,OJ,57.696389,14.031167,0,JON,191.0,4.0,193.0,3.0,0,0,0,0,0,0,0,1
CI,1, ,0.0,23.0,0,0,0,0,0,0,0,0
CF,NEGAS,58.037833,14.893111,0,JON,52.5,31.3,52.0,24.0,0,0,0,0,0,0,0,0

STAR,DEVN3K,01,5
IF,DEVNI,57.216611,13.926778, ,0.0,0.0,2,10000,0,0,0,0,0,0
TF,GJ721,57.465694,13.942056,0, ,0.0,0.0,0.0,0.0,2,5000,0,0,0,0,0,0
TF,GOLAV,57.558361,13.947778,0, ,0.0,0.0,0.0,0.0,2,2800,0,0,0,0,0,0

STAR,DEVN3L,19,5
IF,DEVNI,57.216611,13.926778, ,0.0,0.0,2,10000,0,0,0,0,0,0
TF,GJ720,57.576417,13.796139,0, ,0.0,0.0,0.0,0.0,2,5000,0,0,0,0,0,0
TF,GJ870,57.982528,14.042278,0, ,0.0,0.0,0.0,0.0,0,0,0,0,0,0,0,0
TF,BAMAX,57.956694,14.191000,0, ,0.0,0.0,0.0,0.0,2,2800,0,1,210,0,0,0

STAR,DEVN5E,01,2
IF,DEVNI,57.216611,13.926778, ,0.0,0.0,0,0,0,0,0,0,0,0
TF,D183Q,57.480475,13.992369,0, ,0.0,0.0,0.0,0.0,0,0,0,0,0,0,0,1
CI,0, ,0.0,328.0,0,0,0,0,0,0,0,0
CF,CI01,57.616575,13.983042,0,JON,192.1,9.1,13.0,5.0,0,0,0,0,0,0,0,0

STAR,DEVN5F,19,2
IF,DEVNI,57.216611,13.926778, ,0.0,0.0,0,0,0,0,0,0,0,0
TF,D183Q,57.480475,13.992369,0, ,0.0,0.0,0.0,0.0,0,0,0,0,0,0,0,0
TF,D183M,57.546356,14.009456,0, ,0.0,0.0,0.0,0.0,0,0,0,0,0,0,0,0
CI,0, ,0.0,3.0,0,0,0,0,0,0,0,0
AF,D025K,57.918736,14.237283,1,JON,25.0,11.0,183.0,0,0,0,0,0,0,0,1
CF,CI19,57.865181,14.134661,0,JON,14.4,6.7,193.0,3.0,0,0,0,1,210,0,0,0

STAR,NEGA3K,01,5
IF,NEGAS,58.037833,14.893111, ,0.0,0.0,2,10000,0,0,0,0,0,0
TF,IXOLA,57.770028,14.466139,0, ,0.0,0.0,0.0,0.0,2,5000,0,0,0,0,0,0
TF,GJ570,57.532667,14.094861,0, ,0.0,0.0,0.0,0.0,0,0,0,0,0,0,0,0
TF,GOLAV,57.558361,13.947778,0, ,0.0,0.0,0.0,0.0,2,2800,0,1,210,0,0,0

STAR,NEGA3L,19,5
IF,NEGAS,58.037833,14.893111, ,0.0,0.0,2,10000,0,0,0,0,0,0
TF,GJ420,57.979472,14.384639,0, ,0.0,0.0,0.0,0.0,2,5000,0,0,0,0,0,0
TF,BAMAX,57.956694,14.191000,0, ,0.0,0.0,0.0,0.0,2,2800,0,0,0,0,0,0

STAR,NEGA5E,01,2
IF,NEGAS,58.037833,14.893111, ,0.0,0.0,0,0,0,0,0,0,0,0
TF,D052M,57.877725,14.405725,0, ,0.0,0.0,0.0,0.0,0,0,0,0,0,0,0,0
CI,0, ,0.0,232.0,0,0,0,0,0,0,0,0
AF,D181K,57.578519,14.029822,2,JON,181.0,11.0,52.0,0,0,0,0,0,0,0,1
CF,CI01,57.616575,13.983042,0,JON,192.1,9.1,13.0,2.0,0,0,0,1,210,0,0,0

STAR,NEGA5F,19,2
IF,NEGAS,58.037833,14.893111, ,0.0,0.0,0,0,0,0,0,0,0,0
TF,D052M,57.877725,14.405725,0, ,0.0,0.0,0.0,0.0,0,0,0,0,0,0,0,0
CI,0, ,0.0,232.0,0,0,0,0,0,0,0,0
AF,D025K,57.918736,14.237283,1,JON,25.0,11.0,52.0,0,0,0,0,0,0,0,0
CF,CI19,57.865181,14.134661,0,JON,14.4,6.7,193.0,3.0,0,0,0,1,210,0,0,0

APPTR,I01,01,GOLAV
IF,GOLAV,57.558361,13.947778, ,0.0,0.0,0,0,0,0,0,0,1,0
TF,CI01,57.616575,13.983042,0,SGJ,0.0,0.0,0.0,0.0,2,2800,0,0,0,0,0,0

APPTR,I01,01,OJ
IF,OJ,57.696389,14.031167, ,0.0,0.0,0,0,0,0,0,0,0,0
HF,OJ,57.696389,14.031167,2, ,0.0,0.0,13.0,08.6,2,2800,0,0,0,0,0,0,0

FINAL,I01,01,I,3
IF,CI01,57.616575,13.983042,SGJ,193.1,9.6,2,2800,0,0,0,0,0,0
CF,FI01,57.648206,14.002200,0,SGJ,193.1,7.6,13.0,2.0,1,2800,0,0,0,0,2,0
CF,RW01,57.748189,14.062989,0,SGJ,193.1,1.3,13.0,6.3,1,790,0,0,0,0,3,0
FA,RW01,57.748189,14.062989,0,JON,0.0,0.0,13.0,2,1500,0,0,0,0,0,0
DF,OJ,57.696389,14.031167,1, ,0.0,0.0,1,2800,0,1,240,0,0,0

APPTR,I19,19,BAMAX
IF,BAMAX,57.956694,14.191000, ,0.0,0.0,0,0,0,0,0,0,1,0
TF,CI19,57.865181,14.134661,0,SJ,0.0,0.0,0.0,0.0,2,2800,0,0,0,0,0,0

APPTR,I19,19,OA1
HF,OA,57.827056,14.112333,2, ,0.0,0.0,193.0,04.3,2,2800,0,0,0,0,0,0,0

APPTR,I19,19,OA2
HF,OA,57.827056,14.112333,2, ,0.0,0.0,193.0,04.3,2,2800,0,0,0,0,0,0,0

APPTR,I19,19,OA3
HF,OA,57.827056,14.112333,2, ,0.0,0.0,193.0,04.3,2,2800,0,0,0,0,0,0,0

FINAL,I19,19,I,3
IF,CI19,57.865181,14.134661,SJ,13.1,7.6,1,2800,0,0,0,0,0,0
CF,OA,57.827056,14.112333,0,SJ,13.5,5.2,193.0,2.4,1,2005,0,0,0,0,2,0
CF,RW19,57.766997,14.074469,0,SJ,13.1,1.4,193.0,3.8,1,790,0,0,0,0,3,0
FA,RW19,57.766997,14.074469,0,JON,0.0,0.0,193.0,2,1500,0,0,0,0,0,0
DF,OA,57.827056,14.112333,2, ,0.0,0.0,1,2800,0,1,250,0,0,0

APPTR,N19,19,OA
IF,OA,57.827056,14.112333, ,0.0,0.0,0,0,0,0,0,0,1,0
HF,OA,57.827056,14.112333,2, ,0.0,0.0,194.0,04.3,2,2800,0,0,0,0,0,0,0

FINAL,N19,19,N,3
IF,CN19,57.866358,14.137728,OA,0.0,0.0,2,2800,0,0,0,0,0,0
CF,OA,57.827056,14.112333,0,OA,0.0,0.0,194.0,2.5,2,2010,0,0,0,0,2,0
CF,RW19,57.766997,14.074469,0,OA,0.0,0.0,194.0,3.8,1,790,0,0,0,0,3,0
FA,RW19,57.766997,14.074469,0,JON,0.0,0.0,194.0,2,1500,0,0,0,0,0,0
DF,OA,57.827056,14.112333,2, ,0.0,0.0,1,2800,0,1,210,0,0,0

FINAL,Q01,01,N,4
IF,FQ01,57.649025,14.002464,OJ,0.0,0.0,2,2800,0,0,0,0,2,0
CF,OJ,57.696389,14.031167,0,OJ,0.0,0.0,13.0,3.0,2,1830,0,0,0,0,0,0
CF,23DME,57.723406,14.047575,0,OJ,0.0,0.0,13.0,1.7,2,1290,0,0,0,0,0,0
CF,MQ01,57.745656,14.061106,0,JON,0.0,0.9,13.0,1.4,1,843,0,0,0,0,3,0
FA,MQ01,57.745656,14.061106,0,JON,0.0,0.0,13.0,2,1500,0,0,0,0,0,0
DF,OJ,57.696389,14.031167,1, ,0.0,0.0,1,2800,0,1,210,0,0,0

APPTR,R01,01,GJ742
IF,GJ742,57.583944,13.800528, ,0.0,0.0,2,3200,0,0,0,0,1,0
TF,GOLAV,57.558361,13.947778,0, ,0.0,0.0,0.0,0.0,2,2800,0,0,0,0,1,0

FINAL,R01,01,R,3
IF,GOLAV,57.558361,13.947778, ,0.0,0.0,2,2800,0,0,0,0,0,0
TF,GJ740,57.653000,14.005056,0, ,0.0,0.0,13.0,6.0,1,2700,0,0,0,0,2,0
TF,RW01,57.748189,14.062989,0, ,0.0,0.0,13.0,6.0,1,784,0,0,0,0,3,1
CF,GJ541,57.827222,14.111333,0,JON,15.1,4.3,13.0,5.0,0,0,0,0,0,0,0,1
DF,IXOLA,57.770028,14.466139,2, ,0.0,0.0,2,5000,0,0,0,0,0,1
HM,IXOLA,57.770028,14.466139,2, ,0.0,0.0,215.0,04.3,2,5000,0,1,200,0,0,0,0

APPTR,R19,19,GJ542
IF,GJ542,58.035667,14.239889, ,0.0,0.0,2,3200,0,0,0,0,1,0
TF,BAMAX,57.956694,14.191000,0, ,0.0,0.0,0.0,0.0,2,2800,0,0,0,0,1,0

FINAL,R19,19,R,3
IF,BAMAX,57.956694,14.191000, ,0.0,0.0,2,2800,0,0,0,0,0,0
TF,GJ540,57.861917,14.132611,0, ,0.0,0.0,193.0,6.0,1,2700,0,0,0,0,2,0
TF,RW19,57.766997,14.074469,0, ,0.0,0.0,193.0,6.0,1,789,0,0,0,0,3,1
CF,GJ741,57.687944,14.026306,0,JON,191.1,4.5,193.0,5.0,0,0,0,0,0,0,0,1
DF,IXOLA,57.770028,14.466139,1, ,0.0,0.0,2,5000,0,0,0,0,0,1
HM,IXOLA,57.770028,14.466139,2, ,0.0,0.0,215.0,04.3,2,5000,0,1,200,0,0,0,0

