SID,LAGI5B,16,2
CA,0,146.0,2,500,0,0,0,0,0,0
CI,0, ,0.0,176.0,0,0,0,1,205,0,0,0
CF,D151C,56.639397,16.319492,0,KAL,151.0,3.0,151.0,2.0,0,0,0,0,0,0,0,1
CI,2, ,0.0,260.0,0,0,0,0,0,0,0,0
CF,LAGIS,56.554944,15.937000,0,KAL,229.9,13.9,230.0,4.0,0,0,0,0,0,0,0,0

SID,LATV5B,16,2
CA,0,146.0,2,500,0,0,0,0,0,0
CI,0, ,0.0,176.0,0,0,0,1,205,0,0,0
CF,D151C,56.639397,16.319492,0,KAL,151.0,3.0,151.0,2.0,0,0,0,0,0,0,0,1
CI,1, ,0.0,5.0,0,0,0,0,0,0,0,0
CF,LATVI,56.883611,16.602333,0,KAL,35.3,15.9,35.0,6.0,0,0,0,0,0,0,0,0

SID,LATV5C,34,2
CD, ,0,0,0,KAL,0,0.0,326.0,3.0,0,0,0,0,0,0,0,0
CI,2, ,0.0,65.0,0,0,0,0,0,0,0,0
CF,LATVI,56.883611,16.602333,0,KAL,35.3,15.9,35.0,6.0,0,0,0,0,0,0,0,0

SID,MOVI3B,16,2
CA,0,146.0,2,500,0,0,0,0,0,0
CI,0, ,0.0,176.0,0,0,0,1,205,0,0,0
CF,D151C,56.639397,16.319492,0,KAL,151.0,3.0,151.0,2.0,0,0,0,0,0,0,0,1
CI,1, ,0.0,328.0,0,0,0,0,0,0,0,0
CF,MOVIS,57.219361,16.347250,0,KAL,357.7,32.2,358.0,25.0,0,0,0,0,0,0,0,0

SID,MOVI3C,34,2
CD, ,0,0,0,KAL,0,0.0,326.0,3.0,0,0,0,0,0,0,0,0
CI,0, ,0.0,28.0,0,0,0,0,0,0,0,0
CF,MOVIS,57.219361,16.347250,0,KAL,357.7,32.2,358.0,27.0,0,0,0,0,0,0,0,0

SID,TILS5B,16,2
CA,0,146.0,2,500,0,0,0,0,0,0
CI,0, ,0.0,176.0,0,0,0,1,205,0,0,0
CF,D151C,56.639397,16.319492,0,KAL,151.0,3.0,151.0,2.0,0,0,0,0,0,0,0,1
CI,2, ,0.0,315.0,0,0,0,0,0,0,0,0
CF,TILSA,56.771694,15.871833,0,KAL,285.0,14.6,285.0,6.0,0,0,0,0,0,0,0,0

STAR,LAGI6E,16,2
IF,LAGIS,56.554944,15.937000, ,0.0,0.0,0,0,0,0,0,0,0,0
TF,D230M,56.563617,15.959933,0, ,0.0,0.0,0.0,0.0,0,0,0,0,0,0,0,0
CI,0, ,0.0,50.0,0,0,0,0,0,0,0,0
AF,D316K,56.829328,16.078667,2,KAL,316.0,11.0,230.0,0,0,0,0,0,0,0,1
CF,CF16,56.815514,16.162447,0,KAL,326.9,8.8,146.0,3.0,2,2000,0,1,210,0,0,0

STAR,LAGI7F,34,2
IF,LAGIS,56.554944,15.937000, ,0.0,0.0,0,0,0,0,0,0,0,0
TF,D230L,56.573008,15.984794,0, ,0.0,0.0,0.0,0.0,0,0,0,0,0,0,0,0
CI,0, ,0.0,50.0,0,0,0,0,0,0,0,0
AF,D157J,56.526247,16.372094,1,KAL,157.0,10.0,230.0,0,0,0,0,0,0,0,1
CF,FD34,56.591669,16.382083,0,KAL,144.0,6.5,324.0,4.0,2,2000,0,1,210,0,0,0

STAR,LATV6E,16,2
IF,LATVI,56.883611,16.602333, ,0.0,0.0,0,0,0,0,0,0,0,0
TF,D035M,56.847628,16.544236,0, ,0.0,0.0,0.0,0.0,0,0,0,0,0,0,0,0
CI,0, ,0.0,215.0,0,0,0,0,0,0,0,0
AF,D337K,56.860247,16.186467,1,KAL,337.0,11.0,35.0,0,0,0,0,0,0,0,1
CF,CF16,56.815514,16.162447,0,KAL,326.9,8.8,146.0,3.0,2,2000,0,1,210,0,0,0

STAR,LATV7F,34,2
IF,LATVI,56.883611,16.602333, ,0.0,0.0,0,0,0,0,0,0,0,0
TF,D035L,56.835164,16.524147,0, ,0.0,0.0,0.0,0.0,0,0,0,0,0,0,0,0
CI,0, ,0.0,215.0,0,0,0,0,0,0,0,0
AF,D131J,56.563525,16.489547,2,KAL,131.0,10.0,35.0,0,0,0,0,0,0,0,1
CF,FD34,56.591669,16.382083,0,KAL,144.0,6.5,324.0,3.0,2,2000,0,1,210,0,0,0

STAR,MOVI4E,16,2
IF,MOVIS,57.219361,16.347250, ,0.0,0.0,0,0,0,0,0,0,0,0
TF,D358P,56.950886,16.315281,0, ,0.0,0.0,0.0,0.0,2,5000,0,0,0,0,0,1
TF,D358M,56.901094,16.309403,0, ,0.0,0.0,0.0,0.0,0,0,0,0,0,0,0,0
CI,0, ,0.0,178.0,0,0,0,1,210,0,0,0
AF,D337K,56.860247,16.186467,1,KAL,337.0,11.0,358.0,0,0,0,0,0,0,0,0
CF,CF16,56.815514,16.162447,0,KAL,326.9,8.8,146.0,4.0,2,2000,0,1,210,0,0,0

STAR,TILS6E,16,2
IF,TILSA,56.771694,15.871833, ,0.0,0.0,0,0,0,0,0,0,0,0
TF,D285M,56.762386,15.916667,0, ,0.0,0.0,0.0,0.0,0,0,0,0,0,0,0,0
CI,0, ,0.0,105.0,0,0,0,0,0,0,0,0
AF,D316K,56.829328,16.078667,2,KAL,316.0,11.0,285.0,0,0,0,0,0,0,0,1
CF,CF16,56.815514,16.162447,0,KAL,326.9,8.8,146.0,3.0,2,2000,0,1,210,0,0,0

FINAL,D34,34,D,3
IF,FD34,56.591669,16.382083,KAL,144.0,6.5,2,2000,0,0,0,0,2,0
CF,20VOR,56.656522,16.314306,0,KAL,144.0,2.0,324.0,4.5,2,580,0,0,0,0,0,0
CF,RW34,56.680536,16.292275,0,KAL,130.9,0.4,324.0,1.6,1,66,0,0,0,0,3,0
CF,KAL,56.685333,16.284111,0,KAL,0.0,0.0,324.0,0.4,0,0,0,0,0,0,0,1
FA,KAL,56.685333,16.284111,0,KAL,0.0,0.0,324.0,2,1500,0,0,0,0,0,0
DF,KAL,56.685333,16.284111,1, ,0.0,0.0,1,2000,0,1,220,0,0,0

APPTR,I16-Y,16,KM1
HF,KM,56.747417,16.227778,2, ,0.0,0.0,146.0,04.3,2,2000,0,0,0,0,1,0,0

APPTR,I16-Y,16,KM2
HF,KM,56.747417,16.227778,2, ,0.0,0.0,146.0,04.3,2,2000,0,0,0,0,1,0,0

APPTR,I16-Y,16,KM3
HF,KM,56.747417,16.227778,2, ,0.0,0.0,146.0,04.3,2,2000,0,0,0,0,1,0,0

FINAL,I16-Y,16,I,3
IF,CF16,56.815514,16.162447,MQ,326.2,9.5,2,2000,0,0,0,0,0,0
CF,KM,56.747417,16.227778,0,MQ,326.1,4.9,146.0,4.6,1,1170,0,0,0,0,2,0
CF,RW16,56.696819,16.276658,0,MQ,326.2,1.4,146.0,3.4,1,68,0,0,0,0,3,0
CA,0,146.0,2,1500,0,0,0,0,0,0
DF,KM,56.747417,16.227778,2, ,0.0,0.0,1,2000,0,0,0,0,0,0

FINAL,I16-Z,16,I,3
IF,CF16,56.815514,16.162447,MQ,326.2,9.5,2,2000,0,0,0,0,0,0
CF,FI16Z,56.786117,16.190811,0,MQ,326.2,7.5,146.0,2.0,1,2000,0,0,0,0,2,0
CF,RW16,56.696819,16.276658,0,MQ,326.2,1.4,146.0,6.1,1,68,0,0,0,0,3,0
CA,0,146.0,2,1500,0,0,0,0,0,0
DF,KAL,56.685333,16.284111,2, ,0.0,0.0,1,2000,0,0,0,0,0,0

APPTR,N16,16,KM1
HF,KM,56.747417,16.227778,2, ,0.0,0.0,146.0,04.3,2,2000,0,0,0,0,1,0,0

APPTR,N16,16,KM2
HF,KM,56.747417,16.227778,2, ,0.0,0.0,146.0,04.3,2,2000,0,0,0,0,1,0,0

APPTR,N16,16,KM3
HF,KM,56.747417,16.227778,2, ,0.0,0.0,146.0,04.3,2,2000,0,0,0,0,1,0,0

FINAL,N16,16,N,3
IF,CF16,56.815514,16.162447,KM,0.0,0.0,2,2000,0,0,0,0,0,0
CF,KM,56.747417,16.227778,0,KM,0.0,0.0,146.0,4.6,2,1170,0,0,0,0,2,0
CF,RW16,56.696819,16.276658,0,KM,0.0,0.0,146.0,3.4,1,68,0,0,0,0,3,0
FA,RW16,56.696819,16.276658,0,KAL,0.0,0.0,146.0,2,1500,0,0,0,0,0,0
DF,KM,56.747417,16.227778,2, ,0.0,0.0,1,2000,0,0,0,0,0,0

APPTR,R16,16,MQ851
IF,MQ851,56.918306,16.062750, ,0.0,0.0,2,2800,0,0,0,0,1,0
TF,MQ850,56.859556,16.119778,0, ,0.0,0.0,0.0,0.0,2,2000,0,0,0,0,1,0

APPTR,R16,16,MQ852
IF,MQ852,56.820500,15.985806, ,0.0,0.0,2,2800,0,0,0,0,1,0
TF,MQ850,56.859556,16.119778,0, ,0.0,0.0,0.0,0.0,2,2000,0,1,220,0,1,0

APPTR,R16,16,MQ853
IF,MQ853,56.898472,16.254000, ,0.0,0.0,2,2000,0,0,0,0,1,0
TF,MQ850,56.859556,16.119778,0, ,0.0,0.0,0.0,0.0,2,2000,0,1,220,0,1,0

FINAL,R16,16,R,3
IF,MQ850,56.859556,16.119778, ,0.0,0.0,2,2000,0,0,0,0,0,0
TF,MQ854,56.786083,16.190806,0, ,0.0,0.0,146.0,5.0,1,2000,0,0,0,0,2,0
TF,RW16,56.696819,16.276658,0, ,0.0,0.0,146.0,6.1,1,68,0,0,0,0,3,1
CF,MQ550,56.591111,16.377750,0,KAL,145.3,6.5,146.0,7.2,0,0,0,1,200,0,0,1
DF,EMKAS,56.638611,16.146944,2, ,0.0,0.0,2,2000,0,0,0,0,0,1
HM,EMKAS,56.638611,16.146944,2, ,0.0,0.0,146.0,04.3,2,2000,0,1,210,0,0,0,0

APPTR,R34,34,DIXOT
IF,DIXOT,56.494528,16.299694, ,0.0,0.0,2,2000,0,0,0,0,1,0
TF,SULAX,56.533306,16.432750,0, ,0.0,0.0,0.0,0.0,2,2000,0,1,200,0,1,0

APPTR,R34,34,GOPNI
IF,GOPNI,56.474417,16.488694, ,0.0,0.0,2,2000,0,0,0,0,1,0
TF,SULAX,56.533306,16.432750,0, ,0.0,0.0,0.0,0.0,2,2000,0,0,0,0,1,0

APPTR,R34,34,TESVI
IF,TESVI,56.571944,16.566083, ,0.0,0.0,2,2000,0,0,0,0,1,0
TF,SULAX,56.533306,16.432750,0, ,0.0,0.0,0.0,0.0,2,2000,0,1,200,0,1,0

FINAL,R34,34,R,3
IF,SULAX,56.533306,16.432750, ,0.0,0.0,2,2000,0,0,0,0,0,0
TF,MQ550,56.591111,16.377750,0, ,0.0,0.0,326.0,3.9,1,2000,0,0,0,0,2,0
TF,RW34,56.680536,16.292275,0, ,0.0,0.0,326.0,6.1,1,66,0,0,0,0,3,1
DF,MQ900,56.747500,16.228139,0, ,0.0,0.0,0,0,0,1,200,0,0,1
DF,EMKAS,56.638611,16.146944,1, ,0.0,0.0,2,2000,0,0,0,0,0,1
HM,EMKAS,56.638611,16.146944,2, ,0.0,0.0,146.0,04.3,2,2000,0,1,210,0,0,0,0

