APPTR,L16,16,D333K
IF,D333K,60.326564,12.851508, ,0.0,0.0,2,3400,0,0,0,0,1,0
CF,CL16,60.295828,12.877050,0,NST,332.7,9.6,153.0,2.0,2,3000,0,0,0,0,1,0

APPTR,L16,16,TH
HF,TH,60.262972,12.900417,2, ,0.0,0.0,153.0,03.1,2,3000,0,0,0,0,0,0,0

FINAL,L16,16,D,5
IF,CL16,60.295828,12.877050,NST,332.7,9.6,2,3000,0,0,0,0,0,0
CF,FL16,60.263553,12.903817,0,NST,332.7,7.5,153.0,2.1,2,2800,0,0,0,0,2,0
CF,38LOC,60.215894,12.943236,0,NST,332.7,4.4,153.0,3.1,2,1620,0,0,0,0,0,0
CF,24LOC,60.194369,12.961000,0,NST,332.7,3.0,153.0,1.4,2,1120,0,0,0,0,0,0
CF,ML16,60.172839,12.978742,0,NST,332.7,1.6,153.0,1.4,1,615,0,0,0,0,3,0
CA,0,153.0,2,2000,0,0,0,0,0,0
DF,TH,60.262972,12.900417,1, ,0.0,0.0,1,3000,0,0,0,0,0,0
HM,TH,60.262972,12.900417,2, ,0.0,0.0,153.0,04.3,2,3000,0,0,0,0,0,0,0

APPTR,L34,34,D153L
IF,D153L,59.972781,13.142303, ,0.0,0.0,2,3400,0,0,0,0,1,0
CF,CL34,60.034356,13.092194,0,ST,152.7,8.6,333.0,4.0,2,2300,0,0,0,0,1,0

FINAL,L34,34,D,4
IF,CL34,60.034356,13.092194,ST,152.7,8.6,2,2300,0,0,0,0,0,0
CF,FF34,60.074369,13.059522,0,ST,152.7,6.0,333.0,2.6,2,2300,0,0,0,0,2,0
CF,30LOC,60.111297,13.029292,0,ST,152.7,3.6,333.0,2.4,2,1400,0,0,0,0,0,0
CF,ML34,60.132836,13.011628,0,ST,152.7,2.2,333.0,1.4,1,878,0,0,0,0,3,0
CA,0,333.0,2,2000,0,0,0,0,0,0
DF,TY,60.098611,13.037972,2, ,0.0,0.0,1,2300,0,0,0,0,0,0
HM,TY,60.098611,13.037972,1, ,0.0,0.0,333.0,04.3,2,2300,0,0,0,0,0,0,0

APPTR,N16,16,TH
HF,TH,60.262972,12.900417,2, ,0.0,0.0,153.0,04.3,2,3000,0,0,0,0,0,0,0

FINAL,N16,16,N,2
IF,TH,60.262972,12.900417,TH,0.0,0.0,2,2800,0,0,0,0,2,0
CF,RW16,60.163975,12.986042,0,TH,0.0,0.0,153.0,6.5,1,400,0,0,0,0,3,0
CA,0,153.0,2,2000,0,0,0,0,0,0
DF,TH,60.262972,12.900417,1, ,0.0,0.0,1,3000,0,0,0,0,0,0
HM,TH,60.262972,12.900417,2, ,0.0,0.0,153.0,04.3,2,3000,0,0,0,0,0,0,0

APPTR,N34,34,TY
HF,TY,60.098611,13.037972,1, ,0.0,0.0,333.0,04.3,2,2300,0,0,0,0,0,0,0

FINAL,N34,34,N,2
IF,TY,60.098611,13.037972,TY,0.0,0.0,2,1700,0,0,0,0,2,0
CF,RW34,60.150769,12.996903,0,TY,0.0,0.0,333.0,3.4,1,444,0,0,0,0,3,0
CA,0,333.0,2,2100,0,0,0,0,0,0
DF,TY,60.098611,13.037972,2, ,0.0,0.0,1,2300,0,0,0,0,0,0
HM,TY,60.098611,13.037972,1, ,0.0,0.0,333.0,04.3,2,2300,0,0,0,0,0,0,0

APPTR,R16,16,IDMUK
IF,IDMUK,60.325250,12.689361, ,0.0,0.0,2,3300,0,0,0,0,1,0
TF,ST850,60.353861,12.828778,0, ,0.0,0.0,0.0,0.0,2,2800,0,0,0,0,1,0

APPTR,R16,16,OLGOL
IF,OLGOL,60.415306,12.777472, ,0.0,0.0,2,3600,0,0,0,0,1,0
TF,ST850,60.353861,12.828778,0, ,0.0,0.0,0.0,0.0,2,2800,0,0,0,0,1,0

APPTR,R16,16,XENBU
IF,XENBU,60.382333,12.968444, ,0.0,0.0,2,3400,0,0,0,0,1,0
TF,ST850,60.353861,12.828778,0, ,0.0,0.0,0.0,0.0,2,2800,0,0,0,0,1,0

FINAL,R16,16,R,3
IF,ST850,60.353861,12.828778, ,0.0,0.0,2,2800,0,0,0,0,0,0
TF,LEBTU,60.263306,12.904028,0, ,0.0,0.0,153.0,5.9,1,2800,0,0,0,0,2,0
TF,RW16,60.163975,12.986042,0, ,0.0,0.0,153.0,6.5,1,400,0,0,0,0,3,1
TF,ST550,60.098917,13.039444,0, ,0.0,0.0,0.0,0.0,0,0,0,0,0,0,0,1
DF,LEBTU,60.263306,12.904028,1, ,0.0,0.0,2,3000,0,0,0,0,0,1
HM,LEBTU,60.263306,12.904028,2, ,0.0,0.0,153.0,04.3,2,3000,0,0,0,0,0,0,0

APPTR,R34,34,GIXAK
IF,GIXAK,59.955778,12.995056, ,0.0,0.0,2,3000,0,0,0,0,1,0
TF,ST551,59.984083,13.133194,0, ,0.0,0.0,0.0,0.0,2,2300,0,0,0,0,1,0

APPTR,R34,34,RETGU
IF,RETGU,59.922500,13.183167, ,0.0,0.0,2,3300,0,0,0,0,1,0
TF,ST551,59.984083,13.133194,0, ,0.0,0.0,0.0,0.0,2,2300,0,0,0,0,1,0

APPTR,R34,34,UVTUK
IF,UVTUK,60.012222,13.271556, ,0.0,0.0,2,3400,0,0,0,0,1,0
TF,ST551,59.984083,13.133194,0, ,0.0,0.0,0.0,0.0,2,2300,0,0,0,0,1,0

FINAL,R34,34,R,3
IF,ST551,59.984083,13.133194, ,0.0,0.0,2,2300,0,0,0,0,0,0
TF,ST552,60.061028,13.070444,0, ,0.0,0.0,333.0,5.0,1,2300,0,0,0,0,2,0
TF,RW34,60.150769,12.996903,0, ,0.0,0.0,333.0,5.8,1,444,0,0,0,0,3,1
DF,LEBTU,60.263306,12.904028,0, ,0.0,0.0,1,3000,0,0,0,0,0,1
HM,LEBTU,60.263306,12.904028,2, ,0.0,0.0,153.0,04.3,2,3000,0,0,0,0,0,0,0

