SID,HB11,26,2
CA,0,254.0,2,2500,0,0,0,0,0,0
CF,D088T,52.204644,8.818478,0,WRB,343.6,43.4,216.0,5.0,0,0,0,0,0,0,0,0
TF,OSN,52.200136,8.285519,0, ,0.0,0.0,0.0,0.0,0,0,0,0,0,0,0,0

SID,HB12,26,2
CR,0,BMN,173.0,254.0,2,2500,0,0,0,0,0,0
CF,BMN41,52.364819,8.818783,2,BMN,175.0,41.0,355.0,5.0,2,4000,0,0,0,0,0,0

SID,HB13,26,2
CA,0,254.0,2,2500,0,0,0,0,0,0
DF,BYC,52.291089,9.090972,2, ,0.0,0.0,0,0,0,0,0,0,0,0
TF,ROBEG,52.233617,9.269619,0, ,0.0,0.0,0.0,0.0,0,0,0,0,0,0,0,0

SID,HB31,08,2
CR,0,NIE,187.0,74.0,2,3000,0,0,0,0,0,0
CF,ROBEG,52.233617,9.269619,2,WRB,5.6,44.1,187.0,3.0,0,0,0,1,150,0,0,0
TF,OSN,52.200136,8.285519,0, ,0.0,0.0,0.0,0.0,0,0,0,1,150,0,0,0

SID,HB32,08,2
CR,0,NIE,190.0,74.0,2,2500,0,0,0,0,0,0
CF,D188Q,52.354358,9.285800,0,WRB,5.2,51.4,8.0,3.0,2,4000,0,1,150,0,0,0

SID,HB33,08,2
CA,0,74.0,2,2500,0,0,0,0,0,0
DF,BYC,52.291089,9.090972,1, ,0.0,0.0,0,0,0,1,150,0,0,1
CI,1, ,0.0,86.0,0,0,0,1,150,0,0,0
CF,ROBEG,52.233617,9.269619,0,WRB,5.6,44.1,115.0,3.0,0,0,0,1,150,0,0,0

FINAL,I26,26,I,3
IF,CI26,52.305417,9.283558,IBBW,74.6,8.2,2,2000,0,0,0,0,0,0
CF,FI26,52.298342,9.230497,0,IBBW,74.6,6.2,254.0,2.0,1,2000,0,0,0,0,2,0
CF,RW26,52.280197,9.095297,0,IBBW,74.6,1.1,254.0,5.1,1,267,0,0,0,0,3,0
FA,RW26,52.280197,9.095297,0,HLZ,0.0,0.0,254.0,2,1500,0,0,0,0,0,0
VM,0,0,2,350.0,1,2000,0,0,0,0,0,0

APPTR,N08-A,08,BYC
IF,BYC,52.291089,9.090972, ,0.0,0.0,2,2600,0,0,0,0,1,0
FC,BYC,52.291089,9.090972,0,HLZ,0.0,0.0,360.0,3.5,2,1800,0,0,0,0,0,1
CF,FF205,52.342514,9.135625,2,HLZ,267.5,61.1,205.0,1.0,2,1800,0,0,0,0,0,0

APPTR,N08-A,08,DP
IF,DP,52.591661,8.453419, ,0.0,0.0,0,0,0,0,0,0,0,0
TF,BYC,52.291089,9.090972,0, ,0.0,0.0,0.0,0.0,2,2600,0,0,0,0,1,0
HF,BYC,52.291089,9.090972,2, ,0.0,0.0,5.0,04.3,2,2600,0,0,0,0,0,0,0
FC,BYC,52.291089,9.090972,0,HLZ,0.0,0.0,360.0,3.5,2,1800,0,0,0,0,0,1
CF,FF205,52.342514,9.135625,2,HLZ,267.5,61.1,205.0,1.0,2,1800,0,0,0,0,0,0

APPTR,N08-A,08,NIE
IF,NIE,52.625892,9.371992, ,0.0,0.0,0,0,0,0,0,0,0,0
TF,BYC,52.291089,9.090972,0, ,0.0,0.0,0.0,0.0,2,2600,0,0,0,0,1,0
HF,BYC,52.291089,9.090972,2, ,0.0,0.0,5.0,04.3,2,2600,0,0,0,0,0,0,0
FC,BYC,52.291089,9.090972,0,HLZ,0.0,0.0,360.0,3.5,2,1800,0,0,0,0,0,1
CF,FF205,52.342514,9.135625,2,HLZ,267.5,61.1,205.0,1.0,2,1800,0,0,0,0,0,0

APPTR,N08-A,08,OSN
IF,OSN,52.200136,8.285519, ,0.0,0.0,0,0,0,0,0,0,0,0
TF,BYC,52.291089,9.090972,0, ,0.0,0.0,0.0,0.0,2,2600,0,0,0,0,1,0
FC,BYC,52.291089,9.090972,0,HLZ,0.0,0.0,360.0,3.5,2,1800,0,0,0,0,0,1
CF,FF205,52.342514,9.135625,2,HLZ,267.5,61.1,205.0,1.0,2,1800,0,0,0,0,0,0

FINAL,N08-A,08,N,2
IF,FF205,52.342514,9.135625,BYC,0.0,0.0,2,1800,0,0,0,0,2,0
CF,BYC,52.291089,9.090972,0,BYC,0.0,0.0,205.0,3.5,1,850,0,0,0,0,3,0
CA,0,290.0,2,2000,0,0,0,0,0,0
DF,BYC,52.291089,9.090972,2, ,0.0,0.0,1,2600,0,0,0,0,0,0

APPTR,N08-B,08,BYC
IF,BYC,52.291089,9.090972, ,0.0,0.0,2,2600,0,0,0,0,1,0
CF,D025B,52.325492,9.118361,0,HLZ,266.6,61.7,25.0,2.3,2,1800,0,0,0,0,0,0
FC,D025B,52.325492,9.118361,0,HLZ,0.0,0.0,340.0,1.7,0,0,0,0,0,0,0,1
CF,FF205,52.342514,9.135625,2,HLZ,267.5,61.1,205.0,1.0,2,1800,0,0,0,0,0,0

APPTR,N08-B,08,DP
IF,DP,52.591661,8.453419, ,0.0,0.0,0,0,0,0,0,0,0,0
TF,BYC,52.291089,9.090972,0, ,0.0,0.0,0.0,0.0,2,2600,0,0,0,0,1,0
CF,D025B,52.325492,9.118361,1,HLZ,266.6,61.7,25.0,2.3,2,1800,0,0,0,0,0,0
FC,D025B,52.325492,9.118361,0,HLZ,0.0,0.0,340.0,1.7,0,0,0,0,0,0,0,1
CF,FF205,52.342514,9.135625,2,HLZ,267.5,61.1,205.0,1.0,2,1800,0,0,0,0,0,0

APPTR,N08-B,08,NIE
IF,NIE,52.625892,9.371992, ,0.0,0.0,0,0,0,0,0,0,0,0
TF,BYC,52.291089,9.090972,0, ,0.0,0.0,0.0,0.0,2,2600,0,0,0,0,0,0
HF,BYC,52.291089,9.090972,2, ,0.0,0.0,5.0,04.3,2,2600,0,0,0,0,1,0,0
CF,D025B,52.325492,9.118361,0,HLZ,266.6,61.7,25.0,2.3,2,1800,0,0,0,0,0,0
FC,D025B,52.325492,9.118361,0,HLZ,0.0,0.0,340.0,1.7,0,0,0,0,0,0,0,1
CF,FF205,52.342514,9.135625,2,HLZ,267.5,61.1,205.0,1.0,2,1800,0,0,0,0,0,0

APPTR,N08-B,08,OSN
IF,OSN,52.200136,8.285519, ,0.0,0.0,0,0,0,0,0,0,0,0
TF,BYC,52.291089,9.090972,0, ,0.0,0.0,0.0,0.0,2,2600,0,0,0,0,1,0
CF,D025B,52.325492,9.118361,0,HLZ,266.6,61.7,25.0,2.3,2,1800,0,0,0,0,0,0
FC,D025B,52.325492,9.118361,0,HLZ,0.0,0.0,340.0,1.7,0,0,0,0,0,0,0,1
CF,FF205,52.342514,9.135625,2,HLZ,267.5,61.1,205.0,1.0,2,1800,0,0,0,0,0,0

FINAL,N08-B,08,N,2
IF,FF205,52.342514,9.135625,BYC,0.0,0.0,2,1800,0,0,0,0,2,0
CF,BYC,52.291089,9.090972,0,BYC,0.0,0.0,205.0,3.5,1,850,0,0,0,0,3,0
CA,0,290.0,2,2000,0,0,0,0,0,0
DF,BYC,52.291089,9.090972,2, ,0.0,0.0,1,2600,0,0,0,0,0,0

APPTR,N26-A,26,BYC
IF,BYC,52.291089,9.090972, ,0.0,0.0,2,2600,0,0,0,0,1,0
FC,BYC,52.291089,9.090972,0,HLZ,0.0,0.0,360.0,3.5,2,1800,0,0,0,0,0,1
CF,FF205,52.342514,9.135625,2,HLZ,267.5,61.1,205.0,1.0,2,1800,0,0,0,0,0,0

APPTR,N26-A,26,DP
IF,DP,52.591661,8.453419, ,0.0,0.0,0,0,0,0,0,0,0,0
TF,BYC,52.291089,9.090972,0, ,0.0,0.0,0.0,0.0,2,2600,0,0,0,0,1,0
HF,BYC,52.291089,9.090972,2, ,0.0,0.0,5.0,04.3,2,2600,0,0,0,0,0,0,0
FC,BYC,52.291089,9.090972,0,HLZ,0.0,0.0,360.0,3.5,2,1800,0,0,0,0,0,1
CF,FF205,52.342514,9.135625,2,HLZ,267.5,61.1,205.0,1.0,2,1800,0,0,0,0,0,0

APPTR,N26-A,26,NIE
IF,NIE,52.625892,9.371992, ,0.0,0.0,0,0,0,0,0,0,0,0
TF,BYC,52.291089,9.090972,0, ,0.0,0.0,0.0,0.0,2,2600,0,0,0,0,1,0
HF,BYC,52.291089,9.090972,2, ,0.0,0.0,5.0,04.3,2,2600,0,0,0,0,0,0,0
FC,BYC,52.291089,9.090972,0,HLZ,0.0,0.0,360.0,3.5,2,1800,0,0,0,0,0,1
CF,FF205,52.342514,9.135625,2,HLZ,267.5,61.1,205.0,1.0,2,1800,0,0,0,0,0,0

APPTR,N26-A,26,OSN
IF,OSN,52.200136,8.285519, ,0.0,0.0,0,0,0,0,0,0,0,0
TF,BYC,52.291089,9.090972,0, ,0.0,0.0,0.0,0.0,2,2600,0,0,0,0,1,0
FC,BYC,52.291089,9.090972,0,HLZ,0.0,0.0,360.0,3.5,2,1800,0,0,0,0,0,1
CF,FF205,52.342514,9.135625,2,HLZ,267.5,61.1,205.0,1.0,2,1800,0,0,0,0,0,0

FINAL,N26-A,26,N,2
IF,FF205,52.342514,9.135625,BYC,0.0,0.0,2,1800,0,0,0,0,2,0
CF,BYC,52.291089,9.090972,0,BYC,0.0,0.0,205.0,3.5,1,850,0,0,0,0,3,0
CA,0,290.0,2,2000,0,0,0,0,0,0
DF,BYC,52.291089,9.090972,2, ,0.0,0.0,1,2600,0,0,0,0,0,0

APPTR,N26-B,26,BYC
IF,BYC,52.291089,9.090972, ,0.0,0.0,2,2600,0,0,0,0,1,0
CF,D025B,52.325492,9.118361,0,HLZ,266.6,61.7,25.0,2.3,2,1800,0,0,0,0,0,0
FC,D025B,52.325492,9.118361,0,HLZ,0.0,0.0,340.0,1.7,0,0,0,0,0,0,0,1
CF,FF205,52.342514,9.135625,2,HLZ,267.5,61.1,205.0,1.0,2,1800,0,0,0,0,0,0

APPTR,N26-B,26,DP
IF,DP,52.591661,8.453419, ,0.0,0.0,0,0,0,0,0,0,0,0
TF,BYC,52.291089,9.090972,0, ,0.0,0.0,0.0,0.0,2,2600,0,0,0,0,1,0
CF,D025B,52.325492,9.118361,1,HLZ,266.6,61.7,25.0,2.3,2,1800,0,0,0,0,0,0
FC,D025B,52.325492,9.118361,0,HLZ,0.0,0.0,340.0,1.7,0,0,0,0,0,0,0,1
CF,FF205,52.342514,9.135625,2,HLZ,267.5,61.1,205.0,1.0,2,1800,0,0,0,0,0,0

APPTR,N26-B,26,NIE
IF,NIE,52.625892,9.371992, ,0.0,0.0,0,0,0,0,0,0,0,0
TF,BYC,52.291089,9.090972,0, ,0.0,0.0,0.0,0.0,2,2600,0,0,0,0,0,0
HF,BYC,52.291089,9.090972,2, ,0.0,0.0,5.0,04.3,2,2600,0,0,0,0,1,0,0
CF,D025B,52.325492,9.118361,0,HLZ,266.6,61.7,25.0,2.3,2,1800,0,0,0,0,0,0
FC,D025B,52.325492,9.118361,0,HLZ,0.0,0.0,340.0,1.7,0,0,0,0,0,0,0,1
CF,FF205,52.342514,9.135625,2,HLZ,267.5,61.1,205.0,1.0,2,1800,0,0,0,0,0,0

APPTR,N26-B,26,OSN
IF,OSN,52.200136,8.285519, ,0.0,0.0,0,0,0,0,0,0,0,0
TF,BYC,52.291089,9.090972,0, ,0.0,0.0,0.0,0.0,2,2600,0,0,0,0,1,0
CF,D025B,52.325492,9.118361,0,HLZ,266.6,61.7,25.0,2.3,2,1800,0,0,0,0,0,0
FC,D025B,52.325492,9.118361,0,HLZ,0.0,0.0,340.0,1.7,0,0,0,0,0,0,0,1
CF,FF205,52.342514,9.135625,2,HLZ,267.5,61.1,205.0,1.0,2,1800,0,0,0,0,0,0

FINAL,N26-B,26,N,2
IF,FF205,52.342514,9.135625,BYC,0.0,0.0,2,1800,0,0,0,0,2,0
CF,BYC,52.291089,9.090972,0,BYC,0.0,0.0,205.0,3.5,1,850,0,0,0,0,3,0
CA,0,290.0,2,2000,0,0,0,0,0,0
DF,BYC,52.291089,9.090972,2, ,0.0,0.0,1,2600,0,0,0,0,0,0

APPTR,R08,08,PEKUV
IF,PEKUV,52.166167,8.760667, ,0.0,0.0,0,0,0,0,0,0,1,0
TF,HB400,52.231211,8.736847,0, ,0.0,0.0,0.0,0.0,2,3000,0,0,0,0,1,0

APPTR,R08,08,UBOBU
IF,UBOBU,52.296167,8.713000, ,0.0,0.0,0,0,0,0,0,0,1,0
TF,HB400,52.231211,8.736847,0, ,0.0,0.0,0.0,0.0,2,3000,0,0,0,0,1,0

FINAL,R08,08,R,3
IF,HB400,52.231211,8.736847, ,0.0,0.0,2,3000,0,0,0,0,0,0
TF,TAKAX,52.245833,8.842667,0, ,0.0,0.0,74.0,4.0,1,3000,0,0,0,0,2,0
TF,RW08,52.276972,9.071408,0, ,0.0,0.0,74.0,8.6,1,274,0,0,0,0,3,1
CF,HB410,52.287375,9.148603,0,HLZ,264.3,60.8,74.0,2.9,0,0,0,0,0,0,0,1
DF,HB411,52.301300,9.174728,0, ,0.0,0.0,0,0,0,0,0,0,0,0
CF,HB412,52.349319,9.203714,0,HLZ,267.8,58.6,17.0,3.1,0,0,0,0,0,0,0,1
DF,UBOBU,52.296167,8.713000,1, ,0.0,0.0,1,4000,0,0,0,0,0,0

APPTR,R26,26,BYC
IF,BYC,52.291089,9.090972, ,0.0,0.0,0,0,0,0,0,0,1,0
TF,HB450,52.212258,9.210803,0, ,0.0,0.0,0.0,0.0,2,3000,0,0,0,0,0,0
TF,HB451,52.221619,9.342553,0, ,0.0,0.0,0.0,0.0,2,3000,0,0,0,0,0,0
TF,HB452,52.296428,9.348500,0, ,0.0,0.0,0.0,0.0,1,3000,0,0,0,0,1,0

APPTR,R26,26,VABMA
IF,VABMA,52.155167,9.337167, ,0.0,0.0,0,0,0,0,0,0,1,0
TF,HB451,52.221619,9.342553,0, ,0.0,0.0,0.0,0.0,2,3000,0,0,0,0,0,0
TF,HB452,52.296428,9.348500,0, ,0.0,0.0,0.0,0.0,1,3000,0,0,0,0,1,0

FINAL,R26,26,R,3
IF,HB452,52.296428,9.348500, ,0.0,0.0,1,3000,0,0,0,0,0,0
TF,XALOR,52.299667,9.240000,0, ,0.0,0.0,269.0,4.0,1,2000,0,0,0,0,2,0
TF,RW26,52.280197,9.095297,0, ,0.0,0.0,254.0,5.5,1,262,0,0,0,0,3,1
CF,HB460,52.269444,9.015808,0,HLZ,263.8,65.8,254.0,3.0,0,0,0,0,0,0,0,1
DF,HB461,52.299750,8.986842,2, ,0.0,0.0,0,0,0,0,0,0,0,0
CF,HB462,52.347469,9.042319,0,HLZ,267.8,64.5,32.0,3.5,0,0,0,0,0,0,0,1
DF,HB463,52.332528,9.101644,2, ,0.0,0.0,0,0,0,0,0,0,0,0
TF,BYC,52.291089,9.090972,0, ,0.0,0.0,0.0,0.0,1,3000,0,0,0,0,0,0

