SID,HF112,12,2
DF,DER12,51.112333,9.292400,0, ,0.0,0.0,0,0,0,0,0,0,0,0
CA,0,115.0,2,4000,0,0,0,0,0,0
VM,0,0,0,115.0,0,0,0,0,0,0,0,0

SID,HF130,30,2
DF,DER30,51.116819,9.279331,0, ,0.0,0.0,0,0,0,0,0,0,0,0
CA,0,295.0,2,4000,0,0,0,0,0,0
VM,0,0,0,295.0,0,0,0,0,0,0,0,0

APPTR,N30,30,FTZ
IF,FTZ,51.084256,9.415244, ,0.0,0.0,4,6000,4300,0,0,0,1,0
HF,FTZ,51.084256,9.415244,1, ,0.0,0.0,286.0,04.3,2,3100,0,1,180,0,0,0,0

APPTR,N30,30,GED
IF,GED,50.411947,9.249164, ,0.0,0.0,0,0,0,0,0,0,0,0
TF,FTZ,51.084256,9.415244,0, ,0.0,0.0,0.0,0.0,4,6000,4300,0,0,0,1,0
HF,FTZ,51.084256,9.415244,1, ,0.0,0.0,286.0,04.3,2,3100,0,1,180,0,0,0,0

APPTR,N30,30,WRB
IF,WRB,51.505697,9.110914, ,0.0,0.0,0,0,0,0,0,0,0,0
TF,FTZ,51.084256,9.415244,0, ,0.0,0.0,0.0,0.0,4,6000,4300,0,0,0,1,0
HF,FTZ,51.084256,9.415244,1, ,0.0,0.0,286.0,04.3,2,3100,0,1,180,0,0,0,0

FINAL,N30,30,N,2
IF,FTZ,51.084256,9.415244,FTZ,0.0,0.0,2,2200,0,0,0,0,2,0
CF,RW30,51.112333,9.292400,0,FTZ,0.0,0.0,286.0,4.9,1,608,0,0,0,0,3,0
FA,RW30,51.112333,9.292400,0,WRB,0.0,0.0,287.0,2,2500,0,0,0,0,0,0
DF,FTZ,51.084256,9.415244,1, ,0.0,0.0,1,4300,0,1,180,0,0,0

APPTR,R30,30,KEMAD
IF,KEMAD,51.123611,9.675000, ,0.0,0.0,2,5000,0,0,0,0,1,0
TF,HF402,51.013439,9.578681,0, ,0.0,0.0,0.0,0.0,2,3300,0,0,0,0,1,0

APPTR,R30,30,RANIN
IF,RANIN,50.932500,9.277222, ,0.0,0.0,2,5000,0,0,0,0,1,0
TF,HF401,50.950786,9.512883,0, ,0.0,0.0,0.0,0.0,2,3600,0,0,0,0,0,0
TF,HF402,51.013439,9.578681,0, ,0.0,0.0,0.0,0.0,2,3300,0,0,0,0,1,0

FINAL,R30,30,R,3
IF,HF402,51.013439,9.578681, ,0.0,0.0,2,3300,0,0,0,0,0,0
TF,HF403,51.052719,9.465358,0, ,0.0,0.0,295.0,4.9,2,3300,0,0,0,0,2,0
TF,RW30,51.112333,9.292400,0, ,0.0,0.0,295.0,7.5,1,608,0,0,0,0,3,1
CA,0,295.0,2,1700,0,0,0,0,0,0
DF,RANIN,50.932500,9.277222,1, ,0.0,0.0,2,5000,0,0,0,0,0,0

