SID,BETG1A,32,5
VA,0,319.0,2,1900,0,0,0,0,0,0
DF,BETGI,49.511600,12.072828,2, ,0.0,0.0,2,6000,0,0,0,0,0,0

SID,BETG1B,14,5
VA,0,139.0,2,1900,0,0,0,0,0,0
DF,BETGI,49.511600,12.072828,0, ,0.0,0.0,2,6000,0,0,0,0,0,0

SID,BETG1C,32,2
DF,RW14,49.702353,11.935978,0, ,0.0,0.0,0,0,0,0,0,0,0,0
VA,0,319.0,2,1900,0,0,0,0,0,0
VI,2, ,0.0,195.0,0,0,0,1,230,0,0,0
CF,BETGI,49.511600,12.072828,0,GRF,150.0,12.0,150.0,10.0,2,6000,0,0,0,0,0,0

SID,BETG1D,14,2
DF,RW32,49.695014,11.944367,0, ,0.0,0.0,0,0,0,0,0,0,0,0
VA,0,139.0,2,1900,0,0,0,0,0,0
CF,BETGI,49.511600,12.072828,0,GRF,150.0,12.0,150.0,12.0,2,6000,0,0,0,0,0,0

SID,ELGO1A,32,5
VA,0,319.0,2,1900,0,0,0,0,0,0
DF,ELGOT,49.939661,11.897850,0, ,0.0,0.0,2,6000,0,0,0,0,0,0

SID,ELGO1B,14,5
VA,0,139.0,2,2200,0,0,0,0,0,0
DF,ELGOT,49.939661,11.897850,1, ,0.0,0.0,2,6000,0,0,0,0,0,0

SID,ELGO1C,32,2
DF,RW14,49.702353,11.935978,0, ,0.0,0.0,0,0,0,0,0,0,0,0
VA,0,319.0,2,1900,0,0,0,0,0,0
VI,0, ,0.0,35.0,0,0,0,1,230,0,0,0
CF,ELGOT,49.939661,11.897850,0,GRF,350.0,15.0,350.0,12.0,2,6000,0,0,0,0,0,0

SID,ELGO1D,14,2
DF,RW32,49.695014,11.944367,0, ,0.0,0.0,0,0,0,0,0,0,0,0
VA,0,139.0,2,2200,0,0,0,0,0,0
DF,GRF,49.691272,11.938300,1, ,0.0,0.0,0,0,0,1,210,0,0,0
TF,ELGOT,49.939661,11.897850,0, ,0.0,0.0,0.0,0.0,2,6000,0,0,0,0,0,0

SID,IC11,32,2
CA,0,321.0,2,1770,0,0,0,0,0,0
VI,0, ,0.0,360.0,0,0,0,0,0,0,0,0
CF,ROXIN,49.851000,11.775833,0,ERL,62.0,27.0,324.0,11.0,0,0,0,0,0,0,0,0
TF,BAY,49.985150,11.636683,0, ,0.0,0.0,0.0,0.0,0,0,0,0,0,0,0,0

SID,IC13,32,2
FA,RW32,49.695014,11.944367,0,ERL,0.0,0.0,321.0,2,2400,0,0,0,0,0,0
VI,2, ,0.0,170.0,0,0,0,0,0,0,0,0
CF,D140J,49.557553,12.106131,0,ERL,96.6,37.7,140.0,6.0,1,5000,0,0,0,0,0,1
CF,RTB,49.482689,11.252861,2,ERL,156.9,11.1,265.0,32.0,0,0,0,0,0,0,0,0

SID,IC15,32,2
FA,RW32,49.695014,11.944367,0,ERL,0.0,0.0,321.0,2,2400,0,0,0,0,0,0
VI,2, ,0.0,170.0,0,0,0,0,0,0,0,0
CF,D140J,49.557553,12.106131,0,ERL,96.6,37.7,140.0,6.0,1,5000,0,0,0,0,0,1
CF,D085U,49.500031,11.798636,2,ERL,108.0,27.0,265.0,11.0,0,0,0,0,0,0,0,0
TF,ERL,49.655414,11.150811,0, ,0.0,0.0,0.0,0.0,0,0,0,0,0,0,0,0

SID,IC16,32,2
FA,RW32,49.695014,11.944367,0,ERL,0.0,0.0,321.0,2,2400,0,0,0,0,0,0
VI,2, ,0.0,170.0,0,0,0,0,0,0,0,0
CF,D140J,49.557553,12.106131,0,ERL,96.6,37.7,140.0,6.0,1,5000,0,0,0,0,0,1
CF,RDG,49.040269,12.526547,0,ERL,121.9,65.4,152.0,34.0,0,0,0,0,0,0,0,0

SID,IC31,14,2
CA,0,141.0,2,1770,0,0,0,0,0,0
VI,1, ,0.0,294.0,0,0,0,0,0,0,0,0
CF,ROXIN,49.851000,11.775833,0,ERL,62.0,27.0,324.0,7.0,0,0,0,0,0,0,0,0
TF,BAY,49.985150,11.636683,0, ,0.0,0.0,0.0,0.0,0,0,0,0,0,0,0,0

SID,IC33,14,2
CA,0,141.0,2,1770,0,0,0,0,0,0
CF,D140J,49.557553,12.106131,0,ERL,96.6,37.7,140.0,10.0,1,5000,0,0,0,0,0,1
CF,RTB,49.482689,11.252861,2,ERL,156.9,11.1,265.0,32.0,0,0,0,0,0,0,0,0

SID,IC35,14,2
CA,0,141.0,2,1770,0,0,0,0,0,0
CF,D140J,49.557553,12.106131,0,ERL,96.6,37.7,140.0,10.0,1,5000,0,0,0,0,0,1
CF,D085U,49.500031,11.798636,2,ERL,108.0,27.0,265.0,11.0,0,0,0,0,0,0,0,0
TF,ERL,49.655414,11.150811,0, ,0.0,0.0,0.0,0.0,0,0,0,0,0,0,0,0

SID,IC36,14,2
CA,0,141.0,2,1770,0,0,0,0,0,0
CF,D140J,49.557553,12.106131,0,ERL,96.6,37.7,140.0,10.0,1,5000,0,0,0,0,0,1
CF,RDG,49.040269,12.526547,0,ERL,121.9,65.4,152.0,34.0,0,0,0,0,0,0,0,0

SID,MIKV1A,32,5
VA,0,319.0,2,1900,0,0,0,0,0,0
DF,MIKVO,49.778533,12.215633,2, ,0.0,0.0,2,6000,0,1,175,0,0,0

SID,MIKV1B,14,5
VA,0,139.0,2,1900,0,0,0,0,0,0
DF,MIKVO,49.778533,12.215633,1, ,0.0,0.0,2,6000,0,1,175,0,0,0

SID,MIKV1C,32,2
DF,RW14,49.702353,11.935978,0, ,0.0,0.0,0,0,0,0,0,0,0,0
VA,0,319.0,2,1900,0,0,0,0,0,0
DF,IC402,49.734986,12.076842,2, ,0.0,0.0,0,0,0,1,230,0,0,0
TF,MIKVO,49.778533,12.215633,0, ,0.0,0.0,0.0,0.0,2,6000,0,0,0,0,0,0

SID,MIKV1D,14,2
DF,RW32,49.695014,11.944367,0, ,0.0,0.0,0,0,0,0,0,0,0,0
VA,0,139.0,2,1860,0,0,0,0,0,0
DF,IC402,49.734986,12.076842,1, ,0.0,0.0,0,0,0,1,230,0,0,0
TF,MIKVO,49.778533,12.215633,0, ,0.0,0.0,0.0,0.0,2,6000,0,0,0,0,0,0

APPTR,Q14-A,14,ELGOT
IF,ELGOT,49.939661,11.897850, ,0.0,0.0,2,5400,0,0,0,0,1,0
TF,IC104,49.873183,11.905317,0, ,0.0,0.0,0.0,0.0,2,4300,0,0,0,0,1,0

FINAL,Q14-A,14,N,3
IF,IC104,49.873183,11.905317,GRW,0.0,0.0,2,4300,0,0,0,0,0,0
CF,IC100,49.790631,11.922169,0,GRW,0.0,0.0,168.0,5.0,2,3200,0,0,0,0,2,0
CF,IC103,49.711253,11.938317,0,GRF,0.0,1.2,168.0,4.8,1,1567,0,0,0,0,3,0
CA,0,168.0,2,1770,0,0,0,0,0,0
CF,LINKU,49.579256,12.193067,0,ERL,94.0,40.9,121.0,12.5,1,5000,0,0,0,0,0,0
HM,LINKU,49.579256,12.193067,2, ,0.0,0.0,300.0,05,0,0,0,1,230,0,0,0,0

FINAL,Q32,32,N,3
IF,IC204,49.602300,12.213839,GRW,0.0,0.0,2,4500,0,0,0,0,0,0
CF,IC200,49.652497,12.066142,0,GRW,0.0,0.0,294.0,6.5,2,3300,0,0,0,0,2,0
CF,IC203,49.689714,11.956106,0,GRF,0.0,0.7,294.0,4.8,1,1597,0,0,0,0,3,0
CA,0,294.0,2,1770,0,0,0,0,0,0
VI,2, ,0.0,75.0,0,0,0,1,200,0,0,0
CF,IC030,49.856794,12.111125,0,GRF,30.0,12.0,30.0,6.2,1,5400,0,0,0,0,0,0
HM,IC030,49.856794,12.111125,2, ,0.0,0.0,210.0,05,0,0,0,1,230,0,0,0,0

APPTR,Q32-A,32,ELGOT
IF,ELGOT,49.939661,11.897850, ,0.0,0.0,2,5400,0,0,0,0,1,0
TF,IC104,49.873183,11.905317,0, ,0.0,0.0,0.0,0.0,2,4300,0,0,0,0,1,0

FINAL,Q32-A,32,N,3
IF,IC104,49.873183,11.905317,GRW,0.0,0.0,2,4300,0,0,0,0,0,0
CF,IC100,49.790631,11.922169,0,GRW,0.0,0.0,168.0,5.0,2,3200,0,0,0,0,2,0
CF,IC103,49.711253,11.938317,0,GRF,0.0,1.2,168.0,4.8,1,1567,0,0,0,0,3,0
CA,0,168.0,2,1770,0,0,0,0,0,0
CF,LINKU,49.579256,12.193067,0,ERL,94.0,40.9,121.0,12.5,1,5000,0,0,0,0,0,0
HM,LINKU,49.579256,12.193067,2, ,0.0,0.0,300.0,05,0,0,0,1,230,0,0,0,0

APPTR,T32,32,BETGI
IF,BETGI,49.511600,12.072828, ,0.0,0.0,2,5000,0,0,0,0,1,0
AF,IC201,49.606492,12.216967,1,GRF,111.0,12.0,150.0,2,4500,0,0,0,0,1,0

FINAL,T32,32,D,4
IF,IC201,49.606492,12.216967,GRF,111.0,12.0,2,4500,0,0,0,0,0,0
CF,IC200,49.652497,12.066142,0,GRF,111.0,5.5,291.0,6.5,2,3300,0,0,0,0,2,0
CF,IC205,49.663086,12.031297,0,GRF,111.0,4.0,291.0,1.5,2,2800,0,0,0,0,0,0
CF,IC202,49.686344,11.954583,0,GRF,111.0,0.7,291.0,3.3,1,1616,0,0,0,0,3,0
CA,0,291.0,2,1770,0,0,0,0,0,0
VI,2, ,0.0,75.0,0,0,0,1,185,0,0,0
CF,IC030,49.856794,12.111125,0,GRF,30.0,12.0,30.0,7.0,1,5400,0,0,0,0,0,0
HM,IC030,49.856794,12.111125,2, ,0.0,0.0,210.0,05,0,0,0,1,230,0,0,0,0

