SID,NH108,08,2
DF,DER08,54.314167,9.556500,0, ,0.0,0.0,0,0,0,0,0,0,0,1
CA,0,76.0,2,2500,0,0,0,0,0,0
VM,0,0,0,77.0,0,0,0,0,0,0,0,0

SID,NH126,26,2
DF,DER26,54.310167,9.519667,0, ,0.0,0.0,0,0,0,0,0,0,0,1
CA,0,256.0,2,2500,0,0,0,0,0,0
VM,0,0,0,257.0,0,0,0,0,0,0,0,0

FINAL,I26,26,I,3
IF,CI26,54.341336,9.810403,IMHW,75.5,10.6,2,2000,0,0,0,0,0,0
CF,HN,54.326372,9.670403,0,IMHW,75.5,5.6,256.0,5.0,1,1387,0,0,0,0,2,0
CF,RW26,54.314211,9.556572,0,IMHW,75.4,1.6,256.0,4.1,1,94,0,0,0,0,3,0
CA,0,256.0,2,500,0,0,0,0,0,0
DF,HN,54.326372,9.670403,1, ,0.0,0.0,1,2000,0,0,0,0,0,0

APPTR,R08,08,NH420
IF,NH420,54.151731,9.621872, ,0.0,0.0,2,4000,0,1,220,0,1,0
TF,NH432,54.196736,9.259256,0, ,0.0,0.0,0.0,0.0,2,3000,0,0,0,0,0,0
TF,NH431,54.278453,9.232625,0, ,0.0,0.0,0.0,0.0,2,2000,0,0,0,0,1,0

FINAL,R08,08,R,3
IF,NH431,54.278453,9.232625, ,0.0,0.0,2,2000,0,0,0,0,0,0
TF,NH430,54.296456,9.394672,0, ,0.0,0.0,76.0,5.8,2,1500,0,0,0,0,2,0
TF,RW08,54.310189,9.519722,0, ,0.0,0.0,76.0,4.5,1,76,0,0,0,0,3,1
CF,NH410,54.330506,9.707072,0,HNT,74.6,6.0,76.0,6.7,0,0,0,1,220,0,0,1
DF,NH420,54.151731,9.621872,2, ,0.0,0.0,1,4000,0,0,0,0,0,0

APPTR,R26,26,NH420
IF,NH420,54.151731,9.621872, ,0.0,0.0,2,4000,0,1,220,0,1,0
TF,NH412,54.263642,9.872564,0, ,0.0,0.0,0.0,0.0,2,3000,0,0,0,0,0,0
TF,NH411,54.345489,9.847108,0, ,0.0,0.0,0.0,0.0,2,2000,0,0,0,0,1,0

FINAL,R26,26,R,3
IF,NH411,54.345489,9.847108, ,0.0,0.0,2,2000,0,0,0,0,0,0
TF,NH410,54.330506,9.707072,0, ,0.0,0.0,256.0,5.0,2,1800,0,0,0,0,2,0
TF,RW26,54.314211,9.556572,0, ,0.0,0.0,256.0,5.4,1,88,0,0,0,0,3,0
CA,0,256.0,2,500,0,0,0,0,0,0
DF,NH420,54.151731,9.621872,1, ,0.0,0.0,1,4000,0,1,220,0,0,0

APPTR,T08,08,D158J
IF,D158J,54.152667,9.627000, ,0.0,0.0,4,14000,4000,0,0,0,1,0
AF,D203J,54.162506,9.410011,2,HNT,203.0,10.0,158.0,2,3200,0,0,0,0,0,0
AF,D247J,54.256356,9.270039,2,HNT,247.0,10.0,203.0,2,2000,0,0,0,0,0,1
CF,FT08,54.300603,9.397553,0,HNT,259.0,5.0,79.0,5.0,2,1500,0,0,0,0,0,0

FINAL,T08,08,D,2
IF,FT08,54.300603,9.397553,HNT,259.0,5.0,2,1500,0,0,0,0,2,0
CF,MT08,54.308792,9.510489,0,HNT,259.0,0.0,79.0,4.0,1,186,0,0,0,0,3,0
CA,0,79.0,2,440,0,0,0,0,0,0
DF,D158J,54.152667,9.627000,2, ,0.0,0.0,1,4000,0,0,0,0,0,0

APPTR,T26,26,D158J
IF,D158J,54.152667,9.627000, ,0.0,0.0,4,14000,4000,0,0,0,1,0
AF,D116J,54.227381,9.784658,1,HNT,116.0,10.0,158.0,2,3200,0,0,0,0,0,0
AF,D084J,54.316294,9.823144,1,HNT,84.0,10.0,116.0,2,2000,0,0,0,0,0,0
CF,FT26,54.334861,9.704483,0,HNT,72.0,6.0,252.0,4.0,2,1800,0,0,0,0,0,0

FINAL,T26,26,D,3
IF,FT26,54.334861,9.704483,HNT,72.0,6.0,2,1800,0,0,0,0,2,0
CF,30TAC,54.322869,9.621583,0,HNT,72.0,3.0,252.0,3.0,2,850,0,0,0,0,0,0
CF,MT26,54.314844,9.566342,0,HNT,72.0,0.0,252.0,2.0,1,205,0,0,0,0,3,0
CA,0,252.0,2,440,0,0,0,0,0,0
DF,D158J,54.152667,9.627000,1, ,0.0,0.0,1,4000,0,0,0,0,0,0

