SID,AKUM1A,08,5
CF,KA101,54.974694,24.307139,0,KNA,76.0,8.4,78.0,7.0,2,2200,0,1,230,0,0,0
TF,KA102,55.123972,24.285639,0, ,0.0,0.0,0.0,0.0,2,5000,0,0,0,0,0,0
TF,AKUMA,55.193833,22.752944,0, ,0.0,0.0,0.0,0.0,0,0,0,0,0,0,0,0

SID,AKUM1B,26,5
CF,KA202,54.944472,23.704917,0,KNA,257.8,12.5,257.0,13.0,2,5000,0,0,0,0,0,0
TF,KA205,55.073889,22.963028,0, ,0.0,0.0,0.0,0.0,2,17000,0,0,0,0,0,0
TF,AKUMA,55.193833,22.752944,0, ,0.0,0.0,0.0,0.0,0,0,0,0,0,0,0,0

SID,ELEK1A,08,5
CF,KA101,54.974694,24.307139,0,KNA,76.0,8.4,78.0,7.0,2,2200,0,1,230,0,0,0
TF,ELEKA,54.800444,24.688917,0, ,0.0,0.0,0.0,0.0,0,0,0,0,0,0,0,0

SID,ELEK1B,26,5
CF,KA202,54.944472,23.704917,0,KNA,257.8,12.5,257.0,13.0,2,5000,0,0,0,0,0,0
TF,KA203,54.831889,23.722750,0, ,0.0,0.0,0.0,0.0,0,0,0,0,0,0,0,0
TF,ELEKA,54.800444,24.688917,0, ,0.0,0.0,0.0,0.0,0,0,0,0,0,0,0,0

SID,ELEK1C,26,5
CF,KA202,54.944472,23.704917,0,KNA,257.8,12.5,257.0,13.0,2,5000,0,0,0,0,0,0
TF,KA203,54.831889,23.722750,0, ,0.0,0.0,0.0,0.0,0,0,0,0,0,0,0,0
TF,KA206,54.715194,23.846000,0, ,0.0,0.0,0.0,0.0,3,11000,0,0,0,0,0,0
TF,KA207,54.736139,24.272611,0, ,0.0,0.0,0.0,0.0,0,0,0,0,0,0,0,0
TF,ELEKA,54.800444,24.688917,0, ,0.0,0.0,0.0,0.0,0,0,0,0,0,0,0,0

SID,KAZL1A,08,5
CF,KA101,54.974694,24.307139,0,KNA,76.0,8.4,78.0,7.0,2,2200,0,1,230,0,0,0
TF,KA103,54.862972,24.323222,0, ,0.0,0.0,0.0,0.0,0,0,0,0,0,0,0,0
TF,KA105,54.805500,23.866861,0, ,0.0,0.0,0.0,0.0,0,0,0,0,0,0,0,0
TF,KAZLA,54.499806,23.309389,0, ,0.0,0.0,0.0,0.0,0,0,0,0,0,0,0,0

SID,KAZL1B,26,5
CF,KA202,54.944472,23.704917,0,KNA,257.8,12.5,257.0,13.0,2,5000,0,0,0,0,0,0
TF,KAZLA,54.499806,23.309389,0, ,0.0,0.0,0.0,0.0,0,0,0,0,0,0,0,0

SID,KAZL1C,08,5
CF,KA101,54.974694,24.307139,0,KNA,76.0,8.4,78.0,7.0,2,2200,0,1,230,0,0,0
TF,KA103,54.862972,24.323222,0, ,0.0,0.0,0.0,0.0,0,0,0,0,0,0,0,0
TF,KA104,54.789333,24.265500,0, ,0.0,0.0,0.0,0.0,4,11000,7500,0,0,0,0,0
TF,KAZLA,54.499806,23.309389,0, ,0.0,0.0,0.0,0.0,0,0,0,0,0,0,0,0

SID,KAZL1D,26,5
CF,KA202,54.944472,23.704917,0,KNA,257.8,12.5,257.0,13.0,2,5000,0,0,0,0,0,0
TF,KA203,54.831889,23.722750,0, ,0.0,0.0,0.0,0.0,0,0,0,0,0,0,0,0
TF,KA204,54.772667,23.740694,0, ,0.0,0.0,0.0,0.0,0,0,0,0,0,0,0,0
TF,KAZLA,54.499806,23.309389,0, ,0.0,0.0,0.0,0.0,0,0,0,0,0,0,0,0

SID,UGNI1A,08,5
CF,KA101,54.974694,24.307139,0,KNA,76.0,8.4,78.0,7.0,2,2200,0,1,230,0,0,0
TF,KA102,55.123972,24.285639,0, ,0.0,0.0,0.0,0.0,2,5000,0,0,0,0,0,0
TF,UGNIS,55.464139,23.812361,0, ,0.0,0.0,0.0,0.0,0,0,0,0,0,0,0,0

SID,UGNI1B,26,5
CF,KA201,54.953944,23.886639,0,KNA,258.5,6.2,257.0,6.0,2,2200,0,1,220,0,0,0
TF,UGNIS,55.464139,23.812361,2, ,0.0,0.0,0.0,0.0,0,0,0,0,0,0,0,0

STAR,AKUM2A,08,5
IF,AKUMA,55.193833,22.752944, ,0.0,0.0,0,0,0,0,0,0,0,0
TF,KA306,55.154278,23.000389,0, ,0.0,0.0,0.0,0.0,2,11000,0,0,0,0,0,0
TF,KA305,55.105667,23.299333,0, ,0.0,0.0,0.0,0.0,2,8000,0,0,0,0,0,0
TF,VEBUS,55.038667,23.703250,0, ,0.0,0.0,0.0,0.0,2,4000,0,1,230,0,0,0

STAR,AKUM2B,26,5
IF,AKUMA,55.193833,22.752944, ,0.0,0.0,0,0,0,0,0,0,0,0
TF,KA402,55.137250,23.673500,0, ,0.0,0.0,0.0,0.0,0,0,0,0,0,0,0,0
TF,KA401,55.124778,23.861972,0, ,0.0,0.0,0.0,0.0,2,11000,0,0,0,0,0,0
TF,NASAP,55.082556,24.469611,0, ,0.0,0.0,0.0,0.0,2,5000,0,1,230,0,0,0

STAR,ELEK2A,08,5
IF,ELEKA,54.800444,24.688917, ,0.0,0.0,0,0,0,0,0,0,0,0
TF,KA301,54.878306,24.386361,0, ,0.0,0.0,0.0,0.0,2,12000,0,0,0,0,0,0
TF,KA302,54.842750,23.676917,0, ,0.0,0.0,0.0,0.0,2,5000,0,0,0,0,0,0
TF,MATAM,54.902472,23.622972,0, ,0.0,0.0,0.0,0.0,2,4000,0,1,230,0,0,0

STAR,ELEK2B,26,5
IF,ELEKA,54.800444,24.688917, ,0.0,0.0,0,0,0,0,0,0,0,0
TF,REGLU,54.860333,24.456583,0, ,0.0,0.0,0.0,0.0,2,4000,0,1,230,0,0,0

STAR,IKAM3B,26,5
IF,IKAMU,55.344528,24.636806, ,0.0,0.0,2,11000,0,0,0,0,0,0
TF,KA406,55.253083,24.578028,0, ,0.0,0.0,0.0,0.0,2,8000,0,0,0,0,0,0
TF,NASAP,55.082556,24.469611,0, ,0.0,0.0,0.0,0.0,2,5000,0,1,230,0,0,0

STAR,KAZL2A,08,5
IF,KAZLA,54.499806,23.309389, ,0.0,0.0,2,11000,0,0,0,0,0,0
TF,KA303,54.651750,23.548556,0, ,0.0,0.0,0.0,0.0,2,8000,0,0,0,0,0,0
TF,KA204,54.772667,23.740694,0, ,0.0,0.0,0.0,0.0,0,0,0,0,0,0,0,0
TF,KA302,54.842750,23.676917,0, ,0.0,0.0,0.0,0.0,2,5000,0,0,0,0,0,0
TF,MATAM,54.902472,23.622972,0, ,0.0,0.0,0.0,0.0,2,4000,0,1,230,0,0,0

STAR,KAZL2B,26,5
IF,KAZLA,54.499806,23.309389, ,0.0,0.0,0,0,0,0,0,0,0,0
TF,KA403,54.796611,23.781611,0, ,0.0,0.0,0.0,0.0,2,12000,0,0,0,0,0,0
TF,KA404,54.804389,23.956250,0, ,0.0,0.0,0.0,0.0,2,9000,0,0,0,0,0,0
TF,KA405,54.816972,24.209806,0, ,0.0,0.0,0.0,0.0,0,0,0,0,0,0,0,0
TF,REGLU,54.860333,24.456583,0, ,0.0,0.0,0.0,0.0,2,4000,0,1,230,0,0,0

STAR,PELU2A,08,5
IF,PELUT,55.451222,23.610306, ,0.0,0.0,2,11000,0,0,0,0,0,0
TF,KA307,55.274250,23.650417,0, ,0.0,0.0,0.0,0.0,2,8000,0,0,0,0,0,0
TF,VEBUS,55.038667,23.703250,0, ,0.0,0.0,0.0,0.0,2,4000,0,1,230,0,0,0

STAR,PELU2B,26,5
IF,PELUT,55.451222,23.610306, ,0.0,0.0,0,0,0,0,0,0,0,0
TF,KA402,55.137250,23.673500,0, ,0.0,0.0,0.0,0.0,0,0,0,0,0,0,0,0
TF,KA401,55.124778,23.861972,0, ,0.0,0.0,0.0,0.0,2,11000,0,0,0,0,0,0
TF,NASAP,55.082556,24.469611,0, ,0.0,0.0,0.0,0.0,2,5000,0,1,230,0,0,0

APPTR,D08-Y,08,KNA
IF,KNA,54.960389,24.066417, ,0.0,0.0,2,4000,0,1,220,0,1,0
FD,KNA,54.960389,24.066417,0,KNA,0.0,8.0,291.0,8.0,2,2200,0,0,0,0,0,0
CF,FD08,54.965611,23.889444,1,KNA,265.0,6.1,85.0,3.0,2,2200,0,0,0,0,0,0

APPTR,D08-Y,08,MATAM
IF,MATAM,54.902472,23.622972, ,0.0,0.0,2,4000,0,1,230,0,1,0
CI,0, ,0.0,70.0,2,3000,0,0,0,0,0,0
AF,D265K,54.969667,23.744972,2,KNA,265.0,11.1,250.0,2,3000,0,0,0,0,1,0
CF,FD08,54.965611,23.889444,0,KNA,265.0,6.1,85.0,5.0,2,2200,0,0,0,0,0,0

APPTR,D08-Y,08,VEBUS
IF,VEBUS,55.038667,23.703250, ,0.0,0.0,2,4000,0,1,230,0,1,0
CI,0, ,0.0,103.0,2,3000,0,0,0,0,0,0
AF,D265K,54.969667,23.744972,1,KNA,265.0,11.1,283.0,2,3000,0,0,0,0,0,0
CF,FD08,54.965611,23.889444,0,KNA,265.0,6.1,85.0,5.0,2,2200,0,0,0,0,0,0

FINAL,D08-Y,08,D,3
IF,FD08,54.965611,23.889444,KNA,265.0,6.1,2,2200,0,0,0,0,2,0
CF,30VOR,54.962972,23.979944,0,KNA,265.0,3.0,85.0,3.1,2,1220,0,0,0,0,0,0
CF,MD08,54.961389,24.033583,0,KNA,265.0,1.1,85.0,1.9,1,626,0,0,0,0,3,0
CF,KNA,54.960389,24.066417,0,KNA,0.0,0.0,85.0,1.1,0,0,0,0,0,0,0,0
CA,0,85.0,2,2200,0,0,0,0,0,0
DF,KNA,54.960389,24.066417,2, ,0.0,0.0,1,4000,0,1,200,0,0,0

APPTR,D08-Z,08,KNA
IF,KNA,54.960389,24.066417, ,0.0,0.0,2,4000,0,1,140,0,1,0
FD,KNA,54.960389,24.066417,0,KNA,0.0,7.6,277.0,7.6,2,2200,0,0,0,0,0,0
CF,FD08,54.965611,23.889444,1,KNA,265.0,6.1,85.0,2.0,2,2200,0,0,0,0,0,0

APPTR,D08-Z,08,MATAM
IF,MATAM,54.902472,23.622972, ,0.0,0.0,2,4000,0,0,0,0,1,0
CI,0, ,0.0,70.0,2,3000,0,0,0,0,0,0
AF,D265K,54.969667,23.744972,2,KNA,265.0,11.1,250.0,2,3000,0,0,0,0,1,0
CF,FD08,54.965611,23.889444,0,KNA,265.0,6.1,85.0,5.0,2,2200,0,0,0,0,0,0

APPTR,D08-Z,08,VEBUS
IF,VEBUS,55.038667,23.703250, ,0.0,0.0,2,4000,0,0,0,0,1,0
CI,0, ,0.0,103.0,2,3000,0,0,0,0,0,0
AF,D265K,54.969667,23.744972,1,KNA,265.0,11.1,283.0,2,3000,0,0,0,0,1,0
CF,FD08,54.965611,23.889444,0,KNA,265.0,6.1,85.0,5.0,2,2200,0,0,0,0,0,0

FINAL,D08-Z,08,D,3
IF,FD08,54.965611,23.889444,KNA,265.0,6.1,2,2200,0,0,0,0,2,0
CF,30VOR,54.962972,23.979944,0,KNA,265.0,3.0,85.0,3.1,2,1220,0,0,0,0,0,0
CF,MD08,54.961389,24.033583,0,KNA,265.0,1.1,85.0,1.9,1,626,0,0,0,0,3,0
CF,KNA,54.960389,24.066417,0,KNA,0.0,0.0,85.0,1.1,0,0,0,0,0,0,0,0
CA,0,85.0,2,2200,0,0,0,0,0,0
DF,KNA,54.960389,24.066417,2, ,0.0,0.0,1,4000,0,0,0,0,0,0

APPTR,D26-Y,26,KNA
IF,KNA,54.960389,24.066417, ,0.0,0.0,2,4000,0,1,220,0,1,0
FD,KNA,54.960389,24.066417,0,KNA,0.0,9.2,96.0,9.2,2,2200,0,0,0,0,0,0
CF,FD26,54.979389,24.276833,1,KNA,73.0,7.4,254.0,2.0,2,2200,0,0,0,0,0,0

FINAL,D26-Y,26,D,3
IF,FD26,54.979389,24.276833,KNA,73.0,7.4,2,2200,0,0,0,0,2,0
CF,40VOR,54.970778,24.180944,0,KNA,73.0,4.0,254.0,3.4,2,1140,0,0,0,0,0,0
CF,MD26,54.966167,24.129917,0,KNA,73.0,2.2,254.0,1.8,1,581,0,0,0,0,3,0
CF,KNA,54.960389,24.066417,0,KNA,0.0,0.0,254.0,2.2,0,0,0,0,0,0,0,0
CA,0,262.0,2,2200,0,0,0,0,0,0
DF,KNA,54.960389,24.066417,2, ,0.0,0.0,1,4000,0,1,220,0,0,0

APPTR,D26-Z,26,KNA
IF,KNA,54.960389,24.066417, ,0.0,0.0,2,4000,0,1,140,0,1,0
FD,KNA,54.960389,24.066417,0,KNA,0.0,8.9,84.0,8.9,2,2200,0,0,0,0,0,0
CF,FD26,54.979389,24.276833,1,KNA,73.0,7.4,254.0,2.0,2,2200,0,0,0,0,0,0

FINAL,D26-Z,26,D,3
IF,FD26,54.979389,24.276833,KNA,73.0,7.4,2,2200,0,0,0,0,2,0
CF,40VOR,54.970778,24.180944,0,KNA,73.0,4.0,254.0,3.4,2,1140,0,0,0,0,0,0
CF,MD26,54.966167,24.129917,0,KNA,73.0,2.2,254.0,1.8,1,581,0,0,0,0,3,0
CF,KNA,54.960389,24.066417,0,KNA,0.0,0.0,254.0,2.2,0,0,0,0,0,0,0,0
CA,0,262.0,2,2200,0,0,0,0,0,0
DF,KNA,54.960389,24.066417,2, ,0.0,0.0,1,4000,0,0,0,0,0,0

FINAL,I08-Y,08,I,3
IF,CF08,54.946667,23.745833,IKM,257.1,12.8,2,2200,0,0,0,0,0,0
CF,FI08,54.954333,23.894111,0,IKM,257.1,7.6,78.0,5.2,1,2200,0,0,0,0,2,0
CF,RW08,54.962900,24.064150,0,IKM,257.1,1.7,78.0,5.9,1,290,0,0,0,0,3,0
CA,0,78.0,2,2200,0,0,0,0,0,0
DF,KNA,54.960389,24.066417,2, ,0.0,0.0,1,4000,0,1,200,0,0,0

APPTR,I08-Z,08,KNA
IF,KNA,54.960389,24.066417, ,0.0,0.0,2,4000,0,1,220,0,1,0
TF,KA354,55.053556,23.874417,0, ,0.0,0.0,0.0,0.0,0,0,0,0,0,0,0,0
TF,KA355,55.047556,23.756056,0, ,0.0,0.0,0.0,0.0,0,0,0,0,0,0,0,0
TF,KA352,54.948000,23.771750,0,IKM,0.0,0.0,0.0,0.0,2,3000,0,0,0,0,1,0

APPTR,I08-Z,08,MATAM
IF,MATAM,54.902472,23.622972, ,0.0,0.0,2,4000,0,1,230,0,1,0
TF,KA352,54.948000,23.771750,0,IKM,0.0,0.0,0.0,0.0,2,3000,0,0,0,0,1,0

APPTR,I08-Z,08,VEBUS
IF,VEBUS,55.038667,23.703250, ,0.0,0.0,2,4000,0,1,230,0,1,0
TF,KA352,54.948000,23.771750,0,IKM,0.0,0.0,0.0,0.0,2,3000,0,0,0,0,1,0

FINAL,I08-Z,08,I,3
IF,KA352,54.948000,23.771750,IKM,257.1,11.9,2,3000,0,0,0,0,0,0
CF,FI08,54.954333,23.894111,0,IKM,257.1,7.6,78.0,4.3,1,2200,0,0,0,0,2,0
CF,RW08,54.962900,24.064150,0,IKM,257.1,1.7,78.0,5.9,1,290,0,0,0,0,3,0
CF,KA353,54.974972,24.312056,0,KNA,76.0,8.5,78.0,8.6,0,0,0,1,200,0,0,1
DF,KNA,54.960389,24.066417,2, ,0.0,0.0,2,4000,0,1,220,0,0,0

FINAL,I26-Y,26,I,3
IF,CF26,54.978944,24.396222,ISE,77.1,11.8,2,2200,0,0,0,0,0,0
CF,FI26,54.973139,24.273778,0,ISE,77.1,7.6,258.0,4.3,1,2200,0,0,0,0,2,0
CF,RW26,54.964942,24.105406,0,ISE,77.1,1.7,258.0,5.8,1,310,0,0,0,0,3,0
CA,0,258.0,2,2200,0,0,0,0,0,0
DF,KNA,54.960389,24.066417,2, ,0.0,0.0,1,4000,0,1,220,0,0,0

APPTR,I26-Z,26,KNA
IF,KNA,54.960389,24.066417, ,0.0,0.0,2,4000,0,1,220,0,1,0
TF,KA454,54.873889,24.292694,0, ,0.0,0.0,0.0,0.0,0,0,0,0,0,0,0,0
TF,KA455,54.879500,24.410361,0, ,0.0,0.0,0.0,0.0,0,0,0,0,0,0,0,0
TF,KA452,54.978944,24.396222,0,ISE,0.0,0.0,0.0,0.0,2,3000,0,0,0,0,0,0

APPTR,I26-Z,26,NASAP
IF,NASAP,55.082556,24.469611, ,0.0,0.0,2,5000,0,1,230,0,1,0
TF,KA456,55.036028,24.524250,0, ,0.0,0.0,0.0,0.0,2,4000,0,0,0,0,0,0
TF,KA457,54.965306,24.497611,0, ,0.0,0.0,0.0,0.0,0,0,0,0,0,0,0,0
TF,KA452,54.978944,24.396222,2,ISE,0.0,0.0,0.0,0.0,2,3000,0,0,0,0,1,0

APPTR,I26-Z,26,REGLU
IF,REGLU,54.860333,24.456583, ,0.0,0.0,2,4000,0,1,230,0,1,0
TF,KA452,54.978944,24.396222,0,ISE,0.0,0.0,0.0,0.0,2,3000,0,0,0,0,1,0

FINAL,I26-Z,26,I,3
IF,KA452,54.978944,24.396222,ISE,77.1,11.8,2,3000,0,0,0,0,0,0
CF,FI26,54.973139,24.273778,0,ISE,77.1,7.6,258.0,4.3,1,2200,0,0,0,0,2,0
CF,RW26,54.964942,24.105406,0,ISE,77.1,1.7,258.0,5.8,1,310,0,0,0,0,3,0
CF,KA453,54.950833,23.825944,0,KNA,258.2,8.3,257.0,9.7,0,0,0,1,210,0,0,1
DF,KNA,54.960389,24.066417,2, ,0.0,0.0,2,4000,0,1,220,0,0,0

FINAL,L08,08,D,3
IF,CF08,54.946667,23.745833,IKM,257.1,12.8,2,2200,0,0,0,0,0,0
CF,FF08,54.954111,23.889833,0,IKM,257.1,7.8,78.0,5.0,2,2200,0,0,0,0,2,0
CF,MA08,54.961750,24.041111,0,IKM,257.1,2.5,78.0,5.3,1,545,0,0,0,0,3,0
CA,0,78.0,2,2200,0,0,0,0,0,0
DF,KNA,54.960389,24.066417,2, ,0.0,0.0,1,4000,0,1,200,0,0,0

FINAL,L26,26,D,3
IF,CF26,54.978944,24.396222,ISE,77.1,11.8,2,2200,0,0,0,0,0,0
CF,FF26,54.973333,24.278083,0,ISE,77.1,7.7,258.0,4.1,2,2200,0,0,0,0,2,0
CF,MA26,54.966083,24.128472,0,ISE,77.1,2.5,258.0,5.2,1,565,0,0,0,0,3,0
CA,0,258.0,2,2200,0,0,0,0,0,0
DF,KNA,54.960389,24.066417,2, ,0.0,0.0,1,4000,0,1,220,0,0,0

APPTR,Q08-Y,08,MATAM
IF,MATAM,54.902472,23.622972, ,0.0,0.0,2,4000,0,1,230,0,1,0
TF,KA352,54.948000,23.771750,0, ,0.0,0.0,0.0,0.0,2,2200,0,0,0,0,1,0

APPTR,Q08-Y,08,VEBUS
IF,VEBUS,55.038667,23.703250, ,0.0,0.0,2,4000,0,1,230,0,1,0
TF,KA352,54.948000,23.771750,0, ,0.0,0.0,0.0,0.0,2,2200,0,0,0,0,1,0

FINAL,Q08-Y,08,N,4
IF,KA352,54.948000,23.771750,KUS,0.0,0.0,2,2200,0,0,0,0,0,0
CF,FN08,54.954139,23.889833,0,KUS,0.0,0.0,78.0,4.1,2,2200,0,0,0,0,2,0
CF,30DME,54.958722,23.980083,0,KUS,0.0,0.0,78.0,3.1,2,1220,0,0,0,0,0,0
CF,MA08,54.961750,24.041111,0,KNA,0.0,0.9,78.0,2.1,1,545,0,0,0,0,3,0
CF,KUS,54.965722,24.121861,0,KNA,72.5,1.9,78.0,2.8,0,0,0,0,0,0,0,0
CA,0,78.0,2,2200,0,0,0,0,0,0
DF,KUS,54.965722,24.121861,2, ,0.0,0.0,2,2200,0,1,200,0,0,0

APPTR,Q08-Z,08,MATAM
IF,MATAM,54.902472,23.622972, ,0.0,0.0,2,4000,0,0,0,0,1,0
TF,KA352,54.948000,23.771750,0, ,0.0,0.0,0.0,0.0,2,2200,0,0,0,0,1,0

APPTR,Q08-Z,08,VEBUS
IF,VEBUS,55.038667,23.703250, ,0.0,0.0,2,4000,0,0,0,0,1,0
TF,KA352,54.948000,23.771750,0, ,0.0,0.0,0.0,0.0,2,2200,0,0,0,0,1,0

FINAL,Q08-Z,08,N,4
IF,KA352,54.948000,23.771750,KUS,0.0,0.0,2,2200,0,0,0,0,0,0
CF,FN08,54.954139,23.889833,0,KUS,0.0,0.0,78.0,4.1,2,2200,0,0,0,0,2,0
CF,30DME,54.958722,23.980083,0,KUS,0.0,0.0,78.0,3.1,2,1220,0,0,0,0,0,0
CF,MA08,54.961750,24.041111,0,KNA,0.0,0.9,78.0,2.1,1,545,0,0,0,0,3,0
CF,KUS,54.965722,24.121861,0,KNA,72.5,1.9,78.0,2.8,0,0,0,0,0,0,0,0
CA,0,78.0,2,2200,0,0,0,0,0,0
DF,KUS,54.965722,24.121861,2, ,0.0,0.0,2,2200,0,0,0,0,0,0

APPTR,Q26-Y,26,NASAP
IF,NASAP,55.082556,24.469611, ,0.0,0.0,2,5000,0,1,230,0,1,0
TF,KA456,55.036028,24.524250,0, ,0.0,0.0,0.0,0.0,2,4000,0,0,0,0,0,0
TF,KA457,54.965306,24.497611,0, ,0.0,0.0,0.0,0.0,0,0,0,0,0,0,0,0
TF,KA452,54.978944,24.396222,2, ,0.0,0.0,0.0,0.0,2,2200,0,0,0,0,1,0

APPTR,Q26-Y,26,REGLU
IF,REGLU,54.860333,24.456583, ,0.0,0.0,2,4000,0,1,230,0,1,0
TF,KA452,54.978944,24.396222,0, ,0.0,0.0,0.0,0.0,2,2200,0,0,0,0,1,0

FINAL,Q26-Y,26,N,4
IF,KA452,54.978944,24.396222,KUS,0.0,0.0,2,2200,0,0,0,0,0,0
CF,FN26,54.973361,24.278083,0,KUS,0.0,0.0,258.0,4.1,2,2200,0,0,0,0,2,0
CF,40DME,54.968667,24.181389,0,KUS,0.0,0.0,258.0,3.4,2,1140,0,0,0,0,0,0
CF,KUS,54.965722,24.121861,0,KNA,0.0,1.9,258.0,2.1,1,492,0,0,0,0,3,0
CA,0,258.0,2,2200,0,0,0,0,0,0
DF,KUS,54.965722,24.121861,2, ,0.0,0.0,2,2200,0,1,220,0,0,0

APPTR,Q26-Z,26,NASAP
IF,NASAP,55.082556,24.469611, ,0.0,0.0,2,5000,0,0,0,0,1,0
TF,KA456,55.036028,24.524250,0, ,0.0,0.0,0.0,0.0,2,4000,0,0,0,0,0,0
TF,KA457,54.965306,24.497611,0, ,0.0,0.0,0.0,0.0,0,0,0,0,0,0,0,0
TF,KA452,54.978944,24.396222,2, ,0.0,0.0,0.0,0.0,2,2200,0,0,0,0,1,0

APPTR,Q26-Z,26,REGLU
IF,REGLU,54.860333,24.456583, ,0.0,0.0,2,4000,0,0,0,0,1,0
TF,KA452,54.978944,24.396222,0, ,0.0,0.0,0.0,0.0,2,2200,0,0,0,0,1,0

FINAL,Q26-Z,26,N,4
IF,KA452,54.978944,24.396222,KUS,0.0,0.0,2,2200,0,0,0,0,0,0
CF,FN26,54.973361,24.278083,0,KUS,0.0,0.0,258.0,4.1,2,2200,0,0,0,0,2,0
CF,40DME,54.968667,24.181389,0,KUS,0.0,0.0,258.0,3.4,2,1140,0,0,0,0,0,0
CF,KUS,54.965722,24.121861,0,KNA,0.0,1.9,258.0,2.1,1,492,0,0,0,0,3,0
CA,0,258.0,2,2200,0,0,0,0,0,0
DF,KUS,54.965722,24.121861,2, ,0.0,0.0,2,2200,0,0,0,0,0,0

APPTR,R08,08,KNA
IF,KNA,54.960389,24.066417, ,0.0,0.0,2,4000,0,1,220,0,1,0
TF,KA354,55.053556,23.874417,0, ,0.0,0.0,0.0,0.0,0,0,0,0,0,0,0,0
TF,KA355,55.047556,23.756056,0, ,0.0,0.0,0.0,0.0,0,0,0,0,0,0,0,0
TF,KA352,54.948000,23.771750,0, ,0.0,0.0,0.0,0.0,2,3000,0,0,0,0,1,0

APPTR,R08,08,MATAM
IF,MATAM,54.902472,23.622972, ,0.0,0.0,2,4000,0,1,230,0,1,0
TF,KA352,54.948000,23.771750,0, ,0.0,0.0,0.0,0.0,2,3000,0,0,0,0,1,0

APPTR,R08,08,VEBUS
IF,VEBUS,55.038667,23.703250, ,0.0,0.0,2,4000,0,1,230,0,1,0
TF,KA352,54.948000,23.771750,0, ,0.0,0.0,0.0,0.0,2,3000,0,0,0,0,1,0

FINAL,R08,08,R,3
IF,KA352,54.948000,23.771750, ,0.0,0.0,2,3000,0,0,0,0,0,0
TF,KA351,54.954111,23.889972,0, ,0.0,0.0,77.0,4.1,2,2200,0,0,0,0,2,0
TF,RW08,54.962900,24.064150,0, ,0.0,0.0,78.0,6.1,1,290,0,0,0,0,3,1
CF,KA353,54.974972,24.312056,0,KNA,76.0,8.5,78.0,8.6,0,0,0,1,200,0,0,1
DF,KNA,54.960389,24.066417,2, ,0.0,0.0,2,4000,0,1,220,0,0,0

APPTR,R26,26,KNA
IF,KNA,54.960389,24.066417, ,0.0,0.0,2,4000,0,1,220,0,1,0
TF,KA454,54.873889,24.292694,0, ,0.0,0.0,0.0,0.0,0,0,0,0,0,0,0,0
TF,KA455,54.879500,24.410361,0, ,0.0,0.0,0.0,0.0,0,0,0,0,0,0,0,0
TF,KA452,54.978944,24.396222,0, ,0.0,0.0,0.0,0.0,2,3000,0,0,0,0,1,0

APPTR,R26,26,NASAP
IF,NASAP,55.082556,24.469611, ,0.0,0.0,2,5000,0,1,230,0,1,0
TF,KA456,55.036028,24.524250,0, ,0.0,0.0,0.0,0.0,2,4000,0,0,0,0,0,0
TF,KA457,54.965306,24.497611,0, ,0.0,0.0,0.0,0.0,0,0,0,0,0,0,0,0
TF,KA452,54.978944,24.396222,0, ,0.0,0.0,0.0,0.0,2,3000,0,0,0,0,1,0

APPTR,R26,26,REGLU
IF,REGLU,54.860333,24.456583, ,0.0,0.0,2,4000,0,1,230,0,1,0
TF,KA452,54.978944,24.396222,0, ,0.0,0.0,0.0,0.0,2,3000,0,0,0,0,1,0

FINAL,R26,26,R,3
IF,KA452,54.978944,24.396222, ,0.0,0.0,2,3000,0,0,0,0,0,0
TF,KA451,54.973333,24.277833,0, ,0.0,0.0,258.0,4.1,2,2200,0,0,0,0,2,0
TF,RW26,54.964942,24.105406,0, ,0.0,0.0,258.0,6.0,1,310,0,0,0,0,3,1
CF,KA453,54.950833,23.825944,0,KNA,258.2,8.3,257.0,9.7,0,0,0,1,210,0,0,1
DF,KNA,54.960389,24.066417,2, ,0.0,0.0,2,4000,0,1,220,0,0,0

