APPTR,R11,11,AVEPA
IF,AVEPA,-32.698483,26.368469, ,0.0,0.0,2,6800,0,0,0,0,1,0
TF,FO1T1,-32.798631,26.373372,0, ,0.0,0.0,0.0,0.0,2,4900,0,0,0,0,1,0

APPTR,R11,11,TEXER
IF,TEXER,-32.802719,26.254792, ,0.0,0.0,2,6500,0,0,0,0,1,0
TF,FO1T1,-32.798631,26.373372,0, ,0.0,0.0,0.0,0.0,2,4900,0,0,0,0,1,0

APPTR,R11,11,UVGED
IF,UVGED,-32.898778,26.378286, ,0.0,0.0,2,6200,0,0,0,0,1,0
TF,FO1T1,-32.798631,26.373372,0, ,0.0,0.0,0.0,0.0,2,4900,0,0,0,0,1,0

FINAL,R11,11,R,4
IF,FO1T1,-32.798631,26.373372, ,0.0,0.0,2,4900,0,0,0,0,0,0
TF,FO1F1,-32.794783,26.482097,0, ,0.0,0.0,115.0,5.5,2,3200,0,0,0,0,2,0
TF,FO1SD,-32.793006,26.531481,0, ,0.0,0.0,115.0,2.5,2,2440,0,0,0,0,0,0
TF,RW11,-32.791567,26.570986,0, ,0.0,0.0,115.0,2.0,1,1809,0,0,0,0,3,1
FA,RW11,-32.791567,26.570986,0,PEV,0.0,0.0,115.0,2,2170,0,0,0,0,0,0
DF,FO1M1,-32.784186,26.772453,0, ,0.0,0.0,2,3900,0,0,0,0,0,1
TF,AVEPA,-32.698483,26.368469,1, ,0.0,0.0,0.0,0.0,2,6800,0,0,0,0,0,0
HM,AVEPA,-32.698483,26.368469,1, ,0.0,0.0,205.0,04.3,2,6800,0,1,240,0,0,0,0

APPTR,R29,29,ANVOB
IF,ANVOB,-32.875669,26.826303, ,0.0,0.0,2,7000,0,0,0,0,1,0
TF,FO2T1,-32.782239,26.821467,0, ,0.0,0.0,0.0,0.0,2,5400,0,0,0,0,1,0

APPTR,R29,29,GEXUN
IF,GEXUN,-32.778111,26.932064, ,0.0,0.0,2,7500,0,0,0,0,1,0
TF,FO2T1,-32.782239,26.821467,0, ,0.0,0.0,0.0,0.0,2,5400,0,0,0,0,1,0

APPTR,R29,29,UVKIX
IF,UVKIX,-32.688811,26.816644, ,0.0,0.0,2,7700,0,0,0,0,1,0
TF,FO2T1,-32.782239,26.821467,0, ,0.0,0.0,0.0,0.0,2,5400,0,0,0,0,1,0

FINAL,R29,29,R,3
IF,FO2T1,-32.782239,26.821467, ,0.0,0.0,2,5400,0,0,0,0,0,0
TF,FO2F1,-32.787269,26.687167,0, ,0.0,0.0,295.0,6.8,2,3400,0,0,0,0,2,0
TF,RW29,-32.791075,26.584458,0, ,0.0,0.0,295.0,5.2,1,1764,0,0,0,0,3,1
FA,RW29,-32.791075,26.584458,0,PEV,0.0,0.0,295.0,2,2170,0,0,0,0,0,0
DF,FO2M1,-32.798672,26.377050,0, ,0.0,0.0,0,0,0,0,0,0,0,1
TF,UVKIX,-32.688811,26.816644,2, ,0.0,0.0,0.0,0.0,2,7700,0,0,0,0,0,0
HM,UVKIX,-32.688811,26.816644,2, ,0.0,0.0,205.0,04.3,2,7700,0,1,240,0,0,0,0

