APPTR,R17,17,EGPAX
IF,EGPAX,-34.459856,20.025111, ,0.0,0.0,2,5000,0,1,220,0,1,0
TF,OB1T1,-34.403158,20.124778,0, ,0.0,0.0,0.0,0.0,2,3400,0,1,220,0,1,0

APPTR,R17,17,IBMAV
IF,IBMAV,-34.320533,20.056478, ,0.0,0.0,2,5000,0,1,220,0,1,0
TF,OB1T1,-34.403158,20.124778,0, ,0.0,0.0,0.0,0.0,2,3400,0,1,220,0,1,0

APPTR,R17,17,TEVUS
IF,TEVUS,-34.346381,20.224308, ,0.0,0.0,2,5000,0,1,220,0,1,0
TF,OB1T1,-34.403158,20.124778,0, ,0.0,0.0,0.0,0.0,2,3400,0,1,220,0,1,0

FINAL,R17,17,R,4
IF,OB1T1,-34.403158,20.124778, ,0.0,0.0,2,3400,0,1,220,0,0,0
TF,OB1F1,-34.471936,20.181872,0, ,0.0,0.0,172.0,5.0,2,2000,0,1,220,0,2,0
TF,OB1SD,-34.502000,20.206867,0, ,0.0,0.0,172.0,2.2,2,1320,0,0,0,0,0,0
TF,RW17,-34.554164,20.250289,0, ,0.0,0.0,172.0,3.8,1,96,0,0,0,0,3,1
FA,RW17,-34.554164,20.250289,0,OBV,0.0,0.0,172.0,2,460,0,1,185,0,0,0
DF,OB1M1,-34.622883,20.307592,0, ,0.0,0.0,2,1300,0,1,230,0,0,0
TF,OB1M2,-34.693931,20.182819,0, ,0.0,0.0,0.0,0.0,2,2400,0,1,230,0,0,0
TF,EGPAX,-34.459856,20.025111,2, ,0.0,0.0,0.0,0.0,2,3700,0,0,0,0,0,0
HM,EGPAX,-34.459856,20.025111,1, ,0.0,0.0,82.0,04.3,2,3700,0,1,230,0,0,0,0

APPTR,R35,35,AVOBI
IF,AVOBI,-34.785397,20.296008, ,0.0,0.0,2,5000,0,1,220,0,1,0
TF,OB2T1,-34.728478,20.395872,0, ,0.0,0.0,0.0,0.0,2,3400,0,1,220,0,1,0

APPTR,R35,35,DUTLI
IF,DUTLI,-34.810850,20.464936, ,0.0,0.0,2,5000,0,1,220,0,1,0
TF,OB2T1,-34.728478,20.395872,0, ,0.0,0.0,0.0,0.0,2,3400,0,1,220,0,1,0

APPTR,R35,35,UVIXI
IF,UVIXI,-34.671472,20.495603, ,0.0,0.0,2,5000,0,1,220,0,1,0
TF,OB2T1,-34.728478,20.395872,0, ,0.0,0.0,0.0,0.0,2,3400,0,1,220,0,1,0

FINAL,R35,35,R,3
IF,OB2T1,-34.728478,20.395872, ,0.0,0.0,2,3400,0,1,220,0,0,0
TF,OB2F1,-34.659803,20.338425,0, ,0.0,0.0,352.0,5.0,2,2000,0,1,220,0,2,0
TF,RW35,-34.577247,20.269522,0, ,0.0,0.0,352.0,6.0,1,87,0,0,0,0,3,1
FA,RW35,-34.577247,20.269522,0,OBV,0.0,0.0,352.0,2,460,0,0,0,0,0,0
DF,OB2M1,-34.508131,20.211883,0, ,0.0,0.0,2,1040,0,1,230,0,0,0
TF,OB2M2,-34.577575,20.090931,0, ,0.0,0.0,0.0,0.0,2,2100,0,1,230,0,0,0
TF,AVOBI,-34.785397,20.296008,1, ,0.0,0.0,0.0,0.0,2,3600,0,0,0,0,0,0
HM,AVOBI,-34.785397,20.296008,2, ,0.0,0.0,82.0,04.3,2,3600,0,1,230,0,0,0,0

