APPTR,D09-Y,09,VCD1
IF,VCD,-12.961950,28.489053, ,0.0,0.0,2,7000,0,0,0,0,0,0
FD,VCD,-12.961950,28.489053,0,VCD,0.0,8.8,292.0,8.8,2,6000,0,1,185,0,0,0
CF,D273I,-12.961906,28.338844,1,VCD,273.0,8.8,93.0,1.0,2,6000,0,0,0,0,1,0
TF,FD09,-12.961936,28.408828,0, ,0.0,0.0,0.0,0.0,2,6000,0,0,0,0,0,0

APPTR,D09-Y,09,VCD2
IF,VCD,-12.961950,28.489053, ,0.0,0.0,2,7000,0,0,0,0,0,0
FD,VCD,-12.961950,28.489053,0,VCD,0.0,7.4,288.0,7.4,2,6000,0,1,140,0,0,0
CF,D273G,-12.961917,28.362739,1,VCD,273.0,7.4,93.0,1.0,2,6000,0,0,0,0,1,0
TF,FD09,-12.961936,28.408828,0, ,0.0,0.0,0.0,0.0,2,6000,0,0,0,0,0,0

FINAL,D09-Y,09,D,2
IF,FD09,-12.961936,28.408828,VCD,273.0,4.7,2,6000,0,0,0,0,2,0
CF,VCD,-12.961950,28.489053,0,VCD,0.0,0.0,93.0,4.7,1,4524,0,0,0,0,3,0
TF,D093F,-12.961928,28.596586,0, ,0.0,0.0,0.0,0.0,0,0,0,0,0,0,0,1
VI,0, ,0.0,3.0,0,0,0,0,0,0,0,0
CF,D060L,-12.852481,28.660761,0,VCD,60.0,12.0,60.0,5.0,1,6000,0,0,0,0,0,0
HM,D060L,-12.852481,28.660761,1, ,0.0,0.0,60.0,04.3,2,6000,0,0,0,0,0,0,0

APPTR,D27,27,VCD1
IF,VCD,-12.961950,28.489053, ,0.0,0.0,2,7000,0,0,0,0,0,0
TF,CD27,-12.961086,28.635842,0, ,0.0,0.0,0.0,0.0,2,6000,0,0,0,0,0,0
FC,CD27,-12.961086,28.635842,0,VCD,0.0,0.0,48.0,2.7,2,6000,0,1,160,0,0,1
CF,CD27,-12.961086,28.635842,2,VCD,92.7,8.6,273.0,3.0,2,6000,0,0,0,0,1,0

APPTR,D27,27,VCD2
IF,VCD,-12.961950,28.489053, ,0.0,0.0,2,7000,0,0,0,0,0,0
TF,CD27,-12.961086,28.635842,0, ,0.0,0.0,0.0,0.0,2,6000,0,0,0,0,0,0
FC,CD27,-12.961086,28.635842,0,VCD,0.0,0.0,48.0,2.0,2,6000,0,1,120,0,0,1
CF,CD27,-12.961086,28.635842,2,VCD,92.7,8.6,273.0,2.0,2,6000,0,0,0,0,1,0

FINAL,D27,27,D,3
IF,CD27,-12.961086,28.635842,VCD,92.7,8.6,2,6000,0,0,0,0,0,0
CF,FD27,-12.961167,28.622833,0,VCD,92.7,7.8,273.0,0.8,2,6000,0,0,0,0,2,0
CF,RW27,-12.961700,28.532361,0,VCD,92.7,2.5,273.0,5.3,1,4327,0,0,0,0,3,0
TF,D273E,-12.961936,28.408828,0, ,0.0,0.0,0.0,0.0,2,6000,0,0,0,0,0,0
HM,D273E,-12.961936,28.408828,2, ,0.0,0.0,93.0,04.3,2,6000,0,0,0,0,0,0,0

