SID,ANTO3N,33,2
CA,0,329.0,2,460,0,0,0,0,0,0
CF,SD40I,-21.109214,54.838506,0,SDG,269.3,40.0,311.0,34.0,0,0,0,0,0,0,0,0
AF,SD40D,-20.607081,54.862661,2,SDG,313.4,40.0,270.0,0,0,0,0,0,0,0,0
CF,ANTOL,-19.830917,53.095083,0,SDG,313.4,150.0,314.0,110.0,0,0,0,0,0,0,0,0

SID,ANTO3S,15,2
CD, ,0,0,0,PRF,0,0.0,149.0,2.0,0,0,0,0,0,0,0,0
CI,2, ,0.0,341.0,0,0,0,0,0,0,0,0
CF,SD40I,-21.109214,54.838506,0,SDG,269.3,40.0,311.0,29.0,0,0,0,0,0,0,0,0
AF,SD40D,-20.607081,54.862661,2,SDG,313.4,40.0,270.0,0,0,0,0,0,0,0,0
CF,ANTOL,-19.830917,53.095083,0,SDG,313.4,150.0,314.0,110.0,0,0,0,0,0,0,0,0

SID,DOBU3N,33,2
CA,0,329.0,2,460,0,0,0,0,0,0
CF,SD40I,-21.109214,54.838506,0,SDG,269.3,40.0,311.0,34.0,0,0,0,0,0,0,0,0
AF,SD40F,-20.471967,54.950281,2,SDG,327.0,40.0,270.0,0,0,0,0,0,0,0,0
CF,DOBUT,-19.335889,53.419694,0,SDG,326.8,150.0,327.0,110.0,0,0,0,0,0,0,0,0

SID,DOBU3S,15,2
CD, ,0,0,0,PRF,0,0.0,149.0,2.0,0,0,0,0,0,0,0,0
CI,2, ,0.0,341.0,0,0,0,0,0,0,0,0
CF,SD40I,-21.109214,54.838506,0,SDG,269.3,40.0,311.0,29.0,0,0,0,0,0,0,0,0
AF,SD40F,-20.471967,54.950281,2,SDG,327.0,40.0,270.0,0,0,0,0,0,0,0,0
CF,DOBUT,-19.335889,53.419694,0,SDG,326.8,150.0,327.0,110.0,0,0,0,0,0,0,0,0

SID,GERA3N,33,2
CA,0,329.0,2,460,0,0,0,0,0,0
CF,PRF41,-21.075575,54.746222,0,PRF,311.0,40.5,311.0,40.0,0,0,0,0,0,0,0,0
TF,GERAG,-21.515806,52.920250,0, ,0.0,0.0,0.0,0.0,0,0,0,0,0,0,0,0

SID,GERA3S,15,2
CD, ,0,0,0,PRF,0,0.0,149.0,2.0,0,0,0,0,0,0,0,0
CI,2, ,0.0,341.0,0,0,0,0,0,0,0,0
CF,PRF41,-21.075575,54.746222,0,PRF,311.0,40.5,311.0,34.0,0,0,0,0,0,0,0,0
TF,GERAG,-21.515806,52.920250,0, ,0.0,0.0,0.0,0.0,0,0,0,0,0,0,0,0

SID,GETI3N,33,2
CA,0,329.0,2,460,0,0,0,0,0,0
CF,D310U,-21.195511,55.076072,0,PRF,311.0,20.7,311.0,19.0,0,0,0,0,0,0,0,0
TF,GETIR,-22.395806,53.367417,0, ,0.0,0.0,0.0,0.0,0,0,0,0,0,0,0,0

SID,GETI3S,15,2
CD, ,0,0,0,PRF,0,0.0,149.0,2.0,0,0,0,0,0,0,0,0
CI,2, ,0.0,341.0,0,0,0,0,0,0,0,0
CF,D310U,-21.195511,55.076072,0,PRF,311.0,20.7,311.0,17.0,0,0,0,0,0,0,0,0
TF,GETIR,-22.395806,53.367417,0, ,0.0,0.0,0.0,0.0,0,0,0,0,0,0,0,0

SID,MG3N,33,2
CA,0,329.0,2,460,0,0,0,0,0,0
CF,SD40I,-21.109214,54.838506,0,SDG,269.3,40.0,311.0,34.0,0,0,0,0,0,0,0,0
AF,SD40E,-20.556033,54.890389,2,SDG,318.3,40.0,270.0,0,0,0,0,0,0,0,0
CF,SD50D,-20.473483,54.735950,0,SDG,318.3,50.0,319.0,10.0,0,0,0,0,0,0,0,0
TF,MG,-15.657500,46.340667,0, ,0.0,0.0,0.0,0.0,0,0,0,0,0,0,0,0

SID,MG3S,15,2
CD, ,0,0,0,PRF,0,0.0,149.0,2.0,0,0,0,0,0,0,0,0
CI,2, ,0.0,341.0,0,0,0,0,0,0,0,0
CF,SD40I,-21.109214,54.838506,0,SDG,269.3,40.0,311.0,29.0,0,0,0,0,0,0,0,0
AF,SD40E,-20.556033,54.890389,2,SDG,318.3,40.0,270.0,0,0,0,0,0,0,0,0
CF,SD50D,-20.473483,54.735950,0,SDG,318.3,50.0,319.0,10.0,0,0,0,0,0,0,0,0
TF,MG,-15.657500,46.340667,0, ,0.0,0.0,0.0,0.0,0,0,0,0,0,0,0,0

SID,NODS3N,33,2
CA,0,329.0,2,460,0,0,0,0,0,0
CF,SD40I,-21.109214,54.838506,0,SDG,269.3,40.0,311.0,34.0,0,0,0,0,0,0,0,0
AF,SD40G,-20.394783,55.025797,2,SDG,336.0,40.0,270.0,0,0,0,0,0,0,0,0
CF,NODSI,-19.057667,53.690444,0,SDG,335.4,150.0,336.0,110.0,0,0,0,0,0,0,0,0

SID,NODS3S,15,2
CD, ,0,0,0,PRF,0,0.0,149.0,2.0,0,0,0,0,0,0,0,0
CI,2, ,0.0,341.0,0,0,0,0,0,0,0,0
CF,SD40I,-21.109214,54.838506,0,SDG,269.3,40.0,311.0,29.0,0,0,0,0,0,0,0,0
AF,SD40G,-20.394783,55.025797,2,SDG,336.0,40.0,270.0,0,0,0,0,0,0,0,0
CF,NODSI,-19.057667,53.690444,0,SDG,335.4,150.0,336.0,110.0,0,0,0,0,0,0,0,0

SID,RECI3N,33,2
CA,0,329.0,2,460,0,0,0,0,0,0
CF,D310P,-21.223664,55.153831,0,PRF,311.0,16.0,311.0,15.0,0,0,0,0,0,0,0,1
CI,0, ,0.0,20.0,0,0,0,0,0,0,0,0
CF,D264S,-21.018875,55.203031,0,SDG,264.0,19.0,84.0,6.0,0,0,0,0,0,0,0,1
CI,0, ,0.0,84.0,0,0,0,0,0,0,0,0
AF,D307Q,-20.796714,55.222192,2,SDG,307.0,17.0,264.0,0,0,0,0,0,0,0,0
CF,RECIF,-20.803139,55.314944,0,SDG,313.0,12.0,133.0,4.0,0,0,0,0,0,0,0,0

SID,RECI3S,15,2
CD, ,0,0,0,PRF,0,0.0,149.0,2.0,0,0,0,0,0,0,0,0
CI,2, ,0.0,341.0,0,0,0,0,0,0,0,0
CF,D310P,-21.223664,55.153831,0,PRF,311.0,16.0,311.0,11.0,0,0,0,0,0,0,0,1
CI,0, ,0.0,20.0,0,0,0,0,0,0,0,0
CF,D264S,-21.018875,55.203031,0,SDG,264.0,19.0,84.0,6.0,0,0,0,0,0,0,0,1
CI,0, ,0.0,84.0,0,0,0,0,0,0,0,0
AF,D307Q,-20.796714,55.222192,2,SDG,307.0,17.0,264.0,0,0,0,0,0,0,0,0
CF,RECIF,-20.803139,55.314944,0,SDG,313.0,12.0,133.0,4.0,0,0,0,0,0,0,0,0

SID,SDG3N,33,2
CA,0,329.0,2,460,0,0,0,0,0,0
CF,D310P,-21.223664,55.153831,0,PRF,311.0,16.0,311.0,15.0,0,0,0,0,0,0,0,1
CI,0, ,0.0,20.0,0,0,0,0,0,0,0,0
CF,SDG,-20.884833,55.509806,0,SDG,0.0,0.0,84.0,26.0,0,0,0,0,0,0,0,0

SID,SDG3S,15,2
CD, ,0,0,0,PRF,0,0.0,149.0,2.0,0,0,0,0,0,0,0,0
CI,2, ,0.0,341.0,0,0,0,0,0,0,0,0
CF,D310P,-21.223664,55.153831,0,PRF,311.0,16.0,311.0,11.0,0,0,0,0,0,0,0,1
CI,0, ,0.0,20.0,0,0,0,0,0,0,0,0
CF,SDG,-20.884833,55.509806,0,SDG,0.0,0.0,84.0,26.0,0,0,0,0,0,0,0,0

SID,UNKI3N,33,2
CA,0,329.0,2,460,0,0,0,0,0,0
CF,SD40I,-21.109214,54.838506,0,SDG,269.3,40.0,311.0,34.0,0,0,0,0,0,0,0,0
AF,SD40J,-20.716931,54.820994,2,SDG,303.4,40.0,270.0,0,0,0,0,0,0,0,0
CF,UNKIK,-20.241250,52.934639,0,SDG,303.4,150.0,304.0,109.0,0,0,0,0,0,0,0,0

SID,UNKI3S,15,2
CD, ,0,0,0,PRF,0,0.0,149.0,2.0,0,0,0,0,0,0,0,0
CI,2, ,0.0,341.0,0,0,0,0,0,0,0,0
CF,SD40I,-21.109214,54.838506,0,SDG,269.3,40.0,311.0,29.0,0,0,0,0,0,0,0,0
AF,SD40J,-20.716931,54.820994,2,SDG,303.4,40.0,270.0,0,0,0,0,0,0,0,0
CF,UNKIK,-20.241250,52.934639,0,SDG,303.4,150.0,304.0,109.0,0,0,0,0,0,0,0,0

SID,UVEN3N,33,2
CA,0,329.0,2,460,0,0,0,0,0,0
CF,SD40I,-21.109214,54.838506,0,SDG,269.3,40.0,311.0,34.0,0,0,0,0,0,0,0,0
AF,SD40H,-20.277664,55.211178,2,SDG,354.1,40.0,270.0,0,0,0,0,0,0,0,0
CF,UVENA,-18.606083,54.399639,0,SDG,354.1,150.0,355.0,110.0,0,0,0,0,0,0,0,0

SID,UVEN3S,15,2
CD, ,0,0,0,PRF,0,0.0,149.0,2.0,0,0,0,0,0,0,0,0
CI,2, ,0.0,341.0,0,0,0,0,0,0,0,0
CF,SD40I,-21.109214,54.838506,0,SDG,269.3,40.0,311.0,29.0,0,0,0,0,0,0,0,0
AF,SD40H,-20.277664,55.211178,2,SDG,354.1,40.0,270.0,0,0,0,0,0,0,0,0
CF,UVENA,-18.606083,54.399639,0,SDG,354.1,150.0,355.0,110.0,0,0,0,0,0,0,0,0

STAR,ANTO4A,15,2
IF,ANTOL,-19.830917,53.095083, ,0.0,0.0,0,0,0,0,0,0,0,0
TF,SD40D,-20.607081,54.862661,0, ,0.0,0.0,0.0,0.0,0,0,0,0,0,0,0,0
AF,SD40I,-21.109214,54.838506,1,SDG,269.3,40.0,314.0,0,0,0,0,0,0,0,0
CF,DIDMO,-21.226694,55.162167,0,PRF,311.0,15.5,131.0,20.0,0,0,0,0,0,0,0,0
TF,ANTIR,-21.241778,55.203944,0, ,0.0,0.0,0.0,0.0,0,0,0,0,0,0,0,0

STAR,DOBU4A,15,2
IF,DOBUT,-19.335889,53.419694, ,0.0,0.0,0,0,0,0,0,0,0,0
TF,SD40F,-20.471967,54.950281,0, ,0.0,0.0,0.0,0.0,0,0,0,0,0,0,0,0
AF,SD40I,-21.109214,54.838506,1,SDG,269.3,40.0,327.0,0,0,0,0,0,0,0,0
CF,DIDMO,-21.226694,55.162167,0,PRF,311.0,15.5,131.0,20.0,0,0,0,0,0,0,0,0
TF,ANTIR,-21.241778,55.203944,0, ,0.0,0.0,0.0,0.0,0,0,0,0,0,0,0,0

STAR,GERA4A,15,2
IF,GERAG,-21.515806,52.920250, ,0.0,0.0,0,0,0,0,0,0,0,0
TF,PRF41,-21.075575,54.746222,0, ,0.0,0.0,0.0,0.0,0,0,0,0,0,0,0,0
TF,DIDMO,-21.226694,55.162167,0, ,0.0,0.0,0.0,0.0,0,0,0,0,0,0,0,0
TF,ANTIR,-21.241778,55.203944,0, ,0.0,0.0,0.0,0.0,0,0,0,0,0,0,0,0

STAR,GETI4A,15,2
IF,GETIR,-22.395806,53.367417, ,0.0,0.0,0,0,0,0,0,0,0,0
TF,D310U,-21.195511,55.076072,0, ,0.0,0.0,0.0,0.0,0,0,0,0,0,0,0,0
TF,DIDMO,-21.226694,55.162167,0, ,0.0,0.0,0.0,0.0,0,0,0,0,0,0,0,0
TF,ANTIR,-21.241778,55.203944,0, ,0.0,0.0,0.0,0.0,0,0,0,0,0,0,0,0

STAR,MG4A,15,2
IF,MG,-15.657500,46.340667, ,0.0,0.0,0,0,0,0,0,0,0,0
TF,SD40E,-20.556033,54.890389,0, ,0.0,0.0,0.0,0.0,0,0,0,0,0,0,0,0
AF,SD40I,-21.109214,54.838506,1,SDG,269.3,40.0,319.0,0,0,0,0,0,0,0,0
CF,DIDMO,-21.226694,55.162167,0,PRF,311.0,15.5,131.0,20.0,0,0,0,0,0,0,0,0
TF,ANTIR,-21.241778,55.203944,0, ,0.0,0.0,0.0,0.0,0,0,0,0,0,0,0,0

STAR,NODS4A,15,2
IF,NODSI,-19.057667,53.690444, ,0.0,0.0,0,0,0,0,0,0,0,0
TF,SD40G,-20.394783,55.025797,0, ,0.0,0.0,0.0,0.0,0,0,0,0,0,0,0,0
AF,SD40I,-21.109214,54.838506,1,SDG,269.3,40.0,336.0,0,0,0,0,0,0,0,0
CF,DIDMO,-21.226694,55.162167,0,PRF,311.0,15.5,131.0,20.0,0,0,0,0,0,0,0,0
TF,ANTIR,-21.241778,55.203944,0, ,0.0,0.0,0.0,0.0,0,0,0,0,0,0,0,0

STAR,PASA4A,15,2
IF,PASAR,-21.018333,56.400000, ,0.0,0.0,0,0,0,0,0,0,0,0
TF,D091P,-21.236931,55.691819,0, ,0.0,0.0,0.0,0.0,0,0,0,0,0,0,0,0
TF,D091I,-21.273228,55.573067,0, ,0.0,0.0,0.0,0.0,0,0,0,0,0,0,0,0
TF,PRF,-21.319778,55.420306,0, ,0.0,0.0,0.0,0.0,0,0,0,0,0,0,0,0
TF,D298R,-21.272378,55.103039,0, ,0.0,0.0,0.0,0.0,0,0,0,0,0,0,0,1
CF,DIDMO,-21.226694,55.162167,2,PRF,311.0,15.5,131.0,2.0,0,0,0,0,0,0,0,0
TF,ANTIR,-21.241778,55.203944,0, ,0.0,0.0,0.0,0.0,0,0,0,0,0,0,0,0

STAR,PASA4R,15,5
IF,PASAR,-21.018333,56.400000, ,0.0,0.0,0,0,0,0,0,0,0,0
TF,EP504,-21.285694,55.959639,0, ,0.0,0.0,0.0,0.0,0,0,0,0,0,0,0,0
TF,EP506,-21.481056,55.636472,0, ,0.0,0.0,0.0,0.0,2,3500,0,0,0,0,0,0
TF,SUKUM,-21.430417,55.370500,0, ,0.0,0.0,0.0,0.0,2,3500,0,1,220,0,0,0

STAR,SDG4A,15,2
IF,SDG,-20.884833,55.509806, ,0.0,0.0,0,0,0,0,0,0,0,0
TF,D264P,-20.997747,55.251506,0, ,0.0,0.0,0.0,0.0,0,0,0,0,0,0,0,0
TF,D264U,-21.032953,55.170706,0, ,0.0,0.0,0.0,0.0,0,0,0,0,0,0,0,0
TF,OKTIB,-21.089444,55.120167,0, ,0.0,0.0,0.0,0.0,0,0,0,0,0,0,0,0
TF,D310U,-21.195511,55.076072,0, ,0.0,0.0,0.0,0.0,0,0,0,0,0,0,0,0
TF,DIDMO,-21.226694,55.162167,0, ,0.0,0.0,0.0,0.0,0,0,0,0,0,0,0,0
TF,ANTIR,-21.241778,55.203944,0, ,0.0,0.0,0.0,0.0,0,0,0,0,0,0,0,0

STAR,UNKI4A,15,2
IF,UNKIK,-20.241250,52.934639, ,0.0,0.0,0,0,0,0,0,0,0,0
TF,SD40J,-20.716931,54.820994,0, ,0.0,0.0,0.0,0.0,0,0,0,0,0,0,0,0
AF,SD40I,-21.109214,54.838506,1,SDG,269.3,40.0,304.0,0,0,0,0,0,0,0,0
CF,DIDMO,-21.226694,55.162167,0,PRF,311.0,15.5,131.0,20.0,0,0,0,0,0,0,0,0
TF,ANTIR,-21.241778,55.203944,0, ,0.0,0.0,0.0,0.0,0,0,0,0,0,0,0,0

STAR,UVEN4A,15,2
IF,UVENA,-18.606083,54.399639, ,0.0,0.0,0,0,0,0,0,0,0,0
TF,SD40H,-20.277664,55.211178,0, ,0.0,0.0,0.0,0.0,0,0,0,0,0,0,0,0
AF,SD40I,-21.109214,54.838506,1,SDG,269.3,40.0,355.0,0,0,0,0,0,0,0,0
CF,DIDMO,-21.226694,55.162167,0,PRF,311.0,15.5,131.0,20.0,0,0,0,0,0,0,0,0
TF,ANTIR,-21.241778,55.203944,0, ,0.0,0.0,0.0,0.0,0,0,0,0,0,0,0,0

APPTR,N15,15,SP1
IF,SP,-21.277556,55.362250, ,0.0,0.0,2,7500,0,0,0,0,1,0
HF,SP,-21.277556,55.362250,1, ,0.0,0.0,329.0,04.3,2,5500,0,1,200,0,0,0,0
FC,SP,-21.277556,55.362250,0,PRF,0.0,0.0,290.0,10.5,2,3000,0,0,0,0,0,1
CF,SP,-21.277556,55.362250,2,PRF,327.8,4.1,125.0,11.0,2,1300,0,1,180,0,0,0

APPTR,N15,15,SP2
IF,SP,-21.277556,55.362250, ,0.0,0.0,2,7500,0,0,0,0,1,0
HF,SP,-21.277556,55.362250,1, ,0.0,0.0,329.0,04.3,2,5500,0,1,200,0,0,0,0
FC,SP,-21.277556,55.362250,0,PRF,0.0,0.0,293.0,9.0,2,3000,0,0,0,0,0,1
CF,SP,-21.277556,55.362250,2,PRF,327.8,4.1,125.0,9.0,2,1300,0,1,130,0,0,0

FINAL,N15,15,N,2
IF,SP,-21.277556,55.362250,SP,0.0,0.0,2,1300,0,0,0,0,2,0
CF,RW15,-21.313406,55.414836,0,SP,0.0,0.0,146.0,3.6,1,109,0,0,0,0,3,0
CA,0,146.0,2,8000,0,0,0,0,0,0
DF,SP,-21.277556,55.362250,2, ,0.0,0.0,1,10500,0,1,220,0,0,0

APPTR,R15,15,ERDIP
IF,ERDIP,-20.847806,55.201722, ,0.0,0.0,0,0,0,0,0,0,1,0
TF,OKTIB,-21.089444,55.120167,0, ,0.0,0.0,0.0,0.0,0,0,0,1,220,0,0,0
TF,IEP15,-21.163222,55.217056,0, ,0.0,0.0,0.0,0.0,2,3500,0,1,210,0,1,0

APPTR,R15,15,OKTIB
IF,OKTIB,-21.089444,55.120167, ,0.0,0.0,0,0,0,1,220,0,1,0
TF,IEP15,-21.163222,55.217056,0, ,0.0,0.0,0.0,0.0,2,3500,0,1,210,0,1,0

APPTR,R15,15,SUKUM
IF,SUKUM,-21.430417,55.370500, ,0.0,0.0,0,0,0,1,220,0,1,0
TF,EP400,-21.254194,55.138472,0, ,0.0,0.0,0.0,0.0,0,0,0,0,0,0,0,0
TF,IEP15,-21.163222,55.217056,0, ,0.0,0.0,0.0,0.0,2,3500,0,1,210,0,1,0

FINAL,R15,15,R,3
IF,IEP15,-21.163222,55.217056, ,0.0,0.0,2,3500,0,1,210,0,0,0
TF,FEP15,-21.206667,55.274222,0, ,0.0,0.0,149.0,4.1,1,3500,0,0,0,0,2,0
TF,RW15,-21.313406,55.414836,0, ,0.0,0.0,149.0,10.1,1,109,0,0,0,0,3,1
CA,0,149.0,2,460,0,0,0,0,0,0
DF,SUKUM,-21.430417,55.370500,2, ,0.0,0.0,1,3500,0,1,220,0,0,1
HM,SUKUM,-21.430417,55.370500,1, ,0.0,0.0,340.0,04.3,2,3500,0,1,220,0,0,0,0

APPTR,V15-A,15,ANTIR
IF,ANTIR,-21.241778,55.203944, ,0.0,0.0,0,0,0,0,0,0,1,0
HF,ANTIR,-21.241778,55.203944,2, ,0.0,0.0,131.0,05,2,3000,0,1,220,0,0,0,0
CF,DIDMO,-21.226694,55.162167,0,PRF,311.0,15.5,131.0,1.0,2,3000,0,0,0,0,1,0
TF,D125M,-21.237719,55.205456,0, ,0.0,0.0,0.0,0.0,2,2500,0,0,0,0,0,0
TF,D125G,-21.264361,55.310247,0, ,0.0,0.0,0.0,0.0,2,1300,0,0,0,0,0,0
TF,SP,-21.277556,55.362250,0, ,0.0,0.0,0.0,0.0,2,1300,0,1,160,0,0,0

APPTR,V15-A,15,DIDMO
IF,DIDMO,-21.226694,55.162167, ,0.0,0.0,2,3000,0,0,0,0,1,0
TF,D125M,-21.237719,55.205456,0, ,0.0,0.0,0.0,0.0,2,2500,0,0,0,0,0,0
TF,D125G,-21.264361,55.310247,0, ,0.0,0.0,0.0,0.0,2,1300,0,0,0,0,0,0
TF,SP,-21.277556,55.362250,0, ,0.0,0.0,0.0,0.0,2,1300,0,1,160,0,0,0

FINAL,V15-A,15,D,2
IF,SP,-21.277556,55.362250,PRF,327.8,4.1,2,1300,0,1,160,0,2,0
CF,PRF,-21.319778,55.420306,0,PRF,0.0,0.0,150.0,4.1,1,930,0,0,0,0,3,0
TF,D150B,-21.341278,55.447658,0, ,0.0,0.0,0.0,0.0,0,0,0,0,0,0,0,1
CI,2, ,0.0,329.0,0,0,0,1,220,0,0,0
CF,D295R,-21.293231,55.100261,0,PRF,295.0,18.0,295.0,12.0,1,3000,0,0,0,0,0,1
CF,ANTIR,-21.241778,55.203944,2,PRF,311.0,13.0,131.0,5.0,0,0,0,0,0,0,0,0
HM,ANTIR,-21.241778,55.203944,2, ,0.0,0.0,131.0,05,2,3000,0,1,220,0,0,0,0

APPTR,V33-A,33,ANTIR
IF,ANTIR,-21.241778,55.203944, ,0.0,0.0,0,0,0,0,0,0,1,0
HF,ANTIR,-21.241778,55.203944,2, ,0.0,0.0,131.0,05,2,3000,0,1,220,0,0,0,0
CF,DIDMO,-21.226694,55.162167,0,PRF,311.0,15.5,131.0,1.0,2,3000,0,0,0,0,1,0
TF,D125M,-21.237719,55.205456,0, ,0.0,0.0,0.0,0.0,2,2500,0,0,0,0,0,0
TF,D125G,-21.264361,55.310247,0, ,0.0,0.0,0.0,0.0,2,1300,0,0,0,0,0,0
TF,SP,-21.277556,55.362250,0, ,0.0,0.0,0.0,0.0,2,1300,0,1,160,0,0,0

APPTR,V33-A,33,DIDMO
IF,DIDMO,-21.226694,55.162167, ,0.0,0.0,2,3000,0,0,0,0,1,0
TF,D125M,-21.237719,55.205456,0, ,0.0,0.0,0.0,0.0,2,2500,0,0,0,0,0,0
TF,D125G,-21.264361,55.310247,0, ,0.0,0.0,0.0,0.0,2,1300,0,0,0,0,0,0
TF,SP,-21.277556,55.362250,0, ,0.0,0.0,0.0,0.0,2,1300,0,1,160,0,0,0

FINAL,V33-A,33,D,2
IF,SP,-21.277556,55.362250,PRF,327.8,4.1,2,1300,0,1,160,0,2,0
CF,PRF,-21.319778,55.420306,0,PRF,0.0,0.0,150.0,4.1,1,930,0,0,0,0,3,0
TF,D150B,-21.341278,55.447658,0, ,0.0,0.0,0.0,0.0,0,0,0,0,0,0,0,1
CI,2, ,0.0,329.0,0,0,0,1,220,0,0,0
CF,D295R,-21.293231,55.100261,0,PRF,295.0,18.0,295.0,12.0,1,3000,0,0,0,0,0,1
CF,ANTIR,-21.241778,55.203944,2,PRF,311.0,13.0,131.0,5.0,0,0,0,0,0,0,0,0
HM,ANTIR,-21.241778,55.203944,2, ,0.0,0.0,131.0,05,2,3000,0,1,220,0,0,0,0

