APPTR,N10-Y,10,VSO
IF,VSO,-20.287639,44.317194, ,0.0,0.0,2,3000,0,0,0,0,0,0
FC,VSO,-20.287639,44.317194,0,VSO,0.0,0.0,317.0,7.0,2,2000,0,0,0,0,0,1
CF,FN10Y,-20.283992,44.207589,1,VSO,288.0,6.2,108.0,1.0,2,2000,0,0,0,0,0,0

FINAL,N10-Y,10,N,3
IF,FN10Y,-20.283992,44.207589,VSO,0.0,0.0,2,2000,0,0,0,0,2,0
CF,EN10,-20.287558,44.314758,0,VSO,0.0,0.0,108.0,6.1,1,74,0,0,0,0,0,1
CF,VSO,-20.287639,44.317194,0,VSO,0.0,0.0,108.0,0.1,2,430,0,0,0,0,3,1
FA,VSO,-20.287639,44.317194,0,VSO,0.0,0.0,108.0,2,800,0,0,0,0,0,0
DF,VSO,-20.287639,44.317194,1, ,0.0,0.0,1,3000,0,0,0,0,0,0

APPTR,N10-Z,10,VSO
IF,VSO,-20.287639,44.317194, ,0.0,0.0,2,3000,0,0,0,0,0,0
FC,VSO,-20.287639,44.317194,0,VSO,0.0,0.0,302.0,5.8,2,1700,0,0,0,0,0,1
CF,FN10Z,-20.284553,44.224281,1,VSO,288.0,5.2,108.0,1.0,2,1700,0,0,0,0,0,0

FINAL,N10-Z,10,N,3
IF,FN10Z,-20.284553,44.224281,VSO,0.0,0.0,2,1700,0,0,0,0,2,0
CF,EN10,-20.287558,44.314758,0,VSO,0.0,0.0,108.0,5.1,1,74,0,0,0,0,0,1
CF,VSO,-20.287639,44.317194,0,VSO,0.0,0.0,108.0,0.1,2,430,0,0,0,0,3,1
FA,VSO,-20.287639,44.317194,0,VSO,0.0,0.0,108.0,2,800,0,0,0,0,0,0
DF,VSO,-20.287639,44.317194,1, ,0.0,0.0,1,3000,0,0,0,0,0,0

APPTR,N28-Y,28,VSO
IF,VSO,-20.287639,44.317194, ,0.0,0.0,2,3000,0,0,0,0,0,0
FC,VSO,-20.287639,44.317194,0,VSO,0.0,0.0,127.0,7.0,2,2000,0,0,0,0,0,1
CF,FN28Y,-20.271942,44.435239,1,VSO,98.0,6.7,278.0,1.0,2,2000,0,0,0,0,0,0

FINAL,N28-Y,28,N,2
IF,FN28Y,-20.271942,44.435239,VSO,0.0,0.0,2,2000,0,0,0,0,2,0
CF,RW28,-20.284367,44.329100,0,VSO,0.0,0.0,278.0,6.0,1,79,0,0,0,0,3,0
CF,VSO,-20.287639,44.317194,0,VSO,0.0,0.0,278.0,0.7,0,0,0,0,0,0,0,1
FA,VSO,-20.287639,44.317194,0,VSO,0.0,0.0,278.0,2,800,0,0,0,0,0,0
DF,VSO,-20.287639,44.317194,1, ,0.0,0.0,1,3000,0,0,0,0,0,0

APPTR,N28-Z,28,VSO
IF,VSO,-20.287639,44.317194, ,0.0,0.0,2,3000,0,0,0,0,0,0
FC,VSO,-20.287639,44.317194,0,VSO,0.0,0.0,112.0,5.8,2,1700,0,0,0,0,0,1
CF,FN28Z,-20.274147,44.418697,1,VSO,98.0,5.8,278.0,1.0,2,1700,0,0,0,0,0,0

FINAL,N28-Z,28,N,2
IF,FN28Z,-20.274147,44.418697,VSO,0.0,0.0,2,1700,0,0,0,0,2,0
CF,RW28,-20.284367,44.329100,0,VSO,0.0,0.0,278.0,5.1,1,79,0,0,0,0,3,0
CF,VSO,-20.287639,44.317194,0,VSO,0.0,0.0,278.0,0.7,0,0,0,0,0,0,0,1
FA,VSO,-20.287639,44.317194,0,VSO,0.0,0.0,278.0,2,800,0,0,0,0,0,0
DF,VSO,-20.287639,44.317194,1, ,0.0,0.0,1,3000,0,0,0,0,0,0

