APPTR,D23,23,NSB1
IF,NSB,-13.305544,48.323317, ,0.0,0.0,2,3200,0,1,220,0,0,0
FD,NSB,-13.305544,48.323317,0,NSB,0.0,8.0,76.0,8.0,2,2000,0,0,0,0,0,0
CF,FD23,-13.223422,48.396169,1,NSB,50.0,6.5,230.0,2.0,2,2000,0,0,0,0,0,0

APPTR,D23,23,NSB2
IF,NSB,-13.305544,48.323317, ,0.0,0.0,2,3200,0,1,140,0,0,0
FD,NSB,-13.305544,48.323317,0,NSB,0.0,8.0,62.0,8.0,2,2000,0,0,0,0,0,0
CF,FD23,-13.223422,48.396169,1,NSB,50.0,6.5,230.0,2.0,2,2000,0,0,0,0,0,0

FINAL,D23,23,D,4
IF,FD23,-13.223422,48.396169,NSB,50.0,6.5,2,2000,0,0,0,0,2,0
CF,50VOR,-13.242378,48.379358,0,NSB,50.0,5.0,230.0,1.5,2,1540,0,0,0,0,0,0
CF,30VOR,-13.267650,48.356939,0,NSB,50.0,3.0,230.0,2.0,2,930,0,0,0,0,0,0
CF,MD23,-13.280286,48.345731,0,NSB,50.0,2.0,230.0,1.0,1,683,0,0,0,0,3,0
CA,0,230.0,2,683,0,0,0,0,0,0
CA,1,50.0,2,3200,0,0,0,0,0,0
DF,NSB,-13.305544,48.323317,1, ,0.0,0.0,1,3200,0,0,0,0,0,0

APPTR,N23,23,VSN1
IF,VSN,-13.320061,48.310103, ,0.0,0.0,2,3200,0,1,220,0,0,0
FC,VSN,-13.320061,48.310103,0,NSB,0.0,0.0,76.0,7.3,2,2000,0,0,0,0,0,1
CF,FN23,-13.231608,48.388572,1,NSB,49.9,5.8,230.0,1.0,2,2000,0,0,0,0,0,0

APPTR,N23,23,VSN2
IF,VSN,-13.320061,48.310103, ,0.0,0.0,2,3200,0,1,140,0,0,0
FC,VSN,-13.320061,48.310103,0,NSB,0.0,0.0,62.0,7.0,2,2000,0,0,0,0,0,1
CF,FN23,-13.231608,48.388572,1,NSB,49.9,5.8,230.0,1.0,2,2000,0,0,0,0,0,0

FINAL,N23,23,N,2
IF,FN23,-13.231608,48.388572,VSN,0.0,0.0,2,2000,0,0,0,0,2,0
CF,MN23,-13.280508,48.345206,0,VSN,0.0,0.0,230.0,3.9,1,724,0,0,0,0,3,0
CA,0,230.0,2,724,0,0,0,0,0,0
CA,1,50.0,2,3200,0,0,0,0,0,0
DF,VSN,-13.320061,48.310103,1, ,0.0,0.0,1,3200,0,0,0,0,0,0

APPTR,S23,23,NSB
IF,NSB,-13.305544,48.323317, ,0.0,0.0,2,3200,0,1,220,0,0,0
FC,NSB,-13.305544,48.323317,0,NSB,0.0,0.0,76.0,7.3,2,2000,0,0,0,0,0,1
CF,FS23,-13.229108,48.391128,1,NSB,50.0,6.1,230.0,2.0,2,2000,0,0,0,0,0,0

FINAL,S23,23,D,2
IF,FS23,-13.229108,48.391128,NSB,50.0,6.1,2,2000,0,0,0,0,2,0
CF,MS23,-13.280664,48.345394,0,NSB,50.0,2.0,230.0,4.1,1,703,0,0,0,0,3,0
CA,0,230.0,2,703,0,0,0,0,0,0
CA,1,50.0,2,3200,0,0,0,0,0,0
DF,NSB,-13.305544,48.323317,1, ,0.0,0.0,1,3200,0,0,0,0,0,0

