APPTR,I06RY,06R,BJ206
IF,BJ206,-9.350886,13.395997, ,0.0,0.0,2,5000,0,1,205,0,1,0
TF,D206V,-9.381708,13.382811,0, ,0.0,0.0,0.0,0.0,0,0,0,0,0,0,0,0
AF,D236V,-9.263211,13.230833,2,VBJ,236.2,22.0,206.0,0,0,0,0,0,0,0,0
CF,BJ236,-9.243572,13.257300,0,IIA,236.2,19.6,56.0,2.0,2,3000,0,0,0,0,1,0

APPTR,I06RY,06R,BJ212
IF,BJ212,-9.364789,13.347922, ,0.0,0.0,2,5000,0,1,205,0,1,0
AF,D236V,-9.263211,13.230833,2,VBJ,236.2,22.0,212.0,0,0,0,0,0,0,0,0
CF,BJ236,-9.243572,13.257300,0,IIA,236.2,19.6,56.0,2.0,2,3000,0,0,0,0,1,0

APPTR,I06RY,06R,BJ260
IF,BJ260,-9.140325,13.100889, ,0.0,0.0,2,5000,0,1,205,0,1,0
CR,0,VBJ,240.0,135.0,0,0,0,0,0,0,0,0
CF,BJ236,-9.243572,13.257300,0,IIA,236.2,19.6,56.0,2.0,2,3000,0,0,0,0,1,0

FINAL,I06RY,06R,I,3
IF,BJ236,-9.243572,13.257300,IIA,236.2,19.6,2,3000,0,0,0,0,0,0
CF,BJ06R,-9.147342,13.386892,0,IIA,236.2,10.0,56.0,9.6,1,3000,0,0,0,0,2,0
CF,RW06R,-9.070786,13.489894,0,IIA,236.2,2.3,56.0,7.6,1,572,0,0,0,0,3,0
CA,0,56.0,2,1300,0,0,0,0,0,0
VI,2, ,0.0,236.0,1,4000,0,1,205,0,0,0
CF,BJ206,-9.350886,13.395997,0,VBJ,206.0,20.0,206.0,13.0,1,5000,0,0,0,0,0,0
HM,BJ206,-9.350886,13.395997,1, ,0.0,0.0,206.0,04.3,2,5000,0,1,205,0,0,0,0

APPTR,I24LY,24L,BJ015
IF,BJ015,-8.719961,13.596683, ,0.0,0.0,2,6000,0,1,205,0,1,0
FD,BJ015,-8.719961,13.596683,0,VBD,139.9,30.6,139.0,30.6,0,0,0,0,0,0,0,0
CF,BJ056,-8.897467,13.723286,2,IBJ,56.3,17.5,236.0,2.0,2,3000,0,0,0,0,1,0

APPTR,I24LY,24L,BJ052
IF,BJ052,-8.778853,13.832642, ,0.0,0.0,2,5000,0,1,205,0,1,0
FC,BJ052,-8.778853,13.832642,0,VBJ,0.0,0.0,225.0,5.6,0,0,0,0,0,0,0,0
CF,BJ056,-8.897467,13.723286,0,IBJ,56.3,17.5,225.0,4.0,2,3000,0,0,0,0,1,0

APPTR,I24LY,24L,BJ081
IF,BJ081,-8.965867,13.890164, ,0.0,0.0,2,3000,0,1,205,0,1,0
CR,0,VBJ,60.0,302.0,0,0,0,0,0,0,0,0
CF,BJ056,-8.897467,13.723286,0,IBJ,56.3,17.5,236.0,2.0,2,3000,0,0,0,0,1,0

APPTR,I24LY,24L,BJ098
IF,BJ098,-9.069506,13.838217, ,0.0,0.0,2,3000,0,1,205,0,1,0
CI,0, ,0.0,278.0,0,0,0,0,0,0,0,0
AF,D056Q,-8.877317,13.750394,1,VBJ,56.3,16.5,98.0,0,0,0,0,0,0,0,0
CF,BJ056,-8.897467,13.723286,0,IBJ,56.3,17.5,236.0,2.0,2,3000,0,0,0,0,1,0

APPTR,I24LY,24L,BJ106
IF,BJ106,-9.104689,13.798614, ,0.0,0.0,2,3000,0,1,205,0,1,0
AF,D056Q,-8.877317,13.750394,1,VBJ,56.3,16.5,106.0,0,0,0,0,0,0,0,0
CF,BJ056,-8.897467,13.723286,0,IBJ,56.3,17.5,236.0,2.0,2,3000,0,0,0,0,1,0

APPTR,I24LY,24L,BJ113
IF,BJ113,-9.125608,13.757322, ,0.0,0.0,2,3000,0,1,205,0,0,0
TF,D113Q,-9.137042,13.788997,0, ,0.0,0.0,0.0,0.0,0,0,0,0,0,0,0,0
AF,BJ106,-9.104689,13.798614,1,VBJ,106.0,16.5,113.0,2,3000,0,0,0,0,1,0
AF,D056Q,-8.877317,13.750394,1,VBJ,56.3,16.5,106.0,0,0,0,0,0,0,0,0
CF,BJ056,-8.897467,13.723286,0,IBJ,56.3,17.5,236.0,2.0,2,3000,0,0,0,0,1,0

FINAL,I24LY,24L,I,3
IF,BJ056,-8.897467,13.723286,IBJ,56.3,17.5,2,3000,0,0,0,0,0,0
CF,BJ24L,-8.973631,13.620753,0,IBJ,56.3,9.9,236.0,7.6,1,3000,0,0,0,0,2,0
CF,RW24L,-9.049136,13.519036,0,IBJ,56.3,2.3,236.0,7.5,1,599,0,0,0,0,3,0
CA,0,236.0,2,1300,0,0,0,0,0,0
VI,1, ,0.0,56.0,1,3000,0,1,205,0,0,0
CF,BJ113,-9.125608,13.757322,0,VBJ,113.0,14.5,113.0,11.0,1,3000,0,0,0,0,0,0
HM,BJ113,-9.125608,13.757322,2, ,0.0,0.0,113.0,04.3,2,3000,0,1,205,0,0,0,0

