APPTR,D09-Z,09,BUPAS
IF,BUPAS,14.452833,-11.591417, ,0.0,0.0,2,2200,0,0,0,0,1,0
CF,FD09Z,14.464136,-11.518458,0,KAY,266.0,5.7,86.0,4.3,2,2200,0,0,0,0,0,0

FINAL,D09-Z,09,D,3
IF,FD09Z,14.464136,-11.518458,KAY,266.0,5.7,2,2200,0,0,0,0,2,0
CF,25VOR,14.472531,-11.464167,0,KAY,266.0,2.5,86.0,3.2,2,1190,0,0,0,0,0,0
CF,KAY,14.479083,-11.421750,0,KAY,0.0,0.0,86.0,2.5,1,389,0,0,0,0,3,0
FA,KAY,14.479083,-11.421750,0,KAY,0.0,0.0,86.0,2,1500,0,0,0,0,0,0
CI,1, ,0.0,253.0,0,0,0,0,0,0,0,0
CF,D283O,14.513886,-11.676967,0,KAY,283.0,15.0,283.0,9.0,1,2200,0,0,0,0,0,1
CF,BUPAS,14.452833,-11.591417,1,KAY,266.0,10.0,86.0,5.0,0,0,0,0,0,0,0,0

APPTR,D27-Z,27,LIPEN
IF,LIPEN,14.510389,-11.218111, ,0.0,0.0,2,2200,0,0,0,0,1,0
CF,FD27Z,14.495814,-11.313147,0,KAY,86.0,6.4,266.0,5.6,2,1600,0,0,0,0,0,0

FINAL,D27-Z,27,D,2
IF,FD27Z,14.495814,-11.313147,KAY,86.0,6.4,2,1600,0,0,0,0,2,0
CF,RW27,14.484353,-11.387406,0,KAY,86.0,2.0,266.0,4.4,1,217,0,0,0,0,3,0
FA,RW27,14.484353,-11.387406,0,KAY,0.0,0.0,266.0,2,1500,0,0,0,0,0,0
CI,2, ,0.0,102.0,0,0,0,0,0,0,0,0
FD,KAY,14.479083,-11.421750,0,KAY,0.0,17.0,72.0,17.0,1,2200,0,0,0,0,0,0
CF,LIPEN,14.510389,-11.218111,2,KAY,86.0,12.0,266.0,5.0,0,0,0,0,0,0,0,0

FINAL,S09-Y,09,D,2
IF,FS09Y,14.468286,-11.491636,KAY,266.0,4.1,2,1700,0,0,0,0,2,0
CF,KAY,14.479083,-11.421750,0,KAY,0.0,0.0,86.0,4.1,1,389,0,0,0,0,3,0
FA,KAY,14.479083,-11.421750,0,KAY,0.0,0.0,86.0,2,1500,0,0,0,0,0,0
DF,KAY,14.479083,-11.421750,1, ,0.0,0.0,1,2200,0,0,0,0,0,0

APPTR,S27-Y,27,KAY
IF,KAY,14.479083,-11.421750, ,0.0,0.0,2,2200,0,0,0,0,1,0
CF,D086G,14.497381,-11.302967,0,KAY,86.0,7.0,86.0,7.0,2,1600,0,0,0,0,0,0
FC,D086G,14.497381,-11.302967,0,KAY,0.0,0.0,41.0,4.4,0,0,0,0,0,0,0,1
CF,FS27Y,14.495731,-11.313706,2,KAY,86.0,6.4,266.0,5.0,2,1600,0,0,0,0,0,0

FINAL,S27-Y,27,D,2
IF,FS27Y,14.495731,-11.313706,KAY,86.0,6.4,2,1600,0,0,0,0,2,0
CF,RW27,14.484353,-11.387406,0,KAY,86.0,2.0,266.0,4.3,1,217,0,0,0,0,3,0
FA,RW27,14.484353,-11.387406,0,KAY,0.0,0.0,266.0,2,1500,0,0,0,0,0,0
DF,KAY,14.479083,-11.421750,2, ,0.0,0.0,1,2200,0,0,0,0,0,0

