SID,ARAC1W,12,5
CA,0,115.0,2,2480,0,0,0,0,0,0
CF,XO400,28.420139,-16.153639,0,GDV,302.3,43.5,115.0,10.0,2,4900,0,0,0,0,0,0
TF,XO401,28.528222,-16.144083,1, ,0.0,0.0,0.0,0.0,0,0,0,0,0,0,0,1
CF,TESEL,28.488278,-16.833250,1,GDV,292.6,78.4,269.0,35.0,0,0,0,0,0,0,0,0
TF,MOROD,28.454611,-17.210972,0, ,0.0,0.0,0.0,0.0,3,7000,0,0,0,0,0,0
TF,ARACO,28.432528,-17.452333,0, ,0.0,0.0,0.0,0.0,0,0,0,0,0,0,0,0

SID,ARAC2J,30,2
VD, ,0,0,0,TFN,0.0,0.0,295.0,12.6,0,0,0,0,0,0,0,0
CF,TESEL,28.488278,-16.833250,0,TFN,269.6,30.0,269.0,18.0,1,7000,0,0,0,0,0,0
TF,ARACO,28.432528,-17.452333,0, ,0.0,0.0,0.0,0.0,0,0,0,0,0,0,0,0

SID,ARAC4K,12,2
CA,0,115.0,2,2480,0,0,0,0,0,0
FD,LRO,28.484917,-16.351556,0,LRO,0.0,8.0,118.0,8.0,2,4000,0,0,0,0,0,0
VI,1, ,0.0,8.0,0,0,0,0,0,0,0,0
CF,TFN,28.536833,-16.268778,0,TFN,0.0,0.0,278.0,7.0,0,0,0,0,0,0,0,0
TF,TESEL,28.488278,-16.833250,0, ,0.0,0.0,0.0,0.0,1,7000,0,0,0,0,0,0
TF,ARACO,28.432528,-17.452333,0, ,0.0,0.0,0.0,0.0,0,0,0,0,0,0,0,0

SID,BIMB1X,12,5
CA,0,115.0,2,2480,0,0,0,0,0,0
CF,XO400,28.420139,-16.153639,0,GDV,302.3,43.5,115.0,10.0,2,4700,0,0,0,0,0,0
TF,XO402,28.370139,-16.004028,0, ,0.0,0.0,0.0,0.0,0,0,0,0,0,0,0,0
TF,XO403,28.615222,-15.939667,1, ,0.0,0.0,0.0,0.0,0,0,0,0,0,0,0,0
TF,XO404,28.824972,-16.170556,0, ,0.0,0.0,0.0,0.0,0,0,0,0,0,0,0,0
TF,KASAS,29.986417,-15.768722,0, ,0.0,0.0,0.0,0.0,0,0,0,0,0,0,0,0
TF,BIMBO,31.421444,-16.032889,0, ,0.0,0.0,0.0,0.0,0,0,0,0,0,0,0,0

SID,BIMB6J,30,2
VD, ,0,0,0,TFN,0.0,0.0,295.0,12.6,0,0,0,0,0,0,0,0
VI,2, ,0.0,28.0,0,0,0,0,0,0,0,0
CF,TFN,28.536833,-16.268778,2,TFN,0.0,0.0,123.0,15.0,0,0,0,0,0,0,0,0
TF,KASAS,29.986417,-15.768722,1, ,0.0,0.0,0.0,0.0,0,0,0,0,0,0,0,0
TF,BIMBO,31.421444,-16.032889,0, ,0.0,0.0,0.0,0.0,2,10000,0,0,0,0,0,0

SID,BIMB7K,12,2
CA,0,115.0,2,2480,0,0,0,0,0,0
FD,LRO,28.484917,-16.351556,0,LRO,0.0,16.0,118.0,16.0,2,5100,0,0,0,0,0,0
CI,0, ,0.0,118.0,0,0,0,0,0,0,0,0
AF,D040R,28.731167,-16.155825,1,LRO,40.0,18.0,118.0,0,0,0,0,0,0,0,0
CF,KASAS,29.986417,-15.768722,0,TFN,21.7,90.6,21.0,77.0,0,0,0,0,0,0,0,0
TF,BIMBO,31.421444,-16.032889,0, ,0.0,0.0,0.0,0.0,2,10000,0,0,0,0,0,0

SID,GDV1X,12,5
CA,0,115.0,2,2480,0,0,0,0,0,0
CF,XO400,28.420139,-16.153639,0,GDV,302.3,43.5,115.0,10.0,2,4700,0,0,0,0,0,0
TF,XO402,28.370139,-16.004028,0, ,0.0,0.0,0.0,0.0,0,0,0,0,0,0,0,0
TF,GDV,28.077083,-15.429000,0, ,0.0,0.0,0.0,0.0,0,0,0,0,0,0,0,0

SID,GDV4J,30,2
VD, ,0,0,0,TFN,0.0,0.0,295.0,12.6,0,0,0,0,0,0,0,0
VI,2, ,0.0,28.0,0,0,0,0,0,0,0,0
CF,TFN,28.536833,-16.268778,2,TFN,0.0,0.0,123.0,15.0,0,0,0,0,0,0,0,0
TF,ARTEM,28.409028,-16.034139,0, ,0.0,0.0,0.0,0.0,0,0,0,0,0,0,0,0
TF,GDV,28.077083,-15.429000,0, ,0.0,0.0,0.0,0.0,0,0,0,0,0,0,0,1

SID,GDV4K,12,2
CA,0,115.0,2,2480,0,0,0,0,0,0
CF,D320H,28.176069,-15.536919,0,LRO,118.0,46.9,118.0,46.0,0,0,0,0,0,0,0,0
TF,GDV,28.077083,-15.429000,0, ,0.0,0.0,0.0,0.0,0,0,0,0,0,0,0,1

SID,HIE1X,12,5
CA,0,115.0,2,2480,0,0,0,0,0,0
CF,XO400,28.420139,-16.153639,0,GDV,302.3,43.5,115.0,10.0,2,4900,0,0,0,0,0,0
TF,XO401,28.528222,-16.144083,1, ,0.0,0.0,0.0,0.0,0,0,0,0,0,0,0,1
CF,TESEL,28.488278,-16.833250,1,GDV,292.6,78.4,269.0,35.0,0,0,0,0,0,0,0,0
TF,MOROD,28.454611,-17.210972,0, ,0.0,0.0,0.0,0.0,3,7000,0,0,0,0,0,0
TF,HIE,27.816167,-17.886389,0, ,0.0,0.0,0.0,0.0,0,0,0,0,0,0,0,0

SID,HIE1Z,30,5
CF,XO500,28.520944,-16.457167,0,TFN,269.6,10.0,295.0,6.0,0,0,0,0,0,0,0,0
TF,TESEL,28.488278,-16.833250,0, ,0.0,0.0,0.0,0.0,0,0,0,0,0,0,0,0
TF,MOROD,28.454611,-17.210972,0, ,0.0,0.0,0.0,0.0,3,7000,0,0,0,0,0,0
TF,HIE,27.816167,-17.886389,0, ,0.0,0.0,0.0,0.0,0,0,0,0,0,0,0,0

SID,HIE4J,30,2
VD, ,0,0,0,TFN,0.0,0.0,295.0,12.6,0,0,0,0,0,0,0,0
CF,TESEL,28.488278,-16.833250,0,TFN,269.6,30.0,269.0,18.0,1,7000,0,0,0,0,0,0
TF,MOROD,28.454611,-17.210972,0, ,0.0,0.0,0.0,0.0,3,7000,0,0,0,0,0,0
TF,HIE,27.816167,-17.886389,0, ,0.0,0.0,0.0,0.0,0,0,0,0,0,0,0,0

SID,HIE6K,12,2
CA,0,115.0,2,2480,0,0,0,0,0,0
FD,LRO,28.484917,-16.351556,0,LRO,0.0,8.0,118.0,8.0,2,4000,0,0,0,0,0,0
VI,1, ,0.0,8.0,0,0,0,0,0,0,0,0
CF,TFN,28.536833,-16.268778,0,TFN,0.0,0.0,278.0,7.0,0,0,0,0,0,0,0,0
TF,TESEL,28.488278,-16.833250,0, ,0.0,0.0,0.0,0.0,1,7000,0,0,0,0,0,0
TF,MOROD,28.454611,-17.210972,0, ,0.0,0.0,0.0,0.0,0,0,0,0,0,0,0,0
TF,HIE,27.816167,-17.886389,0, ,0.0,0.0,0.0,0.0,0,0,0,0,0,0,0,0

SID,KONB1N,12,5
CA,0,115.0,2,2480,0,0,0,0,0,0
CF,XO400,28.420139,-16.153639,0,GDV,302.3,43.5,115.0,10.0,2,4700,0,0,0,0,0,0
TF,XO402,28.370139,-16.004028,0, ,0.0,0.0,0.0,0.0,0,0,0,0,0,0,0,0
TF,XO403,28.615222,-15.939667,1, ,0.0,0.0,0.0,0.0,0,0,0,0,0,0,0,0
TF,XO404,28.824972,-16.170556,0, ,0.0,0.0,0.0,0.0,0,0,0,0,0,0,0,0
TF,KASAS,29.986417,-15.768722,0, ,0.0,0.0,0.0,0.0,0,0,0,0,0,0,0,0
TF,KONBA,31.300833,-15.301667,0, ,0.0,0.0,0.0,0.0,0,0,0,0,0,0,0,0

SID,KONB5J,30,2
VD, ,0,0,0,TFN,0.0,0.0,295.0,12.6,0,0,0,0,0,0,0,0
VI,2, ,0.0,28.0,0,0,0,0,0,0,0,0
CF,TFN,28.536833,-16.268778,2,TFN,0.0,0.0,123.0,15.0,0,0,0,0,0,0,0,0
TF,KASAS,29.986417,-15.768722,1, ,0.0,0.0,0.0,0.0,0,0,0,0,0,0,0,0
TF,KONBA,31.300833,-15.301667,0, ,0.0,0.0,0.0,0.0,0,0,0,0,0,0,0,0

SID,KONB6K,12,2
CA,0,115.0,2,2480,0,0,0,0,0,0
FD,LRO,28.484917,-16.351556,0,LRO,0.0,16.0,118.0,16.0,2,5100,0,0,0,0,0,0
CI,0, ,0.0,118.0,0,0,0,0,0,0,0,0
AF,D040R,28.731167,-16.155825,1,LRO,40.0,18.0,118.0,0,0,0,0,0,0,0,0
CF,KASAS,29.986417,-15.768722,0,TFN,21.7,90.6,21.0,77.0,0,0,0,0,0,0,0,0
TF,KONBA,31.300833,-15.301667,0, ,0.0,0.0,0.0,0.0,0,0,0,0,0,0,0,0

SID,KORA1X,12,5
CA,0,115.0,2,2480,0,0,0,0,0,0
CF,XO400,28.420139,-16.153639,0,GDV,302.3,43.5,115.0,10.0,2,4700,0,0,0,0,0,0
TF,XO402,28.370139,-16.004028,0, ,0.0,0.0,0.0,0.0,0,0,0,0,0,0,0,0
TF,XO403,28.615222,-15.939667,1, ,0.0,0.0,0.0,0.0,0,0,0,0,0,0,0,0
TF,LARYS,28.871833,-14.834278,0, ,0.0,0.0,0.0,0.0,2,17000,0,0,0,0,0,0
TF,LZR,29.166000,-13.510694,0, ,0.0,0.0,0.0,0.0,2,31000,0,0,0,0,0,0
TF,KORAL,29.731417,-12.578333,0, ,0.0,0.0,0.0,0.0,0,0,0,0,0,0,0,0

SID,KORA7J,30,2
VD, ,0,0,0,TFN,0.0,0.0,295.0,12.6,0,0,0,0,0,0,0,0
VI,2, ,0.0,28.0,0,0,0,0,0,0,0,0
CF,TFN,28.536833,-16.268778,2,TFN,0.0,0.0,123.0,15.0,0,0,0,0,0,0,0,0
TF,LARYS,28.871833,-14.834278,0, ,0.0,0.0,0.0,0.0,2,17000,0,0,0,0,0,0
TF,LZR,29.166000,-13.510694,0, ,0.0,0.0,0.0,0.0,2,31000,0,0,0,0,0,0
TF,KORAL,29.731417,-12.578333,0, ,0.0,0.0,0.0,0.0,0,0,0,0,0,0,0,0

SID,KORA8K,12,2
CA,0,115.0,2,2480,0,0,0,0,0,0
FD,LRO,28.484917,-16.351556,0,LRO,0.0,16.0,118.0,16.0,2,5100,0,0,0,0,0,0
CI,0, ,0.0,118.0,0,0,0,0,0,0,0,0
AF,D081R,28.557283,-16.020989,1,LRO,81.0,18.0,118.0,0,0,0,0,0,0,0,0
CF,LARYS,28.871833,-14.834278,0,LRO,78.5,83.4,79.0,65.0,2,17000,0,0,0,0,0,0
TF,LZR,29.166000,-13.510694,0, ,0.0,0.0,0.0,0.0,2,31000,0,0,0,0,0,0
TF,KORAL,29.731417,-12.578333,0, ,0.0,0.0,0.0,0.0,0,0,0,0,0,0,0,0

SID,LARY1W,12,5
CA,0,115.0,2,2480,0,0,0,0,0,0
CF,XO400,28.420139,-16.153639,0,GDV,302.3,43.5,115.0,10.0,2,4700,0,0,0,0,0,0
TF,XO402,28.370139,-16.004028,0, ,0.0,0.0,0.0,0.0,0,0,0,0,0,0,0,0
TF,XO403,28.615222,-15.939667,1, ,0.0,0.0,0.0,0.0,0,0,0,0,0,0,0,0
TF,LARYS,28.871833,-14.834278,0, ,0.0,0.0,0.0,0.0,2,13000,0,0,0,0,0,0

SID,LARY2J,30,2
VD, ,0,0,0,TFN,0.0,0.0,295.0,12.6,0,0,0,0,0,0,0,0
VI,2, ,0.0,28.0,0,0,0,0,0,0,0,0
CF,TFN,28.536833,-16.268778,2,TFN,0.0,0.0,123.0,15.0,0,0,0,0,0,0,0,0
TF,LARYS,28.871833,-14.834278,0, ,0.0,0.0,0.0,0.0,2,13000,0,0,0,0,0,0

SID,LARY2K,12,2
CA,0,115.0,2,2480,0,0,0,0,0,0
FD,LRO,28.484917,-16.351556,0,LRO,0.0,16.0,118.0,16.0,2,5100,0,0,0,0,0,0
CI,0, ,0.0,118.0,0,0,0,0,0,0,0,0
AF,D081R,28.557283,-16.020989,1,LRO,81.0,18.0,118.0,0,0,0,0,0,0,0,0
CF,LARYS,28.871833,-14.834278,0,LRO,78.5,83.4,79.0,65.0,2,13000,0,0,0,0,0,0

SID,LPC1W,12,5
CA,0,115.0,2,2480,0,0,0,0,0,0
CF,XO400,28.420139,-16.153639,0,GDV,302.3,43.5,115.0,10.0,2,4700,0,0,0,0,0,0
TF,XO402,28.370139,-16.004028,0, ,0.0,0.0,0.0,0.0,0,0,0,0,0,0,0,0
TF,GDV,28.077083,-15.429000,0, ,0.0,0.0,0.0,0.0,0,0,0,0,0,0,0,0
TF,LPC,27.828528,-15.432250,0, ,0.0,0.0,0.0,0.0,0,0,0,0,0,0,0,0

SID,LPC6J,30,2
VD, ,0,0,0,TFN,0.0,0.0,295.0,12.6,0,0,0,0,0,0,0,0
VI,2, ,0.0,28.0,0,0,0,0,0,0,0,0
CF,TFN,28.536833,-16.268778,2,TFN,0.0,0.0,123.0,15.0,0,0,0,0,0,0,0,0
TF,ARTEM,28.409028,-16.034139,0, ,0.0,0.0,0.0,0.0,0,0,0,0,0,0,0,0
TF,GDV,28.077083,-15.429000,0, ,0.0,0.0,0.0,0.0,0,0,0,0,0,0,0,1
TF,LPC,27.828528,-15.432250,0, ,0.0,0.0,0.0,0.0,0,0,0,0,0,0,0,0

SID,LPC7K,12,2
CA,0,115.0,2,2480,0,0,0,0,0,0
CF,D320H,28.176069,-15.536919,0,LRO,118.0,46.9,118.0,46.0,0,0,0,0,0,0,0,0
TF,GDV,28.077083,-15.429000,0, ,0.0,0.0,0.0,0.0,0,0,0,0,0,0,0,1
TF,LPC,27.828528,-15.432250,0, ,0.0,0.0,0.0,0.0,0,0,0,0,0,0,0,0

SID,SAMA1X,12,5
CA,0,115.0,2,2480,0,0,0,0,0,0
CF,XO400,28.420139,-16.153639,0,GDV,302.3,43.5,115.0,10.0,2,4700,0,0,0,0,0,0
TF,XO402,28.370139,-16.004028,0, ,0.0,0.0,0.0,0.0,0,0,0,0,0,0,0,0
TF,XO403,28.615222,-15.939667,1, ,0.0,0.0,0.0,0.0,0,0,0,0,0,0,0,0
TF,XO404,28.824972,-16.170556,0, ,0.0,0.0,0.0,0.0,0,0,0,0,0,0,0,0
TF,KASAS,29.986417,-15.768722,0, ,0.0,0.0,0.0,0.0,0,0,0,0,0,0,0,0
TF,SAMAR,30.899722,-14.415556,0, ,0.0,0.0,0.0,0.0,0,0,0,0,0,0,0,0

SID,SAMA6J,30,2
VD, ,0,0,0,TFN,0.0,0.0,295.0,12.6,0,0,0,0,0,0,0,0
VI,2, ,0.0,28.0,0,0,0,0,0,0,0,0
CF,TFN,28.536833,-16.268778,2,TFN,0.0,0.0,123.0,15.0,0,0,0,0,0,0,0,0
TF,KASAS,29.986417,-15.768722,1, ,0.0,0.0,0.0,0.0,0,0,0,0,0,0,0,0
TF,SAMAR,30.899722,-14.415556,0, ,0.0,0.0,0.0,0.0,0,0,0,0,0,0,0,0

SID,SAMA7K,12,2
CA,0,115.0,2,2480,0,0,0,0,0,0
FD,LRO,28.484917,-16.351556,0,LRO,0.0,16.0,118.0,16.0,2,5100,0,0,0,0,0,0
CI,0, ,0.0,118.0,0,0,0,0,0,0,0,0
AF,D040R,28.731167,-16.155825,1,LRO,40.0,18.0,118.0,0,0,0,0,0,0,0,0
CF,KASAS,29.986417,-15.768722,0,TFN,21.7,90.6,21.0,77.0,0,0,0,0,0,0,0,0
TF,SAMAR,30.899722,-14.415556,0, ,0.0,0.0,0.0,0.0,0,0,0,0,0,0,0,0

SID,SARA1X,12,5
CA,0,115.0,2,2480,0,0,0,0,0,0
CF,XO400,28.420139,-16.153639,0,GDV,302.3,43.5,115.0,10.0,2,4700,0,0,0,0,0,0
TF,XO402,28.370139,-16.004028,0, ,0.0,0.0,0.0,0.0,0,0,0,0,0,0,0,0
TF,XO403,28.615222,-15.939667,1, ,0.0,0.0,0.0,0.0,0,0,0,0,0,0,0,0
TF,LARYS,28.871833,-14.834278,0, ,0.0,0.0,0.0,0.0,2,13000,0,0,0,0,0,0
TF,SARAY,29.758639,-14.157417,0, ,0.0,0.0,0.0,0.0,0,0,0,0,0,0,0,0

SID,SARA2J,30,2
VD, ,0,0,0,TFN,0.0,0.0,295.0,12.6,0,0,0,0,0,0,0,0
VI,2, ,0.0,28.0,0,0,0,0,0,0,0,0
CF,TFN,28.536833,-16.268778,2,TFN,0.0,0.0,123.0,15.0,0,0,0,0,0,0,0,0
TF,LARYS,28.871833,-14.834278,0, ,0.0,0.0,0.0,0.0,2,13000,0,0,0,0,0,0
TF,SARAY,29.758639,-14.157417,0, ,0.0,0.0,0.0,0.0,0,0,0,0,0,0,0,0

SID,SARA2K,12,2
CA,0,115.0,2,2480,0,0,0,0,0,0
FD,LRO,28.484917,-16.351556,0,LRO,0.0,16.0,118.0,16.0,2,5100,0,0,0,0,0,0
CI,0, ,0.0,118.0,0,0,0,0,0,0,0,0
AF,D081R,28.557283,-16.020989,1,LRO,81.0,18.0,118.0,0,0,0,0,0,0,0,0
CF,LARYS,28.871833,-14.834278,0,LRO,78.5,83.4,79.0,65.0,2,13000,0,0,0,0,0,0
TF,SARAY,29.758639,-14.157417,0, ,0.0,0.0,0.0,0.0,0,0,0,0,0,0,0,0

SID,TFS1W,12,5
CA,0,115.0,2,2480,0,0,0,0,0,0
CF,XO400,28.420139,-16.153639,0,GDV,302.3,43.5,115.0,10.0,2,4700,0,0,0,0,0,0
TF,XO402,28.370139,-16.004028,0, ,0.0,0.0,0.0,0.0,0,0,0,0,0,0,0,0
TF,TERFE,28.190417,-16.129472,2, ,0.0,0.0,0.0,0.0,0,0,0,0,0,0,0,0
TF,TFS,28.002444,-16.687917,0, ,0.0,0.0,0.0,0.0,0,0,0,0,0,0,0,0

SID,TFS1Y,12,5
CA,0,115.0,2,2480,0,0,0,0,0,0
CF,XO400,28.420139,-16.153639,0,GDV,302.3,43.5,115.0,10.0,2,4900,0,0,0,0,0,0
TF,XO401,28.528222,-16.144083,1, ,0.0,0.0,0.0,0.0,0,0,0,0,0,0,0,1
CF,TESEL,28.488278,-16.833250,1,GDV,292.6,78.4,269.0,35.0,3,7000,0,0,0,0,0,0
TF,GANTA,28.274861,-17.170528,0, ,0.0,0.0,0.0,0.0,0,0,0,0,0,0,0,0
TF,TFS,28.002444,-16.687917,1, ,0.0,0.0,0.0,0.0,0,0,0,0,0,0,0,0

SID,VAST1X,12,5
CA,0,115.0,2,2480,0,0,0,0,0,0
CF,XO400,28.420139,-16.153639,0,GDV,302.3,43.5,115.0,10.0,2,4700,0,0,0,0,0,0
TF,XO402,28.370139,-16.004028,0, ,0.0,0.0,0.0,0.0,0,0,0,0,0,0,0,0
TF,XO403,28.615222,-15.939667,1, ,0.0,0.0,0.0,0.0,0,0,0,0,0,0,0,0
TF,LARYS,28.871833,-14.834278,0, ,0.0,0.0,0.0,0.0,2,13000,0,0,0,0,0,0
TF,SARAY,29.758639,-14.157417,0, ,0.0,0.0,0.0,0.0,0,0,0,0,0,0,0,0
TF,VASTO,30.509444,-13.572778,0, ,0.0,0.0,0.0,0.0,0,0,0,0,0,0,0,0

SID,VAST5J,30,2
VD, ,0,0,0,TFN,0.0,0.0,295.0,12.6,0,0,0,0,0,0,0,0
VI,2, ,0.0,28.0,0,0,0,0,0,0,0,0
CF,TFN,28.536833,-16.268778,2,TFN,0.0,0.0,123.0,15.0,0,0,0,0,0,0,0,0
TF,LARYS,28.871833,-14.834278,0, ,0.0,0.0,0.0,0.0,2,13000,0,0,0,0,0,0
TF,SARAY,29.758639,-14.157417,0, ,0.0,0.0,0.0,0.0,0,0,0,0,0,0,0,0
TF,VASTO,30.509444,-13.572778,0, ,0.0,0.0,0.0,0.0,0,0,0,0,0,0,0,0

SID,VAST6K,12,2
CA,0,115.0,2,2480,0,0,0,0,0,0
FD,LRO,28.484917,-16.351556,0,LRO,0.0,16.0,118.0,16.0,2,5100,0,0,0,0,0,0
CI,0, ,0.0,118.0,0,0,0,0,0,0,0,0
AF,D081R,28.557283,-16.020989,1,LRO,81.0,18.0,118.0,0,0,0,0,0,0,0,0
CF,LARYS,28.871833,-14.834278,0,LRO,78.5,83.4,79.0,65.0,2,13000,0,0,0,0,0,0
TF,SARAY,29.758639,-14.157417,0, ,0.0,0.0,0.0,0.0,0,0,0,0,0,0,0,0
TF,VASTO,30.509444,-13.572778,0, ,0.0,0.0,0.0,0.0,0,0,0,0,0,0,0,0

SID,YEQA1C,12,5
CF,XO400,28.420139,-16.153639,0,LRO,115.3,11.2,115.0,10.0,2,4900,0,0,0,0,0,0
TF,XO401,28.528222,-16.144083,1, ,0.0,0.0,0.0,0.0,0,0,0,0,0,0,0,1
CF,TESEL,28.488278,-16.833250,1,LRO,275.6,25.5,269.0,35.0,1,7000,0,0,0,0,0,0
TF,YEQAY,28.263472,-17.126528,0, ,0.0,0.0,0.0,0.0,2,11000,0,0,0,0,0,0

SID,YEQA1J,30,5
CF,XO500,28.520944,-16.457167,0,LRO,296.1,6.0,295.0,6.0,0,0,0,0,0,0,0,0
TF,TESEL,28.488278,-16.833250,0, ,0.0,0.0,0.0,0.0,1,7000,0,0,0,0,0,0
TF,YEQAY,28.263472,-17.126528,0, ,0.0,0.0,0.0,0.0,2,11000,0,0,0,0,0,0

STAR,BOXC1L,12,5
IF,BOXCO,28.348111,-17.289306, ,0.0,0.0,3,7000,0,0,0,0,0,0
TF,BASUX,28.621278,-16.758528,0, ,0.0,0.0,0.0,0.0,2,6000,0,0,0,0,0,0

STAR,BOXC1M,30,5
IF,BOXCO,28.348111,-17.289306, ,0.0,0.0,3,7000,0,0,0,0,0,0
TF,TFN,28.536833,-16.268778,0, ,0.0,0.0,0.0,0.0,2,6000,0,1,210,0,0,0

STAR,COSE1L,12,5
IF,COSSE,28.224500,-16.023222, ,0.0,0.0,2,11000,0,0,0,0,0,0
TF,TFN,28.536833,-16.268778,0, ,0.0,0.0,0.0,0.0,2,6000,0,1,210,0,0,0

STAR,COSE1M,30,5
IF,COSSE,28.224500,-16.023222, ,0.0,0.0,2,11000,0,0,0,0,0,0
TF,CANDE,28.323583,-15.884750,0, ,0.0,0.0,0.0,0.0,2,7000,0,0,0,0,0,0

STAR,HIE2L,ALL,2
IF,HIE,27.816167,-17.886389, ,0.0,0.0,2,15000,0,0,0,0,0,0
TF,MOROD,28.454611,-17.210972,0, ,0.0,0.0,0.0,0.0,0,0,0,0,0,0,0,0
TF,TESEL,28.488278,-16.833250,0, ,0.0,0.0,0.0,0.0,0,0,0,0,0,0,0,0
TF,TFN,28.536833,-16.268778,0, ,0.0,0.0,0.0,0.0,0,0,0,0,0,0,0,0

STAR,KONB1L,ALL,2
IF,KONBA,31.300833,-15.301667, ,0.0,0.0,0,0,0,0,0,0,0,0
TF,GURKA,30.434000,-15.850250,0, ,0.0,0.0,0.0,0.0,0,0,0,0,0,0,0,0
TF,BRICK,29.591361,-16.372889,0, ,0.0,0.0,0.0,0.0,0,0,0,0,0,0,0,0
TF,TFN,28.536833,-16.268778,0, ,0.0,0.0,0.0,0.0,0,0,0,0,0,0,0,0

STAR,LARY1L,ALL,2
IF,LARYS,28.871833,-14.834278, ,0.0,0.0,0,0,0,0,0,0,0,0
TF,TFN,28.536833,-16.268778,0, ,0.0,0.0,0.0,0.0,0,0,0,0,0,0,0,0

STAR,ORTI1L,ALL,2
IF,ORTIS,31.406944,-16.556917, ,0.0,0.0,0,0,0,0,0,0,0,0
TF,BRICK,29.591361,-16.372889,0, ,0.0,0.0,0.0,0.0,0,0,0,0,0,0,0,0
TF,TFN,28.536833,-16.268778,0, ,0.0,0.0,0.0,0.0,0,0,0,0,0,0,0,0

STAR,RUSI1M,ALL,5
IF,RUSIK,28.906111,-12.816389, ,0.0,0.0,0,0,0,0,0,0,0,0
TF,LARYS,28.871833,-14.834278,0, ,0.0,0.0,0.0,0.0,0,0,0,0,0,0,0,0
TF,TFN,28.536833,-16.268778,0, ,0.0,0.0,0.0,0.0,0,0,0,0,0,0,0,0

STAR,RUSI4L,ALL,2
IF,RUSIK,28.906111,-12.816389, ,0.0,0.0,0,0,0,0,0,0,0,0
TF,FTV,28.430778,-13.864500,0, ,0.0,0.0,0.0,0.0,0,0,0,0,0,0,0,0
TF,BETAN,28.410250,-14.251889,0, ,0.0,0.0,0.0,0.0,0,0,0,0,0,0,0,0
TF,GDV,28.077083,-15.429000,0, ,0.0,0.0,0.0,0.0,0,0,0,1,240,0,0,1
TF,CANDE,28.323583,-15.884750,0, ,0.0,0.0,0.0,0.0,0,0,0,0,0,0,0,0
TF,TFN,28.536833,-16.268778,0, ,0.0,0.0,0.0,0.0,0,0,0,0,0,0,0,0

STAR,SAMA1L,ALL,2
IF,SAMAR,30.899722,-14.415556, ,0.0,0.0,0,0,0,0,0,0,0,0
TF,NERVO,29.338583,-15.652000,0, ,0.0,0.0,0.0,0.0,0,0,0,0,0,0,0,0
TF,TFN,28.536833,-16.268778,0, ,0.0,0.0,0.0,0.0,0,0,0,0,0,0,0,0

STAR,TERT4L,ALL,2
IF,TERTO,30.104167,-12.717222, ,0.0,0.0,2,10000,0,0,0,0,0,0
TF,LZR,29.166000,-13.510694,0, ,0.0,0.0,0.0,0.0,0,0,0,0,0,0,0,0
TF,LARYS,28.871833,-14.834278,0, ,0.0,0.0,0.0,0.0,0,0,0,0,0,0,0,0
TF,TFN,28.536833,-16.268778,0, ,0.0,0.0,0.0,0.0,0,0,0,0,0,0,0,0

APPTR,D30,30,CANDE
IF,CANDE,28.323583,-15.884750, ,0.0,0.0,2,7000,0,0,0,0,1,0
CI,0, ,0.0,307.0,0,0,0,0,0,0,0,0
CF,D115N,28.402083,-16.099972,0,LRO,115.4,14.2,295.0,11.0,2,4600,0,1,185,0,1,0
CF,FD30,28.444139,-16.227472,0,LRO,115.4,7.0,295.0,7.2,2,3800,0,0,0,0,0,0

APPTR,D30,30,TFN
IF,TFN,28.536833,-16.268778, ,0.0,0.0,2,6000,0,0,0,0,1,0
CF,D115L,28.468081,-16.055531,0,TFN,115.0,12.0,115.0,12.0,0,0,0,1,250,0,0,0
AF,D127L,28.430431,-16.076394,2,TFN,127.0,12.0,115.0,0,0,0,1,185,0,0,0
AF,D115N,28.402083,-16.099972,2,TFN,137.1,12.0,127.0,2,4600,0,0,0,0,1,0
CF,FD30,28.444139,-16.227472,0,LRO,115.4,7.0,295.0,7.2,2,3800,0,0,0,0,0,0

FINAL,D30,30,D,2
IF,FD30,28.444139,-16.227472,LRO,115.4,7.0,2,3800,0,0,0,0,2,0
CF,MD30,28.470361,-16.307222,0,LRO,115.4,2.5,295.0,4.5,1,2418,0,0,0,0,3,0
CF,LRO,28.484917,-16.351556,0,LRO,0.0,0.0,295.0,2.5,0,0,0,0,0,0,0,0
FA,LRO,28.484917,-16.351556,0,LRO,0.0,0.0,295.0,2,4500,0,1,185,0,0,0
DF,TFN,28.536833,-16.268778,2, ,0.0,0.0,1,6000,0,0,0,0,0,0
HM,TFN,28.536833,-16.268778,1, ,0.0,0.0,176.0,04.3,2,6000,0,1,210,0,0,0,0

APPTR,I12-Y,12,BASUX
IF,BASUX,28.621278,-16.758528, ,0.0,0.0,2,6000,0,0,0,0,1,0
FC,BASUX,28.621278,-16.758528,0,LRO,0.0,0.0,115.0,7.7,0,0,0,0,0,0,0,0
CF,CF12,28.552222,-16.551806,0,INOR,295.6,12.8,115.0,4.0,2,4000,0,0,0,0,1,0

FINAL,I12-Y,12,I,3
IF,CF12,28.552222,-16.551806,INOR,295.6,12.8,2,4000,0,0,0,0,0,0
CF,FI12,28.521944,-16.460167,0,INOR,295.6,7.7,115.0,5.2,1,4000,0,0,0,0,2,0
CF,RW12,28.487756,-16.356908,0,INOR,295.6,1.8,115.0,5.8,1,2114,0,0,0,0,3,0
CF,D115K,28.419033,-16.147289,0,LRO,115.0,11.5,115.0,11.8,0,0,0,1,185,0,0,0
CF,D115P,28.393169,-16.067425,0,LRO,115.0,16.0,115.0,4.5,0,0,0,0,0,0,0,1
TF,D115R,28.381661,-16.031944,0, ,0.0,0.0,0.0,0.0,0,0,0,0,0,0,0,0
AF,D049R,28.701081,-16.114572,1,LRO,49.0,18.0,115.0,2,6000,0,0,0,0,0,0
AF,D302R,28.621133,-16.655289,1,LRO,302.0,18.0,49.0,0,0,0,0,0,0,0,0
CF,BASUX,28.621278,-16.758528,0,LRO,295.9,23.0,295.0,5.0,1,6000,0,0,0,0,0,1
HM,BASUX,28.621278,-16.758528,1, ,0.0,0.0,115.0,04.3,2,6000,0,0,0,0,0,0,0

APPTR,I12-Z,12,BASUX
IF,BASUX,28.621278,-16.758528, ,0.0,0.0,2,6000,0,0,0,0,1,0
FC,BASUX,28.621278,-16.758528,0,LRO,0.0,0.0,115.0,7.7,0,0,0,0,0,0,0,0
CF,CF12,28.552222,-16.551806,0,INOR,295.6,12.8,115.0,4.0,2,4000,0,0,0,0,1,0

APPTR,I12-Z,12,TFN
IF,TFN,28.536833,-16.268778, ,0.0,0.0,2,6000,0,0,0,0,1,0
CF,D292E,28.561231,-16.359278,0,TFN,292.0,5.0,292.0,5.0,2,5200,0,0,0,0,0,0
FD,D292E,28.561231,-16.359278,0,TFN,292.0,16.0,292.0,16.0,0,0,0,0,0,0,0,0
CF,CF12,28.552222,-16.551806,1,INOR,295.6,12.8,115.0,2.0,2,4000,0,0,0,0,1,0

FINAL,I12-Z,12,I,3
IF,CF12,28.552222,-16.551806,INOR,295.6,12.8,2,4000,0,0,0,0,0,0
CF,FI12,28.521944,-16.460167,0,INOR,295.6,7.7,115.0,5.2,1,4000,0,0,0,0,2,0
CF,RW12,28.487756,-16.356908,0,INOR,295.6,1.8,115.0,5.8,1,2114,0,0,0,0,3,0
FA,RW12,28.487756,-16.356908,0,TFN,0.0,0.0,115.0,2,6000,0,1,185,0,0,0
DF,TFN,28.536833,-16.268778,1, ,0.0,0.0,1,6000,0,0,0,0,0,0
HM,TFN,28.536833,-16.268778,1, ,0.0,0.0,176.0,04.3,2,6000,0,1,210,0,0,0,0

APPTR,I30-Y,30,CANDE
IF,CANDE,28.323583,-15.884750, ,0.0,0.0,2,7000,0,0,0,0,1,0
CF,D116S,28.370717,-16.016417,0,LRO,116.0,19.0,296.0,7.5,2,5000,0,0,0,0,0,0
CF,CF30,28.402278,-16.100139,0,ITF,115.6,14.8,296.0,4.8,2,5000,0,0,0,0,1,0

FINAL,I30-Y,30,I,3
IF,CF30,28.402278,-16.100139,ITF,115.6,14.8,2,5000,0,0,0,0,0,0
CF,FI30,28.437083,-16.204472,0,ITF,115.6,8.9,295.0,5.9,1,4300,0,0,0,0,2,0
CF,RW30,28.477697,-16.326586,0,ITF,115.6,2.0,295.0,6.9,1,2062,0,0,0,0,3,0
CF,D295G,28.524867,-16.476014,0,LRO,295.0,7.0,295.0,8.4,0,0,0,1,185,0,0,0
CF,D295P,28.576064,-16.636172,0,LRO,295.0,16.0,295.0,9.0,0,0,0,0,0,0,0,0
TF,D295R,28.587417,-16.671783,0, ,0.0,0.0,0.0,0.0,0,0,0,0,0,0,0,0
AF,D110R,28.406667,-16.022944,2,LRO,110.0,18.0,295.0,0,0,0,0,0,0,0,1
CF,CANDE,28.323583,-15.884750,0,LRO,116.2,26.5,116.0,9.0,1,7000,0,0,0,0,0,0
HM,CANDE,28.323583,-15.884750,2, ,0.0,0.0,296.0,04.5,2,7000,0,0,0,0,0,0,0

APPTR,I30-Z,30,CANDE
IF,CANDE,28.323583,-15.884750, ,0.0,0.0,2,7000,0,0,0,0,1,0
CF,D127V,28.339303,-15.912322,0,TFN,127.0,22.3,307.0,1.7,0,0,0,0,0,0,0,0
FC,D127V,28.339303,-15.912322,0,TFN,0.0,0.0,295.0,6.6,0,0,0,0,0,0,0,0
CF,CF30,28.402278,-16.100139,0,ITF,115.6,14.8,295.0,4.0,2,5000,0,1,185,0,1,0

APPTR,I30-Z,30,TFN
IF,TFN,28.536833,-16.268778, ,0.0,0.0,2,6000,0,0,0,0,1,0
CF,D115L,28.468081,-16.055531,0,TFN,115.0,12.0,115.0,12.0,2,5000,0,1,230,0,0,0
AF,D127L,28.430431,-16.076394,2,TFN,127.0,12.0,115.0,2,5000,0,1,185,0,0,0
VI,0,ITF,0.0,265.0,0,0,0,0,0,0,0,0

FINAL,I30-Z,30,I,3
IF,CF30,28.402278,-16.100139,ITF,115.6,14.8,2,5000,0,1,185,0,0,0
CF,FI30,28.437083,-16.204472,0,ITF,115.6,8.9,295.0,5.9,1,4300,0,0,0,0,2,0
CF,RW30,28.477697,-16.326586,0,ITF,115.6,2.0,295.0,6.9,1,2062,0,0,0,0,3,0
CF,FP,28.491889,-16.369333,0,TFN,248.2,6.0,295.0,2.4,0,0,0,0,0,0,0,0
FA,FP,28.491889,-16.369333,0,TFN,0.0,0.0,295.0,2,5500,0,1,185,0,0,0
DF,TFN,28.536833,-16.268778,2, ,0.0,0.0,1,6000,0,0,0,0,0,0
HM,TFN,28.536833,-16.268778,1, ,0.0,0.0,176.0,04.3,2,6000,0,1,210,0,0,0,0

APPTR,L12,12,BASUX
IF,BASUX,28.621278,-16.758528, ,0.0,0.0,2,6000,0,0,0,0,1,0
FC,BASUX,28.621278,-16.758528,0,LRO,0.0,0.0,115.0,7.7,0,0,0,0,0,0,0,0
CF,CF12,28.552222,-16.551806,0,INOR,295.6,12.8,115.0,4.0,2,4000,0,0,0,0,1,0

APPTR,L12,12,TFN
IF,TFN,28.536833,-16.268778, ,0.0,0.0,2,6000,0,0,0,0,1,0
CF,D292E,28.561231,-16.359278,0,TFN,292.0,5.0,292.0,5.0,2,5200,0,0,0,0,0,0
FD,D292E,28.561231,-16.359278,0,TFN,292.0,16.0,292.0,16.0,0,0,0,0,0,0,0,0
CF,CF12,28.552222,-16.551806,1,INOR,295.6,12.8,115.0,2.0,2,4000,0,0,0,0,1,0

FINAL,L12,12,D,3
IF,CF12,28.552222,-16.551806,INOR,295.6,12.8,2,4000,0,0,0,0,0,0
CF,FF12,28.522472,-16.461778,0,INOR,295.6,7.8,115.0,5.1,2,4000,0,0,0,0,2,0
CF,FP,28.491889,-16.369333,0,INOR,295.6,2.5,115.0,5.2,1,2344,0,0,0,0,3,0
FA,FP,28.491889,-16.369333,0,TFN,0.0,0.0,115.0,2,6000,0,1,185,0,0,0
DF,TFN,28.536833,-16.268778,1, ,0.0,0.0,1,6000,0,0,0,0,0,0
HM,TFN,28.536833,-16.268778,1, ,0.0,0.0,176.0,04.3,2,6000,0,1,210,0,0,0,0

APPTR,L30,30,CANDE
IF,CANDE,28.323583,-15.884750, ,0.0,0.0,2,7000,0,0,0,0,1,0
CF,D127V,28.339303,-15.912322,0,TFN,127.0,22.3,307.0,1.7,0,0,0,0,0,0,0,0
FC,D127V,28.339303,-15.912322,0,TFN,0.0,0.0,295.0,6.6,0,0,0,0,0,0,0,0
CF,CF30,28.402278,-16.100139,0,ITF,115.6,14.8,295.0,4.0,2,5000,0,1,185,0,1,0

APPTR,L30,30,TFN
IF,TFN,28.536833,-16.268778, ,0.0,0.0,2,6000,0,0,0,0,1,0
CF,D115L,28.468081,-16.055531,0,TFN,115.0,12.0,115.0,12.0,2,5000,0,1,230,0,0,0
AF,D127L,28.430431,-16.076394,2,TFN,127.0,12.0,115.0,2,5000,0,1,185,0,0,0
VI,0,ITF,0.0,265.0,0,0,0,0,0,0,0,0

FINAL,L30,30,D,3
IF,CF30,28.402278,-16.100139,ITF,115.6,14.8,2,5000,0,1,185,0,0,0
CF,FF30,28.451806,-16.248694,0,ITF,115.6,6.4,295.0,8.4,2,3400,0,0,0,0,2,0
CF,ML30,28.471833,-16.308889,0,ITF,115.6,3.0,295.0,3.4,1,2379,0,0,0,0,3,0
CF,FP,28.491889,-16.369333,0,TFN,248.2,6.0,295.0,3.4,0,0,0,0,0,0,0,0
FA,FP,28.491889,-16.369333,0,TFN,0.0,0.0,295.0,2,5500,0,1,185,0,0,0
DF,TFN,28.536833,-16.268778,2, ,0.0,0.0,1,6000,0,0,0,0,0,0
HM,TFN,28.536833,-16.268778,1, ,0.0,0.0,176.0,04.3,2,6000,0,1,210,0,0,0,0

APPTR,R12-R,12,TFN
IF,TFN,28.536833,-16.268778, ,0.0,0.0,2,6000,0,1,230,0,1,0
CF,D295N,28.616619,-16.517914,0,TFN,295.0,14.0,295.0,14.0,0,0,0,0,0,0,0,1
CF,CD116,28.546583,-16.533861,1,LRO,296.0,10.3,116.0,2.0,2,5200,0,0,0,0,1,0

FINAL,R12-R,12,R,3
IF,CD116,28.546583,-16.533861,LRO,296.0,10.3,2,5200,0,0,0,0,0,0
CF,FD116,28.515750,-16.442639,0,LRO,296.0,5.2,116.0,5.2,2,4300,0,0,0,0,2,0
CF,MD116,28.490889,-16.369194,0,LRO,296.0,0.0,116.0,4.2,1,3850,0,0,0,0,3,0
TF,LRO,28.484917,-16.351556,0, ,0.0,0.0,0.0,0.0,0,0,0,0,0,0,0,0
FA,LRO,28.484917,-16.351556,0,LRO,0.0,0.0,116.0,2,6000,0,1,185,0,0,0
DF,TFN,28.536833,-16.268778,1, ,0.0,0.0,1,6000,0,0,0,0,0,0
HM,TFN,28.536833,-16.268778,1, ,0.0,0.0,176.0,04.3,2,6000,0,1,210,0,0,0,0

APPTR,R30-R,30,TFN
IF,TFN,28.536833,-16.268778, ,0.0,0.0,2,6000,0,1,230,0,1,0
CF,D295N,28.616619,-16.517914,0,TFN,295.0,14.0,295.0,14.0,0,0,0,0,0,0,0,1
CF,CD116,28.546583,-16.533861,1,LRO,296.0,10.3,116.0,2.0,2,5200,0,0,0,0,1,0

FINAL,R30-R,30,R,3
IF,CD116,28.546583,-16.533861,LRO,296.0,10.3,2,5200,0,0,0,0,0,0
CF,FD116,28.515750,-16.442639,0,LRO,296.0,5.2,116.0,5.2,2,4300,0,0,0,0,2,0
CF,MD116,28.490889,-16.369194,0,LRO,296.0,0.0,116.0,4.2,1,3850,0,0,0,0,3,0
TF,LRO,28.484917,-16.351556,0, ,0.0,0.0,0.0,0.0,0,0,0,0,0,0,0,0
FA,LRO,28.484917,-16.351556,0,LRO,0.0,0.0,116.0,2,6000,0,1,185,0,0,0
DF,TFN,28.536833,-16.268778,1, ,0.0,0.0,1,6000,0,0,0,0,0,0
HM,TFN,28.536833,-16.268778,1, ,0.0,0.0,176.0,04.3,2,6000,0,1,210,0,0,0,0

