STAR,AKDA2G,03,2
IF,AKDAK,10.350000,-15.600000, ,0.0,0.0,0,0,0,0,0,0,0,0
TF,D186T,11.586003,-15.632981,0, ,0.0,0.0,0.0,0.0,0,0,0,0,0,0,0,1
TF,GALMU,11.714611,-15.715500,0, ,0.0,0.0,0.0,0.0,0,0,0,0,0,0,0,0

STAR,ANIT2D,21,2
IF,ANITI,14.744833,-17.474778, ,0.0,0.0,0,0,0,0,0,0,0,0
TF,D336L,12.090639,-15.753583,0, ,0.0,0.0,0.0,0.0,0,0,0,0,0,0,0,1
CI,0, ,0.0,155.0,0,0,0,0,0,0,0,0
AF,DISDI,12.079028,-15.590417,2,BIS,25.7,10.0,335.0,0,0,0,0,0,0,0,0

STAR,ANIT2G,03,2
IF,ANITI,14.744833,-17.474778, ,0.0,0.0,0,0,0,0,0,0,0,0
TF,D336O,12.133583,-15.780083,0, ,0.0,0.0,0.0,0.0,0,0,0,0,0,0,0,1
CI,0, ,0.0,155.0,0,0,0,0,0,0,0,0
AF,GALMU,11.714611,-15.715500,1,BIS,205.7,13.0,335.0,0,0,0,0,0,0,0,0

STAR,ANIT2V,ALL,2
IF,ANITI,14.744833,-17.474778, ,0.0,0.0,0,0,0,0,0,0,0,0
TF,BIS,11.920636,-15.644842,0, ,0.0,0.0,0.0,0.0,0,0,0,0,0,0,0,0

STAR,BADI2D,21,2
IF,BADIA,12.266667,-13.760000, ,0.0,0.0,0,0,0,0,0,0,0,0
TF,D087L,11.958086,-15.444378,0, ,0.0,0.0,0.0,0.0,0,0,0,0,0,0,0,1
CI,0, ,0.0,266.0,0,0,0,0,0,0,0,0
AF,DISDI,12.079028,-15.590417,1,BIS,25.7,10.0,86.0,0,0,0,0,0,0,0,0

STAR,BADI2G,03,2
IF,BADIA,12.266667,-13.760000, ,0.0,0.0,0,0,0,0,0,0,0,0
TF,D087O,11.968444,-15.394472,0, ,0.0,0.0,0.0,0.0,0,0,0,0,0,0,0,1
CI,0, ,0.0,266.0,0,0,0,0,0,0,0,0
AF,GALMU,11.714611,-15.715500,2,BIS,205.7,13.0,86.0,0,0,0,0,0,0,0,0

STAR,BADI2V,ALL,2
IF,BADIA,12.266667,-13.760000, ,0.0,0.0,0,0,0,0,0,0,0,0
TF,BIS,11.920636,-15.644842,0, ,0.0,0.0,0.0,0.0,0,0,0,0,0,0,0,0

STAR,BJ2D,21,2
IF,BJ,13.338133,-16.655500, ,0.0,0.0,0,0,0,0,0,0,0,0
TF,D334L,12.085403,-15.761603,0, ,0.0,0.0,0.0,0.0,0,0,0,0,0,0,0,1
CI,0, ,0.0,153.0,0,0,0,0,0,0,0,0
AF,DISDI,12.079028,-15.590417,2,BIS,25.7,10.0,333.0,0,0,0,0,0,0,0,0

STAR,BJ2G,03,2
IF,BJ,13.338133,-16.655500, ,0.0,0.0,0,0,0,0,0,0,0,0
TF,D334O,12.128806,-15.787556,0, ,0.0,0.0,0.0,0.0,0,0,0,0,0,0,0,1
CI,0, ,0.0,153.0,0,0,0,0,0,0,0,0
AF,GALMU,11.714611,-15.715500,1,BIS,205.7,13.0,333.0,0,0,0,0,0,0,0,0

STAR,BJ2V,ALL,2
IF,BJ,13.338133,-16.655500, ,0.0,0.0,0,0,0,0,0,0,0,0
TF,BIS,11.920636,-15.644842,0, ,0.0,0.0,0.0,0.0,0,0,0,0,0,0,0,0

STAR,ENBO2D,21,2
IF,ENBOT,12.500000,-15.382081, ,0.0,0.0,0,0,0,0,0,0,0,0
TF,D032T,12.226500,-15.506389,0, ,0.0,0.0,0.0,0.0,0,0,0,0,0,0,0,1
CI,0, ,0.0,226.0,0,0,0,0,0,0,0,0
CF,DISDI,12.079028,-15.590417,0,BIS,25.7,10.0,206.0,7.0,0,0,0,0,0,0,0,0

STAR,GULA2D,21,2
IF,GULAV,11.166667,-14.900000, ,0.0,0.0,0,0,0,0,0,0,0,0
TF,D143L,11.777506,-15.501706,0, ,0.0,0.0,0.0,0.0,0,0,0,0,0,0,0,1
CI,0, ,0.0,322.0,0,0,0,0,0,0,0,0
AF,DISDI,12.079028,-15.590417,1,BIS,25.7,10.0,142.0,0,0,0,0,0,0,0,0

STAR,GULA2G,03,2
IF,GULAV,11.166667,-14.900000, ,0.0,0.0,0,0,0,0,0,0,0,0
TF,D143O,11.743000,-15.464639,0, ,0.0,0.0,0.0,0.0,0,0,0,0,0,0,0,1
CI,0, ,0.0,322.0,0,0,0,0,0,0,0,0
AF,GALMU,11.714611,-15.715500,2,BIS,205.7,13.0,142.0,0,0,0,0,0,0,0,0

STAR,GULA2V,ALL,2
IF,GULAV,11.166667,-14.900000, ,0.0,0.0,0,0,0,0,0,0,0,0
TF,BIS,11.920636,-15.644842,0, ,0.0,0.0,0.0,0.0,0,0,0,0,0,0,0,0

STAR,KOMA2D,21,2
IF,KOMAB,12.746667,-14.467222, ,0.0,0.0,0,0,0,0,0,0,0,0
TF,D062L,12.037622,-15.478939,0, ,0.0,0.0,0.0,0.0,0,0,0,0,0,0,0,1
CI,0, ,0.0,241.0,0,0,0,0,0,0,0,0
AF,DISDI,12.079028,-15.590417,1,BIS,25.7,10.0,61.0,0,0,0,0,0,0,0,0

STAR,KOMA2G,03,2
IF,KOMAB,12.746667,-14.467222, ,0.0,0.0,0,0,0,0,0,0,0,0
TF,D062O,12.068167,-15.438417,0, ,0.0,0.0,0.0,0.0,0,0,0,0,0,0,0,1
CI,0, ,0.0,241.0,0,0,0,0,0,0,0,0
AF,GALMU,11.714611,-15.715500,2,BIS,205.7,13.0,61.0,0,0,0,0,0,0,0,0

STAR,KOMA2V,ALL,2
IF,KOMAB,12.746667,-14.467222, ,0.0,0.0,0,0,0,0,0,0,0,0
TF,BIS,11.920636,-15.644842,0, ,0.0,0.0,0.0,0.0,0,0,0,0,0,0,0,0

STAR,LUST2D,21,2
IF,LUSTI,12.318056,-16.483333, ,0.0,0.0,0,0,0,0,0,0,0,0
TF,D304L,12.008036,-15.828561,0, ,0.0,0.0,0.0,0.0,0,0,0,0,0,0,0,1
CI,0, ,0.0,123.0,0,0,0,0,0,0,0,0
AF,DISDI,12.079028,-15.590417,2,BIS,25.7,10.0,303.0,0,0,0,0,0,0,0,0

STAR,LUST2G,03,2
IF,LUSTI,12.318056,-16.483333, ,0.0,0.0,0,0,0,0,0,0,0,0
TF,D304O,12.030639,-15.874139,0, ,0.0,0.0,0.0,0.0,0,0,0,0,0,0,0,1
CI,0, ,0.0,123.0,0,0,0,0,0,0,0,0
AF,GALMU,11.714611,-15.715500,1,BIS,205.7,13.0,303.0,0,0,0,0,0,0,0,0

STAR,LUST2V,ALL,2
IF,LUSTI,12.318056,-16.483333, ,0.0,0.0,0,0,0,0,0,0,0,0
TF,BIS,11.920636,-15.644842,0, ,0.0,0.0,0.0,0.0,0,0,0,0,0,0,0,0

STAR,POTO2D,21,2
IF,POTOX,12.433333,-15.915000, ,0.0,0.0,0,0,0,0,0,0,0,0
TF,D341L,12.099028,-15.738700,0, ,0.0,0.0,0.0,0.0,0,0,0,0,0,0,0,1
CI,0, ,0.0,160.0,0,0,0,0,0,0,0,0
AF,DISDI,12.079028,-15.590417,2,BIS,25.7,10.0,340.0,0,0,0,0,0,0,0,0

STAR,POTO2G,03,2
IF,POTOX,12.433333,-15.915000, ,0.0,0.0,0,0,0,0,0,0,0,0
TF,D341O,12.144361,-15.760694,0, ,0.0,0.0,0.0,0.0,0,0,0,0,0,0,0,1
CI,0, ,0.0,160.0,0,0,0,0,0,0,0,0
AF,GALMU,11.714611,-15.715500,1,BIS,205.7,13.0,340.0,0,0,0,0,0,0,0,0

STAR,POTO2V,ALL,2
IF,POTOX,12.433333,-15.915000, ,0.0,0.0,0,0,0,0,0,0,0,0
TF,BIS,11.920636,-15.644842,0, ,0.0,0.0,0.0,0.0,0,0,0,0,0,0,0,0

STAR,TANO2D,21,2
IF,TANOS,12.100000,-13.650000, ,0.0,0.0,0,0,0,0,0,0,0,0
TF,D093L,11.939561,-15.441717,0, ,0.0,0.0,0.0,0.0,0,0,0,0,0,0,0,1
CI,0, ,0.0,272.0,0,0,0,0,0,0,0,0
AF,DISDI,12.079028,-15.590417,1,BIS,25.7,10.0,92.0,0,0,0,0,0,0,0,0

STAR,TANO2G,03,2
IF,TANOS,12.100000,-13.650000, ,0.0,0.0,0,0,0,0,0,0,0,0
TF,D093O,11.942417,-15.390778,0, ,0.0,0.0,0.0,0.0,0,0,0,0,0,0,0,1
CI,0, ,0.0,272.0,0,0,0,0,0,0,0,0
AF,GALMU,11.714611,-15.715500,2,BIS,205.7,13.0,92.0,0,0,0,0,0,0,0,0

STAR,TANO2V,ALL,2
IF,TANOS,12.100000,-13.650000, ,0.0,0.0,0,0,0,0,0,0,0,0
TF,BIS,11.920636,-15.644842,0, ,0.0,0.0,0.0,0.0,0,0,0,0,0,0,0,0

STAR,ZG2D,21,2
IF,ZG,12.557528,-16.272572, ,0.0,0.0,0,0,0,0,0,0,0,0
TF,D324L,12.065008,-15.786744,0, ,0.0,0.0,0.0,0.0,0,0,0,0,0,0,0,1
CI,0, ,0.0,143.0,0,0,0,0,0,0,0,0
AF,DISDI,12.079028,-15.590417,2,BIS,25.7,10.0,323.0,0,0,0,0,0,0,0,0

STAR,ZG2G,03,2
IF,ZG,12.557528,-16.272572, ,0.0,0.0,0,0,0,0,0,0,0,0
TF,D324O,12.101222,-15.822111,0, ,0.0,0.0,0.0,0.0,0,0,0,0,0,0,0,1
CI,0, ,0.0,143.0,0,0,0,0,0,0,0,0
AF,GALMU,11.714611,-15.715500,1,BIS,205.7,13.0,323.0,0,0,0,0,0,0,0,0

STAR,ZG2V,ALL,2
IF,ZG,12.557528,-16.272572, ,0.0,0.0,0,0,0,0,0,0,0,0
TF,BIS,11.920636,-15.644842,0, ,0.0,0.0,0.0,0.0,0,0,0,0,0,0,0,0

APPTR,D03-Z,03,GALMU
HF,GALMU,11.714611,-15.715500,2, ,0.0,0.0,26.0,05,2,2000,0,1,230,0,1,0,0

FINAL,D03-Z,03,D,3
IF,GALMU,11.714611,-15.715500,BIS,205.7,13.0,2,2000,0,0,0,0,0,0
CF,FF03,11.790828,-15.690197,0,BIS,206.0,8.2,26.0,4.8,2,2000,0,0,0,0,2,0
CF,MD03,11.876314,-15.660328,0,BIS,206.0,2.8,26.0,5.4,1,278,0,0,0,0,3,0
FA,MD03,11.876314,-15.660328,0,BIS,0.0,0.0,26.0,2,1600,0,0,0,0,0,0
DF,GALMU,11.714611,-15.715500,1, ,0.0,0.0,1,2000,0,0,0,0,0,0

APPTR,D21-Z,21,DISDI
HF,DISDI,12.079028,-15.590417,2, ,0.0,0.0,206.0,05,2,2000,0,1,230,0,1,0,0

FINAL,D21-Z,21,D,3
IF,DISDI,12.079028,-15.590417,BIS,25.7,10.0,2,2000,0,0,0,0,0,0
CF,FF21,12.002950,-15.616042,0,BIS,26.0,5.2,206.0,4.8,2,2000,0,0,0,0,2,0
CF,BIS,11.920636,-15.644842,0,BIS,0.0,0.0,206.0,5.2,1,377,0,0,0,0,3,0
FA,BIS,11.920636,-15.644842,0,BIS,0.0,0.0,206.0,2,1600,0,0,0,0,0,0
VI,2, ,0.0,41.0,0,0,0,0,0,0,0,0
FD,BIS,11.920636,-15.644842,0,BIS,0.0,15.0,11.0,15.0,1,2000,0,0,0,0,0,0
CF,DISDI,12.079028,-15.590417,2,BIS,25.7,10.0,206.0,5.0,0,0,0,0,0,0,0,0

APPTR,I21-X,21,BURDU
IF,BURDU,12.105833,-15.670972, ,0.0,0.0,2,2000,0,0,0,0,1,0
TF,DISDI,12.079028,-15.590417,0,IBS,0.0,0.0,0.0,0.0,2,2000,0,0,0,0,1,0

APPTR,I21-X,21,DISDI
HF,DISDI,12.079028,-15.590417,2, ,0.0,0.0,206.0,04.3,2,2000,0,1,230,0,1,0,0

APPTR,I21-X,21,KOBDA
IF,KOBDA,12.052194,-15.509833, ,0.0,0.0,2,2000,0,0,0,0,1,0
TF,DISDI,12.079028,-15.590417,0,IBS,0.0,0.0,0.0,0.0,2,2000,0,0,0,0,1,0

FINAL,I21-X,21,I,3
IF,DISDI,12.079028,-15.590417,IBS,25.7,12.6,2,2000,0,0,0,0,0,0
CF,OV503,12.001500,-15.617056,0,IBS,25.7,7.7,206.0,4.9,1,2000,0,0,0,0,2,0
CF,RW21,11.908539,-15.648972,0,IBS,25.7,1.9,206.0,5.9,1,134,0,0,0,0,3,1
TF,OV504,11.829278,-15.676167,0, ,0.0,0.0,0.0,0.0,0,0,0,0,0,0,0,1
DF,BURDU,12.105833,-15.670972,2, ,0.0,0.0,1,2000,0,0,0,0,0,0

FINAL,I21-Y,21,I,3
IF,CI21,12.032731,-15.606339,IBS,25.7,9.7,2,2000,0,0,0,0,0,0
CF,FI21,12.001011,-15.617233,0,IBS,25.7,7.7,206.0,2.0,1,2000,0,0,0,0,2,0
CF,RW21,11.908539,-15.648972,0,IBS,25.7,1.9,206.0,5.8,1,134,0,0,0,0,3,0
CA,0,206.0,2,1000,0,0,0,0,0,0
DF,BIS,11.920636,-15.644842,2, ,0.0,0.0,1,2000,0,0,0,0,0,0

APPTR,I21-Z,21,DISDI
HF,DISDI,12.079028,-15.590417,2, ,0.0,0.0,206.0,05,2,2000,0,1,230,0,1,0,0

FINAL,I21-Z,21,I,3
IF,DISDI,12.079028,-15.590417,IBS,25.7,12.6,2,2000,0,0,0,0,0,0
CF,FI21,12.001011,-15.617233,0,IBS,25.7,7.7,206.0,4.9,1,2000,0,0,0,0,2,0
CF,RW21,11.908539,-15.648972,0,IBS,25.7,1.9,206.0,5.8,1,134,0,0,0,0,3,0
CA,0,206.0,2,1000,0,0,0,0,0,0
VI,2, ,0.0,41.0,0,0,0,0,0,0,0,0
FD,BIS,11.920636,-15.644842,0,BIS,0.0,15.0,11.0,15.0,1,2000,0,0,0,0,0,0
CF,DISDI,12.079028,-15.590417,2,BIS,25.7,10.0,206.0,5.0,0,0,0,0,0,0,0,0
HM,DISDI,12.079028,-15.590417,2, ,0.0,0.0,206.0,05,2,2000,0,1,230,0,0,0,0

APPTR,R03,03,DERAB
IF,DERAB,11.741389,-15.795972, ,0.0,0.0,2,2000,0,0,0,0,1,0
TF,GALMU,11.714611,-15.715500,0, ,0.0,0.0,0.0,0.0,2,2000,0,0,0,0,1,0

APPTR,R03,03,GALMU
HF,GALMU,11.714611,-15.715500,2, ,0.0,0.0,26.0,04.3,2,2000,0,1,230,0,1,0,0

APPTR,R03,03,LURTO
IF,LURTO,11.687806,-15.635028, ,0.0,0.0,2,2000,0,0,0,0,1,0
TF,GALMU,11.714611,-15.715500,0, ,0.0,0.0,0.0,0.0,2,2000,0,0,0,0,1,0

FINAL,R03,03,R,3
IF,GALMU,11.714611,-15.715500, ,0.0,0.0,2,2000,0,0,0,0,0,0
TF,OV501,11.790444,-15.689500,0, ,0.0,0.0,26.0,4.8,2,2000,0,0,0,0,2,0
TF,RW03,11.881183,-15.658358,0, ,0.0,0.0,26.0,5.7,1,178,0,0,0,0,3,1
TF,OV502,11.960444,-15.631139,0, ,0.0,0.0,0.0,0.0,0,0,0,0,0,0,0,1
DF,DERAB,11.741389,-15.795972,1, ,0.0,0.0,1,2000,0,0,0,0,0,0

APPTR,R21,21,BURDU
IF,BURDU,12.105833,-15.670972, ,0.0,0.0,2,2000,0,0,0,0,1,0
TF,DISDI,12.079028,-15.590417,0, ,0.0,0.0,0.0,0.0,2,2000,0,0,0,0,1,0

APPTR,R21,21,DISDI
HF,DISDI,12.079028,-15.590417,2, ,0.0,0.0,206.0,04.3,2,2000,0,1,230,0,1,0,0

APPTR,R21,21,KOBDA
IF,KOBDA,12.052194,-15.509833, ,0.0,0.0,2,2000,0,0,0,0,1,0
TF,DISDI,12.079028,-15.590417,0, ,0.0,0.0,0.0,0.0,2,2000,0,0,0,0,1,0

FINAL,R21,21,R,3
IF,DISDI,12.079028,-15.590417, ,0.0,0.0,2,2000,0,0,0,0,0,0
TF,OV503,12.001500,-15.617056,0, ,0.0,0.0,206.0,4.9,2,2000,0,0,0,0,2,0
TF,RW21,11.908539,-15.648972,0, ,0.0,0.0,206.0,5.9,1,134,0,0,0,0,3,1
TF,OV504,11.829278,-15.676167,0, ,0.0,0.0,0.0,0.0,0,0,0,0,0,0,0,1
DF,BURDU,12.105833,-15.670972,2, ,0.0,0.0,1,2000,0,0,0,0,0,0

APPTR,S03-Y,03,BIS
IF,BIS,11.920636,-15.644842, ,0.0,0.0,2,2000,0,0,0,0,0,0
CF,D206G,11.809825,-15.683561,0,BIS,206.0,7.0,206.0,7.0,0,0,0,0,0,0,0,0
FC,D206G,11.809825,-15.683561,0,BIS,0.0,0.0,251.0,4.4,0,0,0,0,0,0,0,1
CF,FF03,11.790828,-15.690197,1,BIS,206.0,8.2,26.0,4.0,2,2000,0,0,0,0,0,0

FINAL,S03-Y,03,D,2
IF,FF03,11.790828,-15.690197,BIS,206.0,8.2,2,2000,0,0,0,0,2,0
CF,RW03,11.881183,-15.658358,0,BIS,205.7,2.5,26.0,5.7,1,178,0,0,0,0,3,0
CF,BIS,11.920636,-15.644842,0,BIS,0.0,0.0,26.0,2.5,0,0,0,0,0,0,0,1
FA,BIS,11.920636,-15.644842,0,BIS,0.0,0.0,26.0,2,1600,0,0,0,0,0,0
DF,BIS,11.920636,-15.644842,2, ,0.0,0.0,1,2000,0,0,0,0,0,0

FINAL,S21-Y,21,D,2
IF,FF21,12.002950,-15.616042,BIS,26.0,5.2,2,2000,0,0,0,0,2,0
CF,BIS,11.920636,-15.644842,0,BIS,0.0,0.0,206.0,5.2,1,377,0,0,0,0,3,0
FA,BIS,11.920636,-15.644842,0,BIS,0.0,0.0,206.0,2,1600,0,0,0,0,0,0
DF,BIS,11.920636,-15.644842,2, ,0.0,0.0,1,2000,0,0,0,0,0,0

