SID,BISM1A,03,5
CF,ME602,34.209022,-6.636053,0,RBT,30.9,11.0,33.0,10.0,2,2200,0,1,220,0,0,0
TF,ME904,34.130372,-6.504072,2, ,0.0,0.0,0.0,0.0,2,3800,0,1,250,0,0,0
TF,DIRAD,33.969978,-6.516244,0, ,0.0,0.0,0.0,0.0,2,6000,0,1,250,0,0,0
TF,ME603,33.890217,-6.609894,0, ,0.0,0.0,0.0,0.0,2,7000,0,1,250,0,0,0
TF,BISMI,33.647222,-6.893611,0, ,0.0,0.0,0.0,0.0,2,11000,0,1,250,0,0,0

SID,BISM1B,21,5
CA,0,213.0,2,1000,0,1,210,0,0,0
CF,ME601,33.866289,-6.750106,0,RBT,182.0,11.0,181.0,8.0,0,0,0,1,210,0,0,0
TF,BISMI,33.647222,-6.893611,0, ,0.0,0.0,0.0,0.0,0,0,0,1,250,0,0,0

SID,BISM1C,21,2
CF,D213C,34.011692,-6.775075,0,RBT,213.0,2.7,213.0,3.0,0,0,0,0,0,0,0,1
CI,0, ,0.0,152.0,0,0,0,1,210,0,0,0
CF,D182K,33.866292,-6.750231,0,RBT,182.0,11.0,182.0,5.0,0,0,0,0,0,0,0,1
CI,0, ,0.0,228.0,0,0,0,0,0,0,0,0
CF,BISMI,33.647222,-6.893611,0,RBT,198.0,25.2,198.0,10.0,0,0,0,0,0,0,0,0

SID,BISM5D,03,2
CF,D033I,34.177322,-6.650564,0,RBT,33.0,9.0,33.0,9.0,0,0,0,0,0,0,0,1
CI,0, ,0.0,33.0,0,0,0,0,0,0,0,0
AF,D159K,33.873169,-6.660786,2,RBT,159.0,11.4,33.0,0,0,0,0,0,0,0,0
CR,0,RBT,196.0,244.0,0,0,0,0,0,0,0,0
CF,BISMI,33.647222,-6.893611,0,RBT,198.0,25.2,198.0,10.0,0,0,0,0,0,0,0,0

SID,TOLS1A,03,5
CF,ME600,34.109156,-6.709281,0,RBT,28.5,4.0,33.0,3.0,2,1500,0,1,250,0,0,1
CF,ME402,34.252144,-6.844583,0,RBT,339.0,13.1,323.0,11.0,2,4000,0,1,250,0,0,0
TF,TOLSI,34.600556,-7.015000,0, ,0.0,0.0,0.0,0.0,2,8000,0,1,250,0,0,0

SID,TOLS1B,21,5
CA,0,213.0,2,1000,0,1,210,0,0,0
CF,ME601,33.866289,-6.750106,0,RBT,182.0,11.0,181.0,8.0,0,0,0,1,210,0,0,0
TF,ME603,33.890217,-6.609894,1, ,0.0,0.0,0.0,0.0,0,0,0,1,230,0,0,0
TF,SBI,34.176406,-6.664278,0, ,0.0,0.0,0.0,0.0,0,0,0,1,250,0,0,0
TF,ME402,34.252144,-6.844583,0, ,0.0,0.0,0.0,0.0,0,0,0,1,250,0,0,0
TF,TOLSI,34.600556,-7.015000,0, ,0.0,0.0,0.0,0.0,0,0,0,1,250,0,0,0

SID,TOLS1C,21,2
CF,D213C,34.011692,-6.775075,0,RBT,213.0,2.7,213.0,3.0,0,0,0,0,0,0,0,1
CI,0, ,0.0,152.0,0,0,0,1,210,0,0,0
CF,D182I,33.899681,-6.749533,0,RBT,182.0,9.0,182.0,3.0,0,0,0,0,0,0,0,1
CI,0, ,0.0,182.0,0,0,0,0,0,0,0,0
AF,D148K,33.895836,-6.626433,1,RBT,148.0,11.0,182.0,0,0,0,0,0,0,0,0
CF,SBI,34.176406,-6.664278,0,RBT,29.4,8.6,346.0,17.0,0,0,0,0,0,0,0,1
CI,0, ,0.0,309.0,0,0,0,0,0,0,0,0
CF,TOLSI,34.600556,-7.015000,0,RBT,339.0,35.6,339.0,23.0,0,0,0,0,0,0,0,0

SID,TOLS5D,03,2
CA,0,33.0,2,1500,0,0,0,0,0,0
CI,0, ,0.0,309.0,0,0,0,0,0,0,0,0
CF,TOLSI,34.600556,-7.015000,0,RBT,339.0,35.6,339.0,25.0,0,0,0,0,0,0,0,0

SID,VARA1A,03,5
CF,ME602,34.209022,-6.636053,0,RBT,30.9,11.0,33.0,10.0,2,2200,0,1,220,0,0,0
TF,ME904,34.130372,-6.504072,2, ,0.0,0.0,0.0,0.0,2,3800,0,1,250,0,0,0
TF,VARAS,34.025556,-6.348333,0, ,0.0,0.0,0.0,0.0,2,6000,0,1,250,0,0,0

SID,VARA1B,21,5
CA,0,213.0,2,1000,0,1,210,0,0,0
CF,ME601,33.866289,-6.750106,0,RBT,182.0,11.0,181.0,8.0,0,0,0,1,210,0,0,0
TF,ME603,33.890217,-6.609894,1, ,0.0,0.0,0.0,0.0,0,0,0,1,230,0,0,0
TF,VARAS,34.025556,-6.348333,0, ,0.0,0.0,0.0,0.0,0,0,0,1,250,0,0,0

SID,VARA1C,21,2
CF,D213C,34.011692,-6.775075,0,RBT,213.0,2.7,213.0,3.0,0,0,0,0,0,0,0,1
CI,0, ,0.0,152.0,0,0,0,1,210,0,0,0
CF,D182I,33.899681,-6.749533,0,RBT,182.0,9.0,182.0,3.0,0,0,0,0,0,0,0,1
CI,0, ,0.0,182.0,0,0,0,0,0,0,0,0
AF,D105K,34.005308,-6.532408,1,RBT,105.0,11.0,182.0,0,0,0,0,0,0,0,0
CF,VARAS,34.025556,-6.348333,0,RBT,95.1,19.9,95.0,8.0,0,0,0,0,0,0,0,0

SID,VARA5D,03,2
CF,D033I,34.177322,-6.650564,0,RBT,33.0,9.0,33.0,9.0,0,0,0,0,0,0,0,1
CI,0, ,0.0,33.0,0,0,0,0,0,0,0,0
AF,D087K,34.062542,-6.526247,2,RBT,87.0,11.0,33.0,0,0,0,0,0,0,0,0
CF,VARAS,34.025556,-6.348333,0,RBT,95.1,19.9,95.0,7.0,0,0,0,0,0,0,0,0

STAR,ESAL1F,21,5
IF,ESALA,34.040000,-7.173056, ,0.0,0.0,2,9000,0,0,0,0,0,0
TF,ME401,34.048206,-7.007119,0, ,0.0,0.0,0.0,0.0,2,8000,0,0,0,0,0,0
TF,ME402,34.252144,-6.844583,0, ,0.0,0.0,0.0,0.0,2,6000,0,0,0,0,0,0
TF,ME999,34.324386,-6.786775,0, ,0.0,0.0,0.0,0.0,2,6000,0,0,0,0,0,0

STAR,ESAL1G,21,2
IF,ESALA,34.040000,-7.173056, ,0.0,0.0,0,0,0,0,0,0,0,0
TF,D270O,34.043083,-7.047142,0, ,0.0,0.0,0.0,0.0,0,0,0,0,0,0,0,0
CI,0, ,0.0,90.0,0,0,0,0,0,0,0,0
AF,FAHIM,34.251186,-6.844117,2,RBT,339.0,13.0,270.0,0,0,0,0,0,0,0,0

STAR,ESAL5A,21,2
IF,ESALA,34.040000,-7.173056, ,0.0,0.0,0,0,0,0,0,0,0,0
TF,SBI,34.176406,-6.664278,0, ,0.0,0.0,0.0,0.0,0,0,0,0,0,0,0,0

STAR,TUSO1F,21,5
IF,TUSOR,34.497222,-6.331667, ,0.0,0.0,2,9000,0,0,0,0,0,0
TF,ME400,34.249986,-6.370086,0, ,0.0,0.0,0.0,0.0,2,7000,0,0,0,0,0,0
TF,ME998,34.150367,-6.443633,0, ,0.0,0.0,0.0,0.0,2,6000,0,0,0,0,0,0

STAR,TUSO1G,21,2
IF,TUSOR,34.497222,-6.331667, ,0.0,0.0,0,0,0,0,0,0,0,0
TF,D039Z,34.394047,-6.427836,0, ,0.0,0.0,0.0,0.0,0,0,0,0,0,0,0,0
CI,0, ,0.0,219.0,0,0,0,0,0,0,0,0
AF,D064X,34.231092,-6.316536,2,RBT,64.0,24.0,39.0,0,0,0,0,0,0,0,0
CF,ENNAV,34.130372,-6.504072,2,RBT,69.2,13.0,249.0,10.0,0,0,0,0,0,0,0,0

STAR,TUSO1H,21,5
IF,TUSOR,34.497222,-6.331667, ,0.0,0.0,2,9000,0,0,0,0,0,0
TF,ME500,34.237533,-6.615100,0, ,0.0,0.0,0.0,0.0,2,3000,0,0,0,0,0,0

STAR,TUSO5A,21,2
IF,TUSOR,34.497222,-6.331667, ,0.0,0.0,0,0,0,0,0,0,0,0
TF,D039U,34.334831,-6.500461,0, ,0.0,0.0,0.0,0.0,0,0,0,0,0,0,0,0
TF,SBI,34.176406,-6.664278,0, ,0.0,0.0,0.0,0.0,0,0,0,0,0,0,0,0

STAR,VARA1F,21,5
IF,VARAS,34.025556,-6.348333, ,0.0,0.0,2,9000,0,0,0,0,0,0
TF,ME998,34.150367,-6.443633,0, ,0.0,0.0,0.0,0.0,2,6000,0,0,0,0,0,0

STAR,VARA1G,21,2
IF,VARAS,34.025556,-6.348333, ,0.0,0.0,0,0,0,0,0,0,0,0
TF,D095O,34.031675,-6.446342,0, ,0.0,0.0,0.0,0.0,0,0,0,0,0,0,0,0
CI,0, ,0.0,275.0,0,0,0,0,0,0,0,0
AF,ENNAV,34.130372,-6.504072,1,RBT,69.2,13.0,95.0,0,0,0,0,0,0,0,0

STAR,VARA5A,21,2
IF,VARAS,34.025556,-6.348333, ,0.0,0.0,0,0,0,0,0,0,0,0
TF,SBI,34.176406,-6.664278,0, ,0.0,0.0,0.0,0.0,0,0,0,0,0,0,0,0

APPTR,D21,21,ENNAV
IF,ENNAV,34.130372,-6.504072, ,0.0,0.0,0,0,0,0,0,0,1,0
AF,CD21,34.244364,-6.630364,1,RBT,27.4,13.0,69.0,2,3000,0,0,0,0,1,0

APPTR,D21,21,FAHIM
IF,FAHIM,34.251186,-6.844117, ,0.0,0.0,0,0,0,0,0,0,1,0
AF,CD21,34.244364,-6.630364,2,RBT,27.4,13.0,339.0,2,3000,0,0,0,0,1,0

FINAL,D21,21,D,4
IF,CD21,34.244364,-6.630364,RBT,27.4,13.0,2,3000,0,0,0,0,0,0
CF,FD21,34.169594,-6.675047,0,RBT,27.4,8.0,208.0,5.0,2,2500,0,0,0,0,2,0
CF,40VOR,34.109764,-6.710744,0,RBT,27.4,4.0,208.0,4.0,2,1280,0,0,0,0,0,0
CF,MD21,34.076872,-6.730331,0,RBT,27.4,1.8,208.0,2.2,1,574,0,0,0,0,3,0
CA,0,208.0,2,680,0,0,0,0,0,0
CI,2, ,0.0,9.0,0,0,0,1,185,0,0,0
CF,FAHIM,34.251186,-6.844117,0,RBT,339.0,13.0,339.0,6.0,1,6000,0,0,0,0,0,0

APPTR,I21-Y,21,ME998
IF,ME998,34.150367,-6.443633, ,0.0,0.0,2,6000,0,1,220,0,1,0
TF,ME500,34.237533,-6.615100,0,RS,0.0,0.0,0.0,0.0,2,3000,0,1,220,0,1,0

APPTR,I21-Y,21,ME999
IF,ME999,34.324386,-6.786775, ,0.0,0.0,2,6000,0,1,230,0,1,0
TF,ME500,34.237533,-6.615100,0,RS,0.0,0.0,0.0,0.0,2,3000,0,1,220,0,1,0

FINAL,I21-Y,21,I,3
IF,ME500,34.237533,-6.615100,RS,32.3,14.2,2,3000,0,1,220,0,0,0
CF,ME502,34.164033,-6.669128,0,RS,32.3,9.0,213.0,5.2,1,2500,0,1,220,0,2,0
CF,RW21,34.064953,-6.741678,0,RS,32.3,2.1,213.0,7.0,1,288,0,1,185,0,3,1
DF,ME402,34.252144,-6.844583,2, ,0.0,0.0,2,6000,0,1,185,0,0,0
TF,ME999,34.324386,-6.786775,0, ,0.0,0.0,0.0,0.0,2,6000,0,0,0,0,0,0
HM,ME999,34.324386,-6.786775,1, ,0.0,0.0,123.0,04.3,2,6000,0,1,230,0,0,0,0

APPTR,I21-Z,21,ENNAV
IF,ENNAV,34.130372,-6.504072, ,0.0,0.0,0,0,0,0,0,0,1,0
AF,CI21Z,34.237533,-6.615100,1,RBT,31.2,13.0,69.0,2,3000,0,0,0,0,1,0

APPTR,I21-Z,21,FAHIM
IF,FAHIM,34.251186,-6.844117, ,0.0,0.0,0,0,0,0,0,0,1,0
AF,CI21Z,34.237533,-6.615100,2,RBT,31.2,13.0,339.0,2,3000,0,0,0,0,1,0

FINAL,I21-Z,21,I,3
IF,CI21Z,34.237533,-6.615100,RS,32.3,14.2,2,3000,0,0,0,0,0,0
CF,FI21Z,34.164033,-6.669128,0,RS,32.3,9.0,213.0,5.2,1,2500,0,0,0,0,2,0
CF,RW21,34.064953,-6.741678,0,RS,32.3,2.1,213.0,6.9,1,288,0,0,0,0,3,0
CA,0,213.0,2,670,0,0,0,0,0,0
CI,2, ,0.0,9.0,0,0,0,1,185,0,0,0
CF,FAHIM,34.251186,-6.844117,0,RBT,339.0,13.0,339.0,7.0,1,6000,0,0,0,0,0,0

APPTR,R21,21,ME998
IF,ME998,34.150367,-6.443633, ,0.0,0.0,2,6000,0,1,220,0,1,0
TF,ME500,34.237533,-6.615100,0, ,0.0,0.0,0.0,0.0,2,3000,0,1,220,0,1,0

APPTR,R21,21,ME999
IF,ME999,34.324386,-6.786775, ,0.0,0.0,2,6000,0,1,230,0,1,0
TF,ME500,34.237533,-6.615100,0, ,0.0,0.0,0.0,0.0,2,3000,0,1,220,0,1,0

FINAL,R21,21,R,3
IF,ME500,34.237533,-6.615100, ,0.0,0.0,2,3000,0,1,220,0,0,0
TF,ME501,34.164303,-6.668825,0, ,0.0,0.0,213.0,5.1,1,2500,0,1,220,0,2,0
TF,RW21,34.064953,-6.741678,0, ,0.0,0.0,213.0,7.0,1,281,0,1,185,0,3,1
DF,ME402,34.252144,-6.844583,2, ,0.0,0.0,2,6000,0,1,185,0,0,0
TF,ME999,34.324386,-6.786775,0, ,0.0,0.0,0.0,0.0,2,6000,0,0,0,0,0,0
HM,ME999,34.324386,-6.786775,1, ,0.0,0.0,123.0,04.3,3,13000,0,1,230,0,0,0,0

