STAR,AMRO2D,01,2
IF,AMROD,14.982722,-17.325583, ,0.0,0.0,0,0,0,0,0,0,0,0
TF,D331R,14.888000,-17.254667,0, ,0.0,0.0,0.0,0.0,0,0,0,0,0,0,0,0
CI,0, ,0.0,151.0,0,0,0,0,0,0,0,0
AF,DEPAL,14.376528,-17.070028,1,DS,186.5,16.0,331.0,2,3000,0,0,0,0,0,0

STAR,AMRO2K,19,2
IF,AMROD,14.982722,-17.325583, ,0.0,0.0,0,0,0,0,0,0,0,0
TF,D331R,14.888000,-17.254667,0, ,0.0,0.0,0.0,0.0,0,0,0,0,0,0,0,0
CI,0, ,0.0,151.0,0,0,0,0,0,0,0,0
AF,KOSOM,14.912408,-17.075094,2,DS,6.5,16.0,331.0,2,3000,0,0,0,0,0,0

STAR,AMRO3D,01,2
IF,AMROD,14.982722,-17.325583, ,0.0,0.0,0,0,0,0,0,0,0,0
TF,DS,14.644331,-17.072569,0, ,0.0,0.0,0.0,0.0,0,0,0,0,0,0,0,0
CD, ,0,0,0,DS,0,0.0,176.0,21.0,0,0,0,0,0,0,0,0
CF,DEPAL,14.376528,-17.070028,2,DS,186.5,16.0,6.0,5.0,2,3000,0,0,0,0,0,0

STAR,BIKI2D,01,2
IF,BIKIS,16.278056,-16.782500, ,0.0,0.0,0,0,0,0,0,0,0,0
TF,D016R,14.941278,-17.020194,0, ,0.0,0.0,0.0,0.0,0,0,0,0,0,0,0,0
CI,0, ,0.0,197.0,0,0,0,0,0,0,0,0
AF,DEPAL,14.376528,-17.070028,2,DS,186.5,16.0,17.0,2,3000,0,0,0,0,0,0

STAR,BIKI2K,19,2
IF,BIKIS,16.278056,-16.782500, ,0.0,0.0,0,0,0,0,0,0,0,0
TF,BD602,15.138306,-16.984667,0, ,0.0,0.0,0.0,0.0,0,0,0,0,0,0,0,0
TF,BD603,15.012833,-17.076056,0, ,0.0,0.0,0.0,0.0,0,0,0,0,0,0,0,0
TF,KOSOM,14.912408,-17.075094,0, ,0.0,0.0,0.0,0.0,2,3000,0,0,0,0,0,0

STAR,BIKI2V,01,2
IF,BIKIS,16.278056,-16.782500, ,0.0,0.0,0,0,0,0,0,0,0,0
TF,DS,14.644331,-17.072569,0, ,0.0,0.0,0.0,0.0,0,0,0,0,0,0,0,0

STAR,BIKI3D,01,2
IF,BIKIS,16.278056,-16.782500, ,0.0,0.0,0,0,0,0,0,0,0,0
TF,DS,14.644331,-17.072569,0, ,0.0,0.0,0.0,0.0,0,0,0,0,0,0,0,0
CD, ,0,0,0,DS,0,0.0,176.0,21.0,0,0,0,0,0,0,0,0
CF,DEPAL,14.376528,-17.070028,2,DS,186.5,16.0,6.0,5.0,2,3000,0,0,0,0,0,0

STAR,BJ2D,01,2
IF,BJ,13.338133,-16.655500, ,0.0,0.0,0,0,0,0,0,0,0,0
TF,D167Y,14.249583,-16.930056,0, ,0.0,0.0,0.0,0.0,0,0,0,0,0,0,0,1
CI,0, ,0.0,313.0,0,0,0,0,0,0,0,0
CF,DEPAL,14.376528,-17.070028,0,DS,186.5,16.0,6.0,2.0,2,3000,0,0,0,0,0,0

STAR,BJ2K,19,2
IF,BJ,13.338133,-16.655500, ,0.0,0.0,0,0,0,0,0,0,0,0
TF,D167R,14.360417,-16.969111,0, ,0.0,0.0,0.0,0.0,0,0,0,0,0,0,0,0
CI,0, ,0.0,347.0,0,0,0,0,0,0,0,0
AF,KOSOM,14.912408,-17.075094,1,DS,6.5,16.0,167.0,2,3000,0,0,0,0,0,0

STAR,BJ2V,19,2
IF,BJ,13.338133,-16.655500, ,0.0,0.0,0,0,0,0,0,0,0,0
TF,DS,14.644331,-17.072569,0, ,0.0,0.0,0.0,0.0,0,0,0,0,0,0,0,0

STAR,BJ3K,19,2
IF,BJ,13.338133,-16.655500, ,0.0,0.0,0,0,0,0,0,0,0,0
TF,DS,14.644331,-17.072569,0, ,0.0,0.0,0.0,0.0,0,0,0,0,0,0,0,0
CD, ,0,0,0,DS,0,0.0,356.0,21.0,0,0,0,0,0,0,0,0
CF,KOSOM,14.912408,-17.075094,2,DS,6.5,16.0,186.0,5.0,2,3000,0,0,0,0,0,0

STAR,ERID2D,01,2
IF,ERIDI,13.193333,-15.130278, ,0.0,0.0,0,0,0,0,0,0,0,0
TF,D134R,14.462167,-16.826194,0, ,0.0,0.0,0.0,0.0,0,0,0,0,0,0,0,0
CI,0, ,0.0,314.0,0,0,0,0,0,0,0,0
AF,DEPAL,14.376528,-17.070028,2,DS,186.5,16.0,134.0,2,3000,0,0,0,0,0,0

STAR,ERID2K,19,2
IF,ERIDI,13.193333,-15.130278, ,0.0,0.0,0,0,0,0,0,0,0,0
TF,D134R,14.462167,-16.826194,0, ,0.0,0.0,0.0,0.0,0,0,0,0,0,0,0,0
CI,0, ,0.0,314.0,0,0,0,0,0,0,0,0
AF,KOSOM,14.912408,-17.075094,1,DS,6.5,16.0,134.0,2,3000,0,0,0,0,0,0

STAR,ERID2V,19,2
IF,ERIDI,13.193333,-15.130278, ,0.0,0.0,0,0,0,0,0,0,0,0
TF,DS,14.644331,-17.072569,0, ,0.0,0.0,0.0,0.0,0,0,0,0,0,0,0,0

STAR,ERID3K,19,2
IF,ERIDI,13.193333,-15.130278, ,0.0,0.0,0,0,0,0,0,0,0,0
TF,DS,14.644331,-17.072569,0, ,0.0,0.0,0.0,0.0,0,0,0,0,0,0,0,0
CD, ,0,0,0,DS,0,0.0,356.0,21.0,0,0,0,0,0,0,0,0
CF,KOSOM,14.912408,-17.075094,2,DS,6.5,16.0,186.0,5.0,2,3000,0,0,0,0,0,0

STAR,KITN2D,01,2
IF,KITNI,14.762914,-15.016769, ,0.0,0.0,0,0,0,0,0,0,0,0
TF,D093R,14.663306,-16.763722,0, ,0.0,0.0,0.0,0.0,0,0,0,0,0,0,0,0
CI,0, ,0.0,273.0,0,0,0,0,0,0,0,0
AF,DEPAL,14.376528,-17.070028,2,DS,186.5,16.0,93.0,2,3000,0,0,0,0,0,0

STAR,KITN2K,19,2
IF,KITNI,14.762914,-15.016769, ,0.0,0.0,0,0,0,0,0,0,0,0
TF,D093R,14.663306,-16.763722,0, ,0.0,0.0,0.0,0.0,0,0,0,0,0,0,0,0
CI,0,DS,0.0,273.0,0,0,0,0,0,0,0,0
AF,KOSOM,14.912408,-17.075094,1,DS,6.5,16.0,93.0,2,3000,0,0,0,0,0,0

STAR,LIGO2D,01,2
IF,LIGOV,15.466667,-19.404167, ,0.0,0.0,0,0,0,0,0,0,0,0
TF,D297R,14.748417,-17.363028,0, ,0.0,0.0,0.0,0.0,0,0,0,0,0,0,0,0
CI,0, ,0.0,117.0,0,0,0,0,0,0,0,0
AF,DEPAL,14.376528,-17.070028,1,DS,186.5,16.0,297.0,2,3000,0,0,0,0,0,0

STAR,LIGO2K,19,2
IF,LIGOV,15.466667,-19.404167, ,0.0,0.0,0,0,0,0,0,0,0,0
TF,D297R,14.748417,-17.363028,0, ,0.0,0.0,0.0,0.0,0,0,0,0,0,0,0,0
CI,0, ,0.0,117.0,0,0,0,0,0,0,0,0
AF,KOSOM,14.912408,-17.075094,2,DS,6.5,16.0,297.0,2,3000,0,0,0,0,0,0

STAR,LIGO3D,01,2
IF,LIGOV,15.466667,-19.404167, ,0.0,0.0,0,0,0,0,0,0,0,0
TF,DS,14.644331,-17.072569,0, ,0.0,0.0,0.0,0.0,0,0,0,0,0,0,0,0
CD, ,0,0,0,DS,0,0.0,176.0,21.0,0,0,0,0,0,0,0,0
CF,DEPAL,14.376528,-17.070028,2,DS,186.5,16.0,6.0,5.0,2,3000,0,0,0,0,0,0

STAR,LIMA2D,01,2
IF,LIMAX,16.748611,-17.335278, ,0.0,0.0,0,0,0,0,0,0,0,0
TF,D360R,14.943444,-17.109583,0, ,0.0,0.0,0.0,0.0,0,0,0,0,0,0,0,0
CI,0, ,0.0,180.0,0,0,0,0,0,0,0,0
AF,DEPAL,14.376528,-17.070028,1,DS,186.5,16.0,360.0,2,3000,0,0,0,0,0,0

STAR,LIMA2K,19,2
IF,LIMAX,16.748611,-17.335278, ,0.0,0.0,0,0,0,0,0,0,0,0
TF,BD601,15.142056,-17.133917,0, ,0.0,0.0,0.0,0.0,0,0,0,0,0,0,0,0
TF,BD603,15.012833,-17.076056,0, ,0.0,0.0,0.0,0.0,0,0,0,0,0,0,0,0
TF,KOSOM,14.912408,-17.075094,0, ,0.0,0.0,0.0,0.0,2,3000,0,0,0,0,0,0

STAR,LIMA2V,01,2
IF,LIMAX,16.748611,-17.335278, ,0.0,0.0,0,0,0,0,0,0,0,0
TF,DS,14.644331,-17.072569,0, ,0.0,0.0,0.0,0.0,0,0,0,0,0,0,0,0

STAR,LIMA3D,01,2
IF,LIMAX,16.748611,-17.335278, ,0.0,0.0,0,0,0,0,0,0,0,0
TF,DS,14.644331,-17.072569,0, ,0.0,0.0,0.0,0.0,0,0,0,0,0,0,0,0
CD, ,0,0,0,DS,0,0.0,176.0,21.0,0,0,0,0,0,0,0,0
CF,DEPAL,14.376528,-17.070028,2,DS,186.5,16.0,6.0,5.0,2,3000,0,0,0,0,0,0

STAR,NURA2D,01,2
IF,NURAS,14.222222,-15.484167, ,0.0,0.0,0,0,0,0,0,0,0,0
TF,D112R,14.566167,-16.773778,0, ,0.0,0.0,0.0,0.0,0,0,0,0,0,0,0,0
CI,0, ,0.0,292.0,0,0,0,0,0,0,0,0
AF,DEPAL,14.376528,-17.070028,2,DS,186.5,16.0,112.0,2,3000,0,0,0,0,0,0

STAR,NURA2K,19,2
IF,NURAS,14.222222,-15.484167, ,0.0,0.0,0,0,0,0,0,0,0,0
TF,D112R,14.566167,-16.773778,0, ,0.0,0.0,0.0,0.0,0,0,0,0,0,0,0,0
CI,0, ,0.0,292.0,0,0,0,0,0,0,0,0
AF,KOSOM,14.912408,-17.075094,1,DS,6.5,16.0,112.0,2,3000,0,0,0,0,0,0

STAR,PIVS2D,01,2
IF,PIVSA,13.968889,-18.000000, ,0.0,0.0,0,0,0,0,0,0,0,0
TF,D240R,14.464361,-17.320639,0, ,0.0,0.0,0.0,0.0,0,0,0,0,0,0,0,0
CI,0, ,0.0,60.0,0,0,0,0,0,0,0,0
AF,DEPAL,14.376528,-17.070028,1,DS,186.5,16.0,240.0,2,3000,0,0,0,0,0,0

STAR,PIVS2K,19,2
IF,PIVSA,13.968889,-18.000000, ,0.0,0.0,0,0,0,0,0,0,0,0
TF,D240R,14.464361,-17.320639,0, ,0.0,0.0,0.0,0.0,0,0,0,0,0,0,0,0
CI,0, ,0.0,60.0,0,0,0,0,0,0,0,0
AF,KOSOM,14.912408,-17.075094,2,DS,6.5,16.0,240.0,2,3000,0,0,0,0,0,0

STAR,PIVS2V,19,2
IF,PIVSA,13.968889,-18.000000, ,0.0,0.0,0,0,0,0,0,0,0,0
TF,DS,14.644331,-17.072569,0, ,0.0,0.0,0.0,0.0,0,0,0,0,0,0,0,0

STAR,SAKL2D,01,2
IF,SAKLI,16.049083,-16.457139, ,0.0,0.0,0,0,0,0,0,0,0,0
TF,D030R,14.921722,-16.951750,0, ,0.0,0.0,0.0,0.0,0,0,0,0,0,0,0,0
CI,0, ,0.0,210.0,0,0,0,0,0,0,0,0
AF,DEPAL,14.376528,-17.070028,2,DS,186.5,16.0,30.0,2,3000,0,0,0,0,0,0

STAR,SAKL2K,19,2
IF,SAKLI,16.049083,-16.457139, ,0.0,0.0,0,0,0,0,0,0,0,0
TF,D030R,14.921722,-16.951750,0, ,0.0,0.0,0.0,0.0,0,0,0,0,0,0,0,0
CI,0, ,0.0,210.0,0,0,0,0,0,0,0,0
AF,KOSOM,14.912408,-17.075094,1,DS,6.5,16.0,30.0,2,3000,0,0,0,0,0,0

STAR,SAKL2V,01,2
IF,SAKLI,16.049083,-16.457139, ,0.0,0.0,0,0,0,0,0,0,0,0
TF,DS,14.644331,-17.072569,0, ,0.0,0.0,0.0,0.0,0,0,0,0,0,0,0,0

STAR,SAKL3D,01,2
IF,SAKLI,16.049083,-16.457139, ,0.0,0.0,0,0,0,0,0,0,0,0
TF,DS,14.644331,-17.072569,0, ,0.0,0.0,0.0,0.0,0,0,0,0,0,0,0,0
CD, ,0,0,0,DS,0,0.0,176.0,21.0,0,0,0,0,0,0,0,0
CF,DEPAL,14.376528,-17.070028,2,DS,186.5,16.0,6.0,5.0,2,3000,0,0,0,0,0,0

APPTR,D01-Y,01,DS
IF,DS,14.644331,-17.072569, ,0.0,0.0,2,3000,0,0,0,0,1,0
TF,D186H,14.510442,-17.070169,0, ,0.0,0.0,0.0,0.0,2,3000,0,0,0,0,0,0
FC,D186H,14.510442,-17.070169,0,DS,0.0,0.0,141.0,4.4,2,3000,0,0,0,0,0,1
CF,FF01,14.513764,-17.071342,2,DS,186.5,7.8,6.0,5.0,2,3000,0,0,0,0,0,0

FINAL,D01-Y,01,D,3
IF,FF01,14.513764,-17.071342,DS,186.5,7.8,2,3000,0,0,0,0,2,0
CF,34VOR,14.587422,-17.072028,0,DS,186.5,3.4,6.0,4.4,2,1600,0,0,0,0,0,0
CF,DS,14.644331,-17.072569,0,DS,0.0,0.0,6.0,3.4,1,528,0,0,0,0,3,0
FA,DS,14.644331,-17.072569,0,DS,0.0,0.0,6.0,2,2000,0,0,0,0,0,0
DF,DS,14.644331,-17.072569,1, ,0.0,0.0,1,3000,0,0,0,0,0,0

APPTR,D01-Z,01,DEPAL
HF,DEPAL,14.376528,-17.070028,2, ,0.0,0.0,6.0,05,2,3000,0,1,230,0,1,0,0

FINAL,D01-Z,01,D,4
IF,DEPAL,14.376528,-17.070028,DS,186.5,16.0,2,3000,0,0,0,0,0,0
CF,FF01,14.513764,-17.071342,0,DS,186.5,7.8,6.0,8.2,2,3000,0,0,0,0,2,0
CF,34VOR,14.587422,-17.072028,0,DS,186.5,3.4,6.0,4.4,2,1600,0,0,0,0,0,0
CF,DS,14.644331,-17.072569,0,DS,0.0,0.0,6.0,3.4,1,528,0,0,0,0,3,0
FA,DS,14.644331,-17.072569,0,DS,0.0,0.0,6.0,2,2000,0,0,0,0,0,0
DF,DS,14.644331,-17.072569,1, ,0.0,0.0,1,3000,0,0,0,0,0,0
CF,D176U,14.299267,-17.003789,0,DS,176.0,21.0,176.0,21.0,0,0,0,0,0,0,0,1
CF,DEPAL,14.376528,-17.070028,2,DS,186.5,16.0,6.0,5.0,0,0,0,0,0,0,0,0

APPTR,D19-Y,19,DS
IF,DS,14.644331,-17.072569, ,0.0,0.0,2,3000,0,0,0,0,1,0
TF,FD19,14.828422,-17.075872,0, ,0.0,0.0,0.0,0.0,2,3000,0,0,0,0,0,0
FC,FD19,14.828422,-17.075872,0,DS,0.0,0.0,321.0,4.4,2,3000,0,0,0,0,0,1
CF,FD19,14.828422,-17.075872,2,DS,6.0,11.0,186.0,5.0,2,3000,0,0,0,0,0,0

FINAL,D19-Y,19,D,2
IF,FD19,14.828422,-17.075872,DS,6.0,11.0,2,3000,0,0,0,0,2,0
CF,RW19,14.686808,-17.072972,0,DS,6.5,2.5,186.0,8.5,1,300,0,0,0,0,3,0
CF,DS,14.644331,-17.072569,0,DS,0.0,0.0,186.0,2.5,0,0,0,0,0,0,0,1
CA,0,186.0,2,2000,0,0,0,0,0,0
DF,DS,14.644331,-17.072569,1, ,0.0,0.0,1,3000,0,0,0,0,0,0

APPTR,D19-Z,19,KOSOM
HF,KOSOM,14.912408,-17.075094,2, ,0.0,0.0,186.0,05,2,3000,0,1,230,0,1,0,0

FINAL,D19-Z,19,D,3
IF,KOSOM,14.912408,-17.075094,DS,6.5,16.0,2,3000,0,0,0,0,0,0
CF,FD19,14.828422,-17.075872,0,DS,6.0,11.0,186.0,5.0,2,3000,0,0,0,0,2,0
CF,RW19,14.686808,-17.072972,0,DS,6.5,2.5,186.0,8.5,1,300,0,0,0,0,3,0
CF,DS,14.644331,-17.072569,0,DS,0.0,0.0,186.0,2.5,0,0,0,0,0,0,0,1
CA,0,186.0,2,2000,0,0,0,0,0,0
DF,DS,14.644331,-17.072569,1, ,0.0,0.0,1,3000,0,0,0,0,0,0
CF,D356U,14.989361,-17.141567,0,DS,356.0,21.0,356.0,21.0,0,0,0,0,0,0,0,1
CF,KOSOM,14.912408,-17.075094,2,DS,6.5,16.0,186.0,5.0,0,0,0,0,0,0,0,0

APPTR,I01-X,01,DEPAL
HF,DEPAL,14.376528,-17.070028,2, ,0.0,0.0,6.0,04.3,2,3000,0,1,230,0,1,0,0

APPTR,I01-X,01,GATRO
IF,GATRO,14.375783,-17.155881, ,0.0,0.0,2,3000,0,1,230,0,1,0
TF,DEPAL,14.376528,-17.070028,0,IDS,0.0,0.0,0.0,0.0,2,3000,0,1,230,0,1,0

APPTR,I01-X,01,LIPEK
IF,LIPEK,14.377272,-16.984178, ,0.0,0.0,2,3000,0,1,230,0,1,0
TF,DEPAL,14.376528,-17.070028,0,IDS,0.0,0.0,0.0,0.0,2,3000,0,1,230,0,1,0

FINAL,I01-X,01,I,3
IF,DEPAL,14.376528,-17.070028,IDS,186.5,18.7,2,3000,0,0,0,0,0,0
CF,BD501,14.514364,-17.071350,0,IDS,186.5,10.5,6.0,8.2,1,3000,0,0,0,0,2,0
CF,RW01,14.655175,-17.072675,0,IDS,186.5,2.0,6.0,8.4,1,321,0,0,0,0,3,1
DF,BD502,14.738864,-17.073469,0, ,0.0,0.0,0,0,0,0,0,0,0,1
DF,BD503,14.563986,-17.164558,1, ,0.0,0.0,0,0,0,1,230,0,0,1
TF,GATRO,14.375783,-17.155881,0, ,0.0,0.0,0.0,0.0,2,3000,0,1,230,0,0,0

APPTR,I01-Y,01,DS
IF,DS,14.644331,-17.072569, ,0.0,0.0,2,3000,0,0,0,0,1,0
TF,D186H,14.510442,-17.070169,0, ,0.0,0.0,0.0,0.0,2,3000,0,0,0,0,0,0
FC,D186H,14.510442,-17.070169,0,DS,0.0,0.0,141.0,4.4,2,3000,0,0,0,0,0,1
CF,CF01Y,14.480289,-17.071028,2,IDS,186.5,12.5,6.0,3.0,2,3000,0,0,0,0,0,0

FINAL,I01-Y,01,I,3
IF,CF01Y,14.480289,-17.071028,IDS,186.5,12.5,2,3000,0,0,0,0,0,0
CF,FF01,14.513764,-17.071342,0,IDS,186.5,10.5,6.0,2.0,1,3000,0,0,0,0,2,0
CF,RW01,14.655175,-17.072675,0,IDS,186.5,2.0,6.0,8.4,1,321,0,0,0,0,3,0
FA,RW01,14.655175,-17.072675,0,DS,0.0,0.0,6.0,2,2000,0,0,0,0,0,0
DF,DS,14.644331,-17.072569,1, ,0.0,0.0,1,3000,0,0,0,0,0,0

APPTR,I01-Z,01,DEPAL
HF,DEPAL,14.376528,-17.070028,2, ,0.0,0.0,6.0,05,2,3000,0,1,230,0,1,0,0

FINAL,I01-Z,01,I,3
IF,DEPAL,14.376528,-17.070028,IDS,186.5,18.7,2,3000,0,0,0,0,0,0
CF,FF01,14.513764,-17.071342,0,IDS,186.5,10.5,6.0,8.2,1,3000,0,0,0,0,2,0
CF,RW01,14.655175,-17.072675,0,IDS,186.5,2.0,6.0,8.4,1,321,0,0,0,0,3,0
FA,RW01,14.655175,-17.072675,0,DS,0.0,0.0,6.0,2,2000,0,0,0,0,0,0
DF,DS,14.644331,-17.072569,1, ,0.0,0.0,1,3000,0,0,0,0,0,0
CF,D176U,14.299267,-17.003789,0,DS,176.0,21.0,176.0,21.0,0,0,0,0,0,0,0,1
CF,DEPAL,14.376528,-17.070028,2,DS,186.5,16.0,6.0,5.0,0,0,0,0,0,0,0,0

APPTR,R01,01,DEPAL
HF,DEPAL,14.376528,-17.070028,2, ,0.0,0.0,6.0,04.3,2,3000,0,1,230,0,1,0,0

APPTR,R01,01,GATRO
IF,GATRO,14.375783,-17.155881, ,0.0,0.0,2,3000,0,1,230,0,1,0
TF,DEPAL,14.376528,-17.070028,0, ,0.0,0.0,0.0,0.0,2,3000,0,1,230,0,1,0

APPTR,R01,01,LIPEK
IF,LIPEK,14.377272,-16.984178, ,0.0,0.0,2,3000,0,1,230,0,1,0
TF,DEPAL,14.376528,-17.070028,0, ,0.0,0.0,0.0,0.0,2,3000,0,1,230,0,1,0

FINAL,R01,01,R,3
IF,DEPAL,14.376528,-17.070028, ,0.0,0.0,2,3000,0,0,0,0,0,0
TF,BD501,14.514364,-17.071350,0, ,0.0,0.0,6.0,8.2,1,3000,0,0,0,0,2,0
TF,RW01,14.655175,-17.072675,0, ,0.0,0.0,6.0,8.4,1,321,0,0,0,0,3,1
DF,BD502,14.738864,-17.073469,0, ,0.0,0.0,0,0,0,0,0,0,0,1
DF,BD503,14.563986,-17.164558,1, ,0.0,0.0,0,0,0,1,230,0,0,1
TF,GATRO,14.375783,-17.155881,0, ,0.0,0.0,0.0,0.0,2,3000,0,1,230,0,0,0

APPTR,R19,19,KOSOM
HF,KOSOM,14.912408,-17.075094,2, ,0.0,0.0,186.0,04.3,2,3000,0,1,230,0,1,0,0

APPTR,R19,19,PIMLA
IF,PIMLA,14.911661,-17.161156, ,0.0,0.0,2,3000,0,1,230,0,1,0
TF,KOSOM,14.912408,-17.075094,0, ,0.0,0.0,0.0,0.0,2,3000,0,1,230,0,1,0

APPTR,R19,19,RUSMO
IF,RUSMO,14.913153,-16.989033, ,0.0,0.0,2,3000,0,1,230,0,1,0
TF,KOSOM,14.912408,-17.075094,0, ,0.0,0.0,0.0,0.0,2,3000,0,1,230,0,1,0

FINAL,R19,19,R,3
IF,KOSOM,14.912408,-17.075094, ,0.0,0.0,2,3000,0,0,0,0,0,0
TF,BD504,14.828722,-17.074308,0, ,0.0,0.0,186.0,5.0,1,3000,0,0,0,0,2,0
TF,RW19,14.686808,-17.072972,0, ,0.0,0.0,186.0,8.5,1,300,0,0,0,0,3,1
DF,BD505,14.502694,-17.071222,0, ,0.0,0.0,0,0,0,0,0,0,0,1
DF,BD506,14.501658,-17.182892,2, ,0.0,0.0,2,2000,0,0,0,0,0,0
TF,PIMLA,14.911661,-17.161156,0, ,0.0,0.0,0.0,0.0,2,3000,0,0,0,0,0,0

