SID,NOZ1B,32R,5
CA,0,319.0,2,580,0,0,0,0,0,0
CF,BA211,30.976667,29.663056,0,NOZ,225.7,19.4,334.0,3.0,2,1000,0,0,0,0,0,0
TF,BA212,31.028333,29.806111,0, ,0.0,0.0,0.0,0.0,2,3500,0,0,0,0,0,0
TF,NOZ,31.187500,29.950833,0, ,0.0,0.0,0.0,0.0,1,6000,0,0,0,0,0,0

APPTR,I32R,32R,D210U
IF,D210U,30.897333,29.715169, ,0.0,0.0,1,4000,0,0,0,0,1,0
CF,D138K,30.788153,29.809822,0,NOZ,192.0,25.0,138.0,8.2,1,2500,0,0,0,0,0,0
CF,CI32,30.765497,29.829650,0,NOZ,188.9,26.0,138.0,1.7,0,0,0,0,0,0,0,0
FD,CI32,30.765497,29.829650,0,NOZ,188.9,31.0,188.0,31.0,0,0,0,1,210,0,0,0
CF,CI32,30.765497,29.829650,1,BIL,137.9,12.5,318.0,5.0,1,2500,0,0,0,0,1,0

APPTR,I32R,32R,NOZ
IF,NOZ,31.187500,29.950833, ,0.0,0.0,1,8000,0,0,0,0,0,0
CF,D210S,30.927481,29.739547,0,NOZ,210.0,19.0,210.0,19.0,0,0,0,0,0,0,0,1
CF,D210U,30.897333,29.715169,0,NOZ,210.0,21.2,210.0,2.2,1,4000,0,0,0,0,1,0
CF,D138K,30.788153,29.809822,0,NOZ,192.0,25.0,138.0,8.2,1,2500,0,0,0,0,0,0
CF,CI32,30.765497,29.829650,0,NOZ,188.9,26.0,138.0,1.7,0,0,0,0,0,0,0,0
FD,CI32,30.765497,29.829650,0,NOZ,188.9,31.0,188.0,31.0,0,0,0,1,210,0,0,0
CF,CI32,30.765497,29.829650,1,BIL,137.9,12.5,318.0,5.0,1,2500,0,0,0,0,1,0

FINAL,I32R,32R,I,3
IF,CI32,30.765497,29.829650,BIL,137.9,12.5,1,2500,0,0,0,0,0,0
CF,FI32,30.809475,29.791150,0,BIL,137.9,9.2,318.0,3.3,1,2500,0,0,0,0,2,0
CF,RW32R,30.905919,29.706567,0,BIL,137.9,2.0,318.0,7.2,1,181,0,0,0,0,3,0
FM,RW32R,30.905919,29.706567,0,NOZ,0.0,0.0,318.0,1,1800,0,0,0,0,0,0

APPTR,R14L,14L,BA712
IF,BA712,31.127667,29.627333, ,0.0,0.0,2,2800,0,1,200,0,1,0
TF,BA715,31.079556,29.553667,0, ,0.0,0.0,0.0,0.0,2,2500,0,1,200,0,1,0

APPTR,R14L,14L,BA722
IF,BA722,31.091667,30.005833, ,0.0,0.0,2,4000,0,1,200,0,1,0
TF,BA712,31.127667,29.627333,0, ,0.0,0.0,0.0,0.0,2,2800,0,1,200,0,0,0
TF,BA715,31.079556,29.553667,0, ,0.0,0.0,0.0,0.0,2,2500,0,1,200,0,1,0

FINAL,R14L,14L,R,3
IF,BA715,31.079556,29.553667, ,0.0,0.0,2,2500,0,1,200,0,0,0
TF,BA716,31.026389,29.600583,0, ,0.0,0.0,138.0,4.0,1,2500,0,0,0,0,2,0
TF,RW14L,30.930367,29.685086,0, ,0.0,0.0,138.0,7.2,1,227,0,0,0,0,3,1
CA,0,138.0,2,2000,0,0,0,0,0,0

APPTR,R14R,14R,BA712
IF,BA712,31.127667,29.627333, ,0.0,0.0,2,2800,0,1,200,0,1,0
TF,BA713,31.078306,29.551750,0, ,0.0,0.0,0.0,0.0,2,2500,0,1,200,0,1,0

APPTR,R14R,14R,BA722
IF,BA722,31.091667,30.005833, ,0.0,0.0,2,4000,0,1,200,0,1,0
TF,BA712,31.127667,29.627333,0, ,0.0,0.0,0.0,0.0,2,2800,0,1,200,0,0,0
TF,BA713,31.078306,29.551750,0, ,0.0,0.0,0.0,0.0,2,2500,0,1,200,0,1,0

FINAL,R14R,14R,R,3
IF,BA713,31.078306,29.551750, ,0.0,0.0,2,2500,0,1,200,0,0,0
TF,BA714,31.025111,29.598667,0, ,0.0,0.0,138.0,4.0,1,2500,0,0,0,0,2,0
TF,RW14R,30.929106,29.683169,0, ,0.0,0.0,138.0,7.2,1,222,0,0,0,0,3,1
CA,0,138.0,2,2000,0,0,0,0,0,0

APPTR,R32L,32L,BA720
IF,BA720,30.801528,29.892028, ,0.0,0.0,2,2000,0,1,200,0,1,0
TF,BA613,30.761278,29.830306,0, ,0.0,0.0,0.0,0.0,1,2000,0,1,200,0,1,0

APPTR,R32L,32L,BA722
IF,BA722,31.091667,30.005833, ,0.0,0.0,2,4000,0,1,200,0,1,0
TF,BA720,30.801528,29.892028,0, ,0.0,0.0,0.0,0.0,2,2000,0,1,200,0,0,0
TF,BA613,30.761278,29.830306,0, ,0.0,0.0,0.0,0.0,1,2000,0,1,200,0,1,0

FINAL,R32L,32L,R,3
IF,BA613,30.761278,29.830306, ,0.0,0.0,1,2000,0,1,200,0,0,0
TF,BA614,30.827889,29.772000,0, ,0.0,0.0,318.0,5.0,1,2000,0,0,0,0,2,0
TF,RW32L,30.904664,29.704650,0, ,0.0,0.0,318.0,5.8,1,177,0,0,0,0,3,1
CA,0,8.0,2,2000,0,0,0,0,0,0

APPTR,R32R,32R,BA720
IF,BA720,30.801528,29.892028, ,0.0,0.0,2,2000,0,1,200,0,1,0
TF,BA721,30.762778,29.832056,0, ,0.0,0.0,0.0,0.0,1,2000,0,1,200,0,1,0

APPTR,R32R,32R,BA722
IF,BA722,31.091667,30.005833, ,0.0,0.0,2,4000,0,1,200,0,1,0
TF,BA720,30.801528,29.892028,0, ,0.0,0.0,0.0,0.0,2,2000,0,1,200,0,0,0
TF,BA721,30.762778,29.832056,0, ,0.0,0.0,0.0,0.0,1,2000,0,1,200,0,1,0

FINAL,R32R,32R,R,3
IF,BA721,30.762778,29.832056, ,0.0,0.0,1,2000,0,1,200,0,0,0
TF,BA723,30.829361,29.773750,0, ,0.0,0.0,318.0,5.0,1,2000,0,0,0,0,2,0
TF,RW32R,30.905919,29.706567,0, ,0.0,0.0,318.0,5.8,1,183,0,0,0,0,3,1
CA,0,8.0,2,2000,0,0,0,0,0,0

