SID,GETA1A,04,5
DF,TB411,29.645000,34.836667,0, ,0.0,0.0,2,3500,0,1,200,0,0,0
TF,TB412,29.696111,34.761111,1, ,0.0,0.0,0.0,0.0,2,5000,0,1,200,0,0,0
TF,TB413,29.622222,34.716667,0, ,0.0,0.0,0.0,0.0,2,6000,0,0,0,0,0,0
TF,TB414,29.539444,34.728611,0, ,0.0,0.0,0.0,0.0,1,7000,0,0,0,0,0,0
TF,GETAN,29.268611,34.768056,0, ,0.0,0.0,0.0,0.0,1,7000,0,0,0,0,0,0

SID,GETA1B,22,5
DF,TB421,29.514167,34.702500,0, ,0.0,0.0,2,4000,0,0,0,0,0,0
TF,GETAN,29.268611,34.768056,0, ,0.0,0.0,0.0,0.0,1,7000,0,0,0,0,0,0

SID,GIST1A,04,5
DF,TB411,29.645000,34.836667,0, ,0.0,0.0,2,3500,0,1,200,0,0,0
TF,TB412,29.696111,34.761111,1, ,0.0,0.0,0.0,0.0,2,5000,0,1,200,0,0,0
TF,GISTA,29.608056,34.392778,0, ,0.0,0.0,0.0,0.0,1,7000,0,0,0,0,0,0

SID,GIST1B,22,5
DF,TB421,29.514167,34.702500,0, ,0.0,0.0,2,4000,0,0,0,0,0,0
TF,GISTA,29.608056,34.392778,0, ,0.0,0.0,0.0,0.0,1,7000,0,0,0,0,0,0

SID,KITA1A,04,5
DF,TB411,29.645000,34.836667,0, ,0.0,0.0,2,3500,0,1,200,0,0,0
TF,TB412,29.696111,34.761111,1, ,0.0,0.0,0.0,0.0,2,5000,0,1,200,0,0,0
TF,KITAM,29.983333,34.553056,0, ,0.0,0.0,0.0,0.0,1,7000,0,0,0,0,0,0

SID,KITA1B,22,5
DF,TB421,29.514167,34.702500,0, ,0.0,0.0,2,4000,0,0,0,0,0,0
TF,TB422,29.769444,34.468611,2, ,0.0,0.0,0.0,0.0,1,7000,0,0,0,0,0,0
TF,KITAM,29.983333,34.553056,0, ,0.0,0.0,0.0,0.0,1,7000,0,0,0,0,0,0

STAR,GETA1A,04,5
IF,GETAN,29.268611,34.768056, ,0.0,0.0,2,8000,0,0,0,0,0,0
TF,TB515,29.266389,34.596944,0, ,0.0,0.0,0.0,0.0,1,8000,0,0,0,0,0,0

STAR,GETA1B,22,5
IF,GETAN,29.268611,34.768056, ,0.0,0.0,2,10000,0,0,0,0,0,0
TF,TB513,29.805278,34.622222,0, ,0.0,0.0,0.0,0.0,0,0,0,0,0,0,0,1

STAR,GIST1A,04,5
IF,GISTA,29.608056,34.392778, ,0.0,0.0,2,10000,0,0,0,0,0,0
TF,TB514,29.543333,34.476389,0, ,0.0,0.0,0.0,0.0,0,0,0,0,0,0,0,1

STAR,GIST1B,22,5
IF,GISTA,29.608056,34.392778, ,0.0,0.0,2,10000,0,0,0,0,0,0
TF,TB513,29.805278,34.622222,0, ,0.0,0.0,0.0,0.0,0,0,0,0,0,0,0,1

STAR,KITA1A,04,5
IF,KITAM,29.983333,34.553056, ,0.0,0.0,2,10000,0,0,0,0,0,0
TF,TB514,29.543333,34.476389,0, ,0.0,0.0,0.0,0.0,0,0,0,0,0,0,0,1

STAR,KITA1B,22,5
IF,KITAM,29.983333,34.553056, ,0.0,0.0,2,10000,0,0,0,0,0,0
TF,TB513,29.805278,34.622222,0, ,0.0,0.0,0.0,0.0,0,0,0,0,0,0,0,1

APPTR,D04,04,D266L
IF,D266L,29.610022,34.568033, ,0.0,0.0,2,6000,0,0,0,0,0,0
CI,0, ,0.0,86.0,0,0,0,0,0,0,0,0
AF,D227J,29.503769,34.646931,1,TBA,227.0,10.0,266.0,0,0,0,0,0,0,0,0
CF,FD04,29.513814,34.698433,0,TBA,218.0,7.6,38.0,3.0,2,4000,0,0,0,0,0,0

APPTR,D04,04,D318L
IF,D318L,29.766769,34.659147, ,0.0,0.0,2,6000,0,0,0,0,0,0
CI,0, ,0.0,138.0,0,0,0,0,0,0,0,0
AF,D227J,29.503769,34.646931,1,TBA,227.0,10.0,318.0,0,0,0,0,0,0,0,0
CF,FD04,29.513814,34.698433,0,TBA,218.0,7.6,38.0,3.0,2,4000,0,0,0,0,0,0

APPTR,D04,04,TBA
IF,TBA,29.606722,34.797444, ,0.0,0.0,2,5000,0,0,0,0,0,0
CF,D218I,29.496692,34.680214,0,TBA,218.0,9.0,218.0,9.0,2,4000,0,0,0,0,0,0
FC,D218I,29.496692,34.680214,0,TBA,0.0,0.0,263.0,4.4,0,0,0,0,0,0,0,1
CF,FD04,29.513814,34.698433,1,TBA,218.0,7.6,38.0,6.0,2,4000,0,0,0,0,0,0

FINAL,D04,04,D,3
IF,FD04,29.513814,34.698433,TBA,218.0,7.6,2,4000,0,0,0,0,2,0
CF,60VOR,29.533381,34.719261,0,TBA,218.0,6.0,38.0,1.6,2,3480,0,0,0,0,0,0
CF,RW04,29.574461,34.764400,0,TBA,216.8,2.6,38.0,3.4,1,2503,0,0,0,0,3,0
CF,TBA,29.606722,34.797444,0,TBA,0.0,0.0,38.0,2.6,0,0,0,0,0,0,0,0
FA,TBA,29.606722,34.797444,0,TBA,0.0,0.0,38.0,2,3500,0,0,0,0,0,0
DF,TBA,29.606722,34.797444,1, ,0.0,0.0,1,4000,0,0,0,0,0,0
HM,TBA,29.606722,34.797444,1, ,0.0,0.0,24.0,04.3,0,0,0,0,0,0,0,0,0

APPTR,I04,04,D266L
IF,D266L,29.610022,34.568033, ,0.0,0.0,2,6000,0,0,0,0,0,0
CI,0, ,0.0,86.0,0,0,0,0,0,0,0,0
AF,D228J,29.506081,34.644897,1,TBA,228.0,10.0,266.0,0,0,0,0,0,0,0,1
CF,CI04,29.490636,34.678603,0,ITBA,216.9,9.1,37.0,1.0,2,4000,0,0,0,0,0,0

APPTR,I04,04,D318L
IF,D318L,29.766769,34.659147, ,0.0,0.0,2,6000,0,0,0,0,0,0
CI,0, ,0.0,138.0,0,0,0,0,0,0,0,0
AF,D228J,29.506081,34.644897,1,TBA,228.0,10.0,318.0,0,0,0,0,0,0,0,1
CF,CI04,29.490636,34.678603,0,ITBA,216.9,9.1,37.0,1.0,2,4000,0,0,0,0,0,0

APPTR,I04,04,TBA
IF,TBA,29.606722,34.797444, ,0.0,0.0,2,5500,0,0,0,0,0,0
FD,TBA,29.606722,34.797444,0,TBA,0.0,7.5,217.0,7.5,2,4500,0,0,0,0,0,0
CF,D217I,29.494922,34.682428,0,TBA,217.0,9.0,217.0,1.5,0,0,0,0,0,0,0,0
FC,D217I,29.494922,34.682428,0,TBA,0.0,0.0,262.0,4.4,0,0,0,0,0,0,0,1
CF,CI04,29.490636,34.678603,1,ITBA,216.9,9.1,37.0,5.0,2,4000,0,0,0,0,0,0

FINAL,I04,04,I,3
IF,CI04,29.490636,34.678603,ITBA,216.9,9.1,2,4000,0,0,0,0,0,0
CF,FI04,29.515542,34.704072,0,ITBA,216.9,7.1,37.0,2.0,1,4000,0,0,0,0,2,0
CF,RW04,29.574461,34.764400,0,ITBA,216.9,2.3,37.0,4.7,1,2503,0,0,0,0,3,0
CF,TBA,29.606722,34.797444,0,TBA,0.0,0.0,37.0,2.6,0,0,0,0,0,0,0,0
FA,TBA,29.606722,34.797444,0,TBA,0.0,0.0,37.0,2,3500,0,0,0,0,0,0
DF,TBA,29.606722,34.797444,1, ,0.0,0.0,1,5500,0,0,0,0,0,0
HM,TBA,29.606722,34.797444,1, ,0.0,0.0,24.0,04.3,2,5500,0,0,0,0,0,0,0

APPTR,R04,04,TB514
IF,TB514,29.543333,34.476389, ,0.0,0.0,1,8000,0,1,180,0,1,0
TF,TB516,29.432222,34.619167,0, ,0.0,0.0,0.0,0.0,1,5500,0,0,0,0,1,0

APPTR,R04,04,TB515
IF,TB515,29.266389,34.596944, ,0.0,0.0,1,8000,0,1,180,0,1,0
TF,TB516,29.432222,34.619167,0, ,0.0,0.0,0.0,0.0,1,5500,0,0,0,0,1,0

FINAL,R04,04,R,3
IF,TB516,29.432222,34.619167, ,0.0,0.0,1,5500,0,0,0,0,0,0
TF,TB517,29.496111,34.684167,0, ,0.0,0.0,37.0,5.1,1,4500,0,0,0,0,2,0
TF,TB518,29.574444,34.764444,0, ,0.0,0.0,37.0,6.3,1,2507,0,0,0,0,3,1
CA,0,37.0,2,3200,0,0,0,0,0,0

APPTR,R22,22,TB513
IF,TB513,29.805278,34.622222, ,0.0,0.0,1,8000,0,1,180,0,1,0
TF,TB523,29.747778,34.796389,0, ,0.0,0.0,0.0,0.0,1,4500,0,1,170,0,1,0

FINAL,R22,22,R,3
IF,TB523,29.747778,34.796389, ,0.0,0.0,1,4500,0,1,170,0,0,0
TF,TB524,29.659444,34.829722,0, ,0.0,0.0,157.0,5.6,1,3500,0,1,150,0,2,0
TF,TB525,29.610833,34.801667,0, ,0.0,0.0,202.0,3.3,1,2649,0,0,0,0,3,1
CA,0,202.0,2,3500,0,0,0,0,0,0

