APPTR,R28,28,EXIHO
HF,EXIHO,48.246508,-102.159664,2, ,0.0,0.0,281.0,05,2,4300,0,0,0,0,1,0,0

APPTR,R28,28,ISROQ
IF,ISROQ,48.325711,-102.121117, ,0.0,0.0,0,0,0,0,0,0,1,0
TF,EXIHO,48.246508,-102.159664,0, ,0.0,0.0,0.0,0.0,2,4300,0,0,0,0,1,0

APPTR,R28,28,ULMUW
IF,ULMUW,48.167289,-102.198092, ,0.0,0.0,0,0,0,0,0,0,1,0
TF,EXIHO,48.246508,-102.159664,0, ,0.0,0.0,0.0,0.0,2,4300,0,0,0,0,1,0

FINAL,R28,28,R,4
IF,EXIHO,48.246508,-102.159664, ,0.0,0.0,2,4300,0,0,0,0,0,0
TF,OZRAJ,48.275494,-102.293808,0, ,0.0,0.0,281.0,5.7,2,3700,0,0,0,0,2,0
TF,ZEKAV,48.288194,-102.350233,0, ,0.0,0.0,282.0,2.4,2,2940,0,0,0,0,0,0
TF,RW28,48.299181,-102.399161,0, ,0.0,0.0,282.0,2.1,1,2281,0,0,0,0,3,1
CA,0,282.0,2,2580,0,0,0,0,0,0
DF,EWXUR,48.354461,-102.653083,0, ,0.0,0.0,2,5000,0,0,0,0,0,1
HM,EWXUR,48.354461,-102.653083,2, ,0.0,0.0,102.0,05,2,5000,0,0,0,0,0,0,0

