STAR,GULLI3,BVO,1
IF,BVO,36.834336,-96.018431, ,0.0,0.0,0,0,0,0,0,0,0,0
TF,SEGLR,36.166722,-97.032894,0, ,0.0,0.0,0.0,0.0,0,0,0,0,0,0,0,0
TF,GULLI,36.011950,-97.144342,0, ,0.0,0.0,0.0,0.0,2,4000,0,0,0,0,0,0

STAR,GULLI3,PER,1
IF,PER,36.746531,-97.160156, ,0.0,0.0,0,0,0,0,0,0,0,0
TF,GULLI,36.011950,-97.144342,0, ,0.0,0.0,0.0,0.0,2,6000,0,0,0,0,0,0

STAR,GULLI3,TUL,1
IF,TUL,36.196253,-95.788092, ,0.0,0.0,0,0,0,0,0,0,0,0
TF,GULLI,36.011950,-97.144342,0, ,0.0,0.0,0.0,0.0,2,6000,0,0,0,0,0,0

STAR,GULLI3,13,3
IF,GULLI,36.011950,-97.144342, ,0.0,0.0,0,0,0,0,0,0,0,0
VM,35.155067,-97.470394,0,215.0,0,0,0,0,0,0,0,0

STAR,GULLI3,17,3
IF,GULLI,36.011950,-97.144342, ,0.0,0.0,0,0,0,0,0,0,0,0
VM,35.155067,-97.470394,0,215.0,0,0,0,0,0,0,0,0

STAR,GULLI3,31,3
IF,GULLI,36.011950,-97.144342, ,0.0,0.0,0,0,0,0,0,0,0,0
TF,OVAYE,35.548114,-97.475294,0, ,0.0,0.0,0.0,0.0,2,4000,0,0,0,0,0,0
VM,35.155067,-97.470394,0,175.0,0,0,0,0,0,0,0,0

STAR,GULLI3,35,3
IF,GULLI,36.011950,-97.144342, ,0.0,0.0,0,0,0,0,0,0,0,0
TF,OVAYE,35.548114,-97.475294,0, ,0.0,0.0,0.0,0.0,2,4000,0,0,0,0,0,0
VM,35.155067,-97.470394,0,175.0,0,0,0,0,0,0,0,0

APPTR,R31,31,ERADE
IF,ERADE,35.086961,-97.254375, ,0.0,0.0,2,2800,0,0,0,0,1,0
TF,HAKAR,35.030069,-97.328653,0, ,0.0,0.0,0.0,0.0,2,2800,0,0,0,0,1,0

APPTR,R31,31,FEPLO
IF,FEPLO,34.973133,-97.402828, ,0.0,0.0,2,2800,0,0,0,0,1,0
TF,HAKAR,35.030069,-97.328653,0, ,0.0,0.0,0.0,0.0,2,2800,0,0,0,0,1,0

APPTR,R31,31,HAKAR
HF,HAKAR,35.030069,-97.328653,2, ,0.0,0.0,311.0,04,2,2800,0,0,0,0,1,0,0

FINAL,R31,31,R,3
IF,HAKAR,35.030069,-97.328653, ,0.0,0.0,2,2800,0,0,0,0,0,0
TF,GOLGY,35.091167,-97.397969,0, ,0.0,0.0,311.0,5.0,2,2800,0,0,0,0,2,0
TF,RW31,35.151731,-97.466833,0, ,0.0,0.0,311.0,5.0,1,1197,0,0,0,0,3,0
CA,0,311.0,2,1568,0,0,0,0,0,0
DF,CAPLI,35.230903,-97.557053,0, ,0.0,0.0,2,3100,0,0,0,0,0,0
HM,CAPLI,35.230903,-97.557053,2, ,0.0,0.0,131.0,04,0,0,0,0,0,0,0,0,0

