APPTR,V03-A,03,CXR
PI,CXR,41.516928,-81.163186,1,CXR,220.0,10.0,175,5.0,2,3100,0,0,0,0,1,0
CF,CXR,41.516928,-81.163186,0,CXR,0.0,0.0,355.0,8.0,2,3100,0,0,0,0,0,0

FINAL,V03-A,03,D,4
IF,CXR,41.516928,-81.163186,CXR,0.0,0.0,2,3100,0,0,0,0,0,0
CF,TOMTA,41.599114,-81.181772,0,CXR,355.4,5.0,355.0,5.0,2,2400,0,0,0,0,2,0
CF,70VOR,41.632006,-81.189206,0,CXR,355.4,7.0,355.0,2.0,2,1740,0,0,0,0,0,0
CF,MAJWE,41.664547,-81.196581,0,CXR,355.4,9.0,355.0,2.0,1,1700,0,0,0,0,3,1
DF,CXR,41.516928,-81.163186,2, ,0.0,0.0,2,3000,0,0,0,0,0,0
HM,CXR,41.516928,-81.163186,1, ,0.0,0.0,355.0,04.3,0,0,0,0,0,0,0,0,0

APPTR,V21-A,21,CXR
PI,CXR,41.516928,-81.163186,1,CXR,220.0,10.0,175,5.0,2,3100,0,0,0,0,1,0
CF,CXR,41.516928,-81.163186,0,CXR,0.0,0.0,355.0,8.0,2,3100,0,0,0,0,0,0

FINAL,V21-A,21,D,4
IF,CXR,41.516928,-81.163186,CXR,0.0,0.0,2,3100,0,0,0,0,0,0
CF,TOMTA,41.599114,-81.181772,0,CXR,355.4,5.0,355.0,5.0,2,2400,0,0,0,0,2,0
CF,70VOR,41.632006,-81.189206,0,CXR,355.4,7.0,355.0,2.0,2,1740,0,0,0,0,0,0
CF,MAJWE,41.664547,-81.196581,0,CXR,355.4,9.0,355.0,2.0,1,1700,0,0,0,0,3,1
DF,CXR,41.516928,-81.163186,2, ,0.0,0.0,2,3000,0,0,0,0,0,0
HM,CXR,41.516928,-81.163186,1, ,0.0,0.0,355.0,04.3,0,0,0,0,0,0,0,0,0

