APPTR,R05,05,WOTLI
IF,WOTLI,34.449861,-81.712619, ,0.0,0.0,2,3500,0,0,0,0,1,0
TF,ZONLU,34.547669,-81.822475,0, ,0.0,0.0,0.0,0.0,2,3500,0,0,0,0,1,0

APPTR,R05,05,YUNUC
IF,YUNUC,34.645375,-81.932589, ,0.0,0.0,2,3500,0,0,0,0,1,0
TF,ZONLU,34.547669,-81.822475,0, ,0.0,0.0,0.0,0.0,2,3500,0,0,0,0,1,0

APPTR,R05,05,ZONLU
HF,ZONLU,34.547669,-81.822475,2, ,0.0,0.0,53.0,04,2,3500,0,0,0,0,1,0,0

FINAL,R05,05,R,3
IF,ZONLU,34.547669,-81.822475, ,0.0,0.0,2,3500,0,0,0,0,0,0
TF,WIVDI,34.637814,-81.705239,0, ,0.0,0.0,53.0,7.9,2,1900,0,0,0,0,2,0
TF,RW05,34.683675,-81.645444,0, ,0.0,0.0,53.0,4.0,1,613,0,0,0,0,3,1
CA,0,53.0,2,1010,0,0,0,0,0,0
DF,ZONLU,34.547669,-81.822475,1, ,0.0,0.0,2,3500,0,0,0,0,0,1
HM,ZONLU,34.547669,-81.822475,2, ,0.0,0.0,53.0,04,0,0,0,0,0,0,0,0,0

APPTR,R23,23,BUILD
IF,BUILD,34.819575,-81.765961, ,0.0,0.0,0,0,0,0,0,0,0,0
TF,JIMOM,34.923083,-81.570525,0, ,0.0,0.0,0.0,0.0,2,3500,0,0,0,0,1,0
TF,TUCOP,34.825064,-81.460461,0, ,0.0,0.0,0.0,0.0,2,3500,0,0,0,0,1,0

APPTR,R23,23,WILLS
IF,WILLS,34.495411,-81.523964, ,0.0,0.0,0,0,0,0,0,0,0,0
TF,JUKAK,34.726942,-81.350658,0, ,0.0,0.0,0.0,0.0,2,3500,0,0,0,0,1,0
TF,TUCOP,34.825064,-81.460461,0, ,0.0,0.0,0.0,0.0,2,3500,0,0,0,0,1,0

FINAL,R23,23,R,4
IF,TUCOP,34.825064,-81.460461, ,0.0,0.0,2,3500,0,0,0,0,0,0
TF,FIVPI,34.734842,-81.578617,0, ,0.0,0.0,233.0,8.0,2,1900,0,0,0,0,2,0
TF,WUBOL,34.717475,-81.601314,0, ,0.0,0.0,233.0,1.5,2,1400,0,0,0,0,0,0
TF,RW23,34.690231,-81.636889,0, ,0.0,0.0,233.0,2.4,1,650,0,0,0,0,3,1
DF,ZONLU,34.547669,-81.822475,0, ,0.0,0.0,2,3500,0,0,0,0,0,1
HM,ZONLU,34.547669,-81.822475,2, ,0.0,0.0,53.0,04,0,0,0,0,0,0,0,0,0

