APPTR,R08,08,KRENA
IF,KRENA,42.374881,-88.499456, ,0.0,0.0,0,0,0,0,0,0,0,0
TF,TONIC,42.176031,-88.549136,0, ,0.0,0.0,0.0,0.0,2,2600,0,0,0,0,0,0
HF,TONIC,42.176031,-88.549136,2, ,0.0,0.0,82.0,06,2,2500,0,0,0,0,1,0,0

APPTR,R08,08,NUELG
IF,NUELG,41.984972,-88.655975, ,0.0,0.0,0,0,0,0,0,0,1,0
TF,TONIC,42.176031,-88.549136,0, ,0.0,0.0,0.0,0.0,2,2500,0,0,0,0,1,0

FINAL,R08,08,R,4
IF,TONIC,42.176031,-88.549136, ,0.0,0.0,2,2500,0,0,0,0,0,0
TF,CRYSL,42.191397,-88.436686,0, ,0.0,0.0,82.0,5.1,2,2500,0,0,0,0,2,0
TF,ZINUG,42.200683,-88.368303,0, ,0.0,0.0,82.0,3.1,2,1500,0,0,0,0,0,0
TF,RW08,42.206056,-88.328589,0, ,0.0,0.0,82.0,1.8,1,925,0,0,0,0,3,0
CA,0,82.0,2,1287,0,0,0,0,0,0
DF,EHUHY,42.237128,-88.096728,0, ,0.0,0.0,2,2500,0,0,0,0,0,1
HM,EHUHY,42.237128,-88.096728,2, ,0.0,0.0,262.0,04,0,0,0,0,0,0,0,0,0

APPTR,R26,26,GRIFT
IF,GRIFT,42.291150,-88.894839, ,0.0,0.0,0,0,0,0,0,0,0,0
TF,EHUHY,42.237128,-88.096728,0, ,0.0,0.0,0.0,0.0,2,2600,0,0,0,0,0,0
HF,EHUHY,42.237128,-88.096728,2, ,0.0,0.0,262.0,04,2,2500,0,0,0,0,1,0,0

APPTR,R26,26,KRENA
IF,KRENA,42.374881,-88.499456, ,0.0,0.0,0,0,0,0,0,0,0,0
TF,IJBIJ,42.319186,-88.116506,0, ,0.0,0.0,0.0,0.0,2,2500,0,0,0,0,1,0
TF,EHUHY,42.237128,-88.096728,0, ,0.0,0.0,0.0,0.0,2,2500,0,0,0,0,0,0

FINAL,R26,26,R,3
IF,EHUHY,42.237128,-88.096728, ,0.0,0.0,2,2500,0,0,0,0,0,0
TF,UBHOD,42.221594,-88.213094,0, ,0.0,0.0,262.0,5.3,2,2400,0,0,0,0,2,0
TF,RW26,42.207553,-88.317483,0, ,0.0,0.0,262.0,4.7,1,925,0,0,0,0,3,0
CA,0,262.0,2,1800,0,0,0,0,0,0
DF,EHUHY,42.237128,-88.096728,2, ,0.0,0.0,2,2500,0,0,0,0,0,0
HM,EHUHY,42.237128,-88.096728,2, ,0.0,0.0,262.0,04,0,0,0,0,0,0,0,0,0

APPTR,S26,26,OBK
IF,OBK,42.221378,-87.951669, ,0.0,0.0,2,2400,0,0,0,0,1,0
TF,LEGON,42.217331,-88.063819,0, ,0.0,0.0,0.0,0.0,2,2400,0,0,0,0,1,0

FINAL,S26,26,D,3
IF,LEGON,42.217331,-88.063819,OBK,269.2,5.0,2,2400,0,0,0,0,0,0
CF,HZLET,42.211694,-88.211658,0,OBK,269.2,11.6,269.0,6.6,2,2400,0,0,0,0,2,0
CF,RW26,42.207553,-88.317483,0,OBK,268.7,16.3,269.0,4.7,1,925,0,0,0,0,3,0
CA,0,269.0,2,1900,0,0,0,0,0,0
VI,2, ,0.0,130.0,0,0,0,0,0,0,0,0
CF,HZLET,42.211694,-88.211658,0,OBK,269.2,11.6,89.0,3.0,2,2500,0,0,0,0,0,0
HM,HZLET,42.211694,-88.211658,2, ,0.0,0.0,269.0,04.3,0,0,0,0,0,0,0,0,0

