APPTR,R10,10,MAFLY
HF,MAFLY,34.043633,-85.391919,2, ,0.0,0.0,102.0,04,2,3700,0,0,0,0,1,0,0

FINAL,R10,10,R,4
IF,MAFLY,34.043633,-85.391919, ,0.0,0.0,2,3700,0,0,0,0,0,0
TF,ANTIY,34.030147,-85.258531,0, ,0.0,0.0,102.0,6.7,2,2700,0,0,0,0,2,0
TF,JEKAG,34.023250,-85.190858,0, ,0.0,0.0,102.0,3.4,2,1600,0,0,0,0,0,0
TF,RW10,34.019378,-85.153044,0, ,0.0,0.0,102.0,1.9,1,1012,0,0,0,0,3,1
CA,0,102.0,2,1600,0,0,0,0,0,0
DF,MAFLY,34.043633,-85.391919,2, ,0.0,0.0,2,3700,0,0,0,0,0,1
HM,MAFLY,34.043633,-85.391919,2, ,0.0,0.0,102.0,04,0,0,0,0,0,0,0,0,0

APPTR,R28,28,GUSSY
HF,GUSSY,33.993572,-84.903936,2, ,0.0,0.0,282.0,04,2,3100,0,0,0,0,1,0,0

FINAL,R28,28,R,4
IF,GUSSY,33.993572,-84.903936, ,0.0,0.0,2,3100,0,0,0,0,0,0
TF,ANTOW,34.007239,-85.035225,0, ,0.0,0.0,282.0,6.6,2,2600,0,0,0,0,2,0
TF,ZIRIX,34.012764,-85.088717,0, ,0.0,0.0,282.0,2.7,2,1740,0,0,0,0,0,0
TF,RW28,34.017678,-85.136472,0, ,0.0,0.0,282.0,2.4,1,995,0,0,0,0,3,1
CA,0,282.0,2,1500,0,0,0,0,0,0
DF,GUSSY,33.993572,-84.903936,1, ,0.0,0.0,2,3100,0,0,0,0,0,1
HM,GUSSY,33.993572,-84.903936,2, ,0.0,0.0,282.0,04,0,0,0,0,0,0,0,0,0

