APPTR,R36,36,GIRDE
HF,GIRDE,40.543981,-92.425953,1, ,0.0,0.0,357.0,04,2,3000,0,0,0,0,1,0,0

APPTR,R36,36,HANER
IF,HANER,40.543144,-92.535258, ,0.0,0.0,2,3000,0,0,0,0,1,0
TF,GIRDE,40.543981,-92.425953,0, ,0.0,0.0,0.0,0.0,2,3000,0,0,0,0,1,0

APPTR,R36,36,JALMU
IF,JALMU,40.544717,-92.316644, ,0.0,0.0,2,3000,0,0,0,0,1,0
TF,GIRDE,40.543981,-92.425953,0, ,0.0,0.0,0.0,0.0,2,3000,0,0,0,0,1,0

FINAL,R36,36,R,3
IF,GIRDE,40.543981,-92.425953, ,0.0,0.0,2,3000,0,0,0,0,0,0
TF,FILIG,40.639875,-92.427136,0, ,0.0,0.0,357.0,5.8,2,2600,0,0,0,0,2,0
TF,RW36,40.727428,-92.428219,0, ,0.0,0.0,357.0,5.3,1,928,0,0,0,0,3,0
CA,0,357.0,2,2000,0,0,0,0,0,0
DF,GIRDE,40.543981,-92.425953,1, ,0.0,0.0,2,3000,0,0,0,0,0,0
HM,GIRDE,40.543981,-92.425953,1, ,0.0,0.0,357.0,04,0,0,0,0,0,0,0,0,0

