APPTR,R17,17,ELECT
IF,ELECT,33.931147,-99.082967, ,0.0,0.0,0,0,0,0,0,0,1,0
TF,ALNUT,33.821386,-99.261306,0, ,0.0,0.0,0.0,0.0,2,3000,0,0,0,0,0,0

APPTR,R17,17,SNEED
IF,SNEED,33.902367,-99.327414, ,0.0,0.0,0,0,0,0,0,0,1,0
TF,ALNUT,33.821386,-99.261306,0, ,0.0,0.0,0.0,0.0,2,3000,0,0,0,0,0,0

FINAL,R17,17,R,10
IF,ALNUT,33.821386,-99.261306, ,0.0,0.0,2,3000,0,0,0,0,0,0
TF,TOKEN,33.737903,-99.261306,0, ,0.0,0.0,173.0,5.0,2,2900,0,0,0,0,2,0
TF,RW17,33.654422,-99.261306,0, ,0.0,0.0,173.0,5.0,1,1384,0,0,0,0,3,1
CA,0,173.0,2,1700,0,0,0,0,0,0
DF,ELLEN,33.487442,-99.261306,0, ,0.0,0.0,2,3000,0,0,0,0,0,1
HM,ELLEN,33.487442,-99.261306,2, ,0.0,0.0,353.0,06,0,0,0,0,0,0,0,0,0
IF,HOXID,30.547903,-96.122333, ,0.0,0.0,2,2000,0,0,0,0,0,0
TF,JOVPA,30.464447,-96.118000,0, ,0.0,0.0,174.0,5.0,2,2000,0,0,0,0,2,0
TF,OLNAJ,30.415728,-96.115475,0, ,0.0,0.0,174.0,2.9,2,1060,0,0,0,0,0,0
TF,RW17,30.374006,-96.113314,0, ,0.0,0.0,174.0,2.5,1,274,0,0,0,0,3,1
CA,0,174.0,2,529,0,0,0,0,0,0
DF,ZUGUK,30.151144,-96.101803,0, ,0.0,0.0,2,3000,0,0,0,0,0,1
HM,ZUGUK,30.151144,-96.101803,2, ,0.0,0.0,354.0,04,0,0,0,0,0,0,0,0,0

