APPTR,R02,02,LETBE
HF,LETBE,34.511289,-85.366056,2, ,0.0,0.0,22.0,04,2,3700,0,0,0,0,1,0,0

FINAL,R02,02,R,3
IF,LETBE,34.511289,-85.366056, ,0.0,0.0,2,3700,0,0,0,0,0,0
TF,PIKIE,34.595367,-85.330164,0, ,0.0,0.0,22.0,5.3,2,3000,0,0,0,0,2,0
TF,RW02,34.681558,-85.293286,0, ,0.0,0.0,22.0,5.5,1,810,0,0,0,0,3,1
CA,0,22.0,2,1176,0,0,0,0,0,0
DF,LETBE,34.511289,-85.366056,2, ,0.0,0.0,2,3700,0,0,0,0,0,1
HM,LETBE,34.511289,-85.366056,2, ,0.0,0.0,22.0,04,2,3700,0,0,0,0,0,0,0

APPTR,R20,20,OKTEE
HF,OKTEE,34.868989,-85.212803,2, ,0.0,0.0,203.0,04,2,4000,0,0,0,0,1,0,0

FINAL,R20,20,R,3
IF,OKTEE,34.868989,-85.212803, ,0.0,0.0,2,4000,0,0,0,0,0,0
TF,WESOR,34.784025,-85.249336,0, ,0.0,0.0,203.0,5.4,2,3100,0,0,0,0,2,0
TF,RW20,34.694253,-85.287847,0, ,0.0,0.0,203.0,5.7,1,828,0,0,0,0,3,1
CA,0,203.0,2,1176,0,0,0,0,0,0
DF,LETBE,34.511289,-85.366056,0, ,0.0,0.0,2,3700,0,0,0,0,0,1
HM,LETBE,34.511289,-85.366056,2, ,0.0,0.0,22.0,04,0,0,0,0,0,0,0,0,0

