SID,LIZRD5,01L,1
VA,0,6.0,2,440,0,0,0,0,0,0
DF,SGD,38.179361,-122.373153,1, ,0.0,0.0,0,0,0,0,0,0,0,0
TF,LIZRD,38.058806,-122.262408,0, ,0.0,0.0,0.0,0.0,2,3200,0,0,0,0,0,0

SID,LIZRD5,01R,1
VA,0,6.0,2,440,0,0,0,0,0,0
DF,SGD,38.179361,-122.373153,1, ,0.0,0.0,0,0,0,0,0,0,0,0
TF,LIZRD,38.058806,-122.262408,0, ,0.0,0.0,0.0,0.0,2,3200,0,0,0,0,0,0

SID,LIZRD5,19L,1
VA,0,186.0,2,440,0,0,0,0,0,0
VI,0, ,0.0,180.0,0,0,0,0,0,0,0,0
CF,LIZRD,38.058806,-122.262408,0,SGD,127.0,8.9,127.0,5.0,2,3200,0,0,0,0,0,0

SID,LIZRD5,19R,1
VA,0,186.0,2,440,0,0,0,0,0,0
VI,0, ,0.0,180.0,0,0,0,0,0,0,0,0
CF,LIZRD,38.058806,-122.262408,0,SGD,127.0,8.9,127.0,5.0,2,3200,0,0,0,0,0,0

SID,LIZRD5,24,1
VA,0,242.0,2,440,0,0,0,0,0,0
VI,0, ,0.0,180.0,0,0,0,0,0,0,0,0
CF,LIZRD,38.058806,-122.262408,0,SGD,127.0,8.9,127.0,6.0,2,3200,0,0,0,0,0,0

SID,LIZRD5,CROIT,3
IF,LIZRD,38.058806,-122.262408, ,0.0,0.0,2,3200,0,0,0,0,0,0
TF,CROIT,38.056222,-122.194375,0, ,0.0,0.0,0.0,0.0,0,0,0,0,0,0,0,0

SID,LIZRD5,OAK,3
IF,LIZRD,38.058806,-122.262408, ,0.0,0.0,2,3200,0,0,0,0,0,0
TF,SABLO,37.990839,-122.200181,0, ,0.0,0.0,0.0,0.0,0,0,0,0,0,0,0,0
TF,OAK,37.725925,-122.223592,0, ,0.0,0.0,0.0,0.0,0,0,0,0,0,0,0,0

SID,LIZRD5,PYE,3
IF,LIZRD,38.058806,-122.262408, ,0.0,0.0,2,3200,0,0,0,0,0,0
TF,LAKCI,38.070431,-122.586994,0, ,0.0,0.0,0.0,0.0,0,0,0,0,0,0,0,0
TF,PYE,38.079756,-122.867828,0, ,0.0,0.0,0.0,0.0,0,0,0,0,0,0,0,0

SID,NAPAA4,01L,1
CA,0,6.0,2,440,0,0,0,0,0,0
DF,SGD,38.179361,-122.373153,1, ,0.0,0.0,0,0,0,0,0,0,0,0

SID,NAPAA4,01R,1
CA,0,6.0,2,440,0,0,0,0,0,0
DF,SGD,38.179361,-122.373153,1, ,0.0,0.0,0,0,0,0,0,0,0,0

SID,NAPAA4,06,1
CA,0,62.0,2,700,0,0,0,0,0,0
DF,SGD,38.179361,-122.373153,2, ,0.0,0.0,0,0,0,0,0,0,0,0

SID,NAPAA4,19L,1
CA,0,186.0,2,440,0,0,0,0,0,0
DF,SGD,38.179361,-122.373153,0, ,0.0,0.0,0,0,0,0,0,0,0,0

SID,NAPAA4,19R,1
CA,0,186.0,2,440,0,0,0,0,0,0
DF,SGD,38.179361,-122.373153,0, ,0.0,0.0,0,0,0,0,0,0,0,0

SID,NAPAA4,24,1
CA,0,242.0,2,440,0,0,0,0,0,0
DF,SGD,38.179361,-122.373153,0, ,0.0,0.0,0,0,0,0,0,0,0,0

SID,OZIEE4,01L,4
VI,0, ,0.0,6.0,0,0,0,0,0,0,0,0
CF,FIRTO,38.313583,-122.406700,0,CZQ,290.5,150.3,290.0,7.8,2,2700,0,0,0,0,0,0

SID,OZIEE4,01R,4
VI,0, ,0.0,6.0,0,0,0,0,0,0,0,0
CF,FIRTO,38.313583,-122.406700,0,CZQ,290.5,150.3,291.0,8.0,2,2700,0,0,0,0,0,0

SID,OZIEE4,19L,4
VI,0, ,0.0,186.0,0,0,0,0,0,0,0,0
CF,KLARK,38.216692,-122.399572,0,CZQ,288.7,146.9,269.0,5.4,0,0,0,0,0,0,0,0
TF,FIRTO,38.313583,-122.406700,0, ,0.0,0.0,0.0,0.0,2,2700,0,0,0,0,0,0

SID,OZIEE4,19R,4
VI,0, ,0.0,186.0,0,0,0,0,0,0,0,0
CF,KLARK,38.216692,-122.399572,0,CZQ,288.7,146.9,272.0,5.3,0,0,0,0,0,0,0,0
TF,FIRTO,38.313583,-122.406700,0, ,0.0,0.0,0.0,0.0,2,2700,0,0,0,0,0,0

SID,OZIEE4,24,4
VI,0, ,0.0,242.0,0,0,0,0,0,0,0,0
CF,KLARK,38.216692,-122.399572,0,CZQ,288.7,146.9,265.0,4.3,0,0,0,0,0,0,0,0
TF,FIRTO,38.313583,-122.406700,0, ,0.0,0.0,0.0,0.0,2,2700,0,0,0,0,0,0

SID,OZIEE4,ALL,5
IF,FIRTO,38.313583,-122.406700, ,0.0,0.0,2,2700,0,0,0,0,0,0
TF,OZIEE,38.492222,-122.386389,0, ,0.0,0.0,0.0,0.0,2,6000,0,0,0,0,0,0

SID,OZIEE4,FMG,6
IF,OZIEE,38.492222,-122.386389, ,0.0,0.0,2,6000,0,0,0,0,0,0
TF,WAVED,38.535156,-122.277719,0, ,0.0,0.0,0.0,0.0,0,0,0,0,0,0,0,0
TF,FMG,39.531278,-119.656075,0, ,0.0,0.0,0.0,0.0,0,0,0,0,0,0,0,0

SID,OZIEE4,INSLO,6
IF,OZIEE,38.492222,-122.386389, ,0.0,0.0,2,6000,0,0,0,0,0,0
TF,WAVED,38.535156,-122.277719,0, ,0.0,0.0,0.0,0.0,0,0,0,0,0,0,0,0
TF,INSLO,38.679139,-117.298111,0, ,0.0,0.0,0.0,0.0,0,0,0,0,0,0,0,0

SID,OZIEE4,JSICA,6
IF,OZIEE,38.492222,-122.386389, ,0.0,0.0,2,6000,0,0,0,0,0,0
TF,WAVED,38.535156,-122.277719,0, ,0.0,0.0,0.0,0.0,0,0,0,0,0,0,0,0
TF,JSICA,38.520517,-117.286817,0, ,0.0,0.0,0.0,0.0,0,0,0,0,0,0,0,0

SID,OZIEE4,OAL,6
IF,OZIEE,38.492222,-122.386389, ,0.0,0.0,2,6000,0,0,0,0,0,0
TF,WAVED,38.535156,-122.277719,0, ,0.0,0.0,0.0,0.0,0,0,0,0,0,0,0,0
TF,SAC,38.443739,-121.551653,0, ,0.0,0.0,0.0,0.0,2,10000,0,0,0,0,0,0
TF,OAL,38.003261,-117.770447,0, ,0.0,0.0,0.0,0.0,0,0,0,0,0,0,0,0

SID,OZIEE4,RBL,6
IF,OZIEE,38.492222,-122.386389, ,0.0,0.0,2,6000,0,0,0,0,0,0
TF,RBL,40.098911,-122.236350,0, ,0.0,0.0,0.0,0.0,0,0,0,0,0,0,0,0

APPTR,I01L,01L,REBAS
IF,REBAS,37.940683,-122.383667, ,0.0,0.0,0,0,0,0,0,0,1,0
VI,0, ,0.0,321.0,0,0,0,0,0,0,0,0
CF,FESAV,38.029125,-122.370878,0,IAPC,185.8,12.5,6.0,3.9,2,2600,0,0,0,0,1,0

APPTR,I01L,01L,SGD
IF,SGD,38.179361,-122.373153, ,0.0,0.0,0,0,0,0,0,0,0,0
TF,FESAV,38.029125,-122.370878,0, ,0.0,0.0,0.0,0.0,2,2600,0,0,0,0,0,0
HF,FESAV,38.029125,-122.370878,2, ,0.0,0.0,6.0,04.3,2,2600,0,0,0,0,1,0,0

FINAL,I01L,01L,I,3
IF,FESAV,38.029125,-122.370878,IAPC,185.8,12.5,2,2600,0,0,0,0,0,0
CF,CIKPI,38.122903,-122.326047,0,IAPC,185.8,6.5,6.0,6.0,1,1800,0,0,0,0,2,0
CF,RW01L,38.207978,-122.285272,0,IAPC,185.8,1.1,6.0,5.5,1,65,0,0,0,0,3,0
CA,0,6.0,2,500,0,0,0,0,0,0
DF,SGD,38.179361,-122.373153,1, ,0.0,0.0,0,0,0,0,0,0,0,0
TF,BURDE,38.105400,-122.593064,0, ,0.0,0.0,0.0,0.0,2,3200,0,0,0,0,0,0
HM,BURDE,38.105400,-122.593064,2, ,0.0,0.0,230.0,04.3,2,3200,0,0,0,0,0,0,0

APPTR,L01LZ,01L,REBAS
IF,REBAS,37.940683,-122.383667, ,0.0,0.0,0,0,0,0,0,0,1,0
VI,0, ,0.0,321.0,0,0,0,0,0,0,0,0
CF,FESAV,38.029125,-122.370878,0,IAPC,185.8,12.5,6.0,3.9,2,2600,0,0,0,0,1,0

APPTR,L01LZ,01L,SGD
IF,SGD,38.179361,-122.373153, ,0.0,0.0,0,0,0,0,0,0,0,0
TF,FESAV,38.029125,-122.370878,0, ,0.0,0.0,0.0,0.0,2,2600,0,0,0,0,0,0
HF,FESAV,38.029125,-122.370878,2, ,0.0,0.0,6.0,04.3,2,2600,0,0,0,0,1,0,0

FINAL,L01LZ,01L,D,4
IF,FESAV,38.029125,-122.370878,IAPC,185.8,12.5,2,2600,0,0,0,0,0,0
CF,CIKPI,38.122903,-122.326047,0,IAPC,185.8,6.5,6.0,6.0,2,1800,0,0,0,0,2,0
CF,ROOSE,38.186756,-122.295453,0,IAPC,185.8,2.4,6.0,4.1,2,500,0,0,0,0,0,0
CF,RW01L,38.207978,-122.285272,0,IAPC,185.8,1.1,6.0,1.4,1,65,0,0,0,0,3,0
CA,0,6.0,2,500,0,0,0,0,0,0
DF,SGD,38.179361,-122.373153,1, ,0.0,0.0,0,0,0,0,0,0,0,0
TF,BURDE,38.105400,-122.593064,0, ,0.0,0.0,0.0,0.0,2,3200,0,0,0,0,0,0
HM,BURDE,38.105400,-122.593064,2, ,0.0,0.0,230.0,04.3,2,3200,0,0,0,0,0,0,0

APPTR,R01LY,01L,HABAP
IF,HABAP,38.294739,-122.525950, ,0.0,0.0,0,0,0,0,0,0,0,0
TF,PEBGE,38.150333,-122.441492,0, ,0.0,0.0,0.0,0.0,2,4000,0,0,0,0,0,0
TF,FESAV,38.029125,-122.370878,0, ,0.0,0.0,0.0,0.0,2,2600,0,0,0,0,0,1
HF,FESAV,38.029125,-122.370878,2, ,0.0,0.0,6.0,04,2,2600,0,0,0,0,1,0,0

APPTR,R01LY,01L,MICRA
IF,MICRA,37.957358,-122.643533, ,0.0,0.0,0,0,0,0,0,0,1,0
TF,ZIRUP,37.992319,-122.510942,0, ,0.0,0.0,0.0,0.0,2,4100,0,0,0,0,0,0
TF,FESAV,38.029125,-122.370878,0, ,0.0,0.0,0.0,0.0,2,2600,0,0,0,0,1,0

APPTR,R01LY,01L,SABLO
IF,SABLO,37.990839,-122.200181, ,0.0,0.0,0,0,0,0,0,0,0,0
TF,FESAV,38.029125,-122.370878,0, ,0.0,0.0,0.0,0.0,2,2900,0,0,0,0,0,1
HF,FESAV,38.029125,-122.370878,2, ,0.0,0.0,6.0,04,2,2600,0,0,0,0,1,0,0

APPTR,R01LY,01L,SAU
IF,SAU,37.855333,-122.522753, ,0.0,0.0,0,0,0,0,0,0,1,0
TF,WEGNA,37.946797,-122.442900,0, ,0.0,0.0,0.0,0.0,2,3200,0,0,0,0,0,0
TF,FESAV,38.029125,-122.370878,0, ,0.0,0.0,0.0,0.0,2,2600,0,0,0,0,1,0

FINAL,R01LY,01L,R,3
IF,FESAV,38.029125,-122.370878, ,0.0,0.0,2,2600,0,0,0,0,0,0
TF,CIKPI,38.122903,-122.326047,0, ,0.0,0.0,6.0,6.0,2,1800,0,0,0,0,2,0
TF,RW01L,38.207978,-122.285272,0, ,0.0,0.0,6.0,5.5,1,65,0,0,0,0,3,1
CA,0,6.0,2,436,0,0,0,0,0,0
DF,CIVDA,38.273506,-122.253794,0, ,0.0,0.0,0,0,0,0,0,0,0,0
TF,POPES,38.485947,-122.345878,0, ,0.0,0.0,0.0,0.0,2,5000,0,0,0,0,0,1
HM,POPES,38.485947,-122.345878,2, ,0.0,0.0,330.0,05,2,5000,0,0,0,0,0,0,0

APPTR,R01LZ,01L,HABAP
IF,HABAP,38.294739,-122.525950, ,0.0,0.0,0,0,0,0,0,0,0,0
TF,PEBGE,38.150333,-122.441492,0, ,0.0,0.0,0.0,0.0,2,4000,0,0,0,0,0,0
TF,FESAV,38.029125,-122.370878,0, ,0.0,0.0,0.0,0.0,2,2600,0,0,0,0,0,1
HF,FESAV,38.029125,-122.370878,2, ,0.0,0.0,6.0,04,2,2600,0,0,0,0,1,0,0

APPTR,R01LZ,01L,MICRA
IF,MICRA,37.957358,-122.643533, ,0.0,0.0,0,0,0,0,0,0,1,0
TF,ZIRUP,37.992319,-122.510942,0, ,0.0,0.0,0.0,0.0,2,4100,0,0,0,0,0,0
TF,FESAV,38.029125,-122.370878,0, ,0.0,0.0,0.0,0.0,2,2600,0,0,0,0,1,0

APPTR,R01LZ,01L,SABLO
IF,SABLO,37.990839,-122.200181, ,0.0,0.0,0,0,0,0,0,0,0,0
TF,FESAV,38.029125,-122.370878,0, ,0.0,0.0,0.0,0.0,2,2900,0,0,0,0,0,1
HF,FESAV,38.029125,-122.370878,2, ,0.0,0.0,6.0,04,2,2600,0,0,0,0,1,0,0

APPTR,R01LZ,01L,SAU
IF,SAU,37.855333,-122.522753, ,0.0,0.0,0,0,0,0,0,0,1,0
TF,WEGNA,37.946797,-122.442900,0, ,0.0,0.0,0.0,0.0,2,3200,0,0,0,0,0,0
TF,FESAV,38.029125,-122.370878,0, ,0.0,0.0,0.0,0.0,2,2600,0,0,0,0,1,0

FINAL,R01LZ,01L,R,3
IF,FESAV,38.029125,-122.370878, ,0.0,0.0,2,2600,0,0,0,0,0,0
TF,CIKPI,38.122903,-122.326047,0, ,0.0,0.0,6.0,6.0,2,1800,0,0,0,0,2,0
TF,RW01L,38.207978,-122.285272,0, ,0.0,0.0,6.0,5.5,1,65,0,0,0,0,3,1
CA,0,6.0,2,217,0,0,0,0,0,0
DF,CIVDA,38.273506,-122.253794,0, ,0.0,0.0,0,0,0,0,0,0,0,0
TF,POPES,38.485947,-122.345878,0, ,0.0,0.0,0.0,0.0,2,5000,0,0,0,0,0,1
HM,POPES,38.485947,-122.345878,2, ,0.0,0.0,330.0,05,2,5000,0,0,0,0,0,0,0

APPTR,R06,06,PYE
IF,PYE,38.079756,-122.867828, ,0.0,0.0,0,0,0,0,0,0,1,0
TF,WHTLE,38.151544,-122.532803,0, ,0.0,0.0,0.0,0.0,2,2800,0,0,0,0,1,0

APPTR,R06,06,ROZZA
IF,ROZZA,38.508183,-122.810614, ,0.0,0.0,0,0,0,0,0,0,1,0
TF,WHTLE,38.151544,-122.532803,0, ,0.0,0.0,0.0,0.0,2,2800,0,0,0,0,1,0

APPTR,R06,06,SAU
IF,SAU,37.855333,-122.522753, ,0.0,0.0,0,0,0,0,0,0,1,0
TF,SIBME,37.984756,-122.527133,0, ,0.0,0.0,0.0,0.0,2,3800,0,0,0,0,0,0
TF,WHTLE,38.151544,-122.532803,0, ,0.0,0.0,0.0,0.0,2,2800,0,0,0,0,1,0

FINAL,R06,06,R,3
IF,WHTLE,38.151544,-122.532803, ,0.0,0.0,2,2800,0,0,0,0,0,0
TF,CEBAN,38.188008,-122.394161,0, ,0.0,0.0,57.0,6.9,2,1700,0,0,0,0,2,0
TF,ZAPIX,38.204417,-122.306186,0, ,0.0,0.0,62.0,4.3,1,339,0,0,0,0,3,1
CA,0,62.0,2,436,0,0,0,0,0,0
DF,POPES,38.485947,-122.345878,1, ,0.0,0.0,2,5000,0,0,0,0,0,1
HM,POPES,38.485947,-122.345878,2, ,0.0,0.0,169.0,05,2,5000,0,0,0,0,0,0,0

APPTR,S06,06,PYE
IF,PYE,38.079756,-122.867828, ,0.0,0.0,0,0,0,0,0,0,1,0
TF,BURDE,38.105400,-122.593064,0, ,0.0,0.0,0.0,0.0,2,4000,0,0,0,0,1,0
TF,JATPO,38.153258,-122.450942,0, ,0.0,0.0,0.0,0.0,2,2600,0,0,0,0,0,0

APPTR,S06,06,SAU
IF,SAU,37.855333,-122.522753, ,0.0,0.0,0,0,0,0,0,0,1,0
TF,BURDE,38.105400,-122.593064,0, ,0.0,0.0,0.0,0.0,2,4000,0,0,0,0,1,0
TF,JATPO,38.153258,-122.450942,0, ,0.0,0.0,0.0,0.0,2,2600,0,0,0,0,0,0

APPTR,S06,06,SGD
PI,SGD,38.179361,-122.373153,2,SGD,185.0,10.0,230,5.0,2,3500,0,0,0,0,1,0
CF,JATPO,38.153258,-122.450942,0,SGD,230.0,4.0,50.0,6.0,2,2600,0,0,0,0,0,0

FINAL,S06,06,D,3
IF,JATPO,38.153258,-122.450942,SGD,230.0,4.0,2,2600,0,0,0,0,0,0
CF,SGD,38.179361,-122.373153,0,SGD,0.0,0.0,50.0,4.0,2,1600,0,0,0,0,2,0
CF,JUNUV,38.203803,-122.300167,0,SGD,50.0,3.8,50.0,3.8,1,281,0,0,0,0,3,0
CA,0,50.0,2,440,0,0,0,0,0,0
VI,1, ,0.0,305.0,0,0,0,0,0,0,0,0
CF,POPES,38.485947,-122.345878,0,SGD,347.0,18.4,347.0,9.0,2,7000,0,0,0,0,0,0
HM,POPES,38.485947,-122.345878,2, ,0.0,0.0,167.0,04.3,2,7000,0,0,0,0,0,0,0

