APPTR,I23,23,SHB
IF,SHB,39.632542,-85.824317, ,0.0,0.0,0,0,0,0,0,0,0,0
TF,CLIFS,39.322167,-85.818544,0, ,0.0,0.0,0.0,0.0,2,2400,0,0,0,0,0,0
PI,CLIFS,39.322167,-85.818544,2,MIE,3.0,10.0,048,5.0,2,2300,0,0,0,0,1,0

FINAL,I23,23,I,3
IF,CFDWH,39.392842,-85.727181,IBAK,48.0,11.9,1,2300,0,0,0,0,0,0
CF,CLIFS,39.322167,-85.818544,0,IBAK,48.1,5.8,228.0,6.0,1,2274,0,0,0,0,2,0
CF,RW23,39.267656,-85.888889,0,IBAK,48.0,1.2,228.0,4.6,1,707,0,0,0,0,3,0
CA,0,228.0,2,1500,0,0,0,0,0,0
DF,CLIFS,39.322167,-85.818544,1, ,0.0,0.0,2,2300,0,0,0,0,0,0
HM,CLIFS,39.322167,-85.818544,2, ,0.0,0.0,228.0,04.3,2,2300,0,0,0,0,0,0,0

APPTR,R05,05,HOUSE
IF,HOUSE,39.044883,-86.193542, ,0.0,0.0,0,0,0,0,0,0,1,0
TF,NASYI,39.087289,-86.032686,0, ,0.0,0.0,0.0,0.0,2,2500,0,0,0,0,1,0

APPTR,R05,05,NASYI
HF,NASYI,39.087289,-86.032686,2, ,0.0,0.0,33.0,05,2,2500,0,0,0,0,1,0,0

APPTR,R05,05,SCARF
IF,SCARF,39.087442,-85.725253, ,0.0,0.0,0,0,0,0,0,0,0,0
TF,LONIY,39.044414,-85.937611,0, ,0.0,0.0,0.0,0.0,2,2500,0,0,0,0,1,0
TF,NASYI,39.087289,-86.032686,0, ,0.0,0.0,0.0,0.0,2,2500,0,0,0,0,1,0

FINAL,R05,05,R,4
IF,NASYI,39.087289,-86.032686, ,0.0,0.0,2,2500,0,0,0,0,0,0
TF,PEKYI,39.176131,-85.966842,0, ,0.0,0.0,33.0,6.2,2,2500,0,0,0,0,2,0
TF,YUPUR,39.213317,-85.939222,0, ,0.0,0.0,33.0,2.6,2,1680,0,0,0,0,0,0
TF,WIGUR,39.249419,-85.912378,0, ,0.0,0.0,33.0,2.5,1,865,0,0,0,0,3,1
CA,0,33.0,2,1056,0,0,0,0,0,0
DF,ODACI,39.285158,-85.885775,0, ,0.0,0.0,0,0,0,0,0,0,0,0
TF,SEVVO,39.398372,-85.720019,0, ,0.0,0.0,0.0,0.0,2,2500,0,0,0,0,0,1
HM,SEVVO,39.398372,-85.720019,2, ,0.0,0.0,228.0,05,0,0,0,0,0,0,0,0,0

APPTR,R14,14,SHB
IF,SHB,39.632542,-85.824317, ,0.0,0.0,0,0,0,0,0,0,1,0
TF,EYUGI,39.489667,-85.957653,0, ,0.0,0.0,0.0,0.0,2,2500,0,0,0,0,1,0

FINAL,R14,14,R,4
IF,EYUGI,39.489667,-85.957653, ,0.0,0.0,2,2500,0,0,0,0,0,0
TF,ILOYU,39.338214,-85.957653,0, ,0.0,0.0,183.0,9.1,2,2300,0,0,0,0,2,0
TF,WORIM,39.317989,-85.942619,0, ,0.0,0.0,153.0,1.4,2,1840,0,0,0,0,0,0
TF,YAYUY,39.273194,-85.909364,0, ,0.0,0.0,153.0,3.1,1,853,0,0,0,0,3,1
CA,0,153.0,2,1040,0,0,0,0,0,0
DF,KUDNE,39.230269,-85.877542,0, ,0.0,0.0,0,0,0,0,0,0,0,0
TF,HUMOX,39.126508,-85.721414,0, ,0.0,0.0,0.0,0.0,2,2500,0,0,0,0,0,1
HM,HUMOX,39.126508,-85.721414,2, ,0.0,0.0,318.0,04,0,0,0,0,0,0,0,0,0

APPTR,R23,23,SEVVO
HF,SEVVO,39.398372,-85.720019,2, ,0.0,0.0,228.0,05,2,2500,0,0,0,0,1,0,0

APPTR,R23,23,SHB
IF,SHB,39.632542,-85.824317, ,0.0,0.0,0,0,0,0,0,0,1,0
TF,SEVVO,39.398372,-85.720019,0, ,0.0,0.0,0.0,0.0,2,2500,0,0,0,0,1,0

FINAL,R23,23,R,4
IF,SEVVO,39.398372,-85.720019, ,0.0,0.0,2,2500,0,0,0,0,0,0
TF,JOMOT,39.326569,-85.812881,0, ,0.0,0.0,228.0,6.1,2,2300,0,0,0,0,2,0
TF,NIJAB,39.296981,-85.851078,0, ,0.0,0.0,228.0,2.5,2,1500,0,0,0,0,0,0
TF,RW23,39.267656,-85.888889,0, ,0.0,0.0,228.0,2.5,1,708,0,0,0,0,3,1
CA,0,228.0,2,1200,0,0,0,0,0,0
DF,SEVVO,39.398372,-85.720019,1, ,0.0,0.0,2,2500,0,0,0,0,0,1
HM,SEVVO,39.398372,-85.720019,2, ,0.0,0.0,228.0,05,0,0,0,0,0,0,0,0,0

APPTR,R32,32,HUMOX
HF,HUMOX,39.126508,-85.721414,2, ,0.0,0.0,318.0,04,2,2500,0,0,0,0,1,0,0

APPTR,R32,32,KAPRE
IF,KAPRE,38.960425,-85.702372, ,0.0,0.0,0,0,0,0,0,0,1,0
TF,HUMOX,39.126508,-85.721414,0, ,0.0,0.0,0.0,0.0,2,2500,0,0,0,0,1,0

APPTR,R32,32,TIYCO
IF,TIYCO,39.202939,-85.622611, ,0.0,0.0,0,0,0,0,0,0,1,0
TF,HUMOX,39.126508,-85.721414,0, ,0.0,0.0,0.0,0.0,2,2500,0,0,0,0,1,0

FINAL,R32,32,R,4
IF,HUMOX,39.126508,-85.721414, ,0.0,0.0,2,2500,0,0,0,0,0,0
TF,LUPIC,39.199042,-85.814206,0, ,0.0,0.0,318.0,6.1,2,2300,0,0,0,0,2,0
TF,ICIDU,39.228258,-85.851667,0, ,0.0,0.0,318.0,2.5,2,1500,0,0,0,0,0,0
TF,RW32,39.257656,-85.889400,0, ,0.0,0.0,318.0,2.5,1,697,0,0,0,0,3,1
CA,0,318.0,2,1300,0,0,0,0,0,0
DF,HUMOX,39.126508,-85.721414,2, ,0.0,0.0,2,2500,0,0,0,0,0,1
HM,HUMOX,39.126508,-85.721414,2, ,0.0,0.0,318.0,04,0,0,0,0,0,0,0,0,0

