APPTR,D04,04,WIKLO
IF,WIKLO,40.547867,-117.183181, ,0.0,0.0,0,0,0,0,0,0,1,0
AF,GRAIG,40.411342,-117.083467,1,BAM,205.0,12.0,251.0,2,8300,0,0,0,0,1,0
CF,ZEPAT,40.516561,-116.976047,0,BAM,205.0,4.0,25.0,8.0,2,6300,0,0,0,0,0,0
CF,BAM,40.569081,-116.922256,0,BAM,0.0,0.0,25.0,4.0,2,5400,0,0,0,0,0,0

FINAL,D04,04,D,2
IF,BAM,40.569081,-116.922256,BAM,0.0,0.0,2,5400,0,0,0,0,2,0
CF,HUGVU,40.586094,-116.896644,0,BAM,35.9,1.6,36.0,1.6,1,4843,0,0,0,0,3,0
CF,RITYO,40.620006,-116.845528,0,BAM,35.9,4.7,36.0,3.1,0,0,0,0,0,0,0,1
DF,BAM,40.569081,-116.922256,1, ,0.0,0.0,0,0,0,0,0,0,0,0
TF,FESUD,40.385983,-117.145392,0, ,0.0,0.0,0.0,0.0,0,0,0,0,0,0,0,1
DF,BAM,40.569081,-116.922256,2, ,0.0,0.0,2,10000,0,0,0,0,0,0
HM,BAM,40.569081,-116.922256,1, ,0.0,0.0,25.0,04.3,0,0,0,0,0,0,0,0,0

APPTR,R04,04,BAM
IF,BAM,40.569081,-116.922256, ,0.0,0.0,0,0,0,0,0,0,0,0
TF,DIYLA,40.436742,-117.084269,0, ,0.0,0.0,0.0,0.0,2,8900,0,0,0,0,0,1
HF,DIYLA,40.436742,-117.084269,1, ,0.0,0.0,49.0,07,2,8900,0,0,0,0,1,0,0

APPTR,R04,04,RAJKO
IF,RAJKO,40.469383,-117.303947, ,0.0,0.0,0,0,0,0,0,0,1,0
TF,DIYLA,40.436742,-117.084269,0, ,0.0,0.0,0.0,0.0,2,8900,0,0,0,0,1,0

FINAL,R04,04,R,4
IF,DIYLA,40.436742,-117.084269, ,0.0,0.0,2,8900,0,0,0,0,0,0
TF,EBREQ,40.529036,-116.982886,0, ,0.0,0.0,27.0,7.2,2,6600,0,0,0,0,2,0
TF,ZOLPI,40.567611,-116.924636,0, ,0.0,0.0,36.0,3.5,2,5400,0,0,0,0,0,0
TF,SIHEJ,40.586189,-116.896544,0, ,0.0,0.0,36.0,1.7,1,4824,0,0,0,0,3,1
CA,0,36.0,2,5500,0,0,0,0,0,0
DF,DIYLA,40.436742,-117.084269,1, ,0.0,0.0,2,8900,0,1,175,0,0,1
HM,DIYLA,40.436742,-117.084269,1, ,0.0,0.0,49.0,04,2,8900,0,1,230,0,0,0,0

APPTR,R22,22,BAM
IF,BAM,40.569081,-116.922256, ,0.0,0.0,0,0,0,0,0,0,0,0
TF,HEPOR,40.742564,-116.638669,0, ,0.0,0.0,0.0,0.0,2,8500,0,0,0,0,0,1
HF,HEPOR,40.742564,-116.638669,2, ,0.0,0.0,222.0,07,2,8500,0,0,0,0,1,0,0

APPTR,R22,22,JOKNA
IF,JOKNA,40.665444,-116.344972, ,0.0,0.0,0,0,0,0,0,0,1,0
TF,HEPOR,40.742564,-116.638669,0, ,0.0,0.0,0.0,0.0,2,8500,0,0,0,0,1,0

APPTR,R22,22,UHYUV
IF,UHYUV,40.826461,-116.463764, ,0.0,0.0,0,0,0,0,0,0,1,0
TF,HEPOR,40.742564,-116.638669,0, ,0.0,0.0,0.0,0.0,2,8500,0,0,0,0,1,0

FINAL,R22,22,R,4
IF,HEPOR,40.742564,-116.638669, ,0.0,0.0,2,8500,0,0,0,0,0,0
TF,WOGID,40.686361,-116.744631,0, ,0.0,0.0,222.0,5.9,2,6900,0,0,0,0,2,0
TF,ZOWIE,40.635344,-116.822094,0, ,0.0,0.0,216.0,4.7,2,5400,0,0,0,0,0,0
TF,RW22,40.606956,-116.865114,0, ,0.0,0.0,216.0,2.6,1,4582,0,0,0,0,3,1
CA,0,216.0,2,4753,0,0,0,0,0,0
DF,OQSUL,40.490325,-117.041203,0, ,0.0,0.0,0,0,0,0,0,0,0,0
TF,RAJKO,40.469383,-117.303947,0, ,0.0,0.0,0.0,0.0,2,11900,0,0,0,0,0,1
HM,RAJKO,40.469383,-117.303947,2, ,0.0,0.0,255.0,07,2,11900,0,0,0,0,0,0,0

