APPTR,I05,05,COYAB
IF,COYAB,36.256747,-92.646200, ,0.0,0.0,3,5000,0,0,0,0,1,0
HF,COYAB,36.256747,-92.646200,2, ,0.0,0.0,49.0,04.3,2,3100,0,0,0,0,0,0,0

APPTR,I05,05,HRO
IF,HRO,36.318308,-93.213272, ,0.0,0.0,0,0,0,0,0,0,1,0
CF,COYAB,36.256747,-92.646200,0,IBPK,228.8,11.4,93.0,27.8,2,3100,0,0,0,0,1,0

FINAL,I05,05,I,3
IF,COYAB,36.256747,-92.646200,IBPK,228.8,11.4,2,3100,0,0,0,0,0,0
CF,GOFSH,36.318958,-92.548903,0,IBPK,228.8,5.4,49.0,6.0,1,2400,0,0,0,0,2,0
CF,RW05,36.364694,-92.477189,0,IBPK,228.8,0.9,49.0,4.4,1,972,0,0,0,0,3,0
CA,0,49.0,2,1800,0,0,0,0,0,0
DF,HRO,36.318308,-93.213272,1, ,0.0,0.0,2,3500,0,0,0,0,0,0
HM,HRO,36.318308,-93.213272,2, ,0.0,0.0,136.0,04.3,0,0,0,0,0,0,0,0,0

APPTR,R05,05,BERGG
IF,BERGG,36.298094,-92.971103, ,0.0,0.0,0,0,0,0,0,0,0,0
TF,GEYTE,36.322192,-92.710156,0, ,0.0,0.0,0.0,0.0,2,3100,0,0,0,0,1,0
TF,COYAB,36.256747,-92.646200,0, ,0.0,0.0,0.0,0.0,2,3100,0,0,0,0,1,0

APPTR,R05,05,COYAB
HF,COYAB,36.256747,-92.646200,2, ,0.0,0.0,49.0,05,2,3100,0,0,0,0,1,0,0

APPTR,R05,05,INNAM
IF,INNAM,36.254131,-92.464292, ,0.0,0.0,0,0,0,0,0,0,0,0
TF,HEGEG,36.191267,-92.582350,0, ,0.0,0.0,0.0,0.0,2,3100,0,0,0,0,1,0
TF,COYAB,36.256747,-92.646200,0, ,0.0,0.0,0.0,0.0,2,3100,0,0,0,0,1,0

FINAL,R05,05,R,3
IF,COYAB,36.256747,-92.646200, ,0.0,0.0,2,3100,0,0,0,0,0,0
TF,GOFSH,36.318958,-92.548903,0, ,0.0,0.0,49.0,6.0,2,2400,0,0,0,0,2,0
TF,RW05,36.364694,-92.477189,0, ,0.0,0.0,49.0,4.4,1,972,0,0,0,0,3,1
CA,0,49.0,2,1201,0,0,0,0,0,0
DF,PUNTT,36.486639,-92.285242,0, ,0.0,0.0,2,3000,0,0,0,0,0,1
HM,PUNTT,36.486639,-92.285242,2, ,0.0,0.0,229.0,05,0,0,0,0,0,0,0,0,0

APPTR,R23,23,AVARR
IF,AVARR,36.798650,-92.393167, ,0.0,0.0,0,0,0,0,0,0,0,0
TF,IBUXE,36.552281,-92.349075,0, ,0.0,0.0,0.0,0.0,2,3000,0,0,0,0,1,0
TF,PUNTT,36.486639,-92.285242,0, ,0.0,0.0,0.0,0.0,2,3000,0,0,0,0,1,0

APPTR,R23,23,PUNTT
HF,PUNTT,36.486639,-92.285242,2, ,0.0,0.0,229.0,05,2,3000,0,0,0,0,1,0,0

APPTR,R23,23,ZERTY
IF,ZERTY,36.629453,-92.033692, ,0.0,0.0,0,0,0,0,0,0,1,0
TF,PUNTT,36.486639,-92.285242,0, ,0.0,0.0,0.0,0.0,2,3000,0,0,0,0,1,0

FINAL,R23,23,R,3
IF,PUNTT,36.486639,-92.285242, ,0.0,0.0,2,3000,0,0,0,0,0,0
TF,CUBVA,36.422517,-92.386314,0, ,0.0,0.0,229.0,6.2,2,2500,0,0,0,0,2,0
TF,RW23,36.373192,-92.463847,0, ,0.0,0.0,229.0,4.8,1,957,0,0,0,0,3,1
CA,0,229.0,2,1328,0,0,0,0,0,0
DF,COYAB,36.256747,-92.646200,0, ,0.0,0.0,2,3100,0,0,0,0,0,1
HM,COYAB,36.256747,-92.646200,2, ,0.0,0.0,49.0,05,0,0,0,0,0,0,0,0,0

