APPTR,N17,17,HLC
IF,HLC,39.258747,-100.225850, ,0.0,0.0,0,0,0,0,0,0,0,0
TF,JDM,39.509856,-101.047650,0, ,0.0,0.0,0.0,0.0,2,4800,0,0,0,0,0,0
PI,JDM,39.509856,-101.047650,2,HLC,307.0,10.0,352,5.0,2,4800,0,0,0,0,1,0
CF,JDM,39.509856,-101.047650,0,HLC,283.8,41.1,172.0,8.0,2,4700,0,0,0,0,0,0

FINAL,N17,17,N,2
IF,JDM,39.509856,-101.047650,JDM,0.0,0.0,2,4700,0,0,0,0,2,0
CF,RW17,39.435261,-101.048292,0,JDM,0.0,0.0,172.0,4.5,1,3228,0,0,0,0,3,0
CA,0,172.0,2,3590,0,0,0,0,0,0
DF,JDM,39.509856,-101.047650,2, ,0.0,0.0,2,4800,0,0,0,0,0,0
HM,JDM,39.509856,-101.047650,2, ,0.0,0.0,172.0,04.3,2,4800,0,0,0,0,0,0,0

APPTR,R17,17,ILQUP
IF,ILQUP,39.621047,-100.874100, ,0.0,0.0,0,0,0,0,0,0,1,0
TF,YEBVI,39.622083,-101.046647,0, ,0.0,0.0,0.0,0.0,2,5100,0,0,0,0,1,0

APPTR,R17,17,OFVEX
IF,OFVEX,39.622864,-101.219200, ,0.0,0.0,0,0,0,0,0,0,1,0
TF,YEBVI,39.622083,-101.046647,0, ,0.0,0.0,0.0,0.0,2,5100,0,0,0,0,1,0

APPTR,R17,17,YEBVI
HF,YEBVI,39.622083,-101.046647,2, ,0.0,0.0,172.0,05,2,5100,0,0,0,0,1,0,0

FINAL,R17,17,R,3
IF,YEBVI,39.622083,-101.046647, ,0.0,0.0,2,5100,0,0,0,0,0,0
TF,UKDAW,39.517581,-101.047567,0, ,0.0,0.0,172.0,6.3,2,4800,0,0,0,0,2,0
TF,RW17,39.435261,-101.048292,0, ,0.0,0.0,172.0,4.9,1,3228,0,0,0,0,3,1
CA,0,172.0,2,3438,0,0,0,0,0,0
DF,IKBUW,39.236075,-101.050033,0, ,0.0,0.0,2,5200,0,0,0,0,0,1
HM,IKBUW,39.236075,-101.050033,2, ,0.0,0.0,352.0,05,0,0,0,0,0,0,0,0,0

APPTR,R35,35,EYVAG
IF,EYVAG,39.236856,-101.221636, ,0.0,0.0,0,0,0,0,0,0,1,0
TF,IKBUW,39.236075,-101.050033,0, ,0.0,0.0,0.0,0.0,2,5200,0,0,0,0,1,0

APPTR,R35,35,IKBUW
HF,IKBUW,39.236075,-101.050033,2, ,0.0,0.0,352.0,05,2,5200,0,0,0,0,1,0,0

APPTR,R35,35,KEKXU
IF,KEKXU,39.235042,-100.878433, ,0.0,0.0,0,0,0,0,0,0,1,0
TF,IKBUW,39.236075,-101.050033,0, ,0.0,0.0,0.0,0.0,2,5200,0,0,0,0,1,0

FINAL,R35,35,R,4
IF,IKBUW,39.236075,-101.050033, ,0.0,0.0,2,5200,0,0,0,0,0,0
TF,VOFWE,39.337608,-101.049147,0, ,0.0,0.0,352.0,6.1,2,4800,0,0,0,0,2,0
TF,LOGIY,39.374269,-101.048825,0, ,0.0,0.0,352.0,2.2,2,4100,0,0,0,0,0,0
TF,RW35,39.421233,-101.048414,0, ,0.0,0.0,352.0,2.8,1,3203,0,0,0,0,3,1
CA,0,352.0,2,3376,0,0,0,0,0,0
DF,YEBVI,39.622083,-101.046647,0, ,0.0,0.0,2,5100,0,0,0,0,0,1
HM,YEBVI,39.622083,-101.046647,2, ,0.0,0.0,172.0,05,0,0,0,0,0,0,0,0,0

