STAR,BRDGE9,LBV,1
IF,LBV,26.828186,-81.391439, ,0.0,0.0,0,0,0,0,0,0,0,0
TF,ROGAN,27.250794,-81.892858,0, ,0.0,0.0,0.0,0.0,0,0,0,0,0,0,0,0
TF,BRDGE,27.452583,-82.134372,0, ,0.0,0.0,0.0,0.0,0,0,0,0,0,0,0,0

STAR,BRDGE9,PHK,1
IF,PHK,26.782742,-80.691433, ,0.0,0.0,0,0,0,0,0,0,0,0
TF,BRDGE,27.452583,-82.134372,0, ,0.0,0.0,0.0,0.0,0,0,0,0,0,0,0,0

STAR,BRDGE9,RSW,1
IF,RSW,26.529886,-81.775769, ,0.0,0.0,0,0,0,0,0,0,0,0
TF,ROGAN,27.250794,-81.892858,0, ,0.0,0.0,0.0,0.0,0,0,0,0,0,0,0,0
TF,BRDGE,27.452583,-82.134372,0, ,0.0,0.0,0.0,0.0,0,0,0,0,0,0,0,0

STAR,BRDGE9,ALL,2
IF,BRDGE,27.452583,-82.134372, ,0.0,0.0,0,0,0,0,0,0,0,0
TF,JSTRM,27.691825,-82.422519,0, ,0.0,0.0,0.0,0.0,0,0,0,0,0,0,0,0
TF,PIE,27.907764,-82.684308,0, ,0.0,0.0,0.0,0.0,0,0,0,0,0,0,0,0

