APPTR,R31,31,RANCK
IF,RANCK,36.591639,-121.102881, ,0.0,0.0,0,0,0,0,0,0,1,0
TF,WAKAM,36.638739,-121.154003,0, ,0.0,0.0,0.0,0.0,2,5400,0,0,0,0,0,0
TF,IGRUC,36.710375,-121.231936,0, ,0.0,0.0,0.0,0.0,2,4100,0,0,0,0,1,0

APPTR,R31,31,RUDNY
IF,RUDNY,36.623739,-121.323442, ,0.0,0.0,0,0,0,0,0,0,1,0
TF,KEKDY,36.670775,-121.273792,0, ,0.0,0.0,0.0,0.0,2,5200,0,0,0,0,0,0
TF,IGRUC,36.710375,-121.231936,0, ,0.0,0.0,0.0,0.0,2,4100,0,0,0,0,1,0

FINAL,R31,31,R,5
IF,IGRUC,36.710375,-121.231936, ,0.0,0.0,2,4100,0,0,0,0,0,0
TF,JINDI,36.757697,-121.277922,0, ,0.0,0.0,307.0,3.6,2,3300,0,0,0,0,0,0
TF,CAMAF,36.787583,-121.307022,0, ,0.0,0.0,307.0,2.3,2,2700,0,0,0,0,2,0
TF,KAZWY,36.828839,-121.347206,0, ,0.0,0.0,307.0,3.1,2,1700,0,0,0,0,0,0
TF,RW31,36.887614,-121.404553,0, ,0.0,0.0,307.0,4.5,1,275,0,0,0,0,3,1
CA,0,307.0,2,1200,0,0,0,0,0,0
DF,SANTY,36.979239,-122.073075,0, ,0.0,0.0,2,7000,0,0,0,0,0,1
HM,SANTY,36.979239,-122.073075,2, ,0.0,0.0,95.0,07,2,7000,0,0,0,0,0,0,0

