SID,BARII2,07,4
VM,0,0,0,68.0,0,0,0,0,0,0,0,0
DF,HUUTZ,41.705178,-83.589931,0, ,0.0,0.0,2,4000,0,0,0,0,0,0

SID,BARII2,15,4
VM,0,0,0,148.0,0,0,0,0,0,0,0,0
DF,HUUTZ,41.705178,-83.589931,0, ,0.0,0.0,2,4000,0,0,0,0,0,0

SID,BARII2,25,4
VM,0,0,0,248.0,0,0,0,0,0,0,0,0
DF,HUUTZ,41.705178,-83.589931,0, ,0.0,0.0,2,4000,0,0,0,0,0,0

SID,BARII2,33,4
VA,0,328.0,2,1800,0,0,0,0,0,0
VM,0,0,0,328.0,0,0,0,0,0,0,0,0
DF,HUUTZ,41.705178,-83.589931,0, ,0.0,0.0,2,4000,0,0,0,0,0,0

SID,BARII2,ALL,5
IF,HUUTZ,41.705178,-83.589931, ,0.0,0.0,2,4000,0,0,0,0,0,0
TF,BARII,40.889583,-84.122136,0, ,0.0,0.0,0.0,0.0,0,0,0,0,0,0,0,0

SID,BARII2,SINKR,6
IF,BARII,40.889583,-84.122136, ,0.0,0.0,0,0,0,0,0,0,0,0
TF,SINKR,40.451292,-84.385203,0, ,0.0,0.0,0.0,0.0,0,0,0,0,0,0,0,0

SID,CCOBB2,07,4
VM,0,0,0,68.0,0,0,0,0,0,0,0,0
DF,BROZZ,42.224392,-84.154892,0, ,0.0,0.0,2,4000,0,0,0,0,0,0

SID,CCOBB2,15,4
VM,0,0,0,148.0,0,0,0,0,0,0,0,0
DF,BROZZ,42.224392,-84.154892,0, ,0.0,0.0,2,4000,0,0,0,0,0,0

SID,CCOBB2,25,4
VM,0,0,0,248.0,0,0,0,0,0,0,0,0
DF,BROZZ,42.224392,-84.154892,0, ,0.0,0.0,2,4000,0,0,0,0,0,0

SID,CCOBB2,33,4
VA,0,328.0,2,1800,0,0,0,0,0,0
VM,0,0,0,328.0,0,0,0,0,0,0,0,0
DF,BROZZ,42.224392,-84.154892,0, ,0.0,0.0,2,4000,0,0,0,0,0,0

SID,CCOBB2,ALL,5
IF,BROZZ,42.224392,-84.154892, ,0.0,0.0,2,4000,0,0,0,0,0,0
TF,CCOBB,42.228903,-84.379100,0, ,0.0,0.0,0.0,0.0,0,0,0,0,0,0,0,0

SID,CCOBB2,ZEGBI,6
IF,CCOBB,42.228903,-84.379100, ,0.0,0.0,0,0,0,0,0,0,0,0
TF,ZEGBI,42.239506,-85.081983,0, ,0.0,0.0,0.0,0.0,0,0,0,0,0,0,0,0

SID,CLVIN2,07,4
VM,0,0,0,68.0,0,0,0,0,0,0,0,0
DF,PHAUL,41.709028,-83.411975,0, ,0.0,0.0,2,4000,0,0,0,0,0,0

SID,CLVIN2,15,4
VM,0,0,0,148.0,0,0,0,0,0,0,0,0
DF,PHAUL,41.709028,-83.411975,0, ,0.0,0.0,2,4000,0,0,0,0,0,0

SID,CLVIN2,25,4
VM,0,0,0,248.0,0,0,0,0,0,0,0,0
DF,PHAUL,41.709028,-83.411975,0, ,0.0,0.0,2,4000,0,0,0,0,0,0

SID,CLVIN2,33,4
VA,0,328.0,2,1800,0,0,0,0,0,0
VM,0,0,0,328.0,0,0,0,0,0,0,0,0
DF,PHAUL,41.709028,-83.411975,0, ,0.0,0.0,2,4000,0,0,0,0,0,0

SID,CLVIN2,ALL,5
IF,PHAUL,41.709028,-83.411975, ,0.0,0.0,2,4000,0,0,0,0,0,0
TF,CLVIN,41.393214,-83.554633,0, ,0.0,0.0,0.0,0.0,0,0,0,0,0,0,0,0

SID,CLVIN2,STAZE,6
IF,CLVIN,41.393214,-83.554633, ,0.0,0.0,0,0,0,0,0,0,0,0
TF,TFTUN,40.846169,-83.798306,0, ,0.0,0.0,0.0,0.0,0,0,0,0,0,0,0,0
TF,RINTE,40.287808,-84.042919,0, ,0.0,0.0,0.0,0.0,0,0,0,0,0,0,0,0
TF,PUUDL,40.120667,-84.055956,0, ,0.0,0.0,0.0,0.0,0,0,0,0,0,0,0,0
TF,STAZE,38.937200,-84.146978,0, ,0.0,0.0,0.0,0.0,0,0,0,0,0,0,0,0

SID,HHOWE3,07,4
VM,0,0,0,68.0,0,0,0,0,0,0,0,0
DF,MALTB,42.249300,-82.647633,0, ,0.0,0.0,2,4000,0,0,0,0,0,0

SID,HHOWE3,15,4
VM,0,0,0,148.0,0,0,0,0,0,0,0,0
DF,MALTB,42.249300,-82.647633,0, ,0.0,0.0,2,4000,0,0,0,0,0,0

SID,HHOWE3,25,4
VM,0,0,0,248.0,0,0,0,0,0,0,0,0
DF,MALTB,42.249300,-82.647633,0, ,0.0,0.0,2,4000,0,0,0,0,0,0

SID,HHOWE3,33,4
VA,0,328.0,2,1800,0,0,0,0,0,0
VM,0,0,0,328.0,0,0,0,0,0,0,0,0
DF,MALTB,42.249300,-82.647633,0, ,0.0,0.0,2,4000,0,0,0,0,0,0

SID,HHOWE3,ALL,5
IF,MALTB,42.249300,-82.647633, ,0.0,0.0,2,4000,0,0,0,0,0,0
TF,HHOWE,42.256422,-82.468350,0, ,0.0,0.0,0.0,0.0,0,0,0,0,0,0,0,0

SID,HHOWE3,BROKK,6
IF,HHOWE,42.256422,-82.468350, ,0.0,0.0,0,0,0,0,0,0,0,0
TF,BROKK,42.331389,-81.581939,0, ,0.0,0.0,0.0,0.0,0,0,0,0,0,0,0,0

SID,HHOWE3,LNCON,6
IF,HHOWE,42.256422,-82.468350, ,0.0,0.0,0,0,0,0,0,0,0,0
TF,LNCON,42.243719,-81.517600,0, ,0.0,0.0,0.0,0.0,0,0,0,0,0,0,0,0

SID,KAYLN2,07,4
VM,0,0,0,68.0,0,0,0,0,0,0,0,0
DF,MTRCT,42.431103,-84.329978,0, ,0.0,0.0,2,4000,0,0,0,0,0,0

SID,KAYLN2,15,4
VM,0,0,0,148.0,0,0,0,0,0,0,0,0
DF,MTRCT,42.431103,-84.329978,0, ,0.0,0.0,2,4000,0,0,0,0,0,0

SID,KAYLN2,25,4
VM,0,0,0,248.0,0,0,0,0,0,0,0,0
DF,MTRCT,42.431103,-84.329978,0, ,0.0,0.0,2,4000,0,0,0,0,0,0

SID,KAYLN2,33,4
VA,0,328.0,2,1800,0,0,0,0,0,0
VM,0,0,0,328.0,0,0,0,0,0,0,0,0
DF,MTRCT,42.431103,-84.329978,0, ,0.0,0.0,2,4000,0,0,0,0,0,0

SID,KAYLN2,ALL,5
IF,MTRCT,42.431103,-84.329978, ,0.0,0.0,2,4000,0,0,0,0,0,0
TF,KAYLN,42.438811,-84.624642,0, ,0.0,0.0,0.0,0.0,0,0,0,0,0,0,0,0

SID,KAYLN2,SMUUV,6
IF,KAYLN,42.438811,-84.624642, ,0.0,0.0,0,0,0,0,0,0,0,0
TF,IIICE,42.446658,-84.959875,0, ,0.0,0.0,0.0,0.0,0,0,0,0,0,0,0,0
TF,SMUUV,42.466325,-86.127325,0, ,0.0,0.0,0.0,0.0,0,0,0,0,0,0,0,0

SID,KZLOV1,07,4
VM,0,0,0,68.0,0,0,0,0,0,0,0,0
DF,KZLOV,42.073558,-82.735400,0, ,0.0,0.0,4,10000,4000,0,0,0,0,0

SID,KZLOV1,15,4
VM,0,0,0,148.0,0,0,0,0,0,0,0,0
DF,KZLOV,42.073558,-82.735400,0, ,0.0,0.0,4,10000,4000,0,0,0,0,0

SID,KZLOV1,25,4
VM,0,0,0,248.0,0,0,0,0,0,0,0,0
DF,KZLOV,42.073558,-82.735400,0, ,0.0,0.0,4,10000,4000,0,0,0,0,0

SID,KZLOV1,33,4
VM,0,0,0,328.0,0,0,0,0,0,0,0,0
DF,KZLOV,42.073558,-82.735400,0, ,0.0,0.0,4,10000,4000,0,0,0,0,0

SID,KZLOV1,ALL,5
IF,KZLOV,42.073558,-82.735400, ,0.0,0.0,4,10000,4000,0,0,0,0,0
TF,WINNZ,41.924072,-82.574897,0, ,0.0,0.0,0.0,0.0,0,0,0,0,0,0,0,0

SID,LIDDS2,07,4
VM,0,0,0,68.0,0,0,0,0,0,0,0,0
DF,KZLOV,42.073558,-82.735400,0, ,0.0,0.0,4,15000,4000,0,0,0,0,0

SID,LIDDS2,15,4
VM,0,0,0,148.0,0,0,0,0,0,0,0,0
DF,KZLOV,42.073558,-82.735400,0, ,0.0,0.0,4,15000,4000,0,0,0,0,0

SID,LIDDS2,25,4
VM,0,0,0,248.0,0,0,0,0,0,0,0,0
DF,KZLOV,42.073558,-82.735400,0, ,0.0,0.0,4,15000,4000,0,0,0,0,0

SID,LIDDS2,33,4
VA,0,328.0,2,1800,0,0,0,0,0,0
VM,0,0,0,328.0,0,0,0,0,0,0,0,0
DF,KZLOV,42.073558,-82.735400,0, ,0.0,0.0,4,15000,4000,0,0,0,0,0

SID,LIDDS2,ALL,5
IF,KZLOV,42.073558,-82.735400, ,0.0,0.0,4,15000,4000,0,0,0,0,0
TF,LIDDS,42.031725,-82.510761,0, ,0.0,0.0,0.0,0.0,0,0,0,0,0,0,0,0

SID,LIDDS2,GRIVY,6
IF,LIDDS,42.031725,-82.510761, ,0.0,0.0,0,0,0,0,0,0,0,0
TF,NOONR,41.953600,-82.086400,0, ,0.0,0.0,0.0,0.0,0,0,0,0,0,0,0,0
TF,ZEYOU,41.703389,-81.823808,0, ,0.0,0.0,0.0,0.0,0,0,0,0,0,0,0,0
TF,GRIVY,41.079522,-81.218500,0, ,0.0,0.0,0.0,0.0,0,0,0,0,0,0,0,0

SID,METRO3,07,1
VA,0,68.0,2,1030,0,0,0,0,0,0
VM,0,0,0,68.0,0,0,0,0,0,0,0,0
DF,DXO,42.213136,-83.366664,0, ,0.0,0.0,0,0,0,0,0,0,0,0

SID,METRO3,15,1
VA,0,148.0,2,1030,0,0,0,0,0,0
VM,0,0,0,148.0,0,0,0,0,0,0,0,0
DF,DXO,42.213136,-83.366664,0, ,0.0,0.0,0,0,0,0,0,0,0,0

SID,METRO3,25,1
VA,0,248.0,2,1030,0,0,0,0,0,0
VM,0,0,0,248.0,0,0,0,0,0,0,0,0
DF,DXO,42.213136,-83.366664,0, ,0.0,0.0,0,0,0,0,0,0,0,0

SID,METRO3,33,1
VA,0,328.0,2,1800,0,0,0,0,0,0
VM,0,0,0,328.0,0,0,0,0,0,0,0,0
DF,DXO,42.213136,-83.366664,0, ,0.0,0.0,0,0,0,0,0,0,0,0

SID,METRO3,DUNKS,3
IF,DXO,42.213136,-83.366664, ,0.0,0.0,0,0,0,0,0,0,0,0
TF,DUNKS,42.427411,-84.194244,0, ,0.0,0.0,0.0,0.0,0,0,0,0,0,0,0,0

SID,METRO3,HARWL,3
IF,DXO,42.213136,-83.366664, ,0.0,0.0,0,0,0,0,0,0,0,0
TF,HARWL,42.263953,-84.194083,0, ,0.0,0.0,0.0,0.0,0,0,0,0,0,0,0,0

SID,METRO3,ILLIE,3
IF,DXO,42.213136,-83.366664, ,0.0,0.0,0,0,0,0,0,0,0,0
TF,ANNTS,41.683564,-83.790600,0, ,0.0,0.0,0.0,0.0,0,0,0,0,0,0,0,0
TF,ILLIE,41.248531,-84.132594,0, ,0.0,0.0,0.0,0.0,0,0,0,0,0,0,0,0

SID,METRO3,MAARS,3
IF,DXO,42.213136,-83.366664, ,0.0,0.0,0,0,0,0,0,0,0,0
TF,MAARS,42.088333,-82.486239,0, ,0.0,0.0,0.0,0.0,0,0,0,0,0,0,0,0

SID,METRO3,PISTN,3
IF,DXO,42.213136,-83.366664, ,0.0,0.0,0,0,0,0,0,0,0,0
TF,PISTN,42.892364,-83.136461,0, ,0.0,0.0,0.0,0.0,0,0,0,0,0,0,0,0

SID,MIGGY2,07,4
VM,0,0,0,68.0,0,0,0,0,0,0,0,0
DF,JAXII,42.783797,-83.855103,0, ,0.0,0.0,2,4000,0,0,0,0,0,0

SID,MIGGY2,15,4
VM,0,0,0,148.0,0,0,0,0,0,0,0,0
DF,JAXII,42.783797,-83.855103,0, ,0.0,0.0,2,4000,0,0,0,0,0,0

SID,MIGGY2,25,4
VM,0,0,0,248.0,0,0,0,0,0,0,0,0
DF,JAXII,42.783797,-83.855103,0, ,0.0,0.0,2,4000,0,0,0,0,0,0

SID,MIGGY2,33,4
VA,0,328.0,2,1800,0,0,0,0,0,0
VM,0,0,0,328.0,0,0,0,0,0,0,0,0
DF,JAXII,42.783797,-83.855103,0, ,0.0,0.0,2,4000,0,0,0,0,0,0

SID,MIGGY2,ALL,5
IF,JAXII,42.783797,-83.855103, ,0.0,0.0,2,4000,0,0,0,0,0,0
TF,MIGGY,42.998667,-84.139983,0, ,0.0,0.0,0.0,0.0,0,0,0,0,0,0,0,0

SID,MIGGY2,GETCH,6
IF,MIGGY,42.998667,-84.139983, ,0.0,0.0,0,0,0,0,0,0,0,0
TF,MONEE,43.240500,-84.464153,0, ,0.0,0.0,0.0,0.0,0,0,0,0,0,0,0,0
TF,GETCH,43.168653,-86.050850,0, ,0.0,0.0,0.0,0.0,0,0,0,0,0,0,0,0

SID,MIGGY2,HUBBY,6
IF,MIGGY,42.998667,-84.139983, ,0.0,0.0,0,0,0,0,0,0,0,0
TF,MONEE,43.240500,-84.464153,0, ,0.0,0.0,0.0,0.0,0,0,0,0,0,0,0,0
TF,HUBBY,43.700000,-84.916667,0, ,0.0,0.0,0.0,0.0,0,0,0,0,0,0,0,0

SID,MIGGY2,SLLAP,6
IF,MIGGY,42.998667,-84.139983, ,0.0,0.0,0,0,0,0,0,0,0,0
TF,MONEE,43.240500,-84.464153,0, ,0.0,0.0,0.0,0.0,0,0,0,0,0,0,0,0
TF,SLLAP,43.450083,-84.938831,0, ,0.0,0.0,0.0,0.0,0,0,0,0,0,0,0,0

SID,PAVYL2,07,4
VM,0,0,0,68.0,0,0,0,0,0,0,0,0
DF,SLVVA,42.143919,-82.626711,0, ,0.0,0.0,2,4000,0,0,0,0,0,0

SID,PAVYL2,15,4
VM,0,0,0,148.0,0,0,0,0,0,0,0,0
DF,SLVVA,42.143919,-82.626711,0, ,0.0,0.0,2,4000,0,0,0,0,0,0

SID,PAVYL2,25,4
VM,0,0,0,248.0,0,0,0,0,0,0,0,0
DF,SLVVA,42.143919,-82.626711,0, ,0.0,0.0,2,4000,0,0,0,0,0,0

SID,PAVYL2,33,4
VA,0,328.0,2,1800,0,0,0,0,0,0
VM,0,0,0,328.0,0,0,0,0,0,0,0,0
DF,SLVVA,42.143919,-82.626711,0, ,0.0,0.0,2,4000,0,0,0,0,0,0

SID,PAVYL2,ALL,5
IF,SLVVA,42.143919,-82.626711, ,0.0,0.0,2,4000,0,0,0,0,0,0
TF,PAVYL,42.143028,-82.451517,0, ,0.0,0.0,0.0,0.0,0,0,0,0,0,0,0,0

SID,PAVYL2,ESSBE,6
IF,PAVYL,42.143028,-82.451517, ,0.0,0.0,0,0,0,0,0,0,0,0
TF,ESSBE,42.058878,-81.788275,0, ,0.0,0.0,0.0,0.0,0,0,0,0,0,0,0,0

SID,PAVYL2,MRDOC,6
IF,PAVYL,42.143028,-82.451517, ,0.0,0.0,0,0,0,0,0,0,0,0
TF,MRDOC,42.092564,-81.590650,0, ,0.0,0.0,0.0,0.0,0,0,0,0,0,0,0,0

SID,SNDRS2,07,4
VM,0,0,0,68.0,0,0,0,0,0,0,0,0
DF,JWELS,41.699061,-83.789722,0, ,0.0,0.0,2,4000,0,0,0,0,0,0

SID,SNDRS2,15,4
VM,0,0,0,148.0,0,0,0,0,0,0,0,0
DF,JWELS,41.699061,-83.789722,0, ,0.0,0.0,2,4000,0,0,0,0,0,0

SID,SNDRS2,25,4
VM,0,0,0,248.0,0,0,0,0,0,0,0,0
DF,JWELS,41.699061,-83.789722,0, ,0.0,0.0,2,4000,0,0,0,0,0,0

SID,SNDRS2,33,4
VA,0,328.0,2,1800,0,0,0,0,0,0
VM,0,0,0,328.0,0,0,0,0,0,0,0,0
DF,JWELS,41.699061,-83.789722,0, ,0.0,0.0,2,4000,0,0,0,0,0,0

SID,SNDRS2,ALL,5
IF,JWELS,41.699061,-83.789722, ,0.0,0.0,2,4000,0,0,0,0,0,0
TF,SNDRS,41.249989,-84.148456,0, ,0.0,0.0,0.0,0.0,0,0,0,0,0,0,0,0

SID,SNDRS2,BGHRT,6
IF,SNDRS,41.249989,-84.148456, ,0.0,0.0,0,0,0,0,0,0,0,0
TF,REEDA,41.102381,-84.639675,0, ,0.0,0.0,0.0,0.0,0,0,0,0,0,0,0,0
TF,SEABS,40.991194,-85.290911,0, ,0.0,0.0,0.0,0.0,0,0,0,0,0,0,0,0
TF,KNRKO,40.884783,-85.893597,0, ,0.0,0.0,0.0,0.0,0,0,0,0,0,0,0,0
TF,BGHRT,40.650000,-87.933333,0, ,0.0,0.0,0.0,0.0,0,0,0,0,0,0,0,0

SID,SNDRS2,TORRR,6
IF,SNDRS,41.249989,-84.148456, ,0.0,0.0,0,0,0,0,0,0,0,0
TF,TORRR,40.741603,-84.416358,0, ,0.0,0.0,0.0,0.0,0,0,0,0,0,0,0,0

SID,TRMML3,07,4
VM,0,0,0,68.0,0,0,0,0,0,0,0,0
DF,LOALA,42.900367,-83.369061,0, ,0.0,0.0,2,4000,0,0,0,0,0,0

SID,TRMML3,15,4
VM,0,0,0,148.0,0,0,0,0,0,0,0,0
DF,LOALA,42.900367,-83.369061,0, ,0.0,0.0,2,4000,0,0,0,0,0,0

SID,TRMML3,25,4
VM,0,0,0,248.0,0,0,0,0,0,0,0,0
DF,LOALA,42.900367,-83.369061,0, ,0.0,0.0,2,4000,0,0,0,0,0,0

SID,TRMML3,33,4
VA,0,328.0,2,1800,0,0,0,0,0,0
VM,0,0,0,328.0,0,0,0,0,0,0,0,0
DF,LOALA,42.900367,-83.369061,0, ,0.0,0.0,2,4000,0,0,0,0,0,0

SID,TRMML3,ALL,5
IF,LOALA,42.900367,-83.369061, ,0.0,0.0,2,4000,0,0,0,0,0,0
TF,TRMML,43.205211,-83.481083,0, ,0.0,0.0,0.0,0.0,0,0,0,0,0,0,0,0

SID,TRMML3,GNZOE,6
IF,TRMML,43.205211,-83.481083, ,0.0,0.0,0,0,0,0,0,0,0,0
TF,DDEEZ,43.542361,-83.602522,0, ,0.0,0.0,0.0,0.0,0,0,0,0,0,0,0,0
TF,GNZOE,43.716667,-83.666667,0, ,0.0,0.0,0.0,0.0,0,0,0,0,0,0,0,0

SID,ZETTR3,07,4
VM,0,0,0,68.0,0,0,0,0,0,0,0,0
DF,FLOKA,42.790869,-82.871922,0, ,0.0,0.0,2,4000,0,0,0,0,0,0

SID,ZETTR3,15,4
VM,0,0,0,148.0,0,0,0,0,0,0,0,0
DF,FLOKA,42.790869,-82.871922,0, ,0.0,0.0,2,4000,0,0,0,0,0,0

SID,ZETTR3,25,4
VM,0,0,0,248.0,0,0,0,0,0,0,0,0
DF,FLOKA,42.790869,-82.871922,0, ,0.0,0.0,2,4000,0,0,0,0,0,0

SID,ZETTR3,33,4
VA,0,328.0,2,1800,0,0,0,0,0,0
VM,0,0,0,328.0,0,0,0,0,0,0,0,0
DF,FLOKA,42.790869,-82.871922,0, ,0.0,0.0,2,4000,0,0,0,0,0,0

SID,ZETTR3,ALL,5
IF,FLOKA,42.790869,-82.871922, ,0.0,0.0,2,4000,0,0,0,0,0,0
TF,ZETTR,42.923219,-82.709364,0, ,0.0,0.0,0.0,0.0,3,17000,0,0,0,0,0,0

SID,ZETTR3,DUTEL,6
IF,ZETTR,42.923219,-82.709364, ,0.0,0.0,3,17000,0,0,0,0,0,0
TF,KARIT,43.723056,-82.144444,0, ,0.0,0.0,0.0,0.0,0,0,0,0,0,0,0,0
TF,DUTEL,44.666389,-81.296389,0, ,0.0,0.0,0.0,0.0,0,0,0,0,0,0,0,0

SID,ZETTR3,ETBOX,6
IF,ZETTR,42.923219,-82.709364, ,0.0,0.0,3,17000,0,0,0,0,0,0
TF,KARIT,43.723056,-82.144444,0, ,0.0,0.0,0.0,0.0,0,0,0,0,0,0,0,0
TF,ETBOX,44.526944,-80.129722,0, ,0.0,0.0,0.0,0.0,0,0,0,0,0,0,0,0

SID,ZETTR3,KELTI,6
IF,ZETTR,42.923219,-82.709364, ,0.0,0.0,3,17000,0,0,0,0,0,0
TF,TANKO,43.025689,-82.383994,0, ,0.0,0.0,0.0,0.0,0,0,0,0,0,0,0,0
TF,KELTI,43.282500,-78.933333,0, ,0.0,0.0,0.0,0.0,0,0,0,0,0,0,0,0

SID,ZETTR3,SIKBO,6
IF,ZETTR,42.923219,-82.709364, ,0.0,0.0,3,17000,0,0,0,0,0,0
TF,TANKO,43.025689,-82.383994,0, ,0.0,0.0,0.0,0.0,0,0,0,0,0,0,0,0
TF,SIKBO,43.653611,-79.349167,0, ,0.0,0.0,0.0,0.0,0,0,0,0,0,0,0,0

SID,ZETTR3,TANKO,6
IF,ZETTR,42.923219,-82.709364, ,0.0,0.0,3,17000,0,0,0,0,0,0
TF,TANKO,43.025689,-82.383994,0, ,0.0,0.0,0.0,0.0,0,0,0,0,0,0,0,0

STAR,FOREY2,BOBCT,4
IF,BOBCT,40.548783,-82.012858, ,0.0,0.0,0,0,0,0,0,0,0,0
TF,WWSHR,41.342803,-82.051600,0, ,0.0,0.0,0.0,0.0,0,0,0,0,0,0,0,0
TF,NACCA,41.588278,-82.354819,0, ,0.0,0.0,0.0,0.0,0,0,0,0,0,0,0,0
TF,FOREY,41.839800,-82.669642,0, ,0.0,0.0,0.0,0.0,0,0,0,0,0,0,0,0

STAR,FOREY2,KOZAR,4
IF,KOZAR,40.595047,-80.584736, ,0.0,0.0,0,0,0,0,0,0,0,0
TF,WWSHR,41.342803,-82.051600,0, ,0.0,0.0,0.0,0.0,0,0,0,0,0,0,0,0
TF,NACCA,41.588278,-82.354819,0, ,0.0,0.0,0.0,0.0,0,0,0,0,0,0,0,0
TF,FOREY,41.839800,-82.669642,0, ,0.0,0.0,0.0,0.0,0,0,0,0,0,0,0,0

STAR,FOREY2,WWSHR,4
IF,WWSHR,41.342803,-82.051600, ,0.0,0.0,0,0,0,0,0,0,0,0
TF,NACCA,41.588278,-82.354819,0, ,0.0,0.0,0.0,0.0,0,0,0,0,0,0,0,0
TF,FOREY,41.839800,-82.669642,0, ,0.0,0.0,0.0,0.0,0,0,0,0,0,0,0,0

STAR,FOREY2,ALL,5
IF,FOREY,41.839800,-82.669642, ,0.0,0.0,0,0,0,0,0,0,0,0
TF,VRNRS,42.277028,-82.708181,0, ,0.0,0.0,0.0,0.0,0,0,0,0,0,0,0,0
TF,SWETY,42.619175,-82.934453,0, ,0.0,0.0,0.0,0.0,2,4000,0,0,0,0,0,1
FM,SWETY,42.619175,-82.934453,0,AIR,0.0,0.0,300.0,0,0,0,0,0,0,0,0

STAR,GIGGY2,COLTS,4
IF,COLTS,42.963781,-79.320858, ,0.0,0.0,3,36000,0,0,0,0,0,0
TF,BOREK,42.937500,-79.947500,0, ,0.0,0.0,0.0,0.0,0,0,0,0,0,0,0,0
TF,LOPVO,42.916944,-80.400556,0, ,0.0,0.0,0.0,0.0,0,0,0,0,0,0,0,0
TF,ITPEG,42.893889,-80.860833,0, ,0.0,0.0,0.0,0.0,0,0,0,0,0,0,0,0
TF,PICUP,42.856428,-81.837261,0, ,0.0,0.0,0.0,0.0,1,10000,0,0,0,0,0,0
TF,AXXIS,42.830586,-81.983381,0, ,0.0,0.0,0.0,0.0,0,0,0,0,0,0,0,0

STAR,GIGGY2,PICUP,4
IF,PICUP,42.856428,-81.837261, ,0.0,0.0,1,10000,0,0,0,0,0,0
TF,AXXIS,42.830586,-81.983381,0, ,0.0,0.0,0.0,0.0,0,0,0,0,0,0,0,0

STAR,GIGGY2,ALL,5
IF,AXXIS,42.830586,-81.983381, ,0.0,0.0,0,0,0,0,0,0,0,0
TF,AUTTO,42.576150,-82.333669,0, ,0.0,0.0,0.0,0.0,0,0,0,0,0,0,0,0
TF,GIGGY,42.397111,-82.577575,0, ,0.0,0.0,0.0,0.0,2,4000,0,0,0,0,0,0
FM,GIGGY,42.397111,-82.577575,0,MOP,0.0,0.0,230.0,0,0,0,0,0,0,0,0

STAR,PETTE2,HOSSA,4
IF,HOSSA,42.007033,-85.070064, ,0.0,0.0,0,0,0,0,0,0,0,0
TF,PETTE,42.078969,-84.344253,0, ,0.0,0.0,0.0,0.0,0,0,0,0,0,0,0,0

STAR,PETTE2,QBURT,4
IF,QBURT,40.889542,-85.502567, ,0.0,0.0,0,0,0,0,0,0,0,0
TF,HEVYD,41.297500,-85.072764,0, ,0.0,0.0,0.0,0.0,0,0,0,0,0,0,0,0
TF,HAZIT,41.875928,-84.721672,0, ,0.0,0.0,0.0,0.0,0,0,0,0,0,0,0,0
TF,PETTE,42.078969,-84.344253,0, ,0.0,0.0,0.0,0.0,0,0,0,0,0,0,0,0

STAR,PETTE2,TORRR,4
IF,TORRR,40.741603,-84.416358, ,0.0,0.0,0,0,0,0,0,0,0,0
TF,HAZIT,41.875928,-84.721672,0, ,0.0,0.0,0.0,0.0,0,0,0,0,0,0,0,0
TF,PETTE,42.078969,-84.344253,0, ,0.0,0.0,0.0,0.0,0,0,0,0,0,0,0,0

STAR,PETTE2,WWODD,4
IF,WWODD,39.867792,-86.353225, ,0.0,0.0,0,0,0,0,0,0,0,0
TF,BGLRI,40.236539,-86.177569,0, ,0.0,0.0,0.0,0.0,0,0,0,0,0,0,0,0
TF,QBURT,40.889542,-85.502567,0, ,0.0,0.0,0.0,0.0,0,0,0,0,0,0,0,0
TF,HEVYD,41.297500,-85.072764,0, ,0.0,0.0,0.0,0.0,0,0,0,0,0,0,0,0
TF,HAZIT,41.875928,-84.721672,0, ,0.0,0.0,0.0,0.0,0,0,0,0,0,0,0,0
TF,PETTE,42.078969,-84.344253,0, ,0.0,0.0,0.0,0.0,0,0,0,0,0,0,0,0

STAR,PETTE2,ALL,5
IF,PETTE,42.078969,-84.344253, ,0.0,0.0,0,0,0,0,0,0,0,0
TF,SYREN,42.158694,-84.116511,0, ,0.0,0.0,0.0,0.0,2,4000,0,0,0,0,0,1
FM,SYREN,42.158694,-84.116511,0,AIR,0.0,0.0,71.0,0,0,0,0,0,0,0,0

STAR,RRALF3,CLLEM,4
IF,CLLEM,42.633358,-85.073475, ,0.0,0.0,0,0,0,0,0,0,0,0
TF,KILTT,42.544469,-84.226069,0, ,0.0,0.0,0.0,0.0,0,0,0,0,0,0,0,0
TF,RRALF,42.532286,-84.114558,0, ,0.0,0.0,0.0,0.0,0,0,0,0,0,0,0,0

STAR,RRALF3,OREYO,4
IF,OREYO,43.508556,-84.688847, ,0.0,0.0,0,0,0,0,0,0,0,0
TF,IYLGO,42.781178,-84.669253,0, ,0.0,0.0,0.0,0.0,0,0,0,0,0,0,0,0
TF,KILTT,42.544469,-84.226069,0, ,0.0,0.0,0.0,0.0,0,0,0,0,0,0,0,0
TF,RRALF,42.532286,-84.114558,0, ,0.0,0.0,0.0,0.0,0,0,0,0,0,0,0,0

STAR,RRALF3,WEBOR,4
IF,WEBOR,42.615317,-86.116497, ,0.0,0.0,0,0,0,0,0,0,0,0
TF,NIMNM,42.625078,-85.617906,0, ,0.0,0.0,0.0,0.0,0,0,0,0,0,0,0,0
TF,CLLEM,42.633358,-85.073475,0, ,0.0,0.0,0.0,0.0,0,0,0,0,0,0,0,0
TF,KILTT,42.544469,-84.226069,0, ,0.0,0.0,0.0,0.0,0,0,0,0,0,0,0,0
TF,RRALF,42.532286,-84.114558,0, ,0.0,0.0,0.0,0.0,0,0,0,0,0,0,0,0

STAR,RRALF3,ALL,5
IF,RRALF,42.532286,-84.114558, ,0.0,0.0,0,0,0,0,0,0,0,0
TF,PICTR,42.502064,-83.633564,0, ,0.0,0.0,0.0,0.0,2,4000,0,0,0,0,0,1
FM,PICTR,42.502064,-83.633564,0,AIR,0.0,0.0,85.0,0,0,0,0,0,0,0,0

APPTR,I15,15,IHIDE
HF,IHIDE,42.586711,-83.186456,2, ,0.0,0.0,148.0,04.3,2,2800,0,0,0,0,1,0,0

FINAL,I15,15,I,3
IF,IHIDE,42.586711,-83.186456,IDET,328.3,13.5,2,2800,0,0,0,0,0,0
CF,GOATT,42.506958,-83.105861,0,IDET,328.3,7.6,148.0,6.0,1,2800,0,0,0,0,2,0
CF,RW15,42.417967,-83.016228,0,IDET,328.3,0.9,148.0,6.7,1,679,0,0,0,0,3,0
CA,0,148.0,2,1030,0,0,0,0,0,0
DF,OBZOF,42.229431,-82.827458,0, ,0.0,0.0,2,3000,0,0,0,0,0,0
HM,OBZOF,42.229431,-82.827458,2, ,0.0,0.0,328.0,04,0,0,0,0,0,0,0,0,0

APPTR,I33,33,OBZOF
IF,OBZOF,42.229431,-82.827458, ,0.0,0.0,3,5000,0,0,0,0,1,0
HF,OBZOF,42.229431,-82.827458,2, ,0.0,0.0,328.0,04.3,2,3000,0,0,0,0,0,0,0

FINAL,I33,33,I,3
IF,OBZOF,42.229431,-82.827458,IVQM,148.3,14.2,2,3000,0,0,0,0,0,0
CF,GOMAC,42.309033,-82.906989,0,IVQM,148.3,8.3,328.0,6.0,1,3000,0,0,0,0,2,0
CF,RW33,42.406761,-83.004967,0,IVQM,148.3,0.0,328.0,7.3,1,673,0,0,0,0,3,0
CA,0,328.0,2,1030,0,0,0,0,0,0
DF,IHIDE,42.586711,-83.186456,0, ,0.0,0.0,2,3000,0,0,0,0,0,0
HM,IHIDE,42.586711,-83.186456,2, ,0.0,0.0,148.0,04.3,0,0,0,0,0,0,0,0,0

APPTR,R15,15,ESAYO
IF,ESAYO,42.536753,-83.276725, ,0.0,0.0,0,0,0,0,0,0,1,0
TF,IHIDE,42.586711,-83.186456,0, ,0.0,0.0,0.0,0.0,2,2800,0,0,0,0,1,0

APPTR,R15,15,IHIDE
HF,IHIDE,42.586711,-83.186456,2, ,0.0,0.0,148.0,04,2,2800,0,0,0,0,1,0,0

FINAL,R15,15,R,3
IF,IHIDE,42.586711,-83.186456, ,0.0,0.0,2,2800,0,0,0,0,0,0
TF,BULYN,42.505219,-83.104108,0, ,0.0,0.0,148.0,6.1,2,2800,0,0,0,0,2,0
TF,RW15,42.417967,-83.016228,0, ,0.0,0.0,148.0,6.5,1,683,0,0,0,0,3,1
CA,0,148.0,2,926,0,0,0,0,0,0
DF,OBZOF,42.229431,-82.827458,0, ,0.0,0.0,2,3000,0,0,0,0,0,1
HM,OBZOF,42.229431,-82.827458,2, ,0.0,0.0,328.0,04,0,0,0,0,0,0,0,0,0

APPTR,R33,33,DELOW
IF,DELOW,42.460239,-83.067600, ,0.0,0.0,0,0,0,0,0,0,0,0
TF,OBZOF,42.229431,-82.827458,0, ,0.0,0.0,0.0,0.0,2,3000,0,0,0,0,0,1
HF,OBZOF,42.229431,-82.827458,2, ,0.0,0.0,328.0,04,2,3000,0,0,0,0,1,0,0

APPTR,R33,33,FEPNA
IF,FEPNA,42.179750,-82.917500, ,0.0,0.0,0,0,0,0,0,0,1,0
TF,OBZOF,42.229431,-82.827458,0, ,0.0,0.0,0.0,0.0,2,3000,0,0,0,0,1,0

APPTR,R33,33,SWWAN
IF,SWWAN,42.738239,-82.924403, ,0.0,0.0,0,0,0,0,0,0,0,0
TF,DUZKO,42.279042,-82.737278,0, ,0.0,0.0,0.0,0.0,2,3000,0,0,0,0,1,0
TF,OBZOF,42.229431,-82.827458,0, ,0.0,0.0,0.0,0.0,2,3000,0,0,0,0,1,0

FINAL,R33,33,R,4
IF,OBZOF,42.229431,-82.827458, ,0.0,0.0,2,3000,0,0,0,0,0,0
TF,CUPUD,42.311044,-82.909003,0, ,0.0,0.0,328.0,6.1,2,3000,0,0,0,0,2,0
TF,NEMKE,42.377336,-82.975436,0, ,0.0,0.0,328.0,5.0,2,1380,0,0,0,0,0,0
TF,RW33,42.406761,-83.004967,0, ,0.0,0.0,328.0,2.2,1,675,0,0,0,0,3,1
CA,0,328.0,2,936,0,0,0,0,0,0
DF,JITSI,42.446872,-83.045314,0, ,0.0,0.0,0,0,0,0,0,0,0,0
TF,SWWAN,42.738239,-82.924403,0, ,0.0,0.0,0.0,0.0,2,4000,0,0,0,0,0,1
HM,SWWAN,42.738239,-82.924403,2, ,0.0,0.0,270.0,04,0,0,0,0,0,0,0,0,0

