SID,BBALL1,30,2
CA,0,305.0,2,3110,0,0,0,0,0,0
CF,BBALL,32.965789,-111.489339,0,DMA,315.6,57.3,316.0,57.3,3,18000,0,0,0,0,0,0

SID,DMA2,12,1
VA,0,125.0,2,3110,0,0,0,0,0,0
CF,VEDTU,32.015725,-110.558097,0,DMA,105.6,18.6,106.0,18.6,3,9000,0,0,0,0,0,1
TF,TUS,32.095203,-110.914856,2, ,0.0,0.0,0.0,0.0,2,9000,0,0,0,0,0,0

SID,DMA2,30,1
VA,0,305.0,2,3110,0,0,0,0,0,0
CF,OTUKE,32.375636,-111.078033,0,DMA,310.2,16.4,310.0,16.4,3,8000,0,0,0,0,0,1
TF,TUS,32.095203,-110.914856,1, ,0.0,0.0,0.0,0.0,3,10000,0,0,0,0,0,0

SID,DMA2,BBALL,3
IF,TUS,32.095203,-110.914856, ,0.0,0.0,0,0,0,0,0,0,0,0
TF,BBALL,32.965789,-111.489339,0, ,0.0,0.0,0.0,0.0,2,21000,0,0,0,0,0,0

SID,DMA2,HOTTT,3
IF,TUS,32.095203,-110.914856, ,0.0,0.0,0,0,0,0,0,0,0,0
TF,HOTTT,32.526944,-111.031964,0, ,0.0,0.0,0.0,0.0,0,0,0,0,0,0,0,0

SID,DMA2,REDDY,3
IF,TUS,32.095203,-110.914856, ,0.0,0.0,0,0,0,0,0,0,0,0
TF,REDDY,32.330936,-110.583339,0, ,0.0,0.0,0.0,0.0,2,12200,0,1,250,0,0,0

SID,DMA2,ROSKR,3
IF,TUS,32.095203,-110.914856, ,0.0,0.0,0,0,0,0,0,0,0,0
TF,ROSKR,32.281711,-111.461694,0, ,0.0,0.0,0.0,0.0,0,0,0,0,0,0,0,0

SID,MESCA1,12,2
VA,0,125.0,2,3110,0,0,0,0,0,0
DF,MESCA,31.894017,-110.485528,0, ,0.0,0.0,2,7700,0,0,0,0,0,0

APPTR,I12-Y,12,JEKUD
IF,JEKUD,32.469669,-111.210589, ,0.0,0.0,2,8000,0,0,0,0,1,0
CF,MARKZ,32.370644,-111.104847,0,IAFB,305.4,18.0,126.0,8.0,2,6000,0,0,0,0,1,0

FINAL,I12-Y,12,I,3
IF,MARKZ,32.370644,-111.104847,IAFB,305.4,18.0,2,6000,0,0,0,0,0,0
CF,POSLE,32.252000,-110.975944,0,IAFB,305.4,8.3,125.0,9.7,1,4500,0,0,0,0,2,0
CF,RW12,32.180167,-110.898092,0,IAFB,305.4,2.4,125.0,5.8,1,2637,0,0,0,0,3,0
CI,0, ,0.0,125.0,0,0,0,0,0,0,0,0
CF,ACINI,31.880003,-110.517253,0,DMA,120.0,25.0,120.0,23.0,2,8000,0,0,0,0,0,0

APPTR,I12-Z,12,JEKUD
IF,JEKUD,32.469669,-111.210589, ,0.0,0.0,2,10000,0,0,0,0,1,0
CF,MARKZ,32.370644,-111.104847,0,IAFB,305.4,18.0,126.0,8.0,2,6000,0,0,0,0,1,0

FINAL,I12-Z,12,I,3
IF,MARKZ,32.370644,-111.104847,IAFB,305.4,18.0,2,6000,0,0,0,0,0,0
CF,POSLE,32.252000,-110.975944,0,IAFB,305.4,8.3,125.0,9.7,1,4500,0,0,0,0,2,0
CF,RW12,32.180167,-110.898092,0,IAFB,305.4,2.4,125.0,5.8,1,2637,0,0,0,0,3,0
CI,0, ,0.0,125.0,0,0,0,0,0,0,0,0
CF,ACINI,31.880003,-110.517253,0,DMA,120.0,25.0,120.0,23.0,2,8000,0,0,0,0,0,0

APPTR,I30-Y,30,AMDUY
IF,AMDUY,31.878694,-110.573764, ,0.0,0.0,2,10000,0,0,0,0,1,0
TF,WORMO,31.964967,-110.666289,0, ,0.0,0.0,0.0,0.0,2,7500,0,0,0,0,0,0
CF,JOSUR,32.021631,-110.727175,0,IDMA,125.4,13.2,305.0,4.6,2,6100,0,0,0,0,0,0

FINAL,I30-Y,30,I,3
IF,JOSUR,32.021631,-110.727175,IDMA,125.4,13.2,2,6100,0,0,0,0,0,0
CF,HEBRI,32.085439,-110.795867,0,IDMA,125.4,8.0,305.0,5.2,1,4500,0,0,0,0,2,0
CF,RW30,32.152561,-110.868250,0,IDMA,125.4,2.6,305.0,5.5,1,2763,0,0,0,0,3,0
CA,0,305.0,2,3110,0,0,0,0,0,0
CF,SHORR,32.436031,-111.135517,0,DMA,310.0,21.0,310.0,20.2,2,8000,0,0,0,0,0,0
HM,SHORR,32.436031,-111.135517,1, ,0.0,0.0,130.0,05,3,12000,0,1,230,0,0,0,0

APPTR,I30-Z,30,AMDUY
IF,AMDUY,31.878694,-110.573764, ,0.0,0.0,2,12000,0,0,0,0,1,0
TF,WORMO,31.964967,-110.666289,0, ,0.0,0.0,0.0,0.0,2,7500,0,0,0,0,0,0
CF,JOSUR,32.021631,-110.727175,0,IDMA,125.4,13.2,305.0,4.6,2,6100,0,0,0,0,0,0

FINAL,I30-Z,30,I,3
IF,JOSUR,32.021631,-110.727175,IDMA,125.4,13.2,2,6100,0,0,0,0,0,0
CF,HEBRI,32.085439,-110.795867,0,IDMA,125.4,8.0,305.0,5.2,1,4500,0,0,0,0,2,0
CF,RW30,32.152561,-110.868250,0,IDMA,125.4,2.6,305.0,5.5,1,2763,0,0,0,0,3,0
CA,0,305.0,2,3110,0,0,0,0,0,0
CF,SHORR,32.436031,-111.135517,0,DMA,310.0,21.0,310.0,20.2,2,8000,0,0,0,0,0,0
HM,SHORR,32.436031,-111.135517,1, ,0.0,0.0,130.0,05,3,12000,0,1,230,0,0,0,0

APPTR,R12,12,JAMRR
IF,JAMRR,32.401186,-111.137972, ,0.0,0.0,2,7000,0,0,0,0,1,0
TF,BINTT,32.324147,-111.054172,0, ,0.0,0.0,0.0,0.0,1,5000,0,0,0,0,1,0

FINAL,R12,12,R,3
IF,BINTT,32.324147,-111.054172, ,0.0,0.0,1,5000,0,0,0,0,0,0
TF,GADGT,32.232756,-110.955019,0, ,0.0,0.0,125.0,7.4,2,4000,0,0,0,0,2,0
TF,RW12,32.180167,-110.898092,0, ,0.0,0.0,125.0,4.3,1,2637,0,0,0,0,3,1
CA,0,125.0,2,2815,0,0,0,0,0,0
DF,BUZRR,32.073883,-110.783342,0, ,0.0,0.0,0,0,0,0,0,0,0,0
TF,ACINI,31.880003,-110.517253,0, ,0.0,0.0,0.0,0.0,2,10000,0,0,0,0,0,1
HM,ACINI,31.880003,-110.517253,2, ,0.0,0.0,299.0,04,3,11000,0,1,230,0,0,0,0

APPTR,R30,30,NOIZE
IF,NOIZE,31.946778,-110.646406, ,0.0,0.0,2,7000,0,0,0,0,1,0
TF,SEASE,32.014428,-110.719314,0, ,0.0,0.0,0.0,0.0,1,5800,0,0,0,0,1,0

FINAL,R30,30,R,3
IF,SEASE,32.014428,-110.719314, ,0.0,0.0,1,5800,0,0,0,0,0,0
TF,BUZRR,32.073883,-110.783342,0, ,0.0,0.0,305.0,4.8,2,4800,0,0,0,0,2,0
TF,RW30,32.152561,-110.868250,0, ,0.0,0.0,305.0,6.4,1,2763,0,0,0,0,3,1
CA,0,305.0,2,2966,0,0,0,0,0,0
DF,JAMRR,32.401186,-111.137972,0, ,0.0,0.0,2,8000,0,0,0,0,0,1
HM,JAMRR,32.401186,-111.137972,1, ,0.0,0.0,125.0,04,3,10000,0,1,230,0,0,0,0

APPTR,T12-Y,12,SHORR
IF,SHORR,32.436031,-111.135517, ,0.0,0.0,2,8000,0,0,0,0,1,0
TF,FIVIL,32.344053,-111.050475,0, ,0.0,0.0,0.0,0.0,2,6600,0,0,0,0,1,0

FINAL,T12-Y,12,D,3
IF,FIVIL,32.344053,-111.050475,DMA,310.0,14.0,2,6600,0,0,0,0,0,0
CF,NEBNE,32.255958,-110.969242,0,DMA,310.0,7.3,130.0,6.7,2,4600,0,0,0,0,2,0
CF,ESALE,32.187553,-110.906300,0,DMA,310.0,2.1,130.0,5.2,1,2852,0,0,0,0,3,0
CA,0,130.0,2,3110,0,0,0,0,0,0
CF,ACINI,31.880003,-110.517253,0,DMA,120.0,25.0,120.0,27.0,2,8000,0,0,0,0,0,0

APPTR,T12-Z,12,SHORR
IF,SHORR,32.436031,-111.135517, ,0.0,0.0,2,11000,0,0,0,0,1,0
TF,FIVIL,32.344053,-111.050475,0, ,0.0,0.0,0.0,0.0,2,6600,0,0,0,0,1,0

FINAL,T12-Z,12,D,3
IF,FIVIL,32.344053,-111.050475,DMA,310.0,14.0,2,6600,0,0,0,0,0,0
CF,NEBNE,32.255958,-110.969242,0,DMA,310.0,7.3,130.0,6.7,2,4600,0,0,0,0,2,0
CF,ESALE,32.187553,-110.906300,0,DMA,310.0,2.1,130.0,5.2,1,2852,0,0,0,0,3,0
CA,0,130.0,2,3110,0,0,0,0,0,0
CF,ACINI,31.880003,-110.517253,0,DMA,120.0,25.0,120.0,27.0,2,8000,0,0,0,0,0,0

APPTR,T30-Y,30,ARGHH
IF,ARGHH,31.907444,-110.541039, ,0.0,0.0,2,10000,0,0,0,0,1,0
TF,WUDAR,31.984381,-110.644281,0, ,0.0,0.0,0.0,0.0,2,7400,0,0,0,0,1,0

FINAL,T30-Y,30,D,4
IF,WUDAR,31.984381,-110.644281,DMA,119.0,16.0,2,7400,0,0,0,0,0,0
CF,WEMVI,32.039283,-110.718131,0,DMA,119.0,11.0,299.0,5.0,2,5900,0,0,0,0,0,0
CF,HUNIN,32.094144,-110.792067,0,DMA,119.0,6.0,299.0,5.0,2,4500,0,0,0,0,2,0
CF,ZUSTI,32.146767,-110.863131,0,DMA,119.0,1.2,299.0,4.8,1,2905,0,0,0,0,3,0
CA,0,299.0,2,3110,0,0,0,0,0,0
CF,SHORR,32.436031,-111.135517,0,DMA,310.0,21.0,310.0,21.2,2,8000,0,0,0,0,0,0
HM,SHORR,32.436031,-111.135517,1, ,0.0,0.0,130.0,05,3,12000,0,1,230,0,0,0,0

APPTR,T30-Z,30,ARGHH
IF,ARGHH,31.907444,-110.541039, ,0.0,0.0,2,12000,0,0,0,0,1,0
TF,WUDAR,31.984381,-110.644281,0, ,0.0,0.0,0.0,0.0,2,7400,0,0,0,0,1,0

FINAL,T30-Z,30,D,4
IF,WUDAR,31.984381,-110.644281,DMA,119.0,16.0,2,7400,0,0,0,0,0,0
CF,WEMVI,32.039283,-110.718131,0,DMA,119.0,11.0,299.0,5.0,2,5900,0,0,0,0,0,0
CF,HUNIN,32.094144,-110.792067,0,DMA,119.0,6.0,299.0,5.0,2,4500,0,0,0,0,2,0
CF,ZUSTI,32.146767,-110.863131,0,DMA,119.0,1.2,299.0,4.8,1,2905,0,0,0,0,3,0
CA,0,299.0,2,3110,0,0,0,0,0,0
CF,SHORR,32.436031,-111.135517,0,DMA,310.0,21.0,310.0,21.2,2,8000,0,0,0,0,0,0
HM,SHORR,32.436031,-111.135517,1, ,0.0,0.0,130.0,05,3,12000,0,1,230,0,0,0,0

