APPTR,R13,13,ROZZA
IF,ROZZA,38.508183,-122.810614, ,0.0,0.0,0,0,0,0,0,0,0,0
TF,RACFE,38.440336,-122.757161,0, ,0.0,0.0,0.0,0.0,2,5000,0,0,0,0,1,0
TF,ORIBY,38.295350,-122.644431,0, ,0.0,0.0,0.0,0.0,2,3000,0,0,0,0,1,0

FINAL,R13,13,R,3
IF,ORIBY,38.295350,-122.644431, ,0.0,0.0,2,3000,0,0,0,0,0,0
TF,EYEJI,38.223642,-122.603081,0, ,0.0,0.0,140.0,4.7,2,2000,0,0,0,0,2,0
TF,GOVLE,38.151050,-122.562619,0, ,0.0,0.0,140.0,4.8,1,136,0,0,0,0,3,1
CA,0,140.0,2,404,0,0,0,0,0,0
DF,SGD,38.179361,-122.373153,1, ,0.0,0.0,2,4200,0,0,0,0,0,1
HM,SGD,38.179361,-122.373153,2, ,0.0,0.0,180.0,05,2,4200,0,0,0,0,0,0,0

