APPTR,R15,15,BARHA
IF,BARHA,44.488300,-68.327544, ,0.0,0.0,0,0,0,0,0,0,1,0
TF,PIERR,45.012358,-67.207756,0, ,0.0,0.0,0.0,0.0,2,3000,0,0,0,0,1,0

APPTR,R15,15,MOWND
IF,MOWND,45.376667,-66.657222, ,0.0,0.0,0,0,0,0,0,0,0,0
TF,PIERR,45.012358,-67.207756,0, ,0.0,0.0,0.0,0.0,2,3000,0,0,0,0,0,0
HF,PIERR,45.012358,-67.207756,2, ,0.0,0.0,145.0,04,2,3000,0,0,0,0,1,0,0

FINAL,R15,15,R,4
IF,PIERR,45.012358,-67.207756, ,0.0,0.0,2,3000,0,0,0,0,0,0
TF,KEAND,44.958911,-67.105606,0, ,0.0,0.0,145.0,5.4,2,1600,0,0,0,0,2,0
TF,CAXIX,44.936178,-67.062272,0, ,0.0,0.0,145.0,2.3,2,840,0,0,0,0,0,0
TF,RW15,44.913386,-67.018894,0, ,0.0,0.0,145.0,2.3,1,88,0,0,0,0,3,1
CA,0,145.0,2,500,0,0,0,0,0,0
DF,PIERR,45.012358,-67.207756,2, ,0.0,0.0,2,4000,0,0,0,0,0,1
HM,PIERR,45.012358,-67.207756,2, ,0.0,0.0,145.0,04,2,4000,0,0,0,0,0,0,0

APPTR,R33,33,BARHA
IF,BARHA,44.488300,-68.327544, ,0.0,0.0,0,0,0,0,0,0,0,0
TF,OCESA,44.670778,-66.952039,0, ,0.0,0.0,0.0,0.0,2,3000,0,0,0,0,1,0
TF,LUBCI,44.804589,-66.812658,0, ,0.0,0.0,0.0,0.0,2,3000,0,0,0,0,1,0

FINAL,R33,33,R,4
IF,LUBCI,44.804589,-66.812658, ,0.0,0.0,2,3000,0,0,0,0,0,0
TF,FEGUD,44.861692,-66.920764,0, ,0.0,0.0,326.0,5.8,2,1600,0,0,0,0,2,0
TF,JEXAT,44.888011,-66.970683,0, ,0.0,0.0,326.0,2.7,2,720,0,0,0,0,0,0
TF,RW33,44.906856,-67.006481,0, ,0.0,0.0,326.0,1.9,1,102,0,0,0,0,3,1
CA,0,326.0,2,378,0,0,0,0,0,0
DF,PIERR,45.012358,-67.207756,0, ,0.0,0.0,2,4000,0,0,0,0,0,1
HM,PIERR,45.012358,-67.207756,2, ,0.0,0.0,145.0,04,2,4000,0,0,0,0,0,0,0

