APPTR,R27,27,DENIL
IF,DENIL,35.334883,-78.839189, ,0.0,0.0,2,2100,0,0,0,0,0,0
TF,AXILE,35.146086,-78.685211,0, ,0.0,0.0,0.0,0.0,2,2100,0,0,0,0,0,1
HF,AXILE,35.146086,-78.685211,2, ,0.0,0.0,273.0,04,2,2100,0,1,175,0,1,0,0

APPTR,R27,27,FAY
IF,FAY,34.985550,-78.875064, ,0.0,0.0,2,2100,0,0,0,0,0,0
TF,AXILE,35.146086,-78.685211,0, ,0.0,0.0,0.0,0.0,2,2100,0,0,0,0,0,1
HF,AXILE,35.146086,-78.685211,2, ,0.0,0.0,273.0,04,2,2100,0,1,175,0,1,0,0

APPTR,R27,27,ROZBO
IF,ROZBO,34.956606,-78.627006, ,0.0,0.0,2,2100,0,0,0,0,0,0
TF,AXILE,35.146086,-78.685211,0, ,0.0,0.0,0.0,0.0,2,2100,0,0,0,0,0,1
HF,AXILE,35.146086,-78.685211,2, ,0.0,0.0,273.0,04,2,2100,0,1,175,0,1,0,0

FINAL,R27,27,R,3
IF,AXILE,35.146086,-78.685211, ,0.0,0.0,2,2100,0,1,100,0,0,0
TF,DORBY,35.138658,-78.819300,0, ,0.0,0.0,273.0,6.6,2,2000,0,0,0,0,2,0
TF,RW27,35.132517,-78.928506,0, ,0.0,0.0,273.0,5.4,1,259,0,0,0,0,3,1
CA,0,273.0,2,644,0,0,0,0,0,0
DF,AXILE,35.146086,-78.685211,1, ,0.0,0.0,2,2100,0,1,100,0,0,1
HM,AXILE,35.146086,-78.685211,2, ,0.0,0.0,273.0,04,3,6000,0,1,175,0,0,0,0

