STAR,CINCE9,APE,1
IF,APE,40.151064,-82.588300, ,0.0,0.0,0,0,0,0,0,0,0,0
TF,BOWRR,39.966114,-83.032356,0, ,0.0,0.0,0.0,0.0,0,0,0,0,0,0,0,0
TF,ORLEE,39.711153,-83.633983,0, ,0.0,0.0,0.0,0.0,0,0,0,0,0,0,0,0
TF,HEDEE,39.637581,-83.805617,0, ,0.0,0.0,0.0,0.0,0,0,0,0,0,0,0,0
TF,JARSO,39.591739,-83.911681,0, ,0.0,0.0,0.0,0.0,0,0,0,0,0,0,0,0
TF,TIGRR,39.490058,-84.052994,0, ,0.0,0.0,0.0,0.0,0,0,0,0,0,0,0,0

STAR,CINCE9,ALL,2
IF,TIGRR,39.490058,-84.052994, ,0.0,0.0,0,0,0,0,0,0,0,0
TF,CHARZ,39.392806,-84.187539,0, ,0.0,0.0,0.0,0.0,0,0,0,0,0,0,0,0
TF,CVG,39.015981,-84.703347,0, ,0.0,0.0,0.0,0.0,0,0,0,0,0,0,0,0

STAR,HARDU5,HMV,1
IF,HMV,36.437056,-82.129600, ,0.0,0.0,0,0,0,0,0,0,0,0
TF,PACKO,36.784992,-82.711628,0, ,0.0,0.0,0.0,0.0,0,0,0,0,0,0,0,0
TF,CHEDA,37.329892,-83.643925,0, ,0.0,0.0,0.0,0.0,0,0,0,0,0,0,0,0
TF,TAYOS,37.639544,-83.588167,0, ,0.0,0.0,0.0,0.0,0,0,0,0,0,0,0,0
TF,HARDU,37.778158,-83.685897,0, ,0.0,0.0,0.0,0.0,0,0,0,0,0,0,0,0

STAR,HARDU5,VXV,1
IF,VXV,35.904839,-83.894719, ,0.0,0.0,0,0,0,0,0,0,0,0
TF,ARTUR,36.532872,-83.785364,0, ,0.0,0.0,0.0,0.0,0,0,0,0,0,0,0,0
TF,CHEDA,37.329892,-83.643925,0, ,0.0,0.0,0.0,0.0,0,0,0,0,0,0,0,0
TF,TAYOS,37.639544,-83.588167,0, ,0.0,0.0,0.0,0.0,0,0,0,0,0,0,0,0
TF,HARDU,37.778158,-83.685897,0, ,0.0,0.0,0.0,0.0,0,0,0,0,0,0,0,0

STAR,HARDU5,ALL,2
IF,HARDU,37.778158,-83.685897, ,0.0,0.0,0,0,0,0,0,0,0,0
TF,JAKIE,38.431989,-84.153044,0, ,0.0,0.0,0.0,0.0,0,0,0,0,0,0,0,0
TF,FLM,38.649442,-84.310603,0, ,0.0,0.0,0.0,0.0,0,0,0,0,0,0,0,0
TF,ZETLA,38.928414,-84.743661,0, ,0.0,0.0,0.0,0.0,0,0,0,0,0,0,0,0

STAR,HEDEE4,FWA,1
IF,FWA,40.979064,-85.188058, ,0.0,0.0,0,0,0,0,0,0,0,0
TF,OSBER,40.752464,-84.807964,0, ,0.0,0.0,0.0,0.0,0,0,0,0,0,0,0,0
TF,ROD,40.287800,-84.043097,0, ,0.0,0.0,0.0,0.0,0,0,0,0,0,0,0,0
TF,ORICE,40.111228,-83.978153,0, ,0.0,0.0,0.0,0.0,0,0,0,0,0,0,0,0
TF,HEDEE,39.637581,-83.805617,0, ,0.0,0.0,0.0,0.0,0,0,0,0,0,0,0,0

STAR,HEDEE4,ROD,1
IF,ROD,40.287800,-84.043097, ,0.0,0.0,0,0,0,0,0,0,0,0
TF,ORICE,40.111228,-83.978153,0, ,0.0,0.0,0.0,0.0,0,0,0,0,0,0,0,0
TF,HEDEE,39.637581,-83.805617,0, ,0.0,0.0,0.0,0.0,0,0,0,0,0,0,0,0

STAR,HEDEE4,ALL,2
IF,HEDEE,39.637581,-83.805617, ,0.0,0.0,0,0,0,0,0,0,0,0
TF,JADAT,39.238794,-84.384517,0, ,0.0,0.0,0.0,0.0,0,0,0,0,0,0,0,0

STAR,SHB6,BVT,1
IF,BVT,40.556172,-87.069375, ,0.0,0.0,0,0,0,0,0,0,0,0
TF,TORIO,40.249086,-86.876036,0, ,0.0,0.0,0.0,0.0,0,0,0,0,0,0,0,0
TF,MACES,40.003681,-86.722950,0, ,0.0,0.0,0.0,0.0,0,0,0,0,0,0,0,0
TF,VHP,39.814728,-86.367500,0, ,0.0,0.0,0.0,0.0,0,0,0,0,0,0,0,0
TF,SHB,39.632542,-85.824317,0, ,0.0,0.0,0.0,0.0,0,0,0,0,0,0,0,0
TF,CEGRM,39.518167,-85.485011,0, ,0.0,0.0,0.0,0.0,0,0,0,0,0,0,0,0

STAR,SHB6,JOT,1
IF,JOT,41.546419,-88.318411, ,0.0,0.0,0,0,0,0,0,0,0,0
TF,CADIZ,41.167775,-87.387714,0, ,0.0,0.0,0.0,0.0,0,0,0,0,0,0,0,0
TF,FATOX,40.801206,-87.195964,0, ,0.0,0.0,0.0,0.0,0,0,0,0,0,0,0,0
TF,BVT,40.556172,-87.069375,0, ,0.0,0.0,0.0,0.0,0,0,0,0,0,0,0,0
TF,TORIO,40.249086,-86.876036,0, ,0.0,0.0,0.0,0.0,0,0,0,0,0,0,0,0
TF,MACES,40.003681,-86.722950,0, ,0.0,0.0,0.0,0.0,0,0,0,0,0,0,0,0
TF,VHP,39.814728,-86.367500,0, ,0.0,0.0,0.0,0.0,0,0,0,0,0,0,0,0
TF,SHB,39.632542,-85.824317,0, ,0.0,0.0,0.0,0.0,0,0,0,0,0,0,0,0
TF,CEGRM,39.518167,-85.485011,0, ,0.0,0.0,0.0,0.0,0,0,0,0,0,0,0,0

STAR,SHB6,OBK,1
IF,OBK,42.221378,-87.951669, ,0.0,0.0,0,0,0,0,0,0,0,0
TF,DELHI,41.933333,-87.786111,0, ,0.0,0.0,0.0,0.0,0,0,0,0,0,0,0,0
TF,CGT,41.510006,-87.571547,0, ,0.0,0.0,0.0,0.0,0,0,0,0,0,0,0,0
TF,CADIZ,41.167775,-87.387714,0, ,0.0,0.0,0.0,0.0,0,0,0,0,0,0,0,0
TF,FATOX,40.801206,-87.195964,0, ,0.0,0.0,0.0,0.0,0,0,0,0,0,0,0,0
TF,BVT,40.556172,-87.069375,0, ,0.0,0.0,0.0,0.0,0,0,0,0,0,0,0,0
TF,TORIO,40.249086,-86.876036,0, ,0.0,0.0,0.0,0.0,0,0,0,0,0,0,0,0
TF,MACES,40.003681,-86.722950,0, ,0.0,0.0,0.0,0.0,0,0,0,0,0,0,0,0
TF,VHP,39.814728,-86.367500,0, ,0.0,0.0,0.0,0.0,0,0,0,0,0,0,0,0
TF,SHB,39.632542,-85.824317,0, ,0.0,0.0,0.0,0.0,0,0,0,0,0,0,0,0
TF,CEGRM,39.518167,-85.485011,0, ,0.0,0.0,0.0,0.0,0,0,0,0,0,0,0,0

STAR,SHB6,ALL,2
IF,CEGRM,39.518167,-85.485011, ,0.0,0.0,0,0,0,0,0,0,0,0
TF,CVG,39.015981,-84.703347,0, ,0.0,0.0,0.0,0.0,0,0,0,0,0,0,0,0

APPTR,I29,29,HOLGR
HF,HOLGR,39.325761,-84.390461,1, ,0.0,0.0,295.0,04.3,2,2600,0,0,0,0,1,0,0

FINAL,I29,29,I,3
IF,BRNIE,39.278211,-84.227006,IRQF,115.4,15.3,2,2600,0,0,0,0,0,0
CF,HOLGR,39.325761,-84.390461,0,IRQF,115.4,7.2,295.0,8.1,1,2600,0,0,0,0,2,0
CF,RW29,39.361131,-84.512828,0,IRQF,115.4,1.1,295.0,6.1,1,665,0,0,0,0,3,0
CA,0,295.0,2,1600,0,0,0,0,0,0
DF,MIZZA,39.497058,-84.456742,2, ,0.0,0.0,2,2600,0,0,0,0,0,0
HM,MIZZA,39.497058,-84.456742,2, ,0.0,0.0,207.0,04,0,0,0,0,0,0,0,0,0

APPTR,R11,11,MONTR
HF,MONTR,39.434289,-84.767594,2, ,0.0,0.0,115.0,04,2,2700,0,0,0,0,1,0,0

FINAL,R11,11,R,4
IF,MONTR,39.434289,-84.767594, ,0.0,0.0,2,2700,0,0,0,0,0,0
TF,CLIFH,39.394922,-84.630197,0, ,0.0,0.0,115.0,6.8,2,2500,0,0,0,0,2,0
TF,DASBY,39.383222,-84.589497,0, ,0.0,0.0,115.0,2.0,2,1740,0,0,0,0,0,0
TF,RW11,39.366389,-84.531061,0, ,0.0,0.0,115.0,2.9,1,672,0,0,0,0,3,1
CA,0,115.0,2,1020,0,0,0,0,0,0
DF,BRNIE,39.278211,-84.227006,0, ,0.0,0.0,2,3000,0,0,0,0,0,1
HM,BRNIE,39.278211,-84.227006,2, ,0.0,0.0,296.0,04,0,0,0,0,0,0,0,0,0

APPTR,R29,29,BRNIE
HF,BRNIE,39.278211,-84.227006,2, ,0.0,0.0,296.0,04,2,3000,0,0,0,0,1,0,0

APPTR,R29,29,CINPA
IF,CINPA,39.635714,-84.384919, ,0.0,0.0,0,0,0,0,0,0,0,0
TF,BRNIE,39.278211,-84.227006,0, ,0.0,0.0,0.0,0.0,2,3000,0,0,0,0,0,1
HF,BRNIE,39.278211,-84.227006,2, ,0.0,0.0,296.0,04,2,3000,0,0,0,0,1,0,0

FINAL,R29,29,R,4
IF,BRNIE,39.278211,-84.227006, ,0.0,0.0,2,3000,0,0,0,0,0,0
TF,HOLGR,39.325761,-84.390461,0, ,0.0,0.0,296.0,8.1,2,2600,0,0,0,0,2,0
TF,PUNUE,39.341933,-84.446375,0, ,0.0,0.0,295.0,2.8,2,1700,0,0,0,0,0,0
TF,RW29,39.361131,-84.512828,0, ,0.0,0.0,295.0,3.3,1,665,0,0,0,0,3,1
CA,0,295.0,2,819,0,0,0,0,0,0
DF,MONTR,39.434289,-84.767594,0, ,0.0,0.0,2,2700,0,0,0,0,0,1
HM,MONTR,39.434289,-84.767594,2, ,0.0,0.0,115.0,04,0,0,0,0,0,0,0,0,0

