APPTR,I12,12,AZINU
IF,AZINU,38.458708,-82.840000, ,0.0,0.0,2,3600,0,0,0,0,1,0
CF,WYLEE,38.433461,-82.761447,0,IHTS,298.4,10.9,118.0,4.0,2,3600,0,0,0,0,1,0

FINAL,I12,12,I,3
IF,WYLEE,38.433461,-82.761447,IHTS,298.4,10.9,2,3600,0,0,0,0,0,0
CF,HUNTT,38.398850,-82.654119,0,IHTS,298.4,5.5,118.0,5.5,1,2224,0,0,0,0,2,0
CF,RW12,38.372172,-82.571669,0,IHTS,298.4,1.2,118.0,4.2,1,884,0,0,0,0,3,0
CA,0,118.0,2,1700,0,0,0,0,0,0
DF,CROUP,38.504831,-82.399014,0, ,0.0,0.0,2,3000,0,0,0,0,0,0
HM,CROUP,38.504831,-82.399014,2, ,0.0,0.0,236.0,04,0,0,0,0,0,0,0,0,0

APPTR,I30,30,HAITI
IF,HAITI,38.269483,-82.256644, ,0.0,0.0,2,3600,0,0,0,0,1,0
CF,KIRRK,38.293125,-82.328758,0,ITUU,118.4,12.6,298.0,3.7,2,3600,0,0,0,0,1,0

FINAL,I30,30,I,3
IF,KIRRK,38.293125,-82.328758,ITUU,118.4,12.6,2,3600,0,0,0,0,0,0
CF,HIBTI,38.340967,-82.475522,0,ITUU,118.4,5.1,298.0,7.5,1,2100,0,0,0,0,2,0
CF,RW30,38.365361,-82.550653,0,ITUU,118.4,1.3,298.0,3.8,1,878,0,0,0,0,3,0
CA,0,298.0,2,1300,0,0,0,0,0,0
VI,2, ,0.0,55.0,0,0,0,0,0,0,0,0
CF,MILLK,38.451236,-82.478608,0,HVQ,283.5,34.0,104.0,2.7,2,4000,0,0,0,0,0,0
HM,MILLK,38.451236,-82.478608,2, ,0.0,0.0,284.0,04.3,2,4000,0,0,0,0,0,0,0

APPTR,R12,12,YRK
IF,YRK,38.644133,-82.978339, ,0.0,0.0,0,0,0,0,0,0,1,0
TF,MYKEE,38.438069,-82.775775,0, ,0.0,0.0,0.0,0.0,2,2600,0,0,0,0,1,0

FINAL,R12,12,R,4
IF,MYKEE,38.438069,-82.775775, ,0.0,0.0,2,2600,0,0,0,0,0,0
TF,JAVUP,38.400386,-82.658889,0, ,0.0,0.0,118.0,6.0,2,2300,0,0,0,0,2,0
TF,KEVGE,38.389939,-82.626558,0, ,0.0,0.0,118.0,1.7,2,1760,0,0,0,0,0,0
TF,RW12,38.372172,-82.571669,0, ,0.0,0.0,118.0,2.8,1,884,0,0,0,0,3,1
CA,0,118.0,2,1700,0,0,0,0,0,0
DF,CROUP,38.504831,-82.399014,0, ,0.0,0.0,2,3000,0,0,0,0,0,1
HM,CROUP,38.504831,-82.399014,2, ,0.0,0.0,236.0,04,0,0,0,0,0,0,0,0,0

APPTR,R30,30,CELLI
IF,CELLI,38.028264,-82.278281, ,0.0,0.0,0,0,0,0,0,0,0,0
TF,KOSME,38.161919,-82.397150,0, ,0.0,0.0,0.0,0.0,2,3600,0,0,0,0,1,0
TF,KIRRK,38.293125,-82.328758,0, ,0.0,0.0,0.0,0.0,2,3600,0,0,0,0,1,0

APPTR,R30,30,GREGZ
IF,GREGZ,38.416503,-82.263711, ,0.0,0.0,0,0,0,0,0,0,1,0
TF,KIRRK,38.293125,-82.328758,0, ,0.0,0.0,0.0,0.0,2,3600,0,0,0,0,1,0

APPTR,R30,30,HAITI
IF,HAITI,38.269483,-82.256644, ,0.0,0.0,0,0,0,0,0,0,1,0
TF,KIRRK,38.293125,-82.328758,0, ,0.0,0.0,0.0,0.0,2,3600,0,0,0,0,1,0

FINAL,R30,30,R,3
IF,KIRRK,38.293125,-82.328758, ,0.0,0.0,2,3600,0,0,0,0,0,0
TF,HIBTI,38.340967,-82.475522,0, ,0.0,0.0,299.0,7.5,2,2100,0,0,0,0,2,0
TF,RW30,38.365361,-82.550653,0, ,0.0,0.0,298.0,3.8,1,878,0,0,0,0,3,1
CA,0,298.0,2,1700,0,0,0,0,0,0
DF,CROUP,38.504831,-82.399014,2, ,0.0,0.0,2,4000,0,0,0,0,0,1
HM,CROUP,38.504831,-82.399014,2, ,0.0,0.0,236.0,04,2,4000,0,0,0,0,0,0,0

