APPTR,I04L,04L,CVG
IF,CVG,39.015981,-84.703347, ,0.0,0.0,0,0,0,0,0,0,1,0
TF,RHYNO,39.205953,-84.017914,0, ,0.0,0.0,0.0,0.0,2,4000,0,0,0,0,1,0
CF,KNITE,39.301611,-83.924675,0,IHWM,224.3,10.8,44.0,7.2,2,4000,0,0,0,0,0,0

APPTR,I04L,04L,FLM
IF,FLM,38.649442,-84.310603, ,0.0,0.0,0,0,0,0,0,0,1,0
TF,RHYNO,39.205953,-84.017914,0, ,0.0,0.0,0.0,0.0,2,4000,0,0,0,0,1,0
CF,KNITE,39.301611,-83.924675,0,IHWM,224.3,10.8,44.0,7.2,2,4000,0,0,0,0,0,0

FINAL,I04L,04L,I,3
IF,KNITE,39.301611,-83.924675,IHWM,224.3,10.8,2,4000,0,0,0,0,0,0
CF,CUBLA,39.352756,-83.874606,0,IHWM,224.3,7.0,44.0,3.9,1,2725,0,0,0,0,2,0
CF,RW04L,39.419356,-83.809275,0,IHWM,224.3,1.9,44.0,5.0,1,1104,0,0,0,0,3,0
CA,0,44.0,2,1600,0,0,0,0,0,0
CF,BUNSS,39.579583,-83.706728,0,MXQ,30.0,10.0,30.0,10.0,2,4000,0,0,0,0,0,0
HM,BUNSS,39.579583,-83.706728,2, ,0.0,0.0,210.0,04.3,0,0,0,0,0,0,0,0,0

APPTR,I04R,04R,GRUMN
IF,GRUMN,39.197192,-84.007367, ,0.0,0.0,2,4000,0,0,0,0,1,0
CF,TOSHA,39.303511,-83.903631,0,IIYV,224.3,10.0,44.0,8.0,2,4000,0,0,0,0,1,0

FINAL,I04R,04R,I,3
IF,TOSHA,39.303511,-83.903631,IIYV,224.3,10.0,2,4000,0,0,0,0,0,0
CF,SUITS,39.345672,-83.862428,0,IIYV,224.3,6.8,44.0,3.2,1,2770,0,0,0,0,2,0
CF,RW04R,39.414386,-83.795025,0,IIYV,224.3,1.7,44.0,5.2,1,1098,0,0,0,0,3,0
CA,0,44.0,2,1700,0,0,0,0,0,0
CF,NEWIC,39.483825,-83.597683,0,MXQ,75.0,10.0,75.0,9.0,2,4000,0,0,0,0,0,0
HM,NEWIC,39.483825,-83.597683,2, ,0.0,0.0,255.0,04.3,0,0,0,0,0,0,0,0,0

APPTR,I22L,22L,LEFTE
IF,LEFTE,39.650747,-83.561778, ,0.0,0.0,0,0,0,0,0,0,1,0
CF,QUAKR,39.558025,-83.653525,0,IRHX,44.3,11.0,224.0,7.0,2,4000,0,0,0,0,1,0

FINAL,I22L,22L,I,3
IF,QUAKR,39.558025,-83.653525,IRHX,44.3,11.0,2,4000,0,0,0,0,0,0
CF,DURRA,39.491742,-83.718953,0,IRHX,44.3,6.0,224.0,5.0,1,2535,0,0,0,0,2,0
CF,RW22L,39.434036,-83.775711,0,IRHX,44.3,1.7,224.0,4.4,1,1132,0,0,0,0,3,0
CA,0,224.0,2,1500,0,0,0,0,0,0
CF,ERLEY,39.269328,-83.860375,0,MXQ,200.0,10.0,200.0,9.0,2,4000,0,0,0,0,0,0
HM,ERLEY,39.269328,-83.860375,2, ,0.0,0.0,200.0,04.3,0,0,0,0,0,0,0,0,0

APPTR,I22R,22R,APE
IF,APE,40.151064,-82.588300, ,0.0,0.0,0,0,0,0,0,0,0,0
TF,RITEY,39.655561,-83.576247,0, ,0.0,0.0,0.0,0.0,2,3000,0,0,0,0,1,0
CF,WIZRD,39.574508,-83.656419,0,IILN,44.3,11.9,224.0,6.1,2,2600,0,0,0,0,1,0

FINAL,I22R,22R,I,3
IF,WIZRD,39.574508,-83.656419,IILN,44.3,11.9,2,2600,0,0,0,0,0,0
CF,AIRBO,39.492517,-83.737308,0,IILN,44.3,5.7,224.0,6.2,1,2327,0,0,0,0,2,0
CF,RW22R,39.442722,-83.786314,0,IILN,44.3,2.0,224.0,3.8,1,1132,0,0,0,0,3,0
CA,0,224.0,2,1600,0,0,0,0,0,0
CF,KLARC,39.361681,-83.997533,0,MXQ,250.0,10.0,250.0,10.0,2,3500,0,0,0,0,0,0
HM,KLARC,39.361681,-83.997533,2, ,0.0,0.0,70.0,04.3,2,3500,0,0,0,0,0,0,0

APPTR,R04L,04L,CHMLE
HF,CHMLE,39.269317,-83.956231,2, ,0.0,0.0,44.0,04,2,3000,0,0,0,0,1,0,0

APPTR,R04L,04L,FEIAT
IF,FEIAT,39.218844,-83.870833, ,0.0,0.0,0,0,0,0,0,0,1,0
TF,CHMLE,39.269317,-83.956231,0, ,0.0,0.0,0.0,0.0,2,3000,0,0,0,0,1,0

APPTR,R04L,04L,GOLYI
IF,GOLYI,39.319725,-84.041750, ,0.0,0.0,0,0,0,0,0,0,1,0
TF,CHMLE,39.269317,-83.956231,0, ,0.0,0.0,0.0,0.0,2,3000,0,0,0,0,1,0

FINAL,R04L,04L,R,4
IF,CHMLE,39.269317,-83.956231, ,0.0,0.0,2,3000,0,0,0,0,0,0
TF,LYMEE,39.349675,-83.877625,0, ,0.0,0.0,44.0,6.1,2,2800,0,0,0,0,2,0
TF,JAYEL,39.395469,-83.832725,0, ,0.0,0.0,44.0,3.5,2,1680,0,0,0,0,0,0
TF,RW04L,39.419356,-83.809275,0, ,0.0,0.0,44.0,1.8,1,1104,0,0,0,0,3,1
CA,0,44.0,2,1218,0,0,0,0,0,0
DF,WIZRD,39.574508,-83.656419,0, ,0.0,0.0,2,3000,0,0,0,0,0,1
HM,WIZRD,39.574508,-83.656419,2, ,0.0,0.0,224.0,04,0,0,0,0,0,0,0,0,0

APPTR,R22R,22R,AKOVY
IF,AKOVY,39.625133,-83.742097, ,0.0,0.0,0,0,0,0,0,0,1,0
TF,WIZRD,39.574508,-83.656419,0, ,0.0,0.0,0.0,0.0,2,3000,0,0,0,0,1,0

APPTR,R22R,22R,ODORY
IF,ODORY,39.523819,-83.570867, ,0.0,0.0,0,0,0,0,0,0,1,0
TF,WIZRD,39.574508,-83.656419,0, ,0.0,0.0,0.0,0.0,2,3000,0,0,0,0,1,0

APPTR,R22R,22R,WIZRD
HF,WIZRD,39.574508,-83.656419,2, ,0.0,0.0,224.0,04,2,3000,0,0,0,0,1,0,0

FINAL,R22R,22R,R,3
IF,WIZRD,39.574508,-83.656419, ,0.0,0.0,2,3000,0,0,0,0,0,0
TF,MURGE,39.494969,-83.734892,0, ,0.0,0.0,224.0,6.0,2,2400,0,0,0,0,2,0
TF,RW22R,39.442722,-83.786314,0, ,0.0,0.0,224.0,3.9,1,1132,0,0,0,0,3,1
CA,0,224.0,2,1277,0,0,0,0,0,0
DF,LYMEE,39.349675,-83.877625,0, ,0.0,0.0,0,0,0,0,0,0,0,0
TF,TIGRR,39.490058,-84.052994,2, ,0.0,0.0,0.0,0.0,2,3000,0,0,0,0,0,1
HM,TIGRR,39.490058,-84.052994,1, ,0.0,0.0,93.0,04,0,0,0,0,0,0,0,0,0

