STAR,CHERI4,ENL,1
IF,ENL,38.420000,-89.158997, ,0.0,0.0,0,0,0,0,0,0,0,0
TF,ZARDA,38.377239,-88.206481,0, ,0.0,0.0,0.0,0.0,0,0,0,0,0,0,0,0
TF,PENTO,38.328697,-87.287981,0, ,0.0,0.0,0.0,0.0,0,0,0,0,0,0,0,0
TF,SACKO,38.257267,-86.723842,0, ,0.0,0.0,0.0,0.0,0,0,0,0,0,0,0,0
TF,CHERI,38.230208,-86.514903,0, ,0.0,0.0,0.0,0.0,0,0,0,0,0,0,0,0

STAR,CHERI4,PXV,1
IF,PXV,37.928319,-87.762381, ,0.0,0.0,0,0,0,0,0,0,0,0
TF,SACKO,38.257267,-86.723842,0, ,0.0,0.0,0.0,0.0,0,0,0,0,0,0,0,0
TF,CHERI,38.230208,-86.514903,0, ,0.0,0.0,0.0,0.0,0,0,0,0,0,0,0,0

STAR,CHERI4,TTH,1
IF,TTH,39.488942,-87.249014, ,0.0,0.0,0,0,0,0,0,0,0,0
TF,SACKO,38.257267,-86.723842,0, ,0.0,0.0,0.0,0.0,0,0,0,0,0,0,0,0
TF,CHERI,38.230208,-86.514903,0, ,0.0,0.0,0.0,0.0,0,0,0,0,0,0,0,0

STAR,CHERI4,ALL,2
IF,CHERI,38.230208,-86.514903, ,0.0,0.0,0,0,0,0,0,0,0,0
TF,IIU,38.103464,-85.577436,0, ,0.0,0.0,0.0,0.0,0,0,0,0,0,0,0,0

STAR,DARBY8,HCH,1
IF,HCH,35.781014,-84.978453, ,0.0,0.0,0,0,0,0,0,0,0,0
TF,LVT,36.584508,-85.166622,0, ,0.0,0.0,0.0,0.0,0,0,0,0,0,0,0,0
TF,DARBY,37.654331,-84.953436,0, ,0.0,0.0,0.0,0.0,0,0,0,0,0,0,0,0

STAR,DARBY8,LOZ,1
IF,LOZ,37.033150,-84.110075, ,0.0,0.0,0,0,0,0,0,0,0,0
TF,UNCKL,37.481356,-84.716331,0, ,0.0,0.0,0.0,0.0,0,0,0,0,0,0,0,0
TF,DARBY,37.654331,-84.953436,0, ,0.0,0.0,0.0,0.0,0,0,0,0,0,0,0,0

STAR,DARBY8,UNCKL,1
IF,UNCKL,37.481356,-84.716331, ,0.0,0.0,0,0,0,0,0,0,0,0
TF,DARBY,37.654331,-84.953436,0, ,0.0,0.0,0.0,0.0,0,0,0,0,0,0,0,0

STAR,DARBY8,VXV,1
IF,VXV,35.904839,-83.894719, ,0.0,0.0,0,0,0,0,0,0,0,0
TF,DARBY,37.654331,-84.953436,0, ,0.0,0.0,0.0,0.0,0,0,0,0,0,0,0,0

STAR,DARBY8,ALL,2
IF,DARBY,37.654331,-84.953436, ,0.0,0.0,0,0,0,0,0,0,0,0
TF,IIU,38.103464,-85.577436,0, ,0.0,0.0,0.0,0.0,0,0,0,0,0,0,0,0

STAR,RDSTN6,APE,1
IF,APE,40.151064,-82.588300, ,0.0,0.0,0,0,0,0,0,0,0,0
TF,SHIRT,39.632978,-83.571150,0, ,0.0,0.0,0.0,0.0,0,0,0,0,0,0,0,0
TF,CVG,39.015981,-84.703347,0, ,0.0,0.0,0.0,0.0,0,0,0,0,0,0,0,0
TF,WARSA,38.763314,-84.948236,0, ,0.0,0.0,0.0,0.0,0,0,0,0,0,0,0,0
TF,NERVE,38.615628,-85.090344,0, ,0.0,0.0,0.0,0.0,0,0,0,0,0,0,0,0
TF,RDSTN,38.389614,-85.306375,0, ,0.0,0.0,0.0,0.0,0,0,0,0,0,0,0,0

STAR,RDSTN6,CVG,1
IF,CVG,39.015981,-84.703347, ,0.0,0.0,0,0,0,0,0,0,0,0
TF,WARSA,38.763314,-84.948236,0, ,0.0,0.0,0.0,0.0,0,0,0,0,0,0,0,0
TF,NERVE,38.615628,-85.090344,0, ,0.0,0.0,0.0,0.0,0,0,0,0,0,0,0,0
TF,RDSTN,38.389614,-85.306375,0, ,0.0,0.0,0.0,0.0,0,0,0,0,0,0,0,0

STAR,RDSTN6,ROD,1
IF,ROD,40.287800,-84.043097, ,0.0,0.0,0,0,0,0,0,0,0,0
TF,CVG,39.015981,-84.703347,0, ,0.0,0.0,0.0,0.0,0,0,0,0,0,0,0,0
TF,WARSA,38.763314,-84.948236,0, ,0.0,0.0,0.0,0.0,0,0,0,0,0,0,0,0
TF,NERVE,38.615628,-85.090344,0, ,0.0,0.0,0.0,0.0,0,0,0,0,0,0,0,0
TF,RDSTN,38.389614,-85.306375,0, ,0.0,0.0,0.0,0.0,0,0,0,0,0,0,0,0

STAR,RDSTN6,ALL,2
IF,RDSTN,38.389614,-85.306375, ,0.0,0.0,0,0,0,0,0,0,0,0
TF,ZOPOM,38.237206,-85.451075,0, ,0.0,0.0,0.0,0.0,0,0,0,0,0,0,0,0
TF,IIU,38.103464,-85.577436,0, ,0.0,0.0,0.0,0.0,0,0,0,0,0,0,0,0

APPTR,I18,18,CATCH
PI,CATCH,38.473964,-85.737225,2,OOM,317.0,10.0,002,5.0,2,2600,0,0,0,0,1,0

FINAL,I18,18,I,3
IF,CFBXQ,38.574067,-85.738019,IJVY,2.0,13.1,2,2600,0,0,0,0,0,0
CF,CATCH,38.473964,-85.737225,0,IJVY,2.3,7.1,182.0,6.0,1,2425,0,0,0,0,2,0
CF,RW18,38.376142,-85.737886,0,IJVY,2.0,1.2,182.0,5.9,1,529,0,0,0,0,3,0
CA,0,182.0,2,1500,0,0,0,0,0,0
DF,CATCH,38.473964,-85.737225,1, ,0.0,0.0,2,2500,0,0,0,0,0,0
HM,CATCH,38.473964,-85.737225,1, ,0.0,0.0,182.0,04.3,0,0,0,0,0,0,0,0,0

APPTR,N18,18,CATCH
IF,CATCH,38.473964,-85.737225, ,0.0,0.0,0,0,0,0,0,0,0,0
PI,CATCH,38.473964,-85.737225,2,OOM,317.0,10.0,002,5.0,2,2600,0,0,0,0,1,0
CF,CATCH,38.473964,-85.737225,0,OOM,136.1,57.4,182.0,8.0,2,2500,0,0,0,0,0,0

FINAL,N18,18,N,2
IF,CATCH,38.473964,-85.737225,JV,0.0,0.0,2,2500,0,0,0,0,2,0
CF,RW18,38.376142,-85.737886,0,JV,0.0,0.0,182.0,5.9,1,521,0,0,0,0,3,0
CA,0,182.0,2,1500,0,0,0,0,0,0
DF,CATCH,38.473964,-85.737225,1, ,0.0,0.0,2,2500,0,0,0,0,0,0
HM,CATCH,38.473964,-85.737225,1, ,0.0,0.0,182.0,04.3,0,0,0,0,0,0,0,0,0

APPTR,R18,18,EATTN
HF,EATTN,38.582853,-85.737992,2, ,0.0,0.0,182.0,04,2,3100,0,0,0,0,1,0,0

APPTR,R18,18,MOSEY
IF,MOSEY,38.709325,-85.375683, ,0.0,0.0,0,0,0,0,0,0,1,0
TF,EATTN,38.582853,-85.737992,0, ,0.0,0.0,0.0,0.0,2,3100,0,0,0,0,1,0

APPTR,R18,18,STREP
IF,STREP,38.773000,-86.013697, ,0.0,0.0,0,0,0,0,0,0,1,0
TF,EATTN,38.582853,-85.737992,0, ,0.0,0.0,0.0,0.0,2,3100,0,0,0,0,1,0

FINAL,R18,18,R,4
IF,EATTN,38.582853,-85.737992, ,0.0,0.0,2,3100,0,0,0,0,0,0
TF,OREOH,38.479539,-85.737939,0, ,0.0,0.0,182.0,6.2,2,2500,0,0,0,0,2,0
TF,ZUBGU,38.407842,-85.737903,0, ,0.0,0.0,182.0,4.3,2,1120,0,0,0,0,0,0
TF,RW18,38.376142,-85.737886,0, ,0.0,0.0,182.0,1.9,1,527,0,0,0,0,3,1
CA,0,182.0,2,900,0,0,0,0,0,0
DF,EATTN,38.582853,-85.737992,1, ,0.0,0.0,2,3100,0,0,0,0,0,1
HM,EATTN,38.582853,-85.737992,2, ,0.0,0.0,182.0,04,0,0,0,0,0,0,0,0,0

APPTR,R36,36,NUNYA
IF,NUNYA,38.318703,-85.467331, ,0.0,0.0,2,3000,0,1,210,0,1,0
TF,ITSUW,38.276744,-85.615231,0, ,0.0,0.0,0.0,0.0,2,2300,0,1,180,0,1,0

FINAL,R36,36,R,4
IF,ITSUW,38.276744,-85.615231, ,0.0,0.0,2,2300,0,1,180,0,0,0
TF,VOCRU,38.285794,-85.686275,0, ,0.0,0.0,281.0,3.4,2,1600,0,0,0,0,0,0
TF,ROSYO,38.307244,-85.718711,0, ,0.0,0.0,312.0,2.0,2,1500,0,0,0,0,2,0
TF,UJXIC,38.348683,-85.737872,0, ,0.0,0.0,342.0,2.6,1,671,0,0,0,0,3,1
CA,0,342.0,2,1000,0,0,0,0,0,0
DF,JKUKA,38.588278,-85.637200,0, ,0.0,0.0,2,3000,0,0,0,0,0,1
HM,JKUKA,38.588278,-85.637200,1, ,0.0,0.0,182.0,04,0,0,0,0,0,0,0,0,0

