APPTR,D17,17,KOPSY
IF,KOPSY,39.844242,-98.071617,TKO,65.3,9.0,0,0,0,0,0,0,1,0
AF,MECAM,39.663197,-98.201725,2,TKO,152.5,9.0,65.0,2,3500,0,0,0,0,1,0

APPTR,D17,17,KOTZA
IF,KOTZA,39.756986,-98.443753,TKO,240.8,9.0,0,0,0,0,0,0,1,0
AF,MECAM,39.663197,-98.201725,1,TKO,152.5,9.0,241.0,2,3500,0,0,0,0,1,0

APPTR,D17,17,TKO
IF,TKO,39.806408,-98.260036, ,0.0,0.0,2,3500,0,0,0,0,1,0
TF,MECAM,39.663197,-98.201725,0, ,0.0,0.0,0.0,0.0,2,3500,0,0,0,0,1,0

FINAL,D17,17,D,3
IF,MECAM,39.663197,-98.201725,TKO,152.5,9.0,2,3500,0,0,0,0,0,0
CF,STORR,39.567703,-98.162983,0,TKO,152.5,15.0,153.0,6.0,2,3300,0,0,0,0,2,0
CF,RW17,39.478939,-98.127078,0,TKO,152.5,20.6,153.0,5.6,1,1458,0,0,0,0,3,0
CA,0,153.0,2,2800,0,0,0,0,0,0
VI,2, ,0.0,20.0,0,0,0,0,0,0,0,0
CF,STORR,39.567703,-98.162983,0,TKO,152.5,15.0,333.0,5.0,2,3300,0,0,0,0,0,0
HM,STORR,39.567703,-98.162983,2, ,0.0,0.0,153.0,04.3,0,0,0,0,0,0,0,0,0

APPTR,R17,17,CADAD
IF,CADAD,39.664292,-98.131511, ,0.0,0.0,3,6000,0,0,0,0,1,0
HF,CADAD,39.664292,-98.131511,2, ,0.0,0.0,174.0,04,2,4000,0,0,0,0,0,0,0

APPTR,R17,17,DENTE
IF,DENTE,39.666069,-98.002036, ,0.0,0.0,0,0,0,0,0,0,1,0
TF,CADAD,39.664292,-98.131511,0, ,0.0,0.0,0.0,0.0,2,4000,0,0,0,0,1,0

APPTR,R17,17,HILVA
IF,HILVA,39.662369,-98.260981, ,0.0,0.0,0,0,0,0,0,0,1,0
TF,CADAD,39.664292,-98.131511,0, ,0.0,0.0,0.0,0.0,2,4000,0,0,0,0,1,0

FINAL,R17,17,R,4
IF,CADAD,39.664292,-98.131511, ,0.0,0.0,2,4000,0,0,0,0,0,0
TF,YULUD,39.564919,-98.129131,0, ,0.0,0.0,174.0,6.0,2,3100,0,0,0,0,2,0
TF,DAVKE,39.520836,-98.128078,0, ,0.0,0.0,174.0,2.6,2,2240,0,0,0,0,0,0
TF,RW17,39.478939,-98.127078,0, ,0.0,0.0,174.0,2.5,1,1456,0,0,0,0,3,1
CA,0,174.0,2,1816,0,0,0,0,0,0
DF,ADICA,39.281458,-98.122372,0, ,0.0,0.0,2,4000,0,0,0,0,0,1
HM,ADICA,39.281458,-98.122372,2, ,0.0,0.0,354.0,04,0,0,0,0,0,0,0,0,0

APPTR,R35,35,ADICA
IF,ADICA,39.281458,-98.122372, ,0.0,0.0,3,6000,0,0,0,0,1,0
HF,ADICA,39.281458,-98.122372,2, ,0.0,0.0,354.0,04,2,4000,0,0,0,0,0,0,0

APPTR,R35,35,BEDBE
IF,BEDBE,39.282953,-98.015067, ,0.0,0.0,0,0,0,0,0,0,1,0
TF,ADICA,39.281458,-98.122372,0, ,0.0,0.0,0.0,0.0,2,4000,0,0,0,0,1,0

APPTR,R35,35,FRAPS
IF,FRAPS,39.279867,-98.229675, ,0.0,0.0,0,0,0,0,0,0,1,0
TF,ADICA,39.281458,-98.122372,0, ,0.0,0.0,0.0,0.0,2,4000,0,0,0,0,1,0

FINAL,R35,35,R,3
IF,ADICA,39.281458,-98.122372, ,0.0,0.0,2,4000,0,0,0,0,0,0
TF,UTEYI,39.382972,-98.124786,0, ,0.0,0.0,354.0,6.1,2,3100,0,0,0,0,2,0
TF,RW35,39.467911,-98.126811,0, ,0.0,0.0,354.0,5.1,1,1455,0,0,0,0,3,1
CA,0,354.0,2,1818,0,0,0,0,0,0
DF,CADAD,39.664292,-98.131511,0, ,0.0,0.0,2,4000,0,0,0,0,0,1
HM,CADAD,39.664292,-98.131511,2, ,0.0,0.0,174.0,04,0,0,0,0,0,0,0,0,0

