APPTR,R10,10,GLOOM
IF,GLOOM,39.990494,-82.896236, ,0.0,0.0,0,0,0,0,0,0,1,0
TF,HASPI,39.769306,-82.913286,0, ,0.0,0.0,0.0,0.0,2,2700,0,0,0,0,1,0

APPTR,R10,10,HASPI
HF,HASPI,39.769306,-82.913286,2, ,0.0,0.0,100.0,04,2,2700,0,0,0,0,1,0,0

APPTR,R10,10,JOGER
IF,JOGER,39.720778,-83.406817, ,0.0,0.0,0,0,0,0,0,0,1,0
TF,HASPI,39.769306,-82.913286,0, ,0.0,0.0,0.0,0.0,2,2700,0,0,0,0,1,0

APPTR,R10,10,TARTO
IF,TARTO,39.534742,-82.630014, ,0.0,0.0,0,0,0,0,0,0,0,0
TF,DOCVE,39.686094,-82.920572,0, ,0.0,0.0,0.0,0.0,2,3000,0,0,0,0,1,0
TF,HASPI,39.769306,-82.913286,0, ,0.0,0.0,0.0,0.0,2,2700,0,0,0,0,1,0

FINAL,R10,10,R,4
IF,HASPI,39.769306,-82.913286, ,0.0,0.0,2,2700,0,0,0,0,0,0
TF,BERAY,39.762242,-82.779525,0, ,0.0,0.0,100.0,6.2,2,2600,0,0,0,0,2,0
TF,GAGSE,39.759156,-82.722025,0, ,0.0,0.0,100.0,2.6,2,1720,0,0,0,0,0,0
TF,RW10,39.756122,-82.665972,0, ,0.0,0.0,100.0,2.6,1,897,0,0,0,0,3,1
DF,DIPAC,39.740708,-82.389286,0, ,0.0,0.0,2,2800,0,0,0,0,0,1
HM,DIPAC,39.740708,-82.389286,2, ,0.0,0.0,280.0,04,0,0,0,0,0,0,0,0,0

APPTR,R28,28,APE
IF,APE,40.151064,-82.588300, ,0.0,0.0,0,0,0,0,0,0,0,0
TF,NUMDE,39.881700,-82.354289,0, ,0.0,0.0,0.0,0.0,2,3000,0,0,0,0,1,0
TF,FAIRF,39.742567,-82.421403,0, ,0.0,0.0,0.0,0.0,2,3000,0,0,0,0,1,0

APPTR,R28,28,TARTO
IF,TARTO,39.534742,-82.630014, ,0.0,0.0,0,0,0,0,0,0,0,0
TF,FAIRF,39.742567,-82.421403,0, ,0.0,0.0,0.0,0.0,2,3000,0,0,0,0,0,1
HF,FAIRF,39.742567,-82.421403,2, ,0.0,0.0,280.0,04,2,3000,0,0,0,0,1,0,0

FINAL,R28,28,R,3
IF,FAIRF,39.742567,-82.421403, ,0.0,0.0,2,3000,0,0,0,0,0,0
TF,ANOBE,39.749169,-82.539369,0, ,0.0,0.0,280.0,5.5,2,2800,0,0,0,0,2,0
TF,RW28,39.755156,-82.648222,0, ,0.0,0.0,280.0,5.1,1,923,0,0,0,0,3,1
CA,0,280.0,2,1068,0,0,0,0,0,0
DF,HASPI,39.769306,-82.913286,0, ,0.0,0.0,2,2700,0,0,0,0,0,1
HM,HASPI,39.769306,-82.913286,2, ,0.0,0.0,100.0,04,0,0,0,0,0,0,0,0,0

FINAL,V10-A,10,D,3
IF,APE,40.151064,-82.588300,APE,0.0,0.0,2,3000,0,0,0,0,1,0
CF,JUBBI,39.853508,-82.640136,0,APE,193.7,18.0,194.0,18.0,2,3000,0,0,0,0,2,0
CF,MAGCO,39.755639,-82.657083,0,APE,193.7,23.9,194.0,5.9,1,1720,0,0,0,0,3,0
CA,0,194.0,2,2000,0,0,0,0,0,0
DF,APE,40.151064,-82.588300,1, ,0.0,0.0,2,3000,0,0,0,0,0,0
HM,APE,40.151064,-82.588300,2, ,0.0,0.0,14.0,04.3,0,0,0,0,0,0,0,0,0

FINAL,V28-A,28,D,3
IF,APE,40.151064,-82.588300,APE,0.0,0.0,2,3000,0,0,0,0,1,0
CF,JUBBI,39.853508,-82.640136,0,APE,193.7,18.0,194.0,18.0,2,3000,0,0,0,0,2,0
CF,MAGCO,39.755639,-82.657083,0,APE,193.7,23.9,194.0,5.9,1,1720,0,0,0,0,3,0
CA,0,194.0,2,2000,0,0,0,0,0,0
DF,APE,40.151064,-82.588300,1, ,0.0,0.0,2,3000,0,0,0,0,0,0
HM,APE,40.151064,-82.588300,2, ,0.0,0.0,14.0,04.3,0,0,0,0,0,0,0,0,0

