SID,MINDN2,34,5
VA,0,345.0,2,5240,0,0,0,0,0,0
DF,IBWIC,39.136592,-119.752567,0, ,0.0,0.0,0,0,0,0,0,0,0,0
TF,OZEDU,39.203250,-119.712822,0, ,0.0,0.0,0.0,0.0,0,0,0,0,0,0,0,0
TF,VIKES,39.290719,-119.589231,0, ,0.0,0.0,0.0,0.0,0,0,0,0,0,0,0,1

APPTR,R12-B,12,SPOOK
IF,SPOOK,38.632500,-120.264281, ,0.0,0.0,0,0,0,0,0,0,0,0
TF,IRPOH,38.707503,-119.751889,0, ,0.0,0.0,0.0,0.0,2,12300,0,1,250,0,1,0
TF,VOKXY,38.799261,-119.751889,0, ,0.0,0.0,0.0,0.0,2,10400,0,0,0,0,1,0

FINAL,R12-B,12,R,3
IF,VOKXY,38.799261,-119.751889, ,0.0,0.0,2,10400,0,0,0,0,0,0
TF,VACNU,38.891017,-119.751889,0, ,0.0,0.0,345.0,5.5,2,8800,0,0,0,0,2,0
TF,GOWVO,38.982769,-119.751889,0, ,0.0,0.0,345.0,5.5,1,5086,0,0,0,0,3,1
CA,0,345.0,2,5124,0,0,0,0,0,0
DF,VIKES,39.290719,-119.589231,0, ,0.0,0.0,2,11000,0,0,0,0,0,1
HM,VIKES,39.290719,-119.589231,1, ,0.0,0.0,264.0,07,2,11000,0,0,0,0,0,0,0

APPTR,R16-A,16,HUYJO
IF,HUYJO,39.249067,-119.848961, ,0.0,0.0,0,0,0,0,0,0,1,0
TF,YETDU,39.229214,-119.789886,0, ,0.0,0.0,0.0,0.0,2,10300,0,0,0,0,0,0
TF,OZEDU,39.203250,-119.712822,0, ,0.0,0.0,0.0,0.0,2,9400,0,1,240,0,1,0

APPTR,R16-A,16,VIKES
IF,VIKES,39.290719,-119.589231, ,0.0,0.0,0,0,0,0,0,0,1,0
TF,OZEDU,39.203250,-119.712822,0, ,0.0,0.0,0.0,0.0,2,9400,0,1,240,0,1,0

FINAL,R16-A,16,R,3
IF,OZEDU,39.203250,-119.712822, ,0.0,0.0,2,9400,0,1,240,0,0,0
TF,IVECI,39.111125,-119.763086,0, ,0.0,0.0,188.0,6.0,2,8100,0,0,0,0,2,0
TF,RW16,39.011478,-119.751981,0, ,0.0,0.0,160.0,6.0,1,4748,0,0,0,0,3,1
CA,0,160.0,2,5124,0,0,0,0,0,0
DF,VIKES,39.290719,-119.589231,1, ,0.0,0.0,2,11000,0,0,0,0,0,1
HM,VIKES,39.290719,-119.589231,1, ,0.0,0.0,264.0,07,2,11000,0,0,0,0,0,0,0

APPTR,R16-B,16,SPOOK
IF,SPOOK,38.632500,-120.264281, ,0.0,0.0,0,0,0,0,0,0,0,0
TF,IRPOH,38.707503,-119.751889,0, ,0.0,0.0,0.0,0.0,2,12300,0,1,250,0,1,0
TF,VOKXY,38.799261,-119.751889,0, ,0.0,0.0,0.0,0.0,2,10400,0,0,0,0,1,0

FINAL,R16-B,16,R,3
IF,VOKXY,38.799261,-119.751889, ,0.0,0.0,2,10400,0,0,0,0,0,0
TF,VACNU,38.891017,-119.751889,0, ,0.0,0.0,345.0,5.5,2,8800,0,0,0,0,2,0
TF,GOWVO,38.982769,-119.751889,0, ,0.0,0.0,345.0,5.5,1,5086,0,0,0,0,3,1
CA,0,345.0,2,5124,0,0,0,0,0,0
DF,VIKES,39.290719,-119.589231,0, ,0.0,0.0,2,11000,0,0,0,0,0,1
HM,VIKES,39.290719,-119.589231,1, ,0.0,0.0,264.0,07,2,11000,0,0,0,0,0,0,0

APPTR,R30-B,30,SPOOK
IF,SPOOK,38.632500,-120.264281, ,0.0,0.0,0,0,0,0,0,0,0,0
TF,IRPOH,38.707503,-119.751889,0, ,0.0,0.0,0.0,0.0,2,12300,0,1,250,0,1,0
TF,VOKXY,38.799261,-119.751889,0, ,0.0,0.0,0.0,0.0,2,10400,0,0,0,0,1,0

FINAL,R30-B,30,R,3
IF,VOKXY,38.799261,-119.751889, ,0.0,0.0,2,10400,0,0,0,0,0,0
TF,VACNU,38.891017,-119.751889,0, ,0.0,0.0,345.0,5.5,2,8800,0,0,0,0,2,0
TF,GOWVO,38.982769,-119.751889,0, ,0.0,0.0,345.0,5.5,1,5086,0,0,0,0,3,1
CA,0,345.0,2,5124,0,0,0,0,0,0
DF,VIKES,39.290719,-119.589231,0, ,0.0,0.0,2,11000,0,0,0,0,0,1
HM,VIKES,39.290719,-119.589231,1, ,0.0,0.0,264.0,07,2,11000,0,0,0,0,0,0,0

APPTR,R34-B,34,SPOOK
IF,SPOOK,38.632500,-120.264281, ,0.0,0.0,0,0,0,0,0,0,0,0
TF,IRPOH,38.707503,-119.751889,0, ,0.0,0.0,0.0,0.0,2,12300,0,1,250,0,1,0
TF,VOKXY,38.799261,-119.751889,0, ,0.0,0.0,0.0,0.0,2,10400,0,0,0,0,1,0

FINAL,R34-B,34,R,3
IF,VOKXY,38.799261,-119.751889, ,0.0,0.0,2,10400,0,0,0,0,0,0
TF,VACNU,38.891017,-119.751889,0, ,0.0,0.0,345.0,5.5,2,8800,0,0,0,0,2,0
TF,GOWVO,38.982769,-119.751889,0, ,0.0,0.0,345.0,5.5,1,5086,0,0,0,0,3,1
CA,0,345.0,2,5124,0,0,0,0,0,0
DF,VIKES,39.290719,-119.589231,0, ,0.0,0.0,2,11000,0,0,0,0,0,1
HM,VIKES,39.290719,-119.589231,1, ,0.0,0.0,264.0,07,2,11000,0,0,0,0,0,0,0

