APPTR,R13,13,FETGI
HF,FETGI,43.794075,-95.162911,2, ,0.0,0.0,134.0,04,2,3100,0,0,0,0,1,0,0

APPTR,R13,13,JOMDO
IF,JOMDO,43.873811,-95.039006, ,0.0,0.0,0,0,0,0,0,0,1,0
TF,FETGI,43.794075,-95.162911,0, ,0.0,0.0,0.0,0.0,2,3100,0,0,0,0,1,0

APPTR,R13,13,UMVUW
IF,UMVUW,43.714203,-95.286489, ,0.0,0.0,0,0,0,0,0,0,1,0
TF,FETGI,43.794075,-95.162911,0, ,0.0,0.0,0.0,0.0,2,3100,0,0,0,0,1,0

FINAL,R13,13,R,4
IF,FETGI,43.794075,-95.162911, ,0.0,0.0,2,3100,0,0,0,0,0,0
TF,CUCPA,43.717983,-95.069567,0, ,0.0,0.0,134.0,6.1,2,3100,0,0,0,0,2,0
TF,ZIXUX,43.674922,-95.016883,0, ,0.0,0.0,134.0,3.5,2,2000,0,0,0,0,0,0
TF,RW13,43.654225,-94.991600,0, ,0.0,0.0,134.0,1.7,1,1472,0,0,0,0,3,1
CA,0,134.0,2,1696,0,0,0,0,0,0
DF,MCQIN,43.507036,-94.812492,0, ,0.0,0.0,2,4200,0,0,0,0,0,1
HM,MCQIN,43.507036,-94.812492,2, ,0.0,0.0,315.0,05,2,4200,0,0,0,0,0,0,0

APPTR,R31,31,GRUVE
IF,GRUVE,43.354697,-94.859200, ,0.0,0.0,0,0,0,0,0,0,1,0
TF,MCQIN,43.507036,-94.812492,0, ,0.0,0.0,0.0,0.0,2,4200,0,0,0,0,1,0

APPTR,R31,31,MCQIN
IF,MCQIN,43.507036,-94.812492, ,0.0,0.0,3,6000,0,0,0,0,1,0
HF,MCQIN,43.507036,-94.812492,2, ,0.0,0.0,315.0,05,2,4200,0,0,0,0,0,0,0

APPTR,R31,31,WIPLY
IF,WIPLY,43.593069,-94.672364, ,0.0,0.0,0,0,0,0,0,0,1,0
TF,MCQIN,43.507036,-94.812492,0, ,0.0,0.0,0.0,0.0,2,4200,0,0,0,0,1,0

FINAL,R31,31,R,3
IF,MCQIN,43.507036,-94.812492, ,0.0,0.0,2,4200,0,0,0,0,0,0
TF,DEELE,43.583608,-94.905522,0, ,0.0,0.0,315.0,6.1,2,3100,0,0,0,0,2,0
TF,RW31,43.646856,-94.982603,0, ,0.0,0.0,315.0,5.1,1,1486,0,0,0,0,3,1
CA,0,315.0,2,1697,0,0,0,0,0,0
DF,FETGI,43.794075,-95.162911,0, ,0.0,0.0,2,3100,0,0,0,0,0,1
HM,FETGI,43.794075,-95.162911,2, ,0.0,0.0,134.0,04,0,0,0,0,0,0,0,0,0

