APPTR,I15,15,HNK
IF,HNK,42.063058,-75.316283, ,0.0,0.0,0,0,0,0,0,0,1,0
TF,JIBOT,41.861186,-74.956331,0, ,0.0,0.0,0.0,0.0,2,4000,0,0,0,0,1,0

APPTR,I15,15,JIBOT
HF,JIBOT,41.861186,-74.956331,2, ,0.0,0.0,138.0,04.3,2,4000,0,0,0,0,1,0,0

FINAL,I15,15,I,3
IF,JIBOT,41.861186,-74.956331,IMSV,334.9,12.6,2,4000,0,0,0,0,0,0
CF,ASENE,41.781219,-74.875347,0,IMSV,334.9,6.6,155.0,6.0,1,3200,0,0,0,0,2,0
CF,RW15,41.707889,-74.801308,0,IMSV,334.9,0.0,155.0,5.5,1,1444,0,0,0,0,3,0
CA,0,155.0,2,2500,0,0,0,0,0,0
VI,1, ,0.0,360.0,0,0,0,0,0,0,0,0
CF,JIBOT,41.861186,-74.956331,0,HNK,137.8,20.2,318.0,14.4,2,4000,0,0,0,0,0,0
HM,JIBOT,41.861186,-74.956331,2, ,0.0,0.0,138.0,04.3,0,0,0,0,0,0,0,0,0

APPTR,R15,15,FITRE
IF,FITRE,41.912425,-74.917500, ,0.0,0.0,0,0,0,0,0,0,1,0
TF,JIBOT,41.861186,-74.956331,0, ,0.0,0.0,0.0,0.0,2,4000,0,0,0,0,1,0

APPTR,R15,15,WECOL
IF,WECOL,41.785711,-75.089200, ,0.0,0.0,0,0,0,0,0,0,1,0
TF,JIBOT,41.861186,-74.956331,0, ,0.0,0.0,0.0,0.0,2,4000,0,0,0,0,1,0

FINAL,R15,15,R,3
IF,JIBOT,41.861186,-74.956331, ,0.0,0.0,2,4000,0,0,0,0,0,0
TF,TOLMY,41.780125,-74.874233,0, ,0.0,0.0,155.0,6.1,2,3200,0,0,0,0,2,0
TF,RW15,41.707889,-74.801308,0, ,0.0,0.0,155.0,5.4,1,1444,0,0,0,0,3,1
DF,MUMVE,41.545614,-74.638239,0, ,0.0,0.0,2,3300,0,0,0,0,0,1
HM,MUMVE,41.545614,-74.638239,2, ,0.0,0.0,335.0,04,0,0,0,0,0,0,0,0,0

APPTR,R33,33,HAWLY
IF,HAWLY,41.539808,-75.090461, ,0.0,0.0,0,0,0,0,0,0,0,0
TF,ICIPA,41.495450,-74.726850,0, ,0.0,0.0,0.0,0.0,2,4000,0,0,0,0,1,0
TF,MUMVE,41.545614,-74.638239,0, ,0.0,0.0,0.0,0.0,2,3300,0,0,0,0,1,0

APPTR,R33,33,HELON
IF,HELON,41.667422,-74.280422, ,0.0,0.0,0,0,0,0,0,0,0,0
TF,JEYPY,41.595708,-74.549489,0, ,0.0,0.0,0.0,0.0,2,4000,0,0,0,0,1,0
TF,MUMVE,41.545614,-74.638239,0, ,0.0,0.0,0.0,0.0,2,3300,0,0,0,0,1,0

APPTR,R33,33,HUO
IF,HUO,41.409686,-74.591594, ,0.0,0.0,0,0,0,0,0,0,1,0
TF,MUMVE,41.545614,-74.638239,0, ,0.0,0.0,0.0,0.0,2,3300,0,0,0,0,1,0

APPTR,R33,33,MUMVE
HF,MUMVE,41.545614,-74.638239,2, ,0.0,0.0,335.0,04,2,3300,0,0,0,0,1,0,0

FINAL,R33,33,R,4
IF,MUMVE,41.545614,-74.638239, ,0.0,0.0,2,3300,0,0,0,0,0,0
TF,BRGNR,41.626181,-74.719064,0, ,0.0,0.0,335.0,6.1,2,3200,0,0,0,0,2,0
TF,AVJUB,41.655486,-74.748528,0, ,0.0,0.0,335.0,2.2,2,2400,0,0,0,0,0,0
TF,RW33,41.695408,-74.788731,0, ,0.0,0.0,335.0,3.0,1,1419,0,0,0,0,3,1
CA,0,335.0,2,1810,0,0,0,0,0,0
DF,MUMVE,41.545614,-74.638239,2, ,0.0,0.0,2,3300,0,0,0,0,0,1
HM,MUMVE,41.545614,-74.638239,2, ,0.0,0.0,335.0,04,0,0,0,0,0,0,0,0,0

