APPTR,N07-A,07,BZJ
IF,BZJ,40.435647,-76.553022, ,0.0,0.0,2,3700,0,0,0,0,0,0
TF,DIPPY,40.431172,-76.515278,0, ,0.0,0.0,0.0,0.0,2,3700,0,0,0,0,0,0
PI,DIPPY,40.431172,-76.515278,1,RAV,154.0,10.0,109,5.0,2,3000,0,0,0,0,1,0

FINAL,N07-A,07,N,3
IF,HWANG,40.409056,-76.330300,BZJ,0.0,0.0,2,2000,0,0,0,0,0,0
CF,DIPPY,40.431172,-76.515278,0,BZJ,0.0,0.0,289.0,8.6,2,2000,0,0,0,0,2,0
CF,BZJ,40.435647,-76.553022,0,BZJ,0.0,0.0,289.0,1.8,1,1700,0,0,0,0,3,0
VA,1,160.0,2,2000,0,0,0,0,0,0
DF,BZJ,40.435647,-76.553022,1, ,0.0,0.0,2,3000,0,0,0,0,0,0
HM,BZJ,40.435647,-76.553022,1, ,0.0,0.0,289.0,04.3,2,3000,0,1,200,0,0,0,0

APPTR,N25-A,25,BZJ
IF,BZJ,40.435647,-76.553022, ,0.0,0.0,2,3700,0,0,0,0,0,0
TF,DIPPY,40.431172,-76.515278,0, ,0.0,0.0,0.0,0.0,2,3700,0,0,0,0,0,0
PI,DIPPY,40.431172,-76.515278,1,RAV,154.0,10.0,109,5.0,2,3000,0,0,0,0,1,0

FINAL,N25-A,25,N,3
IF,HWANG,40.409056,-76.330300,BZJ,0.0,0.0,2,2000,0,0,0,0,0,0
CF,DIPPY,40.431172,-76.515278,0,BZJ,0.0,0.0,289.0,8.6,2,2000,0,0,0,0,2,0
CF,BZJ,40.435647,-76.553022,0,BZJ,0.0,0.0,289.0,1.8,1,1700,0,0,0,0,3,0
VA,1,160.0,2,2000,0,0,0,0,0,0
DF,BZJ,40.435647,-76.553022,1, ,0.0,0.0,2,3000,0,0,0,0,0,0
HM,BZJ,40.435647,-76.553022,1, ,0.0,0.0,289.0,04.3,2,3000,0,1,200,0,0,0,0

APPTR,R07-B,07,BOBSS
HF,BOBSS,40.294939,-76.750203,2, ,0.0,0.0,54.0,06,2,3100,0,1,230,0,1,0,0

FINAL,R07-B,07,R,3
IF,BOBSS,40.294939,-76.750203, ,0.0,0.0,2,3000,0,0,0,0,0,0
TF,FALAS,40.373317,-76.650039,0, ,0.0,0.0,54.0,6.6,2,2100,0,0,0,0,2,0
TF,CAMRU,40.423153,-76.586275,0, ,0.0,0.0,54.0,4.2,1,1420,0,0,0,0,3,1
CA,0,54.0,2,1420,0,0,0,0,0,0
DF,BAARN,40.291486,-76.611328,2, ,0.0,0.0,2,3100,0,0,0,0,0,1
HM,BAARN,40.291486,-76.611328,1, ,0.0,0.0,220.0,04,3,6000,0,1,230,0,0,0,0

APPTR,R25-B,25,BOBSS
HF,BOBSS,40.294939,-76.750203,2, ,0.0,0.0,54.0,06,2,3100,0,1,230,0,1,0,0

FINAL,R25-B,25,R,3
IF,BOBSS,40.294939,-76.750203, ,0.0,0.0,2,3000,0,0,0,0,0,0
TF,FALAS,40.373317,-76.650039,0, ,0.0,0.0,54.0,6.6,2,2100,0,0,0,0,2,0
TF,CAMRU,40.423153,-76.586275,0, ,0.0,0.0,54.0,4.2,1,1420,0,0,0,0,3,1
CA,0,54.0,2,1420,0,0,0,0,0,0
DF,BAARN,40.291486,-76.611328,2, ,0.0,0.0,2,3100,0,0,0,0,0,1
HM,BAARN,40.291486,-76.611328,1, ,0.0,0.0,220.0,04,3,6000,0,1,230,0,0,0,0

