SID,TIGAR4,04,1
VI,0, ,0.0,38.0,0,0,0,0,0,0,0,0
CF,STRAP,24.831956,-81.589681,0,NQX,24.6,15.9,25.0,15.9,0,0,0,0,0,0,0,0

SID,TIGAR4,08,1
VA,0,79.0,2,600,0,0,0,0,0,0
DF,NQX,24.580247,-81.682450,2, ,0.0,0.0,0,0,0,0,0,0,0,0
TF,STRAP,24.831956,-81.589681,0, ,0.0,0.0,0.0,0.0,0,0,0,0,0,0,0,0

SID,TIGAR4,14,1
VA,0,137.0,2,600,0,0,0,0,0,0
DF,NQX,24.580247,-81.682450,2, ,0.0,0.0,0,0,0,0,0,0,0,0
TF,STRAP,24.831956,-81.589681,0, ,0.0,0.0,0.0,0.0,0,0,0,0,0,0,0,0

SID,TIGAR4,22,1
VA,0,218.0,2,600,0,0,0,0,0,0
DF,NQX,24.580247,-81.682450,1, ,0.0,0.0,0,0,0,0,0,0,0,0
TF,STRAP,24.831956,-81.589681,0, ,0.0,0.0,0.0,0.0,0,0,0,0,0,0,0,0

SID,TIGAR4,26,1
VA,0,259.0,2,600,0,0,0,0,0,0
DF,NQX,24.580247,-81.682450,1, ,0.0,0.0,0,0,0,0,0,0,0,0
TF,STRAP,24.831956,-81.589681,0, ,0.0,0.0,0.0,0.0,0,0,0,0,0,0,0,0

SID,TIGAR4,32,1
VA,0,317.0,2,410,0,0,0,0,0,0
VI,2, ,0.0,60.0,0,0,0,0,0,0,0,0
CF,STRAP,24.831956,-81.589681,0,NQX,24.6,15.9,25.0,13.0,0,0,0,0,0,0,0,0

SID,TIGAR4,ALL,2
IF,STRAP,24.831956,-81.589681, ,0.0,0.0,0,0,0,0,0,0,0,0
TF,TIGAR,24.946008,-81.491611,0, ,0.0,0.0,0.0,0.0,0,0,0,0,0,0,0,0

SID,VRGAS4,04,1
VA,0,38.0,2,410,0,0,0,0,0,0
VI,2, ,0.0,154.0,0,0,0,0,0,0,0,0
CF,VRGAS,24.464167,-81.132222,0,NQX,108.9,30.9,109.0,28.0,0,0,0,0,0,0,0,0

SID,VRGAS4,08,1
VA,0,79.0,2,600,0,0,0,0,0,0
VI,2, ,0.0,154.0,0,0,0,0,0,0,0,0
CF,VRGAS,24.464167,-81.132222,0,NQX,108.9,30.9,109.0,29.0,0,0,0,0,0,0,0,0

SID,VRGAS4,14,1
VA,0,137.0,2,410,0,0,0,0,0,0
VI,1, ,0.0,64.0,0,0,0,0,0,0,0,0
CF,VRGAS,24.464167,-81.132222,0,NQX,108.9,30.9,109.0,29.0,0,0,0,0,0,0,0,0

SID,VRGAS4,22,1
VA,0,218.0,2,410,0,0,0,0,0,0
VI,1, ,0.0,64.0,0,0,0,0,0,0,0,0
CF,VRGAS,24.464167,-81.132222,0,NQX,108.9,30.9,109.0,26.0,0,0,0,0,0,0,0,0

SID,VRGAS4,26,1
VA,0,259.0,2,410,0,0,0,0,0,0
VI,1, ,0.0,64.0,0,0,0,0,0,0,0,0
CF,VRGAS,24.464167,-81.132222,0,NQX,108.9,30.9,109.0,26.0,0,0,0,0,0,0,0,0

SID,VRGAS4,32,1
VA,0,317.0,2,410,0,0,0,0,0,0
VI,2, ,0.0,154.0,0,0,0,1,270,0,0,0
CF,VRGAS,24.464167,-81.132222,0,NQX,108.9,30.9,109.0,28.0,0,0,0,0,0,0,0,0

SID,VRGAS4,MTH,3
IF,VRGAS,24.464167,-81.132222, ,0.0,0.0,0,0,0,0,0,0,0,0
TF,MTH,24.711883,-81.095314,0, ,0.0,0.0,0.0,0.0,0,0,0,0,0,0,0,0

APPTR,D08,08,EYW
IF,EYW,24.585878,-81.800475, ,0.0,0.0,2,1600,0,0,0,0,0,0
TF,SKIPP,24.601506,-81.908661,0, ,0.0,0.0,0.0,0.0,2,1600,0,0,0,0,0,0
HF,SKIPP,24.601506,-81.908661,2, ,0.0,0.0,98.0,04,2,1600,0,1,200,0,1,0,0

FINAL,D08,08,D,4
IF,SKIPP,24.601506,-81.908661,EYW,278.0,6.0,2,1600,0,0,0,0,0,0
CF,EYW,24.585878,-81.800475,0,EYW,0.0,0.0,98.0,6.0,2,1600,0,0,0,0,2,0
CF,FORRA,24.575397,-81.728242,0,EYW,98.0,4.0,98.0,4.0,2,560,0,0,0,0,0,0
CF,ECIPA,24.571464,-81.701156,0,EYW,98.0,5.5,98.0,1.5,1,65,0,0,0,0,3,0
CA,0,98.0,2,410,0,0,0,0,0,0
CF,CANIN,24.583708,-81.572789,0,EYW,89.6,12.5,90.0,6.5,2,1600,0,0,0,0,0,0
HM,CANIN,24.583708,-81.572789,1, ,0.0,0.0,270.0,05,3,4000,0,1,230,0,0,0,0

APPTR,D26,26,CANIN
HF,CANIN,24.583708,-81.572789,1, ,0.0,0.0,270.0,05,2,1600,0,1,230,0,1,0,0

FINAL,D26,26,D,2
IF,CANIN,24.583708,-81.572789,EYW,89.6,12.5,2,1600,0,0,0,0,2,0
CF,UBUYA,24.584547,-81.656050,0,EYW,89.6,7.9,270.0,4.6,1,290,0,0,0,0,3,0
CA,0,270.0,2,410,0,0,0,0,0,0
CF,CANIN,24.583708,-81.572789,1,EYW,89.6,12.5,90.0,5.6,2,1600,0,0,0,0,0,0
HM,CANIN,24.583708,-81.572789,1, ,0.0,0.0,270.0,05,3,4000,0,1,230,0,0,0,0

APPTR,R04,04,BIPIN
IF,BIPIN,24.634117,-81.364736, ,0.0,0.0,2,1600,0,0,0,0,0,0
TF,TAVDE,24.425569,-81.789864,0, ,0.0,0.0,0.0,0.0,2,1600,0,0,0,0,0,0
HF,TAVDE,24.425569,-81.789864,1, ,0.0,0.0,58.0,04,2,1600,0,1,230,0,1,0,0

APPTR,R04,04,EYW
IF,EYW,24.585878,-81.800475, ,0.0,0.0,2,1600,0,0,0,0,0,0
TF,TAVDE,24.425569,-81.789864,0, ,0.0,0.0,0.0,0.0,2,1600,0,0,0,0,0,0
HF,TAVDE,24.425569,-81.789864,1, ,0.0,0.0,58.0,04,2,1600,0,1,230,0,1,0,0

APPTR,R04,04,TAVDE
HF,TAVDE,24.425569,-81.789864,1, ,0.0,0.0,58.0,04,2,1600,0,1,230,0,1,0,0

FINAL,R04,04,R,3
IF,TAVDE,24.425569,-81.789864, ,0.0,0.0,2,1600,0,0,0,0,0,0
TF,MEDAC,24.496250,-81.742433,0, ,0.0,0.0,38.0,5.0,2,1600,0,0,0,0,2,0
TF,RW04,24.565717,-81.695900,0, ,0.0,0.0,37.0,4.9,1,48,0,0,0,0,3,1
CA,0,38.0,2,254,0,0,0,0,0,0
DF,CEGEX,24.636981,-81.648097,0, ,0.0,0.0,0,0,0,1,230,0,0,0
TF,FISLI,24.729508,-81.778767,0, ,0.0,0.0,0.0,0.0,0,0,0,0,0,0,0,0
TF,SKIPP,24.601506,-81.908661,0, ,0.0,0.0,0.0,0.0,2,1600,0,0,0,0,0,1
HM,SKIPP,24.601506,-81.908661,2, ,0.0,0.0,101.0,04,3,4000,0,1,230,0,0,0,0

APPTR,R08,08,BIPIN
IF,BIPIN,24.634117,-81.364736, ,0.0,0.0,2,1600,0,0,0,0,0,0
TF,DEMTE,24.521578,-81.882033,0, ,0.0,0.0,0.0,0.0,2,1600,0,0,0,0,0,0
HF,DEMTE,24.521578,-81.882033,2, ,0.0,0.0,79.0,04,2,1600,0,1,230,0,1,0,0

APPTR,R08,08,EYW
IF,EYW,24.585878,-81.800475, ,0.0,0.0,2,1600,0,0,0,0,0,0
TF,DEMTE,24.521578,-81.882033,0, ,0.0,0.0,0.0,0.0,2,1600,0,0,0,0,0,0
HF,DEMTE,24.521578,-81.882033,2, ,0.0,0.0,79.0,04,2,1600,0,1,230,0,1,0,0

APPTR,R08,08,STING
IF,STING,24.881589,-81.796292, ,0.0,0.0,2,1600,0,0,0,0,0,0
TF,DEMTE,24.521578,-81.882033,0, ,0.0,0.0,0.0,0.0,2,1600,0,0,0,0,0,0
HF,DEMTE,24.521578,-81.882033,2, ,0.0,0.0,79.0,04,2,1600,0,1,230,0,1,0,0

FINAL,R08,08,R,3
IF,DEMTE,24.521578,-81.882033, ,0.0,0.0,2,1600,0,0,0,0,0,0
TF,WEBUN,24.548694,-81.785247,0, ,0.0,0.0,79.0,5.5,2,1600,0,0,0,0,2,0
TF,RW08,24.572492,-81.700078,0, ,0.0,0.0,79.0,4.9,1,49,0,0,0,0,3,1
CA,0,79.0,2,204,0,0,0,0,0,0
DF,IBUSE,24.592017,-81.630128,0, ,0.0,0.0,0,0,0,1,230,0,0,0
TF,SAGLE,24.454522,-81.535336,0, ,0.0,0.0,0.0,0.0,2,1600,0,0,0,0,0,1
HM,SAGLE,24.454522,-81.535336,2, ,0.0,0.0,317.0,04,3,4000,0,1,230,0,0,0,0

APPTR,R14,14,STING
IF,STING,24.881589,-81.796292, ,0.0,0.0,2,1600,0,0,0,0,1,0
TF,LOWDN,24.688369,-81.830569,0, ,0.0,0.0,0.0,0.0,2,1600,0,0,0,0,1,0

APPTR,R14,14,STRAP
IF,STRAP,24.831956,-81.589681, ,0.0,0.0,2,1600,0,0,0,0,0,0
TF,LOWDN,24.688369,-81.830569,0, ,0.0,0.0,0.0,0.0,2,1600,0,0,0,0,0,0
HF,LOWDN,24.688369,-81.830569,1, ,0.0,0.0,158.0,04,2,1600,0,1,230,0,1,0,0

FINAL,R14,14,R,3
IF,LOWDN,24.688369,-81.830569, ,0.0,0.0,2,1600,0,0,0,0,0,0
TF,OCETA,24.632119,-81.759386,0, ,0.0,0.0,137.0,5.1,2,1600,0,0,0,0,2,0
TF,RW14,24.578978,-81.692233,0, ,0.0,0.0,137.0,4.9,1,48,0,0,0,0,3,1
CA,0,137.0,2,380,0,0,0,0,0,0
DF,SAGLE,24.454522,-81.535336,0, ,0.0,0.0,2,1600,0,0,0,0,0,1
HM,SAGLE,24.454522,-81.535336,2, ,0.0,0.0,317.0,04,3,4000,0,1,230,0,0,0,0

APPTR,R26,26,BIPIN
IF,BIPIN,24.634117,-81.364736, ,0.0,0.0,2,1600,0,0,0,0,1,0
TF,CEXIG,24.627053,-81.480292,0, ,0.0,0.0,0.0,0.0,2,1600,0,0,0,0,1,0

FINAL,R26,26,R,3
IF,CEXIG,24.627053,-81.480292, ,0.0,0.0,2,1600,0,0,0,0,0,0
TF,HEKEM,24.604256,-81.586092,0, ,0.0,0.0,263.0,5.9,2,1600,0,0,0,0,2,0
TF,RW26,24.580522,-81.671294,0, ,0.0,0.0,259.0,4.9,1,49,0,0,0,0,3,1
CA,0,259.0,2,291,0,0,0,0,0,0
DF,HIGIB,24.560964,-81.741225,0, ,0.0,0.0,0,0,0,0,0,0,0,0
TF,SKIPP,24.601506,-81.908661,0, ,0.0,0.0,0.0,0.0,2,1600,0,0,0,0,0,1
HM,SKIPP,24.601506,-81.908661,2, ,0.0,0.0,101.0,04,3,4000,0,1,230,0,0,0,0

APPTR,R32,32,BIPIN
IF,BIPIN,24.634117,-81.364736, ,0.0,0.0,2,1600,0,0,0,0,1,0
TF,SAGLE,24.454522,-81.535336,0, ,0.0,0.0,0.0,0.0,2,1600,0,0,0,0,1,0

FINAL,R32,32,R,3
IF,SAGLE,24.454522,-81.535336, ,0.0,0.0,2,1600,0,0,0,0,0,0
TF,OBADE,24.513008,-81.609006,0, ,0.0,0.0,317.0,5.3,2,1600,0,0,0,0,2,0
TF,RW32,24.566367,-81.676311,0, ,0.0,0.0,317.0,4.9,1,48,0,0,0,0,3,1
CA,0,317.0,2,254,0,0,0,0,0,0
DF,PIBDE,24.599203,-81.717778,0, ,0.0,0.0,0,0,0,1,230,0,0,0
TF,SKIPP,24.601506,-81.908661,0, ,0.0,0.0,0.0,0.0,2,1600,0,0,0,0,0,1
HM,SKIPP,24.601506,-81.908661,2, ,0.0,0.0,101.0,04,3,4000,0,1,230,0,0,0,0

APPTR,T04-Y,04,EYW
IF,EYW,24.585878,-81.800475, ,0.0,0.0,2,1600,0,0,0,0,0,0
TF,PANDA,24.505325,-81.866072,0, ,0.0,0.0,0.0,0.0,2,1600,0,0,0,0,1,0
AF,SEBLE,24.435261,-81.806128,1,NQX,224.0,11.0,252.0,2,1600,0,0,0,0,1,0

FINAL,T04-Y,04,D,4
IF,SEBLE,24.435261,-81.806128,NQX,224.0,11.0,2,1600,0,0,0,0,0,0
CF,OTABE,24.501175,-81.749942,0,NQX,224.0,6.0,44.0,5.0,2,1600,0,0,0,0,2,0
CF,DEPAC,24.540717,-81.716206,0,NQX,224.0,3.0,44.0,3.0,2,640,0,0,0,0,0,0
CF,HEVEL,24.556525,-81.702711,0,NQX,224.0,1.8,44.0,1.2,1,252,0,0,0,0,3,0
CF,NQX,24.580247,-81.682450,0,NQX,0.0,0.0,44.0,1.8,0,0,0,0,0,0,0,0
CF,CANIN,24.583708,-81.572789,0,NQX,94.0,6.0,94.0,6.0,2,1600,0,0,0,0,0,0
HM,CANIN,24.583708,-81.572789,1, ,0.0,0.0,274.0,05,3,4000,0,1,230,0,0,0,0

APPTR,T04-Z,04,PANDA
IF,PANDA,24.505325,-81.866072, ,0.0,0.0,2,4100,0,0,0,0,1,0
AF,SEBLE,24.435261,-81.806128,1,NQX,224.0,11.0,252.0,2,1600,0,0,0,0,1,0

APPTR,T04-Z,04,THUMP
IF,THUMP,24.430222,-82.049469, ,0.0,0.0,2,14000,0,0,0,0,1,0
TF,PANDA,24.505325,-81.866072,0, ,0.0,0.0,0.0,0.0,2,4100,0,0,0,0,0,0
AF,SEBLE,24.435261,-81.806128,1,NQX,224.0,11.0,252.0,2,1600,0,0,0,0,1,0

FINAL,T04-Z,04,D,4
IF,SEBLE,24.435261,-81.806128,NQX,224.0,11.0,2,1600,0,0,0,0,0,0
CF,OTABE,24.501175,-81.749942,0,NQX,224.0,6.0,44.0,5.0,2,1600,0,0,0,0,2,0
CF,DEPAC,24.540717,-81.716206,0,NQX,224.0,3.0,44.0,3.0,2,640,0,0,0,0,0,0
CF,HEVEL,24.556525,-81.702711,0,NQX,224.0,1.8,44.0,1.2,1,252,0,0,0,0,3,0
CF,NQX,24.580247,-81.682450,0,NQX,0.0,0.0,44.0,1.8,0,0,0,0,0,0,0,0
CF,CANIN,24.583708,-81.572789,0,NQX,94.0,6.0,94.0,6.0,2,1600,0,0,0,0,0,0
HM,CANIN,24.583708,-81.572789,1, ,0.0,0.0,274.0,05,3,4000,0,1,230,0,0,0,0

APPTR,T08-W,08,SAXNN
IF,SAXNN,24.491606,-81.951431, ,0.0,0.0,2,10000,0,0,0,0,1,0
AF,JUSTA,24.611925,-81.981111,2,EYW,278.0,10.0,235.0,2,5600,0,0,0,0,0,0
CF,SKIPP,24.601506,-81.908661,0,EYW,278.0,6.0,98.0,4.0,2,1600,0,0,0,0,1,0

APPTR,T08-W,08,THUMP
IF,THUMP,24.430222,-82.049469, ,0.0,0.0,2,16000,0,0,0,0,1,0
TF,SAXNN,24.491606,-81.951431,0, ,0.0,0.0,0.0,0.0,2,10000,0,0,0,0,0,0
AF,JUSTA,24.611925,-81.981111,2,EYW,278.0,10.0,235.0,2,5600,0,0,0,0,0,0
CF,SKIPP,24.601506,-81.908661,0,EYW,278.0,6.0,98.0,4.0,2,1600,0,0,0,0,1,0

FINAL,T08-W,08,D,4
IF,SKIPP,24.601506,-81.908661,EYW,278.0,6.0,2,1600,0,0,0,0,0,0
CF,EYW,24.585878,-81.800475,0,EYW,0.0,0.0,98.0,6.0,2,1600,0,0,0,0,2,0
CF,FORRA,24.575397,-81.728242,0,EYW,98.0,4.0,98.0,4.0,2,560,0,0,0,0,0,0
CF,ECIPA,24.571464,-81.701156,0,EYW,98.0,5.5,98.0,1.5,1,65,0,0,0,0,3,0
CA,0,98.0,2,410,0,0,0,0,0,0
CF,CANIN,24.583708,-81.572789,0,EYW,89.6,12.5,90.0,6.0,2,1600,0,0,0,0,0,0
HM,CANIN,24.583708,-81.572789,1, ,0.0,0.0,270.0,05,3,4000,0,1,230,0,0,0,0

APPTR,T08-X,08,THUMP
IF,THUMP,24.430222,-82.049469, ,0.0,0.0,2,14000,0,0,0,0,1,0
CF,PANDA,24.505325,-81.866072,0,NQX,252.0,11.0,72.0,11.0,2,3000,0,0,0,0,1,0

FINAL,T08-X,08,D,3
IF,PANDA,24.505325,-81.866072,NQX,252.0,11.0,2,3000,0,0,0,0,0,0
CF,OBBIN,24.539406,-81.782633,0,NQX,252.0,6.0,72.0,5.0,2,1600,0,0,0,0,2,0
CF,ZALVO,24.572767,-81.700817,0,NQX,252.0,1.1,72.0,4.9,1,58,0,0,0,0,3,0
CF,NQX,24.580247,-81.682450,0,NQX,0.0,0.0,72.0,1.1,0,0,0,0,0,0,0,0
CF,CANIN,24.583708,-81.572789,0,NQX,94.0,6.0,94.0,6.0,2,1600,0,0,0,0,0,0
HM,CANIN,24.583708,-81.572789,1, ,0.0,0.0,274.0,05,3,4000,0,1,230,0,0,0,0

APPTR,T08-Y,08,EYW
IF,EYW,24.585878,-81.800475, ,0.0,0.0,2,1600,0,0,0,0,0,0
TF,PANDA,24.505325,-81.866072,0, ,0.0,0.0,0.0,0.0,2,1600,0,0,0,0,0,0
HF,PANDA,24.505325,-81.866072,1, ,0.0,0.0,72.0,05,2,1600,0,1,230,0,1,0,0

FINAL,T08-Y,08,D,3
IF,PANDA,24.505325,-81.866072,NQX,252.0,11.0,2,1600,0,0,0,0,0,0
CF,OBBIN,24.539406,-81.782633,0,NQX,252.0,6.0,72.0,5.0,2,1600,0,0,0,0,2,0
CF,ZALVO,24.572767,-81.700817,0,NQX,252.0,1.1,72.0,4.9,1,57,0,0,0,0,3,0
CF,NQX,24.580247,-81.682450,0,NQX,0.0,0.0,72.0,1.1,0,0,0,0,0,0,0,0
CF,CANIN,24.583708,-81.572789,0,NQX,94.0,6.0,94.0,6.0,2,1600,0,0,0,0,0,0
HM,CANIN,24.583708,-81.572789,1, ,0.0,0.0,274.0,05,3,4000,0,1,230,0,0,0,0

APPTR,T08-Z,08,EYW
IF,EYW,24.585878,-81.800475, ,0.0,0.0,2,1600,0,0,0,0,0,0
TF,SKIPP,24.601506,-81.908661,0, ,0.0,0.0,0.0,0.0,2,1600,0,0,0,0,0,0
HF,SKIPP,24.601506,-81.908661,2, ,0.0,0.0,98.0,04,2,1600,0,1,200,0,1,0,0

FINAL,T08-Z,08,D,4
IF,SKIPP,24.601506,-81.908661,EYW,278.0,6.0,2,1600,0,0,0,0,0,0
CF,EYW,24.585878,-81.800475,0,EYW,0.0,0.0,98.0,6.0,2,1600,0,0,0,0,2,0
CF,FORRA,24.575397,-81.728242,0,EYW,98.0,4.0,98.0,4.0,2,560,0,0,0,0,0,0
CF,ECIPA,24.571464,-81.701156,0,EYW,98.0,5.5,98.0,1.5,1,65,0,0,0,0,3,0
CA,0,98.0,2,410,0,0,0,0,0,0
CF,CANIN,24.583708,-81.572789,0,EYW,89.6,12.5,90.0,6.0,2,1600,0,0,0,0,0,0
HM,CANIN,24.583708,-81.572789,1, ,0.0,0.0,270.0,05,3,4000,0,1,230,0,0,0,0

APPTR,T26,26,EYW
IF,EYW,24.585878,-81.800475, ,0.0,0.0,2,1600,0,0,0,0,0,0
TF,CANIN,24.583708,-81.572789,0, ,0.0,0.0,0.0,0.0,2,1600,0,0,0,0,0,0
HF,CANIN,24.583708,-81.572789,1, ,0.0,0.0,274.0,05,2,1600,0,1,230,0,1,0,0

FINAL,T26,26,D,2
IF,CANIN,24.583708,-81.572789,NQX,94.0,6.0,2,1600,0,0,0,0,2,0
CF,UBUCI,24.580831,-81.664172,0,NQX,94.0,0.0,274.0,5.0,1,160,0,0,0,0,3,0
CA,0,274.0,2,410,0,0,0,0,0,0
CF,CANIN,24.583708,-81.572789,1,NQX,94.0,6.0,94.0,5.6,2,1600,0,0,0,0,0,0
HM,CANIN,24.583708,-81.572789,1, ,0.0,0.0,274.0,05,3,4000,0,1,230,0,0,0,0

APPTR,T32-Y,32,EYW
IF,EYW,24.585878,-81.800475, ,0.0,0.0,2,1600,0,0,0,0,0,0
TF,PANDA,24.505325,-81.866072,0, ,0.0,0.0,0.0,0.0,2,1600,0,0,0,0,1,0
AF,SPAAD,24.422556,-81.578986,1,NQX,155.0,11.0,252.0,2,1600,0,0,0,0,1,0

FINAL,T32-Y,32,D,4
IF,SPAAD,24.422556,-81.578986,NQX,155.0,11.0,2,1600,0,0,0,0,0,0
CF,TWNKY,24.494242,-81.625981,0,NQX,155.0,6.0,335.0,5.0,2,1600,0,0,0,0,2,0
CF,JATAL,24.537250,-81.654206,0,NQX,155.0,3.0,335.0,3.0,2,720,0,0,0,0,0,0
CF,NOLEE,24.558750,-81.668328,0,NQX,155.0,1.5,335.0,1.5,1,245,0,0,0,0,3,0
CA,0,335.0,2,500,0,0,0,0,0,0
CF,CANIN,24.583708,-81.572789,2,NQX,94.0,6.0,94.0,5.0,2,1600,0,0,0,0,0,0
HM,CANIN,24.583708,-81.572789,1, ,0.0,0.0,274.0,05,3,4000,0,1,230,0,0,0,0

APPTR,T32-Z,32,PANDA
IF,PANDA,24.505325,-81.866072, ,0.0,0.0,2,10000,0,0,0,0,1,0
AF,SPAAD,24.422556,-81.578986,1,NQX,155.0,11.0,252.0,2,1600,0,0,0,0,1,0

APPTR,T32-Z,32,THUMP
IF,THUMP,24.430222,-82.049469, ,0.0,0.0,2,18000,0,0,0,0,1,0
TF,PANDA,24.505325,-81.866072,0, ,0.0,0.0,0.0,0.0,1,10000,0,0,0,0,0,0
AF,SPAAD,24.422556,-81.578986,1,NQX,155.0,11.0,252.0,2,1600,0,0,0,0,1,0

FINAL,T32-Z,32,D,4
IF,SPAAD,24.422556,-81.578986,NQX,155.0,11.0,2,1600,0,0,0,0,0,0
CF,TWNKY,24.494242,-81.625981,0,NQX,155.0,6.0,335.0,5.0,2,1600,0,0,0,0,2,0
CF,JATAL,24.537250,-81.654206,0,NQX,155.0,3.0,335.0,3.0,2,720,0,0,0,0,0,0
CF,NOLEE,24.558750,-81.668328,0,NQX,155.0,1.5,335.0,1.5,1,245,0,0,0,0,3,0
CF,NQX,24.580247,-81.682450,0,NQX,0.0,0.0,335.0,1.5,0,0,0,0,0,0,0,0
CF,CANIN,24.583708,-81.572789,2,NQX,94.0,6.0,94.0,5.0,2,1600,0,0,0,0,0,0
HM,CANIN,24.583708,-81.572789,1, ,0.0,0.0,274.0,05,3,4000,0,1,230,0,0,0,0

