SID,EMONT3,03,1
CA,0,31.0,2,4873,0,0,0,0,0,0
DF,OGD,41.224094,-112.098242,1, ,0.0,0.0,0,0,0,0,0,0,0,0
TF,EMONT,41.050558,-112.424678,0, ,0.0,0.0,0.0,0.0,0,0,0,0,0,0,0,0

SID,EMONT3,21,1
CA,0,211.0,2,4873,0,0,0,0,0,0
VI,0, ,0.0,253.0,0,0,0,0,0,0,0,0
CF,EMONT,41.050558,-112.424678,0,OGD,221.0,18.1,221.0,14.0,0,0,0,0,0,0,0,0

SID,EMONT3,35,1
CA,0,346.0,2,4873,0,0,0,0,0,0
DF,OGD,41.224094,-112.098242,1, ,0.0,0.0,0,0,0,0,0,0,0,0
TF,EMONT,41.050558,-112.424678,0, ,0.0,0.0,0.0,0.0,0,0,0,0,0,0,0,0

APPTR,I03,03,RIDEN
IF,RIDEN,41.149564,-112.426986, ,0.0,0.0,0,0,0,0,0,0,1,0
TF,JOSIF,41.022708,-112.237553,0,IOGD,0.0,0.0,0.0,0.0,2,8000,0,0,0,0,1,0

APPTR,I03,03,TCH
IF,TCH,40.850258,-111.981906, ,0.0,0.0,0,0,0,0,0,0,1,0
TF,JOSIF,41.022708,-112.237553,0,IOGD,0.0,0.0,0.0,0.0,2,8000,0,0,0,0,1,0

FINAL,I03,03,I,3
IF,JOSIF,41.022708,-112.237553,IOGD,213.8,15.3,2,8000,0,0,0,0,0,0
CF,WULFE,41.133106,-112.093003,0,IOGD,213.8,6.0,34.0,9.3,1,6000,0,0,0,0,2,0
CF,RW03,41.188025,-112.020819,0,IOGD,213.8,1.4,34.0,4.6,1,4522,0,0,0,0,3,0
CA,0,34.0,2,5000,0,0,0,0,0,0
DF,OGD,41.224094,-112.098242,1, ,0.0,0.0,0,0,0,0,0,0,0,0
CF,MOINT,41.252575,-112.429328,0,OGD,262.6,15.1,263.0,15.1,2,9000,0,0,0,0,0,0
HM,MOINT,41.252575,-112.429328,2, ,0.0,0.0,83.0,04.3,2,9000,0,0,0,0,0,0,0

APPTR,R03,03,MOINT
IF,MOINT,41.252575,-112.429328, ,0.0,0.0,0,0,0,0,0,0,0,0
TF,RIDEN,41.149564,-112.426986,0, ,0.0,0.0,0.0,0.0,2,9000,0,0,0,0,1,0
TF,CISBI,41.037536,-112.218178,0, ,0.0,0.0,0.0,0.0,2,7700,0,0,0,0,1,0

APPTR,R03,03,STACO
IF,STACO,40.822197,-112.419597, ,0.0,0.0,0,0,0,0,0,0,1,0
TF,CISBI,41.037536,-112.218178,0, ,0.0,0.0,0.0,0.0,2,7700,0,0,0,0,1,0

APPTR,R03,03,TCH
IF,TCH,40.850258,-111.981906, ,0.0,0.0,0,0,0,0,0,0,1,0
TF,CISBI,41.037536,-112.218178,0, ,0.0,0.0,0.0,0.0,2,7700,0,0,0,0,1,0

FINAL,R03,03,R,3
IF,CISBI,41.037536,-112.218178, ,0.0,0.0,2,7700,0,0,0,0,0,0
TF,WULFE,41.133106,-112.093003,0, ,0.0,0.0,34.0,8.1,2,6000,0,0,0,0,2,0
TF,RW03,41.188025,-112.020819,0, ,0.0,0.0,34.0,4.6,1,4522,0,0,0,0,3,1
CA,0,34.0,2,5000,0,0,0,0,0,0
DF,MOINT,41.252575,-112.429328,1, ,0.0,0.0,2,9000,0,0,0,0,0,1
HM,MOINT,41.252575,-112.429328,2, ,0.0,0.0,86.0,07,2,9000,0,0,0,0,0,0,0

APPTR,V03-A,03,JEMKU
IF,JEMKU,41.061797,-112.047556, ,0.0,0.0,0,0,0,0,0,0,1,0
AF,ZIXIV,41.293181,-112.299375,2,OGD,280.5,10.0,153.0,2,7200,0,0,0,0,1,0

APPTR,V03-A,03,RACGO
IF,RACGO,41.385119,-112.155736, ,0.0,0.0,0,0,0,0,0,0,1,0
AF,ZIXIV,41.293181,-112.299375,1,OGD,280.5,10.0,331.0,2,7200,0,0,0,0,1,0

FINAL,V03-A,03,D,3
IF,ZIXIV,41.293181,-112.299375,OGD,280.5,10.0,2,7200,0,0,0,0,0,0
CF,OGD,41.224094,-112.098242,0,OGD,0.0,0.0,101.0,10.0,2,5700,0,0,0,0,2,0
CF,RUYOS,41.199833,-112.027947,0,OGD,100.5,3.5,101.0,3.5,1,5100,0,0,0,0,3,0
CA,0,101.0,2,5100,0,0,0,0,0,0
DF,OGD,41.224094,-112.098242,1, ,0.0,0.0,0,0,0,0,0,0,0,0
TF,MOINT,41.252575,-112.429328,0, ,0.0,0.0,0.0,0.0,2,13000,0,0,0,0,0,0
HM,MOINT,41.252575,-112.429328,2, ,0.0,0.0,83.0,04.3,2,13000,0,0,0,0,0,0,0

APPTR,V17-A,17,JEMKU
IF,JEMKU,41.061797,-112.047556, ,0.0,0.0,0,0,0,0,0,0,1,0
AF,ZIXIV,41.293181,-112.299375,2,OGD,280.5,10.0,153.0,2,7200,0,0,0,0,1,0

APPTR,V17-A,17,RACGO
IF,RACGO,41.385119,-112.155736, ,0.0,0.0,0,0,0,0,0,0,1,0
AF,ZIXIV,41.293181,-112.299375,1,OGD,280.5,10.0,331.0,2,7200,0,0,0,0,1,0

FINAL,V17-A,17,D,3
IF,ZIXIV,41.293181,-112.299375,OGD,280.5,10.0,2,7200,0,0,0,0,0,0
CF,OGD,41.224094,-112.098242,0,OGD,0.0,0.0,101.0,10.0,2,5700,0,0,0,0,2,0
CF,RUYOS,41.199833,-112.027947,0,OGD,100.5,3.5,101.0,3.5,1,5100,0,0,0,0,3,0
CA,0,101.0,2,5100,0,0,0,0,0,0
DF,OGD,41.224094,-112.098242,1, ,0.0,0.0,0,0,0,0,0,0,0,0
TF,MOINT,41.252575,-112.429328,0, ,0.0,0.0,0.0,0.0,2,13000,0,0,0,0,0,0
HM,MOINT,41.252575,-112.429328,2, ,0.0,0.0,83.0,04.3,2,13000,0,0,0,0,0,0,0

APPTR,V21-A,21,JEMKU
IF,JEMKU,41.061797,-112.047556, ,0.0,0.0,0,0,0,0,0,0,1,0
AF,ZIXIV,41.293181,-112.299375,2,OGD,280.5,10.0,153.0,2,7200,0,0,0,0,1,0

APPTR,V21-A,21,RACGO
IF,RACGO,41.385119,-112.155736, ,0.0,0.0,0,0,0,0,0,0,1,0
AF,ZIXIV,41.293181,-112.299375,1,OGD,280.5,10.0,331.0,2,7200,0,0,0,0,1,0

FINAL,V21-A,21,D,3
IF,ZIXIV,41.293181,-112.299375,OGD,280.5,10.0,2,7200,0,0,0,0,0,0
CF,OGD,41.224094,-112.098242,0,OGD,0.0,0.0,101.0,10.0,2,5700,0,0,0,0,2,0
CF,RUYOS,41.199833,-112.027947,0,OGD,100.5,3.5,101.0,3.5,1,5100,0,0,0,0,3,0
CA,0,101.0,2,5100,0,0,0,0,0,0
DF,OGD,41.224094,-112.098242,1, ,0.0,0.0,0,0,0,0,0,0,0,0
TF,MOINT,41.252575,-112.429328,0, ,0.0,0.0,0.0,0.0,2,13000,0,0,0,0,0,0
HM,MOINT,41.252575,-112.429328,2, ,0.0,0.0,83.0,04.3,2,13000,0,0,0,0,0,0,0

APPTR,V35-A,35,JEMKU
IF,JEMKU,41.061797,-112.047556, ,0.0,0.0,0,0,0,0,0,0,1,0
AF,ZIXIV,41.293181,-112.299375,2,OGD,280.5,10.0,153.0,2,7200,0,0,0,0,1,0

APPTR,V35-A,35,RACGO
IF,RACGO,41.385119,-112.155736, ,0.0,0.0,0,0,0,0,0,0,1,0
AF,ZIXIV,41.293181,-112.299375,1,OGD,280.5,10.0,331.0,2,7200,0,0,0,0,1,0

FINAL,V35-A,35,D,3
IF,ZIXIV,41.293181,-112.299375,OGD,280.5,10.0,2,7200,0,0,0,0,0,0
CF,OGD,41.224094,-112.098242,0,OGD,0.0,0.0,101.0,10.0,2,5700,0,0,0,0,2,0
CF,RUYOS,41.199833,-112.027947,0,OGD,100.5,3.5,101.0,3.5,1,5100,0,0,0,0,3,0
CA,0,101.0,2,5100,0,0,0,0,0,0
DF,OGD,41.224094,-112.098242,1, ,0.0,0.0,0,0,0,0,0,0,0,0
TF,MOINT,41.252575,-112.429328,0, ,0.0,0.0,0.0,0.0,2,13000,0,0,0,0,0,0
HM,MOINT,41.252575,-112.429328,2, ,0.0,0.0,83.0,04.3,2,13000,0,0,0,0,0,0,0

