APPTR,D22,22,BGR
IF,BGR,44.841794,-68.873967, ,0.0,0.0,0,0,0,0,0,0,0,0
TF,CAVIL,44.992083,-68.604783,0, ,0.0,0.0,0.0,0.0,2,3100,0,0,0,0,0,0
PI,CAVIL,44.992083,-68.604783,2,BGR,26.0,10.0,071,5.0,2,3100,0,0,0,0,1,0

APPTR,D22,22,MLT
IF,MLT,45.586708,-68.515464, ,0.0,0.0,0,0,0,0,0,0,1,0
TF,FOLIO,45.098794,-68.412019,0, ,0.0,0.0,0.0,0.0,2,3500,0,0,0,0,1,0

FINAL,D22,22,D,3
IF,FOLIO,45.098794,-68.412019,BGR,70.8,25.0,2,3500,0,0,0,0,0,0
CF,CAVIL,44.992083,-68.604783,0,BGR,70.8,14.6,251.0,10.4,2,1700,0,0,0,0,2,0
CF,RW22,44.954900,-68.671617,0,BGR,70.8,11.0,251.0,3.6,1,163,0,0,0,0,3,0
CA,0,251.0,2,1300,0,0,0,0,0,0
CF,CAVIL,44.992083,-68.604783,2,BGR,70.8,14.6,71.0,7.0,2,3100,0,0,0,0,0,0
HM,CAVIL,44.992083,-68.604783,2, ,0.0,0.0,251.0,04.3,2,3100,0,0,0,0,0,0,0

APPTR,R12,12,VOWPE
IF,VOWPE,45.086083,-68.918469, ,0.0,0.0,0,0,0,0,0,0,1,0
TF,ZIMFA,44.973956,-68.936083,0, ,0.0,0.0,0.0,0.0,2,3000,0,0,0,0,1,0

APPTR,R12,12,YISUY
IF,YISUY,44.861822,-68.953628, ,0.0,0.0,0,0,0,0,0,0,1,0
TF,ZIMFA,44.973956,-68.936083,0, ,0.0,0.0,0.0,0.0,2,3000,0,0,0,0,1,0

APPTR,R12,12,ZIMFA
HF,ZIMFA,44.973956,-68.936083,2, ,0.0,0.0,111.0,04,2,3000,0,0,0,0,1,0,0

FINAL,R12,12,R,4
IF,ZIMFA,44.973956,-68.936083, ,0.0,0.0,2,3000,0,0,0,0,0,0
TF,UNAVY,44.962619,-68.793739,0, ,0.0,0.0,111.0,6.1,2,1700,0,0,0,0,2,0
TF,JUKSA,44.957247,-68.727072,0, ,0.0,0.0,111.0,2.9,2,760,0,0,0,0,0,0
TF,RW12,44.953656,-68.682769,0, ,0.0,0.0,111.0,1.9,1,175,0,0,0,0,3,1
CA,0,111.0,2,527,0,0,0,0,0,0
DF,TIGSE,44.931475,-68.413833,0, ,0.0,0.0,2,3000,0,0,0,0,0,1
HM,TIGSE,44.931475,-68.413833,2, ,0.0,0.0,292.0,04,2,3000,0,0,0,0,0,0,0

APPTR,R22,22,IVAFO
HF,IVAFO,45.109169,-68.583628,2, ,0.0,0.0,217.0,04,2,3000,0,0,0,0,1,0,0

APPTR,R22,22,UNUYE
IF,UNUYE,45.067725,-68.439556, ,0.0,0.0,0,0,0,0,0,0,1,0
TF,IVAFO,45.109169,-68.583628,0, ,0.0,0.0,0.0,0.0,2,3000,0,0,0,0,1,0

APPTR,R22,22,WIRUB
IF,WIRUB,45.150181,-68.727036, ,0.0,0.0,0,0,0,0,0,0,1,0
TF,IVAFO,45.109169,-68.583628,0, ,0.0,0.0,0.0,0.0,2,3000,0,0,0,0,1,0

FINAL,R22,22,R,3
IF,IVAFO,45.109169,-68.583628, ,0.0,0.0,2,3000,0,0,0,0,0,0
TF,HUDRI,45.013011,-68.638503,0, ,0.0,0.0,217.0,6.2,2,1400,0,0,0,0,2,0
TF,RW22,44.954900,-68.671617,0, ,0.0,0.0,217.0,3.8,1,162,0,0,0,0,3,1
CA,0,217.0,2,700,0,0,0,0,0,0
DF,IVAFO,45.109169,-68.583628,2, ,0.0,0.0,2,3000,0,0,0,0,0,1
HM,IVAFO,45.109169,-68.583628,2, ,0.0,0.0,217.0,04,2,3000,0,0,0,0,0,0,0

APPTR,R30,30,KOXWA
IF,KOXWA,44.819094,-68.432433, ,0.0,0.0,0,0,0,0,0,0,1,0
TF,TIGSE,44.931475,-68.413833,0, ,0.0,0.0,0.0,0.0,2,3000,0,0,0,0,1,0

APPTR,R30,30,OBEVE
IF,OBEVE,45.044017,-68.395128, ,0.0,0.0,0,0,0,0,0,0,1,0
TF,TIGSE,44.931475,-68.413833,0, ,0.0,0.0,0.0,0.0,2,3000,0,0,0,0,1,0

APPTR,R30,30,TIGSE
HF,TIGSE,44.931475,-68.413833,2, ,0.0,0.0,292.0,04,2,3000,0,0,0,0,1,0,0

FINAL,R30,30,R,5
IF,TIGSE,44.931475,-68.413833, ,0.0,0.0,2,3000,0,0,0,0,0,0
TF,OMYOX,44.939006,-68.504247,0, ,0.0,0.0,292.0,3.9,2,1900,0,0,0,0,0,0
TF,SUMAW,44.944739,-68.573583,0, ,0.0,0.0,292.0,3.0,2,1700,0,0,0,0,2,0
TF,HOSOS,44.948936,-68.624817,0, ,0.0,0.0,292.0,2.2,2,880,0,0,0,0,0,0
TF,RW30,44.952622,-68.670056,0, ,0.0,0.0,292.0,1.9,1,172,0,0,0,0,3,1
CA,0,292.0,2,527,0,0,0,0,0,0
DF,ZIMFA,44.973956,-68.936083,0, ,0.0,0.0,2,3000,0,0,0,0,0,1
HM,ZIMFA,44.973956,-68.936083,2, ,0.0,0.0,111.0,04,2,3000,0,0,0,0,0,0,0

