APPTR,B13,13,OTM
IF,OTM,41.029147,-92.325906, ,0.0,0.0,0,0,0,0,0,0,0,0
TF,RINER,41.167364,-92.530589,0, ,0.0,0.0,0.0,0.0,2,2500,0,0,0,0,0,0
PI,RINER,41.167364,-92.530589,2,SPI,271.0,10.0,316,5.0,2,2500,0,0,0,0,1,0

FINAL,B13,13,D,3
IF,CF13,41.237964,-92.624444,IOTM,316.0,10.6,2,2500,0,0,0,0,0,0
CF,RINER,41.167364,-92.530589,0,IOTM,316.0,4.6,136.0,6.0,2,2400,0,0,0,0,2,0
CF,ODINN,41.119711,-92.467417,0,IOTM,316.0,0.5,136.0,4.1,1,1112,0,0,0,0,3,0
CA,0,136.0,2,1250,0,0,0,0,0,0
DF,OTM,41.029147,-92.325906,0, ,0.0,0.0,2,3000,0,0,0,0,0,0
HM,OTM,41.029147,-92.325906,2, ,0.0,0.0,303.0,04.3,2,3000,0,0,0,0,0,0,0

APPTR,D13,13,OTM
IF,OTM,41.029147,-92.325906, ,0.0,0.0,0,0,0,0,0,0,0,0
TF,PODGE,41.161547,-92.535739,0, ,0.0,0.0,0.0,0.0,2,2500,0,0,0,0,0,0
PI,PODGE,41.161547,-92.535739,1,OTM,349.0,10.0,304,5.0,2,2500,0,0,0,0,1,0
CF,PODGE,41.161547,-92.535739,0,OTM,303.9,12.4,124.0,8.0,2,2400,0,0,0,0,0,0

FINAL,D13,13,D,3
IF,PODGE,41.161547,-92.535739,OTM,303.9,12.4,2,2400,0,0,0,0,2,0
CF,UYOLA,41.125839,-92.479003,0,OTM,303.9,9.1,124.0,3.4,2,1320,0,0,0,0,0,0
CF,JEVOP,41.111317,-92.455958,0,OTM,303.9,7.7,124.0,1.4,1,881,0,0,0,0,3,0
CA,0,124.0,2,1250,0,0,0,0,0,0
DF,OTM,41.029147,-92.325906,0, ,0.0,0.0,2,3000,0,0,0,0,0,0
HM,OTM,41.029147,-92.325906,2, ,0.0,0.0,303.0,04.3,2,3000,0,0,0,0,0,0,0

APPTR,I31,31,OTM
IF,OTM,41.029147,-92.325906, ,0.0,0.0,0,0,0,0,0,0,1,0
TF,PAVME,40.867289,-92.272753,0, ,0.0,0.0,0.0,0.0,2,2800,0,0,0,0,0,1
CF,CFFLS,40.958306,-92.254419,1,IOTM,136.0,13.2,316.0,5.0,2,2800,0,0,0,0,0,0

FINAL,I31,31,I,3
IF,CFFLS,40.958306,-92.254419,IOTM,136.0,13.2,2,2800,0,0,0,0,0,0
CF,AGENS,41.028828,-92.347292,0,IOTM,136.0,7.2,316.0,6.0,1,2800,0,0,0,0,2,0
CF,RW31,41.099536,-92.440708,0,IOTM,136.0,1.2,316.0,6.0,1,890,0,0,0,0,3,0
CA,0,316.0,2,1500,0,0,0,0,0,0
DF,OTM,41.029147,-92.325906,2, ,0.0,0.0,2,3000,0,0,0,0,0,0
HM,OTM,41.029147,-92.325906,2, ,0.0,0.0,303.0,04.3,2,3000,0,0,0,0,0,0,0

APPTR,R13,13,BUSSY
IF,BUSSY,41.195233,-92.855903, ,0.0,0.0,0,0,0,0,0,0,1,0
TF,JODUN,41.252278,-92.643339,0, ,0.0,0.0,0.0,0.0,2,2800,0,0,0,0,1,0

APPTR,R13,13,NASAL
IF,NASAL,41.482122,-92.640989, ,0.0,0.0,0,0,0,0,0,0,1,0
TF,JODUN,41.252278,-92.643339,0, ,0.0,0.0,0.0,0.0,2,2800,0,0,0,0,1,0

APPTR,R13,13,OTM
IF,OTM,41.029147,-92.325906, ,0.0,0.0,0,0,0,0,0,0,0,0
TF,JODUN,41.252278,-92.643339,0, ,0.0,0.0,0.0,0.0,2,2800,0,0,0,0,0,1
HF,JODUN,41.252278,-92.643339,2, ,0.0,0.0,136.0,04,2,2800,0,0,0,0,1,0,0

FINAL,R13,13,R,4
IF,JODUN,41.252278,-92.643339, ,0.0,0.0,2,2800,0,0,0,0,0,0
TF,LITIY,41.182150,-92.550219,0, ,0.0,0.0,136.0,6.0,2,2800,0,0,0,0,2,0
TF,NIKRE,41.128158,-92.478606,0, ,0.0,0.0,136.0,4.6,2,1340,0,0,0,0,0,0
TF,RW13,41.111175,-92.456114,0, ,0.0,0.0,136.0,1.4,1,881,0,0,0,0,3,1
CA,0,136.0,2,1042,0,0,0,0,0,0
DF,HEVPI,41.086181,-92.423061,0, ,0.0,0.0,0,0,0,0,0,0,0,0
TF,OTM,41.029147,-92.325906,0, ,0.0,0.0,0.0,0.0,2,2800,0,0,0,0,0,1
HM,OTM,41.029147,-92.325906,2, ,0.0,0.0,303.0,04,2,2800,0,0,0,0,0,0,0

APPTR,R31,31,USOYE
HF,USOYE,40.968633,-92.268181,2, ,0.0,0.0,316.0,04,2,3000,0,0,0,0,1,0,0

APPTR,R31,31,VOYUG
IF,VOYUG,41.061800,-92.144531, ,0.0,0.0,0,0,0,0,0,0,1,0
TF,USOYE,40.968633,-92.268181,0, ,0.0,0.0,0.0,0.0,2,3000,0,0,0,0,1,0

APPTR,R31,31,ZEDGU
IF,ZEDGU,40.894314,-92.366444, ,0.0,0.0,0,0,0,1,210,0,1,0
TF,USOYE,40.968633,-92.268181,0, ,0.0,0.0,0.0,0.0,2,3000,0,0,0,0,1,0

FINAL,R31,31,R,3
IF,USOYE,40.968633,-92.268181, ,0.0,0.0,2,3000,0,0,0,0,0,0
TF,WISON,41.039936,-92.361964,0, ,0.0,0.0,316.0,6.0,2,2500,0,0,0,0,2,0
TF,RW31,41.099536,-92.440708,0, ,0.0,0.0,316.0,5.1,1,890,0,0,0,0,3,1
CA,0,316.0,2,1042,0,0,0,0,0,0
DF,JODUN,41.252278,-92.643339,0, ,0.0,0.0,2,2800,0,0,0,0,0,1
HM,JODUN,41.252278,-92.643339,2, ,0.0,0.0,136.0,04,0,0,0,0,0,0,0,0,0

