APPTR,R18,18,HALIE
IF,HALIE,41.516069,-87.158875, ,0.0,0.0,0,0,0,0,0,0,1,0
TF,NUVIC,41.518872,-86.662378,0, ,0.0,0.0,0.0,0.0,2,3000,0,0,0,0,1,0

APPTR,R18,18,NOMES
IF,NOMES,41.522725,-86.501267, ,0.0,0.0,0,0,0,0,0,0,1,0
TF,NUVIC,41.518872,-86.662378,0, ,0.0,0.0,0.0,0.0,2,3000,0,0,0,0,1,0

APPTR,R18,18,NUVIC
HF,NUVIC,41.518872,-86.662378,2, ,0.0,0.0,181.0,04,2,3000,0,0,0,0,1,0,0

FINAL,R18,18,R,4
IF,NUVIC,41.518872,-86.662378, ,0.0,0.0,2,3000,0,0,0,0,0,0
TF,YAGPU,41.417900,-86.662306,0, ,0.0,0.0,181.0,6.1,2,2300,0,0,0,0,2,0
TF,WAVGO,41.378133,-86.662278,0, ,0.0,0.0,181.0,2.4,2,1520,0,0,0,0,0,0
TF,RW18,41.336444,-86.662247,0, ,0.0,0.0,181.0,2.5,1,723,0,0,0,0,3,1
DF,HOTRA,41.240989,-86.662183,0, ,0.0,0.0,0,0,0,0,0,0,0,0
TF,SELOE,41.273733,-86.437653,1, ,0.0,0.0,0.0,0.0,2,3000,0,0,0,0,0,1
HM,SELOE,41.273733,-86.437653,2, ,0.0,0.0,288.0,04,0,0,0,0,0,0,0,0,0

