STAR,LUBBR3,KRVUR,4
IF,KRVUR,30.742264,-82.941775, ,0.0,0.0,0,0,0,0,0,0,0,0
TF,WNWUD,30.157808,-82.252983,0, ,0.0,0.0,0.0,0.0,0,0,0,0,0,0,0,0
TF,SSPAZ,29.592139,-82.180219,0, ,0.0,0.0,0.0,0.0,0,0,0,0,0,0,0,0
TF,BATTN,29.171756,-82.127358,0, ,0.0,0.0,0.0,0.0,0,0,0,0,0,0,0,0
TF,LUBBR,28.678992,-82.117058,0, ,0.0,0.0,0.0,0.0,0,0,0,0,0,0,0,0

STAR,LUBBR3,KYYUU,4
IF,KYYUU,30.637175,-82.198822, ,0.0,0.0,0,0,0,0,0,0,0,0
TF,WNWUD,30.157808,-82.252983,0, ,0.0,0.0,0.0,0.0,0,0,0,0,0,0,0,0
TF,SSPAZ,29.592139,-82.180219,0, ,0.0,0.0,0.0,0.0,0,0,0,0,0,0,0,0
TF,BATTN,29.171756,-82.127358,0, ,0.0,0.0,0.0,0.0,0,0,0,0,0,0,0,0
TF,LUBBR,28.678992,-82.117058,0, ,0.0,0.0,0.0,0.0,0,0,0,0,0,0,0,0

STAR,LUBBR3,SSPAZ,4
IF,SSPAZ,29.592139,-82.180219, ,0.0,0.0,0,0,0,0,0,0,0,0
TF,BATTN,29.171756,-82.127358,0, ,0.0,0.0,0.0,0.0,0,0,0,0,0,0,0,0
TF,LUBBR,28.678992,-82.117058,0, ,0.0,0.0,0.0,0.0,0,0,0,0,0,0,0,0

STAR,LUBBR3,ALL,5
IF,LUBBR,28.678992,-82.117058, ,0.0,0.0,0,0,0,0,0,0,0,0
TF,ZEBON,28.487322,-82.089625,0, ,0.0,0.0,0.0,0.0,0,0,0,0,0,0,0,0
TF,RUNNE,28.324431,-82.064428,0, ,0.0,0.0,0.0,0.0,0,0,0,0,0,0,0,0
TF,BREKR,28.119822,-82.033933,0, ,0.0,0.0,0.0,0.0,0,0,0,0,0,0,0,0
TF,WUDDY,27.772150,-82.225858,0, ,0.0,0.0,0.0,0.0,0,0,0,0,0,0,0,0
TF,LYFIE,27.610328,-82.385222,0, ,0.0,0.0,0.0,0.0,0,0,0,0,0,0,0,0
TF,ROSTY,27.176692,-82.285614,0, ,0.0,0.0,0.0,0.0,2,3000,0,0,0,0,0,1
VM,26.918592,-81.990886,0,150.0,0,0,0,0,0,0,0,0

STAR,PIKKR7,CODGR,4
IF,CODGR,27.440511,-83.355572, ,0.0,0.0,0,0,0,0,0,0,0,0
TF,BAGGS,27.134244,-82.840889,0, ,0.0,0.0,0.0,0.0,0,0,0,0,0,0,0,0
TF,PIKKR,26.940119,-82.690356,0, ,0.0,0.0,0.0,0.0,0,0,0,0,0,0,0,0

STAR,PIKKR7,PLYER,4
IF,PLYER,28.947600,-83.335719, ,0.0,0.0,0,0,0,0,0,0,0,0
TF,OBESE,28.562889,-83.350547,0, ,0.0,0.0,0.0,0.0,0,0,0,0,0,0,0,0
TF,WHITL,28.274444,-83.361667,0, ,0.0,0.0,0.0,0.0,0,0,0,0,0,0,0,0
TF,RILEE,28.139628,-83.370756,0, ,0.0,0.0,0.0,0.0,0,0,0,0,0,0,0,0
TF,CODGR,27.440511,-83.355572,0, ,0.0,0.0,0.0,0.0,0,0,0,0,0,0,0,0
TF,BAGGS,27.134244,-82.840889,0, ,0.0,0.0,0.0,0.0,0,0,0,0,0,0,0,0
TF,PIKKR,26.940119,-82.690356,0, ,0.0,0.0,0.0,0.0,0,0,0,0,0,0,0,0

STAR,PIKKR7,REMIS,4
IF,REMIS,27.884053,-85.257886, ,0.0,0.0,0,0,0,0,0,0,0,0
TF,CODGR,27.440511,-83.355572,0, ,0.0,0.0,0.0,0.0,0,0,0,0,0,0,0,0
TF,BAGGS,27.134244,-82.840889,0, ,0.0,0.0,0.0,0.0,0,0,0,0,0,0,0,0
TF,PIKKR,26.940119,-82.690356,0, ,0.0,0.0,0.0,0.0,0,0,0,0,0,0,0,0

STAR,PIKKR7,ALL,5
IF,PIKKR,26.940119,-82.690356, ,0.0,0.0,0,0,0,0,0,0,0,0
TF,GUSEC,26.868331,-82.518939,0, ,0.0,0.0,0.0,0.0,0,0,0,0,0,0,0,1
VM,26.918592,-81.990886,0,118.0,0,0,0,0,0,0,0,0

APPTR,I04,04,RSW
FC,RSW,26.529886,-81.775769,0,RSW,0.0,0.0,312.0,17.7,2,2000,0,0,0,0,1,0
CF,ZEPIG,26.763275,-82.083439,0,IPGD,215.2,11.4,312.0,4.0,2,2000,0,0,0,0,1,0

APPTR,I04,04,VIOLA
IF,VIOLA,26.950950,-82.332372, ,0.0,0.0,0,0,0,0,0,0,0,0
TF,ZEPIG,26.763275,-82.083439,0, ,0.0,0.0,0.0,0.0,2,2000,0,0,0,0,0,0
HF,ZEPIG,26.763275,-82.083439,2, ,0.0,0.0,35.0,04.3,2,2000,0,0,0,0,1,0,0

FINAL,I04,04,I,3
IF,ZEPIG,26.763275,-82.083439,IPGD,215.2,11.4,2,2000,0,0,0,0,0,0
CF,CISTS,26.840211,-82.035661,0,IPGD,215.2,6.2,35.0,5.3,1,1600,0,0,0,0,2,0
CF,RW04,26.910181,-81.992147,0,IPGD,215.2,1.4,35.0,4.8,1,73,0,0,0,0,3,0
CA,0,35.0,2,500,0,0,0,0,0,0
VI,0, ,0.0,40.0,0,0,0,0,0,0,0,0
CF,JOCKS,27.009569,-81.853522,0,FLL,308.0,106.7,59.0,7.0,2,2000,0,0,0,0,0,0
HM,JOCKS,27.009569,-81.853522,1, ,0.0,0.0,293.0,04.3,0,0,0,0,0,0,0,0,0

APPTR,R04,04,BULOW
HF,BULOW,26.753281,-82.089683,2, ,0.0,0.0,35.0,04,2,2000,0,0,0,0,1,0,0

APPTR,R04,04,RSW
IF,RSW,26.529886,-81.775769, ,0.0,0.0,0,0,0,0,0,0,0,0
TF,CUPAV,26.656811,-82.059161,0, ,0.0,0.0,0.0,0.0,2,2000,0,0,0,0,1,0
TF,BULOW,26.753281,-82.089683,0, ,0.0,0.0,0.0,0.0,2,2000,0,0,0,0,1,0

APPTR,R04,04,VIOLA
IF,VIOLA,26.950950,-82.332372, ,0.0,0.0,0,0,0,0,0,0,0,0
TF,ZEGIS,26.725814,-82.197111,0, ,0.0,0.0,0.0,0.0,2,2000,0,0,0,0,1,0
TF,BULOW,26.753281,-82.089683,0, ,0.0,0.0,0.0,0.0,2,2000,0,0,0,0,1,0

FINAL,R04,04,R,4
IF,BULOW,26.753281,-82.089683, ,0.0,0.0,2,2000,0,0,0,0,0,0
TF,CISTS,26.840211,-82.035661,0, ,0.0,0.0,35.0,6.0,2,1600,0,0,0,0,2,0
TF,YENCU,26.882383,-82.009439,0, ,0.0,0.0,35.0,2.9,2,680,0,0,0,0,0,0
TF,RW04,26.910181,-81.992147,0, ,0.0,0.0,35.0,1.9,1,73,0,0,0,0,3,1
CA,0,32.0,2,224,0,0,0,0,0,0
DF,DOGLE,26.997778,-81.937567,0, ,0.0,0.0,0,0,0,0,0,0,0,0
TF,JOCKS,27.009569,-81.853522,0, ,0.0,0.0,0.0,0.0,2,2000,0,0,0,0,0,1
HM,JOCKS,27.009569,-81.853522,1, ,0.0,0.0,293.0,04,0,0,0,0,0,0,0,0,0

APPTR,R15,15,APZUL
HF,APZUL,27.078203,-82.102242,2, ,0.0,0.0,155.0,04,2,2000,0,0,0,0,1,0,0

APPTR,R15,15,PINTS
IF,PINTS,26.802892,-82.135858, ,0.0,0.0,0,0,0,0,0,0,0,0
TF,BRUSK,27.020875,-82.209247,0, ,0.0,0.0,0.0,0.0,2,2000,0,0,0,0,1,0
TF,APZUL,27.078203,-82.102242,0, ,0.0,0.0,0.0,0.0,2,2000,0,0,0,0,1,0

APPTR,R15,15,ROGAN
IF,ROGAN,27.250794,-81.892858, ,0.0,0.0,0,0,0,0,0,0,0,0
TF,SACRA,27.136672,-81.997056,0, ,0.0,0.0,0.0,0.0,2,2000,0,0,0,0,1,0
TF,APZUL,27.078203,-82.102242,0, ,0.0,0.0,0.0,0.0,2,2000,0,0,0,0,1,0

FINAL,R15,15,R,4
IF,APZUL,27.078203,-82.102242, ,0.0,0.0,2,2000,0,0,0,0,0,0
TF,UBIDY,26.992144,-82.044794,0, ,0.0,0.0,155.0,6.0,2,1600,0,0,0,0,2,0
TF,VICHY,26.946175,-82.014167,0, ,0.0,0.0,155.0,3.2,2,580,0,0,0,0,0,0
TF,RW15,26.923033,-81.998764,0, ,0.0,0.0,155.0,1.6,1,66,0,0,0,0,3,1
CA,0,155.0,2,272,0,0,0,0,0,0
DF,DODIK,26.839872,-81.943458,0, ,0.0,0.0,0,0,0,0,0,0,0,0
TF,OWGAF,26.696147,-81.991472,0, ,0.0,0.0,0.0,0.0,2,2500,0,0,0,0,0,1
HM,OWGAF,26.696147,-81.991472,2, ,0.0,0.0,64.0,04,0,0,0,0,0,0,0,0,0

APPTR,R22,22,QUNCY
IF,QUNCY,27.036947,-81.638392, ,0.0,0.0,0,0,0,0,0,0,1,0
TF,AIRVA,27.085628,-81.882731,0, ,0.0,0.0,0.0,0.0,2,2000,0,0,0,0,1,0

APPTR,R22,22,ROGAN
IF,ROGAN,27.250794,-81.892858, ,0.0,0.0,0,0,0,0,0,0,1,0
TF,AIRVA,27.085628,-81.882731,0, ,0.0,0.0,0.0,0.0,2,2000,0,0,0,0,1,0

FINAL,R22,22,R,4
IF,AIRVA,27.085628,-81.882731, ,0.0,0.0,2,2000,0,0,0,0,0,0
TF,DOGLE,26.997778,-81.937567,0, ,0.0,0.0,215.0,6.0,2,1600,0,0,0,0,2,0
TF,EGOTE,26.949350,-81.967753,0, ,0.0,0.0,215.0,3.3,2,540,0,0,0,0,0,0
TF,RW22,26.927458,-81.981386,0, ,0.0,0.0,215.0,1.5,1,66,0,0,0,0,3,1
CA,0,215.0,2,226,0,0,0,0,0,0
DF,BULOW,26.753281,-82.089683,0, ,0.0,0.0,2,2000,0,0,0,0,0,1
HM,BULOW,26.753281,-82.089683,2, ,0.0,0.0,35.0,04,0,0,0,0,0,0,0,0,0

APPTR,R33,33,RSW
IF,RSW,26.529886,-81.775769, ,0.0,0.0,0,0,0,0,0,0,1,0
TF,PETSE,26.754444,-81.886736,0, ,0.0,0.0,0.0,0.0,2,2500,0,0,0,0,1,0

APPTR,R33,33,VIOLA
IF,VIOLA,26.950950,-82.332372, ,0.0,0.0,0,0,0,0,0,0,0,0
TF,OWGAF,26.696147,-81.991472,0, ,0.0,0.0,0.0,0.0,2,2500,0,0,0,0,1,0
TF,PETSE,26.754444,-81.886736,0, ,0.0,0.0,0.0,0.0,2,2500,0,0,0,0,1,0

FINAL,R33,33,R,4
IF,PETSE,26.754444,-81.886736, ,0.0,0.0,2,2500,0,0,0,0,0,0
TF,DODIK,26.839872,-81.943458,0, ,0.0,0.0,335.0,6.0,2,1600,0,0,0,0,2,0
TF,FARBI,26.886758,-81.974625,0, ,0.0,0.0,335.0,3.3,2,560,0,0,0,0,0,0
TF,RW33,26.908825,-81.989306,0, ,0.0,0.0,335.0,1.5,1,71,0,0,0,0,3,1
CA,0,335.0,2,273,0,0,0,0,0,0
DF,APZUL,27.078203,-82.102242,0, ,0.0,0.0,2,2000,0,0,0,0,0,1
HM,APZUL,27.078203,-82.102242,2, ,0.0,0.0,155.0,04,0,0,0,0,0,0,0,0,0

APPTR,V04,04,JOCKS
IF,JOCKS,27.009569,-81.853522, ,0.0,0.0,0,0,0,0,0,0,0,0
TF,PGD,26.916772,-81.991247,0, ,0.0,0.0,0.0,0.0,2,1900,0,0,0,0,0,0
PI,PGD,26.916772,-81.991247,1,FLL,250.0,10.0,205,5.0,2,1600,0,0,0,0,1,0
CF,FF04,26.834833,-82.022625,0,FLL,300.9,109.8,25.0,4.8,2,1600,0,0,0,0,0,0

APPTR,V04,04,VIOLA
IF,VIOLA,26.950950,-82.332372, ,0.0,0.0,0,0,0,0,0,0,0,0
TF,PGD,26.916772,-81.991247,0, ,0.0,0.0,0.0,0.0,2,1900,0,0,0,0,0,0
PI,PGD,26.916772,-81.991247,1,FLL,250.0,10.0,205,5.0,2,1600,0,0,0,0,1,0
CF,FF04,26.834833,-82.022625,0,FLL,300.9,109.8,25.0,4.8,2,1600,0,0,0,0,0,0

FINAL,V04,04,D,2
IF,FF04,26.834833,-82.022625,PGD,205.0,5.2,2,1600,0,0,0,0,2,0
CF,RW04,26.910181,-81.992147,0,PGD,193.0,0.4,25.0,4.8,1,73,0,0,0,0,3,0
CF,PGD,26.916772,-81.991247,0,FLL,303.6,110.4,25.0,0.4,0,0,0,0,0,0,0,1
CA,0,25.0,2,1100,0,0,0,0,0,0
DF,PGD,26.916772,-81.991247,1, ,0.0,0.0,2,1600,0,0,0,0,0,0
HM,PGD,26.916772,-81.991247,1, ,0.0,0.0,25.0,04.3,0,0,0,0,0,0,0,0,0

APPTR,V22,22,JOCKS
IF,JOCKS,27.009569,-81.853522, ,0.0,0.0,0,0,0,0,0,0,0,0
TF,PGD,26.916772,-81.991247,0, ,0.0,0.0,0.0,0.0,2,1900,0,0,0,0,0,0
PI,PGD,26.916772,-81.991247,2,FLL,357.0,10.0,042,5.0,2,1600,0,0,0,0,1,0
CF,FF22,26.992722,-81.929772,0,FLL,306.5,109.7,222.0,4.4,2,1600,0,0,0,0,0,0

APPTR,V22,22,VIOLA
IF,VIOLA,26.950950,-82.332372, ,0.0,0.0,0,0,0,0,0,0,0,0
TF,PGD,26.916772,-81.991247,0, ,0.0,0.0,0.0,0.0,2,1900,0,0,0,0,0,0
PI,PGD,26.916772,-81.991247,2,FLL,357.0,10.0,042,5.0,2,1600,0,0,0,0,1,0
CF,FF22,26.992722,-81.929772,0,FLL,306.5,109.7,222.0,4.4,2,1600,0,0,0,0,0,0

FINAL,V22,22,D,2
IF,FF22,26.992722,-81.929772,PGD,41.9,5.6,2,1600,0,0,0,0,2,0
CF,RW22,26.927458,-81.981386,0,PGD,45.6,0.8,222.0,4.8,1,76,0,0,0,0,3,0
CF,PGD,26.916772,-81.991247,0,FLL,303.6,110.4,222.0,0.8,0,0,0,0,0,0,0,1
CA,0,222.0,2,1000,0,0,0,0,0,0
DF,PGD,26.916772,-81.991247,1, ,0.0,0.0,2,1600,0,0,0,0,0,0
HM,PGD,26.916772,-81.991247,2, ,0.0,0.0,222.0,04.3,0,0,0,0,0,0,0,0,0

