SID,PROVO4,13,1
CA,0,134.0,2,4900,0,0,0,0,0,0
CF,CALUB,40.140678,-111.928303,2,PVU,230.0,10.5,230.0,9.0,2,9000,0,0,0,0,0,1
TF,FFU,40.274894,-111.940531,2, ,0.0,0.0,0.0,0.0,0,0,0,0,0,0,0,0

SID,PROVO4,18,1
CA,0,180.0,2,4900,0,0,0,0,0,0
CF,CALUB,40.140678,-111.928303,0,PVU,230.0,10.5,230.0,10.0,2,9000,0,0,0,0,0,1
TF,FFU,40.274894,-111.940531,2, ,0.0,0.0,0.0,0.0,0,0,0,0,0,0,0,0

SID,PROVO4,31,1
CA,0,314.0,2,4900,0,0,0,0,0,0
CF,PAMEE,40.349692,-111.840172,0,PVU,311.0,9.8,311.0,9.0,2,9000,0,0,0,0,0,1
DF,FFU,40.274894,-111.940531,1, ,0.0,0.0,0,0,0,0,0,0,0,0

SID,PROVO4,36,1
CA,0,360.0,2,4900,0,0,0,0,0,0
CF,PAMEE,40.349692,-111.840172,0,PVU,311.0,9.8,311.0,9.0,2,9000,0,0,0,0,0,1
DF,FFU,40.274894,-111.940531,1, ,0.0,0.0,0,0,0,0,0,0,0,0

APPTR,I13,13,FFU
IF,FFU,40.274894,-111.940531, ,0.0,0.0,0,0,0,0,0,0,1,0
TF,JETLI,40.331386,-111.985550,0, ,0.0,0.0,0.0,0.0,2,9000,0,0,0,0,0,0
AF,DICOT,40.408792,-111.891353,2,PVU,311.2,14.0,285.0,2,8200,0,0,0,0,1,0
CF,ZEGUR,40.336306,-111.826728,0,IPVU,313.8,9.3,134.0,5.3,2,6800,0,0,0,0,0,0

APPTR,I13,13,JAURN
IF,JAURN,40.480214,-111.955233, ,0.0,0.0,0,0,0,0,0,0,1,0
TF,DICOT,40.408792,-111.891353,0, ,0.0,0.0,0.0,0.0,2,8200,0,0,0,0,1,0
CF,ZEGUR,40.336306,-111.826728,0,IPVU,313.8,9.3,134.0,5.3,2,6800,0,0,0,0,0,0

FINAL,I13,13,I,3
IF,ZEGUR,40.336306,-111.826728,IPVU,313.8,9.3,2,6800,0,0,0,0,0,0
CF,WAVIT,40.306100,-111.799850,0,IPVU,313.8,7.1,134.0,2.2,1,6300,0,0,0,0,2,0
CF,RW13,40.230214,-111.732444,0,IPVU,313.8,1.6,134.0,5.5,1,4547,0,0,0,0,3,0
CA,0,134.0,2,6200,0,0,0,0,0,0
CF,CALUB,40.140678,-111.928303,2,PVU,230.0,10.5,230.0,10.0,0,0,0,0,0,0,0,0
TF,FFU,40.274894,-111.940531,2, ,0.0,0.0,0.0,0.0,2,9000,0,0,0,0,0,0
HM,FFU,40.274894,-111.940531,2, ,0.0,0.0,340.0,04.3,0,0,0,0,0,0,0,0,0

APPTR,R13,13,JAURN
IF,JAURN,40.480214,-111.955233, ,0.0,0.0,0,0,0,0,0,0,1,0
TF,DICOT,40.408792,-111.891353,0, ,0.0,0.0,0.0,0.0,2,8000,0,0,0,0,1,0

APPTR,R13,13,ZUXAG
IF,ZUXAG,40.329050,-112.082872, ,0.0,0.0,0,0,0,0,0,0,1,0
TF,DICOT,40.408792,-111.891353,0, ,0.0,0.0,0.0,0.0,2,8000,0,0,0,0,1,0

FINAL,R13,13,R,4
IF,DICOT,40.408792,-111.891353, ,0.0,0.0,2,8000,0,0,0,0,0,0
TF,ZEGUR,40.336306,-111.826728,0, ,0.0,0.0,134.0,5.3,2,6800,0,0,0,0,0,0
TF,WAVIT,40.306100,-111.799850,0, ,0.0,0.0,134.0,2.2,2,6300,0,0,0,0,2,0
TF,RW13,40.230214,-111.732444,0, ,0.0,0.0,134.0,5.5,1,4547,0,0,0,0,3,1
CA,0,134.0,2,4756,0,0,0,0,0,0
DF,HUNSU,40.144119,-111.656194,0, ,0.0,0.0,0,0,0,0,0,0,0,0
TF,FEBGO,40.075636,-111.693467,0, ,0.0,0.0,0.0,0.0,0,0,0,0,0,0,0,0
TF,ZARAK,39.952794,-111.882792,0, ,0.0,0.0,0.0,0.0,0,0,0,0,0,0,0,0
TF,JAMUK,40.035036,-111.994850,0, ,0.0,0.0,0.0,0.0,0,0,0,0,0,0,0,0
TF,FFU,40.274894,-111.940531,0, ,0.0,0.0,0.0,0.0,2,9000,0,0,0,0,0,1
HM,FFU,40.274894,-111.940531,2, ,0.0,0.0,340.0,07,0,0,0,0,0,0,0,0,0

