APPTR,B19,19,JVL
IF,JVL,42.558008,-89.105258, ,0.0,0.0,0,0,0,0,0,0,1,0
CF,WUPDU,42.508706,-89.049647,0,IRFD,8.4,18.0,137.0,3.9,2,2400,0,0,0,0,1,0

APPTR,B19,19,TODDY
PI,TODDY,42.286319,-89.078258,1,MZZ,53.0,10.0,008,5.0,2,2600,0,0,0,0,1,0

FINAL,B19,19,D,4
IF,WUPDU,42.508706,-89.049647,IRFD,8.4,18.0,2,2400,0,0,0,0,0,0
CF,TODDY,42.286319,-89.078258,0,IRFD,8.4,4.6,188.0,13.4,2,2400,0,0,0,0,2,0
CF,POPEE,42.234847,-89.084847,0,IRFD,8.4,1.5,188.0,3.1,2,1260,0,0,0,0,0,0
CF,FIGOD,42.218147,-89.086983,0,IRFD,8.4,0.5,188.0,1.0,1,1054,0,0,0,0,3,0
CF,GILMY,42.113567,-89.100336,0,MZZ,306.3,182.7,188.0,6.3,2,2500,0,0,0,0,0,0
HM,GILMY,42.113567,-89.100336,1, ,0.0,0.0,8.0,04.3,2,2500,0,0,0,0,0,0,0

APPTR,I01,01,CHANA
IF,CHANA,41.973650,-89.199275, ,0.0,0.0,0,0,0,0,0,0,1,0
VI,0, ,0.0,88.0,2,2500,0,0,0,0,0,0
CF,KENNY,42.013753,-89.113039,0,IRFD,188.4,11.8,8.0,2.1,2,2500,0,0,0,0,1,0

APPTR,I01,01,GILMY
PI,GILMY,42.113567,-89.100336,1,MZZ,233.0,10.0,188,5.0,2,2500,0,0,0,0,1,0

APPTR,I01,01,RUSLL
IF,RUSLL,41.977303,-89.037061, ,0.0,0.0,0,0,0,0,0,0,1,0
VI,0, ,0.0,278.0,2,2500,0,0,0,0,0,0
CF,KENNY,42.013753,-89.113039,0,IRFD,188.4,11.8,8.0,1.9,2,2500,0,0,0,0,1,0

FINAL,I01,01,I,3
IF,KENNY,42.013753,-89.113039,IRFD,188.4,11.8,2,2500,0,0,0,0,0,0
CF,GILMY,42.113567,-89.100336,0,IRFD,188.4,5.8,8.0,6.0,1,2000,0,0,0,0,2,0
CF,RW01,42.183469,-89.091417,0,IRFD,188.4,1.6,8.0,4.2,1,771,0,0,0,0,3,0
CF,TODDY,42.286319,-89.078258,0,MZZ,309.1,187.4,8.0,6.2,2,2600,0,0,0,0,0,0
HM,TODDY,42.286319,-89.078258,1, ,0.0,0.0,188.0,04.3,2,2600,0,0,0,0,0,0,0

APPTR,I07,07,FOORD
HF,FOORD,42.111344,-89.350642,1, ,0.0,0.0,68.0,04.3,2,3000,0,0,0,0,1,0,0

APPTR,I07,07,HENOR
IF,HENOR,42.170708,-89.582314, ,0.0,0.0,0,0,0,0,0,0,1,0
TF,FOORD,42.111344,-89.350642,0,IUDY,0.0,0.0,0.0,0.0,2,3000,0,0,0,0,1,0

APPTR,I07,07,SOSSO
IF,SOSSO,41.963569,-89.555608, ,0.0,0.0,0,0,0,0,0,0,1,0
TF,FOORD,42.111344,-89.350642,0,IUDY,0.0,0.0,0.0,0.0,2,3000,0,0,0,0,1,0

FINAL,I07,07,I,3
IF,FOORD,42.111344,-89.350642,IUDY,248.4,13.2,2,3000,0,0,0,0,0,0
CF,CUDUP,42.153186,-89.228561,0,IUDY,248.4,7.2,68.0,6.0,1,2500,0,0,0,0,2,0
CF,RW07,42.190228,-89.119922,0,IUDY,248.4,1.8,68.0,5.3,1,802,0,0,0,0,3,0
CA,0,68.0,2,1150,0,0,0,0,0,0
VM,0,0,0,68.0,2,3000,0,0,0,0,0,0

APPTR,R01,01,CONAN
IF,CONAN,41.976528,-89.117772, ,0.0,0.0,3,6000,0,0,0,0,1,0
HF,CONAN,41.976528,-89.117772,2, ,0.0,0.0,8.0,04,2,2500,0,0,0,0,0,0,0

APPTR,R01,01,NUELG
IF,NUELG,41.984972,-88.655975, ,0.0,0.0,0,0,0,0,0,0,0,0
TF,KAIPE,41.933458,-88.996783,0, ,0.0,0.0,0.0,0.0,2,2500,0,0,0,0,1,0
TF,CONAN,41.976528,-89.117772,0, ,0.0,0.0,0.0,0.0,2,2500,0,0,0,0,1,0

APPTR,R01,01,PLL
IF,PLL,41.965642,-89.524219, ,0.0,0.0,0,0,0,0,0,0,0,0
TF,JUGUG,41.973067,-89.251772,0, ,0.0,0.0,0.0,0.0,2,2500,0,0,0,0,1,0
TF,CONAN,41.976528,-89.117772,0, ,0.0,0.0,0.0,0.0,2,2500,0,0,0,0,1,0

APPTR,R01,01,SHOOF
IF,SHOOF,41.755017,-89.074247, ,0.0,0.0,0,0,0,0,0,0,1,0
TF,CONAN,41.976528,-89.117772,0, ,0.0,0.0,0.0,0.0,2,2500,0,0,0,0,1,0

FINAL,R01,01,R,4
IF,CONAN,41.976528,-89.117772, ,0.0,0.0,2,2500,0,0,0,0,0,0
TF,FANGU,42.092722,-89.102997,0, ,0.0,0.0,8.0,7.0,2,2500,0,0,0,0,2,0
TF,YOKUB,42.151933,-89.095444,0, ,0.0,0.0,8.0,3.6,2,1340,0,0,0,0,0,0
TF,RW01,42.183469,-89.091417,0, ,0.0,0.0,8.0,1.9,1,759,0,0,0,0,3,1
CA,0,8.0,2,929,0,0,0,0,0,0
DF,WAGET,42.411386,-89.062183,0, ,0.0,0.0,2,2500,0,0,0,0,0,1
HM,WAGET,42.411386,-89.062183,2, ,0.0,0.0,188.0,04,0,0,0,0,0,0,0,0,0

APPTR,R07,07,DAYVL
IF,DAYVL,41.970958,-89.312758, ,0.0,0.0,0,0,0,0,0,0,1,0
TF,RUDGE,42.104828,-89.369736,0, ,0.0,0.0,0.0,0.0,2,2500,0,0,0,0,1,0

APPTR,R07,07,LENAS
IF,LENAS,42.290686,-89.737450, ,0.0,0.0,0,0,0,0,0,0,1,0
TF,RUDGE,42.104828,-89.369736,0, ,0.0,0.0,0.0,0.0,2,2500,0,0,0,0,1,0

APPTR,R07,07,PLL
IF,PLL,41.965642,-89.524219, ,0.0,0.0,0,0,0,0,0,0,1,0
TF,RUDGE,42.104828,-89.369736,0, ,0.0,0.0,0.0,0.0,2,2500,0,0,0,0,1,0

APPTR,R07,07,RUDGE
IF,RUDGE,42.104828,-89.369736, ,0.0,0.0,3,6000,0,0,0,0,1,0
HF,RUDGE,42.104828,-89.369736,2, ,0.0,0.0,68.0,04,2,2500,0,0,0,0,0,0,0

FINAL,R07,07,R,4
IF,RUDGE,42.104828,-89.369736, ,0.0,0.0,2,2500,0,0,0,0,0,0
TF,CUDUP,42.153186,-89.228561,0, ,0.0,0.0,68.0,6.9,2,2500,0,0,0,0,2,0
TF,ZEVBU,42.175653,-89.162725,0, ,0.0,0.0,68.0,3.2,2,1460,0,0,0,0,0,0
TF,RW07,42.190228,-89.119922,0, ,0.0,0.0,68.0,2.1,1,802,0,0,0,0,3,1
CA,0,68.0,2,942,0,0,0,0,0,0
DF,TONGE,42.280203,-88.854258,0, ,0.0,0.0,2,2500,0,0,0,0,0,1
HM,TONGE,42.280203,-88.854258,2, ,0.0,0.0,249.0,04,0,0,0,0,0,0,0,0,0

APPTR,R19,19,BULLZ
IF,BULLZ,42.457572,-88.771297, ,0.0,0.0,0,0,0,0,0,0,0,0
TF,JORMO,42.436439,-88.931489,0, ,0.0,0.0,0.0,0.0,2,2500,0,0,0,0,1,0
TF,WAGET,42.411386,-89.062183,0, ,0.0,0.0,0.0,0.0,2,2500,0,0,0,0,1,0

APPTR,R19,19,JVL
IF,JVL,42.558008,-89.105258, ,0.0,0.0,0,0,0,0,0,0,1,0
TF,WAGET,42.411386,-89.062183,0, ,0.0,0.0,0.0,0.0,2,2500,0,0,0,0,1,0

APPTR,R19,19,PAPOW
IF,PAPOW,42.467544,-89.320683, ,0.0,0.0,0,0,0,0,0,0,1,0
TF,WAGET,42.411386,-89.062183,0, ,0.0,0.0,0.0,0.0,2,2500,0,0,0,0,1,0

APPTR,R19,19,WAGET
HF,WAGET,42.411386,-89.062183,2, ,0.0,0.0,188.0,04,2,2500,0,0,0,0,1,0,0

FINAL,R19,19,R,4
IF,WAGET,42.411386,-89.062183, ,0.0,0.0,2,2500,0,0,0,0,0,0
TF,CAGRA,42.295208,-89.077114,0, ,0.0,0.0,188.0,7.0,2,2500,0,0,0,0,2,0
TF,JUNUP,42.232425,-89.085156,0, ,0.0,0.0,188.0,3.8,2,1280,0,0,0,0,0,0
TF,RW19,42.205867,-89.088553,0, ,0.0,0.0,188.0,1.6,1,786,0,0,0,0,3,1
CA,0,188.0,2,936,0,0,0,0,0,0
DF,CONAN,41.976528,-89.117772,0, ,0.0,0.0,2,2500,0,0,0,0,0,1
HM,CONAN,41.976528,-89.117772,2, ,0.0,0.0,8.0,04,0,0,0,0,0,0,0,0,0

APPTR,R25,25,JVL
IF,JVL,42.558008,-89.105258, ,0.0,0.0,0,0,0,0,0,0,0,0
TF,JOLNI,42.382592,-88.822211,0, ,0.0,0.0,0.0,0.0,2,2500,0,0,0,0,1,0
TF,TONGE,42.280203,-88.854258,0, ,0.0,0.0,0.0,0.0,2,2500,0,0,0,0,1,0

APPTR,R25,25,NUELG
IF,NUELG,41.984972,-88.655975, ,0.0,0.0,0,0,0,0,0,0,0,0
TF,UJAVO,42.217653,-88.768389,0, ,0.0,0.0,0.0,0.0,2,2500,0,0,0,0,1,0
TF,TONGE,42.280203,-88.854258,0, ,0.0,0.0,0.0,0.0,2,2500,0,0,0,0,1,0

APPTR,R25,25,SMULA
IF,SMULA,42.341094,-88.659917, ,0.0,0.0,0,0,0,0,0,0,1,0
TF,TONGE,42.280203,-88.854258,0, ,0.0,0.0,0.0,0.0,2,2500,0,0,0,0,1,0

APPTR,R25,25,TONGE
IF,TONGE,42.280203,-88.854258, ,0.0,0.0,3,6000,0,0,0,0,1,0
HF,TONGE,42.280203,-88.854258,2, ,0.0,0.0,249.0,04,2,2500,0,0,0,0,0,0,0

FINAL,R25,25,R,4
IF,TONGE,42.280203,-88.854258, ,0.0,0.0,2,2500,0,0,0,0,0,0
TF,SUGEE,42.238908,-88.976533,0, ,0.0,0.0,249.0,6.0,2,2500,0,0,0,0,2,0
TF,WUBUV,42.215506,-89.045561,0, ,0.0,0.0,249.0,3.4,2,1400,0,0,0,0,0,0
TF,RW25,42.201647,-89.086358,0, ,0.0,0.0,249.0,2.0,1,786,0,0,0,0,3,1
CA,0,249.0,2,986,0,0,0,0,0,0
DF,RUDGE,42.104828,-89.369736,0, ,0.0,0.0,2,2500,0,0,0,0,0,1
HM,RUDGE,42.104828,-89.369736,2, ,0.0,0.0,68.0,04,0,0,0,0,0,0,0,0,0

