STAR,BRAUN3,ACT,4
IF,ACT,31.662231,-97.269014, ,0.0,0.0,0,0,0,0,0,0,0,0
TF,BLEWE,31.207681,-97.209019,0, ,0.0,0.0,0.0,0.0,0,0,0,0,0,0,0,0
TF,CWK,30.378550,-97.529847,0, ,0.0,0.0,0.0,0.0,0,0,0,0,0,0,0,0
TF,MARCS,29.897789,-97.861306,0, ,0.0,0.0,0.0,0.0,0,0,0,0,0,0,0,0

STAR,BRAUN3,IAH,4
IF,IAH,29.956917,-95.345719, ,0.0,0.0,0,0,0,0,0,0,0,0
TF,WEEED,29.779206,-96.181928,0, ,0.0,0.0,0.0,0.0,0,0,0,0,0,0,0,0
TF,WAILN,29.808231,-96.571422,0, ,0.0,0.0,0.0,0.0,0,0,0,0,0,0,0,0
TF,REDNK,29.839461,-97.001047,0, ,0.0,0.0,0.0,0.0,0,0,0,0,0,0,0,0
TF,RODIO,29.869972,-97.440486,0, ,0.0,0.0,0.0,0.0,0,0,0,0,0,0,0,0
TF,MARCS,29.897789,-97.861306,0, ,0.0,0.0,0.0,0.0,0,0,0,0,0,0,0,0

STAR,BRAUN3,LFK,4
IF,LFK,31.162442,-94.716833, ,0.0,0.0,0,0,0,0,0,0,0,0
TF,WEEED,29.779206,-96.181928,0, ,0.0,0.0,0.0,0.0,0,0,0,0,0,0,0,0
TF,WAILN,29.808231,-96.571422,0, ,0.0,0.0,0.0,0.0,0,0,0,0,0,0,0,0
TF,REDNK,29.839461,-97.001047,0, ,0.0,0.0,0.0,0.0,0,0,0,0,0,0,0,0
TF,RODIO,29.869972,-97.440486,0, ,0.0,0.0,0.0,0.0,0,0,0,0,0,0,0,0
TF,MARCS,29.897789,-97.861306,0, ,0.0,0.0,0.0,0.0,0,0,0,0,0,0,0,0

STAR,BRAUN3,MOLLR,4
IF,MOLLR,29.655619,-95.276619, ,0.0,0.0,0,0,0,0,0,0,0,0
TF,WEEED,29.779206,-96.181928,0, ,0.0,0.0,0.0,0.0,0,0,0,0,0,0,0,0
TF,WAILN,29.808231,-96.571422,0, ,0.0,0.0,0.0,0.0,0,0,0,0,0,0,0,0
TF,REDNK,29.839461,-97.001047,0, ,0.0,0.0,0.0,0.0,0,0,0,0,0,0,0,0
TF,RODIO,29.869972,-97.440486,0, ,0.0,0.0,0.0,0.0,0,0,0,0,0,0,0,0
TF,MARCS,29.897789,-97.861306,0, ,0.0,0.0,0.0,0.0,0,0,0,0,0,0,0,0

STAR,BRAUN3,WAILN,4
IF,WAILN,29.808231,-96.571422, ,0.0,0.0,0,0,0,0,0,0,0,0
TF,REDNK,29.839461,-97.001047,0, ,0.0,0.0,0.0,0.0,0,0,0,0,0,0,0,0
TF,RODIO,29.869972,-97.440486,0, ,0.0,0.0,0.0,0.0,0,0,0,0,0,0,0,0
TF,MARCS,29.897789,-97.861306,0, ,0.0,0.0,0.0,0.0,0,0,0,0,0,0,0,0

STAR,BRAUN3,WINDU,4
IF,WINDU,31.530536,-97.082517, ,0.0,0.0,0,0,0,0,0,0,0,0
TF,BLEWE,31.207681,-97.209019,0, ,0.0,0.0,0.0,0.0,0,0,0,0,0,0,0,0
TF,CWK,30.378550,-97.529847,0, ,0.0,0.0,0.0,0.0,0,0,0,0,0,0,0,0
TF,MARCS,29.897789,-97.861306,0, ,0.0,0.0,0.0,0.0,0,0,0,0,0,0,0,0

STAR,BRAUN3,ALL,5
IF,MARCS,29.897789,-97.861306, ,0.0,0.0,0,0,0,0,0,0,0,0
TF,BRAUN,29.812828,-98.063231,0, ,0.0,0.0,0.0,0.0,0,0,0,0,0,0,0,0
TF,RTAMA,29.699956,-98.329886,0, ,0.0,0.0,0.0,0.0,0,0,0,0,0,0,0,1
FM,RTAMA,29.699956,-98.329886,0,PGO,0.0,0.0,240.0,0,0,0,0,0,0,0,0

STAR,CSI2,FST,1
IF,FST,30.952108,-102.975711, ,0.0,0.0,0,0,0,0,0,0,0,0
TF,CSI,29.922356,-99.214486,0, ,0.0,0.0,0.0,0.0,0,0,0,0,0,0,0,0

STAR,CSI2,JCT,1
IF,JCT,30.598022,-99.817481, ,0.0,0.0,0,0,0,0,0,0,0,0
TF,CSI,29.922356,-99.214486,0, ,0.0,0.0,0.0,0.0,0,0,0,0,0,0,0,0

STAR,CSI2,ALL,2
IF,CSI,29.922356,-99.214486, ,0.0,0.0,0,0,0,0,0,0,0,0
TF,BENEY,29.838822,-98.990561,0, ,0.0,0.0,0.0,0.0,0,0,0,0,0,0,0,0
TF,MEDIN,29.806919,-98.900303,0, ,0.0,0.0,0.0,0.0,0,0,0,0,0,0,0,0
TF,REUBE,29.754928,-98.759908,0, ,0.0,0.0,0.0,0.0,0,0,0,0,0,0,0,0

STAR,LEMIG1,COT,1
IF,COT,28.462017,-99.118544, ,0.0,0.0,0,0,0,0,0,0,0,0
TF,LEMIG,28.977197,-98.500978,0, ,0.0,0.0,0.0,0.0,0,0,0,0,0,0,0,0

STAR,LEMIG1,CRP,1
IF,CRP,27.903767,-97.444881, ,0.0,0.0,0,0,0,0,0,0,0,0
TF,THX,28.504997,-98.150467,0, ,0.0,0.0,0.0,0.0,0,0,0,0,0,0,0,0
TF,LEMIG,28.977197,-98.500978,0, ,0.0,0.0,0.0,0.0,0,0,0,0,0,0,0,0

STAR,LEMIG1,LRD,1
IF,LRD,27.478736,-99.417678, ,0.0,0.0,0,0,0,0,0,0,0,0
TF,LEMIG,28.977197,-98.500978,0, ,0.0,0.0,0.0,0.0,0,0,0,0,0,0,0,0

STAR,LEMIG1,THX,1
IF,THX,28.504997,-98.150467, ,0.0,0.0,0,0,0,0,0,0,0,0
TF,LEMIG,28.977197,-98.500978,0, ,0.0,0.0,0.0,0.0,0,0,0,0,0,0,0,0

STAR,LEMIG1,ALL,2
IF,LEMIG,28.977197,-98.500978, ,0.0,0.0,0,0,0,0,0,0,0,0
TF,WENDL,29.193519,-98.488258,0, ,0.0,0.0,0.0,0.0,0,0,0,0,0,0,0,0
TF,ELKAY,29.377067,-98.477325,0, ,0.0,0.0,0.0,0.0,0,0,0,0,0,0,0,0

STAR,MARCS1,ACT,1
IF,ACT,31.662231,-97.269014, ,0.0,0.0,0,0,0,0,0,0,0,0
TF,BLEWE,31.207681,-97.209019,0, ,0.0,0.0,0.0,0.0,0,0,0,0,0,0,0,0
TF,CWK,30.378550,-97.529847,0, ,0.0,0.0,0.0,0.0,0,0,0,0,0,0,0,0
TF,MARCS,29.897789,-97.861306,0, ,0.0,0.0,0.0,0.0,0,0,0,0,0,0,0,0

STAR,MARCS1,CWK,1
IF,CWK,30.378550,-97.529847, ,0.0,0.0,0,0,0,0,0,0,0,0
TF,MARCS,29.897789,-97.861306,0, ,0.0,0.0,0.0,0.0,0,0,0,0,0,0,0,0

STAR,MARCS1,IDU,1
IF,IDU,29.956058,-96.562194, ,0.0,0.0,0,0,0,0,0,0,0,0
TF,CRAYS,29.918453,-97.433183,0, ,0.0,0.0,0.0,0.0,0,0,0,0,0,0,0,0
TF,MARCS,29.897789,-97.861306,0, ,0.0,0.0,0.0,0.0,0,0,0,0,0,0,0,0

STAR,MARCS1,LFK,1
IF,LFK,31.162442,-94.716833, ,0.0,0.0,0,0,0,0,0,0,0,0
TF,IDU,29.956058,-96.562194,0, ,0.0,0.0,0.0,0.0,0,0,0,0,0,0,0,0
TF,CRAYS,29.918453,-97.433183,0, ,0.0,0.0,0.0,0.0,0,0,0,0,0,0,0,0
TF,MARCS,29.897789,-97.861306,0, ,0.0,0.0,0.0,0.0,0,0,0,0,0,0,0,0

STAR,MARCS1,WINDU,1
IF,WINDU,31.530536,-97.082517, ,0.0,0.0,0,0,0,0,0,0,0,0
TF,BLEWE,31.207681,-97.209019,0, ,0.0,0.0,0.0,0.0,0,0,0,0,0,0,0,0
TF,CWK,30.378550,-97.529847,0, ,0.0,0.0,0.0,0.0,0,0,0,0,0,0,0,0
TF,MARCS,29.897789,-97.861306,0, ,0.0,0.0,0.0,0.0,0,0,0,0,0,0,0,0

STAR,MARCS1,ALL,2
IF,MARCS,29.897789,-97.861306, ,0.0,0.0,0,0,0,0,0,0,0,0
TF,BRAUN,29.812828,-98.063231,0, ,0.0,0.0,0.0,0.0,0,0,0,0,0,0,0,0
TF,TROOP,29.680639,-98.375336,0, ,0.0,0.0,0.0,0.0,0,0,0,0,0,0,0,0
TF,CRISS,29.658681,-98.426931,0, ,0.0,0.0,0.0,0.0,0,0,0,0,0,0,0,0

STAR,STV1,ABI,1
IF,ABI,32.481331,-99.863453, ,0.0,0.0,0,0,0,0,0,0,0,0
TF,STV,30.206758,-98.705756,0, ,0.0,0.0,0.0,0.0,0,0,0,0,0,0,0,0

STAR,STV1,JCT,1
IF,JCT,30.598022,-99.817481, ,0.0,0.0,0,0,0,0,0,0,0,0
TF,STV,30.206758,-98.705756,0, ,0.0,0.0,0.0,0.0,0,0,0,0,0,0,0,0

STAR,STV1,LLO,1
IF,LLO,30.796342,-98.787389, ,0.0,0.0,0,0,0,0,0,0,0,0
TF,STV,30.206758,-98.705756,0, ,0.0,0.0,0.0,0.0,0,0,0,0,0,0,0,0

STAR,STV1,ALL,2
IF,STV,30.206758,-98.705756, ,0.0,0.0,0,0,0,0,0,0,0,0
TF,RND,29.519175,-98.285175,0, ,0.0,0.0,0.0,0.0,0,0,0,0,0,0,0,0

APPTR,I15LY,15L,WIMVI
IF,WIMVI,29.665797,-98.021842, ,0.0,0.0,1,4000,0,0,0,0,1,0
AF,ITKES,29.731592,-98.087106,1,DHK,34.0,15.0,54.0,1,4000,0,0,0,0,0,0
AF,CEMUX,29.786953,-98.247772,1,DHK,359.0,15.0,34.0,1,3000,0,0,0,0,0,0
AF,FACCC,29.752336,-98.414489,1,DHK,324.3,15.0,359.0,1,3000,0,0,0,0,1,0
TF,JAXAP,29.701703,-98.380964,0, ,0.0,0.0,0.0,0.0,1,3000,0,0,0,0,0,0
CF,ZIGOK,29.645267,-98.343636,0,ITRT,325.0,8.7,145.0,3.9,1,2100,0,0,0,0,0,0

APPTR,I15LY,15L,WINKL
IF,WINKL,29.896947,-98.510475, ,0.0,0.0,1,3000,0,0,0,0,1,0
TF,WIGDI,29.795728,-98.443261,0, ,0.0,0.0,0.0,0.0,1,3000,0,0,0,0,0,0
TF,FACCC,29.752336,-98.414489,0, ,0.0,0.0,0.0,0.0,1,3000,0,0,0,0,1,0
TF,JAXAP,29.701703,-98.380964,0, ,0.0,0.0,0.0,0.0,1,3000,0,0,0,0,0,0
CF,ZIGOK,29.645267,-98.343636,0,ITRT,325.0,8.7,145.0,3.9,1,2100,0,0,0,0,0,0

FINAL,I15LY,15L,I,3
IF,ZIGOK,29.645267,-98.343636,ITRT,325.0,8.7,1,2100,0,0,0,0,0,0
CF,DINVE,29.602606,-98.315453,0,ITRT,325.0,5.7,145.0,3.0,1,2100,0,0,0,0,2,0
CF,RW15L,29.542753,-98.275958,0,ITRT,325.0,1.6,145.0,4.1,1,783,0,0,0,0,3,0
CA,0,145.0,2,1500,0,0,0,0,0,0
VI,1, ,0.0,24.0,0,0,0,0,0,0,0,0
CF,WIMVI,29.665797,-98.021842,0,DHK,54.0,15.0,54.0,9.0,2,3000,0,0,0,0,0,0
HM,WIMVI,29.665797,-98.021842,1, ,0.0,0.0,234.0,07,3,6000,0,1,310,0,0,0,0

APPTR,I15LZ,15L,RANDY
IF,RANDY,29.339547,-97.538364, ,0.0,0.0,1,23000,0,0,0,0,1,0
TF,TALLN,29.418989,-97.829806,0, ,0.0,0.0,0.0,0.0,4,11000,7000,0,0,0,0,0
TF,WOROG,29.448614,-97.939211,0, ,0.0,0.0,0.0,0.0,4,6500,4000,0,0,0,0,0
TF,FATID,29.463367,-97.993939,0, ,0.0,0.0,0.0,0.0,1,4000,0,0,0,0,0,0
AF,ITKES,29.731592,-98.087106,1,DHK,34.0,15.0,102.0,1,4000,0,0,0,0,0,0
AF,CEMUX,29.786953,-98.247772,1,DHK,359.0,15.0,34.0,1,3000,0,0,0,0,0,0
AF,FACCC,29.752336,-98.414489,1,DHK,324.3,15.0,359.0,1,3000,0,0,0,0,1,0
TF,JAXAP,29.701703,-98.380964,0, ,0.0,0.0,0.0,0.0,1,3000,0,0,0,0,0,0
CF,ZIGOK,29.645267,-98.343636,0,ITRT,325.0,8.7,145.0,3.9,1,2100,0,0,0,0,0,0

APPTR,I15LZ,15L,WINKL
IF,WINKL,29.896947,-98.510475, ,0.0,0.0,1,3000,0,0,0,0,1,0
TF,WIGDI,29.795728,-98.443261,0, ,0.0,0.0,0.0,0.0,1,3000,0,0,0,0,0,0
TF,FACCC,29.752336,-98.414489,0, ,0.0,0.0,0.0,0.0,1,3000,0,0,0,0,1,0
TF,JAXAP,29.701703,-98.380964,0, ,0.0,0.0,0.0,0.0,1,3000,0,0,0,0,0,0
CF,ZIGOK,29.645267,-98.343636,0,ITRT,325.0,8.7,145.0,3.9,1,2100,0,0,0,0,0,0

FINAL,I15LZ,15L,I,3
IF,ZIGOK,29.645267,-98.343636,ITRT,325.0,8.7,1,2100,0,0,0,0,0,0
CF,DINVE,29.602606,-98.315453,0,ITRT,325.0,5.7,145.0,3.0,1,2100,0,0,0,0,2,0
CF,RW15L,29.542753,-98.275958,0,ITRT,325.0,1.6,145.0,4.1,1,783,0,0,0,0,3,0
CA,0,145.0,2,1500,0,0,0,0,0,0
VI,1, ,0.0,24.0,0,0,0,0,0,0,0,0
CF,WIMVI,29.665797,-98.021842,0,DHK,54.0,15.0,54.0,9.0,2,3000,0,0,0,0,0,0
HM,WIMVI,29.665797,-98.021842,1, ,0.0,0.0,234.0,07,3,6000,0,1,310,0,0,0,0

APPTR,I15R,15R,DARBE
IF,DARBE,29.882356,-98.521478, ,0.0,0.0,1,4000,0,0,0,0,1,0
TF,HETAL,29.780708,-98.455142,0, ,0.0,0.0,0.0,0.0,1,4000,0,0,0,0,0,0
TF,WAXEL,29.725950,-98.419483,0, ,0.0,0.0,0.0,0.0,1,4000,0,0,0,0,1,0
CF,WINOP,29.693689,-98.398117,0,IUNY,325.0,12.5,145.0,2.2,1,4000,0,0,0,0,0,0

APPTR,I15R,15R,ZETET
IF,ZETET,29.602764,-98.035281, ,0.0,0.0,2,4000,0,0,0,0,1,0
AF,MUSPE,29.752511,-98.266469,1,RND,359.0,14.0,64.0,1,4000,0,0,0,0,0,0
AF,D325N,29.722689,-98.417131,1,RND,325.5,14.0,359.0,0,0,0,0,0,0,0,0
CF,WINOP,29.693689,-98.398117,0,IUNY,325.0,12.5,145.0,2.0,1,4000,0,0,0,0,0,0

FINAL,I15R,15R,I,3
IF,WINOP,29.693689,-98.398117,IUNY,325.0,12.5,1,4000,0,0,0,0,0,0
CF,WURIX,29.639108,-98.362006,0,IUNY,325.0,8.8,145.0,3.8,1,3100,0,0,0,0,2,0
CF,RW15R,29.534953,-98.293219,0,IUNY,325.0,1.6,145.0,7.2,1,808,0,0,0,0,3,0
CA,0,145.0,2,1170,0,0,0,0,0,0
CF,GIVKE,29.310361,-98.216861,0,RND,159.0,13.0,159.0,13.0,2,3000,0,0,0,0,0,0

APPTR,I33L,33L,FIBOR
IF,FIBOR,29.093728,-98.001186, ,0.0,0.0,1,4000,0,0,0,0,1,0
TF,SOTME,29.266867,-98.116422,0, ,0.0,0.0,0.0,0.0,1,4000,0,0,0,0,0,0
TF,NODVE,29.317350,-98.150089,0, ,0.0,0.0,0.0,0.0,1,4000,0,0,0,0,1,0
CF,FARSU,29.353561,-98.173861,0,IVQE,145.0,12.7,325.0,2.5,1,4000,0,0,0,0,0,0

APPTR,I33L,33L,ZETET
IF,ZETET,29.602764,-98.035281, ,0.0,0.0,2,4000,0,0,0,0,1,0
AF,HOXOB,29.405561,-98.051514,2,RND,114.0,14.0,64.0,1,4000,0,0,0,0,0,0
AF,NODVE,29.317350,-98.150089,2,RND,144.6,14.0,114.0,1,4000,0,0,0,0,1,0
CF,FARSU,29.353561,-98.173861,0,IVQE,145.0,12.7,325.0,2.5,1,4000,0,0,0,0,0,0

FINAL,I33L,33L,I,3
IF,FARSU,29.353561,-98.173861,IVQE,145.0,12.7,1,4000,0,0,0,0,0,0
CF,FINIG,29.409383,-98.210536,0,IVQE,145.0,8.9,325.0,3.9,1,3100,0,0,0,0,2,0
CF,RW33L,29.515058,-98.280100,0,IVQE,145.0,1.6,325.0,7.3,1,774,0,0,0,0,3,0
CA,0,325.0,2,1170,0,0,0,0,0,0
CF,HAKTI,29.690242,-98.438314,0,RND,317.0,13.0,317.0,13.0,2,3000,0,0,0,0,0,0

APPTR,I33RY,33R,FINTO
IF,FINTO,29.098375,-97.990853, ,0.0,0.0,1,3000,0,0,0,0,1,0
TF,ISORE,29.274186,-98.100725,0, ,0.0,0.0,0.0,0.0,1,3000,0,0,0,0,0,0
TF,ROLAK,29.318136,-98.128219,0, ,0.0,0.0,0.0,0.0,1,3000,0,0,0,0,1,0
CF,HONBU,29.419533,-98.194817,0,IRND,145.0,8.7,325.0,7.0,1,2100,0,0,0,0,0,0

APPTR,I33RY,33R,WIMVI
IF,WIMVI,29.665797,-98.021842, ,0.0,0.0,2,4000,0,0,0,0,1,0
AF,FATID,29.463367,-97.993939,2,DHK,102.0,15.0,54.0,1,4000,0,0,0,0,0,0
AF,ROLAK,29.318136,-98.128219,2,DHK,145.8,15.0,102.0,1,3000,0,0,0,0,1,0
CF,HONBU,29.419533,-98.194817,0,IRND,145.0,8.7,325.0,7.0,1,2100,0,0,0,0,0,0

FINAL,I33RY,33R,I,3
IF,HONBU,29.419533,-98.194817,IRND,145.0,8.7,1,2100,0,0,0,0,0,0
CF,CENAV,29.462658,-98.223189,0,IRND,145.0,5.7,325.0,3.0,1,2100,0,0,0,0,2,0
CF,RW33R,29.522858,-98.262844,0,IRND,145.0,1.6,325.0,4.2,1,776,0,0,0,0,3,0
CA,0,325.0,2,1500,0,0,0,0,0,0
VI,2, ,0.0,84.0,0,0,0,0,0,0,0,0
CF,WIMVI,29.665797,-98.021842,0,DHK,54.0,15.0,54.0,10.0,2,3000,0,0,0,0,0,0
HM,WIMVI,29.665797,-98.021842,1, ,0.0,0.0,234.0,07,3,6000,0,1,310,0,0,0,0

APPTR,I33RZ,33R,FINTO
IF,FINTO,29.098375,-97.990853, ,0.0,0.0,1,3000,0,0,0,0,1,0
TF,ISORE,29.274186,-98.100725,0, ,0.0,0.0,0.0,0.0,1,3000,0,0,0,0,0,0
TF,ROLAK,29.318136,-98.128219,0, ,0.0,0.0,0.0,0.0,1,3000,0,0,0,0,1,0
CF,HONBU,29.419533,-98.194817,0,IRND,145.0,8.7,325.0,7.0,1,2100,0,0,0,0,0,0

APPTR,I33RZ,33R,RANDY
IF,RANDY,29.339547,-97.538364, ,0.0,0.0,1,23000,0,0,0,0,1,0
TF,TALLN,29.418989,-97.829806,0, ,0.0,0.0,0.0,0.0,4,11000,7000,0,0,0,0,0
TF,WOROG,29.448614,-97.939211,0, ,0.0,0.0,0.0,0.0,4,6500,4000,0,0,0,0,0
TF,FATID,29.463367,-97.993939,0, ,0.0,0.0,0.0,0.0,1,4000,0,0,0,0,0,0
AF,ROLAK,29.318136,-98.128219,2,DHK,145.8,15.0,102.0,1,3000,0,0,0,0,1,0
CF,HONBU,29.419533,-98.194817,0,IRND,145.0,8.7,325.0,7.0,1,2100,0,0,0,0,0,0

FINAL,I33RZ,33R,I,3
IF,HONBU,29.419533,-98.194817,IRND,145.0,8.7,1,2100,0,0,0,0,0,0
CF,CENAV,29.462658,-98.223189,0,IRND,145.0,5.7,325.0,3.0,1,2100,0,0,0,0,2,0
CF,RW33R,29.522858,-98.262844,0,IRND,145.0,1.6,325.0,4.2,1,776,0,0,0,0,3,0
CA,0,325.0,2,1500,0,0,0,0,0,0
VI,2, ,0.0,84.0,0,0,0,0,0,0,0,0
CF,WIMVI,29.665797,-98.021842,0,DHK,54.0,15.0,54.0,10.0,2,3000,0,0,0,0,0,0
HM,WIMVI,29.665797,-98.021842,1, ,0.0,0.0,234.0,07,3,6000,0,1,310,0,0,0,0

APPTR,R15L,15L,GUADA
IF,GUADA,29.881078,-98.563897, ,0.0,0.0,1,3000,0,0,0,0,0,0
TF,WIGDI,29.795728,-98.443261,0, ,0.0,0.0,0.0,0.0,1,3000,0,0,0,0,1,0
TF,JAXAP,29.701703,-98.380964,0, ,0.0,0.0,0.0,0.0,1,3000,0,0,0,0,1,0

FINAL,R15L,15L,R,4
IF,JAXAP,29.701703,-98.380964, ,0.0,0.0,1,3000,0,0,0,0,0,0
TF,CUPIT,29.645039,-98.343489,0, ,0.0,0.0,145.0,3.9,1,2100,0,0,0,0,0,0
TF,COXOR,29.602339,-98.315281,0, ,0.0,0.0,145.0,3.0,1,2100,0,0,0,0,2,0
TF,RW15L,29.542753,-98.275958,0, ,0.0,0.0,145.0,4.1,1,788,0,0,0,0,3,1
CA,0,145.0,2,1500,0,0,0,0,0,0
DF,HOSPA,29.417378,-98.045856,0, ,0.0,0.0,2,3000,0,0,0,0,0,1

APPTR,R15R,15R,GUADA
IF,GUADA,29.881078,-98.563897, ,0.0,0.0,1,4000,0,0,0,0,0,0
TF,HETAL,29.780708,-98.455142,0, ,0.0,0.0,0.0,0.0,1,4000,0,0,0,0,1,0
TF,WAXEL,29.725950,-98.419483,0, ,0.0,0.0,0.0,0.0,1,4000,0,0,0,0,1,0

FINAL,R15R,15R,R,4
IF,WAXEL,29.725950,-98.419483, ,0.0,0.0,1,4000,0,0,0,0,0,0
TF,AVIBI,29.693439,-98.397950,0, ,0.0,0.0,145.0,2.3,1,4000,0,0,0,0,0,0
TF,FEDAB,29.639117,-98.361989,0, ,0.0,0.0,145.0,3.8,1,3100,0,0,0,0,2,0
TF,RW15R,29.534953,-98.293219,0, ,0.0,0.0,145.0,7.2,1,808,0,0,0,0,3,1
CA,0,145.0,2,1600,0,0,0,0,0,0
DF,GIVKE,29.310361,-98.216861,0, ,0.0,0.0,2,3000,0,0,0,0,0,1

APPTR,R33L,33L,SOTME
HF,SOTME,29.266867,-98.116422,1, ,0.0,0.0,325.0,07,2,4000,0,0,0,0,1,0,0

FINAL,R33L,33L,R,4
IF,SOTME,29.266867,-98.116422, ,0.0,0.0,1,4000,0,0,0,0,0,0
TF,WOLST,29.353692,-98.173706,0, ,0.0,0.0,325.0,6.0,1,4000,0,0,0,0,0,0
TF,SAPVE,29.409353,-98.210494,0, ,0.0,0.0,325.0,3.9,1,3100,0,0,0,0,2,0
TF,RW33L,29.515058,-98.280100,0, ,0.0,0.0,325.0,7.3,1,774,0,0,0,0,3,1
CA,0,325.0,2,1200,0,0,0,0,0,0
DF,HAKTI,29.690242,-98.438314,0, ,0.0,0.0,2,3000,0,0,0,0,0,1

APPTR,R33R,33R,DISNE
HF,DISNE,29.267425,-98.094919,2, ,0.0,0.0,325.0,07,2,3000,0,0,0,0,1,0,0

FINAL,R33R,33R,R,5
IF,DISNE,29.267425,-98.094919, ,0.0,0.0,1,3000,0,0,0,0,0,0
TF,FODRA,29.361550,-98.156681,0, ,0.0,0.0,325.0,6.5,1,3000,0,0,0,0,0,0
TF,EKORE,29.419472,-98.194756,0, ,0.0,0.0,325.0,4.0,1,2100,0,0,0,0,0,0
TF,GIBDE,29.462667,-98.223181,0, ,0.0,0.0,325.0,3.0,1,2100,0,0,0,0,2,0
TF,RW33R,29.522858,-98.262844,0, ,0.0,0.0,325.0,4.2,1,776,0,0,0,0,3,1
CA,0,325.0,2,1500,0,0,0,0,0,0
DF,CESVU,29.736950,-98.251769,0, ,0.0,0.0,2,3000,0,0,0,0,0,1

APPTR,T15R,15R,ZETET
IF,ZETET,29.602764,-98.035281, ,0.0,0.0,2,4000,0,0,0,0,1,0
AF,MUSPE,29.752511,-98.266469,1,RND,359.0,14.0,64.0,1,4000,0,0,0,0,0,0
AF,WOMAK,29.723689,-98.415092,1,RND,326.0,14.0,359.0,1,4000,0,0,0,0,1,0

FINAL,T15R,15R,D,4
IF,WOMAK,29.723689,-98.415092,RND,326.0,14.0,1,4000,0,0,0,0,0,0
CF,ZEBAG,29.636053,-98.359347,0,RND,326.0,8.0,146.0,6.0,1,3000,0,0,0,0,0,0
CF,PLANT,29.592228,-98.331511,0,RND,326.0,5.0,146.0,3.0,1,2100,0,0,0,0,2,0
CF,HUNOR,29.541089,-98.299061,0,RND,326.0,1.5,146.0,3.5,1,961,0,0,0,0,3,0
CF,GIVKE,29.310361,-98.216861,0,RND,159.0,13.0,159.0,14.5,2,3000,0,0,0,0,0,0

APPTR,T33L,33L,ZETET
IF,ZETET,29.602764,-98.035281, ,0.0,0.0,2,4000,0,0,0,0,1,0
AF,HOXOB,29.405561,-98.051514,2,RND,114.0,14.0,64.0,1,4000,0,0,0,0,0,0
AF,HUBNU,29.320725,-98.143717,2,RND,143.0,14.0,114.0,1,4000,0,0,0,0,1,0

FINAL,T33L,33L,D,4
IF,HUBNU,29.320725,-98.143717,RND,143.0,14.0,1,4000,0,0,0,0,0,0
CF,BAAGO,29.412881,-98.209319,0,RND,143.0,7.5,323.0,6.5,1,3000,0,0,0,0,0,0
CF,HUDIB,29.455403,-98.239639,0,RND,143.0,4.5,323.0,3.0,1,2100,0,0,0,0,2,0
CF,HOSPO,29.505000,-98.275047,0,RND,143.0,0.0,323.0,3.5,1,985,0,0,0,0,3,0
CF,HAKTI,29.690242,-98.438314,0,RND,317.0,13.0,317.0,14.0,2,3000,0,0,0,0,0,0

