SID,ARCHZ1,34L,4
CA,0,344.0,2,4630,0,0,0,0,0,0
VM,0,0,0,344.0,0,0,0,0,0,0,0,0
DF,SCANT,40.753803,-112.273253,0, ,0.0,0.0,2,10000,0,0,0,0,0,0

SID,ARCHZ1,34R,4
CA,0,344.0,2,4630,0,0,0,0,0,0
VM,0,0,0,344.0,0,0,0,0,0,0,0,0
DF,SCANT,40.753803,-112.273253,0, ,0.0,0.0,2,10000,0,0,0,0,0,0

SID,ARCHZ1,35,4
CA,0,349.0,2,4630,0,0,0,0,0,0
VM,0,0,0,349.0,0,0,0,0,0,0,0,0
DF,SCANT,40.753803,-112.273253,0, ,0.0,0.0,2,10000,0,0,0,0,0,0

SID,ARCHZ1,ALL,5
IF,SCANT,40.753803,-112.273253, ,0.0,0.0,2,10000,0,0,0,0,0,0
TF,ARCHZ,40.564453,-112.311775,0, ,0.0,0.0,0.0,0.0,2,13000,0,0,0,0,0,0

SID,ARCHZ1,KROST,6
IF,ARCHZ,40.564453,-112.311775, ,0.0,0.0,2,13000,0,0,0,0,0,0
TF,TRILA,40.182786,-112.467386,0, ,0.0,0.0,0.0,0.0,2,19000,0,0,0,0,0,0
TF,EDETH,39.680181,-112.819133,0, ,0.0,0.0,0.0,0.0,0,0,0,0,0,0,0,0
TF,GAROT,39.300000,-113.250000,0, ,0.0,0.0,0.0,0.0,0,0,0,0,0,0,0,0
TF,KROST,38.420939,-116.198606,0, ,0.0,0.0,0.0,0.0,0,0,0,0,0,0,0,0

SID,ARCHZ1,MLF,6
IF,ARCHZ,40.564453,-112.311775, ,0.0,0.0,2,13000,0,0,0,0,0,0
TF,TRILA,40.182786,-112.467386,0, ,0.0,0.0,0.0,0.0,2,19000,0,0,0,0,0,0
TF,EDETH,39.680181,-112.819133,0, ,0.0,0.0,0.0,0.0,0,0,0,0,0,0,0,0
TF,SEVYR,39.217447,-112.888025,0, ,0.0,0.0,0.0,0.0,0,0,0,0,0,0,0,0
TF,MLF,38.360356,-113.013233,0, ,0.0,0.0,0.0,0.0,0,0,0,0,0,0,0,0

SID,ARCHZ1,WINEN,6
IF,ARCHZ,40.564453,-112.311775, ,0.0,0.0,2,13000,0,0,0,0,0,0
TF,TRILA,40.182786,-112.467386,0, ,0.0,0.0,0.0,0.0,2,19000,0,0,0,0,0,0
TF,EDETH,39.680181,-112.819133,0, ,0.0,0.0,0.0,0.0,0,0,0,0,0,0,0,0
TF,WINEN,37.933333,-113.500000,0, ,0.0,0.0,0.0,0.0,0,0,0,0,0,0,0,0

SID,CGULL1,16L,4
CA,0,164.0,2,4630,0,0,0,0,0,0
VM,0,0,0,164.0,0,0,0,0,0,0,0,0
DF,CORVR,41.069908,-112.425992,0, ,0.0,0.0,2,13000,0,0,0,0,0,0

SID,CGULL1,16R,4
CA,0,164.0,2,4630,0,0,0,0,0,0
VM,0,0,0,164.0,0,0,0,0,0,0,0,0
DF,CORVR,41.069908,-112.425992,0, ,0.0,0.0,2,13000,0,0,0,0,0,0

SID,CGULL1,17,4
CA,0,169.0,2,4630,0,0,0,0,0,0
VM,0,0,0,169.0,0,0,0,0,0,0,0,0
DF,CORVR,41.069908,-112.425992,0, ,0.0,0.0,2,13000,0,0,0,0,0,0

SID,CGULL1,34L,4
CA,0,344.0,2,4630,0,0,0,0,0,0
VM,0,0,0,344.0,0,0,0,0,0,0,0,0
DF,CORVR,41.069908,-112.425992,0, ,0.0,0.0,2,13000,0,0,0,0,0,0

SID,CGULL1,34R,4
CA,0,344.0,2,4630,0,0,0,0,0,0
VM,0,0,0,344.0,0,0,0,0,0,0,0,0
DF,CORVR,41.069908,-112.425992,0, ,0.0,0.0,2,13000,0,0,0,0,0,0

SID,CGULL1,35,4
CA,0,349.0,2,4630,0,0,0,0,0,0
VM,0,0,0,349.0,0,0,0,0,0,0,0,0
DF,CORVR,41.069908,-112.425992,0, ,0.0,0.0,2,13000,0,0,0,0,0,0

SID,CGULL1,ALL,5
IF,CORVR,41.069908,-112.425992, ,0.0,0.0,2,13000,0,0,0,0,0,0
TF,CGULL,41.169147,-112.509350,0, ,0.0,0.0,0.0,0.0,2,15000,0,0,0,0,0,0

SID,CGULL1,DRYAD,6
IF,CGULL,41.169147,-112.509350, ,0.0,0.0,2,15000,0,0,0,0,0,0
TF,MOFER,41.277986,-112.619908,0, ,0.0,0.0,0.0,0.0,0,0,0,0,0,0,0,0
TF,SCOVL,41.401008,-112.799703,0, ,0.0,0.0,0.0,0.0,0,0,0,0,0,0,0,0
TF,DRYAD,42.168442,-113.993628,0, ,0.0,0.0,0.0,0.0,0,0,0,0,0,0,0,0

SID,CGULL1,TWF,6
IF,CGULL,41.169147,-112.509350, ,0.0,0.0,2,15000,0,0,0,0,0,0
TF,MOFER,41.277986,-112.619908,0, ,0.0,0.0,0.0,0.0,0,0,0,0,0,0,0,0
TF,SCOVL,41.401008,-112.799703,0, ,0.0,0.0,0.0,0.0,0,0,0,0,0,0,0,0
TF,DRYAD,42.168442,-113.993628,0, ,0.0,0.0,0.0,0.0,0,0,0,0,0,0,0,0
TF,TWF,42.479850,-114.489458,0, ,0.0,0.0,0.0,0.0,0,0,0,0,0,0,0,0

SID,DEZRT2,16L,4
CA,0,164.0,2,4640,0,0,0,0,0,0
VM,0,0,0,164.0,0,0,0,0,0,0,0,0
DF,DURCH,40.871808,-112.436089,0, ,0.0,0.0,2,12000,0,0,0,0,0,0

SID,DEZRT2,16R,4
CA,0,164.0,2,4640,0,0,0,0,0,0
VM,0,0,0,164.0,0,0,0,0,0,0,0,0
DF,DURCH,40.871808,-112.436089,0, ,0.0,0.0,2,12000,0,0,0,0,0,0

SID,DEZRT2,17,4
CA,0,169.0,2,4640,0,0,0,0,0,0
VM,0,0,0,169.0,0,0,0,0,0,0,0,0
DF,DURCH,40.871808,-112.436089,0, ,0.0,0.0,2,12000,0,0,0,0,0,0

SID,DEZRT2,34L,4
CA,0,344.0,2,4640,0,0,0,0,0,0
VM,0,0,0,344.0,0,0,0,0,0,0,0,0
DF,DURCH,40.871808,-112.436089,0, ,0.0,0.0,2,12000,0,0,0,0,0,0

SID,DEZRT2,34R,4
CA,0,344.0,2,4640,0,0,0,0,0,0
VM,0,0,0,344.0,0,0,0,0,0,0,0,0
DF,DURCH,40.871808,-112.436089,0, ,0.0,0.0,2,12000,0,0,0,0,0,0

SID,DEZRT2,35,4
CA,0,349.0,2,4640,0,0,0,0,0,0
VM,0,0,0,349.0,0,0,0,0,0,0,0,0
DF,DURCH,40.871808,-112.436089,0, ,0.0,0.0,2,12000,0,0,0,0,0,0

SID,DEZRT2,ALL,5
IF,DURCH,40.871808,-112.436089, ,0.0,0.0,2,12000,0,0,0,0,0,0
TF,BONNE,40.862372,-112.579000,0, ,0.0,0.0,0.0,0.0,2,14000,0,0,0,0,0,0
TF,DEZRT,40.841667,-112.833333,0, ,0.0,0.0,0.0,0.0,2,15000,0,0,0,0,0,0

SID,DEZRT2,BAM,6
IF,DEZRT,40.841667,-112.833333, ,0.0,0.0,2,15000,0,0,0,0,0,0
TF,TIPTN,40.841667,-113.833333,0, ,0.0,0.0,0.0,0.0,0,0,0,0,0,0,0,0
TF,PECOP,40.833333,-114.750000,0, ,0.0,0.0,0.0,0.0,0,0,0,0,0,0,0,0
TF,ANTMO,40.758650,-115.400967,0, ,0.0,0.0,0.0,0.0,0,0,0,0,0,0,0,0
TF,BAM,40.569081,-116.922256,0, ,0.0,0.0,0.0,0.0,0,0,0,0,0,0,0,0

SID,DEZRT2,MVA,6
IF,DEZRT,40.841667,-112.833333, ,0.0,0.0,2,15000,0,0,0,0,0,0
TF,TIPTN,40.841667,-113.833333,0, ,0.0,0.0,0.0,0.0,0,0,0,0,0,0,0,0
TF,PECOP,40.833333,-114.750000,0, ,0.0,0.0,0.0,0.0,0,0,0,0,0,0,0,0
TF,ASTNN,39.250000,-116.383333,0, ,0.0,0.0,0.0,0.0,0,0,0,0,0,0,0,0
TF,MVA,38.565300,-118.032853,0, ,0.0,0.0,0.0,0.0,0,0,0,0,0,0,0,0

SID,FFU9,16L,1
CA,0,164.0,2,4630,0,0,0,0,0,0
VM,0,0,0,160.0,0,0,0,0,0,0,0,0
DF,FFU,40.274894,-111.940531,0, ,0.0,0.0,0,0,0,0,0,0,0,0

SID,FFU9,16R,1
CA,0,164.0,2,4630,0,0,0,0,0,0
VM,0,0,0,160.0,0,0,0,0,0,0,0,0
DF,FFU,40.274894,-111.940531,0, ,0.0,0.0,0,0,0,0,0,0,0,0

SID,FFU9,17,1
CA,0,169.0,2,4630,0,0,0,0,0,0
VM,0,0,0,160.0,0,0,0,0,0,0,0,0
DF,FFU,40.274894,-111.940531,0, ,0.0,0.0,0,0,0,0,0,0,0,0

SID,FFU9,BCE,3
IF,FFU,40.274894,-111.940531, ,0.0,0.0,0,0,0,0,0,0,0,0
TF,LODUY,39.467383,-112.056908,0, ,0.0,0.0,0.0,0.0,0,0,0,0,0,0,0,0
TF,URNUW,39.134178,-112.104136,0, ,0.0,0.0,0.0,0.0,0,0,0,0,0,0,0,0
TF,BCE,37.689186,-112.303903,0, ,0.0,0.0,0.0,0.0,0,0,0,0,0,0,0,0

SID,FFU9,HVE,3
IF,FFU,40.274894,-111.940531, ,0.0,0.0,0,0,0,0,0,0,0,0
TF,OHQES,39.579369,-111.401431,0, ,0.0,0.0,0.0,0.0,0,0,0,0,0,0,0,0
TF,HVE,38.416808,-110.699742,0, ,0.0,0.0,0.0,0.0,0,0,0,0,0,0,0,0

SID,FFU9,MLF,3
IF,FFU,40.274894,-111.940531, ,0.0,0.0,0,0,0,0,0,0,0,0
TF,LODUY,39.467383,-112.056908,0, ,0.0,0.0,0.0,0.0,0,0,0,0,0,0,0,0
TF,URNUW,39.134178,-112.104136,0, ,0.0,0.0,0.0,0.0,0,0,0,0,0,0,0,0
TF,MLF,38.360356,-113.013233,0, ,0.0,0.0,0.0,0.0,0,0,0,0,0,0,0,0

SID,FFU9,OAL,3
IF,FFU,40.274894,-111.940531, ,0.0,0.0,0,0,0,0,0,0,0,0
TF,LODUY,39.467383,-112.056908,0, ,0.0,0.0,0.0,0.0,0,0,0,0,0,0,0,0
TF,URNUW,39.134178,-112.104136,0, ,0.0,0.0,0.0,0.0,0,0,0,0,0,0,0,0
TF,MLF,38.360356,-113.013233,0, ,0.0,0.0,0.0,0.0,0,0,0,0,0,0,0,0
TF,ILC,38.250192,-114.394228,0, ,0.0,0.0,0.0,0.0,0,0,0,0,0,0,0,0
TF,TPH,38.030644,-117.033503,0, ,0.0,0.0,0.0,0.0,0,0,0,0,0,0,0,0
TF,OAL,38.003261,-117.770447,0, ,0.0,0.0,0.0,0.0,0,0,0,0,0,0,0,0

SID,RUGGD3,16L,4
CA,0,164.0,2,4640,0,0,0,0,0,0
VM,0,0,0,164.0,0,0,0,0,0,0,0,0
DF,BUBBY,41.048283,-112.016536,2, ,0.0,0.0,2,11000,0,0,0,0,0,0

SID,RUGGD3,16R,4
CA,0,164.0,2,4640,0,0,0,0,0,0
VM,0,0,0,164.0,0,0,0,0,0,0,0,0
DF,BUBBY,41.048283,-112.016536,2, ,0.0,0.0,2,11000,0,0,0,0,0,0

SID,RUGGD3,17,4
CA,0,169.0,2,4640,0,0,0,0,0,0
VM,0,0,0,169.0,0,0,0,0,0,0,0,0
DF,BUBBY,41.048283,-112.016536,2, ,0.0,0.0,2,11000,0,0,0,0,0,0

SID,RUGGD3,34L,4
CA,0,344.0,2,4640,0,0,0,0,0,0
VM,0,0,0,344.0,0,0,0,0,0,0,0,0
DF,BUBBY,41.048283,-112.016536,0, ,0.0,0.0,2,11000,0,0,0,0,0,0

SID,RUGGD3,34R,4
CA,0,344.0,2,4640,0,0,0,0,0,0
VM,0,0,0,344.0,0,0,0,0,0,0,0,0
DF,BUBBY,41.048283,-112.016536,0, ,0.0,0.0,2,11000,0,0,0,0,0,0

SID,RUGGD3,35,4
CA,0,349.0,2,4640,0,0,0,0,0,0
VM,0,0,0,349.0,0,0,0,0,0,0,0,0
DF,BUBBY,41.048283,-112.016536,0, ,0.0,0.0,2,11000,0,0,0,0,0,0

SID,RUGGD3,ALL,5
IF,BUBBY,41.048283,-112.016536, ,0.0,0.0,2,11000,0,0,0,0,0,0
TF,RUGGD,41.135642,-111.767581,0, ,0.0,0.0,0.0,0.0,2,12000,0,0,0,0,0,0

SID,RUGGD3,EKR,6
IF,RUGGD,41.135642,-111.767581, ,0.0,0.0,2,12000,0,0,0,0,0,0
TF,UPJAR,40.794731,-111.405744,0, ,0.0,0.0,0.0,0.0,0,0,0,0,0,0,0,0
TF,BORZI,40.537350,-110.290447,0, ,0.0,0.0,0.0,0.0,0,0,0,0,0,0,0,0
TF,EKR,40.067442,-107.924950,0, ,0.0,0.0,0.0,0.0,0,0,0,0,0,0,0,0

SID,RUGGD3,HOLTR,6
IF,RUGGD,41.135642,-111.767581, ,0.0,0.0,2,12000,0,0,0,0,0,0
TF,KLOUD,41.389508,-111.707506,0, ,0.0,0.0,0.0,0.0,0,0,0,0,0,0,0,0
TF,SAWGI,41.795961,-111.547639,0, ,0.0,0.0,0.0,0.0,0,0,0,0,0,0,0,0
TF,HOLTR,42.300000,-111.433333,0, ,0.0,0.0,0.0,0.0,0,0,0,0,0,0,0,0

SID,RUGGD3,KIERA,6
IF,RUGGD,41.135642,-111.767581, ,0.0,0.0,2,12000,0,0,0,0,0,0
TF,LOFOG,40.693253,-111.406481,0, ,0.0,0.0,0.0,0.0,0,0,0,0,0,0,0,0
TF,LEGBE,40.419722,-110.471389,0, ,0.0,0.0,0.0,0.0,0,0,0,0,0,0,0,0
TF,KIERA,40.246958,-109.857778,0, ,0.0,0.0,0.0,0.0,0,0,0,0,0,0,0,0

SID,RUGGD3,OCS,6
IF,RUGGD,41.135642,-111.767581, ,0.0,0.0,2,12000,0,0,0,0,0,0
TF,SPINE,41.047136,-111.404014,0, ,0.0,0.0,0.0,0.0,0,0,0,0,0,0,0,0
TF,SKIII,41.077472,-111.053772,0, ,0.0,0.0,0.0,0.0,0,0,0,0,0,0,0,0
TF,POPLE,41.159714,-110.740414,0, ,0.0,0.0,0.0,0.0,0,0,0,0,0,0,0,0
TF,OCS,41.590211,-109.015328,0, ,0.0,0.0,0.0,0.0,0,0,0,0,0,0,0,0

SID,RUGGD3,PERTY,6
IF,RUGGD,41.135642,-111.767581, ,0.0,0.0,2,12000,0,0,0,0,0,0
TF,HERTS,40.909492,-111.400072,0, ,0.0,0.0,0.0,0.0,0,0,0,0,0,0,0,0
TF,PERTY,40.742992,-110.047533,0, ,0.0,0.0,0.0,0.0,0,0,0,0,0,0,0,0

SID,SEVYR3,32,1
CA,0,322.0,2,4630,0,0,0,0,0,0
VM,0,0,0,263.0,0,0,0,0,0,0,0,0
DF,TCH,40.850258,-111.981906,0, ,0.0,0.0,0,0,0,0,0,0,0,0

SID,SEVYR3,34L,1
CA,0,344.0,2,4630,0,0,0,0,0,0
VM,0,0,0,263.0,0,0,0,0,0,0,0,0
DF,TCH,40.850258,-111.981906,0, ,0.0,0.0,0,0,0,0,0,0,0,0

SID,SEVYR3,34R,1
CA,0,344.0,2,4630,0,0,0,0,0,0
VM,0,0,0,263.0,0,0,0,0,0,0,0,0
DF,TCH,40.850258,-111.981906,0, ,0.0,0.0,0,0,0,0,0,0,0,0

SID,SEVYR3,35,1
CA,0,349.0,2,4630,0,0,0,0,0,0
VM,0,0,0,263.0,0,0,0,0,0,0,0,0
DF,TCH,40.850258,-111.981906,0, ,0.0,0.0,0,0,0,0,0,0,0,0

SID,SEVYR3,MLF,3
IF,TCH,40.850258,-111.981906, ,0.0,0.0,0,0,0,0,0,0,0,0
TF,EDETH,39.680181,-112.819133,0, ,0.0,0.0,0.0,0.0,0,0,0,0,0,0,0,0
TF,SEVYR,39.217447,-112.888025,0, ,0.0,0.0,0.0,0.0,0,0,0,0,0,0,0,0
TF,MLF,38.360356,-113.013233,0, ,0.0,0.0,0.0,0.0,0,0,0,0,0,0,0,0

SID,SEVYR3,OAL,3
IF,TCH,40.850258,-111.981906, ,0.0,0.0,0,0,0,0,0,0,0,0
TF,EDETH,39.680181,-112.819133,0, ,0.0,0.0,0.0,0.0,0,0,0,0,0,0,0,0
TF,SEVYR,39.217447,-112.888025,0, ,0.0,0.0,0.0,0.0,0,0,0,0,0,0,0,0
TF,OAL,38.003261,-117.770447,0, ,0.0,0.0,0.0,0.0,0,0,0,0,0,0,0,0

SID,SLC4,14,1
VA,0,142.0,2,4630,0,0,0,0,0,0
VM,0,0,0,163.0,0,0,0,0,0,0,0,0

SID,SLC4,16L,1
VA,0,164.0,2,4630,0,0,0,0,0,0
VM,0,0,0,163.0,0,0,0,0,0,0,0,0

SID,SLC4,16R,1
VA,0,164.0,2,4630,0,0,0,0,0,0
VM,0,0,0,163.0,0,0,0,0,0,0,0,0

SID,SLC4,17,1
VA,0,169.0,2,4630,0,0,0,0,0,0
VM,0,0,0,163.0,0,0,0,0,0,0,0,0

SID,SLC4,32,1
VA,0,322.0,2,4630,0,0,0,0,0,0
VM,0,0,0,343.0,0,0,0,0,0,0,0,0

SID,SLC4,34L,1
VA,0,344.0,2,4630,0,0,0,0,0,0
VM,0,0,0,343.0,0,0,0,0,0,0,0,0

SID,SLC4,34R,1
VA,0,344.0,2,4630,0,0,0,0,0,0
VM,0,0,0,343.0,0,0,0,0,0,0,0,0

SID,SLC4,35,1
VA,0,349.0,2,4630,0,0,0,0,0,0
VM,0,0,0,343.0,0,0,0,0,0,0,0,0

SID,ZIONZ1,16L,4
VA,0,164.0,2,4630,0,0,0,0,0,0
VM,0,0,0,160.0,2,7000,0,0,0,0,0,0
DF,HOPTO,40.461047,-111.951986,0, ,0.0,0.0,2,9000,0,0,0,0,0,0

SID,ZIONZ1,16R,4
VA,0,164.0,2,4630,0,0,0,0,0,0
VM,0,0,0,160.0,2,7000,0,0,0,0,0,0
DF,HOPTO,40.461047,-111.951986,0, ,0.0,0.0,2,9000,0,0,0,0,0,0

SID,ZIONZ1,17,4
VA,0,169.0,2,4630,0,0,0,0,0,0
VM,0,0,0,160.0,2,7000,0,0,0,0,0,0
DF,HOPTO,40.461047,-111.951986,0, ,0.0,0.0,2,9000,0,0,0,0,0,0

SID,ZIONZ1,ALL,5
IF,HOPTO,40.461047,-111.951986, ,0.0,0.0,2,9000,0,0,0,0,0,0
TF,ZIONZ,40.268636,-111.938706,0, ,0.0,0.0,0.0,0.0,0,0,0,0,0,0,0,0

SID,ZIONZ1,BCE,6
IF,ZIONZ,40.268636,-111.938706, ,0.0,0.0,0,0,0,0,0,0,0,0
TF,GITLN,40.134644,-111.959817,0, ,0.0,0.0,0.0,0.0,0,0,0,0,0,0,0,0
TF,LODUY,39.467383,-112.056908,0, ,0.0,0.0,0.0,0.0,2,14000,0,0,0,0,0,0
TF,URNUW,39.134178,-112.104136,0, ,0.0,0.0,0.0,0.0,0,0,0,0,0,0,0,0
TF,BCE,37.689186,-112.303903,0, ,0.0,0.0,0.0,0.0,0,0,0,0,0,0,0,0

SID,ZIONZ1,EHK,6
IF,ZIONZ,40.268636,-111.938706, ,0.0,0.0,0,0,0,0,0,0,0,0
TF,GITLN,40.134644,-111.959817,0, ,0.0,0.0,0.0,0.0,0,0,0,0,0,0,0,0
TF,LODUY,39.467383,-112.056908,0, ,0.0,0.0,0.0,0.0,2,14000,0,0,0,0,0,0
TF,URNUW,39.134178,-112.104136,0, ,0.0,0.0,0.0,0.0,0,0,0,0,0,0,0,0
TF,EHK,37.787331,-113.068231,0, ,0.0,0.0,0.0,0.0,0,0,0,0,0,0,0,0

SID,ZIONZ1,EYELO,6
IF,ZIONZ,40.268636,-111.938706, ,0.0,0.0,0,0,0,0,0,0,0,0
TF,KOOGR,40.146406,-111.841128,0, ,0.0,0.0,0.0,0.0,2,13000,0,0,0,0,0,0
TF,ROMMN,40.096356,-111.793875,0, ,0.0,0.0,0.0,0.0,3,19000,0,0,0,0,0,0
TF,PLEZZ,39.557628,-111.389019,0, ,0.0,0.0,0.0,0.0,0,0,0,0,0,0,0,0
TF,EYELO,38.757892,-110.781936,0, ,0.0,0.0,0.0,0.0,0,0,0,0,0,0,0,0

SID,ZIONZ1,KIMMR,6
IF,ZIONZ,40.268636,-111.938706, ,0.0,0.0,0,0,0,0,0,0,0,0
TF,KOOGR,40.146406,-111.841128,0, ,0.0,0.0,0.0,0.0,2,13000,0,0,0,0,0,0
TF,ROMMN,40.096356,-111.793875,0, ,0.0,0.0,0.0,0.0,3,19000,0,0,0,0,0,0
TF,KIMMR,39.229233,-109.958361,0, ,0.0,0.0,0.0,0.0,0,0,0,0,0,0,0,0

SID,ZIONZ1,KROST,6
IF,ZIONZ,40.268636,-111.938706, ,0.0,0.0,0,0,0,0,0,0,0,0
TF,GITLN,40.134644,-111.959817,0, ,0.0,0.0,0.0,0.0,0,0,0,0,0,0,0,0
TF,LODUY,39.467383,-112.056908,0, ,0.0,0.0,0.0,0.0,2,14000,0,0,0,0,0,0
TF,KROST,38.420939,-116.198606,0, ,0.0,0.0,0.0,0.0,0,0,0,0,0,0,0,0

STAR,BEARR5,BYI,1
IF,BYI,42.580239,-113.865858, ,0.0,0.0,0,0,0,0,0,0,0,0
TF,EFFTA,42.283958,-113.470106,0, ,0.0,0.0,0.0,0.0,0,0,0,0,0,0,0,0
TF,NORDD,42.105525,-113.234436,0, ,0.0,0.0,0.0,0.0,0,0,0,0,0,0,0,0
TF,BLIDA,41.693142,-112.697183,0, ,0.0,0.0,0.0,0.0,0,0,0,0,0,0,0,0
TF,BEARR,41.530792,-112.488444,0, ,0.0,0.0,0.0,0.0,0,0,0,0,0,0,0,0

STAR,BEARR5,LCU,1
IF,LCU,41.362953,-113.840619, ,0.0,0.0,0,0,0,0,0,0,0,0
TF,BEARR,41.530792,-112.488444,0, ,0.0,0.0,0.0,0.0,0,0,0,0,0,0,0,0

STAR,BEARR5,PIH,1
IF,PIH,42.870383,-112.652231, ,0.0,0.0,0,0,0,0,0,0,0,0
TF,MLD,42.199900,-112.451236,0, ,0.0,0.0,0.0,0.0,0,0,0,0,0,0,0,0
TF,TEALZ,41.780689,-112.474617,0, ,0.0,0.0,0.0,0.0,0,0,0,0,0,0,0,0
TF,BEARR,41.530792,-112.488444,0, ,0.0,0.0,0.0,0.0,0,0,0,0,0,0,0,0

STAR,BEARR5,14,3
IF,BEARR,41.530792,-112.488444, ,0.0,0.0,0,0,0,0,0,0,0,0
TF,OGD,41.224094,-112.098242,0, ,0.0,0.0,0.0,0.0,2,11000,0,0,0,0,0,0

STAR,BEARR5,16L,3
IF,BEARR,41.530792,-112.488444, ,0.0,0.0,0,0,0,0,0,0,0,0
TF,OGD,41.224094,-112.098242,0, ,0.0,0.0,0.0,0.0,2,11000,0,0,0,0,0,0

STAR,BEARR5,16R,3
IF,BEARR,41.530792,-112.488444, ,0.0,0.0,0,0,0,0,0,0,0,0
TF,OGD,41.224094,-112.098242,0, ,0.0,0.0,0.0,0.0,2,11000,0,0,0,0,0,0

STAR,BEARR5,17,3
IF,BEARR,41.530792,-112.488444, ,0.0,0.0,0,0,0,0,0,0,0,0
TF,OGD,41.224094,-112.098242,0, ,0.0,0.0,0.0,0.0,2,11000,0,0,0,0,0,0

STAR,BEARR5,32,3
IF,BEARR,41.530792,-112.488444, ,0.0,0.0,0,0,0,0,0,0,0,0
TF,DYANN,41.075694,-112.147139,0, ,0.0,0.0,0.0,0.0,2,11000,0,0,0,0,0,0
VM,40.788394,-111.977772,0,160.0,0,0,0,0,0,0,0,0

STAR,BEARR5,34L,3
IF,BEARR,41.530792,-112.488444, ,0.0,0.0,0,0,0,0,0,0,0,0
TF,DYANN,41.075694,-112.147139,0, ,0.0,0.0,0.0,0.0,2,11000,0,0,0,0,0,0
VM,40.788394,-111.977772,0,160.0,0,0,0,0,0,0,0,0

STAR,BEARR5,34R,3
IF,BEARR,41.530792,-112.488444, ,0.0,0.0,0,0,0,0,0,0,0,0
TF,DYANN,41.075694,-112.147139,0, ,0.0,0.0,0.0,0.0,2,11000,0,0,0,0,0,0
VM,40.788394,-111.977772,0,160.0,0,0,0,0,0,0,0,0

STAR,BEARR5,35,3
IF,BEARR,41.530792,-112.488444, ,0.0,0.0,0,0,0,0,0,0,0,0
TF,DYANN,41.075694,-112.147139,0, ,0.0,0.0,0.0,0.0,2,11000,0,0,0,0,0,0
VM,40.788394,-111.977772,0,160.0,0,0,0,0,0,0,0,0

STAR,BVL2,ALL,2
IF,BVL,40.726097,-113.757417, ,0.0,0.0,0,0,0,0,0,0,0,0
TF,KNOLE,40.722603,-112.858653,0, ,0.0,0.0,0.0,0.0,0,0,0,0,0,0,0,0
TF,WAATS,40.719581,-112.529872,0, ,0.0,0.0,0.0,0.0,0,0,0,0,0,0,0,0

STAR,DELTA6,BCE,4
IF,BCE,37.689186,-112.303903, ,0.0,0.0,0,0,0,0,0,0,0,0
TF,SLINA,38.804289,-112.442319,0, ,0.0,0.0,0.0,0.0,0,0,0,0,0,0,0,0
TF,DTA,39.302261,-112.505558,0, ,0.0,0.0,0.0,0.0,0,0,0,0,0,0,0,0

STAR,DELTA6,MLF,4
IF,MLF,38.360356,-113.013233, ,0.0,0.0,0,0,0,0,0,0,0,0
TF,BEVRR,38.841431,-112.755786,0, ,0.0,0.0,0.0,0.0,0,0,0,0,0,0,0,0
TF,DTA,39.302261,-112.505558,0, ,0.0,0.0,0.0,0.0,0,0,0,0,0,0,0,0

STAR,DELTA6,ALL,5
IF,DTA,39.302261,-112.505558, ,0.0,0.0,0,0,0,0,0,0,0,0
TF,JAMMN,40.043439,-112.257922,0, ,0.0,0.0,0.0,0.0,0,0,0,0,0,0,0,0
TF,DRAPR,40.302542,-112.169989,0, ,0.0,0.0,0.0,0.0,1,14000,0,0,0,0,0,0
TF,SPIEK,40.479214,-112.109694,0, ,0.0,0.0,0.0,0.0,1,13000,0,0,0,0,0,0
TF,HEIRY,40.556661,-112.083389,0, ,0.0,0.0,0.0,0.0,1,12000,0,0,0,0,0,0
TF,PITTT,40.633492,-112.078164,0, ,0.0,0.0,0.0,0.0,1,11000,0,0,0,0,0,0
TF,MAGNE,40.750725,-112.091797,0, ,0.0,0.0,0.0,0.0,1,11000,0,0,0,0,0,0
TF,QUIPA,40.773156,-112.094461,0, ,0.0,0.0,0.0,0.0,0,0,0,0,0,0,0,0
TF,RROYY,41.222014,-112.147986,0, ,0.0,0.0,0.0,0.0,0,0,0,0,0,0,0,1
VM,40.788394,-111.977772,0,344.0,0,0,0,0,0,0,0,0

STAR,JAMMN5,BCE,1
IF,BCE,37.689186,-112.303903, ,0.0,0.0,0,0,0,0,0,0,0,0
TF,SLINA,38.804289,-112.442319,0, ,0.0,0.0,0.0,0.0,0,0,0,0,0,0,0,0
TF,DTA,39.302261,-112.505558,0, ,0.0,0.0,0.0,0.0,0,0,0,0,0,0,0,0
TF,LAZLO,39.803061,-112.338844,0, ,0.0,0.0,0.0,0.0,0,0,0,0,0,0,0,0
TF,JAMMN,40.043439,-112.257922,0, ,0.0,0.0,0.0,0.0,0,0,0,0,0,0,0,0

STAR,JAMMN5,MLF,1
IF,MLF,38.360356,-113.013233, ,0.0,0.0,0,0,0,0,0,0,0,0
TF,BEVRR,38.841431,-112.755786,0, ,0.0,0.0,0.0,0.0,0,0,0,0,0,0,0,0
TF,DTA,39.302261,-112.505558,0, ,0.0,0.0,0.0,0.0,0,0,0,0,0,0,0,0
TF,LAZLO,39.803061,-112.338844,0, ,0.0,0.0,0.0,0.0,0,0,0,0,0,0,0,0
TF,JAMMN,40.043439,-112.257922,0, ,0.0,0.0,0.0,0.0,0,0,0,0,0,0,0,0

STAR,JAMMN5,ALL,2
IF,JAMMN,40.043439,-112.257922, ,0.0,0.0,0,0,0,0,0,0,0,0
TF,SPIEK,40.479214,-112.109694,0, ,0.0,0.0,0.0,0.0,0,0,0,0,0,0,0,0
TF,CHHIP,40.619358,-112.061606,0, ,0.0,0.0,0.0,0.0,0,0,0,0,0,0,0,0
VM,40.788394,-111.977772,0,343.0,0,0,0,0,0,0,0,0

STAR,LEEHY5,EKR,4
IF,EKR,40.067442,-107.924950, ,0.0,0.0,0,0,0,0,0,0,0,0
TF,RACER,40.108103,-108.882897,0, ,0.0,0.0,0.0,0.0,0,0,0,0,0,0,0,0
TF,MTU,40.149094,-110.127028,0, ,0.0,0.0,0.0,0.0,0,0,0,0,0,0,0,0
TF,THISL,40.136422,-111.214183,0, ,0.0,0.0,0.0,0.0,0,0,0,0,0,0,0,0
TF,SPANE,40.130450,-111.548386,0, ,0.0,0.0,0.0,0.0,0,0,0,0,0,0,0,0

STAR,LEEHY5,HELPR,4
IF,HELPR,39.753142,-110.548122, ,0.0,0.0,0,0,0,0,0,0,0,0
TF,GOSHU,40.021239,-111.255378,0, ,0.0,0.0,0.0,0.0,0,0,0,0,0,0,0,0
TF,SPANE,40.130450,-111.548386,0, ,0.0,0.0,0.0,0.0,0,0,0,0,0,0,0,0

STAR,LEEHY5,ALL,5
IF,SPANE,40.130450,-111.548386, ,0.0,0.0,0,0,0,0,0,0,0,0
TF,LEEHY,40.181094,-111.685428,0, ,0.0,0.0,0.0,0.0,0,0,0,0,0,0,0,0

STAR,LEEHY5,16L,6
IF,LEEHY,40.181094,-111.685428, ,0.0,0.0,0,0,0,0,0,0,0,0
TF,FFU,40.274894,-111.940531,0, ,0.0,0.0,0.0,0.0,1,17000,0,0,0,0,0,0
TF,DRYVE,40.419283,-112.049639,0, ,0.0,0.0,0.0,0.0,1,15000,0,0,0,0,0,0
TF,PITTT,40.633492,-112.078164,0, ,0.0,0.0,0.0,0.0,1,11000,0,0,0,0,0,0
TF,MAGNE,40.750725,-112.091797,0, ,0.0,0.0,0.0,0.0,1,11000,0,0,0,0,0,0
TF,QUIPA,40.773156,-112.094461,0, ,0.0,0.0,0.0,0.0,0,0,0,0,0,0,0,0
TF,RROYY,41.222014,-112.147986,0, ,0.0,0.0,0.0,0.0,0,0,0,0,0,0,0,1
VM,40.788394,-111.977772,0,344.0,0,0,0,0,0,0,0,0

STAR,LEEHY5,16R,6
IF,LEEHY,40.181094,-111.685428, ,0.0,0.0,0,0,0,0,0,0,0,0
TF,FFU,40.274894,-111.940531,0, ,0.0,0.0,0.0,0.0,1,17000,0,0,0,0,0,0
TF,DRYVE,40.419283,-112.049639,0, ,0.0,0.0,0.0,0.0,1,15000,0,0,0,0,0,0
TF,PITTT,40.633492,-112.078164,0, ,0.0,0.0,0.0,0.0,1,11000,0,0,0,0,0,0
TF,MAGNE,40.750725,-112.091797,0, ,0.0,0.0,0.0,0.0,1,11000,0,0,0,0,0,0
TF,QUIPA,40.773156,-112.094461,0, ,0.0,0.0,0.0,0.0,0,0,0,0,0,0,0,0
TF,RROYY,41.222014,-112.147986,0, ,0.0,0.0,0.0,0.0,0,0,0,0,0,0,0,1
VM,40.788394,-111.977772,0,344.0,0,0,0,0,0,0,0,0

STAR,LEEHY5,17,6
IF,LEEHY,40.181094,-111.685428, ,0.0,0.0,0,0,0,0,0,0,0,0
TF,FFU,40.274894,-111.940531,0, ,0.0,0.0,0.0,0.0,1,17000,0,0,0,0,0,0
TF,DRYVE,40.419283,-112.049639,0, ,0.0,0.0,0.0,0.0,1,15000,0,0,0,0,0,0
TF,PITTT,40.633492,-112.078164,0, ,0.0,0.0,0.0,0.0,1,11000,0,0,0,0,0,0
TF,MAGNE,40.750725,-112.091797,0, ,0.0,0.0,0.0,0.0,1,11000,0,0,0,0,0,0
TF,QUIPA,40.773156,-112.094461,0, ,0.0,0.0,0.0,0.0,0,0,0,0,0,0,0,0
TF,RROYY,41.222014,-112.147986,0, ,0.0,0.0,0.0,0.0,0,0,0,0,0,0,0,1
VM,40.788394,-111.977772,0,344.0,0,0,0,0,0,0,0,0

STAR,LEEHY5,34L,6
IF,LEEHY,40.181094,-111.685428, ,0.0,0.0,0,0,0,0,0,0,0,0
TF,BLUPE,40.287847,-111.828611,0, ,0.0,0.0,0.0,0.0,2,12000,0,0,0,0,0,0
TF,KAMMP,40.386531,-111.928467,0, ,0.0,0.0,0.0,0.0,1,11000,0,0,0,0,0,0
TF,PLAGE,40.436694,-111.934119,0, ,0.0,0.0,0.0,0.0,0,0,0,0,0,0,0,1
VM,40.788394,-111.977772,0,344.0,0,0,0,0,0,0,0,0

STAR,LEEHY5,34R,6
IF,LEEHY,40.181094,-111.685428, ,0.0,0.0,0,0,0,0,0,0,0,0
TF,BLUPE,40.287847,-111.828611,0, ,0.0,0.0,0.0,0.0,2,12000,0,0,0,0,0,0
TF,KAMMP,40.386531,-111.928467,0, ,0.0,0.0,0.0,0.0,1,11000,0,0,0,0,0,0
TF,PLAGE,40.436694,-111.934119,0, ,0.0,0.0,0.0,0.0,0,0,0,0,0,0,0,1
VM,40.788394,-111.977772,0,344.0,0,0,0,0,0,0,0,0

STAR,LEEHY5,35,6
IF,LEEHY,40.181094,-111.685428, ,0.0,0.0,0,0,0,0,0,0,0,0
TF,BLUPE,40.287847,-111.828611,0, ,0.0,0.0,0.0,0.0,2,12000,0,0,0,0,0,0
TF,KAMMP,40.386531,-111.928467,0, ,0.0,0.0,0.0,0.0,1,11000,0,0,0,0,0,0
TF,PLAGE,40.436694,-111.934119,0, ,0.0,0.0,0.0,0.0,0,0,0,0,0,0,0,1
VM,40.788394,-111.977772,0,344.0,0,0,0,0,0,0,0,0

STAR,LHO5,BPI,1
IF,BPI,42.579447,-110.109214, ,0.0,0.0,0,0,0,0,0,0,0,0
TF,LHO,41.792897,-112.009772,0, ,0.0,0.0,0.0,0.0,0,0,0,0,0,0,0,0

STAR,LHO5,DBS,1
IF,DBS,44.088853,-112.209344, ,0.0,0.0,0,0,0,0,0,0,0,0
TF,LAVAH,42.698533,-111.855972,0, ,0.0,0.0,0.0,0.0,0,0,0,0,0,0,0,0
TF,LHO,41.792897,-112.009772,0, ,0.0,0.0,0.0,0.0,0,0,0,0,0,0,0,0

STAR,LHO5,JAC,1
IF,JAC,43.621039,-110.731686, ,0.0,0.0,0,0,0,0,0,0,0,0
TF,ELKHO,43.386183,-111.023608,0, ,0.0,0.0,0.0,0.0,0,0,0,0,0,0,0,0
TF,LAVAH,42.698533,-111.855972,0, ,0.0,0.0,0.0,0.0,0,0,0,0,0,0,0,0
TF,LHO,41.792897,-112.009772,0, ,0.0,0.0,0.0,0.0,0,0,0,0,0,0,0,0

STAR,LHO5,OCS,1
IF,OCS,41.590211,-109.015328, ,0.0,0.0,0,0,0,0,0,0,0,0
TF,LHO,41.792897,-112.009772,0, ,0.0,0.0,0.0,0.0,0,0,0,0,0,0,0,0

STAR,LHO5,16L,3
IF,LHO,41.792897,-112.009772, ,0.0,0.0,0,0,0,0,0,0,0,0
TF,CARTR,41.561042,-112.046036,0, ,0.0,0.0,0.0,0.0,2,14000,0,0,0,0,0,0
VM,40.788394,-111.977772,0,173.0,0,0,0,0,0,0,0,0

STAR,LHO5,34L,3
IF,LHO,41.792897,-112.009772, ,0.0,0.0,0,0,0,0,0,0,0,0
TF,CARTR,41.561042,-112.046036,0, ,0.0,0.0,0.0,0.0,2,14000,0,0,0,0,0,0
TF,OGD,41.224094,-112.098242,0, ,0.0,0.0,0.0,0.0,0,0,0,0,0,0,0,0
TF,DYANN,41.075694,-112.147139,0, ,0.0,0.0,0.0,0.0,2,11000,0,0,0,0,0,0
VM,40.788394,-111.977772,0,160.0,0,0,0,0,0,0,0,0

STAR,NORDK6,DBS,4
IF,DBS,44.088853,-112.209344, ,0.0,0.0,0,0,0,0,0,0,0,0
TF,LAVAH,42.698533,-111.855972,0, ,0.0,0.0,0.0,0.0,0,0,0,0,0,0,0,0
TF,LHO,41.792897,-112.009772,0, ,0.0,0.0,0.0,0.0,0,0,0,0,0,0,0,0

STAR,NORDK6,DDY,4
IF,DDY,43.090856,-106.277025, ,0.0,0.0,0,0,0,0,0,0,0,0
TF,KAADE,41.697350,-110.453217,0, ,0.0,0.0,0.0,0.0,0,0,0,0,0,0,0,0
TF,CICAK,41.789439,-111.843572,0, ,0.0,0.0,0.0,0.0,0,0,0,0,0,0,0,0
TF,LHO,41.792897,-112.009772,0, ,0.0,0.0,0.0,0.0,0,0,0,0,0,0,0,0

STAR,NORDK6,JAC,4
IF,JAC,43.621039,-110.731686, ,0.0,0.0,0,0,0,0,0,0,0,0
TF,LAVAH,42.698533,-111.855972,0, ,0.0,0.0,0.0,0.0,0,0,0,0,0,0,0,0
TF,LHO,41.792897,-112.009772,0, ,0.0,0.0,0.0,0.0,0,0,0,0,0,0,0,0

STAR,NORDK6,OCS,4
IF,OCS,41.590211,-109.015328, ,0.0,0.0,0,0,0,0,0,0,0,0
TF,KAADE,41.697350,-110.453217,0, ,0.0,0.0,0.0,0.0,0,0,0,0,0,0,0,0
TF,CICAK,41.789439,-111.843572,0, ,0.0,0.0,0.0,0.0,0,0,0,0,0,0,0,0
TF,LHO,41.792897,-112.009772,0, ,0.0,0.0,0.0,0.0,0,0,0,0,0,0,0,0

STAR,NORDK6,ALL,5
IF,LHO,41.792897,-112.009772, ,0.0,0.0,0,0,0,0,0,0,0,0
TF,CARTR,41.561042,-112.046036,0, ,0.0,0.0,0.0,0.0,0,0,0,0,0,0,0,0
TF,NORDK,41.490572,-112.057483,0, ,0.0,0.0,0.0,0.0,0,0,0,0,0,0,0,0

STAR,NORDK6,16L,6
IF,NORDK,41.490572,-112.057483, ,0.0,0.0,0,0,0,0,0,0,0,0
TF,WEBER,41.319958,-112.037044,0, ,0.0,0.0,0.0,0.0,1,12000,0,0,0,0,0,1
VM,40.788394,-111.977772,0,164.0,0,0,0,0,0,0,0,0

STAR,NORDK6,16R,6
IF,NORDK,41.490572,-112.057483, ,0.0,0.0,0,0,0,0,0,0,0,0
TF,WEBER,41.319958,-112.037044,0, ,0.0,0.0,0.0,0.0,1,12000,0,0,0,0,0,1
VM,40.788394,-111.977772,0,164.0,0,0,0,0,0,0,0,0

STAR,NORDK6,17,6
IF,NORDK,41.490572,-112.057483, ,0.0,0.0,0,0,0,0,0,0,0,0
TF,WEBER,41.319958,-112.037044,0, ,0.0,0.0,0.0,0.0,1,12000,0,0,0,0,0,1
VM,40.788394,-111.977772,0,164.0,0,0,0,0,0,0,0,0

STAR,NORDK6,34L,6
IF,NORDK,41.490572,-112.057483, ,0.0,0.0,0,0,0,0,0,0,0,0
TF,SETTT,41.226989,-112.114550,0, ,0.0,0.0,0.0,0.0,1,15000,0,0,0,0,0,0
TF,DYANN,41.075694,-112.147139,0, ,0.0,0.0,0.0,0.0,2,11000,0,0,0,0,0,0
TF,ANNTY,40.901392,-112.109614,0, ,0.0,0.0,0.0,0.0,1,11000,0,0,0,0,0,0
TF,CEEDR,40.294028,-112.038644,0, ,0.0,0.0,0.0,0.0,0,0,0,0,0,0,0,1
VM,40.788394,-111.977772,0,164.0,0,0,0,0,0,0,0,0

STAR,NORDK6,34R,6
IF,NORDK,41.490572,-112.057483, ,0.0,0.0,0,0,0,0,0,0,0,0
TF,SETTT,41.226989,-112.114550,0, ,0.0,0.0,0.0,0.0,1,15000,0,0,0,0,0,0
TF,DYANN,41.075694,-112.147139,0, ,0.0,0.0,0.0,0.0,2,11000,0,0,0,0,0,0
TF,ANNTY,40.901392,-112.109614,0, ,0.0,0.0,0.0,0.0,1,11000,0,0,0,0,0,0
TF,CEEDR,40.294028,-112.038644,0, ,0.0,0.0,0.0,0.0,0,0,0,0,0,0,0,1
VM,40.788394,-111.977772,0,164.0,0,0,0,0,0,0,0,0

STAR,NORDK6,35,6
IF,NORDK,41.490572,-112.057483, ,0.0,0.0,0,0,0,0,0,0,0,0
TF,SETTT,41.226989,-112.114550,0, ,0.0,0.0,0.0,0.0,1,15000,0,0,0,0,0,0
TF,DYANN,41.075694,-112.147139,0, ,0.0,0.0,0.0,0.0,2,11000,0,0,0,0,0,0
TF,ANNTY,40.901392,-112.109614,0, ,0.0,0.0,0.0,0.0,1,11000,0,0,0,0,0,0
TF,CEEDR,40.294028,-112.038644,0, ,0.0,0.0,0.0,0.0,0,0,0,0,0,0,0,1
VM,40.788394,-111.977772,0,164.0,0,0,0,0,0,0,0,0

STAR,QWENN5,BCE,4
IF,BCE,37.689186,-112.303903, ,0.0,0.0,0,0,0,0,0,0,0,0
TF,RRICH,38.755147,-112.156144,0, ,0.0,0.0,0.0,0.0,0,0,0,0,0,0,0,0
TF,MARNN,39.258856,-112.086222,0, ,0.0,0.0,0.0,0.0,0,0,0,0,0,0,0,0
TF,NEEBO,39.943364,-111.988647,0, ,0.0,0.0,0.0,0.0,0,0,0,0,0,0,0,0
TF,QWENN,40.258217,-111.945139,0, ,0.0,0.0,0.0,0.0,1,11000,0,0,0,0,0,0

STAR,QWENN5,MLF,4
IF,MLF,38.360356,-113.013233, ,0.0,0.0,0,0,0,0,0,0,0,0
TF,BEVRR,38.841431,-112.755786,0, ,0.0,0.0,0.0,0.0,0,0,0,0,0,0,0,0
TF,DTA,39.302261,-112.505558,0, ,0.0,0.0,0.0,0.0,0,0,0,0,0,0,0,0
TF,UINTA,39.617578,-112.324264,0, ,0.0,0.0,0.0,0.0,0,0,0,0,0,0,0,0
TF,FRNZY,39.970783,-112.119106,0, ,0.0,0.0,0.0,0.0,0,0,0,0,0,0,0,0
TF,QWENN,40.258217,-111.945139,0, ,0.0,0.0,0.0,0.0,1,11000,0,0,0,0,0,0

STAR,QWENN5,ALL,5
IF,QWENN,40.258217,-111.945139, ,0.0,0.0,1,11000,0,0,0,0,0,0
TF,FFU,40.274894,-111.940531,0, ,0.0,0.0,0.0,0.0,0,0,0,0,0,0,0,0
TF,KAMMP,40.386531,-111.928467,0, ,0.0,0.0,0.0,0.0,1,11000,0,0,0,0,0,0
TF,PLAGE,40.436694,-111.934119,0, ,0.0,0.0,0.0,0.0,0,0,0,0,0,0,0,1
VM,40.788394,-111.977772,0,344.0,0,0,0,0,0,0,0,0

STAR,SKEES5,BYI,4
IF,BYI,42.580239,-113.865858, ,0.0,0.0,0,0,0,0,0,0,0,0
TF,EFFTA,42.283958,-113.470106,0, ,0.0,0.0,0.0,0.0,0,0,0,0,0,0,0,0
TF,BLIDA,41.693142,-112.697183,0, ,0.0,0.0,0.0,0.0,0,0,0,0,0,0,0,0
TF,BEARR,41.530792,-112.488444,0, ,0.0,0.0,0.0,0.0,0,0,0,0,0,0,0,0

STAR,SKEES5,PIH,4
IF,PIH,42.870383,-112.652231, ,0.0,0.0,0,0,0,0,0,0,0,0
TF,MLD,42.199900,-112.451236,0, ,0.0,0.0,0.0,0.0,0,0,0,0,0,0,0,0
TF,SLOAP,41.757450,-112.475908,0, ,0.0,0.0,0.0,0.0,0,0,0,0,0,0,0,0
TF,BEARR,41.530792,-112.488444,0, ,0.0,0.0,0.0,0.0,0,0,0,0,0,0,0,0

STAR,SKEES5,ALL,5
IF,BEARR,41.530792,-112.488444, ,0.0,0.0,0,0,0,0,0,0,0,0
TF,SKEES,41.479606,-112.441586,0, ,0.0,0.0,0.0,0.0,0,0,0,0,0,0,0,0

STAR,SKEES5,16L,6
IF,SKEES,41.479606,-112.441586, ,0.0,0.0,0,0,0,0,0,0,0,0
TF,BOOOT,41.305347,-112.184286,0, ,0.0,0.0,0.0,0.0,1,13000,0,0,0,0,0,0
TF,HINKY,41.194031,-112.022286,0, ,0.0,0.0,0.0,0.0,1,11000,0,0,0,0,0,0
TF,IRRON,41.144158,-112.016319,0, ,0.0,0.0,0.0,0.0,0,0,0,0,0,0,0,1
VM,40.788394,-111.977772,0,164.0,0,0,0,0,0,0,0,0

STAR,SKEES5,16R,6
IF,SKEES,41.479606,-112.441586, ,0.0,0.0,0,0,0,0,0,0,0,0
TF,BOOOT,41.305347,-112.184286,0, ,0.0,0.0,0.0,0.0,1,13000,0,0,0,0,0,0
TF,HINKY,41.194031,-112.022286,0, ,0.0,0.0,0.0,0.0,1,11000,0,0,0,0,0,0
TF,IRRON,41.144158,-112.016319,0, ,0.0,0.0,0.0,0.0,0,0,0,0,0,0,0,1
VM,40.788394,-111.977772,0,164.0,0,0,0,0,0,0,0,0

STAR,SKEES5,17,6
IF,SKEES,41.479606,-112.441586, ,0.0,0.0,0,0,0,0,0,0,0,0
TF,BOOOT,41.305347,-112.184286,0, ,0.0,0.0,0.0,0.0,1,13000,0,0,0,0,0,0
TF,HINKY,41.194031,-112.022286,0, ,0.0,0.0,0.0,0.0,1,11000,0,0,0,0,0,0
TF,IRRON,41.144158,-112.016319,0, ,0.0,0.0,0.0,0.0,0,0,0,0,0,0,0,1
VM,40.788394,-111.977772,0,164.0,0,0,0,0,0,0,0,0

STAR,SKEES5,34L,6
IF,SKEES,41.479606,-112.441586, ,0.0,0.0,0,0,0,0,0,0,0,0
TF,HUUPR,41.231658,-112.266217,0, ,0.0,0.0,0.0,0.0,1,13000,0,0,0,0,0,0
TF,DYANN,41.075694,-112.147139,0, ,0.0,0.0,0.0,0.0,2,11000,0,0,0,0,0,0
TF,ANNTY,40.901392,-112.109614,0, ,0.0,0.0,0.0,0.0,1,11000,0,0,0,0,0,0
TF,CEEDR,40.294028,-112.038644,0, ,0.0,0.0,0.0,0.0,0,0,0,0,0,0,0,1
VM,40.788394,-111.977772,0,164.0,0,0,0,0,0,0,0,0

STAR,SKEES5,34R,6
IF,SKEES,41.479606,-112.441586, ,0.0,0.0,0,0,0,0,0,0,0,0
TF,HUUPR,41.231658,-112.266217,0, ,0.0,0.0,0.0,0.0,1,13000,0,0,0,0,0,0
TF,DYANN,41.075694,-112.147139,0, ,0.0,0.0,0.0,0.0,2,11000,0,0,0,0,0,0
TF,ANNTY,40.901392,-112.109614,0, ,0.0,0.0,0.0,0.0,1,11000,0,0,0,0,0,0
TF,CEEDR,40.294028,-112.038644,0, ,0.0,0.0,0.0,0.0,0,0,0,0,0,0,0,1
VM,40.788394,-111.977772,0,164.0,0,0,0,0,0,0,0,0

STAR,SKEES5,35,6
IF,SKEES,41.479606,-112.441586, ,0.0,0.0,0,0,0,0,0,0,0,0
TF,HUUPR,41.231658,-112.266217,0, ,0.0,0.0,0.0,0.0,1,13000,0,0,0,0,0,0
TF,DYANN,41.075694,-112.147139,0, ,0.0,0.0,0.0,0.0,2,11000,0,0,0,0,0,0
TF,ANNTY,40.901392,-112.109614,0, ,0.0,0.0,0.0,0.0,1,11000,0,0,0,0,0,0
TF,CEEDR,40.294028,-112.038644,0, ,0.0,0.0,0.0,0.0,0,0,0,0,0,0,0,1
VM,40.788394,-111.977772,0,164.0,0,0,0,0,0,0,0,0

STAR,SPANE7,EKR,1
IF,EKR,40.067442,-107.924950, ,0.0,0.0,0,0,0,0,0,0,0,0
TF,RACER,40.108103,-108.882897,0, ,0.0,0.0,0.0,0.0,0,0,0,0,0,0,0,0
TF,MTU,40.149094,-110.127028,0, ,0.0,0.0,0.0,0.0,0,0,0,0,0,0,0,0
TF,THISL,40.136422,-111.214183,0, ,0.0,0.0,0.0,0.0,0,0,0,0,0,0,0,0
TF,SPANE,40.130450,-111.548386,0, ,0.0,0.0,0.0,0.0,0,0,0,0,0,0,0,0

STAR,SPANE7,HELPR,1
IF,HELPR,39.753142,-110.548122, ,0.0,0.0,0,0,0,0,0,0,0,0
TF,GOSHU,40.021239,-111.255378,0, ,0.0,0.0,0.0,0.0,0,0,0,0,0,0,0,0
TF,SPANE,40.130450,-111.548386,0, ,0.0,0.0,0.0,0.0,0,0,0,0,0,0,0,0

STAR,SPANE7,14,3
IF,SPANE,40.130450,-111.548386, ,0.0,0.0,0,0,0,0,0,0,0,0
TF,BOAGY,40.242514,-111.852153,0, ,0.0,0.0,0.0,0.0,0,0,0,0,0,0,0,0
TF,FFU,40.274894,-111.940531,0, ,0.0,0.0,0.0,0.0,0,0,0,0,0,0,0,0
TF,DRYVE,40.419283,-112.049639,0, ,0.0,0.0,0.0,0.0,0,0,0,0,0,0,0,0
TF,CHHIP,40.619358,-112.061606,0, ,0.0,0.0,0.0,0.0,0,0,0,0,0,0,0,0
VM,40.788394,-111.977772,0,345.0,0,0,0,0,0,0,0,0

STAR,SPANE7,16L,3
IF,SPANE,40.130450,-111.548386, ,0.0,0.0,0,0,0,0,0,0,0,0
TF,BOAGY,40.242514,-111.852153,0, ,0.0,0.0,0.0,0.0,0,0,0,0,0,0,0,0
TF,FFU,40.274894,-111.940531,0, ,0.0,0.0,0.0,0.0,0,0,0,0,0,0,0,0
TF,DRYVE,40.419283,-112.049639,0, ,0.0,0.0,0.0,0.0,0,0,0,0,0,0,0,0
TF,CHHIP,40.619358,-112.061606,0, ,0.0,0.0,0.0,0.0,0,0,0,0,0,0,0,0
VM,40.788394,-111.977772,0,345.0,0,0,0,0,0,0,0,0

STAR,SPANE7,16R,3
IF,SPANE,40.130450,-111.548386, ,0.0,0.0,0,0,0,0,0,0,0,0
TF,BOAGY,40.242514,-111.852153,0, ,0.0,0.0,0.0,0.0,0,0,0,0,0,0,0,0
TF,FFU,40.274894,-111.940531,0, ,0.0,0.0,0.0,0.0,0,0,0,0,0,0,0,0
TF,DRYVE,40.419283,-112.049639,0, ,0.0,0.0,0.0,0.0,0,0,0,0,0,0,0,0
TF,CHHIP,40.619358,-112.061606,0, ,0.0,0.0,0.0,0.0,0,0,0,0,0,0,0,0
VM,40.788394,-111.977772,0,345.0,0,0,0,0,0,0,0,0

STAR,SPANE7,17,3
IF,SPANE,40.130450,-111.548386, ,0.0,0.0,0,0,0,0,0,0,0,0
TF,BOAGY,40.242514,-111.852153,0, ,0.0,0.0,0.0,0.0,0,0,0,0,0,0,0,0
TF,FFU,40.274894,-111.940531,0, ,0.0,0.0,0.0,0.0,0,0,0,0,0,0,0,0
TF,DRYVE,40.419283,-112.049639,0, ,0.0,0.0,0.0,0.0,0,0,0,0,0,0,0,0
TF,CHHIP,40.619358,-112.061606,0, ,0.0,0.0,0.0,0.0,0,0,0,0,0,0,0,0
VM,40.788394,-111.977772,0,345.0,0,0,0,0,0,0,0,0

STAR,SPANE7,32,3
IF,SPANE,40.130450,-111.548386, ,0.0,0.0,0,0,0,0,0,0,0,0
TF,BOAGY,40.242514,-111.852153,0, ,0.0,0.0,0.0,0.0,0,0,0,0,0,0,0,0
TF,FFU,40.274894,-111.940531,0, ,0.0,0.0,0.0,0.0,0,0,0,0,0,0,0,0

STAR,SPANE7,34L,3
IF,SPANE,40.130450,-111.548386, ,0.0,0.0,0,0,0,0,0,0,0,0
TF,BOAGY,40.242514,-111.852153,0, ,0.0,0.0,0.0,0.0,0,0,0,0,0,0,0,0
TF,FFU,40.274894,-111.940531,0, ,0.0,0.0,0.0,0.0,0,0,0,0,0,0,0,0

STAR,SPANE7,34R,3
IF,SPANE,40.130450,-111.548386, ,0.0,0.0,0,0,0,0,0,0,0,0
TF,BOAGY,40.242514,-111.852153,0, ,0.0,0.0,0.0,0.0,0,0,0,0,0,0,0,0
TF,FFU,40.274894,-111.940531,0, ,0.0,0.0,0.0,0.0,0,0,0,0,0,0,0,0

STAR,SPANE7,35,3
IF,SPANE,40.130450,-111.548386, ,0.0,0.0,0,0,0,0,0,0,0,0
TF,BOAGY,40.242514,-111.852153,0, ,0.0,0.0,0.0,0.0,0,0,0,0,0,0,0,0
TF,FFU,40.274894,-111.940531,0, ,0.0,0.0,0.0,0.0,0,0,0,0,0,0,0,0

STAR,WAATS5,ALL,5
IF,BVL,40.726097,-113.757417, ,0.0,0.0,0,0,0,0,0,0,0,0
TF,KNOLE,40.722603,-112.858653,0, ,0.0,0.0,0.0,0.0,0,0,0,0,0,0,0,0
TF,WAATS,40.719581,-112.529872,0, ,0.0,0.0,0.0,0.0,2,14000,0,0,0,0,0,0

STAR,WAATS5,16L,6
IF,WAATS,40.719581,-112.529872, ,0.0,0.0,2,14000,0,0,0,0,0,0
TF,DUGGY,40.711253,-112.254711,0, ,0.0,0.0,0.0,0.0,1,12000,0,0,0,0,0,0
TF,SLAGG,40.715453,-112.138933,0, ,0.0,0.0,0.0,0.0,0,0,0,0,0,0,0,0
TF,QUIPA,40.773156,-112.094461,0, ,0.0,0.0,0.0,0.0,0,0,0,0,0,0,0,0
TF,LOAPP,40.823789,-112.100394,0, ,0.0,0.0,0.0,0.0,0,0,0,0,0,0,0,0
TF,RROYY,41.222014,-112.147986,0, ,0.0,0.0,0.0,0.0,0,0,0,0,0,0,0,1
VM,40.788394,-111.977772,0,344.0,0,0,0,0,0,0,0,0

STAR,WAATS5,16R,6
IF,WAATS,40.719581,-112.529872, ,0.0,0.0,2,14000,0,0,0,0,0,0
TF,DUGGY,40.711253,-112.254711,0, ,0.0,0.0,0.0,0.0,1,12000,0,0,0,0,0,0
TF,SLAGG,40.715453,-112.138933,0, ,0.0,0.0,0.0,0.0,0,0,0,0,0,0,0,0
TF,QUIPA,40.773156,-112.094461,0, ,0.0,0.0,0.0,0.0,0,0,0,0,0,0,0,0
TF,LOAPP,40.823789,-112.100394,0, ,0.0,0.0,0.0,0.0,0,0,0,0,0,0,0,0
TF,RROYY,41.222014,-112.147986,0, ,0.0,0.0,0.0,0.0,0,0,0,0,0,0,0,1
VM,40.788394,-111.977772,0,344.0,0,0,0,0,0,0,0,0

STAR,WAATS5,17,6
IF,WAATS,40.719581,-112.529872, ,0.0,0.0,2,14000,0,0,0,0,0,0
TF,DUGGY,40.711253,-112.254711,0, ,0.0,0.0,0.0,0.0,1,12000,0,0,0,0,0,0
TF,SLAGG,40.715453,-112.138933,0, ,0.0,0.0,0.0,0.0,0,0,0,0,0,0,0,0
TF,QUIPA,40.773156,-112.094461,0, ,0.0,0.0,0.0,0.0,0,0,0,0,0,0,0,0
TF,LOAPP,40.823789,-112.100394,0, ,0.0,0.0,0.0,0.0,0,0,0,0,0,0,0,0
TF,RROYY,41.222014,-112.147986,0, ,0.0,0.0,0.0,0.0,0,0,0,0,0,0,0,1
VM,40.788394,-111.977772,0,344.0,0,0,0,0,0,0,0,0

STAR,WAATS5,34L,6
IF,WAATS,40.719581,-112.529872, ,0.0,0.0,2,14000,0,0,0,0,0,0
TF,RAACE,40.765083,-112.255492,0, ,0.0,0.0,0.0,0.0,1,12000,0,0,0,0,0,0
TF,CRKIT,40.765486,-112.147172,0, ,0.0,0.0,0.0,0.0,0,0,0,0,0,0,0,0
TF,OQUIR,40.718631,-112.088058,0, ,0.0,0.0,0.0,0.0,0,0,0,0,0,0,0,0
TF,PITTT,40.633492,-112.078164,0, ,0.0,0.0,0.0,0.0,0,0,0,0,0,0,0,0
TF,CEEDR,40.294028,-112.038644,0, ,0.0,0.0,0.0,0.0,0,0,0,0,0,0,0,1
VM,40.788394,-111.977772,0,164.0,0,0,0,0,0,0,0,0

STAR,WAATS5,34R,6
IF,WAATS,40.719581,-112.529872, ,0.0,0.0,2,14000,0,0,0,0,0,0
TF,RAACE,40.765083,-112.255492,0, ,0.0,0.0,0.0,0.0,1,12000,0,0,0,0,0,0
TF,CRKIT,40.765486,-112.147172,0, ,0.0,0.0,0.0,0.0,0,0,0,0,0,0,0,0
TF,OQUIR,40.718631,-112.088058,0, ,0.0,0.0,0.0,0.0,0,0,0,0,0,0,0,0
TF,PITTT,40.633492,-112.078164,0, ,0.0,0.0,0.0,0.0,0,0,0,0,0,0,0,0
TF,CEEDR,40.294028,-112.038644,0, ,0.0,0.0,0.0,0.0,0,0,0,0,0,0,0,1
VM,40.788394,-111.977772,0,164.0,0,0,0,0,0,0,0,0

STAR,WAATS5,35,6
IF,WAATS,40.719581,-112.529872, ,0.0,0.0,2,14000,0,0,0,0,0,0
TF,RAACE,40.765083,-112.255492,0, ,0.0,0.0,0.0,0.0,1,12000,0,0,0,0,0,0
TF,CRKIT,40.765486,-112.147172,0, ,0.0,0.0,0.0,0.0,0,0,0,0,0,0,0,0
TF,OQUIR,40.718631,-112.088058,0, ,0.0,0.0,0.0,0.0,0,0,0,0,0,0,0,0
TF,PITTT,40.633492,-112.078164,0, ,0.0,0.0,0.0,0.0,0,0,0,0,0,0,0,0
TF,CEEDR,40.294028,-112.038644,0, ,0.0,0.0,0.0,0.0,0,0,0,0,0,0,0,1
VM,40.788394,-111.977772,0,164.0,0,0,0,0,0,0,0,0

APPTR,I16L,16L,IRRON
IF,IRRON,41.144158,-112.016319, ,0.0,0.0,2,11000,0,0,0,0,1,0
TF,TOOME,41.044211,-112.004572,0, ,0.0,0.0,0.0,0.0,2,9000,0,0,0,0,0,0
CF,LGOON,40.970894,-111.995992,0,IMOY,344.0,12.0,164.0,4.4,2,7500,0,0,0,0,0,0

APPTR,I16L,16L,OGD
IF,OGD,41.224094,-112.098242, ,0.0,0.0,0,0,0,0,0,0,1,0
TF,IRRON,41.144158,-112.016319,0, ,0.0,0.0,0.0,0.0,2,11000,0,0,0,0,1,0
TF,TOOME,41.044211,-112.004572,0, ,0.0,0.0,0.0,0.0,2,9000,0,0,0,0,0,0
CF,LGOON,40.970894,-111.995992,0,IMOY,344.0,12.0,164.0,4.4,2,7500,0,0,0,0,0,0

APPTR,I16L,16L,WEBER
IF,WEBER,41.319958,-112.037044, ,0.0,0.0,0,0,0,0,0,0,1,0
TF,IRRON,41.144158,-112.016319,0, ,0.0,0.0,0.0,0.0,2,11000,0,0,0,0,1,0
TF,TOOME,41.044211,-112.004572,0, ,0.0,0.0,0.0,0.0,2,9000,0,0,0,0,0,0
CF,LGOON,40.970894,-111.995992,0,IMOY,344.0,12.0,164.0,4.4,2,7500,0,0,0,0,0,0

FINAL,I16L,16L,I,3
IF,LGOON,40.970894,-111.995992,IMOY,344.0,12.0,2,7500,0,0,0,0,0,0
CF,YYIPP,40.895819,-111.987228,0,IMOY,344.0,7.5,164.0,4.5,1,6000,0,0,0,0,2,0
CF,RW16L,40.807453,-111.976936,0,IMOY,344.0,2.2,164.0,5.3,1,4284,0,0,0,0,3,0
CA,0,164.0,2,4800,0,0,0,0,0,0
CF,FFU,40.274894,-111.940531,0,FFU,0.0,0.0,161.0,31.0,2,10000,0,0,0,0,0,0
HM,FFU,40.274894,-111.940531,2, ,0.0,0.0,340.0,04.3,0,0,0,0,0,0,0,0,0

APPTR,I16R,16R,FANDS
IF,FANDS,41.270525,-112.053514, ,0.0,0.0,0,0,0,0,0,0,1,0
TF,RRUFF,41.144283,-112.038644,0, ,0.0,0.0,0.0,0.0,2,9000,0,0,0,0,0,0
TF,UFEMY,41.042522,-112.026700,0, ,0.0,0.0,0.0,0.0,2,8000,0,0,0,0,0,0
CF,BHIVE,40.981494,-112.019553,0,IUAT,344.0,12.6,164.0,3.7,2,7500,0,0,0,0,0,0

APPTR,I16R,16R,OGD
IF,OGD,41.224094,-112.098242, ,0.0,0.0,0,0,0,0,0,0,1,0
TF,RRUFF,41.144283,-112.038644,0, ,0.0,0.0,0.0,0.0,2,9000,0,0,0,0,0,0
TF,UFEMY,41.042522,-112.026700,0, ,0.0,0.0,0.0,0.0,2,8000,0,0,0,0,0,0
CF,BHIVE,40.981494,-112.019553,0,IUAT,344.0,12.6,164.0,3.7,2,7500,0,0,0,0,0,0

FINAL,I16R,16R,I,3
IF,BHIVE,40.981494,-112.019553,IUAT,344.0,12.6,2,7500,0,0,0,0,0,0
CF,BNKER,40.896550,-112.009622,0,IUAT,344.0,7.5,164.0,5.1,1,6000,0,0,0,0,2,0
CF,RW16R,40.807778,-111.999286,0,IUAT,344.0,2.1,164.0,5.3,1,4275,0,0,0,0,3,0
CA,0,164.0,2,4800,0,0,0,0,0,0
VI,2, ,0.0,300.0,0,0,0,0,0,0,0,0
CF,STACO,40.822197,-112.419597,0,TCH,249.3,20.0,249.0,15.0,2,8100,0,0,0,0,0,0
HM,STACO,40.822197,-112.419597,1, ,0.0,0.0,69.0,04.3,0,0,0,0,0,0,0,0,0

APPTR,I17,17,OGD
IF,OGD,41.224094,-112.098242, ,0.0,0.0,0,0,0,0,0,0,1,0
TF,UDUZU,41.132550,-111.962147,0, ,0.0,0.0,0.0,0.0,2,11000,0,0,0,0,0,0
TF,IVOCY,41.046400,-111.962128,0, ,0.0,0.0,0.0,0.0,2,9000,0,0,0,0,0,0
CF,PRYES,40.967686,-111.962111,0,IBNT,349.0,11.9,169.0,4.7,2,7500,0,0,0,0,0,0

APPTR,I17,17,TUKTE
IF,TUKTE,41.315886,-111.962192, ,0.0,0.0,0,0,0,0,0,0,1,0
TF,UDUZU,41.132550,-111.962147,0, ,0.0,0.0,0.0,0.0,2,11000,0,0,0,0,0,0
TF,IVOCY,41.046400,-111.962128,0, ,0.0,0.0,0.0,0.0,2,9000,0,0,0,0,0,0
CF,PRYES,40.967686,-111.962111,0,IBNT,349.0,11.9,169.0,4.7,2,7500,0,0,0,0,0,0

APPTR,I17,17,WEBER
IF,WEBER,41.319958,-112.037044, ,0.0,0.0,1,12000,0,0,0,0,1,0
TF,GORPS,41.228347,-112.000378,0, ,0.0,0.0,0.0,0.0,2,11200,0,0,0,0,0,0
TF,UDUZU,41.132550,-111.962147,0, ,0.0,0.0,0.0,0.0,2,11000,0,0,0,0,0,0
TF,IVOCY,41.046400,-111.962128,0, ,0.0,0.0,0.0,0.0,2,9000,0,0,0,0,0,0
CF,PRYES,40.967686,-111.962111,0,IBNT,349.0,11.9,169.0,4.7,2,7500,0,0,0,0,0,0

FINAL,I17,17,I,3
IF,PRYES,40.967686,-111.962111,IBNT,349.0,11.9,2,7500,0,0,0,0,0,0
CF,TIFUL,40.889142,-111.962092,0,IBNT,349.0,7.2,169.0,4.7,1,6000,0,0,0,0,2,0
CF,RW17,40.798917,-111.962072,0,IBNT,349.0,1.8,169.0,5.4,1,4277,0,0,0,0,3,0
CA,0,169.0,2,5800,0,0,0,0,0,0
DF,FFU,40.274894,-111.940531,0, ,0.0,0.0,2,10000,0,0,0,0,0,0
HM,FFU,40.274894,-111.940531,2, ,0.0,0.0,340.0,04.3,0,0,0,0,0,0,0,0,0

APPTR,I34L,34L,FFU
IF,FFU,40.274894,-111.940531, ,0.0,0.0,0,0,0,0,0,0,1,0
TF,PUTER,40.435208,-111.956175,0, ,0.0,0.0,0.0,0.0,2,10000,0,0,0,0,0,0
TF,CAMRI,40.474608,-111.960711,0, ,0.0,0.0,0.0,0.0,2,9000,0,0,0,0,0,0
CF,DUNLP,40.527147,-111.966767,0,IUUH,164.0,17.1,344.0,3.2,2,8000,0,0,0,0,0,0

APPTR,I34L,34L,PUTER
IF,PUTER,40.435208,-111.956175, ,0.0,0.0,2,10000,0,0,0,0,1,0
TF,CAMRI,40.474608,-111.960711,0, ,0.0,0.0,0.0,0.0,2,9000,0,0,0,0,0,0
CF,DUNLP,40.527147,-111.966767,0,IUUH,164.0,17.1,344.0,3.2,2,8000,0,0,0,0,0,0

FINAL,I34L,34L,I,3
IF,DUNLP,40.527147,-111.966767,IUUH,164.0,17.1,2,8000,0,0,0,0,0,0
CF,FLLAG,40.680078,-111.984456,0,IUUH,164.0,7.9,344.0,9.2,1,6100,0,0,0,0,2,0
CF,RW34L,40.774978,-111.995469,0,IUUH,163.9,2.1,344.0,5.7,1,4284,0,0,0,0,3,0
CA,0,344.0,2,4800,0,0,0,0,0,0
VI,0, ,0.0,279.0,0,0,0,0,0,0,0,0
CF,STACO,40.822197,-112.419597,0,TCH,249.3,20.0,249.0,15.0,2,8100,0,0,0,0,0,0
HM,STACO,40.822197,-112.419597,1, ,0.0,0.0,69.0,04.3,0,0,0,0,0,0,0,0,0

APPTR,I34R,34R,FFU
IF,FFU,40.274894,-111.940531, ,0.0,0.0,0,0,0,0,0,0,1,0
TF,PLAGE,40.436694,-111.934119,0, ,0.0,0.0,0.0,0.0,2,11000,0,0,0,0,0,0
TF,ALGIE,40.476039,-111.938642,0, ,0.0,0.0,0.0,0.0,2,10000,0,0,0,0,0,0
CF,HAKKR,40.528189,-111.944642,0,ISLC,164.0,17.0,344.0,3.1,2,9000,0,0,0,0,0,0

APPTR,I34R,34R,PLAGE
IF,PLAGE,40.436694,-111.934119, ,0.0,0.0,2,11000,0,0,0,0,1,0
TF,ALGIE,40.476039,-111.938642,0, ,0.0,0.0,0.0,0.0,2,10000,0,0,0,0,0,0
CF,HAKKR,40.528189,-111.944642,0,ISLC,164.0,17.0,344.0,3.1,2,9000,0,0,0,0,0,0

FINAL,I34R,34R,I,3
IF,HAKKR,40.528189,-111.944642,ISLC,164.0,17.0,2,9000,0,0,0,0,0,0
CF,CHEVL,40.679436,-111.962097,0,ISLC,164.0,7.9,344.0,9.1,1,6100,0,0,0,0,2,0
CF,RW34R,40.774644,-111.973128,0,ISLC,164.0,2.2,344.0,5.7,1,4277,0,0,0,0,3,1
DF,TCH,40.850258,-111.981906,0, ,0.0,0.0,0,0,0,0,0,0,0,0
CF,OGD,41.224094,-112.098242,0,TCH,330.8,23.0,331.0,23.0,2,9000,0,0,0,0,0,0
HM,OGD,41.224094,-112.098242,2, ,0.0,0.0,101.0,04.3,0,0,0,0,0,0,0,0,0

APPTR,R16L,16L,OGD
IF,OGD,41.224094,-112.098242, ,0.0,0.0,0,0,0,0,0,0,1,0
TF,IRRON,41.144158,-112.016319,0, ,0.0,0.0,0.0,0.0,2,10000,0,0,0,0,1,0

FINAL,R16L,16L,R,5
IF,IRRON,41.144158,-112.016319, ,0.0,0.0,2,10000,0,0,0,0,0,0
TF,YAWVA,41.071967,-112.007808,0, ,0.0,0.0,164.0,4.4,2,9000,0,0,0,0,0,0
TF,LGOON,40.970894,-111.995992,0, ,0.0,0.0,164.0,6.1,2,7500,0,0,0,0,0,0
TF,YYIPP,40.895819,-111.987228,0, ,0.0,0.0,164.0,4.5,2,6000,0,0,0,0,2,0
TF,RW16L,40.807453,-111.976936,0, ,0.0,0.0,164.0,5.3,1,4284,0,0,0,0,3,1
CA,0,164.0,2,4431,0,0,0,0,0,0
DF,RULFO,40.671767,-111.961211,0, ,0.0,0.0,0,0,0,0,0,0,0,0
TF,FFU,40.274894,-111.940531,0, ,0.0,0.0,0.0,0.0,2,10000,0,0,0,0,0,1
HM,FFU,40.274894,-111.940531,2, ,0.0,0.0,340.0,07,0,0,0,0,0,0,0,0,0

APPTR,R16R,16R,OGD
IF,OGD,41.224094,-112.098242, ,0.0,0.0,0,0,0,0,0,0,1,0
TF,RRUFF,41.144283,-112.038644,0, ,0.0,0.0,0.0,0.0,2,9000,0,0,0,0,1,0

FINAL,R16R,16R,R,5
IF,RRUFF,41.144283,-112.038644, ,0.0,0.0,2,9000,0,0,0,0,0,0
TF,JICCU,41.070481,-112.029978,0, ,0.0,0.0,164.0,4.4,2,8000,0,0,0,0,0,0
TF,BHIVE,40.981494,-112.019553,0, ,0.0,0.0,164.0,5.4,2,7500,0,0,0,0,0,0
TF,BNKER,40.896550,-112.009622,0, ,0.0,0.0,164.0,5.1,2,6000,0,0,0,0,2,0
TF,RW16R,40.807778,-111.999286,0, ,0.0,0.0,164.0,5.3,1,4275,0,0,0,0,3,1
CA,0,164.0,2,4426,0,0,0,0,0,0
DF,BAURT,40.671936,-111.983511,0, ,0.0,0.0,0,0,0,0,0,0,0,0
TF,FFU,40.274894,-111.940531,0, ,0.0,0.0,0.0,0.0,2,10000,0,0,0,0,0,1
HM,FFU,40.274894,-111.940531,2, ,0.0,0.0,340.0,07,0,0,0,0,0,0,0,0,0

APPTR,R17,17,OGD
IF,OGD,41.224094,-112.098242, ,0.0,0.0,0,0,0,0,0,0,1,0
TF,UDUZU,41.132550,-111.962147,0, ,0.0,0.0,0.0,0.0,2,11000,0,0,0,0,0,0
TF,IVOCY,41.046400,-111.962128,0, ,0.0,0.0,0.0,0.0,2,9000,0,0,0,0,1,0

APPTR,R17,17,TUKTE
IF,TUKTE,41.315886,-111.962192, ,0.0,0.0,0,0,0,0,0,0,1,0
TF,UDUZU,41.132550,-111.962147,0, ,0.0,0.0,0.0,0.0,2,11000,0,0,0,0,0,0
TF,IVOCY,41.046400,-111.962128,0, ,0.0,0.0,0.0,0.0,2,9000,0,0,0,0,1,0

APPTR,R17,17,WEBER
IF,WEBER,41.319958,-112.037044, ,0.0,0.0,1,12000,0,0,0,0,1,0
TF,GORPS,41.228347,-112.000378,0, ,0.0,0.0,0.0,0.0,2,11200,0,0,0,0,0,0
TF,UDUZU,41.132550,-111.962147,0, ,0.0,0.0,0.0,0.0,2,11000,0,0,0,0,0,0
TF,IVOCY,41.046400,-111.962128,0, ,0.0,0.0,0.0,0.0,2,9000,0,0,0,0,1,0

FINAL,R17,17,R,4
IF,IVOCY,41.046400,-111.962128, ,0.0,0.0,2,9000,0,0,0,0,0,0
TF,PRYES,40.967686,-111.962111,0, ,0.0,0.0,169.0,4.7,2,7500,0,0,0,0,0,0
TF,TIFUL,40.889142,-111.962092,0, ,0.0,0.0,169.0,4.7,2,6000,0,0,0,0,2,0
TF,RW17,40.798917,-111.962072,0, ,0.0,0.0,169.0,5.4,1,4277,0,0,0,0,3,1
CA,0,169.0,2,4700,0,0,0,0,0,0
DF,FFU,40.274894,-111.940531,0, ,0.0,0.0,2,10000,0,0,0,0,0,1
HM,FFU,40.274894,-111.940531,2, ,0.0,0.0,340.0,07,0,0,0,0,0,0,0,0,0

APPTR,R34L,34L,BLUPE
IF,BLUPE,40.287847,-111.828611, ,0.0,0.0,0,0,0,0,0,0,1,0
TF,PUTER,40.435208,-111.956175,0, ,0.0,0.0,0.0,0.0,2,10000,0,0,0,0,0,0
TF,CAMRI,40.474608,-111.960711,0, ,0.0,0.0,0.0,0.0,2,9000,0,0,0,0,1,0

APPTR,R34L,34L,BOAGY
IF,BOAGY,40.242514,-111.852153, ,0.0,0.0,0,0,0,0,0,0,1,0
TF,PUTER,40.435208,-111.956175,0, ,0.0,0.0,0.0,0.0,2,10000,0,0,0,0,0,0
TF,CAMRI,40.474608,-111.960711,0, ,0.0,0.0,0.0,0.0,2,9000,0,0,0,0,1,0

APPTR,R34L,34L,FFU
IF,FFU,40.274894,-111.940531, ,0.0,0.0,0,0,0,0,0,0,1,0
TF,PUTER,40.435208,-111.956175,0, ,0.0,0.0,0.0,0.0,2,10000,0,0,0,0,0,0
TF,CAMRI,40.474608,-111.960711,0, ,0.0,0.0,0.0,0.0,2,9000,0,0,0,0,1,0

APPTR,R34L,34L,PUTER
IF,PUTER,40.435208,-111.956175, ,0.0,0.0,2,10000,0,0,0,0,1,0
TF,CAMRI,40.474608,-111.960711,0, ,0.0,0.0,0.0,0.0,2,9000,0,0,0,0,1,0

FINAL,R34L,34L,R,5
IF,CAMRI,40.474608,-111.960711, ,0.0,0.0,2,9000,0,0,0,0,0,0
TF,DUNLP,40.527147,-111.966767,0, ,0.0,0.0,344.0,3.2,2,8000,0,0,0,0,0,0
TF,FLLAG,40.680078,-111.984456,0, ,0.0,0.0,344.0,9.2,2,6100,0,0,0,0,2,0
TF,JOMVA,40.731781,-111.990453,0, ,0.0,0.0,344.0,3.1,2,5100,0,0,0,0,0,0
TF,RW34L,40.774978,-111.995469,0, ,0.0,0.0,344.0,2.6,1,4284,0,0,0,0,3,1
CA,0,344.0,2,4800,0,0,0,0,0,0
DF,STACO,40.822197,-112.419597,1, ,0.0,0.0,2,8100,0,0,0,0,0,1
HM,STACO,40.822197,-112.419597,1, ,0.0,0.0,71.0,07,0,0,0,0,0,0,0,0,0

APPTR,R34R,34R,BLUPE
IF,BLUPE,40.287847,-111.828611, ,0.0,0.0,0,0,0,0,0,0,1,0
TF,PLAGE,40.436694,-111.934119,0, ,0.0,0.0,0.0,0.0,2,11000,0,0,0,0,0,0
TF,ALGIE,40.476039,-111.938642,0, ,0.0,0.0,0.0,0.0,2,10000,0,0,0,0,1,0

APPTR,R34R,34R,BOAGY
IF,BOAGY,40.242514,-111.852153, ,0.0,0.0,0,0,0,0,0,0,1,0
TF,PLAGE,40.436694,-111.934119,0, ,0.0,0.0,0.0,0.0,2,11000,0,0,0,0,0,0
TF,ALGIE,40.476039,-111.938642,0, ,0.0,0.0,0.0,0.0,2,10000,0,0,0,0,1,0

APPTR,R34R,34R,FFU
IF,FFU,40.274894,-111.940531, ,0.0,0.0,0,0,0,0,0,0,1,0
TF,PLAGE,40.436694,-111.934119,0, ,0.0,0.0,0.0,0.0,2,11000,0,0,0,0,0,0
TF,ALGIE,40.476039,-111.938642,0, ,0.0,0.0,0.0,0.0,2,10000,0,0,0,0,1,0

APPTR,R34R,34R,PLAGE
IF,PLAGE,40.436694,-111.934119, ,0.0,0.0,2,11000,0,0,0,0,1,0
TF,ALGIE,40.476039,-111.938642,0, ,0.0,0.0,0.0,0.0,2,10000,0,0,0,0,1,0

FINAL,R34R,34R,R,5
IF,ALGIE,40.476039,-111.938642, ,0.0,0.0,2,10000,0,0,0,0,0,0
TF,HAKKR,40.528189,-111.944642,0, ,0.0,0.0,344.0,3.1,2,9000,0,0,0,0,0,0
TF,CHEVL,40.679436,-111.962097,0, ,0.0,0.0,344.0,9.1,2,6100,0,0,0,0,2,0
TF,IRUYU,40.742022,-111.969344,0, ,0.0,0.0,344.0,3.8,2,4900,0,0,0,0,0,0
TF,GITBE,40.766972,-111.972236,0, ,0.0,0.0,344.0,1.5,1,4427,0,0,0,0,3,1
CA,0,344.0,2,4427,0,0,0,0,0,0
DF,TCH,40.850258,-111.981906,0, ,0.0,0.0,0,0,0,0,0,0,0,0
TF,OGD,41.224094,-112.098242,0, ,0.0,0.0,0.0,0.0,2,9000,0,0,0,0,0,1
HM,OGD,41.224094,-112.098242,2, ,0.0,0.0,126.0,08,0,0,0,0,0,0,0,0,0

APPTR,R35,35,BLUPE
IF,BLUPE,40.287847,-111.828611, ,0.0,0.0,0,0,0,0,0,0,1,0
TF,HLMET,40.422461,-111.922317,0, ,0.0,0.0,0.0,0.0,2,11000,0,0,0,0,0,0
TF,PEDLE,40.474683,-111.928328,0, ,0.0,0.0,0.0,0.0,2,10000,0,0,0,0,1,0

APPTR,R35,35,BOAGY
IF,BOAGY,40.242514,-111.852153, ,0.0,0.0,0,0,0,0,0,0,1,0
TF,HLMET,40.422461,-111.922317,0, ,0.0,0.0,0.0,0.0,2,11000,0,0,0,0,0,0
TF,PEDLE,40.474683,-111.928328,0, ,0.0,0.0,0.0,0.0,2,10000,0,0,0,0,1,0

APPTR,R35,35,FFU
IF,FFU,40.274894,-111.940531, ,0.0,0.0,0,0,0,0,0,0,1,0
TF,HLMET,40.422461,-111.922317,0, ,0.0,0.0,0.0,0.0,2,11000,0,0,0,0,0,0
TF,PEDLE,40.474683,-111.928328,0, ,0.0,0.0,0.0,0.0,2,10000,0,0,0,0,1,0

APPTR,R35,35,HLMET
IF,HLMET,40.422461,-111.922317, ,0.0,0.0,2,11000,0,0,0,0,1,0
TF,PEDLE,40.474683,-111.928328,0, ,0.0,0.0,0.0,0.0,2,10000,0,0,0,0,1,0

FINAL,R35,35,R,5
IF,PEDLE,40.474683,-111.928328, ,0.0,0.0,2,10000,0,0,0,0,0,0
TF,ZEPOG,40.526906,-111.934350,0, ,0.0,0.0,344.0,3.1,2,9000,0,0,0,0,0,0
TF,KERNN,40.678419,-111.951872,0, ,0.0,0.0,344.0,9.1,2,6100,0,0,0,0,2,0
TF,YICYU,40.740225,-111.958497,0, ,0.0,0.0,344.0,3.7,2,4900,0,0,0,0,0,0
TF,RW35,40.773472,-111.962069,0, ,0.0,0.0,344.0,2.0,1,4282,0,0,0,0,3,1
CA,0,344.0,2,4600,0,0,0,0,0,0
DF,KNOBY,40.865031,-111.971897,0, ,0.0,0.0,0,0,0,0,0,0,0,0
TF,OGD,41.224094,-112.098242,0, ,0.0,0.0,0.0,0.0,2,9000,0,0,0,0,0,1
HM,OGD,41.224094,-112.098242,2, ,0.0,0.0,130.0,07,0,0,0,0,0,0,0,0,0

APPTR,X35,35,BLUPE
IF,BLUPE,40.287847,-111.828611, ,0.0,0.0,0,0,0,0,0,0,1,0
VI,0, ,0.0,305.0,2,11000,0,0,0,0,0,0
CF,HLMET,40.422461,-111.922317,0,BJC,266.8,313.4,344.0,3.8,2,11000,0,0,0,0,0,0
TF,PEDLE,40.474683,-111.928328,0, ,0.0,0.0,0.0,0.0,2,10000,0,0,0,0,1,0
CF,ZEPOG,40.526906,-111.934350,0,IUTJ,164.0,15.6,344.0,3.1,2,9000,0,0,0,0,0,0

APPTR,X35,35,BOAGY
IF,BOAGY,40.242514,-111.852153, ,0.0,0.0,0,0,0,0,0,0,1,0
VI,0, ,0.0,310.0,2,11000,0,0,0,0,0,0
CF,HLMET,40.422461,-111.922317,0,BJC,266.8,313.4,344.0,7.5,2,11000,0,0,0,0,0,0
TF,PEDLE,40.474683,-111.928328,0, ,0.0,0.0,0.0,0.0,2,10000,0,0,0,0,1,0
CF,ZEPOG,40.526906,-111.934350,0,IUTJ,164.0,15.6,344.0,3.1,2,9000,0,0,0,0,0,0

APPTR,X35,35,FFU
IF,FFU,40.274894,-111.940531, ,0.0,0.0,0,0,0,0,0,0,1,0
TF,HLMET,40.422461,-111.922317,0, ,0.0,0.0,0.0,0.0,2,11000,0,0,0,0,0,0
TF,PEDLE,40.474683,-111.928328,0, ,0.0,0.0,0.0,0.0,2,10000,0,0,0,0,1,0
CF,ZEPOG,40.526906,-111.934350,0,IUTJ,164.0,15.6,344.0,3.1,2,9000,0,0,0,0,0,0

APPTR,X35,35,HLMET
IF,HLMET,40.422461,-111.922317, ,0.0,0.0,2,11000,0,0,0,0,1,0
TF,PEDLE,40.474683,-111.928328,0, ,0.0,0.0,0.0,0.0,2,10000,0,0,0,0,1,0
CF,ZEPOG,40.526906,-111.934350,0,IUTJ,164.0,15.6,344.0,3.1,2,9000,0,0,0,0,0,0

FINAL,X35,35,C,4
IF,ZEPOG,40.526906,-111.934350,IUTJ,164.0,15.6,2,9000,0,0,0,0,0,0
CF,KERNN,40.678419,-111.951872,0,IUTJ,164.0,6.5,344.0,9.1,2,6100,0,0,0,0,2,0
CF,WEEEL,40.740189,-111.959039,0,IUTJ,164.0,2.7,344.0,3.7,2,4900,0,0,0,0,0,0
CF,FORXS,40.773414,-111.962897,0,IUTJ,164.0,0.7,344.0,2.0,1,4282,0,0,0,0,3,0
CA,0,344.0,2,4800,0,0,0,0,0,0
DF,TCH,40.850258,-111.981906,0, ,0.0,0.0,0,0,0,0,0,0,0,0
CF,OGD,41.224094,-112.098242,0,TCH,330.8,23.0,331.0,23.0,2,9000,0,0,0,0,0,0
HM,OGD,41.224094,-112.098242,2, ,0.0,0.0,130.0,04.3,0,0,0,0,0,0,0,0,0

