STAR,BRDGE9,LBV,1
IF,LBV,26.828186,-81.391439, ,0.0,0.0,0,0,0,0,0,0,0,0
TF,ROGAN,27.250794,-81.892858,0, ,0.0,0.0,0.0,0.0,0,0,0,0,0,0,0,0
TF,BRDGE,27.452583,-82.134372,0, ,0.0,0.0,0.0,0.0,0,0,0,0,0,0,0,0

STAR,BRDGE9,PHK,1
IF,PHK,26.782742,-80.691433, ,0.0,0.0,0,0,0,0,0,0,0,0
TF,BRDGE,27.452583,-82.134372,0, ,0.0,0.0,0.0,0.0,0,0,0,0,0,0,0,0

STAR,BRDGE9,RSW,1
IF,RSW,26.529886,-81.775769, ,0.0,0.0,0,0,0,0,0,0,0,0
TF,ROGAN,27.250794,-81.892858,0, ,0.0,0.0,0.0,0.0,0,0,0,0,0,0,0,0
TF,BRDGE,27.452583,-82.134372,0, ,0.0,0.0,0.0,0.0,0,0,0,0,0,0,0,0

STAR,BRDGE9,ALL,2
IF,BRDGE,27.452583,-82.134372, ,0.0,0.0,0,0,0,0,0,0,0,0
TF,JSTRM,27.691825,-82.422519,0, ,0.0,0.0,0.0,0.0,0,0,0,0,0,0,0,0
TF,PIE,27.907764,-82.684308,0, ,0.0,0.0,0.0,0.0,0,0,0,0,0,0,0,0

APPTR,D18,18,PIE
HF,PIE,27.907764,-82.684308,2, ,0.0,0.0,164.0,04.3,2,2700,0,0,0,0,1,0,0

FINAL,D18,18,D,3
IF,PIE,27.907764,-82.684308,PIE,0.0,0.0,2,2700,0,0,0,0,0,0
CF,WUXUT,27.828536,-82.650578,0,PIE,164.3,5.1,164.0,5.1,2,1700,0,0,0,0,2,0
CF,RW18,27.767978,-82.624833,0,PIE,164.3,8.9,164.0,3.9,1,54,0,0,0,0,3,0
CA,0,164.0,2,410,0,0,0,0,0,0
DF,PIE,27.907764,-82.684308,2, ,0.0,0.0,2,2700,0,0,0,0,0,0
HM,PIE,27.907764,-82.684308,2, ,0.0,0.0,164.0,04.3,2,2700,0,0,0,0,0,0,0

APPTR,R07,07,PHIEL
HF,PHIEL,27.684108,-82.801228,2, ,0.0,0.0,67.0,04,2,2000,0,0,0,0,1,0,0

APPTR,R07,07,PIE
IF,PIE,27.907764,-82.684308, ,0.0,0.0,0,0,0,0,0,0,0,0
TF,LOYIL,27.771022,-82.853239,0, ,0.0,0.0,0.0,0.0,2,2000,0,0,0,0,1,0
TF,PHIEL,27.684108,-82.801228,0, ,0.0,0.0,0.0,0.0,2,2000,0,0,0,0,1,0

APPTR,R07,07,SRQ
IF,SRQ,27.407017,-82.563661, ,0.0,0.0,0,0,0,0,0,0,0,0
TF,CWBIL,27.594475,-82.758592,0, ,0.0,0.0,0.0,0.0,2,2000,0,0,0,0,1,0
TF,PHIEL,27.684108,-82.801228,0, ,0.0,0.0,0.0,0.0,2,2000,0,0,0,0,1,0

FINAL,R07,07,R,3
IF,PHIEL,27.684108,-82.801228, ,0.0,0.0,2,2000,0,0,0,0,0,0
TF,TONYJ,27.727078,-82.710189,0, ,0.0,0.0,67.0,5.5,2,1700,0,0,0,0,2,0
TF,RW07,27.763894,-82.632103,0, ,0.0,0.0,67.0,4.7,1,47,0,0,0,0,3,1
CA,0,67.0,2,407,0,0,0,0,0,0
DF,PHIEL,27.684108,-82.801228,2, ,0.0,0.0,2,2000,0,0,0,0,0,1
HM,PHIEL,27.684108,-82.801228,2, ,0.0,0.0,67.0,04,0,0,0,0,0,0,0,0,0

APPTR,R18,18,PIE
HF,PIE,27.907764,-82.684308,2, ,0.0,0.0,157.0,04,2,2000,0,0,0,0,1,0,0

FINAL,R18,18,R,3
IF,PIE,27.907764,-82.684308, ,0.0,0.0,2,2000,0,0,0,0,0,0
TF,KENVE,27.831261,-82.639233,0, ,0.0,0.0,157.0,5.2,2,1700,0,0,0,0,2,0
TF,PICOL,27.776231,-82.624892,0, ,0.0,0.0,172.0,3.4,1,260,0,0,0,0,3,1
CA,0,172.0,2,407,0,0,0,0,0,0
DF,PIE,27.907764,-82.684308,2, ,0.0,0.0,2,2000,0,0,0,0,0,1
HM,PIE,27.907764,-82.684308,2, ,0.0,0.0,157.0,04,0,0,0,0,0,0,0,0,0

APPTR,R36,36,JRGAL
HF,JRGAL,27.586800,-82.606836,2, ,0.0,0.0,357.0,04,2,2000,0,0,0,0,1,0,0

FINAL,R36,36,R,3
IF,JRGAL,27.586800,-82.606836, ,0.0,0.0,2,2000,0,0,0,0,0,0
TF,WHITD,27.696039,-82.624314,0, ,0.0,0.0,357.0,6.6,2,1700,0,0,0,0,2,0
TF,BENWA,27.745900,-82.624672,0, ,0.0,0.0,5.0,3.0,1,433,0,0,0,0,3,1
CA,0,5.0,2,433,0,0,0,0,0,0
DF,JRGAL,27.586800,-82.606836,2, ,0.0,0.0,2,2000,0,0,0,0,0,1
HM,JRGAL,27.586800,-82.606836,2, ,0.0,0.0,357.0,04,0,0,0,0,0,0,0,0,0

