SID,SPK1,12,1
CA,0,121.0,2,4940,0,0,0,0,0,0
VI,2, ,0.0,320.0,0,0,0,0,0,0,0,0
CF,CALUB,40.140678,-111.928303,1,PVU,230.0,10.5,230.0,10.5,2,11500,0,1,240,0,0,0

SID,SPK1,30,1
CA,0,301.0,2,4940,0,0,0,0,0,0
VI,0, ,0.0,298.0,0,0,0,0,0,0,0,0
CF,CALUB,40.140678,-111.928303,1,PVU,230.0,10.5,230.0,10.5,2,11500,0,1,240,0,0,0

SID,SPK1,ALL,2
IF,CALUB,40.140678,-111.928303, ,0.0,0.0,2,11500,0,1,240,0,0,0
TF,FFU,40.274894,-111.940531,0, ,0.0,0.0,0.0,0.0,0,0,0,0,0,0,0,1

APPTR,R12-A,12,FRNZY
IF,FRNZY,39.970783,-112.119106, ,0.0,0.0,0,0,0,0,0,0,1,0
TF,UKROY,40.163694,-112.006025,0, ,0.0,0.0,0.0,0.0,2,9600,0,0,0,0,1,0

APPTR,R12-A,12,UKROY
HF,UKROY,40.163694,-112.006025,2, ,0.0,0.0,83.0,07,2,9600,0,0,0,0,1,0,0

APPTR,R12-A,12,VERNE
IF,VERNE,40.188139,-112.424814, ,0.0,0.0,0,0,0,0,0,0,1,0
TF,UKROY,40.163694,-112.006025,0, ,0.0,0.0,0.0,0.0,2,9600,0,0,0,0,1,0

FINAL,R12-A,12,R,4
IF,UKROY,40.163694,-112.006025, ,0.0,0.0,2,9600,0,0,0,0,0,0
TF,ZAMUX,40.156475,-111.887131,0, ,0.0,0.0,83.0,5.5,2,7800,0,0,0,0,0,0
TF,NEVME,40.150769,-111.794258,0, ,0.0,0.0,84.0,4.3,2,6800,0,0,0,0,2,0
TF,OGXIB,40.144006,-111.685944,0, ,0.0,0.0,84.0,5.0,1,6200,0,0,0,0,3,1
CA,0,84.0,2,6200,0,0,0,0,0,0
DF,VERNE,40.188139,-112.424814,2, ,0.0,0.0,2,11500,0,1,185,0,0,1
HM,VERNE,40.188139,-112.424814,2, ,0.0,0.0,342.0,07,0,0,0,0,0,0,0,0,0

APPTR,R12-Y,12,JAURN
IF,JAURN,40.480214,-111.955233, ,0.0,0.0,0,0,0,0,0,0,1,0
TF,OCACE,40.379317,-111.912594,0, ,0.0,0.0,0.0,0.0,2,9500,0,1,210,0,1,0

APPTR,R12-Y,12,VERNE
IF,VERNE,40.188139,-112.424814, ,0.0,0.0,0,0,0,1,210,0,0,0
TF,JUKOM,40.382292,-112.026178,0, ,0.0,0.0,0.0,0.0,2,12400,0,0,0,0,1,0
TF,OCACE,40.379317,-111.912594,0, ,0.0,0.0,0.0,0.0,2,11200,0,1,210,0,1,0

FINAL,R12-Y,12,R,3
IF,OCACE,40.379317,-111.912594, ,0.0,0.0,2,9500,0,1,210,0,0,0
TF,YALVU,40.222333,-111.778350,0, ,0.0,0.0,136.0,11.3,2,6600,0,0,0,0,2,0
TF,RW12,40.151036,-111.676278,0, ,0.0,0.0,121.0,6.4,1,4574,0,0,0,0,3,1
CA,0,121.0,2,4930,0,0,0,0,0,0
DF,VERNE,40.188139,-112.424814,2, ,0.0,0.0,2,11500,0,1,185,0,0,1
HM,VERNE,40.188139,-112.424814,2, ,0.0,0.0,342.0,07,0,0,0,0,0,0,0,0,0

APPTR,R12-Z,12,JAURN
IF,JAURN,40.480214,-111.955233, ,0.0,0.0,0,0,0,0,0,0,1,0
TF,OCACE,40.379317,-111.912594,0, ,0.0,0.0,0.0,0.0,2,9500,0,1,210,0,1,0

APPTR,R12-Z,12,VERNE
IF,VERNE,40.188139,-112.424814, ,0.0,0.0,0,0,0,1,210,0,0,0
TF,JUKOM,40.382292,-112.026178,0, ,0.0,0.0,0.0,0.0,2,12400,0,0,0,0,1,0
TF,OCACE,40.379317,-111.912594,0, ,0.0,0.0,0.0,0.0,2,11200,0,1,210,0,1,0

FINAL,R12-Z,12,R,3
IF,OCACE,40.379317,-111.912594, ,0.0,0.0,2,9500,0,1,210,0,0,0
TF,YALVU,40.222333,-111.778350,0, ,0.0,0.0,136.0,11.3,2,6600,0,0,0,0,2,0
TF,RW12,40.151036,-111.676278,0, ,0.0,0.0,121.0,6.4,1,4574,0,0,0,0,3,1
CA,0,121.0,2,5000,0,0,0,0,0,0
DF,VERNE,40.188139,-112.424814,2, ,0.0,0.0,2,11500,0,1,185,0,0,1
HM,VERNE,40.188139,-112.424814,2, ,0.0,0.0,342.0,07,0,0,0,0,0,0,0,0,0

APPTR,R30-A,30,FRNZY
IF,FRNZY,39.970783,-112.119106, ,0.0,0.0,0,0,0,0,0,0,1,0
TF,UKROY,40.163694,-112.006025,0, ,0.0,0.0,0.0,0.0,2,9600,0,0,0,0,1,0

APPTR,R30-A,30,UKROY
HF,UKROY,40.163694,-112.006025,2, ,0.0,0.0,83.0,07,2,9600,0,0,0,0,1,0,0

APPTR,R30-A,30,VERNE
IF,VERNE,40.188139,-112.424814, ,0.0,0.0,0,0,0,0,0,0,1,0
TF,UKROY,40.163694,-112.006025,0, ,0.0,0.0,0.0,0.0,2,9600,0,0,0,0,1,0

FINAL,R30-A,30,R,4
IF,UKROY,40.163694,-112.006025, ,0.0,0.0,2,9600,0,0,0,0,0,0
TF,ZAMUX,40.156475,-111.887131,0, ,0.0,0.0,83.0,5.5,2,7800,0,0,0,0,0,0
TF,NEVME,40.150769,-111.794258,0, ,0.0,0.0,84.0,4.3,2,6800,0,0,0,0,2,0
TF,OGXIB,40.144006,-111.685944,0, ,0.0,0.0,84.0,5.0,1,6200,0,0,0,0,3,1
CA,0,84.0,2,6200,0,0,0,0,0,0
DF,VERNE,40.188139,-112.424814,2, ,0.0,0.0,2,11500,0,1,185,0,0,1
HM,VERNE,40.188139,-112.424814,2, ,0.0,0.0,342.0,07,0,0,0,0,0,0,0,0,0

