SID,CHRLY8,02,1
CA,0,13.0,2,530,0,0,0,0,0,0
VM,0,0,0,305.0,0,0,0,0,0,0,0,0

SID,CHRLY8,14,1
CA,0,141.0,2,530,0,0,0,0,0,0
VM,0,0,0,144.0,0,0,0,0,0,0,0,0

SID,CHRLY8,20,1
CA,0,193.0,2,530,0,0,0,0,0,0
VM,0,0,0,196.0,0,0,0,0,0,0,0,0

SID,CHRLY8,32,1
CA,0,321.0,2,530,0,0,0,0,0,0
VM,0,0,0,315.0,0,0,0,0,0,0,0,0

APPTR,I32,32,LUSEE
IF,LUSEE,38.321886,-122.708667, ,0.0,0.0,2,3000,0,0,0,0,1,0
CF,EDOVE,38.358003,-122.728033,0,ISTS,141.1,10.6,321.0,2.4,2,2700,0,0,0,0,0,0

APPTR,I32,32,PYE
IF,PYE,38.079756,-122.867828, ,0.0,0.0,0,0,0,0,0,0,1,0
TF,LUSEE,38.321886,-122.708667,0, ,0.0,0.0,0.0,0.0,2,3000,0,0,0,0,1,0
CF,EDOVE,38.358003,-122.728033,0,ISTS,141.1,10.6,321.0,2.4,2,2700,0,0,0,0,0,0

APPTR,I32,32,SAU
IF,SAU,37.855333,-122.522753, ,0.0,0.0,0,0,0,0,0,0,1,0
TF,BURDE,38.105400,-122.593064,0, ,0.0,0.0,0.0,0.0,2,4000,0,0,0,0,0,0
TF,LUSEE,38.321886,-122.708667,0, ,0.0,0.0,0.0,0.0,2,3000,0,0,0,0,1,0
CF,EDOVE,38.358003,-122.728033,0,ISTS,141.1,10.6,321.0,2.4,2,2700,0,0,0,0,0,0

APPTR,I32,32,SGD
IF,SGD,38.179361,-122.373153, ,0.0,0.0,0,0,0,0,0,0,1,0
TF,DACER,38.302167,-122.662017,0, ,0.0,0.0,0.0,0.0,2,3900,0,0,0,0,0,0
TF,LUSEE,38.321886,-122.708667,0, ,0.0,0.0,0.0,0.0,2,3000,0,0,0,0,1,0
CF,EDOVE,38.358003,-122.728033,0,ISTS,141.1,10.6,321.0,2.4,2,2700,0,0,0,0,0,0

FINAL,I32,32,I,3
IF,EDOVE,38.358003,-122.728033,ISTS,141.1,10.6,2,2700,0,0,0,0,0,0
CF,PIGPN,38.414103,-122.758531,0,ISTS,141.2,6.9,321.0,3.7,1,2000,0,0,0,0,2,0
CF,RW32,38.502331,-122.805689,0,ISTS,141.2,1.2,321.0,5.7,1,173,0,0,0,0,3,0
CA,0,321.0,2,1020,0,0,0,0,0,0
CF,CABEX,38.801194,-123.065189,0,ENI,131.0,18.0,311.0,20.0,2,6000,0,0,0,0,0,0
HM,CABEX,38.801194,-123.065189,1, ,0.0,0.0,311.0,04.3,2,6000,0,0,0,0,0,0,0

APPTR,R02,02,BOARS
IF,BOARS,38.227092,-123.127017, ,0.0,0.0,0,0,0,0,0,0,1,0
TF,YAPUB,38.322275,-122.949075,0, ,0.0,0.0,0.0,0.0,2,3000,0,0,0,0,1,0

APPTR,R02,02,PYE
IF,PYE,38.079756,-122.867828, ,0.0,0.0,0,0,0,0,0,0,1,0
TF,YAPUB,38.322275,-122.949075,0, ,0.0,0.0,0.0,0.0,2,3000,0,0,0,0,1,0

FINAL,R02,02,R,4
IF,YAPUB,38.322275,-122.949075, ,0.0,0.0,2,3000,0,0,0,0,0,0
TF,NAYIR,38.419575,-122.880261,0, ,0.0,0.0,13.0,6.7,2,2000,0,0,0,0,2,0
TF,ZASBU,38.474025,-122.841650,0, ,0.0,0.0,13.0,3.7,2,800,0,0,0,0,0,0
TF,ZIVMA,38.490697,-122.829817,0, ,0.0,0.0,13.0,1.1,1,448,0,0,0,0,3,1
CA,0,13.0,2,500,0,0,0,0,0,0
DF,UVNOQ,38.613864,-122.742219,0, ,0.0,0.0,0,0,0,0,0,0,0,0
TF,CABEX,38.801194,-123.065189,0, ,0.0,0.0,0.0,0.0,2,6000,0,0,0,0,0,1
HM,CABEX,38.801194,-123.065189,1, ,0.0,0.0,311.0,06,0,0,0,0,0,0,0,0,0

APPTR,R14,14,ENI
IF,ENI,39.053217,-123.274328, ,0.0,0.0,0,0,0,0,0,0,0,0
TF,CABEX,38.801194,-123.065189,0, ,0.0,0.0,0.0,0.0,2,5600,0,0,0,0,1,0
TF,LOZWU,38.765878,-122.962806,0, ,0.0,0.0,0.0,0.0,2,5000,0,0,0,0,1,0

APPTR,R14,14,LAPED
IF,LAPED,39.061706,-122.793961, ,0.0,0.0,0,0,0,0,0,0,0,0
TF,FIPUM,38.845733,-122.907819,0, ,0.0,0.0,0.0,0.0,2,6500,0,0,0,0,1,0
TF,LOZWU,38.765878,-122.962806,0, ,0.0,0.0,0.0,0.0,2,5000,0,0,0,0,1,0

APPTR,R14,14,LOZWU
HF,LOZWU,38.765878,-122.962806,2, ,0.0,0.0,156.0,05,2,5000,0,0,0,0,1,0,0

FINAL,R14,14,R,4
IF,LOZWU,38.765878,-122.962806, ,0.0,0.0,2,5000,0,0,0,0,0,0
TF,EHETY,38.649103,-122.940650,0, ,0.0,0.0,156.0,7.1,2,3300,0,0,0,0,2,0
TF,UCEVE,38.583392,-122.875517,0, ,0.0,0.0,126.0,5.0,2,1700,0,0,0,0,0,0
TF,ACUTI,38.525111,-122.817878,0, ,0.0,0.0,126.0,4.4,1,313,0,0,0,0,3,1
CA,0,126.0,2,529,0,0,0,0,0,0
DF,WDSTC,38.194961,-122.640772,0, ,0.0,0.0,2,5000,0,0,0,0,0,1
HM,WDSTC,38.194961,-122.640772,2, ,0.0,0.0,322.0,05,0,0,0,0,0,0,0,0,0

APPTR,R32,32,PYE
IF,PYE,38.079756,-122.867828, ,0.0,0.0,0,0,0,0,0,0,0,0
TF,WDSTC,38.194961,-122.640772,0, ,0.0,0.0,0.0,0.0,2,5000,0,0,0,0,1,0
TF,LUSEE,38.321886,-122.708667,0, ,0.0,0.0,0.0,0.0,2,3000,0,0,0,0,1,0

APPTR,R32,32,ROZZA
IF,ROZZA,38.508183,-122.810614, ,0.0,0.0,0,0,0,0,0,0,0,0
TF,LUSEE,38.321886,-122.708667,0, ,0.0,0.0,0.0,0.0,2,3000,0,0,0,0,0,1
HF,LUSEE,38.321886,-122.708667,1, ,0.0,0.0,321.0,04,2,3000,0,0,0,0,1,0,0

APPTR,R32,32,SAU
IF,SAU,37.855333,-122.522753, ,0.0,0.0,0,0,0,0,0,0,0,0
TF,WDSTC,38.194961,-122.640772,0, ,0.0,0.0,0.0,0.0,2,5000,0,0,0,0,1,0
TF,LUSEE,38.321886,-122.708667,0, ,0.0,0.0,0.0,0.0,2,3000,0,0,0,0,1,0

APPTR,R32,32,SGD
IF,SGD,38.179361,-122.373153, ,0.0,0.0,0,0,0,0,0,0,0,0
TF,WDSTC,38.194961,-122.640772,0, ,0.0,0.0,0.0,0.0,2,5000,0,0,0,0,1,0
TF,LUSEE,38.321886,-122.708667,0, ,0.0,0.0,0.0,0.0,2,3000,0,0,0,0,1,0

FINAL,R32,32,R,3
IF,LUSEE,38.321886,-122.708667, ,0.0,0.0,2,3000,0,0,0,0,0,0
TF,PIGPN,38.414103,-122.758531,0, ,0.0,0.0,321.0,6.0,2,2000,0,0,0,0,2,0
TF,RW32,38.502331,-122.805689,0, ,0.0,0.0,321.0,5.7,1,173,0,0,0,0,3,1
CA,0,321.0,2,322,0,0,0,0,0,0
DF,TUGUC,38.545697,-122.828911,0, ,0.0,0.0,0,0,0,0,0,0,0,0
TF,CABEX,38.801194,-123.065189,0, ,0.0,0.0,0.0,0.0,2,6000,0,0,0,0,0,1
HM,CABEX,38.801194,-123.065189,1, ,0.0,0.0,311.0,06,2,6000,0,0,0,0,0,0,0

