APPTR,L02-A,02,CLASS
IF,CLASS,47.857953,-116.147458, ,0.0,0.0,0,0,0,0,0,0,0,0
TF,COE,47.773697,-116.820589,0, ,0.0,0.0,0.0,0.0,2,11000,0,0,0,0,1,0
TF,INOBE,48.081828,-116.763064,2, ,0.0,0.0,0.0,0.0,2,7000,0,0,0,0,1,0
CF,CORDU,48.179558,-116.672733,0,IRPO,198.1,9.1,18.0,6.9,2,5600,0,0,0,0,0,0

APPTR,L02-A,02,GEG
IF,GEG,47.564947,-117.626886, ,0.0,0.0,0,0,0,0,0,0,0,0
TF,COE,47.773697,-116.820589,0, ,0.0,0.0,0.0,0.0,2,7000,0,0,0,0,1,0
TF,INOBE,48.081828,-116.763064,0, ,0.0,0.0,0.0,0.0,2,7000,0,0,0,0,1,0
CF,CORDU,48.179558,-116.672733,0,IRPO,198.1,9.1,18.0,6.9,2,5600,0,0,0,0,0,0

APPTR,L02-A,02,INOBE
IF,INOBE,48.081828,-116.763064, ,0.0,0.0,2,7000,0,0,0,0,1,0
CF,CORDU,48.179558,-116.672733,0,IRPO,198.1,9.1,18.0,6.9,2,5600,0,0,0,0,0,0

FINAL,L02-A,02,D,3
IF,CORDU,48.179558,-116.672733,IRPO,198.1,9.1,2,5600,0,0,0,0,0,0
CF,FINTA,48.220592,-116.634794,0,IRPO,198.3,6.2,18.0,2.9,2,4900,0,0,0,0,2,0
CF,ROPLE,48.279983,-116.578953,0,IRPO,198.6,1.9,18.0,4.2,1,4180,0,0,0,0,3,0
VD, ,0,0,0,IRPO,0.0,0.0,18.0,10.0,0,0,0,0,0,0,0,0
CF,SZT,48.290642,-116.563211,2,COE,359.4,32.7,210.0,11.0,1,8000,0,0,0,0,0,0
CI,0, ,0.0,185.0,0,0,0,0,0,0,0,0
CF,COE,47.773697,-116.820589,0,COE,0.0,0.0,179.0,29.5,2,8000,0,0,0,0,0,0
HM,COE,47.773697,-116.820589,1, ,0.0,0.0,51.0,04.3,0,0,0,0,0,0,0,0,0

APPTR,L20-A,20,CLASS
IF,CLASS,47.857953,-116.147458, ,0.0,0.0,0,0,0,0,0,0,0,0
TF,COE,47.773697,-116.820589,0, ,0.0,0.0,0.0,0.0,2,11000,0,0,0,0,1,0
TF,INOBE,48.081828,-116.763064,2, ,0.0,0.0,0.0,0.0,2,7000,0,0,0,0,1,0
CF,CORDU,48.179558,-116.672733,0,IRPO,198.1,9.1,18.0,6.9,2,5600,0,0,0,0,0,0

APPTR,L20-A,20,GEG
IF,GEG,47.564947,-117.626886, ,0.0,0.0,0,0,0,0,0,0,0,0
TF,COE,47.773697,-116.820589,0, ,0.0,0.0,0.0,0.0,2,7000,0,0,0,0,1,0
TF,INOBE,48.081828,-116.763064,0, ,0.0,0.0,0.0,0.0,2,7000,0,0,0,0,1,0
CF,CORDU,48.179558,-116.672733,0,IRPO,198.1,9.1,18.0,6.9,2,5600,0,0,0,0,0,0

APPTR,L20-A,20,INOBE
IF,INOBE,48.081828,-116.763064, ,0.0,0.0,2,7000,0,0,0,0,1,0
CF,CORDU,48.179558,-116.672733,0,IRPO,198.1,9.1,18.0,6.9,2,5600,0,0,0,0,0,0

FINAL,L20-A,20,D,3
IF,CORDU,48.179558,-116.672733,IRPO,198.1,9.1,2,5600,0,0,0,0,0,0
CF,FINTA,48.220592,-116.634794,0,IRPO,198.3,6.2,18.0,2.9,2,4900,0,0,0,0,2,0
CF,ROPLE,48.279983,-116.578953,0,IRPO,198.6,1.9,18.0,4.2,1,4180,0,0,0,0,3,0
VD, ,0,0,0,IRPO,0.0,0.0,18.0,10.0,0,0,0,0,0,0,0,0
CF,SZT,48.290642,-116.563211,2,COE,359.4,32.7,210.0,11.0,1,8000,0,0,0,0,0,0
CI,0, ,0.0,185.0,0,0,0,0,0,0,0,0
CF,COE,47.773697,-116.820589,0,COE,0.0,0.0,179.0,29.5,2,8000,0,0,0,0,0,0
HM,COE,47.773697,-116.820589,1, ,0.0,0.0,51.0,04.3,0,0,0,0,0,0,0,0,0

APPTR,R02-B,02,CLASS
IF,CLASS,47.857953,-116.147458, ,0.0,0.0,0,0,0,0,0,0,0,0
TF,CESIG,47.953025,-116.495386,0, ,0.0,0.0,0.0,0.0,2,8400,0,0,0,0,1,0
TF,CELUS,48.074503,-116.772272,0, ,0.0,0.0,0.0,0.0,2,6900,0,0,0,0,1,0

APPTR,R02-B,02,DIANN
IF,DIANN,48.164281,-117.177642, ,0.0,0.0,0,0,0,0,0,0,1,0
TF,CELUS,48.074503,-116.772272,0, ,0.0,0.0,0.0,0.0,2,6900,0,0,0,0,1,0

APPTR,R02-B,02,KARPS
IF,KARPS,47.740772,-116.752750, ,0.0,0.0,0,0,0,0,0,0,1,0
TF,CELUS,48.074503,-116.772272,0, ,0.0,0.0,0.0,0.0,2,6900,0,0,0,0,1,0

FINAL,R02-B,02,R,4
IF,CELUS,48.074503,-116.772272, ,0.0,0.0,2,6900,0,0,0,0,0,0
TF,FEPMI,48.150186,-116.701150,0, ,0.0,0.0,18.0,5.4,2,6000,0,0,0,0,0,0
TF,FINTA,48.220592,-116.634794,0, ,0.0,0.0,18.0,5.0,2,4900,0,0,0,0,2,0
TF,RW02,48.293158,-116.566156,0, ,0.0,0.0,18.0,5.2,1,2183,0,0,0,0,3,1
CA,0,18.0,2,5800,0,0,0,0,0,0
DF,CESIG,47.953025,-116.495386,2, ,0.0,0.0,2,7900,0,0,0,0,0,1
HM,CESIG,47.953025,-116.495386,1, ,0.0,0.0,340.0,07,0,0,0,0,0,0,0,0,0

APPTR,R20-Y,20,AGUMY
IF,AGUMY,48.441831,-116.965856, ,0.0,0.0,0,0,0,0,0,0,0,0
TF,BILOE,48.123897,-116.728789,0, ,0.0,0.0,0.0,0.0,2,8000,0,0,0,0,1,0
TF,CAPGO,48.167033,-116.404756,0, ,0.0,0.0,0.0,0.0,2,8000,0,0,0,0,0,0
TF,DOATS,48.380961,-116.313367,0, ,0.0,0.0,0.0,0.0,2,6700,0,1,200,0,0,0
TF,ELLRA,48.424386,-116.442122,0, ,0.0,0.0,0.0,0.0,2,5100,0,1,180,0,1,0

APPTR,R20-Y,20,CESIG
IF,CESIG,47.953025,-116.495386, ,0.0,0.0,0,0,0,0,0,0,1,0
TF,CAPGO,48.167033,-116.404756,0, ,0.0,0.0,0.0,0.0,2,8000,0,0,0,0,0,0
TF,DOATS,48.380961,-116.313367,0, ,0.0,0.0,0.0,0.0,2,6700,0,1,200,0,0,0
TF,ELLRA,48.424386,-116.442122,0, ,0.0,0.0,0.0,0.0,2,5100,0,1,180,0,1,0

APPTR,R20-Y,20,DIANN
IF,DIANN,48.164281,-117.177642, ,0.0,0.0,0,0,0,0,0,0,0,0
TF,BILOE,48.123897,-116.728789,0, ,0.0,0.0,0.0,0.0,2,8000,0,0,0,0,1,0
TF,CAPGO,48.167033,-116.404756,0, ,0.0,0.0,0.0,0.0,2,8000,0,0,0,0,0,0
TF,DOATS,48.380961,-116.313367,0, ,0.0,0.0,0.0,0.0,2,6700,0,1,200,0,0,0
TF,ELLRA,48.424386,-116.442122,0, ,0.0,0.0,0.0,0.0,2,5100,0,1,180,0,1,0

FINAL,R20-Y,20,R,3
IF,ELLRA,48.424386,-116.442122, ,0.0,0.0,2,5100,0,1,180,0,0,0
TF,FAPIK,48.362808,-116.500419,0, ,0.0,0.0,198.0,4.4,2,3800,0,0,0,0,2,0
TF,RW20,48.305922,-116.554125,0, ,0.0,0.0,198.0,4.0,1,2184,0,0,0,0,3,1
CA,0,198.0,2,2531,0,0,0,0,0,0
DF,BILOE,48.123897,-116.728789,0, ,0.0,0.0,2,6600,0,0,0,0,0,1
HM,BILOE,48.123897,-116.728789,2, ,0.0,0.0,97.0,07,2,6600,0,0,0,0,0,0,0

APPTR,R20-Z,20,AGUMY
IF,AGUMY,48.441831,-116.965856, ,0.0,0.0,0,0,0,0,0,0,0,0
TF,BILOE,48.123897,-116.728789,0, ,0.0,0.0,0.0,0.0,2,8000,0,0,0,0,1,0
TF,CAPGO,48.167033,-116.404756,0, ,0.0,0.0,0.0,0.0,2,8000,0,0,0,0,0,0
TF,DOATS,48.380961,-116.313367,0, ,0.0,0.0,0.0,0.0,2,6700,0,1,200,0,0,0
TF,ELLRA,48.424386,-116.442122,0, ,0.0,0.0,0.0,0.0,2,5100,0,1,180,0,1,0

APPTR,R20-Z,20,CESIG
IF,CESIG,47.953025,-116.495386, ,0.0,0.0,0,0,0,0,0,0,1,0
TF,CAPGO,48.167033,-116.404756,0, ,0.0,0.0,0.0,0.0,2,8000,0,0,0,0,0,0
TF,DOATS,48.380961,-116.313367,0, ,0.0,0.0,0.0,0.0,2,6700,0,1,200,0,0,0
TF,ELLRA,48.424386,-116.442122,0, ,0.0,0.0,0.0,0.0,2,5100,0,1,180,0,1,0

APPTR,R20-Z,20,DIANN
IF,DIANN,48.164281,-117.177642, ,0.0,0.0,0,0,0,0,0,0,0,0
TF,BILOE,48.123897,-116.728789,0, ,0.0,0.0,0.0,0.0,2,8000,0,0,0,0,1,0
TF,CAPGO,48.167033,-116.404756,0, ,0.0,0.0,0.0,0.0,2,8000,0,0,0,0,0,0
TF,DOATS,48.380961,-116.313367,0, ,0.0,0.0,0.0,0.0,2,6700,0,1,200,0,0,0
TF,ELLRA,48.424386,-116.442122,0, ,0.0,0.0,0.0,0.0,2,5100,0,1,180,0,1,0

FINAL,R20-Z,20,R,5
IF,ELLRA,48.424386,-116.442122, ,0.0,0.0,2,5100,0,1,180,0,0,0
TF,FAPIK,48.362808,-116.500419,0, ,0.0,0.0,198.0,4.4,2,3800,0,0,0,0,2,0
TF,GARRT,48.348211,-116.514217,0, ,0.0,0.0,198.0,1.0,2,3380,0,0,0,0,0,0
TF,HAKUP,48.328478,-116.532847,0, ,0.0,0.0,198.0,1.4,2,2820,0,0,0,0,0,0
TF,RW20,48.305922,-116.554125,0, ,0.0,0.0,198.0,1.6,1,2184,0,0,0,0,3,1
CA,0,198.0,2,2520,0,0,0,0,0,0
DF,BILOE,48.123897,-116.728789,0, ,0.0,0.0,2,6600,0,0,0,0,0,1
HM,BILOE,48.123897,-116.728789,2, ,0.0,0.0,97.0,07,2,6600,0,0,0,0,0,0,0

