APPTR,R02-Z,02,DDAWN
IF,DDAWN,30.316372,-86.714261, ,0.0,0.0,2,2000,0,0,0,0,1,0
TF,ELISS,30.293253,-86.562556,0, ,0.0,0.0,0.0,0.0,2,2000,0,0,0,0,1,0

APPTR,R02-Z,02,YOUNK
IF,YOUNK,30.263103,-86.412539, ,0.0,0.0,2,2000,0,0,0,0,1,0
TF,ELISS,30.293253,-86.562556,0, ,0.0,0.0,0.0,0.0,2,2000,0,0,0,0,1,0

FINAL,R02-Z,02,R,3
IF,ELISS,30.293253,-86.562556, ,0.0,0.0,2,2000,0,0,0,0,0,0
TF,TYLUR,30.391239,-86.538206,0, ,0.0,0.0,15.0,6.0,2,1600,0,0,0,0,2,0
TF,RW02,30.472922,-86.517878,0, ,0.0,0.0,15.0,5.0,1,100,0,0,0,0,3,1
CA,0,15.0,2,600,0,0,0,0,0,0
DF,YOUNK,30.263103,-86.412539,2, ,0.0,0.0,2,2000,0,0,0,0,0,1
HM,YOUNK,30.263103,-86.412539,1, ,0.0,0.0,286.0,05,3,5000,0,1,265,0,0,0,0

APPTR,R12-Z,12,HILTN
IF,HILTN,30.695822,-86.660400, ,0.0,0.0,2,2000,0,0,0,0,1,0
TF,RUBBN,30.579622,-86.736739,0, ,0.0,0.0,0.0,0.0,2,2000,0,0,0,0,1,0

APPTR,R12-Z,12,SIMNS
IF,SIMNS,30.463858,-86.813878, ,0.0,0.0,2,2000,0,0,0,0,1,0
TF,RUBBN,30.579622,-86.736739,0, ,0.0,0.0,0.0,0.0,2,2000,0,0,0,0,1,0

FINAL,R12-Z,12,R,3
IF,RUBBN,30.579622,-86.736739, ,0.0,0.0,2,2000,0,0,0,0,0,0
TF,SUAVE,30.530106,-86.636042,0, ,0.0,0.0,123.0,6.0,2,1700,0,0,0,0,2,0
TF,RW12,30.488769,-86.552172,0, ,0.0,0.0,123.0,5.0,1,134,0,0,0,0,3,1
CA,0,123.0,2,484,0,0,0,0,0,0
DF,JEEPP,30.405983,-86.384739,0, ,0.0,0.0,2,1600,0,0,0,0,0,1
HM,JEEPP,30.405983,-86.384739,1, ,0.0,0.0,303.0,05,3,2000,0,1,265,0,0,0,0

APPTR,R20-Z,20,HAWXX
IF,HAWXX,30.746153,-86.600272, ,0.0,0.0,2,2200,0,0,0,0,1,0
TF,CAJNN,30.679403,-86.466275,0, ,0.0,0.0,0.0,0.0,2,2200,0,0,0,0,1,0

APPTR,R20-Z,20,LEDAH
IF,LEDAH,30.795117,-86.388872, ,0.0,0.0,2,2200,0,0,0,0,1,0
TF,CAJNN,30.679403,-86.466275,0, ,0.0,0.0,0.0,0.0,2,2200,0,0,0,0,1,0

FINAL,R20-Z,20,R,3
IF,CAJNN,30.679403,-86.466275, ,0.0,0.0,2,2200,0,0,0,0,0,0
TF,TAMEE,30.581436,-86.490783,0, ,0.0,0.0,195.0,6.0,2,1500,0,0,0,0,2,0
TF,RW20,30.499800,-86.511175,0, ,0.0,0.0,195.0,5.0,1,127,0,0,0,0,3,1
CA,0,195.0,2,484,0,0,0,0,0,0
DF,ELISS,30.293253,-86.562556,0, ,0.0,0.0,2,2000,0,0,0,0,0,1
HM,ELISS,30.293253,-86.562556,2, ,0.0,0.0,15.0,05,3,4000,0,1,265,0,0,0,0

APPTR,R30-Z,30,AUSSE
IF,AUSSE,30.314403,-86.201561, ,0.0,0.0,2,1600,0,0,0,0,1,0
TF,GLIDR,30.381294,-86.334967,0, ,0.0,0.0,0.0,0.0,2,1600,0,0,0,0,1,0

APPTR,R30-Z,30,BRNDE
IF,BRNDE,30.255694,-86.387622, ,0.0,0.0,2,1600,0,0,0,0,1,0
TF,GLIDR,30.381294,-86.334967,0, ,0.0,0.0,0.0,0.0,2,1600,0,0,0,0,1,0

FINAL,R30-Z,30,R,3
IF,GLIDR,30.381294,-86.334967, ,0.0,0.0,2,1600,0,0,0,0,0,0
TF,HDSON,30.431044,-86.435358,0, ,0.0,0.0,303.0,6.0,2,1500,0,0,0,0,2,0
TF,RW30,30.472456,-86.519108,0, ,0.0,0.0,303.0,5.0,1,128,0,0,0,0,3,1
CA,0,303.0,2,500,0,0,0,0,0,0
DF,GLIDR,30.381294,-86.334967,1, ,0.0,0.0,2,2000,0,0,0,0,0,1
HM,GLIDR,30.381294,-86.334967,1, ,0.0,0.0,303.0,05,3,5000,0,1,265,0,0,0,0

APPTR,T02-Z,02,TUFER
HF,TUFER,30.277764,-86.520867,2, ,0.0,0.0,3.0,08,2,2500,0,1,265,0,1,0,0

FINAL,T02-Z,02,D,3
IF,TUFER,30.277764,-86.520867,DWG,183.0,12.0,2,2500,0,0,0,0,0,0
CF,OSCAR,30.394708,-86.520867,0,DWG,183.0,5.0,3.0,7.0,2,1500,0,0,0,0,2,0
CF,KUDBE,30.464872,-86.520867,0,DWG,183.0,0.8,3.0,4.2,1,246,0,0,0,0,3,0
CA,0,3.0,2,800,0,0,0,0,0,0
DF,TUFER,30.277764,-86.520867,1, ,0.0,0.0,2,2200,0,0,0,0,0,0
HM,TUFER,30.277764,-86.520867,2, ,0.0,0.0,3.0,08,3,10000,0,1,265,0,0,0,0

APPTR,T12-Z,12,TUFER
IF,TUFER,30.277764,-86.520867, ,0.0,0.0,2,2500,0,0,0,0,1,0
AF,LOOSA,30.556392,-86.734089,2,DWG,296.0,12.0,183.0,2,2000,0,0,0,0,1,0

APPTR,T12-Z,12,VIEWW
IF,VIEWW,30.678700,-86.520867, ,0.0,0.0,2,2200,0,0,0,0,1,0
AF,LOOSA,30.556392,-86.734089,1,DWG,296.0,12.0,3.0,2,2000,0,0,0,0,1,0

FINAL,T12-Z,12,D,3
IF,LOOSA,30.556392,-86.734089,DWG,296.0,12.0,2,2000,0,0,0,0,0,0
CF,DERDE,30.517358,-86.627436,0,DWG,296.0,6.0,116.0,6.0,2,1500,0,0,0,0,2,0
CF,LEDKE,30.492592,-86.559931,0,DWG,296.0,2.2,116.0,3.8,1,282,0,0,0,0,3,0
CA,0,116.0,2,490,0,0,0,0,0,0
CF,TUFER,30.277764,-86.520867,0,DWG,183.0,12.0,183.0,13.0,2,2200,0,0,0,0,0,0
HM,TUFER,30.277764,-86.520867,2, ,0.0,0.0,3.0,08,3,5200,0,1,265,0,0,0,0

APPTR,T20-Z,20,TIDOE
IF,TIDOE,30.569383,-86.769658, ,0.0,0.0,2,3000,0,0,0,0,1,0
AF,BRAAG,30.699339,-86.432756,2,DWG,22.0,14.0,296.0,2,3000,0,0,0,0,1,0

FINAL,T20-Z,20,D,4
IF,BRAAG,30.699339,-86.432756,DWG,22.0,14.0,2,3000,0,0,0,0,0,0
CF,WYLDR,30.620383,-86.464269,0,DWG,22.0,9.0,202.0,5.0,2,2300,0,0,0,0,0,0
CF,MATTT,30.579319,-86.480636,0,DWG,22.0,6.4,202.0,2.6,2,1900,0,0,0,0,2,0
CF,JEVOL,30.508247,-86.508933,0,DWG,22.0,1.9,202.0,4.5,1,319,0,0,0,0,3,0
CA,0,202.0,2,490,0,0,0,0,0,0
CF,TUFER,30.277764,-86.520867,0,DWG,183.0,12.0,183.0,13.0,2,2200,0,0,0,0,0,0
HM,TUFER,30.277764,-86.520867,2, ,0.0,0.0,3.0,08,3,5000,0,1,265,0,0,0,0

APPTR,T30-Z,30,JASMN
IF,JASMN,30.284328,-86.281536, ,0.0,0.0,2,2500,0,0,0,0,1,0
TF,MONJO,30.341406,-86.351831,0, ,0.0,0.0,0.0,0.0,2,1600,0,0,0,0,1,0

APPTR,T30-Z,30,MONJO
HF,MONJO,30.341406,-86.351831,1, ,0.0,0.0,316.0,05,2,1600,0,1,265,0,1,0,0

APPTR,T30-Z,30,TUFER
IF,TUFER,30.277764,-86.520867, ,0.0,0.0,2,2500,0,0,0,0,1,0
AF,MONJO,30.341406,-86.351831,1,DWG,136.0,12.0,183.0,2,1600,0,0,0,0,1,0

FINAL,T30-Z,30,D,3
IF,MONJO,30.341406,-86.351831,DWG,136.0,12.0,2,1600,0,0,0,0,0,0
CF,STTAR,30.417831,-86.446150,0,DWG,136.0,5.3,316.0,6.7,2,1500,0,0,0,0,2,0
CF,RECCE,30.469122,-86.509583,0,DWG,136.0,0.8,316.0,4.5,1,266,0,0,0,0,3,0
CA,0,316.0,2,490,0,0,0,0,0,0
DF,TUFER,30.277764,-86.520867,1, ,0.0,0.0,2,2200,0,0,0,0,0,0
HM,TUFER,30.277764,-86.520867,2, ,0.0,0.0,3.0,08,3,5200,0,1,265,0,0,0,0

