SID,AMUG2D,29,2
DF,D297E,42.596111,18.180278,0, ,0.0,0.0,0,0,0,0,0,0,0,1
CI,0, ,0.0,238.0,0,0,0,0,0,0,0,0
CF,AMUGO,42.544167,17.583889,0,DBK,265.2,30.8,265.0,19.0,0,0,0,0,0,0,0,0

SID,AMUG2E,11,2
DF,GR,42.540628,18.320825,0, ,0.0,0.0,0,0,0,0,0,0,0,1
CF,D198G,42.475028,18.152525,2,MSR,160.4,49.0,275.0,6.0,2,5000,0,0,0,0,0,0
TF,AMUGO,42.544167,17.583889,0, ,0.0,0.0,0.0,0.0,0,0,0,0,0,0,0,0

SID,AMUG2F,11,2
DF,GR,42.540628,18.320825,0, ,0.0,0.0,0,0,0,0,0,0,0,1
CF,D167K,42.372781,18.316872,0,DBK,166.8,11.0,177.0,10.0,2,6000,0,0,0,0,0,1
DF,AMUGO,42.544167,17.583889,2, ,0.0,0.0,0,0,0,0,0,0,0,0

SID,AMUG4C,11,2
DF,GR,42.540628,18.320825,0, ,0.0,0.0,0,0,0,0,0,0,0,1
CR,2,DBK,218.0,275.0,0,0,0,0,0,0,0,0
CF,LOKRU,42.348611,17.935556,0,DBK,227.1,19.6,227.0,12.0,0,0,0,0,0,0,0,1
CF,AMUGO,42.544167,17.583889,0,DBK,265.2,30.8,311.0,18.0,0,0,0,0,0,0,0,0

SID,BEVI3D,29,2
DF,D297E,42.596111,18.180278,0, ,0.0,0.0,0,0,0,0,0,0,0,1
CR,1,DBK,227.0,166.0,0,0,0,0,0,0,0,0
CR,0,DBK,198.0,126.0,0,0,0,0,0,0,0,0
CF,BEVIS,41.932778,18.194444,0,DBK,181.7,37.4,182.0,30.0,0,0,0,0,0,0,0,0

SID,BEVI4C,11,2
DF,GR,42.540628,18.320825,0, ,0.0,0.0,0,0,0,0,0,0,0,1
CI,2, ,0.0,218.0,0,0,0,0,0,0,0,0
CF,BEVIS,41.932778,18.194444,0,DBK,181.7,37.4,182.0,31.0,0,0,0,0,0,0,0,0

SID,DOPU4D,29,2
CF,KLP,42.669283,18.020853,0,DBK,297.4,13.3,297.0,12.0,2,3800,0,0,0,0,0,0
CF,DOPUT,42.736111,17.899167,0,MSR,171.5,31.6,299.0,7.0,2,5000,0,0,0,0,0,0

SID,LASD1V,29,5
CF,DU902,42.755972,17.773528,0,DBK,294.7,25.4,294.0,23.8,2,11000,0,0,0,0,0,0
TF,LASDU,42.783611,17.148333,0, ,0.0,0.0,0.0,0.0,0,0,0,0,0,0,0,0

SID,LASD2D,29,2
CF,KLP,42.669283,18.020853,0,MSR,163.4,36.3,297.0,12.0,2,3800,0,0,0,0,0,0
TF,LASDU,42.783611,17.148333,0, ,0.0,0.0,0.0,0.0,0,0,0,0,0,0,0,0

SID,LOKR2D,29,2
DF,D297E,42.596111,18.180278,0, ,0.0,0.0,0,0,0,0,0,0,0,1
CI,1, ,0.0,166.0,0,0,0,0,0,0,0,0
CF,LOKRU,42.348611,17.935556,0,DBK,227.1,19.6,227.0,12.0,0,0,0,0,0,0,0,0

SID,LOKR3C,11,2
DF,GR,42.540628,18.320825,0, ,0.0,0.0,0,0,0,0,0,0,0,1
CR,2,DBK,218.0,275.0,0,0,0,0,0,0,0,0
CF,LOKRU,42.348611,17.935556,0,DBK,227.1,19.6,227.0,12.0,0,0,0,0,0,0,0,0

SID,MADO2E,11,2
DF,GR,42.540628,18.320825,0, ,0.0,0.0,0,0,0,0,0,0,0,1
CF,D167K,42.372781,18.316872,0,DBK,166.8,11.0,177.0,10.0,2,6000,0,0,0,0,0,0
CR,2,DBK,200.0,288.0,2,8500,0,0,0,0,0,0
CF,D218C,42.516658,18.232192,2,DBK,218.0,3.0,38.0,7.0,0,0,0,0,0,0,0,1
VI,0, ,0.0,18.0,0,0,0,0,0,0,0,0
CF,MADOS,42.602500,18.249167,0,DBK,332.8,3.2,333.0,2.0,2,10500,0,0,0,0,0,0

SID,MADO5C,11,2
DF,GR,42.540628,18.320825,0, ,0.0,0.0,0,0,0,0,0,0,0,1
CR,2,DBK,182.0,218.0,2,4500,0,0,0,0,0,0
CF,D218C,42.516658,18.232192,2,DBK,218.0,3.0,38.0,3.0,2,7000,0,0,0,0,0,0
VI,0, ,0.0,18.0,0,0,0,0,0,0,0,0
CF,MADOS,42.602500,18.249167,0,DBK,332.8,3.2,333.0,2.0,2,10500,0,0,0,0,0,0

SID,MADO5D,29,2
DF,D297E,42.596111,18.180278,0, ,0.0,0.0,0,0,0,0,0,0,0,1
CR,1,DBK,227.0,166.0,0,0,0,0,0,0,0,0
CF,D198D,42.492000,18.243675,1,DBK,198.0,4.0,18.0,2.0,2,6500,0,0,0,0,0,0
TF,DBK,42.553844,18.277442,0, ,0.0,0.0,0.0,0.0,0,0,0,0,0,0,0,0
TF,MADOS,42.602500,18.249167,0, ,0.0,0.0,0.0,0.0,2,10500,0,0,0,0,0,0

SID,MOKU1V,29,5
CF,DU901,42.687528,17.948472,0,DBK,294.9,16.6,294.0,15.0,2,5000,0,0,0,0,0,1
DF,MOKUN,42.450278,18.480000,1, ,0.0,0.0,2,9000,0,0,0,0,0,0

SID,MOKU2E,11,2
DF,GR,42.540628,18.320825,0, ,0.0,0.0,0,0,0,0,0,0,0,1
CF,D167K,42.372781,18.316872,0,DBK,166.8,11.0,177.0,10.0,2,6000,0,0,0,0,0,1
DF,D150H,42.427933,18.360303,1, ,0.0,0.0,2,8500,0,0,0,0,0,1
CF,MOKUN,42.450278,18.480000,2,DBK,120.6,10.9,121.0,3.0,2,9000,0,1,210,0,0,0

SID,MOKU4D,29,2
DF,D297E,42.596111,18.180278,0, ,0.0,0.0,0,0,0,0,0,0,0,1
CR,1,DBK,227.0,166.0,0,0,0,0,0,0,0,0
CF,D198D,42.492000,18.243675,1,DBK,198.0,4.0,18.0,2.0,2,6500,0,0,0,0,0,0
VI,0, ,0.0,91.0,0,0,0,0,0,0,0,0
CF,MOKUN,42.450278,18.480000,0,DBK,120.6,10.9,121.0,7.0,2,9000,0,0,0,0,0,0

SID,MOKU5C,11,2
DF,GR,42.540628,18.320825,0, ,0.0,0.0,0,0,0,0,0,0,0,1
CR,2,DBK,182.0,218.0,2,4500,0,0,0,0,0,0
CF,D218C,42.516658,18.232192,2,DBK,218.0,3.0,38.0,3.0,2,7000,0,0,0,0,0,0
VI,0, ,0.0,91.0,0,0,0,0,0,0,0,0
CF,MOKUN,42.450278,18.480000,0,DBK,120.6,10.9,121.0,9.0,2,9000,0,0,0,0,0,0

SID,NERA1V,29,5
CF,DU902,42.755972,17.773528,0,DBK,294.7,25.4,294.0,23.8,2,11000,0,0,0,0,0,0
TF,NERRA,42.905278,17.543333,0, ,0.0,0.0,0.0,0.0,0,0,0,0,0,0,0,0

SID,NERA9D,29,2
CF,KLP,42.669283,18.020853,0,DBK,297.4,13.3,297.0,12.0,2,3800,0,0,0,0,0,0
TF,NERRA,42.905278,17.543333,0, ,0.0,0.0,0.0,0.0,0,0,0,0,0,0,0,0

SID,ORAK1V,29,5
CF,DU902,42.755972,17.773528,0,DBK,294.7,25.4,294.0,23.8,2,11000,0,0,0,0,0,0
TF,ORAKA,42.536944,17.200556,0, ,0.0,0.0,0.0,0.0,0,0,0,0,0,0,0,0

SID,RIGV2W,11,5
CF,DU801,42.538639,18.325917,0,DBK,109.0,2.3,114.0,2.2,0,0,0,0,0,0,0,1
TF,DU802,42.352583,18.258694,0, ,0.0,0.0,0.0,0.0,0,0,0,0,0,0,0,0
TF,RIGVA,42.270556,18.239444,0, ,0.0,0.0,0.0,0.0,0,0,0,1,210,0,0,0

STAR,AIOS1Y,29,5
IF,AIOSA,41.928333,17.248333, ,0.0,0.0,0,0,0,0,0,0,0,0
TF,DU702,42.431833,17.850111,0, ,0.0,0.0,0.0,0.0,1,4000,0,0,0,0,0,0
TF,DU701,42.559833,17.941972,0, ,0.0,0.0,0.0,0.0,0,0,0,1,230,0,0,0
TF,OLEGU,42.485028,18.131667,0, ,0.0,0.0,0.0,0.0,1,4000,0,0,0,0,0,0

STAR,AMUG2A,ALL,2
IF,AMUGO,42.544167,17.583889, ,0.0,0.0,0,0,0,0,0,0,0,0
TF,KLP,42.669283,18.020853,0, ,0.0,0.0,0.0,0.0,0,0,0,0,0,0,0,0

STAR,BEVI1Y,29,5
IF,BEVIS,41.932778,18.194444, ,0.0,0.0,0,0,0,0,0,0,0,0
TF,DU703,42.311444,18.154972,0, ,0.0,0.0,0.0,0.0,0,0,0,1,250,0,0,0
TF,DU702,42.431833,17.850111,0, ,0.0,0.0,0.0,0.0,1,4000,0,0,0,0,0,0
TF,DU701,42.559833,17.941972,0, ,0.0,0.0,0.0,0.0,0,0,0,1,230,0,0,0
TF,OLEGU,42.485028,18.131667,0, ,0.0,0.0,0.0,0.0,1,4000,0,0,0,0,0,0

STAR,BEVI2Z,11,5
IF,BEVIS,41.932778,18.194444, ,0.0,0.0,0,0,0,0,0,0,0,0
TF,DU611,42.196306,18.025806,0, ,0.0,0.0,0.0,0.0,0,0,0,0,0,0,0,0
TF,DU606,42.459583,17.855778,0, ,0.0,0.0,0.0,0.0,0,0,0,1,250,0,0,0
TF,ERASO,42.562694,17.929750,0, ,0.0,0.0,0.0,0.0,2,5000,0,0,0,0,0,0
TF,DU605,42.617389,17.790222,0, ,0.0,0.0,0.0,0.0,0,0,0,0,0,0,0,0
TF,DU604,42.671917,17.650444,0, ,0.0,0.0,0.0,0.0,0,0,0,0,0,0,0,0
TF,DU601,42.775139,17.724333,0, ,0.0,0.0,0.0,0.0,0,0,0,0,0,0,0,0
TF,PILAP,42.720500,17.864306,0, ,0.0,0.0,0.0,0.0,2,5000,0,0,0,0,0,0

STAR,BEVI3A,ALL,2
IF,BEVIS,41.932778,18.194444, ,0.0,0.0,0,0,0,0,0,0,0,0
TF,D182O,42.305000,18.243889,0, ,0.0,0.0,0.0,0.0,0,0,0,0,0,0,0,0
TF,KLP,42.669283,18.020853,0, ,0.0,0.0,0.0,0.0,0,0,0,0,0,0,0,0

STAR,LOKR2A,ALL,2
IF,LOKRU,42.348611,17.935556, ,0.0,0.0,0,0,0,0,0,0,0,0
TF,KLP,42.669283,18.020853,0, ,0.0,0.0,0.0,0.0,0,0,0,0,0,0,0,0

STAR,LOKR2Z,11,5
IF,LOKRU,42.348611,17.935556, ,0.0,0.0,0,0,0,0,0,0,0,0
TF,DU606,42.459583,17.855778,0, ,0.0,0.0,0.0,0.0,0,0,0,1,250,0,0,0
TF,ERASO,42.562694,17.929750,0, ,0.0,0.0,0.0,0.0,2,5000,0,0,0,0,0,0
TF,DU605,42.617389,17.790222,0, ,0.0,0.0,0.0,0.0,0,0,0,0,0,0,0,0
TF,DU604,42.671917,17.650444,0, ,0.0,0.0,0.0,0.0,0,0,0,0,0,0,0,0
TF,DU601,42.775139,17.724333,0, ,0.0,0.0,0.0,0.0,0,0,0,0,0,0,0,0
TF,PILAP,42.720500,17.864306,0, ,0.0,0.0,0.0,0.0,2,5000,0,0,0,0,0,0

STAR,MOKU1Y,29,5
IF,MOKUN,42.450278,18.480000, ,0.0,0.0,0,0,0,0,0,0,0,0
TF,DU708,42.392000,18.343139,0, ,0.0,0.0,0.0,0.0,2,8500,0,0,0,0,0,0
TF,DU703,42.311444,18.154972,0, ,0.0,0.0,0.0,0.0,0,0,0,1,250,0,0,0
TF,DU702,42.431833,17.850111,0, ,0.0,0.0,0.0,0.0,1,4000,0,0,0,0,0,0
TF,DU701,42.559833,17.941972,0, ,0.0,0.0,0.0,0.0,0,0,0,1,230,0,0,0
TF,OLEGU,42.485028,18.131667,0, ,0.0,0.0,0.0,0.0,1,4000,0,0,0,0,0,0

STAR,MOKU3Z,11,5
IF,MOKUN,42.450278,18.480000, ,0.0,0.0,0,0,0,0,0,0,0,0
TF,DBK,42.553844,18.277442,0, ,0.0,0.0,0.0,0.0,2,8500,0,0,0,0,0,0
TF,DU609,42.507806,18.069056,0, ,0.0,0.0,0.0,0.0,0,0,0,1,250,0,0,0
TF,ERASO,42.562694,17.929750,0, ,0.0,0.0,0.0,0.0,2,5000,0,0,0,0,0,0
TF,DU605,42.617389,17.790222,0, ,0.0,0.0,0.0,0.0,0,0,0,0,0,0,0,0
TF,DU604,42.671917,17.650444,0, ,0.0,0.0,0.0,0.0,0,0,0,0,0,0,0,0
TF,DU601,42.775139,17.724333,0, ,0.0,0.0,0.0,0.0,0,0,0,0,0,0,0,0
TF,PILAP,42.720500,17.864306,0, ,0.0,0.0,0.0,0.0,2,5000,0,0,0,0,0,0

STAR,MOKU4A,ALL,2
IF,MOKUN,42.450278,18.480000, ,0.0,0.0,0,0,0,0,0,0,0,0
TF,DBK,42.553844,18.277442,0, ,0.0,0.0,0.0,0.0,0,0,0,0,0,0,0,0
TF,KLP,42.669283,18.020853,0, ,0.0,0.0,0.0,0.0,0,0,0,0,0,0,0,0

STAR,NERA1Y,29,5
IF,NERRA,42.905278,17.543333, ,0.0,0.0,2,5000,0,0,0,0,0,0
TF,DU705,42.619889,17.367417,0, ,0.0,0.0,0.0,0.0,0,0,0,0,0,0,0,0
TF,DU704,42.526111,17.609139,0, ,0.0,0.0,0.0,0.0,2,4000,0,1,250,0,0,0
TF,DU702,42.431833,17.850111,0, ,0.0,0.0,0.0,0.0,1,4000,0,0,0,0,0,0
TF,DU701,42.559833,17.941972,0, ,0.0,0.0,0.0,0.0,0,0,0,1,230,0,0,0
TF,OLEGU,42.485028,18.131667,0, ,0.0,0.0,0.0,0.0,1,4000,0,0,0,0,0,0

STAR,NERA2X,11,5
IF,NERRA,42.905278,17.543333, ,0.0,0.0,2,5000,0,0,0,0,0,0
TF,DU610,42.662389,17.334778,0, ,0.0,0.0,0.0,0.0,2,5000,0,0,0,0,0,0
TF,DU607,42.514194,17.716389,1, ,0.0,0.0,0.0,0.0,0,0,0,0,0,0,0,0
TF,DU606,42.459583,17.855778,0, ,0.0,0.0,0.0,0.0,0,0,0,1,240,0,0,0
TF,ERASO,42.562694,17.929750,0, ,0.0,0.0,0.0,0.0,2,5000,0,0,0,0,0,0
TF,DU605,42.617389,17.790222,0, ,0.0,0.0,0.0,0.0,0,0,0,0,0,0,0,0
TF,DU604,42.671917,17.650444,0, ,0.0,0.0,0.0,0.0,0,0,0,0,0,0,0,0
TF,DU601,42.775139,17.724333,0, ,0.0,0.0,0.0,0.0,0,0,0,0,0,0,0,0
TF,PILAP,42.720500,17.864306,0, ,0.0,0.0,0.0,0.0,2,5000,0,0,0,0,0,0

STAR,NERA2Z,11,5
IF,NERRA,42.905278,17.543333, ,0.0,0.0,2,5000,0,0,0,0,0,0
TF,DU601,42.775139,17.724333,0, ,0.0,0.0,0.0,0.0,0,0,0,0,0,0,0,0
TF,PILAP,42.720500,17.864306,0, ,0.0,0.0,0.0,0.0,2,5000,0,0,0,0,0,0

STAR,NERA8A,ALL,2
IF,NERRA,42.905278,17.543333, ,0.0,0.0,0,0,0,0,0,0,0,0
TF,D120U,42.740972,17.876597,0, ,0.0,0.0,0.0,0.0,0,0,0,0,0,0,0,0
TF,KLP,42.669283,18.020853,0, ,0.0,0.0,0.0,0.0,0,0,0,0,0,0,0,0

STAR,ORAK1Y,29,5
IF,ORAKA,42.536944,17.200556, ,0.0,0.0,0,0,0,0,0,0,0,0
TF,DU705,42.619889,17.367417,0, ,0.0,0.0,0.0,0.0,0,0,0,0,0,0,0,0
TF,DU704,42.526111,17.609139,0, ,0.0,0.0,0.0,0.0,2,4000,0,1,250,0,0,0
TF,DU702,42.431833,17.850111,0, ,0.0,0.0,0.0,0.0,1,4000,0,0,0,0,0,0
TF,DU701,42.559833,17.941972,0, ,0.0,0.0,0.0,0.0,0,0,0,1,230,0,0,0
TF,OLEGU,42.485028,18.131667,0, ,0.0,0.0,0.0,0.0,1,4000,0,0,0,0,0,0

STAR,ORAK2Z,11,5
IF,ORAKA,42.536944,17.200556, ,0.0,0.0,2,5000,0,0,0,0,0,0
TF,DU607,42.514194,17.716389,0, ,0.0,0.0,0.0,0.0,0,0,0,1,250,0,0,0
TF,DU606,42.459583,17.855778,0, ,0.0,0.0,0.0,0.0,0,0,0,1,240,0,0,0
TF,ERASO,42.562694,17.929750,0, ,0.0,0.0,0.0,0.0,2,5000,0,0,0,0,0,0
TF,DU605,42.617389,17.790222,0, ,0.0,0.0,0.0,0.0,0,0,0,0,0,0,0,0
TF,DU604,42.671917,17.650444,0, ,0.0,0.0,0.0,0.0,0,0,0,0,0,0,0,0
TF,DU601,42.775139,17.724333,0, ,0.0,0.0,0.0,0.0,0,0,0,0,0,0,0,0
TF,PILAP,42.720500,17.864306,0, ,0.0,0.0,0.0,0.0,2,5000,0,0,0,0,0,0

STAR,SIPA1Y,29,5
IF,SIPAL,43.136667,17.073611, ,0.0,0.0,0,0,0,0,0,0,0,0
TF,DU706,42.823139,17.252472,0, ,0.0,0.0,0.0,0.0,2,8000,0,0,0,0,0,0
TF,DU705,42.619889,17.367417,0, ,0.0,0.0,0.0,0.0,0,0,0,0,0,0,0,0
TF,DU704,42.526111,17.609139,0, ,0.0,0.0,0.0,0.0,2,4000,0,1,250,0,0,0
TF,DU702,42.431833,17.850111,0, ,0.0,0.0,0.0,0.0,1,4000,0,0,0,0,0,0
TF,DU701,42.559833,17.941972,0, ,0.0,0.0,0.0,0.0,0,0,0,1,230,0,0,0
TF,OLEGU,42.485028,18.131667,0, ,0.0,0.0,0.0,0.0,1,4000,0,0,0,0,0,0

STAR,SIPA2Z,11,5
IF,SIPAL,43.136667,17.073611, ,0.0,0.0,0,0,0,0,0,0,0,0
TF,DU610,42.662389,17.334778,0, ,0.0,0.0,0.0,0.0,2,5000,0,0,0,0,0,0
TF,DU607,42.514194,17.716389,0, ,0.0,0.0,0.0,0.0,0,0,0,0,0,0,0,0
TF,DU606,42.459583,17.855778,0, ,0.0,0.0,0.0,0.0,0,0,0,1,240,0,0,0
TF,ERASO,42.562694,17.929750,0, ,0.0,0.0,0.0,0.0,2,5000,0,0,0,0,0,0
TF,DU605,42.617389,17.790222,0, ,0.0,0.0,0.0,0.0,0,0,0,0,0,0,0,0
TF,DU604,42.671917,17.650444,0, ,0.0,0.0,0.0,0.0,0,0,0,0,0,0,0,0
TF,DU601,42.775139,17.724333,0, ,0.0,0.0,0.0,0.0,0,0,0,0,0,0,0,0
TF,PILAP,42.720500,17.864306,0, ,0.0,0.0,0.0,0.0,2,5000,0,0,0,0,0,0

STAR,TIKS1Y,29,5
IF,TIKSA,43.017500,17.314444, ,0.0,0.0,0,0,0,0,0,0,0,0
TF,DU707,42.839056,17.338278,0, ,0.0,0.0,0.0,0.0,2,8000,0,0,0,0,0,0
TF,DU705,42.619889,17.367417,0, ,0.0,0.0,0.0,0.0,0,0,0,0,0,0,0,0
TF,DU704,42.526111,17.609139,0, ,0.0,0.0,0.0,0.0,2,4000,0,1,250,0,0,0
TF,DU702,42.431833,17.850111,0, ,0.0,0.0,0.0,0.0,1,4000,0,0,0,0,0,0
TF,DU701,42.559833,17.941972,0, ,0.0,0.0,0.0,0.0,0,0,0,1,230,0,0,0
TF,OLEGU,42.485028,18.131667,0, ,0.0,0.0,0.0,0.0,1,4000,0,0,0,0,0,0

STAR,TIKS2Z,11,5
IF,TIKSA,43.017500,17.314444, ,0.0,0.0,0,0,0,0,0,0,0,0
TF,DU610,42.662389,17.334778,0, ,0.0,0.0,0.0,0.0,2,5000,0,0,0,0,0,0
TF,DU607,42.514194,17.716389,0, ,0.0,0.0,0.0,0.0,0,0,0,0,0,0,0,0
TF,DU606,42.459583,17.855778,0, ,0.0,0.0,0.0,0.0,0,0,0,1,240,0,0,0
TF,ERASO,42.562694,17.929750,0, ,0.0,0.0,0.0,0.0,2,5000,0,0,0,0,0,0
TF,DU605,42.617389,17.790222,0, ,0.0,0.0,0.0,0.0,0,0,0,0,0,0,0,0
TF,DU604,42.671917,17.650444,0, ,0.0,0.0,0.0,0.0,0,0,0,0,0,0,0,0
TF,DU601,42.775139,17.724333,0, ,0.0,0.0,0.0,0.0,0,0,0,0,0,0,0,0
TF,PILAP,42.720500,17.864306,0, ,0.0,0.0,0.0,0.0,2,5000,0,0,0,0,0,0

APPTR,D11,11,KLP
IF,KLP,42.669283,18.020853, ,0.0,0.0,2,4000,0,0,0,0,1,0
CF,FD11,42.660528,18.040361,0,DBK,297.4,12.3,117.0,1.0,2,4000,0,0,0,0,0,0

FINAL,D11,11,D,3
IF,FD11,42.660528,18.040361,DBK,297.4,12.3,2,4000,0,0,0,0,2,0
CF,84VOR,42.626750,18.115639,0,DBK,297.4,8.4,117.0,3.9,2,2740,0,0,0,0,0,0
CF,MD11,42.583639,18.211417,0,DBK,297.4,3.4,117.0,5.0,1,1162,0,0,0,0,3,0
CF,DBK,42.553844,18.277442,0,DBK,0.0,0.0,117.0,3.4,0,0,0,0,0,0,0,1
CF,D182O,42.305000,18.243889,0,DBK,181.7,15.0,182.0,15.0,1,4000,0,0,0,0,0,0
HM,D182O,42.305000,18.243889,1, ,0.0,0.0,2.0,04,0,0,0,1,210,0,0,0,0

FINAL,I11-Y,11,I,3
IF,CF11Y,42.661564,18.014553,IDU,294.2,13.6,2,4000,0,0,0,0,0,0
CF,FI11Y,42.653944,18.033917,0,IDU,294.2,12.6,114.0,1.0,1,4000,0,0,0,0,2,0
CF,RW11,42.569225,18.248400,0,IDU,294.2,1.9,114.0,10.8,1,569,0,0,0,0,3,0
CA,0,114.0,2,970,0,0,0,0,0,0
CF,D182O,42.305000,18.243889,0,DBK,181.7,15.0,182.0,15.0,1,4000,0,1,200,0,0,0
HM,D182O,42.305000,18.243889,1, ,0.0,0.0,2.0,04,2,4000,0,1,210,0,0,0,0

APPTR,I11-Z,11,ERASO
IF,ERASO,42.562694,17.929750, ,0.0,0.0,2,5000,0,0,0,0,1,0
TF,DU402,42.665722,18.004000,0, ,0.0,0.0,0.0,0.0,2,4000,0,0,0,0,1,0

APPTR,I11-Z,11,PILAP
IF,PILAP,42.720500,17.864306, ,0.0,0.0,2,5000,0,0,0,0,1,0
TF,DU402,42.665722,18.004000,0, ,0.0,0.0,0.0,0.0,2,4000,0,0,0,0,1,0

FINAL,I11-Z,11,I,3
IF,DU402,42.665722,18.004000,IDU,294.2,14.1,2,4000,0,0,0,0,0,0
CF,FI11Z,42.619417,18.121556,0,IDU,294.2,8.2,114.0,5.9,1,2600,0,0,0,0,2,0
CF,RW11,42.569225,18.248400,0,IDU,294.2,1.9,114.0,6.4,1,569,0,0,0,0,3,0
CA,0,114.0,2,970,0,0,0,0,0,0
CF,D182O,42.305000,18.243889,0,DBK,181.7,15.0,182.0,15.0,1,4000,0,1,200,0,0,0
HM,D182O,42.305000,18.243889,1, ,0.0,0.0,2.0,04,2,4000,0,1,210,0,0,0,0

APPTR,Q11,11,KLP
IF,KLP,42.669283,18.020853, ,0.0,0.0,2,4000,0,0,0,0,1,0
TF,FQ11,42.661194,18.039333,0, ,0.0,0.0,0.0,0.0,2,4000,0,0,0,0,0,0

FINAL,Q11,11,N,2
IF,FQ11,42.661194,18.039333,CV,0.0,0.0,2,4000,0,0,0,0,2,0
CF,CV,42.585189,18.212642,0,DBK,0.0,3.4,117.0,8.9,1,1159,0,0,0,0,3,0
CF,GR,42.540628,18.320825,0,DBK,108.4,2.1,115.0,5.5,0,0,0,0,0,0,0,1
DF,KLP,42.669283,18.020853,2, ,0.0,0.0,1,4500,0,0,0,0,0,0
HM,KLP,42.669283,18.020853,2, ,0.0,0.0,108.0,04.3,0,0,0,1,210,0,0,0,0

APPTR,R11,11,ERASO
IF,ERASO,42.562694,17.929750, ,0.0,0.0,2,5000,0,0,0,0,1,0
TF,DU402,42.665722,18.004000,0, ,0.0,0.0,0.0,0.0,2,4000,0,0,0,0,1,0

APPTR,R11,11,PILAP
IF,PILAP,42.720500,17.864306, ,0.0,0.0,2,5000,0,0,0,0,1,0
TF,DU402,42.665722,18.004000,0, ,0.0,0.0,0.0,0.0,2,4000,0,0,0,0,1,0

FINAL,R11,11,R,3
IF,DU402,42.665722,18.004000, ,0.0,0.0,2,4000,0,0,0,0,0,0
TF,DU400,42.619361,18.121639,0, ,0.0,0.0,114.0,5.9,2,2600,0,0,0,0,2,0
TF,RW11,42.569225,18.248400,0, ,0.0,0.0,114.0,6.4,1,571,0,0,0,0,3,1
TF,DU399,42.552972,18.289333,0, ,0.0,0.0,0.0,0.0,0,0,0,0,0,0,0,1
DF,DU900,42.304972,18.243972,2, ,0.0,0.0,2,4000,0,1,185,0,0,0
HM,DU900,42.304972,18.243972,1, ,0.0,0.0,2.0,04.3,2,4000,0,1,210,0,0,0,0

APPTR,R29,29,OLEGU
IF,OLEGU,42.485028,18.131667, ,0.0,0.0,2,4000,0,0,0,0,1,0
TF,DU500,42.421306,18.293139,0, ,0.0,0.0,0.0,0.0,2,2500,0,1,210,0,1,0

FINAL,R29,29,R,5
IF,DU500,42.421306,18.293139, ,0.0,0.0,2,2500,0,1,210,0,0,0
RF,DU502,42.475250,18.414639,1,DUC01,336.2,3.7,0,0,0,1,200,0,0,0
RF,DU504,42.506333,18.398611,1,DUC02,305.4,2.8,1,2500,0,1,185,0,2,0
RF,DU506,42.516333,18.381472,1,DUC02,295.4,2.8,2,2180,0,0,0,0,0,0
TF,RW29,42.555819,18.282192,0, ,0.0,0.0,294.0,5.0,1,535,0,0,0,0,3,1
TF,PILAP,42.720500,17.864306,0, ,0.0,0.0,0.0,0.0,1,5000,0,0,0,0,0,0
HM,PILAP,42.720500,17.864306,2, ,0.0,0.0,97.0,04.3,2,5000,0,1,210,0,0,0,0

APPTR,R29-B,29,OLEGU
IF,OLEGU,42.485028,18.131667, ,0.0,0.0,2,4000,0,0,0,0,1,0
TF,DU507,42.382639,18.389556,0, ,0.0,0.0,0.0,0.0,2,3200,0,1,185,0,0,0
TF,DU508,42.415583,18.425944,0, ,0.0,0.0,0.0,0.0,2,3200,0,0,0,0,1,0

FINAL,R29-B,29,R,3
IF,DU508,42.415583,18.425944, ,0.0,0.0,2,3200,0,0,0,0,0,0
TF,DU509,42.461583,18.381222,0, ,0.0,0.0,320.0,3.4,2,2700,0,0,0,0,2,0
TF,DU510,42.508722,18.335278,0, ,0.0,0.0,320.0,3.5,1,1620,0,0,0,0,3,1
TF,DU511,42.567861,18.162833,0, ,0.0,0.0,0.0,0.0,0,0,0,1,210,0,0,0
TF,KLP,42.669283,18.020853,0, ,0.0,0.0,0.0,0.0,2,4500,0,0,0,0,0,0
HM,KLP,42.669283,18.020853,2, ,0.0,0.0,108.0,04.3,2,4500,0,1,210,0,0,0,0

APPTR,V11-A,11,KLP
IF,KLP,42.669283,18.020853, ,0.0,0.0,0,0,0,0,0,0,1,0
TF,OLEGU,42.485028,18.131667,0, ,0.0,0.0,0.0,0.0,2,4000,0,0,0,0,0,0
CF,D196K,42.381222,18.193778,0,DBK,195.8,11.0,152.0,6.8,2,3200,0,0,0,0,0,0
AF,CS315,42.415306,18.439806,1,DBK,135.0,11.0,196.0,2,3200,0,1,180,0,1,0

FINAL,V11-A,11,D,5
IF,CS315,42.415306,18.439806,DBK,135.0,11.0,2,3200,0,0,0,0,0,0
CF,FS315,42.448083,18.401500,0,DBK,135.0,8.4,315.0,2.6,2,3200,0,0,0,0,2,0
CF,56VOR,42.483344,18.360186,0,DBK,135.0,5.6,315.0,2.8,2,2260,0,0,0,0,0,0
CF,48VOR,42.493419,18.348375,0,DBK,135.0,4.8,315.0,0.8,2,2000,0,0,0,0,0,0
CF,MS315,42.506008,18.333608,0,DBK,135.0,3.8,315.0,1.0,1,1670,0,0,0,0,3,0
CA,0,315.0,2,1670,0,0,0,0,0,0
CI,0, ,0.0,273.0,0,0,0,0,0,0,0,0
CF,KLP,42.669283,18.020853,0,DBK,297.4,13.3,310.0,11.0,1,4500,0,0,0,0,0,0
HM,KLP,42.669283,18.020853,2, ,0.0,0.0,108.0,03.7,0,0,0,1,210,0,0,0,0

APPTR,V29-A,29,KLP
IF,KLP,42.669283,18.020853, ,0.0,0.0,0,0,0,0,0,0,1,0
TF,OLEGU,42.485028,18.131667,0, ,0.0,0.0,0.0,0.0,2,4000,0,0,0,0,0,0
CF,D196K,42.381222,18.193778,0,DBK,195.8,11.0,152.0,6.8,2,3200,0,0,0,0,0,0
AF,CS315,42.415306,18.439806,1,DBK,135.0,11.0,196.0,2,3200,0,1,180,0,1,0

FINAL,V29-A,29,D,5
IF,CS315,42.415306,18.439806,DBK,135.0,11.0,2,3200,0,0,0,0,0,0
CF,FS315,42.448083,18.401500,0,DBK,135.0,8.4,315.0,2.6,2,3200,0,0,0,0,2,0
CF,56VOR,42.483344,18.360186,0,DBK,135.0,5.6,315.0,2.8,2,2260,0,0,0,0,0,0
CF,48VOR,42.493419,18.348375,0,DBK,135.0,4.8,315.0,0.8,2,2000,0,0,0,0,0,0
CF,MS315,42.506008,18.333608,0,DBK,135.0,3.8,315.0,1.0,1,1670,0,0,0,0,3,0
CA,0,315.0,2,1670,0,0,0,0,0,0
CI,0, ,0.0,273.0,0,0,0,0,0,0,0,0
CF,KLP,42.669283,18.020853,0,DBK,297.4,13.3,310.0,11.0,1,4500,0,0,0,0,0,0
HM,KLP,42.669283,18.020853,2, ,0.0,0.0,108.0,03.7,0,0,0,1,210,0,0,0,0

