SID,AMAK2E,11,2
CF,VES,43.557056,-6.007083,0,VES,0.0,0.0,109.0,1.0,0,0,0,0,0,0,0,0
CD, ,0,0,0,VES,0,0.0,109.0,7.7,0,0,0,0,0,0,0,0
VI,0, ,0.0,50.0,0,0,0,1,240,0,0,0
CF,XIDRA,43.542500,-5.641194,0,VES,94.0,16.0,94.0,6.0,2,4700,0,0,0,0,0,0
TF,AMAKA,43.528833,-5.320972,0, ,0.0,0.0,0.0,0.0,2,10000,0,0,0,0,0,0

SID,AMAK2F,29,2
CA,0,289.0,2,820,0,0,0,0,0,0
FD,VES,43.557056,-6.007083,0,VES,0.0,7.5,289.0,7.5,0,0,0,0,0,0,0,0
CI,0, ,0.0,289.0,0,0,0,0,0,0,0,0
AF,D083J,43.580028,-5.780017,2,VES,83.0,10.0,289.0,0,0,0,1,240,0,0,0
CF,XIDRA,43.542500,-5.641194,0,VES,94.0,16.0,94.0,6.0,2,4700,0,0,0,0,0,0
TF,AMAKA,43.528833,-5.320972,0, ,0.0,0.0,0.0,0.0,2,10000,0,0,0,0,0,0

SID,KUVA1C,11,2
DF,AV,43.539083,-5.930528,0, ,0.0,0.0,0,0,0,0,0,0,0,1
FA,AV,43.539083,-5.930528,0,VES,0.0,0.0,109.0,2,3000,0,0,0,0,0,0
DF,AST,43.557833,-6.028389,1, ,0.0,0.0,2,4700,0,0,0,0,0,1
TF,KUVAN,43.111000,-6.317000,0, ,0.0,0.0,0.0,0.0,2,10500,0,0,0,0,0,0

SID,KUVA1D,29,2
CA,0,289.0,2,820,0,0,0,0,0,0
FA,AV,43.539083,-5.930528,0,VES,0.0,0.0,289.0,2,3000,0,0,0,0,0,0
DF,AST,43.557833,-6.028389,2, ,0.0,0.0,2,4700,0,0,0,0,0,1
TF,KUVAN,43.111000,-6.317000,0, ,0.0,0.0,0.0,0.0,2,10500,0,0,0,0,0,0

SID,KUVA2A,11,2
CF,VES,43.557056,-6.007083,0,VES,0.0,0.0,109.0,1.0,0,0,0,0,0,0,0,0
CD, ,0,0,0,VES,0,0.0,109.0,7.7,0,0,0,0,0,0,0,0
CI,0, ,0.0,109.0,0,0,0,0,0,0,0,0
AF,D197J,43.396800,-6.070094,2,VES,197.0,10.0,109.0,0,0,0,1,240,0,0,0
CF,BASUK,43.319250,-6.172944,0,VES,208.0,16.0,208.0,6.0,2,8000,0,0,0,0,0,0
TF,KUVAN,43.111000,-6.317000,0, ,0.0,0.0,0.0,0.0,2,10500,0,0,0,0,0,0

SID,KUVA2B,29,2
CA,0,289.0,2,820,0,0,0,0,0,0
FD,VES,43.557056,-6.007083,0,VES,0.0,7.5,289.0,7.5,0,0,0,0,0,0,0,0
CI,0, ,0.0,289.0,0,0,0,0,0,0,0,0
AF,D220J,43.427417,-6.151019,1,VES,220.0,10.0,289.0,0,0,0,1,240,0,0,0
CF,BASUK,43.319250,-6.172944,0,VES,208.0,16.0,208.0,6.0,2,8000,0,0,0,0,0,0
TF,KUVAN,43.111000,-6.317000,0, ,0.0,0.0,0.0,0.0,2,10500,0,0,0,0,0,0

SID,MASI3E,11,2
CF,VES,43.557056,-6.007083,0,VES,0.0,0.0,109.0,1.0,0,0,0,0,0,0,0,0
CD, ,0,0,0,VES,0,0.0,109.0,7.7,0,0,0,0,0,0,0,0
CI,0, ,0.0,109.0,0,0,0,0,0,0,0,0
AF,D241J,43.473536,-6.205308,2,VES,241.0,10.0,109.0,0,0,0,1,240,0,0,0
CF,REPSO,43.469639,-6.353528,0,VES,252.0,16.0,252.0,6.0,2,7000,0,0,0,0,0,0
TF,MASIP,43.392333,-6.655694,0, ,0.0,0.0,0.0,0.0,2,10000,0,0,0,0,0,0

SID,MASI3F,29,2
CA,0,289.0,2,820,0,0,0,0,0,0
FD,VES,43.557056,-6.007083,0,VES,0.0,7.5,289.0,7.5,0,0,0,0,0,0,0,0
CI,0, ,0.0,289.0,0,0,0,0,0,0,0,0
AF,D264J,43.536514,-6.234506,1,VES,264.0,10.0,289.0,0,0,0,1,240,0,0,0
CF,REPSO,43.469639,-6.353528,0,VES,252.0,16.0,252.0,6.0,2,7000,0,0,0,0,0,0
TF,MASIP,43.392333,-6.655694,0, ,0.0,0.0,0.0,0.0,2,10000,0,0,0,0,0,0

SID,MAVO2E,11,2
CF,VES,43.557056,-6.007083,0,VES,0.0,0.0,109.0,1.0,0,0,0,0,0,0,0,0
CD, ,0,0,0,VES,0,0.0,109.0,7.7,0,0,0,0,0,0,0,0
CI,0, ,0.0,109.0,0,0,0,0,0,0,0,0
AF,D019J,43.715564,-5.936067,1,VES,19.0,10.0,109.0,0,0,0,1,240,0,0,0
CF,KUTIX,43.822306,-5.968583,0,VES,7.0,16.0,7.0,6.0,0,0,0,0,0,0,0,0
TF,MAVOS,44.054361,-5.934611,0, ,0.0,0.0,0.0,0.0,2,10000,0,0,0,0,0,0

SID,MAVO2F,29,2
CA,0,289.0,2,820,0,0,0,0,0,0
FD,VES,43.557056,-6.007083,0,VES,0.0,7.5,289.0,7.5,0,0,0,0,0,0,0,0
CI,0, ,0.0,289.0,0,0,0,0,0,0,0,0
AF,D356J,43.723108,-6.027114,2,VES,356.0,10.0,289.0,0,0,0,1,240,0,0,0
CF,KUTIX,43.822306,-5.968583,0,VES,7.0,16.0,7.0,6.0,0,0,0,0,0,0,0,0
TF,MAVOS,44.054361,-5.934611,0, ,0.0,0.0,0.0,0.0,2,10000,0,0,0,0,0,0

SID,XOND1E,11,2
CF,VES,43.557056,-6.007083,0,VES,0.0,0.0,109.0,1.0,0,0,0,0,0,0,0,0
CD, ,0,0,0,VES,0,0.0,109.0,7.7,0,0,0,0,0,0,0,0
CI,0, ,0.0,109.0,0,0,0,0,0,0,0,0
AF,D161J,43.400386,-5.928889,2,VES,161.0,10.0,109.0,0,0,0,1,240,0,0,0
CF,DORAR,43.292972,-5.956278,0,VES,173.0,16.0,173.0,6.0,2,8000,0,0,0,0,0,0
TF,XONDA,43.061833,-5.912167,0, ,0.0,0.0,0.0,0.0,2,10500,0,0,0,0,0,0

SID,XOND1G,11,2
DF,AV,43.539083,-5.930528,0, ,0.0,0.0,0,0,0,0,0,0,0,1
FA,AV,43.539083,-5.930528,0,VES,0.0,0.0,109.0,2,3000,0,0,0,0,0,0
DF,AST,43.557833,-6.028389,1, ,0.0,0.0,2,4700,0,0,0,0,0,1
TF,XONDA,43.061833,-5.912167,0, ,0.0,0.0,0.0,0.0,2,10500,0,0,0,0,0,0

SID,XOND1H,29,2
CA,0,289.0,2,820,0,0,0,0,0,0
FA,AV,43.539083,-5.930528,0,VES,0.0,0.0,289.0,2,3000,0,0,0,0,0,0
DF,AST,43.557833,-6.028389,2, ,0.0,0.0,2,4700,0,0,0,0,0,1
TF,XONDA,43.061833,-5.912167,0, ,0.0,0.0,0.0,0.0,2,10500,0,0,0,0,0,0

SID,XOND2F,29,2
CA,0,289.0,2,820,0,0,0,0,0,0
FD,VES,43.557056,-6.007083,0,VES,0.0,7.5,289.0,7.5,0,0,0,0,0,0,0,0
CI,0, ,0.0,289.0,0,0,0,0,0,0,0,0
AF,D184J,43.390586,-6.019044,1,VES,184.0,10.0,289.0,0,0,0,1,240,0,0,0
CF,DORAR,43.292972,-5.956278,0,VES,173.0,16.0,173.0,6.0,2,8000,0,0,0,0,0,0
TF,XONDA,43.061833,-5.912167,0, ,0.0,0.0,0.0,0.0,2,10500,0,0,0,0,0,0

STAR,AMAK2B,11,2
IF,AMAKA,43.528833,-5.320972, ,0.0,0.0,2,10000,0,0,0,0,0,0
TF,XIDRA,43.542500,-5.641194,0, ,0.0,0.0,0.0,0.0,0,0,0,0,0,0,0,0
TF,VES,43.557056,-6.007083,0, ,0.0,0.0,0.0,0.0,0,0,0,0,0,0,0,0

STAR,AMAK2C,29,2
IF,AMAKA,43.528833,-5.320972, ,0.0,0.0,2,10000,0,0,0,0,0,0
TF,D109U,43.448142,-5.550847,0, ,0.0,0.0,0.0,0.0,0,0,0,0,0,0,0,0
TF,ROMIL,43.474139,-5.659028,0, ,0.0,0.0,0.0,0.0,0,0,0,0,0,0,0,0

STAR,AMAK2D,29,2
IF,AMAKA,43.528833,-5.320972, ,0.0,0.0,2,10000,0,0,0,0,0,0
TF,XIDRA,43.542500,-5.641194,0, ,0.0,0.0,0.0,0.0,0,0,0,0,0,0,0,0
TF,VES,43.557056,-6.007083,0, ,0.0,0.0,0.0,0.0,0,0,0,0,0,0,0,0

STAR,AMAK3A,11,2
IF,AMAKA,43.528833,-5.320972, ,0.0,0.0,2,10000,0,0,0,0,0,0
TF,D094R,43.540592,-5.595183,0, ,0.0,0.0,0.0,0.0,0,0,0,0,0,0,0,0
TF,XIDRA,43.542500,-5.641194,0, ,0.0,0.0,0.0,0.0,0,0,0,0,0,0,0,0
AF,LASIT,43.764000,-5.775583,1,VES,40.0,16.0,94.0,0,0,0,0,0,0,0,0
AF,KUTIX,43.822306,-5.968583,1,VES,7.0,16.0,40.0,0,0,0,0,0,0,0,0

STAR,AMAK3J,11,2
IF,AMAKA,43.528833,-5.320972, ,0.0,0.0,2,10000,0,0,0,0,0,0
TF,D094R,43.540592,-5.595183,0, ,0.0,0.0,0.0,0.0,0,0,0,0,0,0,0,0
TF,XIDRA,43.542500,-5.641194,0, ,0.0,0.0,0.0,0.0,0,0,0,0,0,0,0,0
AF,LASIT,43.764000,-5.775583,1,VES,40.0,16.0,94.0,0,0,0,0,0,0,0,0
AF,KUTIX,43.822306,-5.968583,1,VES,7.0,16.0,40.0,0,0,0,0,0,0,0,0
AF,TUXAL,43.638972,-6.356583,1,VES,289.0,16.0,7.0,0,0,0,0,0,0,0,0

STAR,DEVA2C,29,2
IF,DEVAR,43.944778,-5.571611, ,0.0,0.0,2,11000,0,0,0,0,0,0
TF,LASIT,43.764000,-5.775583,0, ,0.0,0.0,0.0,0.0,0,0,0,0,0,0,0,0

STAR,DEVA2D,29,2
IF,DEVAR,43.944778,-5.571611, ,0.0,0.0,2,11000,0,0,0,0,0,0
TF,LASIT,43.764000,-5.775583,0, ,0.0,0.0,0.0,0.0,0,0,0,0,0,0,0,0
TF,VES,43.557056,-6.007083,0, ,0.0,0.0,0.0,0.0,0,0,0,0,0,0,0,0

STAR,DEVA2L,29,2
IF,DEVAR,43.944778,-5.571611, ,0.0,0.0,2,11000,0,0,0,0,0,0
TF,D040R,43.789928,-5.746425,0, ,0.0,0.0,0.0,0.0,0,0,0,0,0,0,0,0
TF,LASIT,43.764000,-5.775583,0, ,0.0,0.0,0.0,0.0,0,0,0,0,0,0,0,0
AF,XIDRA,43.542500,-5.641194,2,VES,94.0,16.0,40.0,0,0,0,0,0,0,0,0
AF,ROMIL,43.474139,-5.659028,2,VES,109.0,16.0,94.0,0,0,0,0,0,0,0,0

STAR,DEVA3A,11,2
IF,DEVAR,43.944778,-5.571611, ,0.0,0.0,2,11000,0,0,0,0,0,0
TF,D040R,43.789928,-5.746425,0, ,0.0,0.0,0.0,0.0,0,0,0,0,0,0,0,0
TF,LASIT,43.764000,-5.775583,0, ,0.0,0.0,0.0,0.0,0,0,0,0,0,0,0,0
AF,KUTIX,43.822306,-5.968583,1,VES,7.0,16.0,40.0,0,0,0,0,0,0,0,0

STAR,DEVA3B,11,2
IF,DEVAR,43.944778,-5.571611, ,0.0,0.0,2,11000,0,0,0,0,0,0
TF,LASIT,43.764000,-5.775583,0, ,0.0,0.0,0.0,0.0,0,0,0,0,0,0,0,0
TF,VES,43.557056,-6.007083,0, ,0.0,0.0,0.0,0.0,0,0,0,0,0,0,0,0

STAR,DEVA3J,11,2
IF,DEVAR,43.944778,-5.571611, ,0.0,0.0,2,11000,0,0,0,0,0,0
TF,D040R,43.789928,-5.746425,0, ,0.0,0.0,0.0,0.0,0,0,0,0,0,0,0,0
TF,LASIT,43.764000,-5.775583,0, ,0.0,0.0,0.0,0.0,0,0,0,0,0,0,0,0
AF,KUTIX,43.822306,-5.968583,1,VES,7.0,16.0,40.0,0,0,0,0,0,0,0,0
AF,TUXAL,43.638972,-6.356583,1,VES,289.0,16.0,7.0,0,0,0,0,0,0,0,0

STAR,MASI2B,11,2
IF,MASIP,43.392333,-6.655694, ,0.0,0.0,2,10000,0,0,0,0,0,0
TF,REPSO,43.469639,-6.353528,0, ,0.0,0.0,0.0,0.0,0,0,0,0,0,0,0,0
TF,D252H,43.513503,-6.180333,0, ,0.0,0.0,0.0,0.0,0,0,0,0,0,0,0,0
TF,VES,43.557056,-6.007083,0, ,0.0,0.0,0.0,0.0,0,0,0,0,0,0,0,0

STAR,MASI2C,29,2
IF,MASIP,43.392333,-6.655694, ,0.0,0.0,2,10000,0,0,0,0,0,0
TF,D252R,43.458692,-6.396544,0, ,0.0,0.0,0.0,0.0,0,0,0,0,0,0,0,0
TF,REPSO,43.469639,-6.353528,0, ,0.0,0.0,0.0,0.0,0,0,0,0,0,0,0,0
AF,DORAR,43.292972,-5.956278,1,VES,173.0,16.0,252.0,0,0,0,0,0,0,0,0

STAR,MASI2D,29,2
IF,MASIP,43.392333,-6.655694, ,0.0,0.0,2,10000,0,0,0,0,0,0
TF,REPSO,43.469639,-6.353528,0, ,0.0,0.0,0.0,0.0,0,0,0,0,0,0,0,0
TF,D252H,43.513503,-6.180333,0, ,0.0,0.0,0.0,0.0,0,0,0,0,0,0,0,0
TF,VES,43.557056,-6.007083,0, ,0.0,0.0,0.0,0.0,0,0,0,0,0,0,0,0

STAR,MASI2L,29,2
IF,MASIP,43.392333,-6.655694, ,0.0,0.0,2,10000,0,0,0,0,0,0
TF,D252R,43.458692,-6.396544,0, ,0.0,0.0,0.0,0.0,0,0,0,0,0,0,0,0
TF,REPSO,43.469639,-6.353528,0, ,0.0,0.0,0.0,0.0,0,0,0,0,0,0,0,0
AF,DORAR,43.292972,-5.956278,1,VES,173.0,16.0,252.0,0,0,0,0,0,0,0,0
AF,D138P,43.361719,-5.757775,1,VES,138.0,16.0,173.0,0,0,0,0,0,0,0,0
AF,ROMIL,43.474139,-5.659028,1,VES,109.0,16.0,138.0,0,0,0,0,0,0,0,0

STAR,MASI4A,11,2
IF,MASIP,43.392333,-6.655694, ,0.0,0.0,2,10000,0,0,0,0,0,0
TF,D252R,43.458692,-6.396544,0, ,0.0,0.0,0.0,0.0,0,0,0,0,0,0,0,0
TF,REPSO,43.469639,-6.353528,0, ,0.0,0.0,0.0,0.0,0,0,0,0,0,0,0,0
AF,TUXAL,43.638972,-6.356583,2,VES,289.0,16.0,252.0,0,0,0,0,0,0,0,0

STAR,MAVO2C,29,2
IF,MAVOS,44.054361,-5.934611, ,0.0,0.0,2,10000,0,0,0,0,0,0
TF,D007R,43.855442,-5.963747,0, ,0.0,0.0,0.0,0.0,0,0,0,0,0,0,0,0
TF,KUTIX,43.822306,-5.968583,0, ,0.0,0.0,0.0,0.0,0,0,0,0,0,0,0,0
AF,LASIT,43.764000,-5.775583,2,VES,40.0,16.0,7.0,0,0,0,0,0,0,0,0

STAR,MAVO2D,29,2
IF,MAVOS,44.054361,-5.934611, ,0.0,0.0,2,10000,0,0,0,0,0,0
TF,KUTIX,43.822306,-5.968583,0, ,0.0,0.0,0.0,0.0,0,0,0,0,0,0,0,0
TF,VES,43.557056,-6.007083,0, ,0.0,0.0,0.0,0.0,0,0,0,0,0,0,0,0

STAR,MAVO2L,29,2
IF,MAVOS,44.054361,-5.934611, ,0.0,0.0,2,10000,0,0,0,0,0,0
TF,D007R,43.855442,-5.963747,0, ,0.0,0.0,0.0,0.0,0,0,0,0,0,0,0,0
TF,KUTIX,43.822306,-5.968583,0, ,0.0,0.0,0.0,0.0,0,0,0,0,0,0,0,0
AF,LASIT,43.764000,-5.775583,2,VES,40.0,16.0,7.0,0,0,0,0,0,0,0,0
AF,XIDRA,43.542500,-5.641194,2,VES,94.0,16.0,40.0,0,0,0,0,0,0,0,0
AF,ROMIL,43.474139,-5.659028,2,VES,109.0,16.0,94.0,0,0,0,0,0,0,0,0

STAR,MAVO3A,11,2
IF,MAVOS,44.054361,-5.934611, ,0.0,0.0,2,10000,0,0,0,0,0,0
TF,KUTIX,43.822306,-5.968583,0, ,0.0,0.0,0.0,0.0,0,0,0,0,0,0,0,0

STAR,MAVO3B,11,2
IF,MAVOS,44.054361,-5.934611, ,0.0,0.0,2,10000,0,0,0,0,0,0
TF,KUTIX,43.822306,-5.968583,0, ,0.0,0.0,0.0,0.0,0,0,0,0,0,0,0,0
TF,VES,43.557056,-6.007083,0, ,0.0,0.0,0.0,0.0,0,0,0,0,0,0,0,0

STAR,MAVO3J,11,2
IF,MAVOS,44.054361,-5.934611, ,0.0,0.0,2,10000,0,0,0,0,0,0
TF,D007R,43.855442,-5.963747,0, ,0.0,0.0,0.0,0.0,0,0,0,0,0,0,0,0
TF,KUTIX,43.822306,-5.968583,0, ,0.0,0.0,0.0,0.0,0,0,0,0,0,0,0,0
AF,TUXAL,43.638972,-6.356583,1,VES,289.0,16.0,7.0,0,0,0,0,0,0,0,0

STAR,XOND1B,11,2
IF,XONDA,43.061833,-5.912167, ,0.0,0.0,2,11000,0,0,0,0,0,0
TF,DORAR,43.292972,-5.956278,0, ,0.0,0.0,0.0,0.0,2,8000,0,0,0,0,0,0
TF,VES,43.557056,-6.007083,0, ,0.0,0.0,0.0,0.0,0,0,0,0,0,0,0,0

STAR,XOND1C,29,2
IF,XONDA,43.061833,-5.912167, ,0.0,0.0,2,11000,0,0,0,0,0,0
TF,DORAR,43.292972,-5.956278,0, ,0.0,0.0,0.0,0.0,0,0,0,0,0,0,0,0

STAR,XOND1D,29,2
IF,XONDA,43.061833,-5.912167, ,0.0,0.0,2,11000,0,0,0,0,0,0
TF,DORAR,43.292972,-5.956278,0, ,0.0,0.0,0.0,0.0,0,0,0,0,0,0,0,0
TF,VES,43.557056,-6.007083,0, ,0.0,0.0,0.0,0.0,0,0,0,0,0,0,0,0

STAR,XOND1L,29,2
IF,XONDA,43.061833,-5.912167, ,0.0,0.0,2,11000,0,0,0,0,0,0
TF,D173R,43.259906,-5.949944,0, ,0.0,0.0,0.0,0.0,0,0,0,0,0,0,0,0
TF,DORAR,43.292972,-5.956278,0, ,0.0,0.0,0.0,0.0,0,0,0,0,0,0,0,0
AF,D138P,43.361719,-5.757775,1,VES,138.0,16.0,173.0,0,0,0,0,0,0,0,0
AF,ROMIL,43.474139,-5.659028,1,VES,109.0,16.0,138.0,0,0,0,0,0,0,0,0

STAR,XOND3A,11,2
IF,XONDA,43.061833,-5.912167, ,0.0,0.0,2,11000,0,0,0,0,0,0
TF,D173R,43.259906,-5.949944,0, ,0.0,0.0,0.0,0.0,0,0,0,0,0,0,0,0
TF,DORAR,43.292972,-5.956278,0, ,0.0,0.0,0.0,0.0,2,8000,0,0,0,0,0,0
AF,BASUK,43.319250,-6.172944,2,VES,208.0,16.0,173.0,0,0,0,0,0,0,0,0
AF,REPSO,43.469639,-6.353528,2,VES,252.0,16.0,208.0,0,0,0,0,0,0,0,0
AF,TUXAL,43.638972,-6.356583,2,VES,289.0,16.0,252.0,0,0,0,0,0,0,0,0

APPTR,D11,11,KUTIX
IF,KUTIX,43.822306,-5.968583, ,0.0,0.0,2,5000,0,0,0,0,1,0
AF,D297P,43.673494,-6.337339,1,VES,297.0,16.0,7.0,2,4000,0,0,0,0,0,0
CF,CD11,43.628806,-6.312861,0,VES,289.0,14.0,109.0,2.0,2,3700,0,0,0,0,1,0

APPTR,D11,11,TUXAL
IF,TUXAL,43.638972,-6.356583, ,0.0,0.0,2,4400,0,0,0,0,1,0
CF,CD11,43.628806,-6.312861,0,VES,289.0,14.0,109.0,2.0,2,3700,0,0,0,0,1,0

APPTR,D11,11,VES1
IF,VES,43.557056,-6.007083, ,0.0,0.0,2,4000,0,0,0,0,1,0
CF,D289I,43.601200,-6.194692,0,VES,289.0,8.6,289.0,8.6,0,0,0,0,0,0,0,0
FC,D289I,43.601200,-6.194692,0,VES,0.0,0.0,334.0,4.4,0,0,0,1,210,0,0,1
CF,CD11,43.628806,-6.312861,1,VES,289.0,14.0,109.0,1.0,2,3700,0,0,0,0,1,0

APPTR,D11,11,VES2
IF,VES,43.557056,-6.007083, ,0.0,0.0,2,4000,0,0,0,0,1,0
CF,D289K,43.615506,-6.255833,0,VES,289.0,11.4,289.0,11.4,0,0,0,0,0,0,0,0
FC,D289K,43.615506,-6.255833,0,VES,0.0,0.0,334.0,3.0,0,0,0,0,0,0,0,1
CF,CD11,43.628806,-6.312861,1,VES,289.0,14.0,109.0,1.0,2,3700,0,0,0,0,1,0

FINAL,D11,11,D,3
IF,CD11,43.628806,-6.312861,VES,289.0,14.0,2,3700,0,0,0,0,0,0
CF,FD11,43.592028,-6.155639,0,VES,289.0,6.8,109.0,7.2,2,2000,0,0,0,0,2,0
CF,RW11,43.566639,-6.047592,0,VES,289.0,1.9,109.0,5.0,1,449,0,0,0,0,3,0
CF,VES,43.557056,-6.007083,0,VES,0.0,0.0,109.0,1.9,2,820,0,0,0,0,0,0
VI,1, ,0.0,312.0,0,0,0,1,185,0,0,0
CF,D357U,43.906242,-6.040853,0,VES,357.0,21.0,357.0,18.0,0,0,0,0,0,0,0,1
CF,KUTIX,43.822306,-5.968583,2,VES,7.0,16.0,187.0,5.0,1,5000,0,0,0,0,0,0
HM,KUTIX,43.822306,-5.968583,2, ,0.0,0.0,187.0,05,2,5000,0,0,0,0,0,0,0

APPTR,D29,29,DORAR
IF,DORAR,43.292972,-5.956278, ,0.0,0.0,2,9000,0,0,0,0,1,0
CI,0, ,0.0,353.0,0,0,0,0,0,0,0,0
AF,D138N,43.386167,-5.788850,1,VES,138.0,14.0,173.0,2,7000,0,0,0,0,0,0
AF,D117N,43.454389,-5.719153,1,VES,117.0,14.0,138.0,2,3700,0,0,0,0,0,0
CF,CD29,43.495000,-5.746000,0,VES,109.0,12.0,289.0,2.0,2,3700,0,0,0,0,1,0

APPTR,D29,29,LASIT
IF,LASIT,43.764000,-5.775583, ,0.0,0.0,2,5000,0,0,0,0,1,0
CI,0, ,0.0,220.0,0,0,0,0,0,0,0,0
AF,D101N,43.516094,-5.691278,2,VES,101.0,14.0,40.0,2,3700,0,0,0,0,0,0
CF,CD29,43.495000,-5.746000,0,VES,109.0,12.0,289.0,2.0,2,3700,0,0,0,0,1,0

APPTR,D29,29,ROMIL
IF,ROMIL,43.474139,-5.659028, ,0.0,0.0,2,5000,0,0,0,0,1,0
CF,CD29,43.495000,-5.746000,0,VES,109.0,12.0,289.0,4.0,2,3700,0,0,0,0,1,0

FINAL,D29,29,D,4
IF,CD29,43.495000,-5.746000,VES,109.0,12.0,2,3700,0,0,0,0,0,0
CF,FD29,43.529750,-5.891833,0,VES,109.0,5.3,289.0,6.7,2,2300,0,0,0,0,2,0
CF,40VOR,43.536417,-5.919917,0,VES,109.0,4.0,289.0,1.3,2,1940,0,0,0,0,0,0
CF,VES,43.557056,-6.007083,0,VES,0.0,0.0,289.0,4.0,1,667,0,0,0,0,3,0
CA,0,289.0,2,820,0,0,0,0,0,0
VI,2, ,0.0,74.0,0,0,0,1,185,0,0,0
CF,D029U,43.865900,-5.779944,0,VES,29.0,21.0,29.0,17.0,0,0,0,0,0,0,0,1
CF,LASIT,43.764000,-5.775583,2,VES,40.0,16.0,220.0,5.0,1,5000,0,0,0,0,0,0
HM,LASIT,43.764000,-5.775583,2, ,0.0,0.0,220.0,05,2,5000,0,0,0,0,0,0,0

FINAL,I29-Y,29,I,3
IF,CI29Y,43.495694,-5.749500,AVS,109.0,13.8,2,3400,0,0,0,0,0,0
CF,FI29Y,43.519972,-5.851111,0,AVS,109.0,9.1,289.0,4.7,1,3000,0,0,0,0,2,0
CF,RW29,43.560497,-6.021650,0,AVS,109.0,1.3,289.0,7.8,1,453,0,0,0,0,3,0
CF,D289H,43.605919,-6.214244,0,VES,289.1,9.5,289.0,8.8,0,0,0,0,0,0,0,1
DF,AV,43.539083,-5.930528,2, ,0.0,0.0,1,4000,0,0,0,0,0,0
HM,AV,43.539083,-5.930528,2, ,0.0,0.0,289.0,04.3,2,4000,0,0,0,0,0,0,0

APPTR,I29-Z,29,DORAR
IF,DORAR,43.292972,-5.956278, ,0.0,0.0,2,9000,0,0,0,0,1,0
CI,0, ,0.0,353.0,0,0,0,0,0,0,0,0
AF,D138N,43.386167,-5.788850,1,VES,138.0,14.0,173.0,2,7000,0,0,0,0,0,0
AF,D117N,43.454389,-5.719153,1,VES,117.0,14.0,138.0,2,3700,0,0,0,0,0,0
CF,CI29Z,43.494639,-5.745139,0,AVS,109.0,14.0,289.0,2.0,2,3700,0,0,0,0,1,0

APPTR,I29-Z,29,LASIT
IF,LASIT,43.764000,-5.775583, ,0.0,0.0,2,5000,0,0,0,0,1,0
CI,0, ,0.0,220.0,0,0,0,0,0,0,0,0
AF,D101N,43.516094,-5.691278,2,VES,101.0,14.0,40.0,2,3700,0,0,0,0,0,0
CF,CI29Z,43.494639,-5.745139,0,AVS,109.0,14.0,289.0,2.0,2,3700,0,0,0,0,1,0

APPTR,I29-Z,29,ROMIL
IF,ROMIL,43.474139,-5.659028, ,0.0,0.0,2,5000,0,0,0,0,1,0
CF,CI29Z,43.494639,-5.745139,0,AVS,109.0,14.0,289.0,4.0,2,3700,0,0,0,0,1,0

FINAL,I29-Z,29,I,3
IF,CI29Z,43.494639,-5.745139,AVS,109.0,14.0,2,3700,0,0,0,0,0,0
CF,FI29Z,43.531028,-5.897472,0,AVS,109.0,7.0,289.0,7.0,1,2300,0,0,0,0,2,0
CF,RW29,43.560497,-6.021650,0,AVS,109.0,1.3,289.0,5.7,1,453,0,0,0,0,3,0
CA,0,289.0,2,850,0,0,0,0,0,0
VI,2, ,0.0,94.0,0,0,0,1,185,0,0,0
CF,D029U,43.865900,-5.779944,0,VES,29.0,21.0,29.0,17.0,0,0,0,0,0,0,0,1
CF,LASIT,43.764000,-5.775583,2,VES,40.0,16.0,220.0,5.0,1,5000,0,0,0,0,0,0
HM,LASIT,43.764000,-5.775583,2, ,0.0,0.0,220.0,05,2,5000,0,0,0,0,0,0,0

FINAL,L29-Y,29,D,4
IF,CL29Y,43.495472,-5.748611,AVS,109.0,13.8,2,3400,0,0,0,0,0,0
CF,FF29Y,43.519083,-5.847389,0,AVS,109.0,9.3,289.0,4.5,2,3000,0,0,0,0,2,0
CF,AV,43.539083,-5.930528,0,AVS,108.9,5.5,289.0,3.8,2,1810,0,0,0,0,0,0
CF,ML29Y,43.556889,-6.006389,0,AVS,109.0,2.0,289.0,3.5,1,681,0,0,0,0,3,0
CF,D289H,43.605919,-6.214244,0,VES,289.1,9.5,289.0,9.5,0,0,0,0,0,0,0,1
DF,AV,43.539083,-5.930528,2, ,0.0,0.0,1,4000,0,0,0,0,0,0
HM,AV,43.539083,-5.930528,2, ,0.0,0.0,289.0,04.3,2,4000,0,0,0,0,0,0,0

APPTR,L29-Z,29,DORAR
IF,DORAR,43.292972,-5.956278, ,0.0,0.0,2,9000,0,0,0,0,1,0
CI,0, ,0.0,353.0,0,0,0,0,0,0,0,0
AF,D138N,43.386167,-5.788850,1,VES,138.0,14.0,173.0,2,7000,0,0,0,0,0,0
AF,D117N,43.454389,-5.719153,1,VES,117.0,14.0,138.0,2,3700,0,0,0,0,0,0
CF,CL29Z,43.494750,-5.745583,0,AVS,109.0,14.0,289.0,2.0,2,3700,0,0,0,0,1,0

APPTR,L29-Z,29,LASIT
IF,LASIT,43.764000,-5.775583, ,0.0,0.0,2,5000,0,0,0,0,1,0
CI,0, ,0.0,220.0,0,0,0,0,0,0,0,0
AF,D101N,43.516094,-5.691278,2,VES,101.0,14.0,40.0,2,3700,0,0,0,0,0,0
CF,CL29Z,43.494750,-5.745583,0,AVS,109.0,14.0,289.0,2.0,2,3700,0,0,0,0,1,0

APPTR,L29-Z,29,ROMIL
IF,ROMIL,43.474139,-5.659028, ,0.0,0.0,2,5000,0,0,0,0,1,0
CF,CL29Z,43.494750,-5.745583,0,AVS,109.0,14.0,289.0,4.0,2,3700,0,0,0,0,1,0

FINAL,L29-Z,29,D,4
IF,CL29Z,43.494750,-5.745583,AVS,109.0,14.0,2,3700,0,0,0,0,0,0
CF,FF29Z,43.529472,-5.890944,0,AVS,109.0,7.3,289.0,6.7,2,2300,0,0,0,0,2,0
CF,40LOC,43.539758,-5.934194,0,AVS,109.0,5.3,289.0,2.0,2,1720,0,0,0,0,0,0
CF,VES,43.557056,-6.007083,0,AVS,109.0,1.9,289.0,3.4,1,665,0,0,0,0,3,0
CA,0,289.0,2,850,0,0,0,0,0,0
VI,2, ,0.0,94.0,0,0,0,1,185,0,0,0
CF,D029U,43.865900,-5.779944,0,VES,29.0,21.0,29.0,17.0,0,0,0,0,0,0,0,1
CF,LASIT,43.764000,-5.775583,2,VES,40.0,16.0,220.0,5.0,1,5000,0,0,0,0,0,0
HM,LASIT,43.764000,-5.775583,2, ,0.0,0.0,220.0,05,2,5000,0,0,0,0,0,0,0

APPTR,N11,11,AST
IF,AST,43.557833,-6.028389, ,0.0,0.0,2,4000,0,0,0,0,1,0
CF,D296G,43.607053,-6.173922,0,VES,293.5,7.9,296.0,7.0,2,2800,0,0,0,0,0,0
FC,D296G,43.607053,-6.173922,0,VES,0.0,0.0,341.0,4.3,0,0,0,0,0,0,0,1
CF,FN11,43.616664,-6.202433,1,VES,293.8,9.2,116.0,3.0,2,2800,0,1,230,0,0,0

APPTR,N11,11,AV
IF,AV,43.539083,-5.930528, ,0.0,0.0,2,4000,0,0,0,0,1,0
CF,AST,43.557833,-6.028389,0,VES,273.9,0.9,286.0,4.4,2,4000,0,0,0,0,0,0
CF,D296G,43.607053,-6.173922,0,VES,293.5,7.9,296.0,7.0,2,2800,0,0,0,0,0,0
FC,D296G,43.607053,-6.173922,0,VES,0.0,0.0,341.0,4.3,0,0,0,0,0,0,0,1
CF,FN11,43.616664,-6.202433,1,VES,293.8,9.2,116.0,3.0,2,2800,0,1,230,0,0,0

FINAL,N11,11,N,2
IF,FN11,43.616664,-6.202433,AST,0.0,0.0,2,2800,0,0,0,0,2,0
CF,RW11,43.566639,-6.047592,0,AST,0.0,0.0,116.0,7.4,1,449,0,0,0,0,3,0
CF,AST,43.557833,-6.028389,0,VES,273.9,0.9,116.0,1.0,2,820,0,0,0,0,0,1
FA,AST,43.557833,-6.028389,0,VES,0.0,0.0,45.0,2,4000,0,0,0,0,0,0
DF,AST,43.557833,-6.028389,2, ,0.0,0.0,1,4000,0,0,0,0,0,0
HM,AST,43.557833,-6.028389,2, ,0.0,0.0,296.0,04.3,2,4000,0,0,0,0,0,0,0

