SID,BLV1D,22,2
CA,0,216.0,2,2090,0,0,0,0,0,0
CF,VRA,42.731889,-2.865583,0,VRA,0.0,0.0,215.0,10.0,2,4700,0,0,0,0,0,1
CI,2, ,0.0,26.0,0,0,0,1,210,0,0,0
CF,BLV,43.304389,-2.935889,0,VRA,354.9,34.5,355.0,28.0,0,0,0,0,0,0,0,0

SID,CEGA3B,04,2
CF,VTA,42.928083,-2.679611,0,VRA,34.8,14.4,36.0,3.0,2,2500,0,0,0,0,0,0
TF,ZURIA,42.817500,-2.449722,0, ,0.0,0.0,0.0,0.0,2,6500,0,0,0,0,0,0
TF,CEGAM,42.983722,-2.236361,0, ,0.0,0.0,0.0,0.0,0,0,0,0,0,0,0,0

SID,CEGA3F,22,2
CA,0,216.0,2,2090,0,0,0,0,0,0
CF,VRA,42.731889,-2.865583,0,VRA,0.0,0.0,215.0,10.0,2,4700,0,0,0,0,0,1
TF,D090N,42.731458,-2.552164,1, ,0.0,0.0,0.0,0.0,0,0,0,1,185,0,0,0
TF,CEGAM,42.983722,-2.236361,0, ,0.0,0.0,0.0,0.0,0,0,0,0,0,0,0,0

SID,DGO1B,22,2
CA,0,216.0,2,2090,0,0,0,0,0,0
CF,VRA,42.731889,-2.865583,0,VRA,0.0,0.0,215.0,10.0,2,4700,0,0,0,0,0,0
TF,DGO,42.453306,-2.880694,0, ,0.0,0.0,0.0,0.0,0,0,0,0,0,0,0,0

SID,DGO2A,04,2
CF,VTA,42.928083,-2.679611,0,VRA,34.8,14.4,36.0,3.0,2,2500,0,0,0,0,0,0
TF,ZURIA,42.817500,-2.449722,0, ,0.0,0.0,0.0,0.0,2,6500,0,0,0,0,0,0
TF,DGO,42.453306,-2.880694,2, ,0.0,0.0,0.0,0.0,0,0,0,0,0,0,0,0

SID,NEA3D,22,2
CA,0,216.0,2,2090,0,0,0,0,0,0
CF,VRA,42.731889,-2.865583,0,VRA,0.0,0.0,215.0,10.0,2,4700,0,0,0,0,0,0
TF,NEA,42.027611,-4.109139,0, ,0.0,0.0,0.0,0.0,2,11000,0,1,210,0,0,0

SID,PPN1D,22,2
CA,0,216.0,2,2090,0,0,0,0,0,0
CF,VRA,42.731889,-2.865583,0,VRA,0.0,0.0,215.0,10.0,2,4700,0,0,0,0,0,1
TF,PPN,42.733750,-1.702000,1, ,0.0,0.0,0.0,0.0,0,0,0,1,185,0,0,0

SID,PPN2A,04,2
CF,VTA,42.928083,-2.679611,0,VRA,34.8,14.4,36.0,3.0,2,2500,0,0,0,0,0,0
TF,ZURIA,42.817500,-2.449722,0, ,0.0,0.0,0.0,0.0,2,6500,0,0,0,0,0,0
CI,0, ,0.0,123.0,0,0,0,0,0,0,0,0
CF,PPN,42.733750,-1.702000,0,VRA,89.5,51.5,90.0,27.0,0,0,0,0,0,0,0,0

SID,RATA3A,22,2
CA,0,216.0,2,2090,0,0,0,0,0,0
CF,VRA,42.731889,-2.865583,0,VRA,0.0,0.0,215.0,10.0,2,4700,0,0,0,0,0,1
TF,RATAS,42.574444,-4.030778,0, ,0.0,0.0,0.0,0.0,2,12000,0,1,210,0,0,0

SID,UDAL1A,04,2
CF,VTA,42.928083,-2.679611,0,VRA,34.8,14.4,36.0,3.0,2,2500,0,0,0,0,0,0
TF,UDALA,43.110278,-2.510472,0, ,0.0,0.0,0.0,0.0,2,6500,0,0,0,0,0,0

SID,VRA1A,04,2
CF,VTA,42.928083,-2.679611,0,VRA,34.8,14.4,36.0,3.0,2,2500,0,0,0,0,0,0
TF,ZURIA,42.817500,-2.449722,0, ,0.0,0.0,0.0,0.0,2,6500,0,0,0,0,0,1
CF,VRA,42.731889,-2.865583,2,VRA,0.0,0.0,269.0,18.0,2,10000,0,0,0,0,0,0

STAR,BLV1C,04,2
IF,BLV,43.304389,-2.935889, ,0.0,0.0,0,0,0,0,0,0,0,0
TF,LOPNA,42.638639,-2.960722,0, ,0.0,0.0,0.0,0.0,0,0,0,0,0,0,0,0
TF,VRA,42.731889,-2.865583,1, ,0.0,0.0,0.0,0.0,0,0,0,0,0,0,0,0
TF,VT,42.801944,-2.804083,0, ,0.0,0.0,0.0,0.0,0,0,0,0,0,0,0,0

STAR,BLV2F,22,2
IF,BLV,43.304389,-2.935889, ,0.0,0.0,0,0,0,0,0,0,0,0
TF,LOPNA,42.638639,-2.960722,0, ,0.0,0.0,0.0,0.0,0,0,0,0,0,0,0,0
TF,VRA,42.731889,-2.865583,1, ,0.0,0.0,0.0,0.0,0,0,0,0,0,0,0,0
TF,VT,42.801944,-2.804083,0, ,0.0,0.0,0.0,0.0,0,0,0,0,0,0,0,0
TF,VFD,42.880639,-2.724361,0, ,0.0,0.0,0.0,0.0,0,0,0,0,0,0,0,0
TF,VTA,42.928083,-2.679611,0, ,0.0,0.0,0.0,0.0,0,0,0,0,0,0,0,0

STAR,CEGA2A,04,2
IF,CEGAM,42.983722,-2.236361, ,0.0,0.0,2,10000,0,0,0,0,0,0
TF,ZURIA,42.817500,-2.449722,0, ,0.0,0.0,0.0,0.0,0,0,0,0,0,0,0,0
TF,ARBIN,42.679583,-2.613750,0, ,0.0,0.0,0.0,0.0,0,0,0,0,0,0,0,0
TF,VRA,42.731889,-2.865583,0, ,0.0,0.0,0.0,0.0,0,0,0,0,0,0,0,0
TF,VT,42.801944,-2.804083,2, ,0.0,0.0,0.0,0.0,0,0,0,0,0,0,0,0

STAR,CEGA2J,22,2
IF,CEGAM,42.983722,-2.236361, ,0.0,0.0,2,10000,0,0,0,0,0,0
TF,VFD,42.880639,-2.724361,0, ,0.0,0.0,0.0,0.0,0,0,0,0,0,0,0,0

STAR,CEGA3H,22,2
IF,CEGAM,42.983722,-2.236361, ,0.0,0.0,2,10000,0,0,0,0,0,0
TF,ZURIA,42.817500,-2.449722,0, ,0.0,0.0,0.0,0.0,0,0,0,0,0,0,0,0
TF,ARBIN,42.679583,-2.613750,0, ,0.0,0.0,0.0,0.0,0,0,0,0,0,0,0,0
TF,VRA,42.731889,-2.865583,0, ,0.0,0.0,0.0,0.0,0,0,0,0,0,0,0,0
TF,VT,42.801944,-2.804083,2, ,0.0,0.0,0.0,0.0,0,0,0,0,0,0,0,0
TF,VFD,42.880639,-2.724361,0, ,0.0,0.0,0.0,0.0,0,0,0,0,0,0,0,0
TF,VTA,42.928083,-2.679611,0, ,0.0,0.0,0.0,0.0,0,0,0,0,0,0,0,0

STAR,DGO1C,04,2
IF,DGO,42.453306,-2.880694, ,0.0,0.0,0,0,0,0,0,0,0,0
TF,LOPNA,42.638639,-2.960722,0, ,0.0,0.0,0.0,0.0,0,0,0,0,0,0,0,0
TF,VRA,42.731889,-2.865583,0, ,0.0,0.0,0.0,0.0,0,0,0,0,0,0,0,0
TF,VT,42.801944,-2.804083,0, ,0.0,0.0,0.0,0.0,0,0,0,0,0,0,0,0

STAR,DGO2D,22,2
IF,DGO,42.453306,-2.880694, ,0.0,0.0,0,0,0,0,0,0,0,0
TF,LOPNA,42.638639,-2.960722,0, ,0.0,0.0,0.0,0.0,0,0,0,0,0,0,0,0
TF,VRA,42.731889,-2.865583,0, ,0.0,0.0,0.0,0.0,0,0,0,0,0,0,0,0
TF,VT,42.801944,-2.804083,0, ,0.0,0.0,0.0,0.0,0,0,0,0,0,0,0,0
TF,VFD,42.880639,-2.724361,0, ,0.0,0.0,0.0,0.0,0,0,0,0,0,0,0,0
TF,VTA,42.928083,-2.679611,0, ,0.0,0.0,0.0,0.0,0,0,0,0,0,0,0,0

STAR,NEA1L,04,2
IF,NEA,42.027611,-4.109139, ,0.0,0.0,2,10000,0,0,0,0,0,0
TF,D054J,42.125542,-3.928006,0, ,0.0,0.0,0.0,0.0,0,0,0,0,0,0,0,0
TF,LOPNA,42.638639,-2.960722,0, ,0.0,0.0,0.0,0.0,0,0,0,0,0,0,0,0
TF,VRA,42.731889,-2.865583,0, ,0.0,0.0,0.0,0.0,0,0,0,0,0,0,0,0
TF,VT,42.801944,-2.804083,0, ,0.0,0.0,0.0,0.0,0,0,0,0,0,0,0,0

STAR,NEA1M,22,2
IF,NEA,42.027611,-4.109139, ,0.0,0.0,2,10000,0,0,0,0,0,0
TF,D054J,42.125542,-3.928006,0, ,0.0,0.0,0.0,0.0,0,0,0,0,0,0,0,0
TF,LOPNA,42.638639,-2.960722,0, ,0.0,0.0,0.0,0.0,0,0,0,0,0,0,0,0
TF,VRA,42.731889,-2.865583,0, ,0.0,0.0,0.0,0.0,0,0,0,0,0,0,0,0
TF,VT,42.801944,-2.804083,0, ,0.0,0.0,0.0,0.0,0,0,0,0,0,0,0,0
TF,VFD,42.880639,-2.724361,0, ,0.0,0.0,0.0,0.0,0,0,0,0,0,0,0,0
TF,VTA,42.928083,-2.679611,0, ,0.0,0.0,0.0,0.0,0,0,0,0,0,0,0,0

STAR,NEA1N,04,2
IF,NEA,42.027611,-4.109139, ,0.0,0.0,2,10000,0,0,0,0,0,0
TF,D054J,42.125542,-3.928006,0, ,0.0,0.0,0.0,0.0,0,0,0,0,0,0,0,0
TF,LOPNA,42.638639,-2.960722,0, ,0.0,0.0,0.0,0.0,0,0,0,0,0,0,0,0
TF,VRA,42.731889,-2.865583,0, ,0.0,0.0,0.0,0.0,0,0,0,0,0,0,0,0

STAR,NEA3E,04,2
IF,NEA,42.027611,-4.109139, ,0.0,0.0,2,10000,0,0,0,0,0,0
TF,D054J,42.125542,-3.928006,0, ,0.0,0.0,0.0,0.0,0,0,0,0,0,0,0,0
TF,LOPNA,42.638639,-2.960722,0, ,0.0,0.0,0.0,0.0,0,0,0,0,0,0,0,0

STAR,NEA4F,22,2
IF,NEA,42.027611,-4.109139, ,0.0,0.0,2,10000,0,0,0,0,0,0
TF,D054J,42.125542,-3.928006,0, ,0.0,0.0,0.0,0.0,0,0,0,0,0,0,0,0
TF,LOPNA,42.638639,-2.960722,0, ,0.0,0.0,0.0,0.0,0,0,0,0,0,0,0,0
TF,VRA,42.731889,-2.865583,0, ,0.0,0.0,0.0,0.0,0,0,0,0,0,0,0,0
TF,VT,42.801944,-2.804083,0, ,0.0,0.0,0.0,0.0,0,0,0,0,0,0,0,0
TF,VFD,42.880639,-2.724361,0, ,0.0,0.0,0.0,0.0,0,0,0,0,0,0,0,0
TF,VTA,42.928083,-2.679611,0, ,0.0,0.0,0.0,0.0,0,0,0,0,0,0,0,0

STAR,PPN1K,04,2
IF,PPN,42.733750,-1.702000, ,0.0,0.0,0,0,0,0,0,0,0,0
TF,PITUL,42.700889,-2.193444,0, ,0.0,0.0,0.0,0.0,0,0,0,0,0,0,0,0
TF,ARBIN,42.679583,-2.613750,0, ,0.0,0.0,0.0,0.0,0,0,0,0,0,0,0,0
TF,LOPNA,42.638639,-2.960722,0, ,0.0,0.0,0.0,0.0,0,0,0,0,0,0,0,0
TF,VRA,42.731889,-2.865583,2, ,0.0,0.0,0.0,0.0,0,0,0,0,0,0,0,0
TF,VT,42.801944,-2.804083,0, ,0.0,0.0,0.0,0.0,0,0,0,0,0,0,0,0

STAR,PPN1N,04,2
IF,PPN,42.733750,-1.702000, ,0.0,0.0,0,0,0,0,0,0,0,0
TF,PITUL,42.700889,-2.193444,0, ,0.0,0.0,0.0,0.0,0,0,0,0,0,0,0,0
TF,ARBIN,42.679583,-2.613750,0, ,0.0,0.0,0.0,0.0,0,0,0,0,0,0,0,0
TF,VRA,42.731889,-2.865583,0, ,0.0,0.0,0.0,0.0,0,0,0,0,0,0,0,0
TF,VT,42.801944,-2.804083,2, ,0.0,0.0,0.0,0.0,0,0,0,0,0,0,0,0

STAR,PPN2M,22,2
IF,PPN,42.733750,-1.702000, ,0.0,0.0,0,0,0,0,0,0,0,0
TF,PITUL,42.700889,-2.193444,0, ,0.0,0.0,0.0,0.0,0,0,0,0,0,0,0,0
TF,ARBIN,42.679583,-2.613750,0, ,0.0,0.0,0.0,0.0,0,0,0,0,0,0,0,0
TF,VRA,42.731889,-2.865583,0, ,0.0,0.0,0.0,0.0,0,0,0,0,0,0,0,0
TF,VT,42.801944,-2.804083,2, ,0.0,0.0,0.0,0.0,0,0,0,0,0,0,0,0
TF,VFD,42.880639,-2.724361,0, ,0.0,0.0,0.0,0.0,0,0,0,0,0,0,0,0

APPTR,D04,04,ARBIN
IF,ARBIN,42.679583,-2.613750, ,0.0,0.0,2,6000,0,0,0,0,1,0
CI,0, ,0.0,221.0,0,0,0,0,0,0,0,0
AF,D208N,42.674453,-2.872847,2,VFD,208.0,14.0,165.0,0,0,0,0,0,0,0,0
AF,CD04,42.691611,-2.910361,2,VFD,216.0,14.0,208.0,2,5500,0,0,0,0,1,0

APPTR,D04,04,LOPNA
IF,LOPNA,42.638639,-2.960722, ,0.0,0.0,2,6000,0,0,0,0,1,0
CF,CD04,42.691611,-2.910361,0,VFD,216.0,14.0,36.0,3.9,2,5500,0,0,0,0,1,0

FINAL,D04,04,D,4
IF,CD04,42.691611,-2.910361,VFD,216.0,14.0,2,5500,0,0,0,0,0,0
CF,FD04,42.788694,-2.815000,0,VFD,216.0,6.8,36.0,7.2,2,4000,0,0,0,0,2,0
CF,51VOR,42.811803,-2.792183,0,VFD,216.0,5.1,36.0,1.7,2,3380,0,0,0,0,0,0
CF,MD04,42.860361,-2.744361,0,VFD,216.0,1.5,36.0,3.6,1,1963,0,0,0,0,3,0
CF,VFD,42.880639,-2.724361,0,VFD,0.0,0.0,36.0,1.5,0,0,0,0,0,0,0,1
VI,2, ,0.0,132.0,0,0,0,1,185,0,0,0
CF,D102J,42.845756,-2.502736,0,VFD,102.0,10.0,102.0,6.0,0,0,0,0,0,0,0,1
CF,ARBIN,42.679583,-2.613750,2,VFD,157.9,13.0,221.0,10.0,1,6000,0,1,185,0,0,0
HM,ARBIN,42.679583,-2.613750,2, ,0.0,0.0,221.0,05,2,6000,0,0,0,0,0,0,0

APPTR,D22,22,VFD1
IF,VFD,42.880639,-2.724361, ,0.0,0.0,2,6000,0,0,0,0,1,0
CF,FD22,42.974972,-2.630972,0,VFD,36.0,7.0,36.0,7.0,2,5500,0,0,0,0,0,0
FC,FD22,42.974972,-2.630972,0,VFD,0.0,0.0,81.0,4.4,0,0,0,0,0,0,0,1
CF,D036N,43.069250,-2.537278,1,VFD,36.0,14.0,261.0,2.0,2,5500,0,0,0,0,1,0
CF,CD22,43.034283,-2.572069,0,VFD,36.0,11.4,216.0,2.6,2,4800,0,0,0,0,0,0

APPTR,D22,22,VFD2
IF,VFD,42.880639,-2.724361, ,0.0,0.0,2,6000,0,0,0,0,1,0
CF,D036K,43.028894,-2.577425,0,VFD,36.0,11.0,36.0,11.0,2,5500,0,0,0,0,0,0
FC,D036K,43.028894,-2.577425,0,VFD,0.0,0.0,81.0,3.0,0,0,0,0,0,0,0,1
CF,D036N,43.069250,-2.537278,1,VFD,36.0,14.0,261.0,1.0,2,5500,0,0,0,0,1,0
CF,CD22,43.034283,-2.572069,0,VFD,36.0,11.4,216.0,2.6,2,4800,0,0,0,0,0,0

FINAL,D22,22,D,3
IF,CD22,43.034283,-2.572069,VFD,36.0,11.4,2,4800,0,0,0,0,0,0
CF,FD22,42.974972,-2.630972,0,VFD,36.0,7.0,216.0,4.4,2,3900,0,0,0,0,2,0
CF,MD22,42.900806,-2.704389,0,VFD,36.1,1.5,216.0,5.5,1,1899,0,0,0,0,3,0
CF,VFD,42.880639,-2.724361,0,VFD,0.0,0.0,216.0,1.5,0,0,0,0,0,0,0,0
FA,VFD,42.880639,-2.724361,0,VFD,0.0,0.0,216.0,2,4500,0,0,0,0,0,0
DF,VFD,42.880639,-2.724361,2, ,0.0,0.0,1,6000,0,0,0,0,0,0
HM,VFD,42.880639,-2.724361,1, ,0.0,0.0,36.0,04.3,2,6000,0,1,210,0,0,0,0

APPTR,I04-Y,04,ARBIN
IF,ARBIN,42.679583,-2.613750, ,0.0,0.0,2,6000,0,0,0,0,1,0
CF,VRA,42.731889,-2.865583,0,VRA,0.0,0.0,286.0,11.6,2,5500,0,0,0,0,0,0
CF,D251E,42.702931,-2.976400,0,VRA,250.5,5.2,216.0,4.0,0,0,0,1,210,0,0,1
CF,D216P,42.696500,-2.907472,1,VRA,221.1,2.8,36.0,1.0,2,5500,0,0,0,0,1,0
CF,CF04,42.750661,-2.854428,0,VTO,216.0,10.9,36.0,4.0,2,4200,0,0,0,0,0,0

FINAL,I04-Y,04,I,3
IF,CF04,42.750661,-2.854428,VTO,216.0,10.9,2,4200,0,0,0,0,0,0
CF,FI04,42.766361,-2.839028,0,VTO,216.0,9.7,36.0,1.2,1,4200,0,0,0,0,2,0
CF,RW04,42.870094,-2.737033,0,VTO,215.9,2.1,36.0,7.7,1,1702,0,0,0,0,3,0
CF,VTA,42.928083,-2.679611,0,VRA,34.8,14.4,36.0,4.3,0,0,0,0,0,0,0,1
VI,2, ,0.0,153.0,0,0,0,1,200,0,0,0
CF,D123I,42.845456,-2.506972,0,VRA,66.6,17.3,123.0,5.0,0,0,0,0,0,0,0,1
CF,ARBIN,42.679583,-2.613750,2,VRA,105.6,11.6,221.0,10.0,1,6000,0,1,200,0,0,0
HM,ARBIN,42.679583,-2.613750,2, ,0.0,0.0,221.0,05,2,6000,0,0,0,0,0,0,0

APPTR,I04-Z,04,LOPNA
IF,LOPNA,42.638639,-2.960722, ,0.0,0.0,2,6000,0,0,0,0,1,0
CF,D216O,42.696639,-2.907333,0,VRA,221.2,2.8,37.0,4.2,2,5000,0,0,0,0,1,0
CF,CF04,42.750661,-2.854428,0,VTO,216.0,10.9,36.0,4.0,2,4200,0,0,0,0,0,0

FINAL,I04-Z,04,I,3
IF,CF04,42.750661,-2.854428,VTO,216.0,10.9,2,4200,0,0,0,0,0,0
CF,FI04,42.766361,-2.839028,0,VTO,216.0,9.7,36.0,1.2,1,4200,0,0,0,0,2,0
CF,RW04,42.870094,-2.737033,0,VTO,215.9,2.1,36.0,7.7,1,1702,0,0,0,0,3,0
CF,VTA,42.928083,-2.679611,0,VRA,34.8,14.4,36.0,4.3,0,0,0,0,0,0,0,1
VI,2, ,0.0,153.0,0,0,0,1,200,0,0,0
CF,D123I,42.845456,-2.506972,0,VRA,66.6,17.3,123.0,5.0,0,0,0,0,0,0,0,1
CF,ARBIN,42.679583,-2.613750,2,VRA,105.6,11.6,221.0,10.0,1,6000,0,1,200,0,0,0
HM,ARBIN,42.679583,-2.613750,2, ,0.0,0.0,221.0,05,2,6000,0,0,0,0,0,0,0

APPTR,L04-Y,04,ARBIN
IF,ARBIN,42.679583,-2.613750, ,0.0,0.0,2,6000,0,0,0,0,1,0
CF,VRA,42.731889,-2.865583,0,VRA,0.0,0.0,286.0,11.6,2,5500,0,0,0,0,0,0
CF,D251E,42.702931,-2.976400,0,VRA,250.5,5.2,216.0,4.0,0,0,0,1,210,0,0,1
CF,D216P,42.696500,-2.907472,1,VRA,221.1,2.8,36.0,1.0,2,5500,0,0,0,0,1,0
CF,CF04,42.750661,-2.854428,0,VTO,216.0,10.9,36.0,4.0,2,4200,0,0,0,0,0,0

FINAL,L04-Y,04,D,4
IF,CF04,42.750661,-2.854428,VTO,216.0,10.9,2,4200,0,0,0,0,0,0
CF,FF04,42.764222,-2.841139,0,VTO,216.0,9.9,36.0,1.0,2,4200,0,0,0,0,2,0
CF,47LOC,42.806583,-2.799508,0,VTO,215.9,6.8,36.0,3.1,2,3230,0,0,0,0,0,0
CF,ML04,42.856611,-2.750333,0,VTO,216.0,3.1,36.0,3.7,1,2027,0,0,0,0,3,0
CF,VTA,42.928083,-2.679611,0,VRA,34.8,14.4,36.0,5.3,0,0,0,0,0,0,0,1
VI,2, ,0.0,153.0,0,0,0,1,200,0,0,0
CF,D123I,42.845456,-2.506972,0,VRA,66.6,17.3,123.0,5.0,0,0,0,0,0,0,0,1
CF,ARBIN,42.679583,-2.613750,2,VRA,105.6,11.6,221.0,10.0,1,6000,0,1,200,0,0,0
HM,ARBIN,42.679583,-2.613750,2, ,0.0,0.0,221.0,05,2,6000,0,0,0,0,0,0,0

APPTR,L04-Z,04,LOPNA
IF,LOPNA,42.638639,-2.960722, ,0.0,0.0,2,6000,0,0,0,0,1,0
CF,D216O,42.696639,-2.907333,0,VRA,221.2,2.8,37.0,4.2,2,5000,0,0,0,0,1,0
CF,CF04,42.750661,-2.854428,0,VTO,216.0,10.9,36.0,4.0,2,4200,0,0,0,0,0,0

FINAL,L04-Z,04,D,4
IF,CF04,42.750661,-2.854428,VTO,216.0,10.9,2,4200,0,0,0,0,0,0
CF,FF04,42.764222,-2.841139,0,VTO,216.0,9.9,36.0,1.0,2,4200,0,0,0,0,2,0
CF,47LOC,42.806583,-2.799508,0,VTO,215.9,6.8,36.0,3.1,2,3230,0,0,0,0,0,0
CF,ML04,42.856611,-2.750333,0,VTO,216.0,3.1,36.0,3.7,1,2027,0,0,0,0,3,0
CF,VTA,42.928083,-2.679611,0,VRA,34.8,14.4,36.0,5.3,0,0,0,0,0,0,0,1
VI,2, ,0.0,153.0,0,0,0,1,200,0,0,0
CF,D123I,42.845456,-2.506972,0,VRA,66.6,17.3,123.0,5.0,0,0,0,0,0,0,0,1
CF,ARBIN,42.679583,-2.613750,2,VRA,105.6,11.6,221.0,10.0,1,6000,0,1,200,0,0,0
HM,ARBIN,42.679583,-2.613750,2, ,0.0,0.0,221.0,05,2,6000,0,0,0,0,0,0,0

APPTR,Q22,22,VTA1
IF,VTA,42.928083,-2.679611, ,0.0,0.0,2,6000,0,0,0,0,1,0
CF,FQ22,42.977306,-2.630889,0,VRA,35.1,18.0,36.0,3.7,2,5500,0,0,0,0,0,0
FC,FQ22,42.977306,-2.630889,0,VRA,0.0,0.0,81.0,4.4,0,0,0,0,0,0,0,1
CF,D036J,43.058167,-2.550639,1,VRA,35.3,24.0,261.0,2.0,2,5500,0,0,0,0,1,0
CF,CQ22,43.033914,-2.574758,0,VRA,35.2,22.2,216.0,1.8,2,5000,0,0,0,0,0,0

APPTR,Q22,22,VTA2
IF,VTA,42.928083,-2.679611, ,0.0,0.0,2,6000,0,0,0,0,1,0
CF,CQ22,43.033914,-2.574758,0,VRA,35.2,22.2,36.0,7.9,2,5500,0,0,0,0,0,0
FC,CQ22,43.033914,-2.574758,0,VRA,0.0,0.0,81.0,3.0,0,0,0,0,0,0,0,1
CF,D036J,43.058167,-2.550639,1,VRA,35.3,24.0,261.0,1.0,2,5500,0,0,0,0,1,0
CF,CQ22,43.033914,-2.574758,0,VRA,35.2,22.2,216.0,1.8,2,5000,0,0,0,0,0,0

FINAL,Q22,22,N,3
IF,CQ22,43.033914,-2.574758,VTA,0.0,0.0,2,5000,0,0,0,0,0,0
CF,FQ22,42.977306,-2.630889,0,VTA,0.0,0.0,216.0,4.2,2,3900,0,0,0,0,2,0
CF,MQ22,42.916611,-2.690944,0,VRA,0.0,13.5,216.0,4.5,1,2304,0,0,0,0,3,0
CF,VT,42.801944,-2.804083,0,VRA,32.9,5.0,216.0,8.5,0,0,0,0,0,0,0,0
CF,VRA,42.731889,-2.865583,0,VRA,0.0,0.0,213.0,5.0,2,4300,0,0,0,0,0,1
DF,VTA,42.928083,-2.679611,2, ,0.0,0.0,1,6000,0,1,230,0,0,0
HM,VTA,42.928083,-2.679611,1, ,0.0,0.0,36.0,04.3,2,6000,0,1,210,0,0,0,0

