SID,ALEP2B,30L,2
DF,ZRZ,41.730528,-1.193333,0, ,0.0,0.0,2,2000,0,0,0,0,0,0
TF,ALEPO,42.343667,-1.963333,0, ,0.0,0.0,0.0,0.0,2,10000,0,0,0,0,0,0

SID,ALEP2B,30R,2
DF,ZRZ,41.730528,-1.193333,0, ,0.0,0.0,2,2000,0,0,0,0,0,0
TF,ALEPO,42.343667,-1.963333,0, ,0.0,0.0,0.0,0.0,2,10000,0,0,0,0,0,0

SID,CMA2E,30L,2
DF,ZRZ,41.730528,-1.193333,0, ,0.0,0.0,2,2000,0,0,0,0,0,1
TF,FESTA,41.442111,-1.104444,1, ,0.0,0.0,0.0,0.0,2,4000,0,0,0,0,0,0
TF,CMA,40.867306,-1.298056,0, ,0.0,0.0,0.0,0.0,2,10000,0,0,0,0,0,0

SID,CMA2E,30R,2
DF,ZRZ,41.730528,-1.193333,0, ,0.0,0.0,2,2000,0,0,0,0,0,1
TF,FESTA,41.442111,-1.104444,1, ,0.0,0.0,0.0,0.0,2,4000,0,0,0,0,0,0
TF,CMA,40.867306,-1.298056,0, ,0.0,0.0,0.0,0.0,2,10000,0,0,0,0,0,0

SID,CMA3D,12L,2
CA,0,120.0,2,1270,0,0,0,0,0,0
CF,BUROV,41.597167,-0.874667,0,ZAR,117.3,7.9,118.0,8.0,2,2000,0,0,0,0,0,0
TF,FESTA,41.442111,-1.104444,2, ,0.0,0.0,0.0,0.0,2,4000,0,0,0,0,0,0
TF,CMA,40.867306,-1.298056,0, ,0.0,0.0,0.0,0.0,2,10000,0,0,0,0,0,0

SID,CMA3D,12R,2
CA,0,120.0,2,1270,0,0,0,0,0,0
CF,BUROV,41.597167,-0.874667,0,ZAR,117.3,7.9,118.0,8.0,2,2000,0,0,0,0,0,0
TF,FESTA,41.442111,-1.104444,2, ,0.0,0.0,0.0,0.0,2,4000,0,0,0,0,0,0
TF,CMA,40.867306,-1.298056,0, ,0.0,0.0,0.0,0.0,2,10000,0,0,0,0,0,0

SID,GRAU1M,30L,2
DF,ZRZ,41.730528,-1.193333,0, ,0.0,0.0,2,2000,0,0,0,0,0,0
VA,0,300.0,2,4000,0,0,0,0,0,0
VI,2, ,0.0,40.0,0,0,0,0,0,0,0,0
CF,EMBEX,41.953306,-1.219417,0,PPN,156.2,51.5,355.0,6.0,0,0,0,0,0,0,0,0
TF,TON,41.927889,-0.513833,2, ,0.0,0.0,0.0,0.0,0,0,0,0,0,0,0,0
TF,GRAUS,41.979028,0.376444,0, ,0.0,0.0,0.0,0.0,0,0,0,0,0,0,0,0

SID,GRAU1M,30R,2
DF,ZRZ,41.730528,-1.193333,0, ,0.0,0.0,2,2000,0,0,0,0,0,0
VA,0,300.0,2,4000,0,0,0,0,0,0
VI,2, ,0.0,40.0,0,0,0,0,0,0,0,0
CF,EMBEX,41.953306,-1.219417,0,PPN,156.2,51.5,355.0,6.0,0,0,0,0,0,0,0,0
TF,TON,41.927889,-0.513833,2, ,0.0,0.0,0.0,0.0,0,0,0,0,0,0,0,0
TF,GRAUS,41.979028,0.376444,0, ,0.0,0.0,0.0,0.0,0,0,0,0,0,0,0,0

SID,GRAU2H,12L,2
CA,0,120.0,2,1270,0,0,0,0,0,0
CF,BUROV,41.597167,-0.874667,0,ZAR,117.3,7.9,118.0,8.0,2,2000,0,0,0,0,0,0
TF,TON,41.927889,-0.513833,0, ,0.0,0.0,0.0,0.0,0,0,0,0,0,0,0,0
TF,GRAUS,41.979028,0.376444,0, ,0.0,0.0,0.0,0.0,0,0,0,0,0,0,0,0

SID,GRAU2H,12R,2
CA,0,120.0,2,1270,0,0,0,0,0,0
CF,BUROV,41.597167,-0.874667,0,ZAR,117.3,7.9,118.0,8.0,2,2000,0,0,0,0,0,0
TF,TON,41.927889,-0.513833,0, ,0.0,0.0,0.0,0.0,0,0,0,0,0,0,0,0
TF,GRAUS,41.979028,0.376444,0, ,0.0,0.0,0.0,0.0,0,0,0,0,0,0,0,0

SID,MARI1D,30L,2
DF,ZRZ,41.730528,-1.193333,0, ,0.0,0.0,2,2000,0,0,0,0,0,0
VA,0,300.0,2,4000,0,0,0,0,0,0
VI,2, ,0.0,40.0,0,0,0,0,0,0,0,0
CF,EMBEX,41.953306,-1.219417,0,PPN,156.2,51.5,355.0,6.0,0,0,0,0,0,0,0,0
TF,TON,41.927889,-0.513833,2, ,0.0,0.0,0.0,0.0,0,0,0,0,0,0,0,0
TF,MARIO,42.210194,-0.244111,0, ,0.0,0.0,0.0,0.0,0,0,0,0,0,0,0,0

SID,MARI1D,30R,2
DF,ZRZ,41.730528,-1.193333,0, ,0.0,0.0,2,2000,0,0,0,0,0,0
VA,0,300.0,2,4000,0,0,0,0,0,0
VI,2, ,0.0,40.0,0,0,0,0,0,0,0,0
CF,EMBEX,41.953306,-1.219417,0,PPN,156.2,51.5,355.0,6.0,0,0,0,0,0,0,0,0
TF,TON,41.927889,-0.513833,2, ,0.0,0.0,0.0,0.0,0,0,0,0,0,0,0,0
TF,MARIO,42.210194,-0.244111,0, ,0.0,0.0,0.0,0.0,0,0,0,0,0,0,0,0

SID,MARI2C,12L,2
CA,0,120.0,2,1270,0,0,0,0,0,0
CF,BUROV,41.597167,-0.874667,0,ZAR,117.3,7.9,118.0,8.0,2,2000,0,0,0,0,0,0
TF,TON,41.927889,-0.513833,0, ,0.0,0.0,0.0,0.0,0,0,0,0,0,0,0,0
TF,MARIO,42.210194,-0.244111,0, ,0.0,0.0,0.0,0.0,0,0,0,0,0,0,0,0

SID,MARI2C,12R,2
CA,0,120.0,2,1270,0,0,0,0,0,0
CF,BUROV,41.597167,-0.874667,0,ZAR,117.3,7.9,118.0,8.0,2,2000,0,0,0,0,0,0
TF,TON,41.927889,-0.513833,0, ,0.0,0.0,0.0,0.0,0,0,0,0,0,0,0,0
TF,MARIO,42.210194,-0.244111,0, ,0.0,0.0,0.0,0.0,0,0,0,0,0,0,0,0

SID,PONE1B,30L,2
DF,ZRZ,41.730528,-1.193333,0, ,0.0,0.0,2,2000,0,0,0,0,0,1
CI,0, ,0.0,300.0,0,0,0,0,0,0,0,0
AF,D234J,41.560100,-1.210783,1,ZAR,234.2,10.0,300.0,2,6500,0,0,0,0,0,0
TF,PONEN,41.353889,-0.547611,0, ,0.0,0.0,0.0,0.0,0,0,0,0,0,0,0,0

SID,PONE1B,30R,2
DF,ZRZ,41.730528,-1.193333,0, ,0.0,0.0,2,2000,0,0,0,0,0,1
CI,0, ,0.0,300.0,0,0,0,0,0,0,0,0
AF,D234J,41.560100,-1.210783,1,ZAR,234.2,10.0,300.0,2,6500,0,0,0,0,0,0
TF,PONEN,41.353889,-0.547611,0, ,0.0,0.0,0.0,0.0,0,0,0,0,0,0,0,0

SID,PONE2A,12L,2
CA,0,120.0,2,1270,0,0,0,0,0,0
CF,BUROV,41.597167,-0.874667,0,ZAR,117.3,7.9,118.0,8.0,2,2000,0,0,0,0,0,0
TF,PONEN,41.353889,-0.547611,0, ,0.0,0.0,0.0,0.0,0,0,0,0,0,0,0,0

SID,PONE2A,12R,2
CA,0,120.0,2,1270,0,0,0,0,0,0
CF,BUROV,41.597167,-0.874667,0,ZAR,117.3,7.9,118.0,8.0,2,2000,0,0,0,0,0,0
TF,PONEN,41.353889,-0.547611,0, ,0.0,0.0,0.0,0.0,0,0,0,0,0,0,0,0

SID,SURC1D,30L,2
DF,ZRZ,41.730528,-1.193333,0, ,0.0,0.0,2,2000,0,0,0,0,0,0
VA,0,300.0,2,4000,0,0,0,0,0,0
VI,2, ,0.0,40.0,0,0,0,0,0,0,0,0
CF,EMBEX,41.953306,-1.219417,0,PPN,156.2,51.5,355.0,6.0,0,0,0,0,0,0,0,0
CI,0, ,0.0,59.0,0,0,0,0,0,0,0,0
CF,SURCO,42.328806,-0.567944,0,ZAR,27.1,45.3,28.0,8.0,0,0,0,0,0,0,0,0

SID,SURC1D,30R,2
DF,ZRZ,41.730528,-1.193333,0, ,0.0,0.0,2,2000,0,0,0,0,0,0
VA,0,300.0,2,4000,0,0,0,0,0,0
VI,2, ,0.0,40.0,0,0,0,0,0,0,0,0
CF,EMBEX,41.953306,-1.219417,0,PPN,156.2,51.5,355.0,6.0,0,0,0,0,0,0,0,0
CI,0, ,0.0,59.0,0,0,0,0,0,0,0,0
CF,SURCO,42.328806,-0.567944,0,ZAR,27.1,45.3,28.0,8.0,0,0,0,0,0,0,0,0

SID,SURC1E,30L,2
DF,ZRZ,41.730528,-1.193333,0, ,0.0,0.0,2,2000,0,0,0,0,0,0
VA,0,300.0,2,4000,0,0,0,0,0,0
VI,2, ,0.0,40.0,0,0,0,0,0,0,0,0
CF,EMBEX,41.953306,-1.219417,0,PPN,156.2,51.5,355.0,6.0,0,0,0,0,0,0,0,0
TF,TON,41.927889,-0.513833,2, ,0.0,0.0,0.0,0.0,0,0,0,0,0,0,0,0
TF,SURCO,42.328806,-0.567944,0, ,0.0,0.0,0.0,0.0,0,0,0,0,0,0,0,0

SID,SURC1E,30R,2
DF,ZRZ,41.730528,-1.193333,0, ,0.0,0.0,2,2000,0,0,0,0,0,0
VA,0,300.0,2,4000,0,0,0,0,0,0
VI,2, ,0.0,40.0,0,0,0,0,0,0,0,0
CF,EMBEX,41.953306,-1.219417,0,PPN,156.2,51.5,355.0,6.0,0,0,0,0,0,0,0,0
TF,TON,41.927889,-0.513833,2, ,0.0,0.0,0.0,0.0,0,0,0,0,0,0,0,0
TF,SURCO,42.328806,-0.567944,0, ,0.0,0.0,0.0,0.0,0,0,0,0,0,0,0,0

SID,SURC2C,12L,2
CA,0,120.0,2,1270,0,0,0,0,0,0
CF,BUROV,41.597167,-0.874667,0,ZAR,117.3,7.9,118.0,8.0,2,2000,0,0,0,0,0,0
TF,TON,41.927889,-0.513833,0, ,0.0,0.0,0.0,0.0,0,0,0,0,0,0,0,0
TF,SURCO,42.328806,-0.567944,0, ,0.0,0.0,0.0,0.0,0,0,0,0,0,0,0,0

SID,SURC2C,12R,2
CA,0,120.0,2,1270,0,0,0,0,0,0
CF,BUROV,41.597167,-0.874667,0,ZAR,117.3,7.9,118.0,8.0,2,2000,0,0,0,0,0,0
TF,TON,41.927889,-0.513833,0, ,0.0,0.0,0.0,0.0,0,0,0,0,0,0,0,0
TF,SURCO,42.328806,-0.567944,0, ,0.0,0.0,0.0,0.0,0,0,0,0,0,0,0,0

STAR,AL2DCA,12R,2
IF,ALEPO,42.343667,-1.963333, ,0.0,0.0,2,10000,0,0,0,0,0,0
TF,D315V,41.916333,-1.378711,0, ,0.0,0.0,0.0,0.0,0,0,0,0,0,0,0,0
CI,0, ,0.0,135.0,0,0,0,0,0,0,0,0
AF,D306T,41.853344,-1.391722,1,ZAR,306.0,20.0,315.0,0,0,0,0,0,0,0,0
CF,FD12R,41.730500,-1.202278,0,ZAR,299.5,8.9,120.0,11.0,2,2900,0,0,0,0,0,0

STAR,AL2DCB,30R,2
IF,ALEPO,42.343667,-1.963333, ,0.0,0.0,2,10000,0,0,0,0,0,0
TF,D315V,41.916333,-1.378711,0, ,0.0,0.0,0.0,0.0,0,0,0,0,0,0,0,0
CI,0, ,0.0,135.0,0,0,0,0,0,0,0,0
AF,D114T,41.521525,-0.625458,2,ZAR,114.0,20.0,315.0,0,0,0,0,0,0,0,0
CF,BUROV,41.597167,-0.874667,0,ZAR,117.3,7.9,300.0,10.0,2,3100,0,0,0,0,0,0

STAR,ALEP2A,12L,2
IF,ALEPO,42.343667,-1.963333, ,0.0,0.0,2,10000,0,0,0,0,0,0
TF,ZRZ,41.730528,-1.193333,0, ,0.0,0.0,0.0,0.0,0,0,0,0,0,0,0,0

STAR,ALEP2A,12R,2
IF,ALEPO,42.343667,-1.963333, ,0.0,0.0,2,10000,0,0,0,0,0,0
TF,ZRZ,41.730528,-1.193333,0, ,0.0,0.0,0.0,0.0,0,0,0,0,0,0,0,0

STAR,BRIT1A,ALL,2
IF,BRITO,41.079083,-2.078028, ,0.0,0.0,0,0,0,0,0,0,0,0
TF,ZAR35,41.313767,-1.657758,0, ,0.0,0.0,0.0,0.0,0,0,0,0,0,0,0,0
TF,ZAR,41.657889,-1.030861,0, ,0.0,0.0,0.0,0.0,0,0,0,0,0,0,0,0

STAR,CM2DCA,12R,2
IF,CMA,40.867306,-1.298056, ,0.0,0.0,2,10000,0,0,0,0,0,0
TF,CMA29,41.333358,-1.132339,0, ,0.0,0.0,0.0,0.0,0,0,0,0,0,0,0,0
CI,0, ,0.0,15.0,0,0,0,0,0,0,0,0
AF,D293R,41.774572,-1.399942,2,ZAR,293.0,18.0,195.0,0,0,0,0,0,0,0,0
CF,FD12R,41.730500,-1.202278,0,ZAR,299.5,8.9,120.0,9.0,2,2900,0,0,0,0,0,0

STAR,CM2DCB,30R,2
IF,CMA,40.867306,-1.298056, ,0.0,0.0,2,10000,0,0,0,0,0,0
TF,CMA29,41.333358,-1.132339,0, ,0.0,0.0,0.0,0.0,0,0,0,0,0,0,0,0
CI,0, ,0.0,15.0,0,0,0,0,0,0,0,0
AF,D127R,41.476808,-0.712114,1,ZAR,127.0,18.0,195.0,0,0,0,0,0,0,0,0
CF,BUROV,41.597167,-0.874667,0,ZAR,117.3,7.9,300.0,10.0,2,3100,0,0,0,0,0,0

STAR,CMA2A,12L,2
IF,CMA,40.867306,-1.298056, ,0.0,0.0,2,10000,0,0,0,0,0,0
TF,FESTA,41.442111,-1.104444,0, ,0.0,0.0,0.0,0.0,0,0,0,0,0,0,0,0
TF,ZRZ,41.730528,-1.193333,0, ,0.0,0.0,0.0,0.0,0,0,0,0,0,0,0,0

STAR,CMA2A,12R,2
IF,CMA,40.867306,-1.298056, ,0.0,0.0,2,10000,0,0,0,0,0,0
TF,FESTA,41.442111,-1.104444,0, ,0.0,0.0,0.0,0.0,0,0,0,0,0,0,0,0
TF,ZRZ,41.730528,-1.193333,0, ,0.0,0.0,0.0,0.0,0,0,0,0,0,0,0,0

STAR,CMA2B,ALL,2
IF,CMA,40.867306,-1.298056, ,0.0,0.0,2,10000,0,0,0,0,0,0
TF,FESTA,41.442111,-1.104444,0, ,0.0,0.0,0.0,0.0,0,0,0,0,0,0,0,0
TF,ZAR,41.657889,-1.030861,0, ,0.0,0.0,0.0,0.0,0,0,0,0,0,0,0,0

STAR,CMA3C,30L,2
IF,CMA,40.867306,-1.298056, ,0.0,0.0,2,10000,0,0,0,0,0,0
TF,FESTA,41.442111,-1.104444,0, ,0.0,0.0,0.0,0.0,0,0,0,0,0,0,0,0
TF,BUROV,41.597167,-0.874667,0, ,0.0,0.0,0.0,0.0,0,0,0,0,0,0,0,0

STAR,CMA3C,30R,2
IF,CMA,40.867306,-1.298056, ,0.0,0.0,2,10000,0,0,0,0,0,0
TF,FESTA,41.442111,-1.104444,0, ,0.0,0.0,0.0,0.0,0,0,0,0,0,0,0,0
TF,BUROV,41.597167,-0.874667,0, ,0.0,0.0,0.0,0.0,0,0,0,0,0,0,0,0

STAR,GR1DCA,12R,2
IF,GRAUS,41.979028,0.376444, ,0.0,0.0,0,0,0,0,0,0,0,0
TF,D073V,41.766839,-0.563367,0, ,0.0,0.0,0.0,0.0,0,0,0,0,0,0,0,0
CI,0, ,0.0,253.0,0,0,0,0,0,0,0,0
AF,D306T,41.853344,-1.391722,1,ZAR,306.0,20.0,73.0,0,0,0,0,0,0,0,0
CF,FD12R,41.730500,-1.202278,0,ZAR,299.5,8.9,120.0,11.0,2,2900,0,0,0,0,0,0

STAR,GR1DCB,30R,2
IF,GRAUS,41.979028,0.376444, ,0.0,0.0,0,0,0,0,0,0,0,0
TF,D073V,41.766839,-0.563367,0, ,0.0,0.0,0.0,0.0,0,0,0,0,0,0,0,0
CI,0, ,0.0,253.0,0,0,0,0,0,0,0,0
AF,D114T,41.521525,-0.625458,2,ZAR,114.0,20.0,73.0,0,0,0,0,0,0,0,0
CF,BUROV,41.597167,-0.874667,0,ZAR,117.3,7.9,300.0,10.0,2,3100,0,0,0,0,0,0

STAR,GRAU1U,12L,2
IF,GRAUS,41.979028,0.376444, ,0.0,0.0,0,0,0,0,0,0,0,0
TF,TON,41.927889,-0.513833,0, ,0.0,0.0,0.0,0.0,0,0,0,0,0,0,0,0
TF,EMBEX,41.953306,-1.219417,0, ,0.0,0.0,0.0,0.0,0,0,0,0,0,0,0,0
TF,ZRZ,41.730528,-1.193333,0, ,0.0,0.0,0.0,0.0,0,0,0,0,0,0,0,0

STAR,GRAU1U,12R,2
IF,GRAUS,41.979028,0.376444, ,0.0,0.0,0,0,0,0,0,0,0,0
TF,TON,41.927889,-0.513833,0, ,0.0,0.0,0.0,0.0,0,0,0,0,0,0,0,0
TF,EMBEX,41.953306,-1.219417,0, ,0.0,0.0,0.0,0.0,0,0,0,0,0,0,0,0
TF,ZRZ,41.730528,-1.193333,0, ,0.0,0.0,0.0,0.0,0,0,0,0,0,0,0,0

STAR,GRAU2V,30L,2
IF,GRAUS,41.979028,0.376444, ,0.0,0.0,0,0,0,0,0,0,0,0
TF,TON,41.927889,-0.513833,0, ,0.0,0.0,0.0,0.0,0,0,0,0,0,0,0,0
TF,BUROV,41.597167,-0.874667,0, ,0.0,0.0,0.0,0.0,0,0,0,0,0,0,0,0

STAR,GRAU2V,30R,2
IF,GRAUS,41.979028,0.376444, ,0.0,0.0,0,0,0,0,0,0,0,0
TF,TON,41.927889,-0.513833,0, ,0.0,0.0,0.0,0.0,0,0,0,0,0,0,0,0
TF,BUROV,41.597167,-0.874667,0, ,0.0,0.0,0.0,0.0,0,0,0,0,0,0,0,0

STAR,LO1DCA,12R,2
IF,LOBAR,41.748000,0.318444, ,0.0,0.0,0,0,0,0,0,0,0,0
TF,D085V,41.692278,-0.543714,0, ,0.0,0.0,0.0,0.0,0,0,0,0,0,0,0,0
CI,0, ,0.0,265.0,0,0,0,0,0,0,0,0
AF,D306T,41.853344,-1.391722,1,ZAR,306.0,20.0,85.0,0,0,0,0,0,0,0,0
CF,FD12R,41.730500,-1.202278,0,ZAR,299.5,8.9,120.0,11.0,2,2900,0,0,0,0,0,0

STAR,LO1DCB,30R,2
IF,LOBAR,41.748000,0.318444, ,0.0,0.0,0,0,0,0,0,0,0,0
TF,D085V,41.692278,-0.543714,0, ,0.0,0.0,0.0,0.0,0,0,0,0,0,0,0,0
CI,0, ,0.0,265.0,0,0,0,0,0,0,0,0
AF,D114T,41.521525,-0.625458,2,ZAR,114.0,20.0,85.0,0,0,0,0,0,0,0,0
CF,BUROV,41.597167,-0.874667,0,ZAR,117.3,7.9,300.0,10.0,2,3100,0,0,0,0,0,0

STAR,LOBA1U,12L,2
IF,LOBAR,41.748000,0.318444, ,0.0,0.0,0,0,0,0,0,0,0,0
TF,TON,41.927889,-0.513833,0, ,0.0,0.0,0.0,0.0,0,0,0,0,0,0,0,0
TF,EMBEX,41.953306,-1.219417,0, ,0.0,0.0,0.0,0.0,0,0,0,0,0,0,0,0
TF,ZRZ,41.730528,-1.193333,0, ,0.0,0.0,0.0,0.0,0,0,0,0,0,0,0,0

STAR,LOBA1U,12R,2
IF,LOBAR,41.748000,0.318444, ,0.0,0.0,0,0,0,0,0,0,0,0
TF,TON,41.927889,-0.513833,0, ,0.0,0.0,0.0,0.0,0,0,0,0,0,0,0,0
TF,EMBEX,41.953306,-1.219417,0, ,0.0,0.0,0.0,0.0,0,0,0,0,0,0,0,0
TF,ZRZ,41.730528,-1.193333,0, ,0.0,0.0,0.0,0.0,0,0,0,0,0,0,0,0

STAR,LOBA2V,30L,2
IF,LOBAR,41.748000,0.318444, ,0.0,0.0,0,0,0,0,0,0,0,0
TF,TON,41.927889,-0.513833,0, ,0.0,0.0,0.0,0.0,0,0,0,0,0,0,0,0
TF,BUROV,41.597167,-0.874667,0, ,0.0,0.0,0.0,0.0,0,0,0,0,0,0,0,0

STAR,LOBA2V,30R,2
IF,LOBAR,41.748000,0.318444, ,0.0,0.0,0,0,0,0,0,0,0,0
TF,TON,41.927889,-0.513833,0, ,0.0,0.0,0.0,0.0,0,0,0,0,0,0,0,0
TF,BUROV,41.597167,-0.874667,0, ,0.0,0.0,0.0,0.0,0,0,0,0,0,0,0,0

STAR,MARI1A,12L,2
IF,MARIO,42.210194,-0.244111, ,0.0,0.0,0,0,0,0,0,0,0,0
TF,TON,41.927889,-0.513833,0, ,0.0,0.0,0.0,0.0,0,0,0,0,0,0,0,0
TF,EMBEX,41.953306,-1.219417,0, ,0.0,0.0,0.0,0.0,0,0,0,0,0,0,0,0
TF,ZRZ,41.730528,-1.193333,0, ,0.0,0.0,0.0,0.0,0,0,0,0,0,0,0,0

STAR,MARI1A,12R,2
IF,MARIO,42.210194,-0.244111, ,0.0,0.0,0,0,0,0,0,0,0,0
TF,TON,41.927889,-0.513833,0, ,0.0,0.0,0.0,0.0,0,0,0,0,0,0,0,0
TF,EMBEX,41.953306,-1.219417,0, ,0.0,0.0,0.0,0.0,0,0,0,0,0,0,0,0
TF,ZRZ,41.730528,-1.193333,0, ,0.0,0.0,0.0,0.0,0,0,0,0,0,0,0,0

STAR,MARI2B,30L,2
IF,MARIO,42.210194,-0.244111, ,0.0,0.0,0,0,0,0,0,0,0,0
TF,TON,41.927889,-0.513833,0, ,0.0,0.0,0.0,0.0,0,0,0,0,0,0,0,0
TF,BUROV,41.597167,-0.874667,0, ,0.0,0.0,0.0,0.0,0,0,0,0,0,0,0,0

STAR,MARI2B,30R,2
IF,MARIO,42.210194,-0.244111, ,0.0,0.0,0,0,0,0,0,0,0,0
TF,TON,41.927889,-0.513833,0, ,0.0,0.0,0.0,0.0,0,0,0,0,0,0,0,0
TF,BUROV,41.597167,-0.874667,0, ,0.0,0.0,0.0,0.0,0,0,0,0,0,0,0,0

STAR,ML1DCA,12R,2
IF,MLA,41.129583,0.165250, ,0.0,0.0,0,0,0,0,0,0,0,0
TF,TANGO,41.343889,-0.698333,0, ,0.0,0.0,0.0,0.0,0,0,0,0,0,0,0,0
TF,MLA47,41.373833,-0.821583,0, ,0.0,0.0,0.0,0.0,0,0,0,0,0,0,0,0
CI,0, ,0.0,289.0,0,0,0,0,0,0,0,0
AF,D293R,41.774572,-1.399942,2,ZAR,293.0,18.0,156.0,0,0,0,0,0,0,0,0
CF,FD12R,41.730500,-1.202278,0,ZAR,299.5,8.9,120.0,9.0,2,2900,0,0,0,0,0,0

STAR,ML2DCB,30R,2
IF,MLA,41.129583,0.165250, ,0.0,0.0,0,0,0,0,0,0,0,0
TF,MLA41,41.475878,-0.606764,0, ,0.0,0.0,0.0,0.0,0,0,0,0,0,0,0,0
TF,BUROV,41.597167,-0.874667,0, ,0.0,0.0,0.0,0.0,2,3100,0,0,0,0,0,0

STAR,MLA1K,12L,2
IF,MLA,41.129583,0.165250, ,0.0,0.0,0,0,0,0,0,0,0,0
TF,TANGO,41.343889,-0.698333,0, ,0.0,0.0,0.0,0.0,0,0,0,0,0,0,0,0
TF,FESTA,41.442111,-1.104444,0, ,0.0,0.0,0.0,0.0,0,0,0,0,0,0,0,0
TF,ZRZ,41.730528,-1.193333,0, ,0.0,0.0,0.0,0.0,0,0,0,0,0,0,0,0

STAR,MLA1K,12R,2
IF,MLA,41.129583,0.165250, ,0.0,0.0,0,0,0,0,0,0,0,0
TF,TANGO,41.343889,-0.698333,0, ,0.0,0.0,0.0,0.0,0,0,0,0,0,0,0,0
TF,FESTA,41.442111,-1.104444,0, ,0.0,0.0,0.0,0.0,0,0,0,0,0,0,0,0
TF,ZRZ,41.730528,-1.193333,0, ,0.0,0.0,0.0,0.0,0,0,0,0,0,0,0,0

STAR,MLA1L,ALL,2
IF,MLA,41.129583,0.165250, ,0.0,0.0,0,0,0,0,0,0,0,0
TF,TANGO,41.343889,-0.698333,0, ,0.0,0.0,0.0,0.0,0,0,0,0,0,0,0,0
TF,FESTA,41.442111,-1.104444,0, ,0.0,0.0,0.0,0.0,0,0,0,0,0,0,0,0
TF,ZAR,41.657889,-1.030861,0, ,0.0,0.0,0.0,0.0,0,0,0,0,0,0,0,0

STAR,MLA2M,30L,2
IF,MLA,41.129583,0.165250, ,0.0,0.0,0,0,0,0,0,0,0,0
TF,TANGO,41.343889,-0.698333,0, ,0.0,0.0,0.0,0.0,0,0,0,0,0,0,0,0
TF,BUROV,41.597167,-0.874667,0, ,0.0,0.0,0.0,0.0,0,0,0,0,0,0,0,0

STAR,MLA2M,30R,2
IF,MLA,41.129583,0.165250, ,0.0,0.0,0,0,0,0,0,0,0,0
TF,TANGO,41.343889,-0.698333,0, ,0.0,0.0,0.0,0.0,0,0,0,0,0,0,0,0
TF,BUROV,41.597167,-0.874667,0, ,0.0,0.0,0.0,0.0,0,0,0,0,0,0,0,0

STAR,MLA2Q,30L,2
IF,MLA,41.129583,0.165250, ,0.0,0.0,0,0,0,0,0,0,0,0
TF,BUROV,41.597167,-0.874667,0, ,0.0,0.0,0.0,0.0,0,0,0,0,0,0,0,0

STAR,MLA2Q,30R,2
IF,MLA,41.129583,0.165250, ,0.0,0.0,0,0,0,0,0,0,0,0
TF,BUROV,41.597167,-0.874667,0, ,0.0,0.0,0.0,0.0,0,0,0,0,0,0,0,0

STAR,RO1DCA,12R,2
IF,RONKO,42.495972,-1.030667, ,0.0,0.0,0,0,0,0,0,0,0,0
TF,D360V,42.024722,-1.030775,0, ,0.0,0.0,0.0,0.0,0,0,0,0,0,0,0,0
CI,0, ,0.0,180.0,0,0,0,0,0,0,0,0
AF,D306T,41.853344,-1.391722,1,ZAR,306.0,20.0,360.0,0,0,0,0,0,0,0,0
CF,FD12R,41.730500,-1.202278,0,ZAR,299.5,8.9,120.0,11.0,2,2900,0,0,0,0,0,0

STAR,RO1DCB,30R,2
IF,RONKO,42.495972,-1.030667, ,0.0,0.0,0,0,0,0,0,0,0,0
TF,D360V,42.024722,-1.030775,0, ,0.0,0.0,0.0,0.0,0,0,0,0,0,0,0,0
CI,0, ,0.0,180.0,0,0,0,0,0,0,0,0
AF,D114T,41.521525,-0.625458,2,ZAR,114.0,20.0,360.0,0,0,0,0,0,0,0,0
CF,BUROV,41.597167,-0.874667,0,ZAR,117.3,7.9,300.0,10.0,2,3100,0,0,0,0,0,0

STAR,SU1DCA,12R,2
IF,SURCO,42.328806,-0.567944, ,0.0,0.0,0,0,0,0,0,0,0,0
TF,D028V,41.984289,-0.807033,0, ,0.0,0.0,0.0,0.0,0,0,0,0,0,0,0,0
CI,0, ,0.0,208.0,0,0,0,0,0,0,0,0
AF,D306T,41.853344,-1.391722,1,ZAR,306.0,20.0,28.0,0,0,0,0,0,0,0,0
CF,FD12R,41.730500,-1.202278,0,ZAR,299.5,8.9,120.0,11.0,2,2900,0,0,0,0,0,0

STAR,SU1DCB,30R,2
IF,SURCO,42.328806,-0.567944, ,0.0,0.0,0,0,0,0,0,0,0,0
TF,D028V,41.984289,-0.807033,0, ,0.0,0.0,0.0,0.0,0,0,0,0,0,0,0,0
CI,0, ,0.0,208.0,0,0,0,0,0,0,0,0
AF,D114T,41.521525,-0.625458,2,ZAR,114.0,20.0,28.0,0,0,0,0,0,0,0,0
CF,BUROV,41.597167,-0.874667,0,ZAR,117.3,7.9,300.0,10.0,2,3100,0,0,0,0,0,0

STAR,SURC1A,12L,2
IF,SURCO,42.328806,-0.567944, ,0.0,0.0,0,0,0,0,0,0,0,0
TF,TON,41.927889,-0.513833,0, ,0.0,0.0,0.0,0.0,0,0,0,0,0,0,0,0
TF,EMBEX,41.953306,-1.219417,0, ,0.0,0.0,0.0,0.0,0,0,0,0,0,0,0,0
TF,ZRZ,41.730528,-1.193333,0, ,0.0,0.0,0.0,0.0,0,0,0,0,0,0,0,0

STAR,SURC1A,12R,2
IF,SURCO,42.328806,-0.567944, ,0.0,0.0,0,0,0,0,0,0,0,0
TF,TON,41.927889,-0.513833,0, ,0.0,0.0,0.0,0.0,0,0,0,0,0,0,0,0
TF,EMBEX,41.953306,-1.219417,0, ,0.0,0.0,0.0,0.0,0,0,0,0,0,0,0,0
TF,ZRZ,41.730528,-1.193333,0, ,0.0,0.0,0.0,0.0,0,0,0,0,0,0,0,0

STAR,SURC2B,30L,2
IF,SURCO,42.328806,-0.567944, ,0.0,0.0,0,0,0,0,0,0,0,0
TF,TON,41.927889,-0.513833,0, ,0.0,0.0,0.0,0.0,0,0,0,0,0,0,0,0
TF,BUROV,41.597167,-0.874667,0, ,0.0,0.0,0.0,0.0,0,0,0,0,0,0,0,0

STAR,SURC2B,30R,2
IF,SURCO,42.328806,-0.567944, ,0.0,0.0,0,0,0,0,0,0,0,0
TF,TON,41.927889,-0.513833,0, ,0.0,0.0,0.0,0.0,0,0,0,0,0,0,0,0
TF,BUROV,41.597167,-0.874667,0, ,0.0,0.0,0.0,0.0,0,0,0,0,0,0,0,0

STAR,XE1DCA,12R,2
IF,XEMIL,41.033333,-2.108611, ,0.0,0.0,0,0,0,0,0,0,0,0
TF,D233T,41.455694,-1.383961,0, ,0.0,0.0,0.0,0.0,0,0,0,0,0,0,0,0
CI,0, ,0.0,53.0,0,0,0,0,0,0,0,0
AF,D293R,41.774572,-1.399942,2,ZAR,293.0,18.0,233.0,0,0,0,0,0,0,0,0
CF,FD12R,41.730500,-1.202278,0,ZAR,299.5,8.9,120.0,9.0,2,2900,0,0,0,0,0,0

STAR,XE1DCB,30R,2
IF,XEMIL,41.033333,-2.108611, ,0.0,0.0,0,0,0,0,0,0,0,0
TF,D233T,41.455694,-1.383961,0, ,0.0,0.0,0.0,0.0,0,0,0,0,0,0,0,0
CI,0, ,0.0,53.0,0,0,0,0,0,0,0,0
AF,D127R,41.476808,-0.712114,1,ZAR,127.0,18.0,233.0,0,0,0,0,0,0,0,0
CF,BUROV,41.597167,-0.874667,0,ZAR,117.3,7.9,300.0,10.0,2,3100,0,0,0,0,0,0

APPTR,D12R,12R,ZAR
FD,ZAR,41.657889,-1.030861,0,ZAR,0.0,18.0,312.0,18.0,2,5000,0,1,220,0,1,0
CF,CD12R,41.807389,-1.378167,1,ZAR,300.0,18.0,120.0,1.0,2,5000,0,1,220,0,1,0

FINAL,D12R,12R,D,3
IF,CD12R,41.807389,-1.378167,ZAR,300.0,18.0,2,5000,0,0,0,0,0,0
CF,FD12R,41.730500,-1.202278,0,ZAR,299.5,8.9,120.0,9.1,2,2900,0,0,0,0,2,0
CF,MD12R,41.688667,-1.102056,0,ZAR,300.0,3.7,120.0,5.2,1,1220,0,0,0,0,3,0
CF,ZAR,41.657889,-1.030861,0,ZAR,0.0,0.0,120.0,3.7,0,0,0,0,0,0,0,0
FD,ZAR,41.657889,-1.030861,0,ZAR,0.0,13.0,120.0,13.0,0,0,0,0,0,0,0,0
DF,ZAR,41.657889,-1.030861,2, ,0.0,0.0,1,5000,0,0,0,0,0,0
HM,ZAR,41.657889,-1.030861,1, ,0.0,0.0,319.0,04.3,2,5000,0,0,0,0,0,0,0

APPTR,D30L,30L,FD30L
IF,FD30L,41.615000,-0.860556, ,0.0,0.0,2,5000,0,0,0,0,1,0
HF,FD30L,41.615000,-0.860556,1, ,0.0,0.0,289.0,05.9,2,4400,0,0,0,0,0,0,0

APPTR,D30L,30L,GODPI
IF,GODPI,41.725278,-0.595556, ,0.0,0.0,2,5000,0,0,0,0,1,0
CI,0, ,0.0,259.0,0,0,0,0,0,0,0,0
AF,D101Q,41.603200,-0.660122,2,ZAR,101.0,17.0,79.0,0,0,0,0,0,0,0,1
CF,CD30L,41.588056,-0.755000,0,ZAR,108.6,13.1,289.0,3.9,2,4400,0,0,0,0,1,0

APPTR,D30L,30L,YARZU
IF,YARZU,41.344722,-0.914722, ,0.0,0.0,2,7000,0,0,0,0,1,0
CI,0, ,0.0,345.0,0,0,0,0,0,0,0,0
AF,D118Q,41.524319,-0.697797,1,ZAR,118.0,17.0,165.0,0,0,0,0,0,0,0,1
CF,CD30L,41.588056,-0.755000,0,ZAR,108.6,13.1,289.0,3.9,2,4400,0,0,0,0,1,0

FINAL,D30L,30L,D,4
IF,CD30L,41.588056,-0.755000,ZAR,108.6,13.1,2,4400,0,0,0,0,0,0
CF,FD30L,41.615000,-0.860556,0,ZAR,108.5,8.1,289.0,5.0,2,3700,0,0,0,0,2,0
CF,18VOR,41.648386,-0.992897,0,ZAR,108.4,1.8,289.0,6.3,2,1500,0,0,0,0,0,0
CF,ZAR,41.657889,-1.030861,0,ZAR,0.0,0.0,289.0,1.8,1,1121,0,0,0,0,3,0
FD,ZAR,41.657889,-1.030861,0,ZAR,0.0,8.5,289.0,8.5,2,4000,0,0,0,0,0,0
VI,1, ,0.0,125.0,0,0,0,0,0,0,0,0
CF,YARZU,41.344722,-0.914722,0,ZAR,164.4,19.5,165.0,12.0,1,7000,0,0,0,0,0,0
HM,YARZU,41.344722,-0.914722,2, ,0.0,0.0,345.0,04.3,2,7000,0,0,0,0,0,0,0

APPTR,D30R,30R,ZAR
FD,ZAR,41.657889,-1.030861,0,ZAR,0.0,16.0,121.0,16.0,2,5000,0,1,220,0,1,0
CF,CD30R,41.574917,-0.692833,1,ZAR,108.0,16.0,288.0,1.0,2,5000,0,1,220,0,1,0

FINAL,D30R,30R,D,3
IF,CD30R,41.574917,-0.692833,ZAR,108.0,16.0,2,5000,0,0,0,0,0,0
CF,FD30R,41.626889,-0.903944,0,ZAR,108.0,6.0,288.0,10.0,2,2400,0,0,0,0,2,0
CF,MD30R,41.647556,-0.988472,0,ZAR,108.0,2.0,288.0,4.0,1,1202,0,0,0,0,3,0
CF,ZAR,41.657889,-1.030861,0,ZAR,0.0,0.0,288.0,2.0,0,0,0,0,0,0,0,0
FD,ZAR,41.657889,-1.030861,0,ZAR,0.0,12.0,288.0,12.0,0,0,0,0,0,0,0,0
DF,ZAR,41.657889,-1.030861,1, ,0.0,0.0,1,5000,0,0,0,0,0,0
HM,ZAR,41.657889,-1.030861,2, ,0.0,0.0,108.0,04.3,2,5000,0,0,0,0,0,0,0

APPTR,I30R,30R,GODPI
IF,GODPI,41.725278,-0.595556, ,0.0,0.0,2,5000,0,0,0,0,1,0
CI,0, ,0.0,259.0,0,0,0,0,0,0,0,0
AF,D120R,41.521067,-0.700158,2,ZAR,118.8,17.0,79.0,2,4000,0,0,0,0,0,0
CF,CI30R,41.543278,-0.750833,0,IZZA,120.0,15.3,300.0,2.6,2,4000,0,0,0,0,1,0

APPTR,I30R,30R,KEKAG
IF,KEKAG,41.501861,-0.650917, ,0.0,0.0,2,5000,0,0,0,0,1,0
CF,CI30R,41.543278,-0.750833,0,IZZA,120.0,15.3,299.0,5.1,2,4000,0,0,0,0,1,0

APPTR,I30R,30R,YARZU
IF,YARZU,41.344722,-0.914722, ,0.0,0.0,2,7000,0,0,0,0,1,0
CI,0, ,0.0,345.0,0,0,0,0,0,0,0,0
AF,D120R,41.521067,-0.700158,1,ZAR,118.8,17.0,165.0,2,4000,0,0,0,0,0,0
CF,CI30R,41.543278,-0.750833,0,IZZA,120.0,15.3,300.0,2.6,2,4000,0,0,0,0,1,0

FINAL,I30R,30R,I,3
IF,CI30R,41.543278,-0.750833,IZZA,120.0,15.3,2,4000,0,0,0,0,0,0
CF,FI30R,41.598528,-0.877444,0,IZZA,120.0,8.7,300.0,6.6,1,3100,0,0,0,0,2,0
CF,RW30R,41.655394,-1.008317,0,IZZA,120.0,1.9,300.0,6.8,1,888,0,0,0,0,3,0
FD,RW30R,41.655394,-1.008317,0,ZAR,98.4,4.0,300.0,4.0,0,0,0,0,0,0,0,0
VI,1, ,0.0,125.0,0,0,0,0,0,0,0,0
CF,YARZU,41.344722,-0.914722,0,ZAR,164.4,19.5,165.0,15.0,1,7000,0,0,0,0,0,0
HM,YARZU,41.344722,-0.914722,2, ,0.0,0.0,345.0,04.3,2,7000,0,0,0,0,0,0,0

APPTR,L30R,30R,BUROV
IF,BUROV,41.597167,-0.874667, ,0.0,0.0,2,5000,0,0,0,0,1,0
HF,BUROV,41.597167,-0.874667,1, ,0.0,0.0,298.0,04.3,2,4000,0,0,0,0,0,0,0

FINAL,L30R,30R,D,4
IF,CL30R,41.572069,-0.816792,IZZA,120.0,11.9,2,4000,0,0,0,0,0,0
CF,BUROV,41.597167,-0.874667,0,IZZA,120.1,8.9,300.0,3.0,2,3100,0,0,0,0,2,0
CF,35LOC,41.626133,-0.940919,0,IZZA,120.0,5.4,300.0,3.5,2,2000,0,0,0,0,0,0
CF,ML30R,41.650389,-0.996778,0,IZZA,120.0,2.5,300.0,2.9,1,1085,0,0,0,0,3,0
FD,ML30R,41.650389,-0.996778,0,ZAR,106.3,12.0,300.0,12.0,0,0,0,0,0,0,0,0
DF,ZAR,41.657889,-1.030861,1, ,0.0,0.0,1,5000,0,0,0,0,0,0
CF,BUROV,41.597167,-0.874667,0,ZAR,117.3,7.9,118.0,7.9,1,5000,0,0,0,0,0,1
HM,BUROV,41.597167,-0.874667,1, ,0.0,0.0,298.0,04.3,2,5000,0,0,0,0,0,0,0

APPTR,N12RY,12R,ZRZ
IF,ZRZ,41.730528,-1.193333, ,0.0,0.0,2,5000,0,0,0,0,1,0
CF,CN12R,41.763200,-1.263214,0,ZAR,301.3,12.2,302.0,3.7,2,3600,0,0,0,0,0,0
FC,CN12R,41.763200,-1.263214,0,ZAR,0.0,0.0,347.0,3.7,0,0,0,0,0,0,0,1
CF,CN12R,41.763200,-1.263214,1,ZAR,301.3,12.2,122.0,3.7,2,3600,0,1,220,0,0,0

FINAL,N12RY,12R,N,3
IF,CN12R,41.763200,-1.263214,ZRZ,0.0,0.0,2,3600,0,0,0,0,0,0
CF,ZRZ,41.730528,-1.193333,0,ZRZ,0.0,0.0,122.0,3.7,2,2700,0,0,0,0,2,0
CF,RW12R,41.680206,-1.082372,0,ZRZ,0.0,0.0,122.0,5.8,1,884,0,0,0,0,3,0
FA,RW12R,41.680206,-1.082372,0,ZAR,0.0,0.0,122.0,2,4000,0,0,0,0,0,0
DF,ZRZ,41.730528,-1.193333,2, ,0.0,0.0,1,5000,0,1,220,0,0,0
HM,ZRZ,41.730528,-1.193333,1, ,0.0,0.0,317.0,04.3,2,5000,0,0,0,0,0,0,0

APPTR,N12RZ,12R,ZAR
IF,ZAR,41.657889,-1.030861, ,0.0,0.0,2,5000,0,0,0,0,1,0
CF,ZRZ,41.730528,-1.193333,0,ZAR,300.9,8.5,302.0,8.5,2,5000,0,0,0,0,0,0
CF,CN12R,41.763200,-1.263214,0,ZAR,301.3,12.2,302.0,3.7,2,3600,0,0,0,0,0,0
FC,CN12R,41.763200,-1.263214,0,ZAR,0.0,0.0,347.0,3.7,0,0,0,0,0,0,0,1
CF,CN12R,41.763200,-1.263214,1,ZAR,301.3,12.2,122.0,3.7,2,3600,0,1,220,0,0,0

APPTR,N12RZ,12R,ZRZ
IF,ZRZ,41.730528,-1.193333, ,0.0,0.0,2,5000,0,0,0,0,1,0
CF,CN12R,41.763200,-1.263214,0,ZAR,301.3,12.2,302.0,3.7,2,3600,0,0,0,0,0,0
FC,CN12R,41.763200,-1.263214,0,ZAR,0.0,0.0,347.0,3.7,0,0,0,0,0,0,0,1
CF,CN12R,41.763200,-1.263214,1,ZAR,301.3,12.2,122.0,3.7,2,3600,0,1,220,0,0,0

FINAL,N12RZ,12R,N,3
IF,CN12R,41.763200,-1.263214,ZRZ,0.0,0.0,2,3600,0,0,0,0,0,0
CF,ZRZ,41.730528,-1.193333,0,ZRZ,0.0,0.0,122.0,3.7,2,2700,0,0,0,0,2,0
CF,RW12R,41.680206,-1.082372,0,ZRZ,0.0,0.0,122.0,5.8,1,884,0,0,0,0,3,0
CF,ZAR,41.657889,-1.030861,0,ZAR,0.0,0.0,122.0,2.7,0,0,0,0,0,0,0,0
FA,ZAR,41.657889,-1.030861,0,ZAR,0.0,0.0,122.0,2,4000,0,0,0,0,0,0
DF,ZRZ,41.730528,-1.193333,2, ,0.0,0.0,1,5000,0,1,220,0,0,0
HM,ZRZ,41.730528,-1.193333,1, ,0.0,0.0,317.0,04.3,2,5000,0,0,0,0,0,0,0

APPTR,T12R,12R,AMBEL
IF,AMBEL,41.770833,-1.714444, ,0.0,0.0,2,20000,0,0,0,0,1,0
TF,D281T,41.739914,-1.495583,0, ,0.0,0.0,0.0,0.0,2,9000,0,0,0,0,0,0
TF,D291P,41.772239,-1.391219,0, ,0.0,0.0,0.0,0.0,2,5000,0,0,0,0,1,0
TF,CT12R,41.754475,-1.328758,0, ,0.0,0.0,0.0,0.0,1,4000,0,0,0,0,0,0

APPTR,T12R,12R,PPN
IF,PPN,42.733750,-1.702000, ,0.0,0.0,0,0,0,0,0,0,0,0
TF,AMBEL,41.770833,-1.714444,0, ,0.0,0.0,0.0,0.0,2,20000,0,0,0,0,1,0
TF,D281T,41.739914,-1.495583,0, ,0.0,0.0,0.0,0.0,2,9000,0,0,0,0,0,0
TF,D291P,41.772239,-1.391219,0, ,0.0,0.0,0.0,0.0,2,5000,0,0,0,0,1,0
TF,CT12R,41.754475,-1.328758,0, ,0.0,0.0,0.0,0.0,1,4000,0,0,0,0,0,0

APPTR,T12R,12R,TJZ
IF,TJZ,40.498889,-3.445500, ,0.0,0.0,0,0,0,0,0,0,0,0
TF,AMBEL,41.770833,-1.714444,0, ,0.0,0.0,0.0,0.0,2,20000,0,0,0,0,1,0
TF,D281T,41.739914,-1.495583,0, ,0.0,0.0,0.0,0.0,2,9000,0,0,0,0,0,0
TF,D291P,41.772239,-1.391219,0, ,0.0,0.0,0.0,0.0,2,5000,0,0,0,0,1,0
TF,CT12R,41.754475,-1.328758,0, ,0.0,0.0,0.0,0.0,1,4000,0,0,0,0,0,0

APPTR,T12R,12R,VLC
IF,VLC,39.485639,-0.483056, ,0.0,0.0,0,0,0,0,0,0,0,0
TF,AMBEL,41.770833,-1.714444,0, ,0.0,0.0,0.0,0.0,2,20000,0,0,0,0,1,0
TF,D281T,41.739914,-1.495583,2, ,0.0,0.0,0.0,0.0,2,9000,0,0,0,0,0,0
TF,D291P,41.772239,-1.391219,0, ,0.0,0.0,0.0,0.0,2,5000,0,0,0,0,1,0
TF,CT12R,41.754475,-1.328758,0, ,0.0,0.0,0.0,0.0,1,4000,0,0,0,0,0,0

APPTR,T12R,12R,YANKE
IF,YANKE,42.075278,-1.002500, ,0.0,0.0,2,6000,0,0,0,0,1,0
CI,0, ,0.0,186.0,0,0,0,0,0,0,0,0
AF,D291T,41.795869,-1.474553,1,ZZA,291.0,20.0,6.0,0,0,0,0,0,0,0,0
CF,CT12R,41.754475,-1.328758,0,ZZA,291.0,13.0,111.0,7.0,1,4000,0,0,0,0,1,0

FINAL,T12R,12R,D,3
IF,CT12R,41.754475,-1.328758,ZZA,291.0,13.0,1,4000,0,0,0,0,0,0
CF,FT12R,41.718889,-1.203611,0,ZZA,291.0,7.0,111.0,6.0,2,2800,0,0,0,0,2,0
CF,MT12R,41.687861,-1.095881,0,ZZA,291.0,1.8,111.0,5.2,1,1128,0,0,0,0,3,0
CF,D111C,41.659167,-0.996222,0,ZZA,111.0,3.0,111.0,4.8,3,2000,0,0,0,0,0,0
CF,D111K,41.611150,-0.830325,0,ZZA,111.0,11.0,111.0,8.0,3,4000,0,0,0,0,0,1
VI,0, ,0.0,39.0,0,0,0,0,0,0,0,0
CF,GODPI,41.725278,-0.595556,0,ZZA,81.9,21.0,82.0,7.0,1,5000,0,0,0,0,0,0
HM,GODPI,41.725278,-0.595556,2, ,0.0,0.0,262.0,05,2,5000,0,0,0,0,0,0,0

APPTR,T30R,30R,GODPI
IF,GODPI,41.725278,-0.595556, ,0.0,0.0,2,5000,0,0,0,0,1,0
CI,0, ,0.0,262.0,0,0,0,0,0,0,0,0
AF,D120T,41.509717,-0.674256,2,ZZA,120.0,20.0,82.0,0,0,0,0,0,0,0,0
CF,18NM,41.526667,-0.712778,0,ZZA,120.0,18.0,300.0,2.0,4,4000,3100,0,0,0,1,0
CF,CT30R,41.551686,-0.770131,0,ZZA,120.0,15.0,300.0,3.0,1,3100,0,0,0,0,0,0

APPTR,T30R,30R,LUCY
IF,LUCY,41.475833,-0.331389, ,0.0,0.0,2,17000,0,0,0,0,1,0
CF,D110Y,41.533347,-0.537147,0,ZZA,110.0,25.0,290.0,10.0,0,0,0,0,0,0,0,0
CF,D120T,41.509717,-0.674256,0,ZZA,120.0,20.0,254.0,6.3,4,4000,3100,0,0,0,1,0
CF,CT30R,41.551686,-0.770131,0,ZZA,120.0,15.0,300.0,5.0,1,3100,0,0,0,0,0,0

APPTR,T30R,30R,TJZ
IF,TJZ,40.498889,-3.445500, ,0.0,0.0,0,0,0,0,0,0,0,0
TF,LUCY,41.475833,-0.331389,0, ,0.0,0.0,0.0,0.0,2,17000,0,0,0,0,1,0
HF,LUCY,41.475833,-0.331389,2, ,0.0,0.0,290.0,08,2,17000,0,0,0,0,0,0,0
CF,D110Y,41.533347,-0.537147,0,ZZA,110.0,25.0,290.0,10.0,0,0,0,0,0,0,0,0
CF,D120T,41.509717,-0.674256,0,ZZA,120.0,20.0,254.0,6.3,4,4000,3100,0,0,0,1,0
CF,CT30R,41.551686,-0.770131,0,ZZA,120.0,15.0,300.0,5.0,1,3100,0,0,0,0,0,0

APPTR,T30R,30R,YARZU
IF,YARZU,41.344722,-0.914722, ,0.0,0.0,2,7000,0,0,0,0,1,0
CI,0, ,0.0,342.0,0,0,0,0,0,0,0,0
AF,D120T,41.509717,-0.674256,1,ZZA,120.0,20.0,162.0,0,0,0,0,0,0,0,0
CF,18NM,41.526667,-0.712778,0,ZZA,120.0,18.0,300.0,2.0,4,4000,3100,0,0,0,1,0
CF,CT30R,41.551686,-0.770131,0,ZZA,120.0,15.0,300.0,3.0,1,3100,0,0,0,0,0,0

FINAL,T30R,30R,D,4
IF,CT30R,41.551686,-0.770131,ZZA,120.0,15.0,1,3100,0,0,0,0,0,0
CF,BUROV,41.597167,-0.874667,0,ZZA,120.0,9.6,300.0,5.4,1,3100,0,0,0,0,2,0
CF,47TAC,41.637889,-0.968022,0,ZZA,120.0,4.7,300.0,4.9,2,1500,0,0,0,0,0,0
CF,MT30R,41.649578,-0.994961,0,ZZA,120.0,3.3,300.0,1.4,1,1112,0,0,0,0,3,0
CF,D300B,41.693778,-1.097033,0,ZZA,300.0,2.0,300.0,5.3,3,2000,0,0,0,0,0,0
CF,D300E,41.718756,-1.154869,0,ZZA,300.0,5.0,300.0,3.0,3,4000,0,0,0,0,0,1
CF,D162J,41.518500,-0.989936,1,ZZA,162.0,10.0,132.0,14.0,0,0,0,0,0,0,0,0
CF,YARZU,41.344722,-0.914722,0,ZZA,161.9,21.0,162.0,11.0,1,7000,0,0,0,0,0,0
HM,YARZU,41.344722,-0.914722,2, ,0.0,0.0,342.0,05,2,7000,0,0,0,0,0,0,0

