APPTR,N24,24,MK
HF,MK,50.996278,2.054500,2, ,0.0,0.0,240.0,04.3,2,2000,0,1,170,0,1,0,0

FINAL,N24,24,N,3
IF,FN24,51.013539,2.103894,MK,0.0,0.0,2,2000,0,0,0,0,2,0
CF,MK,50.996278,2.054500,0,MK,0.0,0.0,240.0,2.1,2,1310,0,0,0,0,0,0
CF,RW24,50.965436,1.964314,0,MK,0.0,0.0,241.0,3.9,1,61,0,0,0,0,3,0
FA,RW24,50.965436,1.964314,0,DVR,0.0,0.0,240.0,2,800,0,0,0,0,0,0
DF,MK,50.996278,2.054500,1, ,0.0,0.0,1,2000,0,1,170,0,0,0

APPTR,R24,24,NUMLO
IF,NUMLO,51.085472,2.145389, ,0.0,0.0,2,2000,0,1,170,0,1,0
TF,DIPKA,51.041722,2.183583,0, ,0.0,0.0,0.0,0.0,2,2000,0,1,170,0,1,0

APPTR,R24,24,SUDOD
IF,SUDOD,50.992056,2.253889, ,0.0,0.0,2,2000,0,1,170,0,1,0
TF,DIPKA,51.041722,2.183583,0, ,0.0,0.0,0.0,0.0,2,2000,0,1,170,0,1,0

APPTR,R24,24,TRACA
IF,TRACA,50.851667,1.968333, ,0.0,0.0,2,2000,0,1,170,0,1,0
TF,SUDOD,50.992056,2.253889,0, ,0.0,0.0,0.0,0.0,2,2000,0,1,170,0,0,0
TF,DIPKA,51.041722,2.183583,1, ,0.0,0.0,0.0,0.0,2,2000,0,1,170,0,1,0

FINAL,R24,24,R,3
IF,DIPKA,51.041722,2.183583, ,0.0,0.0,2,2000,0,1,170,0,1,0
TF,FAC24,51.014444,2.104944,0, ,0.0,0.0,240.0,3.4,1,2000,0,0,0,0,2,0
TF,RW24,50.965436,1.964314,0, ,0.0,0.0,240.0,6.1,1,61,0,0,0,0,3,1
TF,AC510,50.931556,1.867500,0, ,0.0,0.0,0.0,0.0,0,0,0,0,0,0,0,0
TF,TRACA,50.851667,1.968333,1, ,0.0,0.0,0.0,0.0,1,2000,0,1,170,0,0,0
HM,TRACA,50.851667,1.968333,1, ,0.0,0.0,98.0,04.3,2,2000,0,1,170,0,0,0,0

