SID,BANT2E,08,2
CA,0,84.0,2,1700,0,0,0,0,0,0
CF,XORBI,49.917778,2.451111,2,ABB,119.3,26.5,270.0,12.0,0,0,0,0,0,0,0,0
TF,BANTI,49.924167,1.626111,0, ,0.0,0.0,0.0,0.0,0,0,0,0,0,0,0,0

SID,BANT2W,26,2
CA,0,264.0,2,1700,0,0,0,0,0,0
CF,XORBI,49.917778,2.451111,0,ABB,119.3,26.5,242.0,7.0,0,0,0,0,0,0,0,0
TF,BANTI,49.924167,1.626111,0, ,0.0,0.0,0.0,0.0,0,0,0,0,0,0,0,0

SID,CMB2E,08,2
CA,0,84.0,2,1700,0,0,0,0,0,0
CF,SULEX,50.000000,2.925556,0,CMB,212.6,16.2,73.0,7.0,0,0,0,0,0,0,0,0
TF,CMB,50.228139,3.151500,0, ,0.0,0.0,0.0,0.0,0,0,0,0,0,0,0,0

SID,CMB2W,26,2
CA,0,264.0,2,1700,0,0,0,0,0,0
CF,PERON,49.912500,2.840000,1,CMB,212.5,22.5,84.0,8.0,0,0,0,0,0,0,0,0
TF,SULEX,50.000000,2.925556,0, ,0.0,0.0,0.0,0.0,0,0,0,0,0,0,0,0
TF,CMB,50.228139,3.151500,0, ,0.0,0.0,0.0,0.0,0,0,0,0,0,0,0,0

STAR,BANT2Q,ALL,2
IF,BANTI,49.924167,1.626111, ,0.0,0.0,0,0,0,0,0,0,0,0
TF,XORBI,49.917778,2.451111,0, ,0.0,0.0,0.0,0.0,0,0,0,0,0,0,0,0
TF,ABY,49.976250,2.809417,0, ,0.0,0.0,0.0,0.0,0,0,0,0,0,0,0,0

STAR,BANT2R,08,5
IF,BANTI,49.924167,1.626111, ,0.0,0.0,0,0,0,0,0,0,0,0
TF,AGLAX,49.956861,2.449778,0, ,0.0,0.0,0.0,0.0,2,2000,0,1,210,0,0,0

STAR,BANT2S,26,5
IF,BANTI,49.924167,1.626111, ,0.0,0.0,0,0,0,0,0,0,0,0
TF,AGLAX,49.956861,2.449778,0, ,0.0,0.0,0.0,0.0,0,0,0,0,0,0,0,0
TF,AQ512,50.046667,2.563833,0, ,0.0,0.0,0.0,0.0,0,0,0,0,0,0,0,0
TF,ROGEV,50.083167,3.007611,0, ,0.0,0.0,0.0,0.0,2,3000,0,1,200,0,0,0

STAR,CMB2Q,ALL,2
IF,CMB,50.228139,3.151500, ,0.0,0.0,0,0,0,0,0,0,0,0
TF,SULEX,50.000000,2.925556,0, ,0.0,0.0,0.0,0.0,0,0,0,0,0,0,0,0
TF,ABY,49.976250,2.809417,0, ,0.0,0.0,0.0,0.0,0,0,0,0,0,0,0,0

STAR,CMB2R,ALL,5
IF,CMB,50.228139,3.151500, ,0.0,0.0,0,0,0,0,0,0,0,0
TF,ROGEV,50.083167,3.007611,0, ,0.0,0.0,0.0,0.0,0,0,0,0,0,0,0,0
TF,SULEX,50.000000,2.925556,0, ,0.0,0.0,0.0,0.0,0,0,0,0,0,0,0,0
TF,ABY,49.976250,2.809417,0, ,0.0,0.0,0.0,0.0,2,2100,0,1,200,0,0,1

STAR,CMB2S,26,5
IF,CMB,50.228139,3.151500, ,0.0,0.0,0,0,0,0,0,0,0,0
TF,ROGEV,50.083167,3.007611,0, ,0.0,0.0,0.0,0.0,2,3000,0,1,200,0,0,0

APPTR,I26-Y,26,ABY1
FC,ABY,49.976250,2.809417,0,CMB,0.0,0.0,112.0,6.4,2,3000,0,1,210,0,1,1
CF,CI26Y,49.984083,2.959967,1,ABY,84.2,11.2,264.0,1.0,2,3000,0,0,0,0,0,0

APPTR,I26-Y,26,ABY2
FC,ABY,49.976250,2.809417,0,CMB,0.0,0.0,104.0,6.0,2,3000,0,0,0,0,1,1
CF,CI26Y,49.984083,2.959967,1,ABY,84.2,11.2,264.0,1.0,2,3000,0,0,0,0,0,0

FINAL,I26-Y,26,I,3
IF,CI26Y,49.984083,2.959967,ABY,84.2,11.2,2,3000,0,0,0,0,0,0
CF,FF26,49.981917,2.918667,0,ABY,84.3,9.6,264.0,1.6,1,3000,0,0,0,0,2,0
CF,RW26,49.970956,2.709256,0,ABY,84.2,1.5,264.0,8.1,1,398,0,0,0,0,3,0
CA,0,264.0,2,1300,0,0,0,0,0,0
DF,ABY,49.976250,2.809417,2, ,0.0,0.0,1,3000,0,1,200,0,0,0
HM,ABY,49.976250,2.809417,1, ,0.0,0.0,104.0,04.3,2,3000,0,1,210,0,0,0,0

APPTR,I26-Z,26,ABY
IF,ABY,49.976250,2.809417, ,0.0,0.0,2,3000,0,1,200,0,1,0
TF,AQ514,49.969750,2.688500,0, ,0.0,0.0,0.0,0.0,0,0,0,0,0,0,0,0
TF,AQ516,50.055778,2.672750,0, ,0.0,0.0,0.0,0.0,0,0,0,0,0,0,0,0
TF,ROGEV,50.083167,3.007611,0, ,0.0,0.0,0.0,0.0,2,3000,0,1,200,0,0,0
TF,OGLIB,49.987083,3.019861,2,ABY,0.0,0.0,0.0,0.0,2,3000,0,1,200,0,1,0

APPTR,I26-Z,26,ROGEV
IF,ROGEV,50.083167,3.007611, ,0.0,0.0,2,3000,0,1,200,0,1,0
TF,OGLIB,49.987083,3.019861,0,ABY,0.0,0.0,0.0,0.0,2,3000,0,1,200,0,1,0

FINAL,I26-Z,26,I,3
IF,OGLIB,49.987083,3.019861,ABY,84.3,13.5,2,3000,0,1,200,0,0,0
CF,FF26,49.981917,2.918667,0,ABY,84.3,9.6,264.0,3.9,1,3000,0,0,0,0,2,0
CF,RW26,49.970956,2.709256,0,ABY,84.2,1.5,264.0,8.1,1,398,0,0,0,0,3,0
TF,AQ510,49.963694,2.574472,0, ,0.0,0.0,0.0,0.0,0,0,0,1,185,0,0,0
TF,AQ512,50.046667,2.563833,0, ,0.0,0.0,0.0,0.0,0,0,0,1,200,0,0,0
TF,ROGEV,50.083167,3.007611,0, ,0.0,0.0,0.0,0.0,2,3000,0,1,200,0,0,0

APPTR,Q26,26,ABY1
FC,ABY,49.976250,2.809417,0,CMB,0.0,0.0,115.0,5.3,2,3000,0,1,210,0,1,1
CF,CQ26,49.982272,2.925425,1,CMB,210.7,17.2,264.0,1.0,2,3000,0,0,0,0,0,0

APPTR,Q26,26,ABY2
FC,ABY,49.976250,2.809417,0,CMB,0.0,0.0,102.0,5.3,2,3000,0,1,160,0,1,1
CF,CQ26,49.982272,2.925425,1,CMB,210.7,17.2,264.0,1.0,2,3000,0,0,0,0,0,0

APPTR,Q26,26,ABY3
FC,ABY,49.976250,2.809417,0,CMB,0.0,0.0,98.0,5.0,2,3000,0,1,120,0,1,1
CF,CQ26,49.982272,2.925425,1,CMB,210.7,17.2,264.0,1.0,2,3000,0,0,0,0,0,0

FINAL,Q26,26,N,3
IF,CQ26,49.982272,2.925425,ABY,0.0,0.0,2,3000,0,0,0,0,0,0
CF,ABY,49.976250,2.809417,0,ABY,0.0,0.0,264.0,4.5,2,1640,0,0,0,0,2,0
CF,RW26,49.970956,2.709256,0,ABY,0.0,0.2,264.0,3.9,1,398,0,0,0,0,3,0
FA,RW26,49.970956,2.709256,0,CMB,0.0,0.0,264.0,2,1300,0,0,0,0,0,0
DF,ABY,49.976250,2.809417,2, ,0.0,0.0,1,3000,0,1,200,0,0,0
HM,ABY,49.976250,2.809417,1, ,0.0,0.0,104.0,04.3,2,3000,0,1,210,0,0,0,0

APPTR,R08,08,ABY
IF,ABY,49.976250,2.809417, ,0.0,0.0,2,2100,0,0,0,0,1,0
TF,ADSUD,49.882194,2.459722,0, ,0.0,0.0,0.0,0.0,2,2000,0,1,210,0,0,0
TF,AGLAX,49.956861,2.449778,2, ,0.0,0.0,0.0,0.0,2,2000,0,1,210,0,1,0

APPTR,R08,08,ADNOR
IF,ADNOR,50.017250,2.406250, ,0.0,0.0,2,2000,0,1,210,0,1,0
TF,AGLAX,49.956861,2.449778,0, ,0.0,0.0,0.0,0.0,2,2000,0,1,210,0,1,0

APPTR,R08,08,ADSUD
IF,ADSUD,49.882194,2.459722, ,0.0,0.0,2,2000,0,1,210,0,1,0
TF,AGLAX,49.956861,2.449778,0, ,0.0,0.0,0.0,0.0,2,2000,0,1,210,0,1,0

FINAL,R08,08,R,3
IF,AGLAX,49.956861,2.449778, ,0.0,0.0,2,2000,0,1,210,0,1,0
TF,FAQ08,49.962306,2.548889,0, ,0.0,0.0,84.0,3.9,1,2000,0,0,0,0,2,0
TF,RW08,49.969325,2.678697,0, ,0.0,0.0,84.0,5.0,1,393,0,0,0,0,3,1
TF,ABY,49.976250,2.809417,0, ,0.0,0.0,0.0,0.0,2,2100,0,0,0,0,0,1
HM,ABY,49.976250,2.809417,1, ,0.0,0.0,264.0,04.3,2,2100,0,1,200,0,0,0,0

APPTR,R26,26,ABY
IF,ABY,49.976250,2.809417, ,0.0,0.0,2,3000,0,1,200,0,1,0
TF,AQ514,49.969750,2.688500,0, ,0.0,0.0,0.0,0.0,0,0,0,0,0,0,0,0
TF,AQ516,50.055778,2.672750,0, ,0.0,0.0,0.0,0.0,0,0,0,0,0,0,0,0
TF,ROGEV,50.083167,3.007611,0, ,0.0,0.0,0.0,0.0,2,3000,0,1,200,0,0,0
TF,OGLIB,49.987083,3.019861,2, ,0.0,0.0,0.0,0.0,2,3000,0,1,200,0,1,0

APPTR,R26,26,ROGEV
IF,ROGEV,50.083167,3.007611, ,0.0,0.0,2,3000,0,1,200,0,1,0
TF,OGLIB,49.987083,3.019861,0, ,0.0,0.0,0.0,0.0,2,3000,0,1,200,0,1,0

FINAL,R26,26,R,3
IF,OGLIB,49.987083,3.019861, ,0.0,0.0,2,3000,0,1,200,0,0,0
TF,FAQ26,49.981944,2.919444,0, ,0.0,0.0,264.0,3.9,1,3000,0,0,0,0,2,0
TF,RW26,49.970956,2.709256,0, ,0.0,0.0,264.0,8.2,1,398,0,0,0,0,3,1
TF,AQ510,49.963694,2.574472,0, ,0.0,0.0,0.0,0.0,0,0,0,1,185,0,0,0
TF,AQ512,50.046667,2.563833,0, ,0.0,0.0,0.0,0.0,0,0,0,1,200,0,0,0
TF,ROGEV,50.083167,3.007611,0, ,0.0,0.0,0.0,0.0,2,3000,0,1,200,0,0,0

