SID,AMOL6A,14L,2
CA,0,142.0,2,2500,0,0,0,0,0,0
CF,D142H,43.574278,1.420189,0,TOU,142.0,8.0,142.0,1.0,0,0,0,0,0,0,0,0
FA,D142H,43.574278,1.420189,0,TOU,0.0,0.0,142.0,2,4000,0,0,0,0,0,0
CF,D064S,43.812806,1.697556,1,TOU,63.7,18.6,32.0,19.0,0,0,0,0,0,0,0,0
TF,MEDAP,43.921556,2.021639,0, ,0.0,0.0,0.0,0.0,0,0,0,0,0,0,0,0
TF,AMOLO,43.827944,2.578750,0, ,0.0,0.0,0.0,0.0,2,20000,0,0,0,0,0,0

SID,AMOL6A,14R,2
CA,0,142.0,2,2500,0,0,0,0,0,0
CF,D142H,43.574278,1.420189,0,TOU,142.0,8.0,142.0,1.0,0,0,0,0,0,0,0,0
FA,D142H,43.574278,1.420189,0,TOU,0.0,0.0,142.0,2,4000,0,0,0,0,0,0
CF,D064S,43.812806,1.697556,1,TOU,63.7,18.6,32.0,19.0,0,0,0,0,0,0,0,0
TF,MEDAP,43.921556,2.021639,0, ,0.0,0.0,0.0,0.0,0,0,0,0,0,0,0,0
TF,AMOLO,43.827944,2.578750,0, ,0.0,0.0,0.0,0.0,2,20000,0,0,0,0,0,0

SID,AMOL6B,32L,2
CD, ,0,0,0,TOU,0,0.0,322.0,2.0,0,0,0,0,0,0,0,0
CF,TOU,43.680833,1.309806,0,TOU,0.0,0.0,322.0,2.0,0,0,0,0,0,0,0,1
CI,2, ,0.0,94.0,0,0,0,0,0,0,0,0
CF,MEDAP,43.921556,2.021639,0,TOU,63.7,34.1,64.0,29.0,0,0,0,0,0,0,0,0
TF,AMOLO,43.827944,2.578750,0, ,0.0,0.0,0.0,0.0,2,20000,0,0,0,0,0,0

SID,AMOL6B,32R,2
CD, ,0,0,0,TOU,0,0.0,322.0,2.0,0,0,0,0,0,0,0,0
CF,TOU,43.680833,1.309806,0,TOU,0.0,0.0,322.0,2.0,0,0,0,0,0,0,0,1
CI,2, ,0.0,94.0,0,0,0,0,0,0,0,0
CF,MEDAP,43.921556,2.021639,0,TOU,63.7,34.1,64.0,29.0,0,0,0,0,0,0,0,0
TF,AMOLO,43.827944,2.578750,0, ,0.0,0.0,0.0,0.0,2,20000,0,0,0,0,0,0

SID,AMOL6H,14L,2
CA,0,142.0,2,800,0,0,0,0,0,0
CF,D064N,43.779872,1.600267,1,TOU,63.7,14.0,42.0,14.0,0,0,0,0,0,0,0,0
TF,MEDAP,43.921556,2.021639,0, ,0.0,0.0,0.0,0.0,0,0,0,0,0,0,0,0
TF,AMOLO,43.827944,2.578750,0, ,0.0,0.0,0.0,0.0,2,20000,0,0,0,0,0,0

SID,AMOL6H,14R,2
CA,0,142.0,2,800,0,0,0,0,0,0
CF,D064N,43.779872,1.600267,1,TOU,63.7,14.0,42.0,14.0,0,0,0,0,0,0,0,0
TF,MEDAP,43.921556,2.021639,0, ,0.0,0.0,0.0,0.0,0,0,0,0,0,0,0,0
TF,AMOLO,43.827944,2.578750,0, ,0.0,0.0,0.0,0.0,2,20000,0,0,0,0,0,0

SID,FINO6A,14L,2
CA,0,142.0,2,2500,0,0,0,0,0,0
CF,D142H,43.574278,1.420189,0,TOU,142.0,8.0,142.0,1.0,0,0,0,0,0,0,0,0
FA,D142H,43.574278,1.420189,0,TOU,0.0,0.0,142.0,2,4000,0,0,0,0,0,0
CF,D085L,43.694817,1.592350,1,TOU,85.0,12.3,32.0,11.0,0,0,0,0,0,0,0,0
TF,FINOT,43.715083,2.029889,0, ,0.0,0.0,0.0,0.0,0,0,0,0,0,0,0,0

SID,FINO6A,14R,2
CA,0,142.0,2,2500,0,0,0,0,0,0
CF,D142H,43.574278,1.420189,0,TOU,142.0,8.0,142.0,1.0,0,0,0,0,0,0,0,0
FA,D142H,43.574278,1.420189,0,TOU,0.0,0.0,142.0,2,4000,0,0,0,0,0,0
CF,D085L,43.694817,1.592350,1,TOU,85.0,12.3,32.0,11.0,0,0,0,0,0,0,0,0
TF,FINOT,43.715083,2.029889,0, ,0.0,0.0,0.0,0.0,0,0,0,0,0,0,0,0

SID,FINO6B,32L,2
CD, ,0,0,0,TOU,0,0.0,322.0,2.0,0,0,0,0,0,0,0,0
CF,TOU,43.680833,1.309806,0,TOU,0.0,0.0,322.0,2.0,0,0,0,0,0,0,0,1
CI,2, ,0.0,114.0,0,0,0,0,0,0,0,0
CF,FINOT,43.715083,2.029889,0,TOU,85.0,31.4,85.0,25.0,0,0,0,0,0,0,0,0

SID,FINO6B,32R,2
CD, ,0,0,0,TOU,0,0.0,322.0,2.0,0,0,0,0,0,0,0,0
CF,TOU,43.680833,1.309806,0,TOU,0.0,0.0,322.0,2.0,0,0,0,0,0,0,0,1
CI,2, ,0.0,114.0,0,0,0,0,0,0,0,0
CF,FINOT,43.715083,2.029889,0,TOU,85.0,31.4,85.0,25.0,0,0,0,0,0,0,0,0

SID,FINO6H,14L,2
CA,0,142.0,2,800,0,0,0,0,0,0
CF,D085H,43.689581,1.484936,1,TOU,85.0,7.6,42.0,6.0,0,0,0,0,0,0,0,0
TF,FINOT,43.715083,2.029889,0, ,0.0,0.0,0.0,0.0,0,0,0,0,0,0,0,0

SID,FINO6H,14R,2
CA,0,142.0,2,800,0,0,0,0,0,0
CF,D085H,43.689581,1.484936,1,TOU,85.0,7.6,42.0,6.0,0,0,0,0,0,0,0,0
TF,FINOT,43.715083,2.029889,0, ,0.0,0.0,0.0,0.0,0,0,0,0,0,0,0,0

SID,FIST6A,14L,2
CA,0,142.0,2,2500,0,0,0,0,0,0
CF,D142H,43.574278,1.420189,0,TOU,142.0,8.0,142.0,1.0,0,0,0,0,0,0,0,0
FA,D142H,43.574278,1.420189,0,TOU,0.0,0.0,142.0,2,4000,0,0,0,0,0,0
CF,TOU,43.680833,1.309806,2,TOU,0.0,0.0,354.0,10.0,0,0,0,0,0,0,0,0
TF,FISTO,44.461389,1.227222,0, ,0.0,0.0,0.0,0.0,0,0,0,0,0,0,0,0

SID,FIST6A,14R,2
CA,0,142.0,2,2500,0,0,0,0,0,0
CF,D142H,43.574278,1.420189,0,TOU,142.0,8.0,142.0,1.0,0,0,0,0,0,0,0,0
FA,D142H,43.574278,1.420189,0,TOU,0.0,0.0,142.0,2,4000,0,0,0,0,0,0
CF,TOU,43.680833,1.309806,2,TOU,0.0,0.0,354.0,10.0,0,0,0,0,0,0,0,0
TF,FISTO,44.461389,1.227222,0, ,0.0,0.0,0.0,0.0,0,0,0,0,0,0,0,0

SID,FIST6B,32L,5
CA,0,322.0,2,1100,0,0,0,0,0,0
DF,BO320,43.718667,1.268167,0, ,0.0,0.0,0,0,0,0,0,0,0,0
TF,BO322,43.771250,1.250861,0, ,0.0,0.0,0.0,0.0,2,5000,0,0,0,0,0,0
TF,BO324,44.221639,1.235500,0, ,0.0,0.0,0.0,0.0,2,15000,0,0,0,0,0,0
TF,FISTO,44.461389,1.227222,0, ,0.0,0.0,0.0,0.0,0,0,0,0,0,0,0,0

SID,FIST6B,32R,5
CA,0,322.0,2,1100,0,0,0,0,0,0
DF,BO320,43.718667,1.268167,0, ,0.0,0.0,0,0,0,0,0,0,0,0
TF,BO322,43.771250,1.250861,0, ,0.0,0.0,0.0,0.0,2,5000,0,0,0,0,0,0
TF,BO324,44.221639,1.235500,0, ,0.0,0.0,0.0,0.0,2,15000,0,0,0,0,0,0
TF,FISTO,44.461389,1.227222,0, ,0.0,0.0,0.0,0.0,0,0,0,0,0,0,0,0

SID,FIST6H,14L,2
CA,0,142.0,2,1000,0,0,0,0,0,0
CF,TOU,43.680833,1.309806,2,TOU,0.0,0.0,354.0,7.0,2,4000,0,0,0,0,0,0
TF,FISTO,44.461389,1.227222,0, ,0.0,0.0,0.0,0.0,0,0,0,0,0,0,0,0

SID,FIST6H,14R,2
CA,0,142.0,2,1000,0,0,0,0,0,0
CF,TOU,43.680833,1.309806,2,TOU,0.0,0.0,354.0,7.0,2,4000,0,0,0,0,0,0
TF,FISTO,44.461389,1.227222,0, ,0.0,0.0,0.0,0.0,0,0,0,0,0,0,0,0

SID,GAUD6A,14L,5
CA,0,142.0,2,1500,0,0,0,0,0,0
DF,TS,43.507278,1.486778,0, ,0.0,0.0,0,0,0,0,0,0,0,1
TF,BO144,43.302222,1.185833,0, ,0.0,0.0,0.0,0.0,0,0,0,0,0,0,0,0
TF,BO852,43.309444,0.940000,0, ,0.0,0.0,0.0,0.0,0,0,0,0,0,0,0,0
TF,GAUDE,43.000000,0.636667,0, ,0.0,0.0,0.0,0.0,2,20000,0,0,0,0,0,0

SID,GAUD6A,14R,5
CA,0,142.0,2,1500,0,0,0,0,0,0
DF,TS,43.507278,1.486778,0, ,0.0,0.0,0,0,0,0,0,0,0,1
TF,BO144,43.302222,1.185833,0, ,0.0,0.0,0.0,0.0,0,0,0,0,0,0,0,0
TF,BO852,43.309444,0.940000,0, ,0.0,0.0,0.0,0.0,0,0,0,0,0,0,0,0
TF,GAUDE,43.000000,0.636667,0, ,0.0,0.0,0.0,0.0,2,20000,0,0,0,0,0,0

SID,GAUD6B,32L,5
CA,0,322.0,2,1100,0,0,0,0,0,0
DF,TOU,43.680833,1.309806,0, ,0.0,0.0,0,0,0,0,0,0,0,1
FA,TOU,43.680833,1.309806,0,TOU,0.0,0.0,307.0,2,4000,0,0,0,0,0,0
VI,1, ,0.0,170.0,0,0,0,0,0,0,0,0
CF,BO852,43.309444,0.940000,0,TOU,215.1,27.5,215.0,19.0,0,0,0,0,0,0,0,0
TF,GAUDE,43.000000,0.636667,0, ,0.0,0.0,0.0,0.0,2,20000,0,0,0,0,0,0

SID,GAUD6B,32R,5
CA,0,322.0,2,1100,0,0,0,0,0,0
DF,TOU,43.680833,1.309806,0, ,0.0,0.0,0,0,0,0,0,0,0,1
FA,TOU,43.680833,1.309806,0,TOU,0.0,0.0,307.0,2,4000,0,0,0,0,0,0
VI,1, ,0.0,170.0,0,0,0,0,0,0,0,0
CF,BO852,43.309444,0.940000,0,TOU,215.1,27.5,215.0,19.0,0,0,0,0,0,0,0,0
TF,GAUDE,43.000000,0.636667,0, ,0.0,0.0,0.0,0.0,2,20000,0,0,0,0,0,0

SID,LACO6A,14L,2
CA,0,142.0,2,2500,0,0,0,0,0,0
CF,D142H,43.574278,1.420189,0,TOU,142.0,8.0,142.0,1.0,0,0,0,0,0,0,0,0
FA,D142H,43.574278,1.420189,0,TOU,0.0,0.0,142.0,2,4000,0,0,0,0,0,0
CF,TOU,43.680833,1.309806,2,TOU,0.0,0.0,354.0,10.0,0,0,0,0,0,0,0,0
TF,LACOU,44.296778,0.904389,0, ,0.0,0.0,0.0,0.0,0,0,0,0,0,0,0,0

SID,LACO6A,14R,2
CA,0,142.0,2,2500,0,0,0,0,0,0
CF,D142H,43.574278,1.420189,0,TOU,142.0,8.0,142.0,1.0,0,0,0,0,0,0,0,0
FA,D142H,43.574278,1.420189,0,TOU,0.0,0.0,142.0,2,4000,0,0,0,0,0,0
CF,TOU,43.680833,1.309806,2,TOU,0.0,0.0,354.0,10.0,0,0,0,0,0,0,0,0
TF,LACOU,44.296778,0.904389,0, ,0.0,0.0,0.0,0.0,0,0,0,0,0,0,0,0

SID,LACO6B,32L,5
CA,0,322.0,2,1100,0,0,0,0,0,0
DF,BO320,43.718667,1.268167,0, ,0.0,0.0,0,0,0,0,0,0,0,0
TF,BO322,43.771250,1.250861,0, ,0.0,0.0,0.0,0.0,2,5000,0,0,0,0,0,0
TF,LACOU,44.296778,0.904389,0, ,0.0,0.0,0.0,0.0,0,0,0,0,0,0,0,0

SID,LACO6B,32R,5
CA,0,322.0,2,1100,0,0,0,0,0,0
DF,BO320,43.718667,1.268167,0, ,0.0,0.0,0,0,0,0,0,0,0,0
TF,BO322,43.771250,1.250861,0, ,0.0,0.0,0.0,0.0,2,5000,0,0,0,0,0,0
TF,LACOU,44.296778,0.904389,0, ,0.0,0.0,0.0,0.0,0,0,0,0,0,0,0,0

SID,LACO6H,14L,2
CA,0,142.0,2,1000,0,0,0,0,0,0
CF,TOU,43.680833,1.309806,2,TOU,0.0,0.0,354.0,7.0,2,4000,0,0,0,0,0,0
TF,LACOU,44.296778,0.904389,0, ,0.0,0.0,0.0,0.0,0,0,0,0,0,0,0,0

SID,LACO6H,14R,2
CA,0,142.0,2,1000,0,0,0,0,0,0
CF,TOU,43.680833,1.309806,2,TOU,0.0,0.0,354.0,7.0,2,4000,0,0,0,0,0,0
TF,LACOU,44.296778,0.904389,0, ,0.0,0.0,0.0,0.0,0,0,0,0,0,0,0,0

SID,LMB6A,14L,5
CA,0,142.0,2,1500,0,0,0,0,0,0
DF,TS,43.507278,1.486778,0, ,0.0,0.0,0,0,0,0,0,0,0,1
TF,BO144,43.302222,1.185833,0, ,0.0,0.0,0.0,0.0,0,0,0,0,0,0,0,0
TF,BO852,43.309444,0.940000,0, ,0.0,0.0,0.0,0.0,0,0,0,0,0,0,0,0
TF,TALOL,43.321111,0.558333,0, ,0.0,0.0,0.0,0.0,0,0,0,0,0,0,0,0
TF,LMB,43.466667,-0.018417,0, ,0.0,0.0,0.0,0.0,0,0,0,0,0,0,0,0

SID,LMB6A,14R,5
CA,0,142.0,2,1500,0,0,0,0,0,0
DF,TS,43.507278,1.486778,0, ,0.0,0.0,0,0,0,0,0,0,0,1
TF,BO144,43.302222,1.185833,0, ,0.0,0.0,0.0,0.0,0,0,0,0,0,0,0,0
TF,BO852,43.309444,0.940000,0, ,0.0,0.0,0.0,0.0,0,0,0,0,0,0,0,0
TF,TALOL,43.321111,0.558333,0, ,0.0,0.0,0.0,0.0,0,0,0,0,0,0,0,0
TF,LMB,43.466667,-0.018417,0, ,0.0,0.0,0.0,0.0,0,0,0,0,0,0,0,0

SID,LMB6B,32L,5
CA,0,322.0,2,1100,0,0,0,0,0,0
DF,TOU,43.680833,1.309806,0, ,0.0,0.0,0,0,0,0,0,0,0,1
FA,TOU,43.680833,1.309806,0,TOU,0.0,0.0,307.0,2,4000,0,0,0,0,0,0
VI,1, ,0.0,212.0,0,0,0,0,0,0,0,0
CF,BO850,43.592639,0.750000,0,TOU,257.0,25.0,257.0,16.0,0,0,0,0,0,0,0,0
TF,LMB,43.466667,-0.018417,0, ,0.0,0.0,0.0,0.0,0,0,0,0,0,0,0,0

SID,LMB6B,32R,5
CA,0,322.0,2,1100,0,0,0,0,0,0
DF,TOU,43.680833,1.309806,0, ,0.0,0.0,0,0,0,0,0,0,0,1
FA,TOU,43.680833,1.309806,0,TOU,0.0,0.0,307.0,2,4000,0,0,0,0,0,0
VI,1, ,0.0,212.0,0,0,0,0,0,0,0,0
CF,BO850,43.592639,0.750000,0,TOU,257.0,25.0,257.0,16.0,0,0,0,0,0,0,0,0
TF,LMB,43.466667,-0.018417,0, ,0.0,0.0,0.0,0.0,0,0,0,0,0,0,0,0

SID,MEN6A,14L,2
CA,0,142.0,2,2500,0,0,0,0,0,0
CF,D142H,43.574278,1.420189,0,TOU,142.0,8.0,142.0,1.0,0,0,0,0,0,0,0,0
FA,D142H,43.574278,1.420189,0,TOU,0.0,0.0,142.0,2,4000,0,0,0,0,0,0
CF,D064S,43.812806,1.697556,1,TOU,63.7,18.6,32.0,19.0,0,0,0,0,0,0,0,0
TF,MEDAP,43.921556,2.021639,0, ,0.0,0.0,0.0,0.0,0,0,0,0,0,0,0,0
TF,BISBI,44.065278,2.456111,0, ,0.0,0.0,0.0,0.0,0,0,0,0,0,0,0,0
TF,MEN,44.608361,3.162417,0, ,0.0,0.0,0.0,0.0,0,0,0,0,0,0,0,0

SID,MEN6A,14R,2
CA,0,142.0,2,2500,0,0,0,0,0,0
CF,D142H,43.574278,1.420189,0,TOU,142.0,8.0,142.0,1.0,0,0,0,0,0,0,0,0
FA,D142H,43.574278,1.420189,0,TOU,0.0,0.0,142.0,2,4000,0,0,0,0,0,0
CF,D064S,43.812806,1.697556,1,TOU,63.7,18.6,32.0,19.0,0,0,0,0,0,0,0,0
TF,MEDAP,43.921556,2.021639,0, ,0.0,0.0,0.0,0.0,0,0,0,0,0,0,0,0
TF,BISBI,44.065278,2.456111,0, ,0.0,0.0,0.0,0.0,0,0,0,0,0,0,0,0
TF,MEN,44.608361,3.162417,0, ,0.0,0.0,0.0,0.0,0,0,0,0,0,0,0,0

SID,MEN6B,32L,2
CD, ,0,0,0,TOU,0,0.0,322.0,2.0,0,0,0,0,0,0,0,0
CF,TOU,43.680833,1.309806,0,TOU,0.0,0.0,322.0,2.0,0,0,0,0,0,0,0,1
CI,2, ,0.0,94.0,0,0,0,0,0,0,0,0
CF,MEDAP,43.921556,2.021639,0,TOU,63.7,34.1,64.0,29.0,0,0,0,0,0,0,0,0
TF,BISBI,44.065278,2.456111,0, ,0.0,0.0,0.0,0.0,0,0,0,0,0,0,0,0
TF,MEN,44.608361,3.162417,0, ,0.0,0.0,0.0,0.0,0,0,0,0,0,0,0,0

SID,MEN6B,32R,2
CD, ,0,0,0,TOU,0,0.0,322.0,2.0,0,0,0,0,0,0,0,0
CF,TOU,43.680833,1.309806,0,TOU,0.0,0.0,322.0,2.0,0,0,0,0,0,0,0,1
CI,2, ,0.0,94.0,0,0,0,0,0,0,0,0
CF,MEDAP,43.921556,2.021639,0,TOU,63.7,34.1,64.0,29.0,0,0,0,0,0,0,0,0
TF,BISBI,44.065278,2.456111,0, ,0.0,0.0,0.0,0.0,0,0,0,0,0,0,0,0
TF,MEN,44.608361,3.162417,0, ,0.0,0.0,0.0,0.0,0,0,0,0,0,0,0,0

SID,MEN6H,14L,2
CA,0,142.0,2,800,0,0,0,0,0,0
CF,D064N,43.779872,1.600267,1,TOU,63.7,14.0,42.0,14.0,0,0,0,0,0,0,0,0
TF,MEDAP,43.921556,2.021639,0, ,0.0,0.0,0.0,0.0,0,0,0,0,0,0,0,0
TF,BISBI,44.065278,2.456111,0, ,0.0,0.0,0.0,0.0,0,0,0,0,0,0,0,0
TF,MEN,44.608361,3.162417,0, ,0.0,0.0,0.0,0.0,0,0,0,0,0,0,0,0

SID,MEN6H,14R,2
CA,0,142.0,2,800,0,0,0,0,0,0
CF,D064N,43.779872,1.600267,1,TOU,63.7,14.0,42.0,14.0,0,0,0,0,0,0,0,0
TF,MEDAP,43.921556,2.021639,0, ,0.0,0.0,0.0,0.0,0,0,0,0,0,0,0,0
TF,BISBI,44.065278,2.456111,0, ,0.0,0.0,0.0,0.0,0,0,0,0,0,0,0,0
TF,MEN,44.608361,3.162417,0, ,0.0,0.0,0.0,0.0,0,0,0,0,0,0,0,0

SID,PPG6A,14L,2
CA,0,142.0,2,2500,0,0,0,0,0,0
CF,GALDO,43.259444,1.745833,0,TOU,141.9,31.7,142.0,24.0,0,0,0,0,0,0,0,0
TF,LICAF,43.233333,2.072778,0, ,0.0,0.0,0.0,0.0,0,0,0,0,0,0,0,0
TF,MORIL,43.065833,2.350278,0, ,0.0,0.0,0.0,0.0,0,0,0,0,0,0,0,0
TF,PPG,42.750472,2.867139,0, ,0.0,0.0,0.0,0.0,0,0,0,0,0,0,0,0

SID,PPG6A,14R,2
CA,0,142.0,2,2500,0,0,0,0,0,0
CF,GALDO,43.259444,1.745833,0,TOU,141.9,31.7,142.0,24.0,0,0,0,0,0,0,0,0
TF,LICAF,43.233333,2.072778,0, ,0.0,0.0,0.0,0.0,0,0,0,0,0,0,0,0
TF,MORIL,43.065833,2.350278,0, ,0.0,0.0,0.0,0.0,0,0,0,0,0,0,0,0
TF,PPG,42.750472,2.867139,0, ,0.0,0.0,0.0,0.0,0,0,0,0,0,0,0,0

SID,PPG6B,32L,2
CD, ,0,0,0,TOU,0,0.0,322.0,2.0,0,0,0,0,0,0,0,0
CF,TOU,43.680833,1.309806,0,TOU,0.0,0.0,322.0,2.0,0,0,0,0,0,0,0,1
CI,2, ,0.0,176.0,0,0,0,0,0,0,0,0
FD,TOU,43.680833,1.309806,0,TOU,0.0,9.0,142.0,9.0,2,6000,0,0,0,0,0,0
CF,TS,43.507278,1.486778,0,TOU,142.4,13.0,142.0,4.0,0,0,0,0,0,0,0,0
TF,GALDO,43.259444,1.745833,0, ,0.0,0.0,0.0,0.0,0,0,0,0,0,0,0,0
TF,LICAF,43.233333,2.072778,0, ,0.0,0.0,0.0,0.0,0,0,0,0,0,0,0,0
TF,MORIL,43.065833,2.350278,0, ,0.0,0.0,0.0,0.0,0,0,0,0,0,0,0,0
TF,PPG,42.750472,2.867139,0, ,0.0,0.0,0.0,0.0,0,0,0,0,0,0,0,0

SID,PPG6B,32R,2
CD, ,0,0,0,TOU,0,0.0,322.0,2.0,0,0,0,0,0,0,0,0
CF,TOU,43.680833,1.309806,0,TOU,0.0,0.0,322.0,2.0,0,0,0,0,0,0,0,1
CI,2, ,0.0,176.0,0,0,0,0,0,0,0,0
FD,TOU,43.680833,1.309806,0,TOU,0.0,9.0,142.0,9.0,2,6000,0,0,0,0,0,0
CF,TS,43.507278,1.486778,0,TOU,142.4,13.0,142.0,4.0,0,0,0,0,0,0,0,0
TF,GALDO,43.259444,1.745833,0, ,0.0,0.0,0.0,0.0,0,0,0,0,0,0,0,0
TF,LICAF,43.233333,2.072778,0, ,0.0,0.0,0.0,0.0,0,0,0,0,0,0,0,0
TF,MORIL,43.065833,2.350278,0, ,0.0,0.0,0.0,0.0,0,0,0,0,0,0,0,0
TF,PPG,42.750472,2.867139,0, ,0.0,0.0,0.0,0.0,0,0,0,0,0,0,0,0

SID,RIBO6A,14L,2
CA,0,142.0,2,2500,0,0,0,0,0,0
CF,RIBOU,43.079722,1.928889,0,TOU,141.9,45.1,142.0,37.0,2,12000,0,0,0,0,0,0

SID,RIBO6A,14R,2
CA,0,142.0,2,2500,0,0,0,0,0,0
CF,RIBOU,43.079722,1.928889,0,TOU,141.9,45.1,142.0,37.0,2,12000,0,0,0,0,0,0

SID,RIBO6B,32L,2
CD, ,0,0,0,TOU,0,0.0,322.0,2.0,0,0,0,0,0,0,0,0
CF,TOU,43.680833,1.309806,0,TOU,0.0,0.0,322.0,2.0,0,0,0,0,0,0,0,1
CI,2, ,0.0,176.0,0,0,0,0,0,0,0,0
FD,TOU,43.680833,1.309806,0,TOU,0.0,9.0,142.0,9.0,2,6000,0,0,0,0,0,0
CF,TS,43.507278,1.486778,0,TOU,142.4,13.0,142.0,4.0,0,0,0,0,0,0,0,0
TF,GALDO,43.259444,1.745833,0, ,0.0,0.0,0.0,0.0,0,0,0,0,0,0,0,0
TF,RIBOU,43.079722,1.928889,0, ,0.0,0.0,0.0,0.0,2,12000,0,0,0,0,0,0

SID,RIBO6B,32R,2
CD, ,0,0,0,TOU,0,0.0,322.0,2.0,0,0,0,0,0,0,0,0
CF,TOU,43.680833,1.309806,0,TOU,0.0,0.0,322.0,2.0,0,0,0,0,0,0,0,1
CI,2, ,0.0,176.0,0,0,0,0,0,0,0,0
FD,TOU,43.680833,1.309806,0,TOU,0.0,9.0,142.0,9.0,2,6000,0,0,0,0,0,0
CF,TS,43.507278,1.486778,0,TOU,142.4,13.0,142.0,4.0,0,0,0,0,0,0,0,0
TF,GALDO,43.259444,1.745833,0, ,0.0,0.0,0.0,0.0,0,0,0,0,0,0,0,0
TF,RIBOU,43.079722,1.928889,0, ,0.0,0.0,0.0,0.0,2,12000,0,0,0,0,0,0

STAR,AFRI7N,32L,5
IF,AFRIC,43.774167,2.869167, ,0.0,0.0,0,0,0,0,0,0,0,0
TF,FOLZO,43.474722,2.498611,0, ,0.0,0.0,0.0,0.0,0,0,0,0,0,0,0,0
TF,MASAM,43.467778,2.251944,0, ,0.0,0.0,0.0,0.0,2,8000,0,0,0,0,0,0
TF,ARVEL,43.452222,2.041667,0, ,0.0,0.0,0.0,0.0,0,0,0,0,0,0,0,0
TF,ADIMO,43.492000,1.908750,0, ,0.0,0.0,0.0,0.0,2,8000,0,0,0,0,0,0

STAR,AFRI7N,32R,5
IF,AFRIC,43.774167,2.869167, ,0.0,0.0,0,0,0,0,0,0,0,0
TF,FOLZO,43.474722,2.498611,0, ,0.0,0.0,0.0,0.0,0,0,0,0,0,0,0,0
TF,MASAM,43.467778,2.251944,0, ,0.0,0.0,0.0,0.0,2,8000,0,0,0,0,0,0
TF,ARVEL,43.452222,2.041667,0, ,0.0,0.0,0.0,0.0,0,0,0,0,0,0,0,0
TF,ADIMO,43.492000,1.908750,0, ,0.0,0.0,0.0,0.0,2,8000,0,0,0,0,0,0

STAR,AFRI7S,14L,5
IF,AFRIC,43.774167,2.869167, ,0.0,0.0,0,0,0,0,0,0,0,0
TF,FOLZO,43.474722,2.498611,0, ,0.0,0.0,0.0,0.0,0,0,0,0,0,0,0,0
TF,MASAM,43.467778,2.251944,0, ,0.0,0.0,0.0,0.0,2,8000,0,0,0,0,0,0
TF,ARVEL,43.452222,2.041667,0, ,0.0,0.0,0.0,0.0,0,0,0,0,0,0,0,0
TF,ADIMO,43.492000,1.908750,0, ,0.0,0.0,0.0,0.0,2,8000,0,0,0,0,0,0

STAR,AFRI7S,14R,5
IF,AFRIC,43.774167,2.869167, ,0.0,0.0,0,0,0,0,0,0,0,0
TF,FOLZO,43.474722,2.498611,0, ,0.0,0.0,0.0,0.0,0,0,0,0,0,0,0,0
TF,MASAM,43.467778,2.251944,0, ,0.0,0.0,0.0,0.0,2,8000,0,0,0,0,0,0
TF,ARVEL,43.452222,2.041667,0, ,0.0,0.0,0.0,0.0,0,0,0,0,0,0,0,0
TF,ADIMO,43.492000,1.908750,0, ,0.0,0.0,0.0,0.0,2,8000,0,0,0,0,0,0

STAR,ASPE7N,32L,5
IF,ASPET,43.000000,0.979722, ,0.0,0.0,0,0,0,0,0,0,0,0
TF,OGRIL,43.292333,1.235083,0, ,0.0,0.0,0.0,0.0,2,8000,0,1,250,0,0,0
TF,SULIT,43.383694,1.252556,0, ,0.0,0.0,0.0,0.0,2,8000,0,0,0,0,0,0

STAR,ASPE7N,32R,5
IF,ASPET,43.000000,0.979722, ,0.0,0.0,0,0,0,0,0,0,0,0
TF,OGRIL,43.292333,1.235083,0, ,0.0,0.0,0.0,0.0,2,8000,0,1,250,0,0,0
TF,SULIT,43.383694,1.252556,0, ,0.0,0.0,0.0,0.0,2,8000,0,0,0,0,0,0

STAR,ASPE7S,14L,5
IF,ASPET,43.000000,0.979722, ,0.0,0.0,0,0,0,0,0,0,0,0
TF,OGRIL,43.292333,1.235083,0, ,0.0,0.0,0.0,0.0,3,16000,0,1,250,0,0,0
TF,SULIT,43.383694,1.252556,0, ,0.0,0.0,0.0,0.0,3,14000,0,0,0,0,0,0
TF,SURAS,43.642444,1.062833,0, ,0.0,0.0,0.0,0.0,2,8000,0,0,0,0,0,0

STAR,ASPE7S,14R,5
IF,ASPET,43.000000,0.979722, ,0.0,0.0,0,0,0,0,0,0,0,0
TF,OGRIL,43.292333,1.235083,0, ,0.0,0.0,0.0,0.0,3,16000,0,1,250,0,0,0
TF,SULIT,43.383694,1.252556,0, ,0.0,0.0,0.0,0.0,3,14000,0,0,0,0,0,0
TF,SURAS,43.642444,1.062833,0, ,0.0,0.0,0.0,0.0,2,8000,0,0,0,0,0,0

STAR,LMB7N,32L,5
IF,LMB,43.466667,-0.018417, ,0.0,0.0,0,0,0,0,0,0,0,0
TF,TALOL,43.321111,0.558333,0, ,0.0,0.0,0.0,0.0,0,0,0,0,0,0,0,0
TF,BOGRO,43.311389,0.750000,0, ,0.0,0.0,0.0,0.0,4,17000,15000,0,0,0,0,0
TF,OGRIL,43.292333,1.235083,0, ,0.0,0.0,0.0,0.0,2,8000,0,1,250,0,0,0
TF,SULIT,43.383694,1.252556,0, ,0.0,0.0,0.0,0.0,2,8000,0,0,0,0,0,0

STAR,LMB7N,32R,5
IF,LMB,43.466667,-0.018417, ,0.0,0.0,0,0,0,0,0,0,0,0
TF,TALOL,43.321111,0.558333,0, ,0.0,0.0,0.0,0.0,0,0,0,0,0,0,0,0
TF,BOGRO,43.311389,0.750000,0, ,0.0,0.0,0.0,0.0,4,17000,15000,0,0,0,0,0
TF,OGRIL,43.292333,1.235083,0, ,0.0,0.0,0.0,0.0,2,8000,0,1,250,0,0,0
TF,SULIT,43.383694,1.252556,0, ,0.0,0.0,0.0,0.0,2,8000,0,0,0,0,0,0

STAR,LMB7S,14L,5
IF,LMB,43.466667,-0.018417, ,0.0,0.0,0,0,0,0,0,0,0,0
TF,TADAN,43.576944,0.558333,0, ,0.0,0.0,0.0,0.0,0,0,0,0,0,0,0,0
TF,SURAS,43.642444,1.062833,0, ,0.0,0.0,0.0,0.0,2,8000,0,0,0,0,0,0

STAR,LMB7S,14R,5
IF,LMB,43.466667,-0.018417, ,0.0,0.0,0,0,0,0,0,0,0,0
TF,TADAN,43.576944,0.558333,0, ,0.0,0.0,0.0,0.0,0,0,0,0,0,0,0,0
TF,SURAS,43.642444,1.062833,0, ,0.0,0.0,0.0,0.0,2,8000,0,0,0,0,0,0

STAR,NARA7A,14L,5
IF,NARAK,44.295278,1.748889, ,0.0,0.0,3,15000,0,0,0,0,0,0
TF,ABLIS,44.064944,1.481806,0, ,0.0,0.0,0.0,0.0,4,11000,8000,0,0,0,0,0

STAR,NARA7A,14R,5
IF,NARAK,44.295278,1.748889, ,0.0,0.0,3,15000,0,0,0,0,0,0
TF,ABLIS,44.064944,1.481806,0, ,0.0,0.0,0.0,0.0,4,11000,8000,0,0,0,0,0

STAR,NARA7I,32L,5
IF,NARAK,44.295278,1.748889, ,0.0,0.0,3,19000,0,0,0,0,0,0
TF,LAVKU,43.754861,1.658028,0, ,0.0,0.0,0.0,0.0,4,11000,8000,0,0,0,0,0

STAR,NARA7I,32R,5
IF,NARAK,44.295278,1.748889, ,0.0,0.0,3,19000,0,0,0,0,0,0
TF,LAVKU,43.754861,1.658028,0, ,0.0,0.0,0.0,0.0,4,11000,8000,0,0,0,0,0

STAR,NARA7N,32L,2
IF,NARAK,44.295278,1.748889, ,0.0,0.0,3,19000,0,0,0,0,0,0
TF,NETRO,44.050917,1.573028,0, ,0.0,0.0,0.0,0.0,0,0,0,0,0,0,0,0
TF,D026I,43.812778,1.403056,0, ,0.0,0.0,0.0,0.0,0,0,0,0,0,0,0,1
CF,LASBO,43.605306,1.551028,0,TOU,112.2,11.4,142.0,13.0,2,8000,0,0,0,0,0,0
TF,ADIMO,43.492000,1.908750,0, ,0.0,0.0,0.0,0.0,2,8000,0,0,0,0,0,0

STAR,NARA7N,32R,2
IF,NARAK,44.295278,1.748889, ,0.0,0.0,3,19000,0,0,0,0,0,0
TF,NETRO,44.050917,1.573028,0, ,0.0,0.0,0.0,0.0,0,0,0,0,0,0,0,0
TF,D026I,43.812778,1.403056,0, ,0.0,0.0,0.0,0.0,0,0,0,0,0,0,0,1
CF,LASBO,43.605306,1.551028,0,TOU,112.2,11.4,142.0,13.0,2,8000,0,0,0,0,0,0
TF,ADIMO,43.492000,1.908750,0, ,0.0,0.0,0.0,0.0,2,8000,0,0,0,0,0,0

STAR,NARA7S,14L,2
IF,NARAK,44.295278,1.748889, ,0.0,0.0,3,15000,0,0,0,0,0,0
TF,NETRO,44.050917,1.573028,0, ,0.0,0.0,0.0,0.0,2,8000,0,0,0,0,0,0

STAR,NARA7S,14R,2
IF,NARAK,44.295278,1.748889, ,0.0,0.0,3,15000,0,0,0,0,0,0
TF,NETRO,44.050917,1.573028,0, ,0.0,0.0,0.0,0.0,2,8000,0,0,0,0,0,0

STAR,ORBI7N,32L,2
IF,ORBIL,43.190000,2.493333, ,0.0,0.0,0,0,0,0,0,0,0,0
TF,SALSI,43.347778,2.357222,0, ,0.0,0.0,0.0,0.0,0,0,0,0,0,0,0,0
TF,ADIMO,43.492000,1.908750,0, ,0.0,0.0,0.0,0.0,2,8000,0,0,0,0,0,0

STAR,ORBI7N,32R,2
IF,ORBIL,43.190000,2.493333, ,0.0,0.0,0,0,0,0,0,0,0,0
TF,SALSI,43.347778,2.357222,0, ,0.0,0.0,0.0,0.0,0,0,0,0,0,0,0,0
TF,ADIMO,43.492000,1.908750,0, ,0.0,0.0,0.0,0.0,2,8000,0,0,0,0,0,0

STAR,ORBI7S,14L,2
IF,ORBIL,43.190000,2.493333, ,0.0,0.0,0,0,0,0,0,0,0,0
TF,SALSI,43.347778,2.357222,0, ,0.0,0.0,0.0,0.0,0,0,0,0,0,0,0,0
TF,ADIMO,43.492000,1.908750,0, ,0.0,0.0,0.0,0.0,2,8000,0,0,0,0,0,0

STAR,ORBI7S,14R,2
IF,ORBIL,43.190000,2.493333, ,0.0,0.0,0,0,0,0,0,0,0,0
TF,SALSI,43.347778,2.357222,0, ,0.0,0.0,0.0,0.0,0,0,0,0,0,0,0,0
TF,ADIMO,43.492000,1.908750,0, ,0.0,0.0,0.0,0.0,2,8000,0,0,0,0,0,0

STAR,SECH7N,32L,5
IF,SECHE,44.438611,0.515278, ,0.0,0.0,4,24000,15000,0,0,0,0,0
TF,AGN,43.888028,0.872861,0, ,0.0,0.0,0.0,0.0,0,0,0,0,0,0,0,0
TF,AGENO,43.489778,1.274472,0, ,0.0,0.0,0.0,0.0,2,8000,0,0,0,0,0,0
TF,SULIT,43.383694,1.252556,0, ,0.0,0.0,0.0,0.0,2,8000,0,0,0,0,0,0

STAR,SECH7N,32R,5
IF,SECHE,44.438611,0.515278, ,0.0,0.0,4,24000,15000,0,0,0,0,0
TF,AGN,43.888028,0.872861,0, ,0.0,0.0,0.0,0.0,0,0,0,0,0,0,0,0
TF,AGENO,43.489778,1.274472,0, ,0.0,0.0,0.0,0.0,2,8000,0,0,0,0,0,0
TF,SULIT,43.383694,1.252556,0, ,0.0,0.0,0.0,0.0,2,8000,0,0,0,0,0,0

STAR,SECH7S,14L,5
IF,SECHE,44.438611,0.515278, ,0.0,0.0,4,19000,15000,0,0,0,0,0
TF,AGN,43.888028,0.872861,0, ,0.0,0.0,0.0,0.0,4,11000,8000,0,0,0,0,0
TF,SURAS,43.642444,1.062833,0, ,0.0,0.0,0.0,0.0,2,8000,0,0,0,0,0,0

STAR,SECH7S,14R,5
IF,SECHE,44.438611,0.515278, ,0.0,0.0,4,19000,15000,0,0,0,0,0
TF,AGN,43.888028,0.872861,0, ,0.0,0.0,0.0,0.0,4,11000,8000,0,0,0,0,0
TF,SURAS,43.642444,1.062833,0, ,0.0,0.0,0.0,0.0,2,8000,0,0,0,0,0,0

STAR,TOPT7N,32L,5
IF,TOPTU,42.796611,-0.193611, ,0.0,0.0,0,0,0,0,0,0,0,0
TF,LALGO,43.042181,0.252772,0, ,0.0,0.0,0.0,0.0,2,20000,0,0,0,0,0,0
TF,BOGRO,43.311389,0.750000,0, ,0.0,0.0,0.0,0.0,4,17000,15000,0,0,0,0,0
TF,OGRIL,43.292333,1.235083,0, ,0.0,0.0,0.0,0.0,2,8000,0,1,250,0,0,0
TF,SULIT,43.383694,1.252556,0, ,0.0,0.0,0.0,0.0,2,8000,0,0,0,0,0,0

STAR,TOPT7N,32R,5
IF,TOPTU,42.796611,-0.193611, ,0.0,0.0,0,0,0,0,0,0,0,0
TF,LALGO,43.042181,0.252772,0, ,0.0,0.0,0.0,0.0,2,20000,0,0,0,0,0,0
TF,BOGRO,43.311389,0.750000,0, ,0.0,0.0,0.0,0.0,4,17000,15000,0,0,0,0,0
TF,OGRIL,43.292333,1.235083,0, ,0.0,0.0,0.0,0.0,2,8000,0,1,250,0,0,0
TF,SULIT,43.383694,1.252556,0, ,0.0,0.0,0.0,0.0,2,8000,0,0,0,0,0,0

STAR,TOPT7S,14L,5
IF,TOPTU,42.796611,-0.193611, ,0.0,0.0,0,0,0,0,0,0,0,0
TF,LALGO,43.042181,0.252772,0, ,0.0,0.0,0.0,0.0,2,20000,0,0,0,0,0,0
TF,BOGRO,43.311389,0.750000,0, ,0.0,0.0,0.0,0.0,4,19000,15000,0,0,0,0,0
TF,OGRIL,43.292333,1.235083,0, ,0.0,0.0,0.0,0.0,3,16000,0,1,250,0,0,0
TF,SULIT,43.383694,1.252556,0, ,0.0,0.0,0.0,0.0,3,14000,0,0,0,0,0,0
TF,SURAS,43.642444,1.062833,0, ,0.0,0.0,0.0,0.0,2,8000,0,0,0,0,0,0

STAR,TOPT7S,14R,5
IF,TOPTU,42.796611,-0.193611, ,0.0,0.0,0,0,0,0,0,0,0,0
TF,LALGO,43.042181,0.252772,0, ,0.0,0.0,0.0,0.0,2,20000,0,0,0,0,0,0
TF,BOGRO,43.311389,0.750000,0, ,0.0,0.0,0.0,0.0,4,19000,15000,0,0,0,0,0
TF,OGRIL,43.292333,1.235083,0, ,0.0,0.0,0.0,0.0,3,16000,0,1,250,0,0,0
TF,SULIT,43.383694,1.252556,0, ,0.0,0.0,0.0,0.0,3,14000,0,0,0,0,0,0
TF,SURAS,43.642444,1.062833,0, ,0.0,0.0,0.0,0.0,2,8000,0,0,0,0,0,0

APPTR,D14L,14L,ADIMO
IF,ADIMO,43.492000,1.908750, ,0.0,0.0,0,0,0,0,0,0,1,0
CF,TOE,43.481111,1.679889,0,TOU,125.5,20.1,265.0,10.0,0,0,0,0,0,0,0,0
CF,LASBO,43.605306,1.551028,0,TOU,112.2,11.4,322.0,9.3,0,0,0,0,0,0,0,0
CF,D062F,43.724117,1.427103,0,TOU,62.0,5.7,322.0,8.9,2,8000,0,0,0,0,0,0
CF,D350L,43.878269,1.265375,0,TOU,349.8,12.0,322.0,11.6,2,3000,0,0,0,0,0,0
AF,D335L,43.863508,1.197358,1,TOU,335.0,12.0,350.0,0,0,0,1,220,0,0,1
CF,CD14L,43.777194,1.203583,0,TOU,320.4,7.4,140.0,5.0,2,3000,0,0,0,0,1,0

APPTR,D14L,14L,LORTO
IF,LORTO,43.631972,0.996056, ,0.0,0.0,0,0,0,0,0,0,1,0
CI,0, ,0.0,77.0,0,0,0,0,0,0,0,0
AF,D282L,43.725511,1.041053,2,TOU,282.0,12.0,257.0,2,5000,0,0,0,0,0,0
AF,D312L,43.817069,1.107775,2,TOU,312.0,12.0,282.0,2,3000,0,1,220,0,0,1
CF,CD14L,43.777194,1.203583,0,TOU,320.4,7.4,140.0,5.0,2,3000,0,0,0,0,1,0

APPTR,D14L,14L,NETRO
IF,NETRO,44.050917,1.573028, ,0.0,0.0,0,0,0,0,0,0,1,0
CF,TLB,43.946389,1.441389,0,TOU,18.7,16.9,221.0,8.5,0,0,0,0,0,0,0,0
FD,TLB,43.946389,1.441389,0,TOU,18.7,14.0,199.0,14.0,2,4000,0,0,0,0,0,0
CI,0, ,0.0,199.0,0,0,0,0,0,0,0,0
AF,D335L,43.863508,1.197358,1,TOU,335.0,12.0,19.0,2,3000,0,1,220,0,0,1
CF,CD14L,43.777194,1.203583,0,TOU,320.4,7.4,140.0,5.0,2,3000,0,0,0,0,1,0

APPTR,D14L,14L,SURAS
IF,SURAS,43.642444,1.062833, ,0.0,0.0,0,0,0,0,0,0,1,0
CF,D242P,43.561286,0.981531,0,TOU,242.5,16.0,257.0,5.0,0,0,0,0,0,0,0,1
CF,LORTO,43.631972,0.996056,2,TOU,257.0,14.0,77.0,2.0,0,0,0,0,0,0,0,0
CI,0, ,0.0,77.0,0,0,0,0,0,0,0,0
AF,D282L,43.725511,1.041053,2,TOU,282.0,12.0,257.0,2,5000,0,0,0,0,0,0
AF,D312L,43.817069,1.107775,2,TOU,312.0,12.0,282.0,2,3000,0,1,220,0,0,1
CF,CD14L,43.777194,1.203583,0,TOU,320.4,7.4,140.0,5.0,2,3000,0,0,0,0,1,0

FINAL,D14L,14L,D,4
IF,CD14L,43.777194,1.203583,TOU,320.4,7.4,2,3000,0,0,0,0,0,0
CF,FD14L,43.738139,1.246694,0,TOU,320.4,4.4,140.0,3.0,2,3000,0,0,0,0,2,0
CF,19VOR,43.705583,1.282564,0,TOU,320.4,1.9,140.0,2.5,2,2210,0,0,0,0,0,0
CF,MD14L,43.641744,1.352758,0,TOU,140.4,3.0,140.0,4.9,1,647,0,0,0,0,3,0
FD,MD14L,43.641744,1.352758,0,TOU,140.4,8.0,140.0,8.0,0,0,0,0,0,0,0,0
CI,1, ,0.0,16.0,0,0,0,0,0,0,0,0
CF,D026J,43.835953,1.419031,0,TOU,26.0,10.5,331.0,13.0,1,4000,0,0,0,0,0,0
CF,NETRO,44.050917,1.573028,0,TOU,26.1,25.0,26.0,14.5,0,0,0,0,0,0,0,0

APPTR,D14R,14R,ADIMO
IF,ADIMO,43.492000,1.908750, ,0.0,0.0,0,0,0,0,0,0,1,0
CF,TOE,43.481111,1.679889,0,TOU,125.5,20.1,265.0,10.0,0,0,0,0,0,0,0,0
CF,LASBO,43.605306,1.551028,0,TOU,112.2,11.4,322.0,9.3,0,0,0,0,0,0,0,0
CF,D062F,43.724117,1.427103,0,TOU,62.0,5.7,322.0,8.9,2,8000,0,0,0,0,0,0
CF,D350L,43.878269,1.265375,0,TOU,349.8,12.0,322.0,11.6,2,3000,0,0,0,0,0,0
AF,D335L,43.863508,1.197358,1,TOU,335.0,12.0,350.0,0,0,0,1,220,0,0,1
CF,CD14R,43.789222,1.202639,0,TOU,323.4,8.0,143.0,4.0,2,3000,0,0,0,0,1,0

APPTR,D14R,14R,LORTO
IF,LORTO,43.631972,0.996056, ,0.0,0.0,0,0,0,0,0,0,1,0
CI,0, ,0.0,77.0,0,0,0,0,0,0,0,0
AF,D282L,43.725511,1.041053,2,TOU,282.0,12.0,257.0,2,5000,0,0,0,0,0,0
AF,D312L,43.817069,1.107775,2,TOU,312.0,12.0,282.0,2,3000,0,1,220,0,0,1
CF,CD14R,43.789222,1.202639,0,TOU,323.4,8.0,143.0,4.0,2,3000,0,0,0,0,1,0

APPTR,D14R,14R,NETRO
IF,NETRO,44.050917,1.573028, ,0.0,0.0,0,0,0,0,0,0,1,0
CF,TLB,43.946389,1.441389,0,TOU,18.7,16.9,221.0,8.5,0,0,0,0,0,0,0,0
FD,TLB,43.946389,1.441389,0,TOU,18.7,14.0,199.0,14.0,2,4000,0,0,0,0,0,0
CI,0, ,0.0,199.0,0,0,0,0,0,0,0,0
AF,D335L,43.863508,1.197358,1,TOU,335.0,12.0,19.0,2,3000,0,1,220,0,0,1
CF,CD14R,43.789222,1.202639,0,TOU,323.4,8.0,143.0,4.0,2,3000,0,0,0,0,1,0

APPTR,D14R,14R,SURAS
IF,SURAS,43.642444,1.062833, ,0.0,0.0,0,0,0,0,0,0,1,0
CF,D242P,43.561286,0.981531,0,TOU,242.5,16.0,257.0,5.0,0,0,0,0,0,0,0,1
CF,LORTO,43.631972,0.996056,2,TOU,257.0,14.0,77.0,2.0,0,0,0,0,0,0,0,0
CI,0, ,0.0,77.0,0,0,0,0,0,0,0,0
AF,D282L,43.725511,1.041053,2,TOU,282.0,12.0,257.0,2,5000,0,0,0,0,0,0
AF,D312L,43.817069,1.107775,2,TOU,312.0,12.0,282.0,2,3000,0,1,220,0,0,1
CF,CD14R,43.789222,1.202639,0,TOU,323.4,8.0,143.0,4.0,2,3000,0,0,0,0,1,0

FINAL,D14R,14R,D,4
IF,CD14R,43.789222,1.202639,TOU,323.4,8.0,2,3000,0,0,0,0,0,0
CF,FD14R,43.748583,1.242861,0,TOU,323.4,5.0,143.0,3.0,2,3000,0,0,0,0,2,0
CF,18VOR,43.705231,1.285717,0,TOU,323.4,1.8,143.0,3.2,2,1980,0,0,0,0,0,0
CF,RW14R,43.644114,1.345933,0,TOU,143.5,2.7,143.0,4.5,1,544,0,0,0,0,3,0
FD,RW14R,43.644114,1.345933,0,TOU,143.5,8.0,144.0,8.0,0,0,0,0,0,0,0,0
CI,1, ,0.0,16.0,0,0,0,0,0,0,0,0
CF,D026J,43.835953,1.419031,0,TOU,26.0,10.5,331.0,13.0,1,4000,0,0,0,0,0,0
CF,NETRO,44.050917,1.573028,0,TOU,26.1,25.0,26.0,14.5,0,0,0,0,0,0,0,0

APPTR,D32L,32L,ADIMO
IF,ADIMO,43.492000,1.908750, ,0.0,0.0,0,0,0,0,0,0,1,0
CF,TOE,43.481111,1.679889,0,TOU,125.5,20.1,265.0,10.0,2,4000,0,0,0,0,0,0
CF,CD32L,43.474833,1.516639,0,TOU,142.8,15.3,265.0,7.1,2,3000,0,0,0,0,1,0

APPTR,D32L,32L,LASBO
IF,LASBO,43.605306,1.551028, ,0.0,0.0,2,8000,0,0,0,0,1,0
CF,D121P,43.538608,1.620314,0,TOU,121.1,16.0,142.0,5.0,2,3000,0,0,0,0,0,0
CI,0, ,0.0,142.0,0,0,0,0,0,0,0,0
AF,D135R,43.464639,1.595967,2,TOU,135.0,18.0,123.0,0,0,0,1,220,0,0,1
CF,CD32L,43.474833,1.516639,0,TOU,142.8,15.3,323.0,3.0,2,3000,0,0,0,0,1,0

APPTR,D32L,32L,OGRIL
FC,OGRIL,43.292333,1.235083,0,TOU,0.0,0.0,32.0,4.0,0,0,0,0,0,0,1,0
CI,0, ,0.0,32.0,0,0,0,0,0,0,0,0
AF,D152R,43.413333,1.496667,1,TOU,152.0,18.0,178.0,2,4000,0,1,220,0,0,1
CF,CD32L,43.474833,1.516639,0,TOU,142.8,15.3,323.0,3.0,2,3000,0,0,0,0,1,0

APPTR,D32L,32L,SULIT
IF,SULIT,43.383694,1.252556, ,0.0,0.0,0,0,0,0,0,0,1,0
AF,D152R,43.413333,1.496667,1,TOU,152.0,18.0,187.0,2,4000,0,1,220,0,0,1
CF,CD32L,43.474833,1.516639,0,TOU,142.8,15.3,323.0,3.0,2,3000,0,0,0,0,1,0

FINAL,D32L,32L,D,4
IF,CD32L,43.474833,1.516639,TOU,142.8,15.3,2,3000,0,0,0,0,0,0
CF,FD32L,43.515250,1.476194,0,TOU,142.8,12.3,323.0,3.0,2,3000,0,0,0,0,2,0
CF,80VOR,43.573167,1.418125,0,TOU,142.8,8.0,323.0,4.3,2,1630,0,0,0,0,0,0
CF,MD32L,43.613553,1.377550,0,TOU,142.8,5.0,323.0,3.0,1,673,0,0,0,0,3,0
CF,TOU,43.680833,1.309806,0,TOU,0.0,0.0,323.0,5.0,0,0,0,0,0,0,0,0
CF,D303J,43.773883,1.119097,0,TOU,303.0,10.0,303.0,10.0,1,4000,0,0,0,0,0,1
CI,0, ,0.0,250.0,1,5000,0,0,0,0,0,0
AF,SULIT,43.383694,1.252556,1,TOU,187.0,18.0,284.0,0,0,0,0,0,0,0,0

APPTR,D32R,32R,ADIMO
IF,ADIMO,43.492000,1.908750, ,0.0,0.0,0,0,0,0,0,0,1,0
CF,TOE,43.481111,1.679889,0,TOU,125.5,20.1,265.0,10.0,2,4000,0,0,0,0,0,0
CF,CD32R,43.474667,1.531528,0,TOU,140.9,15.7,265.0,6.5,2,3000,0,0,0,0,1,0

APPTR,D32R,32R,LASBO
IF,LASBO,43.605306,1.551028, ,0.0,0.0,2,8000,0,0,0,0,1,0
CF,D121P,43.538608,1.620314,0,TOU,121.1,16.0,142.0,5.0,2,3000,0,0,0,0,0,0
CI,0, ,0.0,142.0,0,0,0,0,0,0,0,0
AF,D135R,43.464639,1.595967,2,TOU,135.0,18.0,123.0,0,0,0,1,220,0,0,1
CF,CD32R,43.474667,1.531528,0,TOU,140.9,15.7,321.0,3.0,2,3000,0,0,0,0,1,0

APPTR,D32R,32R,OGRIL
FC,OGRIL,43.292333,1.235083,0,TOU,0.0,0.0,32.0,4.0,0,0,0,0,0,0,1,0
CI,0, ,0.0,32.0,0,0,0,0,0,0,0,0
AF,D152R,43.413333,1.496667,1,TOU,152.0,18.0,178.0,2,4000,0,1,220,0,0,1
CF,CD32R,43.474667,1.531528,0,TOU,140.9,15.7,321.0,3.0,2,3000,0,0,0,0,1,0

APPTR,D32R,32R,SULIT
IF,SULIT,43.383694,1.252556, ,0.0,0.0,0,0,0,0,0,0,1,0
AF,D152R,43.413333,1.496667,1,TOU,152.0,18.0,187.0,2,4000,0,1,220,0,0,1
CF,CD32R,43.474667,1.531528,0,TOU,140.9,15.7,321.0,3.0,2,3000,0,0,0,0,1,0

FINAL,D32R,32R,D,4
IF,CD32R,43.474667,1.531528,TOU,140.9,15.7,2,3000,0,0,0,0,0,0
CF,FD32R,43.514111,1.489278,0,TOU,140.9,12.7,321.0,3.0,2,3000,0,0,0,0,2,0
CF,80VO2,43.575836,1.422983,0,TOU,140.9,8.0,321.0,4.7,2,1510,0,0,0,0,0,0
CF,RW32R,43.615636,1.380236,0,TOU,140.9,5.0,321.0,3.0,1,547,0,0,0,0,3,0
CF,TOU,43.680833,1.309806,0,TOU,0.0,0.0,321.0,5.0,0,0,0,0,0,0,0,0
CF,D303J,43.773883,1.119097,0,TOU,303.0,10.0,303.0,10.0,1,4000,0,0,0,0,0,1
CI,0, ,0.0,250.0,1,5000,0,0,0,0,0,0
AF,SULIT,43.383694,1.252556,1,TOU,187.0,18.0,284.0,0,0,0,0,0,0,0,0

APPTR,I14L,14L,ABLIS
IF,ABLIS,44.064944,1.481806, ,0.0,0.0,4,11000,8000,0,0,0,1,0
TF,BO509,43.864333,1.251444,0, ,0.0,0.0,0.0,0.0,0,0,0,0,0,0,0,0
TF,IO14L,43.787917,1.200389,0, ,0.0,0.0,0.0,0.0,2,3000,0,1,210,0,0,0
CF,CF14L,43.780139,1.208444,0,TG,321.9,12.5,142.0,0.6,2,3000,0,0,0,0,1,0

APPTR,I14L,14L,ADIM1
IF,ADIMO,43.492000,1.908750, ,0.0,0.0,0,0,0,0,0,0,1,0
CF,TOE,43.481111,1.679889,0,TOU,125.5,20.1,265.0,10.0,0,0,0,0,0,0,0,0
CF,LASBO,43.605306,1.551028,0,TOU,112.2,11.4,322.0,9.3,0,0,0,0,0,0,0,0
CF,D062F,43.724117,1.427103,0,TOU,62.0,5.7,322.0,8.9,2,8000,0,0,0,0,0,0
CF,D350L,43.878269,1.265375,0,TOU,349.8,12.0,322.0,11.6,2,3000,0,0,0,0,0,0
AF,D335L,43.863508,1.197358,1,TOU,335.0,12.0,350.0,0,0,0,1,220,0,0,1
CF,CF14L,43.780139,1.208444,0,TG,321.9,12.5,142.0,5.0,2,3000,0,0,0,0,1,0

APPTR,I14L,14L,ADIM2
IF,ADIMO,43.492000,1.908750, ,0.0,0.0,0,0,0,0,0,0,1,0
TF,BO506,43.745111,1.463583,0, ,0.0,0.0,0.0,0.0,2,8000,0,0,0,0,0,0
TF,BO509,43.864333,1.251444,0, ,0.0,0.0,0.0,0.0,0,0,0,0,0,0,0,0
TF,IO14L,43.787917,1.200389,1, ,0.0,0.0,0.0,0.0,2,3000,0,1,210,0,0,0
CF,CF14L,43.780139,1.208444,0,TG,321.9,12.5,142.0,0.6,2,3000,0,0,0,0,1,0

APPTR,I14L,14L,AGN
IF,AGN,43.888028,0.872861, ,0.0,0.0,2,8000,0,0,0,0,1,0
TF,BO508,43.869778,1.109722,0, ,0.0,0.0,0.0,0.0,0,0,0,0,0,0,0,0
TF,IO14L,43.787917,1.200389,0, ,0.0,0.0,0.0,0.0,2,3000,0,1,210,0,0,0
CF,CF14L,43.780139,1.208444,0,TG,321.9,12.5,142.0,0.6,2,3000,0,0,0,0,1,0

APPTR,I14L,14L,LORTO
IF,LORTO,43.631972,0.996056, ,0.0,0.0,0,0,0,0,0,0,1,0
CI,0, ,0.0,77.0,0,0,0,0,0,0,0,0
AF,D282L,43.725511,1.041053,2,TOU,282.0,12.0,257.0,2,5000,0,0,0,0,0,0
AF,D312L,43.817069,1.107775,2,TOU,312.0,12.0,282.0,2,3000,0,1,220,0,0,1
CF,CF14L,43.780139,1.208444,0,TG,321.9,12.5,142.0,5.0,2,3000,0,0,0,0,1,0

APPTR,I14L,14L,NETRO
IF,NETRO,44.050917,1.573028, ,0.0,0.0,0,0,0,0,0,0,1,0
CF,TLB,43.946389,1.441389,0,TOU,18.7,16.9,221.0,8.5,0,0,0,0,0,0,0,0
FD,TLB,43.946389,1.441389,0,TOU,18.7,14.0,199.0,14.0,2,4000,0,0,0,0,0,0
CI,0, ,0.0,199.0,0,0,0,0,0,0,0,0
AF,D335L,43.863508,1.197358,1,TOU,335.0,12.0,19.0,2,3000,0,1,220,0,0,1
CF,CF14L,43.780139,1.208444,0,TG,321.9,12.5,142.0,5.0,2,3000,0,0,0,0,1,0

APPTR,I14L,14L,SURA1
IF,SURAS,43.642444,1.062833, ,0.0,0.0,0,0,0,0,0,0,1,0
CF,D242P,43.561286,0.981531,0,TOU,242.5,16.0,257.0,5.0,0,0,0,0,0,0,0,1
CF,LORTO,43.631972,0.996056,2,TOU,257.0,14.0,77.0,2.0,0,0,0,0,0,0,0,0
CI,0, ,0.0,77.0,0,0,0,0,0,0,0,0
AF,D282L,43.725511,1.041053,2,TOU,282.0,12.0,257.0,2,5000,0,0,0,0,0,0
AF,D312L,43.817069,1.107775,2,TOU,312.0,12.0,282.0,2,3000,0,1,220,0,0,1
CF,CF14L,43.780139,1.208444,0,TG,321.9,12.5,142.0,5.0,2,3000,0,0,0,0,1,0

APPTR,I14L,14L,SURA2
IF,SURAS,43.642444,1.062833, ,0.0,0.0,2,8000,0,0,0,0,1,0
TF,BO507,43.769833,1.078972,0, ,0.0,0.0,0.0,0.0,0,0,0,0,0,0,0,0
TF,IO14L,43.787917,1.200389,0, ,0.0,0.0,0.0,0.0,2,3000,0,1,210,0,0,0
CF,CF14L,43.780139,1.208444,0,TG,321.9,12.5,142.0,0.6,2,3000,0,0,0,0,1,0

FINAL,I14L,14L,I,3
IF,CF14L,43.780139,1.208444,TG,321.9,12.5,2,3000,0,0,0,0,0,0
CF,FF14L,43.740000,1.250444,0,TG,321.9,9.5,142.0,3.0,1,3000,0,0,0,0,2,0
CF,RW14L,43.637364,1.357625,0,TG,321.9,1.8,142.0,7.7,1,539,0,0,0,0,3,0
FD,RW14L,43.637364,1.357625,0,TOU,140.4,8.0,142.0,8.0,0,0,0,0,0,0,0,0
CI,1, ,0.0,16.0,0,0,0,0,0,0,0,0
CF,D026J,43.835953,1.419031,0,TOU,26.0,10.5,331.0,13.0,1,4000,0,0,0,0,0,0
CF,NETRO,44.050917,1.573028,0,TOU,26.1,25.0,26.0,14.5,0,0,0,0,0,0,0,0

APPTR,I14R,14R,ABLIS
IF,ABLIS,44.064944,1.481806, ,0.0,0.0,4,11000,8000,0,0,0,1,0
TF,BO509,43.864333,1.251444,0, ,0.0,0.0,0.0,0.0,0,0,0,0,0,0,0,0
TF,IO14R,43.794389,1.188889,0, ,0.0,0.0,0.0,0.0,2,3000,0,1,210,0,0,0
CF,CF14R,43.786611,1.196889,0,TBS,321.9,12.9,142.0,0.6,2,3000,0,0,0,0,1,0

APPTR,I14R,14R,ADIM1
IF,ADIMO,43.492000,1.908750, ,0.0,0.0,0,0,0,0,0,0,1,0
CF,TOE,43.481111,1.679889,0,TOU,125.5,20.1,265.0,10.0,0,0,0,0,0,0,0,0
CF,LASBO,43.605306,1.551028,0,TOU,112.2,11.4,322.0,9.3,0,0,0,0,0,0,0,0
CF,D062F,43.724117,1.427103,0,TOU,62.0,5.7,322.0,8.9,2,8000,0,0,0,0,0,0
CF,D350L,43.878269,1.265375,0,TOU,349.8,12.0,322.0,11.6,2,3000,0,0,0,0,0,0
AF,D335L,43.863508,1.197358,1,TOU,335.0,12.0,350.0,0,0,0,1,220,0,0,1
CF,CF14R,43.786611,1.196889,0,TBS,321.9,12.9,142.0,4.0,2,3000,0,0,0,0,1,0

APPTR,I14R,14R,ADIM2
IF,ADIMO,43.492000,1.908750, ,0.0,0.0,0,0,0,0,0,0,1,0
TF,BO506,43.745111,1.463583,0, ,0.0,0.0,0.0,0.0,2,8000,0,0,0,0,0,0
TF,BO509,43.864333,1.251444,0, ,0.0,0.0,0.0,0.0,0,0,0,0,0,0,0,0
TF,IO14R,43.794389,1.188889,1, ,0.0,0.0,0.0,0.0,2,3000,0,1,210,0,0,0
CF,CF14R,43.786611,1.196889,0,TBS,321.9,12.9,142.0,0.6,2,3000,0,0,0,0,1,0

APPTR,I14R,14R,AGN
IF,AGN,43.888028,0.872861, ,0.0,0.0,2,8000,0,0,0,0,1,0
TF,BO508,43.869778,1.109722,0, ,0.0,0.0,0.0,0.0,0,0,0,0,0,0,0,0
TF,IO14R,43.794389,1.188889,0, ,0.0,0.0,0.0,0.0,2,3000,0,1,210,0,0,0
CF,CF14R,43.786611,1.196889,0,TBS,321.9,12.9,142.0,0.6,2,3000,0,0,0,0,1,0

APPTR,I14R,14R,LORTO
IF,LORTO,43.631972,0.996056, ,0.0,0.0,0,0,0,0,0,0,1,0
CI,0, ,0.0,77.0,0,0,0,0,0,0,0,0
AF,D282L,43.725511,1.041053,2,TOU,282.0,12.0,257.0,2,5000,0,0,0,0,0,0
AF,D312L,43.817069,1.107775,2,TOU,312.0,12.0,282.0,2,3000,0,1,220,0,0,1
CF,CF14R,43.786611,1.196889,0,TBS,321.9,12.9,142.0,4.0,2,3000,0,0,0,0,1,0

APPTR,I14R,14R,NETRO
IF,NETRO,44.050917,1.573028, ,0.0,0.0,0,0,0,0,0,0,1,0
CF,TLB,43.946389,1.441389,0,TOU,18.7,16.9,221.0,8.5,0,0,0,0,0,0,0,0
FD,TLB,43.946389,1.441389,0,TOU,18.7,14.0,199.0,14.0,2,4000,0,0,0,0,0,0
CI,0, ,0.0,199.0,0,0,0,0,0,0,0,0
AF,D335L,43.863508,1.197358,1,TOU,335.0,12.0,19.0,2,3000,0,1,220,0,0,1
CF,CF14R,43.786611,1.196889,0,TBS,321.9,12.9,142.0,4.0,2,3000,0,0,0,0,1,0

APPTR,I14R,14R,SURA1
IF,SURAS,43.642444,1.062833, ,0.0,0.0,0,0,0,0,0,0,1,0
CF,D242P,43.561286,0.981531,0,TOU,242.5,16.0,257.0,5.0,0,0,0,0,0,0,0,1
CF,LORTO,43.631972,0.996056,2,TOU,257.0,14.0,77.0,2.0,0,0,0,0,0,0,0,0
CI,0, ,0.0,77.0,0,0,0,0,0,0,0,0
AF,D282L,43.725511,1.041053,2,TOU,282.0,12.0,257.0,2,5000,0,0,0,0,0,0
AF,D312L,43.817069,1.107775,2,TOU,312.0,12.0,282.0,2,3000,0,1,220,0,0,1
CF,CF14R,43.786611,1.196889,0,TBS,321.9,12.9,142.0,4.0,2,3000,0,0,0,0,1,0

APPTR,I14R,14R,SURA2
IF,SURAS,43.642444,1.062833, ,0.0,0.0,2,8000,0,0,0,0,1,0
TF,BO507,43.769833,1.078972,0, ,0.0,0.0,0.0,0.0,0,0,0,0,0,0,0,0
TF,IO14R,43.794389,1.188889,0, ,0.0,0.0,0.0,0.0,2,3000,0,1,210,0,0,0
CF,CF14R,43.786611,1.196889,0,TBS,321.9,12.9,142.0,0.6,2,3000,0,0,0,0,1,0

FINAL,I14R,14R,I,3
IF,CF14R,43.786611,1.196889,TBS,321.9,12.9,2,3000,0,0,0,0,0,0
CF,FF14R,43.746556,1.238889,0,TBS,321.9,9.9,142.0,3.0,1,3000,0,0,0,0,2,0
CF,RW14R,43.644114,1.345933,0,TBS,321.9,2.2,142.0,7.7,1,544,0,0,0,0,3,0
FD,RW14R,43.644114,1.345933,0,TOU,143.5,8.0,142.0,8.0,0,0,0,0,0,0,0,0
CI,1, ,0.0,16.0,0,0,0,0,0,0,0,0
CF,D026J,43.835953,1.419031,0,TOU,26.0,10.5,331.0,13.0,1,4000,0,0,0,0,0,0
CF,NETRO,44.050917,1.573028,0,TOU,26.1,25.0,26.0,14.5,0,0,0,0,0,0,0,0

APPTR,I32L,32L,ADIM1
IF,ADIMO,43.492000,1.908750, ,0.0,0.0,0,0,0,0,0,0,1,0
CF,TOE,43.481111,1.679889,0,TOU,125.5,20.1,265.0,10.0,2,4000,0,0,0,0,0,0
CF,CF32L,43.475944,1.520472,0,TBN,141.9,13.0,265.0,7.0,2,3000,0,0,0,0,1,0

APPTR,I32L,32L,ADIM2
IF,ADIMO,43.492000,1.908750, ,0.0,0.0,4,11000,8000,0,0,0,1,0
TF,BO606,43.486083,1.727194,0, ,0.0,0.0,0.0,0.0,0,0,0,1,230,0,0,0
TF,BO603,43.482194,1.612833,0, ,0.0,0.0,0.0,0.0,2,4000,0,0,0,0,0,0
TF,IO32L,43.468472,1.528194,0, ,0.0,0.0,0.0,0.0,2,3000,0,1,210,0,0,0
CF,CF32L,43.475944,1.520472,0,TBN,141.9,13.0,322.0,0.6,2,3000,0,0,0,0,1,0

APPTR,I32L,32L,AGENO
IF,AGENO,43.489778,1.274472, ,0.0,0.0,2,8000,0,0,0,0,1,0
TF,BO602,43.395083,1.473972,0, ,0.0,0.0,0.0,0.0,2,5000,0,0,0,0,0,0
TF,IO32L,43.468472,1.528194,1, ,0.0,0.0,0.0,0.0,2,3000,0,1,210,0,0,0
CF,CF32L,43.475944,1.520472,0,TBN,141.9,13.0,322.0,0.6,2,3000,0,0,0,0,1,0

APPTR,I32L,32L,LASBO
IF,LASBO,43.605306,1.551028, ,0.0,0.0,2,8000,0,0,0,0,1,0
CF,D121P,43.538608,1.620314,0,TOU,121.1,16.0,142.0,5.0,2,3000,0,0,0,0,0,0
CI,0, ,0.0,142.0,0,0,0,0,0,0,0,0
AF,D135R,43.464639,1.595967,2,TOU,135.0,18.0,123.0,0,0,0,1,220,0,0,1
CF,CF32L,43.475944,1.520472,0,TBN,141.9,13.0,322.0,3.0,2,3000,0,0,0,0,1,0

APPTR,I32L,32L,LAVKU
IF,LAVKU,43.754861,1.658028, ,0.0,0.0,4,11000,8000,0,0,0,1,0
TF,BO604,43.553361,1.624583,0, ,0.0,0.0,0.0,0.0,0,0,0,1,230,0,0,0
TF,BO603,43.482194,1.612833,0, ,0.0,0.0,0.0,0.0,2,4000,0,0,0,0,0,0
TF,IO32L,43.468472,1.528194,0, ,0.0,0.0,0.0,0.0,2,3000,0,1,210,0,0,0
CF,CF32L,43.475944,1.520472,0,TBN,141.9,13.0,322.0,0.6,2,3000,0,0,0,0,1,0

APPTR,I32L,32L,OGRI1
FC,OGRIL,43.292333,1.235083,0,TOU,0.0,0.0,32.0,4.0,0,0,0,0,0,0,1,0
CI,0, ,0.0,32.0,0,0,0,0,0,0,0,0
AF,D152R,43.413333,1.496667,1,TOU,152.0,18.0,178.0,2,4000,0,1,220,0,0,1
CF,CF32L,43.475944,1.520472,0,TBN,141.9,13.0,322.0,3.0,2,3000,0,0,0,0,1,0

APPTR,I32L,32L,OGRI2
IF,OGRIL,43.292333,1.235083, ,0.0,0.0,2,8000,0,0,0,0,1,0
TF,BO602,43.395083,1.473972,0, ,0.0,0.0,0.0,0.0,2,5000,0,0,0,0,0,0
TF,IO32L,43.468472,1.528194,0, ,0.0,0.0,0.0,0.0,2,3000,0,1,210,0,0,0
CF,CF32L,43.475944,1.520472,0,TBN,141.9,13.0,322.0,0.6,2,3000,0,0,0,0,1,0

APPTR,I32L,32L,SULI1
IF,SULIT,43.383694,1.252556, ,0.0,0.0,0,0,0,0,0,0,1,0
AF,D152R,43.413333,1.496667,1,TOU,152.0,18.0,187.0,2,4000,0,1,220,0,0,1
CF,CF32L,43.475944,1.520472,0,TBN,141.9,13.0,322.0,3.0,2,3000,0,0,0,0,1,0

APPTR,I32L,32L,SULI2
IF,SULIT,43.383694,1.252556, ,0.0,0.0,2,8000,0,0,0,0,1,0
TF,BO602,43.395083,1.473972,0, ,0.0,0.0,0.0,0.0,2,5000,0,0,0,0,0,0
TF,IO32L,43.468472,1.528194,0, ,0.0,0.0,0.0,0.0,2,3000,0,1,210,0,0,0
CF,CF32L,43.475944,1.520472,0,TBN,141.9,13.0,322.0,0.6,2,3000,0,0,0,0,1,0

FINAL,I32L,32L,I,3
IF,CF32L,43.475944,1.520472,TBN,141.9,13.0,2,3000,0,0,0,0,0,0
CF,FF32L,43.516361,1.478528,0,TBN,141.9,9.9,322.0,3.0,1,3000,0,0,0,0,2,0
CF,RW32L,43.618964,1.372117,0,TBN,141.9,2.2,322.0,7.7,1,545,0,0,0,0,3,0
CF,TOU,43.680833,1.309806,0,TOU,0.0,0.0,322.0,4.6,0,0,0,0,0,0,0,0
CF,D303J,43.773883,1.119097,0,TOU,303.0,10.0,303.0,10.0,1,4000,0,0,0,0,0,1
CI,0, ,0.0,250.0,1,5000,0,0,0,0,0,0
AF,SULIT,43.383694,1.252556,1,TOU,187.0,18.0,284.0,0,0,0,0,0,0,0,0

APPTR,I32R,32R,ADIM1
IF,ADIMO,43.492000,1.908750, ,0.0,0.0,0,0,0,0,0,0,1,0
TF,TOE,43.481111,1.679889,0, ,0.0,0.0,0.0,0.0,2,4000,0,0,0,0,0,0
CF,CF32R,43.472500,1.528278,0,TD,141.9,12.5,265.0,6.6,2,3000,0,0,0,0,1,0

APPTR,I32R,32R,ADIM2
IF,ADIMO,43.492000,1.908750, ,0.0,0.0,4,11000,8000,0,0,0,1,0
TF,BO606,43.486083,1.727194,0, ,0.0,0.0,0.0,0.0,0,0,0,1,230,0,0,0
TF,BO603,43.482194,1.612833,0, ,0.0,0.0,0.0,0.0,2,4000,0,0,0,0,0,0
TF,IO32R,43.465222,1.536194,0, ,0.0,0.0,0.0,0.0,2,3000,0,1,210,0,0,0
CF,CF32R,43.472500,1.528278,0,TD,141.9,12.5,322.0,0.6,2,3000,0,0,0,0,1,0

APPTR,I32R,32R,AGENO
IF,AGENO,43.489778,1.274472, ,0.0,0.0,2,8000,0,0,0,0,1,0
TF,BO602,43.395083,1.473972,0, ,0.0,0.0,0.0,0.0,2,5000,0,0,0,0,0,0
TF,IO32R,43.465222,1.536194,0, ,0.0,0.0,0.0,0.0,2,3000,0,1,210,0,0,0
CF,CF32R,43.472500,1.528278,0,TD,141.9,12.5,322.0,0.6,2,3000,0,0,0,0,1,0

APPTR,I32R,32R,LASBO
IF,LASBO,43.605306,1.551028, ,0.0,0.0,2,8000,0,0,0,0,1,0
CF,D121P,43.538608,1.620314,0,TOU,121.1,16.0,142.0,5.0,2,3000,0,0,0,0,0,0
CI,0, ,0.0,142.0,0,0,0,0,0,0,0,0
AF,D135R,43.464639,1.595967,2,TOU,135.0,18.0,123.0,0,0,0,1,220,0,0,1
CF,CF32R,43.472500,1.528278,0,TD,141.9,12.5,322.0,3.0,2,3000,0,0,0,0,1,0

APPTR,I32R,32R,LAVKU
IF,LAVKU,43.754861,1.658028, ,0.0,0.0,4,11000,8000,0,0,0,1,0
TF,BO604,43.553361,1.624583,0, ,0.0,0.0,0.0,0.0,0,0,0,1,230,0,0,0
TF,BO603,43.482194,1.612833,0, ,0.0,0.0,0.0,0.0,2,4000,0,0,0,0,0,0
TF,IO32R,43.465222,1.536194,0, ,0.0,0.0,0.0,0.0,2,3000,0,1,210,0,0,0
CF,CF32R,43.472500,1.528278,0,TD,141.9,12.5,322.0,0.6,2,3000,0,0,0,0,1,0

APPTR,I32R,32R,OGRI1
FC,OGRIL,43.292333,1.235083,0,TOU,0.0,0.0,32.0,4.0,0,0,0,0,0,0,1,0
CI,0, ,0.0,32.0,0,0,0,0,0,0,0,0
AF,D152R,43.413333,1.496667,1,TOU,152.0,18.0,178.0,2,4000,0,1,220,0,0,1
CF,CF32R,43.472500,1.528278,0,TD,141.9,12.5,322.0,3.0,2,3000,0,0,0,0,1,0

APPTR,I32R,32R,OGRI2
IF,OGRIL,43.292333,1.235083, ,0.0,0.0,2,8000,0,0,0,0,1,0
TF,BO602,43.395083,1.473972,0, ,0.0,0.0,0.0,0.0,2,5000,0,0,0,0,0,0
TF,IO32R,43.465222,1.536194,0, ,0.0,0.0,0.0,0.0,2,3000,0,1,210,0,0,0
CF,CF32R,43.472500,1.528278,0,TD,141.9,12.5,322.0,0.6,2,3000,0,0,0,0,1,0

APPTR,I32R,32R,SULI1
IF,SULIT,43.383694,1.252556, ,0.0,0.0,0,0,0,0,0,0,1,0
AF,D152R,43.413333,1.496667,1,TOU,152.0,18.0,187.0,2,4000,0,1,220,0,0,1
CF,CF32R,43.472500,1.528278,0,TD,141.9,12.5,322.0,3.0,2,3000,0,0,0,0,1,0

APPTR,I32R,32R,SULI2
IF,SULIT,43.383694,1.252556, ,0.0,0.0,2,8000,0,0,0,0,1,0
TF,BO602,43.395083,1.473972,0, ,0.0,0.0,0.0,0.0,2,5000,0,0,0,0,0,0
TF,IO32R,43.465222,1.536194,0, ,0.0,0.0,0.0,0.0,2,3000,0,1,210,0,0,0
CF,CF32R,43.472500,1.528278,0,TD,141.9,12.5,322.0,0.6,2,3000,0,0,0,0,1,0

FINAL,I32R,32R,I,3
IF,CF32R,43.472500,1.528278,TD,141.9,12.5,2,3000,0,0,0,0,0,0
CF,FF32R,43.513028,1.486389,0,TD,141.9,9.5,322.0,3.0,1,3000,0,0,0,0,2,0
CF,RW32R,43.615636,1.380236,0,TD,141.9,1.8,322.0,7.7,1,547,0,0,0,0,3,0
CF,TOU,43.680833,1.309806,0,TOU,0.0,0.0,322.0,5.0,0,0,0,0,0,0,0,0
CF,D303J,43.773883,1.119097,0,TOU,303.0,10.0,303.0,10.0,1,4000,0,0,0,0,0,1
CI,0, ,0.0,250.0,1,5000,0,0,0,0,0,0
AF,SULIT,43.383694,1.252556,1,TOU,187.0,18.0,284.0,0,0,0,0,0,0,0,0

APPTR,R14L,14L,ABLIS
IF,ABLIS,44.064944,1.481806, ,0.0,0.0,4,11000,8000,0,0,0,1,0
TF,BO509,43.864333,1.251444,0, ,0.0,0.0,0.0,0.0,0,0,0,0,0,0,0,0
TF,IO14L,43.787917,1.200389,0, ,0.0,0.0,0.0,0.0,2,3000,0,1,210,0,1,0

APPTR,R14L,14L,ADIMO
IF,ADIMO,43.492000,1.908750, ,0.0,0.0,0,0,0,0,0,0,1,0
TF,BO506,43.745111,1.463583,0, ,0.0,0.0,0.0,0.0,2,8000,0,0,0,0,0,0
TF,BO509,43.864333,1.251444,0, ,0.0,0.0,0.0,0.0,0,0,0,0,0,0,0,0
TF,IO14L,43.787917,1.200389,1, ,0.0,0.0,0.0,0.0,2,3000,0,1,210,0,1,0

APPTR,R14L,14L,AGN
IF,AGN,43.888028,0.872861, ,0.0,0.0,2,8000,0,0,0,0,1,0
TF,BO508,43.869778,1.109722,0, ,0.0,0.0,0.0,0.0,0,0,0,0,0,0,0,0
TF,IO14L,43.787917,1.200389,0, ,0.0,0.0,0.0,0.0,2,3000,0,1,210,0,1,0

APPTR,R14L,14L,SURAS
IF,SURAS,43.642444,1.062833, ,0.0,0.0,2,8000,0,0,0,0,1,0
TF,BO507,43.769833,1.078972,0, ,0.0,0.0,0.0,0.0,0,0,0,0,0,0,0,0
TF,IO14L,43.787917,1.200389,0, ,0.0,0.0,0.0,0.0,2,3000,0,1,210,0,1,0

FINAL,R14L,14L,R,3
IF,IO14L,43.787917,1.200389, ,0.0,0.0,2,3000,0,0,0,0,0,0
TF,FO14L,43.740083,1.250472,0, ,0.0,0.0,142.0,3.6,1,3000,0,0,0,0,2,0
TF,RW14L,43.637364,1.357625,0, ,0.0,0.0,142.0,7.7,1,539,0,0,0,0,3,1
TF,BO512,43.560389,1.432944,0, ,0.0,0.0,0.0,0.0,0,0,0,1,190,0,0,0
TF,BO513,43.571917,1.532111,0, ,0.0,0.0,0.0,0.0,0,0,0,1,190,0,0,0
TF,BO514,43.673139,1.538667,0, ,0.0,0.0,0.0,0.0,0,0,0,0,0,0,0,0
TF,BO515,43.834806,1.418861,0, ,0.0,0.0,0.0,0.0,1,4000,0,0,0,0,0,0
TF,NETRO,44.050917,1.573028,0, ,0.0,0.0,0.0,0.0,1,7000,0,0,0,0,0,1

APPTR,R14R,14R,ABLIS
IF,ABLIS,44.064944,1.481806, ,0.0,0.0,4,11000,8000,0,0,0,1,0
TF,BO509,43.864333,1.251444,0, ,0.0,0.0,0.0,0.0,0,0,0,0,0,0,0,0
TF,IO14R,43.794389,1.188889,0, ,0.0,0.0,0.0,0.0,2,3000,0,1,210,0,1,0

APPTR,R14R,14R,ADIMO
IF,ADIMO,43.492000,1.908750, ,0.0,0.0,0,0,0,0,0,0,1,0
TF,BO506,43.745111,1.463583,0, ,0.0,0.0,0.0,0.0,2,8000,0,0,0,0,0,0
TF,BO509,43.864333,1.251444,0, ,0.0,0.0,0.0,0.0,0,0,0,0,0,0,0,0
TF,IO14R,43.794389,1.188889,1, ,0.0,0.0,0.0,0.0,2,3000,0,1,210,0,1,0

APPTR,R14R,14R,AGN
IF,AGN,43.888028,0.872861, ,0.0,0.0,2,8000,0,0,0,0,1,0
TF,BO508,43.869778,1.109722,0, ,0.0,0.0,0.0,0.0,0,0,0,0,0,0,0,0
TF,IO14R,43.794389,1.188889,0, ,0.0,0.0,0.0,0.0,2,3000,0,1,210,0,1,0

APPTR,R14R,14R,SURAS
IF,SURAS,43.642444,1.062833, ,0.0,0.0,2,8000,0,0,0,0,1,0
TF,BO507,43.769833,1.078972,0, ,0.0,0.0,0.0,0.0,0,0,0,0,0,0,0,0
TF,IO14R,43.794389,1.188889,0, ,0.0,0.0,0.0,0.0,2,3000,0,1,210,0,1,0

FINAL,R14R,14R,R,3
IF,IO14R,43.794389,1.188889, ,0.0,0.0,2,3000,0,0,0,0,0,0
TF,FO14R,43.746611,1.238944,0, ,0.0,0.0,142.0,3.6,1,3000,0,0,0,0,2,0
TF,RW14R,43.644114,1.345933,0, ,0.0,0.0,142.0,7.7,1,544,0,0,0,0,3,1
TF,BO512,43.560389,1.432944,0, ,0.0,0.0,0.0,0.0,0,0,0,1,190,0,0,0
TF,BO513,43.571917,1.532111,0, ,0.0,0.0,0.0,0.0,0,0,0,1,190,0,0,0
TF,BO514,43.673139,1.538667,0, ,0.0,0.0,0.0,0.0,0,0,0,0,0,0,0,0
TF,BO515,43.834806,1.418861,0, ,0.0,0.0,0.0,0.0,1,4000,0,0,0,0,0,0
TF,NETRO,44.050917,1.573028,0, ,0.0,0.0,0.0,0.0,1,7000,0,0,0,0,0,1

APPTR,R32L,32L,ADIMO
IF,ADIMO,43.492000,1.908750, ,0.0,0.0,4,11000,8000,0,0,0,1,0
TF,BO606,43.486083,1.727194,0, ,0.0,0.0,0.0,0.0,0,0,0,1,230,0,0,0
TF,BO603,43.482194,1.612833,0, ,0.0,0.0,0.0,0.0,2,4000,0,0,0,0,0,0
TF,IO32L,43.468472,1.528194,0, ,0.0,0.0,0.0,0.0,2,3000,0,1,210,0,1,0

APPTR,R32L,32L,AGENO
IF,AGENO,43.489778,1.274472, ,0.0,0.0,2,8000,0,0,0,0,1,0
TF,BO602,43.395083,1.473972,0, ,0.0,0.0,0.0,0.0,2,5000,0,0,0,0,0,0
TF,IO32L,43.468472,1.528194,1, ,0.0,0.0,0.0,0.0,2,3000,0,1,210,0,1,0

APPTR,R32L,32L,LAVKU
IF,LAVKU,43.754861,1.658028, ,0.0,0.0,4,11000,8000,0,0,0,1,0
TF,BO604,43.553361,1.624583,0, ,0.0,0.0,0.0,0.0,0,0,0,1,230,0,0,0
TF,BO603,43.482194,1.612833,0, ,0.0,0.0,0.0,0.0,2,4000,0,0,0,0,0,0
TF,IO32L,43.468472,1.528194,0, ,0.0,0.0,0.0,0.0,2,3000,0,1,210,0,1,0

APPTR,R32L,32L,OGRIL
IF,OGRIL,43.292333,1.235083, ,0.0,0.0,2,8000,0,0,0,0,1,0
TF,BO602,43.395083,1.473972,0, ,0.0,0.0,0.0,0.0,2,5000,0,0,0,0,0,0
TF,IO32L,43.468472,1.528194,0, ,0.0,0.0,0.0,0.0,2,3000,0,1,210,0,1,0

APPTR,R32L,32L,SULIT
IF,SULIT,43.383694,1.252556, ,0.0,0.0,2,8000,0,0,0,0,1,0
TF,BO602,43.395083,1.473972,0, ,0.0,0.0,0.0,0.0,2,5000,0,0,0,0,0,0
TF,IO32L,43.468472,1.528194,0, ,0.0,0.0,0.0,0.0,2,3000,0,1,210,0,1,0

FINAL,R32L,32L,R,3
IF,IO32L,43.468472,1.528194, ,0.0,0.0,2,3000,0,0,0,0,0,0
TF,FO32L,43.516417,1.478583,0, ,0.0,0.0,322.0,3.6,1,3000,0,0,0,0,2,0
TF,RW32L,43.618964,1.372117,0, ,0.0,0.0,322.0,7.7,1,545,0,0,0,0,3,1
TF,TOU,43.680833,1.309806,0, ,0.0,0.0,0.0,0.0,0,0,0,0,0,0,0,1
TF,BO614,43.773861,1.119111,0, ,0.0,0.0,0.0,0.0,3,4000,0,0,0,0,0,0
TF,BO616,43.718778,0.899583,0, ,0.0,0.0,0.0,0.0,1,5000,0,0,0,0,0,0
TF,BO618,43.494028,0.974500,0, ,0.0,0.0,0.0,0.0,0,0,0,0,0,0,0,0
TF,SULIT,43.383694,1.252556,0, ,0.0,0.0,0.0,0.0,0,0,0,0,0,0,0,1

APPTR,R32R,32R,ADIMO
IF,ADIMO,43.492000,1.908750, ,0.0,0.0,4,11000,8000,0,0,0,1,0
TF,BO606,43.486083,1.727194,0, ,0.0,0.0,0.0,0.0,0,0,0,1,230,0,0,0
TF,BO603,43.482194,1.612833,0, ,0.0,0.0,0.0,0.0,2,4000,0,0,0,0,0,0
TF,IO32R,43.465222,1.536194,0, ,0.0,0.0,0.0,0.0,2,3000,0,1,210,0,1,0

APPTR,R32R,32R,AGENO
IF,AGENO,43.489778,1.274472, ,0.0,0.0,2,8000,0,0,0,0,1,0
TF,BO602,43.395083,1.473972,0, ,0.0,0.0,0.0,0.0,2,5000,0,0,0,0,0,0
TF,IO32R,43.465222,1.536194,0, ,0.0,0.0,0.0,0.0,2,3000,0,1,210,0,1,0

APPTR,R32R,32R,LAVKU
IF,LAVKU,43.754861,1.658028, ,0.0,0.0,4,11000,8000,0,0,0,1,0
TF,BO604,43.553361,1.624583,0, ,0.0,0.0,0.0,0.0,0,0,0,1,230,0,0,0
TF,BO603,43.482194,1.612833,0, ,0.0,0.0,0.0,0.0,2,4000,0,0,0,0,0,0
TF,IO32R,43.465222,1.536194,0, ,0.0,0.0,0.0,0.0,2,3000,0,1,210,0,1,0

APPTR,R32R,32R,OGRIL
IF,OGRIL,43.292333,1.235083, ,0.0,0.0,2,8000,0,0,0,0,1,0
TF,BO602,43.395083,1.473972,0, ,0.0,0.0,0.0,0.0,2,5000,0,0,0,0,0,0
TF,IO32R,43.465222,1.536194,0, ,0.0,0.0,0.0,0.0,2,3000,0,1,210,0,1,0

APPTR,R32R,32R,SULIT
IF,SULIT,43.383694,1.252556, ,0.0,0.0,2,8000,0,0,0,0,1,0
TF,BO602,43.395083,1.473972,0, ,0.0,0.0,0.0,0.0,2,5000,0,0,0,0,0,0
TF,IO32R,43.465222,1.536194,0, ,0.0,0.0,0.0,0.0,2,3000,0,1,210,0,1,0

FINAL,R32R,32R,R,3
IF,IO32R,43.465222,1.536194, ,0.0,0.0,2,3000,0,0,0,0,0,0
TF,FO32R,43.513139,1.486611,0, ,0.0,0.0,322.0,3.6,1,3000,0,0,0,0,2,0
TF,RW32R,43.615636,1.380236,0, ,0.0,0.0,322.0,7.7,1,547,0,0,0,0,3,1
TF,TOU,43.680833,1.309806,0, ,0.0,0.0,0.0,0.0,0,0,0,0,0,0,0,1
TF,BO614,43.773861,1.119111,0, ,0.0,0.0,0.0,0.0,3,4000,0,0,0,0,0,0
TF,BO616,43.718778,0.899583,0, ,0.0,0.0,0.0,0.0,1,5000,0,0,0,0,0,0
TF,BO618,43.494028,0.974500,0, ,0.0,0.0,0.0,0.0,0,0,0,0,0,0,0,0
TF,SULIT,43.383694,1.252556,0, ,0.0,0.0,0.0,0.0,0,0,0,0,0,0,0,1

