SID,AFRI3C,32,2
CA,0,320.0,2,1590,0,1,175,0,0,0
CI,0, ,0.0,39.0,0,0,0,0,0,0,0,0
CF,AFRIC,43.774167,2.869167,0,TOU,83.7,68.1,84.0,21.0,0,0,0,0,0,0,0,0

SID,AFRI3M,14,2
CA,0,140.0,2,1190,0,0,0,0,0,0
CI,1, ,0.0,28.0,0,0,0,0,0,0,0,0
CF,AFRIC,43.774167,2.869167,0,TOU,83.7,68.1,72.0,19.0,0,0,0,0,0,0,0,0

SID,BISB3C,32,2
CA,0,320.0,2,1190,0,0,0,0,0,0
CF,CVU,43.632472,2.209167,0,TOU,92.9,39.3,320.0,5.0,0,0,0,1,175,0,0,0
TF,BISBI,44.065278,2.456111,0, ,0.0,0.0,0.0,0.0,0,0,0,0,0,0,0,0

SID,BISB3M,14,2
CA,0,140.0,2,1190,0,0,0,0,0,0
DF,CVU,43.632472,2.209167,1, ,0.0,0.0,0,0,0,0,0,0,0,0
TF,BISBI,44.065278,2.456111,0, ,0.0,0.0,0.0,0.0,0,0,0,0,0,0,0,0

SID,FINO3C,32,2
CA,0,320.0,2,1590,0,1,175,0,0,0
CI,0, ,0.0,282.0,0,0,0,0,0,0,0,0
CF,FINOT,43.715083,2.029889,0,TOU,85.0,31.4,327.0,9.0,0,0,0,0,0,0,0,0

SID,FINO3M,14,2
CA,0,140.0,2,1190,0,0,0,0,0,0
VI,2, ,0.0,297.0,0,0,0,0,0,0,0,0
CF,FINOT,43.715083,2.029889,0,TOU,85.0,31.4,327.0,16.0,0,0,0,0,0,0,0,0

SID,MASA3C,32,2
CA,0,320.0,2,1790,0,1,175,0,0,0
CI,1, ,0.0,192.0,0,0,0,0,0,0,0,0
CF,MASAM,43.467778,2.251944,0,TOU,106.0,43.0,146.0,7.0,0,0,0,0,0,0,0,0

SID,MASA3G,14,2
CA,0,140.0,2,1190,0,0,0,0,0,0
VA,1,292.0,2,3000,0,0,0,0,0,0
CI,1, ,0.0,192.0,0,0,0,0,0,0,0,0
CF,MASAM,43.467778,2.251944,0,TOU,106.0,43.0,146.0,6.0,0,0,0,0,0,0,0,0

SID,MEN3C,32,2
CA,0,320.0,2,1190,0,0,0,0,0,0
CF,CVU,43.632472,2.209167,0,TOU,92.9,39.3,320.0,5.0,0,0,0,1,175,0,0,0
TF,BISBI,44.065278,2.456111,0, ,0.0,0.0,0.0,0.0,0,0,0,0,0,0,0,0
TF,MEN,44.608361,3.162417,0, ,0.0,0.0,0.0,0.0,0,0,0,0,0,0,0,0

SID,MEN3M,14,2
CA,0,140.0,2,1190,0,0,0,0,0,0
DF,CVU,43.632472,2.209167,1, ,0.0,0.0,0,0,0,0,0,0,0,0
TF,BISBI,44.065278,2.456111,0, ,0.0,0.0,0.0,0.0,0,0,0,0,0,0,0,0
TF,MEN,44.608361,3.162417,0, ,0.0,0.0,0.0,0.0,0,0,0,0,0,0,0,0

STAR,AFRI2M,14,2
IF,AFRIC,43.774167,2.869167, ,0.0,0.0,0,0,0,0,0,0,0,0
TF,D042J,43.682981,2.442053,0, ,0.0,0.0,0.0,0.0,0,0,0,0,0,0,0,0
TF,CVU,43.632472,2.209167,0, ,0.0,0.0,0.0,0.0,0,0,0,0,0,0,0,0

STAR,FINO2M,14,2
IF,FINOT,43.715083,2.029889, ,0.0,0.0,0,0,0,0,0,0,0,0
TF,CVU,43.632472,2.209167,0, ,0.0,0.0,0.0,0.0,0,0,0,0,0,0,0,0

STAR,GAI3V,14,5
IF,GAI,43.954056,1.824167, ,0.0,0.0,0,0,0,0,0,0,0,0
TF,CK400,43.829000,1.975944,0, ,0.0,0.0,0.0,0.0,2,6000,0,0,0,0,0,0
TF,ICK14,43.722361,2.104667,0, ,0.0,0.0,0.0,0.0,2,3500,0,0,0,0,0,0

STAR,MASA2M,14,2
IF,MASAM,43.467778,2.251944, ,0.0,0.0,0,0,0,0,0,0,0,0
TF,CVU,43.632472,2.209167,0, ,0.0,0.0,0.0,0.0,0,0,0,0,0,0,0,0

STAR,MEN2M,14,2
IF,MEN,44.608361,3.162417, ,0.0,0.0,0,0,0,0,0,0,0,0
TF,ME45A,44.188158,2.295900,0, ,0.0,0.0,0.0,0.0,0,0,0,0,0,0,0,0
TF,CVU,43.632472,2.209167,0, ,0.0,0.0,0.0,0.0,0,0,0,0,0,0,0,0

APPTR,I14,14,FINOT
IF,FINOT,43.715083,2.029889, ,0.0,0.0,0,0,0,0,0,0,1,0
CF,D320L,43.709075,2.119450,0,TOU,86.0,35.3,95.0,3.9,2,3500,0,0,0,0,0,0
CF,CI14,43.683144,2.148328,0,EN,320.2,10.4,140.0,2.0,2,3500,0,0,0,0,0,0

APPTR,I14,14,GOKAS
IF,GOKAS,43.720722,2.106389, ,0.0,0.0,0,0,0,0,0,0,1,0
CF,D320L,43.709075,2.119450,0,TOU,86.0,35.3,140.0,0.9,2,3500,0,0,0,0,0,0
CF,CI14,43.683144,2.148328,0,EN,320.2,10.4,140.0,2.0,2,3500,0,0,0,0,0,0

FINAL,I14,14,I,3
IF,CI14,43.683144,2.148328,EN,320.2,10.4,2,3500,0,0,0,0,0,0
CF,FI14,43.657917,2.176389,0,EN,320.2,8.5,140.0,2.0,1,3500,0,0,0,0,2,0
CF,RW14,43.561567,2.283283,0,EN,320.2,1.1,140.0,7.4,1,757,0,0,0,0,3,0
CA,0,140.0,2,1304,0,0,0,0,0,0
DF,CVU,43.632472,2.209167,2, ,0.0,0.0,1,3500,0,1,160,0,0,0

APPTR,N14-Y,14,CVU
HF,CVU,43.632472,2.209167,2, ,0.0,0.0,142.0,04.3,2,3500,0,1,190,0,1,0,0

APPTR,N14-Y,14,MEN
IF,MEN,44.608361,3.162417, ,0.0,0.0,0,0,0,0,0,0,0,0
TF,MEN47,43.974175,2.538489,0, ,0.0,0.0,0.0,0.0,0,0,0,0,0,0,0,0
TF,CVU,43.632472,2.209167,0, ,0.0,0.0,0.0,0.0,2,3500,0,0,0,0,0,1
HF,CVU,43.632472,2.209167,2, ,0.0,0.0,142.0,04.3,2,3500,0,1,190,0,0,0,0

FINAL,N14-Y,14,N,3
IF,FF14,43.672750,2.167056,CVU,0.0,0.0,2,3500,0,0,0,0,2,0
CF,CVU,43.632472,2.209167,0,CVU,0.0,0.0,142.0,3.0,2,2510,0,0,0,0,0,0
CF,MA14,43.587997,2.255261,0,CVU,0.0,0.0,142.0,3.3,1,1414,0,0,0,0,3,0
CA,0,142.0,2,1414,0,0,0,0,0,0
DF,CVU,43.632472,2.209167,2, ,0.0,0.0,1,3500,0,1,160,0,0,0

APPTR,Q14-Z,14,CVU
IF,CVU,43.632472,2.209167, ,0.0,0.0,2,3500,0,0,0,0,1,0
CF,D274E,43.641028,2.085328,0,TOU,92.8,33.9,322.0,4.0,0,0,0,0,0,0,0,1
CF,FF14,43.672750,2.167056,2,TOU,89.5,37.3,142.0,1.0,2,3500,0,0,0,0,0,0

APPTR,Q14-Z,14,MEN
IF,MEN,44.608361,3.162417, ,0.0,0.0,0,0,0,0,0,0,0,0
TF,MEN47,43.974175,2.538489,0, ,0.0,0.0,0.0,0.0,0,0,0,0,0,0,0,0
TF,CVU,43.632472,2.209167,0, ,0.0,0.0,0.0,0.0,2,3500,0,0,0,0,0,1
CF,D274E,43.641028,2.085328,0,TOU,92.8,33.9,322.0,4.0,0,0,0,0,0,0,0,1
CF,FF14,43.672750,2.167056,2,TOU,89.5,37.3,142.0,1.0,2,3500,0,0,0,0,0,0

FINAL,Q14-Z,14,N,3
IF,FF14,43.672750,2.167056,CVU,0.0,0.0,2,3500,0,0,0,0,2,0
CF,CVU,43.632472,2.209167,0,CVU,0.0,0.0,142.0,3.0,2,2510,0,0,0,0,0,0
CF,MA14,43.587997,2.255261,0,EN,0.0,2.1,142.0,3.3,1,1414,0,0,0,0,3,0
CA,0,142.0,2,1414,0,0,0,0,0,0
DF,CVU,43.632472,2.209167,2, ,0.0,0.0,1,3500,0,1,160,0,0,0

APPTR,R14-X,14,CK410
IF,CK410,43.669917,2.015417, ,0.0,0.0,0,0,0,0,0,0,1,0
TF,ICK14,43.722361,2.104667,0, ,0.0,0.0,0.0,0.0,2,3500,0,0,0,0,1,0

APPTR,R14-X,14,CK411
IF,CK411,43.774750,2.194083, ,0.0,0.0,0,0,0,0,0,0,1,0
TF,ICK14,43.722361,2.104667,0, ,0.0,0.0,0.0,0.0,2,3500,0,0,0,0,1,0

APPTR,R14-X,14,CVU
IF,CVU,43.632472,2.209167, ,0.0,0.0,0,0,0,0,0,0,1,0
TF,CK420,43.578750,2.117222,0, ,0.0,0.0,0.0,0.0,0,0,0,1,190,0,0,0
TF,CK410,43.669917,2.015417,0, ,0.0,0.0,0.0,0.0,0,0,0,0,0,0,0,0
TF,ICK14,43.722361,2.104667,0, ,0.0,0.0,0.0,0.0,2,3500,0,0,0,0,1,0

FINAL,R14-X,14,R,3
IF,ICK14,43.722361,2.104667, ,0.0,0.0,2,3500,0,0,0,0,1,0
TF,FCK14,43.657528,2.176833,0, ,0.0,0.0,140.0,5.0,1,3500,0,0,0,0,2,0
TF,MK14X,43.583639,2.258833,0, ,0.0,0.0,140.0,5.7,1,1385,0,0,0,0,3,1
DF,CK420,43.578750,2.117222,2, ,0.0,0.0,1,3500,0,1,160,0,0,0
TF,CK410,43.669917,2.015417,0, ,0.0,0.0,0.0,0.0,0,0,0,0,0,0,0,0

APPTR,R14-Y,14,CK410
IF,CK410,43.669917,2.015417, ,0.0,0.0,0,0,0,0,0,0,1,0
TF,ICK14,43.722361,2.104667,0, ,0.0,0.0,0.0,0.0,2,3500,0,0,0,0,1,0

APPTR,R14-Y,14,CK411
IF,CK411,43.774750,2.194083, ,0.0,0.0,0,0,0,0,0,0,1,0
TF,ICK14,43.722361,2.104667,0, ,0.0,0.0,0.0,0.0,2,3500,0,0,0,0,1,0

APPTR,R14-Y,14,CVU
IF,CVU,43.632472,2.209167, ,0.0,0.0,0,0,0,0,0,0,1,0
TF,CK420,43.578750,2.117222,0, ,0.0,0.0,0.0,0.0,0,0,0,1,190,0,0,0
TF,CK410,43.669917,2.015417,0, ,0.0,0.0,0.0,0.0,0,0,0,0,0,0,0,0
TF,ICK14,43.722361,2.104667,0, ,0.0,0.0,0.0,0.0,2,3500,0,0,0,0,1,0

FINAL,R14-Y,14,R,3
IF,ICK14,43.722361,2.104667, ,0.0,0.0,2,3500,0,0,0,0,1,0
TF,FCK14,43.657528,2.176833,0, ,0.0,0.0,140.0,5.0,1,3500,0,0,0,0,2,0
TF,MK14Y,43.574556,2.268917,0, ,0.0,0.0,140.0,6.4,1,1125,0,0,0,0,3,1
CA,0,140.0,2,1190,0,0,0,0,0,0
DF,CK420,43.578750,2.117222,2, ,0.0,0.0,1,3500,0,1,140,0,0,0
TF,CK410,43.669917,2.015417,0, ,0.0,0.0,0.0,0.0,0,0,0,0,0,0,0,0

APPTR,R14-Z,14,CK410
IF,CK410,43.669917,2.015417, ,0.0,0.0,0,0,0,0,0,0,1,0
TF,ICK14,43.722361,2.104667,0, ,0.0,0.0,0.0,0.0,2,3500,0,0,0,0,1,0

APPTR,R14-Z,14,CK411
IF,CK411,43.774750,2.194083, ,0.0,0.0,0,0,0,0,0,0,1,0
TF,ICK14,43.722361,2.104667,0, ,0.0,0.0,0.0,0.0,2,3500,0,0,0,0,1,0

APPTR,R14-Z,14,CVU
IF,CVU,43.632472,2.209167, ,0.0,0.0,0,0,0,0,0,0,1,0
TF,CK420,43.578750,2.117222,0, ,0.0,0.0,0.0,0.0,0,0,0,1,190,0,0,0
TF,CK410,43.669917,2.015417,0, ,0.0,0.0,0.0,0.0,0,0,0,0,0,0,0,0
TF,ICK14,43.722361,2.104667,0, ,0.0,0.0,0.0,0.0,2,3500,0,0,0,0,1,0

FINAL,R14-Z,14,R,3
IF,ICK14,43.722361,2.104667, ,0.0,0.0,2,3500,0,0,0,0,1,0
TF,FCK14,43.657528,2.176833,0, ,0.0,0.0,140.0,5.0,1,3500,0,0,0,0,2,0
TF,RW14,43.561567,2.283283,0, ,0.0,0.0,140.0,7.4,1,753,0,0,0,0,3,1
CA,0,140.0,2,1190,0,0,0,0,0,0
DF,CK420,43.578750,2.117222,2, ,0.0,0.0,1,3500,0,1,140,0,0,0
TF,CK410,43.669917,2.015417,0, ,0.0,0.0,0.0,0.0,0,0,0,0,0,0,0,0

