SID,MARE3J,12,5
CA,0,122.0,2,460,0,0,0,0,0,0
DF,MAREN,45.733333,-1.061667,0, ,0.0,0.0,0,0,0,0,0,0,0,0

SID,MARE3N,30,2
CA,0,302.0,2,460,0,0,0,0,0,0
CI,1, ,0.0,210.0,0,0,0,0,0,0,0,0
CF,MAREN,45.733333,-1.061667,0,BMC,345.3,56.3,165.0,8.0,0,0,0,0,0,0,0,0

SID,MARE3S,12,2
CA,0,122.0,2,460,0,0,0,0,0,0
CF,MAREN,45.733333,-1.061667,0,BMC,345.3,56.3,210.0,10.0,0,0,0,0,0,0,0,0

SID,MARE3V,30,5
CA,0,302.0,2,460,0,0,0,0,0,0
DF,MAREN,45.733333,-1.061667,1, ,0.0,0.0,0,0,0,0,0,0,0,0

SID,OLER3J,12,5
CA,0,122.0,2,460,0,0,0,0,0,0
DF,DN124,45.867222,-1.117944,2, ,0.0,0.0,3,8000,0,1,185,0,0,0
TF,OLERO,45.969722,-1.150278,0, ,0.0,0.0,0.0,0.0,0,0,0,0,0,0,0,0

SID,OLER3N,30,2
CA,0,302.0,2,460,0,0,0,0,0,0
CI,0, ,0.0,302.0,0,0,0,0,0,0,0,0
CF,OLERO,45.969722,-1.150278,0,NTS,164.8,74.0,345.0,1.0,0,0,0,0,0,0,0,0

SID,OLER3S,12,2
CA,0,122.0,2,460,0,0,0,0,0,0
CI,2, ,0.0,300.0,0,0,0,0,0,0,0,0
CF,OLERO,45.969722,-1.150278,0,NTS,164.8,74.0,345.0,8.0,0,0,0,0,0,0,0,0

SID,OLER3V,30,5
CA,0,302.0,2,460,0,0,0,0,0,0
DF,OLERO,45.969722,-1.150278,0, ,0.0,0.0,0,0,0,0,0,0,0,0

STAR,CNA3T,30,5
IF,CNA,45.659556,-0.311639, ,0.0,0.0,0,0,0,0,0,0,0,0
TF,DN302,45.760750,-0.666667,0, ,0.0,0.0,0.0,0.0,4,4200,2500,1,200,0,0,0

STAR,LUSO3H,30,5
IF,LUSON,46.500000,-1.350833, ,0.0,0.0,0,0,0,0,0,0,0,0
TF,DN121,46.058333,-1.181917,0, ,0.0,0.0,0.0,0.0,2,2500,0,0,0,0,0,0
TF,ROC,45.888417,-0.986250,0, ,0.0,0.0,0.0,0.0,4,8000,2500,1,220,0,0,0

STAR,LUSO3R,30,2
IF,LUSON,46.500000,-1.350833, ,0.0,0.0,0,0,0,0,0,0,0,0
TF,NTS69,46.059372,-1.179703,0, ,0.0,0.0,0.0,0.0,0,0,0,0,0,0,0,0
TF,ROC,45.888417,-0.986250,0, ,0.0,0.0,0.0,0.0,0,0,0,0,0,0,0,0

STAR,LUSO3T,12,5
IF,LUSON,46.500000,-1.350833, ,0.0,0.0,0,0,0,0,0,0,0,0
TF,DN121,46.058333,-1.181917,0, ,0.0,0.0,0.0,0.0,4,4100,2500,1,185,0,0,0

STAR,MARE3H,30,5
IF,MAREN,45.733333,-1.061667, ,0.0,0.0,0,0,0,0,0,0,0,0
TF,ROC,45.888417,-0.986250,0, ,0.0,0.0,0.0,0.0,4,8000,2500,1,220,0,0,0

STAR,MARE3R,30,2
IF,MAREN,45.733333,-1.061667, ,0.0,0.0,0,0,0,0,0,0,0,0
TF,ROC,45.888417,-0.986250,0, ,0.0,0.0,0.0,0.0,0,0,0,0,0,0,0,0

STAR,MARE3T,12,5
IF,MAREN,45.733333,-1.061667, ,0.0,0.0,0,0,0,0,0,0,0,0
TF,DN122,45.930667,-1.252417,0, ,0.0,0.0,0.0,0.0,4,3800,2500,1,185,0,0,0

APPTR,N30,30,ROC1
IF,ROC,45.888417,-0.986250, ,0.0,0.0,1,2500,0,1,200,0,1,0
FC,ROC,45.888417,-0.986250,0,CNA,0.0,0.0,95.0,6.7,1,2000,0,0,0,0,0,1
CF,FN30,45.836781,-0.847542,2,CNA,295.5,24.9,298.0,1.0,1,2000,0,0,0,0,0,0

APPTR,N30,30,ROC2
IF,ROC,45.888417,-0.986250, ,0.0,0.0,1,2500,0,1,170,0,1,0
FC,ROC,45.888417,-0.986250,0,CNA,0.0,0.0,102.0,6.7,1,2000,0,0,0,0,0,1
CF,FN30,45.836781,-0.847542,2,CNA,295.5,24.9,298.0,1.0,1,2000,0,0,0,0,0,0

APPTR,N30,30,ROC3
IF,ROC,45.888417,-0.986250, ,0.0,0.0,1,2500,0,1,140,0,1,0
FC,ROC,45.888417,-0.986250,0,CNA,0.0,0.0,106.0,6.7,1,2000,0,0,0,0,0,1
CF,FN30,45.836781,-0.847542,2,CNA,295.5,24.9,298.0,1.0,1,2000,0,0,0,0,0,0

FINAL,N30,30,N,2
IF,FN30,45.836781,-0.847542,ROC,0.0,0.0,1,2000,0,0,0,0,2,0
CF,RW30,45.885114,-0.972519,0,ROC,0.0,0.0,298.0,6.0,1,107,0,0,0,0,3,0
CF,ROC,45.888417,-0.986250,0,CNA,296.1,31.5,298.0,0.6,0,0,0,0,0,0,0,1
FA,ROC,45.888417,-0.986250,0,CNA,0.0,0.0,298.0,2,1500,0,0,0,0,0,0
DF,ROC,45.888417,-0.986250,1, ,0.0,0.0,1,2500,0,1,210,0,0,0

APPTR,R12,12,DN121
IF,DN121,46.058333,-1.181917, ,0.0,0.0,4,4100,2500,1,185,0,1,0
TF,IDN12,45.986889,-1.201083,0, ,0.0,0.0,0.0,0.0,1,2500,0,1,185,0,1,0

APPTR,R12,12,DN122
IF,DN122,45.930667,-1.252417, ,0.0,0.0,4,3800,2500,1,185,0,1,0
TF,IDN12,45.986889,-1.201083,0, ,0.0,0.0,0.0,0.0,1,2500,0,1,185,0,1,0

APPTR,R12,12,ROC
IF,ROC,45.888417,-0.986250, ,0.0,0.0,4,3800,2500,1,220,0,1,0
DF,DN124,45.867222,-1.117944,2, ,0.0,0.0,4,3800,2500,1,185,0,0,0
TF,DN122,45.930667,-1.252417,0, ,0.0,0.0,0.0,0.0,4,3800,2500,1,185,0,0,0
TF,IDN12,45.986889,-1.201083,0, ,0.0,0.0,0.0,0.0,1,2500,0,1,185,0,1,0

FINAL,R12,12,R,3
IF,IDN12,45.986889,-1.201083, ,0.0,0.0,1,2500,0,1,185,0,0,0
TF,FDN12,45.955556,-1.130528,0, ,0.0,0.0,122.0,3.5,1,2500,0,0,0,0,2,0
TF,RW12,45.896172,-0.997261,0, ,0.0,0.0,122.0,6.6,1,109,0,0,0,0,3,1
TF,DN120,45.874611,-0.949028,0, ,0.0,0.0,0.0,0.0,3,2500,0,1,185,0,0,1
DF,DN124,45.867222,-1.117944,2, ,0.0,0.0,4,3800,2500,1,185,0,0,0
TF,DN122,45.930667,-1.252417,0, ,0.0,0.0,0.0,0.0,4,3800,2500,1,185,0,0,0

APPTR,R30,30,DN302
IF,DN302,45.760750,-0.666667, ,0.0,0.0,4,4200,2500,1,200,0,1,0
TF,IDN30,45.782694,-0.744417,0, ,0.0,0.0,0.0,0.0,1,2500,0,1,185,0,1,0

APPTR,R30,30,ROC
IF,ROC,45.888417,-0.986250, ,0.0,0.0,1,2500,0,1,220,0,1,0
TF,DN303,45.882833,-0.759889,0, ,0.0,0.0,0.0,0.0,1,2500,0,1,200,0,0,0
TF,DN301,45.848528,-0.683694,0, ,0.0,0.0,0.0,0.0,1,2500,0,1,200,0,0,0
TF,IDN30,45.782694,-0.744417,0, ,0.0,0.0,0.0,0.0,1,2500,0,1,185,0,1,0

FINAL,R30,30,R,3
IF,IDN30,45.782694,-0.744417, ,0.0,0.0,1,2500,0,1,185,0,0,0
TF,FDN30,45.816972,-0.820528,0, ,0.0,0.0,303.0,3.8,1,2500,0,0,0,0,2,0
TF,RW30,45.885114,-0.972519,0, ,0.0,0.0,303.0,7.6,1,107,0,0,0,0,3,1
TF,DN300,45.925500,-1.063000,0, ,0.0,0.0,0.0,0.0,0,0,0,1,190,0,0,1
DF,ROC,45.888417,-0.986250,1, ,0.0,0.0,2,2500,0,1,220,0,0,0

