SID,ALUR4N,35L,2
CD, ,0,0,0,LSE,0,0.0,354.0,3.4,0,0,0,0,0,0,0,0
CF,ALURA,46.500000,4.952694,0,LSE,350.8,45.7,352.0,42.0,0,0,0,0,0,0,0,0

SID,ALUR4N,35R,2
CD, ,0,0,0,LSE,0,0.0,354.0,3.4,0,0,0,0,0,0,0,0
CF,ALURA,46.500000,4.952694,0,LSE,350.8,45.7,352.0,42.0,0,0,0,0,0,0,0,0

SID,ALUR4S,17L,2
CD, ,0,0,0,LSE,0,0.0,174.0,4.2,0,0,0,0,0,0,0,0
CI,1, ,0.0,12.0,0,0,0,0,0,0,0,0
CF,DANBO,45.921750,5.058722,0,LTP,327.5,30.5,328.0,14.0,0,0,0,0,0,0,0,0
TF,ALURA,46.500000,4.952694,0, ,0.0,0.0,0.0,0.0,0,0,0,0,0,0,0,0

SID,ALUR4S,17R,2
CD, ,0,0,0,LSE,0,0.0,174.0,4.2,0,0,0,0,0,0,0,0
CI,1, ,0.0,12.0,0,0,0,0,0,0,0,0
CF,DANBO,45.921750,5.058722,0,LTP,327.5,30.5,328.0,14.0,0,0,0,0,0,0,0,0
TF,ALURA,46.500000,4.952694,0, ,0.0,0.0,0.0,0.0,0,0,0,0,0,0,0,0

SID,ASLE4N,35L,4
CF,D348C,45.758386,5.084344,0,LSE,339.2,0.8,354.0,1.0,2,1230,0,0,0,0,0,1
CF,D059M,45.665244,5.152972,2,LSE,149.4,5.5,179.0,5.0,0,0,0,0,0,0,0,1
CF,ABADO,45.655833,5.293056,1,LSE,120.2,10.1,82.0,6.0,0,0,0,0,0,0,0,0

SID,ASLE4N,35R,4
CF,D352C,45.758811,5.088803,0,LSE,352.6,0.8,354.0,2.0,2,1230,0,0,0,0,0,1
CF,D059M,45.665244,5.152972,2,LSE,149.4,5.5,179.0,5.0,0,0,0,0,0,0,0,1
CF,ABADO,45.655833,5.293056,1,LSE,120.2,10.1,82.0,6.0,0,0,0,0,0,0,0,0

SID,ASLE4N,ALL,5
IF,ABADO,45.655833,5.293056, ,0.0,0.0,0,0,0,0,0,0,0,0
TF,D121Y,45.520989,5.599181,0, ,0.0,0.0,0.0,0.0,0,0,0,0,0,0,0,1
CF,RISOR,45.538333,5.964167,0,LTP,80.2,22.4,81.0,15.0,2,13000,0,0,0,0,0,0
TF,ASLEG,45.752500,6.154167,0, ,0.0,0.0,0.0,0.0,0,0,0,0,0,0,0,0

SID,ASLE4S,17L,5
CD, ,0,0,0,LSE,0,0.0,174.0,4.2,0,0,0,0,0,0,0,0
CF,D174I,45.596128,5.109200,0,LSE,174.0,9.0,174.0,5.0,0,0,0,0,0,0,0,1
TF,LTP,45.488972,5.439056,0, ,0.0,0.0,113.0,16.0,0,0,0,0,0,0,0,0
TF,LAPAT,45.500278,5.558056,0, ,0.0,0.0,0.0,0.0,0,0,0,0,0,0,0,0
TF,PENAR,45.506944,5.626944,0, ,0.0,0.0,0.0,0.0,2,10000,0,0,0,0,0,0
TF,RISOR,45.538333,5.964167,0, ,0.0,0.0,0.0,0.0,2,13000,0,0,0,0,0,0
TF,ASLEG,45.752500,6.154167,0, ,0.0,0.0,0.0,0.0,0,0,0,0,0,0,0,0

SID,ASLE4S,17R,5
CD, ,0,0,0,LSE,0,0.0,174.0,4.2,0,0,0,0,0,0,0,0
CF,D174I,45.596128,5.109200,0,LSE,174.0,9.0,174.0,5.0,0,0,0,0,0,0,0,1
TF,LTP,45.488972,5.439056,0, ,0.0,0.0,113.0,16.0,0,0,0,0,0,0,0,0
TF,LAPAT,45.500278,5.558056,0, ,0.0,0.0,0.0,0.0,0,0,0,0,0,0,0,0
TF,PENAR,45.506944,5.626944,0, ,0.0,0.0,0.0,0.0,2,10000,0,0,0,0,0,0
TF,RISOR,45.538333,5.964167,0, ,0.0,0.0,0.0,0.0,2,13000,0,0,0,0,0,0
TF,ASLEG,45.752500,6.154167,0, ,0.0,0.0,0.0,0.0,0,0,0,0,0,0,0,0

SID,BELE4N,35L,5
CA,0,354.0,2,2500,0,0,0,0,0,0
DF,LL361,45.927861,5.063806,0, ,0.0,0.0,0,0,0,0,0,0,0,0
TF,LL362,45.828194,4.826444,1, ,0.0,0.0,0.0,0.0,2,11000,0,0,0,0,0,0
TF,RONIS,45.780972,4.713056,0, ,0.0,0.0,0.0,0.0,0,0,0,0,0,0,0,0
TF,MADOT,45.730056,4.514000,0, ,0.0,0.0,0.0,0.0,0,0,0,0,0,0,0,0
TF,BELEP,45.791667,4.131667,0, ,0.0,0.0,0.0,0.0,0,0,0,0,0,0,0,0

SID,BELE4N,35R,5
CA,0,354.0,2,2500,0,0,0,0,0,0
DF,LL361,45.927861,5.063806,0, ,0.0,0.0,0,0,0,0,0,0,0,0
TF,LL362,45.828194,4.826444,1, ,0.0,0.0,0.0,0.0,2,11000,0,0,0,0,0,0
TF,RONIS,45.780972,4.713056,0, ,0.0,0.0,0.0,0.0,0,0,0,0,0,0,0,0
TF,MADOT,45.730056,4.514000,0, ,0.0,0.0,0.0,0.0,0,0,0,0,0,0,0,0
TF,BELEP,45.791667,4.131667,0, ,0.0,0.0,0.0,0.0,0,0,0,0,0,0,0,0

SID,BELE4S,17L,5
CD, ,0,0,0,LSE,0,0.0,174.0,4.2,0,0,0,0,0,0,0,0
CF,D174G,45.629328,5.105072,0,LSE,174.0,7.0,174.0,3.0,0,0,0,0,0,0,0,1
CF,VNE,45.556444,4.883417,0,LSE,216.6,14.3,255.0,10.0,0,0,0,0,0,0,0,0
TF,MADOT,45.730056,4.514000,0, ,0.0,0.0,0.0,0.0,0,0,0,0,0,0,0,0
TF,BELEP,45.791667,4.131667,0, ,0.0,0.0,0.0,0.0,0,0,0,0,0,0,0,0

SID,BELE4S,17R,5
CD, ,0,0,0,LSE,0,0.0,174.0,4.2,0,0,0,0,0,0,0,0
CF,D174G,45.629328,5.105072,0,LSE,174.0,7.0,174.0,3.0,0,0,0,0,0,0,0,1
CF,VNE,45.556444,4.883417,0,LSE,216.6,14.3,255.0,10.0,0,0,0,0,0,0,0,0
TF,MADOT,45.730056,4.514000,0, ,0.0,0.0,0.0,0.0,0,0,0,0,0,0,0,0
TF,BELEP,45.791667,4.131667,0, ,0.0,0.0,0.0,0.0,0,0,0,0,0,0,0,0

SID,BELU4N,35L,2
CD, ,0,0,0,LSE,0,0.0,354.0,3.4,0,0,0,0,0,0,0,0
CF,D352D,45.814989,5.078386,0,LSE,351.0,4.2,352.0,1.0,0,0,0,0,0,0,0,1
CF,D121J,45.661844,5.290836,2,LTP,327.0,12.1,148.0,12.0,0,0,0,0,0,0,0,0
VI,0, ,0.0,105.0,0,0,0,0,0,0,0,0
CF,BELUS,45.675278,5.593889,0,LTP,28.2,13.0,75.0,11.0,0,0,0,0,0,0,0,0

SID,BELU4N,35R,2
CD, ,0,0,0,LSE,0,0.0,354.0,3.4,0,0,0,0,0,0,0,0
CF,D352D,45.814989,5.078386,0,LSE,351.0,4.2,352.0,1.0,0,0,0,0,0,0,0,1
CF,D121J,45.661844,5.290836,2,LTP,327.0,12.1,148.0,12.0,0,0,0,0,0,0,0,0
VI,0, ,0.0,105.0,0,0,0,0,0,0,0,0
CF,BELUS,45.675278,5.593889,0,LTP,28.2,13.0,75.0,11.0,0,0,0,0,0,0,0,0

SID,BELU4S,17L,2
CD, ,0,0,0,LSE,0,0.0,174.0,4.2,0,0,0,0,0,0,0,0
CF,D174I,45.596128,5.109200,0,LSE,174.0,9.0,174.0,5.0,0,0,0,0,0,0,0,1
CF,D293D,45.512667,5.363272,0,LTP,293.0,3.5,113.0,12.0,0,0,0,0,0,0,0,0
VI,0, ,0.0,74.0,0,0,0,0,0,0,0,0
CF,BELUS,45.675278,5.593889,0,LTP,29.2,13.0,29.0,11.0,0,0,0,0,0,0,0,0

SID,BELU4S,17R,2
CD, ,0,0,0,LSE,0,0.0,174.0,4.2,0,0,0,0,0,0,0,0
CF,D174I,45.596128,5.109200,0,LSE,174.0,9.0,174.0,5.0,0,0,0,0,0,0,0,1
CF,D293D,45.512667,5.363272,0,LTP,293.0,3.5,113.0,12.0,0,0,0,0,0,0,0,0
VI,0, ,0.0,74.0,0,0,0,0,0,0,0,0
CF,BELUS,45.675278,5.593889,0,LTP,29.2,13.0,29.0,11.0,0,0,0,0,0,0,0,0

SID,BUSI4N,35L,2
CD, ,0,0,0,LSE,0,0.0,354.0,3.4,0,0,0,0,0,0,0,0
CF,DANBO,45.921750,5.058722,0,LSE,350.8,10.7,352.0,7.0,0,0,0,0,0,0,0,0
TF,BUSIL,46.293611,4.721944,0, ,0.0,0.0,0.0,0.0,0,0,0,0,0,0,0,0

SID,BUSI4N,35R,2
CD, ,0,0,0,LSE,0,0.0,354.0,3.4,0,0,0,0,0,0,0,0
CF,DANBO,45.921750,5.058722,0,LSE,350.8,10.7,352.0,7.0,0,0,0,0,0,0,0,0
TF,BUSIL,46.293611,4.721944,0, ,0.0,0.0,0.0,0.0,0,0,0,0,0,0,0,0

SID,BUSI4S,17L,2
CD, ,0,0,0,LSE,0,0.0,174.0,4.2,0,0,0,0,0,0,0,0
CI,1, ,0.0,12.0,0,0,0,0,0,0,0,0
CF,DANBO,45.921750,5.058722,0,LTP,327.5,30.5,328.0,14.0,0,0,0,0,0,0,0,0
TF,BUSIL,46.293611,4.721944,0, ,0.0,0.0,0.0,0.0,0,0,0,0,0,0,0,0

SID,BUSI4S,17R,2
CD, ,0,0,0,LSE,0,0.0,174.0,4.2,0,0,0,0,0,0,0,0
CI,1, ,0.0,12.0,0,0,0,0,0,0,0,0
CF,DANBO,45.921750,5.058722,0,LTP,327.5,30.5,328.0,14.0,0,0,0,0,0,0,0,0
TF,BUSIL,46.293611,4.721944,0, ,0.0,0.0,0.0,0.0,0,0,0,0,0,0,0,0

SID,GEML4N,35L,1
CF,D348C,45.758386,5.084344,0,LSE,339.2,0.8,354.0,1.0,2,1230,0,0,0,0,0,1
CF,D059M,45.665244,5.152972,2,LSE,149.4,5.5,179.0,5.0,0,0,0,0,0,0,0,1
CF,ABADO,45.655833,5.293056,1,LSE,120.2,10.1,82.0,6.0,0,0,0,0,0,0,0,0

SID,GEML4N,35R,1
CF,D352C,45.758811,5.088803,0,LSE,352.6,0.8,354.0,2.0,2,1230,0,0,0,0,0,1
CF,D059M,45.665244,5.152972,2,LSE,149.4,5.5,179.0,5.0,0,0,0,0,0,0,0,1
CF,ABADO,45.655833,5.293056,1,LSE,120.2,10.1,82.0,6.0,0,0,0,0,0,0,0,0

SID,GEML4N,ALL,2
IF,ABADO,45.655833,5.293056, ,0.0,0.0,0,0,0,0,0,0,0,0
TF,D121Y,45.520989,5.599181,0, ,0.0,0.0,0.0,0.0,0,0,0,0,0,0,0,1
CF,RISOR,45.538333,5.964167,0,LTP,80.2,22.4,81.0,15.0,2,13000,0,0,0,0,0,0
TF,GEMLA,45.572222,6.339722,0, ,0.0,0.0,0.0,0.0,0,0,0,0,0,0,0,0

SID,GEML4S,17L,2
CD, ,0,0,0,LSE,0,0.0,174.0,4.2,0,0,0,0,0,0,0,0
CF,D174I,45.596128,5.109200,0,LSE,174.0,9.0,174.0,5.0,0,0,0,0,0,0,0,1
TF,LTP,45.488972,5.439056,0, ,0.0,0.0,113.0,16.0,0,0,0,0,0,0,0,0
TF,LAPAT,45.500278,5.558056,0, ,0.0,0.0,0.0,0.0,0,0,0,0,0,0,0,0
TF,PENAR,45.506944,5.626944,0, ,0.0,0.0,0.0,0.0,2,10000,0,0,0,0,0,0
TF,RISOR,45.538333,5.964167,0, ,0.0,0.0,0.0,0.0,2,13000,0,0,0,0,0,0
TF,GEMLA,45.572222,6.339722,0, ,0.0,0.0,0.0,0.0,0,0,0,0,0,0,0,0

SID,GEML4S,17R,2
CD, ,0,0,0,LSE,0,0.0,174.0,4.2,0,0,0,0,0,0,0,0
CF,D174I,45.596128,5.109200,0,LSE,174.0,9.0,174.0,5.0,0,0,0,0,0,0,0,1
TF,LTP,45.488972,5.439056,0, ,0.0,0.0,113.0,16.0,0,0,0,0,0,0,0,0
TF,LAPAT,45.500278,5.558056,0, ,0.0,0.0,0.0,0.0,0,0,0,0,0,0,0,0
TF,PENAR,45.506944,5.626944,0, ,0.0,0.0,0.0,0.0,2,10000,0,0,0,0,0,0
TF,RISOR,45.538333,5.964167,0, ,0.0,0.0,0.0,0.0,2,13000,0,0,0,0,0,0
TF,GEMLA,45.572222,6.339722,0, ,0.0,0.0,0.0,0.0,0,0,0,0,0,0,0,0

SID,LUKU4N,35L,4
CF,D348C,45.758386,5.084344,0,LSE,340.2,0.8,354.0,1.0,2,1230,0,0,0,0,0,1
CF,WS,45.362361,5.152972,2,LSE,172.5,23.1,179.0,24.0,0,0,0,0,0,0,0,0

SID,LUKU4N,35R,4
CF,D352C,45.758811,5.088803,0,LSE,353.6,0.8,354.0,2.0,2,1230,0,0,0,0,0,1
CF,WS,45.362361,5.152972,2,LSE,172.5,23.1,179.0,24.0,0,0,0,0,0,0,0,0

SID,LUKU4N,ALL,5
IF,WS,45.362361,5.152972, ,0.0,0.0,0,0,0,0,0,0,0,0
TF,ROMAM,45.102647,5.163447,0, ,0.0,0.0,0.0,0.0,0,0,0,0,0,0,0,0
TF,LUKUM,44.928889,5.182778,0, ,0.0,0.0,0.0,0.0,0,0,0,0,0,0,0,0

SID,LUKU4S,17L,5
CD, ,0,0,0,LSE,0,0.0,174.0,4.2,0,0,0,0,0,0,0,0
CF,ROMAM,45.102647,5.163447,0,LSE,174.4,38.7,174.0,34.0,0,0,0,0,0,0,0,0
TF,LUKUM,44.928889,5.182778,0, ,0.0,0.0,0.0,0.0,0,0,0,0,0,0,0,0

SID,LUKU4S,17R,5
CD, ,0,0,0,LSE,0,0.0,174.0,4.2,0,0,0,0,0,0,0,0
CF,ROMAM,45.102647,5.163447,0,LSE,174.4,38.7,174.0,34.0,0,0,0,0,0,0,0,0
TF,LUKUM,44.928889,5.182778,0, ,0.0,0.0,0.0,0.0,0,0,0,0,0,0,0,0

SID,MABE4N,35L,2
CD, ,0,0,0,LSE,0,0.0,354.0,3.4,0,0,0,0,0,0,0,0
CF,LSE33,46.291006,4.991264,0,LSE,350.8,33.0,352.0,29.0,2,16000,0,0,0,0,0,1
CF,MABES,46.340222,5.265056,2,LSE,10.5,36.4,83.0,10.0,0,0,0,0,0,0,0,0

SID,MABE4N,35R,2
CD, ,0,0,0,LSE,0,0.0,354.0,3.4,0,0,0,0,0,0,0,0
CF,LSE33,46.291006,4.991264,0,LSE,350.8,33.0,352.0,29.0,2,16000,0,0,0,0,0,1
CF,MABES,46.340222,5.265056,2,LSE,10.5,36.4,83.0,10.0,0,0,0,0,0,0,0,0

SID,MABE4S,17L,2
CD, ,0,0,0,LSE,0,0.0,174.0,4.2,0,0,0,0,0,0,0,0
CI,1, ,0.0,12.0,0,0,0,0,0,0,0,0
CF,DANBO,45.921750,5.058722,0,LTP,327.5,30.5,328.0,14.0,0,0,0,0,0,0,0,0
TF,LSE33,46.291006,4.991264,0, ,0.0,0.0,0.0,0.0,2,16000,0,0,0,0,0,1
CF,MABES,46.340222,5.265056,2,LSE,10.5,36.4,83.0,10.0,0,0,0,0,0,0,0,0

SID,MABE4S,17R,2
CD, ,0,0,0,LSE,0,0.0,174.0,4.2,0,0,0,0,0,0,0,0
CI,1, ,0.0,12.0,0,0,0,0,0,0,0,0
CF,DANBO,45.921750,5.058722,0,LTP,327.5,30.5,328.0,14.0,0,0,0,0,0,0,0,0
TF,LSE33,46.291006,4.991264,0, ,0.0,0.0,0.0,0.0,2,16000,0,0,0,0,0,1
CF,MABES,46.340222,5.265056,2,LSE,10.5,36.4,83.0,10.0,0,0,0,0,0,0,0,0

SID,MADO4N,35L,4
CF,D348C,45.758386,5.084344,0,LSE,340.2,0.8,354.0,1.0,2,1230,0,0,0,0,0,1
CI,0, ,0.0,268.0,0,0,0,0,0,0,0,0
CF,D313H,45.842664,4.946525,0,LSE,313.0,8.4,313.0,6.0,0,0,0,0,0,0,0,1
CF,RONIS,45.780972,4.713056,0,LSE,276.8,16.0,237.0,10.0,0,0,0,0,0,0,0,0

SID,MADO4N,35R,4
CF,D352C,45.758811,5.088803,0,LSE,353.6,0.8,354.0,2.0,2,1230,0,0,0,0,0,1
CI,0, ,0.0,268.0,0,0,0,0,0,0,0,0
CF,D313H,45.842664,4.946525,0,LSE,313.0,8.4,313.0,6.0,0,0,0,0,0,0,0,1
CF,RONIS,45.780972,4.713056,0,LSE,276.8,16.0,237.0,10.0,0,0,0,0,0,0,0,0

SID,MADO4N,ALL,5
IF,RONIS,45.780972,4.713056, ,0.0,0.0,0,0,0,0,0,0,0,0
TF,MADOT,45.730056,4.514000,0, ,0.0,0.0,0.0,0.0,0,0,0,0,0,0,0,0

SID,MADO4S,17L,2
CD, ,0,0,0,LSE,0,0.0,174.0,3.2,2,1230,0,0,0,0,0,0
CI,0, ,0.0,249.0,0,0,0,0,0,0,0,0
CF,VNE,45.556444,4.883417,0,LSE,216.6,14.3,220.0,8.0,0,0,0,0,0,0,0,0
TF,MADOT,45.730056,4.514000,0, ,0.0,0.0,0.0,0.0,0,0,0,0,0,0,0,0

SID,MADO4S,17R,2
CD, ,0,0,0,LSE,0,0.0,174.0,3.2,2,1230,0,0,0,0,0,0
CI,0, ,0.0,249.0,0,0,0,0,0,0,0,0
CF,VNE,45.556444,4.883417,0,LSE,216.6,14.3,220.0,8.0,0,0,0,0,0,0,0,0
TF,MADOT,45.730056,4.514000,0, ,0.0,0.0,0.0,0.0,0,0,0,0,0,0,0,0

SID,MOKI4N,35L,2
CD, ,0,0,0,LSE,0,0.0,354.0,3.4,0,0,0,0,0,0,0,0
CF,LSE33,46.291006,4.991264,0,LSE,350.8,33.0,352.0,29.0,2,16000,0,0,0,0,0,0
TF,BOBSI,46.324056,4.985194,0, ,0.0,0.0,0.0,0.0,0,0,0,0,0,0,0,0
TF,MOKIP,46.448889,5.093611,0, ,0.0,0.0,0.0,0.0,2,20000,0,0,0,0,0,0

SID,MOKI4N,35R,2
CD, ,0,0,0,LSE,0,0.0,354.0,3.4,0,0,0,0,0,0,0,0
CF,LSE33,46.291006,4.991264,0,LSE,350.8,33.0,352.0,29.0,2,16000,0,0,0,0,0,0
TF,BOBSI,46.324056,4.985194,0, ,0.0,0.0,0.0,0.0,0,0,0,0,0,0,0,0
TF,MOKIP,46.448889,5.093611,0, ,0.0,0.0,0.0,0.0,2,20000,0,0,0,0,0,0

SID,MOKI4S,17L,2
CD, ,0,0,0,LSE,0,0.0,174.0,4.2,0,0,0,0,0,0,0,0
CI,1, ,0.0,12.0,0,0,0,0,0,0,0,0
CF,DANBO,45.921750,5.058722,0,LTP,327.5,30.5,328.0,14.0,0,0,0,0,0,0,0,0
TF,LSE33,46.291006,4.991264,0, ,0.0,0.0,0.0,0.0,2,16000,0,0,0,0,0,0
TF,BOBSI,46.324056,4.985194,0, ,0.0,0.0,0.0,0.0,0,0,0,0,0,0,0,0
TF,MOKIP,46.448889,5.093611,0, ,0.0,0.0,0.0,0.0,2,20000,0,0,0,0,0,0

SID,MOKI4S,17R,2
CD, ,0,0,0,LSE,0,0.0,174.0,4.2,0,0,0,0,0,0,0,0
CI,1, ,0.0,12.0,0,0,0,0,0,0,0,0
CF,DANBO,45.921750,5.058722,0,LTP,327.5,30.5,328.0,14.0,0,0,0,0,0,0,0,0
TF,LSE33,46.291006,4.991264,0, ,0.0,0.0,0.0,0.0,2,16000,0,0,0,0,0,0
TF,BOBSI,46.324056,4.985194,0, ,0.0,0.0,0.0,0.0,0,0,0,0,0,0,0,0
TF,MOKIP,46.448889,5.093611,0, ,0.0,0.0,0.0,0.0,2,20000,0,0,0,0,0,0

SID,MTL4N,35L,1
CF,D348C,45.758386,5.084344,0,LSE,340.2,0.8,354.0,1.0,2,1230,0,0,0,0,0,1
CF,WS,45.362361,5.152972,2,LSE,172.5,23.1,179.0,24.0,0,0,0,0,0,0,0,0

SID,MTL4N,35R,1
CF,D352C,45.758811,5.088803,0,LSE,353.6,0.8,354.0,2.0,2,1230,0,0,0,0,0,1
CF,WS,45.362361,5.152972,2,LSE,172.5,23.1,179.0,24.0,0,0,0,0,0,0,0,0

SID,MTL4N,ALL,2
IF,WS,45.362361,5.152972, ,0.0,0.0,0,0,0,0,0,0,0,0
TF,ROMAM,45.102647,5.163447,0, ,0.0,0.0,0.0,0.0,0,0,0,0,0,0,0,0
TF,MTL,44.554944,4.779861,0, ,0.0,0.0,0.0,0.0,0,0,0,0,0,0,0,0

SID,MTL4S,17L,2
CD, ,0,0,0,LSE,0,0.0,174.0,4.2,0,0,0,0,0,0,0,0
CF,ROMAM,45.102647,5.163447,0,LSE,174.4,38.7,174.0,34.0,0,0,0,0,0,0,0,0
TF,MTL,44.554944,4.779861,0, ,0.0,0.0,0.0,0.0,0,0,0,0,0,0,0,0

SID,MTL4S,17R,2
CD, ,0,0,0,LSE,0,0.0,174.0,4.2,0,0,0,0,0,0,0,0
CF,ROMAM,45.102647,5.163447,0,LSE,174.4,38.7,174.0,34.0,0,0,0,0,0,0,0,0
TF,MTL,44.554944,4.779861,0, ,0.0,0.0,0.0,0.0,0,0,0,0,0,0,0,0

SID,MURO4N,35L,5
CA,0,354.0,2,2500,0,0,0,0,0,0
DF,LL361,45.927861,5.063806,0, ,0.0,0.0,0,0,0,0,0,0,0,0
TF,LL362,45.828194,4.826444,1, ,0.0,0.0,0.0,0.0,2,11000,0,0,0,0,0,0
TF,RONIS,45.780972,4.713056,0, ,0.0,0.0,0.0,0.0,0,0,0,0,0,0,0,0
TF,MEBAK,45.708028,4.648861,0, ,0.0,0.0,0.0,0.0,0,0,0,0,0,0,0,0
TF,MURRO,45.332917,4.375556,0, ,0.0,0.0,0.0,0.0,0,0,0,0,0,0,0,0

SID,MURO4N,35R,5
CA,0,354.0,2,2500,0,0,0,0,0,0
DF,LL361,45.927861,5.063806,0, ,0.0,0.0,0,0,0,0,0,0,0,0
TF,LL362,45.828194,4.826444,1, ,0.0,0.0,0.0,0.0,2,11000,0,0,0,0,0,0
TF,RONIS,45.780972,4.713056,0, ,0.0,0.0,0.0,0.0,0,0,0,0,0,0,0,0
TF,MEBAK,45.708028,4.648861,0, ,0.0,0.0,0.0,0.0,0,0,0,0,0,0,0,0
TF,MURRO,45.332917,4.375556,0, ,0.0,0.0,0.0,0.0,0,0,0,0,0,0,0,0

SID,MURO4S,17L,2
CD, ,0,0,0,LSE,0,0.0,174.0,4.2,0,0,0,0,0,0,0,0
CF,D174G,45.629328,5.105072,0,LSE,174.0,7.0,174.0,3.0,0,0,0,0,0,0,0,1
CF,VNE,45.556444,4.883417,0,LSE,216.6,14.3,255.0,10.0,0,0,0,0,0,0,0,0
TF,MURRO,45.332917,4.375556,0, ,0.0,0.0,0.0,0.0,0,0,0,0,0,0,0,0

SID,MURO4S,17R,2
CD, ,0,0,0,LSE,0,0.0,174.0,4.2,0,0,0,0,0,0,0,0
CF,D174G,45.629328,5.105072,0,LSE,174.0,7.0,174.0,3.0,0,0,0,0,0,0,0,1
CF,VNE,45.556444,4.883417,0,LSE,216.6,14.3,255.0,10.0,0,0,0,0,0,0,0,0
TF,MURRO,45.332917,4.375556,0, ,0.0,0.0,0.0,0.0,0,0,0,0,0,0,0,0

SID,PIMA4N,35L,4
CF,D348C,45.758386,5.084344,0,LSE,340.2,0.8,354.0,1.0,2,1230,0,0,0,0,0,1
CI,0, ,0.0,268.0,0,0,0,0,0,0,0,0
CF,D313H,45.842664,4.946525,0,LSE,313.0,8.4,313.0,6.0,0,0,0,0,0,0,0,1
CF,RONIS,45.780972,4.713056,0,LSE,276.8,16.0,237.0,10.0,0,0,0,0,0,0,0,0

SID,PIMA4N,35R,4
CF,D352C,45.758811,5.088803,0,LSE,353.6,0.8,354.0,2.0,2,1230,0,0,0,0,0,1
CI,0, ,0.0,268.0,0,0,0,0,0,0,0,0
CF,D313H,45.842664,4.946525,0,LSE,313.0,8.4,313.0,6.0,0,0,0,0,0,0,0,1
CF,RONIS,45.780972,4.713056,0,LSE,276.8,16.0,237.0,10.0,0,0,0,0,0,0,0,0

SID,PIMA4N,ALL,5
IF,RONIS,45.780972,4.713056, ,0.0,0.0,0,0,0,0,0,0,0,0
TF,MEBAK,45.708028,4.648861,0, ,0.0,0.0,0.0,0.0,0,0,0,0,0,0,0,0
TF,REPSI,45.522389,4.275278,0, ,0.0,0.0,0.0,0.0,0,0,0,0,0,0,0,0
TF,PIMAK,45.391667,4.014722,0, ,0.0,0.0,0.0,0.0,0,0,0,0,0,0,0,0

SID,PIMA4S,17L,5
CD, ,0,0,0,LSE,0,0.0,174.0,3.2,2,1230,0,0,0,0,0,0
CI,0, ,0.0,249.0,0,0,0,0,0,0,0,0
CF,VNE,45.556444,4.883417,0,LSE,216.6,14.3,220.0,8.0,0,0,0,0,0,0,0,0
TF,REPSI,45.522389,4.275278,0, ,0.0,0.0,0.0,0.0,0,0,0,0,0,0,0,0
TF,PIMAK,45.391667,4.014722,0, ,0.0,0.0,0.0,0.0,0,0,0,0,0,0,0,0

SID,PIMA4S,17R,5
CD, ,0,0,0,LSE,0,0.0,174.0,3.2,2,1230,0,0,0,0,0,0
CI,0, ,0.0,249.0,0,0,0,0,0,0,0,0
CF,VNE,45.556444,4.883417,0,LSE,216.6,14.3,220.0,8.0,0,0,0,0,0,0,0,0
TF,REPSI,45.522389,4.275278,0, ,0.0,0.0,0.0,0.0,0,0,0,0,0,0,0,0
TF,PIMAK,45.391667,4.014722,0, ,0.0,0.0,0.0,0.0,0,0,0,0,0,0,0,0

SID,REPS4N,35L,5
CA,0,354.0,2,2500,0,0,0,0,0,0
DF,LL361,45.927861,5.063806,0, ,0.0,0.0,0,0,0,0,0,0,0,0
TF,LL362,45.828194,4.826444,1, ,0.0,0.0,0.0,0.0,2,11000,0,0,0,0,0,0
TF,RONIS,45.780972,4.713056,0, ,0.0,0.0,0.0,0.0,0,0,0,0,0,0,0,0
TF,MEBAK,45.708028,4.648861,0, ,0.0,0.0,0.0,0.0,0,0,0,0,0,0,0,0
TF,REPSI,45.522389,4.275278,0, ,0.0,0.0,0.0,0.0,0,0,0,0,0,0,0,0

SID,REPS4N,35R,5
CA,0,354.0,2,2500,0,0,0,0,0,0
DF,LL361,45.927861,5.063806,0, ,0.0,0.0,0,0,0,0,0,0,0,0
TF,LL362,45.828194,4.826444,1, ,0.0,0.0,0.0,0.0,2,11000,0,0,0,0,0,0
TF,RONIS,45.780972,4.713056,0, ,0.0,0.0,0.0,0.0,0,0,0,0,0,0,0,0
TF,MEBAK,45.708028,4.648861,0, ,0.0,0.0,0.0,0.0,0,0,0,0,0,0,0,0
TF,REPSI,45.522389,4.275278,0, ,0.0,0.0,0.0,0.0,0,0,0,0,0,0,0,0

SID,REPS4S,17L,2
CD, ,0,0,0,LSE,0,0.0,174.0,4.2,0,0,0,0,0,0,0,0
CF,D174G,45.629328,5.105072,0,LSE,174.0,7.0,174.0,3.0,0,0,0,0,0,0,0,1
CF,VNE,45.556444,4.883417,0,LSE,216.6,14.3,255.0,10.0,0,0,0,0,0,0,0,0
TF,REPSI,45.522389,4.275278,0, ,0.0,0.0,0.0,0.0,0,0,0,0,0,0,0,0

SID,REPS4S,17R,2
CD, ,0,0,0,LSE,0,0.0,174.0,4.2,0,0,0,0,0,0,0,0
CF,D174G,45.629328,5.105072,0,LSE,174.0,7.0,174.0,3.0,0,0,0,0,0,0,0,1
CF,VNE,45.556444,4.883417,0,LSE,216.6,14.3,255.0,10.0,0,0,0,0,0,0,0,0
TF,REPSI,45.522389,4.275278,0, ,0.0,0.0,0.0,0.0,0,0,0,0,0,0,0,0

SID,RISO4N,35L,2
CD, ,0,0,0,LSE,0,0.0,354.0,3.4,0,0,0,0,0,0,0,0
CF,D352D,45.814989,5.078386,0,LSE,351.0,4.2,352.0,1.0,0,0,0,0,0,0,0,1
CF,ABADO,45.655833,5.293056,2,LSE,120.2,10.1,148.0,12.0,0,0,0,0,0,0,0,0
TF,PENAR,45.506944,5.626944,0, ,0.0,0.0,0.0,0.0,0,0,0,0,0,0,0,0
TF,RISOR,45.538333,5.964167,0, ,0.0,0.0,0.0,0.0,2,13000,0,0,0,0,0,0

SID,RISO4N,35R,2
CD, ,0,0,0,LSE,0,0.0,354.0,3.4,0,0,0,0,0,0,0,0
CF,D352D,45.814989,5.078386,0,LSE,351.0,4.2,352.0,1.0,0,0,0,0,0,0,0,1
CF,ABADO,45.655833,5.293056,2,LSE,120.2,10.1,148.0,12.0,0,0,0,0,0,0,0,0
TF,PENAR,45.506944,5.626944,0, ,0.0,0.0,0.0,0.0,0,0,0,0,0,0,0,0
TF,RISOR,45.538333,5.964167,0, ,0.0,0.0,0.0,0.0,2,13000,0,0,0,0,0,0

SID,RISO4S,17L,2
CD, ,0,0,0,LSE,0,0.0,174.0,4.2,0,0,0,0,0,0,0,0
CF,D174I,45.596128,5.109200,0,LSE,174.0,9.0,174.0,5.0,0,0,0,0,0,0,0,1
CF,LTP,45.488972,5.439056,0,LSE,135.3,21.3,113.0,16.0,0,0,0,0,0,0,0,0
TF,LAPAT,45.500278,5.558056,0, ,0.0,0.0,0.0,0.0,0,0,0,0,0,0,0,0
TF,PENAR,45.506944,5.626944,0, ,0.0,0.0,0.0,0.0,2,10000,0,0,0,0,0,0
TF,RISOR,45.538333,5.964167,0, ,0.0,0.0,0.0,0.0,2,13000,0,0,0,0,0,0

SID,RISO4S,17R,2
CD, ,0,0,0,LSE,0,0.0,174.0,4.2,0,0,0,0,0,0,0,0
CF,D174I,45.596128,5.109200,0,LSE,174.0,9.0,174.0,5.0,0,0,0,0,0,0,0,1
CF,LTP,45.488972,5.439056,0,LSE,135.3,21.3,113.0,16.0,0,0,0,0,0,0,0,0
TF,LAPAT,45.500278,5.558056,0, ,0.0,0.0,0.0,0.0,0,0,0,0,0,0,0,0
TF,PENAR,45.506944,5.626944,0, ,0.0,0.0,0.0,0.0,2,10000,0,0,0,0,0,0
TF,RISOR,45.538333,5.964167,0, ,0.0,0.0,0.0,0.0,2,13000,0,0,0,0,0,0

SID,ROMA4N,35L,2
CD, ,0,0,0,LSE,0,0.0,354.0,3.4,0,0,0,0,0,0,0,0
CF,D352D,45.814989,5.078386,0,LSE,351.0,4.2,352.0,1.0,0,0,0,0,0,0,0,1
CF,WS,45.362361,5.152972,2,LSE,171.5,23.1,179.0,28.0,0,0,0,0,0,0,0,0
TF,ROMAM,45.102647,5.163447,0, ,0.0,0.0,0.0,0.0,0,0,0,0,0,0,0,0

SID,ROMA4N,35R,2
CD, ,0,0,0,LSE,0,0.0,354.0,3.4,0,0,0,0,0,0,0,0
CF,D352D,45.814989,5.078386,0,LSE,351.0,4.2,352.0,1.0,0,0,0,0,0,0,0,1
CF,WS,45.362361,5.152972,2,LSE,171.5,23.1,179.0,28.0,0,0,0,0,0,0,0,0
TF,ROMAM,45.102647,5.163447,0, ,0.0,0.0,0.0,0.0,0,0,0,0,0,0,0,0

SID,ROMA4S,17L,5
CA,0,174.0,2,2500,0,0,0,0,0,0
DF,ROMAM,45.102647,5.163447,0, ,0.0,0.0,0,0,0,0,0,0,0,0

SID,ROMA4S,17R,5
CA,0,174.0,2,2500,0,0,0,0,0,0
DF,ROMAM,45.102647,5.163447,0, ,0.0,0.0,0,0,0,0,0,0,0,0

SID,VERO4N,35L,4
CF,D348C,45.758386,5.084344,0,LSE,340.2,0.8,354.0,1.0,2,1230,0,0,0,0,0,1
CI,0, ,0.0,268.0,0,0,0,0,0,0,0,0
CF,D313H,45.842664,4.946525,0,LSE,313.0,8.4,313.0,6.0,0,0,0,0,0,0,0,1
CF,RONIS,45.780972,4.713056,0,LSE,276.8,16.0,237.0,10.0,0,0,0,0,0,0,0,0

SID,VERO4N,35R,4
CF,D352C,45.758811,5.088803,0,LSE,353.6,0.8,354.0,2.0,2,1230,0,0,0,0,0,1
CI,0, ,0.0,268.0,0,0,0,0,0,0,0,0
CF,D313H,45.842664,4.946525,0,LSE,313.0,8.4,313.0,6.0,0,0,0,0,0,0,0,1
CF,RONIS,45.780972,4.713056,0,LSE,276.8,16.0,237.0,10.0,0,0,0,0,0,0,0,0

SID,VERO4N,ALL,5
IF,RONIS,45.780972,4.713056, ,0.0,0.0,0,0,0,0,0,0,0,0
TF,MEBAK,45.708028,4.648861,0, ,0.0,0.0,0.0,0.0,0,0,0,0,0,0,0,0
TF,MURRO,45.332917,4.375556,0, ,0.0,0.0,0.0,0.0,0,0,0,0,0,0,0,0
TF,VEROT,45.216528,4.177139,0, ,0.0,0.0,0.0,0.0,0,0,0,0,0,0,0,0

SID,VERO4S,17L,5
CD, ,0,0,0,LSE,0,0.0,174.0,3.2,2,1230,0,0,0,0,0,0
CI,0, ,0.0,249.0,0,0,0,0,0,0,0,0
CF,VNE,45.556444,4.883417,0,LSE,216.6,14.3,220.0,8.0,0,0,0,0,0,0,0,0
TF,MURRO,45.332917,4.375556,0, ,0.0,0.0,0.0,0.0,0,0,0,0,0,0,0,0
TF,VEROT,45.216528,4.177139,0, ,0.0,0.0,0.0,0.0,0,0,0,0,0,0,0,0

SID,VERO4S,17R,5
CD, ,0,0,0,LSE,0,0.0,174.0,3.2,2,1230,0,0,0,0,0,0
CI,0, ,0.0,249.0,0,0,0,0,0,0,0,0
CF,VNE,45.556444,4.883417,0,LSE,216.6,14.3,220.0,8.0,0,0,0,0,0,0,0,0
TF,MURRO,45.332917,4.375556,0, ,0.0,0.0,0.0,0.0,0,0,0,0,0,0,0,0
TF,VEROT,45.216528,4.177139,0, ,0.0,0.0,0.0,0.0,0,0,0,0,0,0,0,0

STAR,AMVA7N,35L,5
IF,AMVAR,45.330556,5.937222, ,0.0,0.0,3,15000,0,0,0,0,0,0
TF,LL101,45.303889,5.716111,0, ,0.0,0.0,0.0,0.0,0,0,0,0,0,0,0,0
TF,LL102,45.295556,5.646389,0, ,0.0,0.0,0.0,0.0,0,0,0,0,0,0,0,0
TF,OSMAS,45.279694,5.518472,0, ,0.0,0.0,0.0,0.0,2,10000,0,0,0,0,0,0
TF,GOMET,45.360194,5.488000,0, ,0.0,0.0,0.0,0.0,2,10000,0,0,0,0,0,0

STAR,AMVA7N,35R,5
IF,AMVAR,45.330556,5.937222, ,0.0,0.0,3,15000,0,0,0,0,0,0
TF,LL101,45.303889,5.716111,0, ,0.0,0.0,0.0,0.0,0,0,0,0,0,0,0,0
TF,LL102,45.295556,5.646389,0, ,0.0,0.0,0.0,0.0,0,0,0,0,0,0,0,0
TF,OSMAS,45.279694,5.518472,0, ,0.0,0.0,0.0,0.0,2,10000,0,0,0,0,0,0
TF,GOMET,45.360194,5.488000,0, ,0.0,0.0,0.0,0.0,2,10000,0,0,0,0,0,0

STAR,AMVA7S,17L,5
IF,AMVAR,45.330556,5.937222, ,0.0,0.0,3,15000,0,0,0,0,0,0
TF,LL101,45.303889,5.716111,0, ,0.0,0.0,0.0,0.0,0,0,0,0,0,0,0,0
TF,LL102,45.295556,5.646389,0, ,0.0,0.0,0.0,0.0,0,0,0,0,0,0,0,0
TF,OSMAS,45.279694,5.518472,0, ,0.0,0.0,0.0,0.0,2,10000,0,0,0,0,0,0
TF,GOMET,45.360194,5.488000,0, ,0.0,0.0,0.0,0.0,2,10000,0,0,0,0,0,0

STAR,AMVA7S,17R,5
IF,AMVAR,45.330556,5.937222, ,0.0,0.0,3,15000,0,0,0,0,0,0
TF,LL101,45.303889,5.716111,0, ,0.0,0.0,0.0,0.0,0,0,0,0,0,0,0,0
TF,LL102,45.295556,5.646389,0, ,0.0,0.0,0.0,0.0,0,0,0,0,0,0,0,0
TF,OSMAS,45.279694,5.518472,0, ,0.0,0.0,0.0,0.0,2,10000,0,0,0,0,0,0
TF,GOMET,45.360194,5.488000,0, ,0.0,0.0,0.0,0.0,2,10000,0,0,0,0,0,0

STAR,ARSO7N,35L,2
IF,ARSOM,46.137222,3.419722, ,0.0,0.0,0,0,0,0,0,0,0,0
TF,ROA,46.059167,3.999278,0, ,0.0,0.0,0.0,0.0,0,0,0,0,0,0,0,0
TF,LSE40,46.032469,4.229128,0, ,0.0,0.0,0.0,0.0,3,12000,0,0,0,0,0,0
TF,DIRBA,46.000083,4.502611,0, ,0.0,0.0,0.0,0.0,0,0,0,0,0,0,0,0
TF,TALAR,45.956389,4.604361,0, ,0.0,0.0,0.0,0.0,0,0,0,0,0,0,0,0

STAR,ARSO7N,35R,2
IF,ARSOM,46.137222,3.419722, ,0.0,0.0,0,0,0,0,0,0,0,0
TF,ROA,46.059167,3.999278,0, ,0.0,0.0,0.0,0.0,0,0,0,0,0,0,0,0
TF,LSE40,46.032469,4.229128,0, ,0.0,0.0,0.0,0.0,3,12000,0,0,0,0,0,0
TF,DIRBA,46.000083,4.502611,0, ,0.0,0.0,0.0,0.0,0,0,0,0,0,0,0,0
TF,TALAR,45.956389,4.604361,0, ,0.0,0.0,0.0,0.0,0,0,0,0,0,0,0,0

STAR,ARSO7S,17L,2
IF,ARSOM,46.137222,3.419722, ,0.0,0.0,0,0,0,0,0,0,0,0
TF,ROA,46.059167,3.999278,0, ,0.0,0.0,0.0,0.0,0,0,0,0,0,0,0,0
TF,LSE40,46.032469,4.229128,0, ,0.0,0.0,0.0,0.0,3,12000,0,0,0,0,0,0
TF,DIRBA,46.000083,4.502611,0, ,0.0,0.0,0.0,0.0,0,0,0,0,0,0,0,0
TF,TALAR,45.956389,4.604361,0, ,0.0,0.0,0.0,0.0,0,0,0,0,0,0,0,0

STAR,ARSO7S,17R,2
IF,ARSOM,46.137222,3.419722, ,0.0,0.0,0,0,0,0,0,0,0,0
TF,ROA,46.059167,3.999278,0, ,0.0,0.0,0.0,0.0,0,0,0,0,0,0,0,0
TF,LSE40,46.032469,4.229128,0, ,0.0,0.0,0.0,0.0,3,12000,0,0,0,0,0,0
TF,DIRBA,46.000083,4.502611,0, ,0.0,0.0,0.0,0.0,0,0,0,0,0,0,0,0
TF,TALAR,45.956389,4.604361,0, ,0.0,0.0,0.0,0.0,0,0,0,0,0,0,0,0

STAR,CFA7N,35L,2
IF,CFA,45.787472,3.192194, ,0.0,0.0,0,0,0,0,0,0,0,0
TF,ROA,46.059167,3.999278,0, ,0.0,0.0,0.0,0.0,0,0,0,0,0,0,0,0
TF,LSE40,46.032469,4.229128,0, ,0.0,0.0,0.0,0.0,3,12000,0,0,0,0,0,0
TF,DIRBA,46.000083,4.502611,0, ,0.0,0.0,0.0,0.0,0,0,0,0,0,0,0,0
TF,TALAR,45.956389,4.604361,0, ,0.0,0.0,0.0,0.0,0,0,0,0,0,0,0,0

STAR,CFA7N,35R,2
IF,CFA,45.787472,3.192194, ,0.0,0.0,0,0,0,0,0,0,0,0
TF,ROA,46.059167,3.999278,0, ,0.0,0.0,0.0,0.0,0,0,0,0,0,0,0,0
TF,LSE40,46.032469,4.229128,0, ,0.0,0.0,0.0,0.0,3,12000,0,0,0,0,0,0
TF,DIRBA,46.000083,4.502611,0, ,0.0,0.0,0.0,0.0,0,0,0,0,0,0,0,0
TF,TALAR,45.956389,4.604361,0, ,0.0,0.0,0.0,0.0,0,0,0,0,0,0,0,0

STAR,CFA7S,17L,2
IF,CFA,45.787472,3.192194, ,0.0,0.0,0,0,0,0,0,0,0,0
TF,ROA,46.059167,3.999278,0, ,0.0,0.0,0.0,0.0,0,0,0,0,0,0,0,0
TF,LSE40,46.032469,4.229128,0, ,0.0,0.0,0.0,0.0,3,12000,0,0,0,0,0,0
TF,DIRBA,46.000083,4.502611,0, ,0.0,0.0,0.0,0.0,0,0,0,0,0,0,0,0
TF,TALAR,45.956389,4.604361,0, ,0.0,0.0,0.0,0.0,0,0,0,0,0,0,0,0

STAR,CFA7S,17R,2
IF,CFA,45.787472,3.192194, ,0.0,0.0,0,0,0,0,0,0,0,0
TF,ROA,46.059167,3.999278,0, ,0.0,0.0,0.0,0.0,0,0,0,0,0,0,0,0
TF,LSE40,46.032469,4.229128,0, ,0.0,0.0,0.0,0.0,3,12000,0,0,0,0,0,0
TF,DIRBA,46.000083,4.502611,0, ,0.0,0.0,0.0,0.0,0,0,0,0,0,0,0,0
TF,TALAR,45.956389,4.604361,0, ,0.0,0.0,0.0,0.0,0,0,0,0,0,0,0,0

STAR,LABA7N,35L,2
IF,LABAL,46.027500,3.355000, ,0.0,0.0,3,20000,0,0,0,0,0,0
TF,ROA,46.059167,3.999278,0, ,0.0,0.0,0.0,0.0,0,0,0,0,0,0,0,0
TF,LSE40,46.032469,4.229128,0, ,0.0,0.0,0.0,0.0,3,12000,0,0,0,0,0,0
TF,DIRBA,46.000083,4.502611,0, ,0.0,0.0,0.0,0.0,0,0,0,0,0,0,0,0
TF,TALAR,45.956389,4.604361,0, ,0.0,0.0,0.0,0.0,0,0,0,0,0,0,0,0

STAR,LABA7N,35R,2
IF,LABAL,46.027500,3.355000, ,0.0,0.0,3,20000,0,0,0,0,0,0
TF,ROA,46.059167,3.999278,0, ,0.0,0.0,0.0,0.0,0,0,0,0,0,0,0,0
TF,LSE40,46.032469,4.229128,0, ,0.0,0.0,0.0,0.0,3,12000,0,0,0,0,0,0
TF,DIRBA,46.000083,4.502611,0, ,0.0,0.0,0.0,0.0,0,0,0,0,0,0,0,0
TF,TALAR,45.956389,4.604361,0, ,0.0,0.0,0.0,0.0,0,0,0,0,0,0,0,0

STAR,LABA7S,17L,2
IF,LABAL,46.027500,3.355000, ,0.0,0.0,3,20000,0,0,0,0,0,0
TF,ROA,46.059167,3.999278,0, ,0.0,0.0,0.0,0.0,0,0,0,0,0,0,0,0
TF,LSE40,46.032469,4.229128,0, ,0.0,0.0,0.0,0.0,3,12000,0,0,0,0,0,0
TF,DIRBA,46.000083,4.502611,0, ,0.0,0.0,0.0,0.0,0,0,0,0,0,0,0,0
TF,TALAR,45.956389,4.604361,0, ,0.0,0.0,0.0,0.0,0,0,0,0,0,0,0,0

STAR,LABA7S,17R,2
IF,LABAL,46.027500,3.355000, ,0.0,0.0,3,20000,0,0,0,0,0,0
TF,ROA,46.059167,3.999278,0, ,0.0,0.0,0.0,0.0,0,0,0,0,0,0,0,0
TF,LSE40,46.032469,4.229128,0, ,0.0,0.0,0.0,0.0,3,12000,0,0,0,0,0,0
TF,DIRBA,46.000083,4.502611,0, ,0.0,0.0,0.0,0.0,0,0,0,0,0,0,0,0
TF,TALAR,45.956389,4.604361,0, ,0.0,0.0,0.0,0.0,0,0,0,0,0,0,0,0

STAR,MEZI7N,35L,5
IF,MEZIN,45.017111,4.195861, ,0.0,0.0,0,0,0,0,0,0,0,0
TF,NELEN,45.118611,4.611667,0, ,0.0,0.0,0.0,0.0,4,14000,12000,0,0,0,0,0
TF,ROLIR,45.174444,4.843500,0, ,0.0,0.0,0.0,0.0,2,7000,0,0,0,0,0,0
TF,ARBON,45.283278,4.890167,0, ,0.0,0.0,0.0,0.0,2,7000,0,0,0,0,0,0

STAR,MEZI7N,35R,5
IF,MEZIN,45.017111,4.195861, ,0.0,0.0,0,0,0,0,0,0,0,0
TF,NELEN,45.118611,4.611667,0, ,0.0,0.0,0.0,0.0,4,14000,12000,0,0,0,0,0
TF,ROLIR,45.174444,4.843500,0, ,0.0,0.0,0.0,0.0,2,7000,0,0,0,0,0,0
TF,ARBON,45.283278,4.890167,0, ,0.0,0.0,0.0,0.0,2,7000,0,0,0,0,0,0

STAR,MEZI7S,17L,5
IF,MEZIN,45.017111,4.195861, ,0.0,0.0,0,0,0,0,0,0,0,0
TF,NELEN,45.118611,4.611667,0, ,0.0,0.0,0.0,0.0,4,14000,12000,0,0,0,0,0
TF,ROLIR,45.174444,4.843500,0, ,0.0,0.0,0.0,0.0,2,10000,0,0,0,0,0,0
TF,ARBON,45.283278,4.890167,0, ,0.0,0.0,0.0,0.0,2,10000,0,0,0,0,0,0

STAR,MEZI7S,17R,5
IF,MEZIN,45.017111,4.195861, ,0.0,0.0,0,0,0,0,0,0,0,0
TF,NELEN,45.118611,4.611667,0, ,0.0,0.0,0.0,0.0,4,14000,12000,0,0,0,0,0
TF,ROLIR,45.174444,4.843500,0, ,0.0,0.0,0.0,0.0,2,10000,0,0,0,0,0,0
TF,ARBON,45.283278,4.890167,0, ,0.0,0.0,0.0,0.0,2,10000,0,0,0,0,0,0

STAR,MILP7N,35L,5
IF,MILPA,46.302556,5.879722, ,0.0,0.0,3,18000,0,0,0,0,0,0
TF,KUDUP,46.230028,5.576028,0, ,0.0,0.0,0.0,0.0,4,12000,9000,0,0,0,0,0
TF,AMKEN,46.182556,5.379500,0, ,0.0,0.0,0.0,0.0,0,0,0,0,0,0,0,0
TF,RIPTU,46.106944,5.329167,0, ,0.0,0.0,0.0,0.0,2,7000,0,0,0,0,0,0

STAR,MILP7N,35R,5
IF,MILPA,46.302556,5.879722, ,0.0,0.0,3,18000,0,0,0,0,0,0
TF,KUDUP,46.230028,5.576028,0, ,0.0,0.0,0.0,0.0,4,12000,9000,0,0,0,0,0
TF,AMKEN,46.182556,5.379500,0, ,0.0,0.0,0.0,0.0,0,0,0,0,0,0,0,0
TF,RIPTU,46.106944,5.329167,0, ,0.0,0.0,0.0,0.0,2,7000,0,0,0,0,0,0

STAR,MILP7S,17L,5
IF,MILPA,46.302556,5.879722, ,0.0,0.0,3,18000,0,0,0,0,0,0
TF,KUDUP,46.230028,5.576028,0, ,0.0,0.0,0.0,0.0,4,12000,9000,0,0,0,0,0
TF,AMKEN,46.182556,5.379500,0, ,0.0,0.0,0.0,0.0,0,0,0,0,0,0,0,0
TF,RIPTU,46.106944,5.329167,0, ,0.0,0.0,0.0,0.0,2,7000,0,0,0,0,0,0

STAR,MILP7S,17R,5
IF,MILPA,46.302556,5.879722, ,0.0,0.0,3,18000,0,0,0,0,0,0
TF,KUDUP,46.230028,5.576028,0, ,0.0,0.0,0.0,0.0,4,12000,9000,0,0,0,0,0
TF,AMKEN,46.182556,5.379500,0, ,0.0,0.0,0.0,0.0,0,0,0,0,0,0,0,0
TF,RIPTU,46.106944,5.329167,0, ,0.0,0.0,0.0,0.0,2,7000,0,0,0,0,0,0

STAR,MOU7N,35L,2
IF,MOU,46.706778,3.631667, ,0.0,0.0,3,25000,0,0,0,0,0,0
TF,OMANI,46.457333,3.767972,0, ,0.0,0.0,0.0,0.0,2,20000,0,0,0,0,0,0
TF,MOU27,46.286400,3.863522,0, ,0.0,0.0,0.0,0.0,3,19000,0,0,0,0,0,0
TF,LESPI,46.113500,3.957778,0, ,0.0,0.0,0.0,0.0,0,0,0,0,0,0,0,0
TF,ROA,46.059167,3.999278,0, ,0.0,0.0,0.0,0.0,0,0,0,0,0,0,0,0
TF,LSE40,46.032469,4.229128,0, ,0.0,0.0,0.0,0.0,3,12000,0,0,0,0,0,0
TF,DIRBA,46.000083,4.502611,0, ,0.0,0.0,0.0,0.0,0,0,0,0,0,0,0,0
TF,TALAR,45.956389,4.604361,0, ,0.0,0.0,0.0,0.0,0,0,0,0,0,0,0,0

STAR,MOU7N,35R,2
IF,MOU,46.706778,3.631667, ,0.0,0.0,3,25000,0,0,0,0,0,0
TF,OMANI,46.457333,3.767972,0, ,0.0,0.0,0.0,0.0,2,20000,0,0,0,0,0,0
TF,MOU27,46.286400,3.863522,0, ,0.0,0.0,0.0,0.0,3,19000,0,0,0,0,0,0
TF,LESPI,46.113500,3.957778,0, ,0.0,0.0,0.0,0.0,0,0,0,0,0,0,0,0
TF,ROA,46.059167,3.999278,0, ,0.0,0.0,0.0,0.0,0,0,0,0,0,0,0,0
TF,LSE40,46.032469,4.229128,0, ,0.0,0.0,0.0,0.0,3,12000,0,0,0,0,0,0
TF,DIRBA,46.000083,4.502611,0, ,0.0,0.0,0.0,0.0,0,0,0,0,0,0,0,0
TF,TALAR,45.956389,4.604361,0, ,0.0,0.0,0.0,0.0,0,0,0,0,0,0,0,0

STAR,MOU7S,17L,2
IF,MOU,46.706778,3.631667, ,0.0,0.0,3,25000,0,0,0,0,0,0
TF,OMANI,46.457333,3.767972,0, ,0.0,0.0,0.0,0.0,2,20000,0,0,0,0,0,0
TF,MOU27,46.286400,3.863522,0, ,0.0,0.0,0.0,0.0,3,19000,0,0,0,0,0,0
TF,LESPI,46.113500,3.957778,0, ,0.0,0.0,0.0,0.0,0,0,0,0,0,0,0,0
TF,ROA,46.059167,3.999278,0, ,0.0,0.0,0.0,0.0,0,0,0,0,0,0,0,0
TF,LSE40,46.032469,4.229128,0, ,0.0,0.0,0.0,0.0,3,12000,0,0,0,0,0,0
TF,DIRBA,46.000083,4.502611,0, ,0.0,0.0,0.0,0.0,0,0,0,0,0,0,0,0
TF,TALAR,45.956389,4.604361,0, ,0.0,0.0,0.0,0.0,0,0,0,0,0,0,0,0

STAR,MOU7S,17R,2
IF,MOU,46.706778,3.631667, ,0.0,0.0,3,25000,0,0,0,0,0,0
TF,OMANI,46.457333,3.767972,0, ,0.0,0.0,0.0,0.0,2,20000,0,0,0,0,0,0
TF,MOU27,46.286400,3.863522,0, ,0.0,0.0,0.0,0.0,3,19000,0,0,0,0,0,0
TF,LESPI,46.113500,3.957778,0, ,0.0,0.0,0.0,0.0,0,0,0,0,0,0,0,0
TF,ROA,46.059167,3.999278,0, ,0.0,0.0,0.0,0.0,0,0,0,0,0,0,0,0
TF,LSE40,46.032469,4.229128,0, ,0.0,0.0,0.0,0.0,3,12000,0,0,0,0,0,0
TF,DIRBA,46.000083,4.502611,0, ,0.0,0.0,0.0,0.0,0,0,0,0,0,0,0,0
TF,TALAR,45.956389,4.604361,0, ,0.0,0.0,0.0,0.0,0,0,0,0,0,0,0,0

STAR,MTL7N,35L,5
IF,MTL,44.554944,4.779861, ,0.0,0.0,0,0,0,0,0,0,0,0
TF,AMONI,45.067222,4.832500,0, ,0.0,0.0,0.0,0.0,4,14000,12000,0,0,0,0,0
TF,ROLIR,45.174444,4.843500,0, ,0.0,0.0,0.0,0.0,2,7000,0,0,0,0,0,0
TF,ARBON,45.283278,4.890167,0, ,0.0,0.0,0.0,0.0,2,7000,0,0,0,0,0,0

STAR,MTL7N,35R,5
IF,MTL,44.554944,4.779861, ,0.0,0.0,0,0,0,0,0,0,0,0
TF,AMONI,45.067222,4.832500,0, ,0.0,0.0,0.0,0.0,4,14000,12000,0,0,0,0,0
TF,ROLIR,45.174444,4.843500,0, ,0.0,0.0,0.0,0.0,2,7000,0,0,0,0,0,0
TF,ARBON,45.283278,4.890167,0, ,0.0,0.0,0.0,0.0,2,7000,0,0,0,0,0,0

STAR,MTL7S,17L,5
IF,MTL,44.554944,4.779861, ,0.0,0.0,0,0,0,0,0,0,0,0
TF,AMONI,45.067222,4.832500,0, ,0.0,0.0,0.0,0.0,4,14000,12000,0,0,0,0,0
TF,ROLIR,45.174444,4.843500,0, ,0.0,0.0,0.0,0.0,2,10000,0,0,0,0,0,0
TF,ARBON,45.283278,4.890167,0, ,0.0,0.0,0.0,0.0,2,10000,0,0,0,0,0,0

STAR,MTL7S,17R,5
IF,MTL,44.554944,4.779861, ,0.0,0.0,0,0,0,0,0,0,0,0
TF,AMONI,45.067222,4.832500,0, ,0.0,0.0,0.0,0.0,4,14000,12000,0,0,0,0,0
TF,ROLIR,45.174444,4.843500,0, ,0.0,0.0,0.0,0.0,2,10000,0,0,0,0,0,0
TF,ARBON,45.283278,4.890167,0, ,0.0,0.0,0.0,0.0,2,10000,0,0,0,0,0,0

STAR,PINE7N,35L,5
IF,PINED,45.000000,5.521111, ,0.0,0.0,3,13000,0,0,0,0,0,0
TF,LL103,45.138056,5.520000,0, ,0.0,0.0,0.0,0.0,0,0,0,0,0,0,0,0
TF,OSMAS,45.279694,5.518472,0, ,0.0,0.0,0.0,0.0,2,10000,0,0,0,0,0,0
TF,GOMET,45.360194,5.488000,0, ,0.0,0.0,0.0,0.0,2,10000,0,0,0,0,0,0

STAR,PINE7N,35R,5
IF,PINED,45.000000,5.521111, ,0.0,0.0,3,13000,0,0,0,0,0,0
TF,LL103,45.138056,5.520000,0, ,0.0,0.0,0.0,0.0,0,0,0,0,0,0,0,0
TF,OSMAS,45.279694,5.518472,0, ,0.0,0.0,0.0,0.0,2,10000,0,0,0,0,0,0
TF,GOMET,45.360194,5.488000,0, ,0.0,0.0,0.0,0.0,2,10000,0,0,0,0,0,0

STAR,PINE7S,17L,5
IF,PINED,45.000000,5.521111, ,0.0,0.0,3,13000,0,0,0,0,0,0
TF,LL103,45.138056,5.520000,0, ,0.0,0.0,0.0,0.0,0,0,0,0,0,0,0,0
TF,OSMAS,45.279694,5.518472,0, ,0.0,0.0,0.0,0.0,2,10000,0,0,0,0,0,0
TF,GOMET,45.360194,5.488000,0, ,0.0,0.0,0.0,0.0,2,10000,0,0,0,0,0,0

STAR,PINE7S,17R,5
IF,PINED,45.000000,5.521111, ,0.0,0.0,3,13000,0,0,0,0,0,0
TF,LL103,45.138056,5.520000,0, ,0.0,0.0,0.0,0.0,0,0,0,0,0,0,0,0
TF,OSMAS,45.279694,5.518472,0, ,0.0,0.0,0.0,0.0,2,10000,0,0,0,0,0,0
TF,GOMET,45.360194,5.488000,0, ,0.0,0.0,0.0,0.0,2,10000,0,0,0,0,0,0

FINAL,D17R,17R,D,4
IF,CD17R,45.925436,5.040469,LSE,347.0,11.0,2,3000,0,0,0,0,0,0
CF,FD17R,45.858383,5.059183,0,LSE,347.0,6.9,168.0,4.1,2,3000,0,0,0,0,2,0
CF,37VOR,45.806044,5.073761,0,LSE,347.0,3.7,168.0,3.2,2,1960,0,0,0,0,0,0
CF,MD17R,45.761883,5.086039,0,LSE,347.0,0.0,168.0,2.7,1,1096,0,0,0,0,3,0
CA,0,175.0,2,5000,0,0,0,0,0,0
VM,0,0,0,175.0,1,5000,0,0,0,0,0,0

FINAL,D35L,35L,D,5
IF,CD35L,45.529200,5.106711,LSE,175.0,13.0,2,3000,0,0,0,0,0,0
CF,FD35L,45.599092,5.101514,0,LSE,175.0,8.8,356.0,4.2,2,3000,0,0,0,0,2,0
CF,62VOR,45.642356,5.098289,0,LSE,175.0,6.2,356.0,2.6,2,2170,0,0,0,0,0,0
CF,37VO2,45.683958,5.095183,0,LSE,175.0,3.7,356.0,2.5,2,1370,0,0,0,0,0,0
CF,RW35L,45.710747,5.090300,0,LSE,178.3,2.1,356.0,1.6,1,873,0,0,0,0,3,0
CA,0,356.0,2,5000,0,0,0,0,0,0
VM,0,0,0,356.0,1,5000,0,0,0,0,0,0

FINAL,D35R,35R,D,5
IF,CD35R,45.529725,5.117444,LSE,173.0,13.0,2,3000,0,0,0,0,0,0
CF,FD35R,45.599447,5.108789,0,LSE,173.0,8.8,354.0,4.2,2,3000,0,0,0,0,2,0
CF,64VOR,45.639289,5.103833,0,LSE,173.0,6.4,354.0,2.4,2,2240,0,0,0,0,0,0
CF,39VOR,45.680789,5.098661,0,LSE,173.0,3.9,354.0,2.5,2,1440,0,0,0,0,0,0
CF,MD35R,45.697389,5.096592,0,LSE,173.0,2.9,354.0,1.0,1,1132,0,0,0,0,3,0
CA,0,354.0,2,5000,0,0,0,0,0,0
VM,0,0,0,354.0,1,5000,0,0,0,0,0,0

APPTR,I17L,17L,ARB3S
IF,ARBON,45.283278,4.890167, ,0.0,0.0,2,10000,0,0,0,0,1,0
TF,LL706,45.550000,4.983333,0, ,0.0,0.0,0.0,0.0,2,8000,0,0,0,0,0,0
TF,LL704,45.794806,4.948417,0, ,0.0,0.0,0.0,0.0,0,0,0,0,0,0,0,0
TF,LL702,45.861111,4.938889,0, ,0.0,0.0,0.0,0.0,2,5000,0,0,0,0,0,0
TF,LL700,45.923611,4.970833,0, ,0.0,0.0,0.0,0.0,2,4000,0,1,220,0,0,0
TF,EKMEP,45.928167,5.068306,0,LSS,0.0,0.0,0.0,0.0,3,4500,0,1,220,0,1,0

APPTR,I17L,17L,GOM3S
IF,GOMET,45.360194,5.488000, ,0.0,0.0,0,0,0,0,0,0,1,0
TF,LL719,45.506944,5.359722,0, ,0.0,0.0,0.0,0.0,0,0,0,0,0,0,0,0
TF,LL709,45.650111,5.351222,0, ,0.0,0.0,0.0,0.0,2,10000,0,0,0,0,0,0
TF,LL707,45.763889,5.344444,0, ,0.0,0.0,0.0,0.0,2,7000,0,0,0,0,0,0
TF,LL705,45.836111,5.290278,0, ,0.0,0.0,0.0,0.0,0,0,0,0,0,0,0,0
TF,LL703,45.885278,5.226667,0, ,0.0,0.0,0.0,0.0,2,5000,0,0,0,0,0,0
TF,LL701,45.934722,5.162500,0, ,0.0,0.0,0.0,0.0,2,4000,0,1,220,0,0,0
TF,EKMEP,45.928167,5.068306,0,LSS,0.0,0.0,0.0,0.0,3,4500,0,1,220,0,1,0

APPTR,I17L,17L,RIP3S
IF,RIPTU,46.106944,5.329167, ,0.0,0.0,2,7000,0,0,0,0,1,0
TF,LL713,46.063083,5.223778,0, ,0.0,0.0,0.0,0.0,2,5000,0,0,0,0,0,0
TF,LL711,46.028778,5.141694,0, ,0.0,0.0,0.0,0.0,0,0,0,0,0,0,0,0
TF,LL710,45.994444,5.059722,0, ,0.0,0.0,0.0,0.0,2,4000,0,1,220,0,0,0
TF,EKMEP,45.928167,5.068306,0,LSS,0.0,0.0,0.0,0.0,3,4500,0,1,220,0,1,0

APPTR,I17L,17L,TAL3S
IF,TALAR,45.956389,4.604361, ,0.0,0.0,2,7000,0,0,0,0,1,0
TF,LL714,46.005556,4.869444,0, ,0.0,0.0,0.0,0.0,2,5000,0,0,0,0,0,0
TF,LL712,46.000000,4.964722,0, ,0.0,0.0,0.0,0.0,0,0,0,0,0,0,0,0
TF,LL710,45.994444,5.059722,0, ,0.0,0.0,0.0,0.0,2,4000,0,1,220,0,0,0
TF,EKMEP,45.928167,5.068306,0,LSS,0.0,0.0,0.0,0.0,3,4500,0,1,220,0,1,0

FINAL,I17L,17L,I,3
IF,EKMEP,45.928167,5.068306,LSS,354.1,13.3,2,3000,0,0,0,0,0,0
CF,FF17L,45.848572,5.077550,0,LSS,354.0,8.5,174.0,4.8,1,3000,0,0,0,0,2,0
CF,RW17L,45.734942,5.091869,0,LSS,354.1,1.6,174.0,6.8,1,834,0,0,0,0,3,0
CA,0,174.0,2,5000,0,0,0,0,0,0
VM,0,0,0,174.0,1,5000,0,0,0,0,0,0

APPTR,I35L,35L,ARB3N
IF,ARBON,45.283278,4.890167, ,0.0,0.0,2,7000,0,0,0,0,1,0
TF,LL514,45.364278,4.995528,0, ,0.0,0.0,0.0,0.0,2,5000,0,0,0,0,0,0
TF,LL512,45.413417,5.059500,0, ,0.0,0.0,0.0,0.0,0,0,0,0,0,0,0,0
TF,LL510,45.462500,5.123611,0, ,0.0,0.0,0.0,0.0,2,4000,0,1,220,0,0,0
TF,NEGPU,45.529556,5.112250,0,SAN,0.0,0.0,0.0,0.0,3,4500,0,1,220,0,1,0

APPTR,I35L,35L,GOM3N
IF,GOMET,45.360194,5.488000, ,0.0,0.0,2,10000,0,0,0,0,1,0
TF,LL513,45.413278,5.299583,0, ,0.0,0.0,0.0,0.0,2,5000,0,0,0,0,0,0
TF,LL511,45.437917,5.211639,0, ,0.0,0.0,0.0,0.0,0,0,0,0,0,0,0,0
TF,LL510,45.462500,5.123611,0, ,0.0,0.0,0.0,0.0,2,4000,0,1,220,0,0,0
TF,NEGPU,45.529556,5.112250,0,SAN,0.0,0.0,0.0,0.0,3,4500,0,1,220,0,1,0

APPTR,I35L,35L,RIP3N
IF,RIPTU,46.106944,5.329167, ,0.0,0.0,2,7000,0,0,0,0,1,0
TF,LL505,45.641667,5.322222,0, ,0.0,0.0,0.0,0.0,2,5000,0,0,0,0,0,0
TF,LL503,45.588472,5.265778,0, ,0.0,0.0,0.0,0.0,0,0,0,0,0,0,0,0
TF,LL501,45.535000,5.209167,0, ,0.0,0.0,0.0,0.0,2,4000,0,1,220,0,0,0
TF,NEGPU,45.529556,5.112250,0,SAN,0.0,0.0,0.0,0.0,3,4500,0,1,220,0,1,0

APPTR,I35L,35L,TAL3N
IF,TALAR,45.956389,4.604361, ,0.0,0.0,2,7000,0,0,0,0,1,0
TF,LL504,45.593056,4.858333,0, ,0.0,0.0,0.0,0.0,0,0,0,0,0,0,0,0
TF,LL502,45.558583,4.939028,0, ,0.0,0.0,0.0,0.0,2,5000,0,0,0,0,0,0
TF,LL500,45.523889,5.020000,0, ,0.0,0.0,0.0,0.0,2,4000,0,1,220,0,0,0
TF,NEGPU,45.529556,5.112250,0,SAN,0.0,0.0,0.0,0.0,3,4500,0,1,220,0,1,0

FINAL,I35L,35L,I,3
IF,NEGPU,45.529556,5.112250,SAN,174.1,13.2,2,3000,0,0,0,0,0,0
CF,FF35L,45.599217,5.103831,0,SAN,174.1,9.0,354.0,4.2,1,3000,0,0,0,0,2,0
CF,RW35L,45.710747,5.090300,0,SAN,174.1,2.3,354.0,6.7,1,873,0,0,0,0,3,0
CA,0,355.0,2,5000,0,0,0,0,0,0
VM,0,0,0,355.0,1,5000,0,0,0,0,0,0

APPTR,I35R,35R,ARB3N
IF,ARBON,45.283278,4.890167, ,0.0,0.0,2,7000,0,0,0,0,1,0
TF,LL514,45.364278,4.995528,0, ,0.0,0.0,0.0,0.0,2,5000,0,0,0,0,0,0
TF,LL512,45.413417,5.059500,0, ,0.0,0.0,0.0,0.0,0,0,0,0,0,0,0,0
TF,LL510,45.462500,5.123611,0, ,0.0,0.0,0.0,0.0,2,4000,0,1,220,0,0,0
TF,INGUV,45.529667,5.116750,0,LSN,0.0,0.0,0.0,0.0,3,4500,0,1,220,0,1,0

APPTR,I35R,35R,GOM3N
IF,GOMET,45.360194,5.488000, ,0.0,0.0,2,10000,0,0,0,0,1,0
TF,LL513,45.413278,5.299583,0, ,0.0,0.0,0.0,0.0,2,5000,0,0,0,0,0,0
TF,LL511,45.437917,5.211639,0, ,0.0,0.0,0.0,0.0,0,0,0,0,0,0,0,0
TF,LL510,45.462500,5.123611,0, ,0.0,0.0,0.0,0.0,2,4000,0,1,220,0,0,0
TF,INGUV,45.529667,5.116750,0,LSN,0.0,0.0,0.0,0.0,3,4500,0,1,220,0,1,0

APPTR,I35R,35R,RIP3N
IF,RIPTU,46.106944,5.329167, ,0.0,0.0,2,7000,0,0,0,0,1,0
TF,LL505,45.641667,5.322222,0, ,0.0,0.0,0.0,0.0,2,5000,0,0,0,0,0,0
TF,LL503,45.588472,5.265778,0, ,0.0,0.0,0.0,0.0,0,0,0,0,0,0,0,0
TF,LL501,45.535000,5.209167,0, ,0.0,0.0,0.0,0.0,2,4000,0,1,220,0,0,0
TF,INGUV,45.529667,5.116750,0,LSN,0.0,0.0,0.0,0.0,3,4500,0,1,220,0,1,0

APPTR,I35R,35R,TAL3N
IF,TALAR,45.956389,4.604361, ,0.0,0.0,2,7000,0,0,0,0,1,0
TF,LL504,45.593056,4.858333,0, ,0.0,0.0,0.0,0.0,0,0,0,0,0,0,0,0
TF,LL502,45.558583,4.939028,0, ,0.0,0.0,0.0,0.0,2,5000,0,0,0,0,0,0
TF,LL500,45.523889,5.020000,0, ,0.0,0.0,0.0,0.0,2,4000,0,1,220,0,0,0
TF,INGUV,45.529667,5.116750,0,LSN,0.0,0.0,0.0,0.0,3,4500,0,1,220,0,1,0

FINAL,I35R,35R,I,3
IF,INGUV,45.529667,5.116750,LSN,174.1,12.5,2,3000,0,0,0,0,0,0
CF,FF35R,45.599786,5.108375,0,LSN,174.1,8.3,354.0,4.2,1,3000,0,0,0,0,2,0
CF,RW35R,45.711006,5.094781,0,LSN,174.1,1.6,354.0,6.7,1,870,0,0,0,0,3,0
CA,0,354.0,2,5000,0,0,0,0,0,0
VM,0,0,0,354.0,1,5000,0,0,0,0,0,0

APPTR,R17L,17L,ARB3S
IF,ARBON,45.283278,4.890167, ,0.0,0.0,2,10000,0,0,0,0,1,0
TF,LL706,45.550000,4.983333,0, ,0.0,0.0,0.0,0.0,2,8000,0,0,0,0,0,0
TF,LL704,45.794806,4.948417,0, ,0.0,0.0,0.0,0.0,0,0,0,0,0,0,0,0
TF,LL702,45.861111,4.938889,0, ,0.0,0.0,0.0,0.0,2,5000,0,0,0,0,0,0
TF,LL700,45.923611,4.970833,0, ,0.0,0.0,0.0,0.0,2,4000,0,1,220,0,0,0
TF,EKMEP,45.928167,5.068306,0, ,0.0,0.0,0.0,0.0,3,4500,0,1,220,0,1,0

APPTR,R17L,17L,GOM3S
IF,GOMET,45.360194,5.488000, ,0.0,0.0,0,0,0,0,0,0,1,0
TF,LL719,45.506944,5.359722,0, ,0.0,0.0,0.0,0.0,0,0,0,0,0,0,0,0
TF,LL709,45.650111,5.351222,0, ,0.0,0.0,0.0,0.0,2,10000,0,0,0,0,0,0
TF,LL707,45.763889,5.344444,0, ,0.0,0.0,0.0,0.0,2,7000,0,0,0,0,0,0
TF,LL705,45.836111,5.290278,0, ,0.0,0.0,0.0,0.0,0,0,0,0,0,0,0,0
TF,LL703,45.885278,5.226667,0, ,0.0,0.0,0.0,0.0,2,5000,0,0,0,0,0,0
TF,LL701,45.934722,5.162500,0, ,0.0,0.0,0.0,0.0,2,4000,0,1,220,0,0,0
TF,EKMEP,45.928167,5.068306,0, ,0.0,0.0,0.0,0.0,3,4500,0,1,220,0,1,0

APPTR,R17L,17L,RIP3S
IF,RIPTU,46.106944,5.329167, ,0.0,0.0,2,7000,0,0,0,0,1,0
TF,LL713,46.063083,5.223778,0, ,0.0,0.0,0.0,0.0,2,5000,0,0,0,0,0,0
TF,LL711,46.028778,5.141694,0, ,0.0,0.0,0.0,0.0,0,0,0,0,0,0,0,0
TF,LL710,45.994444,5.059722,0, ,0.0,0.0,0.0,0.0,2,4000,0,1,220,0,0,0
TF,EKMEP,45.928167,5.068306,0, ,0.0,0.0,0.0,0.0,3,4500,0,1,220,0,1,0

APPTR,R17L,17L,TAL3S
IF,TALAR,45.956389,4.604361, ,0.0,0.0,2,7000,0,0,0,0,1,0
TF,LL714,46.005556,4.869444,0, ,0.0,0.0,0.0,0.0,2,5000,0,0,0,0,0,0
TF,LL712,46.000000,4.964722,0, ,0.0,0.0,0.0,0.0,0,0,0,0,0,0,0,0
TF,LL710,45.994444,5.059722,0, ,0.0,0.0,0.0,0.0,2,4000,0,1,220,0,0,0
TF,EKMEP,45.928167,5.068306,0, ,0.0,0.0,0.0,0.0,3,4500,0,1,220,0,1,0

FINAL,R17L,17L,R,3
IF,EKMEP,45.928167,5.068306, ,0.0,0.0,2,3000,0,1,220,0,0,0
TF,FL17L,45.847861,5.078111,0, ,0.0,0.0,174.0,4.8,1,3000,0,0,0,0,2,0
TF,RW17L,45.734942,5.091869,0, ,0.0,0.0,174.0,6.8,1,834,0,0,0,0,3,1
CA,0,174.0,2,5000,0,0,0,0,0,0
VM,0,0,0,174.0,1,5000,0,0,0,0,0,0

APPTR,R17R,17R,ARB3S
IF,ARBON,45.283278,4.890167, ,0.0,0.0,2,10000,0,0,0,0,1,0
TF,LL706,45.550000,4.983333,0, ,0.0,0.0,0.0,0.0,2,8000,0,0,0,0,0,0
TF,LL704,45.794806,4.948417,0, ,0.0,0.0,0.0,0.0,0,0,0,0,0,0,0,0
TF,LL702,45.861111,4.938889,0, ,0.0,0.0,0.0,0.0,2,5000,0,0,0,0,0,0
TF,LL700,45.923611,4.970833,0, ,0.0,0.0,0.0,0.0,2,4000,0,1,220,0,0,0
TF,ARPOB,45.929056,5.063667,0, ,0.0,0.0,0.0,0.0,3,4500,0,1,220,0,1,0

APPTR,R17R,17R,GOM3S
IF,GOMET,45.360194,5.488000, ,0.0,0.0,0,0,0,0,0,0,1,0
TF,LL719,45.506944,5.359722,0, ,0.0,0.0,0.0,0.0,0,0,0,0,0,0,0,0
TF,LL709,45.650111,5.351222,0, ,0.0,0.0,0.0,0.0,2,10000,0,0,0,0,0,0
TF,LL707,45.763889,5.344444,0, ,0.0,0.0,0.0,0.0,2,7000,0,0,0,0,0,0
TF,LL705,45.836111,5.290278,0, ,0.0,0.0,0.0,0.0,0,0,0,0,0,0,0,0
TF,LL703,45.885278,5.226667,0, ,0.0,0.0,0.0,0.0,2,5000,0,0,0,0,0,0
TF,LL701,45.934722,5.162500,0, ,0.0,0.0,0.0,0.0,2,4000,0,1,220,0,0,0
TF,ARPOB,45.929056,5.063667,0, ,0.0,0.0,0.0,0.0,3,4500,0,1,220,0,1,0

APPTR,R17R,17R,RIP3S
IF,RIPTU,46.106944,5.329167, ,0.0,0.0,2,7000,0,0,0,0,1,0
TF,LL713,46.063083,5.223778,0, ,0.0,0.0,0.0,0.0,2,5000,0,0,0,0,0,0
TF,LL711,46.028778,5.141694,0, ,0.0,0.0,0.0,0.0,0,0,0,0,0,0,0,0
TF,LL710,45.994444,5.059722,0, ,0.0,0.0,0.0,0.0,2,4000,0,1,220,0,0,0
TF,ARPOB,45.929056,5.063667,0, ,0.0,0.0,0.0,0.0,3,4500,0,1,220,0,1,0

APPTR,R17R,17R,TAL3S
IF,TALAR,45.956389,4.604361, ,0.0,0.0,2,7000,0,0,0,0,1,0
TF,LL714,46.005556,4.869444,0, ,0.0,0.0,0.0,0.0,2,5000,0,0,0,0,0,0
TF,LL712,46.000000,4.964722,0, ,0.0,0.0,0.0,0.0,0,0,0,0,0,0,0,0
TF,LL710,45.994444,5.059722,0, ,0.0,0.0,0.0,0.0,2,4000,0,1,220,0,0,0
TF,ARPOB,45.929056,5.063667,0, ,0.0,0.0,0.0,0.0,3,4500,0,1,220,0,1,0

FINAL,R17R,17R,R,3
IF,ARPOB,45.929056,5.063667, ,0.0,0.0,2,3000,0,1,220,0,0,0
TF,FL17R,45.860917,5.072000,0, ,0.0,0.0,174.0,4.1,1,3000,0,0,0,0,2,0
TF,RW17R,45.746589,5.085939,0, ,0.0,0.0,174.0,6.9,1,807,0,0,0,0,3,1
CA,0,174.0,2,5000,0,0,0,0,0,0
VM,0,0,0,174.0,1,5000,0,0,0,0,0,0

APPTR,R35L,35L,ARB3N
IF,ARBON,45.283278,4.890167, ,0.0,0.0,2,7000,0,0,0,0,1,0
TF,LL514,45.364278,4.995528,0, ,0.0,0.0,0.0,0.0,2,5000,0,0,0,0,0,0
TF,LL512,45.413417,5.059500,0, ,0.0,0.0,0.0,0.0,0,0,0,0,0,0,0,0
TF,LL510,45.462500,5.123611,0, ,0.0,0.0,0.0,0.0,2,4000,0,1,220,0,0,0
TF,NEGPU,45.529556,5.112250,0, ,0.0,0.0,0.0,0.0,3,4500,0,1,220,0,1,0

APPTR,R35L,35L,GOM3N
IF,GOMET,45.360194,5.488000, ,0.0,0.0,2,10000,0,0,0,0,1,0
TF,LL513,45.413278,5.299583,0, ,0.0,0.0,0.0,0.0,2,5000,0,0,0,0,0,0
TF,LL511,45.437917,5.211639,0, ,0.0,0.0,0.0,0.0,0,0,0,0,0,0,0,0
TF,LL510,45.462500,5.123611,0, ,0.0,0.0,0.0,0.0,2,4000,0,1,220,0,0,0
TF,NEGPU,45.529556,5.112250,0, ,0.0,0.0,0.0,0.0,3,4500,0,1,220,0,1,0

APPTR,R35L,35L,RIP3N
IF,RIPTU,46.106944,5.329167, ,0.0,0.0,2,7000,0,0,0,0,1,0
TF,LL505,45.641667,5.322222,0, ,0.0,0.0,0.0,0.0,2,5000,0,0,0,0,0,0
TF,LL503,45.588472,5.265778,0, ,0.0,0.0,0.0,0.0,0,0,0,0,0,0,0,0
TF,LL501,45.535000,5.209167,0, ,0.0,0.0,0.0,0.0,2,4000,0,1,220,0,0,0
TF,NEGPU,45.529556,5.112250,0, ,0.0,0.0,0.0,0.0,3,4500,0,1,220,0,1,0

APPTR,R35L,35L,TAL3N
IF,TALAR,45.956389,4.604361, ,0.0,0.0,2,7000,0,0,0,0,1,0
TF,LL504,45.593056,4.858333,0, ,0.0,0.0,0.0,0.0,0,0,0,0,0,0,0,0
TF,LL502,45.558583,4.939028,0, ,0.0,0.0,0.0,0.0,2,5000,0,0,0,0,0,0
TF,LL500,45.523889,5.020000,0, ,0.0,0.0,0.0,0.0,2,4000,0,1,220,0,0,0
TF,NEGPU,45.529556,5.112250,0, ,0.0,0.0,0.0,0.0,3,4500,0,1,220,0,1,0

FINAL,R35L,35L,R,3
IF,NEGPU,45.529556,5.112250, ,0.0,0.0,2,3000,0,1,220,0,0,0
TF,FL35L,45.599833,5.103750,0, ,0.0,0.0,354.0,4.2,1,3000,0,0,0,0,2,0
TF,RW35L,45.710747,5.090300,0, ,0.0,0.0,354.0,6.7,1,873,0,0,0,0,3,1
CA,0,354.0,2,5000,0,0,0,0,0,0
VM,0,0,0,354.0,1,5000,0,0,0,0,0,0

APPTR,R35R,35R,ARB3N
IF,ARBON,45.283278,4.890167, ,0.0,0.0,2,7000,0,0,0,0,1,0
TF,LL514,45.364278,4.995528,0, ,0.0,0.0,0.0,0.0,2,5000,0,0,0,0,0,0
TF,LL512,45.413417,5.059500,0, ,0.0,0.0,0.0,0.0,0,0,0,0,0,0,0,0
TF,LL510,45.462500,5.123611,0, ,0.0,0.0,0.0,0.0,2,4000,0,1,220,0,0,0
TF,INGUV,45.529667,5.116750,0, ,0.0,0.0,0.0,0.0,3,4500,0,1,220,0,1,0

APPTR,R35R,35R,GOM3N
IF,GOMET,45.360194,5.488000, ,0.0,0.0,2,10000,0,0,0,0,1,0
TF,LL513,45.413278,5.299583,0, ,0.0,0.0,0.0,0.0,2,5000,0,0,0,0,0,0
TF,LL511,45.437917,5.211639,0, ,0.0,0.0,0.0,0.0,0,0,0,0,0,0,0,0
TF,LL510,45.462500,5.123611,0, ,0.0,0.0,0.0,0.0,2,4000,0,1,220,0,0,0
TF,INGUV,45.529667,5.116750,0, ,0.0,0.0,0.0,0.0,3,4500,0,1,220,0,1,0

APPTR,R35R,35R,RIP3N
IF,RIPTU,46.106944,5.329167, ,0.0,0.0,2,7000,0,0,0,0,1,0
TF,LL505,45.641667,5.322222,0, ,0.0,0.0,0.0,0.0,2,5000,0,0,0,0,0,0
TF,LL503,45.588472,5.265778,0, ,0.0,0.0,0.0,0.0,0,0,0,0,0,0,0,0
TF,LL501,45.535000,5.209167,0, ,0.0,0.0,0.0,0.0,2,4000,0,1,220,0,0,0
TF,INGUV,45.529667,5.116750,0, ,0.0,0.0,0.0,0.0,3,4500,0,1,220,0,1,0

APPTR,R35R,35R,TAL3N
IF,TALAR,45.956389,4.604361, ,0.0,0.0,2,7000,0,0,0,0,1,0
TF,LL504,45.593056,4.858333,0, ,0.0,0.0,0.0,0.0,0,0,0,0,0,0,0,0
TF,LL502,45.558583,4.939028,0, ,0.0,0.0,0.0,0.0,2,5000,0,0,0,0,0,0
TF,LL500,45.523889,5.020000,0, ,0.0,0.0,0.0,0.0,2,4000,0,1,220,0,0,0
TF,INGUV,45.529667,5.116750,0, ,0.0,0.0,0.0,0.0,3,4500,0,1,220,0,1,0

FINAL,R35R,35R,R,3
IF,INGUV,45.529667,5.116750, ,0.0,0.0,2,3000,0,1,220,0,0,0
TF,FL35R,45.599944,5.108250,0, ,0.0,0.0,354.0,4.2,1,3000,0,0,0,0,2,0
TF,RW35R,45.711006,5.094781,0, ,0.0,0.0,354.0,6.7,1,870,0,0,0,0,3,1
CA,0,354.0,2,5000,0,0,0,0,0,0
VM,0,0,0,354.0,1,5000,0,0,0,0,0,0

