APPTR,R20,20,LO402
IF,LO402,46.238056,4.241917, ,0.0,0.0,2,5000,0,0,0,0,1,0
TF,ILO20,46.229611,4.074056,0, ,0.0,0.0,0.0,0.0,2,3700,0,1,210,0,1,0

APPTR,R20,20,LO404
IF,LO404,46.298500,3.938111, ,0.0,0.0,2,5500,0,0,0,0,1,0
TF,ILO20,46.229611,4.074056,0, ,0.0,0.0,0.0,0.0,2,3700,0,1,210,0,1,0

APPTR,R20,20,SN
IF,SN,46.294361,4.121389, ,0.0,0.0,4,5000,3700,1,210,0,1,0
TF,ILO20,46.229611,4.074056,0, ,0.0,0.0,0.0,0.0,2,3700,0,1,210,0,1,0

FINAL,R20,20,R,3
IF,ILO20,46.229611,4.074056, ,0.0,0.0,2,3700,0,1,210,0,0,0
TF,FLO20,46.141667,4.036972,0, ,0.0,0.0,195.0,5.5,1,2900,0,1,160,0,2,0
TF,RW20,46.062133,4.003564,0, ,0.0,0.0,195.0,5.0,1,1117,0,0,0,0,3,1
TF,LO410,46.030139,3.990139,0, ,0.0,0.0,0.0,0.0,0,0,0,0,0,0,0,1
DF,SN,46.294361,4.121389,1, ,0.0,0.0,2,3700,0,1,160,0,0,0

APPTR,V20,20,SN
HF,SN,46.294361,4.121389,1, ,0.0,0.0,326.0,04.3,2,3700,0,1,210,0,1,0,0
FC,SN,46.294361,4.121389,0,ROA,0.0,0.0,326.0,0.5,0,0,0,0,0,0,0,1
CI,1, ,0.0,146.0,1,3700,0,0,0,0,0,0
CF,RNN,46.112361,4.037111,0,ROA,24.3,3.6,204.0,8.0,1,2400,0,0,0,0,0,0

FINAL,V20,20,D,2
IF,RNN,46.112361,4.037111,ROA,24.3,3.6,1,2400,0,0,0,0,2,0
CF,RW20,46.062133,4.003564,0,ROA,43.2,0.3,204.0,3.3,1,1117,0,0,0,0,3,0
CF,ROA,46.059167,3.999278,0,ROA,0.0,0.0,204.0,0.3,2,1510,0,0,0,0,0,1
DF,RNN,46.112361,4.037111,1, ,0.0,0.0,1,3700,0,1,170,0,0,0
CF,SN,46.294361,4.121389,0,ROA,17.8,15.0,17.0,11.5,0,0,0,0,0,0,0,0

