SID,DANB8A,22,5
CF,SOCOF,45.861639,6.020333,0,CBY,94.2,11.1,217.0,5.0,0,0,0,0,0,0,0,0
TF,TOLNA,45.678528,5.813694,0, ,0.0,0.0,0.0,0.0,0,0,0,1,250,0,0,0
TF,BELUS,45.675278,5.593889,0, ,0.0,0.0,0.0,0.0,0,0,0,0,0,0,0,0
TF,MAXUS,45.773611,5.381389,0, ,0.0,0.0,0.0,0.0,0,0,0,0,0,0,0,0
TF,DANBO,45.921750,5.058722,0, ,0.0,0.0,0.0,0.0,0,0,0,0,0,0,0,0

SID,ESAP8A,22,5
CF,SOCOF,45.861639,6.020333,0,CBY,94.2,11.1,217.0,5.0,0,0,0,1,180,0,0,1
DF,LP620,45.966667,6.210556,2, ,0.0,0.0,2,13000,0,1,180,0,0,0
TF,ESAPI,45.889889,6.290250,0, ,0.0,0.0,0.0,0.0,2,15000,0,1,200,0,0,0

SID,LTP8A,22,5
CF,SOCOF,45.861639,6.020333,0,LSE,77.5,39.6,217.0,5.0,0,0,0,0,0,0,0,0
TF,TOLNA,45.678528,5.813694,0, ,0.0,0.0,0.0,0.0,0,0,0,1,250,0,0,0
TF,LTP,45.488972,5.439056,0, ,0.0,0.0,0.0,0.0,0,0,0,0,0,0,0,0

SID,MEBA8A,22,5
CF,SOCOF,45.861639,6.020333,0,CBY,94.2,11.1,217.0,5.0,0,0,0,0,0,0,0,0
TF,TOLNA,45.678528,5.813694,0, ,0.0,0.0,0.0,0.0,0,0,0,1,250,0,0,0
TF,BELUS,45.675278,5.593889,0, ,0.0,0.0,0.0,0.0,0,0,0,0,0,0,0,0
TF,GIRED,45.726083,5.231528,0, ,0.0,0.0,0.0,0.0,0,0,0,0,0,0,0,0
TF,LSE,45.745528,5.090583,0, ,0.0,0.0,0.0,0.0,0,0,0,0,0,0,0,0
TF,MEBAK,45.708028,4.648861,0, ,0.0,0.0,0.0,0.0,0,0,0,0,0,0,0,0

SID,MOKI8A,22,5
CF,SOCOF,45.861639,6.020333,0,CBY,94.2,11.1,217.0,5.0,0,0,0,0,0,0,0,0
TF,TOLNA,45.678528,5.813694,0, ,0.0,0.0,0.0,0.0,0,0,0,1,250,0,0,0
TF,BELUS,45.675278,5.593889,0, ,0.0,0.0,0.0,0.0,0,0,0,0,0,0,0,0
TF,MAXUS,45.773611,5.381389,0, ,0.0,0.0,0.0,0.0,0,0,0,0,0,0,0,0
TF,DANBO,45.921750,5.058722,0, ,0.0,0.0,0.0,0.0,2,15000,0,0,0,0,0,0
TF,MOKIP,46.448889,5.093611,0, ,0.0,0.0,0.0,0.0,0,0,0,0,0,0,0,0

SID,MURO8A,22,5
CF,SOCOF,45.861639,6.020333,0,CBY,94.2,11.1,217.0,5.0,0,0,0,0,0,0,0,0
TF,TOLNA,45.678528,5.813694,0, ,0.0,0.0,0.0,0.0,0,0,0,1,250,0,0,0
TF,BELUS,45.675278,5.593889,0, ,0.0,0.0,0.0,0.0,0,0,0,0,0,0,0,0
TF,GIRED,45.726083,5.231528,0, ,0.0,0.0,0.0,0.0,0,0,0,0,0,0,0,0
TF,LSE,45.745528,5.090583,0, ,0.0,0.0,0.0,0.0,0,0,0,0,0,0,0,0
TF,MURRO,45.332917,4.375556,0, ,0.0,0.0,0.0,0.0,0,0,0,0,0,0,0,0

SID,ODIK8A,22,5
CF,SOCOF,45.861639,6.020333,0,CBY,94.2,11.1,217.0,5.0,0,0,0,1,180,0,0,1
DF,LP610,46.021389,6.216667,2, ,0.0,0.0,2,13000,0,1,180,0,0,0
TF,ODIKI,45.942222,6.343611,0, ,0.0,0.0,0.0,0.0,2,15000,0,1,200,0,0,0

SID,PAS8A,22,5
CF,SOCOF,45.861639,6.020333,0,CBY,94.2,11.1,217.0,5.0,0,0,0,1,180,0,0,1
DF,PAS,46.163694,5.999917,2, ,0.0,0.0,0,0,0,1,200,0,0,0

SID,PIRU8A,22,5
CF,SOCOF,45.861639,6.020333,0,CBY,94.2,11.1,217.0,4.8,0,0,0,0,0,0,0,0
TF,LUVOB,45.783528,5.658750,0, ,0.0,0.0,0.0,0.0,0,0,0,0,0,0,0,0
TF,KENZO,45.794000,5.552611,0, ,0.0,0.0,0.0,0.0,0,0,0,0,0,0,0,0
TF,GOVNA,45.878167,5.569528,0, ,0.0,0.0,0.0,0.0,0,0,0,0,0,0,0,0
TF,PIRUV,45.867778,5.675833,0, ,0.0,0.0,0.0,0.0,3,9000,0,1,210,0,0,0

SID,ROMA8A,22,5
CF,SOCOF,45.861639,6.020333,0,CBY,94.2,11.1,217.0,5.0,0,0,0,0,0,0,0,0
TF,TOLNA,45.678528,5.813694,0, ,0.0,0.0,0.0,0.0,0,0,0,1,250,0,0,0
TF,BELUS,45.675278,5.593889,0, ,0.0,0.0,0.0,0.0,0,0,0,0,0,0,0,0
TF,GIRED,45.726083,5.231528,0, ,0.0,0.0,0.0,0.0,0,0,0,0,0,0,0,0
TF,ROMAM,45.102647,5.163447,1, ,0.0,0.0,0.0,0.0,0,0,0,0,0,0,0,0

SID,VENA8A,22,5
CF,SOCOF,45.861639,6.020333,0,CBY,94.2,11.1,217.0,5.0,0,0,0,1,180,0,0,1
DF,LP610,46.021389,6.216667,2, ,0.0,0.0,2,13000,0,1,180,0,0,0
TF,VENAT,46.244167,6.596667,0, ,0.0,0.0,0.0,0.0,0,0,0,0,0,0,0,0

STAR,AMVA1P,ALL,5
IF,AMVAR,45.330556,5.937222, ,0.0,0.0,3,15000,0,1,250,0,0,0
TF,OSMAS,45.279694,5.518472,0, ,0.0,0.0,0.0,0.0,3,14000,0,1,230,0,0,0
TF,GOMET,45.360194,5.488000,0, ,0.0,0.0,0.0,0.0,0,0,0,0,0,0,0,0
TF,LTP,45.488972,5.439056,0, ,0.0,0.0,0.0,0.0,0,0,0,0,0,0,0,0
TF,MAXUS,45.773611,5.381389,0, ,0.0,0.0,0.0,0.0,0,0,0,0,0,0,0,0
TF,GOVNA,45.878167,5.569528,0, ,0.0,0.0,0.0,0.0,4,9000,6500,1,210,0,0,0
TF,PIRUV,45.867778,5.675833,0, ,0.0,0.0,0.0,0.0,2,6500,0,0,0,0,0,0

STAR,LTP1A,ALL,5
IF,LTP,45.488972,5.439056, ,0.0,0.0,0,0,0,0,0,0,0,0
TF,TOLNA,45.678528,5.813694,0, ,0.0,0.0,0.0,0.0,2,7100,0,0,0,0,0,0

STAR,MEBA1P,ALL,5
IF,MEBAK,45.708028,4.648861, ,0.0,0.0,0,0,0,0,0,0,0,0
TF,LSE,45.745528,5.090583,0, ,0.0,0.0,0.0,0.0,0,0,0,0,0,0,0,0
TF,GOVNA,45.878167,5.569528,0, ,0.0,0.0,0.0,0.0,4,9000,6500,1,210,0,0,0
TF,PIRUV,45.867778,5.675833,0, ,0.0,0.0,0.0,0.0,2,6500,0,0,0,0,0,0

STAR,MURO1P,ALL,5
IF,MURRO,45.332917,4.375556, ,0.0,0.0,0,0,0,0,0,0,0,0
TF,LSE,45.745528,5.090583,0, ,0.0,0.0,0.0,0.0,0,0,0,0,0,0,0,0
TF,GOVNA,45.878167,5.569528,0, ,0.0,0.0,0.0,0.0,4,9000,6500,1,210,0,0,0
TF,PIRUV,45.867778,5.675833,0, ,0.0,0.0,0.0,0.0,2,6500,0,0,0,0,0,0

STAR,OMAN1P,ALL,5
IF,OMANI,46.457333,3.767972, ,0.0,0.0,4,23000,20000,0,0,0,0,0
TF,ARLOP,46.273889,4.156389,0, ,0.0,0.0,0.0,0.0,0,0,0,0,0,0,0,0
TF,BEKRI,46.144056,4.428222,0, ,0.0,0.0,0.0,0.0,3,15000,0,0,0,0,0,0
TF,REKMU,46.085944,4.649361,0, ,0.0,0.0,0.0,0.0,3,12000,0,1,250,0,0,0
TF,EKNOS,46.224722,5.248972,0, ,0.0,0.0,0.0,0.0,0,0,0,1,220,0,0,0
TF,AMKEN,46.182556,5.379500,0, ,0.0,0.0,0.0,0.0,0,0,0,0,0,0,0,0
TF,RIPTU,46.106944,5.329167,0, ,0.0,0.0,0.0,0.0,0,0,0,0,0,0,0,0
TF,GOVNA,45.878167,5.569528,0, ,0.0,0.0,0.0,0.0,4,9000,6500,1,210,0,0,0
TF,PIRUV,45.867778,5.675833,0, ,0.0,0.0,0.0,0.0,2,6500,0,0,0,0,0,0

STAR,PINE1P,ALL,5
IF,PINED,45.000000,5.521111, ,0.0,0.0,3,13000,0,1,250,0,0,0
TF,OSMAS,45.279694,5.518472,0, ,0.0,0.0,0.0,0.0,3,14000,0,1,230,0,0,0
TF,GOMET,45.360194,5.488000,0, ,0.0,0.0,0.0,0.0,0,0,0,0,0,0,0,0
TF,LTP,45.488972,5.439056,0, ,0.0,0.0,0.0,0.0,0,0,0,0,0,0,0,0
TF,MAXUS,45.773611,5.381389,0, ,0.0,0.0,0.0,0.0,0,0,0,0,0,0,0,0
TF,GOVNA,45.878167,5.569528,0, ,0.0,0.0,0.0,0.0,4,9000,6500,1,210,0,0,0
TF,PIRUV,45.867778,5.675833,0, ,0.0,0.0,0.0,0.0,2,6500,0,0,0,0,0,0

STAR,ROMA1P,ALL,5
IF,ROMAM,45.102647,5.163447, ,0.0,0.0,0,0,0,0,0,0,0,0
TF,LSE,45.745528,5.090583,0, ,0.0,0.0,0.0,0.0,0,0,0,0,0,0,0,0
TF,GOVNA,45.878167,5.569528,0, ,0.0,0.0,0.0,0.0,4,9000,6500,1,210,0,0,0
TF,PIRUV,45.867778,5.675833,0, ,0.0,0.0,0.0,0.0,2,6500,0,0,0,0,0,0

STAR,SALE1P,ALL,5
IF,SALEV,46.073778,6.065944, ,0.0,0.0,0,0,0,0,0,0,0,0
TF,PINOT,45.985447,5.925958,0, ,0.0,0.0,0.0,0.0,0,0,0,0,0,0,0,0
TF,COLLO,45.943056,5.855000,0, ,0.0,0.0,0.0,0.0,0,0,0,0,0,0,0,0
TF,LUVOB,45.783528,5.658750,0, ,0.0,0.0,0.0,0.0,3,9000,0,1,210,0,0,0
TF,KENZO,45.794000,5.552611,0, ,0.0,0.0,0.0,0.0,0,0,0,0,0,0,0,0
TF,GOVNA,45.878167,5.569528,0, ,0.0,0.0,0.0,0.0,4,9000,6500,1,210,0,0,0
TF,PIRUV,45.867778,5.675833,0, ,0.0,0.0,0.0,0.0,2,6500,0,0,0,0,0,0

STAR,SALE1Q,ALL,5
IF,SALEV,46.073778,6.065944, ,0.0,0.0,0,0,0,0,0,0,0,0
TF,BAGAP,45.738333,5.929167,0, ,0.0,0.0,0.0,0.0,3,11000,0,1,210,0,0,0
TF,OSRIM,45.696667,5.826111,0, ,0.0,0.0,0.0,0.0,0,0,0,0,0,0,0,0
TF,KENZO,45.794000,5.552611,0, ,0.0,0.0,0.0,0.0,0,0,0,0,0,0,0,0
TF,GOVNA,45.878167,5.569528,0, ,0.0,0.0,0.0,0.0,4,9000,6500,1,210,0,0,0
TF,PIRUV,45.867778,5.675833,0, ,0.0,0.0,0.0,0.0,2,6500,0,0,0,0,0,0

APPTR,N04,04,CBY
IF,CBY,45.881889,5.757306, ,0.0,0.0,0,0,0,1,170,0,0,0
CD, ,0,0,0,CBY,0,0.0,119.0,1.5,1,6500,0,0,0,0,0,0
CF,D119G,45.827656,5.891472,0,CBY,119.0,6.5,119.0,5.0,1,5000,0,1,170,0,0,0
CF,CN04,45.834439,5.988831,0,CBY,105.3,10.1,81.0,4.1,1,3400,0,0,0,0,1,0

APPTR,N04,04,PIRUV
IF,PIRUV,45.867778,5.675833, ,0.0,0.0,2,6500,0,1,210,0,1,0
TF,CBY,45.881889,5.757306,0, ,0.0,0.0,0.0,0.0,0,0,0,1,170,0,0,0
FD,CBY,45.881889,5.757306,0,CBY,0.0,1.5,119.0,1.5,1,6500,0,0,0,0,0,0
CF,D119G,45.827656,5.891472,0,CBY,119.0,6.5,119.0,5.0,1,5000,0,1,170,0,0,0
CF,CN04,45.834439,5.988831,0,CBY,105.3,10.1,81.0,4.1,1,3400,0,0,0,0,1,0

FINAL,N04,04,N,3
IF,CN04,45.834439,5.988831,AT,0.0,0.0,1,3400,0,0,0,0,0,0
CF,AT,45.861639,6.020333,0,AT,0.0,0.0,37.0,2.1,1,3400,0,0,0,0,2,0
CF,MN04,45.900475,6.065389,0,AT,0.0,0.0,37.0,3.0,1,2263,0,0,0,0,3,0
FA,MN04,45.900475,6.065389,0,CBY,0.0,0.0,37.0,2,3300,0,0,0,0,0,0
DF,AT,45.861639,6.020333,1, ,0.0,0.0,1,6500,0,1,160,0,0,0
HM,AT,45.861639,6.020333,2, ,0.0,0.0,211.0,04.3,3,8000,0,1,170,0,0,0,0

APPTR,R04-Y,04,SOCOF
IF,SOCOF,45.861639,6.020333, ,0.0,0.0,4,8000,6500,1,190,0,1,0
TF,LP409,45.844667,5.895806,0, ,0.0,0.0,0.0,0.0,2,5500,0,1,190,0,0,0
TF,LP408,45.805556,5.851278,0, ,0.0,0.0,0.0,0.0,2,5000,0,1,190,0,0,0
TF,IP04Y,45.769306,5.916556,0, ,0.0,0.0,0.0,0.0,2,4500,0,1,190,0,1,0

FINAL,R04-Y,04,R,3
IF,IP04Y,45.769306,5.916556, ,0.0,0.0,2,4500,0,1,190,0,0,0
TF,FP04Y,45.821472,5.975861,0, ,0.0,0.0,36.0,4.0,1,4500,0,0,0,0,2,0
TF,RW04,45.925300,6.094364,0, ,0.0,0.0,36.0,8.0,1,1538,0,0,0,0,3,1
TF,LP411,45.983889,6.161472,0, ,0.0,0.0,0.0,0.0,0,0,0,0,0,0,0,1
DF,LP412,45.939000,6.064222,1, ,0.0,0.0,3,5000,0,1,160,0,0,0
TF,SOCOF,45.861639,6.020333,0, ,0.0,0.0,0.0,0.0,1,6500,0,0,0,0,0,1
HM,SOCOF,45.861639,6.020333,2, ,0.0,0.0,242.0,02.5,2,6500,0,1,170,0,0,0,0

APPTR,R04-Z,04,COLLO
IF,COLLO,45.943056,5.855000, ,0.0,0.0,4,7800,6500,0,0,0,1,0
TF,LP405,45.878556,5.860278,0, ,0.0,0.0,0.0,0.0,4,6000,5000,1,200,0,0,0
TF,LP402,45.839611,5.905167,0, ,0.0,0.0,0.0,0.0,1,5000,0,0,0,0,0,0
TF,IP04Z,45.808556,5.961194,0, ,0.0,0.0,0.0,0.0,2,3900,0,1,185,0,1,0

APPTR,R04-Z,04,PIRUV
IF,PIRUV,45.867778,5.675833, ,0.0,0.0,4,7900,6500,1,210,0,1,0
TF,LP403,45.857278,5.781806,0, ,0.0,0.0,0.0,0.0,1,6500,0,1,200,0,0,0
TF,LP402,45.839611,5.905167,0, ,0.0,0.0,0.0,0.0,1,5000,0,0,0,0,0,0
TF,IP04Z,45.808556,5.961194,0, ,0.0,0.0,0.0,0.0,2,3900,0,1,185,0,1,0

APPTR,R04-Z,04,TOLNA
IF,TOLNA,45.678528,5.813694, ,0.0,0.0,3,8000,0,0,0,0,1,0
TF,LP404,45.730750,5.872806,0, ,0.0,0.0,0.0,0.0,1,6500,0,0,0,0,0,0
TF,IP04Z,45.808556,5.961194,0, ,0.0,0.0,0.0,0.0,2,3900,0,1,185,0,1,0

FINAL,R04-Z,04,R,3
IF,IP04Z,45.808556,5.961194, ,0.0,0.0,2,3900,0,1,185,0,0,0
TF,FP04Z,45.856528,6.015833,0, ,0.0,0.0,36.0,3.7,1,3500,0,0,0,0,2,0
TF,RW04,45.925300,6.094364,0, ,0.0,0.0,36.0,5.3,1,1538,0,0,0,0,3,1
TF,LP411,45.983889,6.161472,0, ,0.0,0.0,0.0,0.0,0,0,0,0,0,0,0,1
DF,LP412,45.939000,6.064222,1, ,0.0,0.0,3,5000,0,1,160,0,0,0
TF,SOCOF,45.861639,6.020333,0, ,0.0,0.0,0.0,0.0,1,6500,0,0,0,0,0,1
HM,SOCOF,45.861639,6.020333,2, ,0.0,0.0,242.0,02.5,2,6500,0,1,170,0,0,0,0

