SID,BELE6E,09,5
CF,LS901,45.362611,5.443389,0,LSE,145.0,27.4,88.0,5.0,0,0,0,1,210,0,0,0
TF,LTP,45.488972,5.439056,1, ,0.0,0.0,0.0,0.0,0,0,0,0,0,0,0,0
TF,BELEP,45.791667,4.131667,0, ,0.0,0.0,0.0,0.0,0,0,0,0,0,0,0,0

SID,BELE6W,27,5
CF,LS722,45.363278,5.163444,0,LSE,170.4,23.1,268.0,7.0,0,0,0,0,0,0,0,0
TF,BELEP,45.791667,4.131667,0, ,0.0,0.0,0.0,0.0,0,0,0,0,0,0,0,0

SID,BELU6E,09,5
CF,LS901,45.362611,5.443389,0,LSE,145.0,27.4,88.0,5.0,0,0,0,1,210,0,0,0
TF,LTP,45.488972,5.439056,1, ,0.0,0.0,0.0,0.0,0,0,0,0,0,0,0,0
TF,BELUS,45.675278,5.593889,0, ,0.0,0.0,0.0,0.0,3,12000,0,0,0,0,0,0

SID,BELU6W,27,5
CA,0,268.0,2,1900,0,0,0,0,0,0
DF,LS721,45.349444,5.404167,1, ,0.0,0.0,0,0,0,1,220,0,0,0
TF,LTP,45.488972,5.439056,0, ,0.0,0.0,0.0,0.0,0,0,0,0,0,0,0,0
TF,BELUS,45.675278,5.593889,0, ,0.0,0.0,0.0,0.0,3,12000,0,0,0,0,0,0

SID,DANB6E,09,5
CF,LS901,45.362611,5.443389,0,LSE,145.0,27.4,88.0,5.0,0,0,0,1,210,0,0,0
TF,LTP,45.488972,5.439056,1, ,0.0,0.0,0.0,0.0,0,0,0,0,0,0,0,0
TF,DANBO,45.921750,5.058722,0, ,0.0,0.0,0.0,0.0,0,0,0,0,0,0,0,0

SID,DANB6W,27,5
CA,0,268.0,2,1900,0,0,0,0,0,0
DF,LS721,45.349444,5.404167,1, ,0.0,0.0,0,0,0,1,220,0,0,0
TF,LTP,45.488972,5.439056,0, ,0.0,0.0,0.0,0.0,0,0,0,0,0,0,0,0
TF,DANBO,45.921750,5.058722,0, ,0.0,0.0,0.0,0.0,0,0,0,0,0,0,0,0

SID,MOKI6E,09,5
CF,LS901,45.362611,5.443389,0,LSE,145.0,27.4,88.0,5.0,0,0,0,1,210,0,0,0
TF,LTP,45.488972,5.439056,1, ,0.0,0.0,0.0,0.0,0,0,0,0,0,0,0,0
TF,DANBO,45.921750,5.058722,0, ,0.0,0.0,0.0,0.0,2,15000,0,0,0,0,0,0
TF,MOKIP,46.448889,5.093611,0, ,0.0,0.0,0.0,0.0,0,0,0,0,0,0,0,0

SID,MOKI6W,27,5
CA,0,268.0,2,1900,0,0,0,0,0,0
DF,LS721,45.349444,5.404167,1, ,0.0,0.0,0,0,0,1,220,0,0,0
TF,LTP,45.488972,5.439056,0, ,0.0,0.0,0.0,0.0,0,0,0,0,0,0,0,0
TF,DANBO,45.921750,5.058722,0, ,0.0,0.0,0.0,0.0,2,15000,0,0,0,0,0,0
TF,MOKIP,46.448889,5.093611,0, ,0.0,0.0,0.0,0.0,0,0,0,0,0,0,0,0

SID,PIRU6E,09,5
CF,LS901,45.362611,5.443389,0,LSE,145.0,27.4,88.0,5.0,0,0,0,1,210,0,0,0
TF,LTP,45.488972,5.439056,1, ,0.0,0.0,0.0,0.0,0,0,0,0,0,0,0,0
TF,MAXUS,45.773611,5.381389,0, ,0.0,0.0,0.0,0.0,0,0,0,0,0,0,0,0
TF,GOVNA,45.878167,5.569528,0, ,0.0,0.0,0.0,0.0,2,6500,0,1,210,0,0,0
TF,PIRUV,45.867778,5.675833,0, ,0.0,0.0,0.0,0.0,3,8000,0,0,0,0,0,0

SID,PIRU6W,27,5
CA,0,268.0,2,1900,0,0,0,0,0,0
DF,LS721,45.349444,5.404167,1, ,0.0,0.0,0,0,0,1,220,0,0,0
TF,LTP,45.488972,5.439056,0, ,0.0,0.0,0.0,0.0,0,0,0,0,0,0,0,0
TF,MAXUS,45.773611,5.381389,0, ,0.0,0.0,0.0,0.0,0,0,0,0,0,0,0,0
TF,GOVNA,45.878167,5.569528,0, ,0.0,0.0,0.0,0.0,2,6500,0,1,210,0,0,0
TF,PIRUV,45.867778,5.675833,0, ,0.0,0.0,0.0,0.0,3,8000,0,0,0,0,0,0

SID,REPS6E,09,5
CF,LS901,45.362611,5.443389,0,LSE,145.0,27.4,88.0,2.0,0,0,0,1,210,0,0,0
TF,LTP,45.488972,5.439056,1, ,0.0,0.0,0.0,0.0,0,0,0,0,0,0,0,0
TF,REPSI,45.522389,4.275278,0, ,0.0,0.0,0.0,0.0,0,0,0,0,0,0,0,0

SID,REPS6W,27,5
CF,LS722,45.363278,5.163444,0,LSE,170.4,23.1,268.0,7.0,0,0,0,0,0,0,0,0
TF,REPSI,45.522389,4.275278,0, ,0.0,0.0,0.0,0.0,0,0,0,0,0,0,0,0

SID,RISO6E,09,5
CF,LS901,45.362611,5.443389,0,LSE,145.0,27.4,88.0,5.0,0,0,0,1,210,0,0,0
TF,LTP,45.488972,5.439056,1, ,0.0,0.0,0.0,0.0,0,0,0,0,0,0,0,0
TF,PENAR,45.506944,5.626944,0, ,0.0,0.0,0.0,0.0,2,10000,0,0,0,0,0,0
TF,RISOR,45.538333,5.964167,0, ,0.0,0.0,0.0,0.0,2,13000,0,0,0,0,0,0

SID,RISO6W,27,5
CA,0,268.0,2,1900,0,0,0,0,0,0
DF,LS721,45.349444,5.404167,1, ,0.0,0.0,0,0,0,1,220,0,0,0
TF,LTP,45.488972,5.439056,0, ,0.0,0.0,0.0,0.0,0,0,0,0,0,0,0,0
TF,PENAR,45.506944,5.626944,0, ,0.0,0.0,0.0,0.0,2,10000,0,0,0,0,0,0
TF,RISOR,45.538333,5.964167,0, ,0.0,0.0,0.0,0.0,2,13000,0,0,0,0,0,0

SID,ROMA6E,09,5
CF,LS902,45.362750,5.396111,0,LSE,148.6,26.3,88.0,3.0,0,0,0,0,0,0,0,1
DF,ROMAM,45.102647,5.163447,1, ,0.0,0.0,0,0,0,0,0,0,0,0

SID,ROMA6W,27,5
CF,LS722,45.363278,5.163444,0,LSE,170.4,23.1,268.0,7.0,0,0,0,0,0,0,0,0
TF,ROMAM,45.102647,5.163447,1, ,0.0,0.0,0.0,0.0,0,0,0,0,0,0,0,0

SID,SOPL6E,09,5
CF,LS901,45.362611,5.443389,0,LSE,145.0,27.4,88.0,5.0,0,0,0,1,210,0,0,0
TF,LTP,45.488972,5.439056,1, ,0.0,0.0,0.0,0.0,0,0,0,0,0,0,0,0
TF,SOPLO,45.728806,5.745833,0, ,0.0,0.0,0.0,0.0,3,14000,0,0,0,0,0,0

SID,SOPL6W,27,5
CA,0,268.0,2,1900,0,0,0,0,0,0
DF,LS721,45.349444,5.404167,1, ,0.0,0.0,0,0,0,1,220,0,0,0
TF,LTP,45.488972,5.439056,0, ,0.0,0.0,0.0,0.0,0,0,0,0,0,0,0,0
TF,SOPLO,45.728806,5.745833,0, ,0.0,0.0,0.0,0.0,3,14000,0,0,0,0,0,0

SID,WS6E,09,2
CD, ,0,0,0,SG,0,0.0,88.0,3.5,0,0,0,0,0,0,0,0
DF,WS,45.362361,5.152972,1, ,0.0,0.0,0,0,0,0,0,0,0,0

STAR,AMVA3A,ALL,5
IF,AMVAR,45.330556,5.937222, ,0.0,0.0,3,15000,0,1,250,0,0,0
TF,LS661,45.303889,5.716111,0, ,0.0,0.0,0.0,0.0,0,0,0,0,0,0,0,0
TF,OSMAS,45.279694,5.518472,0, ,0.0,0.0,0.0,0.0,2,10000,0,1,220,0,0,0
TF,GOMET,45.360194,5.488000,0, ,0.0,0.0,0.0,0.0,2,10000,0,0,0,0,0,0

STAR,MEZI3A,ALL,5
IF,MEZIN,45.017111,4.195861, ,0.0,0.0,0,0,0,0,0,0,0,0
TF,NELEN,45.118611,4.611667,0, ,0.0,0.0,0.0,0.0,4,14000,12000,0,0,0,0,0
TF,ROLIR,45.174444,4.843500,0, ,0.0,0.0,0.0,0.0,2,7000,0,1,220,0,0,0
TF,ARBON,45.283278,4.890167,0, ,0.0,0.0,0.0,0.0,2,7000,0,0,0,0,0,0

STAR,MILP3A,ALL,5
IF,MILPA,46.302556,5.879722, ,0.0,0.0,3,18000,0,1,250,0,0,0
TF,KUDUP,46.230028,5.576028,0, ,0.0,0.0,0.0,0.0,4,12000,9000,0,0,0,0,0
TF,AMKEN,46.182556,5.379500,0, ,0.0,0.0,0.0,0.0,0,0,0,1,220,0,0,0
TF,RIPTU,46.106944,5.329167,0, ,0.0,0.0,0.0,0.0,2,7000,0,0,0,0,0,0

STAR,MTL3A,ALL,5
IF,MTL,44.554944,4.779861, ,0.0,0.0,0,0,0,0,0,0,0,0
TF,AMONI,45.067222,4.832500,0, ,0.0,0.0,0.0,0.0,4,14000,12000,0,0,0,0,0
TF,ROLIR,45.174444,4.843500,0, ,0.0,0.0,0.0,0.0,2,7000,0,1,220,0,0,0
TF,ARBON,45.283278,4.890167,0, ,0.0,0.0,0.0,0.0,2,7000,0,0,0,0,0,0

STAR,PINE3A,ALL,5
IF,PINED,45.000000,5.521111, ,0.0,0.0,3,13000,0,1,250,0,0,0
TF,LS662,45.138056,5.520000,0, ,0.0,0.0,0.0,0.0,0,0,0,0,0,0,0,0
TF,OSMAS,45.279694,5.518472,0, ,0.0,0.0,0.0,0.0,2,10000,0,1,220,0,0,0
TF,GOMET,45.360194,5.488000,0, ,0.0,0.0,0.0,0.0,2,10000,0,0,0,0,0,0

STAR,ROA3A,ALL,5
IF,ROA,46.059167,3.999278, ,0.0,0.0,0,0,0,0,0,0,0,0
TF,GOFOG,46.017972,4.352306,0, ,0.0,0.0,0.0,0.0,3,12000,0,0,0,0,0,0
TF,MEBAK,45.708028,4.648861,0, ,0.0,0.0,0.0,0.0,0,0,0,0,0,0,0,0
TF,ARBON,45.283278,4.890167,0, ,0.0,0.0,0.0,0.0,2,7000,0,0,0,0,0,0

APPTR,I09,09,ARB1E
IF,ARBON,45.283278,4.890167, ,0.0,0.0,2,7000,0,0,0,0,1,0
FM,ARBON,45.283278,4.890167,0,LSE,0.0,0.0,60.0,0,0,0,0,0,0,0,0
CF,ODUXA,45.363389,5.052250,0,SG,268.2,12.7,88.0,4.0,2,3300,0,0,0,0,1,0

APPTR,I09,09,GOM1E
IF,GOMET,45.360194,5.488000, ,0.0,0.0,2,10000,0,0,0,0,1,0
FM,GOMET,45.360194,5.488000,0,LSE,0.0,0.0,250.0,0,0,0,0,0,0,0,0
CF,ODUXA,45.363389,5.052250,2,SG,268.2,12.7,88.0,2.0,2,3300,0,0,0,0,1,0

APPTR,I09,09,RIP1E
IF,RIPTU,46.106944,5.329167, ,0.0,0.0,2,7000,0,0,0,0,1,0
FM,RIPTU,46.106944,5.329167,0,LSE,0.0,0.0,180.0,0,0,0,0,0,0,0,0
CF,ODUXA,45.363389,5.052250,0,SG,268.2,12.7,88.0,3.0,2,3300,0,0,0,0,1,0

APPTR,I09,09,WS
HF,WS,45.362361,5.152972,2, ,0.0,0.0,88.0,04.3,2,3300,0,1,220,0,1,0,0

FINAL,I09,09,I,3
IF,ODUXA,45.363389,5.052250,SG,268.2,12.7,2,3300,0,0,0,0,0,0
CF,WS,45.362361,5.152972,0,SG,267.9,8.4,88.0,4.3,1,3300,0,0,0,0,2,0
CF,RW09,45.362997,5.309911,0,SG,268.2,1.8,88.0,6.6,1,1276,0,0,0,0,3,0
CF,D088B,45.362831,5.372078,0,LSE,150.6,25.9,88.0,2.6,0,0,0,0,0,0,0,1
CA,0,88.0,2,3000,0,0,0,0,0,0

APPTR,N09,09,ARB1E
IF,ARBON,45.283278,4.890167, ,0.0,0.0,2,7000,0,0,0,0,1,0
FM,ARBON,45.283278,4.890167,0,LSE,0.0,0.0,60.0,0,0,0,0,0,0,0,0
CF,WS,45.362361,5.152972,0,LSE,172.5,23.1,88.0,4.0,2,3300,0,0,0,0,0,0

APPTR,N09,09,GOM1E
IF,GOMET,45.360194,5.488000, ,0.0,0.0,2,10000,0,0,0,0,1,0
FM,GOMET,45.360194,5.488000,0,LSE,0.0,0.0,250.0,0,0,0,0,0,0,0,0
CF,WS,45.362361,5.152972,2,LSE,172.5,23.1,88.0,2.0,2,3300,0,0,0,0,0,0

APPTR,N09,09,RIP1E
IF,RIPTU,46.106944,5.329167, ,0.0,0.0,2,7000,0,0,0,0,1,0
FM,RIPTU,46.106944,5.329167,0,LSE,0.0,0.0,180.0,0,0,0,0,0,0,0,0
CF,WS,45.362361,5.152972,0,LSE,172.5,23.1,88.0,3.0,2,3300,0,0,0,0,0,0

APPTR,N09,09,WS
HF,WS,45.362361,5.152972,2, ,0.0,0.0,88.0,04.3,2,3300,0,1,220,0,1,0,0

FINAL,N09,09,N,2
IF,WS,45.362361,5.152972,WS,0.0,0.0,2,3300,0,0,0,0,2,0
CF,MN09,45.362311,5.256981,0,WS,0.0,0.0,88.0,4.4,1,1990,0,0,0,0,3,0
CF,D088K,45.362083,5.404269,0,LSE,148.0,26.5,88.0,6.2,0,0,0,0,0,0,0,1
FA,D088K,45.362083,5.404269,0,LSE,0.0,0.0,88.0,2,3000,0,0,0,0,0,0
CF,D134W,45.466797,5.472242,1,LSE,134.0,23.2,314.0,4.0,0,0,0,1,185,0,0,1
CF,WS,45.362361,5.152972,0,LSE,172.5,23.1,236.0,14.0,1,4300,0,1,200,0,0,0
HM,WS,45.362361,5.152972,2, ,0.0,0.0,88.0,04.3,0,0,0,1,220,0,0,0,0

APPTR,R09,09,ARB1E
IF,ARBON,45.283278,4.890167, ,0.0,0.0,2,7000,0,0,0,0,1,0
FM,ARBON,45.283278,4.890167,0,LSE,0.0,0.0,60.0,0,0,0,0,0,0,0,0
CF,ODUXA,45.363389,5.052250,0,LSE,183.0,23.0,88.0,4.0,2,3300,0,1,220,0,1,0

APPTR,R09,09,GOM1E
IF,GOMET,45.360194,5.488000, ,0.0,0.0,2,10000,0,0,0,0,1,0
FM,GOMET,45.360194,5.488000,0,LSE,0.0,0.0,250.0,0,0,0,0,0,0,0,0
CF,ODUXA,45.363389,5.052250,2,LTP,244.4,18.0,88.0,2.0,2,3300,0,1,220,0,1,0

APPTR,R09,09,RIP1E
IF,RIPTU,46.106944,5.329167, ,0.0,0.0,2,7000,0,0,0,0,1,0
FM,RIPTU,46.106944,5.329167,0,LTP,0.0,0.0,180.0,0,0,0,0,0,0,0,0
CF,ODUXA,45.363389,5.052250,0,LSE,183.0,23.0,88.0,3.0,2,3300,0,1,220,0,1,0

APPTR,R09,09,WS
HF,WS,45.362361,5.152972,2, ,0.0,0.0,88.0,04.3,2,3300,0,1,220,0,1,0,0

FINAL,R09,09,R,3
IF,ODUXA,45.363389,5.052250, ,0.0,0.0,2,3300,0,1,220,0,0,0
TF,FLS09,45.363278,5.159444,0, ,0.0,0.0,88.0,4.5,1,3300,0,0,0,0,2,0
TF,RW09,45.362997,5.309911,0, ,0.0,0.0,88.0,6.4,1,1276,0,0,0,0,3,1
TF,LS510,45.362528,5.451750,0, ,0.0,0.0,0.0,0.0,0,0,0,0,0,0,0,1
DF,LS512,45.432056,5.314778,1, ,0.0,0.0,0,0,0,1,185,0,0,0
TF,LS514,45.408778,5.247972,0, ,0.0,0.0,0.0,0.0,2,4300,0,1,185,0,0,0
TF,ARBON,45.283278,4.890167,0, ,0.0,0.0,0.0,0.0,2,5000,0,0,0,0,0,1
HM,ARBON,45.283278,4.890167,1, ,0.0,0.0,15.0,04.3,2,5000,0,1,220,0,0,0,0

APPTR,R27,27,ABRET
IF,ABRET,45.474972,5.500861, ,0.0,0.0,0,0,0,1,200,0,1,0
TF,LS404,45.420250,5.591722,0, ,0.0,0.0,0.0,0.0,1,5000,0,1,200,0,0,0
TF,ILS27,45.361917,5.591139,0, ,0.0,0.0,0.0,0.0,2,4200,0,1,185,0,1,0

APPTR,R27,27,ARBON
IF,ARBON,45.283278,4.890167, ,0.0,0.0,2,5000,0,1,220,0,1,0
TF,LS402,45.219444,5.134000,0, ,0.0,0.0,0.0,0.0,0,0,0,0,0,0,0,0
TF,DOPIM,45.261139,5.348361,0, ,0.0,0.0,0.0,0.0,2,4500,0,1,200,0,0,0
TF,LS401,45.298833,5.544194,0, ,0.0,0.0,0.0,0.0,2,4500,0,1,200,0,0,0
TF,LS400,45.315250,5.590639,0, ,0.0,0.0,0.0,0.0,1,4500,0,1,200,0,0,0
TF,ILS27,45.361917,5.591139,0, ,0.0,0.0,0.0,0.0,2,4200,0,1,185,0,1,0

APPTR,R27,27,GOM1W
IF,GOMET,45.360194,5.488000, ,0.0,0.0,2,10000,0,0,0,0,1,0
FM,GOMET,45.360194,5.488000,0,LSE,0.0,0.0,250.0,0,0,0,0,0,0,0,0
CF,ILS27,45.361917,5.591139,0,LTP,138.8,10.0,268.0,3.0,2,4200,0,1,185,0,1,0

APPTR,R27,27,RIP1W
IF,RIPTU,46.106944,5.329167, ,0.0,0.0,2,7000,0,0,0,0,1,0
FM,RIPTU,46.106944,5.329167,0,LTP,0.0,0.0,180.0,0,0,0,0,0,0,0,0
CF,ILS27,45.361917,5.591139,0,LSE,136.3,31.2,268.0,3.0,2,4200,0,1,185,0,1,0

APPTR,R27,27,WS
HF,WS,45.362361,5.152972,2, ,0.0,0.0,88.0,04.3,2,3300,0,1,220,0,1,0,0

FINAL,R27,27,R,3
IF,ILS27,45.361917,5.591139, ,0.0,0.0,2,4200,0,1,185,0,0,0
TF,FLS27,45.362306,5.508389,0, ,0.0,0.0,268.0,3.5,1,3700,0,0,0,0,2,0
TF,RW27,45.362889,5.348839,0, ,0.0,0.0,268.0,6.8,1,1352,0,0,0,0,3,1
TF,LS410,45.363083,5.277917,0, ,0.0,0.0,0.0,0.0,0,0,0,1,220,0,0,0
TF,ARBON,45.283278,4.890167,0, ,0.0,0.0,0.0,0.0,2,5000,0,1,220,0,0,1
HM,ARBON,45.283278,4.890167,1, ,0.0,0.0,15.0,04.3,2,5000,0,1,220,0,0,0,0

