APPTR,N01,01,VE1
IF,VE,44.849000,4.955500, ,0.0,0.0,2,5000,0,0,0,0,1,0
HF,VE,44.849000,4.955500,2, ,0.0,0.0,186.0,04.3,2,4000,0,1,170,0,0,0,0
FC,VE,44.849000,4.955500,0,MTL,0.0,0.0,211.0,4.0,2,2800,0,1,160,0,0,1
CF,CN01,44.777797,4.941464,1,MTL,25.3,15.1,6.0,1.0,2,2800,0,0,0,0,0,0

APPTR,N01,01,VE2
IF,VE,44.849000,4.955500, ,0.0,0.0,2,5000,0,0,0,0,1,0
HF,VE,44.849000,4.955500,2, ,0.0,0.0,186.0,04.3,2,4000,0,1,170,0,0,0,0
FC,VE,44.849000,4.955500,0,MTL,0.0,0.0,204.0,4.3,2,2800,0,1,130,0,0,1
CF,CN01,44.777797,4.941464,1,MTL,25.3,15.1,6.0,1.0,2,2800,0,0,0,0,0,0

FINAL,N01,01,N,3
IF,CN01,44.777797,4.941464,VE,0.0,0.0,2,2800,0,0,0,0,0,0
CF,VE,44.849000,4.955500,0,VE,0.0,0.0,6.0,4.3,2,1850,0,0,0,0,2,0
CF,MN01,44.906761,4.966922,0,VE,0.0,0.0,6.0,3.5,1,724,0,0,0,0,3,0
FA,MN01,44.906761,4.966922,0,MTL,0.0,0.0,6.0,2,1500,0,0,0,0,0,0
DF,VE,44.849000,4.955500,1, ,0.0,0.0,1,5000,0,1,170,0,0,0

APPTR,R01,01,LARSU
IF,LARSU,44.668444,4.921556, ,0.0,0.0,2,4300,0,1,220,0,1,0
TF,ILU01,44.720833,4.931528,0, ,0.0,0.0,0.0,0.0,1,3000,0,1,200,0,1,0

APPTR,R01,01,VARUX
IF,VARUX,44.882611,4.853972, ,0.0,0.0,2,4000,0,1,200,0,1,0
TF,LU405,44.731417,4.825028,0, ,0.0,0.0,0.0,0.0,2,3100,0,0,0,0,0,0
TF,ILU01,44.720833,4.931528,0, ,0.0,0.0,0.0,0.0,1,3000,0,1,200,0,1,0

FINAL,R01,01,R,3
IF,ILU01,44.720833,4.931528, ,0.0,0.0,1,3000,0,1,200,0,0,0
TF,FLU01,44.788528,4.944444,0, ,0.0,0.0,6.0,4.1,1,3000,0,0,0,0,2,0
TF,RW01,44.914497,4.968539,0, ,0.0,0.0,6.0,7.6,1,574,0,0,0,0,3,1
TF,LU410,45.019167,4.988639,0, ,0.0,0.0,0.0,0.0,0,0,0,1,200,0,0,1
DF,VARUX,44.882611,4.853972,1, ,0.0,0.0,2,4000,0,1,200,0,0,0

APPTR,R19-A,19,LU504
IF,LU504,45.171556,5.018083, ,0.0,0.0,2,3900,0,1,220,0,1,0
TF,ILU19,45.122028,5.008500,0, ,0.0,0.0,0.0,0.0,1,3000,0,1,200,0,1,0

APPTR,R19-A,19,LU520
IF,LU520,44.992944,4.864806, ,0.0,0.0,2,4000,0,1,200,0,1,0
TF,LU502,45.133417,4.891917,0, ,0.0,0.0,0.0,0.0,2,3500,0,1,200,0,0,0
TF,ILU19,45.122028,5.008500,0, ,0.0,0.0,0.0,0.0,1,3000,0,1,200,0,1,0

FINAL,R19-A,19,R,3
IF,ILU19,45.122028,5.008500, ,0.0,0.0,1,3000,0,1,200,0,0,0
TF,FLU19,45.055972,4.995750,0, ,0.0,0.0,186.0,4.0,1,3000,0,0,0,0,2,0
TF,RW19,44.929833,4.971483,0, ,0.0,0.0,186.0,7.6,1,567,0,0,0,0,3,1
TF,LU522,44.863778,4.958806,0, ,0.0,0.0,0.0,0.0,0,0,0,1,160,0,0,1
DF,LU520,44.992944,4.864806,2, ,0.0,0.0,2,4000,0,1,200,0,0,0

