SID,ALUR4P,34,2
CF,D290H,45.795083,4.914756,0,LSE,290.0,8.0,342.0,4.0,0,0,0,0,0,0,0,0
TF,BOBSI,46.324056,4.985194,0, ,0.0,0.0,0.0,0.0,0,0,0,0,0,0,0,0
TF,ALURA,46.500000,4.952694,0, ,0.0,0.0,0.0,0.0,0,0,0,0,0,0,0,0

SID,ALUR4T,16,2
CA,0,161.0,2,1060,0,0,0,0,0,0
CF,BR,45.616000,4.992694,0,LTP,290.2,20.3,161.0,6.0,0,0,0,0,0,0,0,0
TF,D163D,45.545494,5.019578,0, ,0.0,0.0,0.0,0.0,0,0,0,0,0,0,0,1
CF,D278I,45.515961,5.219636,0,LTP,278.0,9.4,98.0,8.0,0,0,0,1,180,0,0,1
CI,0, ,0.0,12.0,0,0,0,0,0,0,0,0
CF,DANBO,45.921750,5.058722,0,LTP,326.5,30.5,327.0,21.0,0,0,0,0,0,0,0,0
TF,BOBSI,46.324056,4.985194,0, ,0.0,0.0,0.0,0.0,0,0,0,0,0,0,0,0
TF,ALURA,46.500000,4.952694,0, ,0.0,0.0,0.0,0.0,0,0,0,0,0,0,0,0

SID,BELE4P,34,5
CA,0,341.0,2,1060,0,0,0,0,0,0
CF,LY701,45.795194,4.915250,0,LSE,290.1,7.9,342.0,4.0,0,0,0,0,0,0,0,1
TF,RONIS,45.780972,4.713056,0, ,0.0,0.0,0.0,0.0,0,0,0,0,0,0,0,1
TF,MADOT,45.730056,4.514000,0, ,0.0,0.0,0.0,0.0,0,0,0,0,0,0,0,0
TF,BELEP,45.791667,4.131667,0, ,0.0,0.0,0.0,0.0,0,0,0,0,0,0,0,0

SID,BELE4T,16,5
CA,0,161.0,2,1060,0,0,0,0,0,0
CF,BR,45.616000,4.992694,0,LTP,290.2,20.3,161.0,6.0,0,0,0,0,0,0,0,1
CF,VNE,45.556444,4.883417,2,LTP,278.0,23.8,256.0,3.0,0,0,0,0,0,0,0,0
TF,MADOT,45.730056,4.514000,0, ,0.0,0.0,0.0,0.0,0,0,0,0,0,0,0,0
TF,BELEP,45.791667,4.131667,0, ,0.0,0.0,0.0,0.0,0,0,0,0,0,0,0,0

SID,BELU4P,34,2
CF,D290H,45.795083,4.914756,0,LSE,290.0,8.0,342.0,4.0,0,0,0,0,0,0,0,0
TF,D003W,45.946144,4.934731,0, ,0.0,0.0,0.0,0.0,0,0,0,1,180,0,0,1
CI,0, ,0.0,89.0,0,0,0,1,180,0,0,0
CF,D332U,45.797292,5.223936,0,LTP,332.0,20.6,152.0,13.0,0,0,0,1,180,0,0,0
TF,D065O,45.650197,5.199811,0, ,0.0,0.0,0.0,0.0,0,0,0,1,180,0,0,1
CF,BELUS,45.675278,5.593889,1,LTP,28.2,13.0,74.0,15.0,3,12000,0,0,0,0,0,0

SID,BELU4T,16,2
CA,0,161.0,2,1060,0,0,0,0,0,0
CF,BR,45.616000,4.992694,0,LTP,290.2,20.3,161.0,6.0,0,0,0,0,0,0,0,0
TF,D163D,45.545494,5.019578,0, ,0.0,0.0,0.0,0.0,0,0,0,0,0,0,0,1
CF,LTP,45.488972,5.439056,0,LTP,0.0,0.0,98.0,18.0,0,0,0,0,0,0,0,0
TF,BELUS,45.675278,5.593889,0, ,0.0,0.0,0.0,0.0,3,12000,0,0,0,0,0,0

SID,BUSI4P,34,2
CF,D290H,45.795083,4.914756,0,LSE,290.0,8.0,342.0,4.0,0,0,0,0,0,0,0,0
TF,VNE30,46.043356,4.947647,0, ,0.0,0.0,0.0,0.0,0,0,0,0,0,0,0,0
TF,BUSIL,46.293611,4.721944,0, ,0.0,0.0,0.0,0.0,0,0,0,0,0,0,0,0

SID,BUSI4T,16,2
CA,0,161.0,2,1060,0,0,0,0,0,0
CF,BR,45.616000,4.992694,0,LTP,290.2,20.3,161.0,6.0,0,0,0,0,0,0,0,0
TF,D163D,45.545494,5.019578,0, ,0.0,0.0,0.0,0.0,0,0,0,0,0,0,0,1
CF,D278I,45.515961,5.219636,0,LTP,278.0,9.4,98.0,8.0,0,0,0,1,180,0,0,1
CI,0, ,0.0,12.0,0,0,0,0,0,0,0,0
CF,DANBO,45.921750,5.058722,0,LTP,326.5,30.5,327.0,21.0,0,0,0,0,0,0,0,0
TF,BUSIL,46.293611,4.721944,0, ,0.0,0.0,0.0,0.0,0,0,0,0,0,0,0,0

SID,MABE4P,34,2
CF,D290H,45.795083,4.914756,0,LSE,290.0,8.0,342.0,4.0,0,0,0,0,0,0,0,1
TF,VNE44,46.290011,4.980619,0, ,0.0,0.0,0.0,0.0,2,16000,0,0,0,0,0,0
TF,BOBSI,46.324056,4.985194,0, ,0.0,0.0,0.0,0.0,0,0,0,0,0,0,0,0
TF,MABES,46.340222,5.265056,0, ,0.0,0.0,0.0,0.0,0,0,0,0,0,0,0,0

SID,MABE4T,16,2
CA,0,161.0,2,1060,0,0,0,0,0,0
CF,BR,45.616000,4.992694,0,LTP,290.2,20.3,161.0,6.0,0,0,0,0,0,0,0,0
TF,D163D,45.545494,5.019578,0, ,0.0,0.0,0.0,0.0,0,0,0,0,0,0,0,1
CF,D278I,45.515961,5.219636,0,LTP,278.0,9.4,98.0,8.0,0,0,0,1,180,0,0,1
CI,0, ,0.0,12.0,0,0,0,0,0,0,0,0
CF,DANBO,45.921750,5.058722,0,LTP,326.5,30.5,327.0,21.0,0,0,0,0,0,0,0,0
TF,LSE33,46.291006,4.991264,0, ,0.0,0.0,0.0,0.0,2,16000,0,0,0,0,0,0
TF,BOBSI,46.324056,4.985194,0, ,0.0,0.0,0.0,0.0,0,0,0,0,0,0,0,0
TF,MABES,46.340222,5.265056,2, ,0.0,0.0,0.0,0.0,0,0,0,0,0,0,0,0

SID,MOKI4P,34,2
CF,D290H,45.795083,4.914756,0,LSE,290.0,8.0,342.0,4.0,0,0,0,0,0,0,0,1
TF,VNE44,46.290011,4.980619,0, ,0.0,0.0,0.0,0.0,2,16000,0,0,0,0,0,0
TF,BOBSI,46.324056,4.985194,0, ,0.0,0.0,0.0,0.0,0,0,0,0,0,0,0,0
TF,MOKIP,46.448889,5.093611,0, ,0.0,0.0,0.0,0.0,2,20000,0,0,0,0,0,0

SID,MOKI4T,16,2
CA,0,161.0,2,1060,0,0,0,0,0,0
CF,BR,45.616000,4.992694,0,LTP,290.2,20.3,161.0,6.0,0,0,0,0,0,0,0,0
TF,D163D,45.545494,5.019578,0, ,0.0,0.0,0.0,0.0,0,0,0,0,0,0,0,1
CF,D278I,45.515961,5.219636,0,LTP,278.0,9.4,98.0,8.0,0,0,0,1,180,0,0,1
CI,0, ,0.0,12.0,0,0,0,0,0,0,0,0
CF,DANBO,45.921750,5.058722,0,LTP,326.5,30.5,327.0,21.0,0,0,0,0,0,0,0,0
TF,LSE33,46.291006,4.991264,0, ,0.0,0.0,0.0,0.0,2,16000,0,0,0,0,0,0
TF,BOBSI,46.324056,4.985194,0, ,0.0,0.0,0.0,0.0,0,0,0,0,0,0,0,0
TF,MOKIP,46.448889,5.093611,0, ,0.0,0.0,0.0,0.0,2,20000,0,0,0,0,0,0

SID,MURO4Q,34,5
CF,D290H,45.795083,4.914756,0,LSE,290.0,8.0,342.0,4.0,0,0,0,0,0,0,0,1
CF,RONIS,45.780972,4.713056,1,LSE,275.8,16.0,246.0,6.0,0,0,0,0,0,0,0,0
TF,MEBAK,45.708028,4.648861,0, ,0.0,0.0,0.0,0.0,0,0,0,0,0,0,0,0
TF,MURRO,45.332917,4.375556,0, ,0.0,0.0,0.0,0.0,0,0,0,0,0,0,0,0

SID,MURO4T,16,2
CA,0,161.0,2,1060,0,0,0,0,0,0
CF,BR,45.616000,4.992694,0,LTP,290.2,20.3,161.0,6.0,0,0,0,0,0,0,0,1
CF,VNE,45.556444,4.883417,2,LTP,278.0,23.8,256.0,3.0,0,0,0,0,0,0,0,0
TF,MURRO,45.332917,4.375556,0, ,0.0,0.0,0.0,0.0,0,0,0,0,0,0,0,0

SID,REPS4Q,34,5
CF,D290H,45.795083,4.914756,0,LSE,290.0,8.0,342.0,4.0,0,0,0,0,0,0,0,1
CF,RONIS,45.780972,4.713056,1,LSE,275.8,16.0,246.0,6.0,0,0,0,0,0,0,0,0
TF,MEBAK,45.708028,4.648861,0, ,0.0,0.0,0.0,0.0,0,0,0,0,0,0,0,0
TF,REPSI,45.522389,4.275278,0, ,0.0,0.0,0.0,0.0,0,0,0,0,0,0,0,0

SID,REPS4T,16,2
CA,0,161.0,2,1060,0,0,0,0,0,0
CF,BR,45.616000,4.992694,0,LTP,290.2,20.3,161.0,6.0,0,0,0,0,0,0,0,1
CF,VNE,45.556444,4.883417,2,LTP,278.0,23.8,256.0,3.0,0,0,0,0,0,0,0,0
TF,REPSI,45.522389,4.275278,0, ,0.0,0.0,0.0,0.0,0,0,0,0,0,0,0,0

SID,RISO4P,34,2
CF,D290H,45.795083,4.914756,0,LSE,290.0,8.0,342.0,4.0,0,0,0,0,0,0,0,0
TF,D003W,45.946144,4.934731,0, ,0.0,0.0,0.0,0.0,0,0,0,1,180,0,0,1
CI,0, ,0.0,89.0,0,0,0,1,180,0,0,0
CF,D332U,45.797292,5.223936,0,LTP,332.0,20.6,152.0,13.0,0,0,0,1,180,0,0,0
TF,D120F,45.694039,5.206986,0, ,0.0,0.0,0.0,0.0,0,0,0,1,180,0,0,0
TF,ABADO,45.655833,5.293056,0, ,0.0,0.0,0.0,0.0,0,0,0,0,0,0,0,0
TF,PENAR,45.506944,5.626944,0, ,0.0,0.0,0.0,0.0,0,0,0,0,0,0,0,0
TF,RISOR,45.538333,5.964167,0, ,0.0,0.0,0.0,0.0,2,13000,0,0,0,0,0,0

SID,RISO4T,16,2
CA,0,161.0,2,1060,0,0,0,0,0,0
CF,BR,45.616000,4.992694,0,LTP,290.2,20.3,161.0,6.0,0,0,0,0,0,0,0,0
TF,D163D,45.545494,5.019578,0, ,0.0,0.0,0.0,0.0,0,0,0,0,0,0,0,1
CF,LTP,45.488972,5.439056,0,LTP,0.0,0.0,98.0,18.0,0,0,0,0,0,0,0,0
TF,LAPAT,45.500278,5.558056,0, ,0.0,0.0,0.0,0.0,0,0,0,0,0,0,0,0
TF,PENAR,45.506944,5.626944,0, ,0.0,0.0,0.0,0.0,2,10000,0,0,0,0,0,0
TF,RISOR,45.538333,5.964167,0, ,0.0,0.0,0.0,0.0,2,13000,0,0,0,0,0,0

SID,ROMA4P,34,2
CF,D290H,45.795083,4.914756,0,LSE,290.0,8.0,342.0,4.0,0,0,0,0,0,0,0,0
TF,D003W,45.946144,4.934731,0, ,0.0,0.0,0.0,0.0,0,0,0,1,180,0,0,1
CI,0, ,0.0,89.0,0,0,0,1,180,0,0,0
CF,D332U,45.797292,5.223936,0,LTP,332.0,20.6,152.0,13.0,0,0,0,1,180,0,0,0
TF,WS,45.362361,5.152972,0, ,0.0,0.0,0.0,0.0,0,0,0,0,0,0,0,0
TF,ROMAM,45.102647,5.163447,0, ,0.0,0.0,0.0,0.0,0,0,0,0,0,0,0,0

SID,ROMA4T,16,5
CA,0,161.0,2,1060,0,0,0,0,0,0
CF,LY601,45.615528,4.991722,0,LSE,206.1,8.8,162.0,6.0,0,0,0,0,0,0,0,1
TF,LY602,45.247222,5.147222,0, ,0.0,0.0,0.0,0.0,0,0,0,0,0,0,0,0
TF,ROMAM,45.102647,5.163447,0, ,0.0,0.0,0.0,0.0,0,0,0,0,0,0,0,0

STAR,AMVA7N,34,5
IF,AMVAR,45.330556,5.937222, ,0.0,0.0,3,15000,0,0,0,0,0,0
TF,LL101,45.303889,5.716111,0, ,0.0,0.0,0.0,0.0,0,0,0,0,0,0,0,0
TF,LL102,45.295556,5.646389,0, ,0.0,0.0,0.0,0.0,0,0,0,0,0,0,0,0
TF,OSMAS,45.279694,5.518472,0, ,0.0,0.0,0.0,0.0,2,10000,0,0,0,0,0,0
TF,GOMET,45.360194,5.488000,0, ,0.0,0.0,0.0,0.0,2,10000,0,0,0,0,0,0

STAR,AMVA7S,16,5
IF,AMVAR,45.330556,5.937222, ,0.0,0.0,3,15000,0,0,0,0,0,0
TF,LL101,45.303889,5.716111,0, ,0.0,0.0,0.0,0.0,0,0,0,0,0,0,0,0
TF,LL102,45.295556,5.646389,0, ,0.0,0.0,0.0,0.0,0,0,0,0,0,0,0,0
TF,OSMAS,45.279694,5.518472,0, ,0.0,0.0,0.0,0.0,2,10000,0,0,0,0,0,0
TF,GOMET,45.360194,5.488000,0, ,0.0,0.0,0.0,0.0,2,10000,0,0,0,0,0,0

STAR,ARSO7N,34,2
IF,ARSOM,46.137222,3.419722, ,0.0,0.0,0,0,0,0,0,0,0,0
TF,ROA,46.059167,3.999278,0, ,0.0,0.0,0.0,0.0,0,0,0,0,0,0,0,0
TF,LSE40,46.032469,4.229128,0, ,0.0,0.0,0.0,0.0,3,12000,0,0,0,0,0,0
TF,DIRBA,46.000083,4.502611,0, ,0.0,0.0,0.0,0.0,0,0,0,0,0,0,0,0
TF,TALAR,45.956389,4.604361,0, ,0.0,0.0,0.0,0.0,0,0,0,0,0,0,0,0

STAR,ARSO7S,16,2
IF,ARSOM,46.137222,3.419722, ,0.0,0.0,0,0,0,0,0,0,0,0
TF,ROA,46.059167,3.999278,0, ,0.0,0.0,0.0,0.0,0,0,0,0,0,0,0,0
TF,LSE40,46.032469,4.229128,0, ,0.0,0.0,0.0,0.0,3,12000,0,0,0,0,0,0
TF,DIRBA,46.000083,4.502611,0, ,0.0,0.0,0.0,0.0,0,0,0,0,0,0,0,0
TF,TALAR,45.956389,4.604361,0, ,0.0,0.0,0.0,0.0,0,0,0,0,0,0,0,0

STAR,CFA7N,34,2
IF,CFA,45.787472,3.192194, ,0.0,0.0,0,0,0,0,0,0,0,0
TF,ROA,46.059167,3.999278,0, ,0.0,0.0,0.0,0.0,0,0,0,0,0,0,0,0
TF,LSE40,46.032469,4.229128,0, ,0.0,0.0,0.0,0.0,3,12000,0,0,0,0,0,0
TF,DIRBA,46.000083,4.502611,0, ,0.0,0.0,0.0,0.0,0,0,0,0,0,0,0,0
TF,TALAR,45.956389,4.604361,0, ,0.0,0.0,0.0,0.0,0,0,0,0,0,0,0,0

STAR,CFA7S,16,2
IF,CFA,45.787472,3.192194, ,0.0,0.0,0,0,0,0,0,0,0,0
TF,ROA,46.059167,3.999278,0, ,0.0,0.0,0.0,0.0,0,0,0,0,0,0,0,0
TF,LSE40,46.032469,4.229128,0, ,0.0,0.0,0.0,0.0,3,12000,0,0,0,0,0,0
TF,DIRBA,46.000083,4.502611,0, ,0.0,0.0,0.0,0.0,0,0,0,0,0,0,0,0
TF,TALAR,45.956389,4.604361,0, ,0.0,0.0,0.0,0.0,0,0,0,0,0,0,0,0

STAR,LABA7N,34,2
IF,LABAL,46.027500,3.355000, ,0.0,0.0,3,20000,0,0,0,0,0,0
TF,ROA,46.059167,3.999278,0, ,0.0,0.0,0.0,0.0,0,0,0,0,0,0,0,0
TF,LSE40,46.032469,4.229128,0, ,0.0,0.0,0.0,0.0,3,12000,0,0,0,0,0,0
TF,DIRBA,46.000083,4.502611,0, ,0.0,0.0,0.0,0.0,0,0,0,0,0,0,0,0
TF,TALAR,45.956389,4.604361,0, ,0.0,0.0,0.0,0.0,0,0,0,0,0,0,0,0

STAR,LABA7S,16,2
IF,LABAL,46.027500,3.355000, ,0.0,0.0,3,20000,0,0,0,0,0,0
TF,ROA,46.059167,3.999278,0, ,0.0,0.0,0.0,0.0,0,0,0,0,0,0,0,0
TF,LSE40,46.032469,4.229128,0, ,0.0,0.0,0.0,0.0,3,12000,0,0,0,0,0,0
TF,DIRBA,46.000083,4.502611,0, ,0.0,0.0,0.0,0.0,0,0,0,0,0,0,0,0
TF,TALAR,45.956389,4.604361,0, ,0.0,0.0,0.0,0.0,0,0,0,0,0,0,0,0

STAR,MEZI7N,34,5
IF,MEZIN,45.017111,4.195861, ,0.0,0.0,0,0,0,0,0,0,0,0
TF,NELEN,45.118611,4.611667,0, ,0.0,0.0,0.0,0.0,4,14000,12000,0,0,0,0,0
TF,ROLIR,45.174444,4.843500,0, ,0.0,0.0,0.0,0.0,2,7000,0,0,0,0,0,0
TF,ARBON,45.283278,4.890167,0, ,0.0,0.0,0.0,0.0,2,7000,0,0,0,0,0,0

STAR,MEZI7S,16,5
IF,MEZIN,45.017111,4.195861, ,0.0,0.0,0,0,0,0,0,0,0,0
TF,NELEN,45.118611,4.611667,0, ,0.0,0.0,0.0,0.0,4,14000,12000,0,0,0,0,0
TF,ROLIR,45.174444,4.843500,0, ,0.0,0.0,0.0,0.0,2,10000,0,0,0,0,0,0
TF,ARBON,45.283278,4.890167,0, ,0.0,0.0,0.0,0.0,2,10000,0,0,0,0,0,0

STAR,MILP7N,34,5
IF,MILPA,46.302556,5.879722, ,0.0,0.0,3,18000,0,0,0,0,0,0
TF,KUDUP,46.230028,5.576028,0, ,0.0,0.0,0.0,0.0,4,12000,9000,0,0,0,0,0
TF,AMKEN,46.182556,5.379500,0, ,0.0,0.0,0.0,0.0,0,0,0,0,0,0,0,0
TF,RIPTU,46.106944,5.329167,0, ,0.0,0.0,0.0,0.0,2,7000,0,0,0,0,0,0

STAR,MILP7S,16,5
IF,MILPA,46.302556,5.879722, ,0.0,0.0,3,18000,0,0,0,0,0,0
TF,KUDUP,46.230028,5.576028,0, ,0.0,0.0,0.0,0.0,4,12000,9000,0,0,0,0,0
TF,AMKEN,46.182556,5.379500,0, ,0.0,0.0,0.0,0.0,0,0,0,0,0,0,0,0
TF,RIPTU,46.106944,5.329167,0, ,0.0,0.0,0.0,0.0,2,7000,0,0,0,0,0,0

STAR,MOU7N,34,2
IF,MOU,46.706778,3.631667, ,0.0,0.0,3,25000,0,0,0,0,0,0
TF,OMANI,46.457333,3.767972,0, ,0.0,0.0,0.0,0.0,2,20000,0,0,0,0,0,0
TF,MOU27,46.286400,3.863522,0, ,0.0,0.0,0.0,0.0,3,19000,0,0,0,0,0,0
TF,LESPI,46.113500,3.957778,0, ,0.0,0.0,0.0,0.0,0,0,0,0,0,0,0,0
TF,ROA,46.059167,3.999278,0, ,0.0,0.0,0.0,0.0,0,0,0,0,0,0,0,0
TF,LSE40,46.032469,4.229128,0, ,0.0,0.0,0.0,0.0,3,12000,0,0,0,0,0,0
TF,DIRBA,46.000083,4.502611,0, ,0.0,0.0,0.0,0.0,0,0,0,0,0,0,0,0
TF,TALAR,45.956389,4.604361,0, ,0.0,0.0,0.0,0.0,0,0,0,0,0,0,0,0

STAR,MOU7S,16,2
IF,MOU,46.706778,3.631667, ,0.0,0.0,3,25000,0,0,0,0,0,0
TF,OMANI,46.457333,3.767972,0, ,0.0,0.0,0.0,0.0,2,20000,0,0,0,0,0,0
TF,MOU27,46.286400,3.863522,0, ,0.0,0.0,0.0,0.0,3,19000,0,0,0,0,0,0
TF,LESPI,46.113500,3.957778,0, ,0.0,0.0,0.0,0.0,0,0,0,0,0,0,0,0
TF,ROA,46.059167,3.999278,0, ,0.0,0.0,0.0,0.0,0,0,0,0,0,0,0,0
TF,LSE40,46.032469,4.229128,0, ,0.0,0.0,0.0,0.0,3,12000,0,0,0,0,0,0
TF,DIRBA,46.000083,4.502611,0, ,0.0,0.0,0.0,0.0,0,0,0,0,0,0,0,0
TF,TALAR,45.956389,4.604361,0, ,0.0,0.0,0.0,0.0,0,0,0,0,0,0,0,0

STAR,MTL7N,34,5
IF,MTL,44.554944,4.779861, ,0.0,0.0,0,0,0,0,0,0,0,0
TF,AMONI,45.067222,4.832500,0, ,0.0,0.0,0.0,0.0,4,14000,12000,0,0,0,0,0
TF,ROLIR,45.174444,4.843500,0, ,0.0,0.0,0.0,0.0,2,7000,0,0,0,0,0,0
TF,ARBON,45.283278,4.890167,0, ,0.0,0.0,0.0,0.0,2,7000,0,0,0,0,0,0

STAR,MTL7S,16,5
IF,MTL,44.554944,4.779861, ,0.0,0.0,0,0,0,0,0,0,0,0
TF,AMONI,45.067222,4.832500,0, ,0.0,0.0,0.0,0.0,4,14000,12000,0,0,0,0,0
TF,ROLIR,45.174444,4.843500,0, ,0.0,0.0,0.0,0.0,2,10000,0,0,0,0,0,0
TF,ARBON,45.283278,4.890167,0, ,0.0,0.0,0.0,0.0,2,10000,0,0,0,0,0,0

STAR,PINE7N,34,5
IF,PINED,45.000000,5.521111, ,0.0,0.0,3,13000,0,0,0,0,0,0
TF,LL103,45.138056,5.520000,0, ,0.0,0.0,0.0,0.0,0,0,0,0,0,0,0,0
TF,OSMAS,45.279694,5.518472,0, ,0.0,0.0,0.0,0.0,2,10000,0,0,0,0,0,0
TF,GOMET,45.360194,5.488000,0, ,0.0,0.0,0.0,0.0,2,10000,0,0,0,0,0,0

STAR,PINE7S,16,5
IF,PINED,45.000000,5.521111, ,0.0,0.0,3,13000,0,0,0,0,0,0
TF,LL103,45.138056,5.520000,0, ,0.0,0.0,0.0,0.0,0,0,0,0,0,0,0,0
TF,OSMAS,45.279694,5.518472,0, ,0.0,0.0,0.0,0.0,2,10000,0,0,0,0,0,0
TF,GOMET,45.360194,5.488000,0, ,0.0,0.0,0.0,0.0,2,10000,0,0,0,0,0,0

APPTR,Q34,34,ARB1N
IF,ARBON,45.283278,4.890167, ,0.0,0.0,2,7000,0,0,0,0,1,0
FM,ARBON,45.283278,4.890167,0,LSE,0.0,0.0,60.0,0,0,0,0,0,0,0,0
CF,CQ34,45.568442,5.013394,0,LSE,195.0,11.1,341.0,17.0,2,3000,0,0,0,0,0,0

APPTR,Q34,34,ARBON
IF,ARBON,45.283278,4.890167, ,0.0,0.0,2,7000,0,0,0,0,1,0
CF,CQ34,45.568442,5.013394,0,LSE,195.0,11.1,15.0,17.9,2,3000,0,0,0,0,0,0

APPTR,Q34,34,GOM1N
IF,GOMET,45.360194,5.488000, ,0.0,0.0,2,10000,0,0,0,0,1,0
FM,GOMET,45.360194,5.488000,0,LSE,0.0,0.0,290.0,0,0,0,0,0,0,0,0
CF,CQ34,45.568442,5.013394,0,LSE,195.0,11.1,341.0,9.0,2,3000,0,0,0,0,0,0

APPTR,Q34,34,GOMET
IF,GOMET,45.360194,5.488000, ,0.0,0.0,2,10000,0,0,0,0,1,0
CF,D167Q,45.467017,5.167514,0,LSE,167.0,17.0,293.0,15.0,1,4000,0,0,0,0,0,0
FC,D167Q,45.467017,5.167514,0,LSE,0.0,0.0,293.0,6.0,2,3000,0,0,0,0,0,0
CF,CQ34,45.568442,5.013394,0,LSE,195.0,11.1,341.0,4.0,2,3000,0,0,0,0,0,0

APPTR,Q34,34,RIP1N
IF,RIPTU,46.106944,5.329167, ,0.0,0.0,2,7000,0,0,0,0,1,0
FM,RIPTU,46.106944,5.329167,0,LTP,0.0,0.0,180.0,0,0,0,0,0,0,0,0
CF,CQ34,45.568442,5.013394,2,LSE,195.0,11.1,341.0,2.0,2,3000,0,0,0,0,0,0

APPTR,Q34,34,RIPTU
IF,RIPTU,46.106944,5.329167, ,0.0,0.0,2,7000,0,0,0,0,1,0
CF,D023R,46.017981,5.270119,0,LSE,22.7,18.0,203.0,5.9,0,0,0,0,0,0,0,0
CF,D108M,45.671069,5.380931,0,LSE,108.0,13.0,165.0,21.3,1,5000,0,0,0,0,0,0
AF,D186M,45.531006,5.047686,2,LSE,186.0,13.0,108.0,2,3000,0,1,170,0,0,0
CF,CQ34,45.568442,5.013394,0,LSE,195.0,11.1,341.0,6.0,2,3000,0,0,0,0,0,0

APPTR,Q34,34,TAL1N
IF,TALAR,45.956389,4.604361, ,0.0,0.0,4,10000,8000,0,0,0,1,0
CF,D258M,45.706592,4.778861,0,LSE,258.0,13.3,152.0,16.7,2,8000,0,0,0,0,0,0
CF,VNE,45.556444,4.883417,0,LSE,215.6,14.3,152.0,10.0,0,0,0,0,0,0,0,0
FM,VNE,45.556444,4.883417,0,LSE,0.0,0.0,152.0,0,0,0,0,0,0,0,0
CF,CQ34,45.568442,5.013394,1,LSE,195.0,11.1,341.0,2.0,2,3000,0,0,0,0,0,0

APPTR,Q34,34,TALAR
IF,TALAR,45.956389,4.604361, ,0.0,0.0,4,10000,8000,0,0,0,1,0
TF,D258M,45.706592,4.778861,0, ,0.0,0.0,0.0,0.0,2,8000,0,0,0,0,0,0
TF,VNE,45.556444,4.883417,0, ,0.0,0.0,0.0,0.0,1,5000,0,0,0,0,0,0
CF,D124C,45.522650,4.949547,0,LSE,202.0,14.6,124.0,3.5,2,3000,0,1,170,0,0,1
CI,1, ,0.0,26.0,0,0,0,0,0,0,0,0
CF,CQ34,45.568442,5.013394,0,LSE,195.0,11.1,341.0,6.0,2,3000,0,0,0,0,0,0

FINAL,Q34,34,N,3
IF,CQ34,45.568442,5.013394,BR,0.0,0.0,2,3000,0,0,0,0,0,0
CF,BR,45.616000,4.992694,0,BR,0.0,0.0,341.0,3.0,2,3000,0,0,0,0,2,0
CF,MQ34,45.697261,4.957236,0,LSE,0.0,6.3,341.0,5.1,1,1234,0,0,0,0,3,0
CI,0, ,0.0,341.0,0,0,0,0,0,0,0,0
CF,LSE29,46.061344,4.566731,0,LSE,309.0,29.0,309.0,19.0,1,4500,0,0,0,0,0,1
CF,TALAR,45.956389,4.604361,1,LSE,300.0,24.0,120.0,5.0,0,0,0,0,0,0,0,0
HM,TALAR,45.956389,4.604361,1, ,0.0,0.0,120.0,05,2,7000,0,1,220,0,0,0,0

APPTR,R16,16,ARB1S
IF,ARBON,45.283278,4.890167, ,0.0,0.0,2,10000,0,0,0,0,1,0
CF,VNE,45.556444,4.883417,0,LSE,215.6,14.3,357.0,16.4,0,0,0,0,0,0,0,0
CF,D240K,45.665064,4.875297,0,LSE,240.0,10.3,355.0,6.5,2,10000,0,0,0,0,0,0
FM,D240K,45.665064,4.875297,0,LSE,0.0,0.0,355.0,0,0,0,0,0,0,0,0
CF,FAGOR,45.913361,4.864778,2,LSE,314.8,13.8,162.0,1.0,1,3000,0,0,0,0,0,0

APPTR,R16,16,ARBON
IF,ARBON,45.283278,4.890167, ,0.0,0.0,2,10000,0,0,0,0,1,0
TF,LY411,45.640167,4.797694,0, ,0.0,0.0,0.0,0.0,2,10000,0,0,0,0,0,0
TF,LY413,45.885917,4.733333,0, ,0.0,0.0,0.0,0.0,0,0,0,0,0,0,0,0
TF,FAGOR,45.913361,4.864778,0, ,0.0,0.0,0.0,0.0,1,3000,0,1,220,0,1,0

APPTR,R16,16,GOM1S
IF,GOMET,45.360194,5.488000, ,0.0,0.0,2,10000,0,0,0,0,1,0
CF,LTP,45.488972,5.439056,0,LTP,0.0,0.0,343.0,8.0,0,0,0,0,0,0,0,0
CF,D345F,45.589631,5.405953,0,LTP,345.0,6.2,345.0,6.2,2,10000,0,0,0,0,0,0
FM,D345F,45.589631,5.405953,0,LTP,0.0,0.0,345.0,0,0,0,0,0,0,0,0
CF,FAGOR,45.913361,4.864778,1,LSE,314.8,13.8,162.0,2.0,1,3000,0,0,0,0,0,0

APPTR,R16,16,GOMET
IF,GOMET,45.360194,5.488000, ,0.0,0.0,2,10000,0,0,0,0,1,0
TF,LY401,45.589639,5.405944,0, ,0.0,0.0,0.0,0.0,2,10000,0,0,0,0,0,0
TF,LY405,45.798778,5.308778,0, ,0.0,0.0,0.0,0.0,0,0,0,0,0,0,0,0
TF,LY407,45.970167,5.139583,0, ,0.0,0.0,0.0,0.0,0,0,0,0,0,0,0,0
TF,FAGOR,45.913361,4.864778,0, ,0.0,0.0,0.0,0.0,1,3000,0,1,220,0,0,0

APPTR,R16,16,RIP1S
IF,RIPTU,46.106944,5.329167, ,0.0,0.0,2,7000,0,0,0,0,1,0
FM,RIPTU,46.106944,5.329167,0,LSE,0.0,0.0,260.0,0,0,0,0,0,0,0,0
CF,FAGOR,45.913361,4.864778,1,LSE,314.8,13.8,162.0,6.0,1,3000,0,0,0,0,0,0

APPTR,R16,16,RIPTU
IF,RIPTU,46.106944,5.329167, ,0.0,0.0,2,7000,0,0,0,0,1,0
TF,LY407,45.970167,5.139583,0, ,0.0,0.0,0.0,0.0,0,0,0,0,0,0,0,0
TF,FAGOR,45.913361,4.864778,0, ,0.0,0.0,0.0,0.0,1,3000,0,1,220,0,0,0

APPTR,R16,16,TAL1S
IF,TALAR,45.956389,4.604361, ,0.0,0.0,4,10000,7000,0,0,0,1,0
FM,TALAR,45.956389,4.604361,0,LSE,0.0,0.0,90.0,0,0,0,0,0,0,0,0
CF,FAGOR,45.913361,4.864778,0,LSE,314.8,13.8,162.0,6.0,1,3000,0,0,0,0,0,0

APPTR,R16,16,TALAR
IF,TALAR,45.956389,4.604361, ,0.0,0.0,2,7000,0,0,0,0,1,0
TF,LY413,45.885917,4.733333,0, ,0.0,0.0,0.0,0.0,0,0,0,0,0,0,0,0
TF,FAGOR,45.913361,4.864778,0, ,0.0,0.0,0.0,0.0,1,3000,0,1,220,0,1,0

FINAL,R16,16,R,3
IF,FAGOR,45.913361,4.864778, ,0.0,0.0,1,3000,0,1,220,0,0,0
TF,FLY16,45.847917,4.892750,0, ,0.0,0.0,162.0,4.1,1,3000,0,0,0,0,2,0
TF,RW16,45.732422,4.942039,0, ,0.0,0.0,162.0,7.2,1,697,0,0,0,0,3,1
TF,LY404,45.615861,4.991583,0, ,0.0,0.0,0.0,0.0,0,0,0,0,0,0,0,0
TF,ARBON,45.283278,4.890167,0, ,0.0,0.0,0.0,0.0,1,5000,0,0,0,0,0,0
HM,ARBON,45.283278,4.890167,1, ,0.0,0.0,15.0,04.3,0,0,0,1,220,0,0,0,0

APPTR,R34,34,ARB1N
IF,ARBON,45.283278,4.890167, ,0.0,0.0,2,7000,0,0,0,0,1,0
FM,ARBON,45.283278,4.890167,0,LSE,0.0,0.0,60.0,0,0,0,0,0,0,0,0
CF,RESKU,45.541361,5.023194,0,LSE,191.1,12.6,342.0,14.0,1,3000,0,0,0,0,0,0

APPTR,R34,34,GOM1N
IF,GOMET,45.360194,5.488000, ,0.0,0.0,2,10000,0,0,0,0,1,0
FM,GOMET,45.360194,5.488000,0,LSE,0.0,0.0,290.0,0,0,0,0,0,0,0,0
CF,RESKU,45.541361,5.023194,0,LSE,191.1,12.6,342.0,6.0,1,3000,0,0,0,0,0,0

APPTR,R34,34,RIP1N
IF,RIPTU,46.106944,5.329167, ,0.0,0.0,2,7000,0,0,0,0,1,0
FM,RIPTU,46.106944,5.329167,0,LTP,0.0,0.0,180.0,0,0,0,0,0,0,0,0
CF,RESKU,45.541361,5.023194,2,LSE,191.1,12.6,342.0,2.0,1,3000,0,0,0,0,0,0

APPTR,R34,34,TAL1N
IF,TALAR,45.956389,4.604361, ,0.0,0.0,4,10000,8000,0,0,0,1,0
CF,D258M,45.706592,4.778861,0,LSE,258.0,13.3,152.0,16.7,2,8000,0,0,0,0,0,0
CF,VNE,45.556444,4.883417,0,LSE,215.6,14.3,152.0,10.0,0,0,0,0,0,0,0,0
FM,VNE,45.556444,4.883417,0,LSE,0.0,0.0,152.0,0,0,0,0,0,0,0,0
CF,RESKU,45.541361,5.023194,1,LSE,191.1,12.6,342.0,2.0,1,3000,0,0,0,0,0,0

FINAL,R34,34,R,3
IF,RESKU,45.541361,5.023194, ,0.0,0.0,1,3000,0,1,220,0,0,0
TF,FLY34,45.606833,4.995389,0, ,0.0,0.0,342.0,4.1,1,3000,0,0,0,0,2,0
TF,RW34,45.721903,4.946517,0, ,0.0,0.0,342.0,7.2,1,707,0,0,0,0,3,1
TF,LY504,45.871917,4.882500,0, ,0.0,0.0,0.0,0.0,0,0,0,0,0,0,0,0
TF,TALAR,45.956389,4.604361,0, ,0.0,0.0,0.0,0.0,1,4500,0,0,0,0,0,0
HM,TALAR,45.956389,4.604361,1, ,0.0,0.0,120.0,04.3,0,0,0,1,220,0,0,0,0

