SID,AVN7D,15,1
CA,0,151.0,2,490,0,0,0,0,0,0
VI,2, ,0.0,12.0,0,0,0,0,0,0,0,0
CF,AVN,43.995361,4.746389,0,MTG,337.0,39.4,342.0,24.0,0,0,0,0,0,0,0,0

SID,AVN7D,33,1
CA,0,331.0,2,490,0,0,0,0,0,0
CF,AVN,43.995361,4.746389,0,MTG,337.0,39.4,342.0,28.0,0,0,0,0,0,0,0,0

SID,LUC7D,15,1
CA,0,151.0,2,490,0,0,0,0,0,0
FM,ITR,43.526306,4.930306,0,MTG,0.0,0.0,175.0,2,2500,0,0,0,0,0,0
DF,MTG,43.386306,5.086833,0, ,0.0,0.0,0,0,0,0,0,0,0,0

SID,LUC7D,33,1
CA,0,331.0,2,490,0,0,0,0,0,0
VI,1, ,0.0,130.0,0,0,0,0,0,0,0,0
FM,ITR,43.526306,4.930306,0,MTG,0.0,0.0,175.0,2,2500,0,0,0,0,0,0
DF,MTG,43.386306,5.086833,1, ,0.0,0.0,0,0,0,0,0,0,0,0

SID,LUC7D,ALL,2
IF,MTG,43.386306,5.086833, ,0.0,0.0,0,0,0,0,0,0,0,0
TF,TRETS,43.413056,5.730833,0, ,0.0,0.0,0.0,0.0,0,0,0,0,0,0,0,0
TF,LUC,43.382778,6.255917,0, ,0.0,0.0,0.0,0.0,0,0,0,0,0,0,0,0

SID,MAME7D,15,1
CA,0,151.0,2,490,0,0,0,0,0,0
CF,D214J,43.243222,4.950597,0,MTG,213.9,10.5,175.0,16.0,2,2500,0,0,0,0,0,0

SID,MAME7D,33,1
CA,0,331.0,2,490,0,0,0,0,0,0
VI,1, ,0.0,145.0,0,0,0,0,0,0,0,0
CF,D214J,43.243222,4.950597,0,MTG,213.9,10.5,175.0,12.0,2,2500,0,0,0,0,0,0

SID,MAME7D,ALL,2
IF,D214J,43.243222,4.950597, ,0.0,0.0,2,2500,0,0,0,0,0,0
TF,MAMES,42.209167,4.000278,0, ,0.0,0.0,0.0,0.0,0,0,0,0,0,0,0,0

SID,NASI7D,15,1
CA,0,151.0,2,490,0,0,0,0,0,0
FM,ITR,43.526306,4.930306,0,MTG,0.0,0.0,175.0,2,2500,0,0,0,0,0,0
DF,MTG,43.386306,5.086833,0, ,0.0,0.0,0,0,0,0,0,0,0,0

SID,NASI7D,33,1
CA,0,331.0,2,490,0,0,0,0,0,0
VI,1, ,0.0,130.0,0,0,0,0,0,0,0,0
FM,ITR,43.526306,4.930306,0,MTG,0.0,0.0,175.0,2,2500,0,0,0,0,0,0
DF,MTG,43.386306,5.086833,1, ,0.0,0.0,0,0,0,0,0,0,0,0

SID,NASI7D,ALL,2
IF,MTG,43.386306,5.086833, ,0.0,0.0,0,0,0,0,0,0,0,0
TF,TRETS,43.413056,5.730833,0, ,0.0,0.0,0.0,0.0,0,0,0,0,0,0,0,0
TF,NASIK,43.430833,6.267500,0, ,0.0,0.0,0.0,0.0,0,0,0,0,0,0,0,0

SID,PPG7D,15,1
CA,0,151.0,2,490,0,0,0,0,0,0
CF,D222I,43.277561,4.948147,0,MTG,222.0,8.9,175.0,13.0,2,2500,0,0,0,0,0,0

SID,PPG7D,33,1
CA,0,331.0,2,490,0,0,0,0,0,0
VI,1, ,0.0,145.0,0,0,0,0,0,0,0,0
CF,D222I,43.277561,4.948147,0,MTG,222.0,8.9,175.0,8.0,2,2500,0,0,0,0,0,0

SID,PPG7D,ALL,2
IF,D222I,43.277561,4.948147, ,0.0,0.0,2,2500,0,0,0,0,0,0
TF,BORGO,43.146194,4.770750,0, ,0.0,0.0,0.0,0.0,0,0,0,0,0,0,0,0
TF,SUBIL,43.028611,4.608333,0, ,0.0,0.0,0.0,0.0,0,0,0,0,0,0,0,0
TF,PPG,42.750472,2.867139,0, ,0.0,0.0,0.0,0.0,0,0,0,0,0,0,0,0

SID,SOSU7D,15,1
CA,0,151.0,2,490,0,0,0,0,0,0
CF,D214J,43.243222,4.950597,0,MTG,213.9,10.5,175.0,16.0,2,2500,0,0,0,0,0,0

SID,SOSU7D,33,1
CA,0,331.0,2,490,0,0,0,0,0,0
VI,1, ,0.0,145.0,0,0,0,0,0,0,0,0
CF,D214J,43.243222,4.950597,0,MTG,213.9,10.5,175.0,10.0,2,2500,0,0,0,0,0,0

SID,SOSU7D,ALL,2
IF,D214J,43.243222,4.950597, ,0.0,0.0,2,2500,0,0,0,0,0,0
TF,SOSUR,42.560222,4.997389,0, ,0.0,0.0,0.0,0.0,0,0,0,0,0,0,0,0

SID,TINO7D,15,1
CA,0,151.0,2,490,0,0,0,0,0,0
CF,D214J,43.243222,4.950597,0,MTG,213.9,10.5,175.0,16.0,2,2500,0,0,0,0,0,0

SID,TINO7D,33,1
CA,0,331.0,2,490,0,0,0,0,0,0
VI,1, ,0.0,145.0,0,0,0,0,0,0,0,0
CF,D214J,43.243222,4.950597,0,MTG,213.9,10.5,175.0,10.0,2,2500,0,0,0,0,0,0

SID,TINO7D,ALL,2
IF,D214J,43.243222,4.950597, ,0.0,0.0,2,2500,0,0,0,0,0,0
TF,ITR36,42.926961,4.972167,0, ,0.0,0.0,0.0,0.0,0,0,0,0,0,0,0,0
TF,TINOT,42.697722,5.315111,0, ,0.0,0.0,0.0,0.0,0,0,0,0,0,0,0,0

STAR,DIBE3D,ALL,2
IF,DIBER,42.079722,4.415000, ,0.0,0.0,0,0,0,0,0,0,0,0
TF,MTG,43.386306,5.086833,0, ,0.0,0.0,0.0,0.0,0,0,0,0,0,0,0,0
TF,ITR,43.526306,4.930306,0, ,0.0,0.0,0.0,0.0,0,0,0,0,0,0,0,0

STAR,JULE3D,ALL,2
IF,JULEE,43.012778,5.633333, ,0.0,0.0,0,0,0,0,0,0,0,0
TF,MTG,43.386306,5.086833,0, ,0.0,0.0,0.0,0.0,0,0,0,0,0,0,0,0
TF,ITR,43.526306,4.930306,0, ,0.0,0.0,0.0,0.0,0,0,0,0,0,0,0,0

STAR,NG3D,ALL,2
IF,NG,43.857194,4.406278, ,0.0,0.0,0,0,0,0,0,0,0,0
TF,ITR,43.526306,4.930306,0, ,0.0,0.0,0.0,0.0,0,0,0,0,0,0,0,0

STAR,OB3D,ALL,2
IF,OB,43.229833,5.665417, ,0.0,0.0,0,0,0,0,0,0,0,0
TF,POMEG,43.294194,5.328417,0, ,0.0,0.0,0.0,0.0,0,0,0,0,0,0,0,0
TF,MTG,43.386306,5.086833,0, ,0.0,0.0,0.0,0.0,0,0,0,0,0,0,0,0
TF,ITR,43.526306,4.930306,0, ,0.0,0.0,0.0,0.0,0,0,0,0,0,0,0,0

STAR,PPG3D,ALL,2
IF,PPG,42.750472,2.867139, ,0.0,0.0,0,0,0,0,0,0,0,0
TF,SUBIL,43.028611,4.608333,0, ,0.0,0.0,0.0,0.0,0,0,0,0,0,0,0,0
TF,BORGO,43.146194,4.770750,0, ,0.0,0.0,0.0,0.0,0,0,0,0,0,0,0,0
TF,MTG,43.386306,5.086833,0, ,0.0,0.0,0.0,0.0,0,0,0,0,0,0,0,0
TF,ITR,43.526306,4.930306,0, ,0.0,0.0,0.0,0.0,0,0,0,0,0,0,0,0

STAR,SOSU3D,ALL,2
IF,SOSUR,42.560222,4.997389, ,0.0,0.0,0,0,0,0,0,0,0,0
TF,MTG,43.386306,5.086833,0, ,0.0,0.0,0.0,0.0,0,0,0,0,0,0,0,0
TF,ITR,43.526306,4.930306,0, ,0.0,0.0,0.0,0.0,0,0,0,0,0,0,0,0

STAR,TINO3D,ALL,2
IF,TINOT,42.697722,5.315111, ,0.0,0.0,0,0,0,0,0,0,0,0
TF,MTG,43.386306,5.086833,0, ,0.0,0.0,0.0,0.0,0,0,0,0,0,0,0,0
TF,ITR,43.526306,4.930306,0, ,0.0,0.0,0.0,0.0,0,0,0,0,0,0,0,0

FINAL,I15,15,I,3
IF,CI15,43.663836,4.823358,IST,330.6,10.8,2,2100,0,0,0,0,0,0
CF,FI15,43.629806,4.847678,0,IST,330.6,8.5,150.0,2.3,1,2100,0,0,0,0,2,0
CF,RW15,43.537769,4.913297,0,IST,330.6,2.3,150.0,6.2,1,133,0,0,0,0,3,0
CA,0,150.0,2,1200,0,0,0,0,0,0
FM,ITR,43.526306,4.930306,2,MTG,0.0,0.0,330.0,1,1600,0,0,0,0,0,0

APPTR,R15-Y,15,MI401
IF,MI401,43.699722,4.466139, ,0.0,0.0,2,4000,0,1,200,0,1,0
TF,MI403,43.711000,4.653889,0, ,0.0,0.0,0.0,0.0,4,4000,3000,0,0,0,0,0
TF,IMI15,43.677222,4.753861,0, ,0.0,0.0,0.0,0.0,1,2100,0,1,200,0,1,0
TF,FMI15,43.629528,4.847889,0, ,0.0,0.0,0.0,0.0,1,2100,0,0,0,0,0,0

APPTR,R15-Y,15,MI402
IF,MI402,43.589250,4.635972, ,0.0,0.0,1,3400,0,1,200,0,1,0
TF,IMI15,43.677222,4.753861,0, ,0.0,0.0,0.0,0.0,1,2100,0,1,200,0,1,0
TF,FMI15,43.629528,4.847889,0, ,0.0,0.0,0.0,0.0,1,2100,0,0,0,0,0,0

APPTR,R15-Y,15,NG
IF,NG,43.857194,4.406278, ,0.0,0.0,2,4000,0,1,200,0,1,0
TF,MI403,43.711000,4.653889,0, ,0.0,0.0,0.0,0.0,4,4000,3000,0,0,0,0,0
TF,IMI15,43.677222,4.753861,0, ,0.0,0.0,0.0,0.0,1,2100,0,1,200,0,1,0
TF,FMI15,43.629528,4.847889,0, ,0.0,0.0,0.0,0.0,1,2100,0,0,0,0,0,0

FINAL,R15-Y,15,R,2
IF,FMI15,43.629528,4.847889, ,0.0,0.0,1,2100,0,0,0,0,2,0
TF,RW15,43.537769,4.913297,0, ,0.0,0.0,151.0,6.2,1,126,0,0,0,0,3,1
TF,MI406,43.463750,4.965889,0, ,0.0,0.0,0.0,0.0,0,0,0,0,0,0,0,0
TF,MI407,43.425417,4.864306,0, ,0.0,0.0,0.0,0.0,0,0,0,0,0,0,0,0
TF,MI402,43.589250,4.635972,0, ,0.0,0.0,0.0,0.0,1,3400,0,1,200,0,0,0

APPTR,R15-Z,15,MI401
IF,MI401,43.699722,4.466139, ,0.0,0.0,2,4000,0,1,200,0,1,0
TF,MI403,43.711000,4.653889,0, ,0.0,0.0,0.0,0.0,4,4000,3000,0,0,0,0,0
TF,IMI15,43.677222,4.753861,0, ,0.0,0.0,0.0,0.0,1,2100,0,1,200,0,1,0
TF,FMI15,43.629528,4.847889,0, ,0.0,0.0,0.0,0.0,1,2100,0,0,0,0,0,0

APPTR,R15-Z,15,MI402
IF,MI402,43.589250,4.635972, ,0.0,0.0,1,3400,0,1,200,0,1,0
TF,IMI15,43.677222,4.753861,0, ,0.0,0.0,0.0,0.0,1,2100,0,1,200,0,1,0
TF,FMI15,43.629528,4.847889,0, ,0.0,0.0,0.0,0.0,1,2100,0,0,0,0,0,0

APPTR,R15-Z,15,NG
IF,NG,43.857194,4.406278, ,0.0,0.0,2,4000,0,1,200,0,1,0
TF,MI403,43.711000,4.653889,0, ,0.0,0.0,0.0,0.0,4,4000,3000,0,0,0,0,0
TF,IMI15,43.677222,4.753861,0, ,0.0,0.0,0.0,0.0,1,2100,0,1,200,0,1,0
TF,FMI15,43.629528,4.847889,0, ,0.0,0.0,0.0,0.0,1,2100,0,0,0,0,0,0

FINAL,R15-Z,15,R,2
IF,FMI15,43.629528,4.847889, ,0.0,0.0,1,2100,0,0,0,0,2,0
TF,RW15,43.537769,4.913297,0, ,0.0,0.0,151.0,6.2,1,126,0,0,0,0,3,1
TF,MI406,43.463750,4.965889,0, ,0.0,0.0,0.0,0.0,0,0,0,0,0,0,0,0
TF,MI407,43.425417,4.864306,0, ,0.0,0.0,0.0,0.0,0,0,0,0,0,0,0,0
TF,MI402,43.589250,4.635972,0, ,0.0,0.0,0.0,0.0,1,3400,0,1,200,0,0,0

APPTR,R33-Y,33,MI421
IF,MI421,43.460917,4.795139, ,0.0,0.0,1,4000,0,1,200,0,1,0
TF,MI422,43.386917,4.847778,0, ,0.0,0.0,0.0,0.0,4,3000,2200,1,200,0,0,0
TF,MI423,43.302806,4.907444,0, ,0.0,0.0,0.0,0.0,4,2200,1700,1,200,0,0,0
TF,MI424,43.319250,5.015333,0, ,0.0,0.0,0.0,0.0,4,1800,1700,1,200,0,0,0
TF,IMI33,43.369222,5.012944,0, ,0.0,0.0,0.0,0.0,1,1700,0,1,200,0,1,0

APPTR,R33-Y,33,MI424
IF,MI424,43.319250,5.015333, ,0.0,0.0,4,1800,1700,1,200,0,1,0
TF,IMI33,43.369222,5.012944,0, ,0.0,0.0,0.0,0.0,1,1700,0,1,200,0,1,0

FINAL,R33-Y,33,R,3
IF,IMI33,43.369222,5.012944, ,0.0,0.0,1,1700,0,1,200,0,0,0
TF,FMI33,43.430917,4.978222,0, ,0.0,0.0,336.0,4.0,1,1700,0,0,0,0,2,0
TF,MMI33,43.506306,4.935667,0, ,0.0,0.0,336.0,4.9,1,143,0,0,0,0,3,1
TF,MI428,43.583389,4.892056,0, ,0.0,0.0,0.0,0.0,3,3000,0,1,200,0,0,0
TF,MI429,43.537806,4.740278,0, ,0.0,0.0,0.0,0.0,3,3000,0,1,200,0,0,0
TF,MI421,43.460917,4.795139,1, ,0.0,0.0,0.0,0.0,1,4000,0,1,200,0,0,0

APPTR,R33-Z,33,MI421
IF,MI421,43.460917,4.795139, ,0.0,0.0,1,4000,0,1,200,0,1,0
TF,MI422,43.386917,4.847778,0, ,0.0,0.0,0.0,0.0,4,3000,2200,1,200,0,0,0
TF,MI423,43.302806,4.907444,0, ,0.0,0.0,0.0,0.0,4,2200,1700,1,200,0,0,0
TF,MI424,43.319250,5.015333,0, ,0.0,0.0,0.0,0.0,4,1800,1700,1,200,0,0,0
TF,IMI33,43.369222,5.012944,0, ,0.0,0.0,0.0,0.0,1,1700,0,1,200,0,1,0

APPTR,R33-Z,33,MI424
IF,MI424,43.319250,5.015333, ,0.0,0.0,4,1800,1700,1,200,0,1,0
TF,IMI33,43.369222,5.012944,0, ,0.0,0.0,0.0,0.0,1,1700,0,1,200,0,1,0

FINAL,R33-Z,33,R,3
IF,IMI33,43.369222,5.012944, ,0.0,0.0,1,1700,0,1,200,0,0,0
TF,FMI33,43.430917,4.978222,0, ,0.0,0.0,336.0,4.0,1,1700,0,0,0,0,2,0
TF,MMI33,43.506306,4.935667,0, ,0.0,0.0,336.0,4.9,1,143,0,0,0,0,3,1
TF,MI428,43.583389,4.892056,0, ,0.0,0.0,0.0,0.0,3,3000,0,1,200,0,0,0
TF,MI429,43.537806,4.740278,0, ,0.0,0.0,0.0,0.0,3,3000,0,1,200,0,0,0
TF,MI421,43.460917,4.795139,1, ,0.0,0.0,0.0,0.0,1,4000,0,1,200,0,0,0

