SID,AGOP5C,25,5
CA,0,247.0,2,620,0,0,0,0,0,0
CF,PB253,48.917833,2.262056,0,BT,245.0,8.4,245.0,6.0,0,0,0,0,0,0,0,1
DF,PB258,48.901806,1.966250,0, ,0.0,0.0,0,0,0,0,0,0,0,0
TF,RBT,48.653944,1.994222,0, ,0.0,0.0,0.0,0.0,0,0,0,0,0,0,0,0
TF,ADADA,48.295000,2.003611,0, ,0.0,0.0,0.0,0.0,0,0,0,0,0,0,0,0
TF,AGOPA,48.083333,2.009722,0, ,0.0,0.0,0.0,0.0,0,0,0,1,280,0,0,0

SID,AGOP5F,25,5
CA,0,247.0,2,620,0,0,0,0,0,0
CF,PB253,48.917833,2.262056,0,BT,245.0,8.4,245.0,6.0,0,0,0,0,0,0,0,1
DF,PB258,48.901806,1.966250,0, ,0.0,0.0,0,0,0,0,0,0,0,0
TF,RBT,48.653944,1.994222,0, ,0.0,0.0,0.0,0.0,0,0,0,0,0,0,0,0
TF,ADADA,48.295000,2.003611,0, ,0.0,0.0,0.0,0.0,0,0,0,0,0,0,0,0
TF,AGOPA,48.083333,2.009722,0, ,0.0,0.0,0.0,0.0,0,0,0,1,280,0,0,0

SID,AGOP5J,09,5
CF,PB090,48.969111,2.520389,0,BT,96.4,2.6,84.0,3.0,0,0,0,0,0,0,0,1
CF,PB093,48.951222,2.782028,0,BT,95.1,13.0,95.0,10.0,0,0,0,0,0,0,0,1
DF,PG101,48.839472,2.623056,2, ,0.0,0.0,0,0,0,0,0,0,0,0
TF,OXCEL,48.730139,2.389778,0, ,0.0,0.0,0.0,0.0,0,0,0,0,0,0,0,0
TF,ABOBO,48.509611,2.191528,0, ,0.0,0.0,0.0,0.0,0,0,0,0,0,0,0,0
TF,ADADA,48.295000,2.003611,0, ,0.0,0.0,0.0,0.0,0,0,0,0,0,0,0,0
TF,AGOPA,48.083333,2.009722,0, ,0.0,0.0,0.0,0.0,0,0,0,1,280,0,0,0

SID,AGOP5M,09,5
CF,PB090,48.969111,2.520389,0,BT,96.4,2.6,84.0,3.0,0,0,0,0,0,0,0,1
CF,PB093,48.951222,2.782028,0,BT,95.1,13.0,95.0,10.0,0,0,0,0,0,0,0,1
DF,PG101,48.839472,2.623056,2, ,0.0,0.0,0,0,0,0,0,0,0,0
TF,OXCEL,48.730139,2.389778,0, ,0.0,0.0,0.0,0.0,0,0,0,0,0,0,0,0
TF,ABOBO,48.509611,2.191528,0, ,0.0,0.0,0.0,0.0,0,0,0,0,0,0,0,0
TF,ADADA,48.295000,2.003611,0, ,0.0,0.0,0.0,0.0,0,0,0,0,0,0,0,0
TF,AGOPA,48.083333,2.009722,0, ,0.0,0.0,0.0,0.0,0,0,0,1,280,0,0,0

SID,AGOP5P,21,5
CA,0,204.0,2,550,0,0,0,0,0,0
DF,PB253,48.917833,2.262056,0, ,0.0,0.0,0,0,0,1,205,0,0,1
DF,PB258,48.901806,1.966250,0, ,0.0,0.0,0,0,0,0,0,0,0,0
TF,RBT,48.653944,1.994222,0, ,0.0,0.0,0.0,0.0,0,0,0,0,0,0,0,0
TF,ADADA,48.295000,2.003611,0, ,0.0,0.0,0.0,0.0,0,0,0,0,0,0,0,0
TF,AGOPA,48.083333,2.009722,0, ,0.0,0.0,0.0,0.0,0,0,0,1,280,0,0,0

SID,AGOP5Q,07,4
CA,0,67.0,2,620,0,0,0,0,0,0
CF,PB093,48.951222,2.782028,0,BT,95.1,13.0,95.0,12.0,0,0,0,0,0,0,0,1
DF,PG101,48.839472,2.623056,2, ,0.0,0.0,0,0,0,0,0,0,0,0

SID,AGOP5Q,21,4
CA,0,204.0,2,550,0,0,0,0,0,0
DF,PB093,48.951222,2.782028,1, ,0.0,0.0,0,0,0,1,205,0,0,1
DF,PG101,48.839472,2.623056,2, ,0.0,0.0,0,0,0,0,0,0,0,0

SID,AGOP5Q,ALL,5
IF,PG101,48.839472,2.623056, ,0.0,0.0,0,0,0,0,0,0,0,0
TF,OXCEL,48.730139,2.389778,0, ,0.0,0.0,0.0,0.0,0,0,0,0,0,0,0,0
TF,ABOBO,48.509611,2.191528,0, ,0.0,0.0,0.0,0.0,0,0,0,0,0,0,0,0
TF,ADADA,48.295000,2.003611,0, ,0.0,0.0,0.0,0.0,0,0,0,0,0,0,0,0
TF,AGOPA,48.083333,2.009722,0, ,0.0,0.0,0.0,0.0,0,0,0,1,280,0,0,0

SID,ATRE5C,25,5
CA,0,247.0,2,620,0,0,0,0,0,0
CF,PB250,48.937333,2.328139,0,BT,245.0,5.5,245.0,3.0,0,0,0,0,0,0,0,1
CF,PB254,48.983333,2.202472,0,BT,272.1,10.0,315.0,5.0,0,0,0,0,0,0,0,1
DF,ATREX,49.785278,2.368611,0, ,0.0,0.0,0,0,0,0,0,0,0,0

SID,ATRE5F,25,5
CA,0,247.0,2,620,0,0,0,0,0,0
CF,PB250,48.937333,2.328139,0,BT,245.0,5.5,245.0,3.0,0,0,0,0,0,0,0,1
CF,PB254,48.983333,2.202472,0,BT,272.1,10.0,315.0,5.0,0,0,0,0,0,0,0,1
DF,ATREX,49.785278,2.368611,0, ,0.0,0.0,0,0,0,0,0,0,0,0

SID,ATRE5J,09,5
CF,PB090,48.969111,2.520389,0,BT,96.4,2.6,84.0,3.0,0,0,0,0,0,0,0,1
TF,PB093,48.951222,2.782028,0, ,0.0,0.0,0.0,0.0,0,0,0,0,0,0,0,1
DF,PB094,48.942139,2.905306,0, ,0.0,0.0,0,0,0,0,0,0,0,1
DF,PB096,49.137000,2.937806,1, ,0.0,0.0,0,0,0,0,0,0,0,0
TF,ATREX,49.785278,2.368611,0, ,0.0,0.0,0.0,0.0,0,0,0,0,0,0,0,0

SID,ATRE5M,09,5
CF,PB090,48.969111,2.520389,0,BT,96.4,2.6,84.0,3.0,0,0,0,0,0,0,0,1
TF,PB093,48.951222,2.782028,0, ,0.0,0.0,0.0,0.0,0,0,0,0,0,0,0,1
DF,PB094,48.942139,2.905306,0, ,0.0,0.0,0,0,0,0,0,0,0,1
DF,PB096,49.137000,2.937806,1, ,0.0,0.0,0,0,0,0,0,0,0,0
TF,ATREX,49.785278,2.368611,0, ,0.0,0.0,0.0,0.0,0,0,0,0,0,0,0,0

SID,ATRE5P,21,5
CA,0,204.0,2,550,0,0,0,0,0,0
DF,PB252,48.925389,2.287639,0, ,0.0,0.0,0,0,0,1,205,0,0,1
DF,PB254,48.983333,2.202472,0, ,0.0,0.0,0,0,0,0,0,0,0,1
DF,ATREX,49.785278,2.368611,0, ,0.0,0.0,0,0,0,0,0,0,0,0

SID,ATRE5Q,07,4
CA,0,67.0,2,620,0,0,0,0,0,0
CF,PB093,48.951222,2.782028,0,BT,95.1,13.0,95.0,12.0,0,0,0,0,0,0,0,1

SID,ATRE5Q,21,4
CA,0,204.0,2,550,0,0,0,0,0,0
DF,PB093,48.951222,2.782028,1, ,0.0,0.0,0,0,0,1,205,0,0,1

SID,ATRE5Q,ALL,5
IF,PB093,48.951222,2.782028, ,0.0,0.0,0,0,0,0,0,0,0,0
DF,PB094,48.942139,2.905306,0, ,0.0,0.0,0,0,0,0,0,0,0,1
DF,PB096,49.137000,2.937806,1, ,0.0,0.0,0,0,0,0,0,0,0,0
TF,ATREX,49.785278,2.368611,0, ,0.0,0.0,0.0,0.0,0,0,0,0,0,0,0,0

SID,BAXI5C,25,5
CA,0,247.0,2,620,0,0,0,0,0,0
CF,PB253,48.917833,2.262056,0,BT,245.0,8.4,245.0,6.0,0,0,0,0,0,0,0,1
DF,PB256,48.910861,2.121472,0, ,0.0,0.0,0,0,0,0,0,0,0,1
DF,PIVER,48.795944,2.267528,1, ,0.0,0.0,0,0,0,0,0,0,0,0
TF,CLM,48.844639,3.013861,0, ,0.0,0.0,0.0,0.0,0,0,0,0,0,0,0,0
TF,BEKOS,48.811667,3.548056,0, ,0.0,0.0,0.0,0.0,0,0,0,0,0,0,0,0
TF,BAXIR,48.790556,3.869917,0, ,0.0,0.0,0.0,0.0,0,0,0,0,0,0,0,0

SID,BAXI5F,25,5
CA,0,247.0,2,620,0,0,0,0,0,0
CF,PB253,48.917833,2.262056,0,BT,245.0,8.4,245.0,6.0,0,0,0,0,0,0,0,1
DF,PB256,48.910861,2.121472,0, ,0.0,0.0,0,0,0,0,0,0,0,1
DF,PIVER,48.795944,2.267528,1, ,0.0,0.0,0,0,0,0,0,0,0,0
TF,CLM,48.844639,3.013861,0, ,0.0,0.0,0.0,0.0,0,0,0,0,0,0,0,0
TF,BEKOS,48.811667,3.548056,0, ,0.0,0.0,0.0,0.0,0,0,0,0,0,0,0,0
TF,BAXIR,48.790556,3.869917,0, ,0.0,0.0,0.0,0.0,0,0,0,0,0,0,0,0

SID,BAXI5J,09,5
CF,PB090,48.969111,2.520389,0,BT,96.4,2.6,84.0,3.0,0,0,0,0,0,0,0,1
TF,PB093,48.951222,2.782028,0, ,0.0,0.0,0.0,0.0,0,0,0,0,0,0,0,1
DF,PB094,48.942139,2.905306,0, ,0.0,0.0,0,0,0,0,0,0,0,1
DF,PB098,48.927361,3.102139,0, ,0.0,0.0,0,0,0,0,0,0,0,1
DF,BEKOS,48.811667,3.548056,0, ,0.0,0.0,0,0,0,0,0,0,0,0
TF,BAXIR,48.790556,3.869917,0, ,0.0,0.0,0.0,0.0,0,0,0,0,0,0,0,0

SID,BAXI5M,09,5
CF,PB090,48.969111,2.520389,0,BT,96.4,2.6,84.0,3.0,0,0,0,0,0,0,0,1
TF,PB093,48.951222,2.782028,0, ,0.0,0.0,0.0,0.0,0,0,0,0,0,0,0,1
DF,PB094,48.942139,2.905306,0, ,0.0,0.0,0,0,0,0,0,0,0,1
DF,PB098,48.927361,3.102139,0, ,0.0,0.0,0,0,0,0,0,0,0,1
DF,BEKOS,48.811667,3.548056,0, ,0.0,0.0,0,0,0,0,0,0,0,0
TF,BAXIR,48.790556,3.869917,0, ,0.0,0.0,0.0,0.0,0,0,0,0,0,0,0,0

SID,BAXI5P,21,5
CA,0,204.0,2,550,0,0,0,0,0,0
DF,PB253,48.917833,2.262056,0, ,0.0,0.0,0,0,0,1,205,0,0,1
DF,PB256,48.910861,2.121472,0, ,0.0,0.0,0,0,0,0,0,0,0,1
DF,PIVER,48.795944,2.267528,1, ,0.0,0.0,0,0,0,0,0,0,0,0
TF,CLM,48.844639,3.013861,0, ,0.0,0.0,0.0,0.0,0,0,0,0,0,0,0,0
TF,BEKOS,48.811667,3.548056,0, ,0.0,0.0,0.0,0.0,0,0,0,0,0,0,0,0
TF,BAXIR,48.790556,3.869917,0, ,0.0,0.0,0.0,0.0,0,0,0,0,0,0,0,0

SID,BAXI5Q,07,4
CA,0,67.0,2,620,0,0,0,0,0,0
CF,PB093,48.951222,2.782028,0,BT,95.1,13.0,95.0,12.0,0,0,0,0,0,0,0,1

SID,BAXI5Q,21,4
CA,0,204.0,2,550,0,0,0,0,0,0
DF,PB093,48.951222,2.782028,1, ,0.0,0.0,0,0,0,1,205,0,0,1

SID,BAXI5Q,ALL,5
IF,PB093,48.951222,2.782028, ,0.0,0.0,0,0,0,0,0,0,0,0
DF,PB094,48.942139,2.905306,0, ,0.0,0.0,0,0,0,0,0,0,0,1
DF,PB098,48.927361,3.102139,0, ,0.0,0.0,0,0,0,0,0,0,0,1
DF,BEKOS,48.811667,3.548056,0, ,0.0,0.0,0,0,0,0,0,0,0,0
TF,BAXIR,48.790556,3.869917,0, ,0.0,0.0,0.0,0.0,0,0,0,0,0,0,0,0

SID,BUBL5C,25,5
CA,0,247.0,2,620,0,0,0,0,0,0
CF,PB253,48.917833,2.262056,0,BT,245.0,8.4,245.0,6.0,0,0,0,0,0,0,0,1
DF,PB256,48.910861,2.121472,0, ,0.0,0.0,0,0,0,0,0,0,0,1
DF,PIVER,48.795944,2.267528,1, ,0.0,0.0,0,0,0,0,0,0,0,0
TF,CLM,48.844639,3.013861,0, ,0.0,0.0,0.0,0.0,0,0,0,0,0,0,0,0
TF,BEKOS,48.811667,3.548056,0, ,0.0,0.0,0.0,0.0,0,0,0,0,0,0,0,0
TF,BUBLI,48.771611,4.150000,0, ,0.0,0.0,0.0,0.0,0,0,0,0,0,0,0,0

SID,BUBL5F,25,5
CA,0,247.0,2,620,0,0,0,0,0,0
CF,PB253,48.917833,2.262056,0,BT,245.0,8.4,245.0,6.0,0,0,0,0,0,0,0,1
DF,PB256,48.910861,2.121472,0, ,0.0,0.0,0,0,0,0,0,0,0,1
DF,PIVER,48.795944,2.267528,1, ,0.0,0.0,0,0,0,0,0,0,0,0
TF,CLM,48.844639,3.013861,0, ,0.0,0.0,0.0,0.0,0,0,0,0,0,0,0,0
TF,BEKOS,48.811667,3.548056,0, ,0.0,0.0,0.0,0.0,0,0,0,0,0,0,0,0
TF,BUBLI,48.771611,4.150000,0, ,0.0,0.0,0.0,0.0,0,0,0,0,0,0,0,0

SID,BUBL5J,09,5
CF,PB090,48.969111,2.520389,0,BT,96.4,2.6,84.0,3.0,0,0,0,0,0,0,0,1
TF,PB093,48.951222,2.782028,0, ,0.0,0.0,0.0,0.0,0,0,0,0,0,0,0,1
DF,PB094,48.942139,2.905306,0, ,0.0,0.0,0,0,0,0,0,0,0,1
DF,PB098,48.927361,3.102139,0, ,0.0,0.0,0,0,0,0,0,0,0,1
DF,BEKOS,48.811667,3.548056,0, ,0.0,0.0,0,0,0,0,0,0,0,0
TF,BUBLI,48.771611,4.150000,0, ,0.0,0.0,0.0,0.0,0,0,0,0,0,0,0,0

SID,BUBL5M,09,5
CF,PB090,48.969111,2.520389,0,BT,96.4,2.6,84.0,3.0,0,0,0,0,0,0,0,1
TF,PB093,48.951222,2.782028,0, ,0.0,0.0,0.0,0.0,0,0,0,0,0,0,0,1
DF,PB094,48.942139,2.905306,0, ,0.0,0.0,0,0,0,0,0,0,0,1
DF,PB098,48.927361,3.102139,0, ,0.0,0.0,0,0,0,0,0,0,0,1
DF,BEKOS,48.811667,3.548056,0, ,0.0,0.0,0,0,0,0,0,0,0,0
TF,BUBLI,48.771611,4.150000,0, ,0.0,0.0,0.0,0.0,0,0,0,0,0,0,0,0

SID,BUBL5P,21,5
CA,0,204.0,2,550,0,0,0,0,0,0
DF,PB253,48.917833,2.262056,0, ,0.0,0.0,0,0,0,1,205,0,0,1
DF,PB256,48.910861,2.121472,0, ,0.0,0.0,0,0,0,0,0,0,0,1
DF,PIVER,48.795944,2.267528,1, ,0.0,0.0,0,0,0,0,0,0,0,0
TF,CLM,48.844639,3.013861,0, ,0.0,0.0,0.0,0.0,0,0,0,0,0,0,0,0
TF,BEKOS,48.811667,3.548056,0, ,0.0,0.0,0.0,0.0,0,0,0,0,0,0,0,0
TF,BUBLI,48.771611,4.150000,0, ,0.0,0.0,0.0,0.0,0,0,0,0,0,0,0,0

SID,BUBL5Q,07,4
CA,0,67.0,2,620,0,0,0,0,0,0
CF,PB093,48.951222,2.782028,0,BT,95.1,13.0,95.0,12.0,0,0,0,0,0,0,0,1

SID,BUBL5Q,21,4
CA,0,204.0,2,550,0,0,0,0,0,0
DF,PB093,48.951222,2.782028,1, ,0.0,0.0,0,0,0,1,205,0,0,1

SID,BUBL5Q,ALL,5
IF,PB093,48.951222,2.782028, ,0.0,0.0,0,0,0,0,0,0,0,0
DF,PB094,48.942139,2.905306,0, ,0.0,0.0,0,0,0,0,0,0,0,1
DF,PB098,48.927361,3.102139,0, ,0.0,0.0,0,0,0,0,0,0,0,1
DF,BEKOS,48.811667,3.548056,0, ,0.0,0.0,0,0,0,0,0,0,0,0
TF,BUBLI,48.771611,4.150000,0, ,0.0,0.0,0.0,0.0,0,0,0,0,0,0,0,0

SID,DIKO5C,25,5
CA,0,247.0,2,620,0,0,0,0,0,0
CF,PB253,48.917833,2.262056,0,BT,245.0,8.4,245.0,6.0,0,0,0,0,0,0,0,1
DF,PB256,48.910861,2.121472,0, ,0.0,0.0,0,0,0,0,0,0,0,1
DF,PIVER,48.795944,2.267528,1, ,0.0,0.0,0,0,0,0,0,0,0,0
TF,CLM,48.844639,3.013861,0, ,0.0,0.0,0.0,0.0,0,0,0,0,0,0,0,0
TF,NEPAR,49.086111,3.550833,0, ,0.0,0.0,0.0,0.0,0,0,0,0,0,0,0,0
TF,DIKOL,49.137500,4.049167,0, ,0.0,0.0,0.0,0.0,0,0,0,0,0,0,0,0

SID,DIKO5F,25,5
CA,0,247.0,2,620,0,0,0,0,0,0
CF,PB253,48.917833,2.262056,0,BT,245.0,8.4,245.0,6.0,0,0,0,0,0,0,0,1
DF,PB256,48.910861,2.121472,0, ,0.0,0.0,0,0,0,0,0,0,0,1
DF,PIVER,48.795944,2.267528,1, ,0.0,0.0,0,0,0,0,0,0,0,0
TF,CLM,48.844639,3.013861,0, ,0.0,0.0,0.0,0.0,0,0,0,0,0,0,0,0
TF,NEPAR,49.086111,3.550833,0, ,0.0,0.0,0.0,0.0,0,0,0,0,0,0,0,0
TF,DIKOL,49.137500,4.049167,0, ,0.0,0.0,0.0,0.0,0,0,0,0,0,0,0,0

SID,DIKO5J,09,5
CF,PB090,48.969111,2.520389,0,BT,96.4,2.6,84.0,3.0,0,0,0,0,0,0,0,1
TF,PB093,48.951222,2.782028,0, ,0.0,0.0,0.0,0.0,0,0,0,0,0,0,0,1
DF,PB094,48.942139,2.905306,0, ,0.0,0.0,0,0,0,0,0,0,0,1
DF,NEPAR,49.086111,3.550833,0, ,0.0,0.0,0,0,0,0,0,0,0,0
TF,DIKOL,49.137500,4.049167,0, ,0.0,0.0,0.0,0.0,0,0,0,0,0,0,0,0

SID,DIKO5M,09,5
CF,PB090,48.969111,2.520389,0,BT,96.4,2.6,84.0,3.0,0,0,0,0,0,0,0,1
TF,PB093,48.951222,2.782028,0, ,0.0,0.0,0.0,0.0,0,0,0,0,0,0,0,1
DF,PB094,48.942139,2.905306,0, ,0.0,0.0,0,0,0,0,0,0,0,1
DF,NEPAR,49.086111,3.550833,0, ,0.0,0.0,0,0,0,0,0,0,0,0
TF,DIKOL,49.137500,4.049167,0, ,0.0,0.0,0.0,0.0,0,0,0,0,0,0,0,0

SID,DIKO5P,21,5
CA,0,204.0,2,550,0,0,0,0,0,0
DF,PB253,48.917833,2.262056,0, ,0.0,0.0,0,0,0,1,205,0,0,1
DF,PB256,48.910861,2.121472,0, ,0.0,0.0,0,0,0,0,0,0,0,1
DF,PIVER,48.795944,2.267528,1, ,0.0,0.0,0,0,0,0,0,0,0,0
TF,CLM,48.844639,3.013861,0, ,0.0,0.0,0.0,0.0,0,0,0,0,0,0,0,0
TF,NEPAR,49.086111,3.550833,0, ,0.0,0.0,0.0,0.0,0,0,0,0,0,0,0,0
TF,DIKOL,49.137500,4.049167,0, ,0.0,0.0,0.0,0.0,0,0,0,0,0,0,0,0

SID,DIKO5Q,07,4
CA,0,67.0,2,620,0,0,0,0,0,0
CF,PB093,48.951222,2.782028,0,BT,95.1,13.0,95.0,12.0,0,0,0,0,0,0,0,1

SID,DIKO5Q,21,4
CA,0,204.0,2,550,0,0,0,0,0,0
DF,PB093,48.951222,2.782028,1, ,0.0,0.0,0,0,0,1,205,0,0,1

SID,DIKO5Q,ALL,5
IF,PB093,48.951222,2.782028, ,0.0,0.0,0,0,0,0,0,0,0,0
DF,PB094,48.942139,2.905306,0, ,0.0,0.0,0,0,0,0,0,0,0,1
DF,NEPAR,49.086111,3.550833,0, ,0.0,0.0,0,0,0,0,0,0,0,0
TF,DIKOL,49.137500,4.049167,0, ,0.0,0.0,0.0,0.0,0,0,0,0,0,0,0,0

SID,DORD5C,25,2
CA,0,247.0,2,620,0,0,0,0,0,0
CF,PB253,48.917833,2.262056,0,BT,245.0,8.4,245.0,7.0,0,0,0,0,0,0,0,1
FD,PB253,48.917833,2.262056,0,BT,245.0,12.0,245.0,12.0,0,0,0,0,0,0,0,0
CF,OXCEL,48.730139,2.389778,1,BT,189.0,14.9,123.0,11.0,0,0,0,0,0,0,0,0
TF,DORDI,48.220000,2.791944,0, ,0.0,0.0,0.0,0.0,0,0,0,0,0,0,0,0

SID,DORD5F,25,2
CA,0,247.0,2,620,0,0,0,0,0,0
CF,PB253,48.917833,2.262056,0,BT,245.0,8.4,245.0,7.0,0,0,0,0,0,0,0,1
FD,PB253,48.917833,2.262056,0,BT,245.0,12.0,245.0,12.0,0,0,0,0,0,0,0,0
CF,OXCEL,48.730139,2.389778,1,BT,189.0,14.9,123.0,11.0,0,0,0,0,0,0,0,0
TF,DORDI,48.220000,2.791944,0, ,0.0,0.0,0.0,0.0,0,0,0,0,0,0,0,0

SID,DORD5J,07,1
CA,0,67.0,2,620,0,0,0,0,0,0
CF,PB093,48.951222,2.782028,0,BT,95.1,13.0,95.0,12.0,0,0,0,0,0,0,0,1
CF,MLN17,48.740525,2.820792,0,MLN,360.0,17.1,180.0,13.0,0,0,0,0,0,0,0,1
TF,MLN,48.455778,2.813278,0, ,0.0,0.0,0.0,0.0,0,0,0,0,0,0,0,0

SID,DORD5J,09,1
CD, ,0,0,0,BT,0,0.0,84.0,2.6,0,0,0,0,0,0,0,0
CF,PB093,48.951222,2.782028,0,BT,95.1,13.0,95.0,10.0,0,0,0,0,0,0,0,1
CF,MLN17,48.740525,2.820792,0,MLN,360.0,17.1,180.0,13.0,0,0,0,0,0,0,0,1
TF,MLN,48.455778,2.813278,0, ,0.0,0.0,0.0,0.0,0,0,0,0,0,0,0,0

SID,DORD5J,ALL,2
IF,MLN,48.455778,2.813278, ,0.0,0.0,0,0,0,0,0,0,0,0
TF,DORDI,48.220000,2.791944,0, ,0.0,0.0,0.0,0.0,0,0,0,0,0,0,0,0

SID,ERIX5C,25,5
CA,0,247.0,2,620,0,0,0,0,0,0
CF,PB253,48.917833,2.262056,0,BT,245.0,8.4,245.0,6.0,0,0,0,0,0,0,0,1
DF,PB258,48.901806,1.966250,0, ,0.0,0.0,0,0,0,0,0,0,0,0
TF,RBT,48.653944,1.994222,0, ,0.0,0.0,0.0,0.0,0,0,0,0,0,0,0,0
TF,EDOXA,48.290833,2.209444,0, ,0.0,0.0,0.0,0.0,0,0,0,0,0,0,0,0
TF,ERIXU,48.083333,2.259722,0, ,0.0,0.0,0.0,0.0,0,0,0,1,280,0,0,0

SID,ERIX5F,25,5
CA,0,247.0,2,620,0,0,0,0,0,0
CF,PB253,48.917833,2.262056,0,BT,245.0,8.4,245.0,6.0,0,0,0,0,0,0,0,1
DF,PB258,48.901806,1.966250,0, ,0.0,0.0,0,0,0,0,0,0,0,0
TF,RBT,48.653944,1.994222,0, ,0.0,0.0,0.0,0.0,0,0,0,0,0,0,0,0
TF,EDOXA,48.290833,2.209444,0, ,0.0,0.0,0.0,0.0,0,0,0,0,0,0,0,0
TF,ERIXU,48.083333,2.259722,0, ,0.0,0.0,0.0,0.0,0,0,0,1,280,0,0,0

SID,ERIX5J,09,5
CF,PB090,48.969111,2.520389,0,BT,96.4,2.6,84.0,3.0,0,0,0,0,0,0,0,1
CF,PB093,48.951222,2.782028,0,BT,95.1,13.0,95.0,10.0,0,0,0,0,0,0,0,1
DF,PG101,48.839472,2.623056,2, ,0.0,0.0,0,0,0,0,0,0,0,0
TF,OXCEL,48.730139,2.389778,0, ,0.0,0.0,0.0,0.0,0,0,0,0,0,0,0,0
TF,ABOBO,48.509611,2.191528,0, ,0.0,0.0,0.0,0.0,0,0,0,0,0,0,0,0
TF,EDOXA,48.290833,2.209444,0, ,0.0,0.0,0.0,0.0,0,0,0,0,0,0,0,0
TF,ERIXU,48.083333,2.259722,0, ,0.0,0.0,0.0,0.0,0,0,0,1,280,0,0,0

SID,ERIX5M,09,5
CF,PB090,48.969111,2.520389,0,BT,96.4,2.6,84.0,3.0,0,0,0,0,0,0,0,1
CF,PB093,48.951222,2.782028,0,BT,95.1,13.0,95.0,10.0,0,0,0,0,0,0,0,1
DF,PG101,48.839472,2.623056,2, ,0.0,0.0,0,0,0,0,0,0,0,0
TF,OXCEL,48.730139,2.389778,0, ,0.0,0.0,0.0,0.0,0,0,0,0,0,0,0,0
TF,ABOBO,48.509611,2.191528,0, ,0.0,0.0,0.0,0.0,0,0,0,0,0,0,0,0
TF,EDOXA,48.290833,2.209444,0, ,0.0,0.0,0.0,0.0,0,0,0,0,0,0,0,0
TF,ERIXU,48.083333,2.259722,0, ,0.0,0.0,0.0,0.0,0,0,0,1,280,0,0,0

SID,ERIX5P,21,5
CA,0,204.0,2,550,0,0,0,0,0,0
DF,PB253,48.917833,2.262056,0, ,0.0,0.0,0,0,0,1,205,0,0,1
DF,PB258,48.901806,1.966250,0, ,0.0,0.0,0,0,0,0,0,0,0,0
TF,RBT,48.653944,1.994222,0, ,0.0,0.0,0.0,0.0,0,0,0,0,0,0,0,0
TF,EDOXA,48.290833,2.209444,0, ,0.0,0.0,0.0,0.0,0,0,0,0,0,0,0,0
TF,ERIXU,48.083333,2.259722,0, ,0.0,0.0,0.0,0.0,0,0,0,1,280,0,0,0

SID,ERIX5Q,07,4
CA,0,67.0,2,620,0,0,0,0,0,0
CF,PB093,48.951222,2.782028,0,BT,95.1,13.0,95.0,12.0,0,0,0,0,0,0,0,1
DF,PG101,48.839472,2.623056,2, ,0.0,0.0,0,0,0,0,0,0,0,0

SID,ERIX5Q,21,4
CA,0,204.0,2,550,0,0,0,0,0,0
DF,PB093,48.951222,2.782028,1, ,0.0,0.0,0,0,0,1,205,0,0,1
DF,PG101,48.839472,2.623056,2, ,0.0,0.0,0,0,0,0,0,0,0,0

SID,ERIX5Q,ALL,5
IF,PG101,48.839472,2.623056, ,0.0,0.0,0,0,0,0,0,0,0,0
TF,OXCEL,48.730139,2.389778,0, ,0.0,0.0,0.0,0.0,0,0,0,0,0,0,0,0
TF,ABOBO,48.509611,2.191528,0, ,0.0,0.0,0.0,0.0,0,0,0,0,0,0,0,0
TF,EDOXA,48.290833,2.209444,0, ,0.0,0.0,0.0,0.0,0,0,0,0,0,0,0,0
TF,ERIXU,48.083333,2.259722,0, ,0.0,0.0,0.0,0.0,0,0,0,1,280,0,0,0

SID,EVX5C,25,5
CA,0,247.0,2,620,0,0,0,0,0,0
CF,PB253,48.917833,2.262056,0,BT,245.0,8.4,245.0,6.0,0,0,0,0,0,0,0,1
DF,PG286,48.958306,1.892583,0, ,0.0,0.0,0,0,0,0,0,0,0,0
TF,EVX,49.031694,1.220861,0, ,0.0,0.0,0.0,0.0,0,0,0,0,0,0,0,0

SID,EVX5F,25,5
CA,0,247.0,2,620,0,0,0,0,0,0
CF,PB253,48.917833,2.262056,0,BT,245.0,8.4,245.0,6.0,0,0,0,0,0,0,0,1
DF,PG286,48.958306,1.892583,0, ,0.0,0.0,0,0,0,0,0,0,0,0
TF,EVX,49.031694,1.220861,0, ,0.0,0.0,0.0,0.0,0,0,0,0,0,0,0,0

SID,EVX5J,09,5
CF,PB090,48.969111,2.520389,0,BT,96.4,2.6,84.0,3.0,0,0,0,0,0,0,0,1
TF,PB093,48.951222,2.782028,0, ,0.0,0.0,0.0,0.0,0,0,0,0,0,0,0,1
DF,KELUD,48.801056,2.394472,2, ,0.0,0.0,0,0,0,0,0,0,0,0
TF,EVX,49.031694,1.220861,0, ,0.0,0.0,0.0,0.0,0,0,0,0,0,0,0,0

SID,EVX5M,09,5
CF,PB090,48.969111,2.520389,0,BT,96.4,2.6,84.0,3.0,0,0,0,0,0,0,0,1
TF,PB093,48.951222,2.782028,0, ,0.0,0.0,0.0,0.0,0,0,0,0,0,0,0,1
DF,KELUD,48.801056,2.394472,2, ,0.0,0.0,0,0,0,0,0,0,0,0
TF,EVX,49.031694,1.220861,0, ,0.0,0.0,0.0,0.0,0,0,0,0,0,0,0,0

SID,EVX5P,21,5
CA,0,204.0,2,550,0,0,0,0,0,0
DF,PB253,48.917833,2.262056,0, ,0.0,0.0,0,0,0,1,205,0,0,1
DF,PG286,48.958306,1.892583,0, ,0.0,0.0,0,0,0,0,0,0,0,0
TF,EVX,49.031694,1.220861,0, ,0.0,0.0,0.0,0.0,0,0,0,0,0,0,0,0

SID,EVX5Q,07,4
CA,0,67.0,2,620,0,0,0,0,0,0
CF,PB093,48.951222,2.782028,0,BT,95.1,13.0,95.0,12.0,0,0,0,0,0,0,0,1
DF,KELUD,48.801056,2.394472,2, ,0.0,0.0,0,0,0,0,0,0,0,0

SID,EVX5Q,21,4
CA,0,204.0,2,550,0,0,0,0,0,0
DF,PB093,48.951222,2.782028,1, ,0.0,0.0,0,0,0,1,205,0,0,1
DF,KELUD,48.801056,2.394472,2, ,0.0,0.0,0,0,0,0,0,0,0,0

SID,EVX5Q,ALL,5
IF,KELUD,48.801056,2.394472, ,0.0,0.0,0,0,0,0,0,0,0,0
TF,EVX,49.031694,1.220861,0, ,0.0,0.0,0.0,0.0,0,0,0,0,0,0,0,0

SID,LANV5C,25,5
CA,0,247.0,2,620,0,0,0,0,0,0
CF,PB253,48.917833,2.262056,0,BT,245.0,8.4,245.0,7.0,0,0,0,0,0,0,0,1
DF,PB256,48.910861,2.121472,0, ,0.0,0.0,0,0,0,0,0,0,0,1
DF,PIVER,48.795944,2.267528,1, ,0.0,0.0,0,0,0,0,0,0,0,0
TF,CLM,48.844639,3.013861,0, ,0.0,0.0,0.0,0.0,0,0,0,0,0,0,0,0
TF,LUPAM,48.938056,3.549444,0, ,0.0,0.0,0.0,0.0,0,0,0,0,0,0,0,0
TF,LASIV,48.900917,4.226944,0, ,0.0,0.0,0.0,0.0,0,0,0,0,0,0,0,0
TF,LANVI,48.311667,5.797222,0, ,0.0,0.0,0.0,0.0,0,0,0,0,0,0,0,0

SID,LANV5F,25,5
CA,0,247.0,2,620,0,0,0,0,0,0
CF,PB253,48.917833,2.262056,0,BT,245.0,8.4,245.0,7.0,0,0,0,0,0,0,0,1
DF,PB256,48.910861,2.121472,0, ,0.0,0.0,0,0,0,0,0,0,0,1
DF,PIVER,48.795944,2.267528,1, ,0.0,0.0,0,0,0,0,0,0,0,0
TF,CLM,48.844639,3.013861,0, ,0.0,0.0,0.0,0.0,0,0,0,0,0,0,0,0
TF,LUPAM,48.938056,3.549444,0, ,0.0,0.0,0.0,0.0,0,0,0,0,0,0,0,0
TF,LASIV,48.900917,4.226944,0, ,0.0,0.0,0.0,0.0,0,0,0,0,0,0,0,0
TF,LANVI,48.311667,5.797222,0, ,0.0,0.0,0.0,0.0,0,0,0,0,0,0,0,0

SID,LANV5J,09,5
CF,PB090,48.969111,2.520389,0,BT,96.4,2.6,84.0,3.0,0,0,0,0,0,0,0,1
TF,PB093,48.951222,2.782028,0, ,0.0,0.0,0.0,0.0,0,0,0,0,0,0,0,1
DF,PB094,48.942139,2.905306,0, ,0.0,0.0,0,0,0,0,0,0,0,1
DF,LUPAM,48.938056,3.549444,0, ,0.0,0.0,0,0,0,0,0,0,0,0
TF,LASIV,48.900917,4.226944,0, ,0.0,0.0,0.0,0.0,0,0,0,0,0,0,0,0
TF,LANVI,48.311667,5.797222,0, ,0.0,0.0,0.0,0.0,0,0,0,0,0,0,0,0

SID,LANV5M,09,5
CF,PB090,48.969111,2.520389,0,BT,96.4,2.6,84.0,3.0,0,0,0,0,0,0,0,1
TF,PB093,48.951222,2.782028,0, ,0.0,0.0,0.0,0.0,0,0,0,0,0,0,0,1
DF,PB094,48.942139,2.905306,0, ,0.0,0.0,0,0,0,0,0,0,0,1
DF,LUPAM,48.938056,3.549444,0, ,0.0,0.0,0,0,0,0,0,0,0,0
TF,LASIV,48.900917,4.226944,0, ,0.0,0.0,0.0,0.0,0,0,0,0,0,0,0,0
TF,LANVI,48.311667,5.797222,0, ,0.0,0.0,0.0,0.0,0,0,0,0,0,0,0,0

SID,LANV5P,21,5
CA,0,204.0,2,550,0,0,0,0,0,0
DF,PB253,48.917833,2.262056,0, ,0.0,0.0,0,0,0,1,205,0,0,1
DF,PB256,48.910861,2.121472,0, ,0.0,0.0,0,0,0,0,0,0,0,1
DF,PIVER,48.795944,2.267528,1, ,0.0,0.0,0,0,0,0,0,0,0,0
TF,CLM,48.844639,3.013861,0, ,0.0,0.0,0.0,0.0,0,0,0,0,0,0,0,0
TF,LUPAM,48.938056,3.549444,0, ,0.0,0.0,0.0,0.0,0,0,0,0,0,0,0,0
TF,LASIV,48.900917,4.226944,0, ,0.0,0.0,0.0,0.0,0,0,0,0,0,0,0,0
TF,LANVI,48.311667,5.797222,0, ,0.0,0.0,0.0,0.0,0,0,0,0,0,0,0,0

SID,LANV5Q,07,4
CA,0,67.0,2,620,0,0,0,0,0,0
CF,PB093,48.951222,2.782028,0,BT,95.1,13.0,95.0,12.0,0,0,0,0,0,0,0,1

SID,LANV5Q,21,4
CA,0,204.0,2,550,0,0,0,0,0,0
DF,PB093,48.951222,2.782028,1, ,0.0,0.0,0,0,0,1,205,0,0,1

SID,LANV5Q,ALL,5
IF,PB093,48.951222,2.782028, ,0.0,0.0,0,0,0,0,0,0,0,0
DF,PB094,48.942139,2.905306,0, ,0.0,0.0,0,0,0,0,0,0,0,1
DF,LUPAM,48.938056,3.549444,0, ,0.0,0.0,0,0,0,0,0,0,0,0
TF,LASIV,48.900917,4.226944,0, ,0.0,0.0,0.0,0.0,0,0,0,0,0,0,0,0
TF,LANVI,48.311667,5.797222,0, ,0.0,0.0,0.0,0.0,0,0,0,0,0,0,0,0

SID,LATR5C,25,5
CA,0,247.0,2,620,0,0,0,0,0,0
CF,PB253,48.917833,2.262056,0,BT,245.0,8.4,245.0,6.0,0,0,0,0,0,0,0,1
DF,PB256,48.910861,2.121472,0, ,0.0,0.0,0,0,0,0,0,0,0,1
DF,DEROL,48.677611,2.115583,1, ,0.0,0.0,0,0,0,0,0,0,0,0
TF,LALUX,48.286389,2.408889,0, ,0.0,0.0,0.0,0.0,0,0,0,0,0,0,0,0
TF,LATRA,48.083333,2.516667,0, ,0.0,0.0,0.0,0.0,0,0,0,1,280,0,0,0

SID,LATR5F,25,5
CA,0,247.0,2,620,0,0,0,0,0,0
CF,PB253,48.917833,2.262056,0,BT,245.0,8.4,245.0,6.0,0,0,0,0,0,0,0,1
DF,PB256,48.910861,2.121472,0, ,0.0,0.0,0,0,0,0,0,0,0,1
DF,DEROL,48.677611,2.115583,1, ,0.0,0.0,0,0,0,0,0,0,0,0
TF,LALUX,48.286389,2.408889,0, ,0.0,0.0,0.0,0.0,0,0,0,0,0,0,0,0
TF,LATRA,48.083333,2.516667,0, ,0.0,0.0,0.0,0.0,0,0,0,1,280,0,0,0

SID,LATR5J,09,5
CF,PB090,48.969111,2.520389,0,BT,96.4,2.6,84.0,3.0,0,0,0,0,0,0,0,1
TF,PB093,48.951222,2.782028,0, ,0.0,0.0,0.0,0.0,0,0,0,0,0,0,0,1
DF,PB094,48.942139,2.905306,0, ,0.0,0.0,0,0,0,0,0,0,0,1
DF,PG102,48.720722,2.590194,2, ,0.0,0.0,0,0,0,0,0,0,0,0
TF,LAPAX,48.498528,2.392417,0, ,0.0,0.0,0.0,0.0,0,0,0,0,0,0,0,0
TF,LALUX,48.286389,2.408889,0, ,0.0,0.0,0.0,0.0,0,0,0,0,0,0,0,0
TF,LATRA,48.083333,2.516667,0, ,0.0,0.0,0.0,0.0,0,0,0,1,280,0,0,0

SID,LATR5M,09,5
CF,PB090,48.969111,2.520389,0,BT,96.4,2.6,84.0,3.0,0,0,0,0,0,0,0,1
TF,PB093,48.951222,2.782028,0, ,0.0,0.0,0.0,0.0,0,0,0,0,0,0,0,1
DF,PB094,48.942139,2.905306,0, ,0.0,0.0,0,0,0,0,0,0,0,1
DF,PG102,48.720722,2.590194,2, ,0.0,0.0,0,0,0,0,0,0,0,0
TF,LAPAX,48.498528,2.392417,0, ,0.0,0.0,0.0,0.0,0,0,0,0,0,0,0,0
TF,LALUX,48.286389,2.408889,0, ,0.0,0.0,0.0,0.0,0,0,0,0,0,0,0,0
TF,LATRA,48.083333,2.516667,0, ,0.0,0.0,0.0,0.0,0,0,0,1,280,0,0,0

SID,LATR5P,21,5
CA,0,204.0,2,550,0,0,0,0,0,0
DF,PB253,48.917833,2.262056,0, ,0.0,0.0,0,0,0,1,205,0,0,1
DF,PB256,48.910861,2.121472,0, ,0.0,0.0,0,0,0,0,0,0,0,1
DF,DEROL,48.677611,2.115583,1, ,0.0,0.0,0,0,0,0,0,0,0,0
TF,LALUX,48.286389,2.408889,0, ,0.0,0.0,0.0,0.0,0,0,0,0,0,0,0,0
TF,LATRA,48.083333,2.516667,0, ,0.0,0.0,0.0,0.0,0,0,0,1,280,0,0,0

SID,LATR5Q,07,4
CA,0,67.0,2,620,0,0,0,0,0,0
CF,PB093,48.951222,2.782028,0,BT,95.1,13.0,95.0,12.0,0,0,0,0,0,0,0,1

SID,LATR5Q,21,4
CA,0,204.0,2,550,0,0,0,0,0,0
DF,PB093,48.951222,2.782028,1, ,0.0,0.0,0,0,0,1,205,0,0,1

SID,LATR5Q,ALL,5
IF,PB093,48.951222,2.782028, ,0.0,0.0,0,0,0,0,0,0,0,0
DF,PB094,48.942139,2.905306,0, ,0.0,0.0,0,0,0,0,0,0,0,1
DF,PG102,48.720722,2.590194,2, ,0.0,0.0,0,0,0,0,0,0,0,0
TF,LAPAX,48.498528,2.392417,0, ,0.0,0.0,0.0,0.0,0,0,0,0,0,0,0,0
TF,LALUX,48.286389,2.408889,0, ,0.0,0.0,0.0,0.0,0,0,0,0,0,0,0,0
TF,LATRA,48.083333,2.516667,0, ,0.0,0.0,0.0,0.0,0,0,0,1,280,0,0,0

SID,LGL5C,25,5
CA,0,247.0,2,620,0,0,0,0,0,0
CF,PB253,48.917833,2.262056,0,BT,245.0,8.4,245.0,7.0,0,0,0,0,0,0,0,1
DF,PG286,48.958306,1.892583,0, ,0.0,0.0,0,0,0,0,0,0,0,0
TF,LESGA,48.888306,0.804944,0, ,0.0,0.0,0.0,0.0,0,0,0,0,0,0,0,0
TF,LGL,48.790611,0.530278,0, ,0.0,0.0,0.0,0.0,0,0,0,0,0,0,0,0

SID,LGL5F,25,5
CA,0,247.0,2,620,0,0,0,0,0,0
CF,PB253,48.917833,2.262056,0,BT,245.0,8.4,245.0,7.0,0,0,0,0,0,0,0,1
DF,PG286,48.958306,1.892583,0, ,0.0,0.0,0,0,0,0,0,0,0,0
TF,LESGA,48.888306,0.804944,0, ,0.0,0.0,0.0,0.0,0,0,0,0,0,0,0,0
TF,LGL,48.790611,0.530278,0, ,0.0,0.0,0.0,0.0,0,0,0,0,0,0,0,0

SID,LGL5J,09,5
CF,PB090,48.969111,2.520389,0,BT,96.4,2.6,84.0,3.0,0,0,0,0,0,0,0,1
TF,PB093,48.951222,2.782028,0, ,0.0,0.0,0.0,0.0,0,0,0,0,0,0,0,1
DF,KELUD,48.801056,2.394472,2, ,0.0,0.0,0,0,0,0,0,0,0,0
TF,LGL,48.790611,0.530278,0, ,0.0,0.0,0.0,0.0,0,0,0,0,0,0,0,0

SID,LGL5M,09,5
CF,PB090,48.969111,2.520389,0,BT,96.4,2.6,84.0,3.0,0,0,0,0,0,0,0,1
TF,PB093,48.951222,2.782028,0, ,0.0,0.0,0.0,0.0,0,0,0,0,0,0,0,1
DF,KELUD,48.801056,2.394472,2, ,0.0,0.0,0,0,0,0,0,0,0,0
TF,LGL,48.790611,0.530278,0, ,0.0,0.0,0.0,0.0,0,0,0,0,0,0,0,0

SID,LGL5P,21,5
CA,0,204.0,2,550,0,0,0,0,0,0
DF,PB253,48.917833,2.262056,0, ,0.0,0.0,0,0,0,1,205,0,0,1
DF,PG286,48.958306,1.892583,0, ,0.0,0.0,0,0,0,0,0,0,0,0
TF,LESGA,48.888306,0.804944,0, ,0.0,0.0,0.0,0.0,0,0,0,0,0,0,0,0
TF,LGL,48.790611,0.530278,0, ,0.0,0.0,0.0,0.0,0,0,0,0,0,0,0,0

SID,LGL5Q,07,4
CA,0,67.0,2,620,0,0,0,0,0,0
CF,PB093,48.951222,2.782028,0,BT,95.1,13.0,95.0,12.0,0,0,0,0,0,0,0,1
DF,KELUD,48.801056,2.394472,2, ,0.0,0.0,0,0,0,0,0,0,0,0

SID,LGL5Q,21,4
CA,0,204.0,2,550,0,0,0,0,0,0
DF,PB093,48.951222,2.782028,1, ,0.0,0.0,0,0,0,1,205,0,0,1
DF,KELUD,48.801056,2.394472,2, ,0.0,0.0,0,0,0,0,0,0,0,0

SID,LGL5Q,ALL,5
IF,KELUD,48.801056,2.394472, ,0.0,0.0,0,0,0,0,0,0,0,0
TF,LGL,48.790611,0.530278,0, ,0.0,0.0,0.0,0.0,0,0,0,0,0,0,0,0

SID,MONO5C,25,2
CA,0,247.0,2,620,0,0,0,0,0,0
CF,PB253,48.917833,2.262056,0,BT,245.0,8.4,245.0,7.0,0,0,0,0,0,0,0,1
FD,PB253,48.917833,2.262056,0,BT,245.0,12.0,245.0,12.0,0,0,0,0,0,0,0,0
CF,OXCEL,48.730139,2.389778,1,BT,189.0,14.9,123.0,11.0,0,0,0,0,0,0,0,0

SID,MONO5F,25,2
CA,0,247.0,2,620,0,0,0,0,0,0
CF,PB253,48.917833,2.262056,0,BT,245.0,8.4,245.0,7.0,0,0,0,0,0,0,0,1
FD,PB253,48.917833,2.262056,0,BT,245.0,12.0,245.0,12.0,0,0,0,0,0,0,0,0
CF,OXCEL,48.730139,2.389778,1,BT,189.0,14.9,123.0,11.0,0,0,0,0,0,0,0,0

SID,MONO5M,07,1
CA,0,67.0,2,620,0,0,0,0,0,0
CF,PB093,48.951222,2.782028,0,BT,95.1,13.0,95.0,12.0,0,0,0,0,0,0,0,1

SID,MONO5M,09,1
CD, ,0,0,0,BT,0,0.0,84.0,2.6,0,0,0,0,0,0,0,0
CF,PB093,48.951222,2.782028,0,BT,95.1,13.0,95.0,10.0,0,0,0,0,0,0,0,1

SID,MONO5M,ALL,2
IF,PB093,48.951222,2.782028, ,0.0,0.0,0,0,0,0,0,0,0,0
CF,D073N,48.819222,2.451056,2,RBT,60.2,20.7,253.0,15.0,0,0,0,0,0,0,0,1
CF,OXCEL,48.730139,2.389778,0,RBT,72.6,16.4,190.0,4.0,0,0,0,0,0,0,0,0

SID,NURM5C,25,5
CA,0,247.0,2,620,0,0,0,0,0,0
CF,PB250,48.937333,2.328139,0,BT,245.0,5.5,245.0,3.0,0,0,0,0,0,0,0,1
CF,PB254,48.983333,2.202472,0,BT,272.1,10.0,315.0,5.0,0,0,0,0,0,0,0,1
DF,NURMO,49.826111,2.755278,0, ,0.0,0.0,0,0,0,0,0,0,0,0

SID,NURM5F,25,5
CA,0,247.0,2,620,0,0,0,0,0,0
CF,PB250,48.937333,2.328139,0,BT,245.0,5.5,245.0,3.0,0,0,0,0,0,0,0,1
CF,PB254,48.983333,2.202472,0,BT,272.1,10.0,315.0,5.0,0,0,0,0,0,0,0,1
DF,NURMO,49.826111,2.755278,0, ,0.0,0.0,0,0,0,0,0,0,0,0

SID,NURM5J,09,5
CF,PB090,48.969111,2.520389,0,BT,96.4,2.6,84.0,3.0,0,0,0,0,0,0,0,1
TF,PB093,48.951222,2.782028,0, ,0.0,0.0,0.0,0.0,0,0,0,0,0,0,0,1
DF,PB094,48.942139,2.905306,0, ,0.0,0.0,0,0,0,0,0,0,0,1
DF,PB096,49.137000,2.937806,1, ,0.0,0.0,0,0,0,0,0,0,0,0
TF,NURMO,49.826111,2.755278,0, ,0.0,0.0,0.0,0.0,0,0,0,0,0,0,0,0

SID,NURM5M,09,5
CF,PB090,48.969111,2.520389,0,BT,96.4,2.6,84.0,3.0,0,0,0,0,0,0,0,1
TF,PB093,48.951222,2.782028,0, ,0.0,0.0,0.0,0.0,0,0,0,0,0,0,0,1
DF,PB094,48.942139,2.905306,0, ,0.0,0.0,0,0,0,0,0,0,0,1
DF,PB096,49.137000,2.937806,1, ,0.0,0.0,0,0,0,0,0,0,0,0
TF,NURMO,49.826111,2.755278,0, ,0.0,0.0,0.0,0.0,0,0,0,0,0,0,0,0

SID,NURM5P,21,5
CA,0,204.0,2,550,0,0,0,0,0,0
DF,PB252,48.925389,2.287639,0, ,0.0,0.0,0,0,0,1,205,0,0,1
DF,PB254,48.983333,2.202472,0, ,0.0,0.0,0,0,0,0,0,0,0,1
DF,NURMO,49.826111,2.755278,0, ,0.0,0.0,0,0,0,0,0,0,0,0

SID,NURM5Q,07,4
CA,0,67.0,2,620,0,0,0,0,0,0
CF,PB093,48.951222,2.782028,0,BT,95.1,13.0,95.0,12.0,0,0,0,0,0,0,0,1

SID,NURM5Q,21,4
CA,0,204.0,2,550,0,0,0,0,0,0
DF,PB093,48.951222,2.782028,1, ,0.0,0.0,0,0,0,1,205,0,0,1

SID,NURM5Q,ALL,5
IF,PB093,48.951222,2.782028, ,0.0,0.0,0,0,0,0,0,0,0,0
DF,PB094,48.942139,2.905306,0, ,0.0,0.0,0,0,0,0,0,0,0,1
DF,PB096,49.137000,2.937806,1, ,0.0,0.0,0,0,0,0,0,0,0,0
TF,NURMO,49.826111,2.755278,0, ,0.0,0.0,0.0,0.0,0,0,0,0,0,0,0,0

SID,OKAS5C,25,5
CA,0,247.0,2,620,0,0,0,0,0,0
CF,PB253,48.917833,2.262056,0,BT,245.0,8.4,245.0,6.0,0,0,0,0,0,0,0,1
DF,PB256,48.910861,2.121472,0, ,0.0,0.0,0,0,0,0,0,0,0,1
DF,DOPAP,48.702167,2.242972,1, ,0.0,0.0,0,0,0,0,0,0,0,0
TF,ODEBU,48.281111,2.626111,0, ,0.0,0.0,0.0,0.0,0,0,0,0,0,0,0,0
TF,OKASI,48.083333,2.777778,0, ,0.0,0.0,0.0,0.0,0,0,0,1,280,0,0,0

SID,OKAS5F,25,5
CA,0,247.0,2,620,0,0,0,0,0,0
CF,PB253,48.917833,2.262056,0,BT,245.0,8.4,245.0,6.0,0,0,0,0,0,0,0,1
DF,PB256,48.910861,2.121472,0, ,0.0,0.0,0,0,0,0,0,0,0,1
DF,DOPAP,48.702167,2.242972,1, ,0.0,0.0,0,0,0,0,0,0,0,0
TF,ODEBU,48.281111,2.626111,0, ,0.0,0.0,0.0,0.0,0,0,0,0,0,0,0,0
TF,OKASI,48.083333,2.777778,0, ,0.0,0.0,0.0,0.0,0,0,0,1,280,0,0,0

SID,OKAS5J,09,5
CF,PB090,48.969111,2.520389,0,BT,96.4,2.6,84.0,3.0,0,0,0,0,0,0,0,1
TF,PB093,48.951222,2.782028,0, ,0.0,0.0,0.0,0.0,0,0,0,0,0,0,0,1
DF,PB094,48.942139,2.905306,0, ,0.0,0.0,0,0,0,0,0,0,0,1
DF,OSTIP,48.489500,2.610972,2, ,0.0,0.0,0,0,0,0,0,0,0,0
TF,ODEBU,48.281111,2.626111,0, ,0.0,0.0,0.0,0.0,0,0,0,0,0,0,0,0
TF,OKASI,48.083333,2.777778,0, ,0.0,0.0,0.0,0.0,0,0,0,1,280,0,0,0

SID,OKAS5M,09,5
CF,PB090,48.969111,2.520389,0,BT,96.4,2.6,84.0,3.0,0,0,0,0,0,0,0,1
TF,PB093,48.951222,2.782028,0, ,0.0,0.0,0.0,0.0,0,0,0,0,0,0,0,1
DF,PB094,48.942139,2.905306,0, ,0.0,0.0,0,0,0,0,0,0,0,1
DF,OSTIP,48.489500,2.610972,2, ,0.0,0.0,0,0,0,0,0,0,0,0
TF,ODEBU,48.281111,2.626111,0, ,0.0,0.0,0.0,0.0,0,0,0,0,0,0,0,0
TF,OKASI,48.083333,2.777778,0, ,0.0,0.0,0.0,0.0,0,0,0,1,280,0,0,0

SID,OKAS5P,21,5
CA,0,204.0,2,550,0,0,0,0,0,0
DF,PB253,48.917833,2.262056,0, ,0.0,0.0,0,0,0,1,205,0,0,1
DF,PB256,48.910861,2.121472,0, ,0.0,0.0,0,0,0,0,0,0,0,1
DF,DOPAP,48.702167,2.242972,1, ,0.0,0.0,0,0,0,0,0,0,0,0
TF,ODEBU,48.281111,2.626111,0, ,0.0,0.0,0.0,0.0,0,0,0,0,0,0,0,0
TF,OKASI,48.083333,2.777778,0, ,0.0,0.0,0.0,0.0,0,0,0,1,280,0,0,0

SID,OKAS5Q,07,4
CA,0,67.0,2,620,0,0,0,0,0,0
CF,PB093,48.951222,2.782028,0,BT,95.1,13.0,95.0,12.0,0,0,0,0,0,0,0,1

SID,OKAS5Q,21,4
CA,0,204.0,2,550,0,0,0,0,0,0
DF,PB093,48.951222,2.782028,1, ,0.0,0.0,0,0,0,1,205,0,0,1

SID,OKAS5Q,ALL,5
IF,PB093,48.951222,2.782028, ,0.0,0.0,0,0,0,0,0,0,0,0
DF,PB094,48.942139,2.905306,0, ,0.0,0.0,0,0,0,0,0,0,0,1
DF,OSTIP,48.489500,2.610972,2, ,0.0,0.0,0,0,0,0,0,0,0,0
TF,ODEBU,48.281111,2.626111,0, ,0.0,0.0,0.0,0.0,0,0,0,0,0,0,0,0
TF,OKASI,48.083333,2.777778,0, ,0.0,0.0,0.0,0.0,0,0,0,1,280,0,0,0

SID,OPAL5C,25,5
CA,0,247.0,2,620,0,0,0,0,0,0
CF,PB250,48.937333,2.328139,0,BT,245.0,5.5,245.0,3.0,0,0,0,0,0,0,0,1
CF,PB254,48.983333,2.202472,0,BT,272.1,10.0,315.0,5.0,0,0,0,0,0,0,0,1
DF,BOV,49.436361,2.153194,0, ,0.0,0.0,0,0,0,0,0,0,0,0
TF,OPALE,49.899750,1.885083,0, ,0.0,0.0,0.0,0.0,0,0,0,0,0,0,0,0

SID,OPAL5F,25,5
CA,0,247.0,2,620,0,0,0,0,0,0
CF,PB250,48.937333,2.328139,0,BT,245.0,5.5,245.0,3.0,0,0,0,0,0,0,0,1
CF,PB254,48.983333,2.202472,0,BT,272.1,10.0,315.0,5.0,0,0,0,0,0,0,0,1
DF,BOV,49.436361,2.153194,0, ,0.0,0.0,0,0,0,0,0,0,0,0
TF,OPALE,49.899750,1.885083,0, ,0.0,0.0,0.0,0.0,0,0,0,0,0,0,0,0

SID,OPAL5J,09,5
CF,PB090,48.969111,2.520389,0,BT,96.4,2.6,84.0,3.0,0,0,0,0,0,0,0,1
TF,PB093,48.951222,2.782028,0, ,0.0,0.0,0.0,0.0,0,0,0,0,0,0,0,1
DF,PB094,48.942139,2.905306,0, ,0.0,0.0,0,0,0,0,0,0,0,1
DF,PB096,49.137000,2.937806,1, ,0.0,0.0,0,0,0,0,0,0,0,0
TF,OPALE,49.899750,1.885083,0, ,0.0,0.0,0.0,0.0,0,0,0,0,0,0,0,0

SID,OPAL5M,09,5
CF,PB090,48.969111,2.520389,0,BT,96.4,2.6,84.0,3.0,0,0,0,0,0,0,0,1
TF,PB093,48.951222,2.782028,0, ,0.0,0.0,0.0,0.0,0,0,0,0,0,0,0,1
DF,PB094,48.942139,2.905306,0, ,0.0,0.0,0,0,0,0,0,0,0,1
DF,PB096,49.137000,2.937806,1, ,0.0,0.0,0,0,0,0,0,0,0,0
TF,OPALE,49.899750,1.885083,0, ,0.0,0.0,0.0,0.0,0,0,0,0,0,0,0,0

SID,OPAL5P,21,5
CA,0,204.0,2,550,0,0,0,0,0,0
DF,PB252,48.925389,2.287639,0, ,0.0,0.0,0,0,0,1,205,0,0,1
DF,PB254,48.983333,2.202472,0, ,0.0,0.0,0,0,0,0,0,0,0,1
DF,BOV,49.436361,2.153194,0, ,0.0,0.0,0,0,0,0,0,0,0,0
TF,OPALE,49.899750,1.885083,0, ,0.0,0.0,0.0,0.0,0,0,0,0,0,0,0,0

SID,OPAL5Q,07,4
CA,0,67.0,2,620,0,0,0,0,0,0
CF,PB093,48.951222,2.782028,0,BT,95.1,13.0,95.0,12.0,0,0,0,0,0,0,0,1

SID,OPAL5Q,21,4
CA,0,204.0,2,550,0,0,0,0,0,0
DF,PB093,48.951222,2.782028,1, ,0.0,0.0,0,0,0,1,205,0,0,1

SID,OPAL5Q,ALL,5
IF,PB093,48.951222,2.782028, ,0.0,0.0,0,0,0,0,0,0,0,0
DF,PB094,48.942139,2.905306,0, ,0.0,0.0,0,0,0,0,0,0,0,1
DF,PB096,49.137000,2.937806,1, ,0.0,0.0,0,0,0,0,0,0,0,0
TF,OPALE,49.899750,1.885083,0, ,0.0,0.0,0.0,0.0,0,0,0,0,0,0,0,0

SID,PILU5C,25,5
CA,0,247.0,2,620,0,0,0,0,0,0
CF,PB253,48.917833,2.262056,0,BT,245.0,8.4,245.0,6.0,0,0,0,0,0,0,0,1
DF,PB256,48.910861,2.121472,0, ,0.0,0.0,0,0,0,0,0,0,0,1
DF,OXCEL,48.730139,2.389778,1, ,0.0,0.0,0,0,0,0,0,0,0,0
TF,PEKIM,48.275833,2.825556,0, ,0.0,0.0,0.0,0.0,0,0,0,0,0,0,0,0
TF,PILUL,48.083333,3.048056,0, ,0.0,0.0,0.0,0.0,0,0,0,1,280,0,0,0

SID,PILU5F,25,5
CA,0,247.0,2,620,0,0,0,0,0,0
CF,PB253,48.917833,2.262056,0,BT,245.0,8.4,245.0,6.0,0,0,0,0,0,0,0,1
DF,PB256,48.910861,2.121472,0, ,0.0,0.0,0,0,0,0,0,0,0,1
DF,OXCEL,48.730139,2.389778,1, ,0.0,0.0,0,0,0,0,0,0,0,0
TF,PEKIM,48.275833,2.825556,0, ,0.0,0.0,0.0,0.0,0,0,0,0,0,0,0,0
TF,PILUL,48.083333,3.048056,0, ,0.0,0.0,0.0,0.0,0,0,0,1,280,0,0,0

SID,PILU5J,09,5
CF,PB090,48.969111,2.520389,0,BT,96.4,2.6,84.0,3.0,0,0,0,0,0,0,0,1
TF,PB093,48.951222,2.782028,0, ,0.0,0.0,0.0,0.0,0,0,0,0,0,0,0,1
DF,PB095,48.934333,3.009944,0, ,0.0,0.0,0,0,0,0,0,0,0,0
TF,CLM,48.844639,3.013861,0, ,0.0,0.0,0.0,0.0,0,0,0,0,0,0,0,0
TF,MLN,48.455778,2.813278,0, ,0.0,0.0,0.0,0.0,0,0,0,0,0,0,0,0
TF,PEKIM,48.275833,2.825556,0, ,0.0,0.0,0.0,0.0,0,0,0,0,0,0,0,0
TF,PILUL,48.083333,3.048056,0, ,0.0,0.0,0.0,0.0,0,0,0,1,280,0,0,0

SID,PILU5M,09,5
CF,PB090,48.969111,2.520389,0,BT,96.4,2.6,84.0,3.0,0,0,0,0,0,0,0,1
TF,PB093,48.951222,2.782028,0, ,0.0,0.0,0.0,0.0,0,0,0,0,0,0,0,1
DF,PB095,48.934333,3.009944,0, ,0.0,0.0,0,0,0,0,0,0,0,0
TF,CLM,48.844639,3.013861,0, ,0.0,0.0,0.0,0.0,0,0,0,0,0,0,0,0
TF,MLN,48.455778,2.813278,0, ,0.0,0.0,0.0,0.0,0,0,0,0,0,0,0,0
TF,PEKIM,48.275833,2.825556,0, ,0.0,0.0,0.0,0.0,0,0,0,0,0,0,0,0
TF,PILUL,48.083333,3.048056,0, ,0.0,0.0,0.0,0.0,0,0,0,1,280,0,0,0

SID,PILU5P,21,5
CA,0,204.0,2,550,0,0,0,0,0,0
DF,PB253,48.917833,2.262056,0, ,0.0,0.0,0,0,0,1,205,0,0,1
DF,PB256,48.910861,2.121472,0, ,0.0,0.0,0,0,0,0,0,0,0,1
DF,OXCEL,48.730139,2.389778,1, ,0.0,0.0,0,0,0,0,0,0,0,0
TF,PEKIM,48.275833,2.825556,0, ,0.0,0.0,0.0,0.0,0,0,0,0,0,0,0,0
TF,PILUL,48.083333,3.048056,0, ,0.0,0.0,0.0,0.0,0,0,0,1,280,0,0,0

SID,PILU5Q,07,4
CA,0,67.0,2,620,0,0,0,0,0,0
CF,PB093,48.951222,2.782028,0,BT,95.1,13.0,95.0,12.0,0,0,0,0,0,0,0,1

SID,PILU5Q,21,4
CA,0,204.0,2,550,0,0,0,0,0,0
DF,PB093,48.951222,2.782028,1, ,0.0,0.0,0,0,0,1,205,0,0,1

SID,PILU5Q,ALL,5
IF,PB093,48.951222,2.782028, ,0.0,0.0,0,0,0,0,0,0,0,0
DF,PB095,48.934333,3.009944,0, ,0.0,0.0,0,0,0,0,0,0,0,0
TF,CLM,48.844639,3.013861,0, ,0.0,0.0,0.0,0.0,0,0,0,0,0,0,0,0
TF,MLN,48.455778,2.813278,0, ,0.0,0.0,0.0,0.0,0,0,0,0,0,0,0,0
TF,PEKIM,48.275833,2.825556,0, ,0.0,0.0,0.0,0.0,0,0,0,0,0,0,0,0
TF,PILUL,48.083333,3.048056,0, ,0.0,0.0,0.0,0.0,0,0,0,1,280,0,0,0

SID,PN5C,25,1
CA,0,247.0,2,620,0,0,0,0,0,0
CF,D245J,48.904653,2.217458,0,BT,245.0,10.3,245.0,8.0,0,0,0,0,0,0,0,1
CF,D221M,48.808839,2.229406,0,BT,221.0,13.4,155.0,5.0,0,0,0,0,0,0,0,1
CF,D168H,48.842111,2.494200,0,BT,168.0,8.1,70.0,10.0,0,0,0,0,0,0,0,1
CI,2, ,0.0,281.0,0,0,0,0,0,0,0,0
CF,TSU,48.753722,2.102361,0,BT,225.6,19.3,250.0,10.0,0,0,0,0,0,0,0,0

SID,PN5J,07,1
CA,0,67.0,2,620,0,0,0,0,0,0
CF,D095M,48.952297,2.772031,0,BT,95.0,12.6,95.0,12.0,0,0,0,0,0,0,0,0

SID,PN5J,09,1
CD, ,0,0,0,BT,0,0.0,84.0,2.6,0,0,0,0,0,0,0,0
CF,D095M,48.952297,2.772031,0,BT,95.0,12.6,95.0,10.0,0,0,0,0,0,0,0,0

SID,PN5J,ALL,2
IF,D095M,48.952297,2.772031, ,0.0,0.0,0,0,0,0,0,0,0,0
CF,D360Q,48.737194,2.820703,0,MLN,360.0,16.9,180.0,12.0,0,0,0,0,0,0,0,1
CF,CLM37,48.416978,2.351539,0,CLM,225.0,36.8,225.0,26.0,0,0,0,0,0,0,0,1
CI,0, ,0.0,269.0,0,0,0,0,0,0,0,0
CF,D116G,48.576456,1.801914,0,EPR,116.0,6.5,296.0,23.0,0,0,0,0,0,0,0,0
CR,0,TSU,241.0,25.0,0,0,0,0,0,0,0,0
CF,TSU,48.753722,2.102361,0,BT,225.6,19.3,63.0,10.0,0,0,0,0,0,0,0,0

SID,PN5M,07,1
CA,0,67.0,2,620,0,0,0,0,0,0
CF,D095K,48.955544,2.726781,0,BT,95.0,10.8,95.0,10.0,0,0,0,0,0,0,0,1
CF,TSU,48.753722,2.102361,2,BT,225.6,19.3,250.0,27.0,0,0,0,0,0,0,0,0

SID,PN5M,09,1
CD, ,0,0,0,BT,0,0.0,84.0,2.6,0,0,0,0,0,0,0,0
CF,D095K,48.955544,2.726781,0,BT,95.0,10.8,95.0,8.0,0,0,0,0,0,0,0,1
CF,TSU,48.753722,2.102361,2,BT,225.6,19.3,250.0,27.0,0,0,0,0,0,0,0,0

SID,PV5C,25,1
CA,0,247.0,2,620,0,0,0,0,0,0
CF,D245J,48.904653,2.217458,0,BT,245.0,10.3,245.0,8.0,0,0,0,0,0,0,0,1
CF,D221M,48.808839,2.229406,0,BT,221.0,13.4,155.0,5.0,0,0,0,0,0,0,0,1
CF,D168H,48.842111,2.494200,0,BT,168.0,8.1,70.0,10.0,0,0,0,0,0,0,0,1
VM,0,0,2,267.0,0,0,0,0,0,0,0,0

SID,PV5J,07,1
CA,0,67.0,2,620,0,0,0,0,0,0
CF,D095M,48.952297,2.772031,0,BT,95.0,12.6,95.0,12.0,0,0,0,0,0,0,0,0

SID,PV5J,09,1
CD, ,0,0,0,BT,0,0.0,84.0,2.6,0,0,0,0,0,0,0,0
CF,D095M,48.952297,2.772031,0,BT,95.0,12.6,95.0,10.0,0,0,0,0,0,0,0,0

SID,PV5J,ALL,2
IF,D095M,48.952297,2.772031, ,0.0,0.0,0,0,0,0,0,0,0,0
CF,D360Q,48.737194,2.820703,0,MLN,360.0,16.9,180.0,12.0,0,0,0,0,0,0,0,1
CF,CLM37,48.416978,2.351539,0,CLM,225.0,36.8,225.0,26.0,0,0,0,0,0,0,0,1
CI,0, ,0.0,269.0,0,0,0,0,0,0,0,0
CF,D116G,48.576456,1.801914,0,EPR,116.0,6.5,296.0,23.0,0,0,0,0,0,0,0,0
CR,0,TSU,268.0,25.0,0,0,0,0,0,0,0,0
VM,0,0,0,87.0,0,0,0,0,0,0,0,0

SID,RANU5C,25,5
CA,0,247.0,2,620,0,0,0,0,0,0
CF,PB253,48.917833,2.262056,0,BT,245.0,8.4,245.0,6.0,0,0,0,0,0,0,0,1
DF,PB256,48.910861,2.121472,0, ,0.0,0.0,0,0,0,0,0,0,0,1
DF,PIVER,48.795944,2.267528,1, ,0.0,0.0,0,0,0,0,0,0,0,0
TF,CLM,48.844639,3.013861,0, ,0.0,0.0,0.0,0.0,0,0,0,0,0,0,0,0
TF,NEPAR,49.086111,3.550833,0, ,0.0,0.0,0.0,0.0,0,0,0,0,0,0,0,0
TF,RANUX,49.138778,4.361528,0, ,0.0,0.0,0.0,0.0,0,0,0,0,0,0,0,0

SID,RANU5F,25,5
CA,0,247.0,2,620,0,0,0,0,0,0
CF,PB253,48.917833,2.262056,0,BT,245.0,8.4,245.0,6.0,0,0,0,0,0,0,0,1
DF,PB256,48.910861,2.121472,0, ,0.0,0.0,0,0,0,0,0,0,0,1
DF,PIVER,48.795944,2.267528,1, ,0.0,0.0,0,0,0,0,0,0,0,0
TF,CLM,48.844639,3.013861,0, ,0.0,0.0,0.0,0.0,0,0,0,0,0,0,0,0
TF,NEPAR,49.086111,3.550833,0, ,0.0,0.0,0.0,0.0,0,0,0,0,0,0,0,0
TF,RANUX,49.138778,4.361528,0, ,0.0,0.0,0.0,0.0,0,0,0,0,0,0,0,0

SID,RANU5J,09,5
CF,PB090,48.969111,2.520389,0,BT,96.4,2.6,84.0,3.0,0,0,0,0,0,0,0,1
TF,PB093,48.951222,2.782028,0, ,0.0,0.0,0.0,0.0,0,0,0,0,0,0,0,1
DF,PB094,48.942139,2.905306,0, ,0.0,0.0,0,0,0,0,0,0,0,1
DF,NEPAR,49.086111,3.550833,0, ,0.0,0.0,0,0,0,0,0,0,0,0
TF,RANUX,49.138778,4.361528,0, ,0.0,0.0,0.0,0.0,0,0,0,0,0,0,0,0

SID,RANU5M,09,5
CF,PB090,48.969111,2.520389,0,BT,96.4,2.6,84.0,3.0,0,0,0,0,0,0,0,1
TF,PB093,48.951222,2.782028,0, ,0.0,0.0,0.0,0.0,0,0,0,0,0,0,0,1
DF,PB094,48.942139,2.905306,0, ,0.0,0.0,0,0,0,0,0,0,0,1
DF,NEPAR,49.086111,3.550833,0, ,0.0,0.0,0,0,0,0,0,0,0,0
TF,RANUX,49.138778,4.361528,0, ,0.0,0.0,0.0,0.0,0,0,0,0,0,0,0,0

SID,RANU5P,21,5
CA,0,204.0,2,550,0,0,0,0,0,0
DF,PB253,48.917833,2.262056,0, ,0.0,0.0,0,0,0,1,205,0,0,1
DF,PB256,48.910861,2.121472,0, ,0.0,0.0,0,0,0,0,0,0,0,1
DF,PIVER,48.795944,2.267528,1, ,0.0,0.0,0,0,0,0,0,0,0,0
TF,CLM,48.844639,3.013861,0, ,0.0,0.0,0.0,0.0,0,0,0,0,0,0,0,0
TF,NEPAR,49.086111,3.550833,0, ,0.0,0.0,0.0,0.0,0,0,0,0,0,0,0,0
TF,RANUX,49.138778,4.361528,0, ,0.0,0.0,0.0,0.0,0,0,0,0,0,0,0,0

SID,RANU5Q,07,4
CA,0,67.0,2,620,0,0,0,0,0,0
CF,PB093,48.951222,2.782028,0,BT,95.1,13.0,95.0,12.0,0,0,0,0,0,0,0,1

SID,RANU5Q,21,4
CA,0,204.0,2,550,0,0,0,0,0,0
DF,PB093,48.951222,2.782028,1, ,0.0,0.0,0,0,0,1,205,0,0,1

SID,RANU5Q,ALL,5
IF,PB093,48.951222,2.782028, ,0.0,0.0,0,0,0,0,0,0,0,0
DF,PB094,48.942139,2.905306,0, ,0.0,0.0,0,0,0,0,0,0,0,1
DF,NEPAR,49.086111,3.550833,0, ,0.0,0.0,0,0,0,0,0,0,0,0
TF,RANUX,49.138778,4.361528,0, ,0.0,0.0,0.0,0.0,0,0,0,0,0,0,0,0

STAR,DJL9E,07,5
IF,DJL,47.270778,5.097333, ,0.0,0.0,0,0,0,0,0,0,0,0
TF,AKONO,47.715639,4.589500,0, ,0.0,0.0,0.0,0.0,3,26000,0,1,280,0,0,0
TF,BOLLY,48.091944,4.151111,0, ,0.0,0.0,0.0,0.0,0,0,0,0,0,0,0,0
TF,TRO,48.251222,3.963139,0, ,0.0,0.0,0.0,0.0,1,15000,0,1,250,0,0,0
TF,EPURI,48.457111,3.637583,0, ,0.0,0.0,0.0,0.0,1,9000,0,0,0,0,0,0
TF,OKABO,48.549389,3.490389,0, ,0.0,0.0,0.0,0.0,1,7000,0,0,0,0,0,0

STAR,DJL9W,ALL,5
IF,DJL,47.270778,5.097333, ,0.0,0.0,0,0,0,0,0,0,0,0

STAR,DJL9W,25,6
IF,DJL,47.270778,5.097333, ,0.0,0.0,0,0,0,0,0,0,0,0
TF,AKONO,47.715639,4.589500,0, ,0.0,0.0,0.0,0.0,3,26000,0,1,280,0,0,0
TF,BOLLY,48.091944,4.151111,0, ,0.0,0.0,0.0,0.0,0,0,0,0,0,0,0,0
TF,TRO,48.251222,3.963139,0, ,0.0,0.0,0.0,0.0,1,13000,0,1,250,0,0,0
TF,EPURI,48.457111,3.637583,0, ,0.0,0.0,0.0,0.0,1,8000,0,0,0,0,0,0
TF,OKABO,48.549389,3.490389,0, ,0.0,0.0,0.0,0.0,1,7000,0,0,0,0,0,0

STAR,DJL9W,27,6
IF,DJL,47.270778,5.097333, ,0.0,0.0,0,0,0,0,0,0,0,0
TF,AKONO,47.715639,4.589500,0, ,0.0,0.0,0.0,0.0,3,26000,0,1,280,0,0,0
TF,BOLLY,48.091944,4.151111,0, ,0.0,0.0,0.0,0.0,0,0,0,0,0,0,0,0
TF,TRO,48.251222,3.963139,0, ,0.0,0.0,0.0,0.0,1,13000,0,1,250,0,0,0
TF,EPURI,48.457111,3.637583,0, ,0.0,0.0,0.0,0.0,1,8000,0,0,0,0,0,0
TF,OKABO,48.549389,3.490389,0, ,0.0,0.0,0.0,0.0,1,7000,0,0,0,0,0,0

STAR,EPL9E,07,5
IF,EPL,48.317833,6.059417, ,0.0,0.0,0,0,0,0,0,0,0,0
TF,LUVAL,48.293889,5.153611,0, ,0.0,0.0,0.0,0.0,0,0,0,0,0,0,0,0
TF,BOLLY,48.091944,4.151111,0, ,0.0,0.0,0.0,0.0,0,0,0,0,0,0,0,0
TF,TRO,48.251222,3.963139,0, ,0.0,0.0,0.0,0.0,1,15000,0,1,250,0,0,0
TF,EPURI,48.457111,3.637583,0, ,0.0,0.0,0.0,0.0,1,9000,0,0,0,0,0,0
TF,OKABO,48.549389,3.490389,0, ,0.0,0.0,0.0,0.0,1,7000,0,0,0,0,0,0

STAR,EPL9W,ALL,5
IF,EPL,48.317833,6.059417, ,0.0,0.0,0,0,0,0,0,0,0,0

STAR,EPL9W,25,6
IF,EPL,48.317833,6.059417, ,0.0,0.0,0,0,0,0,0,0,0,0
TF,LUVAL,48.293889,5.153611,0, ,0.0,0.0,0.0,0.0,0,0,0,0,0,0,0,0
TF,BOLLY,48.091944,4.151111,0, ,0.0,0.0,0.0,0.0,0,0,0,0,0,0,0,0
TF,TRO,48.251222,3.963139,0, ,0.0,0.0,0.0,0.0,1,13000,0,1,250,0,0,0
TF,EPURI,48.457111,3.637583,0, ,0.0,0.0,0.0,0.0,1,8000,0,0,0,0,0,0
TF,OKABO,48.549389,3.490389,0, ,0.0,0.0,0.0,0.0,1,7000,0,0,0,0,0,0

STAR,EPL9W,27,6
IF,EPL,48.317833,6.059417, ,0.0,0.0,0,0,0,0,0,0,0,0
TF,LUVAL,48.293889,5.153611,0, ,0.0,0.0,0.0,0.0,0,0,0,0,0,0,0,0
TF,BOLLY,48.091944,4.151111,0, ,0.0,0.0,0.0,0.0,0,0,0,0,0,0,0,0
TF,TRO,48.251222,3.963139,0, ,0.0,0.0,0.0,0.0,1,13000,0,1,250,0,0,0
TF,EPURI,48.457111,3.637583,0, ,0.0,0.0,0.0,0.0,1,8000,0,0,0,0,0,0
TF,OKABO,48.549389,3.490389,0, ,0.0,0.0,0.0,0.0,1,7000,0,0,0,0,0,0

STAR,KEPE9E,07,5
IF,KEPER,47.806111,0.273889, ,0.0,0.0,1,24000,0,0,0,0,0,0
TF,LUMAN,47.939444,0.413333,0, ,0.0,0.0,0.0,0.0,0,0,0,1,280,0,0,0
TF,ROMGO,48.346583,0.844111,0, ,0.0,0.0,0.0,0.0,0,0,0,0,0,0,0,0
TF,FF501,48.411944,1.032500,0, ,0.0,0.0,0.0,0.0,1,13000,0,0,0,0,0,0
TF,NERKI,48.513056,1.327139,0, ,0.0,0.0,0.0,0.0,1,10000,0,1,250,0,0,0
TF,BANOX,48.574194,1.505500,0, ,0.0,0.0,0.0,0.0,1,9000,0,0,0,0,0,0

STAR,KEPE9W,25,6
IF,KEPER,47.806111,0.273889, ,0.0,0.0,1,24000,0,0,0,0,0,0
TF,LUMAN,47.939444,0.413333,0, ,0.0,0.0,0.0,0.0,0,0,0,1,280,0,0,0
TF,ROMGO,48.346583,0.844111,0, ,0.0,0.0,0.0,0.0,0,0,0,0,0,0,0,0
TF,FF501,48.411944,1.032500,0, ,0.0,0.0,0.0,0.0,1,11000,0,0,0,0,0,0
TF,NERKI,48.513056,1.327139,0, ,0.0,0.0,0.0,0.0,1,9000,0,1,250,0,0,0
TF,BANOX,48.574194,1.505500,0, ,0.0,0.0,0.0,0.0,1,7000,0,0,0,0,0,0

STAR,KEPE9W,27,6
IF,KEPER,47.806111,0.273889, ,0.0,0.0,1,24000,0,0,0,0,0,0
TF,LUMAN,47.939444,0.413333,0, ,0.0,0.0,0.0,0.0,0,0,0,1,280,0,0,0
TF,ROMGO,48.346583,0.844111,0, ,0.0,0.0,0.0,0.0,0,0,0,0,0,0,0,0
TF,FF501,48.411944,1.032500,0, ,0.0,0.0,0.0,0.0,1,11000,0,0,0,0,0,0
TF,NERKI,48.513056,1.327139,0, ,0.0,0.0,0.0,0.0,1,9000,0,1,250,0,0,0
TF,BANOX,48.574194,1.505500,0, ,0.0,0.0,0.0,0.0,1,7000,0,0,0,0,0,0

STAR,KOVA9E,07,5
IF,KOVAK,47.993056,0.846667, ,0.0,0.0,0,0,0,1,280,0,0,0
TF,BENAR,48.253056,0.744444,0, ,0.0,0.0,0.0,0.0,0,0,0,0,0,0,0,0
TF,ROMGO,48.346583,0.844111,0, ,0.0,0.0,0.0,0.0,0,0,0,0,0,0,0,0
TF,FF501,48.411944,1.032500,0, ,0.0,0.0,0.0,0.0,1,13000,0,0,0,0,0,0
TF,NERKI,48.513056,1.327139,0, ,0.0,0.0,0.0,0.0,1,10000,0,1,250,0,0,0
TF,BANOX,48.574194,1.505500,0, ,0.0,0.0,0.0,0.0,1,9000,0,0,0,0,0,0

STAR,KOVA9W,25,6
IF,KOVAK,47.993056,0.846667, ,0.0,0.0,0,0,0,1,280,0,0,0
TF,BENAR,48.253056,0.744444,0, ,0.0,0.0,0.0,0.0,0,0,0,0,0,0,0,0
TF,ROMGO,48.346583,0.844111,0, ,0.0,0.0,0.0,0.0,0,0,0,0,0,0,0,0
TF,FF501,48.411944,1.032500,0, ,0.0,0.0,0.0,0.0,1,11000,0,0,0,0,0,0
TF,NERKI,48.513056,1.327139,0, ,0.0,0.0,0.0,0.0,1,9000,0,1,250,0,0,0
TF,BANOX,48.574194,1.505500,0, ,0.0,0.0,0.0,0.0,1,7000,0,0,0,0,0,0

STAR,KOVA9W,27,6
IF,KOVAK,47.993056,0.846667, ,0.0,0.0,0,0,0,1,280,0,0,0
TF,BENAR,48.253056,0.744444,0, ,0.0,0.0,0.0,0.0,0,0,0,0,0,0,0,0
TF,ROMGO,48.346583,0.844111,0, ,0.0,0.0,0.0,0.0,0,0,0,0,0,0,0,0
TF,FF501,48.411944,1.032500,0, ,0.0,0.0,0.0,0.0,1,11000,0,0,0,0,0,0
TF,NERKI,48.513056,1.327139,0, ,0.0,0.0,0.0,0.0,1,9000,0,1,250,0,0,0
TF,BANOX,48.574194,1.505500,0, ,0.0,0.0,0.0,0.0,1,7000,0,0,0,0,0,0

STAR,MATI9E,07,5
IF,MATIX,50.098333,3.914167, ,0.0,0.0,0,0,0,0,0,0,0,0
TF,GITAN,49.376944,4.034722,0, ,0.0,0.0,0.0,0.0,1,14000,0,1,300,0,0,0
TF,GIMER,49.365500,3.973833,0, ,0.0,0.0,0.0,0.0,0,0,0,0,0,0,0,0
TF,VEBEK,49.268611,3.683056,0, ,0.0,0.0,0.0,0.0,1,11000,0,1,300,0,0,0

STAR,MATI9W,ALL,5
IF,MATIX,50.098333,3.914167, ,0.0,0.0,0,0,0,0,0,0,0,0

STAR,MATI9W,25,6
IF,MATIX,50.098333,3.914167, ,0.0,0.0,0,0,0,0,0,0,0,0
TF,GITAN,49.376944,4.034722,0, ,0.0,0.0,0.0,0.0,1,14000,0,1,280,0,0,0
TF,GIMER,49.365500,3.973833,0, ,0.0,0.0,0.0,0.0,0,0,0,0,0,0,0,0
TF,VEBEK,49.268611,3.683056,0, ,0.0,0.0,0.0,0.0,1,11000,0,1,250,0,0,0

STAR,MATI9W,27,6
IF,MATIX,50.098333,3.914167, ,0.0,0.0,0,0,0,0,0,0,0,0
TF,GITAN,49.376944,4.034722,0, ,0.0,0.0,0.0,0.0,1,14000,0,1,280,0,0,0
TF,GIMER,49.365500,3.973833,0, ,0.0,0.0,0.0,0.0,0,0,0,0,0,0,0,0
TF,VEBEK,49.268611,3.683056,0, ,0.0,0.0,0.0,0.0,1,11000,0,1,250,0,0,0

STAR,MOPI9E,07,5
IF,MOPIL,50.147778,4.107778, ,0.0,0.0,3,26000,0,0,0,0,0,0
TF,SOTUS,49.380000,4.050278,0, ,0.0,0.0,0.0,0.0,1,14000,0,1,300,0,0,0
TF,GIMER,49.365500,3.973833,0, ,0.0,0.0,0.0,0.0,0,0,0,0,0,0,0,0
TF,VEBEK,49.268611,3.683056,0, ,0.0,0.0,0.0,0.0,1,11000,0,1,300,0,0,0

STAR,MOPI9W,ALL,5
IF,MOPIL,50.147778,4.107778, ,0.0,0.0,3,26000,0,0,0,0,0,0

STAR,MOPI9W,25,6
IF,MOPIL,50.147778,4.107778, ,0.0,0.0,3,26000,0,0,0,0,0,0
TF,SOTUS,49.380000,4.050278,0, ,0.0,0.0,0.0,0.0,1,14000,0,1,280,0,0,0
TF,GIMER,49.365500,3.973833,0, ,0.0,0.0,0.0,0.0,0,0,0,0,0,0,0,0
TF,VEBEK,49.268611,3.683056,0, ,0.0,0.0,0.0,0.0,1,11000,0,1,250,0,0,0

STAR,MOPI9W,27,6
IF,MOPIL,50.147778,4.107778, ,0.0,0.0,3,26000,0,0,0,0,0,0
TF,SOTUS,49.380000,4.050278,0, ,0.0,0.0,0.0,0.0,1,14000,0,1,280,0,0,0
TF,GIMER,49.365500,3.973833,0, ,0.0,0.0,0.0,0.0,0,0,0,0,0,0,0,0
TF,VEBEK,49.268611,3.683056,0, ,0.0,0.0,0.0,0.0,1,11000,0,1,250,0,0,0

STAR,MOU9E,07,5
IF,MOU,46.706778,3.631667, ,0.0,0.0,0,0,0,0,0,0,0,0
TF,TRO,48.251222,3.963139,0, ,0.0,0.0,0.0,0.0,1,15000,0,1,250,0,0,0
TF,EPURI,48.457111,3.637583,0, ,0.0,0.0,0.0,0.0,1,9000,0,0,0,0,0,0
TF,OKABO,48.549389,3.490389,0, ,0.0,0.0,0.0,0.0,1,7000,0,0,0,0,0,0

STAR,MOU9W,ALL,5
IF,MOU,46.706778,3.631667, ,0.0,0.0,0,0,0,0,0,0,0,0

STAR,MOU9W,25,6
IF,MOU,46.706778,3.631667, ,0.0,0.0,0,0,0,0,0,0,0,0
TF,TRO,48.251222,3.963139,0, ,0.0,0.0,0.0,0.0,1,13000,0,1,250,0,0,0
TF,EPURI,48.457111,3.637583,0, ,0.0,0.0,0.0,0.0,1,8000,0,0,0,0,0,0
TF,OKABO,48.549389,3.490389,0, ,0.0,0.0,0.0,0.0,1,7000,0,0,0,0,0,0

STAR,MOU9W,27,6
IF,MOU,46.706778,3.631667, ,0.0,0.0,0,0,0,0,0,0,0,0
TF,TRO,48.251222,3.963139,0, ,0.0,0.0,0.0,0.0,1,13000,0,1,250,0,0,0
TF,EPURI,48.457111,3.637583,0, ,0.0,0.0,0.0,0.0,1,8000,0,0,0,0,0,0
TF,OKABO,48.549389,3.490389,0, ,0.0,0.0,0.0,0.0,1,7000,0,0,0,0,0,0

STAR,PEXI9E,07,5
IF,PEXIR,49.202778,0.613333, ,0.0,0.0,3,13000,0,1,250,0,0,0
TF,PITAV,49.194722,0.933333,0, ,0.0,0.0,0.0,0.0,3,9000,0,0,0,0,0,0
TF,KOLIV,49.299972,1.570556,0, ,0.0,0.0,0.0,0.0,3,7000,0,1,250,0,0,0
TF,MOPAR,49.291722,1.757278,0, ,0.0,0.0,0.0,0.0,1,7000,0,0,0,0,0,0

STAR,PEXI9W,ALL,5
IF,PEXIR,49.202778,0.613333, ,0.0,0.0,3,15000,0,1,250,0,0,0

STAR,PEXI9W,25,6
IF,PEXIR,49.202778,0.613333, ,0.0,0.0,3,15000,0,1,250,0,0,0
TF,PITAV,49.194722,0.933333,0, ,0.0,0.0,0.0,0.0,3,11000,0,0,0,0,0,0
TF,MOBRO,49.455444,1.606444,0, ,0.0,0.0,0.0,0.0,1,7000,0,1,250,0,0,0

STAR,PEXI9W,27,6
IF,PEXIR,49.202778,0.613333, ,0.0,0.0,3,15000,0,1,250,0,0,0
TF,PITAV,49.194722,0.933333,0, ,0.0,0.0,0.0,0.0,3,11000,0,0,0,0,0,0
TF,MOBRO,49.455444,1.606444,0, ,0.0,0.0,0.0,0.0,1,7000,0,1,250,0,0,0

STAR,PIBA9E,07,5
IF,PIBAT,46.805944,4.259139, ,0.0,0.0,0,0,0,0,0,0,0,0
TF,AVLON,47.560000,3.813333,0, ,0.0,0.0,0.0,0.0,0,0,0,0,0,0,0,0
TF,TRO,48.251222,3.963139,0, ,0.0,0.0,0.0,0.0,1,15000,0,1,250,0,0,0
TF,EPURI,48.457111,3.637583,0, ,0.0,0.0,0.0,0.0,1,9000,0,0,0,0,0,0
TF,OKABO,48.549389,3.490389,0, ,0.0,0.0,0.0,0.0,1,7000,0,0,0,0,0,0

STAR,PIBA9W,ALL,5
IF,PIBAT,46.805944,4.259139, ,0.0,0.0,0,0,0,0,0,0,0,0

STAR,PIBA9W,25,6
IF,PIBAT,46.805944,4.259139, ,0.0,0.0,0,0,0,0,0,0,0,0
TF,AVLON,47.560000,3.813333,0, ,0.0,0.0,0.0,0.0,0,0,0,0,0,0,0,0
TF,TRO,48.251222,3.963139,0, ,0.0,0.0,0.0,0.0,1,13000,0,1,250,0,0,0
TF,EPURI,48.457111,3.637583,0, ,0.0,0.0,0.0,0.0,1,8000,0,0,0,0,0,0
TF,OKABO,48.549389,3.490389,0, ,0.0,0.0,0.0,0.0,1,7000,0,0,0,0,0,0

STAR,PIBA9W,27,6
IF,PIBAT,46.805944,4.259139, ,0.0,0.0,0,0,0,0,0,0,0,0
TF,AVLON,47.560000,3.813333,0, ,0.0,0.0,0.0,0.0,0,0,0,0,0,0,0,0
TF,TRO,48.251222,3.963139,0, ,0.0,0.0,0.0,0.0,1,13000,0,1,250,0,0,0
TF,EPURI,48.457111,3.637583,0, ,0.0,0.0,0.0,0.0,1,8000,0,0,0,0,0,0
TF,OKABO,48.549389,3.490389,0, ,0.0,0.0,0.0,0.0,1,7000,0,0,0,0,0,0

STAR,RENS9E,07,5
IF,RENSA,49.533167,4.885528, ,0.0,0.0,1,26000,0,0,0,0,0,0
TF,SOTUS,49.380000,4.050278,0, ,0.0,0.0,0.0,0.0,1,14000,0,1,300,0,0,0
TF,GIMER,49.365500,3.973833,0, ,0.0,0.0,0.0,0.0,0,0,0,0,0,0,0,0
TF,VEBEK,49.268611,3.683056,0, ,0.0,0.0,0.0,0.0,1,11000,0,1,300,0,0,0

STAR,RENS9W,ALL,5
IF,RENSA,49.533167,4.885528, ,0.0,0.0,1,26000,0,0,0,0,0,0

STAR,RENS9W,25,6
IF,RENSA,49.533167,4.885528, ,0.0,0.0,1,26000,0,0,0,0,0,0
TF,SOTUS,49.380000,4.050278,0, ,0.0,0.0,0.0,0.0,1,14000,0,1,280,0,0,0
TF,GIMER,49.365500,3.973833,0, ,0.0,0.0,0.0,0.0,0,0,0,0,0,0,0,0
TF,VEBEK,49.268611,3.683056,0, ,0.0,0.0,0.0,0.0,1,11000,0,1,250,0,0,0

STAR,RENS9W,27,6
IF,RENSA,49.533167,4.885528, ,0.0,0.0,1,26000,0,0,0,0,0,0
TF,SOTUS,49.380000,4.050278,0, ,0.0,0.0,0.0,0.0,1,14000,0,1,280,0,0,0
TF,GIMER,49.365500,3.973833,0, ,0.0,0.0,0.0,0.0,0,0,0,0,0,0,0,0
TF,VEBEK,49.268611,3.683056,0, ,0.0,0.0,0.0,0.0,1,11000,0,1,250,0,0,0

STAR,RLP9E,07,5
IF,RLP,47.906306,5.249167, ,0.0,0.0,0,0,0,0,0,0,0,0
TF,BOLLY,48.091944,4.151111,0, ,0.0,0.0,0.0,0.0,0,0,0,0,0,0,0,0
TF,TRO,48.251222,3.963139,0, ,0.0,0.0,0.0,0.0,1,15000,0,1,250,0,0,0
TF,EPURI,48.457111,3.637583,0, ,0.0,0.0,0.0,0.0,1,9000,0,0,0,0,0,0
TF,OKABO,48.549389,3.490389,0, ,0.0,0.0,0.0,0.0,1,7000,0,0,0,0,0,0

STAR,RLP9W,ALL,5
IF,RLP,47.906306,5.249167, ,0.0,0.0,0,0,0,0,0,0,0,0

STAR,RLP9W,25,6
IF,RLP,47.906306,5.249167, ,0.0,0.0,0,0,0,0,0,0,0,0
TF,BOLLY,48.091944,4.151111,0, ,0.0,0.0,0.0,0.0,0,0,0,0,0,0,0,0
TF,TRO,48.251222,3.963139,0, ,0.0,0.0,0.0,0.0,1,13000,0,1,250,0,0,0
TF,EPURI,48.457111,3.637583,0, ,0.0,0.0,0.0,0.0,1,8000,0,0,0,0,0,0
TF,OKABO,48.549389,3.490389,0, ,0.0,0.0,0.0,0.0,1,7000,0,0,0,0,0,0

STAR,RLP9W,27,6
IF,RLP,47.906306,5.249167, ,0.0,0.0,0,0,0,0,0,0,0,0
TF,BOLLY,48.091944,4.151111,0, ,0.0,0.0,0.0,0.0,0,0,0,0,0,0,0,0
TF,TRO,48.251222,3.963139,0, ,0.0,0.0,0.0,0.0,1,13000,0,1,250,0,0,0
TF,EPURI,48.457111,3.637583,0, ,0.0,0.0,0.0,0.0,1,8000,0,0,0,0,0,0
TF,OKABO,48.549389,3.490389,0, ,0.0,0.0,0.0,0.0,1,7000,0,0,0,0,0,0

STAR,ROMG9E,07,5
IF,ROMGO,48.346583,0.844111, ,0.0,0.0,0,0,0,0,0,0,0,0
TF,FF501,48.411944,1.032500,0, ,0.0,0.0,0.0,0.0,1,13000,0,0,0,0,0,0
TF,NERKI,48.513056,1.327139,0, ,0.0,0.0,0.0,0.0,1,10000,0,1,250,0,0,0
TF,BANOX,48.574194,1.505500,0, ,0.0,0.0,0.0,0.0,1,9000,0,0,0,0,0,0

STAR,ROMG9W,25,6
IF,ROMGO,48.346583,0.844111, ,0.0,0.0,0,0,0,0,0,0,0,0
TF,FF501,48.411944,1.032500,0, ,0.0,0.0,0.0,0.0,1,11000,0,0,0,0,0,0
TF,NERKI,48.513056,1.327139,0, ,0.0,0.0,0.0,0.0,1,9000,0,1,250,0,0,0
TF,BANOX,48.574194,1.505500,0, ,0.0,0.0,0.0,0.0,1,7000,0,0,0,0,0,0

STAR,ROMG9W,27,6
IF,ROMGO,48.346583,0.844111, ,0.0,0.0,0,0,0,0,0,0,0,0
TF,FF501,48.411944,1.032500,0, ,0.0,0.0,0.0,0.0,1,11000,0,0,0,0,0,0
TF,NERKI,48.513056,1.327139,0, ,0.0,0.0,0.0,0.0,1,9000,0,1,250,0,0,0
TF,BANOX,48.574194,1.505500,0, ,0.0,0.0,0.0,0.0,1,7000,0,0,0,0,0,0

STAR,SABL9E,07,5
IF,SABLE,47.853056,-0.250000, ,0.0,0.0,0,0,0,0,0,0,0,0
TF,LUMAN,47.939444,0.413333,0, ,0.0,0.0,0.0,0.0,0,0,0,1,280,0,0,0
TF,ROMGO,48.346583,0.844111,0, ,0.0,0.0,0.0,0.0,0,0,0,0,0,0,0,0
TF,FF501,48.411944,1.032500,0, ,0.0,0.0,0.0,0.0,1,13000,0,0,0,0,0,0
TF,NERKI,48.513056,1.327139,0, ,0.0,0.0,0.0,0.0,1,10000,0,1,250,0,0,0
TF,BANOX,48.574194,1.505500,0, ,0.0,0.0,0.0,0.0,1,9000,0,0,0,0,0,0

STAR,SABL9W,25,6
IF,SABLE,47.853056,-0.250000, ,0.0,0.0,0,0,0,0,0,0,0,0
TF,LUMAN,47.939444,0.413333,0, ,0.0,0.0,0.0,0.0,0,0,0,1,280,0,0,0
TF,ROMGO,48.346583,0.844111,0, ,0.0,0.0,0.0,0.0,0,0,0,0,0,0,0,0
TF,FF501,48.411944,1.032500,0, ,0.0,0.0,0.0,0.0,1,11000,0,0,0,0,0,0
TF,NERKI,48.513056,1.327139,0, ,0.0,0.0,0.0,0.0,1,9000,0,1,250,0,0,0
TF,BANOX,48.574194,1.505500,0, ,0.0,0.0,0.0,0.0,1,7000,0,0,0,0,0,0

STAR,SABL9W,27,6
IF,SABLE,47.853056,-0.250000, ,0.0,0.0,0,0,0,0,0,0,0,0
TF,LUMAN,47.939444,0.413333,0, ,0.0,0.0,0.0,0.0,0,0,0,1,280,0,0,0
TF,ROMGO,48.346583,0.844111,0, ,0.0,0.0,0.0,0.0,0,0,0,0,0,0,0,0
TF,FF501,48.411944,1.032500,0, ,0.0,0.0,0.0,0.0,1,11000,0,0,0,0,0,0
TF,NERKI,48.513056,1.327139,0, ,0.0,0.0,0.0,0.0,1,9000,0,1,250,0,0,0
TF,BANOX,48.574194,1.505500,0, ,0.0,0.0,0.0,0.0,1,7000,0,0,0,0,0,0

STAR,TRO9E,07,5
IF,TRO,48.251222,3.963139, ,0.0,0.0,1,15000,0,1,250,0,0,0
TF,EPURI,48.457111,3.637583,0, ,0.0,0.0,0.0,0.0,1,9000,0,0,0,0,0,0
TF,OKABO,48.549389,3.490389,0, ,0.0,0.0,0.0,0.0,1,7000,0,0,0,0,0,0

STAR,TRO9W,ALL,5
IF,TRO,48.251222,3.963139, ,0.0,0.0,1,13000,0,1,250,0,0,0

STAR,TRO9W,25,6
IF,TRO,48.251222,3.963139, ,0.0,0.0,1,13000,0,1,250,0,0,0
TF,EPURI,48.457111,3.637583,0, ,0.0,0.0,0.0,0.0,1,8000,0,0,0,0,0,0
TF,OKABO,48.549389,3.490389,0, ,0.0,0.0,0.0,0.0,1,7000,0,0,0,0,0,0

STAR,TRO9W,27,6
IF,TRO,48.251222,3.963139, ,0.0,0.0,1,13000,0,1,250,0,0,0
TF,EPURI,48.457111,3.637583,0, ,0.0,0.0,0.0,0.0,1,8000,0,0,0,0,0,0
TF,OKABO,48.549389,3.490389,0, ,0.0,0.0,0.0,0.0,1,7000,0,0,0,0,0,0

STAR,VELO9E,07,5
IF,VELOL,49.938611,1.286667, ,0.0,0.0,3,14000,0,1,250,0,0,0
TF,VEPET,49.710278,1.501111,0, ,0.0,0.0,0.0,0.0,3,9000,0,0,0,0,0,0
TF,KOLIV,49.299972,1.570556,0, ,0.0,0.0,0.0,0.0,3,7000,0,1,250,0,0,0
TF,MOPAR,49.291722,1.757278,0, ,0.0,0.0,0.0,0.0,1,7000,0,0,0,0,0,0

STAR,VELO9W,ALL,5
IF,VELOL,49.938611,1.286667, ,0.0,0.0,3,14000,0,1,250,0,0,0

STAR,VELO9W,25,6
IF,VELOL,49.938611,1.286667, ,0.0,0.0,3,14000,0,1,250,0,0,0
TF,VEPET,49.710278,1.501111,0, ,0.0,0.0,0.0,0.0,3,9000,0,0,0,0,0,0
TF,MOBRO,49.455444,1.606444,0, ,0.0,0.0,0.0,0.0,1,7000,0,1,250,0,0,0

STAR,VELO9W,27,6
IF,VELOL,49.938611,1.286667, ,0.0,0.0,3,14000,0,1,250,0,0,0
TF,VEPET,49.710278,1.501111,0, ,0.0,0.0,0.0,0.0,3,9000,0,0,0,0,0,0
TF,MOBRO,49.455444,1.606444,0, ,0.0,0.0,0.0,0.0,1,7000,0,1,250,0,0,0

APPTR,D07,07,BAN6E
IF,BANOX,48.574194,1.505500, ,0.0,0.0,1,9000,0,1,250,0,1,0
TF,SUBOX,48.749722,1.635278,0, ,0.0,0.0,0.0,0.0,0,0,0,0,0,0,0,0
TF,PB501,48.781861,1.751500,0, ,0.0,0.0,0.0,0.0,0,0,0,0,0,0,0,0
FM,PB501,48.781861,1.751500,0,BT,0.0,0.0,66.0,0,0,0,0,0,0,0,0
CF,CD07,48.889019,2.150631,0,BT,246.0,13.1,66.0,1.0,2,3000,0,0,0,0,1,0

APPTR,D07,07,KOL6E
IF,KOLIV,49.299972,1.570556, ,0.0,0.0,1,7000,0,1,250,0,1,0
TF,PB503,49.126917,1.685194,0, ,0.0,0.0,0.0,0.0,0,0,0,0,0,0,0,0
FM,PB503,49.126917,1.685194,0,BT,0.0,0.0,155.0,0,0,0,0,0,0,0,0
CF,CD07,48.889019,2.150631,0,BT,246.0,13.1,66.0,10.0,2,3000,0,0,0,0,1,0

APPTR,D07,07,OKA6E
IF,OKABO,48.549389,3.490389, ,0.0,0.0,1,7000,0,1,250,0,1,0
TF,CLM,48.844639,3.013861,0, ,0.0,0.0,0.0,0.0,0,0,0,0,0,0,0,0
TF,PB500,48.821694,2.586417,0, ,0.0,0.0,0.0,0.0,0,0,0,0,0,0,0,0
TF,PB505,48.814667,2.460750,0, ,0.0,0.0,0.0,0.0,0,0,0,0,0,0,0,0
FM,PB505,48.814667,2.460750,0,BT,0.0,0.0,264.0,0,0,0,0,0,0,0,0
CF,CD07,48.889019,2.150631,2,BT,246.0,13.1,66.0,1.0,2,3000,0,0,0,0,1,0

APPTR,D07,07,VEB6E
IF,VEBEK,49.268611,3.683056, ,0.0,0.0,1,11000,0,1,300,0,1,0
TF,LARPO,49.108278,2.589611,0, ,0.0,0.0,0.0,0.0,0,0,0,0,0,0,0,0
TF,PG502,49.104611,2.386861,0, ,0.0,0.0,0.0,0.0,0,0,0,0,0,0,0,0
FM,PG502,49.104611,2.386861,0,BT,0.0,0.0,267.0,0,0,0,0,0,0,0,0
CF,CD07,48.889019,2.150631,1,BT,246.0,13.1,66.0,1.0,2,3000,0,0,0,0,1,0

FINAL,D07,07,D,4
IF,CD07,48.889019,2.150631,BT,246.0,13.1,2,3000,0,0,0,0,0,0
CF,FD07,48.908706,2.220281,0,BT,246.0,10.1,66.0,3.0,2,3000,0,0,0,0,2,0
CF,56VOR,48.938153,2.324856,0,BT,246.0,5.6,66.0,4.5,2,1560,0,0,0,0,0,0
CF,MD07,48.961642,2.408603,0,BT,246.0,2.0,66.0,3.6,1,409,0,0,0,0,3,0
CF,BT,48.974667,2.455167,0,BT,0.0,0.0,66.0,2.0,0,0,0,1,185,0,0,1
FD,BT,48.974667,2.455167,0,BT,0.0,2.0,108.0,2.0,1,3000,0,0,0,0,0,0
CF,D025J,48.998753,3.128139,0,CLM,25.0,10.3,25.0,10.3,1,3000,0,0,0,0,0,0
CF,LORNI,49.419417,3.451389,0,CLM,25.4,38.6,25.0,28.3,1,7000,0,1,230,0,0,1

APPTR,I27,27,BAN6W
IF,BANOX,48.574194,1.505500, ,0.0,0.0,1,7000,0,1,250,0,1,0
TF,PB502,48.759250,1.774778,0, ,0.0,0.0,0.0,0.0,0,0,0,0,0,0,0,0
TF,PB504,48.776806,2.226250,0, ,0.0,0.0,0.0,0.0,0,0,0,0,0,0,0,0
TF,PB506,48.824667,2.485694,0, ,0.0,0.0,0.0,0.0,0,0,0,0,0,0,0,0
FM,PB506,48.824667,2.485694,0,BT,0.0,0.0,73.0,0,0,0,0,0,0,0,0
CF,CF27,48.980806,2.741361,1,RGE,84.2,12.8,264.0,1.0,2,3000,0,0,0,0,1,0

APPTR,I27,27,MOB6W
IF,MOBRO,49.455444,1.606444, ,0.0,0.0,1,7000,0,1,250,0,1,0
TF,BOV,49.436361,2.153194,0, ,0.0,0.0,0.0,0.0,0,0,0,0,0,0,0,0
TF,PG528,49.358611,2.533611,0, ,0.0,0.0,0.0,0.0,0,0,0,0,0,0,0,0
FM,PG528,49.358611,2.533611,0,BT,0.0,0.0,106.0,0,0,0,0,0,0,0,0
CF,CF27,48.980806,2.741361,2,RGE,84.2,12.8,264.0,1.0,2,3000,0,0,0,0,1,0

APPTR,I27,27,MOP6W
IF,MOPAR,49.291722,1.757278, ,0.0,0.0,4,12000,11000,1,300,0,1,0
TF,PG534,49.261722,2.387972,0, ,0.0,0.0,0.0,0.0,0,0,0,0,0,0,0,0
TF,CREIL,49.255278,2.514778,0, ,0.0,0.0,0.0,0.0,0,0,0,0,0,0,0,0
TF,PG536,49.231694,2.715000,0, ,0.0,0.0,0.0,0.0,0,0,0,0,0,0,0,0
FM,PG536,49.231694,2.715000,0,BT,0.0,0.0,99.0,0,0,0,0,0,0,0,0
CF,CF27,48.980806,2.741361,2,RGE,84.2,12.8,264.0,1.0,2,3000,0,0,0,0,1,0

APPTR,I27,27,OKA6W
IF,OKABO,48.549389,3.490389, ,0.0,0.0,1,7000,0,1,250,0,1,0
TF,DOBIK,48.613833,3.387111,0, ,0.0,0.0,0.0,0.0,0,0,0,0,0,0,0,0
TF,LIRSO,48.710222,3.332167,0, ,0.0,0.0,0.0,0.0,0,0,0,0,0,0,0,0
TF,PB508,48.790611,3.261750,0, ,0.0,0.0,0.0,0.0,0,0,0,0,0,0,0,0
FM,PB508,48.790611,3.261750,0,BT,0.0,0.0,329.0,0,0,0,0,0,0,0,0
CF,CF27,48.980806,2.741361,0,RGE,84.2,12.8,264.0,1.0,2,3000,0,0,0,0,1,0

APPTR,I27,27,VEB6W
IF,VEBEK,49.268611,3.683056, ,0.0,0.0,1,11000,0,1,250,0,1,0
TF,CTL,49.137750,3.577694,0, ,0.0,0.0,0.0,0.0,0,0,0,0,0,0,0,0
TF,PB510,49.044333,3.436222,0, ,0.0,0.0,0.0,0.0,0,0,0,0,0,0,0,0
FM,PB510,49.044333,3.436222,0,BT,0.0,0.0,224.0,0,0,0,0,0,0,0,0
CF,CF27,48.980806,2.741361,0,RGE,84.2,12.8,264.0,1.0,2,3000,0,0,0,0,1,0

FINAL,I27,27,I,3
IF,CF27,48.980806,2.741361,RGE,84.2,12.8,2,3000,0,0,0,0,0,0
CF,FF27,48.976861,2.665694,0,RGE,84.2,9.8,264.0,3.0,1,3000,0,0,0,0,2,0
CF,RW27,48.965053,2.445547,0,RGE,84.2,1.1,264.0,8.7,1,219,0,0,0,0,3,0
TF,PB433,48.961889,2.387972,0, ,0.0,0.0,0.0,0.0,3,2000,0,0,0,0,0,0
TF,PB434,48.940250,2.273722,0, ,0.0,0.0,0.0,0.0,0,0,0,0,0,0,0,0
TF,PB435,49.002111,2.179556,0, ,0.0,0.0,0.0,0.0,3,3000,0,1,230,0,0,0

APPTR,L07,07,BAN6E
IF,BANOX,48.574194,1.505500, ,0.0,0.0,1,9000,0,1,250,0,1,0
TF,SUBOX,48.749722,1.635278,0, ,0.0,0.0,0.0,0.0,0,0,0,0,0,0,0,0
TF,PB501,48.781861,1.751500,0, ,0.0,0.0,0.0,0.0,0,0,0,0,0,0,0,0
FM,PB501,48.781861,1.751500,0,BT,0.0,0.0,66.0,0,0,0,0,0,0,0,0
CF,PB410,48.889222,2.143889,0,LBG,246.9,13.5,67.0,1.0,2,3000,0,0,0,0,1,0

APPTR,L07,07,KOL6E
IF,KOLIV,49.299972,1.570556, ,0.0,0.0,1,7000,0,1,250,0,1,0
TF,PB503,49.126917,1.685194,0, ,0.0,0.0,0.0,0.0,0,0,0,0,0,0,0,0
FM,PB503,49.126917,1.685194,0,BT,0.0,0.0,155.0,0,0,0,0,0,0,0,0
CF,PB410,48.889222,2.143889,0,LBG,246.9,13.5,67.0,10.0,2,3000,0,0,0,0,1,0

APPTR,L07,07,OKA6E
IF,OKABO,48.549389,3.490389, ,0.0,0.0,1,7000,0,1,250,0,1,0
TF,CLM,48.844639,3.013861,0, ,0.0,0.0,0.0,0.0,0,0,0,0,0,0,0,0
TF,PB500,48.821694,2.586417,0, ,0.0,0.0,0.0,0.0,0,0,0,0,0,0,0,0
TF,PB505,48.814667,2.460750,0, ,0.0,0.0,0.0,0.0,0,0,0,0,0,0,0,0
FM,PB505,48.814667,2.460750,0,BT,0.0,0.0,264.0,0,0,0,0,0,0,0,0
CF,PB410,48.889222,2.143889,2,LBG,246.9,13.5,67.0,1.0,2,3000,0,0,0,0,1,0

APPTR,L07,07,VEB6E
IF,VEBEK,49.268611,3.683056, ,0.0,0.0,1,11000,0,1,300,0,1,0
TF,LARPO,49.108278,2.589611,0, ,0.0,0.0,0.0,0.0,0,0,0,0,0,0,0,0
TF,PG502,49.104611,2.386861,0, ,0.0,0.0,0.0,0.0,0,0,0,0,0,0,0,0
FM,PG502,49.104611,2.386861,0,BT,0.0,0.0,267.0,0,0,0,0,0,0,0,0
CF,PB410,48.889222,2.143889,1,LBG,246.9,13.5,67.0,1.0,2,3000,0,0,0,0,1,0

FINAL,L07,07,D,4
IF,PB410,48.889222,2.143889,LBG,246.9,13.5,2,3000,0,0,0,0,0,0
CF,FF07,48.909500,2.218639,0,LBG,246.9,10.3,67.0,3.2,2,3000,0,0,0,0,2,0
CF,50LO2,48.934425,2.310853,0,LBG,246.9,6.4,67.0,3.9,2,1750,0,0,0,0,0,0
CF,MA07,48.959600,2.404486,0,LBG,246.9,2.4,67.0,4.0,1,472,0,0,0,0,3,1
CA,0,67.0,2,620,0,0,0,0,0,0
CF,PB411,48.952000,2.497389,0,BT,128.2,2.2,104.0,3.7,1,800,0,1,185,0,0,0
TF,PB412,48.936972,2.582861,0, ,0.0,0.0,0.0,0.0,4,3000,2000,0,0,0,0,0
TF,PB413,48.881194,2.896222,0, ,0.0,0.0,0.0,0.0,4,3000,2000,0,0,0,0,0
TF,PB414,49.047306,3.066000,0, ,0.0,0.0,0.0,0.0,1,3000,0,0,0,0,0,0

APPTR,L25-A,25,BAN6W
IF,BANOX,48.574194,1.505500, ,0.0,0.0,1,7000,0,1,250,0,1,0
TF,PB502,48.759250,1.774778,0, ,0.0,0.0,0.0,0.0,0,0,0,0,0,0,0,0
TF,PB504,48.776806,2.226250,0, ,0.0,0.0,0.0,0.0,0,0,0,0,0,0,0,0
TF,PB506,48.824667,2.485694,0, ,0.0,0.0,0.0,0.0,0,0,0,0,0,0,0,0
FM,PB506,48.824667,2.485694,0,BT,0.0,0.0,73.0,0,0,0,0,0,0,0,0
CF,CL25A,48.961231,2.742842,1,LBW,93.0,11.8,273.0,1.0,2,3000,0,0,0,0,1,0

APPTR,L25-A,25,MOB6W
IF,MOBRO,49.455444,1.606444, ,0.0,0.0,1,7000,0,1,250,0,1,0
TF,BOV,49.436361,2.153194,0, ,0.0,0.0,0.0,0.0,0,0,0,0,0,0,0,0
TF,PG528,49.358611,2.533611,0, ,0.0,0.0,0.0,0.0,0,0,0,0,0,0,0,0
FM,PG528,49.358611,2.533611,0,BT,0.0,0.0,106.0,0,0,0,0,0,0,0,0
CF,CL25A,48.961231,2.742842,2,LBW,93.0,11.8,273.0,1.0,2,3000,0,0,0,0,1,0

APPTR,L25-A,25,MOP6W
IF,MOPAR,49.291722,1.757278, ,0.0,0.0,4,12000,11000,1,300,0,1,0
TF,PG534,49.261722,2.387972,0, ,0.0,0.0,0.0,0.0,0,0,0,0,0,0,0,0
TF,CREIL,49.255278,2.514778,0, ,0.0,0.0,0.0,0.0,0,0,0,0,0,0,0,0
TF,PG536,49.231694,2.715000,0, ,0.0,0.0,0.0,0.0,0,0,0,0,0,0,0,0
FM,PG536,49.231694,2.715000,0,BT,0.0,0.0,99.0,0,0,0,0,0,0,0,0
CF,CL25A,48.961231,2.742842,2,LBW,93.0,11.8,273.0,1.0,2,3000,0,0,0,0,1,0

APPTR,L25-A,25,OKA6W
IF,OKABO,48.549389,3.490389, ,0.0,0.0,1,7000,0,1,250,0,1,0
TF,DOBIK,48.613833,3.387111,0, ,0.0,0.0,0.0,0.0,0,0,0,0,0,0,0,0
TF,LIRSO,48.710222,3.332167,0, ,0.0,0.0,0.0,0.0,0,0,0,0,0,0,0,0
TF,PB508,48.790611,3.261750,0, ,0.0,0.0,0.0,0.0,0,0,0,0,0,0,0,0
FM,PB508,48.790611,3.261750,0,BT,0.0,0.0,329.0,0,0,0,0,0,0,0,0
CF,CL25A,48.961231,2.742842,0,LBW,93.0,11.8,273.0,1.0,2,3000,0,0,0,0,1,0

APPTR,L25-A,25,VEB6W
IF,VEBEK,49.268611,3.683056, ,0.0,0.0,1,11000,0,1,250,0,1,0
TF,CTL,49.137750,3.577694,0, ,0.0,0.0,0.0,0.0,0,0,0,0,0,0,0,0
TF,PB510,49.044333,3.436222,0, ,0.0,0.0,0.0,0.0,0,0,0,0,0,0,0,0
FM,PB510,49.044333,3.436222,0,BT,0.0,0.0,224.0,0,0,0,0,0,0,0,0
CF,CL25A,48.961231,2.742842,0,LBW,93.0,11.8,273.0,1.0,2,3000,0,0,0,0,1,0

FINAL,L25-A,25,D,3
IF,CL25A,48.961231,2.742842,LBW,93.0,11.8,2,3000,0,0,0,0,0,0
CF,FL25A,48.964883,2.667169,0,LBW,93.0,8.8,273.0,3.0,2,3000,0,0,0,0,2,0
CF,BT,48.974667,2.455167,0,LBW,94.7,0.4,273.0,8.4,1,337,0,0,0,0,3,0
CA,0,273.0,2,620,0,0,0,0,0,0
CF,D252F,48.945361,2.310097,0,BT,252.0,6.0,252.0,6.0,1,2000,0,0,0,0,0,1
CF,D133H,49.004153,2.180439,0,BT,278.4,11.0,313.0,6.0,1,3000,0,0,0,0,0,0
CF,PON,49.096083,2.035889,0,BT,292.9,18.1,313.0,7.9,1,7000,0,0,0,0,0,1
DF,MOPAR,49.291722,1.757278,0, ,0.0,0.0,1,7000,0,1,230,0,0,1

APPTR,R07,07,BAN6E
IF,BANOX,48.574194,1.505500, ,0.0,0.0,1,9000,0,1,250,0,1,0
TF,SUBOX,48.749722,1.635278,0, ,0.0,0.0,0.0,0.0,0,0,0,0,0,0,0,0
TF,PB501,48.781861,1.751500,0, ,0.0,0.0,0.0,0.0,0,0,0,0,0,0,0,0
FM,PB501,48.781861,1.751500,0,BT,0.0,0.0,66.0,0,0,0,0,0,0,0,0
CF,PB410,48.889222,2.143889,0,BT,246.5,13.3,67.0,1.0,2,3000,0,0,0,0,1,0

APPTR,R07,07,KOL6E
IF,KOLIV,49.299972,1.570556, ,0.0,0.0,1,7000,0,1,250,0,1,0
TF,PB503,49.126917,1.685194,0, ,0.0,0.0,0.0,0.0,0,0,0,0,0,0,0,0
FM,PB503,49.126917,1.685194,0,BT,0.0,0.0,155.0,0,0,0,0,0,0,0,0
CF,PB410,48.889222,2.143889,0,BT,246.5,13.3,67.0,10.0,2,3000,0,0,0,0,1,0

APPTR,R07,07,OKA6E
IF,OKABO,48.549389,3.490389, ,0.0,0.0,1,7000,0,1,250,0,1,0
TF,CLM,48.844639,3.013861,0, ,0.0,0.0,0.0,0.0,0,0,0,0,0,0,0,0
TF,PB500,48.821694,2.586417,0, ,0.0,0.0,0.0,0.0,0,0,0,0,0,0,0,0
TF,PB505,48.814667,2.460750,0, ,0.0,0.0,0.0,0.0,0,0,0,0,0,0,0,0
FM,PB505,48.814667,2.460750,0,BT,0.0,0.0,264.0,0,0,0,0,0,0,0,0
CF,PB410,48.889222,2.143889,2,BT,246.5,13.3,67.0,1.0,2,3000,0,0,0,0,1,0

APPTR,R07,07,VEB6E
IF,VEBEK,49.268611,3.683056, ,0.0,0.0,1,11000,0,1,300,0,1,0
TF,LARPO,49.108278,2.589611,0, ,0.0,0.0,0.0,0.0,0,0,0,0,0,0,0,0
TF,PG502,49.104611,2.386861,0, ,0.0,0.0,0.0,0.0,0,0,0,0,0,0,0,0
FM,PG502,49.104611,2.386861,0,BT,0.0,0.0,267.0,0,0,0,0,0,0,0,0
CF,PB410,48.889222,2.143889,1,BT,246.5,13.3,67.0,1.0,2,3000,0,0,0,0,1,0

FINAL,R07,07,R,3
IF,PB410,48.889222,2.143889, ,0.0,0.0,2,3000,0,0,0,0,0,0
TF,FPB07,48.909500,2.218639,0, ,0.0,0.0,67.0,3.2,1,3000,0,0,0,0,2,0
TF,RW07,48.964850,2.424064,0, ,0.0,0.0,67.0,8.8,1,205,0,1,185,0,3,1
CF,PB411,48.952000,2.497389,0,BT,128.2,2.2,104.0,3.0,1,800,0,1,185,0,0,0
TF,PB412,48.936972,2.582861,0, ,0.0,0.0,0.0,0.0,4,3000,2000,0,0,0,0,0
TF,PB413,48.881194,2.896222,0, ,0.0,0.0,0.0,0.0,4,3000,2000,0,0,0,0,0
TF,PB414,49.047306,3.066000,0, ,0.0,0.0,0.0,0.0,1,3000,0,0,0,0,0,0

APPTR,R25,25,BAN6W
IF,BANOX,48.574194,1.505500, ,0.0,0.0,1,7000,0,1,250,0,1,0
TF,PB502,48.759250,1.774778,0, ,0.0,0.0,0.0,0.0,0,0,0,0,0,0,0,0
TF,PB504,48.776806,2.226250,0, ,0.0,0.0,0.0,0.0,0,0,0,0,0,0,0,0
TF,PB506,48.824667,2.485694,0, ,0.0,0.0,0.0,0.0,0,0,0,0,0,0,0,0
FM,PB506,48.824667,2.485694,0,BT,0.0,0.0,73.0,0,0,0,0,0,0,0,0
CF,PB425,48.962611,2.743278,1,BT,92.5,11.4,273.0,1.0,1,3000,0,0,0,0,1,0

APPTR,R25,25,MOB6W
IF,MOBRO,49.455444,1.606444, ,0.0,0.0,1,7000,0,1,250,0,1,0
TF,BOV,49.436361,2.153194,0, ,0.0,0.0,0.0,0.0,0,0,0,0,0,0,0,0
TF,PG528,49.358611,2.533611,0, ,0.0,0.0,0.0,0.0,0,0,0,0,0,0,0,0
FM,PG528,49.358611,2.533611,0,BT,0.0,0.0,106.0,0,0,0,0,0,0,0,0
CF,PB425,48.962611,2.743278,2,BT,92.5,11.4,273.0,1.0,1,3000,0,0,0,0,1,0

APPTR,R25,25,MOP6W
IF,MOPAR,49.291722,1.757278, ,0.0,0.0,4,12000,11000,1,300,0,1,0
TF,PG534,49.261722,2.387972,0, ,0.0,0.0,0.0,0.0,0,0,0,0,0,0,0,0
TF,CREIL,49.255278,2.514778,0, ,0.0,0.0,0.0,0.0,0,0,0,0,0,0,0,0
TF,PG536,49.231694,2.715000,0, ,0.0,0.0,0.0,0.0,0,0,0,0,0,0,0,0
FM,PG536,49.231694,2.715000,0,BT,0.0,0.0,99.0,0,0,0,0,0,0,0,0
CF,PB425,48.962611,2.743278,2,BT,92.5,11.4,273.0,1.0,1,3000,0,0,0,0,1,0

APPTR,R25,25,OKA6W
IF,OKABO,48.549389,3.490389, ,0.0,0.0,1,7000,0,1,250,0,1,0
TF,DOBIK,48.613833,3.387111,0, ,0.0,0.0,0.0,0.0,0,0,0,0,0,0,0,0
TF,LIRSO,48.710222,3.332167,0, ,0.0,0.0,0.0,0.0,0,0,0,0,0,0,0,0
TF,PB508,48.790611,3.261750,0, ,0.0,0.0,0.0,0.0,0,0,0,0,0,0,0,0
FM,PB508,48.790611,3.261750,0,BT,0.0,0.0,329.0,0,0,0,0,0,0,0,0
CF,PB425,48.962611,2.743278,0,BT,92.5,11.4,273.0,1.0,1,3000,0,0,0,0,1,0

APPTR,R25,25,VEB6W
IF,VEBEK,49.268611,3.683056, ,0.0,0.0,1,11000,0,1,250,0,1,0
TF,CTL,49.137750,3.577694,0, ,0.0,0.0,0.0,0.0,0,0,0,0,0,0,0,0
TF,PB510,49.044333,3.436222,0, ,0.0,0.0,0.0,0.0,0,0,0,0,0,0,0,0
FM,PB510,49.044333,3.436222,0,BT,0.0,0.0,224.0,0,0,0,0,0,0,0,0
CF,PB425,48.962611,2.743278,0,BT,92.5,11.4,273.0,1.0,1,3000,0,0,0,0,1,0

FINAL,R25,25,R,3
IF,PB425,48.962611,2.743278, ,0.0,0.0,1,3000,0,0,0,0,0,0
TF,PB426,48.966028,2.664944,0, ,0.0,0.0,273.0,3.1,1,3000,0,0,0,0,2,0
TF,PB430,48.973917,2.472083,0, ,0.0,0.0,273.0,7.7,1,551,0,0,0,0,3,1
TF,PB431,48.938944,2.278556,0, ,0.0,0.0,0.0,0.0,3,2000,0,1,185,0,0,0
TF,D134H,49.001789,2.179069,0, ,0.0,0.0,0.0,0.0,3,2000,0,0,0,0,0,0
TF,PON,49.096083,2.035889,0, ,0.0,0.0,0.0,0.0,0,0,0,0,0,0,0,0
TF,MOPAR,49.291722,1.757278,0, ,0.0,0.0,0.0,0.0,1,7000,0,1,230,0,0,1
HM,MOPAR,49.291722,1.757278,1, ,0.0,0.0,93.0,04.3,2,7000,0,1,230,0,0,0,0

APPTR,R27,27,BAN6W
IF,BANOX,48.574194,1.505500, ,0.0,0.0,1,7000,0,1,250,0,1,0
TF,PB502,48.759250,1.774778,0, ,0.0,0.0,0.0,0.0,0,0,0,0,0,0,0,0
TF,PB504,48.776806,2.226250,0, ,0.0,0.0,0.0,0.0,0,0,0,0,0,0,0,0
TF,PB506,48.824667,2.485694,0, ,0.0,0.0,0.0,0.0,0,0,0,0,0,0,0,0
FM,PB506,48.824667,2.485694,0,BT,0.0,0.0,73.0,0,0,0,0,0,0,0,0
CF,INRUN,48.997833,3.079000,1,BT,85.5,24.7,265.0,1.0,2,3000,0,0,0,0,0,0
TF,NEGUR,48.992028,2.961500,0, ,0.0,0.0,0.0,0.0,2,3000,0,0,0,0,1,0

APPTR,R27,27,MOB6W
IF,MOBRO,49.455444,1.606444, ,0.0,0.0,1,7000,0,1,250,0,1,0
TF,BOV,49.436361,2.153194,0, ,0.0,0.0,0.0,0.0,0,0,0,0,0,0,0,0
TF,PG528,49.358611,2.533611,0, ,0.0,0.0,0.0,0.0,0,0,0,0,0,0,0,0
FM,PG528,49.358611,2.533611,0,BT,0.0,0.0,106.0,0,0,0,0,0,0,0,0
CF,INRUN,48.997833,3.079000,2,BT,85.5,24.7,265.0,1.0,2,3000,0,0,0,0,0,0
TF,NEGUR,48.992028,2.961500,0, ,0.0,0.0,0.0,0.0,2,3000,0,0,0,0,1,0

APPTR,R27,27,MOP6W
IF,MOPAR,49.291722,1.757278, ,0.0,0.0,4,12000,11000,1,300,0,1,0
TF,PG534,49.261722,2.387972,0, ,0.0,0.0,0.0,0.0,0,0,0,0,0,0,0,0
TF,CREIL,49.255278,2.514778,0, ,0.0,0.0,0.0,0.0,0,0,0,0,0,0,0,0
TF,PG536,49.231694,2.715000,0, ,0.0,0.0,0.0,0.0,0,0,0,0,0,0,0,0
FM,PG536,49.231694,2.715000,0,BT,0.0,0.0,99.0,0,0,0,0,0,0,0,0
CF,INRUN,48.997833,3.079000,2,BT,85.5,24.7,265.0,1.0,2,3000,0,0,0,0,0,0
TF,NEGUR,48.992028,2.961500,0, ,0.0,0.0,0.0,0.0,2,3000,0,0,0,0,1,0

APPTR,R27,27,OKA6W
IF,OKABO,48.549389,3.490389, ,0.0,0.0,1,7000,0,1,250,0,1,0
TF,DOBIK,48.613833,3.387111,0, ,0.0,0.0,0.0,0.0,0,0,0,0,0,0,0,0
TF,LIRSO,48.710222,3.332167,0, ,0.0,0.0,0.0,0.0,0,0,0,0,0,0,0,0
TF,PB508,48.790611,3.261750,0, ,0.0,0.0,0.0,0.0,0,0,0,0,0,0,0,0
FM,PB508,48.790611,3.261750,0,BT,0.0,0.0,329.0,0,0,0,0,0,0,0,0
CF,INRUN,48.997833,3.079000,0,BT,85.5,24.7,265.0,1.0,2,3000,0,0,0,0,0,0
TF,NEGUR,48.992028,2.961500,0, ,0.0,0.0,0.0,0.0,2,3000,0,0,0,0,1,0

APPTR,R27,27,VEB6W
IF,VEBEK,49.268611,3.683056, ,0.0,0.0,1,11000,0,1,250,0,1,0
TF,CTL,49.137750,3.577694,0, ,0.0,0.0,0.0,0.0,0,0,0,0,0,0,0,0
TF,PB510,49.044333,3.436222,0, ,0.0,0.0,0.0,0.0,0,0,0,0,0,0,0,0
FM,PB510,49.044333,3.436222,0,BT,0.0,0.0,224.0,0,0,0,0,0,0,0,0
CF,INRUN,48.997833,3.079000,0,BT,85.5,24.7,265.0,1.0,2,3000,0,0,0,0,0,0
TF,NEGUR,48.992028,2.961500,0, ,0.0,0.0,0.0,0.0,2,3000,0,0,0,0,1,0

FINAL,R27,27,R,3
IF,NEGUR,48.992028,2.961500, ,0.0,0.0,2,3000,0,0,0,0,0,0
TF,FPB27,48.976833,2.665694,0, ,0.0,0.0,265.0,11.7,1,3000,0,0,0,0,2,0
TF,RW27,48.965053,2.445547,0, ,0.0,0.0,264.0,8.7,1,219,0,0,0,0,3,1
TF,PB433,48.961889,2.387972,0, ,0.0,0.0,0.0,0.0,3,2000,0,1,185,0,0,0
TF,PB434,48.940250,2.273722,0, ,0.0,0.0,0.0,0.0,0,0,0,0,0,0,0,0
TF,PB435,49.002111,2.179556,0, ,0.0,0.0,0.0,0.0,3,3000,0,1,230,0,0,0

