SID,AGOP1P,27,5
CF,D349A,48.771853,2.097522,0,BT,228.5,18.7,267.0,4.0,0,0,0,0,0,0,0,0
TF,HOL,48.730583,1.820500,0, ,0.0,0.0,0.0,0.0,0,0,0,0,0,0,0,1
DF,PO271,48.481500,2.008667,1, ,0.0,0.0,3,10000,0,0,0,0,0,0
TF,ADADA,48.295000,2.003611,0, ,0.0,0.0,0.0,0.0,0,0,0,0,0,0,0,0
TF,AGOPA,48.083333,2.009722,0, ,0.0,0.0,0.0,0.0,0,0,0,0,0,0,0,0

SID,AGOP1V,27,5
CF,D349A,48.771853,2.097522,0,BT,228.5,18.7,267.0,4.0,0,0,0,0,0,0,0,0
TF,HOL,48.730583,1.820500,0, ,0.0,0.0,0.0,0.0,0,0,0,0,0,0,0,1
DF,PO271,48.481500,2.008667,1, ,0.0,0.0,3,10000,0,0,0,0,0,0
TF,ADADA,48.295000,2.003611,0, ,0.0,0.0,0.0,0.0,0,0,0,0,0,0,0,0
TF,AGOPA,48.083333,2.009722,0, ,0.0,0.0,0.0,0.0,0,0,0,0,0,0,0,0

SID,AGOP9A,09,5
CA,0,87.0,2,1000,0,0,0,0,0,0
CF,D316E,48.787936,2.308169,0,BT,206.5,12.6,75.0,3.0,0,0,0,0,0,0,0,1
CI,0, ,0.0,130.0,0,0,0,1,190,0,0,0
CF,POY,48.730139,2.389778,0,BT,189.0,14.9,160.0,4.0,0,0,0,0,0,0,0,1
DF,ABORO,48.524139,2.415083,0, ,0.0,0.0,0,0,0,0,0,0,0,0
TF,ADADA,48.295000,2.003611,0, ,0.0,0.0,0.0,0.0,0,0,0,0,0,0,0,0
TF,AGOPA,48.083333,2.009722,0, ,0.0,0.0,0.0,0.0,0,0,0,0,0,0,0,0

SID,AGOP9B,09,5
CA,0,87.0,2,1000,0,0,0,0,0,0
CF,D316E,48.787936,2.308169,0,BT,206.5,12.6,75.0,3.0,0,0,0,0,0,0,0,1
CI,0, ,0.0,130.0,0,0,0,1,190,0,0,0
CF,POY,48.730139,2.389778,0,BT,189.0,14.9,160.0,4.0,0,0,0,0,0,0,0,1
DF,ABORO,48.524139,2.415083,0, ,0.0,0.0,0,0,0,0,0,0,0,0
TF,ADADA,48.295000,2.003611,0, ,0.0,0.0,0.0,0.0,0,0,0,0,0,0,0,0
TF,AGOPA,48.083333,2.009722,0, ,0.0,0.0,0.0,0.0,0,0,0,0,0,0,0,0

SID,ATRE1P,27,5
CF,D349A,48.771853,2.097522,0,RBT,29.1,8.2,267.0,4.0,0,0,0,0,0,0,0,0
TF,HOL,48.730583,1.820500,0, ,0.0,0.0,0.0,0.0,0,0,0,0,0,0,0,1
DF,PO262,49.233389,2.026528,2, ,0.0,0.0,0,0,0,0,0,0,0,0
TF,BOV,49.436361,2.153194,0, ,0.0,0.0,0.0,0.0,0,0,0,0,0,0,0,0
TF,ATREX,49.785278,2.368611,0, ,0.0,0.0,0.0,0.0,0,0,0,0,0,0,0,0

SID,ATRE1V,27,5
CF,D349A,48.771853,2.097522,0,RBT,29.1,8.2,267.0,4.0,0,0,0,0,0,0,0,0
TF,D343F,48.750628,1.952292,0, ,0.0,0.0,0.0,0.0,0,0,0,0,0,0,0,1
CF,RBT,48.653944,1.994222,1,RBT,0.0,0.0,145.0,3.0,0,0,0,1,180,0,0,1
DF,PN290,48.481194,2.174222,0, ,0.0,0.0,3,10000,0,0,0,0,0,0
TF,PO302,48.524028,2.850500,0, ,0.0,0.0,0.0,0.0,0,0,0,0,0,0,0,0
TF,PO304,48.650417,3.068917,0, ,0.0,0.0,0.0,0.0,0,0,0,0,0,0,0,0
TF,PO306,48.871000,3.152833,0, ,0.0,0.0,0.0,0.0,0,0,0,0,0,0,0,0
TF,PB096,49.137000,2.937806,0, ,0.0,0.0,0.0,0.0,0,0,0,0,0,0,0,0
TF,ATREX,49.785278,2.368611,0, ,0.0,0.0,0.0,0.0,0,0,0,0,0,0,0,0

SID,ATRE9A,09,5
CA,0,87.0,2,1000,0,0,0,0,0,0
CF,D316E,48.787936,2.308169,0,BT,206.5,12.6,75.0,3.0,0,0,0,0,0,0,0,1
CI,0, ,0.0,130.0,0,0,0,1,190,0,0,0
CF,POY,48.730139,2.389778,0,BT,189.0,14.9,160.0,4.0,0,0,0,0,0,0,0,1
DF,PO183,48.640083,2.310000,0, ,0.0,0.0,0,0,0,0,0,0,0,0
TF,PO088,48.748389,2.013222,0, ,0.0,0.0,0.0,0.0,0,0,0,0,0,0,0,0
TF,PO090,49.136722,2.091778,0, ,0.0,0.0,0.0,0.0,0,0,0,0,0,0,0,0
TF,EGOZE,49.552639,2.489472,0, ,0.0,0.0,0.0,0.0,0,0,0,0,0,0,0,0
TF,ATREX,49.785278,2.368611,0, ,0.0,0.0,0.0,0.0,0,0,0,0,0,0,0,0

SID,ATRE9B,09,5
CA,0,87.0,2,1000,0,0,0,0,0,0
CF,D316E,48.787936,2.308169,0,BT,206.5,12.6,75.0,3.0,0,0,0,0,0,0,0,1
CI,0, ,0.0,130.0,0,0,0,1,190,0,0,0
CF,POY,48.730139,2.389778,0,BT,189.0,14.9,160.0,4.0,0,0,0,0,0,0,0,1
DF,PO183,48.640083,2.310000,0, ,0.0,0.0,0,0,0,0,0,0,0,0
TF,PO092,48.832722,1.779750,0, ,0.0,0.0,0.0,0.0,0,0,0,0,0,0,0,0
TF,PO262,49.233389,2.026528,0, ,0.0,0.0,0.0,0.0,0,0,0,0,0,0,0,0
TF,BOV,49.436361,2.153194,0, ,0.0,0.0,0.0,0.0,0,0,0,0,0,0,0,0
TF,ATREX,49.785278,2.368611,0, ,0.0,0.0,0.0,0.0,0,0,0,0,0,0,0,0

SID,BAXI1P,27,5
CF,D349A,48.771853,2.097522,0,RBT,29.1,8.2,267.0,4.0,0,0,0,0,0,0,0,0
TF,D343F,48.750628,1.952292,0, ,0.0,0.0,0.0,0.0,0,0,0,0,0,0,0,1
CF,RBT,48.653944,1.994222,1,RBT,0.0,0.0,145.0,3.0,0,0,0,1,180,0,0,1
DF,PN290,48.481194,2.174222,0, ,0.0,0.0,3,10000,0,0,0,0,0,0
TF,PO302,48.524028,2.850500,0, ,0.0,0.0,0.0,0.0,0,0,0,0,0,0,0,0
TF,BATAG,48.822806,3.372278,0, ,0.0,0.0,0.0,0.0,0,0,0,0,0,0,0,0
TF,BAXIR,48.790556,3.869917,0, ,0.0,0.0,0.0,0.0,0,0,0,0,0,0,0,0

SID,BAXI1V,27,5
CF,D349A,48.771853,2.097522,0,RBT,29.1,8.2,267.0,4.0,0,0,0,0,0,0,0,0
TF,D343F,48.750628,1.952292,0, ,0.0,0.0,0.0,0.0,0,0,0,0,0,0,0,1
CF,RBT,48.653944,1.994222,1,RBT,0.0,0.0,145.0,3.0,0,0,0,1,180,0,0,1
DF,PN290,48.481194,2.174222,0, ,0.0,0.0,3,10000,0,0,0,0,0,0
TF,PO302,48.524028,2.850500,0, ,0.0,0.0,0.0,0.0,0,0,0,0,0,0,0,0
TF,BATAG,48.822806,3.372278,0, ,0.0,0.0,0.0,0.0,0,0,0,0,0,0,0,0
TF,BAXIR,48.790556,3.869917,0, ,0.0,0.0,0.0,0.0,0,0,0,0,0,0,0,0

SID,BAXI9A,09,5
CA,0,87.0,2,1000,0,0,0,0,0,0
CF,PN072,48.822222,2.516944,0,BT,164.0,9.5,75.0,12.0,0,0,0,0,0,0,0,1
DF,PO084,48.776056,2.977472,0, ,0.0,0.0,0,0,0,0,0,0,0,0
TF,BATAG,48.822806,3.372278,0, ,0.0,0.0,0.0,0.0,0,0,0,0,0,0,0,0
TF,BAXIR,48.790556,3.869917,0, ,0.0,0.0,0.0,0.0,0,0,0,0,0,0,0,0

SID,BAXI9B,09,5
CA,0,87.0,2,1000,0,0,0,0,0,0
CF,PN072,48.822222,2.516944,0,BT,164.0,9.5,75.0,12.0,0,0,0,0,0,0,0,1
DF,PO084,48.776056,2.977472,0, ,0.0,0.0,0,0,0,0,0,0,0,0
TF,BATAG,48.822806,3.372278,0, ,0.0,0.0,0.0,0.0,0,0,0,0,0,0,0,0
TF,BAXIR,48.790556,3.869917,0, ,0.0,0.0,0.0,0.0,0,0,0,0,0,0,0,0

SID,BUBL1P,27,5
CF,D349A,48.771853,2.097522,0,RBT,29.1,8.2,267.0,4.0,0,0,0,0,0,0,0,0
TF,D343F,48.750628,1.952292,0, ,0.0,0.0,0.0,0.0,0,0,0,0,0,0,0,1
CF,RBT,48.653944,1.994222,1,RBT,0.0,0.0,145.0,3.0,0,0,0,1,180,0,0,1
DF,PN290,48.481194,2.174222,0, ,0.0,0.0,3,10000,0,0,0,0,0,0
TF,PO302,48.524028,2.850500,0, ,0.0,0.0,0.0,0.0,0,0,0,0,0,0,0,0
TF,BATAG,48.822806,3.372278,0, ,0.0,0.0,0.0,0.0,0,0,0,0,0,0,0,0
TF,BUBLI,48.771611,4.150000,0, ,0.0,0.0,0.0,0.0,0,0,0,0,0,0,0,0

SID,BUBL1V,27,5
CF,D349A,48.771853,2.097522,0,RBT,29.1,8.2,267.0,4.0,0,0,0,0,0,0,0,0
TF,D343F,48.750628,1.952292,0, ,0.0,0.0,0.0,0.0,0,0,0,0,0,0,0,1
CF,RBT,48.653944,1.994222,1,RBT,0.0,0.0,145.0,3.0,0,0,0,1,180,0,0,1
DF,PN290,48.481194,2.174222,0, ,0.0,0.0,3,10000,0,0,0,0,0,0
TF,PO302,48.524028,2.850500,0, ,0.0,0.0,0.0,0.0,0,0,0,0,0,0,0,0
TF,BATAG,48.822806,3.372278,0, ,0.0,0.0,0.0,0.0,0,0,0,0,0,0,0,0
TF,BUBLI,48.771611,4.150000,0, ,0.0,0.0,0.0,0.0,0,0,0,0,0,0,0,0

SID,BUBL9A,09,5
CA,0,87.0,2,1000,0,0,0,0,0,0
CF,PN072,48.822222,2.516944,0,BT,164.0,9.5,75.0,12.0,0,0,0,0,0,0,0,1
DF,PO084,48.776056,2.977472,0, ,0.0,0.0,0,0,0,0,0,0,0,0
TF,BATAG,48.822806,3.372278,0, ,0.0,0.0,0.0,0.0,0,0,0,0,0,0,0,0
TF,BUBLI,48.771611,4.150000,0, ,0.0,0.0,0.0,0.0,0,0,0,0,0,0,0,0

SID,BUBL9B,09,5
CA,0,87.0,2,1000,0,0,0,0,0,0
CF,PN072,48.822222,2.516944,0,BT,164.0,9.5,75.0,12.0,0,0,0,0,0,0,0,1
DF,PO084,48.776056,2.977472,0, ,0.0,0.0,0,0,0,0,0,0,0,0
TF,BATAG,48.822806,3.372278,0, ,0.0,0.0,0.0,0.0,0,0,0,0,0,0,0,0
TF,BUBLI,48.771611,4.150000,0, ,0.0,0.0,0.0,0.0,0,0,0,0,0,0,0,0

SID,DIKO1P,27,5
CF,D349A,48.771853,2.097522,0,RBT,29.1,8.2,267.0,4.0,0,0,0,0,0,0,0,0
TF,D343F,48.750628,1.952292,0, ,0.0,0.0,0.0,0.0,0,0,0,0,0,0,0,1
CF,RBT,48.653944,1.994222,1,RBT,0.0,0.0,145.0,3.0,0,0,0,1,180,0,0,1
DF,PN290,48.481194,2.174222,0, ,0.0,0.0,3,10000,0,0,0,0,0,0
TF,PO302,48.524028,2.850500,0, ,0.0,0.0,0.0,0.0,0,0,0,0,0,0,0,0
TF,BATAG,48.822806,3.372278,0, ,0.0,0.0,0.0,0.0,0,0,0,0,0,0,0,0
TF,DIKOL,49.137500,4.049167,0, ,0.0,0.0,0.0,0.0,0,0,0,0,0,0,0,0

SID,DIKO1V,27,5
CF,D349A,48.771853,2.097522,0,RBT,29.1,8.2,267.0,4.0,0,0,0,0,0,0,0,0
TF,D343F,48.750628,1.952292,0, ,0.0,0.0,0.0,0.0,0,0,0,0,0,0,0,1
CF,RBT,48.653944,1.994222,1,RBT,0.0,0.0,145.0,3.0,0,0,0,1,180,0,0,1
DF,PN290,48.481194,2.174222,0, ,0.0,0.0,3,10000,0,0,0,0,0,0
TF,PO302,48.524028,2.850500,0, ,0.0,0.0,0.0,0.0,0,0,0,0,0,0,0,0
TF,BATAG,48.822806,3.372278,0, ,0.0,0.0,0.0,0.0,0,0,0,0,0,0,0,0
TF,DIKOL,49.137500,4.049167,0, ,0.0,0.0,0.0,0.0,0,0,0,0,0,0,0,0

SID,DIKO9A,09,5
CA,0,87.0,2,1000,0,0,0,0,0,0
CF,PN072,48.822222,2.516944,0,BT,164.0,9.5,75.0,12.0,0,0,0,0,0,0,0,1
DF,PO084,48.776056,2.977472,0, ,0.0,0.0,0,0,0,0,0,0,0,0
TF,BATAG,48.822806,3.372278,0, ,0.0,0.0,0.0,0.0,0,0,0,0,0,0,0,0
TF,DIKOL,49.137500,4.049167,0, ,0.0,0.0,0.0,0.0,0,0,0,0,0,0,0,0

SID,DIKO9B,09,5
CA,0,87.0,2,1000,0,0,0,0,0,0
CF,PN072,48.822222,2.516944,0,BT,164.0,9.5,75.0,12.0,0,0,0,0,0,0,0,1
DF,PO084,48.776056,2.977472,0, ,0.0,0.0,0,0,0,0,0,0,0,0
TF,BATAG,48.822806,3.372278,0, ,0.0,0.0,0.0,0.0,0,0,0,0,0,0,0,0
TF,DIKOL,49.137500,4.049167,0, ,0.0,0.0,0.0,0.0,0,0,0,0,0,0,0,0

SID,DORD1P,27,2
CF,D349A,48.771853,2.097522,0,BT,228.5,18.7,267.0,4.0,0,0,0,0,0,0,0,0
TF,D343F,48.750628,1.952292,0, ,0.0,0.0,0.0,0.0,0,0,0,1,180,0,0,1
CF,RBT,48.653944,1.994222,1,RBT,0.0,0.0,145.0,5.0,0,0,0,0,0,0,0,0
TF,D150L,48.485656,2.132014,0, ,0.0,0.0,0.0,0.0,0,0,0,0,0,0,0,1
CF,D270J,48.458292,2.575431,0,MLN,270.0,9.5,90.0,17.0,0,0,0,0,0,0,0,1
CF,DORDI,48.220000,2.791944,0,BT,162.4,47.3,151.0,16.0,0,0,0,0,0,0,0,0

SID,DORD1V,27,2
CF,D349A,48.771853,2.097522,0,BT,228.5,18.7,267.0,4.0,0,0,0,0,0,0,0,0
TF,D343F,48.750628,1.952292,0, ,0.0,0.0,0.0,0.0,0,0,0,1,180,0,0,1
CF,RBT,48.653944,1.994222,1,RBT,0.0,0.0,145.0,5.0,0,0,0,0,0,0,0,0
TF,D150L,48.485656,2.132014,0, ,0.0,0.0,0.0,0.0,0,0,0,0,0,0,0,1
CF,D270J,48.458292,2.575431,0,MLN,270.0,9.5,90.0,17.0,0,0,0,0,0,0,0,1
CF,DORDI,48.220000,2.791944,0,BT,162.4,47.3,151.0,16.0,0,0,0,0,0,0,0,0

SID,DORD9A,09,2
CA,0,87.0,2,1000,0,0,0,0,0,0
CF,PN072,48.822222,2.516944,0,BT,164.0,9.5,75.0,12.0,0,0,0,0,0,0,0,1
CR,0,MLN,355.0,100.0,0,0,0,0,0,0,0,0
CF,MLN,48.455778,2.813278,0,MLN,0.0,0.0,180.0,17.9,0,0,0,0,0,0,0,0
TF,DORDI,48.220000,2.791944,0, ,0.0,0.0,0.0,0.0,0,0,0,0,0,0,0,0

SID,DORD9B,09,2
CA,0,87.0,2,1000,0,0,0,0,0,0
CF,PN072,48.822222,2.516944,0,BT,164.0,9.5,75.0,12.0,0,0,0,0,0,0,0,1
CR,0,MLN,355.0,100.0,0,0,0,0,0,0,0,0
CF,MLN,48.455778,2.813278,0,MLN,0.0,0.0,180.0,17.9,0,0,0,0,0,0,0,0
TF,DORDI,48.220000,2.791944,0, ,0.0,0.0,0.0,0.0,0,0,0,0,0,0,0,0

SID,ERIX1P,27,5
CF,D349A,48.771853,2.097522,0,BT,228.5,18.7,267.0,4.0,0,0,0,0,0,0,0,0
TF,HOL,48.730583,1.820500,0, ,0.0,0.0,0.0,0.0,0,0,0,0,0,0,0,1
DF,PO271,48.481500,2.008667,1, ,0.0,0.0,3,10000,0,0,0,0,0,0
TF,EDOXA,48.290833,2.209444,0, ,0.0,0.0,0.0,0.0,0,0,0,0,0,0,0,0
TF,ERIXU,48.083333,2.259722,0, ,0.0,0.0,0.0,0.0,0,0,0,0,0,0,0,0

SID,ERIX1V,27,5
CF,D349A,48.771853,2.097522,0,BT,228.5,18.7,267.0,4.0,0,0,0,0,0,0,0,0
TF,HOL,48.730583,1.820500,0, ,0.0,0.0,0.0,0.0,0,0,0,0,0,0,0,1
DF,PO271,48.481500,2.008667,1, ,0.0,0.0,3,10000,0,0,0,0,0,0
TF,EDOXA,48.290833,2.209444,0, ,0.0,0.0,0.0,0.0,0,0,0,0,0,0,0,0
TF,ERIXU,48.083333,2.259722,0, ,0.0,0.0,0.0,0.0,0,0,0,0,0,0,0,0

SID,ERIX9A,09,5
CA,0,87.0,2,1000,0,0,0,0,0,0
CF,D316E,48.787936,2.308169,0,BT,206.5,12.6,75.0,3.0,0,0,0,0,0,0,0,1
CI,0, ,0.0,130.0,0,0,0,1,190,0,0,0
CF,POY,48.730139,2.389778,0,BT,189.0,14.9,160.0,4.0,0,0,0,0,0,0,0,1
DF,ABORO,48.524139,2.415083,0, ,0.0,0.0,0,0,0,0,0,0,0,0
TF,EDOXA,48.290833,2.209444,0, ,0.0,0.0,0.0,0.0,0,0,0,0,0,0,0,0
TF,ERIXU,48.083333,2.259722,0, ,0.0,0.0,0.0,0.0,0,0,0,0,0,0,0,0

SID,ERIX9B,09,5
CA,0,87.0,2,1000,0,0,0,0,0,0
CF,D316E,48.787936,2.308169,0,BT,206.5,12.6,75.0,3.0,0,0,0,0,0,0,0,1
CI,0, ,0.0,130.0,0,0,0,1,190,0,0,0
CF,POY,48.730139,2.389778,0,BT,189.0,14.9,160.0,4.0,0,0,0,0,0,0,0,1
DF,ABORO,48.524139,2.415083,0, ,0.0,0.0,0,0,0,0,0,0,0,0
TF,EDOXA,48.290833,2.209444,0, ,0.0,0.0,0.0,0.0,0,0,0,0,0,0,0,0
TF,ERIXU,48.083333,2.259722,0, ,0.0,0.0,0.0,0.0,0,0,0,0,0,0,0,0

SID,EVX1P,27,2
CF,D349A,48.771853,2.097522,0,RBT,29.1,8.2,267.0,4.0,0,0,0,0,0,0,0,0
TF,HOL,48.730583,1.820500,0, ,0.0,0.0,0.0,0.0,0,0,0,0,0,0,0,0
TF,D274L,48.745706,1.523244,0, ,0.0,0.0,0.0,0.0,0,0,0,0,0,0,0,1
CF,EVX,49.031694,1.220861,0,RBT,305.8,38.1,327.0,20.0,0,0,0,0,0,0,0,0

SID,EVX1V,27,2
CF,D349A,48.771853,2.097522,0,RBT,29.1,8.2,267.0,4.0,0,0,0,0,0,0,0,0
TF,HOL,48.730583,1.820500,0, ,0.0,0.0,0.0,0.0,0,0,0,0,0,0,0,0
TF,D274L,48.745706,1.523244,0, ,0.0,0.0,0.0,0.0,0,0,0,0,0,0,0,1
CF,EVX,49.031694,1.220861,0,RBT,305.8,38.1,327.0,20.0,0,0,0,0,0,0,0,0

SID,EVX9A,09,2
CA,0,87.0,2,1000,0,0,0,0,0,0
CF,D316E,48.787936,2.308169,0,BT,206.5,12.6,75.0,3.0,0,0,0,0,0,0,0,1
CI,0, ,0.0,130.0,0,0,0,1,190,0,0,0
CF,POY,48.730139,2.389778,0,BT,189.0,14.9,160.0,4.0,0,0,0,0,0,0,0,1
TF,D201E,48.645469,2.338161,0, ,0.0,0.0,0.0,0.0,0,0,0,0,0,0,0,1
CF,RBT,48.653944,1.994222,0,RBT,0.0,0.0,277.0,13.0,0,0,0,0,0,0,0,0
FD,RBT,48.653944,1.994222,0,RBT,0.0,17.5,277.0,17.5,0,0,0,0,0,0,0,0
CF,EVX,49.031694,1.220861,0,RBT,305.8,38.1,327.0,23.0,0,0,0,0,0,0,0,0

SID,EVX9B,09,2
CA,0,87.0,2,1000,0,0,0,0,0,0
CF,D316E,48.787936,2.308169,0,BT,206.5,12.6,75.0,3.0,0,0,0,0,0,0,0,1
CI,0, ,0.0,130.0,0,0,0,1,190,0,0,0
CF,POY,48.730139,2.389778,0,BT,189.0,14.9,160.0,4.0,0,0,0,0,0,0,0,1
TF,D201E,48.645469,2.338161,0, ,0.0,0.0,0.0,0.0,0,0,0,0,0,0,0,1
CF,RBT,48.653944,1.994222,0,RBT,0.0,0.0,277.0,13.0,0,0,0,0,0,0,0,0
FD,RBT,48.653944,1.994222,0,RBT,0.0,20.1,285.0,20.1,0,0,0,0,0,0,0,0
CF,EVX,49.031694,1.220861,0,RBT,305.8,38.1,327.0,19.0,0,0,0,0,0,0,0,0

SID,LATR1P,27,5
CF,D349A,48.771853,2.097522,0,BT,228.5,18.7,267.0,4.0,0,0,0,0,0,0,0,0
TF,D343F,48.750628,1.952292,0, ,0.0,0.0,0.0,0.0,0,0,0,0,0,0,0,1
CF,RBT,48.653944,1.994222,1,RBT,0.0,0.0,145.0,3.0,0,0,0,1,180,0,0,1
DF,PN290,48.481194,2.174222,0, ,0.0,0.0,3,10000,0,0,0,0,0,0
TF,LALUX,48.286389,2.408889,0, ,0.0,0.0,0.0,0.0,0,0,0,0,0,0,0,0
TF,LATRA,48.083333,2.516667,0, ,0.0,0.0,0.0,0.0,0,0,0,0,0,0,0,0

SID,LATR1V,27,5
CF,D349A,48.771853,2.097522,0,BT,228.5,18.7,267.0,4.0,0,0,0,0,0,0,0,0
TF,D343F,48.750628,1.952292,0, ,0.0,0.0,0.0,0.0,0,0,0,0,0,0,0,1
CF,RBT,48.653944,1.994222,1,RBT,0.0,0.0,145.0,3.0,0,0,0,1,180,0,0,1
DF,PN290,48.481194,2.174222,0, ,0.0,0.0,3,10000,0,0,0,0,0,0
TF,LALUX,48.286389,2.408889,0, ,0.0,0.0,0.0,0.0,0,0,0,0,0,0,0,0
TF,LATRA,48.083333,2.516667,0, ,0.0,0.0,0.0,0.0,0,0,0,0,0,0,0,0

SID,LATR9A,09,5
CA,0,87.0,2,1000,0,0,0,0,0,0
CF,D316E,48.787936,2.308169,0,BT,206.5,12.6,75.0,3.0,0,0,0,0,0,0,0,1
CI,0, ,0.0,130.0,0,0,0,1,190,0,0,0
CF,POY,48.730139,2.389778,0,BT,189.0,14.9,160.0,4.0,0,0,0,0,0,0,0,1
DF,OBAMO,48.460472,2.487944,0, ,0.0,0.0,0,0,0,0,0,0,0,0
TF,LALUX,48.286389,2.408889,0, ,0.0,0.0,0.0,0.0,0,0,0,0,0,0,0,0
TF,LATRA,48.083333,2.516667,0, ,0.0,0.0,0.0,0.0,0,0,0,0,0,0,0,0

SID,LATR9B,09,5
CA,0,87.0,2,1000,0,0,0,0,0,0
CF,D316E,48.787936,2.308169,0,BT,206.5,12.6,75.0,3.0,0,0,0,0,0,0,0,1
CI,0, ,0.0,130.0,0,0,0,1,190,0,0,0
CF,POY,48.730139,2.389778,0,BT,189.0,14.9,160.0,4.0,0,0,0,0,0,0,0,1
DF,OBAMO,48.460472,2.487944,0, ,0.0,0.0,0,0,0,0,0,0,0,0
TF,LALUX,48.286389,2.408889,0, ,0.0,0.0,0.0,0.0,0,0,0,0,0,0,0,0
TF,LATRA,48.083333,2.516667,0, ,0.0,0.0,0.0,0.0,0,0,0,0,0,0,0,0

SID,LGL1P,27,2
CF,D349A,48.771853,2.097522,0,BT,228.5,18.7,267.0,4.0,0,0,0,0,0,0,0,0
TF,HOL,48.730583,1.820500,0, ,0.0,0.0,0.0,0.0,0,0,0,0,0,0,0,0
TF,LGL,48.790611,0.530278,0, ,0.0,0.0,0.0,0.0,0,0,0,0,0,0,0,0

SID,LGL1V,27,2
CF,D349A,48.771853,2.097522,0,BT,228.5,18.7,267.0,4.0,0,0,0,0,0,0,0,0
TF,HOL,48.730583,1.820500,0, ,0.0,0.0,0.0,0.0,0,0,0,0,0,0,0,0
TF,LGL,48.790611,0.530278,0, ,0.0,0.0,0.0,0.0,0,0,0,0,0,0,0,0

SID,LGL9A,09,2
CA,0,87.0,2,1000,0,0,0,0,0,0
CF,D316E,48.787936,2.308169,0,BT,206.5,12.6,75.0,3.0,0,0,0,0,0,0,0,1
CI,0, ,0.0,130.0,0,0,0,1,190,0,0,0
CF,POY,48.730139,2.389778,0,BT,189.0,14.9,160.0,4.0,0,0,0,0,0,0,0,1
TF,D201E,48.645469,2.338161,0, ,0.0,0.0,0.0,0.0,0,0,0,0,0,0,0,1
CF,RBT,48.653944,1.994222,0,RBT,0.0,0.0,277.0,13.0,0,0,0,0,0,0,0,0
TF,LGL,48.790611,0.530278,0, ,0.0,0.0,0.0,0.0,0,0,0,0,0,0,0,0

SID,LGL9B,09,2
CA,0,87.0,2,1000,0,0,0,0,0,0
CF,D316E,48.787936,2.308169,0,BT,206.5,12.6,75.0,3.0,0,0,0,0,0,0,0,1
CI,0, ,0.0,130.0,0,0,0,1,190,0,0,0
CF,POY,48.730139,2.389778,0,BT,189.0,14.9,160.0,4.0,0,0,0,0,0,0,0,1
TF,D201E,48.645469,2.338161,0, ,0.0,0.0,0.0,0.0,0,0,0,0,0,0,0,1
CF,RBT,48.653944,1.994222,0,RBT,0.0,0.0,277.0,13.0,0,0,0,0,0,0,0,0
FD,RBT,48.653944,1.994222,0,RBT,0.0,20.1,285.0,20.1,0,0,0,0,0,0,0,0
CF,LGL,48.790611,0.530278,0,RBT,277.6,58.7,273.0,38.0,0,0,0,0,0,0,0,0

SID,MONO1P,27,2
CF,D349A,48.771853,2.097522,0,BT,228.5,18.7,267.0,4.0,0,0,0,0,0,0,0,0
TF,D343F,48.750628,1.952292,0, ,0.0,0.0,0.0,0.0,0,0,0,1,180,0,0,1
CF,RBT,48.653944,1.994222,1,RBT,0.0,0.0,145.0,5.0,0,0,0,0,0,0,0,0
TF,MONOT,48.083333,2.457222,0, ,0.0,0.0,0.0,0.0,0,0,0,0,0,0,0,0

SID,MONO1V,27,2
CF,D349A,48.771853,2.097522,0,BT,228.5,18.7,267.0,4.0,0,0,0,0,0,0,0,0
TF,D343F,48.750628,1.952292,0, ,0.0,0.0,0.0,0.0,0,0,0,1,180,0,0,1
CF,RBT,48.653944,1.994222,1,RBT,0.0,0.0,145.0,5.0,0,0,0,0,0,0,0,0
TF,MONOT,48.083333,2.457222,0, ,0.0,0.0,0.0,0.0,0,0,0,0,0,0,0,0

SID,MONO9A,09,2
CA,0,87.0,2,1000,0,0,0,0,0,0
CF,D316E,48.787936,2.308169,0,BT,206.5,12.6,75.0,3.0,0,0,0,0,0,0,0,1
CI,0, ,0.0,130.0,0,0,0,1,190,0,0,0
CF,POY,48.730139,2.389778,0,BT,189.0,14.9,160.0,4.0,0,0,0,0,0,0,0,1
TF,MONOT,48.083333,2.457222,0, ,0.0,0.0,0.0,0.0,0,0,0,0,0,0,0,0

SID,MONO9B,09,2
CA,0,87.0,2,1000,0,0,0,0,0,0
CF,D316E,48.787936,2.308169,0,BT,206.5,12.6,75.0,3.0,0,0,0,0,0,0,0,1
CI,0, ,0.0,130.0,0,0,0,1,190,0,0,0
CF,POY,48.730139,2.389778,0,BT,189.0,14.9,160.0,4.0,0,0,0,0,0,0,0,1
TF,MONOT,48.083333,2.457222,0, ,0.0,0.0,0.0,0.0,0,0,0,0,0,0,0,0

SID,NURM1P,27,5
CF,D349A,48.771853,2.097522,0,RBT,29.1,8.2,267.0,4.0,0,0,0,0,0,0,0,0
TF,HOL,48.730583,1.820500,0, ,0.0,0.0,0.0,0.0,0,0,0,0,0,0,0,1
DF,PO262,49.233389,2.026528,2, ,0.0,0.0,0,0,0,0,0,0,0,0
TF,EGOZE,49.552639,2.489472,0, ,0.0,0.0,0.0,0.0,0,0,0,0,0,0,0,0
TF,NURMO,49.826111,2.755278,0, ,0.0,0.0,0.0,0.0,0,0,0,0,0,0,0,0

SID,NURM1V,27,5
CF,D349A,48.771853,2.097522,0,RBT,29.1,8.2,267.0,4.0,0,0,0,0,0,0,0,0
TF,D343F,48.750628,1.952292,0, ,0.0,0.0,0.0,0.0,0,0,0,0,0,0,0,1
CF,RBT,48.653944,1.994222,1,RBT,0.0,0.0,145.0,3.0,0,0,0,1,180,0,0,1
DF,PN290,48.481194,2.174222,0, ,0.0,0.0,3,10000,0,0,0,0,0,0
TF,PO302,48.524028,2.850500,0, ,0.0,0.0,0.0,0.0,0,0,0,0,0,0,0,0
TF,PO304,48.650417,3.068917,0, ,0.0,0.0,0.0,0.0,0,0,0,0,0,0,0,0
TF,PO306,48.871000,3.152833,0, ,0.0,0.0,0.0,0.0,0,0,0,0,0,0,0,0
TF,PB096,49.137000,2.937806,0, ,0.0,0.0,0.0,0.0,0,0,0,0,0,0,0,0
TF,NURMO,49.826111,2.755278,0, ,0.0,0.0,0.0,0.0,0,0,0,0,0,0,0,0

SID,NURM9A,09,5
CA,0,87.0,2,1000,0,0,0,0,0,0
CF,D316E,48.787936,2.308169,0,BT,206.5,12.6,75.0,3.0,0,0,0,0,0,0,0,1
CI,0, ,0.0,130.0,0,0,0,1,190,0,0,0
CF,POY,48.730139,2.389778,0,BT,189.0,14.9,160.0,4.0,0,0,0,0,0,0,0,1
DF,PO183,48.640083,2.310000,0, ,0.0,0.0,0,0,0,0,0,0,0,0
TF,PO088,48.748389,2.013222,0, ,0.0,0.0,0.0,0.0,0,0,0,0,0,0,0,0
TF,PO090,49.136722,2.091778,0, ,0.0,0.0,0.0,0.0,0,0,0,0,0,0,0,0
TF,EGOZE,49.552639,2.489472,0, ,0.0,0.0,0.0,0.0,0,0,0,0,0,0,0,0
TF,NURMO,49.826111,2.755278,0, ,0.0,0.0,0.0,0.0,0,0,0,0,0,0,0,0

SID,NURM9B,09,5
CA,0,87.0,2,1000,0,0,0,0,0,0
CF,D316E,48.787936,2.308169,0,BT,206.5,12.6,75.0,3.0,0,0,0,0,0,0,0,1
CI,0, ,0.0,130.0,0,0,0,1,190,0,0,0
CF,POY,48.730139,2.389778,0,BT,189.0,14.9,160.0,4.0,0,0,0,0,0,0,0,1
DF,PO183,48.640083,2.310000,0, ,0.0,0.0,0,0,0,0,0,0,0,0
TF,PO092,48.832722,1.779750,0, ,0.0,0.0,0.0,0.0,0,0,0,0,0,0,0,0
TF,PO262,49.233389,2.026528,0, ,0.0,0.0,0.0,0.0,0,0,0,0,0,0,0,0
TF,EGOZE,49.552639,2.489472,0, ,0.0,0.0,0.0,0.0,0,0,0,0,0,0,0,0
TF,NURMO,49.826111,2.755278,0, ,0.0,0.0,0.0,0.0,0,0,0,0,0,0,0,0

SID,OB1P,27,2
CF,D349A,48.771853,2.097522,0,BT,228.5,18.7,267.0,4.0,0,0,0,0,0,0,0,1
CF,D310T,48.971197,1.721261,0,BT,268.9,29.0,310.0,19.0,0,0,0,0,0,0,0,1
CF,EPR41,49.305853,1.747556,0,EPR,4.0,41.0,4.0,20.0,0,0,0,0,0,0,0,1
CF,BOV,49.436361,2.153194,0,BOV,0.0,0.0,67.0,19.0,0,0,0,0,0,0,0,0

SID,OB1V,27,2
CF,D349A,48.771853,2.097522,0,BT,228.5,18.7,267.0,4.0,0,0,0,0,0,0,0,1
CF,D310T,48.971197,1.721261,0,BT,268.9,29.0,310.0,19.0,0,0,0,0,0,0,0,1
CF,EPR41,49.305853,1.747556,0,EPR,4.0,41.0,4.0,20.0,0,0,0,0,0,0,0,1
CF,BOV,49.436361,2.153194,0,BOV,0.0,0.0,67.0,19.0,0,0,0,0,0,0,0,0

SID,OB9A,09,2
CA,0,87.0,2,1000,0,0,0,0,0,0
CF,POY30,48.981453,1.723408,1,BT,270.1,28.9,299.0,22.0,0,0,0,0,0,0,0,1
CF,EPR41,49.305853,1.747556,0,EPR,4.0,41.0,4.0,20.0,0,0,0,0,0,0,0,1
CF,BOV,49.436361,2.153194,0,BOV,0.0,0.0,67.0,19.0,0,0,0,0,0,0,0,0

SID,OB9B,09,2
CA,0,87.0,2,1000,0,0,0,0,0,0
CF,POY30,48.981453,1.723408,1,BT,270.1,28.9,299.0,22.0,0,0,0,0,0,0,0,1
CF,EPR41,49.305853,1.747556,0,EPR,4.0,41.0,4.0,20.0,0,0,0,0,0,0,0,1
CF,BOV,49.436361,2.153194,0,BOV,0.0,0.0,67.0,19.0,0,0,0,0,0,0,0,0

SID,OKAS1P,27,5
CF,D349A,48.771853,2.097522,0,BT,228.5,18.7,267.0,4.0,0,0,0,0,0,0,0,0
TF,D343F,48.750628,1.952292,0, ,0.0,0.0,0.0,0.0,0,0,0,0,0,0,0,1
CF,RBT,48.653944,1.994222,1,RBT,0.0,0.0,145.0,3.0,0,0,0,1,180,0,0,1
DF,PN290,48.481194,2.174222,0, ,0.0,0.0,3,10000,0,0,0,0,0,0
TF,ODEBU,48.281111,2.626111,0, ,0.0,0.0,0.0,0.0,0,0,0,0,0,0,0,0
TF,OKASI,48.083333,2.777778,0, ,0.0,0.0,0.0,0.0,0,0,0,0,0,0,0,0

SID,OKAS1V,27,5
CF,D349A,48.771853,2.097522,0,BT,228.5,18.7,267.0,4.0,0,0,0,0,0,0,0,0
TF,D343F,48.750628,1.952292,0, ,0.0,0.0,0.0,0.0,0,0,0,0,0,0,0,1
CF,RBT,48.653944,1.994222,1,RBT,0.0,0.0,145.0,3.0,0,0,0,1,180,0,0,1
DF,PN290,48.481194,2.174222,0, ,0.0,0.0,3,10000,0,0,0,0,0,0
TF,ODEBU,48.281111,2.626111,0, ,0.0,0.0,0.0,0.0,0,0,0,0,0,0,0,0
TF,OKASI,48.083333,2.777778,0, ,0.0,0.0,0.0,0.0,0,0,0,0,0,0,0,0

SID,OKAS9A,09,5
CA,0,87.0,2,1000,0,0,0,0,0,0
CF,D316E,48.787936,2.308169,0,BT,206.5,12.6,75.0,3.0,0,0,0,0,0,0,0,1
CI,0, ,0.0,130.0,0,0,0,1,190,0,0,0
CF,POY,48.730139,2.389778,0,BT,189.0,14.9,160.0,4.0,0,0,0,0,0,0,0,1
DF,OBAMO,48.460472,2.487944,0, ,0.0,0.0,0,0,0,0,0,0,0,0
TF,ODEBU,48.281111,2.626111,0, ,0.0,0.0,0.0,0.0,0,0,0,0,0,0,0,0
TF,OKASI,48.083333,2.777778,0, ,0.0,0.0,0.0,0.0,0,0,0,0,0,0,0,0

SID,OKAS9B,09,5
CA,0,87.0,2,1000,0,0,0,0,0,0
CF,D316E,48.787936,2.308169,0,BT,206.5,12.6,75.0,3.0,0,0,0,0,0,0,0,1
CI,0, ,0.0,130.0,0,0,0,1,190,0,0,0
CF,POY,48.730139,2.389778,0,BT,189.0,14.9,160.0,4.0,0,0,0,0,0,0,0,1
DF,OBAMO,48.460472,2.487944,0, ,0.0,0.0,0,0,0,0,0,0,0,0
TF,ODEBU,48.281111,2.626111,0, ,0.0,0.0,0.0,0.0,0,0,0,0,0,0,0,0
TF,OKASI,48.083333,2.777778,0, ,0.0,0.0,0.0,0.0,0,0,0,0,0,0,0,0

SID,OPAL1P,27,5
CF,D349A,48.771853,2.097522,0,RBT,29.1,8.2,267.0,4.0,0,0,0,0,0,0,0,0
TF,HOL,48.730583,1.820500,0, ,0.0,0.0,0.0,0.0,0,0,0,0,0,0,0,1
DF,PO262,49.233389,2.026528,2, ,0.0,0.0,0,0,0,0,0,0,0,0
TF,BOV,49.436361,2.153194,0, ,0.0,0.0,0.0,0.0,0,0,0,0,0,0,0,0
TF,OPALE,49.899750,1.885083,0, ,0.0,0.0,0.0,0.0,0,0,0,0,0,0,0,0

SID,OPAL1V,27,5
CF,D349A,48.771853,2.097522,0,RBT,29.1,8.2,267.0,4.0,0,0,0,0,0,0,0,0
TF,D343F,48.750628,1.952292,0, ,0.0,0.0,0.0,0.0,0,0,0,0,0,0,0,1
CF,RBT,48.653944,1.994222,1,RBT,0.0,0.0,145.0,3.0,0,0,0,1,180,0,0,1
DF,PN290,48.481194,2.174222,0, ,0.0,0.0,3,10000,0,0,0,0,0,0
TF,PO302,48.524028,2.850500,0, ,0.0,0.0,0.0,0.0,0,0,0,0,0,0,0,0
TF,PO304,48.650417,3.068917,0, ,0.0,0.0,0.0,0.0,0,0,0,0,0,0,0,0
TF,PO306,48.871000,3.152833,0, ,0.0,0.0,0.0,0.0,0,0,0,0,0,0,0,0
TF,PB096,49.137000,2.937806,0, ,0.0,0.0,0.0,0.0,0,0,0,0,0,0,0,0
TF,OPALE,49.899750,1.885083,0, ,0.0,0.0,0.0,0.0,0,0,0,0,0,0,0,0

SID,OPAL9A,09,5
CA,0,87.0,2,1000,0,0,0,0,0,0
CF,D316E,48.787936,2.308169,0,BT,206.5,12.6,75.0,3.0,0,0,0,0,0,0,0,1
CI,0, ,0.0,130.0,0,0,0,1,190,0,0,0
CF,POY,48.730139,2.389778,0,BT,189.0,14.9,160.0,4.0,0,0,0,0,0,0,0,1
DF,PO183,48.640083,2.310000,0, ,0.0,0.0,0,0,0,0,0,0,0,0
TF,PO088,48.748389,2.013222,0, ,0.0,0.0,0.0,0.0,0,0,0,0,0,0,0,0
TF,PO090,49.136722,2.091778,0, ,0.0,0.0,0.0,0.0,0,0,0,0,0,0,0,0
TF,BOV,49.436361,2.153194,0, ,0.0,0.0,0.0,0.0,0,0,0,0,0,0,0,0
TF,OPALE,49.899750,1.885083,0, ,0.0,0.0,0.0,0.0,0,0,0,0,0,0,0,0

SID,OPAL9B,09,5
CA,0,87.0,2,1000,0,0,0,0,0,0
CF,D316E,48.787936,2.308169,0,BT,206.5,12.6,75.0,3.0,0,0,0,0,0,0,0,1
CI,0, ,0.0,130.0,0,0,0,1,190,0,0,0
CF,POY,48.730139,2.389778,0,BT,189.0,14.9,160.0,4.0,0,0,0,0,0,0,0,1
DF,PO183,48.640083,2.310000,0, ,0.0,0.0,0,0,0,0,0,0,0,0
TF,PO092,48.832722,1.779750,0, ,0.0,0.0,0.0,0.0,0,0,0,0,0,0,0,0
TF,PO262,49.233389,2.026528,0, ,0.0,0.0,0.0,0.0,0,0,0,0,0,0,0,0
TF,BOV,49.436361,2.153194,0, ,0.0,0.0,0.0,0.0,0,0,0,0,0,0,0,0
TF,OPALE,49.899750,1.885083,0, ,0.0,0.0,0.0,0.0,0,0,0,0,0,0,0,0

SID,PB1P,27,2
CF,D349A,48.771853,2.097522,0,BT,228.5,18.7,267.0,4.0,0,0,0,0,0,0,0,1
CF,HOL,48.730583,1.820500,0,BT,239.0,29.1,256.0,11.0,0,0,0,0,0,0,0,1
CF,TSU,48.753722,2.102361,2,BT,225.6,19.3,107.0,11.0,0,0,0,0,0,0,0,0
CR,0,BT,137.0,73.0,0,0,0,0,0,0,0,0
VM,0,0,0,73.0,0,0,0,0,0,0,0,0

SID,PB1V,27,2
CF,D349A,48.771853,2.097522,0,BT,228.5,18.7,267.0,4.0,0,0,0,0,0,0,0,1
CF,D310E,48.805114,2.012797,0,BT,239.0,20.3,310.0,3.0,0,0,0,0,0,0,0,1
CI,0, ,0.0,22.0,0,0,0,0,0,0,0,0
FM,D310H,48.839544,1.952622,0,BT,0.0,0.0,67.0,0,0,0,0,0,0,0,0

SID,PB9A,09,2
CA,0,87.0,2,1000,0,0,0,0,0,0
CF,D299L,48.833169,2.118625,1,BT,236.6,15.8,299.0,5.0,0,0,0,0,0,0,0,1
CI,0, ,0.0,22.0,0,0,0,0,0,0,0,0
FM,D299P,48.863081,2.039381,0,BT,0.0,0.0,67.0,0,0,0,0,0,0,0,0

SID,PB9B,09,2
CA,0,87.0,2,1000,0,0,0,0,0,0
CF,D132K,48.845019,2.665500,0,BT,132.0,11.4,75.0,18.0,0,0,0,0,0,0,0,0
VM,0,0,0,75.0,0,0,0,0,0,0,0,0

SID,PILU1P,27,5
CF,D349A,48.771853,2.097522,0,BT,228.5,18.7,267.0,4.0,0,0,0,0,0,0,0,0
TF,D343F,48.750628,1.952292,0, ,0.0,0.0,0.0,0.0,0,0,0,0,0,0,0,1
CF,RBT,48.653944,1.994222,1,RBT,0.0,0.0,145.0,3.0,0,0,0,1,180,0,0,1
DF,PN290,48.481194,2.174222,0, ,0.0,0.0,3,10000,0,0,0,0,0,0
TF,PEKIM,48.275833,2.825556,0, ,0.0,0.0,0.0,0.0,0,0,0,0,0,0,0,0
TF,PILUL,48.083333,3.048056,0, ,0.0,0.0,0.0,0.0,0,0,0,0,0,0,0,0

SID,PILU1V,27,5
CF,D349A,48.771853,2.097522,0,BT,228.5,18.7,267.0,4.0,0,0,0,0,0,0,0,0
TF,D343F,48.750628,1.952292,0, ,0.0,0.0,0.0,0.0,0,0,0,0,0,0,0,1
CF,RBT,48.653944,1.994222,1,RBT,0.0,0.0,145.0,3.0,0,0,0,1,180,0,0,1
DF,PN290,48.481194,2.174222,0, ,0.0,0.0,3,10000,0,0,0,0,0,0
TF,PEKIM,48.275833,2.825556,0, ,0.0,0.0,0.0,0.0,0,0,0,0,0,0,0,0
TF,PILUL,48.083333,3.048056,0, ,0.0,0.0,0.0,0.0,0,0,0,0,0,0,0,0

SID,PILU9A,09,5
CA,0,87.0,2,1000,0,0,0,0,0,0
CF,D316E,48.787936,2.308169,0,BT,206.5,12.6,75.0,3.0,0,0,0,0,0,0,0,1
CI,0, ,0.0,130.0,0,0,0,1,190,0,0,0
CF,POY,48.730139,2.389778,0,BT,189.0,14.9,160.0,4.0,0,0,0,0,0,0,0,1
DF,OBAMO,48.460472,2.487944,0, ,0.0,0.0,0,0,0,0,0,0,0,0
TF,PEKIM,48.275833,2.825556,0, ,0.0,0.0,0.0,0.0,0,0,0,0,0,0,0,0
TF,PILUL,48.083333,3.048056,0, ,0.0,0.0,0.0,0.0,0,0,0,0,0,0,0,0

SID,PILU9B,09,5
CA,0,87.0,2,1000,0,0,0,0,0,0
CF,D316E,48.787936,2.308169,0,BT,206.5,12.6,75.0,3.0,0,0,0,0,0,0,0,1
CI,0, ,0.0,130.0,0,0,0,1,190,0,0,0
CF,POY,48.730139,2.389778,0,BT,189.0,14.9,160.0,4.0,0,0,0,0,0,0,0,1
DF,OBAMO,48.460472,2.487944,0, ,0.0,0.0,0,0,0,0,0,0,0,0
TF,PEKIM,48.275833,2.825556,0, ,0.0,0.0,0.0,0.0,0,0,0,0,0,0,0,0
TF,PILUL,48.083333,3.048056,0, ,0.0,0.0,0.0,0.0,0,0,0,0,0,0,0,0

SID,PT1P,27,2
CF,D349A,48.771853,2.097522,0,BT,228.5,18.7,267.0,4.0,0,0,0,0,0,0,0,1
CF,D310N,48.909328,1.830242,0,BT,260.2,25.0,310.0,13.0,0,0,0,0,0,0,0,1
CF,PON,49.096083,2.035889,2,BT,292.9,18.1,44.0,12.0,0,0,0,0,0,0,0,0

SID,PT1V,27,2
CF,D349A,48.771853,2.097522,0,BT,228.5,18.7,267.0,4.0,0,0,0,0,0,0,0,1
CF,D310N,48.909328,1.830242,0,BT,260.2,25.0,310.0,13.0,0,0,0,0,0,0,0,1
CF,PON,49.096083,2.035889,2,BT,292.9,18.1,44.0,12.0,0,0,0,0,0,0,0,0

SID,PT9A,09,2
CA,0,87.0,2,1000,0,0,0,0,0,0
CF,D299X,48.928883,1.864197,1,BT,262.5,23.5,299.0,16.0,0,0,0,0,0,0,0,1
CF,PON,49.096083,2.035889,2,BT,292.9,18.1,43.0,11.0,0,0,0,0,0,0,0,0

SID,PT9B,09,2
CA,0,87.0,2,1000,0,0,0,0,0,0
CF,D299X,48.928883,1.864197,1,BT,262.5,23.5,299.0,16.0,0,0,0,0,0,0,0,1
CF,PON,49.096083,2.035889,2,BT,292.9,18.1,43.0,11.0,0,0,0,0,0,0,0,0

SID,RANU1P,27,5
CF,D349A,48.771853,2.097522,0,RBT,29.1,8.2,267.0,4.0,0,0,0,0,0,0,0,0
TF,D343F,48.750628,1.952292,0, ,0.0,0.0,0.0,0.0,0,0,0,0,0,0,0,1
CF,RBT,48.653944,1.994222,1,RBT,0.0,0.0,145.0,3.0,0,0,0,1,180,0,0,1
DF,PN290,48.481194,2.174222,0, ,0.0,0.0,3,10000,0,0,0,0,0,0
TF,PO302,48.524028,2.850500,0, ,0.0,0.0,0.0,0.0,0,0,0,0,0,0,0,0
TF,BATAG,48.822806,3.372278,0, ,0.0,0.0,0.0,0.0,0,0,0,0,0,0,0,0
TF,RANUX,49.138778,4.361528,0, ,0.0,0.0,0.0,0.0,0,0,0,0,0,0,0,0

SID,RANU1V,27,5
CF,D349A,48.771853,2.097522,0,RBT,29.1,8.2,267.0,4.0,0,0,0,0,0,0,0,0
TF,D343F,48.750628,1.952292,0, ,0.0,0.0,0.0,0.0,0,0,0,0,0,0,0,1
CF,RBT,48.653944,1.994222,1,RBT,0.0,0.0,145.0,3.0,0,0,0,1,180,0,0,1
DF,PN290,48.481194,2.174222,0, ,0.0,0.0,3,10000,0,0,0,0,0,0
TF,PO302,48.524028,2.850500,0, ,0.0,0.0,0.0,0.0,0,0,0,0,0,0,0,0
TF,BATAG,48.822806,3.372278,0, ,0.0,0.0,0.0,0.0,0,0,0,0,0,0,0,0
TF,RANUX,49.138778,4.361528,0, ,0.0,0.0,0.0,0.0,0,0,0,0,0,0,0,0

SID,RANU9A,09,5
CA,0,87.0,2,1000,0,0,0,0,0,0
CF,PN072,48.822222,2.516944,0,BT,164.0,9.5,75.0,12.0,0,0,0,0,0,0,0,1
DF,PO084,48.776056,2.977472,0, ,0.0,0.0,0,0,0,0,0,0,0,0
TF,BATAG,48.822806,3.372278,0, ,0.0,0.0,0.0,0.0,0,0,0,0,0,0,0,0
TF,RANUX,49.138778,4.361528,0, ,0.0,0.0,0.0,0.0,0,0,0,0,0,0,0,0

SID,RANU9B,09,5
CA,0,87.0,2,1000,0,0,0,0,0,0
CF,PN072,48.822222,2.516944,0,BT,164.0,9.5,75.0,12.0,0,0,0,0,0,0,0,1
DF,PO084,48.776056,2.977472,0, ,0.0,0.0,0,0,0,0,0,0,0,0
TF,BATAG,48.822806,3.372278,0, ,0.0,0.0,0.0,0.0,0,0,0,0,0,0,0,0
TF,RANUX,49.138778,4.361528,0, ,0.0,0.0,0.0,0.0,0,0,0,0,0,0,0,0

STAR,AMB9T,ALL,5
IF,AMB,47.428917,1.064444, ,0.0,0.0,3,20000,0,1,280,0,0,0
TF,CAD,48.059167,1.387083,0, ,0.0,0.0,0.0,0.0,0,0,0,0,0,0,0,0
TF,SOTIP,48.131361,1.459889,0, ,0.0,0.0,0.0,0.0,3,9000,0,1,250,0,0,0
TF,ODILO,48.241750,1.571639,0, ,0.0,0.0,0.0,0.0,1,7000,0,0,0,0,0,0

STAR,ARDO9T,ALL,5
IF,ARDOL,46.751389,4.637500, ,0.0,0.0,0,0,0,0,0,0,0,0
TF,FF306,47.459444,4.174167,0, ,0.0,0.0,0.0,0.0,3,28000,0,0,0,0,0,0
TF,CHABY,47.796667,3.948611,0, ,0.0,0.0,0.0,0.0,0,0,0,0,0,0,0,0
TF,OKRIX,47.966111,3.567500,0, ,0.0,0.0,0.0,0.0,3,14000,0,1,280,0,0,0
TF,EBOMA,48.202139,3.206111,0, ,0.0,0.0,0.0,0.0,3,9000,0,1,250,0,0,0
TF,MOLBA,48.295028,3.062944,0, ,0.0,0.0,0.0,0.0,1,7000,0,0,0,0,0,0

STAR,BOBS9T,ALL,5
IF,BOBSA,48.495833,0.648333, ,0.0,0.0,0,0,0,0,0,0,0,0
TF,BENAR,48.253056,0.744444,0, ,0.0,0.0,0.0,0.0,1,13000,0,1,280,0,0,0
TF,CAD,48.059167,1.387083,0, ,0.0,0.0,0.0,0.0,0,0,0,0,0,0,0,0
TF,SOTIP,48.131361,1.459889,0, ,0.0,0.0,0.0,0.0,3,9000,0,1,250,0,0,0
TF,ODILO,48.241750,1.571639,0, ,0.0,0.0,0.0,0.0,1,7000,0,0,0,0,0,0

STAR,CAD9C,ALL,2
IF,CAD,48.059167,1.387083, ,0.0,0.0,0,0,0,0,0,0,0,0
TF,SOTIP,48.131361,1.459889,0, ,0.0,0.0,0.0,0.0,0,0,0,0,0,0,0,0
TF,ODILO,48.241750,1.571639,0, ,0.0,0.0,0.0,0.0,1,7000,0,1,250,0,0,0

STAR,CAD9T,ALL,5
IF,CAD,48.059167,1.387083, ,0.0,0.0,0,0,0,0,0,0,0,0
TF,SOTIP,48.131361,1.459889,0, ,0.0,0.0,0.0,0.0,3,9000,0,1,250,0,0,0
TF,ODILO,48.241750,1.571639,0, ,0.0,0.0,0.0,0.0,1,7000,0,0,0,0,0,0

STAR,DJL9T,ALL,5
IF,DJL,47.270778,5.097333, ,0.0,0.0,0,0,0,0,0,0,0,0
TF,ALARO,47.496422,4.748972,0, ,0.0,0.0,0.0,0.0,3,27000,0,0,0,0,0,0
TF,TUNOR,47.883333,4.141111,0, ,0.0,0.0,0.0,0.0,0,0,0,0,0,0,0,0
TF,OKRIX,47.966111,3.567500,0, ,0.0,0.0,0.0,0.0,3,14000,0,1,280,0,0,0
TF,EBOMA,48.202139,3.206111,0, ,0.0,0.0,0.0,0.0,3,9000,0,1,250,0,0,0
TF,MOLBA,48.295028,3.062944,0, ,0.0,0.0,0.0,0.0,1,7000,0,0,0,0,0,0

STAR,EPL9T,ALL,5
IF,EPL,48.317833,6.059417, ,0.0,0.0,0,0,0,0,0,0,0,0
TF,LUVAL,48.293889,5.153611,0, ,0.0,0.0,0.0,0.0,0,0,0,0,0,0,0,0
TF,OKRIX,47.966111,3.567500,0, ,0.0,0.0,0.0,0.0,3,14000,0,1,280,0,0,0
TF,EBOMA,48.202139,3.206111,0, ,0.0,0.0,0.0,0.0,3,9000,0,1,250,0,0,0
TF,MOLBA,48.295028,3.062944,0, ,0.0,0.0,0.0,0.0,1,7000,0,0,0,0,0,0

STAR,KUTA9T,ALL,5
IF,KUTAN,47.807500,4.256389, ,0.0,0.0,0,0,0,0,0,0,0,0
TF,GORET,47.952222,4.031389,0, ,0.0,0.0,0.0,0.0,0,0,0,0,0,0,0,0
TF,OKRIX,47.966111,3.567500,0, ,0.0,0.0,0.0,0.0,3,14000,0,1,280,0,0,0
TF,EBOMA,48.202139,3.206111,0, ,0.0,0.0,0.0,0.0,3,9000,0,1,250,0,0,0
TF,MOLBA,48.295028,3.062944,0, ,0.0,0.0,0.0,0.0,1,7000,0,0,0,0,0,0

STAR,LUMA9T,ALL,5
IF,LUMAN,47.939444,0.413333, ,0.0,0.0,0,0,0,1,280,0,0,0
TF,CAD,48.059167,1.387083,0, ,0.0,0.0,0.0,0.0,0,0,0,0,0,0,0,0
TF,SOTIP,48.131361,1.459889,0, ,0.0,0.0,0.0,0.0,3,9000,0,1,250,0,0,0
TF,ODILO,48.241750,1.571639,0, ,0.0,0.0,0.0,0.0,1,7000,0,0,0,0,0,0

STAR,MATI9E,09,5
IF,MATIX,50.098333,3.914167, ,0.0,0.0,0,0,0,0,0,0,0,0
TF,GITAN,49.376944,4.034722,0, ,0.0,0.0,0.0,0.0,3,14000,0,1,300,0,0,0
TF,GIMER,49.365500,3.973833,0, ,0.0,0.0,0.0,0.0,0,0,0,0,0,0,0,0
TF,VEBEK,49.268611,3.683056,0, ,0.0,0.0,0.0,0.0,1,11000,0,1,300,0,0,0

STAR,MATI9W,27,5
IF,MATIX,50.098333,3.914167, ,0.0,0.0,0,0,0,0,0,0,0,0
TF,GITAN,49.376944,4.034722,0, ,0.0,0.0,0.0,0.0,3,14000,0,1,280,0,0,0
TF,GIMER,49.365500,3.973833,0, ,0.0,0.0,0.0,0.0,0,0,0,0,0,0,0,0
TF,VEBEK,49.268611,3.683056,0, ,0.0,0.0,0.0,0.0,1,11000,0,1,250,0,0,0

STAR,MOPI9E,09,5
IF,MOPIL,50.147778,4.107778, ,0.0,0.0,3,26000,0,0,0,0,0,0
TF,SOTUS,49.380000,4.050278,0, ,0.0,0.0,0.0,0.0,3,14000,0,1,300,0,0,0
TF,GIMER,49.365500,3.973833,0, ,0.0,0.0,0.0,0.0,0,0,0,0,0,0,0,0
TF,VEBEK,49.268611,3.683056,0, ,0.0,0.0,0.0,0.0,1,11000,0,1,300,0,0,0

STAR,MOPI9W,27,5
IF,MOPIL,50.147778,4.107778, ,0.0,0.0,3,26000,0,0,0,0,0,0
TF,SOTUS,49.380000,4.050278,0, ,0.0,0.0,0.0,0.0,3,14000,0,1,280,0,0,0
TF,GIMER,49.365500,3.973833,0, ,0.0,0.0,0.0,0.0,0,0,0,0,0,0,0,0
TF,VEBEK,49.268611,3.683056,0, ,0.0,0.0,0.0,0.0,1,11000,0,1,250,0,0,0

STAR,MOU9C,ALL,2
IF,MOU,46.706778,3.631667, ,0.0,0.0,0,0,0,0,0,0,0,0
TF,AVLON,47.560000,3.813333,0, ,0.0,0.0,0.0,0.0,0,0,0,0,0,0,0,0
TF,OKRIX,47.966111,3.567500,0, ,0.0,0.0,0.0,0.0,0,0,0,0,0,0,0,0
TF,EBOMA,48.202139,3.206111,0, ,0.0,0.0,0.0,0.0,3,9000,0,1,250,0,0,0
TF,MOLBA,48.295028,3.062944,0, ,0.0,0.0,0.0,0.0,1,7000,0,0,0,0,0,0

STAR,MOU9T,ALL,5
IF,MOU,46.706778,3.631667, ,0.0,0.0,0,0,0,0,0,0,0,0
TF,AVLON,47.560000,3.813333,0, ,0.0,0.0,0.0,0.0,0,0,0,0,0,0,0,0
TF,OKRIX,47.966111,3.567500,0, ,0.0,0.0,0.0,0.0,3,14000,0,1,280,0,0,0
TF,EBOMA,48.202139,3.206111,0, ,0.0,0.0,0.0,0.0,3,9000,0,1,250,0,0,0
TF,MOLBA,48.295028,3.062944,0, ,0.0,0.0,0.0,0.0,1,7000,0,0,0,0,0,0

STAR,NIME9T,ALL,5
IF,NIMER,47.472500,0.356944, ,0.0,0.0,0,0,0,0,0,0,0,0
TF,SOMED,47.435833,0.941944,0, ,0.0,0.0,0.0,0.0,3,20000,0,1,280,0,0,0
TF,DIBES,47.507500,1.104722,0, ,0.0,0.0,0.0,0.0,0,0,0,0,0,0,0,0
TF,CAD,48.059167,1.387083,0, ,0.0,0.0,0.0,0.0,0,0,0,0,0,0,0,0
TF,SOTIP,48.131361,1.459889,0, ,0.0,0.0,0.0,0.0,3,9000,0,1,250,0,0,0
TF,ODILO,48.241750,1.571639,0, ,0.0,0.0,0.0,0.0,1,7000,0,0,0,0,0,0

STAR,PIBA9T,ALL,5
IF,PIBAT,46.805944,4.259139, ,0.0,0.0,0,0,0,0,0,0,0,0
TF,FF307,47.373889,3.924722,0, ,0.0,0.0,0.0,0.0,3,28000,0,0,0,0,0,0
TF,OKRIX,47.966111,3.567500,0, ,0.0,0.0,0.0,0.0,3,14000,0,1,280,0,0,0
TF,EBOMA,48.202139,3.206111,0, ,0.0,0.0,0.0,0.0,3,9000,0,1,250,0,0,0
TF,MOLBA,48.295028,3.062944,0, ,0.0,0.0,0.0,0.0,1,7000,0,0,0,0,0,0

STAR,RENS9E,09,5
IF,RENSA,49.533167,4.885528, ,0.0,0.0,0,0,0,0,0,0,0,0
TF,SOTUS,49.380000,4.050278,0, ,0.0,0.0,0.0,0.0,3,14000,0,1,300,0,0,0
TF,GIMER,49.365500,3.973833,0, ,0.0,0.0,0.0,0.0,0,0,0,0,0,0,0,0
TF,VEBEK,49.268611,3.683056,0, ,0.0,0.0,0.0,0.0,1,11000,0,1,300,0,0,0

STAR,RENS9W,27,5
IF,RENSA,49.533167,4.885528, ,0.0,0.0,0,0,0,0,0,0,0,0
TF,SOTUS,49.380000,4.050278,0, ,0.0,0.0,0.0,0.0,3,14000,0,1,280,0,0,0
TF,GIMER,49.365500,3.973833,0, ,0.0,0.0,0.0,0.0,0,0,0,0,0,0,0,0
TF,VEBEK,49.268611,3.683056,0, ,0.0,0.0,0.0,0.0,1,11000,0,1,250,0,0,0

STAR,RLP9T,ALL,5
IF,RLP,47.906306,5.249167, ,0.0,0.0,0,0,0,0,0,0,0,0
TF,OKRIX,47.966111,3.567500,0, ,0.0,0.0,0.0,0.0,3,14000,0,1,280,0,0,0
TF,EBOMA,48.202139,3.206111,0, ,0.0,0.0,0.0,0.0,3,9000,0,1,250,0,0,0
TF,MOLBA,48.295028,3.062944,0, ,0.0,0.0,0.0,0.0,1,7000,0,0,0,0,0,0

STAR,TUTA9T,ALL,5
IF,TUTAX,46.921389,5.246944, ,0.0,0.0,0,0,0,0,0,0,0,0
TF,FF305,47.404167,4.601944,0, ,0.0,0.0,0.0,0.0,3,27000,0,0,0,0,0,0
TF,OBURO,47.651667,4.264722,0, ,0.0,0.0,0.0,0.0,0,0,0,0,0,0,0,0
TF,OKRIX,47.966111,3.567500,0, ,0.0,0.0,0.0,0.0,3,14000,0,1,280,0,0,0
TF,EBOMA,48.202139,3.206111,0, ,0.0,0.0,0.0,0.0,3,9000,0,1,250,0,0,0
TF,MOLBA,48.295028,3.062944,0, ,0.0,0.0,0.0,0.0,1,7000,0,0,0,0,0,0

APPTR,I09,09,MOL6C
IF,MOLBA,48.295028,3.062944, ,0.0,0.0,1,7000,0,1,250,0,1,0
FD,MOLBA,48.295028,3.062944,0,MLN,132.9,5.0,313.0,5.0,0,0,0,0,0,0,0,0
CF,OSPIS,48.409833,2.884917,0,MLN,132.9,4.0,313.0,1.0,0,0,0,0,0,0,0,0
TF,D270Z,48.412747,2.639403,0, ,0.0,0.0,0.0,0.0,0,0,0,0,0,0,0,0
FM,D270Z,48.412747,2.639403,0,BRY,0.0,0.0,270.0,0,0,0,0,0,0,0,0
CF,CI09,48.769083,1.942472,2,VVE,267.3,10.9,87.0,1.0,1,3000,0,1,180,0,1,0

APPTR,I09,09,MOL6F
IF,MOLBA,48.295028,3.062944, ,0.0,0.0,1,7000,0,1,250,0,1,0
TF,OSPIS,48.409833,2.884917,0, ,0.0,0.0,0.0,0.0,0,0,0,0,0,0,0,0
TF,PN621,48.410833,2.639722,0, ,0.0,0.0,0.0,0.0,0,0,0,0,0,0,0,0
FM,PN621,48.410833,2.639722,0,RBT,0.0,0.0,269.0,0,0,0,0,0,0,0,0
CF,CI09,48.769083,1.942472,2,VVE,267.3,10.9,87.0,1.0,1,3000,0,1,180,0,1,0

APPTR,I09,09,ODI6C
IF,ODILO,48.241750,1.571639, ,0.0,0.0,1,7000,0,1,250,0,1,0
TF,D187J,48.457633,1.619225,0, ,0.0,0.0,0.0,0.0,0,0,0,0,0,0,0,0
FM,D187J,48.457633,1.619225,0,EPR,0.0,0.0,7.0,0,0,0,0,0,0,0,0
CF,CI09,48.769083,1.942472,0,VVE,267.3,10.9,87.0,10.0,1,3000,0,1,180,0,1,0

APPTR,I09,09,ODI6F
IF,ODILO,48.241750,1.571639, ,0.0,0.0,1,7000,0,1,250,0,1,0
TF,PN615,48.458028,1.619333,0, ,0.0,0.0,0.0,0.0,0,0,0,0,0,0,0,0
FM,PN615,48.458028,1.619333,0,EPR,0.0,0.0,7.0,0,0,0,0,0,0,0,0
CF,CI09,48.769083,1.942472,0,VVE,267.3,10.9,87.0,10.0,1,3000,0,1,180,0,1,0

APPTR,I09,09,VEB6E
IF,VEBEK,49.268611,3.683056, ,0.0,0.0,1,11000,0,1,300,0,1,0
TF,LARPO,49.108278,2.589611,0, ,0.0,0.0,0.0,0.0,0,0,0,1,250,0,0,0
TF,PO617,49.089694,1.709722,0, ,0.0,0.0,0.0,0.0,0,0,0,0,0,0,0,0
TF,ASVOK,48.959306,1.495222,0, ,0.0,0.0,0.0,0.0,0,0,0,0,0,0,0,0
FM,ASVOK,48.959306,1.495222,0,EPR,0.0,0.0,180.0,0,0,0,0,0,0,0,0
CF,CI09,48.769083,1.942472,1,VVE,267.3,10.9,87.0,16.0,1,3000,0,1,180,0,1,0

APPTR,I09,09,VEB6Y
IF,VEBEK,49.268611,3.683056, ,0.0,0.0,1,11000,0,1,250,0,1,0
TF,CTL,49.137750,3.577694,0, ,0.0,0.0,0.0,0.0,0,0,0,0,0,0,0,0
TF,VALPO,48.834750,3.121611,0, ,0.0,0.0,0.0,0.0,0,0,0,0,0,0,0,0
TF,MLN,48.455778,2.813278,0, ,0.0,0.0,0.0,0.0,0,0,0,0,0,0,0,0
TF,PN621,48.410833,2.639722,0, ,0.0,0.0,0.0,0.0,0,0,0,0,0,0,0,0
FM,PN621,48.410833,2.639722,0,MLN,0.0,0.0,270.0,0,0,0,0,0,0,0,0
CF,CI09,48.769083,1.942472,2,VVE,267.3,10.9,87.0,2.0,1,3000,0,1,180,0,1,0

FINAL,I09,09,I,3
IF,CI09,48.769083,1.942472,VVE,267.3,10.9,1,3000,0,0,0,0,0,0
CF,FI09,48.770361,2.002306,0,VVE,267.3,8.5,87.0,2.4,1,3000,0,0,0,0,2,0
CF,RW09,48.774128,2.189275,0,VVE,267.3,1.1,87.0,7.4,1,636,0,0,0,0,3,0
CA,0,87.0,2,1000,0,0,0,0,0,0
VI,1, ,0.0,269.0,0,0,0,1,160,0,0,0
CF,D299Q,48.885858,1.978886,0,RBT,356.5,13.9,299.0,6.0,0,0,0,0,0,0,0,0
FM,D299Q,48.885858,1.978886,0,EVX,0.0,0.0,286.0,1,2000,0,0,0,0,0,0

APPTR,I27,27,MOL6D
IF,MOLBA,48.295028,3.062944, ,0.0,0.0,1,7000,0,1,250,0,1,0
TF,MLN,48.455778,2.813278,0, ,0.0,0.0,0.0,0.0,0,0,0,0,0,0,0,0
FD,MLN,48.455778,2.813278,0,MLN,0.0,8.6,289.0,8.6,0,0,0,0,0,0,0,0
CF,D169N,48.749958,2.515078,0,BT,169.0,13.7,349.0,14.4,0,0,0,0,0,0,0,1
FM,D169N,48.749958,2.515078,0,BT,0.0,0.0,299.0,0,0,0,0,0,0,0,0
CF,CI27,48.779167,2.460778,0,VVO,87.3,10.9,267.0,1.0,1,3000,0,1,180,0,1,0

APPTR,I27,27,MOL6X
IF,MOLBA,48.295028,3.062944, ,0.0,0.0,1,7000,0,1,250,0,1,0
TF,MLN,48.455778,2.813278,0, ,0.0,0.0,0.0,0.0,0,0,0,0,0,0,0,0
TF,PN618,48.514556,2.573444,0, ,0.0,0.0,0.0,0.0,0,0,0,0,0,0,0,0
TF,PN619,48.753083,2.539111,0, ,0.0,0.0,0.0,0.0,0,0,0,0,0,0,0,0
FM,PN619,48.753083,2.539111,0,RBT,0.0,0.0,299.0,0,0,0,0,0,0,0,0
CF,CI27,48.779167,2.460778,0,VVO,87.3,10.9,267.0,4.0,1,3000,0,1,180,0,1,0

APPTR,I27,27,ODI6D
IF,ODILO,48.241750,1.571639, ,0.0,0.0,1,7000,0,1,250,0,1,0
FD,ODILO,48.241750,1.571639,0,RBT,213.5,20.1,33.0,20.1,0,0,0,0,0,0,0,0
CF,INPER,48.393611,1.726389,0,RBT,213.5,18.9,33.0,1.0,0,0,0,0,0,0,0,0
CF,D264K,48.439331,2.536492,0,MLN,264.0,11.1,84.0,32.5,0,0,0,0,0,0,0,1
CF,D169N,48.749958,2.515078,1,BT,169.0,13.7,349.0,19.0,0,0,0,0,0,0,0,1
FM,D169N,48.749958,2.515078,0,BT,0.0,0.0,299.0,0,0,0,0,0,0,0,0
CF,CI27,48.779167,2.460778,0,VVO,87.3,10.9,267.0,1.0,1,3000,0,1,180,0,1,0

APPTR,I27,27,ODI6M
IF,ODILO,48.241750,1.571639, ,0.0,0.0,1,7000,0,1,250,0,1,0
TF,INPER,48.393611,1.726389,0, ,0.0,0.0,0.0,0.0,0,0,0,0,0,0,0,0
TF,RBT,48.653944,1.994222,0, ,0.0,0.0,0.0,0.0,0,0,0,0,0,0,0,0
TF,D034G,48.745306,2.090997,0, ,0.0,0.0,0.0,0.0,0,0,0,0,0,0,0,0
CF,D070L,48.818194,2.387450,0,RBT,56.6,18.5,70.0,12.0,0,0,0,0,0,0,0,0
FM,D070L,48.818194,2.387450,0,RBT,0.0,0.0,70.0,0,0,0,0,0,0,0,0
CF,CI27,48.779167,2.460778,2,VVO,87.3,10.9,267.0,4.0,1,3000,0,1,180,0,1,0

APPTR,I27,27,ODI6N
IF,ODILO,48.241750,1.571639, ,0.0,0.0,1,7000,0,1,250,0,1,0
TF,INPER,48.393611,1.726389,0, ,0.0,0.0,0.0,0.0,0,0,0,0,0,0,0,0
TF,TSU,48.753722,2.102361,0, ,0.0,0.0,0.0,0.0,0,0,0,0,0,0,0,0
TF,PN620,48.819028,2.388194,0, ,0.0,0.0,0.0,0.0,0,0,0,0,0,0,0,0
FM,PN620,48.819028,2.388194,0,RBT,0.0,0.0,70.0,0,0,0,0,0,0,0,0
CF,CI27,48.779167,2.460778,2,VVO,87.3,10.9,267.0,5.0,1,3000,0,1,180,0,1,0

APPTR,I27,27,ODI6X
IF,ODILO,48.241750,1.571639, ,0.0,0.0,1,7000,0,1,250,0,1,0
TF,INPER,48.393611,1.726389,0, ,0.0,0.0,0.0,0.0,0,0,0,0,0,0,0,0
TF,PN617,48.429417,2.585667,0, ,0.0,0.0,0.0,0.0,0,0,0,0,0,0,0,0
TF,PN619,48.753083,2.539111,0, ,0.0,0.0,0.0,0.0,0,0,0,0,0,0,0,0
FM,PN619,48.753083,2.539111,0,RBT,0.0,0.0,299.0,0,0,0,0,0,0,0,0
CF,CI27,48.779167,2.460778,0,VVO,87.3,10.9,267.0,2.0,1,3000,0,1,180,0,1,0

APPTR,I27,27,VEB6W
IF,VEBEK,49.268611,3.683056, ,0.0,0.0,1,11000,0,1,250,0,1,0
TF,CTL,49.137750,3.577694,0, ,0.0,0.0,0.0,0.0,0,0,0,0,0,0,0,0
TF,VALPO,48.834750,3.121611,0, ,0.0,0.0,0.0,0.0,0,0,0,0,0,0,0,0
FM,VALPO,48.834750,3.121611,0,CLM,0.0,0.0,224.0,0,0,0,0,0,0,0,0
CF,CI27,48.779167,2.460778,0,VVO,87.3,10.9,267.0,23.0,1,3000,0,1,180,0,1,0

FINAL,I27,27,I,3
IF,CI27,48.779167,2.460778,VVO,87.3,10.9,1,3000,0,0,0,0,0,0
CF,FI27,48.778139,2.401722,0,VVO,87.3,8.6,267.0,2.3,1,3000,0,0,0,0,2,0
CF,RW27,48.774606,2.213933,0,VVO,87.3,1.1,267.0,7.5,1,626,0,0,0,0,3,0
FD,RW27,48.774606,2.213933,0,VVO,0.0,4.5,267.0,4.5,2,3000,0,0,0,0,0,0
CF,HOL,48.730583,1.820500,0,RBT,302.7,8.3,257.0,11.1,1,3000,0,0,0,0,0,1
DF,EPR,48.625694,1.656556,0, ,0.0,0.0,0,0,0,0,0,0,0,0

APPTR,R09,09,MOL6F
IF,MOLBA,48.295028,3.062944, ,0.0,0.0,1,7000,0,1,250,0,1,0
TF,OSPIS,48.409833,2.884917,0, ,0.0,0.0,0.0,0.0,0,0,0,0,0,0,0,0
TF,PN621,48.410833,2.639722,0, ,0.0,0.0,0.0,0.0,0,0,0,0,0,0,0,0
FM,PN621,48.410833,2.639722,0,MLN,0.0,0.0,269.0,0,0,0,0,0,0,0,0
CF,IPV09,48.768694,1.926611,2,RBT,337.7,7.4,87.0,1.0,2,3000,0,0,0,0,1,0

APPTR,R09,09,ODI6F
IF,ODILO,48.241750,1.571639, ,0.0,0.0,1,7000,0,1,250,0,1,0
TF,PN615,48.458028,1.619333,0, ,0.0,0.0,0.0,0.0,0,0,0,0,0,0,0,0
FM,PN615,48.458028,1.619333,0,EPR,0.0,0.0,7.0,0,0,0,0,0,0,0,0
CF,IPV09,48.768694,1.926611,0,RBT,337.7,7.4,87.0,6.0,2,3000,0,0,0,0,1,0

APPTR,R09,09,VEB6E
IF,VEBEK,49.268611,3.683056, ,0.0,0.0,1,11000,0,1,300,0,1,0
TF,LARPO,49.108278,2.589611,0, ,0.0,0.0,0.0,0.0,0,0,0,1,250,0,0,0
TF,PO617,49.089694,1.709722,0, ,0.0,0.0,0.0,0.0,0,0,0,0,0,0,0,0
TF,ASVOK,48.959306,1.495222,0, ,0.0,0.0,0.0,0.0,0,0,0,0,0,0,0,0
FM,ASVOK,48.959306,1.495222,0,EPR,0.0,0.0,180.0,0,0,0,0,0,0,0,0
CF,IPV09,48.768694,1.926611,1,EPR,50.2,13.8,87.0,8.0,2,3000,0,0,0,0,1,0

APPTR,R09,09,VEB6Y
IF,VEBEK,49.268611,3.683056, ,0.0,0.0,1,11000,0,1,250,0,1,0
TF,CTL,49.137750,3.577694,0, ,0.0,0.0,0.0,0.0,0,0,0,0,0,0,0,0
TF,VALPO,48.834750,3.121611,0, ,0.0,0.0,0.0,0.0,0,0,0,0,0,0,0,0
TF,MLN,48.455778,2.813278,0, ,0.0,0.0,0.0,0.0,0,0,0,0,0,0,0,0
TF,PN621,48.410833,2.639722,0, ,0.0,0.0,0.0,0.0,0,0,0,0,0,0,0,0
FM,PN621,48.410833,2.639722,0,MLN,0.0,0.0,270.0,0,0,0,0,0,0,0,0
CF,IPV09,48.768694,1.926611,2,EPR,50.2,13.8,87.0,1.0,2,3000,0,0,0,0,1,0

FINAL,R09,09,R,3
IF,IPV09,48.768694,1.926611, ,0.0,0.0,2,3000,0,0,0,0,0,0
TF,FPV09,48.770306,2.002139,0, ,0.0,0.0,87.0,3.0,1,3000,0,0,0,0,2,0
TF,RW09,48.774128,2.189275,0, ,0.0,0.0,87.0,7.4,1,633,0,0,0,0,3,1
CA,0,87.0,2,990,0,0,0,0,0,0
DF,PV406,48.873278,2.096417,1, ,0.0,0.0,1,2000,0,0,0,0,0,0
FM,PV406,48.873278,2.096417,0,RBT,0.0,0.0,304.0,0,0,0,0,0,0,0,0

APPTR,R27,27,MOL6X
IF,MOLBA,48.295028,3.062944, ,0.0,0.0,1,7000,0,1,250,0,1,0
TF,MLN,48.455778,2.813278,0, ,0.0,0.0,0.0,0.0,0,0,0,0,0,0,0,0
TF,PN618,48.514556,2.573444,0, ,0.0,0.0,0.0,0.0,0,0,0,0,0,0,0,0
TF,PN619,48.753083,2.539111,0, ,0.0,0.0,0.0,0.0,0,0,0,0,0,0,0,0
FM,PN619,48.753083,2.539111,0,BT,0.0,0.0,299.0,0,0,0,0,0,0,0,0
CF,IPV27,48.779389,2.477278,0,BT,174.7,11.8,267.0,1.0,2,3000,0,0,0,0,1,0

APPTR,R27,27,ODI6N
IF,ODILO,48.241750,1.571639, ,0.0,0.0,1,7000,0,1,250,0,1,0
TF,INPER,48.393611,1.726389,0, ,0.0,0.0,0.0,0.0,0,0,0,0,0,0,0,0
TF,TSU,48.753722,2.102361,0, ,0.0,0.0,0.0,0.0,0,0,0,0,0,0,0,0
TF,PN620,48.819028,2.388194,0, ,0.0,0.0,0.0,0.0,0,0,0,0,0,0,0,0
FM,PN620,48.819028,2.388194,0,RBT,0.0,0.0,70.0,0,0,0,0,0,0,0,0
CF,IPV27,48.779389,2.477278,2,RBT,67.4,20.6,267.0,2.0,2,3000,0,0,0,0,1,0

APPTR,R27,27,ODI6X
IF,ODILO,48.241750,1.571639, ,0.0,0.0,1,7000,0,1,250,0,1,0
TF,INPER,48.393611,1.726389,0, ,0.0,0.0,0.0,0.0,0,0,0,0,0,0,0,0
TF,PN617,48.429417,2.585667,0, ,0.0,0.0,0.0,0.0,0,0,0,0,0,0,0,0
TF,PN619,48.753083,2.539111,0, ,0.0,0.0,0.0,0.0,0,0,0,0,0,0,0,0
FM,PN619,48.753083,2.539111,0,BT,0.0,0.0,299.0,0,0,0,0,0,0,0,0
CF,IPV27,48.779389,2.477278,0,BT,174.7,11.8,267.0,1.0,2,3000,0,0,0,0,1,0

APPTR,R27,27,VEB6W
IF,VEBEK,49.268611,3.683056, ,0.0,0.0,1,11000,0,1,250,0,1,0
TF,CTL,49.137750,3.577694,0, ,0.0,0.0,0.0,0.0,0,0,0,0,0,0,0,0
TF,VALPO,48.834750,3.121611,0, ,0.0,0.0,0.0,0.0,0,0,0,0,0,0,0,0
FM,VALPO,48.834750,3.121611,0,CLM,0.0,0.0,224.0,0,0,0,0,0,0,0,0
CF,IPV27,48.779389,2.477278,0,BT,174.7,11.8,267.0,24.0,2,3000,0,0,0,0,1,0

FINAL,R27,27,R,3
IF,IPV27,48.779389,2.477278, ,0.0,0.0,2,3000,0,0,0,0,0,0
TF,FPV27,48.778083,2.401722,0, ,0.0,0.0,267.0,3.0,1,3000,0,0,0,0,2,0
TF,RW27,48.774606,2.213933,0, ,0.0,0.0,267.0,7.5,1,625,0,0,0,0,3,1
TF,PV405,48.770722,2.021139,0, ,0.0,0.0,0.0,0.0,1,2000,0,0,0,0,0,0
FM,PV405,48.770722,2.021139,0,RBT,0.0,0.0,267.0,0,0,0,0,0,0,0,0

