SID,ADSE1W,25,2
CA,0,253.0,2,560,0,0,0,0,0,0
CF,D243O,47.648853,-3.757708,0,LOR,243.3,14.5,243.0,13.0,0,0,0,0,0,0,0,1
CI,1, ,0.0,135.0,0,0,0,0,0,0,0,0
CF,ADSET,47.405833,-3.117500,0,NTS,285.0,63.2,105.0,22.0,0,0,0,0,0,0,0,0

SID,ARE1E,07,2
CA,0,73.0,2,660,0,0,0,0,0,0
VI,0, ,0.0,12.0,0,0,0,0,0,0,0,0
CF,ARE,48.332639,-3.602472,0,QPR,47.9,32.5,342.0,30.0,0,0,0,0,0,0,0,0

SID,ARE1S,20,2
CA,0,197.0,2,660,0,0,0,0,0,0
CF,ARE,48.332639,-3.602472,2,QPR,47.9,32.5,357.0,34.0,0,0,0,0,0,0,0,0

SID,ARE1W,25,2
CA,0,253.0,2,660,0,0,0,0,0,0
CF,ARE,48.332639,-3.602472,2,QPR,47.9,32.5,357.0,34.0,0,0,0,0,0,0,0,0

SID,BAGA1B,25,2
CD, ,0,0,0,BH,0,0.0,253.0,4.0,0,0,0,0,0,0,0,0
CA,0,253.0,2,2400,0,0,0,0,0,0
DF,LOR,47.763194,-3.440694,2, ,0.0,0.0,0,0,0,0,0,0,0,0
TF,D101N,47.723025,-3.107158,0, ,0.0,0.0,0.0,0.0,0,0,0,0,0,0,0,1
CI,0, ,0.0,146.0,0,0,0,0,0,0,0,0
CF,BAGAD,47.583333,-2.881111,0,QPR,114.6,57.3,116.0,5.0,0,0,0,0,0,0,0,0

SID,BAGA1C,20,2
CD, ,0,0,0,BH,0,0.0,197.0,4.0,0,0,0,0,0,0,0,0
CA,0,197.0,2,2400,0,0,0,0,0,0
CF,LOR,47.763194,-3.440694,2,QPR,112.9,32.2,72.0,5.0,0,0,0,0,0,0,0,0
TF,D101N,47.723025,-3.107158,0, ,0.0,0.0,0.0,0.0,0,0,0,0,0,0,0,1
CI,0, ,0.0,146.0,0,0,0,0,0,0,0,0
CF,BAGAD,47.583333,-2.881111,0,QPR,114.6,57.3,116.0,5.0,0,0,0,0,0,0,0,0

SID,BAGA1E,07,2
CD, ,0,0,0,BH,0,0.0,73.0,11.5,0,0,0,0,0,0,0,0
CF,BAGAD,47.583333,-2.881111,0,QPR,114.6,57.3,148.0,18.0,0,0,0,0,0,0,0,0

SID,BAGA1S,20,2
CD, ,0,0,0,BH,0,0.0,197.0,2.0,0,0,0,0,0,0,0,0
CI,1, ,0.0,77.0,0,0,0,0,0,0,0,0
CF,BAGAD,47.583333,-2.881111,0,QPR,114.6,57.3,116.0,20.0,0,0,0,0,0,0,0,0

SID,BAGA1W,25,2
CA,0,253.0,2,660,0,0,0,0,0,0
CI,1, ,0.0,77.0,0,0,0,0,0,0,0,0
CF,BAGAD,47.583333,-2.881111,0,QPR,114.6,57.3,116.0,21.0,0,0,0,0,0,0,0,0

SID,LENS1E,07,2
CD, ,0,0,0,BH,0,0.0,73.0,4.0,0,0,0,0,0,0,0,0
CI,0, ,0.0,27.0,0,0,0,0,0,0,0,0
CF,LENSU,47.965000,-2.962222,0,QPR,91.0,49.3,59.0,17.0,0,0,0,0,0,0,0,0

SID,LENS1S,20,2
CD, ,0,0,0,BH,0,0.0,197.0,4.0,0,0,0,0,0,0,0,0
CA,0,197.0,2,2400,0,0,0,0,0,0
CF,LOR,47.763194,-3.440694,2,QPR,112.9,32.2,72.0,5.0,0,0,0,0,0,0,0,0
TF,LENSU,47.965000,-2.962222,0, ,0.0,0.0,0.0,0.0,0,0,0,0,0,0,0,0

SID,LENS1W,25,2
CA,0,253.0,2,660,0,0,0,0,0,0
CF,D177Z,47.893919,-3.533908,2,QPR,100.0,26.5,357.0,7.0,0,0,0,0,0,0,0,0
VI,0, ,0.0,46.0,0,0,0,0,0,0,0,0
CF,LENSU,47.965000,-2.962222,0,QPR,91.0,49.3,91.0,22.0,0,0,0,0,0,0,0,0

SID,ROSP1E,07,2
CA,0,73.0,2,660,0,0,0,0,0,0
CI,1, ,0.0,277.0,0,0,0,0,0,0,0,0
CF,ROSPO,47.961528,-3.750806,0,QPR,91.0,17.5,315.0,13.0,0,0,0,0,0,0,0,0

SID,ROSP1S,20,2
CA,0,197.0,2,660,0,0,0,0,0,0
CF,D315E,47.818450,-3.526719,2,QPR,109.2,27.9,357.0,4.0,0,0,0,0,0,0,0,0
TF,ROSPO,47.961528,-3.750806,0, ,0.0,0.0,0.0,0.0,0,0,0,0,0,0,0,0

SID,ROSP1W,25,2
CA,0,253.0,2,660,0,0,0,0,0,0
CF,D315E,47.818450,-3.526719,2,QPR,109.2,27.9,357.0,2.0,0,0,0,0,0,0,0,0
TF,ROSPO,47.961528,-3.750806,0, ,0.0,0.0,0.0,0.0,0,0,0,0,0,0,0,0

STAR,ARE1L,07,2
IF,ARE,48.332639,-3.602472, ,0.0,0.0,0,0,0,0,0,0,0,0
TF,D170J,48.171239,-3.556247,0, ,0.0,0.0,0.0,0.0,0,0,0,0,0,0,0,0
TF,D170O,48.089433,-3.532931,0, ,0.0,0.0,0.0,0.0,0,0,0,0,0,0,0,0
TF,D170V,47.974886,-3.500408,0, ,0.0,0.0,0.0,0.0,0,0,0,0,0,0,0,0
TF,LOR,47.763194,-3.440694,0, ,0.0,0.0,0.0,0.0,0,0,0,0,0,0,0,0

STAR,ARE1M,25,5
IF,ARE,48.332639,-3.602472, ,0.0,0.0,0,0,0,0,0,0,0,0
TF,RH423,48.148417,-3.349167,0, ,0.0,0.0,0.0,0.0,0,0,0,0,0,0,0,0
TF,RH424,47.933028,-3.056306,0, ,0.0,0.0,0.0,0.0,3,6000,0,0,0,0,0,0
TF,RH425,47.853889,-3.017778,0, ,0.0,0.0,0.0,0.0,4,6000,3000,0,0,0,0,0
TF,LALMO,47.822889,-3.158889,0, ,0.0,0.0,0.0,0.0,1,3000,0,0,0,0,0,0

STAR,ARE1N,20,5
IF,ARE,48.332639,-3.602472, ,0.0,0.0,0,0,0,0,0,0,0,0
TF,RH423,48.148417,-3.349167,0, ,0.0,0.0,0.0,0.0,0,0,0,0,0,0,0,0
TF,RH415,48.035306,-3.321306,0, ,0.0,0.0,0.0,0.0,4,6000,3000,0,0,0,0,0
TF,ROKAL,47.955333,-3.355972,0, ,0.0,0.0,0.0,0.0,1,3000,0,0,0,0,0,0

STAR,BAGA1L,07,2
IF,BAGAD,47.583333,-2.881111, ,0.0,0.0,0,0,0,0,0,0,0,0
TF,D073N,47.833161,-3.118819,0, ,0.0,0.0,0.0,0.0,0,0,0,0,0,0,0,0
TF,LOR,47.763194,-3.440694,0, ,0.0,0.0,0.0,0.0,0,0,0,0,0,0,0,0

STAR,BAGA1M,25,5
IF,BAGAD,47.583333,-2.881111, ,0.0,0.0,0,0,0,0,0,0,0,0
TF,RH425,47.853889,-3.017778,0, ,0.0,0.0,0.0,0.0,4,6000,3000,0,0,0,0,0
TF,LALMO,47.822889,-3.158889,0, ,0.0,0.0,0.0,0.0,1,3000,0,0,0,0,0,0

STAR,BAGA1N,20,5
IF,BAGAD,47.583333,-2.881111, ,0.0,0.0,0,0,0,0,0,0,0,0
TF,RH411,48.002444,-3.152694,0, ,0.0,0.0,0.0,0.0,3,6000,0,0,0,0,0,0
TF,RH415,48.035306,-3.321306,0, ,0.0,0.0,0.0,0.0,4,6000,3000,0,0,0,0,0
TF,ROKAL,47.955333,-3.355972,0, ,0.0,0.0,0.0,0.0,1,3000,0,0,0,0,0,0

STAR,LENS1L,07,2
IF,LENSU,47.965000,-2.962222, ,0.0,0.0,0,0,0,0,0,0,0,0
TF,LOR,47.763194,-3.440694,0, ,0.0,0.0,0.0,0.0,0,0,0,0,0,0,0,0

STAR,LENS1M,25,5
IF,LENSU,47.965000,-2.962222, ,0.0,0.0,0,0,0,0,0,0,0,0
TF,RH425,47.853889,-3.017778,0, ,0.0,0.0,0.0,0.0,4,6000,3000,0,0,0,0,0
TF,LALMO,47.822889,-3.158889,0, ,0.0,0.0,0.0,0.0,1,3000,0,0,0,0,0,0

STAR,LENS1N,20,5
IF,LENSU,47.965000,-2.962222, ,0.0,0.0,0,0,0,0,0,0,0,0
TF,RH411,48.002444,-3.152694,0, ,0.0,0.0,0.0,0.0,3,6000,0,0,0,0,0,0
TF,RH415,48.035306,-3.321306,0, ,0.0,0.0,0.0,0.0,4,6000,3000,0,0,0,0,0
TF,ROKAL,47.955333,-3.355972,0, ,0.0,0.0,0.0,0.0,1,3000,0,0,0,0,0,0

STAR,QPR1L,07,2
IF,QPR,47.957278,-4.184722, ,0.0,0.0,0,0,0,0,0,0,0,0
TF,D138W,47.681219,-3.790922,0, ,0.0,0.0,0.0,0.0,0,0,0,0,0,0,0,0
TF,LIRMA,47.698917,-3.715528,0, ,0.0,0.0,0.0,0.0,0,0,0,0,0,0,0,0

STAR,QPR1N,20,5
IF,QPR,47.957278,-4.184722, ,0.0,0.0,0,0,0,0,0,0,0,0
TF,RH412,48.025833,-3.684250,0, ,0.0,0.0,0.0,0.0,0,0,0,0,0,0,0,0
TF,RH414,48.058361,-3.440639,0, ,0.0,0.0,0.0,0.0,3,6000,0,0,0,0,0,0
TF,RH415,48.035306,-3.321306,0, ,0.0,0.0,0.0,0.0,4,6000,3000,0,0,0,0,0
TF,ROKAL,47.955333,-3.355972,0, ,0.0,0.0,0.0,0.0,1,3000,0,0,0,0,0,0

APPTR,I25,25,KERAK
HF,KERAK,47.822250,-3.152056,1, ,0.0,0.0,254.0,05,2,3000,0,1,220,0,1,0,0

APPTR,I25,25,LOR
FD,LOR,47.763194,-3.440694,0,BH,0.0,12.0,62.0,12.0,2,3000,0,1,185,0,1,0
CF,KERAK,47.822250,-3.152056,2,BH,73.2,13.1,253.0,1.0,2,3000,0,0,0,0,1,0

FINAL,I25,25,I,3
IF,KERAK,47.822250,-3.152056,BH,73.2,13.1,2,3000,0,0,0,0,0,0
CF,FF25,47.808361,-3.223333,0,BH,72.8,10.1,253.0,3.0,1,3000,0,0,0,0,2,0
CF,RW25,47.762542,-3.430911,0,BH,72.8,1.3,253.0,8.8,1,197,0,0,0,0,3,0
CF,D253F,47.729189,-3.582592,0,QPR,120.1,27.9,253.0,6.5,0,0,0,0,0,0,0,1
CF,LOR,47.763194,-3.440694,1,QPR,111.9,32.2,32.0,6.0,1,3000,0,1,185,0,0,0

APPTR,I25-Y,25,LALMO
HF,LALMO,47.822889,-3.158889,1, ,0.0,0.0,253.0,05,2,3000,0,1,220,0,1,0,0

APPTR,I25-Y,25,LOR
FD,LOR,47.761472,-3.441167,0,LOR,0.0,12.0,61.0,12.0,2,3000,0,1,185,0,1,0
CF,LALMO,47.822889,-3.158889,2,BH,72.7,12.9,253.0,1.0,2,3000,0,0,0,0,1,0

FINAL,I25-Y,25,I,3
IF,LALMO,47.822889,-3.158889,BH,72.7,12.9,2,3000,0,0,0,0,0,0
CF,FF25,47.808361,-3.223333,0,BH,72.8,10.1,253.0,2.8,1,3000,0,0,0,0,2,0
CF,RW25,47.762542,-3.430911,0,BH,72.8,1.3,253.0,8.8,1,197,0,0,0,0,3,0
CF,D253F,47.729189,-3.582592,0,LOR,252.4,6.1,253.0,6.5,0,0,0,0,0,0,0,1
CF,LOR,47.761472,-3.441167,1,LOR,0.0,0.0,33.0,6.0,1,3000,0,1,185,0,0,0

APPTR,I25-Z,25,KERAK
HF,KERAK,47.822250,-3.152056,1, ,0.0,0.0,254.0,05,2,3000,0,1,220,0,1,0,0

APPTR,I25-Z,25,LOR
FD,LOR,47.763194,-3.440694,0,BH,0.0,12.0,62.0,12.0,2,3000,0,1,185,0,1,0
CF,KERAK,47.822250,-3.152056,2,BH,73.2,13.1,253.0,1.0,2,3000,0,0,0,0,1,0

FINAL,I25-Z,25,I,3
IF,KERAK,47.822250,-3.152056,BH,73.2,13.1,2,3000,0,0,0,0,0,0
CF,FF25,47.808361,-3.223333,0,BH,72.8,10.1,253.0,3.0,1,3000,0,0,0,0,2,0
CF,RW25,47.762542,-3.430911,0,BH,72.8,1.3,253.0,8.8,1,197,0,0,0,0,3,0
CF,D253F,47.729189,-3.582592,0,QPR,120.1,27.9,253.0,6.5,0,0,0,0,0,0,0,1
CF,LOR,47.763194,-3.440694,1,QPR,111.9,32.2,32.0,6.0,1,3000,0,1,185,0,0,0

APPTR,L25,25,KERAK
HF,KERAK,47.822250,-3.152056,1, ,0.0,0.0,254.0,05,2,3000,0,1,220,0,1,0,0

APPTR,L25,25,LOR
FD,LOR,47.763194,-3.440694,0,BH,0.0,12.0,62.0,12.0,2,3000,0,1,185,0,1,0
CF,KERAK,47.822250,-3.152056,2,BH,73.2,13.1,253.0,1.0,2,3000,0,0,0,0,1,0

FINAL,L25,25,D,4
IF,KERAK,47.822250,-3.152056,BH,73.2,13.1,2,3000,0,0,0,0,0,0
CF,FF25,47.808361,-3.223333,0,BH,72.8,10.1,253.0,3.0,2,3000,0,0,0,0,2,0
CF,41LOC,47.783006,-3.338469,0,BH,72.8,5.2,253.0,4.9,2,1440,0,0,0,0,0,0
CF,ML25,47.765858,-3.415944,0,BH,72.8,1.9,253.0,3.3,1,400,0,0,0,0,3,0
CF,D253F,47.729189,-3.582592,0,QPR,120.1,27.9,253.0,7.1,0,0,0,0,0,0,0,1
CF,LOR,47.763194,-3.440694,1,QPR,111.9,32.2,32.0,6.0,1,3000,0,1,185,0,0,0

APPTR,L25-Y,25,LALMO
HF,LALMO,47.822889,-3.158889,1, ,0.0,0.0,253.0,05,2,3000,0,1,220,0,1,0,0

APPTR,L25-Y,25,LOR
FD,LOR,47.761472,-3.441167,0,LOR,0.0,12.0,61.0,12.0,2,3000,0,1,185,0,1,0
CF,LALMO,47.822889,-3.158889,2,BH,72.7,12.9,253.0,1.0,2,3000,0,0,0,0,1,0

FINAL,L25-Y,25,D,4
IF,LALMO,47.822889,-3.158889,BH,72.7,12.9,2,3000,0,0,0,0,0,0
CF,FF25,47.808361,-3.223333,0,BH,72.8,10.1,253.0,2.8,2,3000,0,0,0,0,2,0
CF,41LOC,47.783006,-3.338469,0,BH,72.8,5.2,253.0,4.9,2,1440,0,0,0,0,0,0
CF,ML25,47.765858,-3.415944,0,BH,72.8,1.9,253.0,3.3,1,400,0,0,0,0,3,0
CF,D253F,47.729189,-3.582592,0,LOR,252.4,6.1,253.0,7.1,0,0,0,0,0,0,0,1
CF,LOR,47.761472,-3.441167,1,LOR,0.0,0.0,33.0,6.0,1,3000,0,1,185,0,0,0

APPTR,L25-Z,25,KERAK
HF,KERAK,47.822250,-3.152056,1, ,0.0,0.0,254.0,05,2,3000,0,1,220,0,1,0,0

APPTR,L25-Z,25,LOR
FD,LOR,47.763194,-3.440694,0,BH,0.0,12.0,62.0,12.0,2,3000,0,1,185,0,1,0
CF,KERAK,47.822250,-3.152056,2,BH,73.2,13.1,253.0,1.0,2,3000,0,0,0,0,1,0

FINAL,L25-Z,25,D,4
IF,KERAK,47.822250,-3.152056,BH,73.2,13.1,2,3000,0,0,0,0,0,0
CF,FF25,47.808361,-3.223333,0,BH,72.8,10.1,253.0,3.0,2,3000,0,0,0,0,2,0
CF,41LOC,47.783006,-3.338469,0,BH,72.8,5.2,253.0,4.9,2,1440,0,0,0,0,0,0
CF,ML25,47.765858,-3.415944,0,BH,72.8,1.9,253.0,3.3,1,400,0,0,0,0,3,0
CF,D253F,47.729189,-3.582592,0,QPR,120.1,27.9,253.0,7.1,0,0,0,0,0,0,0,1
CF,LOR,47.763194,-3.440694,1,QPR,111.9,32.2,32.0,6.0,1,3000,0,1,185,0,0,0

APPTR,N07,07,LOR1
IF,LOR,47.763194,-3.440694, ,0.0,0.0,2,3000,0,0,0,0,1,0
FC,LOR,47.763194,-3.440694,0,QPR,0.0,0.0,275.0,7.0,2,1500,0,0,0,0,0,1
CF,FN07,47.733347,-3.555717,1,QPR,119.6,28.8,70.0,2.0,2,1500,0,0,0,0,0,0

APPTR,N07,07,LOR2
IF,LOR,47.763194,-3.440694, ,0.0,0.0,2,3000,0,0,0,0,1,0
FC,LOR,47.763194,-3.440694,0,QPR,0.0,0.0,262.0,8.0,2,1500,0,1,160,0,0,1
CF,FN07,47.733347,-3.555717,1,QPR,119.6,28.8,70.0,3.0,2,1500,0,0,0,0,0,0

FINAL,N07,07,N,2
IF,FN07,47.733347,-3.555717,LOR,0.0,0.0,2,1500,0,0,0,0,2,0
CF,RW07,47.756261,-3.459167,0,LOR,0.0,0.0,70.0,4.1,1,183,0,0,0,0,3,0
CF,LOR,47.763194,-3.440694,0,QPR,112.9,32.2,70.0,0.9,0,0,0,0,0,0,0,0
FA,LOR,47.763194,-3.440694,0,QPR,0.0,0.0,70.0,2,2000,0,0,0,0,0,0
DF,LOR,47.763194,-3.440694,1, ,0.0,0.0,1,3000,0,1,220,0,0,0

APPTR,N25,25,LOR1
IF,LOR,47.763194,-3.440694, ,0.0,0.0,2,3000,0,0,0,0,1,0
FC,LOR,47.763194,-3.440694,0,QPR,0.0,0.0,53.0,7.0,2,1600,0,0,0,0,0,1
CF,FN25,47.781269,-3.324147,2,QPR,108.6,36.3,258.0,2.5,2,1600,0,0,0,0,0,0

APPTR,N25,25,LOR2
IF,LOR,47.763194,-3.440694, ,0.0,0.0,2,3000,0,0,0,0,1,0
FC,LOR,47.763194,-3.440694,0,QPR,0.0,0.0,62.0,7.5,2,1600,0,0,0,0,0,1
CF,FN25,47.781269,-3.324147,2,QPR,108.6,36.3,258.0,3.0,2,1600,0,0,0,0,0,0

FINAL,N25,25,N,2
IF,FN25,47.781269,-3.324147,LOR,0.0,0.0,2,1600,0,0,0,0,2,0
CF,RW25,47.762542,-3.430911,0,LOR,0.0,0.0,258.0,4.5,1,197,0,0,0,0,3,0
CF,LOR,47.763194,-3.440694,0,QPR,112.9,32.2,258.0,0.4,0,0,0,0,0,0,0,0
FA,LOR,47.763194,-3.440694,0,QPR,0.0,0.0,258.0,2,2000,0,0,0,0,0,0
DF,LOR,47.763194,-3.440694,2, ,0.0,0.0,1,3000,0,1,220,0,0,0

APPTR,R07,07,IRH07
IF,IRH07,47.683583,-3.783528, ,0.0,0.0,1,3000,0,1,220,0,1,0
TF,FRH07,47.709944,-3.666500,0, ,0.0,0.0,0.0,0.0,1,3000,0,0,0,0,0,0

APPTR,R07,07,RH401
IF,RH401,47.770444,-3.826611, ,0.0,0.0,1,3000,0,1,220,0,1,0
TF,IRH07,47.683583,-3.783528,0, ,0.0,0.0,0.0,0.0,1,3000,0,1,220,0,1,0
TF,FRH07,47.709944,-3.666500,0, ,0.0,0.0,0.0,0.0,1,3000,0,0,0,0,0,0

FINAL,R07,07,R,2
IF,FRH07,47.709944,-3.666500, ,0.0,0.0,1,3000,0,0,0,0,2,0
TF,RW07,47.756261,-3.459167,0, ,0.0,0.0,72.0,8.8,1,183,0,0,0,0,3,1
CA,0,72.0,2,1000,0,0,0,0,0,0
DF,RH401,47.770444,-3.826611,1, ,0.0,0.0,1,3000,0,1,220,0,0,0

APPTR,R20,20,ROKAL
IF,ROKAL,47.955333,-3.355972, ,0.0,0.0,1,3000,0,1,250,0,1,0
TF,FRH20,47.910833,-3.375167,0, ,0.0,0.0,0.0,0.0,1,3000,0,0,0,0,0,0

FINAL,R20,20,R,2
IF,FRH20,47.910833,-3.375167, ,0.0,0.0,1,3000,0,0,0,0,2,0
TF,RW20,47.770644,-3.435611,0, ,0.0,0.0,197.0,8.8,1,208,0,0,0,0,3,1
CA,0,197.0,2,1000,0,0,0,0,0,0
DF,RH417,47.866444,-3.523694,2, ,0.0,0.0,2,3000,0,1,240,0,0,0
TF,RH414,48.058361,-3.440639,0, ,0.0,0.0,0.0,0.0,0,0,0,0,0,0,0,0
TF,RH415,48.035306,-3.321306,0, ,0.0,0.0,0.0,0.0,0,0,0,1,240,0,0,0
TF,ROKAL,47.955333,-3.355972,0, ,0.0,0.0,0.0,0.0,1,3000,0,1,250,0,0,0

APPTR,R25,25,LALMO
IF,LALMO,47.822889,-3.158889, ,0.0,0.0,1,3000,0,0,0,0,1,0
TF,FRH25,47.808361,-3.223611,0, ,0.0,0.0,0.0,0.0,1,3000,0,0,0,0,0,0

FINAL,R25,25,R,2
IF,FRH25,47.808361,-3.223611, ,0.0,0.0,1,3000,0,0,0,0,2,0
TF,RW25,47.762542,-3.430911,0, ,0.0,0.0,253.0,8.8,1,189,0,0,0,0,3,1
CA,0,253.0,2,1000,0,0,0,0,0,0
DF,RH427,47.854861,-3.409167,2, ,0.0,0.0,2,3000,0,1,250,0,0,0
TF,RH424,47.933028,-3.056306,0, ,0.0,0.0,0.0,0.0,0,0,0,0,0,0,0,0
TF,RH425,47.853889,-3.017778,0, ,0.0,0.0,0.0,0.0,0,0,0,0,0,0,0,0
TF,LALMO,47.822889,-3.158889,0, ,0.0,0.0,0.0,0.0,1,3000,0,0,0,0,0,0

APPTR,T07,07,D252L
IF,D252L,47.696056,-3.721111, ,0.0,0.0,2,3000,0,0,0,0,1,0
CF,FT07,47.708639,-3.667500,0,LOR,252.0,9.7,72.0,2.3,2,3000,0,0,0,0,0,0

APPTR,T07,07,LOR
FD,LOR,47.761472,-3.441167,0,LOR,0.0,12.0,264.0,12.0,2,3000,0,1,185,0,1,0
CF,D252L,47.696056,-3.721111,1,LOR,252.0,12.0,72.0,1.0,2,3000,0,0,0,0,1,0
CF,FT07,47.708639,-3.667500,0,LOR,252.0,9.7,72.0,2.3,2,3000,0,0,0,0,0,0

FINAL,T07,07,D,3
IF,FT07,47.708639,-3.667500,LOR,252.0,9.7,2,3000,0,0,0,0,2,0
CF,40TAC,47.739739,-3.534558,0,LOR,252.0,4.0,72.0,5.7,2,1200,0,0,0,0,0,0
CF,RW07,47.756261,-3.459167,0,LOR,247.8,0.8,72.0,3.2,1,183,0,0,0,0,3,0
CF,LOR,47.761472,-3.441167,0,LOR,0.0,0.0,72.0,0.8,0,0,0,0,0,0,0,1
FA,LOR,47.761472,-3.441167,0,LOR,0.0,0.0,72.0,2,1000,0,0,0,0,0,0
CI,1, ,0.0,231.0,2,3000,0,1,185,0,0,0
FD,LOR,47.761472,-3.441167,0,LOR,0.0,12.0,264.0,12.0,0,0,0,0,0,0,0,0
CF,D252L,47.696056,-3.721111,1,LOR,252.0,12.0,72.0,1.0,1,3000,0,1,185,0,0,0

APPTR,T25,25,LALMO
IF,LALMO,47.822889,-3.158889, ,0.0,0.0,2,3000,0,0,0,0,1,0
CF,FT25,47.808611,-3.224833,0,LOR,73.0,9.2,253.0,2.8,2,3000,0,0,0,0,0,0

APPTR,T25,25,LOR
FD,LOR,47.761472,-3.441167,0,LOR,0.0,12.0,61.0,12.0,2,3000,0,1,185,0,1,0
CF,LALMO,47.822889,-3.158889,2,LOR,73.0,12.0,253.0,1.0,2,3000,0,0,0,0,1,0
CF,FT25,47.808611,-3.224833,0,LOR,73.0,9.2,253.0,2.8,2,3000,0,0,0,0,0,0

FINAL,T25,25,D,3
IF,FT25,47.808611,-3.224833,LOR,73.0,9.2,2,3000,0,0,0,0,2,0
CF,50TAC,47.787147,-3.323633,0,LOR,73.0,5.0,253.0,4.2,2,1640,0,0,0,0,0,0
CF,RW25,47.762542,-3.430911,0,LOR,82.2,0.4,253.0,4.6,1,197,0,0,0,0,3,0
CF,LOR,47.761472,-3.441167,0,LOR,0.0,0.0,253.0,0.4,0,0,0,0,0,0,0,1
FD,LOR,47.761472,-3.441167,0,LOR,0.0,6.0,253.0,6.0,0,0,0,0,0,0,0,0
CF,LOR,47.761472,-3.441167,1,LOR,0.0,0.0,33.0,7.0,1,3000,0,1,185,0,0,0

