APPTR,I11,11,LXI
IF,LXI,47.783167,6.357111, ,0.0,0.0,2,3500,0,1,195,0,0,0
FD,LXI,47.783167,6.357111,0,LXI,0.0,11.0,307.0,11.0,2,2900,0,0,0,0,0,0
CF,CI11,47.854500,6.106528,1,LXI,290.5,11.5,111.0,1.0,2,2900,0,0,0,0,1,0

FINAL,I11,11,I,3
IF,CI11,47.854500,6.106528,LXI,290.5,11.5,2,2900,0,0,0,0,0,0
CF,FI11,47.832250,6.192278,0,LXI,291.1,7.8,111.0,3.7,1,2900,0,0,0,0,2,0
CF,RW11,47.791592,6.334533,0,LXI,291.1,1.6,111.0,6.2,1,910,0,0,0,0,3,0
FD,RW11,47.791592,6.334533,0,LXI,297.0,3.0,111.0,3.0,0,0,0,0,0,0,0,0
DF,LXI,47.783167,6.357111,1, ,0.0,0.0,1,3500,0,1,195,0,0,0

APPTR,R11,11,SX412
IF,SX412,47.798111,5.954250, ,0.0,0.0,2,4000,0,1,220,0,1,0
TF,ISX11,47.871278,6.055361,0, ,0.0,0.0,0.0,0.0,2,2900,0,0,0,0,1,0

APPTR,R11,11,SX413
IF,SX413,47.910250,5.918528, ,0.0,0.0,2,3200,0,0,0,0,1,0
TF,ISX11,47.871278,6.055361,0, ,0.0,0.0,0.0,0.0,2,2900,0,0,0,0,1,0

APPTR,R11,11,SX414
IF,SX414,47.971083,6.062778, ,0.0,0.0,2,4500,0,1,220,0,1,0
TF,ISX11,47.871278,6.055361,0, ,0.0,0.0,0.0,0.0,2,2900,0,0,0,0,1,0

FINAL,R11,11,R,3
IF,ISX11,47.871278,6.055361, ,0.0,0.0,2,2900,0,0,0,0,0,0
TF,FSX11,47.832361,6.192111,0, ,0.0,0.0,111.0,6.0,1,2900,0,0,0,0,2,0
TF,RW11,47.791592,6.334533,0, ,0.0,0.0,111.0,6.2,1,910,0,0,0,0,3,1
TF,SX417,47.765444,6.425444,0, ,0.0,0.0,0.0,0.0,0,0,0,0,0,0,0,1
DF,SX414,47.971083,6.062778,1, ,0.0,0.0,2,2900,0,1,220,0,0,0

APPTR,R29,29,SX421
IF,SX421,47.731639,6.194389, ,0.0,0.0,2,4000,0,1,220,0,1,0
TF,SX422,47.652917,6.322333,0, ,0.0,0.0,0.0,0.0,2,2600,0,0,0,0,0,0
TF,SX423,47.627444,6.422194,0, ,0.0,0.0,0.0,0.0,2,2600,0,0,0,0,0,0
TF,SX424,47.652306,6.519028,0, ,0.0,0.0,0.0,0.0,4,4000,2600,1,185,0,0,0
TF,ISX29,47.710944,6.565833,0, ,0.0,0.0,0.0,0.0,1,2600,0,0,0,0,1,0

FINAL,R29,29,R,3
IF,ISX29,47.710944,6.565833, ,0.0,0.0,1,2600,0,1,185,0,0,0
TF,FSX29,47.742444,6.478833,0, ,0.0,0.0,296.0,4.0,1,2600,0,0,0,0,2,0
TF,MAP29,47.780267,6.373956,0, ,0.0,0.0,296.0,4.8,1,1068,0,0,0,0,3,1
TF,SX427,47.819444,6.264889,0, ,0.0,0.0,0.0,0.0,3,2600,0,1,200,0,0,0
TF,SX421,47.731639,6.194389,0, ,0.0,0.0,0.0,0.0,3,2600,0,1,220,0,0,0

