SID,CM3N,36,2
CA,0,355.0,2,710,0,0,0,0,0,0
CF,NG,43.857194,4.406278,0,FJR,47.2,25.2,355.0,5.0,0,0,0,0,0,0,0,0
TF,CM,43.908278,4.905389,0, ,0.0,0.0,0.0,0.0,0,0,0,1,210,0,0,0

SID,CM3S,18,2
CD, ,0,0,0,NG,0,0.0,175.0,2.2,2,710,0,0,0,0,0,0
CF,NG,43.857194,4.406278,2,FJR,47.2,25.2,26.0,8.0,0,0,0,0,0,0,0,0
TF,CM,43.908278,4.905389,0, ,0.0,0.0,0.0,0.0,0,0,0,0,0,0,0,0

SID,FJR3N,36,2
CF,D344A,43.775603,4.414281,0,FJR,57.1,22.5,355.0,1.0,2,710,0,0,0,0,0,1
CF,ODADI,43.733694,4.214306,1,FJR,47.2,14.0,226.0,7.0,0,0,0,0,0,0,0,0
TF,LUNEL,43.689417,4.145833,0, ,0.0,0.0,0.0,0.0,0,0,0,0,0,0,0,0
TF,FJR,43.578361,3.974722,0, ,0.0,0.0,0.0,0.0,0,0,0,0,0,0,0,0

SID,FJR3S,18,2
CD, ,0,0,0,NG,0,0.0,175.0,2.2,2,710,0,0,0,0,0,0
VI,0, ,0.0,246.0,0,0,0,0,0,0,0,0
CF,LUNEL,43.689417,4.145833,0,FJR,47.2,10.0,276.0,8.0,0,0,0,0,0,0,0,0
TF,FJR,43.578361,3.974722,0, ,0.0,0.0,0.0,0.0,0,0,0,0,0,0,0,0

SID,MARI3N,36,2
CF,D344A,43.775603,4.414281,0,FJR,57.1,22.5,355.0,1.0,2,710,0,0,0,0,0,1
CI,2, ,0.0,216.0,0,0,0,0,0,0,0,0
CF,MARRI,43.384722,4.474167,0,MTG,269.0,26.8,172.0,20.0,0,0,0,0,0,0,0,0

SID,MARI3S,18,2
CA,0,175.0,2,710,0,0,0,0,0,0
CF,MARRI,43.384722,4.474167,0,MTG,269.0,26.8,172.0,22.0,0,0,0,0,0,0,0,0

SID,MEN3N,36,2
CA,0,355.0,2,710,0,0,0,0,0,0
CF,NG,43.857194,4.406278,0,FJR,47.2,25.2,355.0,5.0,0,0,0,0,0,0,0,0
TF,LUMID,44.233333,3.789167,0, ,0.0,0.0,0.0,0.0,0,0,0,0,0,0,0,0
TF,MEN,44.608361,3.162417,0, ,0.0,0.0,0.0,0.0,0,0,0,0,0,0,0,0

SID,MEN3S,18,2
CD, ,0,0,0,NG,0,0.0,175.0,2.2,2,710,0,0,0,0,0,0
CF,D308M,43.993492,4.184197,2,FJR,19.0,26.5,336.0,19.0,0,0,0,0,0,0,0,0
TF,LUMID,44.233333,3.789167,0, ,0.0,0.0,0.0,0.0,0,0,0,0,0,0,0,0
TF,MEN,44.608361,3.162417,0, ,0.0,0.0,0.0,0.0,0,0,0,0,0,0,0,0

SID,MTL3N,36,2
CA,0,355.0,2,710,0,0,0,0,0,0
CF,NG,43.857194,4.406278,0,FJR,47.2,25.2,355.0,5.0,0,0,0,0,0,0,0,0
TF,MOLEN,44.055278,4.512778,0, ,0.0,0.0,0.0,0.0,0,0,0,1,210,0,0,0
TF,MTL,44.554944,4.779861,0, ,0.0,0.0,0.0,0.0,0,0,0,0,0,0,0,0

SID,MTL3S,18,2
CD, ,0,0,0,NG,0,0.0,175.0,2.2,2,710,0,0,0,0,0,0
CF,NG,43.857194,4.406278,2,FJR,47.2,25.2,26.0,8.0,0,0,0,0,0,0,0,0
TF,MOLEN,44.055278,4.512778,0, ,0.0,0.0,0.0,0.0,0,0,0,0,0,0,0,0
TF,MTL,44.554944,4.779861,0, ,0.0,0.0,0.0,0.0,0,0,0,0,0,0,0,0

STAR,CM5W,ALL,2
IF,CM,43.908278,4.905389, ,0.0,0.0,0,0,0,0,0,0,0,0
TF,NG,43.857194,4.406278,0, ,0.0,0.0,0.0,0.0,2,4000,0,0,0,0,0,0

STAR,ESER5W,ALL,2
IF,ESERA,44.147694,3.529806, ,0.0,0.0,3,19000,0,0,0,0,0,0
TF,D304X,44.002497,3.971569,0, ,0.0,0.0,0.0,0.0,2,7300,0,0,0,0,0,0
TF,NG,43.857194,4.406278,0, ,0.0,0.0,0.0,0.0,2,4000,0,0,0,0,0,0

STAR,FJR5G,ALL,5
IF,FJR,43.578361,3.974722, ,0.0,0.0,0,0,0,0,0,0,0,0
TF,LUNEL,43.689417,4.145833,0, ,0.0,0.0,0.0,0.0,0,0,0,0,0,0,0,0
TF,ODADI,43.733694,4.214306,0, ,0.0,0.0,0.0,0.0,0,0,0,0,0,0,0,0
TF,NG,43.857194,4.406278,0, ,0.0,0.0,0.0,0.0,2,4000,0,1,190,0,0,0

STAR,MARI5W,ALL,2
IF,MARRI,43.384722,4.474167, ,0.0,0.0,0,0,0,0,0,0,0,0
TF,NG,43.857194,4.406278,0, ,0.0,0.0,0.0,0.0,2,4000,0,0,0,0,0,0

STAR,MEN5W,ALL,2
IF,MEN,44.608361,3.162417, ,0.0,0.0,0,0,0,0,0,0,0,0
TF,LUMID,44.233333,3.789167,0, ,0.0,0.0,0.0,0.0,0,0,0,0,0,0,0,0
TF,D318X,44.070233,4.058389,0, ,0.0,0.0,0.0,0.0,2,7000,0,0,0,0,0,0
TF,NG,43.857194,4.406278,0, ,0.0,0.0,0.0,0.0,2,4000,0,0,0,0,0,0

STAR,MTL5W,ALL,2
IF,MTL,44.554944,4.779861, ,0.0,0.0,0,0,0,0,0,0,0,0
TF,MOLEN,44.055278,4.512778,0, ,0.0,0.0,0.0,0.0,0,0,0,0,0,0,0,0
TF,NG,43.857194,4.406278,0, ,0.0,0.0,0.0,0.0,2,4000,0,0,0,0,0,0

APPTR,N18,18,NG1
HF,NG,43.857194,4.406278,1, ,0.0,0.0,174.0,04.3,2,3000,0,0,0,0,1,0,0

APPTR,N18,18,NG2
HF,NG,43.857194,4.406278,1, ,0.0,0.0,174.0,04.3,2,3000,0,0,0,0,1,0,0

FINAL,N18,18,N,3
IF,CN18,43.906744,4.401483,NG,0.0,0.0,2,3000,0,0,0,0,0,0
CF,NG,43.857194,4.406278,0,NG,0.0,0.0,174.0,3.0,2,2050,0,0,0,0,2,0
CF,RW18,43.768408,4.415556,0,NG,0.0,0.0,174.0,5.3,1,350,0,0,0,0,3,0
CF,D174J,43.683197,4.423042,0,FJR,71.0,20.5,174.0,5.1,0,0,0,0,0,0,0,1
DF,NG,43.857194,4.406278,2, ,0.0,0.0,1,4000,0,1,185,0,0,0

APPTR,Q36,36,NG
IF,NG,43.857194,4.406278, ,0.0,0.0,2,4000,0,0,0,0,1,0
TF,D184F,43.669867,4.379153,0, ,0.0,0.0,0.0,0.0,2,4000,0,0,0,0,0,0
FD,D184F,43.669867,4.379153,0,NG,0.0,12.0,184.0,12.0,2,3000,0,1,200,0,0,0
CF,FQ36,43.608444,4.430222,1,FJR,82.7,19.9,354.0,3.0,2,3000,0,0,0,0,0,0

FINAL,Q36,36,N,2
IF,FQ36,43.608444,4.430222,NG,0.0,0.0,2,3000,0,0,0,0,2,0
CF,MQ36,43.732483,4.418303,0,NG,0.0,2.0,354.0,7.5,1,626,0,0,0,0,3,0
CF,NG,43.857194,4.406278,0,FJR,47.2,25.2,354.0,7.5,0,0,0,0,0,0,0,0
FD,NG,43.857194,4.406278,0,NG,0.0,10.0,24.0,10.0,2,4000,0,1,200,0,0,0
DF,NG,43.857194,4.406278,1, ,0.0,0.0,1,4000,0,0,0,0,0,0
HM,NG,43.857194,4.406278,1, ,0.0,0.0,174.0,04.3,3,7000,0,1,200,0,0,0,0

APPTR,R18,18,NG
IF,NG,43.857194,4.406278, ,0.0,0.0,2,4000,0,0,0,0,1,0
TF,TW512,43.852194,4.293917,0, ,0.0,0.0,0.0,0.0,0,0,0,1,230,0,0,0
TF,TW500,43.985639,4.284250,0, ,0.0,0.0,0.0,0.0,2,4000,0,1,185,0,0,0
TF,ITW18,43.990056,4.399528,0, ,0.0,0.0,0.0,0.0,2,3000,0,1,185,0,1,0

APPTR,R18,18,TW500
IF,TW500,43.985639,4.284250, ,0.0,0.0,2,4000,0,1,185,0,1,0
TF,ITW18,43.990056,4.399528,0, ,0.0,0.0,0.0,0.0,2,3000,0,1,185,0,1,0

APPTR,R18,18,TW502
IF,TW502,43.992917,4.475611, ,0.0,0.0,2,3000,0,1,170,0,1,0
TF,ITW18,43.990056,4.399528,0, ,0.0,0.0,0.0,0.0,2,3000,0,1,185,0,1,0

FINAL,R18,18,R,3
IF,ITW18,43.990056,4.399528, ,0.0,0.0,2,3000,0,1,185,0,1,0
TF,FTW18,43.906806,4.405583,0, ,0.0,0.0,175.0,5.0,2,3000,0,0,0,0,2,0
TF,RW18,43.768408,4.415556,0, ,0.0,0.0,175.0,8.3,1,350,0,0,0,0,3,1
TF,TW510,43.678528,4.422056,0, ,0.0,0.0,0.0,0.0,0,0,0,1,185,0,0,1
DF,TW511,43.720417,4.264472,2, ,0.0,0.0,0,0,0,1,190,0,0,0
TF,TW512,43.852194,4.293917,0, ,0.0,0.0,0.0,0.0,0,0,0,0,0,0,0,0
TF,TW500,43.985639,4.284250,0, ,0.0,0.0,0.0,0.0,2,4000,0,1,185,0,0,0
TF,ITW18,43.990056,4.399528,0, ,0.0,0.0,0.0,0.0,2,4000,0,1,185,0,0,0
TF,NG,43.857194,4.406278,2, ,0.0,0.0,0.0,0.0,2,4000,0,1,190,0,0,1
HM,NG,43.857194,4.406278,1, ,0.0,0.0,174.0,04.3,2,4000,0,1,190,0,0,0,0

APPTR,R36,36,BADET
IF,BADET,43.464056,4.495944, ,0.0,0.0,2,3000,0,1,200,0,1,0
TF,ITW36,43.517194,4.433556,0, ,0.0,0.0,0.0,0.0,2,3000,0,1,200,0,1,0

APPTR,R36,36,VARES
IF,VARES,43.503056,4.323056, ,0.0,0.0,2,3000,0,1,200,0,1,0
TF,ITW36,43.517194,4.433556,0, ,0.0,0.0,0.0,0.0,2,3000,0,1,200,0,1,0

FINAL,R36,36,R,3
IF,ITW36,43.517194,4.433556, ,0.0,0.0,2,3000,0,1,200,0,1,0
TF,FTW36,43.608444,4.427028,0, ,0.0,0.0,355.0,5.5,1,3000,0,0,0,0,2,0
TF,RW36,43.746447,4.417136,0, ,0.0,0.0,355.0,8.3,1,358,0,0,0,0,3,1
TF,NG,43.857194,4.406278,0, ,0.0,0.0,0.0,0.0,0,0,0,0,0,0,0,0
TF,TW410,43.930278,4.455611,0, ,0.0,0.0,0.0,0.0,2,3800,0,1,200,0,0,1
DF,NG,43.857194,4.406278,1, ,0.0,0.0,2,4000,0,1,200,0,0,0
HM,NG,43.857194,4.406278,1, ,0.0,0.0,174.0,04.3,2,4000,0,1,200,0,0,0,0

