SID,KAM1B,16L,2
CA,0,161.0,2,460,0,0,0,0,0,0
CF,AML,37.775833,21.347222,0,KAM,318.9,53.4,160.0,8.0,0,0,0,0,0,0,0,0
TF,KAM27,37.425514,21.683464,0, ,0.0,0.0,0.0,0.0,0,0,0,0,0,0,0,0
TF,KAM,37.066447,22.023917,0, ,0.0,0.0,0.0,0.0,0,0,0,0,0,0,0,0

SID,KFN1J,16L,2
CA,0,161.0,2,460,0,0,0,0,0,0
CF,AML,37.775833,21.347222,0,KFN,112.6,44.8,160.0,8.0,0,0,0,0,0,0,0,1
CI,2, ,0.0,338.0,0,0,0,1,210,0,0,0
CF,D113O,37.998989,20.786492,0,KFN,113.0,15.0,293.0,25.0,0,0,0,0,0,0,0,0
TF,KFN,38.112953,20.504683,0, ,0.0,0.0,0.0,0.0,0,0,0,0,0,0,0,0

SID,TRL1D,16L,2
CA,0,161.0,2,460,0,0,0,0,0,0
CF,AML,37.775833,21.347222,0,TRL,292.5,52.3,160.0,8.0,0,0,0,0,0,0,0,1
CI,0, ,0.0,81.0,0,0,0,1,210,0,0,0
CF,TRL32,37.632222,21.734350,0,TRL,292.5,32.0,111.0,17.0,0,0,0,0,0,0,0,0
TF,D291I,37.469764,22.166453,0, ,0.0,0.0,0.0,0.0,0,0,0,0,0,0,0,0
TF,TRL,37.403764,22.340281,0, ,0.0,0.0,0.0,0.0,0,0,0,0,0,0,0,0

SID,ZAK1B,16L,2
CA,0,161.0,2,460,0,0,0,0,0,0
CF,AML,37.775833,21.347222,0,ZAK,81.2,22.1,160.0,8.0,0,0,0,0,0,0,0,1
CI,2, ,0.0,307.0,0,0,0,1,210,0,0,0
CF,D082H,37.755050,21.052536,0,ZAK,82.0,8.0,262.0,10.0,0,0,0,0,0,0,0,0
TF,ZAK,37.745858,20.884819,0, ,0.0,0.0,0.0,0.0,0,0,0,0,0,0,0,0

APPTR,T34R,34R,FF34
HF,FF34,37.787992,21.346272,1, ,0.0,0.0,337.0,05,2,4000,0,0,0,0,1,0,0

FINAL,T34R,34R,D,3
IF,CF34,37.709083,21.380397,AML,157.0,14.0,2,3100,0,0,0,0,0,0
CF,FF34,37.787992,21.346272,0,AML,157.0,9.0,337.0,5.0,2,2200,0,0,0,0,2,0
CF,MA34,37.898444,21.298375,0,AML,157.0,2.0,337.0,7.0,1,267,0,0,0,0,3,0
CF,AML,37.930000,21.284667,0,AML,0.0,0.0,337.0,2.0,0,0,0,0,0,0,0,0
FD,AML,37.930000,21.284667,0,AML,0.0,5.0,337.0,5.0,0,0,0,0,0,0,0,0
DF,AML,37.930000,21.284667,1, ,0.0,0.0,0,0,0,0,0,0,0,0
CF,FF34,37.787992,21.346272,0,AML,157.0,9.0,157.0,9.0,2,4000,0,0,0,0,0,0
HM,FF34,37.787992,21.346272,1, ,0.0,0.0,337.0,05,2,4000,0,0,0,0,0,0,0

