SID,ASTO2K,03L,2
CD, ,0,0,0,ATV,0,0.0,32.0,14.5,0,0,0,0,0,0,0,0
CF,ATV,37.888678,23.804497,2,ATV,0.0,0.0,245.0,16.0,0,0,0,1,220,0,0,0
TF,ASTOV,37.420833,22.534444,0, ,0.0,0.0,0.0,0.0,0,0,0,0,0,0,0,0

SID,ATV1G,21R,2
CA,0,212.0,2,5000,0,0,0,0,0,0
DF,ATV,37.888678,23.804497,2, ,0.0,0.0,4,16000,7000,1,210,0,0,0

SID,ATV1H,21L,2
CA,0,212.0,2,5000,0,0,0,0,0,0
DF,ATV,37.888678,23.804497,2, ,0.0,0.0,4,16000,7000,1,210,0,0,0

SID,ATV1K,03L,2
CD, ,0,0,0,SPA,0,0.0,32.0,9.0,0,0,0,0,0,0,0,0
DF,ATV,37.888678,23.804497,2, ,0.0,0.0,4,16000,7000,1,220,0,0,0

SID,ATV2E,03R,2
CA,0,32.0,2,710,0,0,0,0,0,0
FD,SAT,37.916667,23.914167,0,SAT,0.0,10.0,46.0,10.0,1,3000,0,0,0,0,0,0
DF,ATV,37.888678,23.804497,2, ,0.0,0.0,4,16000,7000,1,210,0,0,0

SID,BIBE1G,21R,2
CF,SAT,37.916667,23.914167,0,SAT,0.0,0.0,212.0,2.0,2,700,0,0,0,0,0,0
CF,D219O,37.736419,23.695236,0,SAT,219.0,15.0,219.0,15.0,0,0,0,0,0,0,0,1
CF,D277O,37.608803,23.990950,1,KEA,277.0,15.0,97.0,14.0,3,3000,0,1,210,0,0,0
TF,KEA,37.557164,24.298700,0, ,0.0,0.0,0.0,0.0,3,24000,0,0,0,0,0,0
TF,BIBEX,37.208056,24.834444,0, ,0.0,0.0,0.0,0.0,0,0,0,0,0,0,0,0

SID,BIBE1K,03L,2
CF,ATV15,38.049306,24.046947,0,ATV,45.0,15.0,32.0,9.0,0,0,0,0,0,0,0,0
AF,D116O,37.759458,24.074728,2,ATV,116.0,15.0,45.0,0,0,0,0,0,0,0,1
AF,D124O,37.730908,24.049406,2,ATV,124.0,15.0,116.0,0,0,0,1,220,0,0,0
TF,BIBEX,37.208056,24.834444,0, ,0.0,0.0,0.0,0.0,0,0,0,0,0,0,0,0

SID,BIBE1L,03L,2
CA,0,32.0,2,710,0,0,0,0,0,0
CF,D031L,38.078556,24.063050,0,SAT,31.0,12.0,31.0,10.0,0,0,0,0,0,0,0,0
CI,0, ,0.0,31.0,2,4000,0,1,210,0,0,0
CF,D284I,38.042892,24.315369,0,KRO,284.0,9.0,104.0,11.0,2,7000,0,0,0,0,0,1
DF,KEA,37.557164,24.298700,0, ,0.0,0.0,3,24000,0,0,0,0,0,0
TF,BIBEX,37.208056,24.834444,0, ,0.0,0.0,0.0,0.0,0,0,0,0,0,0,0,0

SID,BIBE2F,21L,2
CF,SPA,37.917778,23.937778,0,SPA,0.0,0.0,212.0,2.0,2,700,0,0,0,0,0,0
FA,SPA,37.917778,23.937778,0,SPA,0.0,0.0,203.0,2,4000,0,0,0,0,0,0
CD, ,0,0,0,KEA,0,0.0,123.0,17.0,2,6000,0,1,210,0,0,0
DF,KEA,37.557164,24.298700,0, ,0.0,0.0,3,24000,0,0,0,0,0,0
TF,BIBEX,37.208056,24.834444,0, ,0.0,0.0,0.0,0.0,0,0,0,0,0,0,0,0

SID,BIBE2J,03R,2
CA,0,32.0,2,710,0,0,0,0,0,0
FA,SAT,37.916667,23.914167,0,SAT,0.0,0.0,46.0,2,1100,0,1,210,0,0,0
CF,D264N,37.989692,24.199792,0,KRO,264.0,14.0,84.0,9.0,3,4000,0,0,0,0,0,1
DF,KEA,37.557164,24.298700,0, ,0.0,0.0,3,6000,0,0,0,0,0,0
TF,BIBEX,37.208056,24.834444,0, ,0.0,0.0,0.0,0.0,0,0,0,0,0,0,0,0

SID,BIBE2T,03R,2
CA,0,32.0,2,710,0,0,0,0,0,0
FD,SPA,37.917778,23.937778,0,SPA,0.0,12.0,32.0,12.0,0,0,0,0,0,0,0,0
DF,KEA,37.557164,24.298700,2, ,0.0,0.0,4,24000,6000,1,210,0,0,0
TF,BIBEX,37.208056,24.834444,0, ,0.0,0.0,0.0,0.0,0,0,0,0,0,0,0,0

SID,DDM1D,03L,2
CA,0,32.0,2,710,0,0,0,0,0,0
CF,D031K,38.065072,24.050619,0,SAT,31.0,11.0,31.0,10.0,0,0,0,0,0,0,0,1
CD, ,0,0,1,ATV,0,0.0,210.0,6.0,2,7000,0,1,240,0,0,0
CF,ATV,37.888678,23.804497,0,ATV,0.0,0.0,210.0,6.0,0,0,0,0,0,0,0,0
TF,DDM,37.477669,23.217169,0, ,0.0,0.0,0.0,0.0,0,0,0,0,0,0,0,0

SID,DDM1F,21L,2
CF,SPA,37.917778,23.937778,0,SPA,0.0,0.0,212.0,2.0,2,700,0,0,0,0,0,0
CF,D203W,37.578700,23.711386,0,SPA,203.0,23.0,203.0,23.0,2,6000,0,0,0,0,0,1
DF,DDM,37.477669,23.217169,0, ,0.0,0.0,0,0,0,1,210,0,0,0

SID,DDM1G,21R,2
CF,SAT,37.916667,23.914167,0,SAT,0.0,0.0,212.0,2.0,2,700,0,0,0,0,0,0
FA,SAT,37.916667,23.914167,0,SAT,0.0,0.0,219.0,2,5000,0,1,210,0,0,0
CD, ,0,0,0,DDM,0,0.0,228.0,16.0,3,5000,0,0,0,0,0,0
DF,DDM,37.477669,23.217169,0, ,0.0,0.0,0,0,0,0,0,0,0,0

SID,DDM1J,03R,2
CA,0,32.0,2,710,0,0,0,0,0,0
FA,SAT,37.916667,23.914167,0,SAT,0.0,0.0,46.0,2,1100,0,1,210,0,0,0
CF,D264N,37.989692,24.199792,0,KRO,264.0,14.0,84.0,9.0,3,4000,0,0,0,0,0,1
DF,ATV,37.888678,23.804497,2, ,0.0,0.0,3,6000,0,0,0,0,0,0
TF,DDM,37.477669,23.217169,0, ,0.0,0.0,0.0,0.0,0,0,0,0,0,0,0,0

SID,DDM2T,03R,2
CA,0,32.0,2,710,0,0,0,0,0,0
FD,SPA,37.917778,23.937778,0,SPA,0.0,12.0,32.0,12.0,0,0,0,0,0,0,0,0
DF,ATV,37.888678,23.804497,2, ,0.0,0.0,0,0,0,1,210,0,0,0
TF,DDM,37.477669,23.217169,0, ,0.0,0.0,0.0,0.0,0,0,0,0,0,0,0,0

SID,KEA2F,21L,2
CF,SPA,37.917778,23.937778,0,SPA,0.0,0.0,212.0,2.0,2,700,0,0,0,0,0,0
FA,SPA,37.917778,23.937778,0,SPA,0.0,0.0,203.0,2,4000,0,0,0,0,0,0
CD, ,0,0,0,KEA,0,0.0,123.0,17.0,2,6000,0,1,210,0,0,0
DF,KEA,37.557164,24.298700,0, ,0.0,0.0,3,24000,0,0,0,0,0,0

SID,KEA2G,21R,2
CF,SAT,37.916667,23.914167,0,SAT,0.0,0.0,212.0,2.0,2,700,0,0,0,0,0,0
CF,D219O,37.736419,23.695236,0,SAT,219.0,15.0,219.0,15.0,0,0,0,0,0,0,0,1
CF,D277O,37.608803,23.990950,1,KEA,277.0,15.0,97.0,14.0,3,3000,0,1,210,0,0,0
TF,KEA,37.557164,24.298700,0, ,0.0,0.0,0.0,0.0,3,24000,0,0,0,0,0,0

SID,KEA2J,03R,2
CA,0,32.0,2,710,0,0,0,0,0,0
FA,SAT,37.916667,23.914167,0,SAT,0.0,0.0,46.0,2,1100,0,1,210,0,0,0
CF,D264N,37.989692,24.199792,0,KRO,264.0,14.0,84.0,9.0,3,4000,0,0,0,0,0,1
DF,KEA,37.557164,24.298700,0, ,0.0,0.0,3,6000,0,0,0,0,0,0

SID,KEA2K,03L,2
CD, ,0,0,0,ATV,0,0.0,32.0,14.5,0,0,0,0,0,0,0,0
CF,KEA,37.557164,24.298700,2,KEA,0.0,0.0,160.0,30.0,3,24000,0,1,220,0,0,0

SID,KEA2L,03L,2
CA,0,32.0,2,710,0,0,0,0,0,0
CF,D031L,38.078556,24.063050,0,SAT,31.0,12.0,31.0,10.0,0,0,0,0,0,0,0,0
CI,0, ,0.0,31.0,2,4000,0,1,210,0,0,0
CF,D284I,38.042892,24.315369,0,KRO,284.0,9.0,104.0,11.0,2,7000,0,0,0,0,0,1
DF,KEA,37.557164,24.298700,0, ,0.0,0.0,3,24000,0,0,0,0,0,0

SID,KEA2T,03R,2
CA,0,32.0,2,710,0,0,0,0,0,0
FD,SPA,37.917778,23.937778,0,SPA,0.0,12.0,32.0,12.0,0,0,0,0,0,0,0,0
DF,KEA,37.557164,24.298700,2, ,0.0,0.0,4,24000,6000,1,210,0,0,0

SID,KOR1D,03L,2
CA,0,32.0,2,710,0,0,0,0,0,0
CF,D031K,38.065072,24.050619,0,SAT,31.0,11.0,31.0,10.0,0,0,0,0,0,0,0,1
CR,1,ATV,25.0,253.0,2,6000,0,1,240,0,0,0
DF,KOR,37.930411,22.935900,0, ,0.0,0.0,0,0,0,0,0,0,0,0

SID,KOR1F,21L,2
CF,SPA,37.917778,23.937778,0,SPA,0.0,0.0,212.0,2.0,2,700,0,0,0,0,0,0
CF,D203W,37.578700,23.711386,0,SPA,203.0,23.0,203.0,23.0,2,6000,0,0,0,0,0,1
DF,DDM,37.477669,23.217169,0, ,0.0,0.0,0,0,0,1,210,0,0,0
TF,KOR,37.930411,22.935900,0, ,0.0,0.0,0.0,0.0,0,0,0,0,0,0,0,0

SID,KOR1G,21R,2
CF,SAT,37.916667,23.914167,0,SAT,0.0,0.0,212.0,2.0,2,700,0,0,0,0,0,0
CF,D219I,37.808567,23.782681,0,SAT,219.0,9.0,219.0,9.0,0,0,0,0,0,0,0,1
DF,EGN,37.766194,23.426353,0, ,0.0,0.0,3,5000,0,1,210,0,0,0
TF,KOR,37.930411,22.935900,0, ,0.0,0.0,0.0,0.0,0,0,0,0,0,0,0,0

SID,KOR1J,03R,2
CA,0,32.0,2,710,0,0,0,0,0,0
FA,SAT,37.916667,23.914167,0,SAT,0.0,0.0,46.0,2,1100,0,1,210,0,0,0
CF,D264N,37.989692,24.199792,0,KRO,264.0,14.0,84.0,9.0,3,4000,0,0,0,0,0,1
DF,ATV,37.888678,23.804497,2, ,0.0,0.0,3,6000,0,0,0,0,0,0
TF,KOR,37.930411,22.935900,0, ,0.0,0.0,0.0,0.0,0,0,0,0,0,0,0,0

SID,KOR2T,03R,2
CA,0,32.0,2,710,0,0,0,0,0,0
CF,D032L,38.077583,24.090214,0,SPA,32.0,12.0,32.0,12.0,0,0,0,0,0,0,0,1
DF,ATV,37.888678,23.804497,2, ,0.0,0.0,0,0,0,1,210,0,0,1
TF,KOR,37.930411,22.935900,0, ,0.0,0.0,0.0,0.0,0,0,0,0,0,0,0,0

SID,KRO1L,03L,2
CA,0,32.0,2,710,0,0,0,0,0,0
CF,D031L,38.078556,24.063050,0,SAT,31.0,12.0,31.0,10.0,0,0,0,0,0,0,0,1
CI,0, ,0.0,31.0,2,4000,0,1,210,0,0,0
CF,D284I,38.042892,24.315369,0,KRO,284.0,9.0,104.0,11.0,2,9000,0,0,0,0,0,1
TF,KRO,37.994139,24.494908,0, ,0.0,0.0,0.0,0.0,0,0,0,0,0,0,0,0

SID,KRO2F,21L,2
CF,SPA,37.917778,23.937778,0,SPA,0.0,0.0,212.0,2.0,2,700,0,0,0,0,0,0
FA,SPA,37.917778,23.937778,0,SPA,0.0,0.0,203.0,2,4000,0,0,0,0,0,0
CD, ,0,0,0,KEA,0,0.0,123.0,17.0,2,6000,0,1,210,0,0,0
DF,KEA,37.557164,24.298700,0, ,0.0,0.0,3,24000,0,0,0,0,0,1
TF,KRO,37.994139,24.494908,1, ,0.0,0.0,0.0,0.0,0,0,0,0,0,0,0,0

SID,KRO2G,21R,2
CF,SAT,37.916667,23.914167,0,SAT,0.0,0.0,212.0,2.0,2,700,0,0,0,0,0,0
CF,D219O,37.736419,23.695236,0,SAT,219.0,15.0,219.0,15.0,0,0,0,0,0,0,0,1
CF,D277O,37.608803,23.990950,1,KEA,277.0,15.0,97.0,14.0,3,3000,0,1,210,0,0,0
TF,KEA,37.557164,24.298700,0, ,0.0,0.0,0.0,0.0,3,24000,0,0,0,0,0,0
TF,KRO,37.994139,24.494908,0, ,0.0,0.0,0.0,0.0,0,0,0,0,0,0,0,0

SID,KRO2J,03R,2
CA,0,32.0,2,710,0,0,0,0,0,0
FA,SAT,37.916667,23.914167,0,SAT,0.0,0.0,46.0,2,1100,0,1,210,0,0,0
CF,D264N,37.989692,24.199792,0,KRO,264.0,14.0,84.0,12.0,3,4000,0,0,0,0,0,0
TF,D264E,37.992633,24.389506,0, ,0.0,0.0,0.0,0.0,3,7000,0,0,0,0,0,0
TF,KRO,37.994139,24.494908,0, ,0.0,0.0,0.0,0.0,3,8000,0,0,0,0,0,0

SID,KRO3T,03R,2
CA,0,32.0,2,710,0,0,0,0,0,0
FD,SPA,37.917778,23.937778,0,SPA,0.0,12.0,32.0,12.0,0,0,0,0,0,0,0,0
DF,KRO,37.994139,24.494908,0, ,0.0,0.0,0,0,0,1,210,0,0,0

SID,NEVR2N,03L,2
CD, ,0,0,0,ATV,0,0.0,32.0,14.5,0,0,0,0,0,0,0,0
CI,0, ,0.0,105.0,0,0,0,1,220,0,0,0
CF,NEVRA,38.168333,24.560278,0,ATV,59.7,39.6,60.0,20.0,0,0,0,0,0,0,0,0

SID,OGSI1K,03L,2
CD, ,0,0,0,ATV,0,0.0,32.0,14.5,0,0,0,0,0,0,0,0
CI,0, ,0.0,110.0,0,0,0,1,220,0,0,0
CF,OGSIL,38.162778,24.751389,0,ATV,64.6,47.8,65.0,28.0,0,0,0,0,0,0,0,0

SID,ROPO1D,03L,2
CA,0,32.0,2,710,0,0,0,0,0,0
CF,D031K,38.065072,24.050619,0,SAT,31.0,11.0,31.0,10.0,0,0,0,0,0,0,0,1
CR,1,ATV,25.0,253.0,2,6000,0,1,240,0,0,0
CR,0,ATV,4.0,253.0,0,0,0,0,0,0,0,0
DF,ROPOX,38.170000,23.763889,2, ,0.0,0.0,0,0,0,0,0,0,0,0

SID,ROPO1F,21L,2
CF,SPA,37.917778,23.937778,0,SPA,0.0,0.0,212.0,2.0,2,700,0,0,0,0,0,0
CF,D203W,37.578700,23.711386,0,SPA,203.0,23.0,203.0,23.0,2,6000,0,0,0,0,0,1
DF,ATV,37.888678,23.804497,2, ,0.0,0.0,0,0,0,1,210,0,0,0
TF,ROPOX,38.170000,23.763889,0, ,0.0,0.0,0.0,0.0,0,0,0,0,0,0,0,0

SID,ROPO1G,21R,2
CF,SAT,37.916667,23.914167,0,SAT,0.0,0.0,212.0,2.0,2,700,0,0,0,0,0,0
CF,D219I,37.808567,23.782681,0,SAT,221.0,9.0,219.0,9.0,0,0,0,0,0,0,0,1
DF,EGN,37.766194,23.426353,0, ,0.0,0.0,3,5000,0,1,210,0,0,0
TF,ROPOX,38.170000,23.763889,2, ,0.0,0.0,0.0,0.0,0,0,0,0,0,0,0,0

SID,ROPO1J,03R,2
CA,0,32.0,2,710,0,0,0,0,0,0
FA,SAT,37.916667,23.914167,0,SAT,0.0,0.0,46.0,2,1100,0,1,210,0,0,0
CF,D264N,37.989692,24.199792,0,KRO,264.0,14.0,84.0,9.0,3,4000,0,0,0,0,0,1
DF,ATV,37.888678,23.804497,2, ,0.0,0.0,3,6000,0,0,0,0,0,0
TF,ROPOX,38.170000,23.763889,0, ,0.0,0.0,0.0,0.0,0,0,0,0,0,0,0,0

SID,ROPO2T,03R,2
CA,0,32.0,2,710,0,0,0,0,0,0
FD,SPA,37.917778,23.937778,0,SPA,0.0,12.0,32.0,12.0,0,0,0,0,0,0,0,0
DF,ATV,37.888678,23.804497,2, ,0.0,0.0,0,0,0,1,210,0,0,1
TF,ROPOX,38.170000,23.763889,2, ,0.0,0.0,0.0,0.0,0,0,0,0,0,0,0,0

SID,SORE2N,03L,2
CF,ATV15,38.049306,24.046947,0,ATV,45.0,15.0,32.0,9.0,0,0,0,0,0,0,0,0
AF,D135O,37.696769,24.006969,2,ATV,135.0,15.0,45.0,0,0,0,0,0,0,0,1
AF,D143O,37.676300,23.971372,2,ATV,143.0,15.0,135.0,0,0,0,1,220,0,0,0
TF,SOREV,37.096944,24.424444,0, ,0.0,0.0,0.0,0.0,0,0,0,0,0,0,0,0

SID,VARI2K,03L,2
CF,ATV15,38.049306,24.046947,0,ATV,45.0,15.0,32.0,9.0,0,0,0,0,0,0,0,0
AF,D105O,37.802700,24.100917,2,ATV,105.0,15.0,45.0,0,0,0,0,0,0,0,1
AF,D113O,37.770844,24.082897,2,ATV,113.0,15.0,105.0,0,0,0,1,220,0,0,0
TF,VARIX,37.363889,25.034167,0, ,0.0,0.0,0.0,0.0,0,0,0,0,0,0,0,0

SID,VELO2K,03L,2
CD, ,0,0,0,ATV,0,0.0,32.0,14.5,0,0,0,0,0,0,0,0
CF,ATV,37.888678,23.804497,2,ATV,0.0,0.0,245.0,16.0,0,0,0,1,220,0,0,0
TF,VELOP,37.149167,23.286667,0, ,0.0,0.0,0.0,0.0,0,0,0,0,0,0,0,0

STAR,ASTO1A,21L,2
IF,ASTOV,37.420833,22.534444, ,0.0,0.0,0,0,0,0,0,0,0,0
TF,D259R,37.446961,22.842331,0, ,0.0,0.0,0.0,0.0,0,0,0,0,0,0,0,0
TF,DDM,37.477669,23.217169,0, ,0.0,0.0,0.0,0.0,0,0,0,0,0,0,0,0
TF,EGN,37.766194,23.426353,0, ,0.0,0.0,0.0,0.0,0,0,0,0,0,0,0,0

STAR,ASTO1A,21R,2
IF,ASTOV,37.420833,22.534444, ,0.0,0.0,0,0,0,0,0,0,0,0
TF,D259R,37.446961,22.842331,0, ,0.0,0.0,0.0,0.0,0,0,0,0,0,0,0,0
TF,DDM,37.477669,23.217169,0, ,0.0,0.0,0.0,0.0,0,0,0,0,0,0,0,0
TF,EGN,37.766194,23.426353,0, ,0.0,0.0,0.0,0.0,0,0,0,0,0,0,0,0

STAR,ASTO2B,21L,2
IF,ASTOV,37.420833,22.534444, ,0.0,0.0,0,0,0,0,0,0,0,0
TF,D259R,37.446961,22.842331,0, ,0.0,0.0,0.0,0.0,0,0,0,0,0,0,0,0
TF,DDM,37.477669,23.217169,0, ,0.0,0.0,0.0,0.0,0,0,0,0,0,0,0,0
TF,KEA,37.557164,24.298700,0, ,0.0,0.0,0.0,0.0,0,0,0,0,0,0,0,0

STAR,ASTO2B,21R,2
IF,ASTOV,37.420833,22.534444, ,0.0,0.0,0,0,0,0,0,0,0,0
TF,D259R,37.446961,22.842331,0, ,0.0,0.0,0.0,0.0,0,0,0,0,0,0,0,0
TF,DDM,37.477669,23.217169,0, ,0.0,0.0,0.0,0.0,0,0,0,0,0,0,0,0
TF,KEA,37.557164,24.298700,0, ,0.0,0.0,0.0,0.0,0,0,0,0,0,0,0,0

STAR,ASTO2C,03L,2
IF,ASTOV,37.420833,22.534444, ,0.0,0.0,0,0,0,0,0,0,0,0
TF,D259R,37.446961,22.842331,0, ,0.0,0.0,0.0,0.0,0,0,0,0,0,0,0,0
TF,DDM,37.477669,23.217169,0, ,0.0,0.0,0.0,0.0,0,0,0,0,0,0,0,0

STAR,ASTO2C,03R,2
IF,ASTOV,37.420833,22.534444, ,0.0,0.0,0,0,0,0,0,0,0,0
TF,D259R,37.446961,22.842331,0, ,0.0,0.0,0.0,0.0,0,0,0,0,0,0,0,0
TF,DDM,37.477669,23.217169,0, ,0.0,0.0,0.0,0.0,0,0,0,0,0,0,0,0

STAR,BADE4C,03L,2
IF,BADEL,37.000556,24.073889, ,0.0,0.0,0,0,0,0,0,0,0,0
TF,DDM31,37.186225,23.743100,0, ,0.0,0.0,0.0,0.0,0,0,0,0,0,0,0,0
TF,PELAG,37.320833,23.758611,0, ,0.0,0.0,0.0,0.0,0,0,0,0,0,0,0,0

STAR,BADE4C,03R,2
IF,BADEL,37.000556,24.073889, ,0.0,0.0,0,0,0,0,0,0,0,0
TF,DDM31,37.186225,23.743100,0, ,0.0,0.0,0.0,0.0,0,0,0,0,0,0,0,0
TF,PELAG,37.320833,23.758611,0, ,0.0,0.0,0.0,0.0,0,0,0,0,0,0,0,0

STAR,BADE4P,03L,2
IF,BADEL,37.000556,24.073889, ,0.0,0.0,0,0,0,0,0,0,0,0
TF,DDM,37.477669,23.217169,0, ,0.0,0.0,0.0,0.0,0,0,0,0,0,0,0,0

STAR,BADE4P,03R,2
IF,BADEL,37.000556,24.073889, ,0.0,0.0,0,0,0,0,0,0,0,0
TF,DDM,37.477669,23.217169,0, ,0.0,0.0,0.0,0.0,0,0,0,0,0,0,0,0

STAR,BIBE1C,03L,2
IF,BIBEX,37.208056,24.834444, ,0.0,0.0,0,0,0,0,0,0,0,0
TF,KEA,37.557164,24.298700,0, ,0.0,0.0,0.0,0.0,0,0,0,0,0,0,0,0

STAR,BIBE1C,03R,2
IF,BIBEX,37.208056,24.834444, ,0.0,0.0,0,0,0,0,0,0,0,0
TF,KEA,37.557164,24.298700,0, ,0.0,0.0,0.0,0.0,0,0,0,0,0,0,0,0

STAR,BIBE2B,21L,2
IF,BIBEX,37.208056,24.834444, ,0.0,0.0,0,0,0,0,0,0,0,0
TF,KEA,37.557164,24.298700,0, ,0.0,0.0,0.0,0.0,0,0,0,0,0,0,0,0

STAR,BIBE2B,21R,2
IF,BIBEX,37.208056,24.834444, ,0.0,0.0,0,0,0,0,0,0,0,0
TF,KEA,37.557164,24.298700,0, ,0.0,0.0,0.0,0.0,0,0,0,0,0,0,0,0

STAR,NEME1A,21L,2
IF,NEMES,37.706389,22.580833, ,0.0,0.0,0,0,0,0,0,0,0,0
TF,DDM,37.477669,23.217169,0, ,0.0,0.0,0.0,0.0,0,0,0,0,0,0,0,0
TF,EGN,37.766194,23.426353,0, ,0.0,0.0,0.0,0.0,0,0,0,0,0,0,0,0

STAR,NEME1A,21R,2
IF,NEMES,37.706389,22.580833, ,0.0,0.0,0,0,0,0,0,0,0,0
TF,DDM,37.477669,23.217169,0, ,0.0,0.0,0.0,0.0,0,0,0,0,0,0,0,0
TF,EGN,37.766194,23.426353,0, ,0.0,0.0,0.0,0.0,0,0,0,0,0,0,0,0

STAR,NEME2B,21L,2
IF,NEMES,37.706389,22.580833, ,0.0,0.0,0,0,0,0,0,0,0,0
TF,DDM,37.477669,23.217169,0, ,0.0,0.0,0.0,0.0,0,0,0,0,0,0,0,0
TF,KEA,37.557164,24.298700,0, ,0.0,0.0,0.0,0.0,0,0,0,0,0,0,0,0

STAR,NEME2B,21R,2
IF,NEMES,37.706389,22.580833, ,0.0,0.0,0,0,0,0,0,0,0,0
TF,DDM,37.477669,23.217169,0, ,0.0,0.0,0.0,0.0,0,0,0,0,0,0,0,0
TF,KEA,37.557164,24.298700,0, ,0.0,0.0,0.0,0.0,0,0,0,0,0,0,0,0

STAR,NEME2C,03L,2
IF,NEMES,37.706389,22.580833, ,0.0,0.0,0,0,0,0,0,0,0,0
TF,DDM,37.477669,23.217169,0, ,0.0,0.0,0.0,0.0,0,0,0,0,0,0,0,0

STAR,NEME2C,03R,2
IF,NEMES,37.706389,22.580833, ,0.0,0.0,0,0,0,0,0,0,0,0
TF,DDM,37.477669,23.217169,0, ,0.0,0.0,0.0,0.0,0,0,0,0,0,0,0,0

STAR,NEVR2A,21L,2
IF,NEVRA,38.168333,24.560278, ,0.0,0.0,0,0,0,0,0,0,0,0
TF,KRO,37.994139,24.494908,0, ,0.0,0.0,0.0,0.0,0,0,0,0,0,0,0,0

STAR,NEVR2A,21R,2
IF,NEVRA,38.168333,24.560278, ,0.0,0.0,0,0,0,0,0,0,0,0
TF,KRO,37.994139,24.494908,0, ,0.0,0.0,0.0,0.0,0,0,0,0,0,0,0,0

STAR,NEVR3C,03L,2
IF,NEVRA,38.168333,24.560278, ,0.0,0.0,0,0,0,0,0,0,0,0
TF,KEA,37.557164,24.298700,0, ,0.0,0.0,0.0,0.0,0,0,0,0,0,0,0,0

STAR,NEVR3C,03R,2
IF,NEVRA,38.168333,24.560278, ,0.0,0.0,0,0,0,0,0,0,0,0
TF,KEA,37.557164,24.298700,0, ,0.0,0.0,0.0,0.0,0,0,0,0,0,0,0,0

STAR,OGSI1A,21L,2
IF,OGSIL,38.162778,24.751389, ,0.0,0.0,0,0,0,0,0,0,0,0
TF,KRO,37.994139,24.494908,0, ,0.0,0.0,0.0,0.0,0,0,0,0,0,0,0,0

STAR,OGSI1A,21R,2
IF,OGSIL,38.162778,24.751389, ,0.0,0.0,0,0,0,0,0,0,0,0
TF,KRO,37.994139,24.494908,0, ,0.0,0.0,0.0,0.0,0,0,0,0,0,0,0,0

STAR,OGSI1C,03L,2
IF,OGSIL,38.162778,24.751389, ,0.0,0.0,0,0,0,0,0,0,0,0
TF,KEA,37.557164,24.298700,0, ,0.0,0.0,0.0,0.0,0,0,0,0,0,0,0,0

STAR,OGSI1C,03R,2
IF,OGSIL,38.162778,24.751389, ,0.0,0.0,0,0,0,0,0,0,0,0
TF,KEA,37.557164,24.298700,0, ,0.0,0.0,0.0,0.0,0,0,0,0,0,0,0,0

STAR,PIKA1A,21L,2
IF,PIKAD,38.061389,22.697778, ,0.0,0.0,0,0,0,0,0,0,0,0
TF,KOR,37.930411,22.935900,0, ,0.0,0.0,0.0,0.0,0,0,0,0,0,0,0,0
TF,DDM,37.477669,23.217169,0, ,0.0,0.0,0.0,0.0,0,0,0,0,0,0,0,0
TF,EGN,37.766194,23.426353,0, ,0.0,0.0,0.0,0.0,0,0,0,0,0,0,0,0

STAR,PIKA1A,21R,2
IF,PIKAD,38.061389,22.697778, ,0.0,0.0,0,0,0,0,0,0,0,0
TF,KOR,37.930411,22.935900,0, ,0.0,0.0,0.0,0.0,0,0,0,0,0,0,0,0
TF,DDM,37.477669,23.217169,0, ,0.0,0.0,0.0,0.0,0,0,0,0,0,0,0,0
TF,EGN,37.766194,23.426353,0, ,0.0,0.0,0.0,0.0,0,0,0,0,0,0,0,0

STAR,PIKA2B,21L,2
IF,PIKAD,38.061389,22.697778, ,0.0,0.0,0,0,0,0,0,0,0,0
TF,KOR,37.930411,22.935900,0, ,0.0,0.0,0.0,0.0,0,0,0,0,0,0,0,0
TF,DDM,37.477669,23.217169,0, ,0.0,0.0,0.0,0.0,0,0,0,0,0,0,0,0
TF,KEA,37.557164,24.298700,0, ,0.0,0.0,0.0,0.0,0,0,0,0,0,0,0,0

STAR,PIKA2B,21R,2
IF,PIKAD,38.061389,22.697778, ,0.0,0.0,0,0,0,0,0,0,0,0
TF,KOR,37.930411,22.935900,0, ,0.0,0.0,0.0,0.0,0,0,0,0,0,0,0,0
TF,DDM,37.477669,23.217169,0, ,0.0,0.0,0.0,0.0,0,0,0,0,0,0,0,0
TF,KEA,37.557164,24.298700,0, ,0.0,0.0,0.0,0.0,0,0,0,0,0,0,0,0

STAR,PIKA2C,03L,2
IF,PIKAD,38.061389,22.697778, ,0.0,0.0,0,0,0,0,0,0,0,0
TF,KOR,37.930411,22.935900,0, ,0.0,0.0,0.0,0.0,0,0,0,0,0,0,0,0
TF,D002U,37.818853,23.269978,0, ,0.0,0.0,0.0,0.0,0,0,0,0,0,0,0,0
TF,EGN,37.766194,23.426353,0, ,0.0,0.0,0.0,0.0,0,0,0,0,0,0,0,0

STAR,PIKA2C,03R,2
IF,PIKAD,38.061389,22.697778, ,0.0,0.0,0,0,0,0,0,0,0,0
TF,KOR,37.930411,22.935900,0, ,0.0,0.0,0.0,0.0,0,0,0,0,0,0,0,0
TF,D002U,37.818853,23.269978,0, ,0.0,0.0,0.0,0.0,0,0,0,0,0,0,0,0
TF,EGN,37.766194,23.426353,0, ,0.0,0.0,0.0,0.0,0,0,0,0,0,0,0,0

STAR,RILI1A,21L,2
IF,RILIN,37.965000,22.666667, ,0.0,0.0,0,0,0,0,0,0,0,0
TF,KOR,37.930411,22.935900,0, ,0.0,0.0,0.0,0.0,0,0,0,0,0,0,0,0
TF,DDM,37.477669,23.217169,0, ,0.0,0.0,0.0,0.0,0,0,0,0,0,0,0,0
TF,EGN,37.766194,23.426353,0, ,0.0,0.0,0.0,0.0,0,0,0,0,0,0,0,0

STAR,RILI1A,21R,2
IF,RILIN,37.965000,22.666667, ,0.0,0.0,0,0,0,0,0,0,0,0
TF,KOR,37.930411,22.935900,0, ,0.0,0.0,0.0,0.0,0,0,0,0,0,0,0,0
TF,DDM,37.477669,23.217169,0, ,0.0,0.0,0.0,0.0,0,0,0,0,0,0,0,0
TF,EGN,37.766194,23.426353,0, ,0.0,0.0,0.0,0.0,0,0,0,0,0,0,0,0

STAR,RILI2B,21L,2
IF,RILIN,37.965000,22.666667, ,0.0,0.0,0,0,0,0,0,0,0,0
TF,KOR,37.930411,22.935900,0, ,0.0,0.0,0.0,0.0,0,0,0,0,0,0,0,0
TF,DDM,37.477669,23.217169,0, ,0.0,0.0,0.0,0.0,0,0,0,0,0,0,0,0
TF,KEA,37.557164,24.298700,0, ,0.0,0.0,0.0,0.0,0,0,0,0,0,0,0,0

STAR,RILI2B,21R,2
IF,RILIN,37.965000,22.666667, ,0.0,0.0,0,0,0,0,0,0,0,0
TF,KOR,37.930411,22.935900,0, ,0.0,0.0,0.0,0.0,0,0,0,0,0,0,0,0
TF,DDM,37.477669,23.217169,0, ,0.0,0.0,0.0,0.0,0,0,0,0,0,0,0,0
TF,KEA,37.557164,24.298700,0, ,0.0,0.0,0.0,0.0,0,0,0,0,0,0,0,0

STAR,RILI2C,03L,2
IF,RILIN,37.965000,22.666667, ,0.0,0.0,0,0,0,0,0,0,0,0
TF,KOR,37.930411,22.935900,0, ,0.0,0.0,0.0,0.0,0,0,0,0,0,0,0,0
TF,D002U,37.818853,23.269978,0, ,0.0,0.0,0.0,0.0,0,0,0,0,0,0,0,0
TF,EGN,37.766194,23.426353,0, ,0.0,0.0,0.0,0.0,0,0,0,0,0,0,0,0

STAR,RILI2C,03R,2
IF,RILIN,37.965000,22.666667, ,0.0,0.0,0,0,0,0,0,0,0,0
TF,KOR,37.930411,22.935900,0, ,0.0,0.0,0.0,0.0,0,0,0,0,0,0,0,0
TF,D002U,37.818853,23.269978,0, ,0.0,0.0,0.0,0.0,0,0,0,0,0,0,0,0
TF,EGN,37.766194,23.426353,0, ,0.0,0.0,0.0,0.0,0,0,0,0,0,0,0,0

STAR,ROPO1B,21L,2
IF,ROPOX,38.170000,23.763889, ,0.0,0.0,0,0,0,0,0,0,0,0
TF,KEA,37.557164,24.298700,0, ,0.0,0.0,0.0,0.0,0,0,0,0,0,0,0,0

STAR,ROPO1B,21R,2
IF,ROPOX,38.170000,23.763889, ,0.0,0.0,0,0,0,0,0,0,0,0
TF,KEA,37.557164,24.298700,0, ,0.0,0.0,0.0,0.0,0,0,0,0,0,0,0,0

STAR,ROPO1C,03L,2
IF,ROPOX,38.170000,23.763889, ,0.0,0.0,0,0,0,0,0,0,0,0
TF,D271L,37.909919,23.545975,0, ,0.0,0.0,0.0,0.0,0,0,0,0,0,0,0,0
TF,EGN,37.766194,23.426353,0, ,0.0,0.0,0.0,0.0,0,0,0,0,0,0,0,0

STAR,ROPO1C,03R,2
IF,ROPOX,38.170000,23.763889, ,0.0,0.0,0,0,0,0,0,0,0,0
TF,D271L,37.909919,23.545975,0, ,0.0,0.0,0.0,0.0,0,0,0,0,0,0,0,0
TF,EGN,37.766194,23.426353,0, ,0.0,0.0,0.0,0.0,0,0,0,0,0,0,0,0

STAR,ROPO1P,03L,2
IF,ROPOX,38.170000,23.763889, ,0.0,0.0,0,0,0,0,0,0,0,0
TF,KEA,37.557164,24.298700,0, ,0.0,0.0,0.0,0.0,0,0,0,0,0,0,0,0

STAR,ROPO1P,03R,2
IF,ROPOX,38.170000,23.763889, ,0.0,0.0,0,0,0,0,0,0,0,0
TF,KEA,37.557164,24.298700,0, ,0.0,0.0,0.0,0.0,0,0,0,0,0,0,0,0

STAR,SORE2B,21L,2
IF,SOREV,37.096944,24.424444, ,0.0,0.0,0,0,0,0,0,0,0,0
TF,KEA,37.557164,24.298700,0, ,0.0,0.0,0.0,0.0,0,0,0,0,0,0,0,0

STAR,SORE2B,21R,2
IF,SOREV,37.096944,24.424444, ,0.0,0.0,0,0,0,0,0,0,0,0
TF,KEA,37.557164,24.298700,0, ,0.0,0.0,0.0,0.0,0,0,0,0,0,0,0,0

STAR,SORE2C,03L,2
IF,SOREV,37.096944,24.424444, ,0.0,0.0,0,0,0,0,0,0,0,0
TF,KEA,37.557164,24.298700,0, ,0.0,0.0,0.0,0.0,0,0,0,0,0,0,0,0

STAR,SORE2C,03R,2
IF,SOREV,37.096944,24.424444, ,0.0,0.0,0,0,0,0,0,0,0,0
TF,KEA,37.557164,24.298700,0, ,0.0,0.0,0.0,0.0,0,0,0,0,0,0,0,0

STAR,VARI2B,21L,2
IF,VARIX,37.363889,25.034167, ,0.0,0.0,0,0,0,0,0,0,0,0
TF,KEA,37.557164,24.298700,0, ,0.0,0.0,0.0,0.0,0,0,0,0,0,0,0,0

STAR,VARI2B,21R,2
IF,VARIX,37.363889,25.034167, ,0.0,0.0,0,0,0,0,0,0,0,0
TF,KEA,37.557164,24.298700,0, ,0.0,0.0,0.0,0.0,0,0,0,0,0,0,0,0

STAR,VARI3A,21L,2
IF,VARIX,37.363889,25.034167, ,0.0,0.0,0,0,0,0,0,0,0,0
TF,KRO,37.994139,24.494908,0, ,0.0,0.0,0.0,0.0,0,0,0,0,0,0,0,0

STAR,VARI3A,21R,2
IF,VARIX,37.363889,25.034167, ,0.0,0.0,0,0,0,0,0,0,0,0
TF,KRO,37.994139,24.494908,0, ,0.0,0.0,0.0,0.0,0,0,0,0,0,0,0,0

STAR,VARI3C,03L,2
IF,VARIX,37.363889,25.034167, ,0.0,0.0,0,0,0,0,0,0,0,0
TF,KEA,37.557164,24.298700,0, ,0.0,0.0,0.0,0.0,0,0,0,0,0,0,0,0

STAR,VARI3C,03R,2
IF,VARIX,37.363889,25.034167, ,0.0,0.0,0,0,0,0,0,0,0,0
TF,KEA,37.557164,24.298700,0, ,0.0,0.0,0.0,0.0,0,0,0,0,0,0,0,0

STAR,VELO2B,21L,2
IF,VELOP,37.149167,23.286667, ,0.0,0.0,0,0,0,0,0,0,0,0
TF,KEA,37.557164,24.298700,0, ,0.0,0.0,0.0,0.0,0,0,0,0,0,0,0,0

STAR,VELO2B,21R,2
IF,VELOP,37.149167,23.286667, ,0.0,0.0,0,0,0,0,0,0,0,0
TF,KEA,37.557164,24.298700,0, ,0.0,0.0,0.0,0.0,0,0,0,0,0,0,0,0

STAR,VELO2C,03L,2
IF,VELOP,37.149167,23.286667, ,0.0,0.0,0,0,0,0,0,0,0,0
TF,DDM,37.477669,23.217169,0, ,0.0,0.0,0.0,0.0,0,0,0,0,0,0,0,0

STAR,VELO2C,03R,2
IF,VELOP,37.149167,23.286667, ,0.0,0.0,0,0,0,0,0,0,0,0
TF,DDM,37.477669,23.217169,0, ,0.0,0.0,0.0,0.0,0,0,0,0,0,0,0,0

STAR,XORK2C,03L,2
IF,XORKI,38.169722,23.509167, ,0.0,0.0,0,0,0,0,0,0,0,0
TF,D282Q,37.969642,23.467989,0, ,0.0,0.0,0.0,0.0,0,0,0,0,0,0,0,0
TF,EGN,37.766194,23.426353,0, ,0.0,0.0,0.0,0.0,0,0,0,0,0,0,0,0

STAR,XORK2C,03R,2
IF,XORKI,38.169722,23.509167, ,0.0,0.0,0,0,0,0,0,0,0,0
TF,D282Q,37.969642,23.467989,0, ,0.0,0.0,0.0,0.0,0,0,0,0,0,0,0,0
TF,EGN,37.766194,23.426353,0, ,0.0,0.0,0.0,0.0,0,0,0,0,0,0,0,0

STAR,XORK2P,03L,2
IF,XORKI,38.169722,23.509167, ,0.0,0.0,0,0,0,0,0,0,0,0
TF,KEA,37.557164,24.298700,0, ,0.0,0.0,0.0,0.0,0,0,0,0,0,0,0,0

STAR,XORK2P,03R,2
IF,XORKI,38.169722,23.509167, ,0.0,0.0,0,0,0,0,0,0,0,0
TF,KEA,37.557164,24.298700,0, ,0.0,0.0,0.0,0.0,0,0,0,0,0,0,0,0

STAR,XORK3B,21L,2
IF,XORKI,38.169722,23.509167, ,0.0,0.0,0,0,0,0,0,0,0,0
TF,KEA,37.557164,24.298700,0, ,0.0,0.0,0.0,0.0,0,0,0,0,0,0,0,0

STAR,XORK3B,21R,2
IF,XORKI,38.169722,23.509167, ,0.0,0.0,0,0,0,0,0,0,0,0
TF,KEA,37.557164,24.298700,0, ,0.0,0.0,0.0,0.0,0,0,0,0,0,0,0,0

APPTR,D03LY,03L,DDM
IF,DDM,37.477669,23.217169, ,0.0,0.0,0,0,0,0,0,0,1,0
CF,D054M,37.589164,23.450833,0,DDM,54.0,13.0,54.0,13.0,2,5000,0,0,0,0,0,0
FC,D054M,37.589164,23.450833,0,DDM,0.0,0.0,54.0,16.0,2,3000,0,0,0,0,0,0
CF,CD03L,37.769997,23.775011,0,SAT,212.0,11.0,32.0,3.0,2,3000,0,0,0,0,1,0

APPTR,D03LY,03L,EGN
FC,EGN,37.766194,23.426353,0,SAT,0.0,0.0,91.0,13.0,2,3000,0,0,0,0,1,1
CF,CD03L,37.769997,23.775011,0,SAT,212.0,11.0,32.0,4.0,2,3000,0,0,0,0,1,0

APPTR,D03LY,03L,KEA
IF,KEA,37.557164,24.298700, ,0.0,0.0,2,5000,0,0,0,0,1,0
CR,0,ATV,185.0,263.0,2,3000,0,0,0,0,0,0
CF,D190T,37.566275,23.695983,2,ATV,190.0,20.0,10.0,1.0,0,0,0,0,0,0,0,0
CF,D212L,37.752647,23.758594,0,ATV,190.0,8.4,10.0,11.6,2,3000,0,0,0,0,0,0
CF,CD03L,37.769997,23.775011,0,SAT,212.0,11.0,32.0,1.3,2,3000,0,0,0,0,1,0

APPTR,D03LY,03L,PELAG
FD,PELAG,37.320833,23.758611,0,ATV,178.7,27.0,359.0,27.0,2,3000,0,0,0,0,1,0
CI,0, ,0.0,337.0,0,0,0,0,0,0,0,0
CF,D212L,37.752647,23.758594,0,ATV,190.0,8.4,10.0,10.0,2,3000,0,0,0,0,0,0
CF,CD03L,37.769997,23.775011,0,SAT,212.0,11.0,32.0,1.3,2,3000,0,0,0,0,1,0

FINAL,D03LY,03L,D,4
IF,CD03L,37.769997,23.775011,SAT,212.0,11.0,2,3000,0,0,0,0,0,0
CF,FD03L,37.850019,23.850844,0,SAT,212.0,5.0,32.0,6.0,2,2500,0,0,0,0,2,0
CF,20VOR,37.890011,23.888822,0,SAT,212.0,2.0,32.0,3.0,2,1270,0,0,0,0,0,0
CF,SAT,37.916667,23.914167,0,SAT,0.0,0.0,32.0,2.0,1,519,0,0,0,0,3,0
FD,SAT,37.916667,23.914167,0,SAT,0.0,12.0,32.0,12.0,0,0,0,0,0,0,0,0
DF,SAT,37.916667,23.914167,2, ,0.0,0.0,0,0,0,1,200,0,0,0
CF,ATV,37.888678,23.804497,0,ATV,0.0,0.0,247.0,5.5,0,0,0,0,0,0,0,0
CF,EGN,37.766194,23.426353,0,ATV,242.9,19.4,243.0,19.4,2,4000,0,0,0,0,0,0
HM,EGN,37.766194,23.426353,1, ,0.0,0.0,108.0,04.3,2,4000,0,1,230,0,0,0,0

APPTR,D03LZ,03L,DDM
IF,DDM,37.477669,23.217169, ,0.0,0.0,0,0,0,0,0,0,1,0
CF,D054M,37.589164,23.450833,0,DDM,54.0,13.0,54.0,13.0,2,5000,0,0,0,0,0,0
FC,D054M,37.589164,23.450833,0,DDM,0.0,0.0,54.0,16.0,2,3000,0,0,0,0,0,0
CF,CD03L,37.769997,23.775011,0,SAT,212.0,11.0,32.0,3.0,2,3000,0,0,0,0,1,0

APPTR,D03LZ,03L,EGN
FC,EGN,37.766194,23.426353,0,SAT,0.0,0.0,91.0,13.0,2,3000,0,0,0,0,1,1
CF,CD03L,37.769997,23.775011,0,SAT,212.0,11.0,32.0,4.0,2,3000,0,0,0,0,1,0

APPTR,D03LZ,03L,KEA
IF,KEA,37.557164,24.298700, ,0.0,0.0,2,5000,0,0,0,0,1,0
FD,KEA,37.557164,24.298700,0,KEA,0.0,27.0,263.0,27.0,2,3000,0,0,0,0,0,0
CF,D190T,37.566275,23.695983,2,ATV,190.0,20.0,10.0,1.0,0,0,0,0,0,0,0,0
CF,D212L,37.752647,23.758594,0,ATV,190.0,8.4,10.0,11.6,2,3000,0,0,0,0,0,0
CF,CD03L,37.769997,23.775011,0,SAT,212.0,11.0,32.0,1.3,2,3000,0,0,0,0,1,0

APPTR,D03LZ,03L,PELAG
FD,PELAG,37.320833,23.758611,0,ATV,178.7,27.0,359.0,27.0,2,3000,0,0,0,0,1,0
CI,0, ,0.0,337.0,0,0,0,0,0,0,0,0
CF,D212L,37.752647,23.758594,0,ATV,190.0,8.4,10.0,10.0,2,3000,0,0,0,0,0,0
CF,CD03L,37.769997,23.775011,0,SAT,212.0,11.0,32.0,1.3,2,3000,0,0,0,0,1,0

FINAL,D03LZ,03L,D,4
IF,CD03L,37.769997,23.775011,SAT,212.0,11.0,2,3000,0,0,0,0,0,0
CF,FD03L,37.850019,23.850844,0,SAT,212.0,5.0,32.0,6.0,2,2500,0,0,0,0,2,0
CF,20VOR,37.890011,23.888822,0,SAT,212.0,2.0,32.0,3.0,2,1270,0,0,0,0,0,0
CF,SAT,37.916667,23.914167,0,SAT,0.0,0.0,32.0,2.0,1,519,0,0,0,0,3,0
FD,SAT,37.916667,23.914167,0,SAT,0.0,13.0,32.0,13.0,0,0,0,0,0,0,0,0
CF,KEA,37.557164,24.298700,2,KEA,0.0,0.0,164.0,32.0,1,5000,0,1,220,0,0,0
HM,KEA,37.557164,24.298700,2, ,0.0,0.0,335.0,04.3,2,5000,0,1,230,0,0,0,0

APPTR,D03RY,03R,DDM
IF,DDM,37.477669,23.217169, ,0.0,0.0,0,0,0,0,0,0,1,0
CF,D057M,37.579264,23.457831,0,DDM,57.0,13.0,57.0,13.0,2,5000,0,0,0,0,0,0
FC,D057M,37.579264,23.457831,0,DDM,0.0,0.0,57.0,13.5,2,4000,0,0,0,0,0,0
CF,CD03R,37.733556,23.756686,0,SPA,213.0,14.0,33.0,3.5,2,4000,0,0,0,0,1,0

APPTR,D03RY,03R,EGN
FC,EGN,37.766194,23.426353,0,SPA,0.0,0.0,101.0,13.0,2,4000,0,0,0,0,1,1
CF,CD03R,37.733556,23.756686,0,SPA,213.0,14.0,33.0,4.0,2,4000,0,0,0,0,1,0

APPTR,D03RY,03R,KEA
IF,KEA,37.557164,24.298700, ,0.0,0.0,2,5000,0,0,0,0,1,0
CR,0,ATV,185.0,263.0,2,4000,0,0,0,0,0,0
CF,D190T,37.566275,23.695983,2,ATV,190.0,20.0,10.0,1.0,0,0,0,0,0,0,0,0
CF,D213O,37.726531,23.749803,0,ATV,190.0,10.1,10.0,9.9,2,4000,0,0,0,0,0,0
CF,CD03R,37.733556,23.756686,0,SPA,213.0,14.0,33.0,0.5,2,4000,0,0,0,0,1,0

APPTR,D03RY,03R,PELAG
FD,PELAG,37.320833,23.758611,0,ATV,178.7,27.0,359.0,27.0,2,4000,0,0,0,0,1,0
CI,0, ,0.0,337.0,0,0,0,0,0,0,0,0
CF,D213O,37.726531,23.749803,0,ATV,190.0,10.1,10.0,8.0,2,4000,0,0,0,0,0,0
CF,CD03R,37.733556,23.756686,0,SPA,213.0,14.0,33.0,0.5,2,4000,0,0,0,0,1,0

FINAL,D03RY,03R,D,5
IF,CD03R,37.733556,23.756686,SPA,213.0,14.0,2,4000,0,0,0,0,0,0
CF,FD03R,37.799381,23.821258,0,SPA,213.0,9.0,33.0,5.0,2,3500,0,0,0,0,2,0
CF,50VOR,37.852017,23.872997,0,SPA,213.0,5.0,33.0,4.0,2,2000,0,0,0,0,0,0
CF,25VOR,37.884900,23.905372,0,SPA,213.0,2.5,33.0,2.5,2,1320,0,0,0,0,0,0
CF,SPA,37.917778,23.937778,0,SPA,0.0,0.0,33.0,2.5,1,527,0,0,0,0,3,0
FD,SPA,37.917778,23.937778,0,SPA,0.0,12.0,32.0,12.0,0,0,0,0,0,0,0,0
DF,SPA,37.917778,23.937778,2, ,0.0,0.0,0,0,0,1,200,0,0,0
CF,ATV,37.888678,23.804497,0,ATV,0.0,0.0,250.0,6.6,0,0,0,0,0,0,0,0
CF,EGN,37.766194,23.426353,0,ATV,242.9,19.4,243.0,19.4,1,4000,0,0,0,0,0,0
HM,EGN,37.766194,23.426353,1, ,0.0,0.0,108.0,04.3,2,4000,0,1,230,0,0,0,0

APPTR,D03RZ,03R,DDM
IF,DDM,37.477669,23.217169, ,0.0,0.0,0,0,0,0,0,0,1,0
CF,D057M,37.579264,23.457831,0,DDM,57.0,13.0,57.0,13.0,2,5000,0,0,0,0,0,0
FC,D057M,37.579264,23.457831,0,DDM,0.0,0.0,57.0,13.5,2,4000,0,0,0,0,0,0
CF,CD03R,37.733556,23.756686,0,SPA,213.0,14.0,33.0,3.5,2,4000,0,0,0,0,1,0

APPTR,D03RZ,03R,EGN
FC,EGN,37.766194,23.426353,0,SPA,0.0,0.0,101.0,13.0,2,4000,0,0,0,0,1,1
CF,CD03R,37.733556,23.756686,0,SPA,213.0,14.0,33.0,4.0,2,4000,0,0,0,0,1,0

APPTR,D03RZ,03R,KEA
IF,KEA,37.557164,24.298700, ,0.0,0.0,2,5000,0,0,0,0,1,0
CR,0,ATV,185.0,263.0,2,4000,0,0,0,0,0,0
CF,D190T,37.566275,23.695983,2,ATV,190.0,20.0,10.0,1.0,0,0,0,0,0,0,0,0
CF,D213O,37.726531,23.749803,0,ATV,190.0,10.1,10.0,9.9,2,4000,0,0,0,0,0,0
CF,CD03R,37.733556,23.756686,0,SPA,213.0,14.0,33.0,0.5,2,4000,0,0,0,0,1,0

APPTR,D03RZ,03R,PELAG
FD,PELAG,37.320833,23.758611,0,ATV,178.7,27.0,359.0,27.0,2,4000,0,0,0,0,1,0
CI,0, ,0.0,337.0,0,0,0,0,0,0,0,0
CF,D213O,37.726531,23.749803,0,ATV,190.0,10.1,10.0,8.0,2,4000,0,0,0,0,0,0
CF,CD03R,37.733556,23.756686,0,SPA,213.0,14.0,33.0,0.5,2,4000,0,0,0,0,1,0

FINAL,D03RZ,03R,D,5
IF,CD03R,37.733556,23.756686,SPA,213.0,14.0,2,4000,0,0,0,0,0,0
CF,FD03R,37.799381,23.821258,0,SPA,213.0,9.0,33.0,5.0,2,3500,0,0,0,0,2,0
CF,50VOR,37.852017,23.872997,0,SPA,213.0,5.0,33.0,4.0,2,2000,0,0,0,0,0,0
CF,25VOR,37.884900,23.905372,0,SPA,213.0,2.5,33.0,2.5,2,1320,0,0,0,0,0,0
CF,SPA,37.917778,23.937778,0,SPA,0.0,0.0,33.0,2.5,1,527,0,0,0,0,3,0
CA,0,33.0,2,710,0,0,0,0,0,0
FD,SPA,37.917778,23.937778,0,SPA,0.0,6.0,63.0,6.0,0,0,0,0,0,0,0,0
CF,KEA,37.557164,24.298700,2,KEA,0.0,0.0,153.0,25.0,1,5000,0,1,200,0,0,0
HM,KEA,37.557164,24.298700,2, ,0.0,0.0,335.0,04.3,2,5000,0,0,0,0,0,0,0

APPTR,D21LY,21L,EGN
IF,EGN,37.766194,23.426353, ,0.0,0.0,0,0,0,0,0,0,1,0
CF,ATV,37.888678,23.804497,0,ATV,0.0,0.0,63.0,19.4,2,7000,0,0,0,0,0,0
CF,SPA,37.917778,23.937778,0,ATV,69.6,6.6,70.0,6.6,2,7000,0,0,0,0,0,0
CF,D069H,37.954458,24.099828,0,SPA,69.0,8.0,69.0,8.0,2,7000,0,0,0,0,0,0
CF,D069L,37.972714,24.180914,0,SPA,69.0,12.0,69.0,4.0,2,3000,0,0,0,0,0,0
CI,0, ,0.0,69.0,0,0,0,0,0,0,0,0
AF,CD21L,38.101711,24.119772,1,SPA,33.0,14.0,69.0,2,3000,0,0,0,0,1,0

APPTR,D21LY,21L,KEA
IF,KEA,37.557164,24.298700, ,0.0,0.0,2,5000,0,0,0,0,1,0
TF,D069N,37.981822,24.221472,0, ,0.0,0.0,0.0,0.0,2,4000,0,0,0,0,0,0
AF,CD21L,38.101711,24.119772,1,SPA,33.0,14.0,69.0,2,3000,0,0,0,0,1,0

APPTR,D21LY,21L,KRO
FD,KRO,37.994139,24.494908,0,KRO,0.0,7.0,294.0,7.0,2,6000,0,0,0,0,1,0
CF,D294L,38.091000,24.273328,0,KRO,294.0,12.0,294.0,5.0,2,4200,0,0,0,0,0,0
FD,D294L,38.091000,24.273328,0,KRO,294.0,17.0,294.0,17.0,2,3500,0,0,0,0,0,0
CF,CD21L,38.101711,24.119772,0,SPA,33.0,14.0,213.0,3.0,2,3000,0,0,0,0,1,0

FINAL,D21LY,21L,D,3
IF,CD21L,38.101711,24.119772,SPA,33.0,14.0,2,3000,0,0,0,0,0,0
CF,FD21L,38.022917,24.041661,0,SPA,33.0,8.0,213.0,6.0,2,2100,0,0,0,0,2,0
CF,MD21L,37.957214,23.976700,0,SPA,33.0,3.0,213.0,5.0,1,534,0,0,0,0,3,0
CF,SPA,37.917778,23.937778,0,SPA,0.0,0.0,213.0,3.0,0,0,0,0,0,0,0,0
FD,SPA,37.917778,23.937778,0,SPA,0.0,12.0,212.0,12.0,0,0,0,0,0,0,0,0
CF,EGN,37.766194,23.426353,0,ATV,242.9,19.4,270.0,16.5,1,4000,0,0,0,0,0,0
HM,EGN,37.766194,23.426353,1, ,0.0,0.0,108.0,04.3,2,4000,0,1,230,0,0,0,0

APPTR,D21LZ,21L,EGN
IF,EGN,37.766194,23.426353, ,0.0,0.0,0,0,0,0,0,0,1,0
CF,ATV,37.888678,23.804497,0,ATV,0.0,0.0,63.0,19.4,2,7000,0,0,0,0,0,0
CF,SPA,37.917778,23.937778,0,ATV,69.6,6.6,70.0,6.6,0,0,0,0,0,0,0,0
CF,D069H,37.954458,24.099828,0,SPA,69.0,8.0,69.0,8.0,2,7000,0,0,0,0,0,0
CF,D069L,37.972714,24.180914,0,SPA,69.0,12.0,69.0,4.0,2,3000,0,0,0,0,0,0
CI,0, ,0.0,69.0,0,0,0,0,0,0,0,0
AF,CD21L,38.101711,24.119772,1,SPA,33.0,14.0,69.0,2,3000,0,0,0,0,1,0

APPTR,D21LZ,21L,KEA
IF,KEA,37.557164,24.298700, ,0.0,0.0,2,5000,0,0,0,0,1,0
TF,D069N,37.981822,24.221472,0, ,0.0,0.0,0.0,0.0,2,4000,0,0,0,0,0,0
AF,CD21L,38.101711,24.119772,1,SPA,33.0,14.0,69.0,2,3000,0,0,0,0,1,0

APPTR,D21LZ,21L,KRO
FD,KRO,37.994139,24.494908,0,KRO,0.0,7.0,294.0,7.0,2,6000,0,0,0,0,1,0
CF,D294L,38.091000,24.273328,0,KRO,294.0,12.0,294.0,5.0,2,4200,0,0,0,0,0,0
FD,D294L,38.091000,24.273328,0,KRO,294.0,17.0,294.0,17.0,2,3500,0,0,0,0,0,0
CF,CD21L,38.101711,24.119772,0,SPA,33.0,14.0,213.0,3.0,2,3000,0,0,0,0,1,0

FINAL,D21LZ,21L,D,3
IF,CD21L,38.101711,24.119772,SPA,33.0,14.0,2,3000,0,0,0,0,0,0
CF,FD21L,38.022917,24.041661,0,SPA,33.0,8.0,213.0,6.0,2,2100,0,0,0,0,2,0
CF,MD21L,37.957214,23.976700,0,SPA,33.0,3.0,213.0,5.0,1,534,0,0,0,0,3,0
CF,SPA,37.917778,23.937778,0,SPA,0.0,0.0,213.0,3.0,0,0,0,0,0,0,0,0
FD,SPA,37.917778,23.937778,0,SPA,0.0,8.0,201.0,8.0,0,0,0,0,0,0,0,0
CF,KEA,37.557164,24.298700,0,KEA,0.0,0.0,116.0,25.0,1,5000,0,0,0,0,0,0
HM,KEA,37.557164,24.298700,2, ,0.0,0.0,335.0,04.3,2,5000,0,1,230,0,0,0,0

APPTR,D21R,21R,EGN
IF,EGN,37.766194,23.426353, ,0.0,0.0,0,0,0,0,0,0,1,0
CF,ATV,37.888678,23.804497,0,ATV,0.0,0.0,63.0,19.4,2,7000,0,0,0,0,0,0
CF,SAT,37.916667,23.914167,0,SAT,0.0,0.0,67.0,5.5,2,7000,0,0,0,0,0,0
FD,SAT,37.916667,23.914167,0,SAT,0.0,8.0,67.0,8.0,2,7000,0,0,0,0,0,0
CF,D067N,37.988517,24.194875,0,SAT,67.0,14.0,67.0,6.0,2,4000,0,0,0,0,0,0
CI,0, ,0.0,67.0,0,0,0,0,0,0,0,0
AF,D040P,38.105197,24.153067,1,SAT,40.0,16.0,67.0,2,3000,0,0,0,0,1,0
CF,CD21R,38.100600,24.096158,0,SAT,33.0,14.0,213.0,2.0,2,3000,0,0,0,0,0,0

APPTR,D21R,21R,KEA
IF,KEA,37.557164,24.298700, ,0.0,0.0,2,5000,0,0,0,0,1,0
TF,D067P,37.998725,24.235022,0, ,0.0,0.0,0.0,0.0,2,4000,0,0,0,0,0,0
AF,D040P,38.105197,24.153067,1,SAT,40.0,16.0,67.0,2,3000,0,0,0,0,1,0
CF,CD21R,38.100600,24.096158,0,SAT,33.0,14.0,213.0,2.0,2,3000,0,0,0,0,0,0

APPTR,D21R,21R,KRO
FD,KRO,37.994139,24.494908,0,KRO,0.0,7.0,294.0,7.0,2,6000,0,0,0,0,1,0
CF,D294L,38.091000,24.273328,0,KRO,294.0,12.0,294.0,5.0,2,4200,0,0,0,0,0,0
FD,D294L,38.091000,24.273328,0,KRO,294.0,18.0,294.0,18.0,2,3500,0,0,0,0,0,0
CF,CD21R,38.100600,24.096158,0,SAT,33.0,14.0,213.0,3.0,2,3000,0,0,0,0,1,0

FINAL,D21R,21R,D,4
IF,CD21R,38.100600,24.096158,SAT,33.0,14.0,2,3000,0,0,0,0,0,0
CF,FD21R,38.021806,24.018050,0,SAT,33.0,8.0,213.0,6.0,2,2100,0,0,0,0,2,0
CF,45VOR,37.975819,23.972564,0,SAT,33.0,4.5,213.0,3.5,2,1000,0,0,0,0,0,0
CF,MD21R,37.956103,23.953086,0,SAT,33.0,3.0,213.0,1.5,1,573,0,0,0,0,3,0
CF,SAT,37.916667,23.914167,0,SAT,0.0,0.0,213.0,3.0,0,0,0,0,0,0,0,0
FD,SAT,37.916667,23.914167,0,SAT,0.0,8.0,212.0,8.0,0,0,0,0,0,0,0,0
CF,EGN,37.766194,23.426353,0,SAT,243.9,24.9,258.0,18.0,1,4000,0,1,185,0,0,0
HM,EGN,37.766194,23.426353,1, ,0.0,0.0,108.0,04.3,2,4000,0,1,230,0,0,0,0

APPTR,I03LY,03L,DDM
IF,DDM,37.477669,23.217169, ,0.0,0.0,0,0,0,0,0,0,1,0
CF,D054M,37.589164,23.450833,0,DDM,54.0,13.0,54.0,13.0,2,5000,0,0,0,0,0,0
FC,D054M,37.589164,23.450833,0,DDM,0.0,0.0,54.0,16.0,2,3000,0,0,0,0,0,0
CF,CI03L,37.776989,23.781803,0,IATL,212.0,13.1,32.0,3.4,2,3000,0,0,0,0,1,0

APPTR,I03LY,03L,EGN
IF,EGN,37.766194,23.426353, ,0.0,0.0,0,0,0,0,0,0,1,0
FC,EGN,37.766194,23.426353,0,SAT,0.0,0.0,91.0,13.6,2,3000,0,0,0,0,0,1
CF,CI03L,37.776989,23.781803,0,IATL,212.0,13.1,32.0,4.0,2,3000,0,0,0,0,1,0

APPTR,I03LY,03L,KEA
IF,KEA,37.557164,24.298700, ,0.0,0.0,0,0,0,0,0,0,1,0
CR,0,ATV,185.0,263.0,2,3000,0,0,0,0,0,0
CF,D190T,37.566275,23.695983,2,ATV,190.0,20.0,10.0,1.0,0,0,0,0,0,0,0,0
CF,D190H,37.752328,23.758489,0,ATV,190.0,8.5,10.0,11.5,2,3000,0,0,0,0,0,0
CF,CI03L,37.776989,23.781803,0,IATL,212.0,13.1,32.0,1.9,2,3000,0,0,0,0,1,0

APPTR,I03LY,03L,PELAG
FD,PELAG,37.320833,23.758611,0,ATV,178.7,27.0,359.0,27.0,2,3000,0,0,0,0,1,0
CI,0, ,0.0,337.0,0,0,0,0,0,0,0,0
CF,D190H,37.752328,23.758489,0,ATV,190.0,8.5,10.0,10.0,2,3000,0,0,0,0,0,0
CF,CI03L,37.776989,23.781803,0,IATL,212.0,13.1,32.0,1.9,2,3000,0,0,0,0,1,0

FINAL,I03LY,03L,I,3
IF,CI03L,37.776989,23.781803,IATL,212.0,13.1,2,3000,0,0,0,0,0,0
CF,FI03L,37.857025,23.857617,0,IATL,212.0,7.1,32.0,6.0,1,1900,0,0,0,0,2,0
CF,RW03L,37.923678,23.920936,0,IATL,212.0,2.0,32.0,5.0,1,309,0,0,0,0,3,0
FD,RW03L,37.923678,23.920936,0,SAT,32.4,12.0,32.0,12.0,0,0,0,0,0,0,0,0
DF,SAT,37.916667,23.914167,2, ,0.0,0.0,0,0,0,1,220,0,0,0
CF,ATV,37.888678,23.804497,0,SAT,247.2,5.5,247.0,5.5,0,0,0,0,0,0,0,0
CF,EGN,37.766194,23.426353,0,ATV,242.9,19.4,243.0,19.4,1,4000,0,0,0,0,0,0
HM,EGN,37.766194,23.426353,1, ,0.0,0.0,108.0,04.3,2,4000,0,1,230,0,0,0,0

APPTR,I03LZ,03L,DDM
IF,DDM,37.477669,23.217169, ,0.0,0.0,0,0,0,0,0,0,1,0
CF,D054M,37.589164,23.450833,0,DDM,54.0,13.0,54.0,13.0,2,5000,0,0,0,0,0,0
FC,D054M,37.589164,23.450833,0,DDM,0.0,0.0,54.0,16.0,2,3000,0,0,0,0,0,0
CF,CI03L,37.776989,23.781803,0,IATL,212.0,13.1,32.0,3.5,2,3000,0,0,0,0,1,0

APPTR,I03LZ,03L,EGN
FC,EGN,37.766194,23.426353,0,SAT,0.0,0.0,91.0,13.6,2,3000,0,0,0,0,1,1
CF,CI03L,37.776989,23.781803,0,IATL,212.0,13.1,32.0,4.0,2,3000,0,0,0,0,1,0

APPTR,I03LZ,03L,KEA
IF,KEA,37.557164,24.298700, ,0.0,0.0,2,5000,0,0,0,0,1,0
FD,KEA,37.557164,24.298700,0,KEA,0.0,27.0,263.0,27.0,2,3000,0,0,0,0,0,0
CF,D190T,37.566275,23.695983,2,ATV,190.0,20.0,10.0,1.0,0,0,0,0,0,0,0,0
CF,D190H,37.752328,23.758489,0,ATV,190.0,8.5,10.0,11.5,2,3000,0,0,0,0,0,0
CF,CI03L,37.776989,23.781803,0,IATL,212.0,13.1,32.0,1.9,2,3000,0,0,0,0,1,0

APPTR,I03LZ,03L,PELAG
FD,PELAG,37.320833,23.758611,0,ATV,178.7,27.0,359.0,27.0,2,3000,0,0,0,0,1,0
CI,0, ,0.0,337.0,0,0,0,0,0,0,0,0
CF,D190H,37.752328,23.758489,0,ATV,190.0,8.5,10.0,10.0,2,3000,0,0,0,0,0,0
CF,CI03L,37.776989,23.781803,0,IATL,212.0,13.1,32.0,1.9,2,3000,0,0,0,0,1,0

FINAL,I03LZ,03L,I,3
IF,CI03L,37.776989,23.781803,IATL,212.0,13.1,2,3000,0,0,0,0,0,0
CF,FI03L,37.857025,23.857617,0,IATL,212.0,7.1,32.0,6.0,1,1900,0,0,0,0,2,0
CF,RW03L,37.923678,23.920936,0,IATL,212.0,2.0,32.0,5.0,1,309,0,0,0,0,3,0
FD,RW03L,37.923678,23.920936,0,SAT,32.4,14.0,32.0,14.0,0,0,0,0,0,0,0,0
CF,KEA,37.557164,24.298700,2,KEA,0.0,0.0,167.0,32.0,1,5000,0,1,220,0,0,0
HM,KEA,37.557164,24.298700,2, ,0.0,0.0,335.0,04.3,2,5000,0,1,230,0,0,0,0

APPTR,I03RY,03R,DDM
IF,DDM,37.477669,23.217169, ,0.0,0.0,0,0,0,0,0,0,1,0
CF,D057M,37.579264,23.457831,0,DDM,57.0,13.0,57.0,13.0,2,5000,0,0,0,0,0,0
FC,D057M,37.579264,23.457831,0,DDM,0.0,0.0,57.0,14.7,2,4000,0,0,0,0,0,0
CF,CI03R,37.739189,23.768561,0,IATR,212.0,16.2,32.0,3.1,2,4000,0,0,0,0,1,0

APPTR,I03RY,03R,EGN
IF,EGN,37.766194,23.426353, ,0.0,0.0,0,0,0,0,0,0,1,0
FC,EGN,37.766194,23.426353,0,SPA,0.0,0.0,101.0,12.7,2,4000,0,0,0,0,0,1
CF,CI03R,37.739189,23.768561,0,IATR,212.0,16.2,32.0,4.0,2,4000,0,0,0,0,1,0

APPTR,I03RY,03R,KEA
IF,KEA,37.557164,24.298700, ,0.0,0.0,2,5000,0,0,0,0,1,0
FD,KEA,37.557164,24.298700,0,KEA,0.0,27.0,263.0,27.0,2,4000,0,0,0,0,0,0
CF,D190T,37.566275,23.695983,2,ATV,190.0,20.0,10.0,1.0,0,0,0,0,0,0,0,0
CF,D190K,37.715328,23.746033,0,ATV,190.0,10.8,10.0,9.3,2,4000,0,0,0,0,0,0
CF,CI03R,37.739189,23.768561,0,IATR,212.0,16.2,32.0,1.8,2,4000,0,0,0,0,1,0

APPTR,I03RY,03R,PELAG
FD,PELAG,37.320833,23.758611,0,ATV,178.7,27.0,359.0,27.0,2,4000,0,0,0,0,1,0
CI,0, ,0.0,337.0,0,0,0,0,0,0,0,0
CF,D190K,37.715328,23.746033,0,ATV,190.0,10.8,10.0,8.0,2,4000,0,0,0,0,0,0
CF,CI03R,37.739189,23.768561,0,IATR,212.0,16.2,32.0,1.8,2,4000,0,0,0,0,1,0

FINAL,I03RY,03R,I,3
IF,CI03R,37.739189,23.768561,IATR,212.0,16.2,2,4000,0,0,0,0,0,0
CF,FI03R,37.805911,23.831661,0,IATR,212.0,11.2,32.0,5.0,1,3200,0,0,0,0,2,0
CF,RW03R,37.925936,23.945511,0,IATR,212.0,2.2,32.0,9.0,1,325,0,0,0,0,3,0
FD,RW03R,37.925936,23.945511,0,SPA,31.9,12.0,32.0,12.0,0,0,0,0,0,0,0,0
DF,SPA,37.917778,23.937778,2, ,0.0,0.0,0,0,0,1,200,0,0,0
CF,ATV,37.888678,23.804497,0,SPA,249.6,6.6,250.0,6.6,0,0,0,0,0,0,0,0
CF,EGN,37.766194,23.426353,0,ATV,242.9,19.4,243.0,19.4,1,4000,0,0,0,0,0,0
HM,EGN,37.766194,23.426353,1, ,0.0,0.0,108.0,04.3,2,4000,0,0,0,0,0,0,0

APPTR,I03RZ,03R,DDM
IF,DDM,37.477669,23.217169, ,0.0,0.0,0,0,0,0,0,0,1,0
CF,D057M,37.579264,23.457831,0,DDM,57.0,13.0,57.0,13.0,2,5000,0,0,0,0,0,0
FC,D057M,37.579264,23.457831,0,DDM,0.0,0.0,57.0,14.7,2,4000,0,0,0,0,0,0
CF,CI03R,37.739189,23.768561,0,IATR,212.0,16.2,32.0,3.1,2,4000,0,0,0,0,1,0

APPTR,I03RZ,03R,EGN
FC,EGN,37.766194,23.426353,0,SPA,0.0,0.0,101.0,12.7,2,4000,0,0,0,0,1,1
CF,CI03R,37.739189,23.768561,0,IATR,212.0,16.2,32.0,4.0,2,4000,0,0,0,0,1,0

APPTR,I03RZ,03R,KEA
IF,KEA,37.557164,24.298700, ,0.0,0.0,2,5000,0,0,0,0,1,0
FD,KEA,37.557164,24.298700,0,KEA,0.0,27.0,263.0,27.0,2,4000,0,0,0,0,0,0
CF,D190T,37.566275,23.695983,2,ATV,190.0,20.0,10.0,1.0,0,0,0,0,0,0,0,0
CF,D190K,37.715328,23.746033,0,ATV,190.0,10.8,10.0,9.3,2,4000,0,0,0,0,0,0
CF,CI03R,37.739189,23.768561,0,IATR,212.0,16.2,32.0,1.8,2,4000,0,0,0,0,1,0

APPTR,I03RZ,03R,PELAG
FD,PELAG,37.320833,23.758611,0,ATV,178.7,27.0,359.0,27.0,2,4000,0,0,0,0,1,0
CI,0, ,0.0,337.0,0,0,0,0,0,0,0,0
CF,D190K,37.715328,23.746033,0,ATV,190.0,10.8,10.0,7.0,2,4000,0,0,0,0,0,0
CF,CI03R,37.739189,23.768561,0,IATR,212.0,16.2,32.0,1.8,2,4000,0,0,0,0,1,0

FINAL,I03RZ,03R,I,3
IF,CI03R,37.739189,23.768561,IATR,212.0,16.2,2,4000,0,0,0,0,0,0
CF,FI03R,37.805911,23.831661,0,IATR,212.0,11.2,32.0,5.0,1,3200,0,0,0,0,2,0
CF,RW03R,37.925936,23.945511,0,IATR,212.0,2.2,32.0,9.0,1,325,0,0,0,0,3,0
FD,RW03R,37.925936,23.945511,0,SPA,31.9,5.0,32.0,5.0,0,0,0,0,0,0,0,0
CF,KEA,37.557164,24.298700,2,KEA,0.0,0.0,154.0,28.0,1,5000,0,1,200,0,0,0
HM,KEA,37.557164,24.298700,2, ,0.0,0.0,335.0,04.3,2,5000,0,1,230,0,0,0,0

APPTR,I21LY,21L,EGN
IF,EGN,37.766194,23.426353, ,0.0,0.0,0,0,0,0,0,0,1,0
CF,ATV,37.888678,23.804497,0,ATV,0.0,0.0,63.0,19.4,2,7000,0,0,0,0,0,0
CF,SPA,37.917778,23.937778,0,ATV,69.6,6.6,70.0,6.6,2,7000,0,0,0,0,0,0
CF,D069H,37.954458,24.099828,0,SPA,69.0,8.0,69.0,8.0,2,7000,0,0,0,0,0,0
CF,D069L,37.972714,24.180914,0,SPA,69.0,12.0,69.0,4.0,2,3000,0,0,0,0,0,0
CF,D069N,37.981822,24.221472,0,SPA,69.0,14.0,69.0,2.0,0,0,0,0,0,0,0,0
AF,D040N,38.082767,24.146750,1,SPA,40.0,14.0,69.0,2,3000,0,0,0,0,0,0
VI,0,IEVL,0.0,242.0,0,0,0,0,0,0,0,0

APPTR,I21LY,21L,KEA
IF,KEA,37.557164,24.298700, ,0.0,0.0,2,5000,0,0,0,0,1,0
TF,D069N,37.981822,24.221472,0, ,0.0,0.0,0.0,0.0,2,4000,0,0,0,0,0,0
AF,D040N,38.082767,24.146750,1,SPA,40.0,14.0,69.0,2,3000,0,0,0,0,0,0
VI,0,IEVL,0.0,242.0,0,0,0,0,0,0,0,0

APPTR,I21LY,21L,KRO
FD,KRO,37.994139,24.494908,0,KRO,0.0,7.0,294.0,7.0,2,6000,0,0,0,0,1,0
CF,D294L,38.091000,24.273328,0,KRO,294.0,12.0,294.0,5.0,2,4200,0,0,0,0,0,0
FD,D294L,38.091000,24.273328,0,KRO,294.0,17.0,294.0,17.0,2,3500,0,0,0,0,0,0
CF,CI21L,38.104333,24.115606,0,IEVL,32.0,13.7,212.0,3.0,2,3000,0,0,0,0,1,0

FINAL,I21LY,21L,I,3
IF,CI21L,38.104333,24.115606,IEVL,32.0,13.7,2,3000,0,0,0,0,0,0
CF,FI21L,38.016983,24.032292,0,IEVL,32.0,7.2,212.0,6.6,1,1900,0,0,0,0,2,0
CF,RW21L,37.950400,23.968786,0,IEVL,32.0,2.2,212.0,5.0,1,357,0,0,0,0,3,0
CF,SPA,37.917778,23.937778,0,SPA,0.0,0.0,212.0,2.4,0,0,0,0,0,0,0,0
FD,SPA,37.917778,23.937778,0,SPA,0.0,12.0,212.0,12.0,0,0,0,0,0,0,0,0
CF,EGN,37.766194,23.426353,0,SPA,244.7,26.0,270.0,17.5,1,4000,0,1,185,0,0,0
HM,EGN,37.766194,23.426353,1, ,0.0,0.0,108.0,04.3,2,4000,0,1,230,0,0,0,0

APPTR,I21LZ,21L,EGN
IF,EGN,37.766194,23.426353, ,0.0,0.0,0,0,0,0,0,0,1,0
CF,ATV,37.888678,23.804497,0,ATV,0.0,0.0,63.0,19.4,2,7000,0,0,0,0,0,0
CF,SPA,37.917778,23.937778,0,ATV,69.6,6.6,70.0,6.6,2,7000,0,0,0,0,0,0
CF,D069H,37.954458,24.099828,0,SPA,69.0,8.0,69.0,8.0,2,7000,0,0,0,0,0,0
CF,D069L,37.972714,24.180914,0,SPA,69.0,12.0,69.0,4.0,2,3000,0,0,0,0,0,0
CF,D069N,37.981822,24.221472,0,SPA,69.0,14.0,69.0,2.0,0,0,0,0,0,0,0,0
AF,D040N,38.082767,24.146750,1,SPA,40.0,14.0,69.0,2,3000,0,0,0,0,0,0
VI,0,IEVL,0.0,242.0,0,0,0,0,0,0,0,0

APPTR,I21LZ,21L,KEA
IF,KEA,37.557164,24.298700, ,0.0,0.0,2,5000,0,0,0,0,1,0
TF,D069N,37.981822,24.221472,0, ,0.0,0.0,0.0,0.0,2,4000,0,0,0,0,0,0
AF,D040N,38.082767,24.146750,1,SPA,40.0,14.0,69.0,2,3000,0,0,0,0,0,0
VI,0,IEVL,0.0,242.0,0,0,0,0,0,0,0,0

APPTR,I21LZ,21L,KRO
FD,KRO,37.994139,24.494908,0,KRO,0.0,7.0,294.0,7.0,2,6000,0,0,0,0,1,0
CF,D294L,38.091000,24.273328,0,KRO,294.0,12.0,294.0,5.0,2,4200,0,0,0,0,0,0
FD,D294L,38.091000,24.273328,0,KRO,294.0,17.0,294.0,17.0,2,3500,0,0,0,0,0,0
CF,CI21L,38.104333,24.115606,0,IEVL,32.0,13.7,212.0,3.0,2,3000,0,0,0,0,1,0

FINAL,I21LZ,21L,I,3
IF,CI21L,38.104333,24.115606,IEVL,32.0,13.7,2,3000,0,0,0,0,0,0
CF,FI21L,38.016983,24.032292,0,IEVL,32.0,7.2,212.0,6.6,1,1900,0,0,0,0,2,0
CF,RW21L,37.950400,23.968786,0,IEVL,32.0,2.2,212.0,5.0,1,357,0,0,0,0,3,0
CF,SPA,37.917778,23.937778,0,SPA,0.0,0.0,212.0,2.4,0,0,0,0,0,0,0,0
FD,SPA,37.917778,23.937778,0,SPA,0.0,8.0,201.0,8.0,0,0,0,0,0,0,0,0
CF,KEA,37.557164,24.298700,0,KEA,0.0,0.0,116.0,25.0,1,5000,0,0,0,0,0,0
HM,KEA,37.557164,24.298700,2, ,0.0,0.0,335.0,04.3,2,5000,0,0,0,0,0,0,0

APPTR,I21R,21R,EGN
IF,EGN,37.766194,23.426353, ,0.0,0.0,0,0,0,0,0,0,1,0
CF,ATV,37.888678,23.804497,0,ATV,0.0,0.0,63.0,19.4,2,7000,0,0,0,0,0,0
CF,SAT,37.916667,23.914167,0,ATV,67.1,5.5,67.0,5.5,0,0,0,0,0,0,0,0
CF,D067H,37.957806,24.074503,0,SAT,67.0,8.0,67.0,8.0,2,7000,0,0,0,0,0,0
CF,D067N,37.988517,24.194875,0,SAT,67.0,14.0,67.0,6.0,2,4000,0,0,0,0,0,0
CF,D067P,37.998725,24.235022,0,SAT,67.0,16.0,67.0,2.0,0,0,0,0,0,0,0,0
AF,D040P,38.105197,24.153067,1,SAT,40.0,16.0,67.0,2,3000,0,0,0,0,0,0
CF,CI21R,38.106458,24.095422,0,IEVR,32.0,14.1,212.0,2.0,2,3000,0,0,0,0,1,0

APPTR,I21R,21R,KEA
IF,KEA,37.557164,24.298700, ,0.0,0.0,0,0,0,0,0,0,1,0
TF,D067P,37.998725,24.235022,0, ,0.0,0.0,0.0,0.0,2,4000,0,0,0,0,0,0
AF,D040P,38.105197,24.153067,1,SAT,40.0,16.0,67.0,2,3000,0,0,0,0,0,0
CF,CI21R,38.106458,24.095422,0,IEVR,32.0,14.1,212.0,2.0,2,3000,0,0,0,0,1,0

APPTR,I21R,21R,KRO
FD,KRO,37.994139,24.494908,0,KRO,0.0,7.0,294.0,7.0,2,6000,0,0,0,0,1,0
CF,D294L,38.091000,24.273328,0,KRO,294.0,12.0,294.0,5.0,2,4200,0,0,0,0,0,0
FD,D294L,38.091000,24.273328,0,KRO,294.0,18.0,294.0,18.0,2,3500,0,0,0,0,0,0
CF,CI21R,38.106458,24.095422,0,IEVR,32.0,14.1,212.0,3.0,2,3000,0,0,0,0,1,0

FINAL,I21R,21R,I,3
IF,CI21R,38.106458,24.095422,IEVR,32.0,14.1,2,3000,0,0,0,0,0,0
CF,FI21R,38.059878,24.050858,0,IEVR,32.0,10.6,212.0,3.5,1,3000,0,0,0,0,2,0
CF,RW21R,37.946706,23.942836,0,IEVR,31.9,2.0,212.0,8.5,1,336,0,0,0,0,3,0
CF,SAT,37.916667,23.914167,0,SAT,0.0,0.0,212.0,2.3,0,0,0,0,0,0,0,0
FD,SAT,37.916667,23.914167,0,SAT,0.0,8.0,212.0,8.0,0,0,0,0,0,0,0,0
CF,EGN,37.766194,23.426353,0,SAT,243.9,24.9,258.0,18.0,1,4000,0,1,185,0,0,0
HM,EGN,37.766194,23.426353,1, ,0.0,0.0,108.0,04.3,2,4000,0,1,230,0,0,0,0

