SID,EVIK1A,08,2
CA,0,77.0,2,600,0,0,0,0,0,0
CF,EVIKO,39.188889,23.437500,0,AGH,87.9,30.2,88.0,28.0,2,9000,0,0,0,0,0,0

SID,EVIK1B,26,2
CA,0,257.0,2,490,0,0,0,0,0,0
FD,AGH,39.216222,22.791925,0,AGH,0.0,12.0,261.0,12.0,0,0,0,0,0,0,0,0
DF,AGH,39.216222,22.791925,2, ,0.0,0.0,2,8000,0,1,185,0,0,0
TF,EVIKO,39.188889,23.437500,0, ,0.0,0.0,0.0,0.0,2,9000,0,0,0,0,0,0

SID,GART1A,08,2
CA,0,77.0,2,600,0,0,0,0,0,0
FA,AGH,39.216222,22.791925,0,AGH,0.0,0.0,77.0,2,3600,0,0,0,0,0,0
DF,AGH,39.216222,22.791925,2, ,0.0,0.0,2,8000,0,1,210,0,0,0
TF,D256T,39.165175,22.368231,0, ,0.0,0.0,0.0,0.0,2,10000,0,0,0,0,0,0
TF,GARTA,38.985000,20.968333,0, ,0.0,0.0,0.0,0.0,0,0,0,0,0,0,0,0

SID,GART1B,26,2
CA,0,257.0,2,490,0,0,0,0,0,0
FD,AGH,39.216222,22.791925,0,AGH,0.0,12.0,261.0,12.0,0,0,0,0,0,0,0,0
DF,AGH,39.216222,22.791925,2, ,0.0,0.0,2,8000,0,1,185,0,0,1
CI,2, ,0.0,301.0,0,0,0,1,230,0,0,0
CF,D256T,39.165175,22.368231,0,AGH,256.3,20.0,256.0,16.0,2,10000,0,0,0,0,0,0
TF,GARTA,38.985000,20.968333,0, ,0.0,0.0,0.0,0.0,0,0,0,0,0,0,0,0

SID,LUSE1A,08,2
CA,0,77.0,2,600,0,0,0,0,0,0
FA,AGH,39.216222,22.791925,0,AGH,0.0,0.0,77.0,2,3600,0,0,0,0,0,0
DF,AGH,39.216222,22.791925,2, ,0.0,0.0,2,8000,0,1,210,0,0,0
TF,LUSES,39.314722,22.406944,0, ,0.0,0.0,0.0,0.0,2,10000,0,0,0,0,0,0

SID,LUSE1B,26,2
CA,0,257.0,2,490,0,0,0,0,0,0
FD,AGH,39.216222,22.791925,0,AGH,0.0,12.0,261.0,12.0,0,0,0,0,0,0,0,0
DF,AGH,39.216222,22.791925,2, ,0.0,0.0,2,8000,0,1,185,0,0,1
CI,2, ,0.0,328.0,0,0,0,1,230,0,0,0
CF,LUSES,39.314722,22.406944,0,AGH,283.3,18.9,283.0,15.0,2,10000,0,0,0,0,0,0

SID,TGG2C,08,2
CA,0,77.0,2,600,0,0,0,0,0,0
FD,AGH,39.216222,22.791925,0,AGH,0.0,11.0,81.0,11.0,0,0,0,0,0,0,0,0
CI,0, ,0.0,81.0,0,0,0,0,0,0,0,0
AF,D119M,39.094722,23.022647,2,AGH,119.0,13.0,81.0,2,4100,0,0,0,0,0,0
AF,D131M,39.060058,22.985156,2,AGH,131.0,13.0,119.0,0,0,0,0,0,0,0,0
CF,D140W,38.899975,23.070608,0,AGH,140.4,23.0,140.0,10.0,2,8000,0,0,0,0,0,0
TF,TGG,38.338053,23.558319,0, ,0.0,0.0,0.0,0.0,0,0,0,0,0,0,0,0

SID,TGG2F,26,2
CA,0,257.0,2,490,0,0,0,0,0,0
FD,AGH,39.216222,22.791925,0,AGH,0.0,12.0,261.0,12.0,0,0,0,0,0,0,0,0
DF,AGH,39.216222,22.791925,2, ,0.0,0.0,2,8000,0,1,185,0,0,1
CI,0, ,0.0,170.0,0,0,0,1,230,0,0,0
CF,D140W,38.899975,23.070608,0,AGH,140.4,23.0,140.0,20.0,0,0,0,0,0,0,0,0
TF,TGG,38.338053,23.558319,0, ,0.0,0.0,0.0,0.0,0,0,0,0,0,0,0,0

SID,VAXU1A,08,2
CA,0,77.0,2,600,0,0,0,0,0,0
FA,AGH,39.216222,22.791925,0,AGH,0.0,0.0,77.0,2,3600,0,0,0,0,0,0
DF,AGH,39.216222,22.791925,2, ,0.0,0.0,2,8000,0,1,210,0,0,1
TF,VAXUS,39.456111,22.593333,0, ,0.0,0.0,0.0,0.0,2,9000,0,0,0,0,0,0

SID,VAXU1B,26,2
CA,0,257.0,2,490,0,0,0,0,0,0
FD,AGH,39.216222,22.791925,0,AGH,0.0,12.0,261.0,12.0,0,0,0,0,0,0,0,0
DF,AGH,39.216222,22.791925,2, ,0.0,0.0,2,8000,0,1,185,0,0,1
CI,1, ,0.0,277.0,0,0,0,1,230,0,0,0
CF,VAXUS,39.456111,22.593333,0,AGH,322.3,17.1,322.0,13.0,2,9000,0,0,0,0,0,0

STAR,EVIK1C,26,2
IF,EVIKO,39.188889,23.437500, ,0.0,0.0,0,0,0,0,0,0,0,0
TF,PIRAK,39.203089,23.113847,0, ,0.0,0.0,0.0,0.0,0,0,0,0,0,0,0,0

STAR,EVIK1H,26,2
IF,EVIKO,39.188889,23.437500, ,0.0,0.0,0,0,0,0,0,0,0,0
TF,PIRAK,39.203089,23.113847,0, ,0.0,0.0,0.0,0.0,0,0,0,0,0,0,0,0
TF,AGH,39.216222,22.791925,0, ,0.0,0.0,0.0,0.0,0,0,0,0,0,0,0,0

STAR,GART1H,26,2
IF,GARTA,38.985000,20.968333, ,0.0,0.0,0,0,0,0,0,0,0,0
TF,D256T,39.165175,22.368231,0, ,0.0,0.0,0.0,0.0,0,0,0,0,0,0,0,0
TF,AGH,39.216222,22.791925,0, ,0.0,0.0,0.0,0.0,0,0,0,0,0,0,0,0

STAR,LUSE1H,26,2
IF,LUSES,39.314722,22.406944, ,0.0,0.0,0,0,0,0,0,0,0,0
TF,AGH,39.216222,22.791925,0, ,0.0,0.0,0.0,0.0,0,0,0,0,0,0,0,0

STAR,PELI1C,26,2
IF,BAMOS,39.294722,23.561111, ,0.0,0.0,0,0,0,0,0,0,0,0
TF,PELIP,39.278889,23.398056,0, ,0.0,0.0,0.0,0.0,0,0,0,0,0,0,0,0
TF,BEXOS,39.251514,23.132878,0, ,0.0,0.0,0.0,0.0,0,0,0,0,0,0,0,0

STAR,PELI1H,26,2
IF,BAMOS,39.294722,23.561111, ,0.0,0.0,0,0,0,0,0,0,0,0
TF,PELIP,39.278889,23.398056,0, ,0.0,0.0,0.0,0.0,0,0,0,0,0,0,0,0
TF,BEXOS,39.251514,23.132878,0, ,0.0,0.0,0.0,0.0,0,0,0,0,0,0,0,0
TF,AGH,39.216222,22.791925,0, ,0.0,0.0,0.0,0.0,0,0,0,0,0,0,0,0

STAR,TGG2H,26,2
IF,TGG,38.338053,23.558319, ,0.0,0.0,0,0,0,0,0,0,0,0
TF,D140W,38.899975,23.070608,0, ,0.0,0.0,0.0,0.0,0,0,0,0,0,0,0,0
TF,EPERA,39.038081,22.951811,0, ,0.0,0.0,0.0,0.0,0,0,0,0,0,0,0,0
TF,AGH,39.216222,22.791925,0, ,0.0,0.0,0.0,0.0,0,0,0,0,0,0,0,0

STAR,TGG2J,26,2
IF,TGG,38.338053,23.558319, ,0.0,0.0,0,0,0,0,0,0,0,0
TF,D140W,38.899975,23.070608,0, ,0.0,0.0,0.0,0.0,0,0,0,0,0,0,0,0
TF,EPERA,39.038081,22.951811,0, ,0.0,0.0,0.0,0.0,0,0,0,0,0,0,0,0

STAR,VAXU1H,26,2
IF,VAXUS,39.456111,22.593333, ,0.0,0.0,0,0,0,0,0,0,0,0
TF,AGH,39.216222,22.791925,0, ,0.0,0.0,0.0,0.0,0,0,0,0,0,0,0,0

APPTR,D26,26,AGH
IF,AGH,39.216222,22.791925, ,0.0,0.0,2,8000,0,0,0,0,1,0
CF,D113I,39.145611,22.962164,0,AGH,113.0,9.0,113.0,9.0,2,4100,0,0,0,0,0,0
CF,D113K,39.129886,22.999950,0,AGH,113.0,11.0,113.0,2.0,0,0,0,0,0,0,0,0
AF,D101K,39.165419,23.018517,1,AGH,101.0,11.0,113.0,2,4100,0,0,0,0,0,0
AF,D084K,39.219183,23.027792,1,AGH,84.0,11.0,101.0,2,3000,0,0,0,0,0,0
CF,FD26,39.236964,22.917817,0,AGH,73.0,6.0,253.0,5.0,2,1700,0,0,0,0,0,0

APPTR,D26,26,BEXOS
IF,BEXOS,39.251514,23.132878, ,0.0,0.0,2,4500,0,0,0,0,1,0
CF,D073K,39.254144,23.022786,0,AGH,73.0,11.0,266.0,5.1,2,3000,0,0,0,0,1,0
CF,FD26,39.236964,22.917817,0,AGH,73.0,6.0,253.0,5.0,2,1700,0,0,0,0,0,0

APPTR,D26,26,EPERA
IF,EPERA,39.038081,22.951811, ,0.0,0.0,2,6000,0,0,0,0,1,0
CI,0, ,0.0,320.0,0,0,0,0,0,0,0,0
AF,D101K,39.165419,23.018517,1,AGH,101.0,11.0,140.0,2,4100,0,0,0,0,0,0
AF,D084K,39.219183,23.027792,1,AGH,84.0,11.0,101.0,2,3000,0,0,0,0,0,0
CF,FD26,39.236964,22.917817,0,AGH,73.0,6.0,253.0,5.0,2,1700,0,0,0,0,0,0

APPTR,D26,26,PIRAK
IF,PIRAK,39.203089,23.113847, ,0.0,0.0,2,4000,0,0,0,0,1,0
CF,D073K,39.254144,23.022786,0,AGH,73.0,11.0,300.0,5.2,2,3000,0,0,0,0,1,0
CF,FD26,39.236964,22.917817,0,AGH,73.0,6.0,253.0,5.0,2,1700,0,0,0,0,0,0

FINAL,D26,26,D,2
IF,FD26,39.236964,22.917817,AGH,73.0,6.0,2,1700,0,0,0,0,2,0
CF,MD26,39.223150,22.833881,0,AGH,73.0,2.0,253.0,4.0,1,419,0,0,0,0,3,0
CF,AGH,39.216222,22.791925,0,AGH,0.0,0.0,253.0,2.0,0,0,0,0,0,0,0,0
FD,AGH,39.216222,22.791925,0,AGH,0.0,12.0,261.0,12.0,0,0,0,0,0,0,0,0
DF,AGH,39.216222,22.791925,2, ,0.0,0.0,1,8000,0,1,185,0,0,0
HM,AGH,39.216222,22.791925,2, ,0.0,0.0,70.0,04.3,0,0,0,0,0,0,0,0,0

APPTR,I26,26,AGH
IF,AGH,39.216222,22.791925, ,0.0,0.0,2,8000,0,0,0,0,1,0
CF,D113I,39.145611,22.962164,0,AGH,113.0,9.0,113.0,9.0,2,4100,0,0,0,0,0,0
CF,D113K,39.129886,22.999950,0,AGH,113.0,11.0,113.0,2.0,0,0,0,0,0,0,0,0
AF,D101K,39.165419,23.018517,1,AGH,101.0,11.0,113.0,2,4100,0,0,0,0,0,0
AF,D086K,39.212781,23.027769,1,AGH,86.0,11.0,101.0,2,3000,0,0,0,0,0,0
CF,CI26,39.233097,22.912436,0,IANC,76.5,6.5,257.0,5.5,2,1400,0,0,0,0,0,0

APPTR,I26,26,BEXOS
IF,BEXOS,39.251514,23.132878, ,0.0,0.0,2,4500,0,0,0,0,1,0
CF,D077L,39.245953,23.024706,0,AGH,75.6,11.0,257.0,5.1,2,3000,0,0,0,0,1,0
CF,CI26,39.233097,22.912436,0,IANC,76.5,6.5,257.0,5.3,2,1400,0,0,0,0,0,0

APPTR,I26,26,EPERA
IF,EPERA,39.038081,22.951811, ,0.0,0.0,2,6000,0,0,0,0,1,0
CI,0, ,0.0,320.0,0,0,0,0,0,0,0,0
AF,D101K,39.165419,23.018517,1,AGH,101.0,11.0,140.0,2,4100,0,0,0,0,0,0
AF,D086K,39.212781,23.027769,1,AGH,86.0,11.0,101.0,2,3000,0,0,0,0,0,0
CF,CI26,39.233097,22.912436,0,IANC,76.5,6.5,257.0,5.5,2,1400,0,0,0,0,0,0

APPTR,I26,26,PIRAK
IF,PIRAK,39.203089,23.113847, ,0.0,0.0,2,4000,0,0,0,0,1,0
CF,D077L,39.245953,23.024706,0,AGH,75.6,11.0,297.0,4.9,2,3000,0,0,0,0,1,0
CF,CI26,39.233097,22.912436,0,IANC,76.5,6.5,257.0,5.3,2,1400,0,0,0,0,0,0

FINAL,I26,26,I,3
IF,CI26,39.233097,22.912436,IANC,76.5,6.5,2,1400,0,0,0,0,0,0
CF,FI26,39.228208,22.870000,0,IANC,76.5,4.5,257.0,2.0,1,870,0,0,0,0,2,0
CF,RW26,39.221328,22.810264,0,IANC,76.5,1.7,257.0,2.8,1,67,0,0,0,0,3,0
CA,0,257.0,2,490,0,0,0,0,0,0
FD,AGH,39.216222,22.791925,0,AGH,0.0,12.0,261.0,12.0,0,0,0,0,0,0,0,0
DF,AGH,39.216222,22.791925,2, ,0.0,0.0,1,8000,0,1,185,0,0,0
HM,AGH,39.216222,22.791925,2, ,0.0,0.0,70.0,04.3,0,0,0,0,0,0,0,0,0

