SID,BAVE1A,29,2
CA,0,287.0,2,3500,0,0,0,0,0,0
CF,D287L,35.594592,23.946000,0,SUD,287.0,12.0,287.0,5.0,0,0,0,0,0,0,0,1
DF,SUD,35.523028,24.174953,2, ,0.0,0.0,2,8000,0,1,210,0,0,0
TF,BAVES,35.424722,24.726944,0, ,0.0,0.0,0.0,0.0,2,9000,0,0,0,0,0,0

SID,BAVE1B,11,2
CA,0,107.0,2,3500,0,0,0,0,0,0
CF,D107I,35.469067,24.346397,0,SUD,107.0,9.0,107.0,5.0,0,0,0,0,0,0,0,1
CI,0, ,0.0,53.0,0,0,0,1,210,0,0,0
CF,BAVES,35.424722,24.726944,0,SUD,98.1,27.7,98.0,17.0,2,9000,0,0,0,0,0,0

SID,BAVE1J,11,2
DF,DER11,35.525725,24.168281,0, ,0.0,0.0,0,0,0,0,0,0,0,1
CA,0,107.0,2,3000,0,0,0,0,0,0
CI,0, ,0.0,68.0,0,0,0,1,210,0,0,0
CF,BAVES,35.424722,24.726944,0,SUD,98.1,27.7,98.0,24.0,2,9000,0,0,0,0,0,0

SID,BAVE1L,29,2
CA,0,288.0,2,3200,0,0,0,0,0,0
DF,SUD,35.523028,24.174953,2, ,0.0,0.0,2,8000,0,1,210,0,0,0
TF,BAVES,35.424722,24.726944,0, ,0.0,0.0,0.0,0.0,2,9000,0,0,0,0,0,0

SID,BAVE1S,29,2
CF,D287L,35.594592,23.946000,0,SUD,287.0,12.0,287.0,12.0,2,3500,0,0,0,0,0,1
DF,SUD,35.522739,24.158606,2, ,0.0,0.0,2,6000,0,1,250,0,0,0
TF,BAVES,35.424722,24.726944,0, ,0.0,0.0,0.0,0.0,2,9000,0,0,0,0,0,0

SID,BAVE1T,11,2
CA,0,108.0,2,890,0,0,0,0,0,0
CF,BAVES,35.424722,24.726944,0,SUD,98.1,27.7,98.0,28.0,2,9000,0,0,0,0,0,0

SID,OTRE1J,11,2
DF,DER11,35.525725,24.168281,0, ,0.0,0.0,0,0,0,0,0,0,0,1
CA,0,107.0,2,3000,0,0,0,0,0,0
DF,SUD,35.523028,24.174953,1, ,0.0,0.0,2,7500,0,1,210,0,0,1
CI,1, ,0.0,92.0,0,0,0,1,230,0,0,0
CF,D137K,35.380247,24.316050,0,SUD,137.0,11.0,137.0,7.0,2,11000,0,0,0,0,0,0
TF,D137Y,35.198283,24.494908,0, ,0.0,0.0,0.0,0.0,0,0,0,0,0,0,0,1
CF,OTREX,35.154444,24.938889,0,SUD,116.3,43.5,91.0,21.0,0,0,0,0,0,0,0,0

SID,OTRE1L,29,2
CA,0,288.0,2,3200,0,0,0,0,0,0
DF,SUD,35.523028,24.174953,2, ,0.0,0.0,2,8000,0,1,210,0,0,0
TF,D137G,35.432186,24.264797,0, ,0.0,0.0,0.0,0.0,2,11000,0,0,0,0,0,0
TF,D137Y,35.198283,24.494908,0, ,0.0,0.0,0.0,0.0,0,0,0,0,0,0,0,1
CF,OTREX,35.154444,24.938889,0,SUD,116.3,43.5,91.0,21.0,0,0,0,0,0,0,0,0

SID,OTRE5A,29,2
CA,0,287.0,2,3500,0,0,0,0,0,0
CF,D287L,35.594592,23.946000,0,SUD,287.0,12.0,287.0,5.0,0,0,0,0,0,0,0,1
DF,SUD,35.523028,24.174953,2, ,0.0,0.0,0,0,0,1,210,0,0,0
TF,D137G,35.432186,24.264797,0, ,0.0,0.0,0.0,0.0,2,10000,0,0,0,0,0,0
TF,D137Y,35.198283,24.494908,0, ,0.0,0.0,0.0,0.0,2,11000,0,0,0,0,0,1
CF,OTREX,35.154444,24.938889,0,SUD,116.3,43.5,91.0,21.0,0,0,0,1,230,0,0,0

SID,OTRE5B,11,2
CA,0,107.0,2,3500,0,0,0,0,0,0
CF,D107I,35.469067,24.346397,0,SUD,107.0,9.0,107.0,5.0,0,0,0,0,0,0,0,1
DF,SUD,35.523028,24.174953,1, ,0.0,0.0,0,0,0,1,210,0,0,1
CI,1, ,0.0,92.0,0,0,0,1,230,0,0,0
CF,D137K,35.380247,24.316050,0,SUD,137.0,11.0,137.0,7.0,2,10000,0,0,0,0,0,0
TF,D137Y,35.198283,24.494908,0, ,0.0,0.0,0.0,0.0,2,11000,0,0,0,0,0,1
CF,OTREX,35.154444,24.938889,0,SUD,116.3,43.5,91.0,21.0,0,0,0,0,0,0,0,0

SID,PLH1C,29,2
CF,D287X,35.665722,23.716644,0,SUD,287.0,24.0,287.0,23.0,2,9000,0,0,0,0,0,1
DF,D348V,35.589997,23.607983,0, ,0.0,0.0,0,0,0,1,230,0,0,0
TF,PLH,35.227636,23.680844,0, ,0.0,0.0,0.0,0.0,0,0,0,0,0,0,0,0

SID,PLH1D,11,2
CA,0,107.0,2,3500,0,0,0,0,0,0
CF,D107I,35.469067,24.346397,0,SUD,107.0,9.0,107.0,5.0,0,0,0,0,0,0,0,1
DF,SUD,35.523028,24.174953,1, ,0.0,0.0,2,6000,0,1,210,0,0,0
TF,D287X,35.665722,23.716644,0, ,0.0,0.0,0.0,0.0,2,9000,0,0,0,0,0,1
DF,D348V,35.589997,23.607983,0, ,0.0,0.0,0,0,0,1,230,0,0,0
TF,PLH,35.227636,23.680844,0, ,0.0,0.0,0.0,0.0,0,0,0,0,0,0,0,0

SID,PLH1J,11,2
DF,DER11,35.525725,24.168281,0, ,0.0,0.0,0,0,0,0,0,0,0,1
CA,0,107.0,2,3000,0,0,0,0,0,0
DF,SUD,35.523028,24.174953,1, ,0.0,0.0,2,7500,0,1,210,0,0,1
TF,D230G,35.454317,24.059394,0, ,0.0,0.0,0.0,0.0,2,11000,0,0,0,0,0,0
TF,D230S,35.336272,23.861750,0, ,0.0,0.0,0.0,0.0,0,0,0,0,0,0,0,0
TF,PLH,35.227636,23.680844,0, ,0.0,0.0,0.0,0.0,0,0,0,0,0,0,0,0

SID,PLH1L,29,2
CA,0,288.0,2,3200,0,0,0,0,0,0
DF,SUD,35.523028,24.174953,2, ,0.0,0.0,2,8000,0,1,210,0,0,1
CI,2, ,0.0,275.0,0,0,0,1,230,0,0,0
CF,D230G,35.454317,24.059394,0,SUD,230.0,7.0,230.0,3.0,2,11000,0,0,0,0,0,0
TF,D230S,35.336272,23.861750,0, ,0.0,0.0,0.0,0.0,0,0,0,0,0,0,0,0
TF,PLH,35.227636,23.680844,0, ,0.0,0.0,0.0,0.0,0,0,0,0,0,0,0,0

SID,PLH1S,29,2
CF,D287L,35.594592,23.946000,0,SUD,287.0,12.0,287.0,12.0,2,3500,0,0,0,0,0,1
DF,SUD,35.522739,24.158606,2, ,0.0,0.0,2,6000,0,1,250,0,0,1
CI,2, ,0.0,270.0,0,0,0,1,250,0,0,0
CF,D230S,35.336272,23.861750,0,SUD,230.0,19.0,229.0,15.0,2,11000,0,0,0,0,0,0
TF,PLH,35.227636,23.680844,0, ,0.0,0.0,0.0,0.0,0,0,0,0,0,0,0,0

SID,PLH1T,11,2
CA,0,108.0,2,890,0,0,0,0,0,0
CF,D098K,35.481633,24.393717,0,SUD,99.0,11.0,98.0,11.0,2,3500,0,0,0,0,0,1
CF,SUD,35.522739,24.158606,1,SUD,264.8,0.8,250.0,12.0,2,6000,0,1,210,0,0,0
TF,D230S,35.336272,23.861750,0, ,0.0,0.0,0.0,0.0,2,11000,0,0,0,0,0,0
TF,PLH,35.227636,23.680844,0, ,0.0,0.0,0.0,0.0,0,0,0,0,0,0,0,0

SID,RUSO1S,29,2
CF,D287L,35.594592,23.946000,0,SUD,287.0,12.0,287.0,12.0,2,3500,0,0,0,0,0,1
DF,SUD,35.522739,24.158606,2, ,0.0,0.0,2,6000,0,1,250,0,0,1
CI,1, ,0.0,314.0,0,0,0,1,250,0,0,0
CF,SUD29,35.999722,24.307778,0,SUD,8.8,29.3,10.0,25.0,2,9000,0,0,0,0,0,0
TF,RUSOS,36.208333,24.366389,0, ,0.0,0.0,0.0,0.0,0,0,0,0,0,0,0,0

SID,RUSO1T,11,2
CA,0,108.0,2,890,0,0,0,0,0,0
CF,D098K,35.481633,24.393717,0,SUD,99.0,11.0,98.0,11.0,2,3500,0,0,0,0,0,1
CF,D070C,35.540050,24.232564,1,SUD,66.1,3.0,250.0,8.0,0,0,0,1,210,0,0,1
CF,SUD29,35.999722,24.307778,2,SUD,8.8,29.3,10.0,26.0,2,9000,0,1,230,0,0,0
TF,RUSOS,36.208333,24.366389,0, ,0.0,0.0,0.0,0.0,0,0,0,0,0,0,0,0

SID,RUSO2A,29,2
CF,D287M,35.600536,23.926903,0,SUD,287.0,13.0,287.0,11.0,0,0,0,0,0,0,0,0
CI,0, ,0.0,287.0,0,0,0,1,230,0,0,0
AF,D339O,35.762433,24.085139,2,SUD,339.0,15.0,287.0,2,6000,0,1,230,0,0,0
AF,D355O,35.773369,24.169589,2,SUD,355.0,15.0,339.0,2,9000,0,0,0,0,0,0
VI,0, ,0.0,39.0,0,0,0,1,230,0,0,0
CF,SUD29,35.999722,24.307778,0,SUD,8.8,29.0,9.0,11.0,0,0,0,0,0,0,0,0
TF,RUSOS,36.208333,24.366389,0, ,0.0,0.0,0.0,0.0,0,0,0,0,0,0,0,0

SID,RUSO2B,11,2
CA,0,107.0,2,3500,0,0,0,0,0,0
CF,D107K,35.457042,24.384464,0,SUD,107.0,11.0,107.0,7.0,2,4500,0,0,0,0,0,0
CI,0, ,0.0,107.0,0,0,0,1,230,0,0,0
AF,D016M,35.726903,24.265967,1,SUD,16.0,13.0,107.0,0,0,0,1,230,0,0,1
CF,D009R,35.816042,24.256386,0,SUD,8.8,18.0,9.0,5.0,2,9000,0,1,230,0,0,0
TF,SUD29,35.999722,24.307778,0, ,0.0,0.0,0.0,0.0,0,0,0,0,0,0,0,0
TF,RUSOS,36.208333,24.366389,0, ,0.0,0.0,0.0,0.0,0,0,0,0,0,0,0,0

SID,RUSO2H,11,2
DF,DER11,35.525725,24.168281,0, ,0.0,0.0,0,0,0,0,0,0,0,1
CA,0,108.0,2,2000,0,0,0,0,0,0
CI,1, ,0.0,8.0,0,0,0,1,210,0,0,0
CF,D050O,35.669942,24.423186,0,SUD,50.0,15.0,50.0,11.0,2,7000,0,0,0,0,0,0
CI,0, ,0.0,50.0,0,0,0,0,0,0,0,0
AF,D015Q,35.791278,24.288339,1,SUD,15.0,17.0,50.0,2,9000,0,0,0,0,0,1
CF,D009Y,35.929972,24.288219,0,SUD,8.8,25.0,9.0,8.0,0,0,0,1,230,0,0,0
TF,SUD29,35.999722,24.307778,0, ,0.0,0.0,0.0,0.0,0,0,0,0,0,0,0,0
TF,RUSOS,36.208333,24.366389,0, ,0.0,0.0,0.0,0.0,0,0,0,0,0,0,0,0

SID,RUSO2K,29,2
DF,DER29,35.536875,24.133978,0, ,0.0,0.0,0,0,0,0,0,0,0,1
CA,0,288.0,2,3000,0,0,0,0,0,0
CI,0, ,0.0,3.0,0,0,0,1,210,0,0,0
CF,D318U,35.800097,23.911844,0,SUD,318.3,21.0,318.0,12.0,0,0,0,0,0,0,0,0
CI,0, ,0.0,318.0,0,0,0,1,230,0,0,0
AF,D339W,35.890086,24.037017,2,SUD,339.0,23.0,318.0,2,9000,0,1,230,0,0,0
AF,D004W,35.903183,24.240622,2,SUD,4.0,23.0,339.0,0,0,0,0,0,0,0,1
CF,SUD29,35.999722,24.307778,0,SUD,8.8,29.0,9.0,6.0,0,0,0,1,230,0,0,0
TF,RUSOS,36.208333,24.366389,0, ,0.0,0.0,0.0,0.0,0,0,0,0,0,0,0,0

SID,SOKR1K,29,2
DF,DER29,35.536875,24.133978,0, ,0.0,0.0,0,0,0,0,0,0,0,1
CA,0,288.0,2,3000,0,0,0,0,0,0
CI,0, ,0.0,3.0,0,0,0,1,210,0,0,0
CF,SUD36,35.999722,23.721389,0,SUD,318.3,36.0,318.0,27.0,2,9000,0,0,0,0,0,0
TF,SOKRI,36.257778,23.471944,0, ,0.0,0.0,0.0,0.0,0,0,0,0,0,0,0,0

SID,SOKR1S,29,2
CF,D287L,35.594592,23.946000,0,SUD,287.0,12.0,287.0,12.0,2,3500,0,0,0,0,0,1
DF,SUD,35.522739,24.158606,2, ,0.0,0.0,2,6000,0,1,250,0,0,1
CI,1, ,0.0,266.0,0,0,0,1,250,0,0,0
CF,SUD36,35.999722,23.721389,0,SUD,318.3,36.1,319.0,32.0,2,9000,0,0,0,0,0,0
TF,SOKRI,36.257778,23.471944,0, ,0.0,0.0,0.0,0.0,0,0,0,0,0,0,0,0

SID,SOKR1T,11,2
CA,0,108.0,2,890,0,0,0,0,0,0
CF,D098K,35.481633,24.393717,0,SUD,99.0,11.0,98.0,11.0,2,3500,0,0,0,0,0,1
CF,SUD,35.522739,24.158606,1,SUD,264.8,0.8,250.0,12.0,2,6000,0,1,210,0,0,0
TF,SUD36,35.999722,23.721389,0, ,0.0,0.0,0.0,0.0,2,9000,0,1,230,0,0,0
TF,SOKRI,36.257778,23.471944,0, ,0.0,0.0,0.0,0.0,0,0,0,0,0,0,0,0

SID,SOKR2H,11,2
DF,DER11,35.525725,24.168281,0, ,0.0,0.0,0,0,0,0,0,0,0,1
CA,0,108.0,2,2000,0,0,0,0,0,0
CI,1, ,0.0,8.0,0,0,0,1,210,0,0,0
CF,D050O,35.669942,24.423186,0,SUD,50.0,15.0,50.0,11.0,2,7000,0,0,0,0,0,0
CI,0, ,0.0,50.0,0,0,0,0,0,0,0,0
AF,D015Q,35.791278,24.288339,1,SUD,15.0,17.0,50.0,2,9000,0,0,0,0,0,0
AF,D324Q,35.763531,23.990458,1,SUD,324.0,17.0,15.0,0,0,0,0,0,0,0,1
CF,SUD36,35.999722,23.721389,0,SUD,318.3,36.0,318.0,19.0,2,9000,0,1,230,0,0,0
TF,SOKRI,36.257778,23.471944,0, ,0.0,0.0,0.0,0.0,0,0,0,0,0,0,0,0

SID,SOKR5A,29,2
CF,SU28A,35.689336,23.640103,0,SUD,287.0,28.0,287.0,27.0,2,9000,0,0,0,0,0,1
DF,PLH39,35.869958,23.551233,0, ,0.0,0.0,0,0,0,1,230,0,0,0
TF,SOKRI,36.257778,23.471944,0, ,0.0,0.0,0.0,0.0,0,0,0,0,0,0,0,0

SID,SOKR5B,11,2
CA,0,107.0,2,3500,0,0,0,0,0,0
CF,D107I,35.469067,24.346397,0,SUD,107.0,9.0,107.0,5.0,0,0,0,0,0,0,0,1
DF,SUD,35.523028,24.174953,1, ,0.0,0.0,2,6000,0,1,210,0,0,0
TF,SU28A,35.689336,23.640103,0, ,0.0,0.0,0.0,0.0,2,9000,0,0,0,0,0,1
DF,PLH39,35.869958,23.551233,0, ,0.0,0.0,0,0,0,1,230,0,0,0
TF,SOKRI,36.257778,23.471944,0, ,0.0,0.0,0.0,0.0,0,0,0,0,0,0,0,0

SID,TIPU1S,29,2
CF,D287L,35.594592,23.946000,0,SUD,287.0,12.0,287.0,12.0,2,3500,0,0,0,0,0,1
DF,SUD,35.522739,24.158606,2, ,0.0,0.0,2,6000,0,1,250,0,0,1
TF,D128I,35.415797,24.303572,0, ,0.0,0.0,0.0,0.0,0,0,0,0,0,0,0,0
TF,TIPUS,35.173611,24.635556,0, ,0.0,0.0,0.0,0.0,2,11000,0,0,0,0,0,0

SID,TIPU1T,11,2
CA,0,108.0,2,890,0,0,0,0,0,0
CF,D098K,35.481633,24.393717,0,SUD,99.0,11.0,98.0,11.0,2,3500,0,0,0,0,0,1
CF,D070D,35.544644,24.252236,1,SUD,67.7,5.0,250.0,8.0,0,0,0,1,210,0,0,1
CF,TIPUS,35.173611,24.635556,1,SUD,128.7,30.8,128.0,28.0,2,11000,0,1,230,0,0,0

STAR,BAVE1E,11,2
IF,BAVES,35.424722,24.726944, ,0.0,0.0,0,0,0,0,0,0,0,0
TF,SUD,35.523028,24.174953,0, ,0.0,0.0,0.0,0.0,0,0,0,0,0,0,0,0

STAR,BAVE1F,29,2
IF,BAVES,35.424722,24.726944, ,0.0,0.0,0,0,0,0,0,0,0,0
TF,SUD,35.523028,24.174953,0, ,0.0,0.0,0.0,0.0,0,0,0,0,0,0,0,0

STAR,BAVE1G,29,2
IF,BAVES,35.424722,24.726944, ,0.0,0.0,0,0,0,0,0,0,0,0
CD, ,0,0,0,SUD,0,0.0,278.0,22.0,0,0,0,0,0,0,0,0
CF,D108R,35.409989,24.515244,0,SUD,108.0,18.0,243.0,5.0,0,0,0,0,0,0,0,0
TF,LEVKO,35.448031,24.402428,0, ,0.0,0.0,0.0,0.0,0,0,0,0,0,0,0,0

STAR,BAVE1Q,29,2
IF,BAVES,35.424722,24.726944, ,0.0,0.0,0,0,0,0,0,0,0,0
TF,SUD,35.522739,24.158606,0, ,0.0,0.0,0.0,0.0,0,0,0,0,0,0,0,0

STAR,BAVE1R,11,2
IF,BAVES,35.424722,24.726944, ,0.0,0.0,0,0,0,0,0,0,0,0
TF,SUD,35.522739,24.158606,0, ,0.0,0.0,0.0,0.0,0,0,0,0,0,0,0,0

STAR,BAVE1V,11,2
IF,BAVES,35.424722,24.726944, ,0.0,0.0,0,0,0,0,0,0,0,0
TF,SUD,35.523028,24.174953,0, ,0.0,0.0,0.0,0.0,0,0,0,0,0,0,0,0
TF,D318P,35.734181,23.974653,0, ,0.0,0.0,0.0,0.0,0,0,0,0,0,0,0,0
CI,0, ,0.0,318.0,0,0,0,0,0,0,0,0
AF,D295R,35.668261,23.852919,1,SUD,295.0,18.0,318.0,0,0,0,0,0,0,0,1
CF,BEBUS,35.604531,23.928192,1,SUD,288.1,13.0,108.0,3.0,0,0,0,0,0,0,0,0

STAR,BAVE1W,11,2
IF,BAVES,35.424722,24.726944, ,0.0,0.0,0,0,0,0,0,0,0,0
TF,SUD,35.523028,24.174953,0, ,0.0,0.0,0.0,0.0,0,0,0,0,0,0,0,0
TF,D301R,35.694986,23.873242,0, ,0.0,0.0,0.0,0.0,0,0,0,0,0,0,0,1
CF,BEBUS,35.604531,23.928192,1,SUD,288.1,13.0,108.0,5.0,0,0,0,0,0,0,0,0

STAR,BAVE1X,29,2
IF,BAVES,35.424722,24.726944, ,0.0,0.0,0,0,0,0,0,0,0,0
TF,D098S,35.455831,24.553936,0, ,0.0,0.0,0.0,0.0,0,0,0,0,0,0,0,0
CI,0, ,0.0,278.0,0,0,0,1,230,0,0,0
AF,D073Q,35.586386,24.513433,1,SUD,73.0,17.0,98.0,0,0,0,0,0,0,0,1
CF,XANAD,35.594428,24.404372,1,SUD,65.1,12.0,245.0,3.0,0,0,0,1,230,0,0,0

STAR,MANO1V,11,2
IF,MANOK,36.405000,24.039444, ,0.0,0.0,0,0,0,0,0,0,0,0
TF,SU29A,36.003372,24.101531,0, ,0.0,0.0,0.0,0.0,0,0,0,0,0,0,0,0
TF,D349T,35.854308,24.124411,0, ,0.0,0.0,0.0,0.0,0,0,0,0,0,0,0,0
CI,0, ,0.0,169.0,0,0,0,1,230,0,0,0
AF,D339R,35.810306,24.067111,1,SUD,339.0,18.0,349.0,0,0,0,0,0,0,0,0
AF,D318R,35.760553,23.949542,1,SUD,318.3,18.0,339.0,0,0,0,0,0,0,0,0
AF,D295R,35.668261,23.852919,1,SUD,295.0,18.0,318.0,0,0,0,0,0,0,0,1
CF,BEBUS,35.604531,23.928192,1,SUD,288.1,13.0,108.0,3.0,0,0,0,0,0,0,0,0

STAR,MANO2E,11,2
IF,MANOK,36.405000,24.039444, ,0.0,0.0,0,0,0,0,0,0,0,0
TF,SU29A,36.003372,24.101531,0, ,0.0,0.0,0.0,0.0,0,0,0,0,0,0,0,0
TF,D349R,35.821181,24.129483,0, ,0.0,0.0,0.0,0.0,0,0,0,0,0,0,0,0
TF,SUD,35.523028,24.174953,0, ,0.0,0.0,0.0,0.0,0,0,0,0,0,0,0,0

STAR,MANO2F,29,2
IF,MANOK,36.405000,24.039444, ,0.0,0.0,0,0,0,0,0,0,0,0
TF,SU29A,36.003372,24.101531,0, ,0.0,0.0,0.0,0.0,0,0,0,0,0,0,0,0
TF,D349R,35.821181,24.129483,0, ,0.0,0.0,0.0,0.0,0,0,0,0,0,0,0,0
TF,SUD,35.523028,24.174953,0, ,0.0,0.0,0.0,0.0,0,0,0,0,0,0,0,0

STAR,MANO2G,29,2
IF,MANOK,36.405000,24.039444, ,0.0,0.0,0,0,0,0,0,0,0,0
TF,SU29A,36.003372,24.101531,0, ,0.0,0.0,0.0,0.0,0,0,0,0,0,0,0,0
TF,D349R,35.821181,24.129483,0, ,0.0,0.0,0.0,0.0,0,0,0,0,0,0,0,0
TF,D349N,35.754928,24.139617,0, ,0.0,0.0,0.0,0.0,0,0,0,0,0,0,0,0
CI,0, ,0.0,169.0,0,0,0,0,0,0,0,0
AF,LEVKO,35.448031,24.402428,2,SUD,107.9,12.0,349.0,0,0,0,0,0,0,0,0

STAR,MANO2W,11,2
IF,MANOK,36.405000,24.039444, ,0.0,0.0,0,0,0,0,0,0,0,0
TF,SU29A,36.003372,24.101531,0, ,0.0,0.0,0.0,0.0,0,0,0,0,0,0,0,0
TF,D349T,35.854308,24.124411,0, ,0.0,0.0,0.0,0.0,0,0,0,0,0,0,0,0
CI,0, ,0.0,169.0,0,0,0,1,230,0,0,0
AF,D339R,35.810306,24.067111,1,SUD,339.0,18.0,349.0,0,0,0,0,0,0,0,0
AF,D318R,35.760553,23.949542,1,SUD,318.3,18.0,339.0,0,0,0,0,0,0,0,0
AF,D295R,35.668261,23.852919,1,SUD,295.0,18.0,318.0,0,0,0,0,0,0,0,1
CF,BEBUS,35.604531,23.928192,1,SUD,288.1,13.0,108.0,3.0,0,0,0,0,0,0,0,0

STAR,MANO2X,29,2
IF,MANOK,36.405000,24.039444, ,0.0,0.0,0,0,0,0,0,0,0,0
TF,SU29A,36.003372,24.101531,0, ,0.0,0.0,0.0,0.0,0,0,0,0,0,0,0,0
TF,D349S,35.837744,24.126947,0, ,0.0,0.0,0.0,0.0,0,0,0,0,0,0,0,0
CI,0, ,0.0,169.0,0,0,0,1,230,0,0,0
AF,D009Q,35.799764,24.251847,2,SUD,8.8,17.0,349.0,0,0,0,0,0,0,0,0
AF,D057Q,35.660217,24.479061,2,SUD,57.0,17.0,9.0,0,0,0,0,0,0,0,1
CF,XANAD,35.594428,24.404372,2,SUD,65.1,12.0,245.0,3.0,0,0,0,1,230,0,0,0

STAR,OTRE1G,29,2
IF,OTREX,35.154444,24.938889, ,0.0,0.0,0,0,0,0,0,0,0,0
TF,SUD34,35.239714,24.763656,0, ,0.0,0.0,0.0,0.0,0,0,0,0,0,0,0,0
TF,SUD28,35.286425,24.667283,0, ,0.0,0.0,0.0,0.0,0,0,0,0,0,0,0,0
CD, ,0,0,0,SUD,0,0.0,296.0,22.0,0,0,0,0,0,0,0,0
CF,D108R,35.409989,24.515244,0,SUD,108.0,18.0,331.0,5.0,0,0,0,0,0,0,0,0
TF,LEVKO,35.448031,24.402428,0, ,0.0,0.0,0.0,0.0,0,0,0,0,0,0,0,0

STAR,OTRE1V,11,2
IF,OTREX,35.154444,24.938889, ,0.0,0.0,0,0,0,0,0,0,0,0
TF,SUD34,35.239714,24.763656,0, ,0.0,0.0,0.0,0.0,0,0,0,0,0,0,0,0
TF,SUD28,35.286425,24.667283,0, ,0.0,0.0,0.0,0.0,0,0,0,0,0,0,0,0
TF,D116U,35.345764,24.544469,0, ,0.0,0.0,0.0,0.0,0,0,0,0,0,0,0,0
TF,SUD,35.523028,24.174953,0, ,0.0,0.0,0.0,0.0,0,0,0,0,0,0,0,0
TF,D318P,35.734181,23.974653,0, ,0.0,0.0,0.0,0.0,0,0,0,0,0,0,0,0
CI,0, ,0.0,318.0,0,0,0,0,0,0,0,0
AF,D295R,35.668261,23.852919,1,SUD,295.0,18.0,318.0,0,0,0,0,0,0,0,1
CF,BEBUS,35.604531,23.928192,1,SUD,288.1,13.0,108.0,3.0,0,0,0,0,0,0,0,0

STAR,OTRE1W,11,2
IF,OTREX,35.154444,24.938889, ,0.0,0.0,0,0,0,0,0,0,0,0
TF,SUD34,35.239714,24.763656,0, ,0.0,0.0,0.0,0.0,0,0,0,0,0,0,0,0
TF,SUD28,35.286425,24.667283,0, ,0.0,0.0,0.0,0.0,0,0,0,0,0,0,0,0
TF,D116U,35.345764,24.544469,0, ,0.0,0.0,0.0,0.0,0,0,0,0,0,0,0,0
TF,SUD,35.523028,24.174953,0, ,0.0,0.0,0.0,0.0,0,0,0,0,0,0,0,0
TF,D301R,35.694986,23.873242,0, ,0.0,0.0,0.0,0.0,0,0,0,0,0,0,0,1
CF,BEBUS,35.604531,23.928192,1,SUD,288.1,13.0,108.0,5.0,0,0,0,0,0,0,0,0

STAR,OTRE1X,29,2
IF,OTREX,35.154444,24.938889, ,0.0,0.0,0,0,0,0,0,0,0,0
TF,SUD34,35.239714,24.763656,0, ,0.0,0.0,0.0,0.0,0,0,0,0,0,0,0,0
TF,SUD28,35.286425,24.667283,0, ,0.0,0.0,0.0,0.0,0,0,0,0,0,0,0,0
TF,D116S,35.362694,24.509347,0, ,0.0,0.0,0.0,0.0,0,0,0,0,0,0,0,0
CI,0, ,0.0,296.0,0,0,0,1,230,0,0,0
AF,D073Q,35.586386,24.513433,1,SUD,73.0,17.0,116.0,0,0,0,0,0,0,0,1
CF,XANAD,35.594428,24.404372,1,SUD,65.1,12.0,245.0,3.0,0,0,0,1,230,0,0,0

STAR,OTRE2E,11,2
IF,OTREX,35.154444,24.938889, ,0.0,0.0,0,0,0,0,0,0,0,0
TF,PLH41,35.180714,24.512753,0, ,0.0,0.0,0.0,0.0,0,0,0,0,0,0,0,0
TF,D137G,35.432186,24.264797,0, ,0.0,0.0,0.0,0.0,0,0,0,0,0,0,0,0
TF,SUD,35.523028,24.174953,0, ,0.0,0.0,0.0,0.0,0,0,0,0,0,0,0,0

STAR,OTRE2F,29,2
IF,OTREX,35.154444,24.938889, ,0.0,0.0,0,0,0,0,0,0,0,0
TF,PLH41,35.180714,24.512753,0, ,0.0,0.0,0.0,0.0,0,0,0,0,0,0,0,0
TF,D137G,35.432186,24.264797,0, ,0.0,0.0,0.0,0.0,0,0,0,0,0,0,0,0
TF,SUD,35.523028,24.174953,0, ,0.0,0.0,0.0,0.0,0,0,0,0,0,0,0,0

STAR,PLH1G,29,2
IF,PLH,35.227636,23.680844, ,0.0,0.0,0,0,0,0,0,0,0,0
TF,D230S,35.336272,23.861750,0, ,0.0,0.0,0.0,0.0,0,0,0,0,0,0,0,0
TF,D230G,35.454317,24.059394,0, ,0.0,0.0,0.0,0.0,0,0,0,0,0,0,0,0
TF,SUD,35.523028,24.174953,0, ,0.0,0.0,0.0,0.0,0,0,0,0,0,0,0,0
TF,D051J,35.618653,24.342408,0, ,0.0,0.0,0.0,0.0,0,0,0,0,0,0,0,0
CI,0, ,0.0,51.0,0,0,0,0,0,0,0,0
AF,LEVKO,35.448031,24.402428,2,SUD,107.9,12.0,51.0,0,0,0,0,0,0,0,0

STAR,PLH1M,11,2
IF,PLH,35.227636,23.680844, ,0.0,0.0,0,0,0,0,0,0,0,0
TF,D348Z,35.655875,23.594667,0, ,0.0,0.0,0.0,0.0,0,0,0,0,0,0,0,1
CF,BEBUS,35.604531,23.928192,2,SUD,288.1,13.0,108.0,15.0,0,0,0,1,230,0,0,0

STAR,PLH1Q,29,2
IF,PLH,35.227636,23.680844, ,0.0,0.0,0,0,0,0,0,0,0,0
TF,SUD19,35.338083,23.860147,0, ,0.0,0.0,0.0,0.0,0,0,0,0,0,0,0,0
TF,D233G,35.459058,24.055392,0, ,0.0,0.0,0.0,0.0,0,0,0,0,0,0,0,0
TF,SUD,35.522739,24.158606,0, ,0.0,0.0,0.0,0.0,0,0,0,0,0,0,0,0

STAR,PLH1R,11,2
IF,PLH,35.227636,23.680844, ,0.0,0.0,0,0,0,0,0,0,0,0
TF,SUD19,35.338083,23.860147,0, ,0.0,0.0,0.0,0.0,0,0,0,0,0,0,0,0
TF,D233G,35.459058,24.055392,0, ,0.0,0.0,0.0,0.0,0,0,0,0,0,0,0,0
TF,SUD,35.522739,24.158606,0, ,0.0,0.0,0.0,0.0,0,0,0,0,0,0,0,0

STAR,PLH1U,11,2
IF,PLH,35.227636,23.680844, ,0.0,0.0,0,0,0,0,0,0,0,0
TF,D348Z,35.655875,23.594667,0, ,0.0,0.0,0.0,0.0,0,0,0,0,0,0,0,1
CF,D288R,35.635097,23.833708,2,SUD,288.0,18.0,108.0,12.0,0,0,0,1,230,0,0,0
CF,BEBUS,35.604531,23.928192,0,SUD,288.1,13.0,108.0,5.0,0,0,0,0,0,0,0,0

STAR,PLH1V,11,2
IF,PLH,35.227636,23.680844, ,0.0,0.0,0,0,0,0,0,0,0,0
TF,D230S,35.336272,23.861750,0, ,0.0,0.0,0.0,0.0,0,0,0,0,0,0,0,0
TF,D230G,35.454317,24.059394,0, ,0.0,0.0,0.0,0.0,0,0,0,0,0,0,0,0
CD, ,0,0,0,SUD,0,0.0,50.0,2.0,0,0,0,0,0,0,0,0
CF,D318P,35.734181,23.974653,1,SUD,318.3,16.0,318.0,14.0,0,0,0,1,230,0,0,0
CI,0, ,0.0,318.0,0,0,0,0,0,0,0,0
AF,D295R,35.668261,23.852919,1,SUD,295.0,18.0,318.0,0,0,0,0,0,0,0,1
CF,BEBUS,35.604531,23.928192,1,SUD,288.1,13.0,108.0,3.0,0,0,0,0,0,0,0,0

STAR,PLH1W,11,2
IF,PLH,35.227636,23.680844, ,0.0,0.0,0,0,0,0,0,0,0,0
TF,D230S,35.336272,23.861750,0, ,0.0,0.0,0.0,0.0,0,0,0,0,0,0,0,0
TF,D230G,35.454317,24.059394,0, ,0.0,0.0,0.0,0.0,0,0,0,0,0,0,0,0
CD, ,0,0,0,SUD,0,0.0,50.0,3.0,0,0,0,0,0,0,0,0
CF,D301R,35.694986,23.873242,1,SUD,301.0,18.0,301.0,15.0,0,0,0,1,230,0,0,1
CF,BEBUS,35.604531,23.928192,1,SUD,288.1,13.0,108.0,5.0,0,0,0,0,0,0,0,0

STAR,PLH1X,29,2
IF,PLH,35.227636,23.680844, ,0.0,0.0,0,0,0,0,0,0,0,0
TF,D230S,35.336272,23.861750,0, ,0.0,0.0,0.0,0.0,0,0,0,0,0,0,0,0
TF,D230G,35.454317,24.059394,0, ,0.0,0.0,0.0,0.0,0,0,0,0,0,0,0,0
TF,SUD,35.523028,24.174953,0, ,0.0,0.0,0.0,0.0,0,0,0,0,0,0,0,0
TF,D051Q,35.685453,24.459864,0, ,0.0,0.0,0.0,0.0,0,0,0,0,0,0,0,1
CF,XANAD,35.594428,24.404372,2,SUD,65.1,12.0,245.0,5.0,0,0,0,1,230,0,0,0

STAR,PLH2E,11,2
IF,PLH,35.227636,23.680844, ,0.0,0.0,0,0,0,0,0,0,0,0
TF,D230S,35.336272,23.861750,0, ,0.0,0.0,0.0,0.0,0,0,0,0,0,0,0,0
TF,D230G,35.454317,24.059394,0, ,0.0,0.0,0.0,0.0,0,0,0,0,0,0,0,0
TF,SUD,35.523028,24.174953,0, ,0.0,0.0,0.0,0.0,0,0,0,0,0,0,0,0

STAR,PLH2F,29,2
IF,PLH,35.227636,23.680844, ,0.0,0.0,0,0,0,0,0,0,0,0
TF,D230S,35.336272,23.861750,0, ,0.0,0.0,0.0,0.0,0,0,0,0,0,0,0,0
TF,D230G,35.454317,24.059394,0, ,0.0,0.0,0.0,0.0,0,0,0,0,0,0,0,0
TF,SUD,35.523028,24.174953,0, ,0.0,0.0,0.0,0.0,0,0,0,0,0,0,0,0

STAR,RUSO1Q,29,2
IF,RUSOS,36.208333,24.366389, ,0.0,0.0,0,0,0,0,0,0,0,0
TF,SUD29,35.999722,24.307778,0, ,0.0,0.0,0.0,0.0,0,0,0,0,0,0,0,0
TF,D008R,35.817375,24.248806,0, ,0.0,0.0,0.0,0.0,0,0,0,0,0,0,0,0
TF,SUD,35.522739,24.158606,0, ,0.0,0.0,0.0,0.0,0,0,0,0,0,0,0,0

STAR,RUSO1R,11,2
IF,RUSOS,36.208333,24.366389, ,0.0,0.0,0,0,0,0,0,0,0,0
TF,SUD29,35.999722,24.307778,0, ,0.0,0.0,0.0,0.0,0,0,0,0,0,0,0,0
TF,D008R,35.817375,24.248806,0, ,0.0,0.0,0.0,0.0,0,0,0,0,0,0,0,0
TF,SUD,35.522739,24.158606,0, ,0.0,0.0,0.0,0.0,0,0,0,0,0,0,0,0

STAR,RUSO1V,11,2
IF,RUSOS,36.208333,24.366389, ,0.0,0.0,0,0,0,0,0,0,0,0
TF,SUD29,35.999722,24.307778,0, ,0.0,0.0,0.0,0.0,0,0,0,0,0,0,0,0
TF,D009T,35.848594,24.265472,0, ,0.0,0.0,0.0,0.0,0,0,0,0,0,0,0,0
CI,0, ,0.0,189.0,0,0,0,1,230,0,0,0
AF,D339R,35.810306,24.067111,1,SUD,339.0,18.0,9.0,0,0,0,0,0,0,0,0
AF,D318R,35.760553,23.949542,1,SUD,318.3,18.0,339.0,0,0,0,0,0,0,0,0
AF,D295R,35.668261,23.852919,1,SUD,295.0,18.0,318.0,0,0,0,0,0,0,0,1
CF,BEBUS,35.604531,23.928192,1,SUD,288.1,13.0,108.0,3.0,0,0,0,0,0,0,0,0

STAR,RUSO2E,11,2
IF,RUSOS,36.208333,24.366389, ,0.0,0.0,0,0,0,0,0,0,0,0
TF,SUD29,35.999722,24.307778,0, ,0.0,0.0,0.0,0.0,0,0,0,0,0,0,0,0
TF,D009R,35.816042,24.256386,0, ,0.0,0.0,0.0,0.0,0,0,0,0,0,0,0,0
TF,SUD,35.523028,24.174953,0, ,0.0,0.0,0.0,0.0,0,0,0,0,0,0,0,0

STAR,RUSO2F,29,2
IF,RUSOS,36.208333,24.366389, ,0.0,0.0,0,0,0,0,0,0,0,0
TF,SUD29,35.999722,24.307778,0, ,0.0,0.0,0.0,0.0,0,0,0,0,0,0,0,0
TF,D009R,35.816042,24.256386,0, ,0.0,0.0,0.0,0.0,0,0,0,0,0,0,0,0
TF,SUD,35.523028,24.174953,0, ,0.0,0.0,0.0,0.0,0,0,0,0,0,0,0,0

STAR,RUSO2G,29,2
IF,RUSOS,36.208333,24.366389, ,0.0,0.0,0,0,0,0,0,0,0,0
TF,SUD29,35.999722,24.307778,0, ,0.0,0.0,0.0,0.0,0,0,0,0,0,0,0,0
TF,D009R,35.816042,24.256386,0, ,0.0,0.0,0.0,0.0,0,0,0,0,0,0,0,0
TF,D009N,35.750933,24.238239,0, ,0.0,0.0,0.0,0.0,0,0,0,0,0,0,0,0
CI,0, ,0.0,189.0,0,0,0,0,0,0,0,0
AF,LEVKO,35.448031,24.402428,2,SUD,107.9,12.0,9.0,0,0,0,0,0,0,0,0

STAR,RUSO2W,11,2
IF,RUSOS,36.208333,24.366389, ,0.0,0.0,0,0,0,0,0,0,0,0
TF,SUD29,35.999722,24.307778,0, ,0.0,0.0,0.0,0.0,0,0,0,0,0,0,0,0
TF,D009T,35.848594,24.265472,0, ,0.0,0.0,0.0,0.0,0,0,0,0,0,0,0,0
CI,0, ,0.0,189.0,0,0,0,1,230,0,0,0
AF,D339R,35.810306,24.067111,1,SUD,339.0,18.0,9.0,0,0,0,0,0,0,0,0
AF,D318R,35.760553,23.949542,1,SUD,318.3,18.0,339.0,0,0,0,0,0,0,0,0
AF,D295R,35.668261,23.852919,1,SUD,295.0,18.0,318.0,0,0,0,0,0,0,0,1
CF,BEBUS,35.604531,23.928192,1,SUD,288.1,13.0,108.0,3.0,0,0,0,0,0,0,0,0

STAR,RUSO2X,29,2
IF,RUSOS,36.208333,24.366389, ,0.0,0.0,0,0,0,0,0,0,0,0
TF,SUD29,35.999722,24.307778,0, ,0.0,0.0,0.0,0.0,0,0,0,0,0,0,0,0
TF,D009S,35.832317,24.260928,0, ,0.0,0.0,0.0,0.0,0,0,0,0,0,0,0,0
CI,0, ,0.0,189.0,0,0,0,1,230,0,0,0
AF,D057Q,35.660217,24.479061,2,SUD,57.0,17.0,9.0,0,0,0,0,0,0,0,1
CF,XANAD,35.594428,24.404372,2,SUD,65.1,12.0,245.0,3.0,0,0,0,1,230,0,0,0

STAR,SOKR1Q,29,2
IF,SOKRI,36.257778,23.471944, ,0.0,0.0,0,0,0,0,0,0,0,0
TF,SUD36,35.999722,23.721389,0, ,0.0,0.0,0.0,0.0,0,0,0,0,0,0,0,0
TF,D317R,35.756106,23.942686,0, ,0.0,0.0,0.0,0.0,0,0,0,0,0,0,0,0
TF,SUD,35.522739,24.158606,0, ,0.0,0.0,0.0,0.0,0,0,0,0,0,0,0,0

STAR,SOKR1R,11,2
IF,SOKRI,36.257778,23.471944, ,0.0,0.0,0,0,0,0,0,0,0,0
TF,SUD36,35.999722,23.721389,0, ,0.0,0.0,0.0,0.0,0,0,0,0,0,0,0,0
TF,D317R,35.756106,23.942686,0, ,0.0,0.0,0.0,0.0,0,0,0,0,0,0,0,0
TF,SUD,35.522739,24.158606,0, ,0.0,0.0,0.0,0.0,0,0,0,0,0,0,0,0

STAR,SOKR1U,11,2
IF,SOKRI,36.257778,23.471944, ,0.0,0.0,0,0,0,0,0,0,0,0
TF,PLH39,35.869958,23.551233,0, ,0.0,0.0,0.0,0.0,0,0,0,0,0,0,0,0
TF,PLH30,35.721747,23.581328,0, ,0.0,0.0,0.0,0.0,0,0,0,0,0,0,0,0
CF,D288R,35.635097,23.833708,0,SUD,288.0,18.0,108.0,14.0,0,0,0,1,230,0,0,0
TF,BEBUS,35.604531,23.928192,0, ,0.0,0.0,0.0,0.0,0,0,0,0,0,0,0,0

STAR,SOKR1V,11,2
IF,SOKRI,36.257778,23.471944, ,0.0,0.0,0,0,0,0,0,0,0,0
TF,SUD36,35.999722,23.721389,0, ,0.0,0.0,0.0,0.0,0,0,0,0,0,0,0,0
TF,D318T,35.786917,23.924414,0, ,0.0,0.0,0.0,0.0,0,0,0,0,0,0,0,0
CI,0, ,0.0,138.0,0,0,0,1,230,0,0,0
AF,D295R,35.668261,23.852919,1,SUD,295.0,18.0,318.0,0,0,0,0,0,0,0,1
CF,BEBUS,35.604531,23.928192,1,SUD,288.1,13.0,108.0,3.0,0,0,0,0,0,0,0,0

STAR,SOKR2E,11,2
IF,SOKRI,36.257778,23.471944, ,0.0,0.0,0,0,0,0,0,0,0,0
TF,PLH39,35.869958,23.551233,0, ,0.0,0.0,0.0,0.0,0,0,0,0,0,0,0,0
TF,PLH30,35.721747,23.581328,0, ,0.0,0.0,0.0,0.0,0,0,0,0,0,0,0,0
TF,SUD,35.523028,24.174953,0, ,0.0,0.0,0.0,0.0,0,0,0,1,230,0,0,0

STAR,SOKR2F,29,2
IF,SOKRI,36.257778,23.471944, ,0.0,0.0,0,0,0,0,0,0,0,0
TF,PLH39,35.869958,23.551233,0, ,0.0,0.0,0.0,0.0,0,0,0,0,0,0,0,0
TF,PLH30,35.721747,23.581328,0, ,0.0,0.0,0.0,0.0,0,0,0,0,0,0,0,0
TF,SUD,35.523028,24.174953,0, ,0.0,0.0,0.0,0.0,0,0,0,1,230,0,0,0

STAR,SOKR2G,29,2
IF,SOKRI,36.257778,23.471944, ,0.0,0.0,0,0,0,0,0,0,0,0
TF,SUD36,35.999722,23.721389,0, ,0.0,0.0,0.0,0.0,0,0,0,0,0,0,0,0
TF,D318R,35.760553,23.949542,0, ,0.0,0.0,0.0,0.0,0,0,0,0,0,0,0,0
TF,D318N,35.707806,23.999747,0, ,0.0,0.0,0.0,0.0,0,0,0,0,0,0,0,0
CI,0, ,0.0,138.0,0,0,0,0,0,0,0,0
AF,LEVKO,35.448031,24.402428,2,SUD,107.9,12.0,318.0,0,0,0,0,0,0,0,0

STAR,SOKR2W,11,2
IF,SOKRI,36.257778,23.471944, ,0.0,0.0,0,0,0,0,0,0,0,0
TF,SUD36,35.999722,23.721389,0, ,0.0,0.0,0.0,0.0,0,0,0,0,0,0,0,0
TF,D318T,35.786917,23.924414,0, ,0.0,0.0,0.0,0.0,0,0,0,0,0,0,0,0
CI,0, ,0.0,138.0,0,0,0,1,230,0,0,0
AF,D295R,35.668261,23.852919,1,SUD,295.0,18.0,318.0,0,0,0,0,0,0,0,1
CF,BEBUS,35.604531,23.928192,1,SUD,288.1,13.0,108.0,3.0,0,0,0,0,0,0,0,0

STAR,SOKR2X,29,2
IF,SOKRI,36.257778,23.471944, ,0.0,0.0,0,0,0,0,0,0,0,0
TF,SUD36,35.999722,23.721389,0, ,0.0,0.0,0.0,0.0,0,0,0,0,0,0,0,0
TF,D318S,35.773733,23.936981,0, ,0.0,0.0,0.0,0.0,0,0,0,0,0,0,0,0
CI,0, ,0.0,138.0,0,0,0,0,0,0,0,0
AF,D009Q,35.799764,24.251847,2,SUD,8.8,17.0,318.0,0,0,0,0,0,0,0,0
AF,D057Q,35.660217,24.479061,2,SUD,57.0,17.0,9.0,0,0,0,0,0,0,0,1
CF,XANAD,35.594428,24.404372,2,SUD,65.1,12.0,245.0,3.0,0,0,0,1,230,0,0,0

STAR,TIPU1Q,29,2
IF,TIPUS,35.173611,24.635556, ,0.0,0.0,0,0,0,0,0,0,0,0
TF,D133G,35.438222,24.273225,0, ,0.0,0.0,0.0,0.0,0,0,0,0,0,0,0,0
TF,SUD,35.522739,24.158606,0, ,0.0,0.0,0.0,0.0,0,0,0,0,0,0,0,0

STAR,TIPU1R,11,2
IF,TIPUS,35.173611,24.635556, ,0.0,0.0,0,0,0,0,0,0,0,0
TF,D133G,35.438222,24.273225,0, ,0.0,0.0,0.0,0.0,0,0,0,0,0,0,0,0
TF,SUD,35.522739,24.158606,0, ,0.0,0.0,0.0,0.0,0,0,0,0,0,0,0,0

APPTR,D11-X,11,SUD
IF,SUD,35.523028,24.174953, ,0.0,0.0,2,6000,0,0,0,0,1,0
FD,SUD,35.523028,24.174953,0,SUD,0.0,11.0,274.0,11.0,2,3100,0,0,0,0,0,0
CF,FD11X,35.591631,23.966517,2,SUD,288.0,11.0,108.0,1.0,2,3100,0,1,185,0,0,0

FINAL,D11-X,11,D,3
IF,FD11X,35.591631,23.966517,SUD,288.0,11.0,2,3100,0,0,0,0,2,0
CF,70VOR,35.566725,24.042350,0,SUD,288.0,7.0,108.0,4.0,2,1800,0,0,0,0,0,0
CF,MD11,35.541769,24.118044,0,SUD,288.0,3.0,108.0,4.0,1,735,0,0,0,0,3,0
CF,SUD,35.523028,24.174953,0,SUD,0.0,0.0,108.0,3.0,0,0,0,0,0,0,0,0
FA,SUD,35.523028,24.174953,0,SUD,0.0,0.0,108.0,2,3200,0,0,0,0,0,0
DF,SUD,35.523028,24.174953,1, ,0.0,0.0,1,6000,0,1,185,0,0,0
HM,SUD,35.523028,24.174953,2, ,0.0,0.0,269.0,04.3,0,0,0,0,0,0,0,0,0

APPTR,D11-Z,11,BEBUS
IF,BEBUS,35.604531,23.928192, ,0.0,0.0,2,4000,0,0,0,0,0,0
HF,BEBUS,35.604531,23.928192,1, ,0.0,0.0,108.0,05,2,3400,0,0,0,0,1,0,0

FINAL,D11-Z,11,D,3
IF,BEBUS,35.604531,23.928192,SUD,288.1,13.0,2,3400,0,0,0,0,0,0
CF,FD11Z,35.573025,24.023178,0,SUD,288.0,8.0,108.0,5.0,2,2300,0,0,0,0,2,0
CF,MD11,35.541769,24.118044,0,SUD,288.0,3.0,108.0,5.0,1,744,0,0,0,0,3,0
CF,SUD,35.523028,24.174953,0,SUD,0.0,0.0,108.0,3.0,0,0,0,0,0,0,0,0
FA,SUD,35.523028,24.174953,0,SUD,0.0,0.0,108.0,2,3200,0,0,0,0,0,0
DF,SUD,35.523028,24.174953,1, ,0.0,0.0,0,0,0,1,210,0,0,0
FD,SUD,35.523028,24.174953,0,SUD,0.0,18.0,301.0,18.0,0,0,0,0,0,0,0,0
CF,BEBUS,35.604531,23.928192,1,SUD,288.1,13.0,108.0,5.0,1,4000,0,0,0,0,0,0
HM,BEBUS,35.604531,23.928192,1, ,0.0,0.0,108.0,05,0,0,0,0,0,0,0,0,0

APPTR,D29-W,29,SUD
IF,SUD,35.523028,24.174953, ,0.0,0.0,2,6000,0,0,0,0,1,0
FD,SUD,35.523028,24.174953,0,SUD,0.0,9.0,124.0,9.0,2,3200,0,1,185,0,0,0
CF,FD29W,35.466628,24.345208,1,SUD,108.0,9.0,288.0,1.0,2,3200,0,0,0,0,0,0

FINAL,D29-W,29,D,2
IF,FD29W,35.466628,24.345208,SUD,108.0,9.0,2,3200,0,0,0,0,2,0
CF,SUD,35.523028,24.174953,0,SUD,0.0,0.0,288.0,9.0,1,644,0,0,0,0,3,0
FA,SUD,35.523028,24.174953,0,SUD,0.0,0.0,288.0,2,3000,0,0,0,0,0,0
DF,SUD,35.523028,24.174953,2, ,0.0,0.0,1,6000,0,1,185,0,0,0
HM,SUD,35.523028,24.174953,1, ,0.0,0.0,135.0,04.3,0,0,0,0,0,0,0,0,0

APPTR,D29-Y,29,LEVKO
IF,LEVKO,35.448031,24.402428, ,0.0,0.0,2,4000,0,0,0,0,1,0
CF,FD29Y,35.491678,24.269711,0,SUD,108.0,5.0,288.0,7.0,2,2200,0,0,0,0,0,0

APPTR,D29-Y,29,XANAD
IF,XANAD,35.594428,24.404372, ,0.0,0.0,2,4000,0,0,0,0,1,0
AF,D097L,35.484567,24.415356,2,SUD,97.0,12.0,65.0,2,4000,0,0,0,0,0,0
CF,FD29Y,35.491678,24.269711,0,SUD,108.0,5.0,288.0,7.0,2,2200,0,0,0,0,0,0

FINAL,D29-Y,29,D,2
IF,FD29Y,35.491678,24.269711,SUD,108.0,5.0,2,2200,0,0,0,0,2,0
CF,SUD,35.523028,24.174953,0,SUD,0.0,0.0,288.0,5.0,1,656,0,0,0,0,3,0
FA,SUD,35.523028,24.174953,0,SUD,0.0,0.0,288.0,2,3000,0,0,0,0,0,0
DF,SUD,35.523028,24.174953,2, ,0.0,0.0,0,0,0,1,185,0,0,1
CI,1, ,0.0,17.0,0,0,0,1,230,0,0,0
CF,D051Q,35.685453,24.459864,0,SUD,51.0,17.0,51.0,12.0,0,0,0,0,0,0,0,1
HM,D051Q,35.685453,24.459864,2, ,0.0,0.0,65.0,05,2,4000,0,1,230,0,0,0,0

APPTR,Q11,11,SUD
IF,SUD,35.522739,24.158606, ,0.0,0.0,2,6000,0,0,0,0,1,0
FD,SUD,35.522739,24.158606,0,SUD,264.8,12.0,271.0,12.0,2,3100,0,0,0,0,0,0
CF,CQ11,35.614025,23.956553,2,SUD,293.1,12.0,115.0,1.0,2,3100,0,1,250,0,1,0

FINAL,Q11,11,N,4
IF,CQ11,35.614025,23.956553,SUD,0.0,0.0,2,3100,0,0,0,0,0,0
CF,FQ11,35.573642,24.046086,0,SUD,0.0,0.0,115.0,5.0,2,2000,0,0,0,0,2,0
CF,40DME,35.549331,24.099869,0,SUD,0.0,0.0,115.0,3.0,2,1100,0,0,0,0,0,0
CF,MQ11,35.541189,24.117861,0,SUD,0.0,3.0,115.0,1.0,1,749,0,0,0,0,3,0
CF,SUD,35.522739,24.158606,0,SUD,264.8,0.8,115.0,2.3,0,0,0,0,0,0,0,0
FA,SUD,35.522739,24.158606,0,SUD,0.0,0.0,108.0,2,3200,0,0,0,0,0,0
DF,SUD,35.522739,24.158606,1, ,0.0,0.0,2,6000,0,1,250,0,0,0
HM,SUD,35.522739,24.158606,2, ,0.0,0.0,271.0,04.3,2,6000,0,0,0,0,0,0,0

APPTR,Q29,29,SUD
IF,SUD,35.522739,24.158606, ,0.0,0.0,2,6000,0,0,0,0,1,0
FD,SUD,35.522739,24.158606,0,SUD,264.8,12.0,118.0,12.0,2,3200,0,0,0,0,0,0
CF,CQ29,35.492747,24.417111,1,SUD,94.6,12.0,274.0,1.0,2,3200,0,1,250,0,1,0

FINAL,Q29,29,N,3
IF,CQ29,35.492747,24.417111,SUD,0.0,0.0,2,3200,0,0,0,0,0,0
CF,FQ29,35.504539,24.316064,0,SUD,0.0,0.0,274.0,5.0,2,2800,0,0,0,0,2,0
CF,MQ29,35.520900,24.174586,0,SUD,0.0,0.1,274.0,7.0,1,653,0,0,0,0,3,0
CF,SUD,35.522739,24.158606,0,SUD,264.8,0.8,274.0,0.8,0,0,0,0,0,0,0,0
FA,SUD,35.522739,24.158606,0,SUD,0.0,0.0,274.0,2,3000,0,0,0,0,0,0
DF,SUD,35.522739,24.158606,2, ,0.0,0.0,2,6000,0,1,250,0,0,0
HM,SUD,35.522739,24.158606,1, ,0.0,0.0,118.0,04.3,2,6000,0,0,0,0,0,0,0

