SID,ETEK1A,19,2
VA,0,195.0,2,300,0,0,0,0,0,0
FA,SKC,39.174192,23.500881,0,SKP,0.0,0.0,194.0,2,2000,0,1,210,0,0,0
DF,SKP,39.180642,23.615931,1, ,0.0,0.0,2,6000,0,0,0,0,0,1
CI,2, ,0.0,135.0,0,0,0,0,0,0,0,0
CF,ETEKA,39.157778,24.006389,0,SKP,90.2,18.3,90.0,15.0,2,10000,0,0,0,0,0,0

SID,ETEK1B,01,2
VA,0,15.0,2,350,0,0,0,0,0,0
FA,SKC,39.174192,23.500881,0,SKP,0.0,0.0,14.0,2,2000,0,0,0,0,0,0
DF,SKP,39.180642,23.615931,2, ,0.0,0.0,2,6000,0,1,210,0,0,1
CI,1, ,0.0,43.0,0,0,0,0,0,0,0,0
CF,ETEKA,39.157778,24.006389,0,SKP,90.2,18.3,90.0,15.0,2,10000,0,0,0,0,0,0

SID,EVIK1A,19,2
VA,0,195.0,2,300,0,0,0,0,0,0
FA,SKC,39.174192,23.500881,0,SKP,0.0,0.0,194.0,2,2000,0,1,210,0,0,0
DF,SKP,39.180642,23.615931,1, ,0.0,0.0,2,6000,0,0,0,0,0,1
CI,1, ,0.0,224.0,0,0,0,0,0,0,0,0
CF,EVIKO,39.188889,23.437500,0,SKP,269.5,8.3,269.0,3.0,2,9000,0,0,0,0,0,0

SID,EVIK1B,01,2
VA,0,15.0,2,350,0,0,0,0,0,0
FA,SKC,39.174192,23.500881,0,SKP,0.0,0.0,14.0,2,2000,0,0,0,0,0,0
DF,SKP,39.180642,23.615931,2, ,0.0,0.0,2,6000,0,1,210,0,0,1
CI,2, ,0.0,314.0,0,0,0,0,0,0,0,0
CF,EVIKO,39.188889,23.437500,0,SKP,269.5,8.3,269.0,4.0,2,9000,0,0,0,0,0,0

SID,SIGF1A,19,2
VA,0,195.0,2,300,0,0,0,0,0,0
FA,SKC,39.174192,23.500881,0,SKP,0.0,0.0,194.0,2,2000,0,1,210,0,0,0
DF,SKP,39.180642,23.615931,1, ,0.0,0.0,2,6000,0,0,0,0,0,1
CI,2, ,0.0,218.0,0,0,0,0,0,0,0,0
CF,SIGFO,38.943056,23.651111,0,SKP,169.4,14.3,169.0,10.0,2,8000,0,0,0,0,0,0

SID,SIGF1B,01,2
VA,0,15.0,2,350,0,0,0,0,0,0
FA,SKC,39.174192,23.500881,0,SKP,0.0,0.0,14.0,2,2000,0,0,0,0,0,0
DF,SKP,39.180642,23.615931,2, ,0.0,0.0,2,6000,0,1,210,0,0,1
TF,SIGFO,38.943056,23.651111,0, ,0.0,0.0,0.0,0.0,2,8000,0,0,0,0,0,0

SID,TSL1A,19,2
VA,0,195.0,2,300,0,0,0,0,0,0
FA,SKC,39.174192,23.500881,0,SKP,0.0,0.0,194.0,2,2000,0,1,210,0,0,0
DF,SKP,39.180642,23.615931,1, ,0.0,0.0,2,6000,0,0,0,0,0,0
TF,D336O,39.414986,23.503031,0, ,0.0,0.0,0.0,0.0,2,7000,0,0,0,0,0,0
TF,TSL,40.456808,22.991058,0, ,0.0,0.0,0.0,0.0,0,0,0,0,0,0,0,0

SID,TSL1B,01,2
VA,0,15.0,2,350,0,0,0,0,0,0
FA,SKC,39.174192,23.500881,0,SKP,0.0,0.0,14.0,2,2000,0,0,0,0,0,0
DF,SKP,39.180642,23.615931,2, ,0.0,0.0,2,6000,0,1,210,0,0,1
CI,1, ,0.0,293.0,0,0,0,0,0,0,0,0
CF,D336O,39.414986,23.503031,0,SKP,335.5,15.0,336.0,12.0,2,7000,0,0,0,0,0,0
TF,TSL,40.456808,22.991058,0, ,0.0,0.0,0.0,0.0,0,0,0,0,0,0,0,0

STAR,ETEK1C,ALL,2
IF,ETEKA,39.157778,24.006389, ,0.0,0.0,0,0,0,0,0,0,0,0
TF,SKP,39.180642,23.615931,0, ,0.0,0.0,0.0,0.0,0,0,0,0,0,0,0,0

STAR,EVIK1C,ALL,2
IF,EVIKO,39.188889,23.437500, ,0.0,0.0,0,0,0,0,0,0,0,0
TF,SKP,39.180642,23.615931,0, ,0.0,0.0,0.0,0.0,0,0,0,0,0,0,0,0

STAR,SIGF1C,ALL,2
IF,SIGFO,38.943056,23.651111, ,0.0,0.0,0,0,0,0,0,0,0,0
TF,SKP,39.180642,23.615931,0, ,0.0,0.0,0.0,0.0,0,0,0,0,0,0,0,0

STAR,TSL1C,ALL,2
IF,TSL,40.456808,22.991058, ,0.0,0.0,0,0,0,0,0,0,0,0
TF,D336O,39.414986,23.503031,0, ,0.0,0.0,0.0,0.0,0,0,0,0,0,0,0,0
TF,SKP,39.180642,23.615931,0, ,0.0,0.0,0.0,0.0,0,0,0,0,0,0,0,0

APPTR,Q01,01,SKP
IF,SKP,39.180642,23.615931, ,0.0,0.0,2,4000,0,0,0,0,1,0
CF,D203C,39.136044,23.586756,0,SKP,203.0,3.0,203.0,3.0,2,4000,0,0,0,0,0,0
CF,D203J,39.031961,23.518825,0,SKP,203.0,10.0,203.0,7.0,2,2000,0,0,0,0,0,1
CF,FQ01,39.092111,23.478492,2,SKP,226.5,8.3,8.0,3.0,2,1600,0,1,185,0,0,0

FINAL,Q01,01,N,2
IF,FQ01,39.092111,23.478492,SKC,0.0,0.0,2,1600,0,0,0,0,2,0
CF,RW01,39.170956,23.500889,0,SKP,0.0,5.4,8.0,4.8,1,59,0,0,0,0,3,0
CF,SKC,39.174192,23.500881,0,SKP,261.9,5.4,8.0,0.2,0,0,0,0,0,0,0,1
FA,SKC,39.174192,23.500881,0,SKP,0.0,0.0,8.0,2,2500,0,0,0,0,0,0
DF,SKP,39.180642,23.615931,2, ,0.0,0.0,1,4000,0,1,185,0,0,0
HM,SKP,39.180642,23.615931,1, ,0.0,0.0,262.0,04.3,2,4000,0,0,0,0,0,0,0

APPTR,Q19,19,SKP
IF,SKP,39.180642,23.615931, ,0.0,0.0,2,4000,0,0,0,0,1,0
FD,SKP,39.180642,23.615931,0,SKP,0.0,3.0,355.0,3.0,2,3000,0,0,0,0,0,0
CF,D355G,39.297394,23.613306,0,SKP,355.0,7.0,355.0,4.0,2,2000,0,0,0,0,0,1
CF,FQ19,39.264300,23.538544,1,SKP,320.3,6.2,194.0,3.0,2,1700,0,1,185,0,0,0

FINAL,Q19,19,N,2
IF,FQ19,39.264300,23.538544,SKC,0.0,0.0,2,1700,0,0,0,0,2,0
CF,RW19,39.184325,23.506825,0,SKP,0.0,5.1,194.0,5.0,1,104,0,0,0,0,3,0
CF,SKC,39.174192,23.500881,0,SKP,261.9,5.4,194.0,0.7,0,0,0,0,0,0,0,1
FA,SKC,39.174192,23.500881,0,SKP,0.0,0.0,194.0,2,2500,0,0,0,0,0,0
DF,SKP,39.180642,23.615931,1, ,0.0,0.0,1,4000,0,1,185,0,0,0
HM,SKP,39.180642,23.615931,1, ,0.0,0.0,262.0,04.3,2,4000,0,0,0,0,0,0,0

