SID,NARK3D,22L,5
DF,DC013,47.417028,21.498583,0, ,0.0,0.0,0,0,0,1,230,0,0,1
DF,DC012,47.348417,21.717889,1, ,0.0,0.0,3,9000,0,1,250,0,0,0
TF,NARKA,47.248333,21.860000,0, ,0.0,0.0,0.0,0.0,2,10000,0,0,0,0,0,1

SID,NARK6D,04R,5
DF,DC008,47.533250,21.688056,0, ,0.0,0.0,3,3000,0,1,230,0,0,1
DF,DC009,47.380389,21.780556,2, ,0.0,0.0,0,0,0,1,250,0,0,0
TF,NARKA,47.248333,21.860000,0, ,0.0,0.0,0.0,0.0,0,0,0,0,0,0,0,1

SID,PERI3D,22L,5
DF,DC001,47.456722,21.563028,0, ,0.0,0.0,0,0,0,1,230,0,0,1
DF,DC008,47.533250,21.688056,1, ,0.0,0.0,4,9000,5000,0,0,0,0,1
TF,PERIT,47.788333,21.622778,0, ,0.0,0.0,0.0,0.0,2,10000,0,0,0,0,0,1

SID,PERI6D,04R,5
DF,DC008,47.533250,21.688056,0, ,0.0,0.0,3,3000,0,0,0,0,0,1
TF,DC007,47.576833,21.759611,0, ,0.0,0.0,0.0,0.0,0,0,0,1,230,0,0,1
DF,DC008,47.533250,21.688056,2, ,0.0,0.0,4,9000,5000,0,0,0,0,1
TF,PERIT,47.788333,21.622778,0, ,0.0,0.0,0.0,0.0,2,10000,0,0,0,0,0,1

SID,VERI3D,22L,5
DF,DC013,47.417028,21.498583,0, ,0.0,0.0,0,0,0,1,230,0,0,1
DF,DC014,47.299222,21.652861,1, ,0.0,0.0,3,9000,0,1,250,0,0,0
TF,VERIG,47.172222,21.724722,0, ,0.0,0.0,0.0,0.0,4,13000,10000,0,0,0,0,1

SID,VERI6D,04R,5
DF,DC008,47.533250,21.688056,0, ,0.0,0.0,3,3000,0,1,230,0,0,1
DF,DC010,47.373583,21.704389,2, ,0.0,0.0,0,0,0,0,0,0,0,0
TF,VERIG,47.172222,21.724722,0, ,0.0,0.0,0.0,0.0,4,13000,10000,0,0,0,0,1

STAR,NARK6A,ALL,5
IF,NARKA,47.248333,21.860000, ,0.0,0.0,0,0,0,0,0,0,0,0
TF,DC016,47.340361,21.729333,0, ,0.0,0.0,0.0,0.0,4,9000,5000,0,0,0,0,0
TF,DC018,47.332833,21.502250,0, ,0.0,0.0,0.0,0.0,0,0,0,0,0,0,0,0
TF,DC001,47.456722,21.563028,0, ,0.0,0.0,0.0,0.0,2,5000,0,0,0,0,0,0

STAR,PERI6A,ALL,5
IF,PERIT,47.788333,21.622778, ,0.0,0.0,0,0,0,0,0,0,0,0
TF,DC030,47.664194,21.677722,0, ,0.0,0.0,0.0,0.0,2,11000,0,0,0,0,0,0
TF,DC015,47.597528,21.707111,0, ,0.0,0.0,0.0,0.0,2,5500,0,0,0,0,0,0
TF,DC001,47.456722,21.563028,0, ,0.0,0.0,0.0,0.0,2,5000,0,0,0,0,0,0

STAR,VERI6A,ALL,5
IF,VERIG,47.172222,21.724722, ,0.0,0.0,0,0,0,0,0,0,0,0
TF,DC017,47.319306,21.641444,0, ,0.0,0.0,0.0,0.0,4,9000,5000,0,0,0,0,0
TF,DC018,47.332833,21.502250,0, ,0.0,0.0,0.0,0.0,0,0,0,0,0,0,0,0
TF,DC001,47.456722,21.563028,0, ,0.0,0.0,0.0,0.0,2,5000,0,0,0,0,0,0

APPTR,I04R,04R,DC1
IF,DC,47.456750,21.563056, ,0.0,0.0,2,5000,0,0,0,0,0,0
FC,DC,47.456750,21.563056,0,NYR,0.0,0.0,204.0,7.8,2,2500,0,0,0,0,0,1
CF,CI04R,47.387181,21.449686,2,DCN,222.9,9.9,43.0,2.0,2,2500,0,1,185,0,0,0

FINAL,I04R,04R,I,3
IF,CI04R,47.387181,21.449686,DCN,222.9,9.9,2,2500,0,0,0,0,0,0
CF,FI04R,47.409561,21.486031,0,DCN,222.9,7.9,43.0,2.0,1,2500,0,0,0,0,2,0
CF,RW04R,47.481386,21.602997,0,DCN,222.9,1.5,43.0,6.4,1,410,0,0,0,0,3,0
CF,D043I,47.584800,21.772319,0,NYR,167.4,24.6,43.0,9.3,2,1700,0,0,0,0,0,1
DF,DC,47.456750,21.563056,2, ,0.0,0.0,1,4000,0,1,220,0,0,0
HM,DC,47.456750,21.563056,2, ,0.0,0.0,33.0,04.3,1,4000,0,1,220,0,0,0,0

APPTR,Q22L,22L,DC
IF,DC,47.456750,21.563056, ,0.0,0.0,2,5000,0,0,0,0,0,0
CF,EN,47.533250,21.688028,0,NYR,175.4,27.5,43.0,6.9,2,2800,0,0,0,0,0,0
TF,D086D,47.532014,21.788664,0, ,0.0,0.0,0.0,0.0,2,2000,0,0,0,0,0,1
CF,EN,47.533250,21.688028,1,NYR,175.4,27.5,223.0,5.0,2,1600,0,1,185,0,0,0

FINAL,Q22L,22L,N,2
IF,EN,47.533250,21.688028,EN,0.0,0.0,2,1600,0,0,0,0,2,0
CF,MQ22L,47.502294,21.637131,0,DCN,0.0,1.7,223.0,2.8,1,647,0,0,0,0,3,0
TF,D223M,47.382408,21.442592,0, ,0.0,0.0,0.0,0.0,2,2300,0,0,0,0,0,1
DF,DC,47.456750,21.563056,1, ,0.0,0.0,1,4000,0,1,220,0,0,0
HM,DC,47.456750,21.563056,2, ,0.0,0.0,33.0,04.3,1,4000,0,1,220,0,0,0,0

APPTR,R04R,04R,DC001
IF,DC001,47.456722,21.563028, ,0.0,0.0,1,5000,0,1,220,0,1,0
TF,DC031,47.381361,21.663417,0, ,0.0,0.0,0.0,0.0,2,4500,0,0,0,0,0,0
TF,DC032,47.316806,21.514750,0, ,0.0,0.0,0.0,0.0,2,3400,0,0,0,0,0,0
TF,DC033,47.377444,21.433972,0, ,0.0,0.0,0.0,0.0,2,2800,0,1,180,0,1,0

APPTR,R04R,04R,DC031
IF,DC031,47.381361,21.663417, ,0.0,0.0,2,4500,0,0,0,0,1,0
TF,DC032,47.316806,21.514750,0, ,0.0,0.0,0.0,0.0,2,3400,0,0,0,0,0,0
TF,DC033,47.377444,21.433972,0, ,0.0,0.0,0.0,0.0,2,2800,0,1,180,0,1,0

APPTR,R04R,04R,DC032
IF,DC032,47.316806,21.514750, ,0.0,0.0,2,3400,0,0,0,0,1,0
TF,DC033,47.377444,21.433972,0, ,0.0,0.0,0.0,0.0,2,2800,0,1,180,0,1,0

FINAL,R04R,04R,R,3
IF,DC033,47.377444,21.433972, ,0.0,0.0,2,2800,0,1,180,0,0,0
TF,DC021,47.416583,21.497583,0, ,0.0,0.0,43.0,3.5,2,2500,0,0,0,0,2,0
TF,DC022,47.481389,21.603028,0, ,0.0,0.0,43.0,5.8,1,410,0,0,0,0,3,1
TF,DC034,47.582778,21.769389,0, ,0.0,0.0,0.0,0.0,2,1700,0,1,220,0,0,1
DF,DC001,47.456722,21.563028,2, ,0.0,0.0,1,4000,0,1,220,0,0,0
HM,DC001,47.456722,21.563028,2, ,0.0,0.0,33.0,04.3,1,4000,0,1,220,0,0,0,0

APPTR,R22L,22L,DC001
IF,DC001,47.456722,21.563028, ,0.0,0.0,1,5000,0,1,220,0,1,0
TF,DC002,47.542111,21.868083,0, ,0.0,0.0,0.0,0.0,2,2500,0,1,220,0,0,0
TF,DC003,47.597917,21.794111,1, ,0.0,0.0,0.0,0.0,2,2500,0,1,180,0,1,0

FINAL,R22L,22L,R,3
IF,DC003,47.597917,21.794111, ,0.0,0.0,2,2500,0,1,180,0,0,0
TF,DC004,47.550361,21.715972,0, ,0.0,0.0,223.0,4.3,1,2000,0,0,0,0,2,0
TF,DC005,47.494639,21.624694,0, ,0.0,0.0,223.0,5.0,1,409,0,0,0,0,3,1
TF,DC006,47.386306,21.448833,0, ,0.0,0.0,0.0,0.0,2,2000,0,1,220,0,0,1
DF,DC001,47.456722,21.563028,1, ,0.0,0.0,1,4000,0,1,220,0,0,0
HM,DC001,47.456722,21.563028,2, ,0.0,0.0,33.0,04.3,1,4000,0,1,220,0,0,0,0

