APPTR,D16,16,FF16
IF,FF16,47.447644,17.457169, ,0.0,0.0,2,4000,0,0,0,0,0,0
HF,FF16,47.447644,17.457169,2, ,0.0,0.0,156.0,05,2,3000,0,0,0,0,0,0,0

FINAL,D16,16,D,4
IF,CF16,47.513783,17.423508,PCT,336.0,8.4,2,3000,0,0,0,0,0,0
CF,FF16,47.447644,17.457169,0,PCT,336.0,4.2,156.0,4.2,2,2000,0,0,0,0,2,0
CF,CP,47.407167,17.477889,0,PCT,336.2,1.6,156.0,2.6,2,1190,0,0,0,0,0,0
CF,PCT,47.381500,17.490750,0,PCT,0.0,0.0,156.0,1.6,1,673,0,0,0,0,3,0
CF,D155J,47.220233,17.576886,0,PCT,155.0,10.3,155.0,10.3,2,2500,0,1,210,0,0,1
DF,PCT,47.381500,17.490750,1, ,0.0,0.0,0,0,0,1,210,0,0,0
FM,PCT,47.381500,17.490750,0,PCT,0.0,0.0,311.0,1,4000,0,0,0,0,0,0

APPTR,D34,34,FF34
IF,FF34,47.256250,17.557697, ,0.0,0.0,2,4500,0,0,0,0,0,0
HF,FF34,47.256250,17.557697,2, ,0.0,0.0,335.0,04.5,2,3300,0,0,0,0,0,0,0

FINAL,D34,34,D,4
IF,CF34,47.193608,17.591053,PCT,155.0,12.0,2,3300,0,0,0,0,0,0
CF,FF34,47.256250,17.557697,0,PCT,155.0,8.0,335.0,4.0,2,2500,0,0,0,0,2,0
CF,PC,47.318639,17.524333,0,PCT,155.0,4.0,335.0,4.0,2,1250,0,0,0,0,0,0
CF,P,47.344806,17.510639,0,PCT,154.8,2.4,335.0,1.7,1,714,0,0,0,0,3,0
CF,PC08B,47.499611,17.430728,0,PCT,336.0,7.5,336.0,9.9,2,2500,0,0,0,0,0,1
DF,PCT,47.381500,17.490750,1, ,0.0,0.0,0,0,0,1,230,0,0,0
FM,PCT,47.381500,17.490750,0,PCT,0.0,0.0,139.0,1,4500,0,0,0,0,0,0

APPTR,I16,16,FI16
IF,FI16,47.445264,17.457908, ,0.0,0.0,2,4000,0,0,0,0,0,0
HF,FI16,47.445264,17.457908,2, ,0.0,0.0,156.0,05,2,3000,0,0,0,0,0,0,0

FINAL,I16,16,I,3
IF,CI16,47.511156,17.423228,PCN,335.4,10.2,2,3000,0,0,0,0,0,0
CF,FI16,47.445264,17.457908,0,PCN,335.4,6.0,156.0,4.2,1,2000,0,0,0,0,2,0
CF,RW16,47.374156,17.495233,0,PCN,335.4,1.5,156.0,4.5,1,528,0,0,0,0,3,0
CF,D156K,47.216086,17.574328,0,PCT,156.0,10.5,156.0,10.0,2,2500,0,0,0,0,0,1
DF,PCT,47.381500,17.490750,1, ,0.0,0.0,0,0,0,1,210,0,0,0
FM,PCT,47.381500,17.490750,0,PCT,0.0,0.0,310.0,1,4000,0,0,0,0,0,0

APPTR,I34,34,FI34
IF,FI34,47.259158,17.555503, ,0.0,0.0,2,4500,0,0,0,0,0,0
HF,FI34,47.259158,17.555503,2, ,0.0,0.0,336.0,04.6,2,3300,0,0,0,0,0,0,0

FINAL,I34,34,I,3
IF,CI34,47.196381,17.588294,PCD,155.4,11.5,2,3300,0,0,0,0,0,0
CF,FI34,47.259158,17.555503,0,PCD,155.4,7.5,336.0,4.0,1,2500,0,0,0,0,2,0
CF,RW34,47.353814,17.505903,0,PCD,155.4,1.4,336.0,6.0,1,534,0,0,0,0,3,0
CF,PC08A,47.510633,17.425114,0,PCT,336.0,8.2,336.0,10.0,2,2500,0,0,0,0,0,1
DF,PCT,47.381500,17.490750,1, ,0.0,0.0,0,0,0,1,210,0,0,0
FM,PCT,47.381500,17.490750,0,PCT,0.0,0.0,138.0,1,4500,0,0,0,0,0,0

APPTR,N16,16,CP
IF,CP,47.407167,17.477889, ,0.0,0.0,2,2500,0,0,0,0,0,0
HF,CP,47.407167,17.477889,2, ,0.0,0.0,156.0,04.3,2,1200,0,1,110,0,0,0,0

FINAL,N16,16,N,2
IF,CP,47.407167,17.477889,CP,0.0,0.0,2,1200,0,0,0,0,2,0
CF,C,47.382028,17.491111,0,CP,0.0,0.0,156.0,1.6,1,681,0,0,0,0,3,0
CA,0,156.0,2,2000,0,0,0,0,0,0
DF,CP,47.407167,17.477889,2, ,0.0,0.0,2,2500,0,0,0,0,0,0
HM,CP,47.407167,17.477889,2, ,0.0,0.0,156.0,04.3,2,2500,0,1,110,0,0,0,0

APPTR,R16,16,PA015
IF,PA015,47.495111,17.302139, ,0.0,0.0,2,4000,0,1,230,0,1,0
TF,PA009,47.522972,17.416917,0, ,0.0,0.0,0.0,0.0,2,3000,0,1,210,0,1,0

APPTR,R16,16,PA016
IF,PA016,47.550722,17.531806, ,0.0,0.0,2,4000,0,1,230,0,1,0
TF,PA009,47.522972,17.416917,0, ,0.0,0.0,0.0,0.0,2,3000,0,1,210,0,1,0

FINAL,R16,16,R,4
IF,PA009,47.522972,17.416917, ,0.0,0.0,2,3000,0,1,210,0,0,0
TF,PA010,47.446139,17.457417,0, ,0.0,0.0,156.0,4.9,2,2000,0,0,0,0,2,0
TF,CP,47.407167,17.477889,0, ,0.0,0.0,156.0,2.5,2,1190,0,0,0,0,0,0
TF,PA011,47.382028,17.491111,0, ,0.0,0.0,156.0,1.6,1,688,0,0,0,0,3,1
TF,PA012,47.233333,17.568917,0, ,0.0,0.0,0.0,0.0,2,2500,0,1,210,0,0,0
TF,PA013,47.198611,17.424639,0, ,0.0,0.0,0.0,0.0,2,3000,0,1,210,0,0,0
TF,PA014,47.326667,17.367833,2, ,0.0,0.0,0.0,0.0,2,4000,0,1,230,0,0,1

APPTR,R34,34,PA007
IF,PA007,47.150361,17.482583, ,0.0,0.0,2,4000,0,1,230,0,1,0
TF,PA001,47.178306,17.597611,0, ,0.0,0.0,0.0,0.0,2,3000,0,1,210,0,1,0

APPTR,R34,34,PA008
IF,PA008,47.206444,17.712611, ,0.0,0.0,2,4000,0,1,230,0,1,0
TF,PA001,47.178306,17.597611,0, ,0.0,0.0,0.0,0.0,2,3000,0,1,210,0,1,0

FINAL,R34,34,R,4
IF,PA001,47.178306,17.597611, ,0.0,0.0,2,3000,0,1,210,0,0,0
TF,PA002,47.256806,17.556667,0, ,0.0,0.0,336.0,5.0,2,2500,0,0,0,0,2,0
TF,PC,47.318639,17.524333,0, ,0.0,0.0,336.0,4.0,2,1250,0,0,0,0,0,0
TF,PA003,47.344778,17.510639,0, ,0.0,0.0,336.0,1.6,1,718,0,0,0,0,3,1
TF,PA004,47.503083,17.427417,0, ,0.0,0.0,0.0,0.0,2,2500,0,1,210,0,0,0
TF,PA005,47.462028,17.279167,1, ,0.0,0.0,0.0,0.0,2,3000,0,1,210,0,0,0
TF,PA006,47.326667,17.367833,1, ,0.0,0.0,0.0,0.0,2,5000,0,1,230,0,0,1

APPTR,T16,16,FF16
IF,FF16,47.447644,17.457169, ,0.0,0.0,2,4000,0,0,0,0,0,0
HF,FF16,47.447644,17.457169,2, ,0.0,0.0,156.0,05,2,3000,0,0,0,0,0,0,0

FINAL,T16,16,D,4
IF,CF16,47.513783,17.423508,PCT,336.0,8.4,2,3000,0,0,0,0,0,0
CF,FF16,47.447644,17.457169,0,PCT,336.0,4.2,156.0,4.2,2,2000,0,0,0,0,2,0
CF,CP,47.407167,17.477889,0,PCT,336.2,1.6,156.0,2.6,2,1190,0,0,0,0,0,0
CF,PCT,47.381500,17.490750,0,PCT,0.0,0.0,156.0,1.6,1,673,0,0,0,0,3,0
CF,D155J,47.220233,17.576886,0,PCT,155.0,10.3,155.0,10.3,2,2500,0,1,210,0,0,1
DF,PCT,47.381500,17.490750,1, ,0.0,0.0,0,0,0,1,210,0,0,0
FM,PCT,47.381500,17.490750,0,PCT,0.0,0.0,311.0,1,4000,0,0,0,0,0,0

APPTR,T34,34,FF34
IF,FF34,47.256250,17.557697, ,0.0,0.0,2,4500,0,0,0,0,0,0
HF,FF34,47.256250,17.557697,2, ,0.0,0.0,335.0,04.5,2,3300,0,0,0,0,0,0,0

FINAL,T34,34,D,4
IF,CF34,47.193608,17.591053,PCT,155.0,12.0,2,3300,0,0,0,0,0,0
CF,FF34,47.256250,17.557697,0,PCT,155.0,8.0,335.0,4.0,2,2500,0,0,0,0,2,0
CF,PC,47.318639,17.524333,0,PCT,155.0,4.0,335.0,4.0,2,1250,0,0,0,0,0,0
CF,P,47.344806,17.510639,0,PCT,154.8,2.4,335.0,1.7,1,714,0,0,0,0,3,0
CF,PC08B,47.499611,17.430728,0,PCT,336.0,7.5,336.0,9.9,2,2500,0,0,0,0,0,1
DF,PCT,47.381500,17.490750,1, ,0.0,0.0,0,0,0,1,230,0,0,0
FM,PCT,47.381500,17.490750,0,PCT,0.0,0.0,139.0,1,4500,0,0,0,0,0,0

