APPTR,I34,34,PP1
IF,PP,46.005833,18.232778, ,0.0,0.0,2,4000,0,1,185,0,0,0
FD,PP,46.005833,18.232778,0,PCS,0.0,8.3,169.0,8.3,2,2500,0,0,0,0,0,0
CF,CI34,45.857644,18.319819,1,PCS,154.6,9.1,335.0,1.0,2,2500,0,0,0,0,0,0

FINAL,I34,34,I,3
IF,CI34,45.857644,18.319819,PCS,154.6,9.1,2,2500,0,0,0,0,0,0
CF,FI34,45.910028,18.288933,0,PCS,154.6,5.7,335.0,3.4,1,2200,0,0,0,0,2,0
CF,RW34,45.982983,18.245819,0,PCS,154.6,0.0,335.0,4.7,1,691,0,0,0,0,3,0
CF,D335C,46.039381,18.212294,0,VBA,64.2,48.0,335.0,3.7,0,0,0,0,0,0,0,1
CF,D220D,45.957069,18.167606,1,VBA,69.3,44.6,155.0,4.0,0,0,0,1,185,0,0,1
CF,PP,46.005833,18.232778,1,VBA,66.8,48.1,335.0,2.0,1,4000,0,1,185,0,0,0
HM,PP,46.005833,18.232778,1, ,0.0,0.0,335.0,04.3,1,4000,0,0,0,0,0,0,0

APPTR,N16,16,PP
IF,PP,46.005833,18.232778, ,0.0,0.0,2,4000,0,1,185,0,0,0
FD,PP,46.005833,18.232778,0,PCS,0.0,8.4,315.0,8.4,2,3400,0,0,0,0,0,0
CF,FQ16,46.075036,18.192597,2,VBA,61.5,48.0,155.0,3.0,2,2700,0,0,0,0,0,0

FINAL,N16,16,N,3
IF,FQ16,46.075036,18.192597,PP,0.0,0.0,2,2700,0,0,0,0,2,0
CF,20DME,46.016336,18.226683,0,PP,0.0,0.0,155.0,3.8,2,1220,0,0,0,0,0,0
CF,PP,46.005833,18.232778,0,PP,0.0,0.0,155.0,0.7,1,965,0,0,0,0,3,0
CF,D155G,45.900453,18.293747,0,VBA,74.8,49.0,155.0,6.8,0,0,0,0,0,0,0,1
DF,PP,46.005833,18.232778,2, ,0.0,0.0,1,4000,0,1,185,0,0,0
HM,PP,46.005833,18.232778,1, ,0.0,0.0,335.0,04.3,0,0,0,0,0,0,0,0,0

APPTR,R16,16,PP001
IF,PP001,46.005833,18.232778, ,0.0,0.0,2,4000,0,1,250,0,1,0
TF,PP002,46.092000,18.310583,0, ,0.0,0.0,0.0,0.0,2,4000,0,0,0,0,0,0
TF,PP003,46.169000,18.264861,0, ,0.0,0.0,0.0,0.0,2,4000,0,1,230,0,0,0
TF,PP004,46.137139,18.154111,0, ,0.0,0.0,0.0,0.0,2,3300,0,1,185,0,1,0

FINAL,R16,16,R,3
IF,PP004,46.137139,18.154111, ,0.0,0.0,2,3300,0,1,185,0,0,0
TF,PP005,46.081722,18.187139,0, ,0.0,0.0,155.0,3.6,2,2700,0,0,0,0,2,0
TF,RW16,45.995450,18.238422,0, ,0.0,0.0,155.0,5.6,1,701,0,0,0,0,3,1
TF,PP006,45.898278,18.295972,0, ,0.0,0.0,0.0,0.0,2,1500,0,1,185,0,0,1
DF,PP007,45.958083,18.157611,2, ,0.0,0.0,2,3400,0,1,185,0,0,0
TF,PP001,46.005833,18.232778,0, ,0.0,0.0,0.0,0.0,1,4000,0,0,0,0,0,0
HM,PP001,46.005833,18.232778,1, ,0.0,0.0,335.0,04.3,1,4000,0,1,230,0,0,0,0

APPTR,R34,34,PP010
IF,PP010,45.886250,18.432111, ,0.0,0.0,2,3500,0,1,210,0,1,0
TF,PP011,45.854528,18.321833,0, ,0.0,0.0,0.0,0.0,2,2800,0,1,185,0,1,0

APPTR,R34,34,PP020
IF,PP020,45.822694,18.211667, ,0.0,0.0,2,3500,0,1,210,0,1,0
TF,PP011,45.854528,18.321833,0, ,0.0,0.0,0.0,0.0,2,2800,0,1,185,0,1,0

FINAL,R34,34,R,3
IF,PP011,45.854528,18.321833, ,0.0,0.0,2,2800,0,1,185,0,0,0
TF,PP012,45.909972,18.289056,0, ,0.0,0.0,335.0,3.6,2,2200,0,0,0,0,2,0
TF,RW34,45.982983,18.245819,0, ,0.0,0.0,335.0,4.7,1,690,0,0,0,0,3,1
TF,PP013,46.029167,18.218389,0, ,0.0,0.0,0.0,0.0,2,1100,0,1,185,0,0,1
DF,PP014,45.878111,18.178833,1, ,0.0,0.0,2,3000,0,1,185,0,0,0
TF,PP020,45.822694,18.211667,0, ,0.0,0.0,0.0,0.0,2,3500,0,0,0,0,0,0

