SID,GEN8T,09,5
IF,ABN,44.055972,8.221000, ,0.0,0.0,2,1500,0,0,0,0,0,0
TF,DORAV,44.326389,8.852222,0, ,0.0,0.0,0.0,0.0,2,7000,0,0,0,0,0,0
TF,GEN,44.424444,9.082333,0, ,0.0,0.0,0.0,0.0,0,0,0,0,0,0,0,0

SID,LAGE7T,09,2
FM,RW09,44.050867,8.119569,0,GEN,0.0,0.0,90.0,2,1500,0,0,0,0,0,0
DF,ABN,44.055972,8.221000,0, ,0.0,0.0,0,0,0,0,0,0,0,0
TF,D182W,44.040583,8.777944,0, ,0.0,0.0,0.0,0.0,2,6000,0,0,0,0,0,1
CF,IXITO,44.134722,8.803611,1,GEN,211.8,21.1,317.0,2.0,0,0,0,0,0,0,0,0
TF,ANAKI,44.201111,8.725556,0, ,0.0,0.0,0.0,0.0,0,0,0,0,0,0,0,0
TF,LAGEN,44.394167,8.498056,0, ,0.0,0.0,0.0,0.0,0,0,0,0,0,0,0,0

SID,UNIT7T,09,2
FM,RW09,44.050867,8.119569,0,GEN,0.0,0.0,90.0,2,1500,0,0,0,0,0,0
DF,ABN,44.055972,8.221000,0, ,0.0,0.0,0,0,0,0,0,0,0,0
TF,D182W,44.040583,8.777944,0, ,0.0,0.0,0.0,0.0,2,6000,0,0,0,0,0,0
TF,D172W,44.037789,8.869669,0, ,0.0,0.0,0.0,0.0,0,0,0,0,0,0,0,1
CF,UNITA,43.944444,9.025000,0,TOP,138.2,77.2,137.0,8.0,0,0,0,0,0,0,0,0

STAR,GEN5L,ALL,5
IF,GEN,44.424444,9.082333, ,0.0,0.0,0,0,0,0,0,0,0,0
TF,ABN,44.055972,8.221000,0, ,0.0,0.0,0.0,0.0,0,0,0,0,0,0,0,0

STAR,IXIT4L,ALL,2
IF,IXITO,44.134722,8.803611, ,0.0,0.0,0,0,0,0,0,0,0,0
CR,0,GEN,204.0,137.0,0,0,0,0,0,0,0,0
CF,BERAB,44.050833,8.405278,2,ALB,86.1,12.0,270.0,17.0,0,0,0,0,0,0,0,0
TF,ABN,44.055972,8.221000,0, ,0.0,0.0,0.0,0.0,0,0,0,0,0,0,0,0

STAR,IXIT4M,ALL,2
IF,IXITO,44.134722,8.803611, ,0.0,0.0,0,0,0,0,0,0,0,0
CR,0,GEN,204.0,137.0,0,0,0,0,0,0,0,0
CF,D090N,44.047392,8.543575,2,ALB,87.0,18.0,270.0,11.0,0,0,0,0,0,0,0,0
TF,BERAB,44.050833,8.405278,0, ,0.0,0.0,0.0,0.0,0,0,0,0,0,0,0,0

STAR,UNIT5L,ALL,2
IF,UNITA,43.944444,9.025000, ,0.0,0.0,0,0,0,0,0,0,0,0
CR,0,GEN,191.0,317.0,0,0,0,0,0,0,0,0
CF,D090Z,44.039594,8.810719,0,ALB,87.8,29.6,270.0,5.0,0,0,0,0,0,0,0,0
TF,BERAB,44.050833,8.405278,0, ,0.0,0.0,0.0,0.0,0,0,0,0,0,0,0,0
TF,ABN,44.055972,8.221000,0, ,0.0,0.0,0.0,0.0,0,0,0,0,0,0,0,0

STAR,UNIT5M,ALL,2
IF,UNITA,43.944444,9.025000, ,0.0,0.0,0,0,0,0,0,0,0,0
CR,0,GEN,191.0,317.0,0,0,0,0,0,0,0,0
CF,D090Z,44.039594,8.810719,0,ALB,87.8,29.6,270.0,5.0,0,0,0,0,0,0,0,0
TF,D090N,44.047392,8.543575,0, ,0.0,0.0,0.0,0.0,0,0,0,0,0,0,0,0
TF,BERAB,44.050833,8.405278,0, ,0.0,0.0,0.0,0.0,0,0,0,0,0,0,0,0

STAR,USAN2L,ALL,2
IF,USANO,43.734250,7.713861, ,0.0,0.0,0,0,0,0,0,0,0,0
TF,ABN,44.055972,8.221000,0, ,0.0,0.0,0.0,0.0,0,0,0,0,0,0,0,0

APPTR,L27,27,ABN1
IF,ABN,44.055972,8.221000, ,0.0,0.0,2,6000,0,0,0,0,1,0
FD,ABN,44.055972,8.221000,0,ALB,80.4,16.0,75.0,16.0,2,4000,0,1,185,0,0,0
CF,D087P,44.048514,8.497361,2,ALB,86.8,16.0,267.0,1.0,2,4000,0,0,0,0,0,0
CF,BERAB,44.050833,8.405278,0,LBN,86.4,12.4,267.0,4.0,2,4000,0,0,0,0,0,0

APPTR,L27,27,ABN2
IF,ABN,44.055972,8.221000, ,0.0,0.0,2,6000,0,0,0,0,1,0
FD,ABN,44.055972,8.221000,0,ALB,80.4,16.0,80.0,16.0,2,4000,0,1,140,0,0,0
CF,D087P,44.048514,8.497361,2,ALB,86.8,16.0,267.0,1.0,2,4000,0,0,0,0,0,0
CF,BERAB,44.050833,8.405278,0,LBN,86.4,12.4,267.0,4.0,2,4000,0,0,0,0,0,0

FINAL,L27,27,D,3
IF,BERAB,44.050833,8.405278,LBN,86.4,12.4,2,4000,0,0,0,0,1,0
CF,FL27,44.050056,8.266250,0,LBN,86.5,6.3,267.0,6.0,2,2250,0,0,0,0,2,0
CF,ML27,44.049778,8.220028,0,LBN,86.5,4.3,267.0,2.0,1,1501,0,0,0,0,3,0
CF,D267A,44.049136,8.104539,0,ALB,270.3,0.0,267.0,5.0,2,2300,0,0,0,0,0,1
DF,ABN,44.055972,8.221000,1, ,0.0,0.0,1,4000,0,1,160,0,0,0
CF,BERAB,44.050833,8.405278,0,ALB,86.1,12.0,90.0,8.0,0,0,0,0,0,0,0,0

