SID,ABES1Q,03,4
VA,0,30.0,2,1800,0,0,0,0,0,0
VI,0, ,0.0,350.0,0,0,0,1,210,0,0,0
CF,MZ504,44.740569,7.661561,0,TOP,215.7,14.0,35.0,5.0,2,5000,0,0,0,0,0,0
TF,TOP,44.925417,7.861667,0, ,0.0,0.0,0.0,0.0,2,8500,0,0,0,0,0,0

SID,ABES1Q,21,4
VA,0,210.0,2,1800,0,0,0,0,0,0
CD, ,0,0,0,TOP,0,0.0,210.0,26.5,0,0,0,0,0,0,0,0
VI,2, ,0.0,350.0,0,0,0,1,210,0,0,0
CF,MZ504,44.740569,7.661561,0,TOP,215.7,14.0,35.0,12.0,2,5000,0,0,0,0,0,0
TF,TOP,44.925417,7.861667,0, ,0.0,0.0,0.0,0.0,2,8500,0,0,0,0,0,0

SID,ABES1Q,ALL,5
IF,TOP,44.925417,7.861667, ,0.0,0.0,2,8500,0,0,0,0,0,0
TF,TONDA,45.109167,8.229722,0, ,0.0,0.0,0.0,0.0,2,9000,0,0,0,0,0,0
TF,MMP,45.640778,8.734833,0, ,0.0,0.0,0.0,0.0,2,12000,0,0,0,0,0,0
TF,ABESI,46.159722,9.042778,0, ,0.0,0.0,0.0,0.0,2,15000,0,0,0,0,0,0

SID,CANE1Q,03,4
VA,0,30.0,2,1800,0,0,0,0,0,0
VI,0, ,0.0,350.0,0,0,0,1,210,0,0,0
CF,MZ504,44.740569,7.661561,0,TOP,215.7,14.0,35.0,5.0,2,5000,0,0,0,0,0,0
TF,TOP,44.925417,7.861667,0, ,0.0,0.0,0.0,0.0,2,8500,0,0,0,0,0,0

SID,CANE1Q,21,4
VA,0,210.0,2,1800,0,0,0,0,0,0
CD, ,0,0,0,TOP,0,0.0,210.0,26.5,0,0,0,0,0,0,0,0
VI,2, ,0.0,350.0,0,0,0,1,210,0,0,0
CF,MZ504,44.740569,7.661561,0,TOP,215.7,14.0,35.0,12.0,2,4000,0,0,0,0,0,0
TF,TOP,44.925417,7.861667,0, ,0.0,0.0,0.0,0.0,2,8500,0,0,0,0,0,0

SID,CANE1Q,ALL,5
IF,TOP,44.925417,7.861667, ,0.0,0.0,2,8500,0,0,0,0,0,0
TF,TONDA,45.109167,8.229722,0, ,0.0,0.0,0.0,0.0,2,9000,0,0,0,0,0,0
TF,MMP,45.640778,8.734833,0, ,0.0,0.0,0.0,0.0,2,12000,0,0,0,0,0,0
TF,CANNE,46.166667,8.881111,0, ,0.0,0.0,0.0,0.0,2,15000,0,0,0,0,0,0

SID,ENOB7P,03,4
VA,0,30.0,2,1800,0,1,210,0,0,0
DF,MZ502,44.439056,7.915311,2, ,0.0,0.0,2,10000,0,0,0,0,0,0
TF,ENOBA,44.299722,8.306389,0, ,0.0,0.0,0.0,0.0,2,12000,0,0,0,0,0,0

SID,ENOB7P,21,4
VA,0,210.0,2,1800,0,1,210,0,0,0
CD, ,0,0,0,TOP,0,0.0,210.0,26.5,0,0,0,0,0,0,0,0
DF,MZ502,44.439056,7.915311,1, ,0.0,0.0,2,10000,0,0,0,0,0,0
TF,ENOBA,44.299722,8.306389,0, ,0.0,0.0,0.0,0.0,2,12000,0,0,0,0,0,0

SID,ENOB9Q,03,4
VA,0,30.0,2,1800,0,0,0,0,0,0
VI,0, ,0.0,350.0,0,0,0,1,210,0,0,0
CF,MZ504,44.740569,7.661561,0,TOP,215.7,14.0,35.0,5.0,2,5000,0,0,0,0,0,0
TF,MZ505,44.833033,7.761447,0, ,0.0,0.0,0.0,0.0,0,0,0,1,240,0,0,0

SID,ENOB9Q,21,4
VA,0,210.0,2,1800,0,0,0,0,0,0
CD, ,0,0,0,TOP,0,0.0,210.0,26.5,0,0,0,0,0,0,0,0
VI,2, ,0.0,350.0,0,0,0,1,210,0,0,0
CF,MZ504,44.740569,7.661561,0,TOP,215.7,14.0,35.0,12.0,2,5000,0,0,0,0,0,0
TF,MZ505,44.833033,7.761447,0, ,0.0,0.0,0.0,0.0,0,0,0,1,240,0,0,0

SID,ENOB9Q,ALL,5
IF,MZ505,44.833033,7.761447, ,0.0,0.0,0,0,0,1,240,0,0,0
TF,MZ506,44.821736,7.936889,0, ,0.0,0.0,0.0,0.0,2,9000,0,1,240,0,0,0
TF,ENOBA,44.299722,8.306389,0, ,0.0,0.0,0.0,0.0,2,12000,0,0,0,0,0,0

SID,IXUS1Q,03,4
VA,0,30.0,2,1800,0,0,0,0,0,0
VI,0, ,0.0,350.0,0,0,0,1,210,0,0,0
CF,MZ504,44.740569,7.661561,0,TOP,215.7,14.0,35.0,5.0,2,5000,0,0,0,0,0,0
TF,TOP,44.925417,7.861667,0, ,0.0,0.0,0.0,0.0,2,8500,0,0,0,0,0,0

SID,IXUS1Q,21,4
CA,0,210.0,2,1800,0,0,0,0,0,0
CD, ,0,0,0,TOP,0,0.0,210.0,26.5,0,0,0,0,0,0,0,0
VI,2, ,0.0,350.0,0,0,0,1,210,0,0,0
CF,MZ504,44.740569,7.661561,0,TOP,215.7,14.0,35.0,12.0,2,5000,0,0,0,0,0,0
TF,TOP,44.925417,7.861667,0, ,0.0,0.0,0.0,0.0,2,8500,0,0,0,0,0,0

SID,IXUS1Q,ALL,5
IF,TOP,44.925417,7.861667, ,0.0,0.0,2,8500,0,0,0,0,0,0
TF,MF413,45.018661,7.612350,1, ,0.0,0.0,0.0,0.0,2,13000,0,0,0,0,0,0
TF,MF414,45.119061,7.341367,0, ,0.0,0.0,0.0,0.0,2,20000,0,0,0,0,0,0
TF,IXUSA,45.157500,7.236944,0, ,0.0,0.0,0.0,0.0,0,0,0,0,0,0,0,0

SID,KUKE9Q,03,4
VA,0,30.0,2,1800,0,0,0,0,0,0
VI,0, ,0.0,350.0,0,0,0,1,210,0,0,0
CF,MZ504,44.740569,7.661561,0,TOP,215.7,14.0,35.0,5.0,2,5000,0,0,0,0,0,0
TF,TOP,44.925417,7.861667,0, ,0.0,0.0,0.0,0.0,2,8500,0,0,0,0,0,0

SID,KUKE9Q,21,4
VA,0,210.0,2,1800,0,0,0,0,0,0
CD, ,0,0,0,TOP,0,0.0,210.0,26.5,0,0,0,0,0,0,0,0
VI,2, ,0.0,350.0,0,0,0,1,210,0,0,0
CF,MZ504,44.740569,7.661561,0,TOP,215.7,14.0,35.0,12.0,2,5000,0,0,0,0,0,0
TF,TOP,44.925417,7.861667,0, ,0.0,0.0,0.0,0.0,2,8500,0,0,0,0,0,0

SID,KUKE9Q,ALL,5
IF,TOP,44.925417,7.861667, ,0.0,0.0,2,8500,0,0,0,0,0,0
TF,BARBY,45.108333,7.698889,0, ,0.0,0.0,0.0,0.0,2,11000,0,0,0,0,0,0
TF,MF409,45.321681,7.508058,0, ,0.0,0.0,0.0,0.0,2,15000,0,0,0,0,0,0
TF,MF411,45.406083,7.431967,0, ,0.0,0.0,0.0,0.0,2,18000,0,0,0,0,0,0
TF,KUKEV,45.652778,7.208056,0, ,0.0,0.0,0.0,0.0,0,0,0,0,0,0,0,0

SID,LAGE6P,03,4
VA,0,30.0,2,1800,0,1,210,0,0,0
DF,MZ503,44.496081,7.903494,0, ,0.0,0.0,2,9000,0,0,0,0,0,0
TF,LAGEN,44.394167,8.498056,0, ,0.0,0.0,0.0,0.0,2,12000,0,0,0,0,0,0

SID,LAGE6P,21,4
VA,0,210.0,2,1800,0,1,210,0,0,0
CD, ,0,0,0,TOP,0,0.0,210.0,26.5,0,0,0,0,0,0,0,0
DF,MZ503,44.496081,7.903494,1, ,0.0,0.0,2,9000,0,0,0,0,0,0
TF,LAGEN,44.394167,8.498056,0, ,0.0,0.0,0.0,0.0,2,12000,0,0,0,0,0,0

SID,LAGE9Q,03,4
VA,0,30.0,2,1800,0,0,0,0,0,0
VI,0, ,0.0,350.0,0,0,0,1,210,0,0,0
CF,MZ504,44.740569,7.661561,0,TOP,215.7,14.0,35.0,5.0,2,5000,0,0,0,0,0,0
TF,MZ505,44.833033,7.761447,0, ,0.0,0.0,0.0,0.0,0,0,0,1,240,0,0,0

SID,LAGE9Q,21,4
CA,0,210.0,2,1800,0,0,0,0,0,0
CD, ,0,0,0,TOP,0,0.0,210.0,26.5,0,0,0,0,0,0,0,0
VI,2, ,0.0,350.0,0,0,0,1,210,0,0,0
CF,MZ504,44.740569,7.661561,0,TOP,215.7,14.0,35.0,12.0,2,5000,0,0,0,0,0,0
TF,MZ505,44.833033,7.761447,0, ,0.0,0.0,0.0,0.0,0,0,0,1,240,0,0,0

SID,LAGE9Q,ALL,5
IF,MZ505,44.833033,7.761447, ,0.0,0.0,0,0,0,1,240,0,0,0
TF,MZ507,44.837742,7.969914,0, ,0.0,0.0,0.0,0.0,2,9000,0,1,240,0,0,0
TF,LAGEN,44.394167,8.498056,0, ,0.0,0.0,0.0,0.0,2,12000,0,0,0,0,0,0

SID,LEV6P,21,2
CA,0,210.0,2,1800,0,0,0,0,0,0
CD, ,0,0,0,TOP,0,0.0,210.0,26.5,0,0,0,0,0,0,0,0
DF,LEV,44.544222,7.615389,1, ,0.0,0.0,2,5000,0,1,210,0,0,0

SID,LEV6Q,03,2
VA,0,30.0,2,1800,0,0,0,0,0,0
DF,LEV,44.544222,7.615389,1, ,0.0,0.0,2,5000,0,1,210,0,0,0

SID,SRN1Q,03,4
VA,0,30.0,2,1800,0,0,0,0,0,0
VI,0, ,0.0,350.0,0,0,0,1,210,0,0,0
CF,MZ504,44.740569,7.661561,0,TOP,215.7,14.0,35.0,5.0,2,5000,0,0,0,0,0,0
TF,TOP,44.925417,7.861667,0, ,0.0,0.0,0.0,0.0,2,8500,0,0,0,0,0,0

SID,SRN1Q,21,4
VA,0,210.0,2,1800,0,0,0,0,0,0
CD, ,0,0,0,TOP,0,0.0,210.0,26.5,0,0,0,0,0,0,0,0
VI,2, ,0.0,350.0,0,0,0,1,210,0,0,0
CF,MZ504,44.740569,7.661561,0,TOP,215.7,14.0,35.0,12.0,2,5000,0,0,0,0,0,0
TF,TOP,44.925417,7.861667,0, ,0.0,0.0,0.0,0.0,2,8500,0,0,0,0,0,0

SID,SRN1Q,ALL,5
IF,TOP,44.925417,7.861667, ,0.0,0.0,2,8500,0,0,0,0,0,0
TF,TONDA,45.109167,8.229722,0, ,0.0,0.0,0.0,0.0,2,9000,0,0,0,0,0,0
TF,MMP,45.640778,8.734833,0, ,0.0,0.0,0.0,0.0,2,12000,0,0,0,0,0,0
TF,SRN,45.645972,9.021583,0, ,0.0,0.0,0.0,0.0,0,0,0,0,0,0,0,0

SID,TOP1Q,03,1
VA,0,30.0,2,1800,0,0,0,0,0,0
VI,0, ,0.0,350.0,0,0,0,1,210,0,0,0
CF,MZ504,44.740569,7.661561,0,TOP,215.7,14.0,35.0,5.0,2,5000,0,0,0,0,0,0

SID,TOP1Q,21,1
VA,0,210.0,2,1800,0,0,0,0,0,0
CD, ,0,0,0,TOP,0,0.0,210.0,26.5,0,0,0,0,0,0,0,0
VI,2, ,0.0,350.0,0,0,0,1,210,0,0,0
CF,MZ504,44.740569,7.661561,0,TOP,215.7,14.0,35.0,12.0,2,5000,0,0,0,0,0,0

SID,TOP1Q,ALL,2
IF,MZ504,44.740569,7.661561, ,0.0,0.0,2,5000,0,0,0,0,0,0
TF,TOP,44.925417,7.861667,0, ,0.0,0.0,0.0,0.0,2,8500,0,0,0,0,0,0

STAR,ABN1H,ALL,5
IF,ABN,44.055972,8.221000, ,0.0,0.0,0,0,0,0,0,0,0,0
TF,MZ408,44.478072,8.047933,0, ,0.0,0.0,0.0,0.0,0,0,0,0,0,0,0,0
TF,MZ407,44.669825,7.968453,0, ,0.0,0.0,0.0,0.0,0,0,0,0,0,0,0,0
TF,MZ411,44.810217,7.909922,0, ,0.0,0.0,0.0,0.0,0,0,0,1,200,0,0,0
TF,MZ412,44.808314,7.807789,0, ,0.0,0.0,0.0,0.0,0,0,0,1,200,0,0,0
TF,TOPRU,44.695833,7.756111,0, ,0.0,0.0,0.0,0.0,0,0,0,0,0,0,0,0

STAR,ABN1Z,ALL,5
IF,ABN,44.055972,8.221000, ,0.0,0.0,0,0,0,0,0,0,0,0
TF,ENOBA,44.299722,8.306389,0, ,0.0,0.0,0.0,0.0,2,11000,0,1,250,0,0,0
TF,RAZOZ,44.576667,8.206667,0, ,0.0,0.0,0.0,0.0,2,9500,0,0,0,0,0,0
TF,LUSFU,44.674167,8.049167,0, ,0.0,0.0,0.0,0.0,2,9500,0,1,230,0,0,0
TF,EPZEN,44.763056,7.905278,0, ,0.0,0.0,0.0,0.0,2,9500,0,1,210,0,0,0
TF,MZ419,44.736392,7.845967,0, ,0.0,0.0,0.0,0.0,4,9000,5000,0,0,0,0,0
TF,TOPRU,44.695833,7.756111,0, ,0.0,0.0,0.0,0.0,4,9000,4000,0,0,0,0,0

STAR,ENOB2B,ALL,2
IF,ENOBA,44.299722,8.306389, ,0.0,0.0,0,0,0,0,0,0,0,0
TF,MZ402,44.439056,7.915311,0, ,0.0,0.0,0.0,0.0,0,0,0,0,0,0,0,0
TF,MZ403,44.497631,7.748692,0, ,0.0,0.0,0.0,0.0,0,0,0,0,0,0,0,0
TF,LEV,44.544222,7.615389,0, ,0.0,0.0,0.0,0.0,0,0,0,0,0,0,0,0

STAR,GEN1Z,ALL,5
IF,GEN,44.424444,9.082333, ,0.0,0.0,0,0,0,0,0,0,0,0
TF,RAZOZ,44.576667,8.206667,0, ,0.0,0.0,0.0,0.0,2,9500,0,1,250,0,0,0
TF,LUSFU,44.674167,8.049167,0, ,0.0,0.0,0.0,0.0,2,9500,0,1,230,0,0,0
TF,EPZEN,44.763056,7.905278,0, ,0.0,0.0,0.0,0.0,2,9500,0,1,210,0,0,0
TF,MZ419,44.736392,7.845967,0, ,0.0,0.0,0.0,0.0,4,9000,5000,0,0,0,0,0
TF,TOPRU,44.695833,7.756111,0, ,0.0,0.0,0.0,0.0,4,9000,4000,0,0,0,0,0

STAR,KUMI1Z,ALL,5
IF,KUMIN,44.966111,7.348611, ,0.0,0.0,0,0,0,0,0,0,0,0
TF,EDVOC,44.980278,7.494722,0, ,0.0,0.0,0.0,0.0,2,12000,0,1,250,0,0,0
TF,IMROC,44.970278,7.776111,0, ,0.0,0.0,0.0,0.0,2,6000,0,1,230,0,0,0
TF,MZ417,44.877042,7.769961,0, ,0.0,0.0,0.0,0.0,4,9000,5000,0,0,0,0,0
TF,MZ416,44.793786,7.764344,0, ,0.0,0.0,0.0,0.0,4,9000,5000,1,210,0,0,0
TF,TOPRU,44.695833,7.756111,0, ,0.0,0.0,0.0,0.0,4,9000,4000,0,0,0,0,0

STAR,LAGE1V,ALL,5
IF,LAGEN,44.394167,8.498056, ,0.0,0.0,0,0,0,0,0,0,0,0
TF,RAZOZ,44.576667,8.206667,0, ,0.0,0.0,0.0,0.0,2,9500,0,1,250,0,0,0
TF,LUSFU,44.674167,8.049167,0, ,0.0,0.0,0.0,0.0,2,9500,0,1,230,0,0,0
TF,EPZEN,44.763056,7.905278,0, ,0.0,0.0,0.0,0.0,2,9500,0,1,210,0,0,0
TF,MZ419,44.736392,7.845967,0, ,0.0,0.0,0.0,0.0,4,9000,5000,0,0,0,0,0
TF,TOPRU,44.695833,7.756111,0, ,0.0,0.0,0.0,0.0,4,9000,4000,0,0,0,0,0

STAR,LAGE2D,ALL,5
IF,LAGEN,44.394167,8.498056, ,0.0,0.0,0,0,0,0,0,0,0,0
TF,NEDED,44.693889,8.140556,0, ,0.0,0.0,0.0,0.0,0,0,0,0,0,0,0,0
TF,MZ404,44.851247,7.896606,0, ,0.0,0.0,0.0,0.0,0,0,0,0,0,0,0,0
TF,MZ412,44.808314,7.807789,0, ,0.0,0.0,0.0,0.0,0,0,0,0,0,0,0,0
TF,TOPRU,44.695833,7.756111,0, ,0.0,0.0,0.0,0.0,0,0,0,0,0,0,0,0

STAR,NELA1Z,ALL,5
IF,NELAB,45.628333,8.406667, ,0.0,0.0,0,0,0,0,0,0,0,0
TF,RUFHO,45.247500,8.109444,0, ,0.0,0.0,0.0,0.0,2,11000,0,1,250,0,0,0
TF,BENQA,45.210000,7.791944,0, ,0.0,0.0,0.0,0.0,2,9000,0,1,250,0,0,0
TF,MZ418,45.043558,7.780881,0, ,0.0,0.0,0.0,0.0,2,6000,0,1,230,0,0,0
TF,MZ417,44.877042,7.769961,0, ,0.0,0.0,0.0,0.0,4,9000,5000,0,0,0,0,0
TF,MZ416,44.793786,7.764344,0, ,0.0,0.0,0.0,0.0,4,9000,5000,1,210,0,0,0
TF,TOPRU,44.695833,7.756111,0, ,0.0,0.0,0.0,0.0,4,9000,4000,0,0,0,0,0

STAR,TOP1B,AKA4U,1
IF,AKASU,46.109722,8.495556, ,0.0,0.0,0,0,0,0,0,0,0,0
TF,NELAB,45.628333,8.406667,0, ,0.0,0.0,0.0,0.0,0,0,0,0,0,0,0,0
TF,RUFHO,45.247500,8.109444,0, ,0.0,0.0,0.0,0.0,0,0,0,0,0,0,0,0
TF,TOP,44.925417,7.861667,0, ,0.0,0.0,0.0,0.0,0,0,0,0,0,0,0,0

STAR,TOP1B,GEN4U,1
IF,GEN,44.424444,9.082333, ,0.0,0.0,0,0,0,0,0,0,0,0
TF,ASTOR,44.830556,8.096667,0, ,0.0,0.0,0.0,0.0,0,0,0,0,0,0,0,0
TF,TOP,44.925417,7.861667,0, ,0.0,0.0,0.0,0.0,0,0,0,0,0,0,0,0

STAR,TOP1B,KUM3U,1
IF,KUMIN,44.966111,7.348611, ,0.0,0.0,0,0,0,0,0,0,0,0
TF,LADUS,44.947778,7.581389,0, ,0.0,0.0,0.0,0.0,0,0,0,0,0,0,0,0
TF,TOP,44.925417,7.861667,0, ,0.0,0.0,0.0,0.0,0,0,0,0,0,0,0,0

STAR,TOP1B,LUS5U,1
IF,LUSIL,46.043056,10.116667, ,0.0,0.0,0,0,0,0,0,0,0,0
TF,SRN,45.645972,9.021583,0, ,0.0,0.0,0.0,0.0,0,0,0,0,0,0,0,1
TF,NELAB,45.628333,8.406667,0, ,0.0,0.0,0.0,0.0,0,0,0,0,0,0,0,0
TF,RUFHO,45.247500,8.109444,0, ,0.0,0.0,0.0,0.0,0,0,0,0,0,0,0,0
TF,TOP,44.925417,7.861667,0, ,0.0,0.0,0.0,0.0,0,0,0,0,0,0,0,0

STAR,TOP1B,SRN5U,1
IF,SRN,45.645972,9.021583, ,0.0,0.0,0,0,0,0,0,0,0,0
TF,NELAB,45.628333,8.406667,0, ,0.0,0.0,0.0,0.0,0,0,0,0,0,0,0,0
TF,RUFHO,45.247500,8.109444,0, ,0.0,0.0,0.0,0.0,0,0,0,0,0,0,0,0
TF,TOP,44.925417,7.861667,0, ,0.0,0.0,0.0,0.0,0,0,0,0,0,0,0,0

STAR,TOP1B,VER4U,1
IF,VEROB,45.295556,7.389444, ,0.0,0.0,0,0,0,0,0,0,0,0
TF,OKOMU,45.111389,7.626667,0, ,0.0,0.0,0.0,0.0,0,0,0,0,0,0,0,0
TF,TOP,44.925417,7.861667,0, ,0.0,0.0,0.0,0.0,0,0,0,0,0,0,0,0

STAR,TOP1B,ALL,2
IF,TOP,44.925417,7.861667, ,0.0,0.0,0,0,0,0,0,0,0,0
TF,MZ401,44.802181,7.781519,0, ,0.0,0.0,0.0,0.0,4,6000,4000,0,0,0,0,0
TF,LEV,44.544222,7.615389,0, ,0.0,0.0,0.0,0.0,0,0,0,0,0,0,0,0

STAR,TOP3D,AKA4U,4
IF,AKASU,46.109722,8.495556, ,0.0,0.0,0,0,0,0,0,0,0,0
TF,NELAB,45.628333,8.406667,0, ,0.0,0.0,0.0,0.0,0,0,0,0,0,0,0,0
TF,RUFHO,45.247500,8.109444,0, ,0.0,0.0,0.0,0.0,0,0,0,0,0,0,0,0
TF,TOP,44.925417,7.861667,0, ,0.0,0.0,0.0,0.0,0,0,0,0,0,0,0,0

STAR,TOP3D,GEN4U,4
IF,GEN,44.424444,9.082333, ,0.0,0.0,0,0,0,0,0,0,0,0
TF,ASTOR,44.830556,8.096667,0, ,0.0,0.0,0.0,0.0,0,0,0,0,0,0,0,0
TF,TOP,44.925417,7.861667,0, ,0.0,0.0,0.0,0.0,0,0,0,0,0,0,0,0

STAR,TOP3D,KUM3U,4
IF,KUMIN,44.966111,7.348611, ,0.0,0.0,0,0,0,0,0,0,0,0
TF,LADUS,44.947778,7.581389,0, ,0.0,0.0,0.0,0.0,0,0,0,0,0,0,0,0
TF,TOP,44.925417,7.861667,0, ,0.0,0.0,0.0,0.0,0,0,0,0,0,0,0,0

STAR,TOP3D,LUS5U,4
IF,LUSIL,46.043056,10.116667, ,0.0,0.0,0,0,0,0,0,0,0,0
TF,SRN,45.645972,9.021583,0, ,0.0,0.0,0.0,0.0,0,0,0,0,0,0,0,1
TF,NELAB,45.628333,8.406667,0, ,0.0,0.0,0.0,0.0,0,0,0,0,0,0,0,0
TF,RUFHO,45.247500,8.109444,0, ,0.0,0.0,0.0,0.0,0,0,0,0,0,0,0,0
TF,TOP,44.925417,7.861667,0, ,0.0,0.0,0.0,0.0,0,0,0,0,0,0,0,0

STAR,TOP3D,SRN5U,4
IF,SRN,45.645972,9.021583, ,0.0,0.0,0,0,0,0,0,0,0,0
TF,NELAB,45.628333,8.406667,0, ,0.0,0.0,0.0,0.0,0,0,0,0,0,0,0,0
TF,RUFHO,45.247500,8.109444,0, ,0.0,0.0,0.0,0.0,0,0,0,0,0,0,0,0
TF,TOP,44.925417,7.861667,0, ,0.0,0.0,0.0,0.0,0,0,0,0,0,0,0,0

STAR,TOP3D,VER4U,4
IF,VEROB,45.295556,7.389444, ,0.0,0.0,0,0,0,0,0,0,0,0
TF,OKOMU,45.111389,7.626667,0, ,0.0,0.0,0.0,0.0,0,0,0,0,0,0,0,0
TF,TOP,44.925417,7.861667,0, ,0.0,0.0,0.0,0.0,0,0,0,0,0,0,0,0

STAR,TOP3D,ALL,5
IF,TOP,44.925417,7.861667, ,0.0,0.0,0,0,0,0,0,0,0,0
TF,MZ413,44.798631,7.803444,0, ,0.0,0.0,0.0,0.0,4,6000,4000,0,0,0,0,0
TF,TOPRU,44.695833,7.756111,0, ,0.0,0.0,0.0,0.0,0,0,0,0,0,0,0,0

STAR,VERO1Z,ALL,5
IF,VEROB,45.295556,7.389444, ,0.0,0.0,0,0,0,0,0,0,0,0
TF,IDRIF,45.246389,7.622222,0, ,0.0,0.0,0.0,0.0,2,13000,0,0,0,0,0,0
TF,BENQA,45.210000,7.791944,0, ,0.0,0.0,0.0,0.0,2,9000,0,1,250,0,0,0
TF,MZ418,45.043558,7.780881,0, ,0.0,0.0,0.0,0.0,2,6000,0,1,230,0,0,0
TF,MZ417,44.877042,7.769961,0, ,0.0,0.0,0.0,0.0,4,9000,5000,0,0,0,0,0
TF,MZ416,44.793786,7.764344,0, ,0.0,0.0,0.0,0.0,4,9000,5000,1,210,0,0,0
TF,TOPRU,44.695833,7.756111,0, ,0.0,0.0,0.0,0.0,4,9000,4000,0,0,0,0,0

STAR,VOG1R,ALL,5
IF,VOG,44.964583,8.970194, ,0.0,0.0,0,0,0,0,0,0,0,0
TF,ITHON,44.822500,8.046389,0, ,0.0,0.0,0.0,0.0,2,9500,0,1,230,0,0,0
TF,EPZEN,44.763056,7.905278,0, ,0.0,0.0,0.0,0.0,2,5000,0,1,210,0,0,0
TF,MZ419,44.736392,7.845967,0, ,0.0,0.0,0.0,0.0,4,9000,5000,0,0,0,0,0
TF,TOPRU,44.695833,7.756111,0, ,0.0,0.0,0.0,0.0,4,9000,4000,0,0,0,0,0

APPTR,I21-X,21,TOPRU
IF,TOPRU,44.695833,7.756111, ,0.0,0.0,2,4000,0,0,0,0,1,0
CF,CI21,44.675467,7.737978,0,LEV,30.6,9.9,210.0,1.5,2,4000,0,0,0,0,0,0

FINAL,I21-X,21,I,3
IF,CI21,44.675467,7.737978,LEV,30.6,9.9,2,4000,0,0,0,0,0,0
CF,OM21,44.627806,7.695083,0,LEV,30.6,6.5,210.0,3.4,1,2913,0,0,0,0,2,0
CF,RW21,44.555567,7.630444,0,LEV,30.6,1.3,210.0,5.1,1,1275,0,0,0,0,3,0
CA,0,210.0,2,2000,0,0,0,0,0,0
CF,LEV,44.544222,7.615389,1,TOP,202.8,25.2,327.0,4.0,0,0,0,1,185,0,0,0
CA,0,327.0,2,4000,0,0,0,0,0,0
CF,LEV,44.544222,7.615389,2,TOP,202.8,25.2,203.0,4.0,0,0,0,1,185,0,0,0

APPTR,I21-Y,21,TOPRU
IF,TOPRU,44.695833,7.756111, ,0.0,0.0,2,4000,0,0,0,0,1,0
CF,CI21,44.675467,7.737978,0,LEV,30.6,9.9,210.0,1.4,2,4000,0,0,0,0,0,0

FINAL,I21-Y,21,I,3
IF,CI21,44.675467,7.737978,LEV,30.6,9.9,2,4000,0,0,0,0,0,0
CF,OM21,44.627806,7.695083,0,LEV,30.6,6.5,210.0,3.4,1,2913,0,0,0,0,2,0
CF,RW21,44.555567,7.630444,0,LEV,30.6,1.3,210.0,5.1,1,1275,0,0,0,0,3,0
CA,0,210.0,2,1700,0,0,0,0,0,0
CF,D193T,44.604939,7.733058,1,TOP,193.0,20.0,13.0,6.0,2,3800,0,1,185,0,0,0
CF,TOP,44.925417,7.861667,0,TOP,0.0,0.0,13.0,20.0,1,5000,0,0,0,0,0,0
HM,TOP,44.925417,7.861667,2, ,0.0,0.0,279.0,04.3,2,5000,0,0,0,0,0,0,0

APPTR,I21-Z,21,TOPRU
IF,TOPRU,44.695833,7.756111, ,0.0,0.0,2,4000,0,0,0,0,1,0
CF,CI21,44.675467,7.737978,0,LEV,30.6,9.9,210.0,1.5,2,4000,0,0,0,0,0,0

FINAL,I21-Z,21,I,3
IF,CI21,44.675467,7.737978,LEV,30.6,9.9,2,4000,0,0,0,0,0,0
CF,OM21,44.627806,7.695083,0,LEV,30.6,6.5,210.0,3.4,1,2913,0,0,0,0,2,0
CF,RW21,44.555567,7.630444,0,LEV,30.6,1.3,210.0,5.1,1,1275,0,0,0,0,3,0
CA,0,210.0,2,1700,0,0,0,0,0,0
CF,D197Z,44.515539,7.664494,1,TOP,197.0,26.0,17.0,2.0,0,0,0,1,185,0,0,0
CA,0,17.0,2,4000,0,0,0,0,0,0
CF,LEV,44.544222,7.615389,1,TOP,202.8,25.2,203.0,5.0,1,4000,0,1,185,0,0,0

APPTR,R21,21,TOPRU
IF,TOPRU,44.695833,7.756111, ,0.0,0.0,2,4000,0,0,0,0,0,0
TF,MZ701,44.653814,7.718506,0, ,0.0,0.0,0.0,0.0,2,3500,0,0,0,0,0,0

APPTR,R21,21,TUGBA
IF,TUGBA,44.703889,7.839167, ,0.0,0.0,2,4000,0,0,0,0,1,0
TF,TOPRU,44.695833,7.756111,0, ,0.0,0.0,0.0,0.0,2,4000,0,0,0,0,0,0
TF,MZ701,44.653814,7.718506,0, ,0.0,0.0,0.0,0.0,2,3500,0,0,0,0,0,0

FINAL,R21,21,R,2
IF,MZ701,44.653814,7.718506, ,0.0,0.0,2,3500,0,0,0,0,2,0
TF,RW21,44.555567,7.630444,0, ,0.0,0.0,210.0,7.0,1,1267,0,0,0,0,3,1
CF,MZ702,44.523269,7.601575,0,TOP,202.9,26.6,210.0,2.3,2,1800,0,1,185,0,0,1
CF,MZ706,44.579425,7.826947,1,TOP,182.1,20.8,45.0,9.0,2,4000,0,1,185,0,0,0
CF,TUGBA,44.703889,7.839167,0,TOP,182.1,13.3,1.0,7.5,2,4000,0,0,0,0,0,0
HM,TUGBA,44.703889,7.839167,1, ,0.0,0.0,181.0,03,2,4000,0,1,185,0,0,0,0

