SID,AMLO6Q,12,2
CD, ,0,0,0,FOL,0,0.0,114.0,10.0,0,0,0,0,0,0,0,0
CI,1, ,0.0,24.0,0,0,0,0,0,0,0,0
CF,D072V,44.283439,12.562217,0,FOL,72.7,22.0,72.0,7.0,2,5500,0,0,0,0,0,0
TF,AMLON,44.339167,12.876389,0, ,0.0,0.0,0.0,0.0,2,8000,0,0,0,0,0,0

SID,AMLO6R,30,2
CA,0,294.0,2,500,0,0,0,0,0,0
CF,D299F,44.246681,11.949683,0,FOL,299.0,6.0,299.0,4.0,2,1700,0,0,0,0,0,0
CI,0, ,0.0,299.0,0,0,0,0,0,0,0,0
AF,D057H,44.260306,12.228347,2,FOL,57.0,8.0,299.0,0,0,0,0,0,0,0,0
CF,D072V,44.283439,12.562217,0,FOL,72.7,22.0,72.0,14.0,2,5500,0,0,0,0,0,0
TF,AMLON,44.339167,12.876389,0, ,0.0,0.0,0.0,0.0,2,8000,0,0,0,0,0,0

SID,ASDO6Q,12,2
CD, ,0,0,0,FOL,0,0.0,114.0,10.0,0,0,0,0,0,0,0,0
CI,0, ,0.0,114.0,0,0,0,0,0,0,0,0
AF,D137L,44.040392,12.245894,2,FOL,137.0,12.0,114.0,0,0,0,0,0,0,0,0
CF,ASDOR,43.784722,12.399722,0,FOL,146.5,28.4,146.0,16.0,2,11000,0,0,0,0,0,0

SID,ASDO6R,30,2
CA,0,294.0,2,500,0,0,0,0,0,0
CF,D299F,44.246681,11.949683,0,FOL,299.0,6.0,299.0,4.0,2,1700,0,0,0,0,0,0
CI,0, ,0.0,299.0,0,0,0,0,0,0,0,0
AF,D131H,44.101044,12.200772,2,FOL,131.0,8.0,299.0,0,0,0,0,0,0,0,0
CF,ASDOR,43.784722,12.399722,0,FOL,146.5,28.4,146.0,20.0,2,11000,0,0,0,0,0,0

SID,BOA6Q,12,2
CD, ,0,0,0,FOL,0,0.0,114.0,10.0,0,0,0,0,0,0,0,0
DF,FOL,44.193750,12.067667,2, ,0.0,0.0,0,0,0,0,0,0,0,0
TF,D299T,44.369214,11.673136,0, ,0.0,0.0,0.0,0.0,2,10000,0,0,0,0,0,0
TF,BOA,44.537028,11.290667,0, ,0.0,0.0,0.0,0.0,0,0,0,0,0,0,0,0

SID,GIPU6Q,12,2
CD, ,0,0,0,FOL,0,0.0,114.0,10.0,0,0,0,0,0,0,0,0
DF,FOL,44.193750,12.067667,2, ,0.0,0.0,2,10000,0,0,0,0,0,0
TF,GIPUK,44.588611,11.966667,0, ,0.0,0.0,0.0,0.0,0,0,0,0,0,0,0,0

SID,LUMA7Q,12,2
CD, ,0,0,0,FOL,0,0.0,114.0,10.0,0,0,0,0,0,0,0,0
DF,FOL,44.193750,12.067667,2, ,0.0,0.0,2,10000,0,0,0,0,0,0
TF,D329L,44.371356,11.939647,0, ,0.0,0.0,0.0,0.0,2,13000,0,0,0,0,0,0
TF,LUMAV,44.814444,11.616389,0, ,0.0,0.0,0.0,0.0,0,0,0,0,0,0,0,0

SID,LUMA7R,30,2
CA,0,294.0,2,500,0,0,0,0,0,0
CF,D299F,44.246681,11.949683,0,FOL,299.0,6.0,299.0,4.0,2,1700,0,0,0,0,0,1
TF,D329L,44.371356,11.939647,0, ,0.0,0.0,0.0,0.0,2,9000,0,0,0,0,0,0
TF,LUMAV,44.814444,11.616389,0, ,0.0,0.0,0.0,0.0,0,0,0,0,0,0,0,0

STAR,ASDO3Q,ALL,2
IF,ASDOR,43.784722,12.399722, ,0.0,0.0,0,0,0,0,0,0,0,0
TF,D146J,44.050061,12.184925,0, ,0.0,0.0,0.0,0.0,0,0,0,0,0,0,0,0
TF,FOL,44.193750,12.067667,0, ,0.0,0.0,0.0,0.0,0,0,0,0,0,0,0,0

STAR,ASDO3R,ALL,2
IF,ASDOR,43.784722,12.399722, ,0.0,0.0,0,0,0,0,0,0,0,0
TF,D146J,44.050061,12.184925,0, ,0.0,0.0,0.0,0.0,0,0,0,0,0,0,0,0
TF,FOL,44.193750,12.067667,0, ,0.0,0.0,0.0,0.0,0,0,0,0,0,0,0,0
TF,RIMED,44.269444,11.902500,0, ,0.0,0.0,0.0,0.0,0,0,0,0,0,0,0,0

STAR,BOA3Q,ALL,2
IF,BOA,44.537028,11.290667, ,0.0,0.0,0,0,0,0,0,0,0,0
TF,D299T,44.369214,11.673136,0, ,0.0,0.0,0.0,0.0,0,0,0,0,0,0,0,0
TF,D299M,44.308283,11.811769,0, ,0.0,0.0,0.0,0.0,0,0,0,0,0,0,0,0
TF,FOL,44.193750,12.067667,0, ,0.0,0.0,0.0,0.0,0,0,0,0,0,0,0,0

STAR,BOA3R,ALL,2
IF,BOA,44.537028,11.290667, ,0.0,0.0,0,0,0,0,0,0,0,0
TF,D299T,44.369214,11.673136,0, ,0.0,0.0,0.0,0.0,0,0,0,0,0,0,0,0
TF,D299M,44.308283,11.811769,0, ,0.0,0.0,0.0,0.0,0,0,0,0,0,0,0,0

STAR,GIPU3Q,ALL,2
IF,GIPUK,44.588611,11.966667, ,0.0,0.0,0,0,0,0,0,0,0,0
TF,D346K,44.374092,12.021708,0, ,0.0,0.0,0.0,0.0,0,0,0,0,0,0,0,0
TF,FOL,44.193750,12.067667,0, ,0.0,0.0,0.0,0.0,0,0,0,0,0,0,0,0

STAR,GIPU3R,ALL,2
IF,GIPUK,44.588611,11.966667, ,0.0,0.0,0,0,0,0,0,0,0,0
TF,D346Q,44.472450,11.996522,0, ,0.0,0.0,0.0,0.0,0,0,0,0,0,0,0,0
CI,0, ,0.0,166.0,0,0,0,0,0,0,0,0
AF,D317O,44.385047,11.843575,1,FOL,317.0,15.0,346.0,0,0,0,0,0,0,0,0
AF,D308O,44.357467,11.804681,1,FOL,308.0,15.0,317.0,0,0,0,0,0,0,0,0
CF,D299M,44.308283,11.811769,0,FOL,299.0,13.0,119.0,2.0,0,0,0,0,0,0,0,0

STAR,LUMA4Q,ALL,2
IF,LUMAV,44.814444,11.616389, ,0.0,0.0,0,0,0,0,0,0,0,0
TF,D329K,44.356561,11.950344,0, ,0.0,0.0,0.0,0.0,0,0,0,0,0,0,0,0
TF,FOL,44.193750,12.067667,0, ,0.0,0.0,0.0,0.0,0,0,0,0,0,0,0,0

STAR,LUMA4R,ALL,2
IF,LUMAV,44.814444,11.616389, ,0.0,0.0,0,0,0,0,0,0,0,0
TF,D329Q,44.445317,11.886078,0, ,0.0,0.0,0.0,0.0,0,0,0,0,0,0,0,0
CI,0, ,0.0,149.0,0,0,0,0,0,0,0,0
AF,D317O,44.385047,11.843575,1,FOL,317.0,15.0,329.0,0,0,0,0,0,0,0,0
AF,D308O,44.357467,11.804681,1,FOL,308.0,15.0,317.0,0,0,0,0,0,0,0,0
CF,D299M,44.308283,11.811769,0,FOL,299.0,13.0,119.0,2.0,0,0,0,0,0,0,0,0

APPTR,D12,12,D299M
IF,D299M,44.308283,11.811769, ,0.0,0.0,2,3500,0,1,190,0,1,0
CF,RIMED,44.269444,11.902500,0,FOL,299.6,8.5,119.0,4.6,0,0,0,0,0,0,0,1
CF,D283N,44.255553,11.764064,2,FOL,282.9,13.6,299.0,6.0,0,0,0,0,0,0,0,1
CF,D299M,44.308283,11.811769,2,FOL,299.0,13.0,119.0,1.0,2,3500,0,0,0,0,0,0
CF,CD12,44.281903,11.870911,0,FOL,299.0,10.0,119.0,3.0,2,2200,0,0,0,0,1,0

FINAL,D12,12,D,3
IF,CD12,44.281903,11.870911,FOL,299.0,10.0,2,2200,0,0,0,0,0,0
CF,FD12,44.255492,11.930000,0,FOL,299.0,7.0,119.0,3.0,2,2200,0,0,0,0,2,0
CF,MD12,44.206994,12.038189,0,FOL,299.0,1.5,119.0,5.5,1,448,0,0,0,0,3,0
FA,MD12,44.206994,12.038189,0,FOL,0.0,0.0,119.0,2,1700,0,0,0,0,0,0
CI,2, ,0.0,340.0,0,0,0,1,200,0,0,0
CF,RIMED,44.269444,11.902500,0,FOL,299.6,8.5,299.0,7.0,1,3500,0,0,0,0,0,0
HM,RIMED,44.269444,11.902500,2, ,0.0,0.0,119.0,04.5,2,3500,0,1,190,0,0,0,0

APPTR,D30,30,FOL1
IF,FOL,44.193750,12.067667, ,0.0,0.0,2,3500,0,0,0,0,1,0
FD,FOL,44.193750,12.067667,0,FOL,0.0,8.0,78.0,8.0,2,2500,0,0,0,0,0,0
CF,FD30,44.149944,12.217908,2,FOL,109.0,7.0,289.0,1.0,2,2500,0,0,0,0,0,0

APPTR,D30,30,FOL2
IF,FOL,44.193750,12.067667, ,0.0,0.0,2,3500,0,0,0,0,1,0
FD,FOL,44.193750,12.067667,0,FOL,0.0,8.0,98.0,8.0,2,2500,0,0,0,0,0,0
CF,FD30,44.149944,12.217908,2,FOL,109.0,7.0,289.0,1.0,2,2500,0,0,0,0,0,0

FINAL,D30,30,D,4
IF,FD30,44.149944,12.217908,FOL,109.0,7.0,2,2500,0,0,0,0,2,0
CF,50VOR,44.162478,12.175006,0,FOL,109.0,5.0,289.0,2.0,2,1750,0,0,0,0,0,0
CF,35VOR,44.171869,12.142814,0,FOL,109.0,3.5,289.0,1.5,2,1200,0,0,0,0,0,0
CF,MD30,44.187503,12.089142,0,FOL,109.0,0.0,289.0,2.5,1,254,0,0,0,0,3,0
CF,D289E,44.224917,11.960211,0,FOL,289.0,5.0,289.0,6.0,2,3500,0,0,0,0,0,1
DF,FOL,44.193750,12.067667,2, ,0.0,0.0,1,3500,0,1,185,0,0,0
HM,FOL,44.193750,12.067667,1, ,0.0,0.0,99.0,04.3,2,3500,0,1,185,0,0,0,0

FINAL,I12,12,I,3
IF,CI12,44.281953,11.831014,FOR,293.9,12.4,2,3500,0,0,0,0,0,0
CF,OM12,44.229139,11.977000,0,FOR,294.0,5.3,114.0,7.1,1,1535,0,0,0,0,2,0
CF,RW12,44.200147,12.056244,0,FOR,293.9,1.5,114.0,3.8,1,165,0,0,0,0,3,0
FA,RW12,44.200147,12.056244,0,FOL,0.0,0.0,114.0,2,1700,0,0,0,0,0,0
VI,2, ,0.0,340.0,0,0,0,1,200,0,0,0
CF,RIMED,44.269444,11.902500,0,FOL,299.6,8.5,299.0,8.0,1,3500,0,0,0,0,0,0
HM,RIMED,44.269444,11.902500,2, ,0.0,0.0,119.0,04.5,2,3500,0,1,190,0,0,0,0

