SID,CHI5E,09,2
CA,0,88.0,2,600,0,0,0,0,0,0
VI,2, ,0.0,327.0,0,0,0,0,0,0,0,0
CF,RON,45.828806,13.360361,0,RCH,267.2,5.0,267.0,3.0,2,5000,0,0,0,0,0,1
CF,RCH,45.829806,13.480278,2,RCH,0.0,0.0,135.0,5.0,2,9000,0,0,0,0,0,0
TF,IPINO,45.707222,13.284167,2, ,0.0,0.0,0.0,0.0,2,9000,0,0,0,0,0,0
TF,OSLOP,45.640278,13.176944,0, ,0.0,0.0,0.0,0.0,0,0,0,0,0,0,0,0
TF,CHI,45.071083,12.281444,0, ,0.0,0.0,0.0,0.0,0,0,0,0,0,0,0,0

SID,CHI8B,09,1
CA,0,88.0,2,600,0,0,0,0,0,0
VI,2, ,0.0,270.0,0,0,0,0,0,0,0,0
CF,IPINO,45.707222,13.284167,0,ILB,282.1,38.3,202.0,5.0,2,4000,0,0,0,0,0,0

SID,CHI8B,27,1
CA,0,268.0,2,440,0,0,0,0,0,0
VI,0, ,0.0,247.0,0,0,0,0,0,0,0,0
CF,IPINO,45.707222,13.284167,0,ILB,282.1,38.3,202.0,7.0,2,4000,0,0,0,0,0,0

SID,CHI8B,ALL,2
IF,IPINO,45.707222,13.284167, ,0.0,0.0,2,4000,0,0,0,0,0,0
TF,OSLOP,45.640278,13.176944,0, ,0.0,0.0,0.0,0.0,2,5000,0,0,0,0,0,0
TF,CHI,45.071083,12.281444,0, ,0.0,0.0,0.0,0.0,0,0,0,0,0,0,0,0

SID,CHI8C,27,2
CA,0,268.0,2,450,0,0,0,0,0,0
CF,D267G,45.827047,13.313486,0,RCH,267.0,7.0,267.0,6.0,2,2400,0,0,0,0,0,1
CF,RCH,45.829806,13.480278,2,RCH,0.0,0.0,118.0,7.0,2,9000,0,0,0,0,0,0
TF,IPINO,45.707222,13.284167,2, ,0.0,0.0,0.0,0.0,2,9000,0,0,0,0,0,0
TF,OSLOP,45.640278,13.176944,0, ,0.0,0.0,0.0,0.0,0,0,0,0,0,0,0,0
TF,CHI,45.071083,12.281444,0, ,0.0,0.0,0.0,0.0,0,0,0,0,0,0,0,0

SID,RCH5C,27,2
CA,0,268.0,2,450,0,0,0,0,0,0
CF,D267G,45.827047,13.313486,0,RCH,267.0,7.0,267.0,6.0,2,2400,0,0,0,0,0,1
CF,RCH,45.829806,13.480278,2,RCH,0.0,0.0,118.0,7.0,2,7500,0,0,0,0,0,0

SID,RCH5E,09,2
CA,0,88.0,2,600,0,0,0,0,0,0
VI,2, ,0.0,327.0,0,0,0,0,0,0,0,0
CF,RON,45.828806,13.360361,0,RCH,267.6,5.0,267.0,3.0,2,5000,0,0,0,0,0,1
CF,RCH,45.829806,13.480278,2,RCH,0.0,0.0,135.0,5.0,2,7500,0,0,0,0,0,0

SID,RIFE5C,27,2
CA,0,268.0,2,450,0,0,0,0,0,0
CF,D267G,45.827047,13.313486,0,RCH,267.0,7.0,267.0,6.0,2,2400,0,0,0,0,0,1
CF,RCH,45.829806,13.480278,2,RCH,0.0,0.0,118.0,7.0,2,7500,0,0,0,0,0,0
TF,RIFEN,45.851111,13.589722,0, ,0.0,0.0,0.0,0.0,2,8500,0,0,0,0,0,0

SID,RIFE5E,09,2
CA,0,88.0,2,600,0,0,0,0,0,0
VI,2, ,0.0,327.0,0,0,0,0,0,0,0,0
CF,RON,45.828806,13.360361,0,RCH,267.2,5.0,267.0,3.0,2,5000,0,0,0,0,0,1
CF,RCH,45.829806,13.480278,2,RCH,0.0,0.0,135.0,5.0,2,7500,0,0,0,0,0,0
TF,RIFEN,45.851111,13.589722,0, ,0.0,0.0,0.0,0.0,2,8500,0,0,0,0,0,0

SID,RIFE6B,09,1
CA,0,88.0,2,600,0,0,0,0,0,0
VI,2, ,0.0,270.0,0,0,0,0,0,0,0,0
CF,IPINO,45.707222,13.284167,0,ILB,282.1,38.3,202.0,5.0,2,4000,0,0,0,0,0,1
DF,RON,45.828806,13.360361,2, ,0.0,0.0,2,7500,0,0,0,0,0,0

SID,RIFE6B,27,1
CA,0,268.0,2,440,0,0,0,0,0,0
VI,0, ,0.0,247.0,0,0,0,0,0,0,0,0
CF,IPINO,45.707222,13.284167,0,ILB,282.1,38.3,202.0,7.0,2,4000,0,0,0,0,0,1
DF,RON,45.828806,13.360361,2, ,0.0,0.0,2,7500,0,0,0,0,0,0

SID,RIFE6B,ALL,2
IF,RON,45.828806,13.360361, ,0.0,0.0,2,7500,0,0,0,0,0,0
TF,RIFEN,45.851111,13.589722,0, ,0.0,0.0,0.0,0.0,2,8500,0,0,0,0,0,0

SID,ROSK5C,27,5
CA,0,268.0,2,450,0,0,0,0,0,0
CF,PQ601,45.828389,13.313419,0,RCH,267.4,7.0,267.0,7.0,2,2400,0,0,0,0,0,1
DF,RCH,45.829806,13.480278,2, ,0.0,0.0,2,9000,0,0,0,0,0,1
TF,IPINO,45.707222,13.284167,0, ,0.0,0.0,0.0,0.0,0,0,0,0,0,0,0,0
TF,OSLOP,45.640278,13.176944,0, ,0.0,0.0,0.0,0.0,0,0,0,0,0,0,0,0
TF,ROSKA,45.314167,12.861667,0, ,0.0,0.0,0.0,0.0,2,11000,0,0,0,0,0,0

SID,ROSK5E,09,5
CA,0,88.0,2,600,0,0,0,0,0,0
VI,2, ,0.0,327.0,0,0,0,0,0,0,0,0
CF,RON,45.828806,13.360361,0,RCH,267.4,5.0,267.0,3.0,2,5000,0,0,0,0,0,1
DF,RCH,45.829806,13.480278,2, ,0.0,0.0,2,9000,0,0,0,0,0,1
TF,IPINO,45.707222,13.284167,0, ,0.0,0.0,0.0,0.0,0,0,0,0,0,0,0,0
TF,OSLOP,45.640278,13.176944,0, ,0.0,0.0,0.0,0.0,0,0,0,0,0,0,0,0
TF,ROSKA,45.314167,12.861667,0, ,0.0,0.0,0.0,0.0,2,11000,0,0,0,0,0,0

SID,ROSK8B,09,1
CA,0,88.0,2,600,0,0,0,0,0,0
VI,2, ,0.0,270.0,0,0,0,0,0,0,0,0
CF,IPINO,45.707222,13.284167,0,ILB,282.1,38.3,202.0,5.0,2,4000,0,0,0,0,0,0

SID,ROSK8B,27,1
CA,0,268.0,2,440,0,0,0,0,0,0
VI,0, ,0.0,247.0,0,0,0,0,0,0,0,0
CF,IPINO,45.707222,13.284167,0,ILB,282.1,38.3,202.0,7.0,2,4000,0,0,0,0,0,0

SID,ROSK8B,ALL,2
IF,IPINO,45.707222,13.284167, ,0.0,0.0,2,4000,0,0,0,0,0,0
TF,OSLOP,45.640278,13.176944,0, ,0.0,0.0,0.0,0.0,2,5000,0,0,0,0,0,0
TF,ROSKA,45.314167,12.861667,0, ,0.0,0.0,0.0,0.0,2,9000,0,0,0,0,0,0

SID,TIBR6E,09,5
CA,0,88.0,2,600,0,0,0,0,0,0
VI,2, ,0.0,327.0,0,0,0,0,0,0,0,0
CF,RON,45.828806,13.360361,0,RCH,267.4,5.0,267.0,3.0,2,7500,0,0,0,0,0,1
TF,LUPIN,46.006111,13.411944,2, ,0.0,0.0,0.0,0.0,2,10500,0,0,0,0,0,0
TF,TIBRO,46.218333,13.472778,0, ,0.0,0.0,0.0,0.0,2,13000,0,0,0,0,0,0

SID,TIBR6F,27,5
CA,0,268.0,2,450,0,0,0,0,0,0
CF,PQ601,45.828389,13.313419,0,RCH,267.4,7.0,267.0,7.0,2,2400,0,0,0,0,0,1
CF,RCH,45.829806,13.480278,2,RCH,0.0,0.0,118.0,7.0,2,7500,0,0,0,0,0,1
DF,RON,45.828806,13.360361,2, ,0.0,0.0,2,8500,0,0,0,0,0,0
TF,LUPIN,46.006111,13.411944,0, ,0.0,0.0,0.0,0.0,2,10500,0,0,0,0,0,0
TF,TIBRO,46.218333,13.472778,0, ,0.0,0.0,0.0,0.0,2,13000,0,0,0,0,0,0

SID,TIBR9B,09,1
CA,0,88.0,2,600,0,0,0,0,0,0
VI,2, ,0.0,270.0,0,0,0,0,0,0,0,0
CF,IPINO,45.707222,13.284167,0,ILB,282.1,38.3,202.0,5.0,2,4000,0,0,0,0,0,1
DF,RON,45.828806,13.360361,2, ,0.0,0.0,2,8500,0,0,0,0,0,0

SID,TIBR9B,27,1
CA,0,268.0,2,440,0,0,0,0,0,0
VI,0, ,0.0,247.0,0,0,0,0,0,0,0,0
CF,IPINO,45.707222,13.284167,0,ILB,282.1,38.3,202.0,7.0,2,4000,0,0,0,0,0,1
DF,RON,45.828806,13.360361,2, ,0.0,0.0,2,8500,0,0,0,0,0,0

SID,TIBR9B,ALL,2
IF,RON,45.828806,13.360361, ,0.0,0.0,2,8500,0,0,0,0,0,0
TF,LUPIN,46.006111,13.411944,0, ,0.0,0.0,0.0,0.0,2,11000,0,0,0,0,0,0
TF,TIBRO,46.218333,13.472778,0, ,0.0,0.0,0.0,0.0,2,13000,0,0,0,0,0,0

STAR,CHI1E,ALL,5
IF,CHI,45.071083,12.281444, ,0.0,0.0,0,0,0,0,0,0,0,0
TF,TULIK,45.283889,12.789167,0, ,0.0,0.0,0.0,0.0,2,5000,0,0,0,0,0,0
TF,ROSKA,45.314167,12.861667,0, ,0.0,0.0,0.0,0.0,2,5000,0,0,0,0,0,0
TF,PQ403,45.667156,12.940450,0, ,0.0,0.0,0.0,0.0,2,5000,0,0,0,0,0,0
TF,PQ402,45.829158,13.122664,0, ,0.0,0.0,0.0,0.0,2,5000,0,0,0,0,0,0
TF,PQ401,45.828939,13.206103,0, ,0.0,0.0,0.0,0.0,2,3000,0,0,0,0,0,0
TF,LEIRA,45.828611,13.290000,0, ,0.0,0.0,0.0,0.0,2,3000,0,1,185,0,0,0

STAR,CHI1H,ALL,5
IF,CHI,45.071083,12.281444, ,0.0,0.0,0,0,0,0,0,0,0,0
TF,PQ403,45.667156,12.940450,0, ,0.0,0.0,0.0,0.0,2,5000,0,0,0,0,0,0
TF,PQ402,45.829158,13.122664,0, ,0.0,0.0,0.0,0.0,2,5000,0,0,0,0,0,0
TF,PQ401,45.828939,13.206103,0, ,0.0,0.0,0.0,0.0,2,3000,0,0,0,0,0,0
TF,LEIRA,45.828611,13.290000,0, ,0.0,0.0,0.0,0.0,2,3000,0,1,185,0,0,0

STAR,CHI1L,ALL,5
IF,CHI,45.071083,12.281444, ,0.0,0.0,0,0,0,0,0,0,0,0
TF,TULIK,45.283889,12.789167,0, ,0.0,0.0,0.0,0.0,2,5000,0,0,0,0,0,0
TF,ROSKA,45.314167,12.861667,0, ,0.0,0.0,0.0,0.0,2,5000,0,0,0,0,0,0
TF,PQ403,45.667156,12.940450,0, ,0.0,0.0,0.0,0.0,2,5000,0,0,0,0,0,0
TF,PQ402,45.829158,13.122664,0, ,0.0,0.0,0.0,0.0,2,5000,0,0,0,0,0,0
TF,PQ401,45.828939,13.206103,0, ,0.0,0.0,0.0,0.0,2,3000,0,0,0,0,0,0
TF,LEIRA,45.828611,13.290000,0, ,0.0,0.0,0.0,0.0,2,3000,0,0,0,0,0,0
TF,RON,45.828806,13.360361,0, ,0.0,0.0,0.0,0.0,2,3000,0,1,185,0,0,0

STAR,CHI1M,ALL,5
IF,CHI,45.071083,12.281444, ,0.0,0.0,0,0,0,0,0,0,0,0
TF,PQ406,45.523406,13.205294,0, ,0.0,0.0,0.0,0.0,0,0,0,1,210,0,0,0
TF,PQ404,45.632456,13.302758,0, ,0.0,0.0,0.0,0.0,0,0,0,1,210,0,0,0
TF,RON,45.828806,13.360361,0, ,0.0,0.0,0.0,0.0,0,0,0,1,185,0,0,0

STAR,CHI1N,ALL,5
IF,CHI,45.071083,12.281444, ,0.0,0.0,0,0,0,0,0,0,0,0
TF,PQ403,45.667156,12.940450,0, ,0.0,0.0,0.0,0.0,2,5000,0,0,0,0,0,0
TF,PQ402,45.829158,13.122664,0, ,0.0,0.0,0.0,0.0,2,5000,0,0,0,0,0,0
TF,PQ401,45.828939,13.206103,0, ,0.0,0.0,0.0,0.0,2,3000,0,0,0,0,0,0
TF,LEIRA,45.828611,13.290000,0, ,0.0,0.0,0.0,0.0,2,3000,0,0,0,0,0,0
TF,RON,45.828806,13.360361,0, ,0.0,0.0,0.0,0.0,2,3000,0,1,185,0,0,0

STAR,CHI4P,ALL,2
IF,CHI,45.071083,12.281444, ,0.0,0.0,0,0,0,0,0,0,0,0
TF,TULIK,45.283889,12.789167,0, ,0.0,0.0,0.0,0.0,0,0,0,0,0,0,0,0
TF,ROSKA,45.314167,12.861667,0, ,0.0,0.0,0.0,0.0,0,0,0,0,0,0,0,0
TF,OSLOP,45.640278,13.176944,0, ,0.0,0.0,0.0,0.0,0,0,0,0,0,0,0,0
TF,RON,45.828806,13.360361,0, ,0.0,0.0,0.0,0.0,0,0,0,0,0,0,0,0

STAR,NIOR1A,ALL,2
IF,NIORR,45.720278,13.423333, ,0.0,0.0,0,0,0,0,0,0,0,0
TF,RON,45.828806,13.360361,0, ,0.0,0.0,0.0,0.0,0,0,0,0,0,0,0,0

STAR,NIOR1B,ALL,2
IF,NIORR,45.720278,13.423333, ,0.0,0.0,0,0,0,0,0,0,0,0
TF,RON,45.828806,13.360361,0, ,0.0,0.0,0.0,0.0,0,0,0,0,0,0,0,0
TF,LEIRA,45.828611,13.290000,0, ,0.0,0.0,0.0,0.0,0,0,0,0,0,0,0,0

STAR,RCH1C,ALL,2
IF,RCH,45.829806,13.480278, ,0.0,0.0,0,0,0,0,0,0,0,0
TF,RON,45.828806,13.360361,0, ,0.0,0.0,0.0,0.0,0,0,0,0,0,0,0,0
TF,LEIRA,45.828611,13.290000,0, ,0.0,0.0,0.0,0.0,0,0,0,0,0,0,0,0

STAR,RCH2B,ALL,2
IF,RCH,45.829806,13.480278, ,0.0,0.0,0,0,0,0,0,0,0,0
TF,RON,45.828806,13.360361,0, ,0.0,0.0,0.0,0.0,0,0,0,0,0,0,0,0

STAR,RIFE1C,ALL,2
IF,RIFEN,45.851111,13.589722, ,0.0,0.0,0,0,0,0,0,0,0,0
TF,RCH,45.829806,13.480278,0, ,0.0,0.0,0.0,0.0,0,0,0,0,0,0,0,0
TF,LEIRA,45.828611,13.290000,0, ,0.0,0.0,0.0,0.0,0,0,0,0,0,0,0,0

STAR,RIFE2B,ALL,2
IF,RIFEN,45.851111,13.589722, ,0.0,0.0,0,0,0,0,0,0,0,0
TF,RCH,45.829806,13.480278,0, ,0.0,0.0,0.0,0.0,0,0,0,0,0,0,0,0
TF,RON,45.828806,13.360361,0, ,0.0,0.0,0.0,0.0,0,0,0,0,0,0,0,0

STAR,TIBR2C,ALL,2
IF,TIBRO,46.218333,13.472778, ,0.0,0.0,0,0,0,0,0,0,0,0
TF,LUPIN,46.006111,13.411944,0, ,0.0,0.0,0.0,0.0,0,0,0,0,0,0,0,0
CD, ,0,0,0,RCH,0,0.0,163.0,8.0,0,0,0,0,0,0,0,0
CF,RCH,45.829806,13.480278,0,RCH,0.0,0.0,163.0,8.0,0,0,0,0,0,0,0,0
TF,RON,45.828806,13.360361,2, ,0.0,0.0,0.0,0.0,0,0,0,0,0,0,0,0

STAR,TIBR2E,ALL,2
IF,TIBRO,46.218333,13.472778, ,0.0,0.0,0,0,0,0,0,0,0,0
TF,LUPIN,46.006111,13.411944,0, ,0.0,0.0,0.0,0.0,0,0,0,0,0,0,0,0
CD, ,0,0,0,RCH,0,0.0,163.0,8.0,0,0,0,0,0,0,0,0
CF,RCH,45.829806,13.480278,0,RCH,0.0,0.0,163.0,8.0,0,0,0,0,0,0,0,0
TF,LEIRA,45.828611,13.290000,2, ,0.0,0.0,0.0,0.0,0,0,0,0,0,0,0,0

STAR,TIBR3D,ALL,2
IF,TIBRO,46.218333,13.472778, ,0.0,0.0,0,0,0,0,0,0,0,0
TF,LUPIN,46.006111,13.411944,0, ,0.0,0.0,0.0,0.0,0,0,0,0,0,0,0,0
TF,D324G,45.924942,13.388289,0, ,0.0,0.0,0.0,0.0,0,0,0,0,0,0,0,0
TF,RON,45.828806,13.360361,0, ,0.0,0.0,0.0,0.0,0,0,0,0,0,0,0,0
TF,LEIRA,45.828611,13.290000,0, ,0.0,0.0,0.0,0.0,0,0,0,0,0,0,0,0

STAR,TIBR4B,ALL,2
IF,TIBRO,46.218333,13.472778, ,0.0,0.0,0,0,0,0,0,0,0,0
TF,LUPIN,46.006111,13.411944,0, ,0.0,0.0,0.0,0.0,0,0,0,0,0,0,0,0
TF,D324G,45.924942,13.388289,0, ,0.0,0.0,0.0,0.0,0,0,0,0,0,0,0,0
TF,RON,45.828806,13.360361,0, ,0.0,0.0,0.0,0.0,0,0,0,0,0,0,0,0

FINAL,D09-Y,09,D,4
IF,CD09,45.827319,13.289631,RCH,267.0,8.0,2,2200,0,0,0,0,0,0
CF,FD09,45.827969,13.337292,0,RCH,267.0,6.0,87.0,2.0,2,1600,0,0,0,0,2,0
CF,40VOR,45.828600,13.384953,0,RCH,267.0,4.0,87.0,2.0,2,960,0,0,0,0,0,0
CF,MD09,45.829214,13.432614,0,RCH,267.0,2.0,87.0,2.0,1,329,0,0,0,0,3,0
CA,0,87.0,2,440,0,0,0,0,0,0
DF,D267E,45.828289,13.361122,2, ,0.0,0.0,2,3000,0,1,200,0,0,0
HM,D267E,45.828289,13.361122,2, ,0.0,0.0,87.0,05,2,3000,0,1,185,0,0,0,0

FINAL,D09-Z,09,D,4
IF,CD09,45.827319,13.289631,RCH,267.0,8.0,2,2200,0,0,0,0,0,0
CF,FD09,45.827969,13.337292,0,RCH,267.0,6.0,87.0,2.0,2,1600,0,0,0,0,2,0
CF,40VOR,45.828600,13.384953,0,RCH,267.0,4.0,87.0,2.0,2,960,0,0,0,0,0,0
CF,MD09,45.829214,13.432614,0,RCH,267.0,2.0,87.0,2.0,1,329,0,0,0,0,3,0
CA,0,87.0,2,440,0,0,0,0,0,0
VI,2, ,0.0,243.0,0,0,0,1,200,0,0,0
CF,NIORR,45.720278,13.423333,0,RCH,198.0,7.0,198.0,4.0,1,3000,0,0,0,0,0,0
HM,NIORR,45.720278,13.423333,1, ,0.0,0.0,18.0,03,2,3000,0,1,185,0,0,0,0

FINAL,I09-X,09,I,3
IF,CI09X,45.828889,13.242042,RNC,268.5,10.5,2,2230,0,0,0,0,0,0
CF,FI09,45.828708,13.289711,0,RNC,268.5,8.5,88.0,2.0,1,2230,0,0,0,0,2,0
CF,RW09,45.827953,13.449925,0,RNC,268.5,1.7,88.0,6.7,1,93,0,0,0,0,3,0
FA,RW09,45.827953,13.449925,0,RCH,0.0,0.0,88.0,2,650,0,0,0,0,0,0
DF,RON,45.828806,13.360361,2, ,0.0,0.0,1,3000,0,1,160,0,0,0
HM,RON,45.828806,13.360361,2, ,0.0,0.0,88.0,05,3,5000,0,1,185,0,0,0,0

APPTR,I09-Y,09,LEIRA
HF,LEIRA,45.828611,13.290000,1, ,0.0,0.0,88.0,03.5,2,3000,0,1,185,0,1,0,0

FINAL,I09-Y,09,I,3
IF,PQ401,45.828939,13.206103,RNC,268.5,12.0,2,3000,0,0,0,0,0,0
CF,LEIRA,45.828611,13.290000,0,RNC,268.4,8.4,88.0,3.5,1,2230,0,0,0,0,2,0
CF,RW09,45.827953,13.449925,0,RNC,268.5,1.7,88.0,6.7,1,93,0,0,0,0,3,0
FA,RW09,45.827953,13.449925,0,RCH,0.0,0.0,88.0,2,650,0,0,0,0,0,0
VI,2, ,0.0,313.0,0,0,0,1,160,0,0,0
CF,LEIRA,45.828611,13.290000,0,RCH,267.6,8.0,268.0,5.0,1,3000,0,0,0,0,0,0
HM,LEIRA,45.828611,13.290000,1, ,0.0,0.0,88.0,03.5,3,5000,0,1,185,0,0,0,0

APPTR,I09-Z,09,LEIRA
HF,LEIRA,45.828611,13.290000,1, ,0.0,0.0,88.0,03.5,2,3000,0,1,185,0,1,0,0

FINAL,I09-Z,09,I,3
IF,PQ401,45.828939,13.206103,RNC,268.5,12.0,2,3000,0,0,0,0,0,0
CF,LEIRA,45.828611,13.290000,0,RNC,268.4,8.4,88.0,3.5,1,2230,0,0,0,0,2,0
CF,RW09,45.827953,13.449925,0,RNC,268.5,1.7,88.0,6.7,1,93,0,0,0,0,3,0
FA,RW09,45.827953,13.449925,0,RCH,0.0,0.0,88.0,2,650,0,0,0,0,0,0
VI,2, ,0.0,243.0,0,0,0,1,160,0,0,0
CF,NIORR,45.720278,13.423333,0,RCH,198.0,7.0,198.0,4.0,1,3000,0,0,0,0,0,0
HM,NIORR,45.720278,13.423333,1, ,0.0,0.0,18.0,03,2,3000,0,1,185,0,0,0,0

APPTR,N09,09,RON1
IF,RON,45.828806,13.360361, ,0.0,0.0,2,3000,0,0,0,0,0,0
HF,RON,45.828806,13.360361,2, ,0.0,0.0,88.0,04.3,2,1800,0,1,185,0,0,0,0

APPTR,N09,09,RON2
IF,RON,45.828806,13.360361, ,0.0,0.0,2,3000,0,0,0,0,0,0
HF,RON,45.828806,13.360361,2, ,0.0,0.0,88.0,04.3,2,1800,0,1,140,0,0,0,0

FINAL,N09,09,N,2
IF,RON,45.828806,13.360361,RON,0.0,0.0,2,1300,0,0,0,0,2,0
CF,MA09,45.828781,13.432581,0,RON,0.0,0.0,88.0,3.0,1,329,0,0,0,0,3,0
CA,0,88.0,2,440,0,0,0,0,0,0
DF,RON,45.828806,13.360361,2, ,0.0,0.0,1,3000,0,1,200,0,0,0
HM,RON,45.828806,13.360361,2, ,0.0,0.0,88.0,04.3,3,5000,0,1,185,0,0,0,0

APPTR,R09-Y,09,RON
IF,RON,45.828806,13.360361, ,0.0,0.0,2,5000,0,0,0,0,1,0
TF,PQ512,45.745056,13.359611,0, ,0.0,0.0,0.0,0.0,2,5000,0,0,0,0,0,0
TF,PQ513,45.745611,13.205556,0, ,0.0,0.0,0.0,0.0,2,4000,0,1,200,0,0,0
TF,PQ401,45.828939,13.206103,0, ,0.0,0.0,0.0,0.0,2,3000,0,1,200,0,1,0

FINAL,R09-Y,09,R,3
IF,PQ401,45.828939,13.206103, ,0.0,0.0,2,3000,0,1,200,0,0,0
TF,LEIRA,45.828611,13.290000,0, ,0.0,0.0,88.0,3.5,2,2230,0,0,0,0,2,0
TF,RW09,45.827953,13.449925,0, ,0.0,0.0,88.0,6.7,1,87,0,1,160,0,3,1
CF,PQ522,45.827556,13.521444,0,RCH,92.5,1.7,88.0,3.0,2,620,0,1,160,0,0,1
CF,PQ523,45.745222,13.485194,2,RCH,175.7,5.1,225.0,4.0,0,0,0,1,185,0,0,0
TF,NIORR,45.720278,13.423333,0, ,0.0,0.0,0.0,0.0,0,0,0,1,185,0,0,0
HM,NIORR,45.720278,13.423333,1, ,0.0,0.0,58.0,03.2,2,3000,0,1,185,0,0,0,0

APPTR,R09-Z,09,RON
IF,RON,45.828806,13.360361, ,0.0,0.0,2,5000,0,0,0,0,1,0
TF,PQ512,45.745056,13.359611,0, ,0.0,0.0,0.0,0.0,2,5000,0,0,0,0,0,0
TF,PQ513,45.745611,13.205556,0, ,0.0,0.0,0.0,0.0,2,4000,0,1,200,0,0,0
TF,PQ401,45.828939,13.206103,0, ,0.0,0.0,0.0,0.0,2,3000,0,1,200,0,1,0

FINAL,R09-Z,09,R,3
IF,PQ401,45.828939,13.206103, ,0.0,0.0,2,3000,0,1,200,0,0,0
TF,LEIRA,45.828611,13.290000,0, ,0.0,0.0,88.0,3.5,2,2230,0,0,0,0,2,0
TF,RW09,45.827953,13.449925,0, ,0.0,0.0,88.0,6.7,1,87,0,1,160,0,3,1
CF,PQ523,45.745222,13.485194,2,RCH,175.7,5.1,197.0,5.2,0,0,0,1,185,0,0,0
TF,NIORR,45.720278,13.423333,0, ,0.0,0.0,0.0,0.0,0,0,0,1,185,0,0,0
HM,NIORR,45.720278,13.423333,1, ,0.0,0.0,58.0,03.2,2,3000,0,1,185,0,0,0,0

