SID,AMAN5C,05,4
CA,0,48.0,2,520,0,0,0,0,0,0
CF,D058B,40.635653,14.947019,0,PTC,58.0,2.0,58.0,2.0,2,850,0,0,0,0,0,1
CI,2, ,0.0,269.0,0,0,0,1,185,0,0,0
CF,GIPOR,40.427139,14.606944,0,PTC,226.1,18.0,226.0,15.0,2,4000,0,0,0,0,0,0

SID,AMAN5C,23,4
CA,0,228.0,2,520,0,0,0,0,0,0
CF,GIPOR,40.427139,14.606944,0,PTC,226.1,18.0,226.0,17.0,2,4000,0,0,0,0,0,0

SID,AMAN5C,ALL,5
IF,GIPOR,40.427139,14.606944, ,0.0,0.0,2,4000,0,0,0,0,0,0
TF,RI401,40.384375,14.540536,0, ,0.0,0.0,0.0,0.0,0,0,0,0,0,0,0,0
TF,RI402,40.326464,14.450811,0, ,0.0,0.0,0.0,0.0,2,6000,0,0,0,0,0,0
TF,RI602,40.121178,14.300650,0, ,0.0,0.0,0.0,0.0,2,11000,0,0,0,0,0,0
TF,AMANO,39.421667,13.796667,0, ,0.0,0.0,0.0,0.0,0,0,0,0,0,0,0,0

SID,AMAN5E,05,1
CA,0,48.0,2,520,0,0,0,0,0,0
CF,D058B,40.635653,14.947019,0,PTC,58.0,2.0,58.0,2.0,2,850,0,0,0,0,0,1
CI,2, ,0.0,269.0,0,0,0,1,185,0,0,0
CF,GIPOR,40.427139,14.606944,0,PTC,226.1,18.0,226.0,15.0,2,4000,0,0,0,0,0,0

SID,AMAN5E,23,1
CA,0,228.0,2,520,0,0,0,0,0,0
CF,GIPOR,40.427139,14.606944,0,PTC,226.1,18.0,226.0,17.0,2,4000,0,0,0,0,0,0

SID,AMAN5E,ALL,2
IF,GIPOR,40.427139,14.606944, ,0.0,0.0,2,4000,0,0,0,0,0,0
TF,PTC41,40.178422,14.225408,0, ,0.0,0.0,0.0,0.0,2,8000,0,0,0,0,0,0
TF,PTC47,40.113461,14.126208,0, ,0.0,0.0,0.0,0.0,2,9000,0,0,0,0,0,0
TF,AMANO,39.421667,13.796667,0, ,0.0,0.0,0.0,0.0,0,0,0,0,0,0,0,0

SID,PEVI5C,05,4
CA,0,48.0,2,520,0,0,0,0,0,0
CF,D058B,40.635653,14.947019,0,PTC,58.0,2.0,58.0,2.0,2,850,0,0,0,0,0,1
CI,2, ,0.0,269.0,0,0,0,1,185,0,0,0
CF,GIPOR,40.427139,14.606944,0,PTC,226.1,18.0,226.0,15.0,2,4000,0,0,0,0,0,0

SID,PEVI5C,23,4
CA,0,228.0,2,520,0,0,0,0,0,0
CF,GIPOR,40.427139,14.606944,0,PTC,226.1,18.0,226.0,17.0,2,4000,0,0,0,0,0,0

SID,PEVI5C,ALL,5
IF,GIPOR,40.427139,14.606944, ,0.0,0.0,2,4000,0,0,0,0,0,0
TF,RI401,40.384375,14.540536,0, ,0.0,0.0,0.0,0.0,0,0,0,0,0,0,0,0
TF,RI402,40.326464,14.450811,0, ,0.0,0.0,0.0,0.0,2,6000,0,0,0,0,0,0
TF,PEVIR,40.281667,13.994167,0, ,0.0,0.0,0.0,0.0,2,10000,0,0,0,0,0,0

SID,PEVI5E,05,1
CA,0,48.0,2,520,0,0,0,0,0,0
CF,D058B,40.635653,14.947019,0,PTC,58.0,2.0,58.0,2.0,2,850,0,0,0,0,0,1
CI,2, ,0.0,269.0,0,0,0,1,185,0,0,0
CF,GIPOR,40.427139,14.606944,0,PTC,226.1,18.0,226.0,15.0,2,4000,0,0,0,0,0,0

SID,PEVI5E,23,1
CA,0,228.0,2,520,0,0,0,0,0,0
CF,GIPOR,40.427139,14.606944,0,PTC,226.1,18.0,226.0,17.0,2,4000,0,0,0,0,0,0

SID,PEVI5E,ALL,2
IF,GIPOR,40.427139,14.606944, ,0.0,0.0,2,4000,0,0,0,0,0,0
TF,PTC41,40.178422,14.225408,0, ,0.0,0.0,0.0,0.0,2,8000,0,0,0,0,0,1
DF,DELER,40.185000,14.149167,0, ,0.0,0.0,0,0,0,0,0,0,0,0
TF,PEVIR,40.281667,13.994167,0, ,0.0,0.0,0.0,0.0,2,10000,0,0,0,0,0,0

SID,POLI5C,05,4
CA,0,48.0,2,520,0,0,0,0,0,0
CF,D058B,40.635653,14.947019,0,PTC,58.0,2.0,58.0,2.0,2,850,0,0,0,0,0,1
CI,2, ,0.0,269.0,0,0,0,1,185,0,0,0
CF,GIPOR,40.427139,14.606944,0,PTC,226.1,18.0,226.0,15.0,2,4000,0,0,0,0,0,1

SID,POLI5C,23,4
CA,0,228.0,2,520,0,0,0,0,0,0
CF,GIPOR,40.427139,14.606944,0,PTC,226.1,18.0,226.0,17.0,2,4000,0,0,0,0,0,1

SID,POLI5C,ALL,5
IF,GIPOR,40.427139,14.606944, ,0.0,0.0,2,4000,0,0,0,0,0,0
DF,POLIT,40.146667,14.833333,0, ,0.0,0.0,2,9000,0,0,0,0,0,0

SID,POLI5E,05,1
CA,0,48.0,2,520,0,0,0,0,0,0
CF,D058B,40.635653,14.947019,0,PTC,58.0,2.0,58.0,2.0,2,850,0,0,0,0,0,1
CI,2, ,0.0,269.0,0,0,0,1,185,0,0,0
CF,GIPOR,40.427139,14.606944,0,PTC,226.1,18.0,226.0,15.0,2,4000,0,0,0,0,0,0

SID,POLI5E,23,1
CA,0,228.0,2,520,0,0,0,0,0,0
CF,GIPOR,40.427139,14.606944,0,PTC,226.1,18.0,226.0,17.0,2,4000,0,0,0,0,0,0

SID,POLI5E,ALL,2
IF,GIPOR,40.427139,14.606944, ,0.0,0.0,2,4000,0,0,0,0,0,0
CD, ,0,0,0,PTC,0,0.0,196.0,20.0,0,0,0,0,0,0,0,0
CF,POLIT,40.146667,14.833333,0,PTC,182.9,28.6,135.0,17.0,2,9000,0,0,0,0,0,0

SID,SOR5C,05,4
CA,0,48.0,2,520,0,0,0,0,0,0
CF,D058B,40.635653,14.947019,0,PTC,58.0,2.0,58.0,2.0,2,850,0,0,0,0,0,1
CI,2, ,0.0,269.0,0,0,0,1,185,0,0,0
CF,GIPOR,40.427139,14.606944,0,PTC,226.1,18.0,226.0,15.0,2,4000,0,0,0,0,0,1

SID,SOR5C,23,4
CA,0,228.0,2,520,0,0,0,0,0,0
CF,GIPOR,40.427139,14.606944,0,PTC,226.1,18.0,226.0,17.0,2,4000,0,0,0,0,0,1

SID,SOR5C,ALL,5
IF,GIPOR,40.427139,14.606944, ,0.0,0.0,2,4000,0,0,0,0,0,0
DF,SOR,40.582444,14.335028,0, ,0.0,0.0,2,6000,0,0,0,0,0,0

SID,SOR5E,05,1
CA,0,48.0,2,520,0,0,0,0,0,0
CF,D058B,40.635653,14.947019,0,PTC,58.0,2.0,58.0,2.0,2,850,0,0,0,0,0,1
CI,2, ,0.0,269.0,0,0,0,1,185,0,0,0
CF,GIPOR,40.427139,14.606944,0,PTC,226.1,18.0,226.0,15.0,2,4000,0,0,0,0,0,0

SID,SOR5E,23,1
CA,0,228.0,2,520,0,0,0,0,0,0
CF,GIPOR,40.427139,14.606944,0,PTC,226.1,18.0,226.0,17.0,2,4000,0,0,0,0,0,0

SID,SOR5E,ALL,2
IF,GIPOR,40.427139,14.606944, ,0.0,0.0,2,4000,0,0,0,0,0,0
CD, ,0,0,0,PTC,0,0.0,256.0,20.0,0,0,0,0,0,0,0,0
CF,SOR,40.582444,14.335028,0,PTC,261.3,26.3,315.0,13.0,2,6000,0,0,0,0,0,0

SID,VARA5C,05,4
CA,0,48.0,2,520,0,0,0,0,0,0
CF,D058B,40.635653,14.947019,0,PTC,58.0,2.0,58.0,2.0,2,850,0,0,0,0,0,1
CI,2, ,0.0,269.0,0,0,0,1,185,0,0,0
CF,GIPOR,40.427139,14.606944,0,PTC,226.1,18.0,226.0,15.0,2,4000,0,0,0,0,0,0

SID,VARA5C,23,4
CA,0,228.0,2,520,0,0,0,0,0,0
CF,GIPOR,40.427139,14.606944,0,PTC,226.1,18.0,226.0,17.0,2,4000,0,0,0,0,0,0

SID,VARA5C,ALL,5
IF,GIPOR,40.427139,14.606944, ,0.0,0.0,2,4000,0,0,0,0,0,0
TF,RI401,40.384375,14.540536,0, ,0.0,0.0,0.0,0.0,0,0,0,0,0,0,0,0
TF,RI402,40.326464,14.450811,0, ,0.0,0.0,0.0,0.0,2,6000,0,0,0,0,0,0
TF,RI601,40.099503,14.590147,0, ,0.0,0.0,0.0,0.0,2,11000,0,0,0,0,0,0
TF,VARAL,40.014167,14.641389,0, ,0.0,0.0,0.0,0.0,0,0,0,0,0,0,0,0

SID,VARA5E,05,1
CA,0,48.0,2,520,0,0,0,0,0,0
CF,D058B,40.635653,14.947019,0,PTC,58.0,2.0,58.0,2.0,2,850,0,0,0,0,0,1
CI,2, ,0.0,269.0,0,0,0,1,185,0,0,0
CF,GIPOR,40.427139,14.606944,0,PTC,226.1,18.0,226.0,15.0,2,4000,0,0,0,0,0,0

SID,VARA5E,23,1
CA,0,228.0,2,520,0,0,0,0,0,0
CF,GIPOR,40.427139,14.606944,0,PTC,226.1,18.0,226.0,17.0,2,4000,0,0,0,0,0,0

SID,VARA5E,ALL,2
IF,GIPOR,40.427139,14.606944, ,0.0,0.0,2,4000,0,0,0,0,0,0
CD, ,0,0,0,PTC,0,0.0,226.0,24.0,0,0,0,0,0,0,0,0
CF,VARAL,40.014167,14.641389,0,PTC,194.7,38.3,154.0,20.0,2,9000,0,0,0,0,0,0

STAR,AMAN1B,05,5
IF,AMANO,39.421667,13.796667, ,0.0,0.0,0,0,0,0,0,0,0,0
TF,RI404,40.158364,14.191800,0, ,0.0,0.0,0.0,0.0,0,0,0,0,0,0,0,0
TF,RI403,40.268728,14.361603,0, ,0.0,0.0,0.0,0.0,0,0,0,0,0,0,0,0
TF,RI402,40.326464,14.450811,0, ,0.0,0.0,0.0,0.0,0,0,0,0,0,0,0,0
TF,RI401,40.384375,14.540536,0, ,0.0,0.0,0.0,0.0,0,0,0,0,0,0,0,0
TF,GIPOR,40.427139,14.606944,0, ,0.0,0.0,0.0,0.0,0,0,0,0,0,0,0,0

STAR,AMAN3F,ALL,2
IF,AMANO,39.421667,13.796667, ,0.0,0.0,0,0,0,0,0,0,0,0
CD, ,0,0,0,SOR,0,0.0,16.0,31.0,0,0,0,0,0,0,0,0
CF,GIPOR,40.427139,14.606944,0,PTC,226.1,18.0,46.0,29.0,0,0,0,0,0,0,0,0

STAR,DIRE1B,05,5
IF,DIRED,39.564167,14.515833, ,0.0,0.0,0,0,0,0,0,0,0,0
TF,RI404,40.158364,14.191800,0, ,0.0,0.0,0.0,0.0,0,0,0,0,0,0,0,0
TF,RI403,40.268728,14.361603,0, ,0.0,0.0,0.0,0.0,0,0,0,0,0,0,0,0
TF,RI402,40.326464,14.450811,0, ,0.0,0.0,0.0,0.0,0,0,0,0,0,0,0,0
TF,RI401,40.384375,14.540536,0, ,0.0,0.0,0.0,0.0,0,0,0,0,0,0,0,0
TF,GIPOR,40.427139,14.606944,0, ,0.0,0.0,0.0,0.0,0,0,0,0,0,0,0,0

STAR,PEVI1B,05,5
IF,PEVIR,40.281667,13.994167, ,0.0,0.0,0,0,0,0,0,0,0,0
TF,RI403,40.268728,14.361603,0, ,0.0,0.0,0.0,0.0,0,0,0,0,0,0,0,0
TF,RI402,40.326464,14.450811,0, ,0.0,0.0,0.0,0.0,0,0,0,0,0,0,0,0
TF,RI401,40.384375,14.540536,0, ,0.0,0.0,0.0,0.0,0,0,0,0,0,0,0,0
TF,GIPOR,40.427139,14.606944,0, ,0.0,0.0,0.0,0.0,0,0,0,0,0,0,0,0

STAR,PEVI3F,ALL,2
IF,PEVIR,40.281667,13.994167, ,0.0,0.0,0,0,0,0,0,0,0,0
TF,DELER,40.185000,14.149167,0, ,0.0,0.0,0.0,0.0,0,0,0,0,0,0,0,1
CF,GIPOR,40.427139,14.606944,0,PTC,226.1,18.0,46.0,25.0,0,0,0,0,0,0,0,0

STAR,POLI1B,05,5
IF,POLIT,40.146667,14.833333, ,0.0,0.0,0,0,0,0,0,0,0,0
TF,RI406,40.207858,14.581361,0, ,0.0,0.0,0.0,0.0,0,0,0,0,0,0,0,0
TF,RI402,40.326464,14.450811,0, ,0.0,0.0,0.0,0.0,0,0,0,0,0,0,0,0
TF,RI401,40.384375,14.540536,0, ,0.0,0.0,0.0,0.0,0,0,0,0,0,0,0,0
TF,GIPOR,40.427139,14.606944,0, ,0.0,0.0,0.0,0.0,0,0,0,0,0,0,0,0

STAR,POLI4F,ALL,2
IF,POLIT,40.146667,14.833333, ,0.0,0.0,0,0,0,0,0,0,0,0
TF,D135Q,40.364081,14.585836,0, ,0.0,0.0,0.0,0.0,0,0,0,0,0,0,0,1
CF,GIPOR,40.427139,14.606944,2,PTC,226.1,18.0,46.0,3.0,0,0,0,0,0,0,0,0

STAR,SOR1B,05,5
IF,SOR,40.582444,14.335028, ,0.0,0.0,0,0,0,0,0,0,0,0
TF,RI407,40.454539,14.309133,0, ,0.0,0.0,0.0,0.0,0,0,0,0,0,0,0,0
TF,RI402,40.326464,14.450811,0, ,0.0,0.0,0.0,0.0,0,0,0,0,0,0,0,0
TF,RI401,40.384375,14.540536,0, ,0.0,0.0,0.0,0.0,0,0,0,0,0,0,0,0
TF,GIPOR,40.427139,14.606944,0, ,0.0,0.0,0.0,0.0,0,0,0,0,0,0,0,0

STAR,SOR4F,ALL,2
IF,SOR,40.582444,14.335028, ,0.0,0.0,0,0,0,0,0,0,0,0
CD, ,0,0,0,SOR,0,0.0,154.0,13.0,0,0,0,0,0,0,0,0
CF,GIPOR,40.427139,14.606944,1,PTC,226.1,18.0,46.0,6.0,0,0,0,0,0,0,0,0

STAR,VARA1B,05,5
IF,VARAL,40.014167,14.641389, ,0.0,0.0,0,0,0,0,0,0,0,0
TF,RI405,40.117008,14.529058,0, ,0.0,0.0,0.0,0.0,0,0,0,0,0,0,0,0
TF,RI403,40.268728,14.361603,0, ,0.0,0.0,0.0,0.0,0,0,0,0,0,0,0,0
TF,RI402,40.326464,14.450811,0, ,0.0,0.0,0.0,0.0,0,0,0,0,0,0,0,0
TF,RI401,40.384375,14.540536,0, ,0.0,0.0,0.0,0.0,0,0,0,0,0,0,0,0
TF,GIPOR,40.427139,14.606944,0, ,0.0,0.0,0.0,0.0,0,0,0,0,0,0,0,0

STAR,VARA4F,ALL,2
IF,VARAL,40.014167,14.641389, ,0.0,0.0,0,0,0,0,0,0,0,0
CD, ,0,0,0,SOR,0,0.0,334.0,18.0,0,0,0,0,0,0,0,0
CF,GIPOR,40.427139,14.606944,0,PTC,226.1,18.0,46.0,8.0,0,0,0,0,0,0,0,0

APPTR,D05,05,GIPOR
IF,GIPOR,40.427139,14.606944, ,0.0,0.0,2,4000,0,0,0,0,1,0
CF,D226M,40.476481,14.683778,0,PTC,226.1,13.4,46.0,4.6,2,3000,0,0,0,0,0,0
CF,CD05,40.502278,14.724028,0,PTC,226.1,11.0,46.0,2.4,2,2200,0,0,0,0,1,0

FINAL,D05,05,D,3
IF,CD05,40.502278,14.724028,PTC,226.1,11.0,2,2200,0,0,0,0,0,0
CF,FD05,40.545194,14.791111,0,PTC,226.1,7.0,46.0,4.0,2,2200,0,0,0,0,2,0
CF,MD05,40.604028,14.883250,0,PTC,226.2,1.5,46.0,5.5,1,469,0,0,0,0,3,0
CA,0,46.0,2,520,0,0,0,0,0,0
CI,2, ,0.0,259.0,0,0,0,1,165,0,0,0
CF,GIPOR,40.427139,14.606944,0,PTC,226.1,18.0,226.0,10.0,1,4000,0,0,0,0,0,0
HM,GIPOR,40.427139,14.606944,2, ,0.0,0.0,46.0,05,0,0,0,0,0,0,0,0,0

