SID,ASVO5A,04L,2
VD, ,0,0,0,PIS,0.0,0.0,35.0,3.0,2,700,0,0,0,0,0,0
CA,1,184.0,2,3000,0,1,230,0,0,0
CF,PIS,43.676583,10.391556,0,PIS,0.0,0.0,154.0,5.0,2,4000,0,0,0,0,0,0
TF,D137F,43.609003,10.475036,0, ,0.0,0.0,0.0,0.0,0,0,0,0,0,0,0,1
CI,0, ,0.0,154.0,0,0,0,0,0,0,0,0
CF,ASVOL,43.178889,10.460000,0,PIS,171.3,30.0,184.0,22.0,2,9000,0,0,0,0,0,0

SID,ASVO5A,04R,2
VD, ,0,0,0,PIS,0.0,0.0,35.0,3.0,2,700,0,0,0,0,0,0
CA,1,184.0,2,3000,0,1,230,0,0,0
CF,PIS,43.676583,10.391556,0,PIS,0.0,0.0,154.0,5.0,2,4000,0,0,0,0,0,0
TF,D137F,43.609003,10.475036,0, ,0.0,0.0,0.0,0.0,0,0,0,0,0,0,0,1
CI,0, ,0.0,154.0,0,0,0,0,0,0,0,0
CF,ASVOL,43.178889,10.460000,0,PIS,171.3,30.0,184.0,22.0,2,9000,0,0,0,0,0,0

SID,ASVO5C,22L,2
CA,0,215.0,2,410,0,0,0,0,0,0
CF,D215D,43.623211,10.336661,0,PIS,214.8,4.0,215.0,3.0,0,0,0,0,0,0,0,0
VI,2, ,0.0,63.0,0,0,0,1,250,0,0,0
CF,PIS,43.676583,10.391556,0,PIS,0.0,0.0,123.0,3.0,2,4000,0,0,0,0,0,0
FD,PIS,43.676583,10.391556,0,PIS,0.0,5.5,137.0,5.5,0,0,0,0,0,0,0,0
CI,0, ,0.0,154.0,0,0,0,0,0,0,0,0
CF,ASVOL,43.178889,10.460000,0,PIS,171.3,30.0,184.0,22.0,2,9000,0,0,0,0,0,0

SID,ASVO5C,22R,2
CA,0,215.0,2,410,0,0,0,0,0,0
CF,D215D,43.623211,10.336661,0,PIS,214.8,4.0,215.0,3.0,0,0,0,0,0,0,0,0
VI,2, ,0.0,63.0,0,0,0,1,250,0,0,0
CF,PIS,43.676583,10.391556,0,PIS,0.0,0.0,123.0,3.0,2,4000,0,0,0,0,0,0
FD,PIS,43.676583,10.391556,0,PIS,0.0,5.5,137.0,5.5,0,0,0,0,0,0,0,0
CI,0, ,0.0,154.0,0,0,0,0,0,0,0,0
CF,ASVOL,43.178889,10.460000,0,PIS,171.3,30.0,184.0,22.0,2,9000,0,0,0,0,0,0

SID,BERO7A,04L,2
CA,0,35.0,2,410,0,0,0,0,0,0
CD, ,0,0,0,PIS,0,0.0,35.0,3.0,2,700,0,0,0,0,0,0
CI,0, ,0.0,320.0,0,0,0,1,230,0,0,0
CF,BEROK,44.165556,10.351667,0,PIS,354.6,29.4,355.0,23.0,2,13000,0,0,0,0,0,0

SID,BERO7A,04R,2
CA,0,35.0,2,410,0,0,0,0,0,0
CD, ,0,0,0,PIS,0,0.0,35.0,3.0,2,700,0,0,0,0,0,0
CI,0, ,0.0,320.0,0,0,0,1,230,0,0,0
CF,BEROK,44.165556,10.351667,0,PIS,354.6,29.4,355.0,23.0,2,13000,0,0,0,0,0,0

SID,BERO7C,22L,2
CA,0,215.0,2,410,0,0,0,0,0,0
CF,D215D,43.623211,10.336661,0,PIS,214.8,4.0,215.0,3.0,0,0,0,0,0,0,0,0
VI,1, ,0.0,354.0,0,0,0,1,250,0,0,0
CF,PIS,43.676583,10.391556,0,PIS,0.0,0.0,309.0,3.0,2,4000,0,0,0,0,0,0
TF,BEROK,44.165556,10.351667,0, ,0.0,0.0,0.0,0.0,2,13000,0,0,0,0,0,0

SID,BERO7C,22R,2
CA,0,215.0,2,410,0,0,0,0,0,0
CF,D215D,43.623211,10.336661,0,PIS,214.8,4.0,215.0,3.0,0,0,0,0,0,0,0,0
VI,1, ,0.0,354.0,0,0,0,1,250,0,0,0
CF,PIS,43.676583,10.391556,0,PIS,0.0,0.0,309.0,3.0,2,4000,0,0,0,0,0,0
TF,BEROK,44.165556,10.351667,0, ,0.0,0.0,0.0,0.0,2,13000,0,0,0,0,0,0

SID,BETE7A,04L,2
VD, ,0,0,0,PIS,0.0,0.0,35.0,3.0,2,700,0,0,0,0,0,0
CI,1, ,0.0,225.0,2,3000,0,1,230,0,0,0
CF,D296B,43.695706,10.341956,0,PIS,296.0,2.5,195.0,5.0,0,0,0,0,0,0,0,1
CF,D254T,43.589261,9.947856,0,PIS,253.0,20.0,254.0,17.0,2,4000,0,0,0,0,0,0
TF,BETEN,43.553056,9.768333,0, ,0.0,0.0,0.0,0.0,2,9000,0,0,0,0,0,0

SID,BETE7A,04R,2
VD, ,0,0,0,PIS,0.0,0.0,35.0,3.0,2,700,0,0,0,0,0,0
CI,1, ,0.0,225.0,2,3000,0,1,230,0,0,0
CF,D296B,43.695706,10.341956,0,PIS,296.0,2.5,195.0,5.0,0,0,0,0,0,0,0,1
CF,D254T,43.589261,9.947856,0,PIS,253.0,20.0,254.0,17.0,2,4000,0,0,0,0,0,0
TF,BETEN,43.553056,9.768333,0, ,0.0,0.0,0.0,0.0,2,9000,0,0,0,0,0,0

SID,BETE7C,22L,2
CA,0,215.0,2,410,0,0,0,0,0,0
CF,D215D,43.623211,10.336661,0,PIS,214.8,4.0,215.0,3.0,0,0,0,0,0,0,0,1
CI,2, ,0.0,285.0,0,0,0,1,250,0,0,0
CF,D254T,43.589261,9.947856,0,PIS,253.0,20.0,254.0,11.0,2,4000,0,0,0,0,0,0
TF,BETEN,43.553056,9.768333,0, ,0.0,0.0,0.0,0.0,2,9000,0,0,0,0,0,0

SID,BETE7C,22R,2
CA,0,215.0,2,410,0,0,0,0,0,0
CF,D215D,43.623211,10.336661,0,PIS,214.8,4.0,215.0,3.0,0,0,0,0,0,0,0,1
CI,2, ,0.0,285.0,0,0,0,1,250,0,0,0
CF,D254T,43.589261,9.947856,0,PIS,253.0,20.0,254.0,11.0,2,4000,0,0,0,0,0,0
TF,BETEN,43.553056,9.768333,0, ,0.0,0.0,0.0,0.0,2,9000,0,0,0,0,0,0

SID,BETE7E,04L,2
VA,0,35.0,2,700,0,0,0,0,0,0
CA,1,195.0,2,3000,0,1,230,0,0,0
CF,PIS,43.589222,10.297083,0,ELB,353.2,51.7,195.0,6.0,0,0,0,0,0,0,0,0
TF,D264O,43.566214,9.956550,0, ,0.0,0.0,0.0,0.0,2,4000,0,0,0,0,0,0
TF,BETEN,43.553056,9.768333,0, ,0.0,0.0,0.0,0.0,2,9000,0,0,0,0,0,0

SID,BETE7E,04R,2
VA,0,35.0,2,700,0,0,0,0,0,0
CA,1,195.0,2,3000,0,1,230,0,0,0
CF,PIS,43.589222,10.297083,0,ELB,353.2,51.7,195.0,6.0,0,0,0,0,0,0,0,0
TF,D264O,43.566214,9.956550,0, ,0.0,0.0,0.0,0.0,2,4000,0,0,0,0,0,0
TF,BETEN,43.553056,9.768333,0, ,0.0,0.0,0.0,0.0,2,9000,0,0,0,0,0,0

SID,GINA8A,04L,2
VD, ,0,0,0,PIS,0.0,0.0,35.0,3.0,2,700,0,0,0,0,0,0
CA,1,184.0,2,3000,0,1,230,0,0,0
CF,PIS,43.676583,10.391556,0,PIS,0.0,0.0,154.0,5.0,2,4000,0,0,0,0,0,0
TF,GINAR,43.632500,10.816111,0, ,0.0,0.0,0.0,0.0,0,0,0,0,0,0,0,0

SID,GINA8A,04R,2
VD, ,0,0,0,PIS,0.0,0.0,35.0,3.0,2,700,0,0,0,0,0,0
CA,1,184.0,2,3000,0,1,230,0,0,0
CF,PIS,43.676583,10.391556,0,PIS,0.0,0.0,154.0,5.0,2,4000,0,0,0,0,0,0
TF,GINAR,43.632500,10.816111,0, ,0.0,0.0,0.0,0.0,0,0,0,0,0,0,0,0

SID,GINA8C,22L,2
CA,0,215.0,2,410,0,0,0,0,0,0
CF,D215D,43.623211,10.336661,0,PIS,214.8,4.0,215.0,3.0,0,0,0,0,0,0,0,0
VI,2, ,0.0,78.0,0,0,0,1,250,0,0,0
CF,PIS,43.676583,10.391556,0,PIS,0.0,0.0,123.0,2.0,2,4000,0,0,0,0,0,0
TF,GINAR,43.632500,10.816111,0, ,0.0,0.0,0.0,0.0,0,0,0,0,0,0,0,0

SID,GINA8C,22R,2
CA,0,215.0,2,410,0,0,0,0,0,0
CF,D215D,43.623211,10.336661,0,PIS,214.8,4.0,215.0,3.0,0,0,0,0,0,0,0,0
VI,2, ,0.0,78.0,0,0,0,1,250,0,0,0
CF,PIS,43.676583,10.391556,0,PIS,0.0,0.0,123.0,2.0,2,4000,0,0,0,0,0,0
TF,GINAR,43.632500,10.816111,0, ,0.0,0.0,0.0,0.0,0,0,0,0,0,0,0,0

SID,GOVG5A,04L,2
VD, ,0,0,0,PIS,0.0,0.0,35.0,3.0,2,700,0,0,0,0,0,0
CA,1,225.0,2,3000,0,1,230,0,0,0
CF,PIS,43.589222,10.297083,0,PIS,216.2,6.7,195.0,11.0,0,0,0,0,0,0,0,0
TF,KAREL,43.346389,10.325278,0, ,0.0,0.0,0.0,0.0,2,4000,0,0,0,0,0,0
TF,GOVGO,43.177500,10.344722,0, ,0.0,0.0,0.0,0.0,2,9000,0,0,0,0,0,0

SID,GOVG5A,04R,2
VD, ,0,0,0,PIS,0.0,0.0,35.0,3.0,2,700,0,0,0,0,0,0
CA,1,225.0,2,3000,0,1,230,0,0,0
CF,PIS,43.589222,10.297083,0,PIS,216.2,6.7,195.0,11.0,0,0,0,0,0,0,0,0
TF,KAREL,43.346389,10.325278,0, ,0.0,0.0,0.0,0.0,2,4000,0,0,0,0,0,0
TF,GOVGO,43.177500,10.344722,0, ,0.0,0.0,0.0,0.0,2,9000,0,0,0,0,0,0

SID,GOVG5C,22L,2
CA,0,215.0,2,410,0,0,0,0,0,0
CF,PIS,43.589222,10.297083,0,PIS,216.2,6.7,215.0,6.0,2,2500,0,0,0,0,0,0
TF,KAREL,43.346389,10.325278,0, ,0.0,0.0,0.0,0.0,2,4000,0,0,0,0,0,0
TF,GOVGO,43.177500,10.344722,0, ,0.0,0.0,0.0,0.0,2,9000,0,0,0,0,0,0

SID,GOVG5C,22R,2
CA,0,215.0,2,410,0,0,0,0,0,0
CF,PIS,43.589222,10.297083,0,PIS,216.2,6.7,215.0,6.0,2,2500,0,0,0,0,0,0
TF,KAREL,43.346389,10.325278,0, ,0.0,0.0,0.0,0.0,2,4000,0,0,0,0,0,0
TF,GOVGO,43.177500,10.344722,0, ,0.0,0.0,0.0,0.0,2,9000,0,0,0,0,0,0

SID,GOVG5E,04L,2
VA,0,35.0,2,700,0,0,0,0,0,0
CA,1,195.0,2,3000,0,1,230,0,0,0
CF,PIS,43.589222,10.297083,0,ELB,353.2,51.7,195.0,6.0,0,0,0,0,0,0,0,0
TF,KAREL,43.346389,10.325278,0, ,0.0,0.0,0.0,0.0,2,4000,0,0,0,0,0,0
TF,GOVGO,43.177500,10.344722,0, ,0.0,0.0,0.0,0.0,2,9000,0,0,0,0,0,0

SID,GOVG5E,04R,2
VA,0,35.0,2,700,0,0,0,0,0,0
CA,1,195.0,2,3000,0,1,230,0,0,0
CF,PIS,43.589222,10.297083,0,ELB,353.2,51.7,195.0,6.0,0,0,0,0,0,0,0,0
TF,KAREL,43.346389,10.325278,0, ,0.0,0.0,0.0,0.0,2,4000,0,0,0,0,0,0
TF,GOVGO,43.177500,10.344722,0, ,0.0,0.0,0.0,0.0,2,9000,0,0,0,0,0,0

SID,MARE8A,04L,2
VD, ,0,0,0,PIS,0.0,0.0,35.0,3.0,2,700,0,0,0,0,0,0
CA,1,225.0,2,3000,0,1,230,0,0,0
CF,PIS,43.589222,10.297083,0,PIS,216.2,6.7,195.0,12.0,0,0,0,0,0,0,0,0
TF,KAREL,43.346389,10.325278,0, ,0.0,0.0,0.0,0.0,2,4000,0,0,0,0,0,0
TF,D184Z,43.245661,10.336892,0, ,0.0,0.0,0.0,0.0,0,0,0,0,0,0,0,1
CI,0, ,0.0,174.0,0,0,0,0,0,0,0,0
AF,PIS28,43.225617,10.556756,1,PIS,163.0,28.0,183.0,2,15000,0,0,0,0,0,1
VI,0, ,0.0,62.0,0,0,0,0,0,0,0,0
CF,MAREL,43.281944,10.651389,0,PIS,152.3,26.3,332.0,2.0,0,0,0,0,0,0,0,0

SID,MARE8A,04R,2
VD, ,0,0,0,PIS,0.0,0.0,35.0,3.0,2,700,0,0,0,0,0,0
CA,1,225.0,2,3000,0,1,230,0,0,0
CF,PIS,43.589222,10.297083,0,PIS,216.2,6.7,195.0,12.0,0,0,0,0,0,0,0,0
TF,KAREL,43.346389,10.325278,0, ,0.0,0.0,0.0,0.0,2,4000,0,0,0,0,0,0
TF,D184Z,43.245661,10.336892,0, ,0.0,0.0,0.0,0.0,0,0,0,0,0,0,0,1
CI,0, ,0.0,174.0,0,0,0,0,0,0,0,0
AF,PIS28,43.225617,10.556756,1,PIS,163.0,28.0,183.0,2,15000,0,0,0,0,0,1
VI,0, ,0.0,62.0,0,0,0,0,0,0,0,0
CF,MAREL,43.281944,10.651389,0,PIS,152.3,26.3,332.0,2.0,0,0,0,0,0,0,0,0

SID,MARE8C,22L,2
CA,0,215.0,2,410,0,0,0,0,0,0
CF,PIS,43.589222,10.297083,0,PIS,216.2,6.7,215.0,6.0,2,2500,0,0,0,0,0,0
TF,KAREL,43.346389,10.325278,0, ,0.0,0.0,0.0,0.0,2,4000,0,0,0,0,0,0
TF,D184Z,43.245661,10.336892,0, ,0.0,0.0,0.0,0.0,0,0,0,0,0,0,0,1
CI,0, ,0.0,174.0,0,0,0,0,0,0,0,0
AF,PIS28,43.225617,10.556756,1,PIS,163.0,28.0,183.0,2,15000,0,0,0,0,0,1
VI,0, ,0.0,62.0,0,0,0,0,0,0,0,0
CF,MAREL,43.281944,10.651389,0,PIS,152.3,26.3,332.0,2.0,0,0,0,0,0,0,0,0

SID,MARE8C,22R,2
CA,0,215.0,2,410,0,0,0,0,0,0
CF,PIS,43.589222,10.297083,0,PIS,216.2,6.7,215.0,6.0,2,2500,0,0,0,0,0,0
TF,KAREL,43.346389,10.325278,0, ,0.0,0.0,0.0,0.0,2,4000,0,0,0,0,0,0
TF,D184Z,43.245661,10.336892,0, ,0.0,0.0,0.0,0.0,0,0,0,0,0,0,0,1
CI,0, ,0.0,174.0,0,0,0,0,0,0,0,0
AF,PIS28,43.225617,10.556756,1,PIS,163.0,28.0,183.0,2,15000,0,0,0,0,0,1
VI,0, ,0.0,62.0,0,0,0,0,0,0,0,0
CF,MAREL,43.281944,10.651389,0,PIS,152.3,26.3,332.0,2.0,0,0,0,0,0,0,0,0

SID,MARE8E,04L,2
VA,0,35.0,2,700,0,0,0,0,0,0
CA,1,195.0,2,3000,0,1,230,0,0,0
CF,PIS,43.589222,10.297083,0,ELB,353.2,51.7,195.0,6.0,0,0,0,0,0,0,0,0
TF,KAREL,43.346389,10.325278,0, ,0.0,0.0,0.0,0.0,2,4000,0,0,0,0,0,0
FD,KAREL,43.346389,10.325278,0,PIN,189.8,28.0,174.0,28.0,0,0,0,0,0,0,0,0
AF,PIN30,43.229592,10.565867,1,PIN,166.7,30.0,187.0,2,15000,0,0,0,0,0,0
CF,MAREL,43.281944,10.651389,0,ELB,16.7,34.9,17.0,3.0,0,0,0,0,0,0,0,0

SID,MARE8E,04R,2
VA,0,35.0,2,700,0,0,0,0,0,0
CA,1,195.0,2,3000,0,1,230,0,0,0
CF,PIS,43.589222,10.297083,0,ELB,353.2,51.7,195.0,6.0,0,0,0,0,0,0,0,0
TF,KAREL,43.346389,10.325278,0, ,0.0,0.0,0.0,0.0,2,4000,0,0,0,0,0,0
FD,KAREL,43.346389,10.325278,0,PIN,189.8,28.0,174.0,28.0,0,0,0,0,0,0,0,0
AF,PIN30,43.229592,10.565867,1,PIN,166.7,30.0,187.0,2,15000,0,0,0,0,0,0
CF,MAREL,43.281944,10.651389,0,ELB,16.7,34.9,17.0,3.0,0,0,0,0,0,0,0,0

SID,SPEZ7A,04L,2
VD, ,0,0,0,PIS,0.0,0.0,35.0,3.0,2,700,0,0,0,0,0,0
CA,1,250.0,2,3000,0,1,230,0,0,0
CI,0, ,0.0,220.0,0,0,0,0,0,0,0,0
CF,MARLY,43.734167,9.936944,0,PIS,278.1,20.1,279.0,13.0,2,4000,0,0,0,0,0,0
TF,SPEZI,43.776111,9.594722,0, ,0.0,0.0,0.0,0.0,2,9000,0,0,0,0,0,0

SID,SPEZ7A,04R,2
VD, ,0,0,0,PIS,0.0,0.0,35.0,3.0,2,700,0,0,0,0,0,0
CA,1,250.0,2,3000,0,1,230,0,0,0
CI,0, ,0.0,220.0,0,0,0,0,0,0,0,0
CF,MARLY,43.734167,9.936944,0,PIS,278.1,20.1,279.0,13.0,2,4000,0,0,0,0,0,0
TF,SPEZI,43.776111,9.594722,0, ,0.0,0.0,0.0,0.0,2,9000,0,0,0,0,0,0

SID,SPEZ7C,22L,2
CA,0,215.0,2,410,0,0,0,0,0,0
CF,D215D,43.623211,10.336661,0,PIS,214.8,4.0,215.0,3.0,0,0,0,0,0,0,0,0
VI,2, ,0.0,330.0,0,0,0,1,250,0,0,0
CF,MARLY,43.734167,9.936944,0,PIS,278.1,20.1,279.0,13.0,2,4000,0,0,0,0,0,0
TF,SPEZI,43.776111,9.594722,0, ,0.0,0.0,0.0,0.0,2,9000,0,0,0,0,0,0

SID,SPEZ7C,22R,2
CA,0,215.0,2,410,0,0,0,0,0,0
CF,D215D,43.623211,10.336661,0,PIS,214.8,4.0,215.0,3.0,0,0,0,0,0,0,0,0
VI,2, ,0.0,330.0,0,0,0,1,250,0,0,0
CF,MARLY,43.734167,9.936944,0,PIS,278.1,20.1,279.0,13.0,2,4000,0,0,0,0,0,0
TF,SPEZI,43.776111,9.594722,0, ,0.0,0.0,0.0,0.0,2,9000,0,0,0,0,0,0

STAR,BERO1R,ALL,5
IF,BEROK,44.165556,10.351667, ,0.0,0.0,0,0,0,0,0,0,0,0
TF,OLKIS,43.925833,10.370278,0, ,0.0,0.0,0.0,0.0,0,0,0,0,0,0,0,0
TF,RP401,43.842603,10.377586,0, ,0.0,0.0,0.0,0.0,0,0,0,0,0,0,0,0
TF,PIS,43.676583,10.391556,0, ,0.0,0.0,0.0,0.0,0,0,0,0,0,0,0,0
TF,UNPIV,43.544722,10.251111,0, ,0.0,0.0,0.0,0.0,0,0,0,0,0,0,0,0

STAR,BERO1S,ALL,5
IF,BEROK,44.165556,10.351667, ,0.0,0.0,0,0,0,0,0,0,0,0
TF,OLKIS,43.925833,10.370278,0, ,0.0,0.0,0.0,0.0,0,0,0,0,0,0,0,0
TF,RP401,43.842603,10.377586,0, ,0.0,0.0,0.0,0.0,0,0,0,0,0,0,0,0
TF,PIS,43.676583,10.391556,0, ,0.0,0.0,0.0,0.0,0,0,0,0,0,0,0,0

STAR,BERO5L,ALL,2
IF,BEROK,44.165556,10.351667, ,0.0,0.0,0,0,0,0,0,0,0,0
TF,OLKIS,43.925833,10.370278,0, ,0.0,0.0,0.0,0.0,0,0,0,0,0,0,0,0
TF,D355I,43.826314,10.378794,0, ,0.0,0.0,0.0,0.0,0,0,0,0,0,0,0,0
TF,PIS,43.676583,10.391556,0, ,0.0,0.0,0.0,0.0,0,0,0,0,0,0,0,0
TF,UNPIV,43.544722,10.251111,0, ,0.0,0.0,0.0,0.0,0,0,0,0,0,0,0,0

STAR,BERO5M,ALL,2
IF,BEROK,44.165556,10.351667, ,0.0,0.0,0,0,0,0,0,0,0,0
TF,OLKIS,43.925833,10.370278,0, ,0.0,0.0,0.0,0.0,0,0,0,0,0,0,0,0
TF,D355I,43.826314,10.378794,0, ,0.0,0.0,0.0,0.0,0,0,0,0,0,0,0,0
TF,PIS,43.676583,10.391556,0, ,0.0,0.0,0.0,0.0,0,0,0,0,0,0,0,0

STAR,BETE1R,ALL,5
IF,BETEN,43.553056,9.768333, ,0.0,0.0,0,0,0,0,0,0,0,0
TF,RP402,43.593756,9.969953,0, ,0.0,0.0,0.0,0.0,0,0,0,0,0,0,0,0
TF,D220R,43.455267,10.118408,0, ,0.0,0.0,0.0,0.0,0,0,0,0,0,0,0,1
TF,RP403,43.435642,10.139378,0, ,0.0,0.0,0.0,0.0,0,0,0,0,0,0,0,0
TF,JESSY,43.490556,10.196111,1, ,0.0,0.0,0.0,0.0,0,0,0,0,0,0,0,0
TF,UNPIV,43.544722,10.251111,0, ,0.0,0.0,0.0,0.0,0,0,0,0,0,0,0,0

STAR,BETE1S,ALL,5
IF,BETEN,43.553056,9.768333, ,0.0,0.0,0,0,0,0,0,0,0,0
TF,RP402,43.593756,9.969953,0, ,0.0,0.0,0.0,0.0,0,0,0,0,0,0,0,0
TF,PIS,43.676583,10.391556,0, ,0.0,0.0,0.0,0.0,0,0,0,0,0,0,0,0

STAR,BETE1V,ALL,5
IF,BETEN,43.553056,9.768333, ,0.0,0.0,0,0,0,0,0,0,0,0
TF,RP406,43.565675,9.948814,0, ,0.0,0.0,0.0,0.0,0,0,0,0,0,0,0,0
TF,PIS,43.589222,10.297083,0, ,0.0,0.0,0.0,0.0,0,0,0,0,0,0,0,0

STAR,BETE2A,ALL,2
IF,BETEN,43.553056,9.768333, ,0.0,0.0,0,0,0,0,0,0,0,0
TF,PIS,43.589222,10.297083,0, ,0.0,0.0,0.0,0.0,0,0,0,0,0,0,0,0

STAR,BETE3L,ALL,2
IF,BETEN,43.553056,9.768333, ,0.0,0.0,0,0,0,0,0,0,0,0
TF,D254S,43.593600,9.970728,0, ,0.0,0.0,0.0,0.0,0,0,0,0,0,0,0,1
CR,0,PIS,220.0,140.0,0,0,0,0,0,0,0,0
CF,JESSY,43.490556,10.196111,1,PIS,215.4,14.0,36.0,2.0,0,0,0,0,0,0,0,0
TF,UNPIV,43.544722,10.251111,0, ,0.0,0.0,0.0,0.0,0,0,0,0,0,0,0,0

STAR,BETE3M,ALL,2
IF,BETEN,43.553056,9.768333, ,0.0,0.0,0,0,0,0,0,0,0,0
TF,D254S,43.593600,9.970728,0, ,0.0,0.0,0.0,0.0,0,0,0,0,0,0,0,0
TF,PIS,43.676583,10.391556,0, ,0.0,0.0,0.0,0.0,0,0,0,0,0,0,0,0

STAR,IBRI1R,ALL,5
IF,IBRID,43.477778,11.417500, ,0.0,0.0,0,0,0,0,0,0,0,0
TF,PIS,43.676583,10.391556,0, ,0.0,0.0,0.0,0.0,0,0,0,0,0,0,0,0
TF,UNPIV,43.544722,10.251111,0, ,0.0,0.0,0.0,0.0,0,0,0,0,0,0,0,0

STAR,IBRI1S,ALL,5
IF,IBRID,43.477778,11.417500, ,0.0,0.0,0,0,0,0,0,0,0,0
TF,PIS,43.676583,10.391556,0, ,0.0,0.0,0.0,0.0,0,0,0,0,0,0,0,0

STAR,IBRI1T,ALL,5
IF,IBRID,43.477778,11.417500, ,0.0,0.0,0,0,0,0,0,0,0,0
TF,RP405,43.485203,11.106456,0, ,0.0,0.0,0.0,0.0,0,0,0,0,0,0,0,0
TF,PIS,43.676583,10.391556,0, ,0.0,0.0,0.0,0.0,0,0,0,0,0,0,0,0
TF,UNPIV,43.544722,10.251111,0, ,0.0,0.0,216.0,10.0,0,0,0,0,0,0,0,0

STAR,IBRI1U,ALL,5
IF,IBRID,43.477778,11.417500, ,0.0,0.0,0,0,0,0,0,0,0,0
TF,RP405,43.485203,11.106456,0, ,0.0,0.0,0.0,0.0,0,0,0,0,0,0,0,0
TF,PIS,43.676583,10.391556,0, ,0.0,0.0,0.0,0.0,0,0,0,0,0,0,0,0

STAR,IBRI2L,ALL,2
IF,IBRID,43.477778,11.417500, ,0.0,0.0,0,0,0,0,0,0,0,0
TF,D104B,43.668186,10.436003,0, ,0.0,0.0,0.0,0.0,0,0,0,0,0,0,0,0
CF,UNPIV,43.544722,10.251111,0,PIS,215.8,10.0,216.0,9.0,0,0,0,0,0,0,0,0

STAR,IBRI2M,ALL,2
IF,IBRID,43.477778,11.417500, ,0.0,0.0,0,0,0,0,0,0,0,0
TF,PIS,43.676583,10.391556,0, ,0.0,0.0,0.0,0.0,0,0,0,0,0,0,0,0

STAR,IBRI2N,ALL,2
IF,IBRID,43.477778,11.417500, ,0.0,0.0,0,0,0,0,0,0,0,0
CI,0, ,0.0,270.0,0,0,0,0,0,0,0,0
CF,PIS,43.676583,10.391556,0,PIS,0.0,0.0,288.0,34.0,0,0,0,0,0,0,0,0

STAR,IBRI2P,ALL,2
IF,IBRID,43.477778,11.417500, ,0.0,0.0,0,0,0,0,0,0,0,0
CI,0, ,0.0,270.0,0,0,0,0,0,0,0,0
CF,D108B,43.665172,10.434708,0,PIS,108.0,2.0,288.0,33.0,0,0,0,0,0,0,0,1
CF,UNPIV,43.544722,10.251111,0,PIS,215.8,10.0,216.0,9.0,0,0,0,0,0,0,0,0

STAR,KONE1R,ALL,5
IF,KONER,43.504722,9.530000, ,0.0,0.0,0,0,0,0,0,0,0,0
TF,BETEN,43.553056,9.768333,0, ,0.0,0.0,0.0,0.0,0,0,0,0,0,0,0,0
TF,RP402,43.593756,9.969953,0, ,0.0,0.0,0.0,0.0,0,0,0,0,0,0,0,0
TF,D220R,43.455267,10.118408,0, ,0.0,0.0,0.0,0.0,0,0,0,0,0,0,0,1
TF,RP403,43.435642,10.139378,0, ,0.0,0.0,0.0,0.0,0,0,0,0,0,0,0,0
TF,JESSY,43.490556,10.196111,1, ,0.0,0.0,0.0,0.0,0,0,0,0,0,0,0,0
TF,UNPIV,43.544722,10.251111,0, ,0.0,0.0,0.0,0.0,0,0,0,0,0,0,0,0

STAR,KONE1S,ALL,5
IF,KONER,43.504722,9.530000, ,0.0,0.0,0,0,0,0,0,0,0,0
TF,BETEN,43.553056,9.768333,0, ,0.0,0.0,0.0,0.0,0,0,0,0,0,0,0,0
TF,RP402,43.593756,9.969953,0, ,0.0,0.0,0.0,0.0,0,0,0,0,0,0,0,0
TF,PIS,43.676583,10.391556,0, ,0.0,0.0,0.0,0.0,0,0,0,0,0,0,0,0

STAR,KONE3L,ALL,2
IF,KONER,43.504722,9.530000, ,0.0,0.0,0,0,0,0,0,0,0,0
TF,BETEN,43.553056,9.768333,0, ,0.0,0.0,0.0,0.0,0,0,0,0,0,0,0,0
TF,D254S,43.593600,9.970728,0, ,0.0,0.0,0.0,0.0,0,0,0,0,0,0,0,1
CR,0,PIS,220.0,140.0,0,0,0,0,0,0,0,0
CF,JESSY,43.490556,10.196111,1,PIS,215.4,14.0,36.0,2.0,0,0,0,0,0,0,0,0
TF,UNPIV,43.544722,10.251111,0, ,0.0,0.0,0.0,0.0,0,0,0,0,0,0,0,0

STAR,KONE3M,ALL,2
IF,KONER,43.504722,9.530000, ,0.0,0.0,0,0,0,0,0,0,0,0
TF,BETEN,43.553056,9.768333,0, ,0.0,0.0,0.0,0.0,0,0,0,0,0,0,0,0
TF,D254S,43.593600,9.970728,0, ,0.0,0.0,0.0,0.0,0,0,0,0,0,0,0,0
TF,PIS,43.676583,10.391556,0, ,0.0,0.0,0.0,0.0,0,0,0,0,0,0,0,0

STAR,NORN1R,ALL,5
IF,NORNI,43.278889,9.979722, ,0.0,0.0,0,0,0,0,0,0,0,0
TF,RP404,43.384325,10.086994,0, ,0.0,0.0,0.0,0.0,0,0,0,0,0,0,0,0
TF,JESSY,43.490556,10.196111,0, ,0.0,0.0,0.0,0.0,0,0,0,0,0,0,0,0
TF,UNPIV,43.544722,10.251111,0, ,0.0,0.0,0.0,0.0,0,0,0,0,0,0,0,0

STAR,NORN1V,ALL,5
IF,NORNI,43.278889,9.979722, ,0.0,0.0,0,0,0,0,0,0,0,0
TF,RP407,43.375989,10.078522,0, ,0.0,0.0,0.0,0.0,0,0,0,0,0,0,0,0
TF,PIS,43.589222,10.297083,0, ,0.0,0.0,0.0,0.0,0,0,0,0,0,0,0,0

STAR,NORN2A,ALL,2
IF,NORNI,43.278889,9.979722, ,0.0,0.0,0,0,0,0,0,0,0,0
TF,PIS,43.589222,10.297083,0, ,0.0,0.0,0.0,0.0,0,0,0,0,0,0,0,0

STAR,NORN3L,ALL,2
IF,NORNI,43.278889,9.979722, ,0.0,0.0,0,0,0,0,0,0,0,0
TF,D216V,43.384106,10.087597,0, ,0.0,0.0,0.0,0.0,0,0,0,0,0,0,0,0
TF,JESSY,43.490556,10.196111,0, ,0.0,0.0,0.0,0.0,0,0,0,0,0,0,0,0
TF,UNPIV,43.544722,10.251111,0, ,0.0,0.0,0.0,0.0,0,0,0,0,0,0,0,0

STAR,OLKI1V,ALL,5
IF,OLKIS,43.925833,10.370278, ,0.0,0.0,0,0,0,0,0,0,0,0
TF,RP408,43.847867,10.353203,0, ,0.0,0.0,0.0,0.0,0,0,0,0,0,0,0,0
TF,PIS,43.589222,10.297083,0, ,0.0,0.0,0.0,0.0,0,0,0,0,0,0,0,0

STAR,OLKI2A,ALL,2
IF,OLKIS,43.925833,10.370278, ,0.0,0.0,0,0,0,0,0,0,0,0
TF,PIS,43.589222,10.297083,0, ,0.0,0.0,0.0,0.0,0,0,0,0,0,0,0,0

STAR,PRT1R,ALL,5
IF,PRT,43.809833,11.200500, ,0.0,0.0,0,0,0,0,0,0,0,0
TF,GINAR,43.632500,10.816111,0, ,0.0,0.0,0.0,0.0,0,0,0,0,0,0,0,0
TF,PIS,43.676583,10.391556,0, ,0.0,0.0,0.0,0.0,0,0,0,0,0,0,0,0
TF,UNPIV,43.544722,10.251111,0, ,0.0,0.0,0.0,0.0,0,0,0,0,0,0,0,0

STAR,PRT1S,ALL,5
IF,PRT,43.809833,11.200500, ,0.0,0.0,0,0,0,0,0,0,0,0
TF,GINAR,43.632500,10.816111,0, ,0.0,0.0,0.0,0.0,0,0,0,0,0,0,0,0
TF,PIS,43.676583,10.391556,0, ,0.0,0.0,0.0,0.0,0,0,0,0,0,0,0,0

STAR,PRT2L,ALL,2
IF,PRT,43.809833,11.200500, ,0.0,0.0,0,0,0,0,0,0,0,0
TF,GINAR,43.632500,10.816111,0, ,0.0,0.0,0.0,0.0,0,0,0,0,0,0,0,0
TF,PIS,43.676583,10.391556,0, ,0.0,0.0,0.0,0.0,0,0,0,0,0,0,0,0
TF,UNPIV,43.544722,10.251111,0, ,0.0,0.0,0.0,0.0,0,0,0,0,0,0,0,0

STAR,PRT2M,ALL,2
IF,PRT,43.809833,11.200500, ,0.0,0.0,0,0,0,0,0,0,0,0
TF,GINAR,43.632500,10.816111,0, ,0.0,0.0,0.0,0.0,0,0,0,0,0,0,0,0
TF,PIS,43.676583,10.391556,0, ,0.0,0.0,0.0,0.0,0,0,0,0,0,0,0,0

APPTR,D04LZ,04L,JESSY
IF,JESSY,43.490556,10.196111, ,0.0,0.0,2,3000,0,0,0,0,1,0
TF,CD0LZ,43.562775,10.223906,0, ,0.0,0.0,0.0,0.0,2,2300,0,0,0,0,1,0

APPTR,D04LZ,04L,UNPIV
HF,UNPIV,43.544722,10.251111,1, ,0.0,0.0,36.0,05,2,3000,0,0,0,0,0,0,0

FINAL,D04LZ,04L,D,3
IF,CD0LZ,43.562775,10.223906,PIS,224.0,10.0,2,2300,0,0,0,0,0,0
CF,FD04L,43.619711,10.307650,0,PIS,224.0,5.0,44.0,5.0,2,1600,0,0,0,0,2,0
CF,MD04L,43.665214,10.374761,0,PIS,224.0,0.0,44.0,4.0,1,285,0,0,0,0,3,0
CA,0,44.0,2,410,0,0,0,0,0,0
CI,1, ,0.0,279.0,0,0,0,1,190,0,0,0
CF,BABNU,43.806944,10.181111,0,PIS,307.6,12.0,309.0,7.0,1,2000,0,0,0,0,0,0
HM,BABNU,43.806944,10.181111,1, ,0.0,0.0,309.0,03,0,0,0,0,0,0,0,0,0

APPTR,D04RZ,04R,JESSY
IF,JESSY,43.490556,10.196111, ,0.0,0.0,2,3000,0,0,0,0,1,0
TF,CD0RZ,43.556564,10.232333,0, ,0.0,0.0,0.0,0.0,2,2300,0,0,0,0,1,0

APPTR,D04RZ,04R,UNPIV
HF,UNPIV,43.544722,10.251111,1, ,0.0,0.0,36.0,05,2,3000,0,0,0,0,0,0,0

FINAL,D04RZ,04R,D,3
IF,CD0RZ,43.556564,10.232333,PIS,221.0,10.0,2,2300,0,0,0,0,0,0
CF,FD04R,43.616600,10.311864,0,PIS,221.0,5.0,41.0,5.0,2,1600,0,0,0,0,2,0
CF,MD04R,43.664589,10.375603,0,PIS,221.0,0.0,41.0,4.0,1,279,0,0,0,0,3,0
CA,0,41.0,2,410,0,0,0,0,0,0
CI,1, ,0.0,279.0,0,0,0,1,190,0,0,0
CF,BABNU,43.806944,10.181111,0,PIS,307.6,12.0,309.0,7.0,1,2000,0,0,0,0,0,0
HM,BABNU,43.806944,10.181111,1, ,0.0,0.0,309.0,03,0,0,0,0,0,0,0,0,0

APPTR,I04RY,04R,PIS
IF,PIS,43.676583,10.391556, ,0.0,0.0,2,5000,0,0,0,0,0,0
FD,PIS,43.676583,10.391556,0,PIS,0.0,12.0,237.0,12.0,2,2000,0,0,0,0,0,0
CF,D214M,43.517506,10.223369,1,PIS,214.6,12.0,34.0,1.0,0,0,0,0,0,0,0,0
CF,UNPIV,43.544722,10.251111,0,PSS,213.9,11.4,34.0,2.0,2,2000,0,0,0,0,0,0

FINAL,I04RY,04R,I,3
IF,UNPIV,43.544722,10.251111,PSS,213.9,11.4,2,2000,0,0,0,0,0,0
CF,FI04R,43.592328,10.300122,0,PSS,213.8,7.9,34.0,3.6,1,2000,0,0,0,0,2,0
CF,RW04R,43.674122,10.384306,0,PSS,213.8,1.7,34.0,6.1,1,56,0,0,0,0,3,0
FA,RW04R,43.674122,10.384306,0,PIS,0.0,0.0,34.0,2,400,0,0,0,0,0,0
CI,1, ,0.0,278.0,0,0,0,1,190,0,0,0
CF,BABNU,43.806944,10.181111,0,PIS,307.6,12.0,308.0,6.0,1,2500,0,0,0,0,0,0
HM,BABNU,43.806944,10.181111,1, ,0.0,0.0,308.0,03,0,0,0,1,230,0,0,0,0

APPTR,I04RZ,04R,JESSY
IF,JESSY,43.490556,10.196111, ,0.0,0.0,2,3000,0,0,0,0,1,0
CF,UNPIV,43.544722,10.251111,0,PSS,213.9,11.4,34.0,4.0,2,2000,0,0,0,0,1,0

APPTR,I04RZ,04R,UNPIV
HF,UNPIV,43.544722,10.251111,1, ,0.0,0.0,34.0,05,2,3000,0,0,0,0,0,0,0

FINAL,I04RZ,04R,I,3
IF,UNPIV,43.544722,10.251111,PSS,213.9,11.4,2,2000,0,0,0,0,0,0
CF,FI04R,43.592328,10.300122,0,PSS,213.8,7.9,34.0,3.6,1,2000,0,0,0,0,2,0
CF,RW04R,43.674122,10.384306,0,PSS,213.8,1.7,34.0,6.1,1,56,0,0,0,0,3,0
FA,RW04R,43.674122,10.384306,0,PIS,0.0,0.0,34.0,2,400,0,0,0,0,0,0
CI,1, ,0.0,278.0,0,0,0,1,190,0,0,0
CF,BABNU,43.806944,10.181111,0,PIS,307.6,12.0,308.0,6.0,1,2500,0,0,0,0,0,0
HM,BABNU,43.806944,10.181111,1, ,0.0,0.0,308.0,03,0,0,0,1,230,0,0,0,0

APPTR,N04L,04L,PIS1
IF,PIS,43.589222,10.297083, ,0.0,0.0,2,5000,0,1,250,0,0,0
FC,PIS,43.589222,10.297083,0,PIS,0.0,0.0,244.0,8.3,2,3000,0,0,0,0,0,1
CF,CN04L,43.549275,10.255706,1,PIS,214.8,9.7,34.0,5.0,2,3000,0,0,0,0,0,0

APPTR,N04L,04L,PIS2
IF,PIS,43.589222,10.297083, ,0.0,0.0,2,5000,0,1,140,0,0,0
FC,PIS,43.589222,10.297083,0,PIS,0.0,0.0,229.0,5.8,2,3000,0,0,0,0,0,1
CF,CN04L,43.549275,10.255706,1,PIS,214.8,9.7,34.0,3.0,2,3000,0,0,0,0,0,0

FINAL,N04L,04L,N,3
IF,CN04L,43.549275,10.255706,PIS,0.0,0.0,2,3000,0,0,0,0,0,0
CF,PIS,43.589222,10.297083,0,PIS,0.0,0.0,34.0,3.0,2,2000,0,0,0,0,2,0
CF,MN04L,43.664808,10.375572,0,PIS,0.0,0.0,34.0,5.7,1,278,0,0,0,0,3,0
CA,0,34.0,2,410,0,0,0,0,0,0
DF,PIS,43.589222,10.297083,1, ,0.0,0.0,1,3000,0,1,240,0,0,0
HM,PIS,43.589222,10.297083,2, ,0.0,0.0,216.0,04.3,0,0,0,1,230,0,0,0,0

APPTR,N04R,04R,PIS1
IF,PIS,43.589222,10.297083, ,0.0,0.0,2,5000,0,1,230,0,0,0
FC,PIS,43.589222,10.297083,0,PIS,0.0,0.0,243.0,7.7,2,3000,0,0,0,0,0,1
CF,CN04R,43.548492,10.253342,1,PIS,215.1,9.8,35.0,5.0,2,3000,0,0,0,0,0,0

APPTR,N04R,04R,PIS2
IF,PIS,43.589222,10.297083, ,0.0,0.0,2,5000,0,1,140,0,0,0
FC,PIS,43.589222,10.297083,0,PIS,0.0,0.0,230.0,5.8,2,3000,0,0,0,0,0,1
CF,CN04R,43.548492,10.253342,1,PIS,215.1,9.8,35.0,3.0,2,3000,0,0,0,0,0,0

FINAL,N04R,04R,N,3
IF,CN04R,43.548492,10.253342,PIS,0.0,0.0,2,3000,0,0,0,0,0,0
CF,PIS,43.589222,10.297083,0,PIS,0.0,0.0,35.0,3.1,2,2000,0,0,0,0,2,0
CF,MN04R,43.668003,10.381906,0,PIS,0.0,0.0,35.0,6.0,1,167,0,0,0,0,3,0
CA,0,35.0,2,410,0,0,0,0,0,0
DF,PIS,43.589222,10.297083,1, ,0.0,0.0,1,3000,0,1,240,0,0,0
HM,PIS,43.589222,10.297083,2, ,0.0,0.0,216.0,04.3,0,0,0,1,230,0,0,0,0

APPTR,R22L,22L,PIS
IF,PIS,43.676583,10.391556, ,0.0,0.0,2,5000,0,0,0,0,1,0
TF,RP701,43.634525,10.511553,0, ,0.0,0.0,0.0,0.0,2,5000,0,0,0,0,0,0
TF,RP702,43.796961,10.684100,0, ,0.0,0.0,0.0,0.0,2,5000,0,0,0,0,0,0
TF,RP703,43.876617,10.566489,0, ,0.0,0.0,0.0,0.0,2,3300,0,0,0,0,1,0
TF,RP704,43.837286,10.499417,0, ,0.0,0.0,0.0,0.0,2,3100,0,0,0,0,0,0

FINAL,R22L,22L,R,2
IF,RP704,43.837286,10.499417, ,0.0,0.0,2,3100,0,0,0,0,2,0
TF,RP705,43.705089,10.415392,0, ,0.0,0.0,202.0,8.7,1,339,0,0,0,0,3,1
CF,BABNU,43.806944,10.181111,2,PIS,308.6,12.0,309.0,11.0,2,2000,0,1,230,0,0,1
HM,BABNU,43.806944,10.181111,1, ,0.0,0.0,309.0,03,2,2000,0,0,0,0,0,0,0

APPTR,S04LY,04L,PIS1
IF,PIS,43.676583,10.391556, ,0.0,0.0,2,5000,0,1,250,0,1,0
FD,PIS,43.676583,10.391556,0,PIS,0.0,9.0,254.0,9.0,2,2700,0,0,0,0,0,0
CF,CD0LY,43.574167,10.240642,1,PIS,224.0,9.0,44.0,1.0,2,2700,0,0,0,0,0,0

APPTR,S04LY,04L,PIS2
IF,PIS,43.676583,10.391556, ,0.0,0.0,2,5000,0,1,140,0,1,0
FD,PIS,43.676583,10.391556,0,PIS,0.0,9.0,237.0,9.0,2,2700,0,0,0,0,0,0
CF,CD0LY,43.574167,10.240642,1,PIS,224.0,9.0,44.0,1.0,2,2700,0,0,0,0,0,0

FINAL,S04LY,04L,D,3
IF,CD0LY,43.574167,10.240642,PIS,224.0,9.0,2,2700,0,0,0,0,0,0
CF,FD04L,43.619711,10.307650,0,PIS,224.0,5.0,44.0,4.0,2,1600,0,0,0,0,2,0
CF,MD04L,43.665214,10.374761,0,PIS,224.0,0.0,44.0,4.0,1,285,0,0,0,0,3,0
CA,0,44.0,2,410,0,0,0,0,0,0
CI,1, ,0.0,279.0,0,0,0,1,190,0,0,0
CF,BABNU,43.806944,10.181111,0,PIS,307.6,12.0,309.0,7.0,1,2000,0,0,0,0,0,0
HM,BABNU,43.806944,10.181111,1, ,0.0,0.0,309.0,03,0,0,0,0,0,0,0,0,0

APPTR,S04RY,04R,PIS1
IF,PIS,43.676583,10.391556, ,0.0,0.0,2,5000,0,1,250,0,1,0
FD,PIS,43.676583,10.391556,0,PIS,0.0,9.0,251.0,9.0,2,2700,0,0,0,0,0,0
CF,CD0RY,43.568575,10.248228,1,PIS,221.0,9.0,41.0,1.0,2,2700,0,0,0,0,0,0

APPTR,S04RY,04R,PIS2
IF,PIS,43.676583,10.391556, ,0.0,0.0,2,5000,0,1,140,0,1,0
FD,PIS,43.676583,10.391556,0,PIS,0.0,9.0,234.0,9.0,2,2700,0,0,0,0,0,0
CF,CD0RY,43.568575,10.248228,1,PIS,221.0,9.0,41.0,1.0,2,2700,0,0,0,0,0,0

FINAL,S04RY,04R,D,3
IF,CD0RY,43.568575,10.248228,PIS,221.0,9.0,2,2700,0,0,0,0,0,0
CF,FD04R,43.616600,10.311864,0,PIS,221.0,5.0,41.0,4.0,2,1600,0,0,0,0,2,0
CF,MD04R,43.664589,10.375603,0,PIS,221.0,0.0,41.0,4.0,1,279,0,0,0,0,3,0
CA,0,41.0,2,410,0,0,0,0,0,0
CI,1, ,0.0,279.0,0,0,0,1,190,0,0,0
CF,BABNU,43.806944,10.181111,0,PIS,307.6,12.0,309.0,7.0,1,2000,0,0,0,0,0,0
HM,BABNU,43.806944,10.181111,1, ,0.0,0.0,309.0,03,0,0,0,0,0,0,0,0,0

APPTR,T04R,04R,D190J
IF,D190J,43.557847,10.380769, ,0.0,0.0,2,12000,0,0,0,0,1,0
CF,D190P,43.460375,10.349967,0,PIN,190.0,16.0,190.0,6.0,0,0,0,0,0,0,0,0
FD,D190P,43.460375,10.349967,0,PIN,190.0,19.0,190.0,19.0,0,0,0,0,0,0,0,0
CF,D215S,43.470389,10.164597,2,PIN,215.0,19.0,35.0,1.0,2,4000,0,0,0,0,0,0
CF,FF04R,43.601989,10.305233,0,PIN,215.0,9.0,35.0,10.0,2,1800,0,0,0,0,0,0

APPTR,T04R,04R,D223G
IF,D223G,43.644961,10.325006, ,0.0,0.0,2,5000,0,0,0,0,1,0
CF,D223H,43.627567,10.300275,0,PIN,223.0,8.0,223.0,1.5,0,0,0,0,0,0,0,0
FD,D223H,43.627567,10.300275,0,PIN,223.0,14.0,223.0,14.0,2,3100,0,0,0,0,0,0
CF,D215N,43.536208,10.234839,1,PIN,215.0,14.0,35.0,1.0,2,2500,0,0,0,0,0,0
CF,FF04R,43.601989,10.305233,0,PIN,215.0,9.0,35.0,5.0,2,1800,0,0,0,0,0,0

FINAL,T04R,04R,D,3
IF,FF04R,43.601989,10.305233,PIN,215.0,9.0,2,1800,0,0,0,0,2,0
CF,70TAC,43.628286,10.333436,0,PIN,215.0,7.0,35.0,2.0,2,1000,0,0,0,0,0,0
CF,MT04R,43.667722,10.375783,0,PIN,215.0,4.0,35.0,3.0,1,226,0,0,0,0,3,0
CA,0,35.0,2,410,0,0,0,0,0,0
CI,1, ,0.0,323.0,0,0,0,1,240,0,0,0
CF,BABNU,43.806944,10.181111,0,PIN,292.5,12.1,293.0,10.0,1,3000,0,0,0,0,0,0
HM,BABNU,43.806944,10.181111,1, ,0.0,0.0,293.0,03,0,0,0,0,0,0,0,0,0

