SID,MEDF1E,09,2
CD, ,0,0,0,COK,0,0.0,85.0,2.6,0,0,0,0,0,0,0,0
VR,1,COK,4.0,309.0,0,0,0,1,230,0,0,0
CF,MEDFI,46.151344,15.520475,0,COK,356.0,15.0,356.0,10.0,0,0,0,0,0,0,0,0

SID,OLEZ1D,27,2
CD, ,0,0,0,COK,0,0.0,265.0,2.0,0,0,0,0,0,0,0,0
VR,0,COK,318.0,351.0,0,0,0,0,0,0,0,0
CF,OLEZE,46.105867,15.314386,0,COK,321.0,15.0,321.0,12.0,0,0,0,0,0,0,0,0

SID,OLEZ1E,09,2
CD, ,0,0,0,COK,0,0.0,85.0,3.5,0,0,0,0,0,0,0,0
CF,COK,45.901208,15.520478,1,COK,0.0,0.0,223.0,4.0,0,0,0,1,185,0,0,0
VR,2,COK,318.0,351.0,0,0,0,0,0,0,0,0
CF,OLEZE,46.105867,15.314386,0,COK,321.0,15.0,321.0,10.0,0,0,0,0,0,0,0,0

SID,OTMO1D,27,2
CD, ,0,0,0,COK,0,0.0,265.0,2.0,0,0,0,0,0,0,0,0
CF,OTMOH,45.754247,14.937272,0,COK,246.4,26.0,246.0,24.0,0,0,0,0,0,0,0,0

SID,OTMO1E,09,2
CD, ,0,0,0,COK,0,0.0,85.0,3.5,0,0,0,0,0,0,0,0
CF,COK,45.901208,15.520478,1,COK,0.0,0.0,223.0,4.0,0,0,0,1,185,0,0,0
TF,OTMOH,45.754247,14.937272,0, ,0.0,0.0,0.0,0.0,0,0,0,0,0,0,0,0

SID,ZARV1D,27,2
CF,ZARVE,45.892908,14.947867,0,COK,265.0,24.0,265.0,24.0,0,0,0,0,0,0,0,0

SID,ZARV1E,09,2
CD, ,0,0,0,COK,0,0.0,85.0,3.5,0,0,0,0,0,0,0,0
CF,COK,45.901208,15.520478,1,COK,0.0,0.0,223.0,4.0,0,0,0,1,185,0,0,0
TF,ZARVE,45.892908,14.947867,0, ,0.0,0.0,0.0,0.0,0,0,0,0,0,0,0,0

STAR,LEZE1A,09,2
IF,LEZEB,46.149378,15.476653, ,0.0,0.0,0,0,0,0,0,0,0,0
TF,D349N,46.132731,15.479603,0, ,0.0,0.0,0.0,0.0,2,5000,0,0,0,0,0,0
CI,0, ,0.0,169.0,0,0,0,0,0,0,0,0
AF,POLJE,46.010000,15.279722,1,COK,299.0,12.0,349.0,0,0,0,0,0,0,0,0

STAR,OLEZ1A,09,2
IF,OLEZE,46.105867,15.314386, ,0.0,0.0,0,0,0,0,0,0,0,0
TF,D321N,46.092164,15.328242,0, ,0.0,0.0,0.0,0.0,2,5000,0,0,0,0,0,0
CI,0, ,0.0,141.0,0,0,0,0,0,0,0,0
AF,POLJE,46.010000,15.279722,1,COK,299.0,12.0,321.0,0,0,0,0,0,0,0,0

STAR,ZARV1A,09,2
IF,ZARVE,45.892908,14.947867, ,0.0,0.0,0,0,0,0,0,0,0,0
TF,D265U,45.894100,15.019428,0, ,0.0,0.0,0.0,0.0,0,0,0,0,0,0,0,0
TF,KUKFI,45.895278,15.090833,0, ,0.0,0.0,0.0,0.0,0,0,0,0,0,0,0,0

APPTR,D09,09,KUKFI
IF,KUKFI,45.895278,15.090833, ,0.0,0.0,0,0,0,0,0,0,1,0
CF,D265O,45.896283,15.162572,0,COK,265.0,15.0,85.0,3.0,2,5000,0,0,0,0,0,0
CF,D265M,45.897006,15.210289,0,COK,265.0,13.0,85.0,2.0,2,4000,0,0,0,0,1,0
CF,FD09,45.899147,15.360606,0,COK,265.0,6.7,85.0,6.3,2,2600,0,0,0,0,0,0

APPTR,D09,09,OTMO1
FD,OTMOH,45.754247,14.937272,0,COK,246.4,24.0,66.0,24.0,2,8000,0,0,0,0,1,0
CD, ,0,0,0,COK,0,0.0,66.0,21.0,2,7000,0,0,0,0,0,0
CD, ,0,0,0,COK,0,0.0,39.0,18.0,2,6000,0,0,0,0,0,0
CD, ,0,0,0,COK,0,0.0,39.0,15.0,2,5000,0,0,0,0,0,0
CF,D265M,45.897006,15.210289,0,COK,265.0,13.0,39.0,3.0,2,4000,0,0,0,0,1,0
CF,FD09,45.899147,15.360606,0,COK,265.0,6.7,85.0,6.3,2,2600,0,0,0,0,0,0

APPTR,D09,09,OTMO2
IF,OTMOH,45.754247,14.937272, ,0.0,0.0,0,0,0,0,0,0,1,0
TF,COK25,45.762392,14.958628,0, ,0.0,0.0,0.0,0.0,0,0,0,0,0,0,0,0
CD, ,0,0,0,COK,0,0.0,39.0,24.0,0,0,0,0,0,0,0,0
CD, ,0,0,0,COK,0,0.0,39.0,21.0,2,7000,0,0,0,0,0,0
CD, ,0,0,0,COK,0,0.0,39.0,18.0,2,6000,0,0,0,0,0,0
CF,D265P,45.895917,15.138714,0,COK,265.0,16.0,39.0,3.0,2,5000,0,0,0,0,1,0
CF,D265O,45.896283,15.162572,0,COK,265.0,15.0,85.0,1.0,2,5000,0,0,0,0,0,0
CF,D265M,45.897006,15.210289,0,COK,265.0,13.0,85.0,2.0,2,4000,0,0,0,0,1,0
CF,FD09,45.899147,15.360606,0,COK,265.0,6.7,85.0,6.3,2,2600,0,0,0,0,0,0

APPTR,D09,09,POLJE
IF,POLJE,46.010000,15.279722, ,0.0,0.0,0,0,0,0,0,0,1,0
AF,D265L,45.897358,15.234147,1,COK,265.0,12.0,299.0,2,3100,0,0,0,0,1,0
CF,FD09,45.899147,15.360606,0,COK,265.0,6.7,85.0,5.3,2,2600,0,0,0,0,0,0

FINAL,D09,09,D,3
IF,FD09,45.899147,15.360606,COK,265.0,6.7,2,2600,0,0,0,0,2,0
CF,42VOR,45.899942,15.420258,0,COK,265.0,4.2,85.0,2.5,2,1770,0,0,0,0,0,0
CF,MD09,45.900736,15.482297,0,COK,265.0,1.6,85.0,2.6,1,937,0,0,0,0,3,0
CF,COK,45.901208,15.520478,0,COK,0.0,0.0,85.0,1.6,0,0,0,0,0,0,0,0
CF,D085C,45.902056,15.592064,0,COK,85.0,3.0,85.0,3.0,0,0,0,0,0,0,0,1
CF,COK,45.901208,15.520478,1,COK,0.0,0.0,230.0,4.0,0,0,0,1,185,0,0,0
CF,IZMAH,45.897778,15.360000,0,COK,264.3,6.7,264.0,6.7,1,5000,0,0,0,0,0,0
HM,IZMAH,45.897778,15.360000,1, ,0.0,0.0,84.0,05.3,2,5000,0,1,210,0,0,0,0

APPTR,I09-Z,09,IZMAH
IF,IZMAH,45.897778,15.360000, ,0.0,0.0,2,5000,0,0,0,0,1,0
HF,IZMAH,45.897778,15.360000,1, ,0.0,0.0,84.0,04.3,2,3100,0,1,210,0,0,0,0

APPTR,I09-Z,09,KUKFI
IF,KUKFI,45.895278,15.090833, ,0.0,0.0,0,0,0,0,0,0,1,0
CF,D265O,45.896283,15.162572,0,COK,265.0,15.0,85.0,3.0,2,5000,0,0,0,0,0,0
CF,D265M,45.897006,15.210289,0,COK,265.0,13.0,85.0,2.0,2,4000,0,0,0,0,1,0
CF,CF09,45.897069,15.312358,0,CKL,265.0,10.1,85.0,4.3,2,2600,0,0,0,0,0,0

APPTR,I09-Z,09,OTMO1
FD,OTMOH,45.754247,14.937272,0,COK,246.4,24.0,66.0,24.0,2,8000,0,0,0,0,1,0
CD, ,0,0,0,COK,0,0.0,66.0,21.0,2,7000,0,0,0,0,0,0
CD, ,0,0,0,COK,0,0.0,39.0,18.0,2,6000,0,0,0,0,0,0
CD, ,0,0,0,COK,0,0.0,39.0,15.0,2,5000,0,0,0,0,0,0
CF,D265M,45.897006,15.210289,0,COK,265.0,13.0,39.0,3.0,2,4000,0,0,0,0,1,0
CF,CF09,45.897069,15.312358,0,CKL,265.0,10.1,85.0,4.3,2,2600,0,0,0,0,0,0

APPTR,I09-Z,09,OTMO2
IF,OTMOH,45.754247,14.937272, ,0.0,0.0,0,0,0,0,0,0,1,0
TF,COK25,45.762392,14.958628,0, ,0.0,0.0,0.0,0.0,0,0,0,0,0,0,0,0
CD, ,0,0,0,COK,0,0.0,39.0,24.0,0,0,0,0,0,0,0,0
CD, ,0,0,0,COK,0,0.0,39.0,21.0,2,7000,0,0,0,0,0,0
CD, ,0,0,0,COK,0,0.0,39.0,18.0,2,6000,0,0,0,0,0,0
CF,D265P,45.895917,15.138714,0,COK,265.0,16.0,39.0,3.0,2,5000,0,0,0,0,1,0
CF,D265O,45.896283,15.162572,0,COK,265.0,15.0,85.0,1.0,2,5000,0,0,0,0,0,0
CF,D265M,45.897006,15.210289,0,COK,265.0,13.0,85.0,2.0,2,4000,0,0,0,0,1,0
CF,CF09,45.897069,15.312358,0,CKL,265.0,10.1,85.0,4.3,2,2600,0,0,0,0,0,0

APPTR,I09-Z,09,POLJE
IF,POLJE,46.010000,15.279722, ,0.0,0.0,0,0,0,0,0,0,1,0
AF,D265L,45.897358,15.234147,1,COK,265.0,12.0,299.0,2,3100,0,0,0,0,1,0
CF,CF09,45.897069,15.312358,0,CKL,265.0,10.1,85.0,3.3,2,2600,0,0,0,0,0,0

FINAL,I09-Z,09,I,3
IF,CF09,45.897069,15.312358,CKL,265.0,10.1,2,2600,0,0,0,0,0,0
CF,IZMAH,45.897778,15.360000,0,CKL,265.0,8.1,85.0,2.0,1,2600,0,0,0,0,2,0
CF,RW09,45.899686,15.510364,0,CKL,265.0,1.8,85.0,6.3,1,562,0,0,0,0,3,0
CF,D085C,45.902056,15.592064,0,COK,85.0,3.0,85.0,3.4,0,0,0,0,0,0,0,1
CF,COK,45.901208,15.520478,1,COK,0.0,0.0,230.0,4.0,0,0,0,1,185,0,0,0
CF,IZMAH,45.897778,15.360000,0,COK,264.3,6.7,264.0,6.7,1,5000,0,0,0,0,0,0
HM,IZMAH,45.897778,15.360000,1, ,0.0,0.0,84.0,05.3,2,5000,0,1,210,0,0,0,0

