SID,BALT1Z,11,5
DF,BALTU,50.089461,13.326522,0, ,0.0,0.0,0,0,0,0,0,0,0,0

SID,BALT2F,29,5
DF,KV296,50.226339,12.829847,0, ,0.0,0.0,2,2900,0,1,230,0,0,1
DF,KV299,50.135556,12.800417,1, ,0.0,0.0,0,0,0,0,0,0,0,0
TF,DONAD,50.080814,13.000000,0, ,0.0,0.0,0.0,0.0,0,0,0,0,0,0,0,0
TF,BALTU,50.089461,13.326522,0, ,0.0,0.0,0.0,0.0,0,0,0,0,0,0,0,0

SID,KILN3F,29,5
DF,KV296,50.226339,12.829847,0, ,0.0,0.0,2,2900,0,0,0,0,0,1
TF,KV297,50.265319,12.686456,0, ,0.0,0.0,0.0,0.0,0,0,0,1,230,0,0,0
TF,KILNU,50.476944,12.911667,2, ,0.0,0.0,0.0,0.0,0,0,0,0,0,0,0,0

SID,KILN4Z,11,5
DF,KV116,50.174106,13.020653,0, ,0.0,0.0,2,3200,0,0,0,0,0,1
DF,KV118,50.086578,12.953144,2, ,0.0,0.0,0,0,0,0,0,0,0,0
TF,KV112,50.114239,12.843908,0, ,0.0,0.0,0.0,0.0,0,0,0,0,0,0,0,0
TF,KILNU,50.476944,12.911667,0, ,0.0,0.0,0.0,0.0,0,0,0,0,0,0,0,0

SID,LOMK1F,29,5
DF,KV296,50.226339,12.829847,0, ,0.0,0.0,2,2900,0,1,230,0,0,1
DF,KV299,50.135556,12.800417,1, ,0.0,0.0,0,0,0,0,0,0,0,0
TF,DONAD,50.080814,13.000000,0, ,0.0,0.0,0.0,0.0,0,0,0,0,0,0,0,0
TF,LOMKI,49.909336,13.241222,0, ,0.0,0.0,0.0,0.0,0,0,0,0,0,0,0,0

SID,LOMK1Z,11,5
DF,KV116,50.174106,13.020653,0, ,0.0,0.0,2,3200,0,0,0,0,0,1
DF,LOMKI,49.909336,13.241222,0, ,0.0,0.0,0,0,0,0,0,0,0,0

SID,ODPA3F,29,5
DF,KV296,50.226339,12.829847,0, ,0.0,0.0,2,2900,0,0,0,0,0,1
TF,KV297,50.265319,12.686456,0, ,0.0,0.0,0.0,0.0,0,0,0,1,230,0,0,0
TF,KV298,50.336431,12.761889,2, ,0.0,0.0,0.0,0.0,0,0,0,0,0,0,0,0
TF,ODPAL,50.517131,13.774389,0, ,0.0,0.0,0.0,0.0,0,0,0,0,0,0,0,0

SID,ODPA3W,11,5
DF,KV116,50.174106,13.020653,0, ,0.0,0.0,2,3200,0,0,0,0,0,1
DF,KV118,50.086578,12.953144,2, ,0.0,0.0,0,0,0,0,0,0,0,0
TF,KV112,50.114239,12.843908,0, ,0.0,0.0,0.0,0.0,0,0,0,0,0,0,0,0
TF,KV119,50.352869,12.989075,0, ,0.0,0.0,0.0,0.0,0,0,0,0,0,0,0,0
TF,ODPAL,50.517131,13.774389,0, ,0.0,0.0,0.0,0.0,0,0,0,0,0,0,0,0

SID,ODPA3Z,11,5
DF,BALTU,50.089461,13.326522,0, ,0.0,0.0,0,0,0,0,0,0,0,0
TF,KV123,50.142744,13.435544,0, ,0.0,0.0,0.0,0.0,0,0,0,0,0,0,0,0
TF,ODPAL,50.517131,13.774389,0, ,0.0,0.0,0.0,0.0,0,0,0,0,0,0,0,0

SID,OKG2F,29,5
DF,KV296,50.226339,12.829847,0, ,0.0,0.0,2,2900,0,1,230,0,0,1
DF,OKG,50.065147,12.405739,0, ,0.0,0.0,0,0,0,0,0,0,0,0

SID,OKG3Z,11,5
DF,KV116,50.174106,13.020653,0, ,0.0,0.0,2,3200,0,0,0,0,0,1
DF,KV118,50.086578,12.953144,2, ,0.0,0.0,0,0,0,0,0,0,0,0
TF,OKG,50.065147,12.405739,0, ,0.0,0.0,0.0,0.0,0,0,0,0,0,0,0,0

SID,RAPE2F,29,5
DF,KV296,50.226339,12.829847,0, ,0.0,0.0,2,2900,0,1,230,0,0,1
DF,RAPET,50.190489,12.338639,0, ,0.0,0.0,0,0,0,0,0,0,0,0

SID,RAPE6Z,11,5
DF,KV116,50.174106,13.020653,0, ,0.0,0.0,2,3200,0,0,0,0,0,1
DF,KV118,50.086578,12.953144,2, ,0.0,0.0,0,0,0,0,0,0,0,0
TF,RAPET,50.190489,12.338639,0, ,0.0,0.0,0.0,0.0,0,0,0,0,0,0,0,0

SID,VARI2F,29,5
DF,KV296,50.226339,12.829847,0, ,0.0,0.0,2,2900,0,1,230,0,0,1
DF,VARIK,50.291111,12.381111,0, ,0.0,0.0,0,0,0,0,0,0,0,0

SID,VARI8Z,11,5
DF,KV116,50.174106,13.020653,0, ,0.0,0.0,2,3200,0,0,0,0,0,1
DF,KV118,50.086578,12.953144,2, ,0.0,0.0,0,0,0,0,0,0,0,0
TF,KV112,50.114239,12.843908,0, ,0.0,0.0,0.0,0.0,0,0,0,0,0,0,0,0
TF,VARIK,50.291111,12.381111,0, ,0.0,0.0,0.0,0.0,0,0,0,0,0,0,0,0

STAR,BALT2P,29,5
IF,BALTU,50.089461,13.326522, ,0.0,0.0,0,0,0,0,0,0,0,0
TF,DONAD,50.080814,13.000000,0, ,0.0,0.0,0.0,0.0,0,0,0,0,0,0,0,0

STAR,BALT9K,11,5
IF,BALTU,50.089461,13.326522, ,0.0,0.0,0,0,0,0,0,0,0,0
TF,DONAD,50.080814,13.000000,0, ,0.0,0.0,0.0,0.0,0,0,0,0,0,0,0,0
TF,KV112,50.114239,12.843908,0, ,0.0,0.0,0.0,0.0,0,0,0,0,0,0,0,0
TF,KV113,50.171744,12.632556,0, ,0.0,0.0,0.0,0.0,0,0,0,0,0,0,0,0
TF,KV114,50.204100,12.512839,0, ,0.0,0.0,0.0,0.0,0,0,0,1,220,0,0,0
TF,ROTVA,50.293531,12.582131,2, ,0.0,0.0,0.0,0.0,0,0,0,0,0,0,0,0

STAR,BEKT3P,29,5
IF,BEKTO,49.965822,12.712044, ,0.0,0.0,0,0,0,0,0,0,0,0
TF,DONAD,50.080814,13.000000,0, ,0.0,0.0,0.0,0.0,0,0,0,0,0,0,0,0

STAR,BEKT5K,11,5
IF,BEKTO,49.965822,12.712044, ,0.0,0.0,0,0,0,0,0,0,0,0
TF,KV114,50.204100,12.512839,0, ,0.0,0.0,0.0,0.0,0,0,0,1,220,0,0,0
TF,ROTVA,50.293531,12.582131,0, ,0.0,0.0,0.0,0.0,0,0,0,0,0,0,0,0

STAR,GOPS2N,29,5
IF,GOPSI,50.566306,13.569061, ,0.0,0.0,0,0,0,0,0,0,0,0
TF,KV293,50.332139,13.009267,0, ,0.0,0.0,0.0,0.0,0,0,0,0,0,0,0,0
TF,L,50.195789,12.941686,0, ,0.0,0.0,0.0,0.0,0,0,0,0,0,0,0,0
TF,DONAD,50.080814,13.000000,0, ,0.0,0.0,0.0,0.0,0,0,0,0,0,0,0,0

STAR,GOPS3K,11,5
IF,GOPSI,50.566306,13.569061, ,0.0,0.0,0,0,0,0,0,0,0,0
TF,KV110,50.282028,12.890997,0, ,0.0,0.0,0.0,0.0,0,0,0,0,0,0,0,0
TF,KV111,50.354881,12.622508,0, ,0.0,0.0,0.0,0.0,0,0,0,1,220,0,0,0
TF,ROTVA,50.293531,12.582131,0, ,0.0,0.0,0.0,0.0,0,0,0,0,0,0,0,0

STAR,GOPS3P,29,5
IF,GOPSI,50.566306,13.569061, ,0.0,0.0,0,0,0,0,0,0,0,0
TF,KV294,50.343797,13.359494,0, ,0.0,0.0,0.0,0.0,0,0,0,0,0,0,0,0
TF,ARMOV,50.180767,13.280700,0, ,0.0,0.0,0.0,0.0,0,0,0,0,0,0,0,0

STAR,GOPS4V,11,5
IF,GOPSI,50.566306,13.569061, ,0.0,0.0,0,0,0,0,0,0,0,0
TF,KV110,50.282028,12.890997,0, ,0.0,0.0,0.0,0.0,0,0,0,0,0,0,0,0
TF,KV113,50.171744,12.632556,0, ,0.0,0.0,0.0,0.0,0,0,0,0,0,0,0,0
TF,KV114,50.204100,12.512839,0, ,0.0,0.0,0.0,0.0,0,0,0,1,220,0,0,0
TF,ROTVA,50.293531,12.582131,2, ,0.0,0.0,0.0,0.0,0,0,0,0,0,0,0,0

STAR,OKG2P,29,5
IF,OKG,50.065147,12.405739, ,0.0,0.0,0,0,0,0,0,0,0,0
TF,DONAD,50.080814,13.000000,0, ,0.0,0.0,0.0,0.0,0,0,0,0,0,0,0,0

STAR,OKG8K,11,5
IF,OKG,50.065147,12.405739, ,0.0,0.0,0,0,0,0,0,0,0,0
TF,KV114,50.204100,12.512839,0, ,0.0,0.0,0.0,0.0,0,0,0,1,220,0,0,0
TF,ROTVA,50.293531,12.582131,0, ,0.0,0.0,0.0,0.0,0,0,0,0,0,0,0,0

APPTR,I29,29,ARMOV
IF,ARMOV,50.180767,13.280700, ,0.0,0.0,0,0,0,1,220,0,1,0
TF,KV292,50.115619,13.232475,0, ,0.0,0.0,0.0,0.0,2,4500,0,0,0,0,0,0
TF,CI29,50.135289,13.161172,0,KVY,0.0,0.0,0.0,0.0,2,4500,0,0,0,0,0,0

APPTR,I29,29,BALTU
IF,BALTU,50.089461,13.326522, ,0.0,0.0,0,0,0,0,0,0,1,0
CF,KV292,50.115619,13.232475,0,OKG,80.3,32.1,289.0,4.0,2,4500,0,0,0,0,0,0
CF,CI29,50.135289,13.161172,0,KVY,109.1,10.9,289.0,3.0,2,4500,0,0,0,0,0,0

APPTR,I29,29,DONAD
IF,DONAD,50.080814,13.000000, ,0.0,0.0,0,0,0,0,0,0,1,0
TF,KV291,50.032025,13.176458,0, ,0.0,0.0,0.0,0.0,2,4500,0,1,220,0,0,0
TF,KV292,50.115619,13.232475,0, ,0.0,0.0,0.0,0.0,2,4500,0,0,0,0,0,0
TF,CI29,50.135289,13.161172,0,KVY,0.0,0.0,0.0,0.0,2,4500,0,0,0,0,0,0

APPTR,I29,29,L
IF,L,50.195789,12.941686, ,0.0,0.0,0,0,0,0,0,0,1,0
CF,FI29,50.148450,13.113575,0,OKG,75.4,27.8,109.0,7.2,2,4500,0,0,0,0,0,0
FC,FI29,50.148450,13.113575,0,OKG,0.0,0.0,154.0,4.3,2,4500,0,0,0,0,0,1
CF,CI29,50.135289,13.161172,1,KVY,109.1,10.9,289.0,3.0,2,4500,0,0,0,0,0,0

FINAL,I29,29,I,3
IF,CI29,50.135289,13.161172,KVY,109.1,10.9,2,4500,0,0,0,0,0,0
CF,FI29,50.148450,13.113575,0,KVY,109.1,8.9,289.0,2.0,1,4500,0,0,0,0,2,0
CF,RW29,50.199258,12.928972,0,KVY,109.1,1.2,289.0,7.7,1,2039,0,0,0,0,3,0
CA,0,289.0,2,5000,0,0,0,0,0,0
VM,0,0,0,289.0,0,0,0,0,0,0,0,0

APPTR,Q11,11,L
IF,L,50.195789,12.941686, ,0.0,0.0,0,0,0,0,0,0,1,0
CF,FQ11,50.256631,12.717314,0,OKG,42.2,16.6,289.0,9.4,2,4500,0,0,0,0,0,0
FC,FQ11,50.256631,12.717314,0,OKG,0.0,0.0,334.0,4.3,2,4500,0,0,0,0,0,1
CF,FQ11,50.256631,12.717314,1,OKG,42.2,16.6,109.0,5.0,2,4500,0,0,0,0,0,0

APPTR,Q11,11,ROTVA
IF,ROTVA,50.293531,12.582131, ,0.0,0.0,0,0,0,0,0,0,1,0
CF,FQ11,50.256631,12.717314,0,OKG,42.2,16.6,109.0,5.7,2,4500,0,0,0,0,0,0

FINAL,Q11,11,N,2
IF,FQ11,50.256631,12.717314,L,0.0,0.0,2,4500,0,0,0,0,2,0
CF,RW11,50.206347,12.903072,0,KVY,0.0,0.9,109.0,7.8,1,2037,0,0,0,0,3,1
CA,0,109.0,2,5000,0,0,0,0,0,0
VM,0,0,0,109.0,0,0,0,0,0,0,0,0

APPTR,Q29,29,ARMOV
IF,ARMOV,50.180767,13.280700, ,0.0,0.0,0,0,0,1,220,0,1,0
CF,KV292,50.115619,13.232475,0,OKG,80.3,32.1,201.0,4.3,2,4500,0,0,0,0,0,0
CF,KV29F,50.148547,13.113494,0,OKG,75.4,27.8,289.0,5.0,2,4500,0,0,0,0,0,0

APPTR,Q29,29,BALTU
IF,BALTU,50.089461,13.326522, ,0.0,0.0,0,0,0,0,0,0,1,0
CF,KV292,50.115619,13.232475,0,OKG,80.3,32.1,289.0,4.0,2,4500,0,0,0,0,0,0
CF,KV29F,50.148547,13.113494,0,OKG,75.4,27.8,289.0,5.0,2,4500,0,0,0,0,0,0

APPTR,Q29,29,DONAD
IF,DONAD,50.080814,13.000000, ,0.0,0.0,0,0,0,0,0,0,1,0
CF,KV291,50.032025,13.176458,0,OKG,89.5,29.9,109.0,7.4,2,4500,0,1,220,0,0,0
CF,KV292,50.115619,13.232475,0,OKG,80.3,32.1,19.0,5.5,2,4500,0,0,0,0,0,0
CF,KV29F,50.148547,13.113494,0,OKG,75.4,27.8,289.0,5.0,2,4500,0,0,0,0,0,0

APPTR,Q29,29,L
IF,L,50.195789,12.941686, ,0.0,0.0,0,0,0,0,0,0,1,0
CF,KV29F,50.148547,13.113494,0,OKG,75.4,27.8,109.0,7.2,2,4500,0,0,0,0,0,0
FC,KV29F,50.148547,13.113494,0,OKG,0.0,0.0,154.0,4.3,2,4500,0,0,0,0,0,1
CF,KV29F,50.148547,13.113494,1,OKG,75.4,27.8,289.0,5.0,2,4500,0,0,0,0,0,0

FINAL,Q29,29,N,4
IF,KV29F,50.148547,13.113494,L,0.0,0.0,2,4500,0,0,0,0,2,0
CF,50DME,50.167519,13.044614,0,L,0.0,0.0,289.0,2.9,2,3580,0,0,0,0,0,0
CF,32DME,50.179442,13.001592,0,L,0.0,0.0,289.0,1.8,2,3010,0,0,0,0,0,0
CF,L,50.195789,12.941686,0,KVY,0.0,0.7,289.0,2.5,1,2209,0,0,0,0,3,0
CA,0,289.0,2,5000,0,0,0,0,0,0
VM,0,0,0,289.0,0,0,0,0,0,0,0,0

APPTR,R11,11,L
IF,L,50.195789,12.941686, ,0.0,0.0,0,0,0,0,0,0,1,0
TF,KV110,50.282028,12.890997,0, ,0.0,0.0,0.0,0.0,2,4500,0,0,0,0,0,0
TF,KV111,50.354881,12.622508,0, ,0.0,0.0,0.0,0.0,2,4500,0,1,220,0,0,0
TF,ROTVA,50.293531,12.582131,0, ,0.0,0.0,0.0,0.0,2,4500,0,0,0,0,0,0
TF,KV11G,50.256642,12.718306,0, ,0.0,0.0,0.0,0.0,2,4500,0,0,0,0,0,0

APPTR,R11,11,ROTVA
IF,ROTVA,50.293531,12.582131, ,0.0,0.0,0,0,0,0,0,0,1,0
TF,KV11G,50.256642,12.718306,0, ,0.0,0.0,0.0,0.0,2,4500,0,0,0,0,0,0

FINAL,R11,11,R,2
IF,KV11G,50.256642,12.718306, ,0.0,0.0,2,4500,0,0,0,0,2,0
TF,RW11,50.206347,12.903072,0, ,0.0,0.0,109.0,7.7,1,2037,0,0,0,0,3,1
CA,0,109.0,2,5000,0,0,0,0,0,0
VM,0,0,0,109.0,0,0,0,0,0,0,0,0

APPTR,R29,29,ARMOV
IF,ARMOV,50.180767,13.280700, ,0.0,0.0,0,0,0,1,220,0,1,0
TF,KV292,50.115619,13.232475,0, ,0.0,0.0,0.0,0.0,2,4500,0,0,0,0,1,0

APPTR,R29,29,BALTU
IF,BALTU,50.089461,13.326522, ,0.0,0.0,0,0,0,0,0,0,1,0
TF,KV292,50.115619,13.232475,0, ,0.0,0.0,0.0,0.0,2,4500,0,0,0,0,1,0

APPTR,R29,29,DONAD
IF,DONAD,50.080814,13.000000, ,0.0,0.0,0,0,0,0,0,0,1,0
TF,KV291,50.032025,13.176458,0, ,0.0,0.0,0.0,0.0,2,4500,0,1,220,0,0,0
TF,KV292,50.115619,13.232475,0, ,0.0,0.0,0.0,0.0,2,4500,0,0,0,0,1,0

APPTR,R29,29,L
IF,L,50.195789,12.941686, ,0.0,0.0,0,0,0,0,0,0,1,0
TF,DONAD,50.080814,13.000000,0, ,0.0,0.0,0.0,0.0,2,4500,0,0,0,0,0,0
TF,KV291,50.032025,13.176458,0, ,0.0,0.0,0.0,0.0,2,4500,0,1,220,0,0,0
TF,KV292,50.115619,13.232475,0, ,0.0,0.0,0.0,0.0,2,4500,0,0,0,0,1,0

FINAL,R29,29,R,3
IF,KV292,50.115619,13.232475, ,0.0,0.0,2,4500,0,0,0,0,0,0
TF,KV29F,50.148547,13.113494,0, ,0.0,0.0,289.0,5.0,2,4500,0,0,0,0,2,0
TF,RW29,50.199258,12.928972,0, ,0.0,0.0,289.0,7.7,1,2034,0,0,0,0,3,1
CA,0,289.0,2,5000,0,0,0,0,0,0
VM,0,0,0,289.0,0,0,0,0,0,0,0,0

