SID,BAVO3F,22,5
CF,MT511,49.654272,18.043206,0,OTA,219.7,3.7,221.0,3.0,0,0,0,0,0,0,0,1
DF,MT512,49.780203,17.870275,2, ,0.0,0.0,0,0,0,0,0,0,0,0
TF,BAVOK,50.002778,18.195278,0, ,0.0,0.0,0.0,0.0,0,0,0,0,0,0,0,0

SID,BAVO3H,04,5
CF,MT705,49.838922,18.342664,0,OTA,41.8,12.4,41.0,12.0,0,0,0,0,0,0,0,0
TF,MT706,49.926036,18.196308,1, ,0.0,0.0,0.0,0.0,0,0,0,0,0,0,0,0
TF,BAVOK,50.002778,18.195278,0, ,0.0,0.0,0.0,0.0,0,0,0,0,0,0,0,0

SID,BAXE4F,22,5
CF,MT511,49.654272,18.043206,0,OTA,219.7,3.7,221.0,3.0,0,0,0,0,0,0,0,1
DF,MT512,49.780203,17.870275,2, ,0.0,0.0,0,0,0,0,0,0,0,0
TF,MT804,49.905531,17.776028,0, ,0.0,0.0,0.0,0.0,0,0,0,0,0,0,0,0
TF,BAXEV,49.873244,17.441492,0, ,0.0,0.0,0.0,0.0,0,0,0,0,0,0,0,0

SID,BAXE4H,04,5
CF,MT702,49.787400,18.258703,0,OTA,42.1,7.9,41.0,8.0,0,0,0,0,0,0,0,0
TF,MT703,49.859700,18.152275,0, ,0.0,0.0,0.0,0.0,0,0,0,0,0,0,0,0
TF,MT804,49.905531,17.776028,0, ,0.0,0.0,0.0,0.0,0,0,0,0,0,0,0,0
TF,BAXEV,49.873244,17.441492,0, ,0.0,0.0,0.0,0.0,0,0,0,0,0,0,0,0

SID,BILN4F,22,5
CF,MT521,49.585194,17.932231,0,OTA,220.7,9.7,221.0,9.0,2,2600,0,0,0,0,0,0
TF,MT522,49.513100,18.038414,0, ,0.0,0.0,0.0,0.0,0,0,0,0,0,0,0,0
TF,MT523,49.479936,18.152531,0, ,0.0,0.0,0.0,0.0,2,4900,0,0,0,0,0,0
TF,BILNA,49.393553,18.447300,0, ,0.0,0.0,0.0,0.0,2,6400,0,0,0,0,0,0

SID,BILN5H,04,5
CF,MT702,49.787400,18.258703,0,OTA,42.1,7.9,41.0,8.0,0,0,0,0,0,0,0,0
TF,MT712,49.716164,18.362947,2, ,0.0,0.0,0.0,0.0,0,0,0,0,0,0,0,0
TF,MT713,49.624947,18.386900,0, ,0.0,0.0,0.0,0.0,2,5600,0,0,0,0,0,0
TF,BILNA,49.393553,18.447300,0, ,0.0,0.0,0.0,0.0,2,6400,0,0,0,0,0,0

SID,NETI3F,22,5
CF,MT521,49.585194,17.932231,0,OTA,220.7,9.7,221.0,9.0,2,2600,0,0,0,0,0,0
TF,MT522,49.513100,18.038414,0, ,0.0,0.0,0.0,0.0,0,0,0,0,0,0,0,0
TF,MT523,49.479936,18.152531,0, ,0.0,0.0,0.0,0.0,2,4900,0,0,0,0,0,0
TF,NETIR,49.694664,18.708997,0, ,0.0,0.0,0.0,0.0,0,0,0,0,0,0,0,0

SID,NETI3H,04,5
CF,MT705,49.838922,18.342664,0,OTA,41.8,12.4,41.0,12.0,0,0,0,0,0,0,0,0
TF,MT708,49.715953,18.535125,0, ,0.0,0.0,0.0,0.0,0,0,0,0,0,0,0,0
TF,MT709,49.672142,18.603347,0, ,0.0,0.0,0.0,0.0,0,0,0,0,0,0,0,0
TF,NETIR,49.694664,18.708997,0, ,0.0,0.0,0.0,0.0,0,0,0,0,0,0,0,0

SID,REGL3F,22,5
CF,MT511,49.654272,18.043206,0,OTA,219.7,3.7,221.0,3.0,0,0,0,0,0,0,0,1
DF,MT512,49.780203,17.870275,2, ,0.0,0.0,0,0,0,0,0,0,0,0
TF,REGLI,50.030278,17.995556,0, ,0.0,0.0,0.0,0.0,0,0,0,0,0,0,0,0

SID,REGL3H,04,5
CF,MT702,49.787400,18.258703,0,OTA,42.1,7.9,41.0,8.0,0,0,0,0,0,0,0,0
TF,MT703,49.859700,18.152275,0, ,0.0,0.0,0.0,0.0,0,0,0,0,0,0,0,0
TF,REGLI,50.030278,17.995556,0, ,0.0,0.0,0.0,0.0,0,0,0,0,0,0,0,0

SID,UPLA2F,22,5
CF,POLOM,49.510419,17.817411,0,OTA,220.5,16.0,221.0,16.0,0,0,0,0,0,0,0,0
TF,UPLAV,49.322853,17.528397,0, ,0.0,0.0,0.0,0.0,0,0,0,0,0,0,0,0

SID,UPLA3H,04,5
CF,MT702,49.787400,18.258703,0,OTA,42.1,7.9,41.0,7.0,0,0,0,0,0,0,0,0
TF,MT712,49.716164,18.362947,0, ,0.0,0.0,0.0,0.0,0,0,0,0,0,0,0,0
TF,MT715,49.614594,18.201839,0, ,0.0,0.0,0.0,0.0,0,0,0,0,0,0,0,0
TF,MT716,49.472200,17.972858,0, ,0.0,0.0,0.0,0.0,0,0,0,0,0,0,0,0
TF,UPLAV,49.322853,17.528397,0, ,0.0,0.0,0.0,0.0,0,0,0,0,0,0,0,0

STAR,BAVO2W,04,5
IF,BAVOK,50.002778,18.195278, ,0.0,0.0,0,0,0,0,0,0,0,0
TF,MT602,49.741828,17.960692,0, ,0.0,0.0,0.0,0.0,0,0,0,0,0,0,0,0
TF,ODRAN,49.661894,17.870247,0, ,0.0,0.0,0.0,0.0,0,0,0,0,0,0,0,0

STAR,BAVO3T,22,5
IF,BAVOK,50.002778,18.195278, ,0.0,0.0,0,0,0,0,0,0,0,0
TF,MT806,49.859092,17.964819,0, ,0.0,0.0,0.0,0.0,0,0,0,0,0,0,0,0
TF,MT807,49.798992,18.053772,0, ,0.0,0.0,0.0,0.0,0,0,0,0,0,0,0,0
TF,BOGTU,49.867942,18.165411,0, ,0.0,0.0,0.0,0.0,0,0,0,0,0,0,0,0

STAR,BAXE4T,22,5
IF,BAXEV,49.873244,17.441492, ,0.0,0.0,0,0,0,0,0,0,0,0
TF,MT804,49.905531,17.776028,0, ,0.0,0.0,0.0,0.0,0,0,0,0,0,0,0,0
TF,MT807,49.798992,18.053772,0, ,0.0,0.0,0.0,0.0,0,0,0,0,0,0,0,0
TF,BOGTU,49.867942,18.165411,0, ,0.0,0.0,0.0,0.0,0,0,0,0,0,0,0,0

STAR,BAXE4W,04,5
IF,BAXEV,49.873244,17.441492, ,0.0,0.0,0,0,0,0,0,0,0,0
TF,MT804,49.905531,17.776028,0, ,0.0,0.0,0.0,0.0,0,0,0,0,0,0,0,0
TF,MT602,49.741828,17.960692,0, ,0.0,0.0,0.0,0.0,0,0,0,0,0,0,0,0
TF,ODRAN,49.661894,17.870247,0, ,0.0,0.0,0.0,0.0,0,0,0,0,0,0,0,0

STAR,BILN3W,04,5
IF,BILNA,49.393553,18.447300, ,0.0,0.0,0,0,0,0,0,0,0,0
TF,MT714,49.553061,18.270444,0, ,0.0,0.0,0.0,0.0,0,0,0,0,0,0,0,0
TF,MT715,49.614594,18.201839,0, ,0.0,0.0,0.0,0.0,0,0,0,0,0,0,0,0
TF,MORUV,49.529744,18.065142,0, ,0.0,0.0,0.0,0.0,0,0,0,0,0,0,0,0

STAR,BILN4T,22,5
IF,BILNA,49.393553,18.447300, ,0.0,0.0,0,0,0,0,0,0,0,0
TF,MT714,49.553061,18.270444,0, ,0.0,0.0,0.0,0.0,0,0,0,0,0,0,0,0
TF,MT715,49.614594,18.201839,0, ,0.0,0.0,0.0,0.0,0,0,0,0,0,0,0,0
TF,EKMIT,49.723233,18.377953,0, ,0.0,0.0,0.0,0.0,0,0,0,0,0,0,0,0

STAR,REGL3T,22,5
IF,REGLI,50.030278,17.995556, ,0.0,0.0,0,0,0,0,0,0,0,0
TF,MT806,49.859092,17.964819,0, ,0.0,0.0,0.0,0.0,0,0,0,0,0,0,0,0
TF,MT807,49.798992,18.053772,0, ,0.0,0.0,0.0,0.0,0,0,0,0,0,0,0,0
TF,BOGTU,49.867942,18.165411,0, ,0.0,0.0,0.0,0.0,0,0,0,0,0,0,0,0

STAR,REGL3W,04,5
IF,REGLI,50.030278,17.995556, ,0.0,0.0,0,0,0,0,0,0,0,0
TF,MT602,49.741828,17.960692,0, ,0.0,0.0,0.0,0.0,0,0,0,0,0,0,0,0
TF,ODRAN,49.661894,17.870247,0, ,0.0,0.0,0.0,0.0,0,0,0,0,0,0,0,0

STAR,TUSI2W,04,5
IF,TUSIN,49.847494,18.572836, ,0.0,0.0,0,0,0,0,0,0,0,0
TF,MT715,49.614594,18.201839,0, ,0.0,0.0,0.0,0.0,0,0,0,0,0,0,0,0
TF,MORUV,49.529744,18.065142,0, ,0.0,0.0,0.0,0.0,0,0,0,0,0,0,0,0

STAR,TUSI3T,22,5
IF,TUSIN,49.847494,18.572836, ,0.0,0.0,0,0,0,0,0,0,0,0
TF,MT805,49.726783,18.160225,0, ,0.0,0.0,0.0,0.0,0,0,0,0,0,0,0,0
TF,MT807,49.798992,18.053772,0, ,0.0,0.0,0.0,0.0,0,0,0,0,0,0,0,0
TF,BOGTU,49.867942,18.165411,2, ,0.0,0.0,0.0,0.0,0,0,0,0,0,0,0,0

STAR,UPLA2T,22,5
IF,UPLAV,49.322853,17.528397, ,0.0,0.0,0,0,0,0,0,0,0,0
TF,MT716,49.472200,17.972858,0, ,0.0,0.0,0.0,0.0,0,0,0,0,0,0,0,0
TF,MT715,49.614594,18.201839,0, ,0.0,0.0,0.0,0.0,0,0,0,0,0,0,0,0
TF,EKMIT,49.723233,18.377953,0, ,0.0,0.0,0.0,0.0,0,0,0,0,0,0,0,0

STAR,UPLA2W,04,5
IF,UPLAV,49.322853,17.528397, ,0.0,0.0,0,0,0,0,0,0,0,0
TF,POLOM,49.510419,17.817411,0, ,0.0,0.0,0.0,0.0,0,0,0,0,0,0,0,0

APPTR,D04,04,MORUV
IF,MORUV,49.529744,18.065142, ,0.0,0.0,0,0,0,0,0,0,1,0
TF,MT716,49.472200,17.972858,0, ,0.0,0.0,0.0,0.0,2,4000,0,0,0,0,0,0
TF,MT718,49.535942,17.878914,0, ,0.0,0.0,0.0,0.0,2,3300,0,0,0,0,1,0
CF,FD04,49.592217,17.963381,0,OTA,217.0,8.5,37.0,4.7,2,3300,0,0,0,0,0,0

APPTR,D04,04,ODRAN
IF,ODRAN,49.661894,17.870247, ,0.0,0.0,0,0,0,0,0,0,1,0
TF,MT603,49.604194,17.777931,0, ,0.0,0.0,0.0,0.0,2,3500,0,0,0,0,0,0
TF,MT718,49.535942,17.878914,0, ,0.0,0.0,0.0,0.0,2,3300,0,0,0,0,1,0
CF,FD04,49.592217,17.963381,1,OTA,217.0,8.5,37.0,4.7,2,3300,0,0,0,0,0,0

APPTR,D04,04,OTA1
IF,OTA,49.697492,18.109075, ,0.0,0.0,0,0,0,0,0,0,1,0
CF,D243J,49.634869,17.871361,0,OTA,243.0,10.0,243.0,10.0,2,3300,0,0,0,0,0,1
CF,FD04,49.592217,17.963381,1,OTA,217.0,8.5,37.0,2.0,2,3300,0,0,0,0,0,0

APPTR,D04,04,OTA2
IF,OTA,49.697492,18.109075, ,0.0,0.0,0,0,0,0,0,0,1,0
CF,D227J,49.594797,17.907208,0,OTA,227.0,10.0,227.0,10.0,2,3300,0,0,0,0,0,1
CF,FD04,49.592217,17.963381,1,OTA,217.0,8.5,37.0,2.0,2,3300,0,0,0,0,0,0

APPTR,D04,04,POLOM
IF,POLOM,49.510419,17.817411, ,0.0,0.0,0,0,0,0,0,0,1,0
CF,MT718,49.535942,17.878914,0,OTA,217.9,13.2,52.0,2.9,2,3300,0,0,0,0,1,0
CF,FD04,49.592217,17.963381,0,OTA,217.0,8.5,37.0,4.7,2,3300,0,0,0,0,0,0

FINAL,D04,04,D,3
IF,FD04,49.592217,17.963381,OTA,217.0,8.5,2,3300,0,0,0,0,2,0
CF,40VOR,49.647972,18.040433,0,OTA,217.0,4.0,37.0,4.5,2,1860,0,0,0,0,0,0
CF,MD04,49.676450,18.079886,0,OTA,217.0,1.7,37.0,2.3,1,1128,0,0,0,0,3,0
FA,MD04,49.676450,18.079886,0,OTA,0.0,0.0,41.0,2,4000,0,0,0,0,0,0
VM,0,0,0,41.0,0,0,0,0,0,0,0,0

APPTR,D22,22,BOGTU
IF,BOGTU,49.867942,18.165411, ,0.0,0.0,0,0,0,0,0,0,1,0
TF,MT821,49.902375,18.221356,0, ,0.0,0.0,0.0,0.0,2,3000,0,0,0,0,0,0
TF,MT827,49.822764,18.338406,0, ,0.0,0.0,0.0,0.0,0,0,0,0,0,0,1,0
CF,FD22,49.781511,18.258511,2,OTA,44.0,7.7,224.0,4.0,2,3000,0,0,0,0,0,0

APPTR,D22,22,EKMIT
IF,EKMIT,49.723233,18.377953, ,0.0,0.0,0,0,0,0,0,0,1,0
TF,MT823,49.757561,18.433864,0, ,0.0,0.0,0.0,0.0,2,3000,0,0,0,0,0,0
TF,MT827,49.822764,18.338406,0, ,0.0,0.0,0.0,0.0,0,0,0,0,0,0,1,0
CF,FD22,49.781511,18.258511,0,OTA,44.0,7.7,224.0,4.0,2,3000,0,0,0,0,0,0

APPTR,D22,22,OTA1
IF,OTA,49.697492,18.109075, ,0.0,0.0,0,0,0,0,0,0,1,0
CF,D019J,49.849558,18.213814,0,OTA,19.0,10.0,19.0,10.0,2,3000,0,0,0,0,0,1
CF,FD22,49.781511,18.258511,2,OTA,44.0,7.7,224.0,3.0,2,3000,0,0,0,0,0,0

APPTR,D22,22,OTA2
IF,OTA,49.697492,18.109075, ,0.0,0.0,0,0,0,0,0,0,1,0
CF,D035J,49.824928,18.274517,0,OTA,35.0,10.0,35.0,10.0,2,3000,0,0,0,0,0,1
CF,FD22,49.781511,18.258511,2,OTA,44.0,7.7,224.0,2.0,2,3000,0,0,0,0,0,0

FINAL,D22,22,D,3
IF,FD22,49.781511,18.258511,OTA,44.0,7.7,2,3000,0,0,0,0,2,0
CF,45VOR,49.746617,18.196344,0,OTA,44.0,4.5,224.0,3.2,2,1990,0,0,0,0,0,0
CF,MD22,49.716056,18.142022,0,OTA,44.0,1.7,224.0,2.8,1,1102,0,0,0,0,3,0
FA,MD22,49.716056,18.142022,0,OTA,0.0,0.0,221.0,2,4000,0,0,0,0,0,0
VM,0,0,0,221.0,0,0,0,0,0,0,0,0

APPTR,I22,22,BOGTU
IF,BOGTU,49.867942,18.165411, ,0.0,0.0,0,0,0,0,0,0,1,0
TF,MT821,49.902375,18.221356,0, ,0.0,0.0,0.0,0.0,2,3000,0,0,0,0,0,0
TF,MT825,49.830014,18.327769,0, ,0.0,0.0,0.0,0.0,2,3000,0,0,0,0,1,0
CF,CI22,49.807486,18.291089,0,OSV,41.3,10.9,221.0,2.0,2,3000,0,0,0,0,0,0

APPTR,I22,22,EKMIT
IF,EKMIT,49.723233,18.377953, ,0.0,0.0,0,0,0,0,0,0,1,0
TF,MT823,49.757561,18.433864,0, ,0.0,0.0,0.0,0.0,2,3000,0,0,0,0,0,0
TF,MT825,49.830014,18.327769,0, ,0.0,0.0,0.0,0.0,2,3000,0,0,0,0,1,0
CF,CI22,49.807486,18.291089,0,OSV,41.3,10.9,221.0,2.0,2,3000,0,0,0,0,0,0

APPTR,I22,22,OTA1
IF,OTA,49.697492,18.109075, ,0.0,0.0,0,0,0,0,0,0,1,0
CF,D016J,49.852906,18.201364,0,OTA,16.0,10.0,16.0,10.0,2,3000,0,0,0,0,0,1
CF,CI22,49.807486,18.291089,2,OSV,41.3,10.9,221.0,2.0,2,3000,0,0,0,0,0,0

APPTR,I22,22,OTA2
IF,OTA,49.697492,18.109075, ,0.0,0.0,0,0,0,0,0,0,1,0
CF,D032J,49.830369,18.263989,0,OTA,32.0,10.0,32.0,10.0,2,3000,0,0,0,0,0,1
CF,CI22,49.807486,18.291089,2,OSV,41.3,10.9,221.0,1.0,2,3000,0,0,0,0,0,0

FINAL,I22,22,I,3
IF,CI22,49.807486,18.291089,OSV,41.3,10.9,2,3000,0,0,0,0,0,0
CF,FI22,49.784539,18.253808,0,OSV,41.3,8.9,221.0,2.0,1,3000,0,0,0,0,2,0
CF,RW22,49.707128,18.128450,0,OSV,41.3,2.2,221.0,6.7,1,862,0,0,0,0,3,0
CA,0,221.0,2,4000,0,0,0,0,0,0
VM,0,0,0,221.0,0,0,0,0,0,0,0,0

APPTR,Q04,04,MORUV
IF,MORUV,49.529744,18.065142, ,0.0,0.0,0,0,0,0,0,0,1,0
TF,MT716,49.472200,17.972858,0, ,0.0,0.0,0.0,0.0,2,4000,0,0,0,0,0,0
TF,MT604,49.544236,17.866667,0, ,0.0,0.0,0.0,0.0,2,3300,0,0,0,0,1,0
CF,FQ04,49.597822,17.954303,0,OTA,220.3,8.5,41.0,4.7,2,3300,0,0,0,0,0,0

APPTR,Q04,04,ODRAN
IF,ODRAN,49.661894,17.870247, ,0.0,0.0,0,0,0,0,0,0,1,0
TF,MT603,49.604194,17.777931,0, ,0.0,0.0,0.0,0.0,2,3500,0,0,0,0,0,0
TF,MT604,49.544236,17.866667,0, ,0.0,0.0,0.0,0.0,2,3300,0,0,0,0,1,0
CF,FQ04,49.597822,17.954303,0,OTA,220.3,8.5,41.0,4.7,2,3300,0,0,0,0,0,0

APPTR,Q04,04,OTA1
IF,OTA,49.697492,18.109075, ,0.0,0.0,0,0,0,0,0,0,1,0
FD,OTA,49.697492,18.109075,0,OTA,0.0,10.0,246.0,10.0,2,3300,0,0,0,0,0,0
CF,FQ04,49.597822,17.954303,1,OTA,220.3,8.5,41.0,2.0,2,3300,0,0,0,0,0,0

APPTR,Q04,04,OTA2
IF,OTA,49.697492,18.109075, ,0.0,0.0,0,0,0,0,0,0,1,0
FD,OTA,49.697492,18.109075,0,OTA,0.0,10.0,230.0,10.0,2,3300,0,0,0,0,0,0
CF,FQ04,49.597822,17.954303,1,OTA,220.3,8.5,41.0,2.0,2,3300,0,0,0,0,0,0

APPTR,Q04,04,POLOM
IF,POLOM,49.510419,17.817411, ,0.0,0.0,0,0,0,0,0,0,1,0
TF,MT604,49.544236,17.866667,0, ,0.0,0.0,0.0,0.0,2,3300,0,0,0,0,1,0
CF,FQ04,49.597822,17.954303,0,OTA,220.3,8.5,41.0,4.7,2,3300,0,0,0,0,0,0

FINAL,Q04,04,N,3
IF,FQ04,49.597822,17.954303,R,0.0,0.0,2,3300,0,0,0,0,2,0
CF,40DME,49.649953,18.037208,0,R,0.0,0.0,41.0,4.5,2,1860,0,0,0,0,0,0
CF,R,49.679344,18.084067,0,OTA,0.0,1.5,41.0,2.5,1,1053,0,0,0,0,3,0
FA,R,49.679344,18.084067,0,OTA,0.0,0.0,41.0,2,4000,0,0,0,0,0,0
VM,0,0,0,41.0,0,0,0,0,0,0,0,0

APPTR,Q22,22,BOGTU
IF,BOGTU,49.867942,18.165411, ,0.0,0.0,0,0,0,0,0,0,1,0
TF,MT821,49.902375,18.221356,0, ,0.0,0.0,0.0,0.0,2,3000,0,0,0,0,0,0
TF,MT825,49.830014,18.327769,0, ,0.0,0.0,0.0,0.0,2,3000,0,0,0,0,1,0
CF,FQ22,49.785236,18.253331,0,OTA,41.8,7.7,221.0,4.0,2,3000,0,0,0,0,0,0

APPTR,Q22,22,EKMIT
IF,EKMIT,49.723233,18.377953, ,0.0,0.0,0,0,0,0,0,0,1,0
TF,MT823,49.757561,18.433864,0, ,0.0,0.0,0.0,0.0,2,3000,0,0,0,0,0,0
TF,MT825,49.830014,18.327769,0, ,0.0,0.0,0.0,0.0,2,3000,0,0,0,0,1,0
CF,FQ22,49.785236,18.253331,0,OTA,41.8,7.7,221.0,4.0,2,3000,0,0,0,0,0,0

APPTR,Q22,22,OTA1
IF,OTA,49.697492,18.109075, ,0.0,0.0,0,0,0,0,0,0,1,0
FD,OTA,49.697492,18.109075,0,OTA,0.0,10.0,16.0,10.0,2,3000,0,0,0,0,0,0
CF,FQ22,49.785236,18.253331,2,OTA,41.8,7.7,221.0,3.0,2,3000,0,0,0,0,0,0

APPTR,Q22,22,OTA2
IF,OTA,49.697492,18.109075, ,0.0,0.0,0,0,0,0,0,0,1,0
FD,OTA,49.697492,18.109075,0,OTA,0.0,10.0,34.0,10.0,2,3000,0,0,0,0,0,0
CF,FQ22,49.785236,18.253331,2,OTA,41.8,7.7,221.0,3.0,2,3000,0,0,0,0,0,0

FINAL,Q22,22,N,3
IF,FQ22,49.785236,18.253331,N,0.0,0.0,2,3000,0,0,0,0,2,0
CF,48DME,49.751728,18.199633,0,N,0.0,0.0,221.0,2.9,2,2080,0,0,0,0,0,0
CF,N,49.713200,18.138031,0,OTA,0.0,1.5,221.0,3.3,1,1029,0,0,0,0,3,0
FA,N,49.713200,18.138031,0,OTA,0.0,0.0,221.0,2,4000,0,0,0,0,0,0
VM,0,0,0,221.0,0,0,0,0,0,0,0,0

APPTR,R04,04,MORUV
IF,MORUV,49.529744,18.065142, ,0.0,0.0,0,0,0,0,0,0,1,0
TF,MT716,49.472200,17.972858,0, ,0.0,0.0,0.0,0.0,2,4000,0,0,0,0,0,0
TF,MT604,49.544236,17.866667,0, ,0.0,0.0,0.0,0.0,2,3300,0,0,0,0,1,0

APPTR,R04,04,ODRAN
IF,ODRAN,49.661894,17.870247, ,0.0,0.0,0,0,0,0,0,0,1,0
TF,MT603,49.604194,17.777931,0, ,0.0,0.0,0.0,0.0,2,3500,0,0,0,0,0,0
TF,MT604,49.544236,17.866667,0, ,0.0,0.0,0.0,0.0,2,3300,0,0,0,0,1,0

APPTR,R04,04,OTA
IF,OTA,49.697492,18.109075, ,0.0,0.0,0,0,0,0,0,0,1,0
TF,ODRAN,49.661894,17.870247,0, ,0.0,0.0,0.0,0.0,2,3500,0,0,0,0,0,0
TF,MT603,49.604194,17.777931,0, ,0.0,0.0,0.0,0.0,2,3500,0,0,0,0,0,0
TF,MT604,49.544236,17.866667,0, ,0.0,0.0,0.0,0.0,2,3300,0,0,0,0,1,0

APPTR,R04,04,POLOM
IF,POLOM,49.510419,17.817411, ,0.0,0.0,0,0,0,0,0,0,1,0
TF,MT604,49.544236,17.866667,0, ,0.0,0.0,0.0,0.0,2,3300,0,0,0,0,1,0

FINAL,R04,04,R,3
IF,MT604,49.544236,17.866667, ,0.0,0.0,2,3300,0,0,0,0,0,0
TF,MT04G,49.598244,17.953150,0, ,0.0,0.0,41.0,4.7,2,3300,0,0,0,0,2,0
TF,RW04,49.685311,18.093228,0, ,0.0,0.0,41.0,7.6,1,891,0,0,0,0,3,1
CA,0,41.0,2,4000,0,0,0,0,0,0
VM,0,0,0,41.0,0,0,0,0,0,0,0,0

APPTR,R22,22,BOGTU
IF,BOGTU,49.867942,18.165411, ,0.0,0.0,0,0,0,0,0,0,1,0
TF,MT821,49.902375,18.221356,0, ,0.0,0.0,0.0,0.0,2,3000,0,0,0,0,0,0
TF,MT825,49.830014,18.327769,0, ,0.0,0.0,0.0,0.0,2,3000,0,0,0,0,1,0

APPTR,R22,22,EKMIT
IF,EKMIT,49.723233,18.377953, ,0.0,0.0,0,0,0,0,0,0,1,0
TF,MT823,49.757561,18.433864,0, ,0.0,0.0,0.0,0.0,2,3000,0,0,0,0,0,0
TF,MT825,49.830014,18.327769,0, ,0.0,0.0,0.0,0.0,2,3000,0,0,0,0,1,0

APPTR,R22,22,OTA
IF,OTA,49.697492,18.109075, ,0.0,0.0,0,0,0,0,0,0,1,0
TF,BOGTU,49.867942,18.165411,0, ,0.0,0.0,0.0,0.0,2,3000,0,0,0,0,0,0
TF,MT821,49.902375,18.221356,0, ,0.0,0.0,0.0,0.0,2,3000,0,0,0,0,0,0
TF,MT825,49.830014,18.327769,0, ,0.0,0.0,0.0,0.0,2,3000,0,0,0,0,1,0

FINAL,R22,22,R,3
IF,MT825,49.830014,18.327769, ,0.0,0.0,2,3000,0,0,0,0,0,0
TF,MT22F,49.784392,18.253586,0, ,0.0,0.0,221.0,4.0,2,3000,0,0,0,0,2,0
TF,RW22,49.707128,18.128450,0, ,0.0,0.0,221.0,6.7,1,857,0,0,0,0,3,1
CA,0,221.0,2,4000,0,0,0,0,0,0
VM,0,0,0,221.0,0,0,0,0,0,0,0,0

