SID,MIKO2A,27,5
DF,TB200,49.156378,16.635217,0, ,0.0,0.0,2,1300,0,1,200,0,0,1
DF,TB205,49.055742,16.691050,1, ,0.0,0.0,0,0,0,0,0,0,0,0
TF,MIKOV,48.784744,16.621003,0, ,0.0,0.0,0.0,0.0,0,0,0,0,0,0,0,0

SID,MIKO4D,09,5
DF,TB103,49.143644,16.782133,0, ,0.0,0.0,0,0,0,1,210,0,0,1
DF,TB205,49.055742,16.691050,2, ,0.0,0.0,0,0,0,0,0,0,0,0
TF,MIKOV,48.784744,16.621003,0, ,0.0,0.0,0.0,0.0,0,0,0,0,0,0,0,0

SID,ODNE1D,09,5
DF,TB103,49.143644,16.782133,0, ,0.0,0.0,0,0,0,0,0,0,0,1
TF,ODNEM,48.853200,17.167844,0, ,0.0,0.0,0.0,0.0,0,0,0,0,0,0,0,0

SID,ODNE3A,27,5
DF,TB200,49.156378,16.635217,0, ,0.0,0.0,2,1300,0,1,200,0,0,1
DF,TB205,49.055742,16.691050,1, ,0.0,0.0,0,0,0,0,0,0,0,0
TF,ODNEM,48.853200,17.167844,0, ,0.0,0.0,0.0,0.0,0,0,0,0,0,0,0,0

SID,TUMK2D,09,5
DF,TB101,49.146478,16.749639,0, ,0.0,0.0,2,1300,0,1,210,0,0,1
DF,TB102,49.288711,16.657778,1, ,0.0,0.0,0,0,0,0,0,0,0,0
TF,TB106,49.377156,16.221417,0, ,0.0,0.0,0.0,0.0,0,0,0,0,0,0,0,0
TF,TUMKA,49.407894,15.947267,0, ,0.0,0.0,0.0,0.0,0,0,0,0,0,0,0,0

SID,TUMK3A,27,5
DF,TB202,49.166344,16.518672,0, ,0.0,0.0,0,0,0,0,0,0,0,0
TF,BITSI,49.308278,16.236314,0, ,0.0,0.0,0.0,0.0,0,0,0,0,0,0,0,0
TF,TUMKA,49.407894,15.947267,0, ,0.0,0.0,0.0,0.0,0,0,0,0,0,0,0,0

SID,UPLA1A,27,5
DF,TB202,49.166344,16.518672,0, ,0.0,0.0,0,0,0,1,230,0,0,0
TF,TB203,49.248903,16.535022,0, ,0.0,0.0,0.0,0.0,0,0,0,0,0,0,0,0
TF,TB204,49.210233,16.979642,0, ,0.0,0.0,0.0,0.0,0,0,0,0,0,0,0,0
TF,UPLAV,49.322853,17.528397,0, ,0.0,0.0,0.0,0.0,0,0,0,0,0,0,0,0

SID,UPLA1B,27,5
DF,TB200,49.156378,16.635217,0, ,0.0,0.0,2,1300,0,1,200,0,0,1
DF,TB205,49.055742,16.691050,1, ,0.0,0.0,0,0,0,0,0,0,0,0
TF,UPLAV,49.322853,17.528397,0, ,0.0,0.0,0.0,0.0,0,0,0,0,0,0,0,0

SID,UPLA1D,09,5
DF,BUKAP,49.123517,17.010047,0, ,0.0,0.0,0,0,0,0,0,0,0,0
TF,UPLAV,49.322853,17.528397,0, ,0.0,0.0,0.0,0.0,0,0,0,0,0,0,0,0

STAR,LEDV2C,27,5
IF,LEDVA,48.728789,16.789194, ,0.0,0.0,0,0,0,0,0,0,0,0
TF,TB501,49.056372,16.819736,0, ,0.0,0.0,0.0,0.0,0,0,0,0,0,0,0,0
TF,TB502,49.041033,16.992969,0, ,0.0,0.0,0.0,0.0,0,0,0,0,0,0,0,0
TF,TB503,49.029758,17.118411,0, ,0.0,0.0,0.0,0.0,0,0,0,0,0,0,0,0
TF,TB514,49.112222,17.135689,0, ,0.0,0.0,0.0,0.0,0,0,0,0,0,0,0,0
TF,BUKAP,49.123517,17.010047,0, ,0.0,0.0,0.0,0.0,0,0,0,0,0,0,0,0

STAR,LEDV2R,09,5
IF,LEDVA,48.728789,16.789194, ,0.0,0.0,0,0,0,0,0,0,0,0
TF,TB411,49.056372,16.819736,0, ,0.0,0.0,0.0,0.0,0,0,0,0,0,0,0,0
TF,TB402,49.229181,16.764333,0, ,0.0,0.0,0.0,0.0,0,0,0,0,0,0,0,0
TF,TB403,49.239256,16.647853,0, ,0.0,0.0,0.0,0.0,0,0,0,0,0,0,0,0
TF,TB404,49.264931,16.522231,0, ,0.0,0.0,0.0,0.0,0,0,0,0,0,0,0,0
TF,TB405,49.284983,16.423550,0, ,0.0,0.0,0.0,0.0,0,0,0,0,0,0,0,0
TF,TB419,49.229086,16.355272,0, ,0.0,0.0,0.0,0.0,0,0,0,0,0,0,0,0
TF,ROGAD,49.176161,16.402261,0, ,0.0,0.0,0.0,0.0,0,0,0,0,0,0,0,0

STAR,LEDV3Q,09,5
IF,LEDVA,48.728789,16.789194, ,0.0,0.0,0,0,0,0,0,0,0,0
TF,TB411,49.056372,16.819736,0, ,0.0,0.0,0.0,0.0,0,0,0,0,0,0,0,0
TF,TB432,49.074372,16.612431,0, ,0.0,0.0,0.0,0.0,0,0,0,0,0,0,0,0
TF,TB412,49.085097,16.486753,0, ,0.0,0.0,0.0,0.0,0,0,0,0,0,0,0,0
TF,TB413,49.093581,16.386169,0, ,0.0,0.0,0.0,0.0,0,0,0,0,0,0,0,0
TF,ROGAD,49.176161,16.402261,0, ,0.0,0.0,0.0,0.0,0,0,0,0,0,0,0,0

STAR,MAVO3C,27,5
IF,MAVOR,48.821394,17.537503, ,0.0,0.0,0,0,0,0,0,0,0,0
TF,TB400,48.980314,17.301253,0, ,0.0,0.0,0.0,0.0,0,0,0,0,0,0,0,0
TF,TB514,49.112222,17.135689,0, ,0.0,0.0,0.0,0.0,0,0,0,0,0,0,0,0
TF,BUKAP,49.123517,17.010047,0, ,0.0,0.0,0.0,0.0,0,0,0,0,0,0,0,0

STAR,MAVO3R,09,5
IF,MAVOR,48.821394,17.537503, ,0.0,0.0,0,0,0,0,0,0,0,0
TF,TB400,48.980314,17.301253,0, ,0.0,0.0,0.0,0.0,0,0,0,0,0,0,0,0
TF,TB402,49.229181,16.764333,0, ,0.0,0.0,0.0,0.0,0,0,0,0,0,0,0,0
TF,TB403,49.239256,16.647853,0, ,0.0,0.0,0.0,0.0,0,0,0,0,0,0,0,0
TF,TB404,49.264931,16.522231,0, ,0.0,0.0,0.0,0.0,0,0,0,0,0,0,0,0
TF,TB405,49.284983,16.423550,0, ,0.0,0.0,0.0,0.0,0,0,0,0,0,0,0,0
TF,TB419,49.229086,16.355272,0, ,0.0,0.0,0.0,0.0,0,0,0,0,0,0,0,0
TF,ROGAD,49.176161,16.402261,0, ,0.0,0.0,0.0,0.0,0,0,0,0,0,0,0,0

STAR,MAVO4Q,09,5
IF,MAVOR,48.821394,17.537503, ,0.0,0.0,0,0,0,0,0,0,0,0
TF,TB400,48.980314,17.301253,0, ,0.0,0.0,0.0,0.0,0,0,0,0,0,0,0,0
TF,TB410,49.041033,16.992969,0, ,0.0,0.0,0.0,0.0,0,0,0,0,0,0,0,0
TF,TB411,49.056372,16.819736,0, ,0.0,0.0,0.0,0.0,0,0,0,0,0,0,0,0
TF,TB432,49.074372,16.612431,0, ,0.0,0.0,0.0,0.0,0,0,0,0,0,0,0,0
TF,TB412,49.085097,16.486753,0, ,0.0,0.0,0.0,0.0,0,0,0,0,0,0,0,0
TF,TB413,49.093581,16.386169,0, ,0.0,0.0,0.0,0.0,0,0,0,0,0,0,0,0
TF,ROGAD,49.176161,16.402261,0, ,0.0,0.0,0.0,0.0,0,0,0,0,0,0,0,0

STAR,TUMK3R,09,5
IF,TUMKA,49.407894,15.947267, ,0.0,0.0,0,0,0,0,0,0,0,0
TF,TB418,49.324619,16.172025,0, ,0.0,0.0,0.0,0.0,0,0,0,0,0,0,0,0
TF,TB419,49.229086,16.355272,0, ,0.0,0.0,0.0,0.0,0,0,0,0,0,0,0,0
TF,ROGAD,49.176161,16.402261,0, ,0.0,0.0,0.0,0.0,0,0,0,0,0,0,0,0

STAR,TUMK4C,27,5
IF,TUMKA,49.407894,15.947267, ,0.0,0.0,0,0,0,0,0,0,0,0
TF,TB510,49.229181,16.764333,0, ,0.0,0.0,0.0,0.0,0,0,0,0,0,0,0,0
TF,TB520,49.217200,16.901042,0, ,0.0,0.0,0.0,0.0,0,0,0,0,0,0,0,0
TF,TB511,49.205997,17.027183,0, ,0.0,0.0,0.0,0.0,0,0,0,0,0,0,0,0
TF,TB512,49.194678,17.153028,0, ,0.0,0.0,0.0,0.0,0,0,0,0,0,0,0,0
TF,TB514,49.112222,17.135689,0, ,0.0,0.0,0.0,0.0,0,0,0,0,0,0,0,0
TF,BUKAP,49.123517,17.010047,0, ,0.0,0.0,0.0,0.0,0,0,0,0,0,0,0,0

STAR,UPLA1C,27,5
IF,UPLAV,49.322853,17.528397, ,0.0,0.0,0,0,0,0,0,0,0,0
TF,TB514,49.112222,17.135689,0, ,0.0,0.0,0.0,0.0,0,0,0,0,0,0,0,0
TF,BUKAP,49.123517,17.010047,0, ,0.0,0.0,0.0,0.0,0,0,0,0,0,0,0,0

STAR,UPLA1R,09,5
IF,UPLAV,49.322853,17.528397, ,0.0,0.0,0,0,0,0,0,0,0,0
TF,TB401,49.205997,17.027183,0, ,0.0,0.0,0.0,0.0,0,0,0,0,0,0,0,0
TF,TB402,49.229181,16.764333,0, ,0.0,0.0,0.0,0.0,0,0,0,0,0,0,0,0
TF,TB403,49.239256,16.647853,0, ,0.0,0.0,0.0,0.0,0,0,0,0,0,0,0,0
TF,TB404,49.264931,16.522231,0, ,0.0,0.0,0.0,0.0,0,0,0,0,0,0,0,0
TF,TB405,49.284983,16.423550,0, ,0.0,0.0,0.0,0.0,0,0,0,0,0,0,0,0
TF,TB419,49.229086,16.355272,0, ,0.0,0.0,0.0,0.0,0,0,0,0,0,0,0,0
TF,ROGAD,49.176161,16.402261,0, ,0.0,0.0,0.0,0.0,0,0,0,0,0,0,0,0

APPTR,D09,09,BNO
IF,BNO,49.150064,16.692581, ,0.0,0.0,0,0,0,0,0,0,1,0
CF,FD09,49.173742,16.505586,0,BNO,276.0,7.5,276.0,7.5,0,0,0,0,0,0,0,0
FC,FD09,49.173742,16.505586,0,BNO,0.0,0.0,321.0,4.3,2,3000,0,0,0,0,0,1
CF,FD09,49.173742,16.505586,1,BNO,276.0,7.5,96.0,5.0,2,3000,0,1,220,0,0,0

APPTR,D09,09,ROGAD
IF,ROGAD,49.176161,16.402261, ,0.0,0.0,0,0,0,0,0,0,1,0
CF,FD09,49.173742,16.505586,0,BNO,276.0,7.5,88.0,4.0,2,3000,0,0,0,0,0,0

FINAL,D09,09,D,3
IF,FD09,49.173742,16.505586,BNO,276.0,7.5,2,3000,0,0,0,0,2,0
CF,37VOR,49.161783,16.600353,0,BNO,276.0,3.7,96.0,3.8,2,1780,0,0,0,0,0,0
CF,MD09,49.154506,16.657686,0,BNO,276.0,1.4,96.0,2.3,1,1043,0,0,0,0,3,0
CA,0,93.0,2,4000,0,0,0,0,0,0
VM,0,0,0,93.0,0,0,0,0,0,0,0,0

APPTR,D27,27,BNO1
FD,BNO,49.150064,16.692581,0,BNO,0.0,10.0,110.0,10.0,2,3000,0,0,0,0,1,0
CF,FD27,49.138872,16.884742,1,BNO,90.0,7.6,270.0,3.0,2,3000,0,1,220,0,0,0

APPTR,D27,27,BNO2
FD,BNO,49.150064,16.692581,0,BNO,0.0,10.0,100.0,10.0,2,3000,0,0,0,0,1,0
CF,FD27,49.138872,16.884742,1,BNO,90.0,7.6,270.0,3.0,2,3000,0,1,220,0,0,0

APPTR,D27,27,BUKAP
IF,BUKAP,49.123517,17.010047, ,0.0,0.0,0,0,0,0,0,0,1,0
CF,FD27,49.138872,16.884742,0,BNO,90.0,7.6,277.0,5.0,2,3000,0,0,0,0,0,0

FINAL,D27,27,D,3
IF,FD27,49.138872,16.884742,BNO,90.0,7.6,2,3000,0,0,0,0,2,0
CF,25VOR,49.146417,16.755800,0,BNO,90.0,2.5,270.0,5.1,2,1380,0,0,0,0,0,0
CF,MD27,49.147881,16.730514,0,BNO,90.0,1.5,270.0,1.0,1,1054,0,0,0,0,3,0
CA,0,273.0,2,4000,0,0,0,0,0,0
VM,0,0,0,273.0,0,0,0,0,0,0,0,0

APPTR,I27,27,BNO1
FD,BNO,49.150064,16.692581,0,BNO,0.0,10.0,112.0,10.0,2,3000,0,0,0,0,1,0
CF,CI27,49.130258,16.934436,1,BO,92.5,10.5,273.0,1.0,2,3000,0,1,220,0,0,0

APPTR,I27,27,BNO2
FD,BNO,49.150064,16.692581,0,BNO,0.0,10.0,102.0,10.0,2,3000,0,0,0,0,1,0
CF,CI27,49.130258,16.934436,1,BO,92.5,10.5,273.0,1.0,2,3000,0,1,220,0,0,0

APPTR,I27,27,BUKAP
IF,BUKAP,49.123517,17.010047, ,0.0,0.0,0,0,0,0,0,0,1,0
CF,CI27,49.130258,16.934436,0,BO,92.5,10.5,273.0,3.0,2,3000,0,0,0,0,0,0

FINAL,I27,27,I,3
IF,CI27,49.130258,16.934436,BO,92.5,10.5,2,3000,0,0,0,0,0,0
CF,FF27,49.134703,16.884136,0,BO,92.5,8.5,273.0,2.0,1,3000,0,0,0,0,2,0
CF,RW27,49.149756,16.711897,0,BO,92.5,1.6,273.0,6.8,1,818,0,0,0,0,3,0
CA,0,273.0,2,4000,0,0,0,0,0,0
VM,0,0,0,273.0,0,0,0,0,0,0,0,0

APPTR,Q09,09,BNO
IF,BNO,49.150064,16.692581, ,0.0,0.0,0,0,0,0,0,0,1,0
CF,FQ09,49.168747,16.504283,0,BNO,273.7,7.5,274.0,7.5,0,0,0,0,0,0,0,0
FC,FQ09,49.168747,16.504283,0,BNO,0.0,0.0,318.0,4.3,2,3000,0,0,0,0,0,1
CF,ROGAD,49.176161,16.402261,1,BNO,272.9,11.5,93.0,1.0,0,0,0,1,220,0,0,0
CF,FQ09,49.168747,16.504283,0,BNO,273.7,7.5,93.0,4.0,2,3000,0,0,0,0,0,0

APPTR,Q09,09,ROGAD
IF,ROGAD,49.176161,16.402261, ,0.0,0.0,0,0,0,0,0,0,1,0
CF,FQ09,49.168747,16.504283,0,BNO,273.7,7.5,93.0,4.0,2,3000,0,0,0,0,0,0

FINAL,Q09,09,N,3
IF,FQ09,49.168747,16.504283,B,0.0,0.0,2,3000,0,0,0,0,2,0
CF,35DME,49.159625,16.604919,0,B,0.0,0.0,93.0,4.0,2,1720,0,0,0,0,0,0
CF,RW09,49.152872,16.675869,0,BO,0.0,1.3,93.0,2.8,1,813,0,0,0,0,3,0
CA,0,93.0,2,4000,0,0,0,0,0,0
VM,0,0,0,93.0,0,0,0,0,0,0,0,0

APPTR,Q27,27,BNO1
FD,BNO,49.150064,16.692581,0,BNO,0.0,10.0,112.0,10.0,2,3000,0,0,0,0,1,0
CF,FF27,49.134703,16.884136,1,BNO,91.9,7.6,273.0,3.0,2,3000,0,1,220,0,0,0

APPTR,Q27,27,BNO2
FD,BNO,49.150064,16.692581,0,BNO,0.0,10.0,102.0,10.0,2,3000,0,0,0,0,1,0
CF,FF27,49.134703,16.884136,1,BNO,91.9,7.6,273.0,3.0,2,3000,0,1,220,0,0,0

APPTR,Q27,27,BUKAP
IF,BUKAP,49.123517,17.010047, ,0.0,0.0,0,0,0,0,0,0,1,0
CF,FF27,49.134703,16.884136,0,BNO,91.9,7.6,273.0,5.0,2,3000,0,0,0,0,0,0

FINAL,Q27,27,N,3
IF,FF27,49.134703,16.884136,B,0.0,0.0,2,3000,0,0,0,0,2,0
CF,25DME,49.145792,16.755644,0,B,0.0,0.0,273.0,5.1,2,1380,0,0,0,0,0,0
CF,B,49.148514,16.726175,0,BO,0.0,0.7,273.0,1.2,1,999,0,0,0,0,3,0
CA,0,273.0,2,4000,0,0,0,0,0,0
VM,0,0,0,273.0,0,0,0,0,0,0,0,0

APPTR,R09,09,BNO
IF,BNO,49.150064,16.692581, ,0.0,0.0,0,0,0,0,0,0,1,0
TF,TB471,49.163667,16.550011,0, ,0.0,0.0,0.0,0.0,0,0,0,0,0,0,0,0
TF,TB472,49.235931,16.439122,0, ,0.0,0.0,0.0,0.0,2,3000,0,1,220,0,0,1
TF,ROGAD,49.176161,16.402261,1, ,0.0,0.0,0.0,0.0,2,3000,0,0,0,0,1,0

FINAL,R09,09,R,3
IF,ROGAD,49.176161,16.402261, ,0.0,0.0,2,3000,0,0,0,0,1,0
TF,TB09F,49.167661,16.503025,0, ,0.0,0.0,93.0,4.0,2,3000,0,0,0,0,2,0
TF,RW09,49.152872,16.675869,0, ,0.0,0.0,93.0,6.9,1,813,0,0,0,0,3,1
CA,0,93.0,2,4000,0,0,0,0,0,0
VM,0,0,0,93.0,0,0,0,0,0,0,0,0

APPTR,R27,27,BNO
IF,BNO,49.150064,16.692581, ,0.0,0.0,0,0,0,0,0,0,1,0
TF,TB501,49.056372,16.819736,0, ,0.0,0.0,0.0,0.0,2,3000,0,0,0,0,0,0
TF,TB502,49.041033,16.992969,0, ,0.0,0.0,0.0,0.0,2,3000,0,1,220,0,0,0
TF,BUKAP,49.123517,17.010047,0, ,0.0,0.0,0.0,0.0,2,3000,0,0,0,0,1,0

FINAL,R27,27,R,3
IF,BUKAP,49.123517,17.010047, ,0.0,0.0,2,3000,0,0,0,0,1,0
TF,TB27F,49.134697,16.884106,0, ,0.0,0.0,273.0,5.0,2,3000,0,0,0,0,2,0
TF,RW27,49.149756,16.711897,0, ,0.0,0.0,273.0,6.8,1,820,0,0,0,0,3,1
CA,0,273.0,2,4000,0,0,0,0,0,0
VM,0,0,0,273.0,0,0,0,0,0,0,0,0

