SID,ESP1M,17,2
CA,0,167.0,2,800,0,0,0,0,0,0
CD, ,0,0,0,CAS,0,0.0,167.0,4.0,0,0,0,0,0,0,0,0
VI,0, ,0.0,249.0,0,0,0,0,0,0,0,0
FD,CAS,38.748250,-9.362028,0,CAS,0.0,14.0,219.0,14.0,1,2000,0,0,0,0,0,0
CF,ESP,38.424139,-9.185667,1,ESP,0.0,0.0,105.0,17.0,0,0,0,0,0,0,0,0

SID,ESP1T,35,2
CA,0,347.0,2,730,0,0,0,0,0,0
FD,CAS,38.748250,-9.362028,1,CAS,0.0,4.0,237.0,4.0,2,2000,0,0,0,0,0,0
CD, ,0,0,0,CAS,0,0.0,237.0,15.0,0,0,0,0,0,0,0,0
VI,1, ,0.0,135.0,0,0,0,0,0,0,0,0
CF,ESP,38.424139,-9.185667,0,ESP,0.0,0.0,105.0,18.0,0,0,0,0,0,0,0,0

STAR,FTM1C,35,2
IF,FTM,39.665694,-8.492639, ,0.0,0.0,0,0,0,0,0,0,0,0
TF,FTM35,39.260711,-9.035189,0, ,0.0,0.0,0.0,0.0,0,0,0,0,0,0,0,0
TF,ROKAP,38.736111,-9.723889,0, ,0.0,0.0,0.0,0.0,2,6000,0,0,0,0,0,0
AF,BUGID,38.473056,-9.449444,1,CAS,197.0,17.0,271.0,1,2000,0,0,0,0,0,0
VI,0, ,0.0,34.0,0,0,0,0,0,0,0,0
CF,FD35,38.635278,-9.325278,0,CAS,168.7,7.0,349.0,3.0,0,0,0,0,0,0,0,0

APPTR,D35,35,ESP
IF,ESP,38.424139,-9.185667, ,0.0,0.0,2,3000,0,1,180,0,0,0
CF,D169K,38.570167,-9.305472,0,CAS,169.0,11.0,329.0,10.4,2,2000,0,0,0,0,0,0
CF,FD35,38.635278,-9.325278,0,CAS,168.7,7.0,349.0,4.0,2,2000,0,0,0,0,0,0

APPTR,D35,35,FD35
HF,FD35,38.635278,-9.325278,1, ,0.0,0.0,349.0,04,2,2000,0,1,170,0,1,0,0

FINAL,D35,35,D,2
IF,FD35,38.635278,-9.325278,CAS,168.7,7.0,2,2000,0,1,130,0,2,0
CF,MD35,38.715872,-9.351722,0,CAS,169.0,2.0,349.0,5.0,1,391,0,0,0,0,3,0
CA,0,349.0,2,730,0,0,0,0,0,0
CF,D237F,38.689367,-9.465353,1,CAS,237.0,6.0,237.0,5.0,0,0,0,1,130,0,0,1
CI,0, ,0.0,192.0,0,0,0,0,0,0,0,0
CF,EKMAR,38.557378,-9.521444,0,LIS,222.5,26.0,224.0,3.0,1,3000,0,1,150,0,0,0
HM,EKMAR,38.557378,-9.521444,1, ,0.0,0.0,44.0,05,2,3000,0,1,170,0,0,0,0

APPTR,R35,35,CEFOX
IF,CEFOX,38.551653,-9.402703, ,0.0,0.0,1,3000,0,0,0,0,1,0
TF,OXFIN,38.574544,-9.300492,0, ,0.0,0.0,0.0,0.0,1,2000,0,0,0,0,1,0

FINAL,R35,35,R,3
IF,OXFIN,38.574544,-9.300492, ,0.0,0.0,1,2000,0,0,0,0,0,0
TF,ZEZZU,38.634678,-9.322314,0, ,0.0,0.0,347.0,3.8,1,2000,0,0,0,0,2,0
TF,RW35,38.719003,-9.352983,0, ,0.0,0.0,347.0,5.3,1,327,0,0,0,0,3,1
DF,CS460,38.714156,-9.522525,1, ,0.0,0.0,0,0,0,1,130,0,0,0
TF,EKMAR,38.557378,-9.521444,0, ,0.0,0.0,0.0,0.0,2,3000,0,0,0,0,0,0
HM,EKMAR,38.557378,-9.521444,1, ,0.0,0.0,44.0,04.3,2,3000,0,0,0,0,0,0,0

