SID,BUSE3N,02,5
CA,0,25.0,2,2000,0,0,0,0,0,0
DF,PT416,38.828056,-9.021667,0, ,0.0,0.0,2,3000,0,0,0,0,0,0
TF,MONUR,38.641644,-8.996561,0, ,0.0,0.0,0.0,0.0,2,6000,0,0,0,0,0,0
TF,BUSEN,38.545000,-10.000000,0, ,0.0,0.0,0.0,0.0,0,0,0,0,0,0,0,0

SID,BUSE3S,20,5
CA,0,205.0,2,760,0,0,0,0,0,0
CF,NETVO,38.640000,-9.211389,0,ESP,357.7,13.0,205.0,8.0,2,3000,0,0,0,0,0,1
TF,BUSEN,38.545000,-10.000000,0, ,0.0,0.0,0.0,0.0,0,0,0,0,0,0,0,0

SID,ESP5N,02,2
DF,ROKOB,38.853056,-9.097500,0, ,0.0,0.0,2,2000,0,0,0,0,0,1
TF,ERUKU,38.792500,-8.983056,2, ,0.0,0.0,0.0,0.0,2,4000,0,0,0,0,0,0
TF,ESP,38.424139,-9.185667,0, ,0.0,0.0,0.0,0.0,0,0,0,0,0,0,0,0

SID,ESP6S,20,2
DF,NETVO,38.640000,-9.211389,0, ,0.0,0.0,2,3000,0,0,0,0,0,0
TF,ESP,38.424139,-9.185667,0, ,0.0,0.0,0.0,0.0,2,4000,0,0,0,0,0,0

SID,EXON1S,20,5
CA,0,205.0,2,760,0,0,0,0,0,0
CF,NETVO,38.640000,-9.211389,0,ESP,357.7,13.0,205.0,8.0,2,3000,0,0,0,0,0,1
DF,GUDAV,38.650556,-8.583333,1, ,0.0,0.0,0,0,0,0,0,0,0,1
TF,EXONA,38.904444,-8.016667,0, ,0.0,0.0,0.0,0.0,0,0,0,0,0,0,0,0

SID,FTM4N,02,2
DF,ROKOB,38.853056,-9.097500,0, ,0.0,0.0,2,2000,0,0,0,0,0,0
TF,BOMKO,38.953611,-9.043611,0, ,0.0,0.0,0.0,0.0,2,4000,0,0,0,0,0,0
TF,ALAMA,39.223333,-8.550000,0, ,0.0,0.0,0.0,0.0,2,7000,0,0,0,0,0,0
TF,FTM,39.665694,-8.492639,0, ,0.0,0.0,0.0,0.0,0,0,0,0,0,0,0,0

SID,FTM5S,20,2
DF,NETVO,38.640000,-9.211389,0, ,0.0,0.0,2,3000,0,0,0,0,0,0
TF,KELIK,38.491944,-9.006389,0, ,0.0,0.0,0.0,0.0,2,4000,0,0,0,0,0,0
TF,GUDAV,38.650556,-8.583333,0, ,0.0,0.0,0.0,0.0,2,7000,0,0,0,0,0,0
TF,FTM,39.665694,-8.492639,0, ,0.0,0.0,0.0,0.0,0,0,0,0,0,0,0,0

SID,GAIO6N,02,5
CA,0,25.0,2,2000,0,0,0,0,0,0
DF,PT416,38.828056,-9.021667,0, ,0.0,0.0,2,3000,0,0,0,0,0,0
TF,MONUR,38.641644,-8.996561,0, ,0.0,0.0,0.0,0.0,2,6000,0,0,0,0,0,0
TF,GAIOS,38.275556,-8.543056,0, ,0.0,0.0,0.0,0.0,0,0,0,0,0,0,0,0

SID,GAIO8S,20,5
CA,0,205.0,2,760,0,0,0,0,0,0
CF,NETVO,38.640000,-9.211389,0,ESP,357.7,13.0,205.0,8.0,2,3000,0,0,0,0,0,1
TF,GAIOS,38.275556,-8.543056,0, ,0.0,0.0,0.0,0.0,0,0,0,0,0,0,0,0

SID,GANS6N,02,5
CA,0,25.0,2,2000,0,0,0,0,0,0
DF,PT416,38.828056,-9.021667,0, ,0.0,0.0,2,3000,0,0,0,0,0,0
TF,MONUR,38.641644,-8.996561,0, ,0.0,0.0,0.0,0.0,2,6000,0,0,0,0,0,0
TF,GANSU,38.000000,-9.817500,0, ,0.0,0.0,0.0,0.0,0,0,0,0,0,0,0,0

SID,GANS8S,20,5
CA,0,205.0,2,760,0,0,0,0,0,0
CF,NETVO,38.640000,-9.211389,0,ESP,357.7,13.0,205.0,8.0,2,3000,0,0,0,0,0,1
TF,GANSU,38.000000,-9.817500,0, ,0.0,0.0,0.0,0.0,0,0,0,0,0,0,0,0

SID,IDBI5N,02,5
CA,0,25.0,2,2000,0,0,0,0,0,0
DF,PT412,38.886111,-9.006389,0, ,0.0,0.0,2,4000,0,0,0,0,0,0
TF,IDBID,39.278333,-8.016667,0, ,0.0,0.0,0.0,0.0,0,0,0,0,0,0,0,0

SID,INBO4S,20,5
CA,0,205.0,2,760,0,0,0,0,0,0
CF,NETVO,38.640000,-9.211389,0,ESP,357.7,13.0,205.0,8.0,2,3000,0,0,0,0,0,1
DF,GUDAV,38.650556,-8.583333,1, ,0.0,0.0,0,0,0,0,0,0,0,1
TF,USIVI,39.696389,-8.211389,0, ,0.0,0.0,0.0,0.0,0,0,0,0,0,0,0,1
TF,INBOM,40.001944,-8.301944,0, ,0.0,0.0,0.0,0.0,0,0,0,0,0,0,0,0

SID,INBO5N,02,5
CA,0,25.0,2,2000,0,0,0,0,0,0
DF,PT412,38.886111,-9.006389,0, ,0.0,0.0,2,4000,0,0,0,0,0,0
TF,USIVI,39.696389,-8.211389,0, ,0.0,0.0,0.0,0.0,0,0,0,0,0,0,0,1
TF,INBOM,40.001944,-8.301944,0, ,0.0,0.0,0.0,0.0,0,0,0,0,0,0,0,0

SID,IXID3S,20,5
CA,0,205.0,2,760,0,0,0,0,0,0
CF,NETVO,38.640000,-9.211389,0,ESP,357.7,13.0,205.0,8.0,2,3000,0,0,0,0,0,1
DF,GUDAV,38.650556,-8.583333,1, ,0.0,0.0,0,0,0,0,0,0,0,1
TF,IXIDA,39.655000,-8.016667,0, ,0.0,0.0,0.0,0.0,0,0,0,0,0,0,0,0

SID,IXID5N,02,5
CA,0,25.0,2,2000,0,0,0,0,0,0
DF,PT412,38.886111,-9.006389,0, ,0.0,0.0,2,4000,0,0,0,0,0,0
TF,IXIDA,39.655000,-8.016667,0, ,0.0,0.0,0.0,0.0,0,0,0,0,0,0,0,0

SID,LIGR6N,02,5
CA,0,25.0,2,2000,0,0,0,0,0,0
DF,PT416,38.828056,-9.021667,0, ,0.0,0.0,2,3000,0,0,0,0,0,0
TF,MONUR,38.641644,-8.996561,0, ,0.0,0.0,0.0,0.0,2,6000,0,0,0,0,0,0
TF,LIGRA,38.000000,-9.590833,0, ,0.0,0.0,0.0,0.0,0,0,0,0,0,0,0,0

SID,LIGR8S,20,5
CA,0,205.0,2,760,0,0,0,0,0,0
CF,NETVO,38.640000,-9.211389,0,ESP,357.7,13.0,205.0,8.0,2,3000,0,0,0,0,0,1
TF,LIGRA,38.000000,-9.590833,0, ,0.0,0.0,0.0,0.0,0,0,0,0,0,0,0,0

SID,NAKO6N,02,5
CA,0,25.0,2,2000,0,0,0,0,0,0
DF,PT416,38.828056,-9.021667,0, ,0.0,0.0,2,3000,0,0,0,0,0,0
TF,MONUR,38.641644,-8.996561,0, ,0.0,0.0,0.0,0.0,2,6000,0,0,0,0,0,0
TF,NAKOS,38.000000,-9.334444,0, ,0.0,0.0,0.0,0.0,0,0,0,0,0,0,0,0

SID,NAKO8S,20,5
CA,0,205.0,2,760,0,0,0,0,0,0
CF,NETVO,38.640000,-9.211389,0,ESP,357.7,13.0,205.0,8.0,2,3000,0,0,0,0,0,1
TF,NAKOS,38.000000,-9.334444,0, ,0.0,0.0,0.0,0.0,0,0,0,0,0,0,0,0

SID,TROI6N,02,5
CA,0,25.0,2,2000,0,0,0,0,0,0
DF,PT416,38.828056,-9.021667,0, ,0.0,0.0,2,3000,0,0,0,0,0,0
TF,MONUR,38.641644,-8.996561,0, ,0.0,0.0,0.0,0.0,2,6000,0,0,0,0,0,0
TF,TROIA,38.073333,-8.879167,0, ,0.0,0.0,0.0,0.0,0,0,0,0,0,0,0,0

SID,TROI8S,20,5
CA,0,205.0,2,760,0,0,0,0,0,0
CF,NETVO,38.640000,-9.211389,0,ESP,357.7,13.0,205.0,8.0,2,3000,0,0,0,0,0,1
TF,TROIA,38.073333,-8.879167,0, ,0.0,0.0,0.0,0.0,0,0,0,0,0,0,0,0

STAR,BUSE5B,20,5
IF,BUSEN,38.545000,-10.000000, ,0.0,0.0,3,25000,0,1,280,0,0,0
TF,EKMAR,38.557378,-9.521444,0, ,0.0,0.0,0.0,0.0,0,0,0,1,250,0,0,0
TF,ODLIX,38.678889,-9.317222,0, ,0.0,0.0,0.0,0.0,0,0,0,0,0,0,0,0
TF,PT405,39.079122,-9.060036,0, ,0.0,0.0,0.0,0.0,0,0,0,1,220,0,0,0
TF,PT407,39.170611,-8.967744,0, ,0.0,0.0,0.0,0.0,0,0,0,0,0,0,0,0
TF,PT408,39.262031,-8.875214,0, ,0.0,0.0,0.0,0.0,0,0,0,0,0,0,0,0
TF,RINOR,39.210372,-8.791017,0, ,0.0,0.0,0.0,0.0,2,7000,0,0,0,0,0,0
TF,PT410,39.119019,-8.883592,0, ,0.0,0.0,0.0,0.0,0,0,0,0,0,0,0,0
TF,PT411,39.027594,-8.975928,0, ,0.0,0.0,0.0,0.0,0,0,0,0,0,0,0,0
TF,UPKAT,38.966389,-9.036667,0, ,0.0,0.0,0.0,0.0,2,4000,0,1,180,0,0,0

STAR,BUSE5D,20,5
IF,BUSEN,38.545000,-10.000000, ,0.0,0.0,3,25000,0,1,280,0,0,0
TF,EKMAR,38.557378,-9.521444,0, ,0.0,0.0,0.0,0.0,0,0,0,1,250,0,0,0
TF,PT414,38.753889,-9.423611,0, ,0.0,0.0,0.0,0.0,0,0,0,0,0,0,0,0
TF,PINIM,38.917417,-9.341819,0, ,0.0,0.0,0.0,0.0,0,0,0,0,0,0,0,0
TF,UMUPI,39.254572,-9.171819,0, ,0.0,0.0,0.0,0.0,0,0,0,1,220,0,0,0
TF,PT415,39.194167,-9.043333,2, ,0.0,0.0,0.0,0.0,2,7000,0,0,0,0,0,0
TF,PT411,39.027594,-8.975928,0, ,0.0,0.0,0.0,0.0,0,0,0,0,0,0,0,0
TF,UPKAT,38.966389,-9.036667,0, ,0.0,0.0,0.0,0.0,2,4000,0,1,180,0,0,0

STAR,BUSE5P,02,5
IF,BUSEN,38.545000,-10.000000, ,0.0,0.0,3,17000,0,1,250,0,0,0
TF,PT418,38.554272,-9.648864,0, ,0.0,0.0,0.0,0.0,2,4000,0,0,0,0,0,0
TF,EKMAR,38.557378,-9.521444,0, ,0.0,0.0,0.0,0.0,2,4000,0,1,220,0,0,0
TF,PT420,38.498975,-9.428853,0, ,0.0,0.0,0.0,0.0,2,4000,0,1,220,0,0,0
TF,PT421,38.455347,-9.309775,0, ,0.0,0.0,0.0,0.0,2,4000,0,1,200,0,0,0
TF,PT422,38.516922,-9.277039,1, ,0.0,0.0,0.0,0.0,2,4000,0,0,0,0,0,0
TF,PESEX,38.592339,-9.236858,0, ,0.0,0.0,0.0,0.0,2,4000,0,1,180,0,0,0

STAR,EXON9A,02,5
IF,EXONA,38.904444,-8.016667, ,0.0,0.0,3,23000,0,1,280,0,0,0
TF,ADSAD,38.477958,-8.981186,0, ,0.0,0.0,0.0,0.0,2,4000,0,1,220,0,0,0
TF,PT419,38.449261,-9.090397,0, ,0.0,0.0,0.0,0.0,2,4000,0,0,0,0,0,0
TF,GODGI,38.424167,-9.185556,0, ,0.0,0.0,0.0,0.0,2,4000,0,1,220,0,0,0
TF,PT421,38.455347,-9.309775,0, ,0.0,0.0,0.0,0.0,2,4000,0,1,200,0,0,0
TF,PT422,38.516922,-9.277039,2, ,0.0,0.0,0.0,0.0,2,4000,0,0,0,0,0,0
TF,PESEX,38.592339,-9.236858,0, ,0.0,0.0,0.0,0.0,2,4000,0,1,180,0,0,0

STAR,GAIO5D,20,5
IF,GAIOS,38.275556,-8.543056, ,0.0,0.0,3,25000,0,1,280,0,0,0
TF,EKMAR,38.557378,-9.521444,0, ,0.0,0.0,0.0,0.0,0,0,0,1,250,0,0,0
TF,PT414,38.753889,-9.423611,2, ,0.0,0.0,0.0,0.0,2,7000,0,0,0,0,0,0
TF,PINIM,38.917417,-9.341819,0, ,0.0,0.0,0.0,0.0,0,0,0,0,0,0,0,0
TF,UMUPI,39.254572,-9.171819,0, ,0.0,0.0,0.0,0.0,0,0,0,1,220,0,0,0
TF,PT415,39.194167,-9.043333,2, ,0.0,0.0,0.0,0.0,2,7000,0,0,0,0,0,0
TF,PT411,39.027594,-8.975928,0, ,0.0,0.0,0.0,0.0,0,0,0,0,0,0,0,0
TF,UPKAT,38.966389,-9.036667,0, ,0.0,0.0,0.0,0.0,2,4000,0,1,180,0,0,0

STAR,GAIO8B,20,5
IF,GAIOS,38.275556,-8.543056, ,0.0,0.0,3,25000,0,1,280,0,0,0
TF,GODGI,38.424167,-9.185556,0, ,0.0,0.0,0.0,0.0,0,0,0,0,0,0,0,0
TF,EKMAR,38.557378,-9.521444,0, ,0.0,0.0,0.0,0.0,0,0,0,1,250,0,0,0
TF,ODLIX,38.678889,-9.317222,2, ,0.0,0.0,0.0,0.0,0,0,0,0,0,0,0,0
TF,PT405,39.079122,-9.060036,0, ,0.0,0.0,0.0,0.0,0,0,0,1,220,0,0,0
TF,PT407,39.170611,-8.967744,0, ,0.0,0.0,0.0,0.0,0,0,0,0,0,0,0,0
TF,PT408,39.262031,-8.875214,0, ,0.0,0.0,0.0,0.0,0,0,0,0,0,0,0,0
TF,RINOR,39.210372,-8.791017,0, ,0.0,0.0,0.0,0.0,2,7000,0,0,0,0,0,0
TF,PT410,39.119019,-8.883592,0, ,0.0,0.0,0.0,0.0,0,0,0,0,0,0,0,0
TF,PT411,39.027594,-8.975928,0, ,0.0,0.0,0.0,0.0,0,0,0,0,0,0,0,0
TF,UPKAT,38.966389,-9.036667,0, ,0.0,0.0,0.0,0.0,2,4000,0,1,180,0,0,0

STAR,GAIO9A,02,5
IF,GAIOS,38.275556,-8.543056, ,0.0,0.0,3,17000,0,1,250,0,0,0
TF,ADSAD,38.477958,-8.981186,0, ,0.0,0.0,0.0,0.0,2,4000,0,1,220,0,0,0
TF,PT419,38.449261,-9.090397,0, ,0.0,0.0,0.0,0.0,2,4000,0,0,0,0,0,0
TF,GODGI,38.424167,-9.185556,0, ,0.0,0.0,0.0,0.0,2,4000,0,1,220,0,0,0
TF,PT421,38.455347,-9.309775,0, ,0.0,0.0,0.0,0.0,2,4000,0,1,200,0,0,0
TF,PT422,38.516922,-9.277039,2, ,0.0,0.0,0.0,0.0,2,4000,0,0,0,0,0,0
TF,PESEX,38.592339,-9.236858,0, ,0.0,0.0,0.0,0.0,2,4000,0,1,180,0,0,0

STAR,IDBI8B,20,5
IF,IDBID,39.278333,-8.016667, ,0.0,0.0,3,19000,0,1,250,0,0,0
TF,AGUVO,39.272033,-8.141178,0, ,0.0,0.0,0.0,0.0,0,0,0,0,0,0,0,0
TF,RINOR,39.210372,-8.791017,0, ,0.0,0.0,0.0,0.0,2,7000,0,1,220,0,0,0
TF,PT410,39.119019,-8.883592,0, ,0.0,0.0,0.0,0.0,0,0,0,0,0,0,0,0
TF,PT411,39.027594,-8.975928,0, ,0.0,0.0,0.0,0.0,0,0,0,0,0,0,0,0
TF,UPKAT,38.966389,-9.036667,0, ,0.0,0.0,0.0,0.0,2,4000,0,1,180,0,0,0

STAR,INBO6B,20,5
IF,INBOM,40.001944,-8.301944, ,0.0,0.0,3,25000,0,1,280,0,0,0
TF,FTM,39.665694,-8.492639,0, ,0.0,0.0,0.0,0.0,0,0,0,1,250,0,0,1
TF,RINOR,39.210372,-8.791017,0, ,0.0,0.0,0.0,0.0,2,7000,0,1,220,0,0,0
TF,PT410,39.119019,-8.883592,0, ,0.0,0.0,0.0,0.0,0,0,0,0,0,0,0,0
TF,PT411,39.027594,-8.975928,0, ,0.0,0.0,0.0,0.0,0,0,0,0,0,0,0,0
TF,UPKAT,38.966389,-9.036667,0, ,0.0,0.0,0.0,0.0,2,4000,0,1,180,0,0,0

STAR,INBO8K,02,5
IF,INBOM,40.001944,-8.301944, ,0.0,0.0,3,29000,0,1,280,0,0,0
TF,FTM,39.665694,-8.492639,0, ,0.0,0.0,0.0,0.0,3,25000,0,1,280,0,0,1
TF,PT405,39.079122,-9.060036,0, ,0.0,0.0,0.0,0.0,4,20000,13500,0,0,0,0,0
TF,ODLIX,38.678889,-9.317222,0, ,0.0,0.0,0.0,0.0,4,11000,8000,0,0,0,0,0
TF,PT401,38.618958,-9.354397,0, ,0.0,0.0,0.0,0.0,4,9100,7000,0,0,0,0,0
TF,PT402,38.558981,-9.391650,0, ,0.0,0.0,0.0,0.0,4,7700,6300,0,0,0,0,0
TF,PT422,38.516922,-9.277039,1, ,0.0,0.0,0.0,0.0,4,5700,5000,0,0,0,0,0
TF,PESEX,38.592339,-9.236858,1, ,0.0,0.0,0.0,0.0,1,4000,0,1,180,0,0,0

STAR,INBO9A,02,5
IF,INBOM,40.001944,-8.301944, ,0.0,0.0,3,29000,0,1,280,0,0,0
TF,FTM,39.665694,-8.492639,0, ,0.0,0.0,0.0,0.0,3,25000,0,1,280,0,0,1
TF,PT405,39.079122,-9.060036,0, ,0.0,0.0,0.0,0.0,2,7000,0,1,250,0,0,0
TF,ODLIX,38.678889,-9.317222,0, ,0.0,0.0,0.0,0.0,2,4000,0,1,220,0,0,0
TF,PT401,38.618958,-9.354397,0, ,0.0,0.0,0.0,0.0,2,4000,0,0,0,0,0,0
TF,PT402,38.558981,-9.391650,0, ,0.0,0.0,0.0,0.0,2,4000,0,0,0,0,0,0
TF,PT420,38.498975,-9.428853,0, ,0.0,0.0,0.0,0.0,2,4000,0,1,220,0,0,0
TF,PT421,38.455347,-9.309775,1, ,0.0,0.0,0.0,0.0,2,4000,0,1,200,0,0,0
TF,PT422,38.516922,-9.277039,1, ,0.0,0.0,0.0,0.0,2,4000,0,0,0,0,0,0
TF,PESEX,38.592339,-9.236858,0, ,0.0,0.0,0.0,0.0,2,4000,0,1,180,0,0,0

STAR,LIGR5B,20,5
IF,LIGRA,38.000000,-9.590833, ,0.0,0.0,3,25000,0,1,280,0,0,0
TF,EKMAR,38.557378,-9.521444,0, ,0.0,0.0,0.0,0.0,0,0,0,1,250,0,0,0
TF,ODLIX,38.678889,-9.317222,0, ,0.0,0.0,0.0,0.0,0,0,0,0,0,0,0,0
TF,PT405,39.079122,-9.060036,0, ,0.0,0.0,0.0,0.0,0,0,0,1,220,0,0,0
TF,PT407,39.170611,-8.967744,0, ,0.0,0.0,0.0,0.0,0,0,0,0,0,0,0,0
TF,PT408,39.262031,-8.875214,0, ,0.0,0.0,0.0,0.0,0,0,0,0,0,0,0,0
TF,RINOR,39.210372,-8.791017,0, ,0.0,0.0,0.0,0.0,2,7000,0,0,0,0,0,0
TF,PT410,39.119019,-8.883592,0, ,0.0,0.0,0.0,0.0,0,0,0,0,0,0,0,0
TF,PT411,39.027594,-8.975928,0, ,0.0,0.0,0.0,0.0,0,0,0,0,0,0,0,0
TF,UPKAT,38.966389,-9.036667,0, ,0.0,0.0,0.0,0.0,2,4000,0,1,180,0,0,0

STAR,LIGR5D,20,5
IF,LIGRA,38.000000,-9.590833, ,0.0,0.0,3,25000,0,1,280,0,0,0
TF,EKMAR,38.557378,-9.521444,0, ,0.0,0.0,0.0,0.0,0,0,0,1,250,0,0,0
TF,PT414,38.753889,-9.423611,0, ,0.0,0.0,0.0,0.0,0,0,0,0,0,0,0,0
TF,PINIM,38.917417,-9.341819,0, ,0.0,0.0,0.0,0.0,0,0,0,0,0,0,0,0
TF,UMUPI,39.254572,-9.171819,0, ,0.0,0.0,0.0,0.0,0,0,0,1,220,0,0,0
TF,PT415,39.194167,-9.043333,2, ,0.0,0.0,0.0,0.0,2,7000,0,0,0,0,0,0
TF,PT411,39.027594,-8.975928,0, ,0.0,0.0,0.0,0.0,0,0,0,0,0,0,0,0
TF,UPKAT,38.966389,-9.036667,0, ,0.0,0.0,0.0,0.0,2,4000,0,1,180,0,0,0

STAR,LIGR9A,02,5
IF,LIGRA,38.000000,-9.590833, ,0.0,0.0,3,19000,0,1,250,0,0,0
TF,PT418,38.554272,-9.648864,0, ,0.0,0.0,0.0,0.0,2,4000,0,0,0,0,0,0
TF,EKMAR,38.557378,-9.521444,2, ,0.0,0.0,0.0,0.0,2,4000,0,1,220,0,0,0
TF,PT420,38.498975,-9.428853,0, ,0.0,0.0,0.0,0.0,2,4000,0,1,220,0,0,0
TF,PT421,38.455347,-9.309775,0, ,0.0,0.0,0.0,0.0,2,4000,0,1,200,0,0,0
TF,PT422,38.516922,-9.277039,1, ,0.0,0.0,0.0,0.0,2,4000,0,0,0,0,0,0
TF,PESEX,38.592339,-9.236858,0, ,0.0,0.0,0.0,0.0,2,4000,0,1,180,0,0,0

STAR,NAKO5B,20,5
IF,NAKOS,38.000000,-9.334444, ,0.0,0.0,3,25000,0,1,280,0,0,0
TF,EKMAR,38.557378,-9.521444,0, ,0.0,0.0,0.0,0.0,0,0,0,1,250,0,0,0
TF,ODLIX,38.678889,-9.317222,0, ,0.0,0.0,0.0,0.0,0,0,0,0,0,0,0,0
TF,PT405,39.079122,-9.060036,0, ,0.0,0.0,0.0,0.0,0,0,0,1,220,0,0,0
TF,PT407,39.170611,-8.967744,0, ,0.0,0.0,0.0,0.0,0,0,0,0,0,0,0,0
TF,PT408,39.262031,-8.875214,0, ,0.0,0.0,0.0,0.0,0,0,0,0,0,0,0,0
TF,RINOR,39.210372,-8.791017,0, ,0.0,0.0,0.0,0.0,2,7000,0,0,0,0,0,0
TF,PT410,39.119019,-8.883592,0, ,0.0,0.0,0.0,0.0,0,0,0,0,0,0,0,0
TF,PT411,39.027594,-8.975928,0, ,0.0,0.0,0.0,0.0,0,0,0,0,0,0,0,0
TF,UPKAT,38.966389,-9.036667,0, ,0.0,0.0,0.0,0.0,2,4000,0,1,180,0,0,0

STAR,NAKO5D,20,5
IF,NAKOS,38.000000,-9.334444, ,0.0,0.0,3,25000,0,1,280,0,0,0
TF,EKMAR,38.557378,-9.521444,0, ,0.0,0.0,0.0,0.0,0,0,0,1,250,0,0,0
TF,PT414,38.753889,-9.423611,0, ,0.0,0.0,0.0,0.0,2,7000,0,0,0,0,0,0
TF,PINIM,38.917417,-9.341819,0, ,0.0,0.0,0.0,0.0,0,0,0,0,0,0,0,0
TF,UMUPI,39.254572,-9.171819,0, ,0.0,0.0,0.0,0.0,0,0,0,1,220,0,0,0
TF,PT415,39.194167,-9.043333,2, ,0.0,0.0,0.0,0.0,2,7000,0,0,0,0,0,0
TF,PT411,39.027594,-8.975928,0, ,0.0,0.0,0.0,0.0,0,0,0,0,0,0,0,0
TF,UPKAT,38.966389,-9.036667,0, ,0.0,0.0,0.0,0.0,2,4000,0,1,180,0,0,0

STAR,NAKO9A,02,5
IF,NAKOS,38.000000,-9.334444, ,0.0,0.0,3,19000,0,1,250,0,0,0
TF,PT409,38.379722,-8.956389,0, ,0.0,0.0,0.0,0.0,2,4000,0,0,0,0,0,0
TF,ADSAD,38.477958,-8.981186,0, ,0.0,0.0,0.0,0.0,2,4000,0,1,220,0,0,0
TF,PT419,38.449261,-9.090397,1, ,0.0,0.0,0.0,0.0,2,4000,0,0,0,0,0,0
TF,GODGI,38.424167,-9.185556,0, ,0.0,0.0,0.0,0.0,2,4000,0,1,220,0,0,0
TF,PT421,38.455347,-9.309775,0, ,0.0,0.0,0.0,0.0,2,4000,0,1,200,0,0,0
TF,PT422,38.516922,-9.277039,2, ,0.0,0.0,0.0,0.0,2,4000,0,0,0,0,0,0
TF,PESEX,38.592339,-9.236858,0, ,0.0,0.0,0.0,0.0,2,4000,0,1,180,0,0,0

STAR,TROI5B,20,5
IF,TROIA,38.073333,-8.879167, ,0.0,0.0,3,25000,0,1,280,0,0,0
TF,EKMAR,38.557378,-9.521444,0, ,0.0,0.0,0.0,0.0,0,0,0,1,250,0,0,0
TF,ODLIX,38.678889,-9.317222,2, ,0.0,0.0,0.0,0.0,0,0,0,0,0,0,0,0
TF,PT405,39.079122,-9.060036,0, ,0.0,0.0,0.0,0.0,0,0,0,1,220,0,0,0
TF,PT407,39.170611,-8.967744,0, ,0.0,0.0,0.0,0.0,0,0,0,0,0,0,0,0
TF,PT408,39.262031,-8.875214,0, ,0.0,0.0,0.0,0.0,0,0,0,0,0,0,0,0
TF,RINOR,39.210372,-8.791017,0, ,0.0,0.0,0.0,0.0,2,7000,0,0,0,0,0,0
TF,PT410,39.119019,-8.883592,0, ,0.0,0.0,0.0,0.0,0,0,0,0,0,0,0,0
TF,PT411,39.027594,-8.975928,0, ,0.0,0.0,0.0,0.0,0,0,0,0,0,0,0,0
TF,UPKAT,38.966389,-9.036667,0, ,0.0,0.0,0.0,0.0,2,4000,0,1,180,0,0,0

STAR,TROI5D,20,5
IF,TROIA,38.073333,-8.879167, ,0.0,0.0,3,25000,0,1,280,0,0,0
TF,EKMAR,38.557378,-9.521444,0, ,0.0,0.0,0.0,0.0,0,0,0,1,250,0,0,0
TF,PT414,38.753889,-9.423611,0, ,0.0,0.0,0.0,0.0,2,7000,0,0,0,0,0,0
TF,PINIM,38.917417,-9.341819,0, ,0.0,0.0,0.0,0.0,0,0,0,0,0,0,0,0
TF,UMUPI,39.254572,-9.171819,0, ,0.0,0.0,0.0,0.0,0,0,0,1,220,0,0,0
TF,PT415,39.194167,-9.043333,2, ,0.0,0.0,0.0,0.0,2,7000,0,0,0,0,0,0
TF,PT411,39.027594,-8.975928,0, ,0.0,0.0,0.0,0.0,0,0,0,0,0,0,0,0
TF,UPKAT,38.966389,-9.036667,0, ,0.0,0.0,0.0,0.0,2,4000,0,1,180,0,0,0

STAR,TROI9A,02,5
IF,TROIA,38.073333,-8.879167, ,0.0,0.0,3,17000,0,1,250,0,0,0
TF,PT409,38.379722,-8.956389,0, ,0.0,0.0,0.0,0.0,2,4000,0,0,0,0,0,0
TF,ADSAD,38.477958,-8.981186,0, ,0.0,0.0,0.0,0.0,2,4000,0,1,220,0,0,0
TF,PT419,38.449261,-9.090397,1, ,0.0,0.0,0.0,0.0,2,4000,0,0,0,0,0,0
TF,GODGI,38.424167,-9.185556,0, ,0.0,0.0,0.0,0.0,2,4000,0,1,220,0,0,0
TF,PT421,38.455347,-9.309775,0, ,0.0,0.0,0.0,0.0,2,4000,0,1,200,0,0,0
TF,PT422,38.516922,-9.277039,2, ,0.0,0.0,0.0,0.0,2,4000,0,0,0,0,0,0
TF,PESEX,38.592339,-9.236858,0, ,0.0,0.0,0.0,0.0,2,4000,0,1,180,0,0,0

STAR,UNPO5B,20,5
IF,UNPOT,38.179444,-10.000000, ,0.0,0.0,3,25000,0,1,280,0,0,0
TF,EKMAR,38.557378,-9.521444,0, ,0.0,0.0,0.0,0.0,0,0,0,1,250,0,0,0
TF,ODLIX,38.678889,-9.317222,0, ,0.0,0.0,0.0,0.0,0,0,0,0,0,0,0,0
TF,PT405,39.079122,-9.060036,0, ,0.0,0.0,0.0,0.0,0,0,0,1,220,0,0,0
TF,PT407,39.170611,-8.967744,0, ,0.0,0.0,0.0,0.0,0,0,0,0,0,0,0,0
TF,PT408,39.262031,-8.875214,0, ,0.0,0.0,0.0,0.0,0,0,0,0,0,0,0,0
TF,RINOR,39.210372,-8.791017,0, ,0.0,0.0,0.0,0.0,2,7000,0,0,0,0,0,0
TF,PT410,39.119019,-8.883592,0, ,0.0,0.0,0.0,0.0,0,0,0,0,0,0,0,0
TF,PT411,39.027594,-8.975928,0, ,0.0,0.0,0.0,0.0,0,0,0,0,0,0,0,0
TF,UPKAT,38.966389,-9.036667,0, ,0.0,0.0,0.0,0.0,2,4000,0,1,180,0,0,0

STAR,UNPO6D,20,5
IF,UNPOT,38.179444,-10.000000, ,0.0,0.0,3,25000,0,1,280,0,0,0
TF,EKMAR,38.557378,-9.521444,0, ,0.0,0.0,0.0,0.0,0,0,0,1,250,0,0,0
TF,PT414,38.753889,-9.423611,0, ,0.0,0.0,0.0,0.0,0,0,0,0,0,0,0,0
TF,PINIM,38.917417,-9.341819,0, ,0.0,0.0,0.0,0.0,0,0,0,0,0,0,0,0
TF,UMUPI,39.254572,-9.171819,0, ,0.0,0.0,0.0,0.0,0,0,0,1,220,0,0,0
TF,PT415,39.194167,-9.043333,2, ,0.0,0.0,0.0,0.0,2,7000,0,0,0,0,0,0
TF,PT411,39.027594,-8.975928,0, ,0.0,0.0,0.0,0.0,0,0,0,0,0,0,0,0
TF,UPKAT,38.966389,-9.036667,0, ,0.0,0.0,0.0,0.0,2,4000,0,1,180,0,0,0

STAR,UNPO6K,02,5
IF,UNPOT,38.179444,-10.000000, ,0.0,0.0,4,23000,15000,1,280,0,0,0
TF,EKMAR,38.557378,-9.521444,0, ,0.0,0.0,0.0,0.0,4,10000,8000,0,0,0,0,0
TF,PT422,38.516922,-9.277039,0, ,0.0,0.0,0.0,0.0,4,5700,5000,0,0,0,0,0
TF,PESEX,38.592339,-9.236858,0, ,0.0,0.0,0.0,0.0,1,4000,0,1,180,0,0,0

STAR,UNPO9A,02,5
IF,UNPOT,38.179444,-10.000000, ,0.0,0.0,3,19000,0,1,250,0,0,0
TF,PT418,38.554272,-9.648864,0, ,0.0,0.0,0.0,0.0,2,4000,0,0,0,0,0,0
TF,EKMAR,38.557378,-9.521444,0, ,0.0,0.0,0.0,0.0,2,4000,0,1,220,0,0,0
TF,PT420,38.498975,-9.428853,0, ,0.0,0.0,0.0,0.0,2,4000,0,1,220,0,0,0
TF,PT421,38.455347,-9.309775,0, ,0.0,0.0,0.0,0.0,2,4000,0,1,200,0,0,0
TF,PT422,38.516922,-9.277039,1, ,0.0,0.0,0.0,0.0,2,4000,0,0,0,0,0,0
TF,PESEX,38.592339,-9.236858,0, ,0.0,0.0,0.0,0.0,2,4000,0,1,180,0,0,0

STAR,XAMA1C,02,5
IF,XAMAX,40.031111,-8.536111, ,0.0,0.0,3,29000,0,1,280,0,0,0
TF,BADUM,39.721433,-8.791739,0, ,0.0,0.0,0.0,0.0,3,25000,0,1,280,0,0,0
TF,UMUPI,39.254572,-9.171819,0, ,0.0,0.0,0.0,0.0,0,0,0,1,250,0,0,0
TF,PINIM,38.917417,-9.341819,0, ,0.0,0.0,0.0,0.0,0,0,0,0,0,0,0,0
TF,PT414,38.753889,-9.423611,0, ,0.0,0.0,0.0,0.0,2,7000,0,0,0,0,0,0
TF,EKMAR,38.557378,-9.521444,0, ,0.0,0.0,0.0,0.0,2,4000,0,1,220,0,0,0
TF,PT420,38.498975,-9.428853,0, ,0.0,0.0,0.0,0.0,2,4000,0,1,220,0,0,0
TF,PT421,38.455347,-9.309775,0, ,0.0,0.0,0.0,0.0,2,4000,0,1,200,0,0,0
TF,PT422,38.516922,-9.277039,1, ,0.0,0.0,0.0,0.0,2,4000,0,0,0,0,0,0
TF,PESEX,38.592339,-9.236858,0, ,0.0,0.0,0.0,0.0,2,4000,0,1,180,0,0,0

STAR,XAMA6B,20,5
IF,XAMAX,40.031111,-8.536111, ,0.0,0.0,3,25000,0,1,280,0,0,0
TF,FTM,39.665694,-8.492639,0, ,0.0,0.0,0.0,0.0,0,0,0,1,250,0,0,1
TF,RINOR,39.210372,-8.791017,0, ,0.0,0.0,0.0,0.0,2,7000,0,1,220,0,0,0
TF,PT410,39.119019,-8.883592,0, ,0.0,0.0,0.0,0.0,0,0,0,0,0,0,0,0
TF,PT411,39.027594,-8.975928,0, ,0.0,0.0,0.0,0.0,0,0,0,0,0,0,0,0
TF,UPKAT,38.966389,-9.036667,0, ,0.0,0.0,0.0,0.0,2,4000,0,1,180,0,0,0

STAR,XAMA8D,20,5
IF,XAMAX,40.031111,-8.536111, ,0.0,0.0,3,25000,0,1,280,0,0,0
TF,BADUM,39.721433,-8.791739,0, ,0.0,0.0,0.0,0.0,0,0,0,1,250,0,0,0
TF,UMUPI,39.254572,-9.171819,0, ,0.0,0.0,0.0,0.0,0,0,0,1,220,0,0,0
TF,PT415,39.194167,-9.043333,1, ,0.0,0.0,0.0,0.0,2,7000,0,0,0,0,0,0
TF,PT411,39.027594,-8.975928,0, ,0.0,0.0,0.0,0.0,0,0,0,0,0,0,0,0
TF,UPKAT,38.966389,-9.036667,0, ,0.0,0.0,0.0,0.0,2,4000,0,1,180,0,0,0

STAR,XAMA8K,02,5
IF,XAMAX,40.031111,-8.536111, ,0.0,0.0,3,29000,0,1,280,0,0,0
TF,FTM,39.665694,-8.492639,0, ,0.0,0.0,0.0,0.0,3,25000,0,1,280,0,0,1
TF,PT405,39.079122,-9.060036,0, ,0.0,0.0,0.0,0.0,4,20000,13500,0,0,0,0,0
TF,ODLIX,38.678889,-9.317222,0, ,0.0,0.0,0.0,0.0,4,11000,8000,0,0,0,0,0
TF,PT401,38.618958,-9.354397,0, ,0.0,0.0,0.0,0.0,4,9100,7000,0,0,0,0,0
TF,PT402,38.558981,-9.391650,0, ,0.0,0.0,0.0,0.0,4,7700,6300,0,0,0,0,0
TF,PT422,38.516922,-9.277039,1, ,0.0,0.0,0.0,0.0,4,5700,5000,0,0,0,0,0
TF,PESEX,38.592339,-9.236858,1, ,0.0,0.0,0.0,0.0,1,4000,0,1,180,0,0,0

STAR,XAMA9A,02,5
IF,XAMAX,40.031111,-8.536111, ,0.0,0.0,3,29000,0,1,280,0,0,0
TF,FTM,39.665694,-8.492639,0, ,0.0,0.0,0.0,0.0,3,25000,0,1,280,0,0,1
TF,PT405,39.079122,-9.060036,0, ,0.0,0.0,0.0,0.0,2,7000,0,1,250,0,0,0
TF,ODLIX,38.678889,-9.317222,0, ,0.0,0.0,0.0,0.0,2,4000,0,1,220,0,0,0
TF,PT401,38.618958,-9.354397,0, ,0.0,0.0,0.0,0.0,2,4000,0,0,0,0,0,0
TF,PT402,38.558981,-9.391650,0, ,0.0,0.0,0.0,0.0,2,4000,0,0,0,0,0,0
TF,PT420,38.498975,-9.428853,0, ,0.0,0.0,0.0,0.0,2,4000,0,1,220,0,0,0
TF,PT421,38.455347,-9.309775,1, ,0.0,0.0,0.0,0.0,2,4000,0,1,200,0,0,0
TF,PT422,38.516922,-9.277039,1, ,0.0,0.0,0.0,0.0,2,4000,0,0,0,0,0,0
TF,PESEX,38.592339,-9.236858,0, ,0.0,0.0,0.0,0.0,2,4000,0,1,180,0,0,0

APPTR,I02,02,PESEX
HF,PESEX,38.592339,-9.236858,2, ,0.0,0.0,25.0,04.3,2,4000,0,0,0,0,0,0,0

FINAL,I02,02,I,3
IF,CF02,38.561447,-9.253164,ILI,204.7,15.4,2,4000,0,0,0,0,0,0
CF,PESEX,38.592339,-9.236858,0,ILI,204.8,13.4,25.0,2.0,1,4000,0,0,0,0,2,0
CF,RW02,38.766428,-9.143903,0,ILI,204.7,2.1,25.0,11.3,1,384,0,0,0,0,3,0
FM,RW02,38.766428,-9.143903,0,SRA,0.0,0.0,25.0,1,7000,0,0,0,0,0,0

APPTR,I20,20,LAR
IF,LAR,38.994333,-9.040389, ,0.0,0.0,0,0,0,0,0,0,1,0
CF,D336E,39.074439,-9.089756,0,LIS,19.0,11.7,25.0,3.5,0,0,0,0,0,0,0,1
CF,CI20,38.981533,-9.028583,2,ILB,24.7,14.2,205.0,5.0,2,4000,0,0,0,0,0,0

FINAL,I20,20,I,3
IF,CI20,38.981533,-9.028583,ILB,24.7,14.2,2,4000,0,0,0,0,0,0
CF,UPKAT,38.966389,-9.036667,0,ILB,24.7,13.2,205.0,1.0,1,4000,0,0,0,0,2,0
CF,RW20,38.792331,-9.130047,0,ILB,24.7,1.9,205.0,11.3,1,397,0,0,0,0,3,0
FM,RW20,38.792331,-9.130047,0,LIS,0.0,0.0,205.0,1,7000,0,0,0,0,0,0

APPTR,L02,02,PESEX
HF,PESEX,38.592339,-9.236858,2, ,0.0,0.0,25.0,04.3,2,4000,0,0,0,0,0,0,0

FINAL,L02,02,D,5
IF,CF02,38.561447,-9.253164,ILI,204.7,15.4,2,4000,0,0,0,0,0,0
CF,PESEX,38.592339,-9.236858,0,ILI,204.8,13.4,25.0,2.0,2,4000,0,0,0,0,2,0
CF,NETVO,38.640000,-9.211389,0,ILI,204.7,10.3,25.0,3.1,2,3000,0,0,0,0,0,0
CF,OKNIB,38.702222,-9.178611,0,ILI,204.9,6.3,25.0,4.0,2,1710,0,0,0,0,0,0
CF,MM02,38.757639,-9.148556,0,ILI,204.7,2.7,25.0,3.6,1,565,0,0,0,0,3,0
FM,MM02,38.757639,-9.148556,0,SRA,0.0,0.0,25.0,1,7000,0,0,0,0,0,0

APPTR,L20,20,LAR
IF,LAR,38.994333,-9.040389, ,0.0,0.0,0,0,0,0,0,0,1,0
CF,D336E,39.074439,-9.089756,0,SRA,40.5,18.8,25.0,3.5,0,0,0,0,0,0,0,1
CF,UPKAT,38.966389,-9.036667,2,ILB,24.7,13.2,205.0,5.0,2,4000,0,0,0,0,1,0

FINAL,L20,20,D,4
IF,UPKAT,38.966389,-9.036667,ILB,24.7,13.2,2,4000,0,0,0,0,0,0
CF,FF20,38.884614,-9.080628,0,ILB,24.7,7.9,205.0,5.3,2,2520,0,0,0,0,2,0
CF,ROKOB,38.853056,-9.097500,0,ILB,24.7,5.9,205.0,2.1,2,1810,0,0,0,0,0,0
CF,MM20,38.799833,-9.126167,0,ILB,24.6,2.4,205.0,3.5,1,571,0,0,0,0,3,0
FM,MM20,38.799833,-9.126167,0,SRA,0.0,0.0,205.0,1,7000,0,0,0,0,0,0

APPTR,R02,02,PT421
IF,PT421,38.455347,-9.309775, ,0.0,0.0,2,4000,0,0,0,0,1,0
TF,PT422,38.516922,-9.277039,0, ,0.0,0.0,0.0,0.0,2,4000,0,0,0,0,1,0

FINAL,R02,02,R,3
IF,PT422,38.516922,-9.277039, ,0.0,0.0,2,4000,0,0,0,0,0,0
TF,PESEX,38.592339,-9.236858,0, ,0.0,0.0,25.0,4.9,1,4000,0,0,0,0,2,0
TF,RW02,38.766428,-9.143903,0, ,0.0,0.0,25.0,11.3,1,380,0,0,0,0,3,1
TF,PT544,38.843378,-9.102739,0, ,0.0,0.0,0.0,0.0,0,0,0,0,0,0,0,0
VM,0,0,0,25.0,1,7000,0,0,0,0,0,0

APPTR,R20,20,PT411
IF,PT411,39.027594,-8.975928, ,0.0,0.0,2,4000,0,0,0,0,1,0
TF,PT551,38.997347,-9.019956,0, ,0.0,0.0,0.0,0.0,2,4000,0,0,0,0,1,0

FINAL,R20,20,R,3
IF,PT551,38.997347,-9.019956, ,0.0,0.0,2,4000,0,0,0,0,0,0
TF,PT552,38.966433,-9.036600,0, ,0.0,0.0,205.0,2.0,1,4000,0,0,0,0,2,0
TF,RW20,38.792331,-9.130047,0, ,0.0,0.0,205.0,11.3,1,397,0,0,0,0,3,1
TF,PT554,38.715361,-9.171136,0, ,0.0,0.0,0.0,0.0,0,0,0,0,0,0,0,0
VM,0,0,0,205.0,1,7000,0,0,0,0,0,0

