SID,ABSO1N,32,2
DF,DER32,38.836856,-9.346967,0, ,0.0,0.0,0,0,0,0,0,0,0,1
CF,XOBLU,38.916667,-9.438889,0,LIS,280.7,13.1,320.0,6.0,0,0,0,0,0,0,0,1
DF,SRA,38.829056,-9.340083,2, ,0.0,0.0,0,0,0,1,180,0,0,0
TF,ABSOK,38.810833,-9.266667,0, ,0.0,0.0,0.0,0.0,2,6000,0,0,0,0,0,0

SID,ABSO1S,14,2
DF,DER14,38.825292,-9.332419,0, ,0.0,0.0,0,0,0,0,0,0,0,1
CA,0,137.0,2,1500,0,0,0,0,0,0
DF,SRA,38.829056,-9.340083,2, ,0.0,0.0,0,0,0,1,140,0,0,0
TF,XOBLU,38.916667,-9.438889,0, ,0.0,0.0,0.0,0.0,0,0,0,0,0,0,0,1
DF,SRA,38.829056,-9.340083,2, ,0.0,0.0,0,0,0,1,180,0,0,0
TF,ABSOK,38.810833,-9.266667,0, ,0.0,0.0,0.0,0.0,2,6000,0,0,0,0,0,0

SID,PEKO1N,32,2
DF,DER32,38.836856,-9.346967,0, ,0.0,0.0,0,0,0,0,0,0,0,1
CF,XOBLU,38.916667,-9.438889,0,LIS,280.7,13.1,320.0,6.0,0,0,0,1,180,0,0,1
CI,0, ,0.0,43.0,0,0,0,0,0,0,0,0
CF,PEKOV,39.361389,-9.389167,0,LIS,342.7,30.3,358.0,21.0,0,0,0,0,0,0,0,0

SID,PEKO1S,14,2
DF,DER14,38.825292,-9.332419,0, ,0.0,0.0,0,0,0,0,0,0,0,1
CA,0,137.0,2,1500,0,0,0,0,0,0
DF,SRA,38.829056,-9.340083,2, ,0.0,0.0,0,0,0,1,140,0,0,0
TF,PEKOV,39.361389,-9.389167,0, ,0.0,0.0,0.0,0.0,0,0,0,0,0,0,0,0

APPTR,D14-Z,14,AGILO
IF,AGILO,38.995278,-9.356389, ,0.0,0.0,2,4000,0,0,0,0,0,0
AF,CF14,38.952944,-9.483044,1,SRA,320.0,10.0,357.0,2,1900,0,0,0,0,1,0

APPTR,D14-Z,14,EVASA
IF,EVASA,39.016667,-9.552222, ,0.0,0.0,2,4000,0,0,0,0,0,0
CF,CF14,38.952944,-9.483044,0,SRA,320.0,10.0,140.0,5.0,2,1900,0,0,0,0,1,0

APPTR,D14-Z,14,VANUP
IF,VANUP,38.882222,-9.542222, ,0.0,0.0,2,3000,0,0,0,0,0,0
AF,CF14,38.952944,-9.483044,2,SRA,320.0,10.0,290.0,2,1900,0,0,0,0,1,0

FINAL,D14-Z,14,D,3
IF,CF14,38.952944,-9.483044,SRA,320.0,10.0,2,1900,0,0,0,0,0,0
CF,FF14,38.891022,-9.411500,0,SRA,320.0,5.0,140.0,5.0,2,1900,0,0,0,0,2,0
CF,MA14,38.845169,-9.358639,0,SRA,320.0,1.3,140.0,3.7,1,706,0,0,0,0,3,0
CF,SRA,38.829056,-9.340083,0,SRA,0.0,0.0,140.0,1.3,0,0,0,0,0,0,0,0
FA,SRA,38.829056,-9.340083,0,SRA,0.0,0.0,140.0,2,1600,0,0,0,0,0,0
DF,VANUP,38.882222,-9.542222,2, ,0.0,0.0,1,3000,0,1,170,0,0,0
HM,VANUP,38.882222,-9.542222,1, ,0.0,0.0,290.0,03,3,5000,0,1,170,0,0,0,0

APPTR,N14,14,STR1
IF,STR,38.880917,-9.402083, ,0.0,0.0,2,4000,0,0,0,0,1,0
TF,D316I,38.982819,-9.537386,0, ,0.0,0.0,0.0,0.0,2,2500,0,0,0,0,0,0
FC,D316I,38.982819,-9.537386,0,SRA,0.0,0.0,1.0,4.4,0,0,0,0,0,0,0,1
CF,D316I,38.982819,-9.537386,1,SRA,317.0,13.1,136.0,5.0,2,2500,0,0,0,0,0,0
TF,STR,38.880917,-9.402083,0, ,0.0,0.0,0.0,0.0,2,1600,0,0,0,0,0,0

APPTR,N14,14,STR2
IF,STR,38.880917,-9.402083, ,0.0,0.0,2,4000,0,0,0,0,1,0
TF,D316G,38.961986,-9.509678,0, ,0.0,0.0,0.0,0.0,2,2500,0,0,0,0,0,0
FC,D316G,38.961986,-9.509678,0,SRA,0.0,0.0,1.0,2.3,0,0,0,0,0,0,0,1
CF,D316G,38.961986,-9.509678,1,SRA,317.1,11.3,136.0,3.0,2,2500,0,0,0,0,0,0
TF,STR,38.880917,-9.402083,0, ,0.0,0.0,0.0,0.0,2,1600,0,0,0,0,0,0

FINAL,N14,14,N,2
IF,STR,38.880917,-9.402083,STR,0.0,0.0,2,1600,0,0,0,0,2,0
CF,MN14,38.846139,-9.356044,0,STR,0.0,0.0,136.0,3.0,1,688,0,0,0,0,3,0
CA,0,136.0,2,1600,0,0,0,0,0,0
DF,STR,38.880917,-9.402083,2, ,0.0,0.0,1,4000,0,1,170,0,0,0
HM,STR,38.880917,-9.402083,1, ,0.0,0.0,316.0,04.3,3,5000,0,1,170,0,0,0,0

APPTR,S14-X,14,SRA1
IF,SRA,38.829056,-9.340083, ,0.0,0.0,2,3000,0,0,0,0,1,0
FC,SRA,38.829056,-9.340083,0,SRA,0.0,0.0,341.0,8.8,2,2000,0,0,0,0,0,1
CF,FS14X,38.895731,-9.416933,1,SRA,320.0,5.4,140.0,4.0,2,2000,0,0,0,0,0,0

APPTR,S14-X,14,SRA2
IF,SRA,38.829056,-9.340083, ,0.0,0.0,2,3000,0,0,0,0,1,0
FC,SRA,38.829056,-9.340083,0,SRA,0.0,0.0,333.0,7.0,2,2000,0,0,0,0,0,1
CF,FS14X,38.895731,-9.416933,1,SRA,320.0,5.4,140.0,2.0,2,2000,0,0,0,0,0,0

FINAL,S14-X,14,D,2
IF,FS14X,38.895731,-9.416933,SRA,320.0,5.4,2,2000,0,0,0,0,2,0
CF,RW14,38.836856,-9.346967,0,SRA,327.4,0.6,140.0,4.8,1,468,0,0,0,0,3,0
CF,SRA,38.829056,-9.340083,0,SRA,0.0,0.0,140.0,0.6,0,0,0,0,0,0,0,1
FA,SRA,38.829056,-9.340083,0,SRA,0.0,0.0,140.0,2,1600,0,0,0,0,0,0
DF,STR,38.880917,-9.402083,2, ,0.0,0.0,1,4000,0,1,170,0,0,0
HM,STR,38.880917,-9.402083,1, ,0.0,0.0,316.0,04.3,3,5000,0,1,170,0,0,0,0

APPTR,T14,14,AGILO
IF,AGILO,38.995278,-9.356389, ,0.0,0.0,2,4000,0,0,0,0,0,0
AF,CF14,38.952944,-9.483044,1,SRA,320.0,10.0,357.0,2,1900,0,0,0,0,1,0

APPTR,T14,14,EVASA
IF,EVASA,39.016667,-9.552222, ,0.0,0.0,2,4000,0,0,0,0,0,0
CF,CF14,38.952944,-9.483044,0,SRA,320.0,10.0,140.0,5.0,2,1900,0,0,0,0,1,0

APPTR,T14,14,VANUP
IF,VANUP,38.882222,-9.542222, ,0.0,0.0,2,3000,0,0,0,0,0,0
AF,CF14,38.952944,-9.483044,2,SRA,320.0,10.0,290.0,2,1900,0,0,0,0,1,0

FINAL,T14,14,D,3
IF,CF14,38.952944,-9.483044,SRA,320.0,10.0,2,1900,0,0,0,0,0,0
CF,FF14,38.891022,-9.411500,0,SRA,320.0,5.0,140.0,5.0,2,1900,0,0,0,0,2,0
CF,MA14,38.845169,-9.358639,0,SRA,320.0,1.3,140.0,3.7,1,706,0,0,0,0,3,0
CF,SRA,38.829056,-9.340083,0,SRA,0.0,0.0,140.0,1.3,0,0,0,0,0,0,0,0
FA,SRA,38.829056,-9.340083,0,SRA,0.0,0.0,140.0,2,1600,0,0,0,0,0,0
DF,VANUP,38.882222,-9.542222,2, ,0.0,0.0,1,3000,0,1,170,0,0,0
HM,VANUP,38.882222,-9.542222,1, ,0.0,0.0,290.0,03,3,5000,0,1,170,0,0,0,0

