SID,BOSN1B,27,2
CD, ,0,0,0,TZU,0,0.0,272.0,6.0,2,1750,0,0,0,0,0,0
CI,0, ,0.0,238.0,0,0,0,0,0,0,0,0
CF,BOSNA,44.370556,17.759722,0,TZU,258.3,42.3,259.0,33.0,2,9000,0,0,0,0,0,0

SID,BOSN1D,09,2
CD, ,0,0,0,TZU,0,0.0,92.0,7.0,2,3100,0,0,0,0,0,0
VI,1, ,0.0,293.0,0,0,0,0,0,0,0,0
CF,D278I,44.489561,18.535869,0,TZU,278.0,8.8,247.0,14.0,2,9000,0,0,0,0,0,0
TF,TU,44.477281,18.483019,0, ,0.0,0.0,0.0,0.0,0,0,0,0,0,0,0,0
TF,BOSNA,44.370556,17.759722,0, ,0.0,0.0,0.0,0.0,0,0,0,0,0,0,0,0

SID,DER1A,09,2
CD, ,0,0,0,TZU,0,0.0,92.0,7.0,2,3100,0,0,0,0,0,0
VI,1, ,0.0,293.0,0,0,0,0,0,0,0,0
CF,D278I,44.489561,18.535869,0,TZU,278.0,8.8,247.0,14.0,2,9000,0,0,0,0,0,0
TF,TU,44.477281,18.483019,0, ,0.0,0.0,0.0,0.0,0,0,0,0,0,0,0,0
TF,DER,44.984128,17.969461,0, ,0.0,0.0,0.0,0.0,0,0,0,0,0,0,0,0

SID,DER1B,27,2
CF,TU,44.477281,18.483019,0,TZU,271.6,10.9,272.0,10.0,2,2740,0,0,0,0,0,1
CI,0, ,0.0,348.0,0,0,0,0,0,0,0,0
CF,D140P,44.768236,18.181475,0,DER,140.0,15.8,320.0,19.0,2,7000,0,0,0,0,0,0
TF,DER,44.984128,17.969461,0, ,0.0,0.0,0.0,0.0,0,0,0,0,0,0,0,0

SID,KEB1C,27,2
CD, ,0,0,0,TZU,0,0.0,272.0,9.0,2,2870,0,0,0,0,0,0
VI,0, ,0.0,219.0,0,0,0,0,0,0,0,0
CF,D353L,44.125425,18.440539,0,KEB,353.0,11.5,173.0,18.0,2,8000,0,0,0,0,0,0
TF,KEB,43.933864,18.449828,0, ,0.0,0.0,0.0,0.0,0,0,0,0,0,0,0,0

SID,KEB1D,09,2
CD, ,0,0,0,TZU,0,0.0,92.0,7.0,2,3100,0,0,0,0,0,0
VI,1, ,0.0,293.0,0,0,0,0,0,0,0,0
CF,D278I,44.489561,18.535869,0,TZU,278.0,8.8,247.0,14.0,2,9000,0,0,0,0,0,0
TF,TU,44.477281,18.483019,0, ,0.0,0.0,0.0,0.0,0,0,0,0,0,0,0,0
TF,KEB,43.933864,18.449828,0, ,0.0,0.0,0.0,0.0,0,0,0,0,0,0,0,0

SID,SOMU1A,09,2
CD, ,0,0,0,TZU,0,0.0,92.0,7.0,2,3100,0,0,0,0,0,0
VI,1, ,0.0,293.0,0,0,0,0,0,0,0,0
CF,D278I,44.489561,18.535869,0,TZU,278.0,8.8,247.0,14.0,2,9000,0,0,0,0,0,0
TF,TU,44.477281,18.483019,0, ,0.0,0.0,0.0,0.0,0,0,0,0,0,0,0,0
TF,SOMUN,44.596389,19.105000,0, ,0.0,0.0,0.0,0.0,0,0,0,0,0,0,0,0

SID,SOMU1B,27,2
CF,TU,44.477281,18.483019,0,TZU,271.6,10.9,272.0,10.0,2,2740,0,0,0,0,0,1
CI,2, ,0.0,138.0,0,0,0,0,0,0,0,0
CF,D311E,44.511392,18.661661,0,TZU,311.0,4.6,70.0,5.0,2,7000,0,0,0,0,0,0
TF,SOMUN,44.596389,19.105000,0, ,0.0,0.0,0.0,0.0,0,0,0,0,0,0,0,0

SID,VEBA1C,27,2
CF,TU,44.477281,18.483019,0,TZU,271.6,10.9,272.0,10.0,2,2740,0,0,0,0,0,1
CI,2, ,0.0,186.0,0,0,0,0,0,0,0,0
CF,D242F,44.417483,18.606572,0,TZU,242.0,6.0,119.0,5.0,2,8000,0,0,0,0,0,0
TF,VEBAR,44.136667,19.180278,0, ,0.0,0.0,0.0,0.0,0,0,0,0,0,0,0,0

SID,VEBA1D,09,2
CD, ,0,0,0,TZU,0,0.0,92.0,7.0,2,3100,0,0,0,0,0,0
VI,1, ,0.0,293.0,0,0,0,0,0,0,0,0
CF,D278I,44.489561,18.535869,0,TZU,278.0,8.8,247.0,14.0,2,9000,0,0,0,0,0,0
TF,TU,44.477281,18.483019,0, ,0.0,0.0,0.0,0.0,0,0,0,0,0,0,0,0
TF,VEBAR,44.136667,19.180278,1, ,0.0,0.0,0.0,0.0,0,0,0,0,0,0,0,0

SID,VIBO1A,09,2
CD, ,0,0,0,TZU,0,0.0,92.0,7.0,2,3100,0,0,0,0,0,0
VI,1, ,0.0,293.0,0,0,0,0,0,0,0,0
CF,D278I,44.489561,18.535869,0,TZU,278.0,8.8,247.0,14.0,2,9000,0,0,0,0,0,0
TF,TU,44.477281,18.483019,0, ,0.0,0.0,0.0,0.0,0,0,0,0,0,0,0,0
TF,VIBOP,44.999167,18.727500,2, ,0.0,0.0,0.0,0.0,0,0,0,0,0,0,0,0

SID,VIBO1B,27,2
CF,TU,44.477281,18.483019,0,TZU,271.6,10.9,272.0,10.0,2,2740,0,0,0,0,0,1
CI,2, ,0.0,58.0,0,0,0,0,0,0,0,0
CF,KEB49,44.739525,18.605286,0,KEB,2.8,48.8,14.0,13.0,2,7000,0,0,0,0,0,0
TF,VIBOP,44.999167,18.727500,0, ,0.0,0.0,0.0,0.0,0,0,0,0,0,0,0,0

STAR,BOSN4K,ALL,2
IF,BOSNA,44.370556,17.759722, ,0.0,0.0,0,0,0,0,0,0,0,0
TF,D264R,44.452483,18.311936,0, ,0.0,0.0,0.0,0.0,0,0,0,0,0,0,0,0
TF,TU,44.477281,18.483019,0, ,0.0,0.0,0.0,0.0,0,0,0,0,0,0,0,0

STAR,DER4K,ALL,2
IF,DER,44.984128,17.969461, ,0.0,0.0,0,0,0,0,0,0,0,0
TF,D291Q,44.578358,18.380222,0, ,0.0,0.0,0.0,0.0,0,0,0,0,0,0,0,0
TF,TU,44.477281,18.483019,0, ,0.0,0.0,0.0,0.0,0,0,0,0,0,0,0,0

STAR,DER4L,ALL,2
IF,DER,44.984128,17.969461, ,0.0,0.0,0,0,0,0,0,0,0,0
TF,OBISA,44.685061,18.395622,0, ,0.0,0.0,0.0,0.0,0,0,0,0,0,0,0,0

STAR,KEB4K,ALL,2
IF,KEB,43.933864,18.449828, ,0.0,0.0,0,0,0,0,0,0,0,0
TF,D236M,44.352400,18.475336,0, ,0.0,0.0,0.0,0.0,0,0,0,0,0,0,0,0
TF,TU,44.477281,18.483019,0, ,0.0,0.0,0.0,0.0,0,0,0,0,0,0,0,0

STAR,SOMU4K,ALL,2
IF,SOMUN,44.596389,19.105000, ,0.0,0.0,0,0,0,0,0,0,0,0
TF,D307E,44.510036,18.652064,0, ,0.0,0.0,0.0,0.0,0,0,0,0,0,0,0,0
TF,TU,44.477281,18.483019,0, ,0.0,0.0,0.0,0.0,0,0,0,0,0,0,0,0

STAR,VEBA4K,ALL,2
IF,VEBAR,44.136667,19.180278, ,0.0,0.0,0,0,0,0,0,0,0,0
TF,D234F,44.407658,18.621561,0, ,0.0,0.0,0.0,0.0,0,0,0,0,0,0,0,0
TF,TU,44.477281,18.483019,0, ,0.0,0.0,0.0,0.0,0,0,0,0,0,0,0,0

STAR,VIBO4K,ALL,2
IF,VIBOP,44.999167,18.727500, ,0.0,0.0,0,0,0,0,0,0,0,0
TF,BABOL,44.781142,18.622783,0, ,0.0,0.0,0.0,0.0,0,0,0,0,0,0,0,0
TF,D309L,44.591725,18.535478,0, ,0.0,0.0,0.0,0.0,0,0,0,0,0,0,0,0
TF,TU,44.477281,18.483019,0, ,0.0,0.0,0.0,0.0,0,0,0,0,0,0,0,0

STAR,VIBO4L,ALL,2
IF,VIBOP,44.999167,18.727500, ,0.0,0.0,0,0,0,0,0,0,0,0
TF,BABOL,44.781142,18.622783,0, ,0.0,0.0,0.0,0.0,0,0,0,0,0,0,0,0
AF,OBISA,44.685061,18.395622,1,TZU,308.4,20.0,343.0,0,0,0,0,0,0,0,0

APPTR,D09,09,OBISA
IF,OBISA,44.685061,18.395622, ,0.0,0.0,2,7000,0,0,0,0,1,0
AF,D091T,44.493306,18.272672,1,TZU,271.5,20.0,308.0,2,4100,0,0,0,0,0,0
CF,D091O,44.484608,18.388450,0,TZU,271.5,15.0,91.0,5.0,2,4100,0,0,0,0,1,0
CF,TU,44.477281,18.483019,0,TZU,271.6,10.9,91.0,4.1,2,2700,0,0,0,0,0,0

APPTR,D09,09,TU
IF,TU,44.477281,18.483019, ,0.0,0.0,2,4500,0,0,0,0,1,0
HF,TU,44.477281,18.483019,1, ,0.0,0.0,91.0,04.1,2,4100,0,0,0,0,0,0,0

FINAL,D09,09,D,3
IF,TU,44.477281,18.483019,TZU,271.6,10.9,2,2700,0,0,0,0,0,0
CF,FD09,44.467125,18.596544,0,TZU,271.0,6.0,91.0,4.9,2,2350,0,0,0,0,2,0
CF,MD09,44.461617,18.670619,0,TZU,271.0,2.8,91.0,3.2,1,1346,0,0,0,0,3,0
CF,TZU,44.456758,18.735425,0,TZU,0.0,0.0,91.0,2.8,0,0,0,0,0,0,0,1
DF,TU,44.477281,18.483019,1, ,0.0,0.0,1,4500,0,1,185,0,0,0
HM,TU,44.477281,18.483019,1, ,0.0,0.0,91.0,04.1,2,4500,0,0,0,0,0,0,0

APPTR,D27,27,TU1
IF,TU,44.477281,18.483019, ,0.0,0.0,2,4500,0,0,0,0,1,0
TF,TZU,44.456758,18.735425,0, ,0.0,0.0,0.0,0.0,2,4500,0,1,185,0,0,0
FD,TZU,44.456758,18.735425,0,TZU,0.0,11.0,78.0,11.0,2,3700,0,0,0,0,0,0
CF,CD27,44.434131,18.989389,2,TZU,92.0,11.0,272.0,1.0,2,3700,0,0,0,0,1,0

APPTR,D27,27,TU2
IF,TU,44.477281,18.483019, ,0.0,0.0,2,4500,0,0,0,0,1,0
TF,TZU,44.456758,18.735425,0, ,0.0,0.0,0.0,0.0,2,4500,0,1,185,0,0,0
FD,TZU,44.456758,18.735425,0,TZU,0.0,11.0,83.0,11.0,2,3700,0,0,0,0,0,0
CF,CD27,44.434131,18.989389,2,TZU,92.0,11.0,272.0,1.0,2,3700,0,0,0,0,1,0

FINAL,D27,27,D,4
IF,CD27,44.434131,18.989389,TZU,92.0,11.0,2,3700,0,0,0,0,0,0
CF,FD27,44.444486,18.873975,0,TZU,92.0,6.0,272.0,5.0,2,2650,0,0,0,0,2,0
CF,33VOR,44.450028,18.811633,0,TZU,92.0,3.3,272.0,2.7,2,1770,0,0,0,0,0,0
CF,MD27,44.453706,18.770067,0,TZU,92.0,1.5,272.0,1.8,1,1245,0,0,0,0,3,0
CF,TU,44.477281,18.483019,0,TZU,271.6,10.9,272.0,12.4,0,0,0,0,0,0,0,1
DF,TZU,44.456758,18.735425,2, ,0.0,0.0,1,4500,0,1,185,0,0,0

APPTR,I09-W,09,OBISA
IF,OBISA,44.685061,18.395622, ,0.0,0.0,2,7000,0,0,0,0,1,0
AF,D091T,44.493306,18.272672,1,TZU,271.5,20.0,308.0,2,4100,0,0,0,0,0,0
CF,D091O,44.484608,18.388450,0,TZU,271.5,15.0,91.0,5.0,2,4100,0,0,0,0,1,0
CF,TU,44.477281,18.483019,0,TLA,271.2,11.2,91.0,4.1,2,2900,0,0,0,0,0,0

APPTR,I09-W,09,TU
IF,TU,44.477281,18.483019, ,0.0,0.0,2,4500,0,0,0,0,1,0
HF,TU,44.477281,18.483019,1, ,0.0,0.0,91.0,04.1,2,4100,0,0,0,0,0,0,0

FINAL,I09-W,09,I,3
IF,TU,44.477281,18.483019,TLA,271.2,11.2,2,2900,0,0,0,0,0,0
CF,FF09,44.469547,18.585194,0,TLA,271.3,6.8,91.0,4.4,1,2500,0,0,0,0,2,0
CF,RW09,44.459875,18.709264,0,TLA,271.3,1.5,91.0,5.4,1,816,0,0,0,0,3,0
CF,TZU,44.456758,18.735425,0,TZU,0.0,0.0,91.0,1.1,0,0,0,0,0,0,0,0
FA,TZU,44.456758,18.735425,0,TZU,0.0,0.0,112.0,2,1700,0,0,0,0,0,0
DF,TU,44.477281,18.483019,1, ,0.0,0.0,1,4500,0,1,185,0,0,0

APPTR,I09-Z,09,OBISA
IF,OBISA,44.685061,18.395622, ,0.0,0.0,2,7000,0,0,0,0,1,0
AF,D091T,44.493306,18.272672,1,TZU,271.5,20.0,308.0,2,4100,0,0,0,0,0,0
CF,D091O,44.484608,18.388450,0,TZU,271.5,15.0,91.0,5.0,2,4100,0,0,0,0,1,0
CF,TU,44.477281,18.483019,0,TLA,271.2,11.2,91.0,4.1,2,2900,0,0,0,0,0,0

APPTR,I09-Z,09,TU
IF,TU,44.477281,18.483019, ,0.0,0.0,2,4500,0,0,0,0,1,0
HF,TU,44.477281,18.483019,1, ,0.0,0.0,91.0,04.1,2,4100,0,0,0,0,0,0,0

FINAL,I09-Z,09,I,3
IF,TU,44.477281,18.483019,TLA,271.2,11.2,2,2900,0,0,0,0,0,0
CF,FF09,44.469547,18.585194,0,TLA,271.3,6.8,91.0,4.4,1,2500,0,0,0,0,2,0
CF,RW09,44.459875,18.709264,0,TLA,271.3,1.5,91.0,5.4,1,816,0,0,0,0,3,0
CF,TZU,44.456758,18.735425,0,TZU,0.0,0.0,91.0,1.1,0,0,0,0,0,0,0,0
FD,TZU,44.456758,18.735425,0,TZU,0.0,2.1,112.0,2.1,2,1680,0,0,0,0,0,0
DF,TU,44.477281,18.483019,1, ,0.0,0.0,1,4500,0,1,185,0,0,0

APPTR,N09,09,TU
IF,TU,44.477281,18.483019, ,0.0,0.0,2,4500,0,0,0,0,1,0
HF,TU,44.477281,18.483019,1, ,0.0,0.0,91.0,04.3,2,4100,0,1,230,0,0,0,0

FINAL,N09,09,N,2
IF,TU,44.477281,18.483019,TU,0.0,0.0,2,4100,0,0,0,0,2,0
CF,MN09,44.460414,18.702322,0,TU,0.0,0.0,91.0,9.5,1,917,0,0,0,0,3,0
CA,0,91.0,2,1190,0,0,0,0,0,0
DF,TU,44.477281,18.483019,1, ,0.0,0.0,1,4500,0,0,0,0,0,0
HM,TU,44.477281,18.483019,1, ,0.0,0.0,91.0,04.3,2,4500,0,1,230,0,0,0,0

