APPTR,I09-Y,09,BMR
IF,BMR,47.671222,23.345972, ,0.0,0.0,2,3400,0,0,0,0,1,0
TF,D110J,47.711222,23.224253,0, ,0.0,0.0,0.0,0.0,2,2900,0,1,140,0,0,1
CF,PEMUT,47.685333,23.214639,1,IBM,273.2,10.9,93.0,1.0,2,2900,0,0,0,0,1,0

APPTR,I09-Y,09,GUNKA
IF,GUNKA,47.803333,23.345000, ,0.0,0.0,2,5000,0,0,0,0,0,0
TF,BMR,47.671222,23.345972,0, ,0.0,0.0,0.0,0.0,2,5000,0,0,0,0,1,0
HF,BMR,47.671222,23.345972,1, ,0.0,0.0,319.0,04.3,2,3400,0,1,200,0,0,0,0
TF,D110J,47.711222,23.224253,0, ,0.0,0.0,0.0,0.0,2,2900,0,1,140,0,0,1
CF,PEMUT,47.685333,23.214639,1,IBM,273.2,10.9,93.0,1.0,2,2900,0,0,0,0,1,0

APPTR,I09-Y,09,SAT
IF,SAT,47.727417,22.893861, ,0.0,0.0,2,6000,0,0,0,0,1,0
TF,MEREC,47.700278,23.100833,0, ,0.0,0.0,0.0,0.0,2,4000,0,0,0,0,0,0
CF,PEMUT,47.685333,23.214639,0,IBM,273.2,10.9,96.0,4.7,2,2900,0,0,0,0,1,0

APPTR,I09-Y,09,TAFRO
IF,TAFRO,47.496667,23.423361, ,0.0,0.0,2,5000,0,0,0,0,0,0
TF,BMR,47.671222,23.345972,0, ,0.0,0.0,0.0,0.0,2,3400,0,0,0,0,1,0
TF,D110J,47.711222,23.224253,0, ,0.0,0.0,0.0,0.0,2,2900,0,1,140,0,0,1
CF,PEMUT,47.685333,23.214639,1,IBM,273.2,10.9,93.0,1.0,2,2900,0,0,0,0,1,0

APPTR,I09-Y,09,UBASA
IF,UBASA,47.651389,23.726944, ,0.0,0.0,2,6000,0,0,0,0,0,0
TF,SAT27,47.660556,23.551667,0, ,0.0,0.0,0.0,0.0,2,6000,0,0,0,0,0,0
TF,BMR,47.671222,23.345972,0, ,0.0,0.0,0.0,0.0,2,3400,0,0,0,0,1,0
TF,D110J,47.711222,23.224253,0, ,0.0,0.0,0.0,0.0,2,2900,0,1,140,0,0,1
CF,PEMUT,47.685333,23.214639,1,IBM,273.2,10.9,93.0,1.0,2,2900,0,0,0,0,1,0

FINAL,I09-Y,09,I,3
IF,PEMUT,47.685333,23.214639,IBM,273.2,10.9,2,2900,0,0,0,0,0,0
CF,BMR,47.671222,23.345972,0,IBM,273.1,5.5,93.0,5.4,1,1970,0,0,0,0,2,0
CF,RW09,47.660039,23.449658,0,IBM,273.1,1.2,93.0,4.3,1,609,0,0,0,0,3,0
FA,RW09,47.660039,23.449658,0,SAT,0.0,0.0,93.0,2,1160,0,0,0,0,0,0
CA,0,103.0,2,2200,0,0,0,0,0,0
DF,BMR,47.671222,23.345972,2, ,0.0,0.0,1,3400,0,1,200,0,0,0
HM,BMR,47.671222,23.345972,1, ,0.0,0.0,319.0,04.3,2,3400,0,1,200,0,0,0,0

APPTR,I09-Z,09,BMR
IF,BMR,47.671222,23.345972, ,0.0,0.0,2,3400,0,0,0,0,1,0
TF,D119J,47.724925,23.232183,0, ,0.0,0.0,0.0,0.0,2,2900,0,1,185,0,0,1
CF,PEMUT,47.685333,23.214639,1,IBM,273.2,10.9,93.0,1.0,2,2900,0,0,0,0,1,0

APPTR,I09-Z,09,GUNKA
IF,GUNKA,47.803333,23.345000, ,0.0,0.0,2,5000,0,0,0,0,0,0
TF,BMR,47.671222,23.345972,0, ,0.0,0.0,0.0,0.0,2,5000,0,0,0,0,1,0
HF,BMR,47.671222,23.345972,1, ,0.0,0.0,319.0,04.3,2,3400,0,1,200,0,0,0,0
TF,D119J,47.724925,23.232183,0, ,0.0,0.0,0.0,0.0,2,2900,0,1,185,0,0,1
CF,PEMUT,47.685333,23.214639,1,IBM,273.2,10.9,93.0,1.0,2,2900,0,0,0,0,1,0

APPTR,I09-Z,09,SAT
IF,SAT,47.727417,22.893861, ,0.0,0.0,2,6000,0,0,0,0,1,0
TF,MEREC,47.700278,23.100833,0, ,0.0,0.0,0.0,0.0,2,4000,0,0,0,0,0,0
CF,PEMUT,47.685333,23.214639,0,IBM,273.2,10.9,96.0,4.7,2,2900,0,0,0,0,1,0

APPTR,I09-Z,09,TAFRO
IF,TAFRO,47.496667,23.423361, ,0.0,0.0,2,5000,0,0,0,0,0,0
TF,BMR,47.671222,23.345972,0, ,0.0,0.0,0.0,0.0,2,3400,0,0,0,0,1,0
TF,D119J,47.724925,23.232183,0, ,0.0,0.0,0.0,0.0,2,2900,0,1,185,0,0,1
CF,PEMUT,47.685333,23.214639,1,IBM,273.2,10.9,93.0,1.0,2,2900,0,0,0,0,1,0

APPTR,I09-Z,09,UBASA
IF,UBASA,47.651389,23.726944, ,0.0,0.0,2,6000,0,0,0,0,0,0
TF,SAT27,47.660556,23.551667,0, ,0.0,0.0,0.0,0.0,2,6000,0,0,0,0,0,0
TF,BMR,47.671222,23.345972,0, ,0.0,0.0,0.0,0.0,2,3400,0,0,0,0,1,0
TF,D119J,47.724925,23.232183,0, ,0.0,0.0,0.0,0.0,2,2900,0,1,185,0,0,1
CF,PEMUT,47.685333,23.214639,1,IBM,273.2,10.9,93.0,1.0,2,2900,0,0,0,0,1,0

FINAL,I09-Z,09,I,3
IF,PEMUT,47.685333,23.214639,IBM,273.2,10.9,2,2900,0,0,0,0,0,0
CF,BMR,47.671222,23.345972,0,IBM,273.1,5.5,93.0,5.4,1,1970,0,0,0,0,2,0
CF,RW09,47.660039,23.449658,0,IBM,273.1,1.2,93.0,4.3,1,609,0,0,0,0,3,0
FA,RW09,47.660039,23.449658,0,SAT,0.0,0.0,93.0,2,1160,0,0,0,0,0,0
CA,0,103.0,2,2200,0,0,0,0,0,0
DF,BMR,47.671222,23.345972,2, ,0.0,0.0,1,3400,0,1,200,0,0,0
HM,BMR,47.671222,23.345972,1, ,0.0,0.0,319.0,04.3,2,3400,0,1,200,0,0,0,0

APPTR,L09-Y,09,BMR
IF,BMR,47.671222,23.345972, ,0.0,0.0,2,3400,0,0,0,0,1,0
TF,D110J,47.711222,23.224253,0, ,0.0,0.0,0.0,0.0,2,2900,0,1,140,0,0,1
CF,PEMUT,47.685333,23.214639,1,IBM,273.2,10.9,93.0,1.0,2,2900,0,0,0,0,1,0

APPTR,L09-Y,09,GUNKA
IF,GUNKA,47.803333,23.345000, ,0.0,0.0,2,5000,0,0,0,0,0,0
TF,BMR,47.671222,23.345972,0, ,0.0,0.0,0.0,0.0,2,5000,0,0,0,0,1,0
HF,BMR,47.671222,23.345972,1, ,0.0,0.0,319.0,04.3,2,3400,0,1,200,0,0,0,0
TF,D110J,47.711222,23.224253,0, ,0.0,0.0,0.0,0.0,2,2900,0,1,140,0,0,1
CF,PEMUT,47.685333,23.214639,1,IBM,273.2,10.9,93.0,1.0,2,2900,0,0,0,0,1,0

APPTR,L09-Y,09,SAT
IF,SAT,47.727417,22.893861, ,0.0,0.0,2,6000,0,0,0,0,1,0
TF,MEREC,47.700278,23.100833,0, ,0.0,0.0,0.0,0.0,2,4000,0,0,0,0,0,0
CF,PEMUT,47.685333,23.214639,0,IBM,273.2,10.9,96.0,4.7,2,2900,0,0,0,0,1,0

APPTR,L09-Y,09,TAFRO
IF,TAFRO,47.496667,23.423361, ,0.0,0.0,2,5000,0,0,0,0,0,0
TF,BMR,47.671222,23.345972,0, ,0.0,0.0,0.0,0.0,2,3400,0,0,0,0,1,0
TF,D110J,47.711222,23.224253,0, ,0.0,0.0,0.0,0.0,2,2900,0,1,140,0,0,1
CF,PEMUT,47.685333,23.214639,1,IBM,273.2,10.9,93.0,1.0,2,2900,0,0,0,0,1,0

APPTR,L09-Y,09,UBASA
IF,UBASA,47.651389,23.726944, ,0.0,0.0,2,6000,0,0,0,0,0,0
TF,SAT27,47.660556,23.551667,0, ,0.0,0.0,0.0,0.0,2,6000,0,0,0,0,0,0
TF,BMR,47.671222,23.345972,0, ,0.0,0.0,0.0,0.0,2,3400,0,0,0,0,1,0
TF,D110J,47.711222,23.224253,0, ,0.0,0.0,0.0,0.0,2,2900,0,1,140,0,0,1
CF,PEMUT,47.685333,23.214639,1,IBM,273.2,10.9,93.0,1.0,2,2900,0,0,0,0,1,0

FINAL,L09-Y,09,D,3
IF,PEMUT,47.685333,23.214639,IBM,273.2,10.9,2,2900,0,0,0,0,0,0
CF,BMR,47.671222,23.345972,0,IBM,273.1,5.5,93.0,5.4,2,1970,0,0,0,0,2,0
CF,ML09,47.661444,23.431472,0,IBM,272.1,2.0,93.0,3.5,1,846,0,0,0,0,3,0
CA,0,103.0,2,2200,0,0,0,0,0,0
DF,BMR,47.671222,23.345972,2, ,0.0,0.0,1,3400,0,1,200,0,0,0
HM,BMR,47.671222,23.345972,1, ,0.0,0.0,319.0,04.3,2,3400,0,1,200,0,0,0,0

APPTR,L09-Z,09,BMR
IF,BMR,47.671222,23.345972, ,0.0,0.0,2,3400,0,0,0,0,1,0
TF,D119J,47.724925,23.232183,0, ,0.0,0.0,0.0,0.0,2,2900,0,1,185,0,0,1
CF,PEMUT,47.685333,23.214639,1,IBM,273.2,10.9,93.0,1.0,2,2900,0,0,0,0,1,0

APPTR,L09-Z,09,GUNKA
IF,GUNKA,47.803333,23.345000, ,0.0,0.0,2,5000,0,0,0,0,0,0
TF,BMR,47.671222,23.345972,0, ,0.0,0.0,0.0,0.0,2,5000,0,0,0,0,1,0
HF,BMR,47.671222,23.345972,1, ,0.0,0.0,319.0,04.3,2,3400,0,1,200,0,0,0,0
TF,D119J,47.724925,23.232183,0, ,0.0,0.0,0.0,0.0,2,2900,0,1,185,0,0,1
CF,PEMUT,47.685333,23.214639,1,IBM,273.2,10.9,93.0,1.0,2,2900,0,0,0,0,1,0

APPTR,L09-Z,09,SAT
IF,SAT,47.727417,22.893861, ,0.0,0.0,2,6000,0,0,0,0,1,0
TF,MEREC,47.700278,23.100833,0, ,0.0,0.0,0.0,0.0,2,4000,0,0,0,0,0,0
CF,PEMUT,47.685333,23.214639,0,IBM,273.2,10.9,96.0,4.7,2,2900,0,0,0,0,1,0

APPTR,L09-Z,09,TAFRO
IF,TAFRO,47.496667,23.423361, ,0.0,0.0,2,5000,0,0,0,0,0,0
TF,BMR,47.671222,23.345972,0, ,0.0,0.0,0.0,0.0,2,3400,0,0,0,0,1,0
TF,D119J,47.724925,23.232183,0, ,0.0,0.0,0.0,0.0,2,2900,0,1,185,0,0,1
CF,PEMUT,47.685333,23.214639,1,IBM,273.2,10.9,93.0,1.0,2,2900,0,0,0,0,1,0

APPTR,L09-Z,09,UBASA
IF,UBASA,47.651389,23.726944, ,0.0,0.0,2,6000,0,0,0,0,0,0
TF,SAT27,47.660556,23.551667,0, ,0.0,0.0,0.0,0.0,2,6000,0,0,0,0,0,0
TF,BMR,47.671222,23.345972,0, ,0.0,0.0,0.0,0.0,2,3400,0,0,0,0,1,0
TF,D119J,47.724925,23.232183,0, ,0.0,0.0,0.0,0.0,2,2900,0,1,185,0,0,1
CF,PEMUT,47.685333,23.214639,1,IBM,273.2,10.9,93.0,1.0,2,2900,0,0,0,0,1,0

FINAL,L09-Z,09,D,3
IF,PEMUT,47.685333,23.214639,IBM,273.2,10.9,2,2900,0,0,0,0,0,0
CF,BMR,47.671222,23.345972,0,IBM,273.1,5.5,93.0,5.4,2,1970,0,0,0,0,2,0
CF,ML09,47.661444,23.431472,0,IBM,272.1,2.0,93.0,3.5,1,846,0,0,0,0,3,0
CA,0,103.0,2,2200,0,0,0,0,0,0
DF,BMR,47.671222,23.345972,2, ,0.0,0.0,1,3400,0,1,200,0,0,0
HM,BMR,47.671222,23.345972,1, ,0.0,0.0,319.0,04.3,2,3400,0,1,200,0,0,0,0

APPTR,Q09-W,09,BMR
IF,BMR,47.671222,23.345972, ,0.0,0.0,2,3400,0,0,0,0,1,0
FC,BMR,47.671222,23.345972,0,SAT,0.0,0.0,289.0,4.7,2,2900,0,1,140,0,0,1
CF,PEMUT,47.685333,23.214639,1,SAT,95.9,13.2,93.0,1.0,2,2900,0,0,0,0,1,0

APPTR,Q09-W,09,GUNKA
IF,GUNKA,47.803333,23.345000, ,0.0,0.0,2,5000,0,0,0,0,0,0
TF,BMR,47.671222,23.345972,0, ,0.0,0.0,0.0,0.0,2,5000,0,0,0,0,1,0
HF,BMR,47.671222,23.345972,1, ,0.0,0.0,319.0,04.3,2,3400,0,1,200,0,0,0,0
FC,BMR,47.671222,23.345972,0,SAT,0.0,0.0,289.0,4.7,2,2900,0,1,140,0,0,1
CF,PEMUT,47.685333,23.214639,1,SAT,95.9,13.2,93.0,1.0,2,2900,0,0,0,0,1,0

APPTR,Q09-W,09,SAT
IF,SAT,47.727417,22.893861, ,0.0,0.0,2,6000,0,0,0,0,1,0
TF,MEREC,47.700278,23.100833,0, ,0.0,0.0,0.0,0.0,2,4000,0,0,0,0,0,0
CF,PEMUT,47.685333,23.214639,0,SAT,95.9,13.2,96.0,4.7,2,2900,0,0,0,0,1,0

APPTR,Q09-W,09,TAFRO
IF,TAFRO,47.496667,23.423361, ,0.0,0.0,2,5000,0,0,0,0,0,0
TF,BMR,47.671222,23.345972,0, ,0.0,0.0,0.0,0.0,2,3400,0,0,0,0,1,0
FC,BMR,47.671222,23.345972,0,SAT,0.0,0.0,289.0,4.7,2,2900,0,1,140,0,0,1
CF,PEMUT,47.685333,23.214639,1,SAT,95.9,13.2,93.0,1.0,2,2900,0,0,0,0,1,0

APPTR,Q09-W,09,UBASA
IF,UBASA,47.651389,23.726944, ,0.0,0.0,2,6000,0,0,0,0,0,0
TF,SAT27,47.660556,23.551667,0, ,0.0,0.0,0.0,0.0,2,6000,0,0,0,0,0,0
TF,BMR,47.671222,23.345972,0, ,0.0,0.0,0.0,0.0,2,3400,0,0,0,0,1,0
FC,BMR,47.671222,23.345972,0,SAT,0.0,0.0,289.0,4.7,2,2900,0,1,140,0,0,1
CF,PEMUT,47.685333,23.214639,1,SAT,95.9,13.2,93.0,1.0,2,2900,0,0,0,0,1,0

FINAL,Q09-W,09,N,3
IF,PEMUT,47.685333,23.214639,BMR,0.0,0.0,2,2900,0,0,0,0,0,0
CF,BMR,47.671222,23.345972,0,BMR,0.0,0.0,93.0,5.4,2,1970,0,0,0,0,2,0
CF,M,47.661472,23.435917,0,SAT,0.0,22.3,93.0,3.7,1,790,0,0,0,0,3,0
FA,M,47.661472,23.435917,0,SAT,0.0,0.0,103.0,2,2200,0,0,0,0,0,0
DF,BMR,47.671222,23.345972,2, ,0.0,0.0,1,3400,0,1,200,0,0,0
HM,BMR,47.671222,23.345972,1, ,0.0,0.0,319.0,04.3,2,3400,0,1,200,0,0,0,0

APPTR,Q09-X,09,BMR
IF,BMR,47.671222,23.345972, ,0.0,0.0,2,3400,0,0,0,0,1,0
FC,BMR,47.671222,23.345972,0,SAT,0.0,0.0,297.0,4.6,2,2900,0,1,185,0,0,1
CF,PEMUT,47.685333,23.214639,1,SAT,95.9,13.2,93.0,1.0,2,2900,0,0,0,0,1,0

APPTR,Q09-X,09,GUNKA
IF,GUNKA,47.803333,23.345000, ,0.0,0.0,2,5000,0,0,0,0,0,0
TF,BMR,47.671222,23.345972,0, ,0.0,0.0,0.0,0.0,2,5000,0,0,0,0,1,0
HF,BMR,47.671222,23.345972,1, ,0.0,0.0,319.0,04.3,2,3400,0,1,200,0,0,0,0
FC,BMR,47.671222,23.345972,0,SAT,0.0,0.0,297.0,4.6,2,2900,0,1,185,0,0,1
CF,PEMUT,47.685333,23.214639,1,SAT,95.9,13.2,93.0,1.0,2,2900,0,0,0,0,1,0

APPTR,Q09-X,09,SAT
IF,SAT,47.727417,22.893861, ,0.0,0.0,2,6000,0,0,0,0,1,0
TF,MEREC,47.700278,23.100833,0, ,0.0,0.0,0.0,0.0,2,4000,0,0,0,0,0,0
CF,PEMUT,47.685333,23.214639,0,SAT,95.9,13.2,96.0,4.7,2,2900,0,0,0,0,1,0

APPTR,Q09-X,09,TAFRO
IF,TAFRO,47.496667,23.423361, ,0.0,0.0,2,5000,0,0,0,0,0,0
TF,BMR,47.671222,23.345972,0, ,0.0,0.0,0.0,0.0,2,3400,0,0,0,0,1,0
FC,BMR,47.671222,23.345972,0,SAT,0.0,0.0,297.0,4.6,2,2900,0,1,185,0,0,1
CF,PEMUT,47.685333,23.214639,1,SAT,95.9,13.2,93.0,1.0,2,2900,0,0,0,0,1,0

APPTR,Q09-X,09,UBASA
IF,UBASA,47.651389,23.726944, ,0.0,0.0,2,6000,0,0,0,0,0,0
TF,SAT27,47.660556,23.551667,0, ,0.0,0.0,0.0,0.0,2,6000,0,0,0,0,0,0
TF,BMR,47.671222,23.345972,0, ,0.0,0.0,0.0,0.0,2,3400,0,0,0,0,1,0
FC,BMR,47.671222,23.345972,0,SAT,0.0,0.0,297.0,4.6,2,2900,0,1,185,0,0,1
CF,PEMUT,47.685333,23.214639,1,SAT,95.9,13.2,93.0,1.0,2,2900,0,0,0,0,1,0

FINAL,Q09-X,09,N,3
IF,PEMUT,47.685333,23.214639,BMR,0.0,0.0,2,2900,0,0,0,0,0,0
CF,BMR,47.671222,23.345972,0,BMR,0.0,0.0,93.0,5.4,2,1970,0,0,0,0,2,0
CF,M,47.661472,23.435917,0,SAT,0.0,22.3,93.0,3.7,1,790,0,0,0,0,3,0
FA,M,47.661472,23.435917,0,SAT,0.0,0.0,103.0,2,2200,0,0,0,0,0,0
DF,BMR,47.671222,23.345972,2, ,0.0,0.0,1,3400,0,1,200,0,0,0
HM,BMR,47.671222,23.345972,1, ,0.0,0.0,319.0,04.3,2,3400,0,1,200,0,0,0,0

APPTR,Q09-Y,09,BMR
IF,BMR,47.671222,23.345972, ,0.0,0.0,2,3400,0,0,0,0,1,0
TF,D110J,47.711222,23.224253,0, ,0.0,0.0,0.0,0.0,2,2900,0,1,140,0,0,1
CF,PEMUT,47.685333,23.214639,1,SAT,95.9,13.2,93.0,1.0,2,2900,0,0,0,0,1,0

APPTR,Q09-Y,09,GUNKA
IF,GUNKA,47.803333,23.345000, ,0.0,0.0,2,5000,0,0,0,0,0,0
TF,BMR,47.671222,23.345972,0, ,0.0,0.0,0.0,0.0,2,5000,0,0,0,0,1,0
HF,BMR,47.671222,23.345972,1, ,0.0,0.0,319.0,04.3,2,3400,0,1,200,0,0,0,0
TF,D110J,47.711222,23.224253,0, ,0.0,0.0,0.0,0.0,2,2900,0,1,140,0,0,1
CF,PEMUT,47.685333,23.214639,1,SAT,95.9,13.2,93.0,1.0,2,2900,0,0,0,0,1,0

APPTR,Q09-Y,09,SAT
IF,SAT,47.727417,22.893861, ,0.0,0.0,2,6000,0,0,0,0,1,0
TF,MEREC,47.700278,23.100833,0, ,0.0,0.0,0.0,0.0,2,4000,0,0,0,0,0,0
CF,PEMUT,47.685333,23.214639,0,SAT,95.9,13.2,96.0,4.7,2,2900,0,0,0,0,1,0

APPTR,Q09-Y,09,TAFRO
IF,TAFRO,47.496667,23.423361, ,0.0,0.0,2,5000,0,0,0,0,0,0
TF,BMR,47.671222,23.345972,0, ,0.0,0.0,0.0,0.0,2,3400,0,0,0,0,1,0
TF,D110J,47.711222,23.224253,0, ,0.0,0.0,0.0,0.0,2,2900,0,1,140,0,0,1
CF,PEMUT,47.685333,23.214639,1,SAT,95.9,13.2,93.0,1.0,2,2900,0,0,0,0,1,0

APPTR,Q09-Y,09,UBASA
IF,UBASA,47.651389,23.726944, ,0.0,0.0,2,6000,0,0,0,0,0,0
TF,SAT27,47.660556,23.551667,0, ,0.0,0.0,0.0,0.0,2,6000,0,0,0,0,0,0
TF,BMR,47.671222,23.345972,0, ,0.0,0.0,0.0,0.0,2,3400,0,0,0,0,1,0
TF,D110J,47.711222,23.224253,0, ,0.0,0.0,0.0,0.0,2,2900,0,1,140,0,0,1
CF,PEMUT,47.685333,23.214639,1,SAT,95.9,13.2,93.0,1.0,2,2900,0,0,0,0,1,0

FINAL,Q09-Y,09,N,3
IF,PEMUT,47.685333,23.214639,BMR,0.0,0.0,2,2900,0,0,0,0,0,0
CF,BMR,47.671222,23.345972,0,BMR,0.0,0.0,93.0,5.4,2,1970,0,0,0,0,2,0
CF,M,47.661472,23.435917,0,IBM,0.0,0.7,93.0,3.7,1,790,0,0,0,0,3,0
FA,M,47.661472,23.435917,0,SAT,0.0,0.0,103.0,2,2200,0,0,0,0,0,0
DF,BMR,47.671222,23.345972,2, ,0.0,0.0,1,3400,0,1,200,0,0,0
HM,BMR,47.671222,23.345972,1, ,0.0,0.0,319.0,04.3,2,3400,0,1,200,0,0,0,0

APPTR,Q09-Z,09,BMR
IF,BMR,47.671222,23.345972, ,0.0,0.0,2,3400,0,0,0,0,1,0
TF,D119J,47.724925,23.232183,0, ,0.0,0.0,0.0,0.0,2,2900,0,1,185,0,0,1
CF,PEMUT,47.685333,23.214639,1,SAT,95.9,13.2,93.0,1.0,2,2900,0,0,0,0,1,0

APPTR,Q09-Z,09,GUNKA
IF,GUNKA,47.803333,23.345000, ,0.0,0.0,2,5000,0,0,0,0,0,0
TF,BMR,47.671222,23.345972,0, ,0.0,0.0,0.0,0.0,2,5000,0,0,0,0,1,0
HF,BMR,47.671222,23.345972,1, ,0.0,0.0,319.0,04.3,2,3400,0,1,200,0,0,0,0
TF,D119J,47.724925,23.232183,0, ,0.0,0.0,0.0,0.0,2,2900,0,1,185,0,0,1
CF,PEMUT,47.685333,23.214639,1,SAT,95.9,13.2,93.0,1.0,2,2900,0,0,0,0,1,0

APPTR,Q09-Z,09,SAT
IF,SAT,47.727417,22.893861, ,0.0,0.0,2,6000,0,0,0,0,1,0
TF,MEREC,47.700278,23.100833,0, ,0.0,0.0,0.0,0.0,2,4000,0,0,0,0,0,0
CF,PEMUT,47.685333,23.214639,0,SAT,95.9,13.2,96.0,4.7,2,2900,0,0,0,0,1,0

APPTR,Q09-Z,09,TAFRO
IF,TAFRO,47.496667,23.423361, ,0.0,0.0,2,5000,0,0,0,0,0,0
TF,BMR,47.671222,23.345972,0, ,0.0,0.0,0.0,0.0,2,3400,0,0,0,0,1,0
TF,D119J,47.724925,23.232183,0, ,0.0,0.0,0.0,0.0,2,2900,0,1,185,0,0,1
CF,PEMUT,47.685333,23.214639,1,SAT,95.9,13.2,93.0,1.0,2,2900,0,0,0,0,1,0

APPTR,Q09-Z,09,UBASA
IF,UBASA,47.651389,23.726944, ,0.0,0.0,2,6000,0,0,0,0,0,0
TF,SAT27,47.660556,23.551667,0, ,0.0,0.0,0.0,0.0,2,6000,0,0,0,0,0,0
TF,BMR,47.671222,23.345972,0, ,0.0,0.0,0.0,0.0,2,3400,0,0,0,0,1,0
TF,D119J,47.724925,23.232183,0, ,0.0,0.0,0.0,0.0,2,2900,0,1,185,0,0,1
CF,PEMUT,47.685333,23.214639,1,SAT,95.9,13.2,93.0,1.0,2,2900,0,0,0,0,1,0

FINAL,Q09-Z,09,N,3
IF,PEMUT,47.685333,23.214639,BMR,0.0,0.0,2,2900,0,0,0,0,0,0
CF,BMR,47.671222,23.345972,0,BMR,0.0,0.0,93.0,5.4,2,1970,0,0,0,0,2,0
CF,M,47.661472,23.435917,0,IBM,0.0,0.7,93.0,3.7,1,790,0,0,0,0,3,0
FA,M,47.661472,23.435917,0,SAT,0.0,0.0,103.0,2,2200,0,0,0,0,0,0
DF,BMR,47.671222,23.345972,2, ,0.0,0.0,1,3400,0,1,200,0,0,0
HM,BMR,47.671222,23.345972,1, ,0.0,0.0,319.0,04.3,2,3400,0,1,200,0,0,0,0

