SID,ARBO8N,04,2
CF,D044H,46.346422,6.270672,0,GVA,44.0,8.0,44.0,9.0,0,0,0,0,0,0,0,0
TF,D044J,46.363750,6.296686,0, ,0.0,0.0,0.0,0.0,2,4000,0,0,0,0,0,0
FA,D044J,46.363750,6.296686,0,GVA,0.0,0.0,44.0,2,7000,0,0,0,0,0,0
CI,0, ,0.0,14.0,0,0,0,0,0,0,0,0
CF,LEGVO,46.667928,6.285567,0,SPR,328.7,13.7,329.0,11.0,0,0,0,0,0,0,0,0
TF,SPR26,46.846381,6.140017,0, ,0.0,0.0,0.0,0.0,2,20000,0,0,0,0,0,0
TF,ARBOS,46.984167,6.026389,0, ,0.0,0.0,0.0,0.0,0,0,0,0,0,0,0,0

SID,BALS7A,22,2
CF,PAS,46.163694,5.999917,0,PAS,0.0,0.0,224.0,6.0,0,0,0,0,0,0,0,0
FA,PAS,46.163694,5.999917,0,PAS,0.0,0.0,224.0,2,7000,0,0,0,0,0,0
DF,D180J,45.997228,5.989669,1, ,0.0,0.0,2,10000,0,0,0,0,0,0
TF,RUMIL,45.861889,5.981444,0, ,0.0,0.0,0.0,0.0,2,12000,0,0,0,0,0,0
TF,D180V,45.797417,5.978950,0, ,0.0,0.0,0.0,0.0,2,15000,0,0,0,0,0,0
TF,BEVEN,45.688611,5.972778,0, ,0.0,0.0,0.0,0.0,0,0,0,0,0,0,0,0
TF,BALSI,45.477389,5.960778,0, ,0.0,0.0,0.0,0.0,2,20000,0,0,0,0,0,0

SID,BALS9N,04,2
CF,D044H,46.346422,6.270672,0,GVA,44.0,8.0,44.0,9.0,0,0,0,0,0,0,0,0
FA,D044H,46.346422,6.270672,0,GVA,0.0,0.0,44.0,2,5000,0,0,0,0,0,0
CI,2, ,0.0,184.0,0,0,0,0,0,0,0,0
CF,D180I,46.019239,5.992672,0,PAS,180.0,8.7,229.0,26.0,0,0,0,0,0,0,0,0
TF,D180J,45.997228,5.989669,0, ,0.0,0.0,0.0,0.0,2,10000,0,0,0,0,0,0
TF,RUMIL,45.861889,5.981444,0, ,0.0,0.0,0.0,0.0,2,12000,0,0,0,0,0,0
TF,LINNA,45.817139,5.980028,0, ,0.0,0.0,0.0,0.0,2,19000,0,0,0,0,0,0
TF,BEVEN,45.688611,5.972778,0, ,0.0,0.0,0.0,0.0,0,0,0,0,0,0,0,0
TF,BALSI,45.477389,5.960778,0, ,0.0,0.0,0.0,0.0,2,20000,0,0,0,0,0,0

SID,CBY1A,22,2
CF,PAS,46.163694,5.999917,0,GVA,223.6,7.7,224.0,6.0,0,0,0,0,0,0,0,0
TF,CBY,45.881889,5.757306,0, ,0.0,0.0,0.0,0.0,0,0,0,0,0,0,0,0

SID,CBY1N,04,2
CF,D044H,46.346422,6.270672,0,GVA,44.0,8.0,44.0,9.0,0,0,0,0,0,0,0,0
FA,D044H,46.346422,6.270672,0,GVA,0.0,0.0,44.0,2,5000,0,0,0,0,0,0
CI,2, ,0.0,184.0,0,0,0,0,0,0,0,0
CF,CBY,45.881889,5.757306,0,CBY,0.0,0.0,229.0,38.0,0,0,0,0,0,0,0,0

SID,CBY1P,04,2
CF,D044B,46.277058,6.166789,0,GVA,44.0,2.0,44.0,2.0,0,0,0,0,0,0,0,0
FA,D044B,46.277058,6.166789,0,GVA,0.0,0.0,44.0,2,5000,0,0,0,0,0,0
DF,PAS,46.163694,5.999917,1, ,0.0,0.0,2,7000,0,0,0,0,0,0
TF,CBY,45.881889,5.757306,0, ,0.0,0.0,0.0,0.0,0,0,0,0,0,0,0,0

SID,DEPU4A,22,2
CF,PAS,46.163694,5.999917,0,PAS,0.0,0.0,224.0,6.0,0,0,0,0,0,0,0,0
FA,PAS,46.163694,5.999917,0,PAS,0.0,0.0,224.0,2,7000,0,0,0,0,0,0
CF,ARGIS,45.971111,5.599167,0,PAS,233.5,20.3,234.0,15.0,2,13000,0,0,0,0,0,0
TF,DEPUL,45.925000,5.494444,0, ,0.0,0.0,0.0,0.0,2,15000,0,0,0,0,0,0

SID,DEPU4P,04,2
CF,D044B,46.277058,6.166789,0,GVA,44.0,2.0,44.0,2.0,0,0,0,0,0,0,0,0
FA,D044B,46.277058,6.166789,0,GVA,0.0,0.0,44.0,2,5000,0,0,0,0,0,0
DF,PAS,46.163694,5.999917,1, ,0.0,0.0,2,7000,0,0,0,0,0,0
TF,ARGIS,45.971111,5.599167,0, ,0.0,0.0,0.0,0.0,2,13000,0,0,0,0,0,0
TF,DEPUL,45.925000,5.494444,0, ,0.0,0.0,0.0,0.0,2,15000,0,0,0,0,0,0

SID,DEPU4T,04,2
CF,D044H,46.346422,6.270672,0,GVA,44.0,8.0,44.0,9.0,0,0,0,0,0,0,0,0
FA,D044H,46.346422,6.270672,0,GVA,0.0,0.0,44.0,2,5000,0,0,0,0,0,0
DF,PAS,46.163694,5.999917,1, ,0.0,0.0,2,7000,0,0,0,0,0,0
TF,ARGIS,45.971111,5.599167,0, ,0.0,0.0,0.0,0.0,2,13000,0,0,0,0,0,0
TF,DEPUL,45.925000,5.494444,0, ,0.0,0.0,0.0,0.0,2,15000,0,0,0,0,0,0

SID,DIPI6A,22,2
CF,PAS,46.163694,5.999917,0,PAS,0.0,0.0,224.0,6.0,0,0,0,0,0,0,0,0
FA,PAS,46.163694,5.999917,0,PAS,0.0,0.0,224.0,2,7000,0,0,0,0,0,0
VI,2, ,0.0,15.0,0,0,0,0,0,0,0,0
CF,KELUK,46.555556,5.685556,0,PAS,329.1,26.9,329.0,20.0,0,0,0,0,0,0,0,0
TF,DIPIR,46.669167,5.593056,0, ,0.0,0.0,0.0,0.0,0,0,0,0,0,0,0,0

SID,DIPI6A,ARBOS,3
IF,DIPIR,46.669167,5.593056, ,0.0,0.0,0,0,0,0,0,0,0,0
TF,LERDU,46.840806,5.828250,0, ,0.0,0.0,0.0,0.0,2,20000,0,0,0,0,0,0
TF,ARBOS,46.984167,6.026389,0, ,0.0,0.0,0.0,0.0,0,0,0,0,0,0,0,0

SID,DIPI6A,DJL,3
IF,DIPIR,46.669167,5.593056, ,0.0,0.0,0,0,0,0,0,0,0,0
TF,IBABA,46.877222,5.420833,0, ,0.0,0.0,0.0,0.0,2,20000,0,0,0,0,0,0
TF,DJL,47.270778,5.097333,0, ,0.0,0.0,0.0,0.0,0,0,0,0,0,0,0,0

SID,DIPI6A,OBURO,3
IF,DIPIR,46.669167,5.593056, ,0.0,0.0,0,0,0,0,0,0,0,0
TF,IBABA,46.877222,5.420833,0, ,0.0,0.0,0.0,0.0,2,22000,0,0,0,0,0,0
TF,TUTAX,46.921389,5.246944,0, ,0.0,0.0,0.0,0.0,0,0,0,0,0,0,0,0
TF,OBURO,47.651667,4.264722,0, ,0.0,0.0,0.0,0.0,0,0,0,0,0,0,0,0

SID,KONI4D,22,2
CF,D224C,46.218908,6.080806,0,GVA,223.6,3.0,224.0,1.0,0,0,0,0,0,0,0,0
FA,D224C,46.218908,6.080806,0,GVA,0.0,0.0,224.0,2,1900,0,0,0,0,0,0
CF,DEREM,46.356639,6.176250,2,GVA,14.5,6.4,40.0,9.0,0,0,0,1,190,0,0,0
TF,GLA,46.408694,6.244250,0, ,0.0,0.0,0.0,0.0,2,4000,0,0,0,0,0,0
TF,D032R,46.503525,6.372411,0, ,0.0,0.0,0.0,0.0,2,7000,0,0,0,0,0,0
TF,KONIL,46.568444,6.458361,0, ,0.0,0.0,0.0,0.0,0,0,0,0,0,0,0,0

SID,KONI5J,22,5
CF,D224C,46.218908,6.080806,0,GVA,223.6,3.0,224.0,1.0,0,0,0,0,0,0,0,0
FA,D224C,46.218908,6.080806,0,GVA,0.0,0.0,224.0,2,1900,0,0,0,0,0,0
DF,GG603,46.268611,6.057778,2, ,0.0,0.0,0,0,0,1,190,0,0,0
TF,DEREM,46.356639,6.176250,0, ,0.0,0.0,0.0,0.0,0,0,0,0,0,0,0,0
TF,GLA,46.408694,6.244250,0, ,0.0,0.0,0.0,0.0,2,4000,0,0,0,0,0,0
TF,D032R,46.503525,6.372411,0, ,0.0,0.0,0.0,0.0,2,7000,0,0,0,0,0,0
TF,KONIL,46.568444,6.458361,0, ,0.0,0.0,0.0,0.0,0,0,0,0,0,0,0,0

SID,KONI6A,22,2
CF,PAS,46.163694,5.999917,0,PAS,0.0,0.0,224.0,6.0,0,0,0,0,0,0,0,0
FA,PAS,46.163694,5.999917,0,PAS,0.0,0.0,224.0,2,7000,0,0,0,0,0,0
CF,DEREM,46.356639,6.176250,2,GVA,14.5,6.4,40.0,20.0,0,0,0,0,0,0,0,0
TF,GLA,46.408694,6.244250,0, ,0.0,0.0,0.0,0.0,0,0,0,0,0,0,0,0
TF,KONIL,46.568444,6.458361,0, ,0.0,0.0,0.0,0.0,0,0,0,0,0,0,0,0

SID,KONI6C,22,2
CF,D224C,46.218908,6.080806,0,GVA,223.6,3.0,224.0,1.0,0,0,0,0,0,0,0,0
FA,D224C,46.218908,6.080806,0,GVA,0.0,0.0,224.0,2,1900,0,0,0,0,0,0
CF,DEREM,46.356639,6.176250,2,GVA,14.5,6.4,40.0,9.0,0,0,0,1,190,0,0,0
TF,GLA,46.408694,6.244250,0, ,0.0,0.0,0.0,0.0,2,4000,0,0,0,0,0,0
TF,D032R,46.503525,6.372411,0, ,0.0,0.0,0.0,0.0,2,7000,0,0,0,0,0,0
TF,KONIL,46.568444,6.458361,0, ,0.0,0.0,0.0,0.0,0,0,0,0,0,0,0,0

SID,MEDA5A,22,2
CF,PAS,46.163694,5.999917,0,PAS,0.0,0.0,224.0,6.0,0,0,0,0,0,0,0,0
FA,PAS,46.163694,5.999917,0,PAS,0.0,0.0,224.0,2,7000,0,0,0,0,0,0
DF,D141I,46.043183,6.128214,1, ,0.0,0.0,2,10000,0,0,0,0,0,0
TF,D141P,45.949356,6.227617,0, ,0.0,0.0,0.0,0.0,2,11000,0,0,0,0,0,0
TF,ESAPI,45.889889,6.290250,0, ,0.0,0.0,0.0,0.0,2,14000,0,0,0,0,0,0
TF,PAS27,45.802550,6.384733,0, ,0.0,0.0,0.0,0.0,2,18000,0,0,0,0,0,0
TF,VANAS,45.457167,6.746861,0, ,0.0,0.0,0.0,0.0,2,20000,0,0,0,0,0,0
TF,MEDAM,45.264444,6.940000,0, ,0.0,0.0,0.0,0.0,0,0,0,0,0,0,0,0

SID,MEDA5B,22,2
CF,PAS,46.163694,5.999917,0,PAS,0.0,0.0,224.0,6.0,0,0,0,0,0,0,0,0
FA,PAS,46.163694,5.999917,0,PAS,0.0,0.0,224.0,2,7000,0,0,0,0,0,0
DF,D141I,46.043183,6.128214,1, ,0.0,0.0,2,10000,0,0,0,0,0,0
TF,D141P,45.949356,6.227617,0, ,0.0,0.0,0.0,0.0,2,12000,0,0,0,0,0,0
TF,ESAPI,45.889889,6.290250,0, ,0.0,0.0,0.0,0.0,2,15000,0,0,0,0,0,0
TF,PAS27,45.802550,6.384733,0, ,0.0,0.0,0.0,0.0,2,18000,0,0,0,0,0,0
TF,VANAS,45.457167,6.746861,0, ,0.0,0.0,0.0,0.0,2,20000,0,0,0,0,0,0
TF,MEDAM,45.264444,6.940000,0, ,0.0,0.0,0.0,0.0,0,0,0,0,0,0,0,0

SID,MEDA5C,22,2
CF,PAS,46.163694,5.999917,0,PAS,0.0,0.0,224.0,6.0,0,0,0,0,0,0,0,0
FA,PAS,46.163694,5.999917,0,PAS,0.0,0.0,224.0,2,7000,0,0,0,0,0,0
DF,D141I,46.043183,6.128214,1, ,0.0,0.0,2,10000,0,0,0,0,0,0
TF,D141P,45.949356,6.227617,0, ,0.0,0.0,0.0,0.0,2,13000,0,0,0,0,0,0
TF,ESAPI,45.889889,6.290250,0, ,0.0,0.0,0.0,0.0,2,16000,0,0,0,0,0,0
TF,PAS27,45.802550,6.384733,0, ,0.0,0.0,0.0,0.0,2,18000,0,0,0,0,0,0
TF,VANAS,45.457167,6.746861,0, ,0.0,0.0,0.0,0.0,2,20000,0,0,0,0,0,0
TF,MEDAM,45.264444,6.940000,0, ,0.0,0.0,0.0,0.0,0,0,0,0,0,0,0,0

SID,MEDA5N,04,2
CF,D044H,46.346422,6.270672,0,GVA,44.0,8.0,44.0,9.0,0,0,0,0,0,0,0,0
FA,D044H,46.346422,6.270672,0,GVA,0.0,0.0,44.0,2,5000,0,0,0,0,0,0
CI,2, ,0.0,184.0,0,0,0,0,0,0,0,0
CF,GG604,46.201864,6.308756,0,CBY,49.0,30.0,229.0,9.0,0,0,0,0,0,0,0,1
CI,0, ,0.0,181.0,0,0,0,0,0,0,0,0
CF,ESAPI,45.889889,6.290250,0,PAS,141.4,20.4,141.0,3.0,2,14000,0,0,0,0,0,0
TF,PAS27,45.802550,6.384733,0, ,0.0,0.0,0.0,0.0,2,18000,0,0,0,0,0,0
TF,VANAS,45.457167,6.746861,0, ,0.0,0.0,0.0,0.0,2,20000,0,0,0,0,0,0
TF,MEDAM,45.264444,6.940000,0, ,0.0,0.0,0.0,0.0,0,0,0,0,0,0,0,0

SID,MEDA5P,04,2
CF,D044H,46.346422,6.270672,0,GVA,44.0,8.0,44.0,9.0,0,0,0,0,0,0,0,0
FA,D044H,46.346422,6.270672,0,GVA,0.0,0.0,44.0,2,5000,0,0,0,0,0,0
CI,2, ,0.0,184.0,0,0,0,0,0,0,0,0
CF,GG604,46.201864,6.308756,0,CBY,49.0,30.0,229.0,9.0,0,0,0,0,0,0,0,1
CI,0, ,0.0,181.0,0,0,0,0,0,0,0,0
CF,ESAPI,45.889889,6.290250,0,PAS,141.4,20.4,141.0,3.0,2,15000,0,0,0,0,0,0
TF,PAS27,45.802550,6.384733,0, ,0.0,0.0,0.0,0.0,2,18000,0,0,0,0,0,0
TF,VANAS,45.457167,6.746861,0, ,0.0,0.0,0.0,0.0,2,20000,0,0,0,0,0,0
TF,MEDAM,45.264444,6.940000,0, ,0.0,0.0,0.0,0.0,0,0,0,0,0,0,0,0

SID,MEDA5Q,04,2
CF,D044H,46.346422,6.270672,0,GVA,44.0,8.0,44.0,9.0,0,0,0,0,0,0,0,0
FA,D044H,46.346422,6.270672,0,GVA,0.0,0.0,44.0,2,5000,0,0,0,0,0,0
CI,2, ,0.0,184.0,0,0,0,0,0,0,0,0
CF,GG604,46.201864,6.308756,0,CBY,49.0,30.0,229.0,10.0,0,0,0,0,0,0,0,1
CI,0, ,0.0,181.0,0,0,0,0,0,0,0,0
CF,ESAPI,45.889889,6.290250,0,PAS,141.4,20.4,141.0,3.0,2,16000,0,0,0,0,0,0
TF,PAS27,45.802550,6.384733,0, ,0.0,0.0,0.0,0.0,2,18000,0,0,0,0,0,0
TF,VANAS,45.457167,6.746861,0, ,0.0,0.0,0.0,0.0,2,20000,0,0,0,0,0,0
TF,MEDAM,45.264444,6.940000,0, ,0.0,0.0,0.0,0.0,0,0,0,0,0,0,0,0

SID,MOLU4A,22,5
CF,D224H,46.161239,5.994233,0,GVA,224.0,8.0,224.0,6.0,0,0,0,0,0,0,0,0
FA,D224H,46.161239,5.994233,0,GVA,0.0,0.0,224.0,2,7000,0,0,0,0,0,0
DF,GG602,46.116328,6.067169,1, ,0.0,0.0,0,0,0,1,220,0,0,0
TF,TINAM,46.360028,6.530556,0, ,0.0,0.0,0.0,0.0,2,10000,0,0,0,0,0,0
TF,MOLUS,46.443889,6.679444,0, ,0.0,0.0,0.0,0.0,0,0,0,0,0,0,0,0

SID,MOLU4N,04,5
CA,0,44.0,2,1900,0,0,0,0,0,0
CF,PETAL,46.368028,6.300361,0,GVA,43.5,9.8,44.0,10.0,2,5000,0,0,0,0,0,0
TF,MOLUS,46.443889,6.679444,0, ,0.0,0.0,0.0,0.0,2,10000,0,0,0,0,0,0

SID,OMNI1A,22,2
CA,0,224.0,2,9000,0,0,0,0,0,0
VM,0,0,0,224.0,0,0,0,0,0,0,0,0

SID,OMNI1N,04,2
CA,0,44.0,2,9000,0,0,0,0,0,0
VM,0,0,0,44.0,0,0,0,0,0,0,0,0

SID,PAS5P,04,2
CF,D044B,46.277058,6.166789,0,GVA,44.0,2.0,44.0,2.0,0,0,0,0,0,0,0,0
FA,D044B,46.277058,6.166789,0,GVA,0.0,0.0,44.0,2,5000,0,0,0,0,0,0
DF,PAS,46.163694,5.999917,1, ,0.0,0.0,2,7000,0,0,0,0,0,0

SID,ROCA5A,22,2
CF,PAS,46.163694,5.999917,0,PAS,0.0,0.0,224.0,6.0,0,0,0,0,0,0,0,0
FA,PAS,46.163694,5.999917,0,PAS,0.0,0.0,224.0,2,7000,0,0,0,0,0,0
DF,D131I,46.061964,6.158328,1, ,0.0,0.0,2,9000,0,0,0,0,0,0
TF,PAS14,46.005000,6.246944,0, ,0.0,0.0,0.0,0.0,2,11000,0,0,0,0,0,0
TF,ODIKI,45.942222,6.343611,0, ,0.0,0.0,0.0,0.0,2,14000,0,0,0,0,0,0
TF,PAS33,45.789592,6.577897,0, ,0.0,0.0,0.0,0.0,2,18000,0,0,0,0,0,0
TF,ROCCA,45.745278,6.645583,0, ,0.0,0.0,0.0,0.0,0,0,0,0,0,0,0,0

SID,ROCA5B,22,2
CF,PAS,46.163694,5.999917,0,PAS,0.0,0.0,224.0,6.0,0,0,0,0,0,0,0,0
FA,PAS,46.163694,5.999917,0,PAS,0.0,0.0,224.0,2,7000,0,0,0,0,0,0
DF,D131I,46.061964,6.158328,1, ,0.0,0.0,2,10000,0,0,0,0,0,0
TF,PAS14,46.005000,6.246944,0, ,0.0,0.0,0.0,0.0,2,12000,0,0,0,0,0,0
TF,ODIKI,45.942222,6.343611,0, ,0.0,0.0,0.0,0.0,2,15000,0,0,0,0,0,0
TF,PAS33,45.789592,6.577897,0, ,0.0,0.0,0.0,0.0,2,19000,0,0,0,0,0,0
TF,ROCCA,45.745278,6.645583,0, ,0.0,0.0,0.0,0.0,0,0,0,0,0,0,0,0

SID,ROCA5C,22,2
CF,PAS,46.163694,5.999917,0,PAS,0.0,0.0,224.0,6.0,0,0,0,0,0,0,0,0
FA,PAS,46.163694,5.999917,0,PAS,0.0,0.0,224.0,2,7000,0,0,0,0,0,0
DF,D131I,46.061964,6.158328,1, ,0.0,0.0,2,11000,0,0,0,0,0,0
TF,PAS14,46.005000,6.246944,0, ,0.0,0.0,0.0,0.0,2,13000,0,0,0,0,0,0
TF,ODIKI,45.942222,6.343611,0, ,0.0,0.0,0.0,0.0,2,16000,0,0,0,0,0,0
TF,PAS33,45.789592,6.577897,0, ,0.0,0.0,0.0,0.0,2,20000,0,0,0,0,0,0
TF,ROCCA,45.745278,6.645583,0, ,0.0,0.0,0.0,0.0,0,0,0,0,0,0,0,0

SID,ROCA5N,04,2
CF,D044H,46.346422,6.270672,0,GVA,44.0,8.0,44.0,9.0,0,0,0,0,0,0,0,0
FA,D044H,46.346422,6.270672,0,GVA,0.0,0.0,44.0,2,5000,0,0,0,0,0,0
CI,2, ,0.0,184.0,0,0,0,0,0,0,0,0
CF,GG604,46.201864,6.308756,0,CBY,49.0,30.0,229.0,9.0,0,0,0,0,0,0,0,1
CI,0, ,0.0,181.0,0,0,0,0,0,0,0,0
CF,GG605,45.975892,6.291633,0,PAS,130.7,16.6,131.0,2.0,0,0,0,0,0,0,0,0
TF,ODIKI,45.942222,6.343611,0, ,0.0,0.0,0.0,0.0,2,14000,0,0,0,0,0,0
TF,PAS33,45.789592,6.577897,0, ,0.0,0.0,0.0,0.0,2,18000,0,0,0,0,0,0
TF,ROCCA,45.745278,6.645583,0, ,0.0,0.0,0.0,0.0,0,0,0,0,0,0,0,0

SID,ROCA5P,04,2
CF,D044H,46.346422,6.270672,0,GVA,44.0,8.0,44.0,9.0,0,0,0,0,0,0,0,0
FA,D044H,46.346422,6.270672,0,GVA,0.0,0.0,44.0,2,5000,0,0,0,0,0,0
CI,2, ,0.0,184.0,0,0,0,0,0,0,0,0
CF,GG604,46.201864,6.308756,0,CBY,49.0,30.0,229.0,3.0,0,0,0,0,0,0,0,1
CI,0, ,0.0,181.0,0,0,0,0,0,0,0,0
CF,GG605,45.975892,6.291633,0,PAS,130.7,16.6,131.0,9.0,0,0,0,0,0,0,0,0
TF,ODIKI,45.942222,6.343611,0, ,0.0,0.0,0.0,0.0,2,15000,0,0,0,0,0,0
TF,PAS33,45.789592,6.577897,0, ,0.0,0.0,0.0,0.0,2,19000,0,0,0,0,0,0
TF,ROCCA,45.745278,6.645583,0, ,0.0,0.0,0.0,0.0,0,0,0,0,0,0,0,0

SID,ROCA5Q,04,2
CF,D044H,46.346422,6.270672,0,GVA,44.0,8.0,44.0,9.0,0,0,0,0,0,0,0,0
FA,D044H,46.346422,6.270672,0,GVA,0.0,0.0,44.0,2,5000,0,0,0,0,0,0
CI,2, ,0.0,184.0,0,0,0,0,0,0,0,0
CF,GG604,46.201864,6.308756,0,CBY,49.0,30.0,229.0,9.0,0,0,0,0,0,0,0,1
CI,0, ,0.0,181.0,0,0,0,0,0,0,0,0
CF,GG605,45.975892,6.291633,0,PAS,130.7,16.6,131.0,2.0,0,0,0,0,0,0,0,0
TF,ODIKI,45.942222,6.343611,0, ,0.0,0.0,0.0,0.0,2,16000,0,0,0,0,0,0
TF,PAS33,45.789592,6.577897,0, ,0.0,0.0,0.0,0.0,2,20000,0,0,0,0,0,0
TF,ROCCA,45.745278,6.645583,0, ,0.0,0.0,0.0,0.0,0,0,0,0,0,0,0,0

SID,SIRO7N,04,2
CF,D044H,46.346422,6.270672,0,GVA,45.0,8.0,44.0,9.0,0,0,0,0,0,0,0,0
TF,D044J,46.363750,6.296686,0, ,0.0,0.0,0.0,0.0,2,4000,0,0,0,0,0,0
FA,D044J,46.363750,6.296686,0,GVA,0.0,0.0,44.0,2,7000,0,0,0,0,0,0
CI,0, ,0.0,356.0,0,0,0,0,0,0,0,0
CF,KOVIM,46.614611,6.206333,0,DJL,129.4,60.3,309.0,13.0,0,0,0,0,0,0,0,0
TF,SIROD,46.727028,6.019556,0, ,0.0,0.0,0.0,0.0,0,0,0,0,0,0,0,0

SID,SIRO7N,DJL,3
IF,SIROD,46.727028,6.019556, ,0.0,0.0,0,0,0,0,0,0,0,0
TF,DJL30,46.945400,5.652947,0, ,0.0,0.0,0.0,0.0,2,20000,0,0,0,0,0,0
TF,DJL,47.270778,5.097333,0, ,0.0,0.0,0.0,0.0,0,0,0,0,0,0,0,0

SID,SIRO7N,OBURO,3
IF,SIROD,46.727028,6.019556, ,0.0,0.0,0,0,0,0,0,0,0,0
TF,IBABA,46.877222,5.420833,0, ,0.0,0.0,0.0,0.0,2,22000,0,0,0,0,0,0
TF,TUTAX,46.921389,5.246944,0, ,0.0,0.0,0.0,0.0,0,0,0,0,0,0,0,0
TF,OBURO,47.651667,4.264722,0, ,0.0,0.0,0.0,0.0,0,0,0,0,0,0,0,0

SID,SPR5N,04,2
CA,0,44.0,2,1820,0,0,0,0,0,0
DF,SPR,46.468694,6.448056,0, ,0.0,0.0,2,7000,0,0,0,0,0,0

STAR,AKIT2N,04,5
IF,AKITO,47.213333,6.648750, ,0.0,0.0,0,0,0,0,0,0,0,0
TF,GG518,46.907133,6.248978,0, ,0.0,0.0,0.0,0.0,0,0,0,0,0,0,0,0
TF,BOLGI,46.667778,5.938333,0, ,0.0,0.0,0.0,0.0,0,0,0,0,0,0,0,0
TF,LIRKO,46.570944,5.814306,0, ,0.0,0.0,0.0,0.0,2,8000,0,1,250,0,0,0
TF,DINIG,46.495278,5.890556,0, ,0.0,0.0,0.0,0.0,0,0,0,0,0,0,0,0
TF,SOVAD,46.337472,6.048444,0, ,0.0,0.0,0.0,0.0,2,8000,0,1,250,0,0,0
TF,KERAD,46.235306,5.899297,0, ,0.0,0.0,0.0,0.0,0,0,0,0,0,0,0,0
TF,GG503,46.095711,5.696886,0, ,0.0,0.0,0.0,0.0,0,0,0,1,220,0,0,0
FM,GG503,46.095711,5.696886,0,SPR,0.0,0.0,223.0,0,0,0,0,0,0,0,0

STAR,AKIT3R,22,5
IF,AKITO,47.213333,6.648750, ,0.0,0.0,0,0,0,0,0,0,0,0
TF,GG518,46.907133,6.248978,0, ,0.0,0.0,0.0,0.0,0,0,0,0,0,0,0,0
TF,BOLGI,46.667778,5.938333,0, ,0.0,0.0,0.0,0.0,0,0,0,0,0,0,0,0
TF,LIRKO,46.570944,5.814306,0, ,0.0,0.0,0.0,0.0,2,8000,0,1,250,0,0,0
TF,DINIG,46.495278,5.890556,0, ,0.0,0.0,0.0,0.0,0,0,0,0,0,0,0,0
TF,SOVAD,46.337472,6.048444,0, ,0.0,0.0,0.0,0.0,2,8000,0,1,250,0,0,0
TF,GG507,46.440847,6.199875,0, ,0.0,0.0,0.0,0.0,0,0,0,0,0,0,0,0
TF,GG514,46.540206,6.346911,0, ,0.0,0.0,0.0,0.0,0,0,0,1,220,0,0,0
FM,GG514,46.540206,6.346911,0,SPR,0.0,0.0,44.0,0,0,0,0,0,0,0,0

STAR,BANK3N,04,5
IF,BANKO,45.820000,7.054722, ,0.0,0.0,0,0,0,0,0,0,0,0
TF,GG520,45.956361,6.768267,0, ,0.0,0.0,0.0,0.0,2,18000,0,0,0,0,0,0
TF,GOLEB,46.051667,6.562500,0, ,0.0,0.0,0.0,0.0,0,0,0,0,0,0,0,0
TF,VALBU,46.086028,6.489833,0, ,0.0,0.0,0.0,0.0,2,14000,0,0,0,0,0,0
TF,SUVEL,46.151500,6.351056,0, ,0.0,0.0,0.0,0.0,2,11000,0,0,0,0,0,0
TF,BIVLO,46.197167,6.253833,0, ,0.0,0.0,0.0,0.0,0,0,0,1,250,0,0,0
TF,PITOM,46.094722,6.101944,0, ,0.0,0.0,0.0,0.0,0,0,0,0,0,0,0,0
TF,GG502,45.953825,5.899058,0, ,0.0,0.0,0.0,0.0,0,0,0,1,220,0,0,0
FM,GG502,45.953825,5.899058,0,SPR,0.0,0.0,223.0,0,0,0,0,0,0,0,0

STAR,BANK3R,22,5
IF,BANKO,45.820000,7.054722, ,0.0,0.0,0,0,0,0,0,0,0,0
TF,GG520,45.956361,6.768267,0, ,0.0,0.0,0.0,0.0,2,18000,0,0,0,0,0,0
TF,GOLEB,46.051667,6.562500,0, ,0.0,0.0,0.0,0.0,0,0,0,0,0,0,0,0
TF,VALBU,46.086028,6.489833,0, ,0.0,0.0,0.0,0.0,2,14000,0,0,0,0,0,0
TF,SUVEL,46.151500,6.351056,0, ,0.0,0.0,0.0,0.0,2,11000,0,0,0,0,0,0
TF,BIVLO,46.197167,6.253833,0, ,0.0,0.0,0.0,0.0,2,7000,0,1,250,0,0,0
TF,GG525,46.298203,6.402228,0, ,0.0,0.0,0.0,0.0,0,0,0,0,0,0,0,0
TF,GG512,46.397153,6.549031,0, ,0.0,0.0,0.0,0.0,0,0,0,1,220,0,0,0
FM,GG512,46.397153,6.549031,0,SPR,0.0,0.0,44.0,0,0,0,0,0,0,0,0

STAR,BELU3N,04,5
IF,BELUS,45.675278,5.593889, ,0.0,0.0,3,16000,0,1,250,0,0,0
TF,RILTI,45.758361,5.659417,0, ,0.0,0.0,0.0,0.0,0,0,0,0,0,0,0,0
TF,CBY,45.881889,5.757306,0, ,0.0,0.0,0.0,0.0,2,10000,0,0,0,0,0,0
TF,INDIS,46.024444,5.797000,0, ,0.0,0.0,0.0,0.0,2,7000,0,0,0,0,0,0
TF,GVA,46.253917,6.132222,0, ,0.0,0.0,0.0,0.0,0,0,0,1,220,0,0,0
TF,BIVLO,46.197167,6.253833,0, ,0.0,0.0,0.0,0.0,0,0,0,1,220,0,0,0
TF,PITOM,46.094722,6.101944,0, ,0.0,0.0,0.0,0.0,0,0,0,0,0,0,0,0
TF,GG502,45.953825,5.899058,0, ,0.0,0.0,0.0,0.0,0,0,0,0,0,0,0,0
FM,GG502,45.953825,5.899058,0,SPR,0.0,0.0,223.0,0,0,0,0,0,0,0,0

STAR,BELU3R,22,5
IF,BELUS,45.675278,5.593889, ,0.0,0.0,0,0,0,0,0,0,0,0
TF,RILTI,45.758361,5.659417,0, ,0.0,0.0,0.0,0.0,3,18000,0,0,0,0,0,0
TF,CBY,45.881889,5.757306,0, ,0.0,0.0,0.0,0.0,0,0,0,0,0,0,0,0
TF,GG502,45.953825,5.899058,0, ,0.0,0.0,0.0,0.0,2,10000,0,0,0,0,0,0
TF,PITOM,46.094722,6.101944,0, ,0.0,0.0,0.0,0.0,4,15000,7000,0,0,0,0,0
TF,BIVLO,46.197167,6.253833,0, ,0.0,0.0,0.0,0.0,2,7000,0,0,0,0,0,0
TF,GG525,46.298203,6.402228,0, ,0.0,0.0,0.0,0.0,0,0,0,0,0,0,0,0
TF,GG512,46.397153,6.549031,0, ,0.0,0.0,0.0,0.0,0,0,0,1,220,0,0,0
FM,GG512,46.397153,6.549031,0,SPR,0.0,0.0,44.0,0,0,0,0,0,0,0,0

STAR,BENO1N,04,5
IF,BENOT,47.057694,7.172806, ,0.0,0.0,0,0,0,0,0,0,0,0
TF,NEMOS,46.911944,6.906556,0, ,0.0,0.0,0.0,0.0,0,0,0,0,0,0,0,0
TF,GG514,46.540206,6.346911,0, ,0.0,0.0,0.0,0.0,3,15000,0,0,0,0,0,0
TF,SOVAD,46.337472,6.048444,0, ,0.0,0.0,0.0,0.0,0,0,0,0,0,0,0,0
TF,KERAD,46.235306,5.899297,0, ,0.0,0.0,0.0,0.0,0,0,0,0,0,0,0,0
TF,GG503,46.095711,5.696886,0, ,0.0,0.0,0.0,0.0,0,0,0,1,220,0,0,0
FM,GG503,46.095711,5.696886,0,SPR,0.0,0.0,223.0,0,0,0,0,0,0,0,0

STAR,BENO1P,04,5
IF,BENOT,47.057694,7.172806, ,0.0,0.0,0,0,0,0,0,0,0,0
TF,NEMOS,46.911944,6.906556,0, ,0.0,0.0,0.0,0.0,0,0,0,0,0,0,0,0
TF,VADAR,46.657222,6.753611,0, ,0.0,0.0,0.0,0.0,0,0,0,0,0,0,0,0
TF,GG512,46.397153,6.549031,0, ,0.0,0.0,0.0,0.0,3,15000,0,1,250,0,0,0
TF,BIVLO,46.197167,6.253833,0, ,0.0,0.0,0.0,0.0,0,0,0,0,0,0,0,0
TF,PITOM,46.094722,6.101944,0, ,0.0,0.0,0.0,0.0,0,0,0,0,0,0,0,0
TF,GG502,45.953825,5.899058,0, ,0.0,0.0,0.0,0.0,0,0,0,1,220,0,0,0
FM,GG502,45.953825,5.899058,0,SPR,0.0,0.0,223.0,0,0,0,0,0,0,0,0

STAR,BENO1R,22,5
IF,BENOT,47.057694,7.172806, ,0.0,0.0,0,0,0,0,0,0,0,0
TF,NEMOS,46.911944,6.906556,0, ,0.0,0.0,0.0,0.0,0,0,0,0,0,0,0,0
TF,VADAR,46.657222,6.753611,0, ,0.0,0.0,0.0,0.0,0,0,0,0,0,0,0,0
TF,SPR,46.468694,6.448056,0, ,0.0,0.0,0.0,0.0,0,0,0,0,0,0,0,0

STAR,BENO1T,22,5
IF,BENOT,47.057694,7.172806, ,0.0,0.0,0,0,0,0,0,0,0,0
TF,NEMOS,46.911944,6.906556,0, ,0.0,0.0,0.0,0.0,0,0,0,0,0,0,0,0
TF,VEROX,46.727500,6.573333,0, ,0.0,0.0,0.0,0.0,0,0,0,0,0,0,0,0
TF,SPR,46.468694,6.448056,0, ,0.0,0.0,0.0,0.0,0,0,0,0,0,0,0,0

STAR,DJL2N,04,5
IF,DJL,47.270778,5.097333, ,0.0,0.0,0,0,0,0,0,0,0,0
TF,GG517,46.939667,5.439458,0, ,0.0,0.0,0.0,0.0,0,0,0,0,0,0,0,0
TF,LIRKO,46.570944,5.814306,0, ,0.0,0.0,0.0,0.0,2,8000,0,0,0,0,0,0
TF,DINIG,46.495278,5.890556,0, ,0.0,0.0,0.0,0.0,0,0,0,0,0,0,0,0
TF,SOVAD,46.337472,6.048444,0, ,0.0,0.0,0.0,0.0,2,8000,0,1,250,0,0,0
TF,KERAD,46.235306,5.899297,0, ,0.0,0.0,0.0,0.0,0,0,0,0,0,0,0,0
TF,GG503,46.095711,5.696886,0, ,0.0,0.0,0.0,0.0,0,0,0,1,220,0,0,0
FM,GG503,46.095711,5.696886,0,SPR,0.0,0.0,223.0,0,0,0,0,0,0,0,0

STAR,DJL2R,22,5
IF,DJL,47.270778,5.097333, ,0.0,0.0,0,0,0,0,0,0,0,0
TF,GG517,46.939667,5.439458,0, ,0.0,0.0,0.0,0.0,0,0,0,0,0,0,0,0
TF,LIRKO,46.570944,5.814306,0, ,0.0,0.0,0.0,0.0,2,8000,0,0,0,0,0,0
TF,DINIG,46.495278,5.890556,0, ,0.0,0.0,0.0,0.0,0,0,0,0,0,0,0,0
TF,SOVAD,46.337472,6.048444,0, ,0.0,0.0,0.0,0.0,2,8000,0,1,250,0,0,0
TF,GG507,46.440847,6.199875,0, ,0.0,0.0,0.0,0.0,0,0,0,0,0,0,0,0
TF,GG514,46.540206,6.346911,0, ,0.0,0.0,0.0,0.0,0,0,0,1,220,0,0,0
FM,GG514,46.540206,6.346911,0,SPR,0.0,0.0,44.0,0,0,0,0,0,0,0,0

STAR,KINE2N,04,5
IF,KINES,45.331389,6.755278, ,0.0,0.0,0,0,0,0,0,0,0,0
TF,GG519,45.527356,6.702028,0, ,0.0,0.0,0.0,0.0,0,0,0,0,0,0,0,0
TF,ROCCA,45.745278,6.645583,0, ,0.0,0.0,0.0,0.0,0,0,0,0,0,0,0,0
TF,GOLEB,46.051667,6.562500,0, ,0.0,0.0,0.0,0.0,0,0,0,0,0,0,0,0
TF,VALBU,46.086028,6.489833,0, ,0.0,0.0,0.0,0.0,2,14000,0,0,0,0,0,0
TF,SUVEL,46.151500,6.351056,0, ,0.0,0.0,0.0,0.0,2,11000,0,0,0,0,0,0
TF,BIVLO,46.197167,6.253833,0, ,0.0,0.0,0.0,0.0,0,0,0,1,250,0,0,0
TF,PITOM,46.094722,6.101944,0, ,0.0,0.0,0.0,0.0,0,0,0,0,0,0,0,0
TF,GG502,45.953825,5.899058,0, ,0.0,0.0,0.0,0.0,0,0,0,1,220,0,0,0
FM,GG502,45.953825,5.899058,0,SPR,0.0,0.0,223.0,0,0,0,0,0,0,0,0

STAR,KINE2R,22,5
IF,KINES,45.331389,6.755278, ,0.0,0.0,0,0,0,0,0,0,0,0
TF,GG519,45.527356,6.702028,0, ,0.0,0.0,0.0,0.0,0,0,0,0,0,0,0,0
TF,ROCCA,45.745278,6.645583,0, ,0.0,0.0,0.0,0.0,0,0,0,0,0,0,0,0
TF,GOLEB,46.051667,6.562500,0, ,0.0,0.0,0.0,0.0,0,0,0,0,0,0,0,0
TF,VALBU,46.086028,6.489833,0, ,0.0,0.0,0.0,0.0,2,14000,0,0,0,0,0,0
TF,SUVEL,46.151500,6.351056,0, ,0.0,0.0,0.0,0.0,2,11000,0,0,0,0,0,0
TF,BIVLO,46.197167,6.253833,0, ,0.0,0.0,0.0,0.0,2,7000,0,1,250,0,0,0
TF,GG525,46.298203,6.402228,0, ,0.0,0.0,0.0,0.0,0,0,0,0,0,0,0,0
TF,GG512,46.397153,6.549031,0, ,0.0,0.0,0.0,0.0,0,0,0,1,220,0,0,0
FM,GG512,46.397153,6.549031,0,SPR,0.0,0.0,44.0,0,0,0,0,0,0,0,0

STAR,LUSA2N,04,5
IF,LUSAR,46.668889,5.179472, ,0.0,0.0,2,20000,0,0,0,0,0,0
TF,SAUNI,46.623611,5.477778,0, ,0.0,0.0,0.0,0.0,2,16000,0,0,0,0,0,0
TF,LIRKO,46.570944,5.814306,0, ,0.0,0.0,0.0,0.0,2,8000,0,0,0,0,0,0
TF,DINIG,46.495278,5.890556,0, ,0.0,0.0,0.0,0.0,0,0,0,0,0,0,0,0
TF,SOVAD,46.337472,6.048444,0, ,0.0,0.0,0.0,0.0,2,8000,0,1,250,0,0,0
TF,KERAD,46.235306,5.899297,0, ,0.0,0.0,0.0,0.0,0,0,0,0,0,0,0,0
TF,GG503,46.095711,5.696886,0, ,0.0,0.0,0.0,0.0,0,0,0,1,220,0,0,0
FM,GG503,46.095711,5.696886,0,SPR,0.0,0.0,223.0,0,0,0,0,0,0,0,0

STAR,LUSA2R,22,5
IF,LUSAR,46.668889,5.179472, ,0.0,0.0,2,20000,0,0,0,0,0,0
TF,SAUNI,46.623611,5.477778,0, ,0.0,0.0,0.0,0.0,2,16000,0,0,0,0,0,0
TF,LIRKO,46.570944,5.814306,0, ,0.0,0.0,0.0,0.0,2,8000,0,0,0,0,0,0
TF,DINIG,46.495278,5.890556,0, ,0.0,0.0,0.0,0.0,0,0,0,0,0,0,0,0
TF,SOVAD,46.337472,6.048444,0, ,0.0,0.0,0.0,0.0,2,8000,0,1,250,0,0,0
TF,GG507,46.440847,6.199875,0, ,0.0,0.0,0.0,0.0,0,0,0,0,0,0,0,0
TF,GG514,46.540206,6.346911,0, ,0.0,0.0,0.0,0.0,0,0,0,1,220,0,0,0
FM,GG514,46.540206,6.346911,0,SPR,0.0,0.0,44.0,0,0,0,0,0,0,0,0

STAR,ULME1N,04,5
IF,ULMES,46.955028,7.292639, ,0.0,0.0,0,0,0,0,0,0,0,0
TF,ESEVA,46.802111,7.014667,0, ,0.0,0.0,0.0,0.0,0,0,0,0,0,0,0,0
TF,VADAR,46.657222,6.753611,0, ,0.0,0.0,0.0,0.0,0,0,0,0,0,0,0,0
TF,GG514,46.540206,6.346911,0, ,0.0,0.0,0.0,0.0,3,15000,0,0,0,0,0,0
TF,SOVAD,46.337472,6.048444,0, ,0.0,0.0,0.0,0.0,0,0,0,0,0,0,0,0
TF,KERAD,46.235306,5.899297,0, ,0.0,0.0,0.0,0.0,0,0,0,0,0,0,0,0
TF,GG503,46.095711,5.696886,0, ,0.0,0.0,0.0,0.0,0,0,0,1,220,0,0,0
FM,GG503,46.095711,5.696886,0,SPR,0.0,0.0,223.0,0,0,0,0,0,0,0,0

STAR,ULME1P,04,5
IF,ULMES,46.955028,7.292639, ,0.0,0.0,0,0,0,0,0,0,0,0
TF,ESEVA,46.802111,7.014667,0, ,0.0,0.0,0.0,0.0,0,0,0,0,0,0,0,0
TF,VADAR,46.657222,6.753611,0, ,0.0,0.0,0.0,0.0,0,0,0,0,0,0,0,0
TF,GG512,46.397153,6.549031,0, ,0.0,0.0,0.0,0.0,3,15000,0,1,250,0,0,0
TF,BIVLO,46.197167,6.253833,0, ,0.0,0.0,0.0,0.0,0,0,0,0,0,0,0,0
TF,PITOM,46.094722,6.101944,0, ,0.0,0.0,0.0,0.0,0,0,0,0,0,0,0,0
TF,GG502,45.953825,5.899058,0, ,0.0,0.0,0.0,0.0,0,0,0,1,220,0,0,0
FM,GG502,45.953825,5.899058,0,SPR,0.0,0.0,223.0,0,0,0,0,0,0,0,0

STAR,ULME1R,22,5
IF,ULMES,46.955028,7.292639, ,0.0,0.0,0,0,0,0,0,0,0,0
TF,ESEVA,46.802111,7.014667,0, ,0.0,0.0,0.0,0.0,0,0,0,0,0,0,0,0
TF,VADAR,46.657222,6.753611,0, ,0.0,0.0,0.0,0.0,0,0,0,0,0,0,0,0
TF,SPR,46.468694,6.448056,0, ,0.0,0.0,0.0,0.0,0,0,0,0,0,0,0,0

APPTR,I04,04,GVA
IF,GVA,46.253917,6.132222, ,0.0,0.0,0,0,0,0,0,0,1,0
CF,PAS,46.163694,5.999917,0,PAS,0.0,0.0,224.0,7.7,2,6000,0,0,0,0,0,0
CF,PINOT,45.985447,5.925958,0,PAS,194.1,11.1,194.0,11.1,2,6000,0,0,0,0,0,1
CF,BELKA,46.061139,5.850583,2,INE,223.5,16.5,44.0,3.0,2,6000,0,0,0,0,0,0

APPTR,I04,04,INDIS
IF,INDIS,46.024444,5.797000, ,0.0,0.0,2,7000,0,1,220,0,1,0
CF,BELKA,46.061139,5.850583,0,INE,223.5,16.5,44.0,3.1,2,6000,0,0,0,0,0,0

FINAL,I04,04,I,3
IF,BELKA,46.061139,5.850583,INE,223.5,16.5,2,6000,0,0,0,0,0,0
CF,PAS,46.163694,5.999917,0,INE,223.6,7.7,44.0,8.8,1,3210,0,0,0,0,2,0
CF,RW04,46.227842,6.093956,0,INE,223.5,2.2,44.0,5.5,1,1461,0,0,0,0,3,0
CF,GVA,46.253917,6.132222,0,GVA,0.0,0.0,44.0,2.2,0,0,0,0,0,0,0,0
FD,GVA,46.253917,6.132222,0,GVA,0.0,9.5,44.0,9.5,2,4000,0,0,0,0,0,0
CF,SPR,46.468694,6.448056,0,GVA,43.4,18.4,44.0,8.9,1,7000,0,0,0,0,0,0

APPTR,I22,22,SPR
IF,SPR,46.468694,6.448056, ,0.0,0.0,2,7000,0,1,210,0,0,0
CF,D224R,46.454358,6.428286,0,SPR,220.6,1.2,224.0,1.2,2,7000,0,0,0,0,0,0
CF,GG811,46.378583,6.315972,0,SPR,222.4,7.7,224.0,6.5,2,4930,0,0,0,0,0,0
CF,PETAL,46.368028,6.300361,0,ISW,43.5,12.3,224.0,0.9,2,4640,0,0,0,0,0,0

FINAL,I22,22,I,3
IF,PETAL,46.368028,6.300361,ISW,43.5,12.3,2,4640,0,0,0,0,0,0
CF,GG808,46.344722,6.265944,0,ISW,43.5,10.3,224.0,2.0,1,4000,0,0,0,0,2,0
CF,RW22,46.250361,6.127006,0,ISW,43.5,2.2,224.0,8.1,1,1423,0,0,0,0,3,0
CF,D224J,46.143844,5.968414,0,GVA,224.0,9.5,224.0,9.2,0,0,0,0,0,0,0,1
CF,SPR,46.468694,6.448056,1,GVA,43.4,18.4,37.0,28.0,1,7000,0,1,185,0,0,0

FINAL,R04,04,R,3
IF,INDIS,46.024444,5.797000, ,0.0,0.0,2,7000,0,1,220,0,0,0
TF,BELKA,46.061139,5.850583,0, ,0.0,0.0,44.0,3.1,1,6000,0,0,0,0,2,0
TF,RW04,46.227842,6.093956,0, ,0.0,0.0,44.0,14.3,1,1461,0,0,0,0,3,1
TF,GG852,46.364667,6.295417,0, ,0.0,0.0,0.0,0.0,2,4000,0,0,0,0,0,0
TF,SPR,46.468694,6.448056,0, ,0.0,0.0,0.0,0.0,2,7000,0,0,0,0,0,1

APPTR,R22,22,SPR
IF,SPR,46.468694,6.448056, ,0.0,0.0,2,7000,0,1,210,0,1,0
TF,65NM,46.454650,6.427425,0, ,0.0,0.0,0.0,0.0,2,7000,0,0,0,0,0,0
TF,GG811,46.378583,6.315972,0, ,0.0,0.0,0.0,0.0,1,4930,0,0,0,0,0,0
TF,PETAL,46.368028,6.300361,0, ,0.0,0.0,0.0,0.0,1,4640,0,0,0,0,0,0
TF,GG808,46.344722,6.265944,0, ,0.0,0.0,0.0,0.0,1,4000,0,0,0,0,0,0

FINAL,R22,22,R,2
IF,GG808,46.344722,6.265944, ,0.0,0.0,1,4000,0,0,0,0,2,0
TF,RW22,46.250361,6.127006,0, ,0.0,0.0,224.0,8.1,1,1423,0,0,0,0,3,1
TF,GG803,46.142917,5.969694,0, ,0.0,0.0,0.0,0.0,0,0,0,0,0,0,0,1
DF,SPR,46.468694,6.448056,1, ,0.0,0.0,2,7000,0,1,185,0,0,1

