SID,DIGI1E,21L,2
CA,0,206.0,2,3700,0,0,0,0,0,0
DF,ERH,38.462528,38.112139,1, ,0.0,0.0,2,5500,0,1,204,0,0,1
TF,ASKER,38.276944,38.784722,2, ,0.0,0.0,0.0,0.0,0,0,0,0,0,0,0,0
TF,DIGIL,38.195278,39.077222,0, ,0.0,0.0,0.0,0.0,0,0,0,0,0,0,0,0

SID,DIGI1E,21R,2
CA,0,206.0,2,3700,0,0,0,0,0,0
DF,ERH,38.462528,38.112139,1, ,0.0,0.0,2,5500,0,1,204,0,0,1
TF,ASKER,38.276944,38.784722,2, ,0.0,0.0,0.0,0.0,0,0,0,0,0,0,0,0
TF,DIGIL,38.195278,39.077222,0, ,0.0,0.0,0.0,0.0,0,0,0,0,0,0,0,0

SID,DIGI1F,03L,2
CA,0,26.0,2,5000,0,0,0,0,0,0
DF,ERH,38.462528,38.112139,1, ,0.0,0.0,2,7000,0,1,204,0,0,1
TF,ASKER,38.276944,38.784722,0, ,0.0,0.0,0.0,0.0,0,0,0,0,0,0,0,0
TF,DIGIL,38.195278,39.077222,0, ,0.0,0.0,0.0,0.0,0,0,0,0,0,0,0,0

SID,DIGI1F,03R,2
CA,0,26.0,2,5000,0,0,0,0,0,0
DF,ERH,38.462528,38.112139,1, ,0.0,0.0,2,7000,0,1,204,0,0,1
TF,ASKER,38.276944,38.784722,0, ,0.0,0.0,0.0,0.0,0,0,0,0,0,0,0,0
TF,DIGIL,38.195278,39.077222,0, ,0.0,0.0,0.0,0.0,0,0,0,0,0,0,0,0

SID,DIGI1M,21L,2
CA,0,206.0,2,3700,0,0,0,0,0,0
DF,ERH,38.462528,38.112139,1, ,0.0,0.0,2,5500,0,1,204,0,0,1
TF,ASKER,38.276944,38.784722,2, ,0.0,0.0,0.0,0.0,0,0,0,0,0,0,0,0
TF,DIGIL,38.195278,39.077222,0, ,0.0,0.0,0.0,0.0,0,0,0,0,0,0,0,0

SID,DIGI1M,21R,2
CA,0,206.0,2,3700,0,0,0,0,0,0
DF,ERH,38.462528,38.112139,1, ,0.0,0.0,2,5500,0,1,204,0,0,1
TF,ASKER,38.276944,38.784722,2, ,0.0,0.0,0.0,0.0,0,0,0,0,0,0,0,0
TF,DIGIL,38.195278,39.077222,0, ,0.0,0.0,0.0,0.0,0,0,0,0,0,0,0,0

SID,DIGI1N,03L,2
CA,0,26.0,2,5000,0,0,0,0,0,0
DF,ERH,38.462528,38.112139,1, ,0.0,0.0,2,7000,0,1,204,0,0,1
TF,ASKER,38.276944,38.784722,0, ,0.0,0.0,0.0,0.0,0,0,0,0,0,0,0,0
TF,DIGIL,38.195278,39.077222,0, ,0.0,0.0,0.0,0.0,0,0,0,0,0,0,0,0

SID,DIGI1N,03R,2
CA,0,26.0,2,5000,0,0,0,0,0,0
DF,ERH,38.462528,38.112139,1, ,0.0,0.0,2,7000,0,1,204,0,0,1
TF,ASKER,38.276944,38.784722,0, ,0.0,0.0,0.0,0.0,0,0,0,0,0,0,0,0
TF,DIGIL,38.195278,39.077222,0, ,0.0,0.0,0.0,0.0,0,0,0,0,0,0,0,0

SID,OKUD1E,21L,2
CA,0,206.0,2,3700,0,0,0,0,0,0
DF,ERH,38.462528,38.112139,1, ,0.0,0.0,2,5500,0,1,204,0,0,1
TF,ASKER,38.276944,38.784722,2, ,0.0,0.0,0.0,0.0,0,0,0,0,0,0,0,0
TF,OKUDU,38.501944,39.014444,0, ,0.0,0.0,0.0,0.0,0,0,0,0,0,0,0,0

SID,OKUD1E,21R,2
CA,0,206.0,2,3700,0,0,0,0,0,0
DF,ERH,38.462528,38.112139,1, ,0.0,0.0,2,5500,0,1,204,0,0,1
TF,ASKER,38.276944,38.784722,2, ,0.0,0.0,0.0,0.0,0,0,0,0,0,0,0,0
TF,OKUDU,38.501944,39.014444,0, ,0.0,0.0,0.0,0.0,0,0,0,0,0,0,0,0

SID,OKUD1F,03L,2
CA,0,26.0,2,5000,0,0,0,0,0,0
DF,ERH,38.462528,38.112139,1, ,0.0,0.0,2,7000,0,1,204,0,0,1
TF,ASKER,38.276944,38.784722,0, ,0.0,0.0,0.0,0.0,0,0,0,0,0,0,0,0
TF,OKUDU,38.501944,39.014444,0, ,0.0,0.0,0.0,0.0,0,0,0,0,0,0,0,0

SID,OKUD1F,03R,2
CA,0,26.0,2,5000,0,0,0,0,0,0
DF,ERH,38.462528,38.112139,1, ,0.0,0.0,2,7000,0,1,204,0,0,1
TF,ASKER,38.276944,38.784722,0, ,0.0,0.0,0.0,0.0,0,0,0,0,0,0,0,0
TF,OKUDU,38.501944,39.014444,0, ,0.0,0.0,0.0,0.0,0,0,0,0,0,0,0,0

SID,OKUD1M,21L,2
CA,0,206.0,2,3700,0,0,0,0,0,0
DF,ERH,38.462528,38.112139,1, ,0.0,0.0,2,5500,0,1,204,0,0,1
TF,ASKER,38.276944,38.784722,2, ,0.0,0.0,0.0,0.0,0,0,0,0,0,0,0,0
TF,OKUDU,38.501944,39.014444,0, ,0.0,0.0,0.0,0.0,0,0,0,0,0,0,0,0

SID,OKUD1M,21R,2
CA,0,206.0,2,3700,0,0,0,0,0,0
DF,ERH,38.462528,38.112139,1, ,0.0,0.0,2,5500,0,1,204,0,0,1
TF,ASKER,38.276944,38.784722,2, ,0.0,0.0,0.0,0.0,0,0,0,0,0,0,0,0
TF,OKUDU,38.501944,39.014444,0, ,0.0,0.0,0.0,0.0,0,0,0,0,0,0,0,0

SID,OKUD1N,03L,2
CA,0,26.0,2,5000,0,0,0,0,0,0
DF,ERH,38.462528,38.112139,1, ,0.0,0.0,2,7000,0,1,204,0,0,1
TF,ASKER,38.276944,38.784722,0, ,0.0,0.0,0.0,0.0,0,0,0,0,0,0,0,0
TF,OKUDU,38.501944,39.014444,0, ,0.0,0.0,0.0,0.0,0,0,0,0,0,0,0,0

SID,OKUD1N,03R,2
CA,0,26.0,2,5000,0,0,0,0,0,0
DF,ERH,38.462528,38.112139,1, ,0.0,0.0,2,7000,0,1,204,0,0,1
TF,ASKER,38.276944,38.784722,0, ,0.0,0.0,0.0,0.0,0,0,0,0,0,0,0,0
TF,OKUDU,38.501944,39.014444,0, ,0.0,0.0,0.0,0.0,0,0,0,0,0,0,0,0

SID,RASV1E,21L,2
CA,0,206.0,2,3700,0,0,0,0,0,0
DF,ERH,38.462528,38.112139,1, ,0.0,0.0,2,5500,0,1,204,0,0,1
TF,RASVA,37.498056,38.007778,1, ,0.0,0.0,0.0,0.0,0,0,0,0,0,0,0,0

SID,RASV1E,21R,2
CA,0,206.0,2,3700,0,0,0,0,0,0
DF,ERH,38.462528,38.112139,1, ,0.0,0.0,2,5500,0,1,204,0,0,1
TF,RASVA,37.498056,38.007778,1, ,0.0,0.0,0.0,0.0,0,0,0,0,0,0,0,0

SID,RASV1F,03L,2
CA,0,26.0,2,5000,0,0,0,0,0,0
DF,ERH,38.462528,38.112139,1, ,0.0,0.0,2,7000,0,1,204,0,0,1
TF,RASVA,37.498056,38.007778,0, ,0.0,0.0,0.0,0.0,0,0,0,0,0,0,0,0

SID,RASV1F,03R,2
CA,0,26.0,2,5000,0,0,0,0,0,0
DF,ERH,38.462528,38.112139,1, ,0.0,0.0,2,7000,0,1,204,0,0,1
TF,RASVA,37.498056,38.007778,0, ,0.0,0.0,0.0,0.0,0,0,0,0,0,0,0,0

SID,RASV1M,21L,2
CA,0,206.0,2,3700,0,0,0,0,0,0
DF,ERH,38.462528,38.112139,1, ,0.0,0.0,2,5500,0,1,204,0,0,1
TF,RASVA,37.498056,38.007778,1, ,0.0,0.0,0.0,0.0,0,0,0,0,0,0,0,0

SID,RASV1M,21R,2
CA,0,206.0,2,3700,0,0,0,0,0,0
DF,ERH,38.462528,38.112139,1, ,0.0,0.0,2,5500,0,1,204,0,0,1
TF,RASVA,37.498056,38.007778,1, ,0.0,0.0,0.0,0.0,0,0,0,0,0,0,0,0

SID,RASV1N,03L,2
CA,0,26.0,2,5000,0,0,0,0,0,0
DF,ERH,38.462528,38.112139,1, ,0.0,0.0,2,7000,0,1,204,0,0,1
TF,RASVA,37.498056,38.007778,0, ,0.0,0.0,0.0,0.0,0,0,0,0,0,0,0,0

SID,RASV1N,03R,2
CA,0,26.0,2,5000,0,0,0,0,0,0
DF,ERH,38.462528,38.112139,1, ,0.0,0.0,2,7000,0,1,204,0,0,1
TF,RASVA,37.498056,38.007778,0, ,0.0,0.0,0.0,0.0,0,0,0,0,0,0,0,0

SID,SONS1E,21L,2
CA,0,206.0,2,3700,0,0,0,0,0,0
DF,ERH,38.462528,38.112139,1, ,0.0,0.0,2,5500,0,1,204,0,0,1
TF,SONSU,37.879722,38.386519,1, ,0.0,0.0,0.0,0.0,0,0,0,0,0,0,0,0

SID,SONS1E,21R,2
CA,0,206.0,2,3700,0,0,0,0,0,0
DF,ERH,38.462528,38.112139,1, ,0.0,0.0,2,5500,0,1,204,0,0,1
TF,SONSU,37.879722,38.386519,1, ,0.0,0.0,0.0,0.0,0,0,0,0,0,0,0,0

SID,SONS1F,03L,2
CA,0,26.0,2,5000,0,0,0,0,0,0
DF,ERH,38.462528,38.112139,1, ,0.0,0.0,2,7000,0,1,204,0,0,1
TF,SONSU,37.879722,38.386519,0, ,0.0,0.0,0.0,0.0,0,0,0,0,0,0,0,0

SID,SONS1F,03R,2
CA,0,26.0,2,5000,0,0,0,0,0,0
DF,ERH,38.462528,38.112139,1, ,0.0,0.0,2,7000,0,1,204,0,0,1
TF,SONSU,37.879722,38.386519,0, ,0.0,0.0,0.0,0.0,0,0,0,0,0,0,0,0

SID,SONS1M,21L,2
CA,0,206.0,2,3700,0,0,0,0,0,0
DF,ERH,38.462528,38.112139,1, ,0.0,0.0,2,5500,0,1,204,0,0,1
TF,SONSU,37.879722,38.386519,1, ,0.0,0.0,0.0,0.0,0,0,0,0,0,0,0,0

SID,SONS1M,21R,2
CA,0,206.0,2,3700,0,0,0,0,0,0
DF,ERH,38.462528,38.112139,1, ,0.0,0.0,2,5500,0,1,204,0,0,1
TF,SONSU,37.879722,38.386519,1, ,0.0,0.0,0.0,0.0,0,0,0,0,0,0,0,0

SID,SONS1N,03L,2
CA,0,26.0,2,5000,0,0,0,0,0,0
DF,ERH,38.462528,38.112139,1, ,0.0,0.0,2,7000,0,1,204,0,0,1
TF,SONSU,37.879722,38.386519,0, ,0.0,0.0,0.0,0.0,0,0,0,0,0,0,0,0

SID,SONS1N,03R,2
CA,0,26.0,2,5000,0,0,0,0,0,0
DF,ERH,38.462528,38.112139,1, ,0.0,0.0,2,7000,0,1,204,0,0,1
TF,SONSU,37.879722,38.386519,0, ,0.0,0.0,0.0,0.0,0,0,0,0,0,0,0,0

SID,UREB1E,21L,2
CA,0,206.0,2,3700,0,0,0,0,0,0
DF,ERH,38.462528,38.112139,1, ,0.0,0.0,2,5500,0,1,204,0,0,1
TF,UREBO,38.789444,37.144167,0, ,0.0,0.0,0.0,0.0,0,0,0,0,0,0,0,0

SID,UREB1E,21R,2
CA,0,206.0,2,3700,0,0,0,0,0,0
DF,ERH,38.462528,38.112139,1, ,0.0,0.0,2,5500,0,1,204,0,0,1
TF,UREBO,38.789444,37.144167,0, ,0.0,0.0,0.0,0.0,0,0,0,0,0,0,0,0

SID,UREB1F,03L,2
CA,0,26.0,2,5000,0,0,0,0,0,0
DF,ERH,38.462528,38.112139,1, ,0.0,0.0,2,7000,0,1,204,0,0,1
TF,UREBO,38.789444,37.144167,2, ,0.0,0.0,0.0,0.0,0,0,0,0,0,0,0,0

SID,UREB1F,03R,2
CA,0,26.0,2,5000,0,0,0,0,0,0
DF,ERH,38.462528,38.112139,1, ,0.0,0.0,2,7000,0,1,204,0,0,1
TF,UREBO,38.789444,37.144167,2, ,0.0,0.0,0.0,0.0,0,0,0,0,0,0,0,0

SID,UREB1M,21L,2
CA,0,206.0,2,3700,0,0,0,0,0,0
DF,ERH,38.462528,38.112139,1, ,0.0,0.0,2,5500,0,1,204,0,0,1
TF,UREBO,38.789444,37.144167,0, ,0.0,0.0,0.0,0.0,0,0,0,0,0,0,0,0

SID,UREB1M,21R,2
CA,0,206.0,2,3700,0,0,0,0,0,0
DF,ERH,38.462528,38.112139,1, ,0.0,0.0,2,5500,0,1,204,0,0,1
TF,UREBO,38.789444,37.144167,0, ,0.0,0.0,0.0,0.0,0,0,0,0,0,0,0,0

SID,UREB1N,03L,2
CA,0,26.0,2,5000,0,0,0,0,0,0
DF,ERH,38.462528,38.112139,1, ,0.0,0.0,2,7000,0,1,204,0,0,1
TF,UREBO,38.789444,37.144167,2, ,0.0,0.0,0.0,0.0,0,0,0,0,0,0,0,0

SID,UREB1N,03R,2
CA,0,26.0,2,5000,0,0,0,0,0,0
DF,ERH,38.462528,38.112139,1, ,0.0,0.0,2,7000,0,1,204,0,0,1
TF,UREBO,38.789444,37.144167,2, ,0.0,0.0,0.0,0.0,0,0,0,0,0,0,0,0

STAR,DIGI1A,ALL,2
IF,DIGIL,38.195278,39.077222, ,0.0,0.0,0,0,0,0,0,0,0,0
TF,ASKER,38.276944,38.784722,0, ,0.0,0.0,0.0,0.0,0,0,0,0,0,0,0,0
TF,D103P,38.374711,38.432564,0, ,0.0,0.0,0.0,0.0,0,0,0,0,0,0,0,0
TF,D103J,38.407744,38.312494,0, ,0.0,0.0,0.0,0.0,0,0,0,0,0,0,0,0
TF,ERH,38.462528,38.112139,0, ,0.0,0.0,0.0,0.0,0,0,0,0,0,0,0,0

STAR,DIGI1B,ALL,2
IF,DIGIL,38.195278,39.077222, ,0.0,0.0,0,0,0,0,0,0,0,0
TF,ASKER,38.276944,38.784722,0, ,0.0,0.0,0.0,0.0,0,0,0,0,0,0,0,0
TF,D103Q,38.371400,38.446547,0, ,0.0,0.0,0.0,0.0,0,0,0,0,0,0,0,0
TF,D103K,38.404258,38.326467,0, ,0.0,0.0,0.0,0.0,0,0,0,0,0,0,0,0
TF,ERH,38.462528,38.112139,0, ,0.0,0.0,0.0,0.0,0,0,0,0,0,0,0,0

STAR,DIGI1C,ALL,2
IF,DIGIL,38.195278,39.077222, ,0.0,0.0,0,0,0,0,0,0,0,0
TF,ASKER,38.276944,38.784722,0, ,0.0,0.0,0.0,0.0,0,0,0,0,0,0,0,0
TF,D103P,38.374711,38.432564,0, ,0.0,0.0,0.0,0.0,0,0,0,0,0,0,0,0
TF,D103J,38.407744,38.312494,0, ,0.0,0.0,0.0,0.0,0,0,0,0,0,0,0,0
TF,ERH,38.462528,38.112139,0, ,0.0,0.0,0.0,0.0,0,0,0,0,0,0,0,0

STAR,DIGI1D,ALL,2
IF,DIGIL,38.195278,39.077222, ,0.0,0.0,0,0,0,0,0,0,0,0
TF,ASKER,38.276944,38.784722,0, ,0.0,0.0,0.0,0.0,0,0,0,0,0,0,0,0
TF,D103Q,38.371400,38.446547,0, ,0.0,0.0,0.0,0.0,0,0,0,0,0,0,0,0
TF,D103K,38.404258,38.326467,0, ,0.0,0.0,0.0,0.0,0,0,0,0,0,0,0,0
TF,ERH,38.462528,38.112139,0, ,0.0,0.0,0.0,0.0,0,0,0,0,0,0,0,0

STAR,OKUD1A,ALL,2
IF,OKUDU,38.501944,39.014444, ,0.0,0.0,0,0,0,0,0,0,0,0
TF,ASKER,38.276944,38.784722,0, ,0.0,0.0,0.0,0.0,0,0,0,0,0,0,0,0
TF,D103P,38.374711,38.432564,0, ,0.0,0.0,0.0,0.0,0,0,0,0,0,0,0,0
TF,D103J,38.407744,38.312494,0, ,0.0,0.0,0.0,0.0,0,0,0,0,0,0,0,0
TF,ERH,38.462528,38.112139,0, ,0.0,0.0,0.0,0.0,0,0,0,0,0,0,0,0

STAR,OKUD1B,ALL,2
IF,OKUDU,38.501944,39.014444, ,0.0,0.0,0,0,0,0,0,0,0,0
TF,ASKER,38.276944,38.784722,0, ,0.0,0.0,0.0,0.0,0,0,0,0,0,0,0,0
TF,D103Q,38.371400,38.446547,0, ,0.0,0.0,0.0,0.0,0,0,0,0,0,0,0,0
TF,D103K,38.404258,38.326467,0, ,0.0,0.0,0.0,0.0,0,0,0,0,0,0,0,0
TF,ERH,38.462528,38.112139,0, ,0.0,0.0,0.0,0.0,0,0,0,0,0,0,0,0

STAR,OKUD1C,ALL,2
IF,OKUDU,38.501944,39.014444, ,0.0,0.0,0,0,0,0,0,0,0,0
TF,ASKER,38.276944,38.784722,0, ,0.0,0.0,0.0,0.0,0,0,0,0,0,0,0,0
TF,D103P,38.374711,38.432564,0, ,0.0,0.0,0.0,0.0,0,0,0,0,0,0,0,0
TF,D103J,38.407744,38.312494,0, ,0.0,0.0,0.0,0.0,0,0,0,0,0,0,0,0
TF,ERH,38.462528,38.112139,0, ,0.0,0.0,0.0,0.0,0,0,0,0,0,0,0,0

STAR,OKUD1D,ALL,2
IF,OKUDU,38.501944,39.014444, ,0.0,0.0,0,0,0,0,0,0,0,0
TF,ASKER,38.276944,38.784722,0, ,0.0,0.0,0.0,0.0,0,0,0,0,0,0,0,0
TF,D103Q,38.371400,38.446547,0, ,0.0,0.0,0.0,0.0,0,0,0,0,0,0,0,0
TF,D103K,38.404258,38.326467,0, ,0.0,0.0,0.0,0.0,0,0,0,0,0,0,0,0
TF,ERH,38.462528,38.112139,0, ,0.0,0.0,0.0,0.0,0,0,0,0,0,0,0,0

STAR,RASV1A,ALL,2
IF,RASVA,37.498056,38.007778, ,0.0,0.0,0,0,0,0,0,0,0,0
TF,ERH40,37.797569,38.039892,0, ,0.0,0.0,0.0,0.0,0,0,0,0,0,0,0,0
TF,ERH16,38.196558,38.083081,0, ,0.0,0.0,0.0,0.0,0,0,0,0,0,0,0,0
TF,ERH10,38.296297,38.093953,0, ,0.0,0.0,0.0,0.0,0,0,0,0,0,0,0,0
TF,ERH,38.462528,38.112139,0, ,0.0,0.0,0.0,0.0,0,0,0,0,0,0,0,0

STAR,RASV1B,ALL,2
IF,RASVA,37.498056,38.007778, ,0.0,0.0,0,0,0,0,0,0,0,0
TF,SONSU,37.879722,38.386519,0, ,0.0,0.0,0.0,0.0,0,0,0,0,0,0,0,0
TF,ER16A,38.212378,38.230481,0, ,0.0,0.0,0.0,0.0,0,0,0,0,0,0,0,0
TF,ER10A,38.306197,38.186197,0, ,0.0,0.0,0.0,0.0,0,0,0,0,0,0,0,0
TF,ERH,38.462528,38.112139,0, ,0.0,0.0,0.0,0.0,0,0,0,0,0,0,0,0

STAR,RASV1C,ALL,2
IF,RASVA,37.498056,38.007778, ,0.0,0.0,0,0,0,0,0,0,0,0
TF,ERH41,37.776208,38.021258,0, ,0.0,0.0,0.0,0.0,0,0,0,0,0,0,0,0
TF,D180P,38.194492,38.076442,0, ,0.0,0.0,0.0,0.0,0,0,0,0,0,0,0,0
TF,D180J,38.293172,38.089553,0, ,0.0,0.0,0.0,0.0,0,0,0,0,0,0,0,0
TF,ERH,38.462528,38.112139,0, ,0.0,0.0,0.0,0.0,0,0,0,0,0,0,0,0

STAR,RASV1D,ALL,2
IF,RASVA,37.498056,38.007778, ,0.0,0.0,0,0,0,0,0,0,0,0
TF,SONSU,37.879722,38.386519,0, ,0.0,0.0,0.0,0.0,0,0,0,0,0,0,0,0
TF,D154P,38.204742,38.231019,0, ,0.0,0.0,0.0,0.0,0,0,0,0,0,0,0,0
TF,D154J,38.298192,38.188028,0, ,0.0,0.0,0.0,0.0,0,0,0,0,0,0,0,0
TF,ERH,38.462528,38.112139,0, ,0.0,0.0,0.0,0.0,0,0,0,0,0,0,0,0

STAR,RASV1G,ALL,2
IF,RASVA,37.498056,38.007778, ,0.0,0.0,0,0,0,0,0,0,0,0
TF,ERH36,37.864072,38.047058,0, ,0.0,0.0,0.0,0.0,0,0,0,0,0,0,0,0
TF,D180Y,38.046942,38.066831,0, ,0.0,0.0,0.0,0.0,0,0,0,0,0,0,0,0
TF,ERH16,38.196558,38.083081,0, ,0.0,0.0,0.0,0.0,0,0,0,0,0,0,0,0
TF,ERH10,38.296297,38.093953,0, ,0.0,0.0,0.0,0.0,0,0,0,0,0,0,0,0
TF,ERH,38.462528,38.112139,0, ,0.0,0.0,0.0,0.0,0,0,0,0,0,0,0,0

STAR,RASV1H,ALL,2
IF,RASVA,37.498056,38.007778, ,0.0,0.0,0,0,0,0,0,0,0,0
TF,SONSU,37.879722,38.386519,0, ,0.0,0.0,0.0,0.0,0,0,0,0,0,0,0,0
TF,D154Y,38.071611,38.296694,0, ,0.0,0.0,0.0,0.0,0,0,0,0,0,0,0,0
TF,ER16A,38.212378,38.230481,0, ,0.0,0.0,0.0,0.0,0,0,0,0,0,0,0,0
TF,ER10A,38.306197,38.186197,0, ,0.0,0.0,0.0,0.0,0,0,0,0,0,0,0,0
TF,ERH,38.462528,38.112139,0, ,0.0,0.0,0.0,0.0,0,0,0,0,0,0,0,0

STAR,RASV1K,ALL,2
IF,RASVA,37.498056,38.007778, ,0.0,0.0,0,0,0,0,0,0,0,0
TF,ERH37,37.842619,38.029978,0, ,0.0,0.0,0.0,0.0,0,0,0,0,0,0,0,0
TF,D180Z,38.025289,38.054042,0, ,0.0,0.0,0.0,0.0,0,0,0,0,0,0,0,0
TF,D180P,38.194492,38.076442,0, ,0.0,0.0,0.0,0.0,0,0,0,0,0,0,0,0
TF,D180J,38.293172,38.089553,0, ,0.0,0.0,0.0,0.0,0,0,0,0,0,0,0,0
TF,ERH,38.462528,38.112139,0, ,0.0,0.0,0.0,0.0,0,0,0,0,0,0,0,0

STAR,RASV1L,ALL,2
IF,RASVA,37.498056,38.007778, ,0.0,0.0,0,0,0,0,0,0,0,0
TF,SONSU,37.879722,38.386519,0, ,0.0,0.0,0.0,0.0,0,0,0,0,0,0,0,0
TF,D154Z,38.059322,38.297683,0, ,0.0,0.0,0.0,0.0,0,0,0,0,0,0,0,0
TF,D154P,38.204742,38.231019,0, ,0.0,0.0,0.0,0.0,0,0,0,0,0,0,0,0
TF,D154J,38.298192,38.188028,0, ,0.0,0.0,0.0,0.0,0,0,0,0,0,0,0,0
TF,ERH,38.462528,38.112139,0, ,0.0,0.0,0.0,0.0,0,0,0,0,0,0,0,0

STAR,SONS1A,ALL,2
IF,SONSU,37.879722,38.386519, ,0.0,0.0,0,0,0,0,0,0,0,0
TF,ER16A,38.212378,38.230481,0, ,0.0,0.0,0.0,0.0,0,0,0,0,0,0,0,0
TF,ER10A,38.306197,38.186197,0, ,0.0,0.0,0.0,0.0,0,0,0,0,0,0,0,0
TF,ERH,38.462528,38.112139,0, ,0.0,0.0,0.0,0.0,0,0,0,0,0,0,0,0

STAR,SONS1B,ALL,2
IF,SONSU,37.879722,38.386519, ,0.0,0.0,0,0,0,0,0,0,0,0
TF,D154P,38.204742,38.231019,0, ,0.0,0.0,0.0,0.0,0,0,0,0,0,0,0,0
TF,D154J,38.298192,38.188028,0, ,0.0,0.0,0.0,0.0,0,0,0,0,0,0,0,0
TF,ERH,38.462528,38.112139,0, ,0.0,0.0,0.0,0.0,0,0,0,0,0,0,0,0

STAR,SONS1C,ALL,2
IF,SONSU,37.879722,38.386519, ,0.0,0.0,0,0,0,0,0,0,0,0
TF,D154Y,38.071611,38.296694,0, ,0.0,0.0,0.0,0.0,0,0,0,0,0,0,0,0
TF,ER16A,38.212378,38.230481,0, ,0.0,0.0,0.0,0.0,0,0,0,0,0,0,0,0
TF,ER10A,38.306197,38.186197,0, ,0.0,0.0,0.0,0.0,0,0,0,0,0,0,0,0
TF,ERH,38.462528,38.112139,0, ,0.0,0.0,0.0,0.0,0,0,0,0,0,0,0,0

STAR,SONS1D,ALL,2
IF,SONSU,37.879722,38.386519, ,0.0,0.0,0,0,0,0,0,0,0,0
TF,D154Z,38.059322,38.297683,0, ,0.0,0.0,0.0,0.0,0,0,0,0,0,0,0,0
TF,D154P,38.204742,38.231019,0, ,0.0,0.0,0.0,0.0,0,0,0,0,0,0,0,0
TF,D154J,38.298192,38.188028,0, ,0.0,0.0,0.0,0.0,0,0,0,0,0,0,0,0
TF,ERH,38.462528,38.112139,0, ,0.0,0.0,0.0,0.0,0,0,0,0,0,0,0,0

STAR,UREB1A,ALL,2
IF,UREBO,38.789444,37.144167, ,0.0,0.0,0,0,0,0,0,0,0,0
TF,ERH42,38.740139,37.292256,0, ,0.0,0.0,0.0,0.0,0,0,0,0,0,0,0,0
TF,D288P,38.568961,37.800547,0, ,0.0,0.0,0.0,0.0,0,0,0,0,0,0,0,0
TF,D288J,38.529147,37.917500,0, ,0.0,0.0,0.0,0.0,0,0,0,0,0,0,0,0
TF,ERH,38.462528,38.112139,0, ,0.0,0.0,0.0,0.0,0,0,0,0,0,0,0,0

STAR,UREB1B,ALL,2
IF,UREBO,38.789444,37.144167, ,0.0,0.0,0,0,0,0,0,0,0,0
TF,D288Z,38.634892,37.615556,0, ,0.0,0.0,0.0,0.0,0,0,0,0,0,0,0,0
TF,D288O,38.566300,37.814183,0, ,0.0,0.0,0.0,0.0,0,0,0,0,0,0,0,0
TF,D288I,38.525881,37.930600,0, ,0.0,0.0,0.0,0.0,0,0,0,0,0,0,0,0
TF,ERH,38.462528,38.112139,0, ,0.0,0.0,0.0,0.0,0,0,0,0,0,0,0,0

STAR,UREB1C,ALL,2
IF,UREBO,38.789444,37.144167, ,0.0,0.0,0,0,0,0,0,0,0,0
TF,D288Y,38.628467,37.624875,0, ,0.0,0.0,0.0,0.0,0,0,0,0,0,0,0,0
TF,D288P,38.568961,37.800547,0, ,0.0,0.0,0.0,0.0,0,0,0,0,0,0,0,0
TF,D288J,38.529147,37.917500,0, ,0.0,0.0,0.0,0.0,0,0,0,0,0,0,0,0
TF,ERH,38.462528,38.112139,0, ,0.0,0.0,0.0,0.0,0,0,0,0,0,0,0,0

STAR,UREB1D,ALL,2
IF,UREBO,38.789444,37.144167, ,0.0,0.0,0,0,0,0,0,0,0,0
TF,D288Z,38.634892,37.615556,0, ,0.0,0.0,0.0,0.0,0,0,0,0,0,0,0,0
TF,D288O,38.566300,37.814183,0, ,0.0,0.0,0.0,0.0,0,0,0,0,0,0,0,0
TF,D288I,38.525881,37.930600,0, ,0.0,0.0,0.0,0.0,0,0,0,0,0,0,0,0
TF,ERH,38.462528,38.112139,0, ,0.0,0.0,0.0,0.0,0,0,0,0,0,0,0,0

APPTR,D21L,21L,ERH1
IF,ERH,38.462528,38.112139, ,0.0,0.0,2,7700,0,1,185,0,0,0
FD,ERH,38.462528,38.112139,0,ERH,0.0,9.0,44.0,9.0,2,5500,0,0,0,0,0,0
CF,FF21L,38.568611,38.196597,1,ERH,26.0,7.5,206.0,2.0,2,5500,0,0,0,0,0,0

APPTR,D21L,21L,ERH2
IF,ERH,38.462528,38.112139, ,0.0,0.0,2,7700,0,1,185,0,0,0
FD,ERH,38.462528,38.112139,0,ERH,0.0,9.0,37.0,9.0,2,5500,0,0,0,0,0,0
CF,FF21L,38.568611,38.196597,1,ERH,26.0,7.5,206.0,2.0,2,5500,0,0,0,0,0,0

FINAL,D21L,21L,D,3
IF,FF21L,38.568611,38.196597,ERH,26.0,7.5,2,5500,0,0,0,0,2,0
CF,30DM2,38.504969,38.145892,0,ERH,26.0,3.0,206.0,4.5,2,4080,0,0,0,0,0,0
CF,MD21L,38.468186,38.116636,0,ERH,26.0,0.4,206.0,2.6,1,3256,0,0,0,0,3,0
FA,MD21L,38.468186,38.116636,0,ERH,0.0,0.0,206.0,2,3700,0,0,0,0,0,0
DF,ERH,38.462528,38.112139,1, ,0.0,0.0,1,7700,0,1,185,0,0,0
HM,ERH,38.462528,38.112139,2, ,0.0,0.0,26.0,04.3,2,7700,0,1,230,0,0,0,0

APPTR,D21R,21R,ERH1
IF,ERH,38.462528,38.112139, ,0.0,0.0,2,7700,0,1,185,0,0,0
FD,ERH,38.462528,38.112139,0,ERH,0.0,9.0,39.0,9.0,2,5500,0,0,0,0,0,0
CF,FF21R,38.573994,38.184500,1,ERH,21.0,7.5,201.0,2.0,2,5500,0,0,0,0,0,0

APPTR,D21R,21R,ERH2
IF,ERH,38.462528,38.112139, ,0.0,0.0,2,7700,0,1,185,0,0,0
FD,ERH,38.462528,38.112139,0,ERH,0.0,9.0,32.0,9.0,2,5500,0,0,0,0,0,0
CF,FF21R,38.573994,38.184500,1,ERH,21.0,7.5,201.0,2.0,2,5500,0,0,0,0,0,0

FINAL,D21R,21R,D,3
IF,FF21R,38.573994,38.184500,ERH,21.0,7.5,2,5500,0,0,0,0,2,0
CF,30DME,38.507119,38.141056,0,ERH,21.0,3.0,201.0,4.5,2,4080,0,0,0,0,0,0
CF,MD21R,38.468472,38.115992,0,ERH,21.0,0.4,201.0,2.6,1,3257,0,0,0,0,3,0
CF,ERH,38.462528,38.112139,0,ERH,0.0,0.0,201.0,0.4,0,0,0,0,0,0,0,0
FA,ERH,38.462528,38.112139,0,ERH,0.0,0.0,206.0,2,3700,0,1,185,0,0,0
DF,ERH,38.462528,38.112139,1, ,0.0,0.0,1,7700,0,0,0,0,0,0
HM,ERH,38.462528,38.112139,2, ,0.0,0.0,26.0,04.3,2,7700,0,1,230,0,0,0,0

APPTR,I21LX,21L,ERH1
IF,ERH,38.462528,38.112139, ,0.0,0.0,2,7700,0,0,0,0,0,0
FD,ERH,38.462528,38.112139,0,ERH,0.0,9.0,44.0,9.0,2,5500,0,1,185,0,0,0
CF,CI21L,38.590539,38.212222,1,IMLY,25.5,12.0,206.0,1.0,2,5500,0,0,0,0,0,0

APPTR,I21LX,21L,ERH2
IF,ERH,38.462528,38.112139, ,0.0,0.0,2,7700,0,0,0,0,0,0
FD,ERH,38.462528,38.112139,0,ERH,0.0,9.0,37.0,9.0,2,5500,0,1,185,0,0,0
CF,CI21L,38.590539,38.212222,1,IMLY,25.5,12.0,206.0,1.0,2,5500,0,0,0,0,0,0

FINAL,I21LX,21L,I,3
IF,CI21L,38.590539,38.212222,IMLY,25.5,12.0,2,5500,0,0,0,0,0,0
CF,FI21L,38.569217,38.195531,0,IMLY,25.5,10.5,206.0,1.5,1,5500,0,0,0,0,2,0
CF,RW21L,38.448211,38.101031,0,IMLY,25.5,2.0,206.0,8.5,1,2808,0,0,0,0,3,0
FA,RW21L,38.448211,38.101031,0,ERH,0.0,0.0,206.0,2,3700,0,0,0,0,0,0
DF,ERH,38.462528,38.112139,1, ,0.0,0.0,1,7700,0,1,185,0,0,0
HM,ERH,38.462528,38.112139,2, ,0.0,0.0,26.0,04.3,2,7700,0,1,230,0,0,0,0

APPTR,I21LY,21L,ERH1
IF,ERH,38.462528,38.112139, ,0.0,0.0,2,7700,0,0,0,0,0,0
FD,ERH,38.462528,38.112139,0,ERH,0.0,9.0,44.0,9.0,2,5500,0,1,185,0,0,0
CF,CI21L,38.590539,38.212222,1,IMLY,25.5,12.0,206.0,1.0,2,5500,0,0,0,0,0,0

APPTR,I21LY,21L,ERH2
IF,ERH,38.462528,38.112139, ,0.0,0.0,2,7700,0,0,0,0,0,0
FD,ERH,38.462528,38.112139,0,ERH,0.0,9.0,37.0,9.0,2,5500,0,1,185,0,0,0
CF,CI21L,38.590539,38.212222,1,IMLY,25.5,12.0,206.0,1.0,2,5500,0,0,0,0,0,0

FINAL,I21LY,21L,I,3
IF,CI21L,38.590539,38.212222,IMLY,25.5,12.0,2,5500,0,0,0,0,0,0
CF,FI21L,38.569217,38.195531,0,IMLY,25.5,10.5,206.0,1.5,1,5500,0,0,0,0,2,0
CF,RW21L,38.448211,38.101031,0,IMLY,25.5,2.0,206.0,8.5,1,2808,0,0,0,0,3,0
FA,RW21L,38.448211,38.101031,0,ERH,0.0,0.0,206.0,2,3700,0,0,0,0,0,0
DF,ERH,38.462528,38.112139,1, ,0.0,0.0,1,7700,0,1,185,0,0,0
HM,ERH,38.462528,38.112139,2, ,0.0,0.0,26.0,04.3,2,7700,0,1,230,0,0,0,0

APPTR,Q03LB,03L,ERH1
IF,ERH,38.462528,38.112139, ,0.0,0.0,2,7700,0,0,0,0,0,0
FC,ERH,38.462528,38.112139,0,ERH,0.0,0.0,48.0,7.0,2,5500,0,1,185,0,0,1
CF,FF206,38.561542,38.190958,1,ERH,26.0,7.0,206.0,1.0,2,5500,0,0,0,0,0,0

APPTR,Q03LB,03L,ERH2
IF,ERH,38.462528,38.112139, ,0.0,0.0,2,7700,0,0,0,0,0,0
FC,ERH,38.462528,38.112139,0,ERH,0.0,0.0,38.0,7.0,2,5500,0,1,185,0,0,1
CF,FF206,38.561542,38.190958,1,ERH,26.0,7.0,206.0,1.0,2,5500,0,0,0,0,0,0

FINAL,Q03LB,03L,N,2
IF,FF206,38.561542,38.190958,ERH,0.0,0.0,2,5500,0,0,0,0,2,0
CF,ERH,38.462528,38.112139,0,ERH,0.0,0.0,206.0,7.0,1,3900,0,0,0,0,3,0
FA,ERH,38.462528,38.112139,0,ERH,0.0,0.0,206.0,2,4300,0,0,0,0,0,0
DF,ERH,38.462528,38.112139,1, ,0.0,0.0,1,7700,0,1,185,0,0,0
HM,ERH,38.462528,38.112139,2, ,0.0,0.0,26.0,04.3,2,7700,0,1,230,0,0,0,0

APPTR,Q03RB,03R,ERH1
IF,ERH,38.462528,38.112139, ,0.0,0.0,2,7700,0,0,0,0,0,0
FC,ERH,38.462528,38.112139,0,ERH,0.0,0.0,48.0,7.0,2,5500,0,1,185,0,0,1
CF,FF206,38.561542,38.190958,1,ERH,26.0,7.0,206.0,1.0,2,5500,0,0,0,0,0,0

APPTR,Q03RB,03R,ERH2
IF,ERH,38.462528,38.112139, ,0.0,0.0,2,7700,0,0,0,0,0,0
FC,ERH,38.462528,38.112139,0,ERH,0.0,0.0,38.0,7.0,2,5500,0,1,185,0,0,1
CF,FF206,38.561542,38.190958,1,ERH,26.0,7.0,206.0,1.0,2,5500,0,0,0,0,0,0

FINAL,Q03RB,03R,N,2
IF,FF206,38.561542,38.190958,ERH,0.0,0.0,2,5500,0,0,0,0,2,0
CF,ERH,38.462528,38.112139,0,ERH,0.0,0.0,206.0,7.0,1,3900,0,0,0,0,3,0
FA,ERH,38.462528,38.112139,0,ERH,0.0,0.0,206.0,2,4300,0,0,0,0,0,0
DF,ERH,38.462528,38.112139,1, ,0.0,0.0,1,7700,0,1,185,0,0,0
HM,ERH,38.462528,38.112139,2, ,0.0,0.0,26.0,04.3,2,7700,0,1,230,0,0,0,0

APPTR,Q21L,21L,ERH1
IF,ERH,38.462528,38.112139, ,0.0,0.0,2,7700,0,1,185,0,0,0
FD,ERH,38.462528,38.112139,0,ERH,0.0,9.0,44.0,9.0,2,5500,0,0,0,0,0,0
CF,FF21L,38.568611,38.196597,1,ERH,26.0,7.5,206.0,2.0,2,5500,0,0,0,0,0,0

APPTR,Q21L,21L,ERH2
IF,ERH,38.462528,38.112139, ,0.0,0.0,2,7700,0,1,185,0,0,0
FD,ERH,38.462528,38.112139,0,ERH,0.0,9.0,37.0,9.0,2,5500,0,0,0,0,0,0
CF,FF21L,38.568611,38.196597,1,ERH,26.0,7.5,206.0,2.0,2,5500,0,0,0,0,0,0

FINAL,Q21L,21L,N,3
IF,FF21L,38.568611,38.196597,ERH,0.0,0.0,2,5500,0,0,0,0,2,0
CF,30DM2,38.504969,38.145892,0,ERH,0.0,0.0,206.0,4.5,2,4080,0,0,0,0,0,0
CF,MQ21L,38.469600,38.117761,0,ERH,0.0,0.5,206.0,2.5,1,3288,0,0,0,0,3,0
FA,MQ21L,38.469600,38.117761,0,ERH,0.0,0.0,206.0,2,3700,0,0,0,0,0,0
DF,ERH,38.462528,38.112139,1, ,0.0,0.0,1,7700,0,1,185,0,0,0
HM,ERH,38.462528,38.112139,2, ,0.0,0.0,26.0,04.3,2,7700,0,1,230,0,0,0,0

APPTR,Q21LB,21L,ERH1
IF,ERH,38.462528,38.112139, ,0.0,0.0,2,7700,0,0,0,0,0,0
FC,ERH,38.462528,38.112139,0,ERH,0.0,0.0,48.0,7.0,2,5500,0,1,185,0,0,1
CF,FF206,38.561542,38.190958,1,ERH,26.0,7.0,206.0,1.0,2,5500,0,0,0,0,0,0

APPTR,Q21LB,21L,ERH2
IF,ERH,38.462528,38.112139, ,0.0,0.0,2,7700,0,0,0,0,0,0
FC,ERH,38.462528,38.112139,0,ERH,0.0,0.0,38.0,7.0,2,5500,0,1,185,0,0,1
CF,FF206,38.561542,38.190958,1,ERH,26.0,7.0,206.0,1.0,2,5500,0,0,0,0,0,0

FINAL,Q21LB,21L,N,2
IF,FF206,38.561542,38.190958,ERH,0.0,0.0,2,5500,0,0,0,0,2,0
CF,ERH,38.462528,38.112139,0,ERH,0.0,0.0,206.0,7.0,1,3900,0,0,0,0,3,0
FA,ERH,38.462528,38.112139,0,ERH,0.0,0.0,206.0,2,4300,0,0,0,0,0,0
DF,ERH,38.462528,38.112139,1, ,0.0,0.0,1,7700,0,1,185,0,0,0
HM,ERH,38.462528,38.112139,2, ,0.0,0.0,26.0,04.3,2,7700,0,1,230,0,0,0,0

APPTR,Q21R,21R,ERH1
IF,ERH,38.462528,38.112139, ,0.0,0.0,2,7700,0,1,185,0,0,0
FD,ERH,38.462528,38.112139,0,ERH,0.0,9.0,39.0,9.0,2,5500,0,0,0,0,0,0
CF,FF21R,38.573994,38.184500,1,ERH,21.0,7.5,201.0,2.0,2,5500,0,0,0,0,0,0

APPTR,Q21R,21R,ERH2
IF,ERH,38.462528,38.112139, ,0.0,0.0,2,7700,0,1,185,0,0,0
FD,ERH,38.462528,38.112139,0,ERH,0.0,9.0,32.0,9.0,2,5500,0,0,0,0,0,0
CF,FF21R,38.573994,38.184500,1,ERH,21.0,7.5,201.0,2.0,2,5500,0,0,0,0,0,0

FINAL,Q21R,21R,N,3
IF,FF21R,38.573994,38.184500,ERH,0.0,0.0,2,5500,0,0,0,0,2,0
CF,30DME,38.507119,38.141056,0,ERH,0.0,0.0,201.0,4.5,2,4080,0,0,0,0,0,0
CF,MQ21R,38.469958,38.116956,0,ERH,0.0,0.5,201.0,2.5,1,3289,0,0,0,0,3,0
CF,ERH,38.462528,38.112139,0,ERH,0.0,0.0,201.0,0.5,0,0,0,0,0,0,0,0
FA,ERH,38.462528,38.112139,0,ERH,0.0,0.0,206.0,2,3700,0,1,185,0,0,0
DF,ERH,38.462528,38.112139,1, ,0.0,0.0,1,7700,0,0,0,0,0,0
HM,ERH,38.462528,38.112139,2, ,0.0,0.0,26.0,04.3,2,7700,0,1,230,0,0,0,0

APPTR,Q21RB,21R,ERH1
IF,ERH,38.462528,38.112139, ,0.0,0.0,2,7700,0,0,0,0,0,0
FC,ERH,38.462528,38.112139,0,ERH,0.0,0.0,48.0,7.0,2,5500,0,1,185,0,0,1
CF,FF206,38.561542,38.190958,1,ERH,26.0,7.0,206.0,1.0,2,5500,0,0,0,0,0,0

APPTR,Q21RB,21R,ERH2
IF,ERH,38.462528,38.112139, ,0.0,0.0,2,7700,0,0,0,0,0,0
FC,ERH,38.462528,38.112139,0,ERH,0.0,0.0,38.0,7.0,2,5500,0,1,185,0,0,1
CF,FF206,38.561542,38.190958,1,ERH,26.0,7.0,206.0,1.0,2,5500,0,0,0,0,0,0

FINAL,Q21RB,21R,N,2
IF,FF206,38.561542,38.190958,ERH,0.0,0.0,2,5500,0,0,0,0,2,0
CF,ERH,38.462528,38.112139,0,ERH,0.0,0.0,206.0,7.0,1,3900,0,0,0,0,3,0
FA,ERH,38.462528,38.112139,0,ERH,0.0,0.0,206.0,2,4300,0,0,0,0,0,0
DF,ERH,38.462528,38.112139,1, ,0.0,0.0,1,7700,0,1,185,0,0,0
HM,ERH,38.462528,38.112139,2, ,0.0,0.0,26.0,04.3,2,7700,0,1,230,0,0,0,0

APPTR,R03LR,03L,ERH1
IF,ERH,38.462528,38.112139, ,0.0,0.0,2,7700,0,0,0,0,0,0
FC,ERH,38.462528,38.112139,0,ERH,0.0,0.0,48.0,7.0,2,5500,0,1,185,0,0,1
CF,FF206,38.561542,38.190958,1,ERH,26.0,7.0,206.0,1.0,2,5500,0,0,0,0,0,0

APPTR,R03LR,03L,ERH2
IF,ERH,38.462528,38.112139, ,0.0,0.0,2,7700,0,0,0,0,0,0
FC,ERH,38.462528,38.112139,0,ERH,0.0,0.0,38.0,7.0,2,5500,0,1,185,0,0,1
CF,FF206,38.561542,38.190958,1,ERH,26.0,7.0,206.0,1.0,2,5500,0,0,0,0,0,0

FINAL,R03LR,03L,R,2
IF,FF206,38.561542,38.190958,ERH,26.0,7.0,2,5500,0,0,0,0,2,0
CF,ERH,38.462528,38.112139,0,ERH,0.0,0.0,206.0,7.0,1,3900,0,0,0,0,3,0
FA,ERH,38.462528,38.112139,0,ERH,0.0,0.0,206.0,2,4300,0,0,0,0,0,0
DF,ERH,38.462528,38.112139,1, ,0.0,0.0,1,7700,0,1,185,0,0,0
HM,ERH,38.462528,38.112139,2, ,0.0,0.0,26.0,04.3,2,7700,0,1,230,0,0,0,0

APPTR,R03RR,03R,ERH1
IF,ERH,38.462528,38.112139, ,0.0,0.0,2,7700,0,0,0,0,0,0
FC,ERH,38.462528,38.112139,0,ERH,0.0,0.0,48.0,7.0,2,5500,0,1,185,0,0,1
CF,FF206,38.561542,38.190958,1,ERH,26.0,7.0,206.0,1.0,2,5500,0,0,0,0,0,0

APPTR,R03RR,03R,ERH2
IF,ERH,38.462528,38.112139, ,0.0,0.0,2,7700,0,0,0,0,0,0
FC,ERH,38.462528,38.112139,0,ERH,0.0,0.0,38.0,7.0,2,5500,0,1,185,0,0,1
CF,FF206,38.561542,38.190958,1,ERH,26.0,7.0,206.0,1.0,2,5500,0,0,0,0,0,0

FINAL,R03RR,03R,R,2
IF,FF206,38.561542,38.190958,ERH,26.0,7.0,2,5500,0,0,0,0,2,0
CF,ERH,38.462528,38.112139,0,ERH,0.0,0.0,206.0,7.0,1,3900,0,0,0,0,3,0
FA,ERH,38.462528,38.112139,0,ERH,0.0,0.0,206.0,2,4300,0,0,0,0,0,0
DF,ERH,38.462528,38.112139,1, ,0.0,0.0,1,7700,0,1,185,0,0,0
HM,ERH,38.462528,38.112139,2, ,0.0,0.0,26.0,04.3,2,7700,0,1,230,0,0,0,0

APPTR,R21LR,21L,ERH1
IF,ERH,38.462528,38.112139, ,0.0,0.0,2,7700,0,0,0,0,0,0
FC,ERH,38.462528,38.112139,0,ERH,0.0,0.0,48.0,7.0,2,5500,0,1,185,0,0,1
CF,FF206,38.561542,38.190958,1,ERH,26.0,7.0,206.0,1.0,2,5500,0,0,0,0,0,0

APPTR,R21LR,21L,ERH2
IF,ERH,38.462528,38.112139, ,0.0,0.0,2,7700,0,0,0,0,0,0
FC,ERH,38.462528,38.112139,0,ERH,0.0,0.0,38.0,7.0,2,5500,0,1,185,0,0,1
CF,FF206,38.561542,38.190958,1,ERH,26.0,7.0,206.0,1.0,2,5500,0,0,0,0,0,0

FINAL,R21LR,21L,R,2
IF,FF206,38.561542,38.190958,ERH,26.0,7.0,2,5500,0,0,0,0,2,0
CF,ERH,38.462528,38.112139,0,ERH,0.0,0.0,206.0,7.0,1,3900,0,0,0,0,3,0
FA,ERH,38.462528,38.112139,0,ERH,0.0,0.0,206.0,2,4300,0,0,0,0,0,0
DF,ERH,38.462528,38.112139,1, ,0.0,0.0,1,7700,0,1,185,0,0,0
HM,ERH,38.462528,38.112139,2, ,0.0,0.0,26.0,04.3,2,7700,0,1,230,0,0,0,0

APPTR,R21RR,21R,ERH1
IF,ERH,38.462528,38.112139, ,0.0,0.0,2,7700,0,0,0,0,0,0
FC,ERH,38.462528,38.112139,0,ERH,0.0,0.0,48.0,7.0,2,5500,0,1,185,0,0,1
CF,FF206,38.561542,38.190958,1,ERH,26.0,7.0,206.0,1.0,2,5500,0,0,0,0,0,0

APPTR,R21RR,21R,ERH2
IF,ERH,38.462528,38.112139, ,0.0,0.0,2,7700,0,0,0,0,0,0
FC,ERH,38.462528,38.112139,0,ERH,0.0,0.0,38.0,7.0,2,5500,0,1,185,0,0,1
CF,FF206,38.561542,38.190958,1,ERH,26.0,7.0,206.0,1.0,2,5500,0,0,0,0,0,0

FINAL,R21RR,21R,R,2
IF,FF206,38.561542,38.190958,ERH,26.0,7.0,2,5500,0,0,0,0,2,0
CF,ERH,38.462528,38.112139,0,ERH,0.0,0.0,206.0,7.0,1,3900,0,0,0,0,3,0
FA,ERH,38.462528,38.112139,0,ERH,0.0,0.0,206.0,2,4300,0,0,0,0,0,0
DF,ERH,38.462528,38.112139,1, ,0.0,0.0,1,7700,0,1,185,0,0,0
HM,ERH,38.462528,38.112139,2, ,0.0,0.0,26.0,04.3,2,7700,0,1,230,0,0,0,0

