SID,EKHA1G,03R,5
CF,DB710,36.976975,35.136311,0,CKR,24.5,6.5,26.0,5.0,0,0,0,1,210,0,0,0
TF,ADA,36.940583,35.210389,0, ,0.0,0.0,0.0,0.0,0,0,0,0,0,0,0,0
TF,EKHAS,36.710433,35.644686,0, ,0.0,0.0,0.0,0.0,0,0,0,0,0,0,0,0

SID,EKHA1J,21L,5
CF,DB410,36.807139,35.006986,0,CKR,206.6,5.5,206.0,5.0,0,0,0,1,210,0,0,0
TF,DB430,36.765339,35.091947,0, ,0.0,0.0,0.0,0.0,0,0,0,0,0,0,0,0
TF,EKHAS,36.710433,35.644686,0, ,0.0,0.0,0.0,0.0,0,0,0,0,0,0,0,0

SID,KEME1G,03R,5
CF,DB710,36.976975,35.136311,0,CKR,24.5,6.5,26.0,5.0,0,0,0,1,210,0,0,0
TF,DB730,37.305092,34.921353,0, ,0.0,0.0,0.0,0.0,0,0,0,0,0,0,0,0
TF,KEMER,37.600833,34.725833,0, ,0.0,0.0,0.0,0.0,0,0,0,0,0,0,0,0

SID,KEME1J,21L,5
CF,DB410,36.807139,35.006986,0,CKR,206.6,5.5,206.0,5.0,0,0,0,1,210,0,0,0
TF,UTAGA,36.867989,34.882917,0, ,0.0,0.0,0.0,0.0,0,0,0,0,0,0,0,0
TF,YORFU,37.005753,34.853600,0, ,0.0,0.0,0.0,0.0,0,0,0,0,0,0,0,0
TF,KEMER,37.600833,34.725833,0, ,0.0,0.0,0.0,0.0,0,0,0,0,0,0,0,0

SID,KEME1S,03R,2
CF,D025J,37.027219,35.175447,0,CKR,25.0,10.0,25.0,9.0,0,0,0,0,0,0,0,0
AF,D333J,37.040200,34.994311,1,CKR,333.2,10.0,25.0,0,0,0,0,0,0,0,0
TF,KEMER,37.600833,34.725833,0, ,0.0,0.0,0.0,0.0,0,0,0,0,0,0,0,0

SID,KEME1T,21L,2
CA,0,208.0,2,1200,0,0,0,0,0,0
DF,CKR,36.884222,35.068250,2, ,0.0,0.0,0,0,0,0,0,0,0,0
TF,KEMER,37.600833,34.725833,1, ,0.0,0.0,0.0,0.0,0,0,0,0,0,0,0,0

SID,MANA1G,03R,5
CF,DB710,36.976975,35.136311,0,CKR,24.5,6.5,26.0,5.0,0,0,0,1,210,0,0,0
TF,OLOLA,37.037933,35.012147,0, ,0.0,0.0,0.0,0.0,0,0,0,0,0,0,0,0
TF,UZULE,37.024119,34.903536,0, ,0.0,0.0,0.0,0.0,0,0,0,0,0,0,0,0
TF,MANAZ,36.914722,34.411389,0, ,0.0,0.0,0.0,0.0,0,0,0,0,0,0,0,0

SID,MANA1J,21L,5
CF,DB410,36.807139,35.006986,0,CKR,206.6,5.5,206.0,5.0,0,0,0,1,240,0,0,0
TF,MANAZ,36.914722,34.411389,0, ,0.0,0.0,0.0,0.0,0,0,0,0,0,0,0,0

SID,MANA1S,03R,2
CD, ,0,0,0,CKR,0,0.0,25.0,8.0,0,0,0,0,0,0,0,0
DF,CKR,36.884222,35.068250,1, ,0.0,0.0,0,0,0,0,0,0,0,0
TF,MANAZ,36.914722,34.411389,2, ,0.0,0.0,0.0,0.0,0,0,0,0,0,0,0,0

SID,MANA1T,21L,2
CF,D208G,36.787344,34.987031,0,CKR,208.0,7.0,208.0,7.0,0,0,0,0,0,0,0,0
AF,D268G,36.892281,34.923161,2,CKR,268.0,7.0,208.0,0,0,0,0,0,0,0,0
TF,MANAZ,36.914722,34.411389,0, ,0.0,0.0,0.0,0.0,0,0,0,0,0,0,0,0

SID,MILB1G,03R,5
CF,DB710,36.976975,35.136311,0,CKR,24.5,6.5,26.0,5.0,0,0,0,0,0,0,0,0
TF,DB720,37.049400,35.191658,0, ,0.0,0.0,0.0,0.0,0,0,0,0,0,0,0,0
TF,ADLIP,37.034406,35.401372,0, ,0.0,0.0,0.0,0.0,0,0,0,0,0,0,0,0
TF,DB540,37.009864,35.733822,0, ,0.0,0.0,0.0,0.0,0,0,0,0,0,0,0,0
TF,MILBA,36.951389,36.479444,0, ,0.0,0.0,0.0,0.0,0,0,0,0,0,0,0,0

SID,MILB1J,21L,5
CF,DB410,36.807139,35.006986,0,CKR,206.6,5.5,206.0,5.0,0,0,0,1,210,0,0,0
TF,DB430,36.765339,35.091947,0, ,0.0,0.0,0.0,0.0,0,0,0,0,0,0,0,0
TF,ERCER,36.750000,36.016667,0, ,0.0,0.0,0.0,0.0,0,0,0,0,0,0,0,0
TF,MILBA,36.951389,36.479444,0, ,0.0,0.0,0.0,0.0,0,0,0,0,0,0,0,0

SID,MILB1S,03R,2
CA,0,25.0,2,1800,0,0,0,0,0,0
DF,CKR,36.884222,35.068250,1, ,0.0,0.0,0,0,0,0,0,0,0,0
TF,MILBA,36.951389,36.479444,0, ,0.0,0.0,0.0,0.0,0,0,0,0,0,0,0,0

SID,MILB1T,21L,2
CA,0,208.0,2,1200,0,0,0,0,0,0
DF,CKR,36.884222,35.068250,2, ,0.0,0.0,0,0,0,0,0,0,0,0
TF,MILBA,36.951389,36.479444,0, ,0.0,0.0,0.0,0.0,0,0,0,0,0,0,0,0

SID,TUNL1G,03R,5
CF,DB710,36.976975,35.136311,0,CKR,24.5,6.5,26.0,5.0,0,0,0,1,210,0,0,0
TF,ADA,36.940583,35.210389,0, ,0.0,0.0,0.0,0.0,0,0,0,0,0,0,0,0
TF,ALLEG,36.685019,35.411583,0, ,0.0,0.0,0.0,0.0,0,0,0,0,0,0,0,0
TF,TUNLA,35.883333,36.033333,0, ,0.0,0.0,0.0,0.0,0,0,0,0,0,0,0,0

SID,TUNL1J,21L,5
CF,DB410,36.807139,35.006986,0,CKR,206.6,5.5,206.0,5.0,0,0,0,1,210,0,0,0
TF,DB430,36.765339,35.091947,0, ,0.0,0.0,0.0,0.0,0,0,0,0,0,0,0,0
TF,DB480,36.557361,35.511572,0, ,0.0,0.0,0.0,0.0,0,0,0,0,0,0,0,0
TF,TUNLA,35.883333,36.033333,0, ,0.0,0.0,0.0,0.0,0,0,0,0,0,0,0,0

SID,TUNL1S,03R,2
CA,0,25.0,2,1800,0,0,0,0,0,0
DF,CKR,36.884222,35.068250,1, ,0.0,0.0,0,0,0,0,0,0,0,0
TF,TUNLA,35.883333,36.033333,0, ,0.0,0.0,0.0,0.0,0,0,0,0,0,0,0,0

SID,TUNL1T,21L,2
CF,D208G,36.787344,34.987031,0,CKR,208.0,7.0,208.0,7.0,0,0,0,0,0,0,0,0
AF,D136G,36.792131,35.157675,1,CKR,136.0,7.0,208.0,0,0,0,0,0,0,0,0
TF,TUNLA,35.883333,36.033333,0, ,0.0,0.0,0.0,0.0,0,0,0,0,0,0,0,0

SID,YAPZ1G,03R,5
CF,DB710,36.976975,35.136311,0,CKR,24.5,6.5,26.0,5.0,0,0,0,1,210,0,0,0
TF,OLOLA,37.037933,35.012147,0, ,0.0,0.0,0.0,0.0,0,0,0,0,0,0,0,0
TF,UZULE,37.024119,34.903536,0, ,0.0,0.0,0.0,0.0,0,0,0,0,0,0,0,0
TF,OSOWA,36.836844,34.619869,0, ,0.0,0.0,0.0,0.0,0,0,0,0,0,0,0,0
TF,YAPZU,36.725278,34.451944,0, ,0.0,0.0,0.0,0.0,0,0,0,0,0,0,0,0

SID,YAPZ1J,21L,5
CF,DB410,36.807139,35.006986,0,CKR,206.6,5.5,206.0,5.0,0,0,0,1,240,0,0,0
TF,YAPZU,36.725278,34.451944,0, ,0.0,0.0,0.0,0.0,0,0,0,0,0,0,0,0

SID,YAPZ1S,03R,2
CA,0,25.0,2,1800,0,0,0,0,0,0
DF,CKR,36.884222,35.068250,1, ,0.0,0.0,0,0,0,0,0,0,0,0
TF,YAPZU,36.725278,34.451944,2, ,0.0,0.0,0.0,0.0,0,0,0,0,0,0,0,0

SID,YAPZ1T,21L,2
CA,0,208.0,2,1200,0,0,0,0,0,0
CF,YAPZU,36.725278,34.451944,0,CKR,246.4,31.2,247.0,30.0,0,0,0,0,0,0,0,0

STAR,KEME1H,03R,2
IF,KEMER,37.600833,34.725833, ,0.0,0.0,0,0,0,0,0,0,0,0
TF,CKR35,37.429928,34.808133,0, ,0.0,0.0,0.0,0.0,2,14000,0,0,0,0,0,0
TF,CKR28,37.320836,34.860456,0, ,0.0,0.0,0.0,0.0,2,10000,0,0,0,0,0,0
TF,D333T,37.196131,34.920069,0, ,0.0,0.0,0.0,0.0,2,7000,0,0,0,0,0,0
TF,D333J,37.040200,34.994311,0, ,0.0,0.0,0.0,0.0,2,5000,0,0,0,0,0,0
TF,CKR,36.884222,35.068250,0, ,0.0,0.0,0.0,0.0,0,0,0,0,0,0,0,0

STAR,KEME1K,21L,2
IF,KEMER,37.600833,34.725833, ,0.0,0.0,2,17000,0,0,0,0,0,0
TF,CKR35,37.429928,34.808133,0, ,0.0,0.0,0.0,0.0,2,14000,0,0,0,0,0,0
TF,CKR28,37.320836,34.860456,0, ,0.0,0.0,0.0,0.0,2,10000,0,0,0,0,0,0
TF,D333T,37.196131,34.920069,0, ,0.0,0.0,0.0,0.0,2,7000,0,0,0,0,0,0
TF,D333J,37.040200,34.994311,0, ,0.0,0.0,0.0,0.0,2,5000,0,0,0,0,0,0
TF,CKR,36.884222,35.068250,0, ,0.0,0.0,0.0,0.0,0,0,0,0,0,0,0,0

STAR,KEME1N,03R,5
IF,KEMER,37.600833,34.725833, ,0.0,0.0,0,0,0,0,0,0,0,0
TF,DB530,37.314867,34.814275,0, ,0.0,0.0,0.0,0.0,2,12000,0,0,0,0,0,0
TF,UZULE,37.024119,34.903536,0, ,0.0,0.0,0.0,0.0,0,0,0,0,0,0,0,0
TF,DB610,36.932158,34.931631,0, ,0.0,0.0,0.0,0.0,2,7000,0,0,0,0,0,0
TF,LUFAD,36.766769,34.806283,0, ,0.0,0.0,0.0,0.0,2,4000,0,1,210,0,0,0
TF,IFOZI,36.706003,34.930256,0, ,0.0,0.0,0.0,0.0,2,3000,0,0,0,0,0,0
TF,POTZE,36.791472,34.995083,0, ,0.0,0.0,0.0,0.0,1,2000,0,0,0,0,0,0

STAR,KEME1U,21L,5
IF,KEMER,37.600833,34.725833, ,0.0,0.0,0,0,0,0,0,0,0,0
TF,DB510,37.401183,34.918239,0, ,0.0,0.0,0.0,0.0,2,11000,0,0,0,0,0,0
TF,DB630,37.256889,35.056450,0, ,0.0,0.0,0.0,0.0,2,7000,0,0,0,0,0,0
TF,YELZU,37.085786,35.219511,0, ,0.0,0.0,0.0,0.0,2,3000,0,1,210,0,0,0
TF,LENNE,37.000433,35.154222,0, ,0.0,0.0,0.0,0.0,1,2200,0,0,0,0,0,0

STAR,MANA1H,03R,2
IF,MANAZ,36.914722,34.411389, ,0.0,0.0,0,0,0,0,0,0,0,0
TF,D268T,36.903908,34.653419,0, ,0.0,0.0,0.0,0.0,2,8000,0,0,0,0,0,0
TF,D268J,36.894244,34.860861,0, ,0.0,0.0,0.0,0.0,2,5000,0,0,0,0,0,0
TF,CKR,36.884222,35.068250,0, ,0.0,0.0,0.0,0.0,0,0,0,0,0,0,0,0

STAR,MANA1K,21L,2
IF,MANAZ,36.914722,34.411389, ,0.0,0.0,0,0,0,0,0,0,0,0
TF,D268T,36.903908,34.653419,0, ,0.0,0.0,0.0,0.0,2,8000,0,0,0,0,0,0
TF,D268J,36.894244,34.860861,0, ,0.0,0.0,0.0,0.0,2,5000,0,0,0,0,0,0
TF,CKR,36.884222,35.068250,0, ,0.0,0.0,0.0,0.0,0,0,0,0,0,0,0,0

STAR,MANA1N,03R,5
IF,MANAZ,36.914722,34.411389, ,0.0,0.0,0,0,0,0,0,0,0,0
TF,OSOWA,36.836844,34.619869,0, ,0.0,0.0,0.0,0.0,0,0,0,0,0,0,0,0
TF,LUFAD,36.766769,34.806283,0, ,0.0,0.0,0.0,0.0,2,4000,0,1,210,0,0,0
TF,IFOZI,36.706003,34.930256,0, ,0.0,0.0,0.0,0.0,2,3000,0,0,0,0,0,0
TF,POTZE,36.791472,34.995083,0, ,0.0,0.0,0.0,0.0,1,2000,0,0,0,0,0,0

STAR,MANA1U,21L,5
IF,MANAZ,36.914722,34.411389, ,0.0,0.0,0,0,0,0,0,0,0,0
TF,YORFU,37.005753,34.853600,0, ,0.0,0.0,0.0,0.0,0,0,0,0,0,0,0,0
TF,OLOLA,37.037933,35.012147,0, ,0.0,0.0,0.0,0.0,2,6000,0,0,0,0,0,0
TF,DB640,37.146800,35.095308,0, ,0.0,0.0,0.0,0.0,2,4500,0,0,0,0,0,0
TF,YELZU,37.085786,35.219511,0, ,0.0,0.0,0.0,0.0,2,3000,0,1,210,0,0,0
TF,LENNE,37.000433,35.154222,0, ,0.0,0.0,0.0,0.0,1,2200,0,0,0,0,0,0

STAR,MILB1H,03R,2
IF,MILBA,36.951389,36.479444, ,0.0,0.0,0,0,0,0,0,0,0,0
TF,D080T,36.905711,35.482944,0, ,0.0,0.0,0.0,0.0,2,12000,0,0,0,0,0,0
TF,D080J,36.895147,35.275567,0, ,0.0,0.0,0.0,0.0,2,5000,0,0,0,0,0,0
TF,CKR,36.884222,35.068250,0, ,0.0,0.0,0.0,0.0,0,0,0,0,0,0,0,0

STAR,MILB1K,21L,2
IF,MILBA,36.951389,36.479444, ,0.0,0.0,0,0,0,0,0,0,0,0
TF,D080T,36.905711,35.482944,0, ,0.0,0.0,0.0,0.0,2,12000,0,0,0,0,0,0
TF,D080J,36.895147,35.275567,0, ,0.0,0.0,0.0,0.0,2,5000,0,0,0,0,0,0
TF,CKR,36.884222,35.068250,0, ,0.0,0.0,0.0,0.0,0,0,0,0,0,0,0,0

STAR,MILB1L,03R,5
IF,MILBA,36.951389,36.479444, ,0.0,0.0,0,0,0,0,0,0,0,0
TF,ERCER,36.750000,36.016667,0, ,0.0,0.0,0.0,0.0,0,0,0,0,0,0,0,0
TF,EKHAS,36.710433,35.644686,0, ,0.0,0.0,0.0,0.0,0,0,0,0,0,0,0,0
TF,ALLEG,36.685019,35.411583,0, ,0.0,0.0,0.0,0.0,2,9000,0,0,0,0,0,0
TF,DB620,36.645111,35.054028,0, ,0.0,0.0,0.0,0.0,2,4000,0,0,0,0,0,0
TF,IFOZI,36.706003,34.930256,0, ,0.0,0.0,0.0,0.0,2,3000,0,0,0,0,0,0
TF,POTZE,36.791472,34.995083,0, ,0.0,0.0,0.0,0.0,1,2000,0,0,0,0,0,0

STAR,MILB1N,03R,5
IF,MILBA,36.951389,36.479444, ,0.0,0.0,0,0,0,0,0,0,0,0
TF,DB540,37.009864,35.733822,0, ,0.0,0.0,0.0,0.0,0,0,0,0,0,0,0,0
TF,ADLIP,37.034406,35.401372,0, ,0.0,0.0,0.0,0.0,2,12000,0,0,0,0,0,0
TF,DB610,36.932158,34.931631,0, ,0.0,0.0,0.0,0.0,2,7000,0,0,0,0,0,0
TF,LUFAD,36.766769,34.806283,0, ,0.0,0.0,0.0,0.0,2,4000,0,1,210,0,0,0
TF,IFOZI,36.706003,34.930256,0, ,0.0,0.0,0.0,0.0,2,3000,0,0,0,0,0,0
TF,POTZE,36.791472,34.995083,0, ,0.0,0.0,0.0,0.0,1,2000,0,0,0,0,0,0

STAR,MILB1U,21L,5
IF,MILBA,36.951389,36.479444, ,0.0,0.0,0,0,0,0,0,0,0,0
TF,DB660,37.021447,35.838817,0, ,0.0,0.0,0.0,0.0,2,12000,0,0,0,0,0,0
TF,YELZU,37.085786,35.219511,0, ,0.0,0.0,0.0,0.0,2,3000,0,1,210,0,0,0
TF,LENNE,37.000433,35.154222,0, ,0.0,0.0,0.0,0.0,1,2200,0,0,0,0,0,0

STAR,YAPZ1H,03R,2
IF,YAPZU,36.725278,34.451944, ,0.0,0.0,0,0,0,0,0,0,0,0
TF,D247J,36.833603,34.870350,0, ,0.0,0.0,0.0,0.0,2,5000,0,0,0,0,0,0
TF,CKR,36.884222,35.068250,0, ,0.0,0.0,0.0,0.0,0,0,0,0,0,0,0,0

STAR,YAPZ1K,21L,2
IF,YAPZU,36.725278,34.451944, ,0.0,0.0,0,0,0,0,0,0,0,0
TF,D247J,36.833603,34.870350,0, ,0.0,0.0,0.0,0.0,2,5000,0,0,0,0,0,0
TF,CKR,36.884222,35.068250,0, ,0.0,0.0,0.0,0.0,0,0,0,0,0,0,0,0

STAR,YAPZ1N,03R,5
IF,YAPZU,36.725278,34.451944, ,0.0,0.0,0,0,0,0,0,0,0,0
TF,IFOZI,36.706003,34.930256,0, ,0.0,0.0,0.0,0.0,2,3000,0,0,0,0,0,0
TF,POTZE,36.791472,34.995083,0, ,0.0,0.0,0.0,0.0,1,2000,0,0,0,0,0,0

STAR,YAPZ1U,21L,5
IF,YAPZU,36.725278,34.451944, ,0.0,0.0,0,0,0,0,0,0,0,0
TF,UTAGA,36.867989,34.882917,0, ,0.0,0.0,0.0,0.0,0,0,0,0,0,0,0,0
TF,OLOLA,37.037933,35.012147,0, ,0.0,0.0,0.0,0.0,2,6000,0,0,0,0,0,0
TF,DB640,37.146800,35.095308,0, ,0.0,0.0,0.0,0.0,2,4500,0,0,0,0,0,0
TF,YELZU,37.085786,35.219511,0, ,0.0,0.0,0.0,0.0,2,3000,0,1,210,0,0,0
TF,LENNE,37.000433,35.154222,0, ,0.0,0.0,0.0,0.0,1,2200,0,0,0,0,0,0

APPTR,D03RZ,03R,CKR1
IF,CKR,36.884222,35.068250, ,0.0,0.0,2,3000,0,0,0,0,0,0
FD,CKR,36.884222,35.068250,0,CKR,0.0,9.5,222.0,9.5,2,2000,0,1,185,0,0,0
CF,CF03R,36.749722,34.963844,1,CKR,206.0,9.5,26.0,1.0,2,2000,0,0,0,0,0,0

APPTR,D03RZ,03R,CKR2
IF,CKR,36.884222,35.068250, ,0.0,0.0,2,3000,0,0,0,0,0,0
FD,CKR,36.884222,35.068250,0,CKR,0.0,9.5,217.0,9.5,2,2000,0,1,185,0,0,0
CF,CF03R,36.749722,34.963844,1,CKR,206.0,9.5,26.0,1.0,2,2000,0,0,0,0,0,0

FINAL,D03RZ,03R,D,4
IF,CF03R,36.749722,34.963844,CKR,206.0,9.5,2,2000,0,0,0,0,0,0
CF,POTZE,36.791472,34.995083,0,CKR,206.4,6.6,26.0,2.9,2,2000,0,0,0,0,2,0
CF,50DME,36.813444,35.013253,0,CKR,206.0,5.0,26.0,1.6,2,1660,0,0,0,0,0,0
CF,MA03R,36.853083,35.044039,0,CKR,206.0,2.2,26.0,2.8,1,681,0,0,0,0,3,0
CF,CKR,36.884222,35.068250,0,CKR,0.0,0.0,26.0,2.2,0,0,0,0,0,0,0,0
FA,CKR,36.884222,35.068250,0,CKR,0.0,0.0,26.0,2,2000,0,0,0,0,0,0
DF,CKR,36.884222,35.068250,1, ,0.0,0.0,1,3000,0,1,220,0,0,0
HM,CKR,36.884222,35.068250,2, ,0.0,0.0,221.0,04.3,2,3000,0,1,230,0,0,0,0

APPTR,D21LZ,21L,CKR1
IF,CKR,36.884222,35.068250, ,0.0,0.0,2,3000,0,0,0,0,0,0
FD,CKR,36.884222,35.068250,0,CKR,0.0,11.0,11.0,11.0,2,2200,0,1,185,0,0,0
CF,CF21L,37.041514,35.186189,2,CKR,25.0,11.0,205.0,1.0,2,2200,0,0,0,0,0,0

APPTR,D21LZ,21L,CKR2
IF,CKR,36.884222,35.068250, ,0.0,0.0,2,3000,0,0,0,0,0,0
FD,CKR,36.884222,35.068250,0,CKR,0.0,11.0,16.0,11.0,2,2200,0,1,185,0,0,0
CF,CF21L,37.041514,35.186189,2,CKR,25.0,11.0,205.0,1.0,2,2200,0,0,0,0,0,0

FINAL,D21LZ,21L,D,4
IF,CF21L,37.041514,35.186189,CKR,25.0,11.0,2,2200,0,0,0,0,0,0
CF,LENNE,37.000433,35.154222,0,CKR,24.7,8.1,205.0,2.9,2,2200,0,0,0,0,2,0
CF,50DM2,36.955733,35.121797,0,CKR,25.0,5.0,205.0,3.1,2,1230,0,0,0,0,0,0
CF,MA21L,36.928561,35.101439,0,CKR,25.0,3.1,205.0,1.9,1,627,0,0,0,0,3,0
CF,CKR,36.884222,35.068250,0,CKR,0.0,0.0,205.0,3.1,0,0,0,0,0,0,0,0
FA,CKR,36.884222,35.068250,0,CKR,0.0,0.0,205.0,2,2500,0,0,0,0,0,0
DF,CKR,36.884222,35.068250,2, ,0.0,0.0,1,3000,0,0,0,0,0,0
HM,CKR,36.884222,35.068250,1, ,0.0,0.0,30.0,04.3,2,3000,0,1,230,0,0,0,0

FINAL,I03RY,03R,I,3
IF,IFOZI,36.706003,34.930256,ICKR,205.5,14.1,2,3000,0,0,0,0,0,0
CF,POTZE,36.791472,34.995083,0,ICKR,205.5,8.1,26.0,6.0,1,2000,0,0,0,0,2,0
CF,RW03R,36.878347,35.061147,0,ICKR,205.4,2.0,26.0,6.1,1,79,0,0,0,0,3,0
TF,DB710,36.976975,35.136311,0, ,0.0,0.0,0.0,0.0,0,0,0,1,200,0,0,0
TF,OLOLA,37.037933,35.012147,0, ,0.0,0.0,0.0,0.0,0,0,0,1,200,0,0,0
TF,LUFAD,36.766769,34.806283,0, ,0.0,0.0,0.0,0.0,1,4000,0,0,0,0,0,0
HM,LUFAD,36.766769,34.806283,1, ,0.0,0.0,116.0,04.3,2,4000,0,1,230,0,0,0,0

APPTR,I03RZ,03R,CKRN1
IF,CKR,36.884222,35.068250, ,0.0,0.0,2,3000,0,0,0,0,0,0
FD,CKR,36.884222,35.068250,0,CKR,0.0,9.5,222.0,9.5,2,2000,0,1,185,0,0,0
CF,CI03R,36.749664,34.963503,1,ICKR,205.4,11.1,26.0,1.0,2,2000,0,0,0,0,0,0

APPTR,I03RZ,03R,CKRN2
IF,CKR,36.884222,35.068250, ,0.0,0.0,2,3000,0,0,0,0,0,0
FD,CKR,36.884222,35.068250,0,CKR,0.0,9.5,217.0,9.5,2,2000,0,1,185,0,0,0
CF,CI03R,36.749664,34.963503,1,ICKR,205.4,11.1,26.0,1.0,2,2000,0,0,0,0,0,0

APPTR,I03RZ,03R,CKRV1
IF,CKR,36.884222,35.068250, ,0.0,0.0,2,3000,0,0,0,0,0,0
FD,CKR,36.884222,35.068250,0,CKR,0.0,9.5,222.0,9.5,2,2000,0,1,185,0,0,0
CF,CI03R,36.749664,34.963503,1,ICKR,205.4,11.1,26.0,1.0,2,2000,0,0,0,0,0,0

APPTR,I03RZ,03R,CKRV2
IF,CKR,36.884222,35.068250, ,0.0,0.0,2,3000,0,0,0,0,0,0
FD,CKR,36.884222,35.068250,0,CKR,0.0,9.5,217.0,9.5,2,2000,0,1,185,0,0,0
CF,CI03R,36.749664,34.963503,1,ICKR,205.4,11.1,26.0,1.0,2,2000,0,0,0,0,0,0

FINAL,I03RZ,03R,I,3
IF,CI03R,36.749664,34.963503,ICKR,205.4,11.1,2,2000,0,0,0,0,0,0
CF,POTZE,36.791472,34.995083,0,ICKR,205.5,8.1,26.0,2.9,1,2000,0,0,0,0,2,0
CF,RW03R,36.878347,35.061147,0,ICKR,205.4,2.0,26.0,6.1,1,79,0,0,0,0,3,0
CF,CKR,36.884222,35.068250,0,CKR,0.0,0.0,26.0,0.5,0,0,0,0,0,0,0,0
FA,CKR,36.884222,35.068250,0,CKR,0.0,0.0,26.0,2,1600,0,0,0,0,0,0
DF,CKR,36.884222,35.068250,1, ,0.0,0.0,2,3000,0,1,220,0,0,0
HM,CKR,36.884222,35.068250,2, ,0.0,0.0,221.0,04.3,2,3000,0,1,230,0,0,0,0

FINAL,I21LY,21L,I,3
IF,YELZU,37.085786,35.219511,ICKU,25.4,14.7,2,3000,0,1,210,0,0,0
CF,LENNE,37.000433,35.154222,0,ICKU,25.5,8.7,206.0,6.0,1,2200,0,0,0,0,2,0
CF,RW21L,36.905253,35.081628,0,ICKU,25.5,2.0,206.0,6.7,1,89,0,0,0,0,3,0
TF,DB410,36.807139,35.006986,0, ,0.0,0.0,0.0,0.0,0,0,0,1,200,0,0,0
TF,UTAGA,36.867989,34.882917,0, ,0.0,0.0,0.0,0.0,0,0,0,1,200,0,0,0
TF,OLOLA,37.037933,35.012147,0, ,0.0,0.0,0.0,0.0,1,5000,0,0,0,0,0,0
HM,OLOLA,37.037933,35.012147,2, ,0.0,0.0,26.0,04.3,2,5000,0,1,230,0,0,0,0

APPTR,I21LZ,21L,CKRN1
IF,CKR,36.884222,35.068250, ,0.0,0.0,2,3000,0,0,0,0,0,0
FD,CKR,36.884222,35.068250,0,CKR,0.0,11.0,11.0,11.0,2,2200,0,1,185,0,0,0
CF,CI21L,37.042017,35.186161,2,ICKU,25.5,11.6,206.0,1.0,2,2200,0,0,0,0,0,0

APPTR,I21LZ,21L,CKRN2
IF,CKR,36.884222,35.068250, ,0.0,0.0,2,3000,0,0,0,0,0,0
FD,CKR,36.884222,35.068250,0,CKR,0.0,11.0,16.0,11.0,2,2200,0,1,185,0,0,0
CF,CI21L,37.042017,35.186161,2,ICKU,25.5,11.6,206.0,1.0,2,2200,0,0,0,0,0,0

APPTR,I21LZ,21L,CKRV1
IF,CKR,36.884222,35.068250, ,0.0,0.0,2,3000,0,0,0,0,0,0
FD,CKR,36.884222,35.068250,0,CKR,0.0,11.0,11.0,11.0,2,2200,0,1,185,0,0,0
CF,CI21L,37.042017,35.186161,2,ICKU,25.5,11.6,206.0,1.0,2,2200,0,0,0,0,0,0

APPTR,I21LZ,21L,CKRV2
IF,CKR,36.884222,35.068250, ,0.0,0.0,2,3000,0,0,0,0,0,0
FD,CKR,36.884222,35.068250,0,CKR,0.0,11.0,16.0,11.0,2,2200,0,1,185,0,0,0
CF,CI21L,37.042017,35.186161,2,ICKU,25.5,11.6,206.0,1.0,2,2200,0,0,0,0,0,0

FINAL,I21LZ,21L,I,3
IF,CI21L,37.042017,35.186161,ICKU,25.5,11.6,2,2200,0,0,0,0,0,0
CF,LENNE,37.000433,35.154222,0,ICKU,25.5,8.7,206.0,2.9,1,2200,0,0,0,0,2,0
CF,RW21L,36.905253,35.081628,0,ICKU,25.5,2.0,206.0,6.7,1,89,0,0,0,0,3,0
CF,CKR,36.884222,35.068250,0,CKR,0.0,0.0,206.0,1.4,0,0,0,0,0,0,0,0
FA,CKR,36.884222,35.068250,0,CKR,0.0,0.0,206.0,2,1500,0,0,0,0,0,0
DF,CKR,36.884222,35.068250,2, ,0.0,0.0,2,3000,0,0,0,0,0,0
HM,CKR,36.884222,35.068250,1, ,0.0,0.0,30.0,04.3,2,3000,0,1,230,0,0,0,0

APPTR,Q03RZ,03R,CKR1
IF,CKR,36.884222,35.068250, ,0.0,0.0,2,3000,0,0,0,0,0,0
FD,CKR,36.884222,35.068250,0,CKR,0.0,9.5,222.0,9.5,2,2000,0,1,185,0,0,0
CF,CF03R,36.749722,34.963844,1,CKR,206.0,9.5,26.0,1.0,2,2000,0,0,0,0,0,0

APPTR,Q03RZ,03R,CKR2
IF,CKR,36.884222,35.068250, ,0.0,0.0,2,3000,0,0,0,0,0,0
FD,CKR,36.884222,35.068250,0,CKR,0.0,9.5,217.0,9.5,2,2000,0,1,185,0,0,0
CF,CF03R,36.749722,34.963844,1,CKR,206.0,9.5,26.0,1.0,2,2000,0,0,0,0,0,0

FINAL,Q03RZ,03R,N,4
IF,CF03R,36.749722,34.963844,CKR,0.0,0.0,2,2000,0,0,0,0,0,0
CF,POTZE,36.791472,34.995083,0,CKR,0.0,0.0,26.0,2.9,2,2000,0,0,0,0,2,0
CF,50DME,36.813444,35.013253,0,CKR,0.0,0.0,26.0,1.6,2,1660,0,0,0,0,0,0
CF,MA03R,36.853083,35.044039,0,CKR,0.0,2.2,26.0,2.8,1,681,0,0,0,0,3,0
CF,CKR,36.884222,35.068250,0,CKR,0.0,0.0,26.0,2.2,0,0,0,0,0,0,0,0
FA,CKR,36.884222,35.068250,0,CKR,0.0,0.0,26.0,2,2000,0,0,0,0,0,0
DF,CKR,36.884222,35.068250,1, ,0.0,0.0,1,3000,0,1,220,0,0,0
HM,CKR,36.884222,35.068250,2, ,0.0,0.0,221.0,04.3,2,3000,0,1,230,0,0,0,0

APPTR,Q21LZ,21L,CKR1
IF,CKR,36.884222,35.068250, ,0.0,0.0,2,3000,0,0,0,0,0,0
FD,CKR,36.884222,35.068250,0,CKR,0.0,11.0,11.0,11.0,2,2200,0,1,185,0,0,0
CF,CF21L,37.041514,35.186189,2,CKR,25.0,11.0,205.0,1.0,2,2200,0,0,0,0,0,0

APPTR,Q21LZ,21L,CKR2
IF,CKR,36.884222,35.068250, ,0.0,0.0,2,3000,0,0,0,0,0,0
FD,CKR,36.884222,35.068250,0,CKR,0.0,11.0,16.0,11.0,2,2200,0,1,185,0,0,0
CF,CF21L,37.041514,35.186189,2,CKR,25.0,11.0,205.0,1.0,2,2200,0,0,0,0,0,0

FINAL,Q21LZ,21L,N,4
IF,CF21L,37.041514,35.186189,CKR,0.0,0.0,2,2200,0,0,0,0,0,0
CF,LENNE,37.000433,35.154222,0,CKR,0.0,0.0,205.0,2.9,2,2200,0,0,0,0,2,0
CF,50DM2,36.955733,35.121797,0,CKR,0.0,0.0,205.0,3.1,2,1230,0,0,0,0,0,0
CF,MA21L,36.928561,35.101439,0,CKR,0.0,3.1,205.0,1.9,1,627,0,0,0,0,3,0
CF,CKR,36.884222,35.068250,0,CKR,0.0,0.0,205.0,3.1,0,0,0,0,0,0,0,0
FA,CKR,36.884222,35.068250,0,CKR,0.0,0.0,205.0,2,2500,0,0,0,0,0,0
DF,CKR,36.884222,35.068250,2, ,0.0,0.0,1,3000,0,0,0,0,0,0
HM,CKR,36.884222,35.068250,1, ,0.0,0.0,30.0,04.3,2,3000,0,1,230,0,0,0,0

FINAL,R03RZ,03R,R,3
IF,POTZE,36.791472,34.995083, ,0.0,0.0,1,2000,0,0,0,0,2,0
TF,DB112,36.835625,35.028664,0, ,0.0,0.0,26.0,3.1,2,1030,0,0,0,0,0,0
TF,RW03R,36.878347,35.061147,0, ,0.0,0.0,26.0,3.0,1,79,0,0,0,0,3,1
TF,DB710,36.976975,35.136311,0, ,0.0,0.0,0.0,0.0,0,0,0,1,200,0,0,0
TF,OLOLA,37.037933,35.012147,0, ,0.0,0.0,0.0,0.0,0,0,0,1,200,0,0,0
TF,LUFAD,36.766769,34.806283,0, ,0.0,0.0,0.0,0.0,1,4000,0,0,0,0,0,0
HM,LUFAD,36.766769,34.806283,1, ,0.0,0.0,116.0,04.3,2,4000,0,1,230,0,0,0,0

FINAL,R21LZ,21L,R,3
IF,LENNE,37.000433,35.154222, ,0.0,0.0,1,2200,0,0,0,0,2,0
TF,DB440,36.947958,35.114172,0, ,0.0,0.0,206.0,3.7,2,1040,0,0,0,0,0,0
TF,RW21L,36.905253,35.081628,0, ,0.0,0.0,206.0,3.0,1,89,0,0,0,0,3,1
TF,DB410,36.807139,35.006986,0, ,0.0,0.0,0.0,0.0,0,0,0,1,200,0,0,0
TF,UTAGA,36.867989,34.882917,0, ,0.0,0.0,0.0,0.0,0,0,0,1,200,0,0,0
TF,OLOLA,37.037933,35.012147,0, ,0.0,0.0,0.0,0.0,1,5000,0,0,0,0,0,0
HM,OLOLA,37.037933,35.012147,2, ,0.0,0.0,26.0,04.3,2,5000,0,1,230,0,0,0,0

