SID,LAST1D,36,5
DF,POD,42.386194,19.254611,0, ,0.0,0.0,2,400,0,1,200,0,0,1
CF,PG351,42.433389,19.277000,0,POD,14.4,3.0,14.0,3.0,2,1250,0,1,200,0,0,1
DF,PG352,42.461083,19.193194,1, ,0.0,0.0,2,2700,0,1,200,0,0,0
TF,PG354,42.363333,19.224861,0, ,0.0,0.0,0.0,0.0,2,3900,0,1,250,0,0,0
TF,SORAG,42.203167,19.017361,0, ,0.0,0.0,0.0,0.0,2,6500,0,1,250,0,0,0
TF,OLIVU,42.148417,18.946889,0, ,0.0,0.0,0.0,0.0,2,7500,0,1,250,0,0,0
TF,LASTI,42.100444,18.885083,0, ,0.0,0.0,0.0,0.0,2,8300,0,1,250,0,0,0

SID,LAST1G,18,5
CF,GO,42.298889,19.245722,0,POD,179.3,5.3,179.0,3.0,2,950,0,1,230,0,0,1
CF,SORAG,42.203167,19.017361,0,POD,219.0,15.2,241.0,11.0,2,4100,0,1,250,0,0,0
TF,OLIVU,42.148417,18.946889,0, ,0.0,0.0,0.0,0.0,2,5000,0,1,250,0,0,0
TF,LASTI,42.100444,18.885083,0, ,0.0,0.0,0.0,0.0,2,5800,0,1,250,0,0,0

SID,LAST3S,36,2
DF,POD,42.386194,19.254611,0, ,0.0,0.0,0,0,0,0,0,0,0,0
TF,D013C,42.433761,19.275475,0, ,0.0,0.0,0.0,0.0,0,0,0,0,0,0,0,1
DF,D264B,42.385592,19.208842,1, ,0.0,0.0,0,0,0,1,200,0,0,0
CF,OLIVU,42.148417,18.946889,0,POD,219.0,19.8,219.0,18.0,0,0,0,0,0,0,0,0
TF,LASTI,42.100444,18.885083,0, ,0.0,0.0,0.0,0.0,0,0,0,0,0,0,0,0

SID,LAST4E,18,2
DF,GO,42.298889,19.245722,0, ,0.0,0.0,0,0,0,0,0,0,0,1
CF,D219K,42.260106,19.090950,0,POD,219.0,10.5,263.0,6.0,0,0,0,1,230,0,0,0
TF,OLIVU,42.148417,18.946889,0, ,0.0,0.0,0.0,0.0,0,0,0,0,0,0,0,0
TF,LASTI,42.100444,18.885083,0, ,0.0,0.0,0.0,0.0,0,0,0,0,0,0,0,0

SID,LEBG1D,36,5
DF,POD,42.386194,19.254611,0, ,0.0,0.0,2,400,0,1,200,0,0,1
CF,PG351,42.433389,19.277000,0,POD,14.4,3.0,14.0,3.0,2,1250,0,1,200,0,0,1
DF,PG352,42.461083,19.193194,1, ,0.0,0.0,2,2700,0,1,200,0,0,0
TF,PG354,42.363333,19.224861,0, ,0.0,0.0,0.0,0.0,2,3900,0,1,250,0,0,0
TF,GO,42.298889,19.245722,0, ,0.0,0.0,0.0,0.0,2,4700,0,1,250,0,0,0
TF,PG155,42.114417,19.226889,0, ,0.0,0.0,0.0,0.0,2,6900,0,1,250,0,0,0
TF,PG156,42.053000,19.220639,0, ,0.0,0.0,0.0,0.0,2,7700,0,1,250,0,0,0
TF,LEBGA,41.883056,19.171667,0, ,0.0,0.0,0.0,0.0,2,9700,0,1,250,0,0,0

SID,LEBG1G,18,5
CF,GO,42.298889,19.245722,0,POD,179.3,5.3,179.0,3.0,2,1250,0,1,230,0,0,0
TF,PG155,42.114417,19.226889,0, ,0.0,0.0,0.0,0.0,2,5700,0,1,250,0,0,0
TF,PG156,42.053000,19.220639,0, ,0.0,0.0,0.0,0.0,2,6400,0,1,250,0,0,0
TF,LEBGA,41.883056,19.171667,0, ,0.0,0.0,0.0,0.0,2,8500,0,1,250,0,0,0

SID,LEBG3E,18,2
DF,GO,42.298889,19.245722,0, ,0.0,0.0,0,0,0,0,0,0,0,1
CF,D182O,42.137964,19.213542,0,POD,182.0,15.0,182.0,10.0,0,0,0,0,0,0,0,0
TF,D182U,42.043631,19.198022,0, ,0.0,0.0,0.0,0.0,2,8000,0,0,0,0,0,0
TF,LEBGA,41.883056,19.171667,0, ,0.0,0.0,0.0,0.0,0,0,0,0,0,0,0,0

SID,LEBG3S,36,2
DF,POD,42.386194,19.254611,0, ,0.0,0.0,0,0,0,0,0,0,0,0
TF,D013C,42.433761,19.275475,0, ,0.0,0.0,0.0,0.0,0,0,0,0,0,0,0,1
DF,D182E,42.310072,19.241975,1, ,0.0,0.0,0,0,0,1,200,0,0,0
TF,D182O,42.137964,19.213542,0, ,0.0,0.0,0.0,0.0,0,0,0,0,0,0,0,0
TF,LEBGA,41.883056,19.171667,0, ,0.0,0.0,0.0,0.0,0,0,0,0,0,0,0,0

SID,MOJ1D,36,5
CF,PG356,42.463056,19.262444,0,POD,359.3,4.6,359.0,5.5,2,2300,0,1,200,0,0,0
TF,PG306,42.529472,19.336361,0, ,0.0,0.0,0.0,0.0,2,4300,0,1,200,0,0,0
TF,PELEV,42.616556,19.386222,0, ,0.0,0.0,0.0,0.0,2,6450,0,1,250,0,0,0
TF,MOJ,42.944639,19.575528,0, ,0.0,0.0,0.0,0.0,2,11000,0,1,250,0,0,0

SID,MOJ1G,18,5
CF,PG151,42.250500,19.240833,0,POD,179.3,8.2,179.0,5.9,2,1650,0,1,230,0,0,0
TF,PG152,42.292444,19.129750,2, ,0.0,0.0,0.0,0.0,2,3100,0,1,230,0,0,0
TF,POD,42.386194,19.254611,2, ,0.0,0.0,0.0,0.0,2,4800,0,1,250,0,0,0
TF,PG306,42.529472,19.336361,0, ,0.0,0.0,0.0,0.0,2,5600,0,1,250,0,0,0
TF,PELEV,42.616556,19.386222,0, ,0.0,0.0,0.0,0.0,2,7800,0,1,250,0,0,0
TF,MOJ,42.944639,19.575528,0, ,0.0,0.0,0.0,0.0,2,11000,0,1,250,0,0,0

SID,MOJ3V,18,2
DF,GO,42.298889,19.245722,0, ,0.0,0.0,0,0,0,0,0,0,0,1
DF,POD,42.386194,19.254611,2, ,0.0,0.0,0,0,0,1,230,0,0,0
TF,PELEV,42.616556,19.386222,0, ,0.0,0.0,0.0,0.0,2,6800,0,0,0,0,0,0
TF,MOJ,42.944639,19.575528,0, ,0.0,0.0,0.0,0.0,2,11000,0,0,0,0,0,0

SID,MOJ3W,36,2
DF,POD,42.386194,19.254611,0, ,0.0,0.0,0,0,0,0,0,0,0,0
TF,PELEV,42.616556,19.386222,0, ,0.0,0.0,0.0,0.0,2,6800,0,0,0,0,0,0
TF,MOJ,42.944639,19.575528,0, ,0.0,0.0,0.0,0.0,2,11000,0,0,0,0,0,0

SID,NIK1D,36,5
CF,PG356,42.463056,19.262444,0,POD,359.3,4.6,359.0,5.5,2,2000,0,1,200,0,0,0
TF,DAN,42.545000,19.123500,0, ,0.0,0.0,0.0,0.0,2,4650,0,1,200,0,0,0
TF,NIK,42.776417,18.924167,0, ,0.0,0.0,0.0,0.0,2,10000,0,1,250,0,0,0

SID,NIK1G,18,5
CF,GO,42.298889,19.245722,0,POD,179.3,5.3,179.0,3.0,2,900,0,1,230,0,0,1
DF,DAN,42.545000,19.123500,2, ,0.0,0.0,2,5600,0,1,250,0,0,0
TF,NIK,42.776417,18.924167,0, ,0.0,0.0,0.0,0.0,2,10000,0,1,250,0,0,0

SID,NIK1H,36,5
DF,POD,42.386194,19.254611,0, ,0.0,0.0,2,400,0,1,200,0,0,1
CF,PG351,42.433389,19.277000,0,POD,14.4,3.0,14.0,3.0,2,1250,0,1,200,0,0,1
DF,PG353,42.455139,19.172667,1, ,0.0,0.0,2,2900,0,1,200,0,0,0
TF,POD,42.386194,19.254611,0, ,0.0,0.0,0.0,0.0,2,4000,0,1,250,0,0,1
CF,PG355,42.295722,19.168611,2,POD,210.2,6.6,238.0,5.0,2,5600,0,1,250,0,0,0
TF,DAN,42.545000,19.123500,2, ,0.0,0.0,0.0,0.0,2,8650,0,1,250,0,0,0
TF,NIK,42.776417,18.924167,0, ,0.0,0.0,0.0,0.0,2,10000,0,1,250,0,0,0

SID,NIK3E,18,2
DF,GO,42.298889,19.245722,0, ,0.0,0.0,0,0,0,0,0,0,0,1
DF,DAN,42.545000,19.123500,2, ,0.0,0.0,2,5250,0,1,230,0,0,0
TF,NIK,42.776417,18.924167,0, ,0.0,0.0,0.0,0.0,2,10000,0,0,0,0,0,0

SID,NIK3S,36,2
DF,POD,42.386194,19.254611,0, ,0.0,0.0,0,0,0,0,0,0,0,0
TF,DAN,42.545000,19.123500,0, ,0.0,0.0,0.0,0.0,2,5250,0,0,0,0,0,0
TF,NIK,42.776417,18.924167,0, ,0.0,0.0,0.0,0.0,2,10000,0,0,0,0,0,0

SID,NIK4L,36,2
DF,POD,42.386194,19.254611,0, ,0.0,0.0,0,0,0,0,0,0,0,0
TF,D013C,42.433761,19.275475,0, ,0.0,0.0,0.0,0.0,0,0,0,0,0,0,0,1
DF,POD,42.386194,19.254611,1, ,0.0,0.0,0,0,0,1,200,0,0,1
DF,DAN,42.545000,19.123500,2, ,0.0,0.0,2,5250,0,0,0,0,0,0
TF,NIK,42.776417,18.924167,0, ,0.0,0.0,0.0,0.0,2,10000,0,0,0,0,0,0

STAR,BIGL1B,ALL,5
IF,BIGLO,42.323889,18.720278, ,0.0,0.0,0,0,0,0,0,0,0,0
TF,NEGOX,42.381806,18.825222,0, ,0.0,0.0,0.0,0.0,0,0,0,1,250,0,0,0
TF,PG312,42.411806,18.879889,0, ,0.0,0.0,0.0,0.0,0,0,0,1,250,0,0,0
TF,PG311,42.470667,18.987250,0, ,0.0,0.0,0.0,0.0,0,0,0,1,250,0,0,0
TF,PG307,42.438222,19.090222,0, ,0.0,0.0,0.0,0.0,0,0,0,1,220,0,0,0
TF,POD,42.386194,19.254611,0, ,0.0,0.0,0.0,0.0,0,0,0,1,200,0,0,0
TF,PG304,42.339833,19.316833,0, ,0.0,0.0,0.0,0.0,0,0,0,1,200,0,0,0
TF,PG303,42.288944,19.311583,0, ,0.0,0.0,0.0,0.0,0,0,0,1,200,0,0,0
TF,PG302,42.238056,19.306389,0, ,0.0,0.0,0.0,0.0,0,0,0,1,185,0,0,0
TF,PG301,42.241778,19.239917,0, ,0.0,0.0,0.0,0.0,0,0,0,1,185,0,0,0

STAR,BIGL4A,ALL,2
IF,BIGLO,42.323889,18.720278, ,0.0,0.0,0,0,0,0,0,0,0,0
TF,NEGOX,42.381806,18.825222,0, ,0.0,0.0,0.0,0.0,0,0,0,0,0,0,0,0
CR,0,POD,268.0,48.0,0,0,0,0,0,0,0,0
CF,D284N,42.459294,18.966481,0,POD,284.0,13.5,48.0,5.8,0,0,0,0,0,0,0,1
CF,DOSOS,42.451667,19.047639,0,POD,288.2,10.0,108.0,3.0,0,0,0,0,0,0,0,0
TF,INBAV,42.423833,19.135861,0, ,0.0,0.0,0.0,0.0,0,0,0,0,0,0,0,0
TF,POD,42.386194,19.254611,0, ,0.0,0.0,0.0,0.0,0,0,0,0,0,0,0,0

STAR,LAST1B,ALL,5
IF,LASTI,42.100444,18.885083, ,0.0,0.0,0,0,0,1,250,0,0,0
TF,OLIVU,42.148417,18.946889,0, ,0.0,0.0,0.0,0.0,0,0,0,1,250,0,0,0
TF,SORAG,42.203167,19.017361,0, ,0.0,0.0,0.0,0.0,0,0,0,1,250,0,0,0
TF,PG308,42.381361,19.072556,0, ,0.0,0.0,0.0,0.0,0,0,0,1,220,0,0,0
TF,PG307,42.438222,19.090222,0, ,0.0,0.0,0.0,0.0,0,0,0,1,220,0,0,0
TF,POD,42.386194,19.254611,2, ,0.0,0.0,0.0,0.0,0,0,0,1,200,0,0,0
TF,PG304,42.339833,19.316833,0, ,0.0,0.0,0.0,0.0,0,0,0,1,200,0,0,0
TF,PG303,42.288944,19.311583,0, ,0.0,0.0,0.0,0.0,0,0,0,1,200,0,0,0
TF,PG302,42.238056,19.306389,0, ,0.0,0.0,0.0,0.0,0,0,0,1,185,0,0,0
TF,PG301,42.241778,19.239917,0, ,0.0,0.0,0.0,0.0,0,0,0,1,185,0,0,0

STAR,LAST5A,ALL,2
IF,LASTI,42.100444,18.885083, ,0.0,0.0,0,0,0,0,0,0,0,0
TF,OLIVU,42.148417,18.946889,0, ,0.0,0.0,0.0,0.0,0,0,0,0,0,0,0,0
TF,SORAG,42.203167,19.017361,0, ,0.0,0.0,0.0,0.0,0,0,0,0,0,0,0,0
CR,0,POD,272.0,8.0,0,0,0,0,0,0,0,0
DF,INBAV,42.423833,19.135861,2, ,0.0,0.0,0,0,0,1,220,0,0,0
TF,POD,42.386194,19.254611,0, ,0.0,0.0,0.0,0.0,0,0,0,0,0,0,0,0

STAR,LEBG1B,ALL,5
IF,LEBGA,41.883056,19.171667, ,0.0,0.0,0,0,0,0,0,0,0,0
TF,PG310,42.137944,19.213556,0, ,0.0,0.0,0.0,0.0,0,0,0,1,250,0,0,0
TF,PG309,42.301250,19.240528,0, ,0.0,0.0,0.0,0.0,0,0,0,1,240,0,0,0
TF,PG308,42.381361,19.072556,0, ,0.0,0.0,0.0,0.0,0,0,0,1,220,0,0,0
TF,PG307,42.438222,19.090222,0, ,0.0,0.0,0.0,0.0,0,0,0,1,220,0,0,0
TF,POD,42.386194,19.254611,2, ,0.0,0.0,0.0,0.0,0,0,0,1,200,0,0,0
TF,PG304,42.339833,19.316833,0, ,0.0,0.0,0.0,0.0,0,0,0,1,200,0,0,0
TF,PG303,42.288944,19.311583,0, ,0.0,0.0,0.0,0.0,0,0,0,1,200,0,0,0
TF,PG302,42.238056,19.306389,0, ,0.0,0.0,0.0,0.0,0,0,0,1,185,0,0,0
TF,PG301,42.241778,19.239917,0, ,0.0,0.0,0.0,0.0,0,0,0,1,185,0,0,0

STAR,LEBG4A,ALL,2
IF,LEBGA,41.883056,19.171667, ,0.0,0.0,0,0,0,0,0,0,0,0
TF,D182O,42.137964,19.213542,0, ,0.0,0.0,0.0,0.0,0,0,0,0,0,0,0,0
TF,D182G,42.278631,19.236775,0, ,0.0,0.0,0.0,0.0,0,0,0,0,0,0,0,1
CF,D257G,42.369792,19.098283,0,POD,257.0,7.0,298.0,8.0,0,0,0,0,0,0,0,1
DF,INBAV,42.423833,19.135861,2, ,0.0,0.0,0,0,0,1,220,0,0,0
TF,POD,42.386194,19.254611,0, ,0.0,0.0,0.0,0.0,0,0,0,0,0,0,0,0

STAR,MOJ1B,ALL,5
IF,MOJ,42.944639,19.575528, ,0.0,0.0,0,0,0,0,0,0,0,0
TF,PELEV,42.616556,19.386222,0, ,0.0,0.0,0.0,0.0,0,0,0,1,230,0,0,0
TF,PG306,42.529472,19.336361,0, ,0.0,0.0,0.0,0.0,0,0,0,1,220,0,0,0
TF,PG305,42.434000,19.326500,0, ,0.0,0.0,0.0,0.0,0,0,0,1,220,0,0,0
TF,PG304,42.339833,19.316833,0, ,0.0,0.0,0.0,0.0,0,0,0,1,200,0,0,0
TF,PG303,42.288944,19.311583,0, ,0.0,0.0,0.0,0.0,0,0,0,1,200,0,0,0
TF,PG302,42.238056,19.306389,0, ,0.0,0.0,0.0,0.0,0,0,0,1,185,0,0,0
TF,PG301,42.241778,19.239917,0, ,0.0,0.0,0.0,0.0,0,0,0,1,185,0,0,0

STAR,MOJ3A,ALL,2
IF,MOJ,42.944639,19.575528, ,0.0,0.0,0,0,0,0,0,0,0,0
TF,D018Y,42.770011,19.474497,0, ,0.0,0.0,0.0,0.0,0,0,0,0,0,0,0,0
TF,PELEV,42.616556,19.386222,0, ,0.0,0.0,0.0,0.0,0,0,0,0,0,0,0,0
TF,D018J,42.539775,19.342242,0, ,0.0,0.0,0.0,0.0,0,0,0,0,0,0,0,0
TF,POD,42.386194,19.254611,0, ,0.0,0.0,0.0,0.0,0,0,0,0,0,0,0,0

STAR,NIK1B,ALL,5
IF,NIK,42.776417,18.924167, ,0.0,0.0,0,0,0,0,0,0,0,0
TF,DAN,42.545000,19.123500,0, ,0.0,0.0,0.0,0.0,0,0,0,1,220,0,0,0
TF,POD,42.386194,19.254611,0, ,0.0,0.0,0.0,0.0,0,0,0,1,200,0,0,0
TF,PG304,42.339833,19.316833,0, ,0.0,0.0,0.0,0.0,0,0,0,1,200,0,0,0
TF,PG303,42.288944,19.311583,0, ,0.0,0.0,0.0,0.0,0,0,0,1,200,0,0,0
TF,PG302,42.238056,19.306389,0, ,0.0,0.0,0.0,0.0,0,0,0,1,185,0,0,0
TF,PG301,42.241778,19.239917,0, ,0.0,0.0,0.0,0.0,0,0,0,1,185,0,0,0

STAR,NIK2Y,ALL,2
IF,NIK,42.776417,18.924167, ,0.0,0.0,0,0,0,0,0,0,0,0
TF,DAN,42.545000,19.123500,0, ,0.0,0.0,0.0,0.0,0,0,0,0,0,0,0,0
TF,POD,42.386194,19.254611,0, ,0.0,0.0,0.0,0.0,0,0,0,0,0,0,0,0

STAR,RETR1B,ALL,5
IF,RETRA,42.228333,19.335000, ,0.0,0.0,0,0,0,0,0,0,0,0
TF,PG309,42.301250,19.240528,0, ,0.0,0.0,0.0,0.0,0,0,0,1,240,0,0,0
TF,PG308,42.381361,19.072556,0, ,0.0,0.0,0.0,0.0,0,0,0,1,220,0,0,0
TF,PG307,42.438222,19.090222,0, ,0.0,0.0,0.0,0.0,0,0,0,1,220,0,0,0
TF,POD,42.386194,19.254611,0, ,0.0,0.0,0.0,0.0,0,0,0,1,200,0,0,0
TF,PG304,42.339833,19.316833,0, ,0.0,0.0,0.0,0.0,0,0,0,1,200,0,0,0
TF,PG303,42.288944,19.311583,0, ,0.0,0.0,0.0,0.0,0,0,0,1,200,0,0,0
TF,PG302,42.238056,19.306389,0, ,0.0,0.0,0.0,0.0,0,0,0,1,185,0,0,0
TF,PG301,42.241778,19.239917,0, ,0.0,0.0,0.0,0.0,0,0,0,1,185,0,0,0

STAR,RETR4A,ALL,2
IF,RETRA,42.228333,19.335000, ,0.0,0.0,0,0,0,0,0,0,0,0
TF,GO,42.298889,19.245722,0, ,0.0,0.0,0.0,0.0,0,0,0,0,0,0,0,0
TF,D257G,42.369792,19.098283,0, ,0.0,0.0,0.0,0.0,0,0,0,0,0,0,0,1
DF,INBAV,42.423833,19.135861,2, ,0.0,0.0,0,0,0,1,220,0,0,0
TF,POD,42.386194,19.254611,0, ,0.0,0.0,0.0,0.0,0,0,0,0,0,0,0,0

APPTR,D36-Y,36,POD1
IF,POD,42.386194,19.254611, ,0.0,0.0,2,3500,0,0,0,0,1,0
FD,POD,42.386194,19.254611,0,POD,0.0,7.9,162.0,7.9,2,1800,0,1,185,0,0,0
CF,CF36Y,42.254597,19.241208,2,POD,179.3,7.9,359.0,1.0,2,1800,0,0,0,0,0,0

APPTR,D36-Y,36,POD2
IF,POD,42.386194,19.254611, ,0.0,0.0,2,3500,0,0,0,0,1,0
FD,POD,42.386194,19.254611,0,POD,0.0,7.9,166.0,7.9,2,1800,0,1,185,0,0,0
CF,CF36Y,42.254597,19.241208,2,POD,179.3,7.9,359.0,1.0,2,1800,0,0,0,0,0,0

FINAL,D36-Y,36,D,4
IF,CF36Y,42.254597,19.241208,POD,179.3,7.9,2,1800,0,0,0,0,0,0
CF,FF36Y,42.279583,19.243750,0,POD,179.3,6.4,359.0,1.5,2,1550,0,0,0,0,2,0
CF,GO,42.298889,19.245722,0,POD,179.3,5.3,359.0,1.2,2,1150,0,0,0,0,0,0
CF,MA36,42.336444,19.249528,0,POD,179.3,3.0,359.0,2.3,1,374,0,0,0,0,3,0
CF,POD,42.386194,19.254611,0,POD,0.0,0.0,359.0,3.0,0,0,0,0,0,0,0,0
CF,D018C,42.432361,19.281056,0,POD,18.0,3.0,18.0,3.0,2,1150,0,0,0,0,0,1
DF,POD,42.386194,19.254611,1, ,0.0,0.0,1,2400,0,1,185,0,0,0

APPTR,D36-Z,36,POD1
IF,POD,42.386194,19.254611, ,0.0,0.0,2,3500,0,0,0,0,1,0
FD,POD,42.386194,19.254611,0,POD,0.0,7.0,160.0,7.0,2,1200,0,1,185,0,0,0
CF,CF36Z,42.269892,19.242778,2,POD,179.3,7.0,359.0,1.0,2,1200,0,0,0,0,0,0

APPTR,D36-Z,36,POD2
IF,POD,42.386194,19.254611, ,0.0,0.0,2,3500,0,0,0,0,1,0
FD,POD,42.386194,19.254611,0,POD,0.0,7.0,166.0,7.0,2,1200,0,1,185,0,0,0
CF,CF36Z,42.269892,19.242778,2,POD,179.3,7.0,359.0,1.0,2,1200,0,0,0,0,0,0

FINAL,D36-Z,36,D,3
IF,CF36Z,42.269892,19.242778,POD,179.3,7.0,2,1200,0,0,0,0,0,0
CF,GO,42.298889,19.245722,0,POD,179.3,5.3,359.0,1.7,2,1150,0,0,0,0,2,0
CF,MA36,42.336444,19.249528,0,POD,179.3,3.0,359.0,2.3,1,374,0,0,0,0,3,0
CF,POD,42.386194,19.254611,0,POD,0.0,0.0,359.0,3.0,0,0,0,0,0,0,0,0
CF,D018C,42.432361,19.281056,0,POD,18.0,3.0,18.0,3.0,2,1150,0,0,0,0,0,1
DF,POD,42.386194,19.254611,1, ,0.0,0.0,1,2400,0,1,185,0,0,0

APPTR,I36-Y,36,POD1
IF,POD,42.386194,19.254611, ,0.0,0.0,2,3500,0,0,0,0,1,0
FD,POD,42.386194,19.254611,0,POD,0.0,7.9,162.0,7.9,2,1800,0,1,185,0,0,0
CF,CF36Y,42.254597,19.241208,2,YUI,179.3,7.1,359.0,1.0,2,1800,0,0,0,0,0,0

APPTR,I36-Y,36,POD2
IF,POD,42.386194,19.254611, ,0.0,0.0,2,3500,0,0,0,0,1,0
FD,POD,42.386194,19.254611,0,POD,0.0,7.9,166.0,7.9,2,1800,0,1,185,0,0,0
CF,CF36Y,42.254597,19.241208,2,YUI,179.3,7.1,359.0,1.0,2,1800,0,0,0,0,0,0

FINAL,I36-Y,36,I,3
IF,CF36Y,42.254597,19.241208,YUI,179.3,7.1,2,1800,0,0,0,0,0,0
CF,FF36Y,42.279583,19.243750,0,YUI,179.3,5.6,359.0,1.5,1,1550,0,0,0,0,2,0
CF,RW36,42.348172,19.250736,0,YUI,179.3,1.5,359.0,4.1,1,134,0,0,0,0,3,0
CF,POD,42.386194,19.254611,0,POD,0.0,0.0,359.0,2.3,0,0,0,0,0,0,0,0
CF,D018C,42.432361,19.281056,0,POD,18.0,3.0,18.0,3.0,2,1150,0,0,0,0,0,1
DF,POD,42.386194,19.254611,1, ,0.0,0.0,1,2400,0,1,185,0,0,0

APPTR,I36-Z,36,POD1
IF,POD,42.386194,19.254611, ,0.0,0.0,2,3500,0,0,0,0,1,0
FD,POD,42.386194,19.254611,0,POD,0.0,7.0,160.0,7.0,2,1200,0,1,185,0,0,0
CF,CF36Z,42.269892,19.242778,2,YUI,179.3,6.2,359.0,1.0,2,1200,0,0,0,0,0,0

APPTR,I36-Z,36,POD2
IF,POD,42.386194,19.254611, ,0.0,0.0,2,3500,0,0,0,0,1,0
FD,POD,42.386194,19.254611,0,POD,0.0,7.0,166.0,7.0,2,1200,0,1,185,0,0,0
CF,CF36Z,42.269892,19.242778,2,YUI,179.3,6.2,359.0,1.0,2,1200,0,0,0,0,0,0

FINAL,I36-Z,36,I,3
IF,CF36Z,42.269892,19.242778,YUI,179.3,6.2,2,1200,0,0,0,0,0,0
CF,OM36,42.298833,19.245750,0,YUI,179.3,4.5,359.0,1.7,1,1150,0,0,0,0,2,0
CF,RW36,42.348172,19.250736,0,YUI,179.3,1.5,359.0,3.0,1,134,0,0,0,0,3,0
CF,POD,42.386194,19.254611,0,POD,0.0,0.0,359.0,2.3,0,0,0,0,0,0,0,0
CF,D018C,42.432361,19.281056,0,POD,18.0,3.0,18.0,3.0,2,1150,0,0,0,0,0,1
DF,POD,42.386194,19.254611,1, ,0.0,0.0,1,2400,0,1,185,0,0,0

APPTR,N36-X,36,POD1
IF,POD,42.388583,19.254861, ,0.0,0.0,2,3500,0,1,160,0,0,0
FC,POD,42.388583,19.254861,0,POD,0.0,0.0,161.0,5.7,2,1140,0,0,0,0,0,1
CF,GO,42.298889,19.245722,2,POD,179.3,5.3,359.0,1.0,2,1140,0,0,0,0,0,0

APPTR,N36-X,36,POD2
IF,POD,42.388583,19.254861, ,0.0,0.0,2,3500,0,1,125,0,0,0
FC,POD,42.388583,19.254861,0,POD,0.0,0.0,165.0,5.6,2,1140,0,0,0,0,0,1
CF,GO,42.298889,19.245722,2,POD,179.3,5.3,359.0,1.0,2,1140,0,0,0,0,0,0

FINAL,N36-X,36,N,2
IF,GO,42.298889,19.245722,POD,0.0,0.0,2,1140,0,0,0,0,2,0
CF,MM36,42.338278,19.249806,0,POD,0.0,0.0,359.0,2.4,1,337,0,0,0,0,3,0
CF,POD,42.388583,19.254861,0,POD,359.4,0.1,359.0,3.0,0,0,0,0,0,0,0,1
CF,D199B,42.423742,19.275992,0,POD,17.9,2.4,19.0,2.3,0,0,0,0,0,0,0,1
DF,POD,42.388583,19.254861,1, ,0.0,0.0,1,2650,0,1,160,0,0,0

APPTR,Q36-Z,36,POD1
IF,POD,42.388583,19.254861, ,0.0,0.0,2,3500,0,0,0,0,0,0
FD,POD,42.388583,19.254861,0,POD,359.4,7.0,161.0,7.0,2,1200,0,1,185,0,0,0
CF,CF36Z,42.269892,19.242778,2,POD,179.3,7.0,359.0,1.0,2,1200,0,0,0,0,0,0

APPTR,Q36-Z,36,POD2
IF,POD,42.388583,19.254861, ,0.0,0.0,2,3500,0,0,0,0,0,0
FD,POD,42.388583,19.254861,0,POD,359.4,7.0,167.0,7.0,2,1200,0,1,185,0,0,0
CF,CF36Z,42.269892,19.242778,2,POD,179.3,7.0,359.0,1.0,2,1200,0,0,0,0,0,0

FINAL,Q36-Z,36,N,3
IF,CF36Z,42.269892,19.242778,POD,0.0,0.0,2,1200,0,0,0,0,0,0
CF,GO,42.298889,19.245722,0,POD,0.0,0.0,359.0,1.7,2,1150,0,0,0,0,2,0
CF,MA36,42.336444,19.249528,0,POD,0.0,3.0,359.0,2.3,1,374,0,0,0,0,3,0
CF,POD,42.388583,19.254861,0,POD,359.4,0.1,359.0,3.1,0,0,0,0,0,0,0,0
CF,D199C,42.432333,19.281139,0,POD,18.1,3.0,19.0,2.9,2,1150,0,0,0,0,0,1
DF,POD,42.388583,19.254861,1, ,0.0,0.0,1,2400,0,1,185,0,0,0

FINAL,R36,36,R,3
IF,PG301,42.241778,19.239917, ,0.0,0.0,1,1140,0,0,0,0,0,0
TF,GO,42.298889,19.245722,0, ,0.0,0.0,359.0,3.4,1,1140,0,1,185,0,2,0
TF,PG345,42.331333,19.249000,0, ,0.0,0.0,359.0,2.0,1,479,0,1,185,0,3,1
TF,POD,42.386194,19.254611,0, ,0.0,0.0,0.0,0.0,0,0,0,1,185,0,0,0
TF,PG346,42.436861,19.265861,0, ,0.0,0.0,0.0,0.0,0,0,0,1,185,0,0,1
DF,PG347,42.468167,19.189500,1, ,0.0,0.0,0,0,0,1,185,0,0,1
DF,POD,42.386194,19.254611,1, ,0.0,0.0,2,3100,0,1,185,0,0,0
TF,PG304,42.339833,19.316833,0, ,0.0,0.0,0.0,0.0,2,3100,0,1,185,0,0,0

