SID,KOFE1P,32,5
CA,0,314.0,2,500,0,1,200,0,0,0
DF,TV321,42.327500,18.583278,1, ,0.0,0.0,2,4000,0,1,220,0,0,0
TF,TV322,42.230611,18.599250,0, ,0.0,0.0,0.0,0.0,2,6000,0,1,220,0,0,0
TF,KOFER,41.927222,18.663611,0, ,0.0,0.0,0.0,0.0,2,10000,0,0,0,0,0,0

SID,KOFE2C,32,2
CA,0,314.0,2,500,0,0,0,0,0,0
CI,1, ,0.0,198.0,2,4000,0,1,220,0,0,0
CF,DESOL,42.238639,18.632000,0,POD,247.5,29.1,157.0,7.0,2,6000,0,0,0,0,0,1
CD, ,0,0,0,TIV,0,0.0,157.0,19.9,0,0,0,0,0,0,0,0
CF,KOFER,41.927222,18.663611,0,POD,219.0,38.1,191.0,8.0,2,10000,0,0,0,0,0,0

SID,LAST1P,32,5
CA,0,314.0,2,500,0,1,200,0,0,0
DF,TV321,42.327500,18.583278,1, ,0.0,0.0,2,4000,0,1,220,0,0,0
TF,TAZ,42.281972,18.800389,1, ,0.0,0.0,0.0,0.0,2,6000,0,1,230,0,0,0
TF,LASTI,42.100444,18.885083,0, ,0.0,0.0,0.0,0.0,2,6000,0,1,250,0,0,0

SID,LAST1Q,32,5
CA,0,314.0,2,500,0,1,200,0,0,0
DF,TV321,42.327500,18.583278,1, ,0.0,0.0,2,4000,0,1,220,0,0,0
TF,TV322,42.230611,18.599250,0, ,0.0,0.0,0.0,0.0,2,6000,0,1,230,0,0,0
TF,LASTI,42.100444,18.885083,0, ,0.0,0.0,0.0,0.0,2,6000,0,1,250,0,0,0

SID,LAST2M,14,5
CA,0,134.0,2,430,0,1,200,0,0,0
CF,TV141,42.262389,18.794139,0,POD,245.2,21.8,159.0,7.7,2,4000,0,1,250,0,0,0
TF,TV142,42.170278,18.845917,0, ,0.0,0.0,0.0,0.0,2,6000,0,1,250,0,0,0
TF,LASTI,42.100444,18.885083,0, ,0.0,0.0,0.0,0.0,2,6000,0,1,250,0,0,0

SID,LAST4F,14,2
CA,0,134.0,2,430,0,0,0,0,0,0
CF,TAZ,42.281972,18.800389,0,POD,248.0,21.2,154.0,6.5,0,0,0,0,0,0,0,0
TF,LASTI,42.100444,18.885083,0, ,0.0,0.0,0.0,0.0,2,6000,0,0,0,0,0,0

SID,LAST4T,32,2
CA,0,314.0,2,500,0,0,0,0,0,0
DF,TAZ,42.281972,18.800389,1, ,0.0,0.0,2,6000,0,1,220,0,0,0
TF,LASTI,42.100444,18.885083,0, ,0.0,0.0,0.0,0.0,0,0,0,0,0,0,0,0

SID,NIK1P,32,5
CA,0,314.0,2,500,0,1,200,0,0,0
DF,TV321,42.327500,18.583278,1, ,0.0,0.0,2,4000,0,1,220,0,0,0
TF,TV322,42.230611,18.599250,0, ,0.0,0.0,0.0,0.0,2,6000,0,1,220,0,0,0
TF,TAZ,42.281972,18.800389,1, ,0.0,0.0,0.0,0.0,2,9000,0,1,230,0,0,0
TF,NEGOX,42.381806,18.825222,0, ,0.0,0.0,0.0,0.0,2,10000,0,0,0,0,0,0
TF,LIGNA,42.480778,18.849917,0, ,0.0,0.0,0.0,0.0,2,11000,0,0,0,0,0,0
TF,GANTU,42.569222,18.872056,0, ,0.0,0.0,0.0,0.0,2,12000,0,0,0,0,0,0
TF,NIK,42.776417,18.924167,0, ,0.0,0.0,0.0,0.0,2,14000,0,0,0,0,0,0

SID,NIK2M,14,5
CA,0,134.0,2,430,0,1,200,0,0,0
CF,TV141,42.262389,18.794139,0,POD,245.2,21.8,159.0,7.7,2,4000,0,1,220,0,0,0
TF,TV142,42.170278,18.845917,0, ,0.0,0.0,0.0,0.0,2,6000,0,1,220,0,0,0
TF,TV144,42.149306,18.737500,2, ,0.0,0.0,0.0,0.0,2,7000,0,1,220,0,0,0
TF,TV145,42.245306,18.699611,0, ,0.0,0.0,0.0,0.0,2,9000,0,1,230,0,0,0
TF,TAZ,42.281972,18.800389,0, ,0.0,0.0,0.0,0.0,2,10000,0,1,240,0,0,0
TF,NEGOX,42.381806,18.825222,0, ,0.0,0.0,0.0,0.0,2,11000,0,0,0,0,0,0
TF,LIGNA,42.480778,18.849917,0, ,0.0,0.0,0.0,0.0,2,12000,0,0,0,0,0,0
TF,GANTU,42.569222,18.872056,0, ,0.0,0.0,0.0,0.0,2,13000,0,0,0,0,0,0
TF,NIK,42.776417,18.924167,0, ,0.0,0.0,0.0,0.0,2,14000,0,0,0,0,0,0

SID,NIK2N,14,5
CA,0,134.0,2,430,0,1,200,0,0,0
CF,TV141,42.262389,18.794139,0,POD,245.2,21.8,159.0,7.7,2,4000,0,1,220,0,0,0
TF,TV146,42.203194,18.685611,0, ,0.0,0.0,0.0,0.0,2,6000,0,1,230,0,0,0
TF,VEDUR,42.281222,18.601361,0, ,0.0,0.0,0.0,0.0,2,8000,0,1,240,0,0,0
TF,TV147,42.432417,18.696083,0, ,0.0,0.0,0.0,0.0,2,11000,0,0,0,0,0,0
TF,EBOVA,42.602056,18.802917,0, ,0.0,0.0,0.0,0.0,2,13000,0,0,0,0,0,0
TF,NIK,42.776417,18.924167,0, ,0.0,0.0,0.0,0.0,2,14000,0,0,0,0,0,0

SID,NIK4F,14,2
CA,0,134.0,2,430,0,0,0,0,0,0
CF,TAZ,42.281972,18.800389,0,POD,248.0,21.2,154.0,6.5,0,0,0,0,0,0,0,0
TF,D155L,42.209908,18.834072,0, ,0.0,0.0,0.0,0.0,2,4000,0,0,0,0,0,1
DF,TAZ,42.281972,18.800389,2, ,0.0,0.0,2,7000,0,0,0,0,0,0
TF,NEGOX,42.381806,18.825222,0, ,0.0,0.0,0.0,0.0,2,8000,0,0,0,0,0,0
TF,LIGNA,42.480778,18.849917,0, ,0.0,0.0,0.0,0.0,0,0,0,0,0,0,0,0
TF,GANTU,42.569222,18.872056,0, ,0.0,0.0,0.0,0.0,2,9000,0,0,0,0,0,0
TF,NIK,42.776417,18.924167,0, ,0.0,0.0,0.0,0.0,2,10000,0,0,0,0,0,0

SID,NIK4T,32,2
CA,0,314.0,2,500,0,0,0,0,0,0
CI,1, ,0.0,198.0,2,4000,0,1,220,0,0,0
CF,DESOL,42.238639,18.632000,0,POD,247.5,29.1,157.0,7.0,2,6000,0,0,0,0,0,1
DF,TAZ,42.281972,18.800389,1, ,0.0,0.0,2,7000,0,0,0,0,0,0
TF,NEGOX,42.381806,18.825222,0, ,0.0,0.0,0.0,0.0,2,8000,0,0,0,0,0,0
TF,LIGNA,42.480778,18.849917,0, ,0.0,0.0,0.0,0.0,0,0,0,0,0,0,0,0
TF,GANTU,42.569222,18.872056,0, ,0.0,0.0,0.0,0.0,2,9000,0,0,0,0,0,0
TF,NIK,42.776417,18.924167,0, ,0.0,0.0,0.0,0.0,2,10000,0,0,0,0,0,0

SID,NIK4V,14,2
CA,0,134.0,2,430,0,0,0,0,0,0
CF,D154F,42.301039,18.790458,0,POD,251.3,21.3,154.0,5.3,0,0,0,0,0,0,0,1
DF,NAPEV,42.187222,18.732667,0, ,0.0,0.0,2,6000,0,0,0,0,0,1
DF,VEDUR,42.281222,18.601361,2, ,0.0,0.0,2,11000,0,0,0,0,0,1
TF,EBOVA,42.602056,18.802917,0, ,0.0,0.0,0.0,0.0,0,0,0,0,0,0,0,0
TF,NIK,42.776417,18.924167,0, ,0.0,0.0,0.0,0.0,2,14000,0,0,0,0,0,0

SID,POD1P,32,5
CA,0,314.0,2,500,0,1,200,0,0,0
DF,TV321,42.327500,18.583278,1, ,0.0,0.0,2,4000,0,1,220,0,0,0
TF,TV322,42.230611,18.599250,0, ,0.0,0.0,0.0,0.0,2,6000,0,1,220,0,0,0
TF,TAZ,42.281972,18.800389,1, ,0.0,0.0,0.0,0.0,2,6000,0,1,230,0,0,0
TF,REKAR,42.327306,18.996833,0, ,0.0,0.0,0.0,0.0,2,6000,0,1,250,0,0,0
TF,POD,42.386194,19.254611,0, ,0.0,0.0,0.0,0.0,2,6000,0,1,250,0,0,0

SID,POD1Q,32,5
CA,0,314.0,2,500,0,1,200,0,0,0
DF,TV321,42.327500,18.583278,1, ,0.0,0.0,2,4000,0,1,220,0,0,0
TF,TAZ,42.281972,18.800389,1, ,0.0,0.0,0.0,0.0,2,6000,0,1,230,0,0,0
TF,REKAR,42.327306,18.996833,0, ,0.0,0.0,0.0,0.0,2,6000,0,1,250,0,0,0
TF,POD,42.386194,19.254611,0, ,0.0,0.0,0.0,0.0,2,6000,0,1,250,0,0,0

SID,POD2N,14,5
CA,0,134.0,2,430,0,1,200,0,0,0
CF,TV141,42.262389,18.794139,0,POD,245.2,21.8,159.0,7.7,2,4000,0,1,220,0,0,0
TF,TV142,42.170278,18.845917,0, ,0.0,0.0,0.0,0.0,2,6000,0,1,220,0,0,0
TF,TV143,42.233333,18.987972,1, ,0.0,0.0,0.0,0.0,2,6000,0,1,220,0,0,0
TF,POD,42.386194,19.254611,0, ,0.0,0.0,0.0,0.0,2,6000,0,1,250,0,0,0

SID,POD4V,14,2
CA,0,134.0,2,430,0,0,0,0,0,0
CF,TAZ,42.281972,18.800389,0,POD,248.0,21.2,154.0,6.5,0,0,0,0,0,0,0,0
TF,D155L,42.209908,18.834072,0, ,0.0,0.0,0.0,0.0,2,4000,0,0,0,0,0,1
CF,D227O,42.231914,18.989419,1,POD,227.0,15.0,47.0,5.0,2,6000,0,0,0,0,0,0
TF,POD,42.386194,19.254611,0, ,0.0,0.0,0.0,0.0,0,0,0,0,0,0,0,0

SID,POD4W,32,2
CA,0,314.0,2,500,0,0,0,0,0,0
CI,1, ,0.0,198.0,2,4000,0,1,220,0,0,0
CF,DESOL,42.238639,18.632000,0,POD,247.5,29.1,157.0,7.0,2,6000,0,0,0,0,0,1
DF,TAZ,42.281972,18.800389,1, ,0.0,0.0,0,0,0,0,0,0,0,0
TF,REKAR,42.327306,18.996833,0, ,0.0,0.0,0.0,0.0,0,0,0,0,0,0,0,0
TF,POD,42.386194,19.254611,0, ,0.0,0.0,0.0,0.0,0,0,0,0,0,0,0,0

SID,TIBR1P,32,5
CA,0,314.0,2,500,0,1,200,0,0,0
DF,TV321,42.327500,18.583278,1, ,0.0,0.0,2,4000,0,1,220,0,0,0
TF,TV322,42.230611,18.599250,0, ,0.0,0.0,0.0,0.0,2,6000,0,1,220,0,0,0
TF,TV323,42.263056,18.726583,1, ,0.0,0.0,0.0,0.0,2,8000,0,1,230,0,0,0
TF,TV324,42.362972,18.733667,0, ,0.0,0.0,0.0,0.0,2,10000,0,1,240,0,0,0
TF,TIBRI,42.410556,18.554167,0, ,0.0,0.0,0.0,0.0,2,16000,0,0,0,0,0,0

SID,TIBR2M,14,5
CA,0,134.0,2,430,0,1,200,0,0,0
CF,TV141,42.262389,18.794139,0,POD,245.2,21.8,159.0,7.7,2,4000,0,1,220,0,0,0
TF,TV142,42.170278,18.845917,0, ,0.0,0.0,0.0,0.0,2,6000,0,1,220,0,0,0
TF,TV144,42.149306,18.737500,2, ,0.0,0.0,0.0,0.0,2,7000,0,1,220,0,0,0
TF,VEDUR,42.281222,18.601361,0, ,0.0,0.0,0.0,0.0,2,11000,0,0,0,0,0,0
TF,TIBRI,42.410556,18.554167,0, ,0.0,0.0,0.0,0.0,2,16000,0,0,0,0,0,0

SID,TIBR4F,14,2
CA,0,134.0,2,430,0,0,0,0,0,0
CF,TAZ,42.281972,18.800389,0,POD,248.0,21.2,154.0,6.5,0,0,0,0,0,0,0,0
TF,D155L,42.209908,18.834072,0, ,0.0,0.0,0.0,0.0,2,4000,0,0,0,0,0,1
DF,D300M,42.404806,18.565214,2, ,0.0,0.0,0,0,0,0,0,0,0,0
TF,TIBRI,42.410556,18.554167,0, ,0.0,0.0,0.0,0.0,2,16000,0,0,0,0,0,0

SID,TIBR4T,32,2
CA,0,314.0,2,500,0,0,0,0,0,0
CI,1, ,0.0,198.0,2,4000,0,1,220,0,0,0
CF,DESOL,42.238639,18.632000,0,BUI,252.7,86.1,157.0,7.0,2,6000,0,0,0,0,0,1
DF,D300L,42.394267,18.585464,1, ,0.0,0.0,0,0,0,0,0,0,0,0
TF,TIBRI,42.410556,18.554167,0, ,0.0,0.0,0.0,0.0,2,16000,0,0,0,0,0,0

STAR,LAST1H,ALL,5
IF,LASTI,42.100444,18.885083, ,0.0,0.0,0,0,0,0,0,0,0,0
TF,GOSUT,42.161056,18.862722,0, ,0.0,0.0,0.0,0.0,0,0,0,1,220,0,0,0
TF,TV301,42.203222,18.841000,0, ,0.0,0.0,0.0,0.0,0,0,0,1,200,0,0,0

STAR,LAST3C,ALL,2
IF,LASTI,42.100444,18.885083, ,0.0,0.0,0,0,0,0,0,0,0,0
TF,GOSUT,42.161056,18.862722,0, ,0.0,0.0,0.0,0.0,0,0,0,0,0,0,0,0

STAR,PINU1D,ALL,5
IF,PINUK,41.865556,18.590000, ,0.0,0.0,0,0,0,0,0,0,0,0
TF,TV306,41.983778,18.738139,0, ,0.0,0.0,0.0,0.0,0,0,0,1,250,0,0,0
TF,TV303,42.039694,18.808444,0, ,0.0,0.0,0.0,0.0,0,0,0,1,250,0,0,0
TF,LASTI,42.100444,18.885083,0, ,0.0,0.0,0.0,0.0,0,0,0,1,250,0,0,0
TF,GOSUT,42.161056,18.862722,0, ,0.0,0.0,0.0,0.0,0,0,0,1,220,0,0,0
TF,TV301,42.203222,18.841000,0, ,0.0,0.0,0.0,0.0,0,0,0,1,200,0,0,0

STAR,PINU3A,ALL,2
IF,PINUK,41.865556,18.590000, ,0.0,0.0,0,0,0,0,0,0,0,0
TF,POD34,41.975569,18.729122,0, ,0.0,0.0,0.0,0.0,0,0,0,0,0,0,0,0
TF,LASTI,42.100444,18.885083,0, ,0.0,0.0,0.0,0.0,0,0,0,0,0,0,0,0
TF,GOSUT,42.161056,18.862722,0, ,0.0,0.0,0.0,0.0,0,0,0,0,0,0,0,0

STAR,POD1D,ALL,5
IF,POD,42.386194,19.254611, ,0.0,0.0,0,0,0,0,0,0,0,0
TF,SORAG,42.203167,19.017361,0, ,0.0,0.0,0.0,0.0,0,0,0,1,250,0,0,0
TF,OLIVU,42.148417,18.946889,0, ,0.0,0.0,0.0,0.0,0,0,0,1,250,0,0,0
TF,GOSUT,42.161056,18.862722,0, ,0.0,0.0,0.0,0.0,0,0,0,1,210,0,0,0
TF,TV301,42.203222,18.841000,0, ,0.0,0.0,0.0,0.0,0,0,0,1,200,0,0,0

STAR,POD1E,ALL,5
IF,POD,42.386194,19.254611, ,0.0,0.0,0,0,0,0,0,0,0,0
TF,MAMOL,42.110889,18.989000,0, ,0.0,0.0,0.0,0.0,0,0,0,1,250,0,0,0
TF,LASTI,42.100444,18.885083,0, ,0.0,0.0,0.0,0.0,0,0,0,1,230,0,0,0
TF,GOSUT,42.161056,18.862722,0, ,0.0,0.0,0.0,0.0,0,0,0,1,210,0,0,0
TF,TV301,42.203222,18.841000,0, ,0.0,0.0,0.0,0.0,0,0,0,1,200,0,0,0

STAR,POD1F,ALL,5
IF,POD,42.386194,19.254611, ,0.0,0.0,0,0,0,0,0,0,0,0
TF,MAMOL,42.110889,18.989000,0, ,0.0,0.0,0.0,0.0,0,0,0,1,250,0,0,0
TF,TV305,42.043278,18.966556,0, ,0.0,0.0,0.0,0.0,0,0,0,1,230,0,0,0
TF,TV304,41.982528,18.889833,0, ,0.0,0.0,0.0,0.0,0,0,0,1,220,0,0,0
TF,TV303,42.039694,18.808444,0, ,0.0,0.0,0.0,0.0,0,0,0,1,220,0,0,0
TF,LASTI,42.100444,18.885083,0, ,0.0,0.0,0.0,0.0,0,0,0,1,220,0,0,0
TF,GOSUT,42.161056,18.862722,0, ,0.0,0.0,0.0,0.0,0,0,0,1,220,0,0,0
TF,TV301,42.203222,18.841000,0, ,0.0,0.0,0.0,0.0,0,0,0,1,200,0,0,0

STAR,POD3B,ALL,2
IF,POD,42.386194,19.254611, ,0.0,0.0,0,0,0,0,0,0,0,0
TF,OLIVU,42.148417,18.946889,0, ,0.0,0.0,0.0,0.0,0,0,0,0,0,0,0,0

STAR,POD3C,ALL,2
IF,POD,42.386194,19.254611, ,0.0,0.0,0,0,0,0,0,0,0,0
TF,D211O,42.182983,19.058275,0, ,0.0,0.0,0.0,0.0,0,0,0,0,0,0,0,0
TF,MAMOL,42.110889,18.989000,0, ,0.0,0.0,0.0,0.0,0,0,0,0,0,0,0,0

STAR,TAZ1D,ALL,5
IF,TAZ,42.281972,18.800389, ,0.0,0.0,0,0,0,0,0,0,0,0
TF,SORAG,42.203167,19.017361,2, ,0.0,0.0,0.0,0.0,0,0,0,1,250,0,0,0
TF,OLIVU,42.148417,18.946889,0, ,0.0,0.0,0.0,0.0,0,0,0,1,210,0,0,0
TF,GOSUT,42.161056,18.862722,0, ,0.0,0.0,0.0,0.0,0,0,0,1,210,0,0,0
TF,TV301,42.203222,18.841000,0, ,0.0,0.0,0.0,0.0,0,0,0,1,200,0,0,0

STAR,TAZ1E,ALL,5
IF,TAZ,42.281972,18.800389, ,0.0,0.0,0,0,0,0,0,0,0,0
TF,LASTI,42.100444,18.885083,0, ,0.0,0.0,0.0,0.0,0,0,0,1,230,0,0,0
HM,LASTI,42.100444,18.885083,2, ,0.0,0.0,38.0,04.3,0,0,0,1,230,0,0,0,0
TF,GOSUT,42.161056,18.862722,0, ,0.0,0.0,0.0,0.0,0,0,0,1,220,0,0,0
TF,TV301,42.203222,18.841000,0, ,0.0,0.0,0.0,0.0,0,0,0,1,200,0,0,0

STAR,TAZ3A,ALL,2
IF,TAZ,42.281972,18.800389, ,0.0,0.0,0,0,0,0,0,0,0,0
TF,D121H,42.205442,18.941903,0, ,0.0,0.0,0.0,0.0,0,0,0,0,0,0,0,1
DF,OLIVU,42.148417,18.946889,0, ,0.0,0.0,0,0,0,0,0,0,0,0

STAR,TAZ3B,ALL,2
IF,TAZ,42.281972,18.800389, ,0.0,0.0,0,0,0,0,0,0,0,0
TF,LASTI,42.100444,18.885083,0, ,0.0,0.0,0.0,0.0,0,0,0,0,0,0,0,0
HF,LASTI,42.100444,18.885083,2, ,0.0,0.0,39.0,04,2,6000,0,1,220,0,0,0,0
TF,GOSUT,42.161056,18.862722,0, ,0.0,0.0,0.0,0.0,0,0,0,0,0,0,0,0

FINAL,L32-Y,32,D,4
IF,TV301,42.203222,18.841000,TIV,154.0,12.4,2,2600,0,0,0,0,0,0
CF,TAZ,42.281972,18.800389,0,TIV,154.0,7.3,334.0,5.1,2,2600,0,0,0,0,2,0
CF,45LOC,42.326008,18.777619,0,TIV,154.0,4.5,334.0,2.8,2,1650,0,0,0,0,0,0
CF,ML32,42.349306,18.765556,0,TIV,154.0,3.0,334.0,1.5,1,1140,0,0,0,0,3,1
CI,1, ,0.0,199.0,0,0,0,1,185,0,0,0
CF,DESOL,42.238639,18.632000,0,POD,247.5,29.1,157.0,5.0,0,0,0,0,0,0,0,0
CF,D157Y,42.031925,18.722964,0,POD,223.3,31.8,157.0,13.1,0,0,0,0,0,0,0,1
CF,LASTI,42.100444,18.885083,1,POD,219.0,23.8,39.0,8.0,2,6000,0,1,185,0,0,0

APPTR,L32-Z,32,MAMOL
FC,MAMOL,42.110889,18.989000,0,POD,0.0,0.0,211.0,1.0,2,4600,0,0,0,0,1,1
CF,D154R,42.112317,18.887567,2,POD,220.0,23.2,334.0,2.0,2,4600,0,0,0,0,0,0
CF,GOSUT,42.161056,18.862722,0,TIV,154.0,15.1,334.0,3.0,2,4000,0,0,0,0,1,0

APPTR,L32-Z,32,OLIVU
FC,OLIVU,42.148417,18.946889,0,POD,0.0,0.0,219.0,1.0,2,4000,0,1,240,0,1,1
CF,GOSUT,42.161056,18.862722,2,TIV,154.0,15.1,334.0,3.0,2,4000,0,0,0,0,1,0

FINAL,L32-Z,32,D,4
IF,GOSUT,42.161056,18.862722,TIV,154.0,15.1,2,4000,0,0,0,0,0,0
CF,TAZ,42.281972,18.800389,0,TIV,154.0,7.3,334.0,7.8,2,2600,0,0,0,0,2,0
CF,45LOC,42.326008,18.777619,0,TIV,154.0,4.5,334.0,2.8,2,1650,0,0,0,0,0,0
CF,ML32,42.349306,18.765556,0,TIV,154.0,3.0,334.0,1.5,1,1140,0,0,0,0,3,1
CI,1, ,0.0,199.0,0,0,0,1,185,0,0,0
CF,DESOL,42.238639,18.632000,0,POD,247.5,29.1,157.0,5.0,0,0,0,0,0,0,0,0
CF,D157Y,42.031925,18.722964,0,POD,223.3,31.8,157.0,13.1,0,0,0,0,0,0,0,1
CF,LASTI,42.100444,18.885083,1,POD,219.0,23.8,39.0,8.0,2,6000,0,1,185,0,0,0

FINAL,Q14-Y,14,N,2
IF,TV301,42.203222,18.841000,TAZ,0.0,0.0,2,2600,0,0,0,0,2,0
CF,TAZ,42.281972,18.800389,0,TIV,0.0,7.3,334.0,5.1,1,2600,0,0,0,0,3,0
CI,1, ,0.0,199.0,0,0,0,1,185,0,0,0
CF,D157Y,42.031925,18.722964,0,POD,223.3,31.8,157.0,12.0,0,0,0,0,0,0,0,1
CF,LASTI,42.100444,18.885083,1,POD,219.0,23.8,39.0,8.0,2,6000,0,1,185,0,0,0

APPTR,Q14-Z,14,MAMOL
FC,MAMOL,42.110889,18.989000,0,POD,0.0,0.0,211.0,1.0,2,4600,0,0,0,0,1,1
CF,D154R,42.112317,18.887567,2,POD,220.0,23.2,334.0,2.0,2,4600,0,0,0,0,0,0
CF,GOSUT,42.161056,18.862722,0,POD,227.4,22.1,334.0,3.0,2,4000,0,0,0,0,1,0

APPTR,Q14-Z,14,OLIVU
FC,OLIVU,42.148417,18.946889,0,POD,0.0,0.0,219.0,1.0,2,4000,0,1,240,0,1,1
CF,GOSUT,42.161056,18.862722,2,POD,227.4,22.1,334.0,3.0,2,4000,0,0,0,0,1,0

FINAL,Q14-Z,14,N,2
IF,GOSUT,42.161056,18.862722,TAZ,0.0,0.0,2,4000,0,0,0,0,2,0
CF,TAZ,42.281972,18.800389,0,TIV,0.0,7.3,334.0,7.8,1,2600,0,0,0,0,3,0
CI,1, ,0.0,199.0,0,0,0,1,185,0,0,0
CF,D157Y,42.031925,18.722964,0,POD,223.3,31.8,157.0,12.0,0,0,0,0,0,0,0,1
CF,LASTI,42.100444,18.885083,1,POD,219.0,23.8,39.0,8.0,2,6000,0,1,185,0,0,0

FINAL,Q32-Y,32,N,2
IF,TV301,42.203222,18.841000,TAZ,0.0,0.0,2,2600,0,0,0,0,2,0
CF,TAZ,42.281972,18.800389,0,TIV,0.0,7.3,334.0,5.1,1,2600,0,0,0,0,3,0
CI,1, ,0.0,199.0,0,0,0,1,185,0,0,0
CF,D157Y,42.031925,18.722964,0,POD,223.3,31.8,157.0,12.0,0,0,0,0,0,0,0,1
CF,LASTI,42.100444,18.885083,1,POD,219.0,23.8,39.0,8.0,2,6000,0,1,185,0,0,0

APPTR,Q32-Z,32,MAMOL
FC,MAMOL,42.110889,18.989000,0,POD,0.0,0.0,211.0,1.0,2,4600,0,0,0,0,1,1
CF,D154R,42.112317,18.887567,2,POD,220.0,23.2,334.0,2.0,2,4600,0,0,0,0,0,0
CF,GOSUT,42.161056,18.862722,0,POD,227.4,22.1,334.0,3.0,2,4000,0,0,0,0,1,0

APPTR,Q32-Z,32,OLIVU
FC,OLIVU,42.148417,18.946889,0,POD,0.0,0.0,219.0,1.0,2,4000,0,1,240,0,1,1
CF,GOSUT,42.161056,18.862722,2,POD,227.4,22.1,334.0,3.0,2,4000,0,0,0,0,1,0

FINAL,Q32-Z,32,N,2
IF,GOSUT,42.161056,18.862722,TAZ,0.0,0.0,2,4000,0,0,0,0,2,0
CF,TAZ,42.281972,18.800389,0,TIV,0.0,7.3,334.0,7.8,1,2600,0,0,0,0,3,0
CI,1, ,0.0,199.0,0,0,0,1,185,0,0,0
CF,D157Y,42.031925,18.722964,0,POD,223.3,31.8,157.0,12.0,0,0,0,0,0,0,0,1
CF,LASTI,42.100444,18.885083,1,POD,219.0,23.8,39.0,8.0,2,6000,0,1,185,0,0,0

