SID,BERV3Z,01,2
DF,RP,48.474500,17.152639,0, ,0.0,0.0,0,0,0,1,210,0,0,0
TF,BERVA,48.617500,17.541111,0, ,0.0,0.0,0.0,0.0,0,0,0,0,0,0,0,0

SID,BERV4A,19,2
CA,0,193.0,2,1200,0,0,0,0,0,0
CF,RP,48.474500,17.152639,2,MLC,339.7,6.9,37.0,6.0,0,0,0,1,210,0,0,0
TF,BERVA,48.617500,17.541111,0, ,0.0,0.0,0.0,0.0,0,0,0,0,0,0,0,0

SID,ODNE1Z,01,2
DF,RP,48.474500,17.152639,0, ,0.0,0.0,0,0,0,1,210,0,0,0
TF,ODNEM,48.853200,17.167844,0, ,0.0,0.0,0.0,0.0,0,0,0,0,0,0,0,0

SID,ODNE3A,19,2
CA,0,193.0,2,1200,0,0,0,0,0,0
CF,RP,48.474500,17.152639,2,MLC,339.7,6.9,37.0,6.0,0,0,0,1,210,0,0,0
TF,ODNEM,48.853200,17.167844,0, ,0.0,0.0,0.0,0.0,0,0,0,0,0,0,0,0

STAR,BERV3A,19,2
IF,BERVA,48.617500,17.541111, ,0.0,0.0,0,0,0,0,0,0,0,0
FD,BERVA,48.617500,17.541111,0,NIT,309.2,32.4,309.0,32.4,0,0,0,0,0,0,0,0
CF,RIBKI,48.729167,17.365000,0,NIT,309.2,38.0,309.0,5.6,0,0,0,0,0,0,0,0

STAR,ODNE2A,19,2
IF,ODNEM,48.853200,17.167844, ,0.0,0.0,0,0,0,0,0,0,0,0
TF,RAKOV,48.790278,17.268056,0, ,0.0,0.0,0.0,0.0,0,0,0,0,0,0,0,0

APPTR,I19,19,RAKOV
IF,RAKOV,48.790278,17.268056, ,0.0,0.0,0,0,0,0,0,0,1,0
CF,D013P,48.662444,17.242297,0,JAN,332.5,31.5,193.0,8.0,2,4500,0,0,0,0,0,0
CF,CF19,48.579778,17.202806,0,RP,12.5,12.2,193.0,5.2,2,3500,0,0,0,0,1,0

APPTR,I19,19,RIBKI
FC,RIBKI,48.729167,17.365000,0,JAN,0.0,0.0,309.0,1.0,0,0,0,0,0,0,1,0
CF,D013P,48.662444,17.242297,1,JAN,332.5,31.5,193.0,4.0,2,4500,0,0,0,0,0,0
CF,CF19,48.579778,17.202806,0,RP,12.5,12.2,193.0,5.2,2,3500,0,0,0,0,1,0

FINAL,I19,19,I,3
IF,CF19,48.579778,17.202806,RP,12.5,12.2,2,3500,0,0,0,0,0,0
CF,FF19,48.500389,17.165000,0,RP,12.5,7.2,193.0,5.0,1,2500,0,0,0,0,2,0
CF,RW19,48.412739,17.123411,0,RP,12.5,1.7,193.0,5.5,1,743,0,0,0,0,3,0
CA,0,193.0,2,1200,0,0,0,0,0,0
DF,RP,48.474500,17.152639,2, ,0.0,0.0,2,3500,0,0,0,0,0,0
FD,RP,48.474500,17.152639,0,RP,0.0,12.0,343.0,12.0,0,0,0,0,0,0,0,0
DF,RP,48.474500,17.152639,2, ,0.0,0.0,0,0,0,1,185,0,0,0

APPTR,Q19,19,RAKOV
IF,RAKOV,48.790278,17.268056, ,0.0,0.0,0,0,0,0,0,0,1,0
CF,D013P,48.662444,17.242297,0,JAN,332.5,31.5,193.0,8.0,2,4500,0,0,0,0,0,0
CF,CF19,48.579778,17.202806,0,JAN,325.5,27.7,193.0,5.2,2,3500,0,0,0,0,1,0

APPTR,Q19,19,RIBKI
FC,RIBKI,48.729167,17.365000,0,JAN,0.0,0.0,309.0,1.0,0,0,0,0,0,0,1,0
CF,D013P,48.662444,17.242297,1,JAN,332.5,31.5,193.0,4.0,2,4500,0,0,0,0,0,0
CF,CF19,48.579778,17.202806,0,JAN,325.5,27.7,193.0,5.2,2,3500,0,0,0,0,1,0

FINAL,Q19,19,N,4
IF,CF19,48.579778,17.202806,RP,0.0,0.0,2,3500,0,0,0,0,0,0
CF,FF19,48.500389,17.165000,0,RP,0.0,0.0,193.0,5.0,2,2500,0,0,0,0,2,0
CF,RP,48.474500,17.152639,0,RP,0.0,0.0,193.0,1.6,2,1981,0,0,0,0,0,0
CF,R,48.421139,17.127389,0,RP,0.0,0.7,193.0,3.4,1,912,0,0,0,0,3,0
CA,0,193.0,2,2000,0,0,0,0,0,0
DF,RP,48.474500,17.152639,2, ,0.0,0.0,2,3500,0,0,0,0,0,0
FD,RP,48.474500,17.152639,0,RP,0.0,12.0,343.0,12.0,0,0,0,0,0,0,0,0
DF,RP,48.474500,17.152639,2, ,0.0,0.0,0,0,0,1,185,0,0,0

