SID,BERV2T,19,2
DF,D190C,48.578333,17.811389,0, ,0.0,0.0,0,0,0,0,0,0,0,1
VI,0, ,0.0,264.0,0,0,0,1,190,0,0,0
CF,BERVA,48.617500,17.541111,0,NIT,310.2,28.3,309.0,6.0,0,0,0,0,0,0,0,0

SID,BERV4D,01,2
DF,D009E,48.699806,17.855944,0, ,0.0,0.0,0,0,0,0,0,0,0,1
CF,D322W,48.614247,17.720808,1,JAN,11.0,27.1,191.0,7.0,0,0,0,1,185,0,0,0
CF,BERVA,48.617500,17.541111,0,JAN,355.7,26.4,268.0,7.7,0,0,0,0,0,0,0,0

SID,MAVO3D,01,2
DF,D009E,48.699806,17.855944,0, ,0.0,0.0,0,0,0,0,0,0,0,1
VI,1, ,0.0,256.0,0,0,0,1,185,0,0,0
CF,MAVOR,48.821394,17.537503,0,NIT,323.5,37.9,314.0,8.0,0,0,0,0,0,0,0,0

SID,NIT2T,19,2
DF,D189J,48.456944,17.767222,0, ,0.0,0.0,0,0,0,0,0,0,0,1
CF,NIT,48.290556,18.050556,0,NIT,0.0,0.0,119.0,14.0,0,0,0,0,0,0,0,0

SID,NIT4D,01,2
DF,D009E,48.699806,17.855944,0, ,0.0,0.0,0,0,0,0,0,0,0,1
CF,D322W,48.614247,17.720808,1,JAN,11.0,27.1,191.0,7.0,0,0,0,1,185,0,0,0
CF,NIT,48.290556,18.050556,0,NIT,0.0,0.0,142.0,23.0,0,0,0,0,0,0,0,0

SID,OKR1T,19,2
DF,D189J,48.456944,17.767222,0, ,0.0,0.0,0,0,0,0,0,0,0,1
CF,OKR,48.223861,17.290333,0,NIT,258.8,30.7,231.0,23.0,0,0,0,0,0,0,0,0

SID,OKR4D,01,2
DF,D009E,48.699806,17.855944,0, ,0.0,0.0,0,0,0,0,0,0,0,1
CF,D322W,48.614247,17.720808,1,JAN,11.0,27.1,191.0,7.0,0,0,0,1,185,0,0,0
CF,OKR,48.223861,17.290333,0,JAN,281.0,10.6,212.0,29.2,0,0,0,0,0,0,0,0

STAR,BERV3P,01,2
IF,BERVA,48.617500,17.541111, ,0.0,0.0,0,0,0,0,0,0,0,0
TF,VAPIT,48.433250,17.542639,0, ,0.0,0.0,0.0,0.0,0,0,0,0,0,0,0,0

STAR,JAN2P,01,2
IF,JAN,48.178667,17.544667, ,0.0,0.0,0,0,0,0,0,0,0,0
TF,ASLOT,48.356361,17.730833,0, ,0.0,0.0,0.0,0.0,0,0,0,0,0,0,0,0

STAR,NIT3P,01,2
IF,NIT,48.290556,18.050556, ,0.0,0.0,0,0,0,0,0,0,0,0
TF,XENDI,48.330917,17.924750,0, ,0.0,0.0,0.0,0.0,0,0,0,0,0,0,0,0

APPTR,I01,01,ASLOT
IF,ASLOT,48.356361,17.730833, ,0.0,0.0,0,0,0,0,0,0,1,0
CF,CF01,48.412639,17.751194,0,CN,188.6,13.8,9.0,3.5,2,3000,0,0,0,0,1,0

APPTR,I01,01,PNY
IF,PNY,48.608111,17.822250, ,0.0,0.0,0,0,0,1,230,0,0,0
FD,PNY,48.608111,17.822250,0,CN,0.0,8.9,161.0,8.9,2,3000,0,0,0,0,0,0
CI,2,CN,0.0,324.0,2,3000,0,0,0,0,0,0

APPTR,I01,01,VAPIT
IF,VAPIT,48.433250,17.542639, ,0.0,0.0,0,0,0,0,0,0,1,0
CF,D288U,48.424278,17.573744,0,JAN,0.5,14.8,108.0,1.4,2,4000,0,0,0,0,0,0
CF,D288P,48.392158,17.689144,0,JAN,20.2,14.1,108.0,5.0,2,3000,0,0,0,0,0,1
CF,CF01,48.412639,17.751194,1,CN,188.6,13.8,9.0,1.0,2,3000,0,0,0,0,1,0

APPTR,I01,01,XENDI
IF,XENDI,48.330917,17.924750, ,0.0,0.0,0,0,0,0,0,0,1,0
CF,D291L,48.379303,17.776406,0,JAN,33.5,15.2,291.0,6.6,2,3000,0,0,0,0,0,1
CF,CF01,48.412639,17.751194,0,CN,188.6,13.8,9.0,2.0,2,3000,0,0,0,0,1,0

FINAL,I01,01,I,3
IF,CF01,48.412639,17.751194,CN,188.6,13.8,2,3000,0,0,0,0,0,0
CF,FF01,48.493583,17.780611,0,CN,188.6,8.8,9.0,5.0,1,3000,0,0,0,0,2,0
CF,RW01,48.616383,17.825383,0,CN,188.6,1.2,9.0,7.6,1,585,0,0,0,0,3,0
CF,D009E,48.699806,17.855944,0,JAN,17.6,33.7,9.0,5.2,0,0,0,0,0,0,0,1
DF,PNY,48.608111,17.822250,1, ,0.0,0.0,1,4300,0,1,210,0,0,0
HM,PNY,48.608111,17.822250,2, ,0.0,0.0,189.0,04.3,2,4300,0,0,0,0,0,0,0

APPTR,Q01,01,ASLOT
IF,ASLOT,48.356361,17.730833, ,0.0,0.0,0,0,0,0,0,0,1,0
CF,CF01,48.412639,17.751194,0,JAN,26.4,16.3,9.0,3.5,2,3000,0,0,0,0,1,0
CF,FF01,48.493583,17.780611,0,JAN,22.5,21.1,9.0,5.0,2,3000,0,0,0,0,0,0

APPTR,Q01,01,PNY
IF,PNY,48.608111,17.822250, ,0.0,0.0,0,0,0,1,230,0,0,0
FD,PNY,48.608111,17.822250,0,CN,0.0,8.9,161.0,8.9,2,3000,0,0,0,0,0,0
CF,FF01,48.493583,17.780611,2,JAN,22.5,21.1,9.0,2.0,2,3000,0,0,0,0,0,0

APPTR,Q01,01,VAPIT
IF,VAPIT,48.433250,17.542639, ,0.0,0.0,0,0,0,0,0,0,1,0
CF,D288U,48.424278,17.573744,0,JAN,0.5,14.8,108.0,1.4,2,4000,0,0,0,0,0,0
CF,D288P,48.392158,17.689144,0,JAN,20.2,14.1,108.0,5.0,2,3000,0,0,0,0,0,1
CF,CF01,48.412639,17.751194,1,JAN,26.4,16.3,9.0,1.0,2,3000,0,0,0,0,1,0
CF,FF01,48.493583,17.780611,0,JAN,22.5,21.1,9.0,5.0,2,3000,0,0,0,0,0,0

APPTR,Q01,01,XENDI
IF,XENDI,48.330917,17.924750, ,0.0,0.0,0,0,0,0,0,0,1,0
CF,D291L,48.379303,17.776406,0,JAN,33.5,15.2,291.0,6.6,2,3000,0,0,0,0,0,1
CF,CF01,48.412639,17.751194,0,JAN,26.4,16.3,9.0,1.0,2,3000,0,0,0,0,1,0
CF,FF01,48.493583,17.780611,0,JAN,22.5,21.1,9.0,5.0,2,3000,0,0,0,0,0,0

FINAL,Q01,01,N,3
IF,FF01,48.493583,17.780611,PNY,0.0,0.0,2,3000,0,0,0,0,2,0
CF,40DME,48.554139,17.802611,0,PNY,0.0,0.0,9.0,3.7,2,1809,0,0,0,0,0,0
CF,PNY,48.608111,17.822250,0,CN,0.0,0.7,9.0,3.3,1,749,0,0,0,0,3,0
CF,D009E,48.699806,17.855944,0,JAN,17.6,33.7,9.0,5.7,0,0,0,0,0,0,0,1
DF,PNY,48.608111,17.822250,1, ,0.0,0.0,1,4300,0,1,210,0,0,0
HM,PNY,48.608111,17.822250,2, ,0.0,0.0,189.0,04.3,2,4300,0,0,0,0,0,0,0

FINAL,R01,01,R,3
IF,NIGER,48.412639,17.751208, ,0.0,0.0,2,3000,0,0,0,0,1,0
TF,PP01F,48.493592,17.780606,0, ,0.0,0.0,9.0,5.0,2,3000,0,0,0,0,2,0
TF,RW01,48.616383,17.825383,0, ,0.0,0.0,9.0,7.6,1,585,0,0,0,0,3,1
TF,PPM01,48.699800,17.855931,0, ,0.0,0.0,0.0,0.0,0,0,0,1,210,0,0,1
DF,PNY,48.608125,17.822253,1, ,0.0,0.0,1,4300,0,0,0,0,0,1
HM,PNY,48.608125,17.822253,2, ,0.0,0.0,189.0,06.9,2,4300,0,0,0,0,0,0,0

