SID,FATR1C,36,2
DF,FATRA,48.808056,19.142778,0, ,0.0,0.0,0,0,0,0,0,0,0,0

SID,KALI1C,36,2
CA,0,357.0,2,2500,0,0,0,0,0,0
CF,FS,48.562778,19.130000,2,NIT,63.8,46.1,206.0,8.0,0,0,0,1,230,0,0,1
CI,1, ,0.0,66.0,0,0,0,1,230,0,0,0
CF,KALIF,48.505833,19.571944,0,NIT,72.4,62.2,96.0,11.0,0,0,0,0,0,0,0,0

SID,KREM1C,36,2
CA,0,357.0,2,2500,0,0,0,0,0,0
CF,FS,48.562778,19.130000,2,NIT,63.8,46.1,206.0,8.0,0,0,0,1,230,0,0,1
CI,2, ,0.0,349.0,0,0,0,1,230,0,0,0
CF,KREMI,48.783889,18.883889,0,NIT,43.0,44.5,318.0,10.0,0,0,0,0,0,0,0,0

SID,TIVO1C,36,2
CA,0,357.0,2,2500,0,0,0,0,0,0
CF,FS,48.562778,19.130000,2,NIT,63.8,46.1,206.0,8.0,0,0,0,1,230,0,0,1
CI,1, ,0.0,24.0,0,0,0,1,230,0,0,0
CF,TIVON,48.660833,19.528611,0,NIT,63.8,63.1,64.0,11.0,0,0,0,0,0,0,0,0

SID,TURI1C,36,2
CA,0,357.0,2,2500,0,0,0,0,0,0
CF,FS,48.562778,19.130000,2,NIT,63.8,46.1,206.0,8.0,0,0,0,1,230,0,0,0
TF,TURIS,48.362222,18.511667,0, ,0.0,0.0,0.0,0.0,0,0,0,0,0,0,0,0

FINAL,I36,36,I,3
IF,KRUPI,48.390250,19.121500,FS,176.9,15.7,2,4500,0,0,0,0,1,0
CF,FF36,48.473472,19.125722,0,FS,176.9,10.7,357.0,5.0,1,4500,0,0,0,0,2,0
CF,RW36,48.627294,19.133569,0,FS,176.9,1.5,357.0,9.2,1,1067,0,0,0,0,3,0
CA,0,357.0,2,2600,0,0,0,0,0,0
DF,FS,48.562778,19.130000,2, ,0.0,0.0,1,5500,0,1,210,0,0,0
HM,FS,48.562778,19.130000,1, ,0.0,0.0,357.0,04.3,2,5500,0,0,0,0,0,0,0

