SID,CHUM2Q,27,5
CF,PC198,18.561719,-68.430489,0,LRN,88.7,28.2,277.0,3.0,3,7000,0,0,0,0,0,0
TF,PC202,18.717606,-68.482128,0, ,0.0,0.0,0.0,0.0,3,7000,0,0,0,0,0,0
TF,CHUMA,19.222333,-68.392333,0, ,0.0,0.0,0.0,0.0,0,0,0,0,0,0,0,0

SID,CHUM2T,09,5
CF,MAROG,18.572997,-68.296367,0,LRN,90.5,35.8,97.0,3.0,3,5000,0,0,0,0,0,0
TF,PC101,18.706481,-68.320206,1, ,0.0,0.0,0.0,0.0,3,5000,0,0,0,0,0,0
TF,PC114,18.789408,-68.331778,0, ,0.0,0.0,0.0,0.0,3,6000,0,0,0,0,0,0
TF,CHUMA,19.222333,-68.392333,0, ,0.0,0.0,0.0,0.0,0,0,0,0,0,0,0,0

SID,CHUM2W,08,5
CF,TEXOS,18.592036,-68.304267,0,LRN,88.5,35.6,86.0,3.0,3,5000,0,0,0,0,0,0
TF,PC101,18.706481,-68.320206,0, ,0.0,0.0,0.0,0.0,3,5000,0,0,0,0,0,0
TF,PC114,18.789408,-68.331778,0, ,0.0,0.0,0.0,0.0,3,6000,0,0,0,0,0,0
TF,CHUMA,19.222333,-68.392333,0, ,0.0,0.0,0.0,0.0,0,0,0,0,0,0,0,0

SID,CHUM3T,26,5
CF,PC200,18.556453,-68.433642,0,LRN,89.3,28.0,266.0,3.0,3,7000,0,0,0,0,0,0
TF,PC202,18.717606,-68.482128,0, ,0.0,0.0,0.0,0.0,3,7000,0,0,0,0,0,0
TF,CHUMA,19.222333,-68.392333,0, ,0.0,0.0,0.0,0.0,0,0,0,0,0,0,0,0

SID,ETBO2Q,27,5
CF,PC198,18.561719,-68.430489,0,LRN,88.7,28.2,277.0,3.0,3,10000,0,0,0,0,0,0
TF,PC199,18.538500,-68.706303,0, ,0.0,0.0,0.0,0.0,3,10000,0,0,0,0,0,0
TF,CDO,18.434158,-69.667342,0, ,0.0,0.0,0.0,0.0,0,0,0,0,0,0,0,0
TF,ETBOD,18.516667,-71.883333,0, ,0.0,0.0,0.0,0.0,0,0,0,0,0,0,0,0

SID,ETBO2T,09,5
CF,MAROG,18.572997,-68.296367,0,LRN,90.5,35.8,97.0,3.0,3,5000,0,0,0,0,0,0
TF,PC103,18.525906,-68.250539,0, ,0.0,0.0,0.0,0.0,3,5000,0,0,0,0,0,0
TF,PC106,18.472961,-68.303983,0, ,0.0,0.0,0.0,0.0,3,5000,0,0,0,0,0,0
TF,PC107,18.464314,-68.547000,0, ,0.0,0.0,0.0,0.0,3,11000,0,0,0,0,0,0
TF,CDO,18.434158,-69.667342,0, ,0.0,0.0,0.0,0.0,0,0,0,0,0,0,0,0
TF,ETBOD,18.516667,-71.883333,0, ,0.0,0.0,0.0,0.0,0,0,0,0,0,0,0,0

SID,ETBO2W,08,5
CF,TEXOS,18.592036,-68.304267,0,LRN,88.5,35.6,86.0,3.0,3,5000,0,0,0,0,0,0
TF,PC103,18.525906,-68.250539,0, ,0.0,0.0,0.0,0.0,3,5000,0,0,0,0,0,0
TF,PC106,18.472961,-68.303983,0, ,0.0,0.0,0.0,0.0,3,5000,0,0,0,0,0,0
TF,PC107,18.464314,-68.547000,0, ,0.0,0.0,0.0,0.0,3,11000,0,0,0,0,0,0
TF,CDO,18.434158,-69.667342,0, ,0.0,0.0,0.0,0.0,0,0,0,0,0,0,0,0
TF,ETBOD,18.516667,-71.883333,0, ,0.0,0.0,0.0,0.0,0,0,0,0,0,0,0,0

SID,ETBO3T,26,5
CF,PC200,18.556453,-68.433642,0,LRN,89.3,28.0,266.0,3.0,3,11000,0,0,0,0,0,0
TF,PC201,18.502778,-68.629478,0, ,0.0,0.0,0.0,0.0,3,11000,0,0,0,0,0,0
TF,CDO,18.434158,-69.667342,0, ,0.0,0.0,0.0,0.0,0,0,0,0,0,0,0,0
TF,ETBOD,18.516667,-71.883333,0, ,0.0,0.0,0.0,0.0,0,0,0,0,0,0,0,0

SID,KATO2Q,27,5
CF,PC198,18.561719,-68.430489,0,LRN,88.7,28.2,277.0,3.0,3,7000,0,0,0,0,0,0
TF,PC202,18.717606,-68.482128,0, ,0.0,0.0,0.0,0.0,3,7000,0,0,0,0,0,0
TF,KATOK,18.830761,-68.000000,2, ,0.0,0.0,0.0,0.0,2,13000,0,0,0,0,0,0

SID,KATO2T,09,5
CF,MAROG,18.572997,-68.296367,0,LRN,90.5,35.8,97.0,3.0,3,5000,0,0,0,0,0,0
TF,PC100,18.638314,-68.222150,0, ,0.0,0.0,0.0,0.0,3,5000,0,0,0,0,0,0
TF,KATOK,18.830761,-68.000000,0, ,0.0,0.0,0.0,0.0,3,7000,0,0,0,0,0,0

SID,KATO2W,08,5
CF,TEXOS,18.592036,-68.304267,0,LRN,88.5,35.6,86.0,3.0,3,5000,0,0,0,0,0,0
TF,PC102,18.647172,-68.234875,0, ,0.0,0.0,0.0,0.0,3,5000,0,0,0,0,0,0
TF,KATOK,18.830761,-68.000000,0, ,0.0,0.0,0.0,0.0,3,7000,0,0,0,0,0,0

SID,KATO3T,26,5
CF,PC200,18.556453,-68.433642,0,LRN,89.3,28.0,266.0,3.0,3,7000,0,0,0,0,0,0
TF,PC202,18.717606,-68.482128,0, ,0.0,0.0,0.0,0.0,3,7000,0,0,0,0,0,0
TF,KATOK,18.830761,-68.000000,2, ,0.0,0.0,0.0,0.0,2,13000,0,0,0,0,0,0

SID,MALV2Q,27,5
CF,PC198,18.561719,-68.430489,0,LRN,88.7,28.2,277.0,3.0,3,10000,0,0,0,0,0,0
TF,PC199,18.538500,-68.706303,0, ,0.0,0.0,0.0,0.0,3,10000,0,0,0,0,0,0
TF,SGO,19.407317,-70.603806,0, ,0.0,0.0,0.0,0.0,0,0,0,0,0,0,0,0
TF,MALVN,20.416667,-71.392686,0, ,0.0,0.0,0.0,0.0,0,0,0,0,0,0,0,0

SID,MALV2T,09,5
CF,MAROG,18.572997,-68.296367,0,LRN,90.5,35.8,97.0,3.0,3,5000,0,0,0,0,0,0
TF,PC103,18.525906,-68.250539,0, ,0.0,0.0,0.0,0.0,3,5000,0,0,0,0,0,0
TF,PC106,18.472961,-68.303983,0, ,0.0,0.0,0.0,0.0,3,5000,0,0,0,0,0,0
TF,PC107,18.464314,-68.547000,0, ,0.0,0.0,0.0,0.0,3,11000,0,0,0,0,0,0
TF,PC116,18.633028,-68.909633,0, ,0.0,0.0,0.0,0.0,2,11000,0,0,0,0,0,0
TF,SGO,19.407317,-70.603806,0, ,0.0,0.0,0.0,0.0,0,0,0,0,0,0,0,0
TF,MALVN,20.416667,-71.392686,0, ,0.0,0.0,0.0,0.0,0,0,0,0,0,0,0,0

SID,MALV2W,08,5
CF,TEXOS,18.592036,-68.304267,0,LRN,88.5,35.6,86.0,3.0,3,5000,0,0,0,0,0,0
TF,PC103,18.525906,-68.250539,0, ,0.0,0.0,0.0,0.0,3,5000,0,0,0,0,0,0
TF,PC106,18.472961,-68.303983,0, ,0.0,0.0,0.0,0.0,3,5000,0,0,0,0,0,0
TF,PC107,18.464314,-68.547000,0, ,0.0,0.0,0.0,0.0,3,11000,0,0,0,0,0,0
TF,PC116,18.633028,-68.909633,0, ,0.0,0.0,0.0,0.0,2,11000,0,0,0,0,0,0
TF,SGO,19.407317,-70.603806,0, ,0.0,0.0,0.0,0.0,0,0,0,0,0,0,0,0
TF,MALVN,20.416667,-71.392686,0, ,0.0,0.0,0.0,0.0,0,0,0,0,0,0,0,0

SID,MALV3T,26,5
CF,PC200,18.556453,-68.433642,0,LRN,89.3,28.0,266.0,3.0,3,11000,0,0,0,0,0,0
TF,PC201,18.502778,-68.629478,0, ,0.0,0.0,0.0,0.0,3,11000,0,0,0,0,0,0
TF,SGO,19.407317,-70.603806,0, ,0.0,0.0,0.0,0.0,0,0,0,0,0,0,0,0
TF,MALVN,20.416667,-71.392686,0, ,0.0,0.0,0.0,0.0,0,0,0,0,0,0,0,0

SID,MELA2Q,27,5
CF,PC198,18.561719,-68.430489,0,LRN,88.7,28.2,277.0,3.0,3,7000,0,0,0,0,0,0
TF,PC204,18.395942,-68.385419,1, ,0.0,0.0,0.0,0.0,3,7000,0,0,0,0,0,0
TF,MELLA,18.200000,-68.000000,0, ,0.0,0.0,0.0,0.0,0,0,0,0,0,0,0,0

SID,MELA2T,09,5
CF,MAROG,18.572997,-68.296367,0,LRN,90.5,35.8,97.0,3.0,3,5000,0,0,0,0,0,0
TF,PC103,18.525906,-68.250539,0, ,0.0,0.0,0.0,0.0,3,5000,0,0,0,0,0,0
TF,PC104,18.476214,-68.210200,0, ,0.0,0.0,0.0,0.0,3,5000,0,0,0,0,0,0
TF,MELLA,18.200000,-68.000000,0, ,0.0,0.0,0.0,0.0,0,0,0,0,0,0,0,0

SID,MELA2W,08,5
CF,TEXOS,18.592036,-68.304267,0,LRN,88.5,35.6,86.0,3.0,3,5000,0,0,0,0,0,0
TF,PC103,18.525906,-68.250539,0, ,0.0,0.0,0.0,0.0,3,5000,0,0,0,0,0,0
TF,PC104,18.476214,-68.210200,0, ,0.0,0.0,0.0,0.0,3,5000,0,0,0,0,0,0
TF,MELLA,18.200000,-68.000000,0, ,0.0,0.0,0.0,0.0,0,0,0,0,0,0,0,0

SID,MELA3T,26,5
CF,PC200,18.556453,-68.433642,0,LRN,89.3,28.0,266.0,3.0,3,7000,0,0,0,0,0,0
TF,PC204,18.395942,-68.385419,0, ,0.0,0.0,0.0,0.0,3,7000,0,0,0,0,0,0
TF,MELLA,18.200000,-68.000000,0, ,0.0,0.0,0.0,0.0,0,0,0,0,0,0,0,0

SID,PALA2Q,27,5
CF,PC198,18.561719,-68.430489,0,LRN,88.7,28.2,277.0,3.0,3,7000,0,0,0,0,0,0
TF,PC204,18.395942,-68.385419,1, ,0.0,0.0,0.0,0.0,3,7000,0,0,0,0,0,0
TF,PC108,18.203942,-68.791544,0, ,0.0,0.0,0.0,0.0,2,20000,0,0,0,0,0,0
TF,PC110,18.090822,-68.995414,0, ,0.0,0.0,0.0,0.0,2,20000,0,0,0,0,0,0
TF,PALAS,16.566667,-71.683333,0, ,0.0,0.0,0.0,0.0,0,0,0,0,0,0,0,0

SID,PALA2T,09,5
CF,MAROG,18.572997,-68.296367,0,LRN,90.5,35.8,97.0,3.0,3,5000,0,0,0,0,0,0
TF,PC103,18.525906,-68.250539,0, ,0.0,0.0,0.0,0.0,3,5000,0,0,0,0,0,0
TF,PC106,18.472961,-68.303983,0, ,0.0,0.0,0.0,0.0,3,5000,0,0,0,0,0,0
TF,PC108,18.203942,-68.791544,0, ,0.0,0.0,0.0,0.0,2,13000,0,0,0,0,0,0
TF,PC110,18.090822,-68.995414,0, ,0.0,0.0,0.0,0.0,2,17000,0,0,0,0,0,0
TF,PALAS,16.566667,-71.683333,0, ,0.0,0.0,0.0,0.0,0,0,0,0,0,0,0,0

SID,PALA2W,08,5
CF,TEXOS,18.592036,-68.304267,0,LRN,88.5,35.6,86.0,3.0,3,5000,0,0,0,0,0,0
TF,PC103,18.525906,-68.250539,0, ,0.0,0.0,0.0,0.0,3,5000,0,0,0,0,0,0
TF,PC106,18.472961,-68.303983,0, ,0.0,0.0,0.0,0.0,3,5000,0,0,0,0,0,0
TF,PC108,18.203942,-68.791544,0, ,0.0,0.0,0.0,0.0,2,13000,0,0,0,0,0,0
TF,PC110,18.090822,-68.995414,0, ,0.0,0.0,0.0,0.0,2,17000,0,0,0,0,0,0
TF,PALAS,16.566667,-71.683333,0, ,0.0,0.0,0.0,0.0,0,0,0,0,0,0,0,0

SID,PALA3T,26,5
CF,PC200,18.556453,-68.433642,0,LRN,89.3,28.0,266.0,3.0,3,7000,0,0,0,0,0,0
TF,PC204,18.395942,-68.385419,0, ,0.0,0.0,0.0,0.0,3,7000,0,0,0,0,0,0
TF,PC108,18.203942,-68.791544,0, ,0.0,0.0,0.0,0.0,2,20000,0,0,0,0,0,0
TF,PC110,18.090822,-68.995414,0, ,0.0,0.0,0.0,0.0,2,20000,0,0,0,0,0,0
TF,PALAS,16.566667,-71.683333,0, ,0.0,0.0,0.0,0.0,0,0,0,0,0,0,0,0

SID,PIXA2Q,27,5
CF,PC198,18.561719,-68.430489,0,LRN,88.7,28.2,277.0,3.0,3,7000,0,0,0,0,0,0
TF,PC202,18.717606,-68.482128,0, ,0.0,0.0,0.0,0.0,3,7000,0,0,0,0,0,0
TF,PIXAR,19.141667,-68.840278,0, ,0.0,0.0,0.0,0.0,4,23000,20000,0,0,0,0,0

SID,PIXA2T,09,5
CF,MAROG,18.572997,-68.296367,0,LRN,90.5,35.8,97.0,3.0,3,5000,0,0,0,0,0,0
TF,PC101,18.706481,-68.320206,1, ,0.0,0.0,0.0,0.0,3,5000,0,0,0,0,0,0
TF,PC115,18.761803,-68.386072,0, ,0.0,0.0,0.0,0.0,3,6000,0,0,0,0,0,0
TF,PIXAR,19.141667,-68.840278,0, ,0.0,0.0,0.0,0.0,4,23000,17000,0,0,0,0,0

SID,PIXA2W,08,5
CF,TEXOS,18.592036,-68.304267,0,LRN,88.5,35.6,86.0,3.0,3,5000,0,0,0,0,0,0
TF,PC101,18.706481,-68.320206,0, ,0.0,0.0,0.0,0.0,3,5000,0,0,0,0,0,0
TF,PC115,18.761803,-68.386072,0, ,0.0,0.0,0.0,0.0,3,6000,0,0,0,0,0,0
TF,PIXAR,19.141667,-68.840278,0, ,0.0,0.0,0.0,0.0,4,23000,17000,0,0,0,0,0

SID,PIXA3T,26,5
CF,PC200,18.556453,-68.433642,0,LRN,89.3,28.0,266.0,3.0,3,7000,0,0,0,0,0,0
TF,PC202,18.717606,-68.482128,0, ,0.0,0.0,0.0,0.0,3,7000,0,0,0,0,0,0
TF,PIXAR,19.141667,-68.840278,0, ,0.0,0.0,0.0,0.0,4,23000,20000,0,0,0,0,0

SID,POKA2Q,27,5
CF,PC198,18.561719,-68.430489,0,LRN,88.7,28.2,277.0,3.0,3,7000,0,0,0,0,0,0
TF,PC204,18.395942,-68.385419,1, ,0.0,0.0,0.0,0.0,3,7000,0,0,0,0,0,0
TF,POKAK,16.000000,-68.566667,0, ,0.0,0.0,0.0,0.0,0,0,0,0,0,0,0,0

SID,POKA2T,09,5
CF,MAROG,18.572997,-68.296367,0,LRN,90.5,35.8,97.0,3.0,3,5000,0,0,0,0,0,0
TF,PC103,18.525906,-68.250539,0, ,0.0,0.0,0.0,0.0,3,5000,0,0,0,0,0,0
TF,PC105,18.474594,-68.257047,0, ,0.0,0.0,0.0,0.0,3,5000,0,0,0,0,0,0
TF,POKAK,16.000000,-68.566667,0, ,0.0,0.0,0.0,0.0,0,0,0,0,0,0,0,0

SID,POKA2W,08,5
CF,TEXOS,18.592036,-68.304267,0,LRN,88.5,35.6,86.0,3.0,3,5000,0,0,0,0,0,0
TF,PC103,18.525906,-68.250539,0, ,0.0,0.0,0.0,0.0,3,5000,0,0,0,0,0,0
TF,PC105,18.474594,-68.257047,0, ,0.0,0.0,0.0,0.0,3,5000,0,0,0,0,0,0
TF,POKAK,16.000000,-68.566667,0, ,0.0,0.0,0.0,0.0,0,0,0,0,0,0,0,0

SID,POKA3T,26,5
CF,PC200,18.556453,-68.433642,0,LRN,89.3,28.0,266.0,3.0,3,7000,0,0,0,0,0,0
TF,PC204,18.395942,-68.385419,0, ,0.0,0.0,0.0,0.0,3,7000,0,0,0,0,0,0
TF,POKAK,16.000000,-68.566667,0, ,0.0,0.0,0.0,0.0,0,0,0,0,0,0,0,0

SID,RETA2Q,27,5
CF,PC198,18.561719,-68.430489,0,LRN,88.7,28.2,277.0,3.0,3,10000,0,0,0,0,0,0
TF,PC199,18.538500,-68.706303,0, ,0.0,0.0,0.0,0.0,3,10000,0,0,0,0,0,0
TF,SGO,19.407317,-70.603806,0, ,0.0,0.0,0.0,0.0,0,0,0,0,0,0,0,0
TF,RETAK,20.195000,-71.691667,0, ,0.0,0.0,0.0,0.0,0,0,0,0,0,0,0,0

SID,RETA2T,09,5
CF,MAROG,18.572997,-68.296367,0,LRN,90.5,35.8,97.0,3.0,3,5000,0,0,0,0,0,0
TF,PC103,18.525906,-68.250539,0, ,0.0,0.0,0.0,0.0,3,5000,0,0,0,0,0,0
TF,PC106,18.472961,-68.303983,0, ,0.0,0.0,0.0,0.0,3,5000,0,0,0,0,0,0
TF,PC107,18.464314,-68.547000,0, ,0.0,0.0,0.0,0.0,3,11000,0,0,0,0,0,0
TF,PC116,18.633028,-68.909633,0, ,0.0,0.0,0.0,0.0,2,11000,0,0,0,0,0,0
TF,SGO,19.407317,-70.603806,0, ,0.0,0.0,0.0,0.0,0,0,0,0,0,0,0,0
TF,RETAK,20.195000,-71.691667,0, ,0.0,0.0,0.0,0.0,0,0,0,0,0,0,0,0

SID,RETA2W,08,5
CF,TEXOS,18.592036,-68.304267,0,LRN,88.5,35.6,86.0,3.0,3,5000,0,0,0,0,0,0
TF,PC103,18.525906,-68.250539,0, ,0.0,0.0,0.0,0.0,3,5000,0,0,0,0,0,0
TF,PC106,18.472961,-68.303983,0, ,0.0,0.0,0.0,0.0,3,5000,0,0,0,0,0,0
TF,PC107,18.464314,-68.547000,0, ,0.0,0.0,0.0,0.0,3,11000,0,0,0,0,0,0
TF,PC116,18.633028,-68.909633,0, ,0.0,0.0,0.0,0.0,2,11000,0,0,0,0,0,0
TF,SGO,19.407317,-70.603806,0, ,0.0,0.0,0.0,0.0,0,0,0,0,0,0,0,0
TF,RETAK,20.195000,-71.691667,0, ,0.0,0.0,0.0,0.0,0,0,0,0,0,0,0,0

SID,RETA3T,26,5
CF,PC200,18.556453,-68.433642,0,LRN,89.3,28.0,266.0,3.0,3,11000,0,0,0,0,0,0
TF,PC201,18.502778,-68.629478,0, ,0.0,0.0,0.0,0.0,3,11000,0,0,0,0,0,0
TF,SGO,19.407317,-70.603806,0, ,0.0,0.0,0.0,0.0,0,0,0,0,0,0,0,0
TF,RETAK,20.195000,-71.691667,0, ,0.0,0.0,0.0,0.0,0,0,0,0,0,0,0,0

SID,VESK2Q,27,5
CF,PC198,18.561719,-68.430489,0,LRN,88.7,28.2,277.0,3.0,3,7000,0,0,0,0,0,0
TF,PC204,18.395942,-68.385419,1, ,0.0,0.0,0.0,0.0,3,7000,0,0,0,0,0,0
TF,PC109,18.008031,-68.771322,0, ,0.0,0.0,0.0,0.0,2,20000,0,0,0,0,0,0
TF,VESKA,16.000000,-70.750000,0, ,0.0,0.0,0.0,0.0,0,0,0,0,0,0,0,0

SID,VESK2T,09,5
CF,MAROG,18.572997,-68.296367,0,LRN,90.5,35.8,97.0,3.0,3,5000,0,0,0,0,0,0
TF,PC103,18.525906,-68.250539,0, ,0.0,0.0,0.0,0.0,3,5000,0,0,0,0,0,0
TF,PC106,18.472961,-68.303983,0, ,0.0,0.0,0.0,0.0,3,5000,0,0,0,0,0,0
TF,PC109,18.008031,-68.771322,0, ,0.0,0.0,0.0,0.0,2,17000,0,0,0,0,0,0
TF,VESKA,16.000000,-70.750000,0, ,0.0,0.0,0.0,0.0,0,0,0,0,0,0,0,0

SID,VESK2W,08,5
CF,TEXOS,18.592036,-68.304267,0,LRN,88.5,35.6,86.0,3.0,3,5000,0,0,0,0,0,0
TF,PC103,18.525906,-68.250539,0, ,0.0,0.0,0.0,0.0,3,5000,0,0,0,0,0,0
TF,PC106,18.472961,-68.303983,0, ,0.0,0.0,0.0,0.0,3,5000,0,0,0,0,0,0
TF,PC109,18.008031,-68.771322,0, ,0.0,0.0,0.0,0.0,2,17000,0,0,0,0,0,0
TF,VESKA,16.000000,-70.750000,0, ,0.0,0.0,0.0,0.0,0,0,0,0,0,0,0,0

SID,VESK3T,26,5
CF,PC200,18.556453,-68.433642,0,LRN,89.3,28.0,266.0,3.0,3,7000,0,0,0,0,0,0
TF,PC204,18.395942,-68.385419,0, ,0.0,0.0,0.0,0.0,3,7000,0,0,0,0,0,0
TF,PC109,18.008031,-68.771322,0, ,0.0,0.0,0.0,0.0,2,20000,0,0,0,0,0,0
TF,VESKA,16.000000,-70.750000,0, ,0.0,0.0,0.0,0.0,0,0,0,0,0,0,0,0

STAR,ANTE1C,26,5
IF,ANTEX,18.479250,-68.000000, ,0.0,0.0,2,4000,0,1,210,0,0,0
TF,MESPA,18.544131,-68.162208,0, ,0.0,0.0,0.0,0.0,2,3000,0,1,210,0,0,0

STAR,ANTE1W,08,5
IF,ANTEX,18.479250,-68.000000, ,0.0,0.0,2,8000,0,1,230,0,0,0
TF,PC102,18.647172,-68.234875,0, ,0.0,0.0,0.0,0.0,2,8000,0,1,230,0,0,0
TF,PC101,18.706481,-68.320206,0, ,0.0,0.0,0.0,0.0,2,8000,0,1,210,0,0,0
TF,PC112,18.674272,-68.401225,0, ,0.0,0.0,0.0,0.0,2,7000,0,1,210,0,0,0
TF,AGNAL,18.604775,-68.575789,0, ,0.0,0.0,0.0,0.0,2,3000,0,1,210,0,0,0

STAR,ANTE2B,09,5
IF,ANTEX,18.479250,-68.000000, ,0.0,0.0,2,8000,0,1,230,0,0,0
TF,PC102,18.647172,-68.234875,0, ,0.0,0.0,0.0,0.0,2,8000,0,1,230,0,0,0
TF,PC101,18.706481,-68.320206,0, ,0.0,0.0,0.0,0.0,2,8000,0,1,210,0,0,0
TF,PC112,18.674272,-68.401225,0, ,0.0,0.0,0.0,0.0,2,7000,0,1,210,0,0,0
TF,DASVO,18.634244,-68.560425,0, ,0.0,0.0,0.0,0.0,2,3000,0,1,210,0,0,0

STAR,ANTE2C,27,5
IF,ANTEX,18.479250,-68.000000, ,0.0,0.0,2,4000,0,1,210,0,0,0
TF,VIRTO,18.500328,-68.165947,0, ,0.0,0.0,0.0,0.0,2,3000,0,1,210,0,0,0

STAR,BERE1C,26,5
IF,BEREL,18.828333,-68.873056, ,0.0,0.0,3,16000,0,1,230,0,0,0
TF,PC099,18.687592,-68.686106,0, ,0.0,0.0,0.0,0.0,2,12000,0,1,220,0,0,0
TF,AGNAL,18.604775,-68.575789,0, ,0.0,0.0,0.0,0.0,2,12000,0,1,210,0,0,0
TF,PC203,18.651033,-68.407314,0, ,0.0,0.0,0.0,0.0,2,8000,0,1,210,0,0,0
TF,APLAL,18.705031,-68.210347,0, ,0.0,0.0,0.0,0.0,2,3000,0,1,210,0,0,0

STAR,BERE1W,08,5
IF,BEREL,18.828333,-68.873056, ,0.0,0.0,3,12000,0,1,220,0,0,0
TF,PC099,18.687592,-68.686106,0, ,0.0,0.0,0.0,0.0,2,4000,0,1,220,0,0,0
TF,AGNAL,18.604775,-68.575789,0, ,0.0,0.0,0.0,0.0,2,3000,0,1,210,0,0,0

STAR,BERE2B,09,5
IF,BEREL,18.828333,-68.873056, ,0.0,0.0,3,12000,0,1,220,0,0,0
TF,PC098,18.694508,-68.673803,0, ,0.0,0.0,0.0,0.0,2,4000,0,1,220,0,0,0
TF,DASVO,18.634244,-68.560425,0, ,0.0,0.0,0.0,0.0,2,3000,0,1,210,0,0,0

STAR,BERE2C,27,5
IF,BEREL,18.828333,-68.873056, ,0.0,0.0,3,16000,0,1,230,0,0,0
TF,PC098,18.694508,-68.673803,0, ,0.0,0.0,0.0,0.0,2,12000,0,1,220,0,0,0
TF,DASVO,18.634244,-68.560425,0, ,0.0,0.0,0.0,0.0,2,12000,0,1,210,0,0,0
TF,PC203,18.651033,-68.407314,0, ,0.0,0.0,0.0,0.0,2,8000,0,1,210,0,0,0
TF,LETAD,18.666983,-68.181544,0, ,0.0,0.0,0.0,0.0,2,3000,0,1,210,0,0,0

STAR,BETI1C,26,5
IF,BETIR,19.343086,-68.604575, ,0.0,0.0,3,18000,0,1,250,0,0,0
TF,PIXAR,19.141667,-68.840278,0, ,0.0,0.0,0.0,0.0,3,18000,0,1,250,0,0,0
TF,BEREL,18.828333,-68.873056,0, ,0.0,0.0,0.0,0.0,3,16000,0,1,230,0,0,0
TF,PC099,18.687592,-68.686106,0, ,0.0,0.0,0.0,0.0,2,12000,0,1,220,0,0,0
TF,AGNAL,18.604775,-68.575789,0, ,0.0,0.0,0.0,0.0,2,12000,0,1,210,0,0,0
TF,PC203,18.651033,-68.407314,0, ,0.0,0.0,0.0,0.0,2,8000,0,1,210,0,0,0
TF,APLAL,18.705031,-68.210347,0, ,0.0,0.0,0.0,0.0,2,3000,0,1,210,0,0,0

STAR,BETI1W,08,5
IF,BETIR,19.343086,-68.604575, ,0.0,0.0,3,16000,0,1,250,0,0,0
TF,PIXAR,19.141667,-68.840278,0, ,0.0,0.0,0.0,0.0,3,15000,0,1,230,0,0,0
TF,BEREL,18.828333,-68.873056,0, ,0.0,0.0,0.0,0.0,3,12000,0,1,220,0,0,0
TF,PC099,18.687592,-68.686106,0, ,0.0,0.0,0.0,0.0,2,4000,0,1,220,0,0,0
TF,AGNAL,18.604775,-68.575789,0, ,0.0,0.0,0.0,0.0,2,3000,0,1,210,0,0,0

STAR,BETI2B,09,5
IF,BETIR,19.343086,-68.604575, ,0.0,0.0,3,16000,0,1,250,0,0,0
TF,PIXAR,19.141667,-68.840278,0, ,0.0,0.0,0.0,0.0,3,15000,0,1,230,0,0,0
TF,BEREL,18.828333,-68.873056,0, ,0.0,0.0,0.0,0.0,3,12000,0,1,220,0,0,0
TF,PC098,18.694508,-68.673803,0, ,0.0,0.0,0.0,0.0,2,4000,0,1,220,0,0,0
TF,DASVO,18.634244,-68.560425,0, ,0.0,0.0,0.0,0.0,2,3000,0,1,210,0,0,0

STAR,BETI2C,27,5
IF,BETIR,19.343086,-68.604575, ,0.0,0.0,3,18000,0,1,250,0,0,0
TF,PIXAR,19.141667,-68.840278,0, ,0.0,0.0,0.0,0.0,3,18000,0,1,250,0,0,0
TF,BEREL,18.828333,-68.873056,0, ,0.0,0.0,0.0,0.0,3,16000,0,1,230,0,0,0
TF,PC098,18.694508,-68.673803,0, ,0.0,0.0,0.0,0.0,2,12000,0,1,220,0,0,0
TF,DASVO,18.634244,-68.560425,0, ,0.0,0.0,0.0,0.0,2,12000,0,1,210,0,0,0
TF,PC203,18.651033,-68.407314,0, ,0.0,0.0,0.0,0.0,2,8000,0,1,210,0,0,0
TF,LETAD,18.666983,-68.181544,0, ,0.0,0.0,0.0,0.0,2,3000,0,1,210,0,0,0

STAR,KATO1C,26,5
IF,KATOK,18.830761,-68.000000, ,0.0,0.0,3,10000,0,1,210,0,0,0
TF,APLAL,18.705031,-68.210347,0, ,0.0,0.0,0.0,0.0,2,3000,0,1,210,0,0,0

STAR,KATO1W,08,5
IF,KATOK,18.830761,-68.000000, ,0.0,0.0,2,8000,0,1,230,0,0,0
TF,PC101,18.706481,-68.320206,0, ,0.0,0.0,0.0,0.0,2,8000,0,1,210,0,0,0
TF,PC112,18.674272,-68.401225,0, ,0.0,0.0,0.0,0.0,2,7000,0,1,210,0,0,0
TF,AGNAL,18.604775,-68.575789,0, ,0.0,0.0,0.0,0.0,2,3000,0,1,210,0,0,0

STAR,KATO2B,09,5
IF,KATOK,18.830761,-68.000000, ,0.0,0.0,2,8000,0,1,230,0,0,0
TF,PC101,18.706481,-68.320206,0, ,0.0,0.0,0.0,0.0,2,8000,0,1,210,0,0,0
TF,PC112,18.674272,-68.401225,0, ,0.0,0.0,0.0,0.0,2,7000,0,1,210,0,0,0
TF,DASVO,18.634244,-68.560425,0, ,0.0,0.0,0.0,0.0,2,3000,0,1,210,0,0,0

STAR,KATO2C,27,5
IF,KATOK,18.830761,-68.000000, ,0.0,0.0,3,10000,0,1,210,0,0,0
TF,LETAD,18.666983,-68.181544,0, ,0.0,0.0,0.0,0.0,2,3000,0,1,210,0,0,0

STAR,PALA1C,26,5
IF,PALAS,16.566667,-71.683333, ,0.0,0.0,2,16000,0,0,0,0,0,0
TF,PC111,18.165672,-69.055706,0, ,0.0,0.0,0.0,0.0,3,19000,0,1,250,0,0,0
TF,NADAX,18.316214,-68.803139,0, ,0.0,0.0,0.0,0.0,3,17000,0,1,210,0,0,0
TF,ANEBI,18.443872,-68.527678,0, ,0.0,0.0,0.0,0.0,2,12000,0,1,210,0,0,0
TF,PC205,18.490211,-68.359008,0, ,0.0,0.0,0.0,0.0,2,8000,0,1,210,0,0,0
TF,MESPA,18.544131,-68.162208,0, ,0.0,0.0,0.0,0.0,2,3000,0,1,210,0,0,0

STAR,PALA1W,08,5
IF,PALAS,16.566667,-71.683333, ,0.0,0.0,2,16000,0,0,0,0,0,0
TF,PC111,18.165672,-69.055706,0, ,0.0,0.0,0.0,0.0,3,15000,0,1,230,0,0,0
TF,NADAX,18.316214,-68.803139,0, ,0.0,0.0,0.0,0.0,4,11000,5000,1,210,0,0,0
TF,ANEBI,18.443872,-68.527678,0, ,0.0,0.0,0.0,0.0,2,3000,0,1,210,0,0,0

STAR,PALA2B,09,5
IF,PALAS,16.566667,-71.683333, ,0.0,0.0,2,16000,0,0,0,0,0,0
TF,PC111,18.165672,-69.055706,0, ,0.0,0.0,0.0,0.0,3,15000,0,1,230,0,0,0
TF,NADAX,18.316214,-68.803139,0, ,0.0,0.0,0.0,0.0,4,11000,5000,1,210,0,0,0
TF,EMUTI,18.467614,-68.544528,0, ,0.0,0.0,0.0,0.0,2,3000,0,1,210,0,0,0

STAR,PALA2C,27,5
IF,PALAS,16.566667,-71.683333, ,0.0,0.0,2,16000,0,0,0,0,0,0
TF,PC111,18.165672,-69.055706,0, ,0.0,0.0,0.0,0.0,3,19000,0,1,250,0,0,0
TF,NADAX,18.316214,-68.803139,0, ,0.0,0.0,0.0,0.0,3,17000,0,1,230,0,0,0
TF,EMUTI,18.467614,-68.544528,0, ,0.0,0.0,0.0,0.0,2,11000,0,1,210,0,0,0
TF,PC205,18.490211,-68.359008,0, ,0.0,0.0,0.0,0.0,2,8000,0,1,210,0,0,0
TF,VIRTO,18.500328,-68.165947,0, ,0.0,0.0,0.0,0.0,2,3000,0,1,210,0,0,0

STAR,POKA1C,26,5
IF,POKAK,16.000000,-68.566667, ,0.0,0.0,2,16000,0,0,0,0,0,0
TF,PC109,18.008031,-68.771322,0, ,0.0,0.0,0.0,0.0,3,19000,0,1,250,0,0,0
TF,PC108,18.203942,-68.791544,0, ,0.0,0.0,0.0,0.0,3,19000,0,1,250,0,0,0
TF,NADAX,18.316214,-68.803139,0, ,0.0,0.0,0.0,0.0,3,17000,0,1,210,0,0,0
TF,ANEBI,18.443872,-68.527678,0, ,0.0,0.0,0.0,0.0,2,12000,0,1,210,0,0,0
TF,PC205,18.490211,-68.359008,0, ,0.0,0.0,0.0,0.0,2,8000,0,1,210,0,0,0
TF,MESPA,18.544131,-68.162208,0, ,0.0,0.0,0.0,0.0,2,3000,0,1,210,0,0,0

STAR,POKA1W,08,5
IF,POKAK,16.000000,-68.566667, ,0.0,0.0,2,16000,0,0,0,0,0,0
TF,PC109,18.008031,-68.771322,0, ,0.0,0.0,0.0,0.0,3,15000,0,1,230,0,0,0
TF,PC108,18.203942,-68.791544,0, ,0.0,0.0,0.0,0.0,3,11000,0,1,210,0,0,0
TF,NADAX,18.316214,-68.803139,0, ,0.0,0.0,0.0,0.0,4,11000,5000,1,210,0,0,0
TF,ANEBI,18.443872,-68.527678,0, ,0.0,0.0,0.0,0.0,2,3000,0,1,210,0,0,0

STAR,POKA2B,09,5
IF,POKAK,16.000000,-68.566667, ,0.0,0.0,2,16000,0,0,0,0,0,0
TF,PC109,18.008031,-68.771322,0, ,0.0,0.0,0.0,0.0,3,15000,0,1,230,0,0,0
TF,PC108,18.203942,-68.791544,0, ,0.0,0.0,0.0,0.0,3,11000,0,1,210,0,0,0
TF,NADAX,18.316214,-68.803139,0, ,0.0,0.0,0.0,0.0,4,11000,5000,1,210,0,0,0
TF,EMUTI,18.467614,-68.544528,0, ,0.0,0.0,0.0,0.0,2,3000,0,1,210,0,0,0

STAR,POKA2C,27,5
IF,POKAK,16.000000,-68.566667, ,0.0,0.0,2,16000,0,0,0,0,0,0
TF,PC109,18.008031,-68.771322,0, ,0.0,0.0,0.0,0.0,3,19000,0,1,250,0,0,0
TF,PC108,18.203942,-68.791544,0, ,0.0,0.0,0.0,0.0,3,19000,0,1,250,0,0,0
TF,NADAX,18.316214,-68.803139,0, ,0.0,0.0,0.0,0.0,3,17000,0,1,230,0,0,0
TF,EMUTI,18.467614,-68.544528,0, ,0.0,0.0,0.0,0.0,2,11000,0,1,210,0,0,0
TF,PC205,18.490211,-68.359008,0, ,0.0,0.0,0.0,0.0,2,8000,0,1,210,0,0,0
TF,VIRTO,18.500328,-68.165947,0, ,0.0,0.0,0.0,0.0,2,3000,0,1,210,0,0,0

STAR,POKE1C,26,5
IF,POKEG,20.175000,-70.055000, ,0.0,0.0,2,16000,0,0,0,0,0,0
TF,PC113,19.793014,-69.874856,0, ,0.0,0.0,0.0,0.0,2,16000,0,0,0,0,0,0
TF,VOGEP,18.971111,-69.152500,0, ,0.0,0.0,0.0,0.0,3,16000,0,1,270,0,0,0
TF,BEREL,18.828333,-68.873056,0, ,0.0,0.0,0.0,0.0,3,16000,0,1,230,0,0,0
TF,PC099,18.687592,-68.686106,0, ,0.0,0.0,0.0,0.0,2,12000,0,1,220,0,0,0
TF,AGNAL,18.604775,-68.575789,0, ,0.0,0.0,0.0,0.0,2,12000,0,1,210,0,0,0
TF,PC203,18.651033,-68.407314,0, ,0.0,0.0,0.0,0.0,2,8000,0,1,210,0,0,0
TF,APLAL,18.705031,-68.210347,0, ,0.0,0.0,0.0,0.0,2,3000,0,1,210,0,0,0

STAR,POKE1W,08,5
IF,POKEG,20.175000,-70.055000, ,0.0,0.0,2,16000,0,0,0,0,0,0
TF,PC113,19.793014,-69.874856,0, ,0.0,0.0,0.0,0.0,2,16000,0,0,0,0,0,0
TF,VOGEP,18.971111,-69.152500,0, ,0.0,0.0,0.0,0.0,3,16000,0,1,270,0,0,0
TF,BEREL,18.828333,-68.873056,0, ,0.0,0.0,0.0,0.0,3,12000,0,1,220,0,0,0
TF,PC099,18.687592,-68.686106,0, ,0.0,0.0,0.0,0.0,2,4000,0,1,220,0,0,0
TF,AGNAL,18.604775,-68.575789,0, ,0.0,0.0,0.0,0.0,2,3000,0,1,210,0,0,0

STAR,POKE2B,09,5
IF,POKEG,20.175000,-70.055000, ,0.0,0.0,2,16000,0,0,0,0,0,0
TF,PC113,19.793014,-69.874856,0, ,0.0,0.0,0.0,0.0,2,16000,0,0,0,0,0,0
TF,VOGEP,18.971111,-69.152500,0, ,0.0,0.0,0.0,0.0,3,16000,0,1,270,0,0,0
TF,BEREL,18.828333,-68.873056,0, ,0.0,0.0,0.0,0.0,3,12000,0,1,220,0,0,0
TF,PC098,18.694508,-68.673803,0, ,0.0,0.0,0.0,0.0,2,4000,0,1,220,0,0,0
TF,DASVO,18.634244,-68.560425,0, ,0.0,0.0,0.0,0.0,2,3000,0,1,210,0,0,0

STAR,POKE2C,27,5
IF,POKEG,20.175000,-70.055000, ,0.0,0.0,2,16000,0,0,0,0,0,0
TF,PC113,19.793014,-69.874856,0, ,0.0,0.0,0.0,0.0,2,16000,0,0,0,0,0,0
TF,VOGEP,18.971111,-69.152500,0, ,0.0,0.0,0.0,0.0,3,16000,0,1,270,0,0,0
TF,BEREL,18.828333,-68.873056,0, ,0.0,0.0,0.0,0.0,3,16000,0,1,230,0,0,0
TF,PC098,18.694508,-68.673803,0, ,0.0,0.0,0.0,0.0,2,12000,0,1,220,0,0,0
TF,DASVO,18.634244,-68.560425,0, ,0.0,0.0,0.0,0.0,2,12000,0,1,210,0,0,0
TF,PC203,18.651033,-68.407314,0, ,0.0,0.0,0.0,0.0,2,8000,0,1,210,0,0,0
TF,LETAD,18.666983,-68.181544,0, ,0.0,0.0,0.0,0.0,2,3000,0,1,210,0,0,0

STAR,VESK1C,26,5
IF,VESKA,16.000000,-70.750000, ,0.0,0.0,2,16000,0,0,0,0,0,0
TF,PC110,18.090822,-68.995414,0, ,0.0,0.0,0.0,0.0,3,19000,0,1,250,0,0,0
TF,NADAX,18.316214,-68.803139,0, ,0.0,0.0,0.0,0.0,3,17000,0,1,210,0,0,0
TF,ANEBI,18.443872,-68.527678,0, ,0.0,0.0,0.0,0.0,2,12000,0,1,210,0,0,0
TF,PC205,18.490211,-68.359008,0, ,0.0,0.0,0.0,0.0,2,8000,0,1,210,0,0,0
TF,MESPA,18.544131,-68.162208,0, ,0.0,0.0,0.0,0.0,2,3000,0,1,210,0,0,0

STAR,VESK1W,08,5
IF,VESKA,16.000000,-70.750000, ,0.0,0.0,2,16000,0,0,0,0,0,0
TF,PC110,18.090822,-68.995414,0, ,0.0,0.0,0.0,0.0,3,15000,0,1,230,0,0,0
TF,NADAX,18.316214,-68.803139,0, ,0.0,0.0,0.0,0.0,4,11000,5000,1,210,0,0,0
TF,ANEBI,18.443872,-68.527678,0, ,0.0,0.0,0.0,0.0,2,3000,0,1,210,0,0,0

STAR,VESK2B,09,5
IF,VESKA,16.000000,-70.750000, ,0.0,0.0,2,16000,0,0,0,0,0,0
TF,PC110,18.090822,-68.995414,0, ,0.0,0.0,0.0,0.0,3,15000,0,1,230,0,0,0
TF,NADAX,18.316214,-68.803139,0, ,0.0,0.0,0.0,0.0,4,11000,5000,1,210,0,0,0
TF,EMUTI,18.467614,-68.544528,0, ,0.0,0.0,0.0,0.0,2,3000,0,1,210,0,0,0

STAR,VESK2C,27,5
IF,VESKA,16.000000,-70.750000, ,0.0,0.0,2,16000,0,0,0,0,0,0
TF,PC110,18.090822,-68.995414,0, ,0.0,0.0,0.0,0.0,3,19000,0,1,250,0,0,0
TF,NADAX,18.316214,-68.803139,0, ,0.0,0.0,0.0,0.0,3,17000,0,1,230,0,0,0
TF,EMUTI,18.467614,-68.544528,0, ,0.0,0.0,0.0,0.0,2,11000,0,1,210,0,0,0
TF,PC205,18.490211,-68.359008,0, ,0.0,0.0,0.0,0.0,2,8000,0,1,210,0,0,0
TF,VIRTO,18.500328,-68.165947,0, ,0.0,0.0,0.0,0.0,2,3000,0,1,210,0,0,0

APPTR,D08,08,BEPON
IF,BEPON,18.400278,-68.392500, ,0.0,0.0,0,0,0,0,0,0,1,0
AF,LISLI,18.466667,-68.523611,2,PNA,245.1,10.0,196.0,2,2000,0,0,0,0,0,0
AF,OLEPI,18.529769,-68.554278,2,PNA,269.1,10.0,246.0,2,2000,0,0,0,0,0,0

APPTR,D08,08,BORIG
IF,BORIG,18.648333,-68.536944, ,0.0,0.0,0,0,0,0,0,0,1,0
AF,OLEPI,18.529769,-68.554278,1,PNA,269.1,10.0,312.0,2,2000,0,0,0,0,0,0

APPTR,D08,08,BOTEB
IF,BOTEB,18.728056,-68.431667, ,0.0,0.0,0,0,0,0,0,0,1,0
AF,BORIG,18.648333,-68.536944,1,PNA,311.0,10.0,357.0,2,2000,0,0,0,0,0,0
AF,OLEPI,18.529769,-68.554278,1,PNA,269.1,10.0,312.0,2,2000,0,0,0,0,0,0

APPTR,D08,08,LISLI
IF,LISLI,18.466667,-68.523611, ,0.0,0.0,0,0,0,0,0,0,1,0
AF,OLEPI,18.529769,-68.554278,2,PNA,269.1,10.0,246.0,2,2000,0,0,0,0,0,0

APPTR,D08,08,PNA
IF,PNA,18.567258,-68.383314, ,0.0,0.0,2,4000,0,0,0,0,0,0
TF,D295J,18.601967,-68.554956,0, ,0.0,0.0,0.0,0.0,2,2000,0,0,0,0,0,0
AF,OLEPI,18.529769,-68.554278,1,PNA,269.1,10.0,295.0,2,2000,0,0,0,0,0,0

FINAL,D08,08,D,3
IF,OLEPI,18.529769,-68.554278,PNA,269.1,10.0,2,2000,0,0,0,0,0,0
CF,RETES,18.549022,-68.466581,0,PNA,269.1,4.9,90.0,5.1,2,1700,0,0,0,0,2,0
CF,MA08,18.560333,-68.414947,0,PNA,269.1,1.9,90.0,3.0,1,702,0,0,0,0,3,0
CF,PNA,18.567258,-68.383314,0,PNA,0.0,0.0,90.0,1.9,0,0,0,0,0,0,0,0
FA,PNA,18.567258,-68.383314,0,PNA,0.0,0.0,90.0,2,1500,0,0,0,0,0,0
CF,BOTEB,18.728056,-68.431667,1,PNA,356.0,10.0,357.0,9.0,2,2000,0,0,0,0,0,0

APPTR,D09,09,BEPON
IF,BEPON,18.400278,-68.392500, ,0.0,0.0,0,0,0,0,0,0,1,0
AF,LISLI,18.466667,-68.523611,2,PNA,245.1,10.0,196.0,2,2000,0,0,0,0,0,0
AF,ALVAG,18.544122,-68.557061,2,PNA,274.1,10.0,246.0,2,2000,0,0,0,0,0,0

APPTR,D09,09,BORIG
IF,BORIG,18.648333,-68.536944, ,0.0,0.0,0,0,0,0,0,0,1,0
AF,ALVAG,18.544122,-68.557061,1,PNA,274.1,10.0,312.0,2,2000,0,0,0,0,0,0

APPTR,D09,09,BOTEB
IF,BOTEB,18.728056,-68.431667, ,0.0,0.0,0,0,0,0,0,0,1,0
AF,BORIG,18.648333,-68.536944,1,PNA,311.0,10.0,357.0,2,2000,0,0,0,0,0,0
AF,ALVAG,18.544122,-68.557061,1,PNA,274.1,10.0,312.0,2,2000,0,0,0,0,0,0

APPTR,D09,09,LISLI
IF,LISLI,18.466667,-68.523611, ,0.0,0.0,0,0,0,0,0,0,1,0
AF,ALVAG,18.544122,-68.557061,2,PNA,274.1,10.0,246.0,2,2000,0,0,0,0,0,0

APPTR,D09,09,PNA
IF,PNA,18.567258,-68.383314, ,0.0,0.0,2,4000,0,0,0,0,0,0
TF,D300J,18.616103,-68.551139,0, ,0.0,0.0,0.0,0.0,2,2000,0,0,0,0,0,0
AF,ALVAG,18.544122,-68.557061,1,PNA,274.1,10.0,300.0,2,2000,0,0,0,0,0,0

FINAL,D09,09,D,3
IF,ALVAG,18.544122,-68.557061,PNA,274.1,10.0,2,2000,0,0,0,0,0,0
CF,RADUM,18.556289,-68.465850,0,PNA,274.1,4.8,95.0,5.3,2,1700,0,0,0,0,2,0
CF,MA09,18.563361,-68.412853,0,PNA,274.1,1.7,95.0,3.1,1,731,0,0,0,0,3,0
CF,PNA,18.567258,-68.383314,0,PNA,0.0,0.0,95.0,1.7,0,0,0,0,0,0,0,0
FA,PNA,18.567258,-68.383314,0,PNA,0.0,0.0,95.0,2,1500,0,0,0,0,0,0
CF,BOTEB,18.728056,-68.431667,1,PNA,356.0,10.0,357.0,9.0,2,2000,0,0,0,0,0,0

APPTR,J08,08,AGNAL
IF,AGNAL,18.604775,-68.575789, ,0.0,0.0,0,0,0,1,210,0,1,0
TF,VOLID,18.523611,-68.551667,0,G08A,0.0,0.0,0.0,0.0,2,3000,0,0,0,0,1,0

APPTR,J08,08,ANEBI
IF,ANEBI,18.443872,-68.527678, ,0.0,0.0,0,0,0,1,210,0,1,0
TF,VOLID,18.523611,-68.551667,0,G08A,0.0,0.0,0.0,0.0,2,3000,0,0,0,0,1,0

FINAL,J08,08,G,3
IF,VOLID,18.523611,-68.551667,G08A,0.0,0.0,2,3000,0,1,210,0,0,0
TF,RIKIK,18.547328,-68.467397,0,G08A,0.0,0.0,86.0,5.0,1,1700,0,0,0,0,2,0
TF,RW08,18.570294,-68.383050,0,G08A,0.0,0.0,86.0,5.0,1,93,0,0,0,0,3,1
TF,PC257,18.579606,-68.349344,0, ,0.0,0.0,0.0,0.0,0,0,0,0,0,0,0,1
DF,PC258,18.651922,-68.371328,1, ,0.0,0.0,0,0,0,0,0,0,0,0
TF,AGNAL,18.604775,-68.575789,0, ,0.0,0.0,0.0,0.0,2,3000,0,1,210,0,0,0
HM,AGNAL,18.604775,-68.575789,1, ,0.0,0.0,176.0,04.3,2,3000,0,1,210,0,0,0,0

APPTR,J09,09,DASVO
IF,DASVO,18.634244,-68.560425, ,0.0,0.0,0,0,0,1,210,0,1,0
TF,PC250,18.550931,-68.552472,0,G09A,0.0,0.0,0.0,0.0,2,3000,0,0,0,0,1,0

APPTR,J09,09,EMUTI
IF,EMUTI,18.467614,-68.544528, ,0.0,0.0,0,0,0,1,210,0,1,0
TF,PC250,18.550931,-68.552472,0,G09A,0.0,0.0,0.0,0.0,2,3000,0,0,0,0,1,0

FINAL,J09,09,G,3
IF,PC250,18.550931,-68.552472,G09A,0.0,0.0,2,3000,0,1,210,0,0,0
TF,PC899,18.558544,-68.465419,0,G09A,0.0,0.0,97.0,5.0,1,1700,0,0,0,0,2,0
TF,RW09,18.566103,-68.378058,0,G09A,0.0,0.0,97.0,5.0,1,97,0,0,0,0,3,1
TF,PC898,18.569122,-68.343114,0, ,0.0,0.0,0.0,0.0,0,0,0,0,0,0,0,1
DF,EMUTI,18.467614,-68.544528,2, ,0.0,0.0,2,3000,0,1,210,0,0,0
HM,EMUTI,18.467614,-68.544528,2, ,0.0,0.0,7.0,04.3,2,3000,0,1,210,0,0,0,0

APPTR,J26,26,APLAL
IF,APLAL,18.705031,-68.210347, ,0.0,0.0,0,0,0,1,210,0,1,0
TF,BOBUL,18.623911,-68.186064,0,G26A,0.0,0.0,0.0,0.0,2,3000,0,0,0,0,1,0

APPTR,J26,26,MESPA
IF,MESPA,18.544131,-68.162208, ,0.0,0.0,0,0,0,1,210,0,1,0
TF,BOBUL,18.623911,-68.186064,0,G26A,0.0,0.0,0.0,0.0,2,3000,0,0,0,0,1,0

FINAL,J26,26,G,3
IF,BOBUL,18.623911,-68.186064,G26A,0.0,0.0,2,3000,0,1,210,0,0,0
TF,VIVAK,18.601356,-68.270561,0,G26A,0.0,0.0,266.0,5.0,1,1700,0,0,0,0,2,0
TF,RW26,18.578092,-68.354833,0,G26A,0.0,0.0,266.0,5.0,1,87,0,0,0,0,3,1
TF,PC268,18.568775,-68.388536,0, ,0.0,0.0,0.0,0.0,0,0,0,0,0,0,0,1
DF,PC269,18.496478,-68.366492,1, ,0.0,0.0,0,0,0,0,0,0,0,0
TF,MESPA,18.544131,-68.162208,0, ,0.0,0.0,0.0,0.0,2,3000,0,1,210,0,0,0
HM,MESPA,18.544131,-68.162208,1, ,0.0,0.0,356.0,04.3,2,3000,0,1,210,0,0,0,0

APPTR,J27,27,LETAD
IF,LETAD,18.666983,-68.181544, ,0.0,0.0,0,0,0,0,0,0,1,0
TF,PC260,18.583656,-68.173742,0,G27A,0.0,0.0,0.0,0.0,2,3000,0,0,0,0,1,0

APPTR,J27,27,VIRTO
IF,VIRTO,18.500328,-68.165947, ,0.0,0.0,0,0,0,0,0,0,1,0
TF,PC260,18.583656,-68.173742,0,G27A,0.0,0.0,0.0,0.0,2,3000,0,0,0,0,1,0

FINAL,J27,27,G,3
IF,PC260,18.583656,-68.173742,G27A,0.0,0.0,2,3000,0,0,0,0,0,0
TF,PC699,18.576164,-68.261433,0,G27A,0.0,0.0,277.0,5.0,1,1700,0,0,0,0,2,0
TF,RW27,18.568631,-68.348800,0,G27A,0.0,0.0,277.0,5.0,1,86,0,0,0,0,3,1
TF,PC698,18.565611,-68.383744,0, ,0.0,0.0,0.0,0.0,0,0,0,0,0,0,0,1
DF,PC697,18.511269,-68.380378,1, ,0.0,0.0,0,0,0,0,0,0,0,0
TF,VIRTO,18.500328,-68.165947,0, ,0.0,0.0,0.0,0.0,2,3000,0,0,0,0,0,0
HM,VIRTO,18.500328,-68.165947,1, ,0.0,0.0,7.0,04.3,2,3000,0,0,0,0,0,0,0

APPTR,R08,08,AGNAL
IF,AGNAL,18.604775,-68.575789, ,0.0,0.0,0,0,0,1,210,0,1,0
TF,VOLID,18.523611,-68.551667,0, ,0.0,0.0,0.0,0.0,2,3000,0,0,0,0,1,0

APPTR,R08,08,ANEBI
IF,ANEBI,18.443872,-68.527678, ,0.0,0.0,0,0,0,1,210,0,1,0
TF,VOLID,18.523611,-68.551667,0, ,0.0,0.0,0.0,0.0,2,3000,0,0,0,0,1,0

FINAL,R08,08,R,3
IF,VOLID,18.523611,-68.551667, ,0.0,0.0,2,3000,0,1,210,0,0,0
TF,RIKIK,18.547328,-68.467397,0, ,0.0,0.0,86.0,5.0,2,1700,0,0,0,0,2,0
TF,RW08,18.570294,-68.383050,0, ,0.0,0.0,86.0,5.0,1,93,0,0,0,0,3,1
TF,PC257,18.579606,-68.349344,0, ,0.0,0.0,0.0,0.0,0,0,0,0,0,0,0,1
DF,PC258,18.651922,-68.371328,1, ,0.0,0.0,0,0,0,0,0,0,0,0
TF,AGNAL,18.604775,-68.575789,0, ,0.0,0.0,0.0,0.0,2,3000,0,1,210,0,0,0
HM,AGNAL,18.604775,-68.575789,1, ,0.0,0.0,176.0,04.3,2,3000,0,1,210,0,0,0,0

APPTR,R09,09,DASVO
IF,DASVO,18.634244,-68.560425, ,0.0,0.0,0,0,0,1,210,0,1,0
TF,PC250,18.550931,-68.552472,0, ,0.0,0.0,0.0,0.0,2,3000,0,0,0,0,1,0

APPTR,R09,09,EMUTI
IF,EMUTI,18.467614,-68.544528, ,0.0,0.0,0,0,0,1,210,0,1,0
TF,PC250,18.550931,-68.552472,0, ,0.0,0.0,0.0,0.0,2,3000,0,0,0,0,1,0

FINAL,R09,09,R,3
IF,PC250,18.550931,-68.552472, ,0.0,0.0,2,3000,0,1,210,0,0,0
TF,LIBAN,18.557031,-68.482594,0, ,0.0,0.0,97.0,4.0,2,2000,0,0,0,0,2,0
TF,RW09,18.566103,-68.378058,0, ,0.0,0.0,97.0,6.0,1,97,0,0,0,0,3,1
TF,PC255,18.569122,-68.343114,0, ,0.0,0.0,0.0,0.0,0,0,0,0,0,0,0,1
DF,EMUTI,18.467614,-68.544528,2, ,0.0,0.0,2,3000,0,1,210,0,0,0
HM,EMUTI,18.467614,-68.544528,2, ,0.0,0.0,7.0,04.3,2,3000,0,1,210,0,0,0,0

APPTR,R26,26,APLAL
IF,APLAL,18.705031,-68.210347, ,0.0,0.0,0,0,0,1,210,0,1,0
TF,BOBUL,18.623911,-68.186064,0, ,0.0,0.0,0.0,0.0,2,2800,0,0,0,0,1,0

APPTR,R26,26,MESPA
IF,MESPA,18.544131,-68.162208, ,0.0,0.0,0,0,0,1,210,0,1,0
TF,BOBUL,18.623911,-68.186064,0, ,0.0,0.0,0.0,0.0,2,2800,0,0,0,0,1,0

FINAL,R26,26,R,3
IF,BOBUL,18.623911,-68.186064, ,0.0,0.0,2,2800,0,1,210,0,0,0
TF,VIVAK,18.601356,-68.270561,0, ,0.0,0.0,266.0,5.0,2,1700,0,0,0,0,2,0
TF,RW26,18.578092,-68.354833,0, ,0.0,0.0,266.0,5.0,1,87,0,0,0,0,3,1
TF,PC268,18.568775,-68.388536,0, ,0.0,0.0,0.0,0.0,0,0,0,0,0,0,0,1
DF,PC269,18.496478,-68.366492,1, ,0.0,0.0,0,0,0,0,0,0,0,0
TF,MESPA,18.544131,-68.162208,0, ,0.0,0.0,0.0,0.0,2,3000,0,1,210,0,0,0
HM,MESPA,18.544131,-68.162208,1, ,0.0,0.0,356.0,04.3,2,3000,0,1,210,0,0,0,0

APPTR,R27,27,LETAD
IF,LETAD,18.666983,-68.181544, ,0.0,0.0,0,0,0,0,0,0,1,0
TF,PC260,18.583656,-68.173742,0, ,0.0,0.0,0.0,0.0,2,3000,0,0,0,0,1,0

APPTR,R27,27,VIRTO
IF,VIRTO,18.500328,-68.165947, ,0.0,0.0,0,0,0,0,0,0,1,0
TF,PC260,18.583656,-68.173742,0, ,0.0,0.0,0.0,0.0,2,3000,0,0,0,0,1,0

FINAL,R27,27,R,3
IF,PC260,18.583656,-68.173742, ,0.0,0.0,2,3000,0,0,0,0,0,0
TF,BEPAX,18.577678,-68.243644,0, ,0.0,0.0,277.0,4.0,2,2000,0,0,0,0,2,0
TF,RW27,18.568631,-68.348800,0, ,0.0,0.0,277.0,6.0,1,86,0,0,0,0,3,1
TF,PC265,18.565611,-68.383744,0, ,0.0,0.0,0.0,0.0,0,0,0,0,0,0,0,1
DF,VIRTO,18.500328,-68.165947,1, ,0.0,0.0,2,3000,0,0,0,0,0,0
HM,VIRTO,18.500328,-68.165947,1, ,0.0,0.0,7.0,04.3,2,3000,0,0,0,0,0,0,0

APPTR,S08,08,PNA
IF,PNA,18.567258,-68.383314, ,0.0,0.0,2,3000,0,0,0,0,0,0
FC,PNA,18.567258,-68.383314,0,PNA,0.0,0.0,295.0,7.0,0,0,0,0,0,0,0,1
CF,FS08,18.550969,-68.463564,1,PNA,270.0,4.7,90.0,3.0,2,1600,0,0,0,0,0,0

FINAL,S08,08,D,2
IF,FS08,18.550969,-68.463564,PNA,270.0,4.7,2,1600,0,0,0,0,2,0
CF,PNA,18.567258,-68.383314,0,PNA,0.0,0.0,90.0,4.7,1,112,0,0,0,0,3,0
FA,PNA,18.567258,-68.383314,0,PNA,0.0,0.0,90.0,2,2000,0,0,0,0,0,0
DF,PNA,18.567258,-68.383314,1, ,0.0,0.0,2,3000,0,0,0,0,0,0

APPTR,S09,09,PNA
IF,PNA,18.567258,-68.383314, ,0.0,0.0,2,3000,0,0,0,0,0,0
FC,PNA,18.567258,-68.383314,0,PNA,0.0,0.0,300.0,7.0,0,0,0,0,0,0,0,1
CF,FS09,18.558208,-68.460450,1,PNA,275.0,4.4,95.0,3.0,2,1600,0,0,0,0,0,0

FINAL,S09,09,D,2
IF,FS09,18.558208,-68.460450,PNA,275.0,4.4,2,1600,0,0,0,0,2,0
CF,PNA,18.567258,-68.383314,0,PNA,0.0,0.0,95.0,4.4,1,189,0,0,0,0,3,0
FA,PNA,18.567258,-68.383314,0,PNA,0.0,0.0,95.0,2,2000,0,0,0,0,0,0
DF,PNA,18.567258,-68.383314,1, ,0.0,0.0,2,3000,0,0,0,0,0,0

APPTR,S26,26,PNA
IF,PNA,18.567258,-68.383314, ,0.0,0.0,2,3000,0,0,0,0,0,0
FC,PNA,18.567258,-68.383314,0,PNA,0.0,0.0,58.0,7.0,0,0,0,0,0,0,0,1
CF,FS26,18.598528,-68.287997,2,PNA,83.0,5.7,263.0,2.0,2,1300,0,0,0,0,0,0

FINAL,S26,26,D,2
IF,FS26,18.598528,-68.287997,PNA,83.0,5.7,2,1300,0,0,0,0,2,0
CF,RW26,18.578092,-68.354833,0,PNA,80.3,1.8,263.0,4.0,1,87,0,0,0,0,3,0
CF,PNA,18.567258,-68.383314,0,PNA,0.0,0.0,263.0,1.8,0,0,0,0,0,0,0,1
FA,PNA,18.567258,-68.383314,0,PNA,0.0,0.0,263.0,2,2000,0,0,0,0,0,0
DF,PNA,18.567258,-68.383314,2, ,0.0,0.0,2,3000,0,0,0,0,0,0

APPTR,S27,27,PNA
IF,PNA,18.567258,-68.383314, ,0.0,0.0,2,3000,0,0,0,0,0,0
FC,PNA,18.567258,-68.383314,0,PNA,0.0,0.0,74.0,7.0,0,0,0,0,0,0,0,1
CF,FS27,18.572456,-68.278736,2,PNA,99.0,6.0,279.0,1.0,2,1300,0,0,0,0,0,0

FINAL,S27,27,D,2
IF,FS27,18.572456,-68.278736,PNA,99.0,6.0,2,1300,0,0,0,0,2,0
CF,RW27,18.568631,-68.348800,0,PNA,99.6,2.0,279.0,4.0,1,86,0,0,0,0,3,0
CF,PNA,18.567258,-68.383314,0,PNA,0.0,0.0,279.0,2.0,0,0,0,0,0,0,0,1
FA,PNA,18.567258,-68.383314,0,PNA,0.0,0.0,279.0,2,2000,0,0,0,0,0,0
DF,PNA,18.567258,-68.383314,2, ,0.0,0.0,2,3000,0,0,0,0,0,0

