SID,ARIT1D,35,5
CF,PR705,14.458928,-87.635525,0,TNT,318.4,34.9,351.0,4.0,2,2900,0,0,0,0,0,0
TF,PR703,14.691153,-87.644014,0, ,0.0,0.0,0.0,0.0,2,8000,0,0,0,0,0,0
TF,ARITA,14.857867,-87.623367,0, ,0.0,0.0,0.0,0.0,2,10000,0,0,0,0,0,0

SID,ARITA3,17,1
VA,0,168.0,2,4000,0,0,0,0,0,0
DF,ESC,14.391950,-87.622097,2, ,0.0,0.0,3,10000,0,0,0,0,0,0
TF,ARITA,14.857867,-87.623367,0, ,0.0,0.0,0.0,0.0,2,10000,0,0,0,0,0,0

SID,ARITA3,35,1
VA,0,348.0,2,2500,0,0,0,0,0,0
VI,0, ,0.0,18.0,0,0,0,0,0,0,0,0
CF,ARITA,14.857867,-87.623367,0,ESC,357.9,27.8,358.0,25.0,2,10000,0,0,0,0,0,0

SID,KANE1D,35,5
CF,PR705,14.458928,-87.635525,0,TNT,318.4,34.9,351.0,4.0,2,2900,0,0,0,0,0,0
TF,PR703,14.691153,-87.644014,0, ,0.0,0.0,0.0,0.0,2,8000,0,0,0,0,0,0
TF,KANEL,14.678558,-87.536811,2, ,0.0,0.0,0.0,0.0,2,10000,0,0,0,0,0,0

SID,KANE1E,17,5
CF,PR710,14.304075,-87.606481,0,TNT,307.8,27.5,171.0,4.1,2,4110,0,0,0,0,0,0
TF,PR706,14.256261,-87.597519,0, ,0.0,0.0,0.0,0.0,2,5560,0,0,0,0,0,1
DF,KANEL,14.678558,-87.536811,2, ,0.0,0.0,2,19000,0,0,0,0,0,0

SID,KARI1D,17,5
CF,PR710,14.304075,-87.606481,0,TNT,307.8,27.5,171.0,4.1,2,3300,0,0,0,0,0,0
TF,PR711,14.194106,-87.632522,0, ,0.0,0.0,0.0,0.0,2,5300,0,0,0,0,0,0
TF,LEPAX,14.101667,-87.651667,0, ,0.0,0.0,0.0,0.0,2,7000,0,0,0,0,0,0
TF,KARID,13.899056,-87.636458,0, ,0.0,0.0,0.0,0.0,2,10700,0,0,0,0,0,0

SID,RIBOS3,17,1
VA,0,168.0,2,2470,0,0,0,0,0,0
VI,0, ,0.0,212.0,0,0,0,0,0,0,0,0
CF,RIBOS,13.953611,-87.650833,0,ESC,181.7,26.2,182.0,23.0,2,10000,0,0,0,0,0,0

SID,RIBOS3,35,1
VA,0,348.0,2,4000,0,1,250,0,0,0
DF,ESC,14.391950,-87.622097,1, ,0.0,0.0,3,10000,0,0,0,0,0,0
TF,RIBOS,13.953611,-87.650833,0, ,0.0,0.0,0.0,0.0,2,10000,0,0,0,0,0,0

SID,SAP1E,17,5
CF,PR710,14.304075,-87.606481,0,TNT,307.8,27.5,171.0,4.1,2,4110,0,0,0,0,0,0
TF,PR706,14.256261,-87.597519,0, ,0.0,0.0,0.0,0.0,2,5560,0,0,0,0,0,1
DF,PR707,14.547122,-87.739931,2, ,0.0,0.0,2,16500,0,0,0,0,0,0
TF,SAP,15.463600,-87.916961,0, ,0.0,0.0,0.0,0.0,2,19000,0,0,0,0,0,0

SID,TIRN1D,35,5
CF,PR705,14.458928,-87.635525,0,TNT,318.4,34.9,351.0,4.0,2,2900,0,0,0,0,0,0
TF,PR703,14.691153,-87.644014,0, ,0.0,0.0,0.0,0.0,2,8000,0,0,0,0,0,0
TF,PR704,14.750439,-87.836872,0, ,0.0,0.0,0.0,0.0,2,12000,0,0,0,0,0,0
TF,TIRNA,14.879611,-88.254058,0, ,0.0,0.0,0.0,0.0,2,13000,0,0,0,0,0,0

SID,TIRN1E,17,5
CF,PR710,14.304075,-87.606481,0,TNT,307.8,27.5,171.0,4.1,2,4110,0,0,0,0,0,0
TF,PR706,14.256261,-87.597519,0, ,0.0,0.0,0.0,0.0,2,5560,0,0,0,0,0,1
DF,PR707,14.547122,-87.739931,2, ,0.0,0.0,2,16500,0,0,0,0,0,0
TF,TIRNA,14.879611,-88.254058,0, ,0.0,0.0,0.0,0.0,2,19000,0,0,0,0,0,0

STAR,ARIT1B,17,5
IF,ARITA,14.857867,-87.623367, ,0.0,0.0,2,10000,0,1,210,0,0,0
TF,PR703,14.691153,-87.644014,0, ,0.0,0.0,0.0,0.0,2,7900,0,1,210,0,0,0
TF,PR702,14.572261,-87.656806,0, ,0.0,0.0,0.0,0.0,2,5600,0,1,210,0,0,0

STAR,KANE1A,17,5
IF,KANEL,14.678558,-87.536811, ,0.0,0.0,2,10000,0,1,210,0,0,0
TF,PR703,14.691153,-87.644014,0, ,0.0,0.0,0.0,0.0,2,7900,0,1,210,0,0,0
TF,PR702,14.572261,-87.656806,1, ,0.0,0.0,0.0,0.0,2,5600,0,1,210,0,0,0

STAR,KARI1B,35,5
IF,KARID,13.899056,-87.636458, ,0.0,0.0,2,10000,0,1,210,0,0,0
TF,PR506,13.963075,-87.427086,0, ,0.0,0.0,0.0,0.0,2,10000,0,1,210,0,0,0
TF,PR505,14.022311,-87.462464,1, ,0.0,0.0,0.0,0.0,2,9000,0,1,210,0,0,0
TF,PR504,14.109058,-87.514314,0, ,0.0,0.0,0.0,0.0,2,8300,0,1,210,0,0,0
TF,PR503,14.164069,-87.555317,0, ,0.0,0.0,0.0,0.0,2,6600,0,1,210,0,0,0
TF,PR502,14.214819,-87.589758,0, ,0.0,0.0,0.0,0.0,2,5200,0,0,0,0,0,0

STAR,LEPA1A,35,5
IF,LEPAX,14.101667,-87.651667, ,0.0,0.0,2,12000,0,1,210,0,0,0
TF,KARID,13.899056,-87.636458,0, ,0.0,0.0,0.0,0.0,2,10000,0,1,210,0,0,0
TF,PR506,13.963075,-87.427086,1, ,0.0,0.0,0.0,0.0,2,10000,0,1,210,0,0,0
TF,PR505,14.022311,-87.462464,1, ,0.0,0.0,0.0,0.0,2,9000,0,1,210,0,0,0
TF,PR504,14.109058,-87.514314,0, ,0.0,0.0,0.0,0.0,2,8300,0,1,210,0,0,0
TF,PR503,14.164069,-87.555317,0, ,0.0,0.0,0.0,0.0,2,6600,0,1,210,0,0,0
TF,PR502,14.214819,-87.589758,0, ,0.0,0.0,0.0,0.0,2,5200,0,0,0,0,0,0

STAR,LIBI1B,35,5
IF,LIBIS,13.613333,-87.266667, ,0.0,0.0,2,10000,0,0,0,0,0,0
TF,PR506,13.963075,-87.427086,0, ,0.0,0.0,0.0,0.0,2,10000,0,1,210,0,0,0
TF,PR505,14.022311,-87.462464,0, ,0.0,0.0,0.0,0.0,2,9000,0,1,210,0,0,0
TF,PR504,14.109058,-87.514314,0, ,0.0,0.0,0.0,0.0,2,8300,0,1,210,0,0,0
TF,PR503,14.164069,-87.555317,0, ,0.0,0.0,0.0,0.0,2,6600,0,1,210,0,0,0
TF,PR502,14.214819,-87.589758,0, ,0.0,0.0,0.0,0.0,2,5200,0,0,0,0,0,0

STAR,TIRN1A,17,5
IF,TIRNA,14.879611,-88.254058, ,0.0,0.0,2,13000,0,1,210,0,0,0
TF,PR704,14.750439,-87.836872,0, ,0.0,0.0,0.0,0.0,2,11700,0,1,210,0,0,0
TF,PR703,14.691153,-87.644014,0, ,0.0,0.0,0.0,0.0,2,7900,0,1,210,0,0,0
TF,PR702,14.572261,-87.656806,0, ,0.0,0.0,0.0,0.0,2,5600,0,1,210,0,0,0

STAR,TNT1A,35,5
IF,TNT,14.028919,-87.229111, ,0.0,0.0,2,10000,0,1,210,0,0,0
TF,PR505,14.022311,-87.462464,0, ,0.0,0.0,0.0,0.0,2,9000,0,1,210,0,0,0
TF,PR504,14.109058,-87.514314,0, ,0.0,0.0,0.0,0.0,2,8300,0,1,210,0,0,0
TF,PR503,14.164069,-87.555317,0, ,0.0,0.0,0.0,0.0,2,6600,0,1,210,0,0,0
TF,PR502,14.214819,-87.589758,0, ,0.0,0.0,0.0,0.0,2,5200,0,0,0,0,0,0

APPTR,D17,17,PNNON
IF,PNNON,14.796122,-87.733411, ,0.0,0.0,2,8200,0,0,0,0,1,0
TF,JINUR,14.644161,-87.691511,0, ,0.0,0.0,0.0,0.0,2,7000,0,0,0,0,1,0

FINAL,D17,17,D,7
IF,JINUR,14.644161,-87.691511,ESC,343.0,15.6,2,7000,0,0,0,0,0,0
CF,BELGE,14.618294,-87.684383,0,ESC,343.0,14.0,163.0,1.6,2,6500,0,0,0,0,0,0
CF,GAILE,14.556861,-87.667464,0,ESC,343.0,10.2,163.0,3.8,2,5300,0,0,0,0,0,0
CF,DOOOO,14.521292,-87.657675,0,ESC,343.0,8.0,163.0,2.2,2,4600,0,0,0,0,0,0
CF,COMAK,14.482489,-87.646997,0,ESC,343.0,5.6,163.0,2.4,2,3900,0,0,0,0,2,0
CF,DUPSE,14.448539,-87.637656,0,ESC,343.0,3.5,163.0,2.1,2,3200,0,0,0,0,0,0
CF,ELAVE,14.401650,-87.624764,0,ESC,343.0,0.6,163.0,2.9,1,2274,0,0,0,0,3,0
CA,0,163.0,2,2470,0,0,0,0,0,0
CF,TOMAA,13.978622,-87.555061,0,ESC,169.0,25.0,169.0,25.0,2,8900,0,0,0,0,0,0
HM,TOMAA,13.978622,-87.555061,2, ,0.0,0.0,349.0,08,3,12000,0,1,310,0,0,0,0

APPTR,D35,35,TNT
IF,TNT,14.028919,-87.229111, ,0.0,0.0,2,10000,0,0,0,0,0,0
TF,TOMAA,13.978622,-87.555061,0, ,0.0,0.0,0.0,0.0,2,8900,0,0,0,0,1,0
TF,ERBAC,14.086092,-87.572467,0, ,0.0,0.0,0.0,0.0,2,7600,0,0,0,0,1,0

FINAL,D35,35,D,8
IF,ERBAC,14.086092,-87.572467,ESC,169.0,18.5,2,7600,0,0,0,0,0,0
CF,HELED,14.138997,-87.581042,0,ESC,169.0,15.3,349.0,3.2,2,6900,0,0,0,0,0,0
CF,KIMLE,14.155531,-87.583722,0,ESC,169.0,14.3,349.0,1.0,2,6600,0,0,0,0,0,0
CF,HAVOP,14.172064,-87.586403,0,ESC,169.0,13.3,349.0,1.0,2,5900,0,0,0,0,0,0
CF,KOSEY,14.210089,-87.592572,0,ESC,169.0,11.0,349.0,2.3,2,5200,0,0,0,0,0,0
CF,FARDO,14.251422,-87.599278,0,ESC,169.0,8.5,349.0,2.5,2,4500,0,0,0,0,2,0
CF,FIMAK,14.309286,-87.608669,0,ESC,169.0,5.0,349.0,3.5,2,3300,0,0,0,0,0,0
CF,HAKAL,14.363844,-87.617531,0,ESC,169.0,1.7,349.0,3.3,1,2245,0,0,0,0,3,0
CA,0,349.0,2,2470,0,0,0,0,0,0
CF,PNNON,14.796122,-87.733411,0,ESC,343.0,25.0,343.0,26.0,2,8200,0,0,0,0,0,0
HM,PNNON,14.796122,-87.733411,2, ,0.0,0.0,163.0,08,3,12200,0,1,310,0,0,0,0

FINAL,R17,17,R,4
IF,PR702,14.572261,-87.656806, ,0.0,0.0,2,5600,0,1,210,0,1,0
TF,PR701,14.506400,-87.644436,0, ,0.0,0.0,171.0,4.0,2,4300,0,0,0,0,2,0
TF,PR700,14.449522,-87.633758,0, ,0.0,0.0,171.0,3.5,2,3200,0,0,0,0,0,0
TF,RW17,14.393231,-87.623197,0, ,0.0,0.0,171.0,3.4,1,2112,0,1,185,0,3,1
TF,PR710,14.304075,-87.606481,0, ,0.0,0.0,0.0,0.0,2,4100,0,1,185,0,0,0
TF,PR711,14.194106,-87.632522,0, ,0.0,0.0,0.0,0.0,2,6100,0,0,0,0,0,0
TF,LEPAX,14.101667,-87.651667,0, ,0.0,0.0,0.0,0.0,2,7800,0,0,0,0,0,0
TF,KARID,13.899056,-87.636458,0, ,0.0,0.0,0.0,0.0,2,10000,0,0,0,0,0,0

FINAL,R35,35,R,3
IF,PR502,14.214819,-87.589758, ,0.0,0.0,2,5200,0,0,0,0,1,0
TF,PR501,14.288094,-87.603486,0, ,0.0,0.0,351.0,4.5,2,3700,0,0,0,0,2,0
TF,RW35,14.371522,-87.619125,0, ,0.0,0.0,351.0,5.1,1,2087,0,0,0,0,3,1
TF,PR510,14.505333,-87.644236,0, ,0.0,0.0,0.0,0.0,2,3600,0,0,0,0,0,0
TF,PR703,14.691153,-87.644014,0, ,0.0,0.0,0.0,0.0,2,7900,0,0,0,0,0,0

