SID,ADSEL3,07,1
VD, ,0,0,0,SIA,0.0,0.0,73.0,1.8,0,0,0,0,0,0,0,0
VI,1, ,0.0,290.0,0,0,0,0,0,0,0,0
CF,ADSEL,18.952222,-78.434722,0,SIA,319.9,39.7,320.0,31.0,0,0,0,0,0,0,0,0

SID,ADSEL3,25,1
FC,RW25,18.510194,-77.898417,0,SIA,0.0,0.0,253.0,1.5,0,0,0,0,0,0,0,1
VI,2, ,0.0,350.0,0,0,0,0,0,0,0,0
CF,ADSEL,18.952222,-78.434722,0,SIA,319.9,39.7,320.0,35.0,0,0,0,0,0,0,0,0

SID,BOSOM7,07,1
VD, ,0,0,0,SIA,0.0,0.0,73.0,1.8,0,0,0,0,0,0,0,0
VI,0, ,0.0,358.0,0,0,0,0,0,0,0,0
FD,SIA,18.501022,-77.924119,0,SIA,0.0,10.0,28.0,10.0,0,0,0,0,0,0,0,0
CI,0, ,0.0,28.0,0,0,0,0,0,0,0,0
AF,D195L,18.303050,-77.959147,2,SIA,196.6,12.0,28.0,0,0,0,0,0,0,0,0
TF,D195T,18.171667,-77.981667,0, ,0.0,0.0,0.0,0.0,2,13000,0,0,0,0,0,0
TF,BOSOM,17.856389,-78.038056,0, ,0.0,0.0,0.0,0.0,0,0,0,0,0,0,0,0

SID,BOSOM7,25,1
CA,0,253.0,2,410,0,0,0,0,0,0
FD,SIA,18.501022,-77.924119,0,SIA,0.0,8.0,266.0,8.0,0,0,0,0,0,0,0,0
VI,2, ,0.0,100.0,0,0,0,0,0,0,0,0
CF,SIA,18.501022,-77.924119,0,SIA,0.0,0.0,130.0,6.0,2,7600,0,0,0,0,0,0
TF,D195T,18.171667,-77.981667,0, ,0.0,0.0,0.0,0.0,2,13000,0,0,0,0,0,0
TF,BOSOM,17.856389,-78.038056,0, ,0.0,0.0,0.0,0.0,0,0,0,0,0,0,0,0

SID,ELUTU5,07,5
DF,OTESU,18.511833,-77.894611,0, ,0.0,0.0,0,0,0,0,0,0,0,1
TF,ELUTU,18.576667,-77.813333,0, ,0.0,0.0,0.0,0.0,2,1300,0,0,0,0,0,0

SID,ELUTU5,ADSEL,6
IF,ELUTU,18.576667,-77.813333, ,0.0,0.0,2,1300,0,0,0,0,0,0
TF,GOTES,18.666389,-77.892222,0, ,0.0,0.0,0.0,0.0,2,3000,0,0,0,0,0,0
TF,ADSEL,18.952222,-78.434722,0, ,0.0,0.0,0.0,0.0,2,5000,0,0,0,0,0,0

SID,ELUTU5,ALMUS,6
IF,ELUTU,18.576667,-77.813333, ,0.0,0.0,2,1300,0,0,0,0,0,0
TF,ALMUS,18.476389,-77.574444,0, ,0.0,0.0,0.0,0.0,2,5000,0,0,0,0,0,0

SID,ELUTU5,HAWLS,6
IF,ELUTU,18.576667,-77.813333, ,0.0,0.0,2,1300,0,0,0,0,0,0
TF,HAWLS,19.168611,-77.972500,0, ,0.0,0.0,0.0,0.0,2,5000,0,0,0,0,0,0

SID,ELUTU5,IMADI,6
IF,ELUTU,18.576667,-77.813333, ,0.0,0.0,2,1300,0,0,0,0,0,0
TF,IMADI,18.958889,-77.280278,0, ,0.0,0.0,0.0,0.0,2,5000,0,0,0,0,0,0

SID,ELUTU5,KEMBO,6
IF,ELUTU,18.576667,-77.813333, ,0.0,0.0,2,1300,0,0,0,0,0,0
TF,KEMBO,18.218889,-77.354722,0, ,0.0,0.0,0.0,0.0,2,5000,0,0,0,0,0,0

SID,ELUTU5,NUBOX,6
IF,ELUTU,18.576667,-77.813333, ,0.0,0.0,2,1300,0,0,0,0,0,0
TF,GOTES,18.666389,-77.892222,0, ,0.0,0.0,0.0,0.0,2,3000,0,0,0,0,0,0
TF,NUBOX,18.862778,-78.505833,0, ,0.0,0.0,0.0,0.0,2,5000,0,0,0,0,0,0

SID,ELUTU5,PETSI,6
IF,ELUTU,18.576667,-77.813333, ,0.0,0.0,2,1300,0,0,0,0,0,0
TF,GOTES,18.666389,-77.892222,0, ,0.0,0.0,0.0,0.0,2,3000,0,0,0,0,0,0
TF,PETSI,18.660278,-78.595833,0, ,0.0,0.0,0.0,0.0,2,5000,0,0,0,0,0,0

SID,ELUTU5,TILUP,6
IF,ELUTU,18.576667,-77.813333, ,0.0,0.0,2,1300,0,0,0,0,0,0
TF,TILUP,19.137222,-77.706111,0, ,0.0,0.0,0.0,0.0,2,5000,0,0,0,0,0,0

SID,IMADI2,07,1
VD, ,0,0,0,SIA,0.0,0.0,73.0,1.8,0,0,0,0,0,0,0,0
CF,IMADI,18.958889,-77.280278,0,SIA,60.2,45.8,58.0,45.0,0,0,0,0,0,0,0,0

SID,IMADI2,25,1
FC,RW25,18.510194,-77.898417,0,SIA,0.0,0.0,253.0,1.5,0,0,0,0,0,0,0,1
VI,2, ,0.0,88.0,0,0,0,0,0,0,0,0
CF,IMADI,18.958889,-77.280278,0,SIA,60.2,45.8,58.0,39.0,0,0,0,0,0,0,0,0

SID,KEMBO3,07,1
VD, ,0,0,0,SIA,0.0,0.0,73.0,1.8,0,0,0,0,0,0,0,0
VA,0,35.0,2,2500,0,0,0,0,0,0
VR,2,SIA,75.0,145.0,2,3000,0,0,0,0,0,0
VD, ,0,0,0,SIA,0.0,0.0,145.0,15.0,2,4500,0,0,0,0,0,0
VI,0, ,0.0,145.0,0,0,0,0,0,0,0,0
CF,KEMBO,18.218889,-77.354722,0,SIA,124.3,36.6,124.0,7.0,0,0,0,0,0,0,0,0

SID,KEMBO3,25,1
CA,0,253.0,2,410,0,0,0,0,0,0
FD,SIA,18.501022,-77.924119,0,SIA,0.0,8.0,267.0,8.0,0,0,0,0,0,0,0,0
VI,2, ,0.0,100.0,0,0,0,0,0,0,0,0
CF,SIA,18.501022,-77.924119,0,SIA,0.0,0.0,130.0,5.0,2,3000,0,0,0,0,0,0
FD,SIA,18.501022,-77.924119,0,SIA,0.0,15.0,124.0,15.0,2,4500,0,0,0,0,0,0
CF,KEMBO,18.218889,-77.354722,0,SIA,124.3,36.6,124.0,22.0,0,0,0,0,0,0,0,0

SID,KESPA2,07,1
VD, ,0,0,0,SIA,0.0,0.0,73.0,1.8,0,0,0,0,0,0,0,0
FD,SIA,18.501022,-77.924119,0,SIA,0.0,10.0,28.0,10.0,0,0,0,0,0,0,0,0
CI,0, ,0.0,28.0,0,0,0,0,0,0,0,0
AF,D137L,18.372792,-77.762156,2,SIA,136.7,12.0,28.0,0,0,0,0,0,0,0,0
TF,D137O,18.340711,-77.721719,0, ,0.0,0.0,0.0,0.0,2,15000,0,0,0,0,0,0
TF,KESPA,18.048611,-77.354722,0, ,0.0,0.0,0.0,0.0,0,0,0,0,0,0,0,0

SID,KESPA2,25,1
CA,0,253.0,2,410,0,0,0,0,0,0
FD,SIA,18.501022,-77.924119,0,SIA,0.0,8.0,266.0,8.0,0,0,0,0,0,0,0,0
VI,2, ,0.0,100.0,0,0,0,0,0,0,0,0
CF,SIA,18.501022,-77.924119,0,SIA,0.0,0.0,130.0,4.0,2,9800,0,0,0,0,0,0
TF,D137O,18.340711,-77.721719,0, ,0.0,0.0,0.0,0.0,2,15000,0,0,0,0,0,0
TF,KESPA,18.048611,-77.354722,0, ,0.0,0.0,0.0,0.0,0,0,0,0,0,0,0,0

SID,LIBEX2,07,1
VD, ,0,0,0,SIA,0.0,0.0,73.0,1.8,0,0,0,0,0,0,0,0
FD,SIA,18.501022,-77.924119,0,SIA,0.0,10.0,28.0,10.0,0,0,0,0,0,0,0,0
CI,0, ,0.0,28.0,0,0,0,0,0,0,0,0
AF,D109L,18.460733,-77.717892,2,SIA,108.5,12.0,28.0,0,0,0,0,0,0,0,0
TF,D109O,18.450625,-77.666369,0, ,0.0,0.0,0.0,0.0,2,15000,0,0,0,0,0,0
TF,LIBEX,18.389167,-77.354722,0, ,0.0,0.0,0.0,0.0,0,0,0,0,0,0,0,0

SID,LIBEX2,25,1
CA,0,253.0,2,410,0,0,0,0,0,0
FD,SIA,18.501022,-77.924119,0,SIA,0.0,8.0,266.0,8.0,0,0,0,0,0,0,0,0
VI,2, ,0.0,100.0,0,0,0,0,0,0,0,0
CF,SIA,18.501022,-77.924119,0,SIA,0.0,0.0,130.0,4.0,2,9800,0,0,0,0,0,0
TF,D109O,18.450625,-77.666369,0, ,0.0,0.0,0.0,0.0,2,15000,0,0,0,0,0,0
TF,LIBEX,18.389167,-77.354722,0, ,0.0,0.0,0.0,0.0,0,0,0,0,0,0,0,0

SID,NUBOX2,07,1
VD, ,0,0,0,SIA,0.0,0.0,73.0,1.8,0,0,0,0,0,0,0,0
VI,1, ,0.0,280.0,0,0,0,0,0,0,0,0
CF,NUBOX,18.862778,-78.505833,0,SIA,310.2,39.6,310.0,31.0,0,0,0,0,0,0,0,0

SID,NUBOX2,25,1
FC,RW25,18.510194,-77.898417,0,SIA,0.0,0.0,253.0,1.5,0,0,0,0,0,0,0,1
VI,0, ,0.0,340.0,0,0,0,0,0,0,0,0
CF,NUBOX,18.862778,-78.505833,0,SIA,310.2,39.6,310.0,35.0,0,0,0,0,0,0,0,0

SID,PETSI2,07,1
VD, ,0,0,0,SIA,0.0,0.0,73.0,1.8,0,0,0,0,0,0,0,0
VI,1, ,0.0,260.0,0,0,0,0,0,0,0,0
CF,PETSI,18.660278,-78.595833,0,SIA,291.1,39.5,290.0,33.0,0,0,0,0,0,0,0,0

SID,PETSI2,25,1
FC,RW25,18.510194,-77.898417,0,SIA,0.0,0.0,253.0,1.5,0,0,0,0,0,0,0,1
VI,0, ,0.0,320.0,0,0,0,0,0,0,0,0
CF,PETSI,18.660278,-78.595833,0,SIA,291.1,39.5,290.0,36.0,0,0,0,0,0,0,0,0

SID,ROSTO2,07,2
VD, ,0,0,0,SIA,0.0,0.0,73.0,1.8,0,0,0,0,0,0,0,0
CF,ROSTO,18.584444,-77.854722,0,SIA,45.4,6.4,30.0,5.0,0,0,0,0,0,0,0,0

SID,TEXUS3,25,2
CA,0,253.0,2,410,0,0,0,0,0,0
CF,TEXUS,18.491111,-78.018056,0,SIA,270.7,5.4,272.0,5.5,0,0,0,0,0,0,0,0

SID,TILUP1,07,1
VD, ,0,0,0,SIA,0.0,0.0,73.0,1.8,0,0,0,0,0,0,0,0
VI,0, ,0.0,355.0,0,0,0,0,0,0,0,0
CF,TILUP,19.137222,-77.706111,0,SIA,25.0,40.0,25.0,34.0,0,0,0,0,0,0,0,0

SID,TILUP1,25,1
FC,RW25,18.510194,-77.898417,0,SIA,0.0,0.0,253.0,1.5,0,0,0,0,0,0,0,1
VI,2, ,0.0,55.0,0,0,0,0,0,0,0,0
CF,D025Q,18.771472,-77.831611,0,SIA,25.0,17.0,25.0,10.0,2,4000,0,0,0,0,0,0
TF,TILUP,19.137222,-77.706111,0, ,0.0,0.0,0.0,0.0,0,0,0,0,0,0,0,0

STAR,LENAR7,ADSEL,1
IF,ADSEL,18.952222,-78.434722, ,0.0,0.0,0,0,0,0,0,0,0,0
TF,D320M,18.649075,-78.091139,0, ,0.0,0.0,0.0,0.0,0,0,0,0,0,0,0,0
CI,0, ,0.0,140.0,0,0,0,0,0,0,0,0
AF,LENAR,18.418611,-78.096667,1,SIA,250.4,11.0,320.0,0,0,0,0,0,0,0,0

STAR,LENAR7,BOSOM,1
IF,BOSOM,17.856389,-78.038056, ,0.0,0.0,0,0,0,0,0,0,0,0
TF,D195T,18.171667,-77.981667,0, ,0.0,0.0,0.0,0.0,2,13000,0,0,0,0,0,0
TF,D195M,18.286550,-77.962069,0, ,0.0,0.0,0.0,0.0,0,0,0,0,0,0,0,0
CI,0, ,0.0,15.0,0,0,0,0,0,0,0,0
AF,D222K,18.350083,-78.034694,2,SIA,222.0,11.0,195.0,0,0,0,0,0,0,0,0
AF,LENAR,18.418611,-78.096667,2,SIA,250.5,11.0,222.0,0,0,0,0,0,0,0,0

STAR,LENAR7,ENARI,1
IF,ENARI,19.110278,-78.215278, ,0.0,0.0,0,0,0,0,0,0,0,0
TF,D342M,18.699039,-78.018442,0, ,0.0,0.0,0.0,0.0,0,0,0,0,0,0,0,0
CI,0, ,0.0,162.0,0,0,0,0,0,0,0,0
AF,LENAR,18.418611,-78.096667,1,SIA,250.4,11.0,342.0,0,0,0,0,0,0,0,0

STAR,LENAR7,HAWLS,1
IF,HAWLS,19.168611,-77.972500, ,0.0,0.0,0,0,0,0,0,0,0,0
TF,D003M,18.718019,-77.939750,0, ,0.0,0.0,0.0,0.0,0,0,0,0,0,0,0,0
CI,0, ,0.0,183.0,0,0,0,0,0,0,0,0
AF,LENAR,18.418611,-78.096667,1,SIA,250.4,11.0,3.0,0,0,0,0,0,0,0,0

STAR,LENAR7,IMADI,1
IF,IMADI,18.958889,-77.280278, ,0.0,0.0,0,0,0,0,0,0,0,0
CF,D058M,18.637825,-77.746717,0,SIA,58.0,13.0,238.0,33.0,0,0,0,0,0,0,0,0
CI,0, ,0.0,238.0,0,0,0,0,0,0,0,0
AF,LENAR,18.418611,-78.096667,1,SIA,250.4,11.0,58.0,0,0,0,0,0,0,0,0

STAR,LENAR7,IMONI,1
IF,IMONI,18.375833,-78.601667, ,0.0,0.0,0,0,0,0,0,0,0,0
TF,D266X,18.425278,-78.336944,0, ,0.0,0.0,0.0,0.0,0,0,0,0,0,0,0,0
TF,D251Q,18.373611,-78.190833,0, ,0.0,0.0,0.0,0.0,0,0,0,0,0,0,0,0
TF,LENAR,18.418611,-78.096667,0, ,0.0,0.0,0.0,0.0,0,0,0,0,0,0,0,0

STAR,LENAR7,KEMBO,1
IF,KEMBO,18.218889,-77.354722, ,0.0,0.0,0,0,0,0,0,0,0,0
TF,D124O,18.385611,-77.690514,0, ,0.0,0.0,0.0,0.0,2,15000,0,0,0,0,0,0
TF,D124M,18.401017,-77.721633,0, ,0.0,0.0,0.0,0.0,0,0,0,0,0,0,0,0
CI,0, ,0.0,304.0,0,0,0,0,0,0,0,0
AF,D222K,18.350083,-78.034694,2,SIA,222.0,11.0,124.0,0,0,0,0,0,0,0,0
AF,LENAR,18.418611,-78.096667,2,SIA,250.5,11.0,222.0,0,0,0,0,0,0,0,0

STAR,LENAR7,KESPA,1
IF,KESPA,18.048611,-77.354722, ,0.0,0.0,0,0,0,0,0,0,0,0
TF,D137M,18.362100,-77.748675,0, ,0.0,0.0,0.0,0.0,0,0,0,0,0,0,0,0
CI,0, ,0.0,317.0,0,0,0,0,0,0,0,0
AF,D222K,18.350083,-78.034694,2,SIA,222.0,11.0,137.0,0,0,0,0,0,0,0,0
AF,LENAR,18.418611,-78.096667,2,SIA,250.5,11.0,222.0,0,0,0,0,0,0,0,0

STAR,LENAR7,LIBEX,1
IF,LIBEX,18.389167,-77.354722, ,0.0,0.0,0,0,0,0,0,0,0,0
TF,D109O,18.450625,-77.666369,0, ,0.0,0.0,0.0,0.0,2,15000,0,0,0,0,0,0
TF,SIA,18.501022,-77.924119,0, ,0.0,0.0,0.0,0.0,0,0,0,0,0,0,0,0
FD,SIA,18.501022,-77.924119,0,SIA,0.0,9.0,280.0,9.0,0,0,0,0,0,0,0,0
CI,0, ,0.0,280.0,0,0,0,0,0,0,0,0
AF,LENAR,18.418611,-78.096667,1,SIA,250.4,11.0,280.0,0,0,0,0,0,0,0,0

STAR,LENAR7,NUBOX,1
IF,NUBOX,18.862778,-78.505833, ,0.0,0.0,0,0,0,0,0,0,0,0
TF,D310M,18.620075,-78.114914,0, ,0.0,0.0,0.0,0.0,0,0,0,0,0,0,0,0
CI,0, ,0.0,130.0,0,0,0,0,0,0,0,0
AF,LENAR,18.418611,-78.096667,1,SIA,250.4,11.0,310.0,0,0,0,0,0,0,0,0

STAR,LENAR7,PETSI,1
IF,PETSI,18.660278,-78.595833, ,0.0,0.0,0,0,0,0,0,0,0,0
TF,D290M,18.553761,-78.145261,0, ,0.0,0.0,0.0,0.0,0,0,0,0,0,0,0,0
CI,0, ,0.0,110.0,0,0,0,0,0,0,0,0
AF,LENAR,18.418611,-78.096667,1,SIA,250.4,11.0,290.0,0,0,0,0,0,0,0,0

STAR,LENAR7,SEKAM,1
IF,SEKAM,19.152500,-78.086389, ,0.0,0.0,0,0,0,0,0,0,0,0
TF,D354M,18.712675,-77.976642,0, ,0.0,0.0,0.0,0.0,0,0,0,0,0,0,0,0
CI,0, ,0.0,174.0,0,0,0,0,0,0,0,0
AF,LENAR,18.418611,-78.096667,1,SIA,250.4,11.0,354.0,0,0,0,0,0,0,0,0

STAR,LENAR7,SENLA,1
IF,SENLA,18.461389,-77.354722, ,0.0,0.0,0,0,0,0,0,0,0,0
TF,ALMUS,18.476389,-77.574444,0, ,0.0,0.0,0.0,0.0,0,0,0,0,0,0,0,0
TF,D101O,18.482597,-77.661697,0, ,0.0,0.0,0.0,0.0,2,15000,0,0,0,0,0,0
TF,SIA,18.501022,-77.924119,0, ,0.0,0.0,0.0,0.0,0,0,0,0,0,0,0,0
FD,SIA,18.501022,-77.924119,0,SIA,0.0,9.0,280.0,9.0,0,0,0,0,0,0,0,0
CI,0, ,0.0,280.0,0,0,0,0,0,0,0,0
AF,LENAR,18.418611,-78.096667,1,SIA,250.4,11.0,280.0,0,0,0,0,0,0,0,0

STAR,LENAR7,SIA,1
FD,SIA,18.501022,-77.924119,0,SIA,0.0,9.0,280.0,9.0,0,0,0,0,0,0,0,0
CI,0, ,0.0,280.0,0,0,0,0,0,0,0,0
AF,LENAR,18.418611,-78.096667,1,SIA,250.4,11.0,280.0,0,0,0,0,0,0,0,0

STAR,LENAR7,TABRI,1
IF,TABRI,17.619167,-77.657222, ,0.0,0.0,0,0,0,0,0,0,0,0
TF,D171M,18.292108,-77.860575,0, ,0.0,0.0,0.0,0.0,2,15000,0,0,0,0,0,0
CI,0, ,0.0,351.0,0,0,0,0,0,0,0,0
AF,D222K,18.350083,-78.034694,2,SIA,222.0,11.0,171.0,0,0,0,0,0,0,0,0
AF,LENAR,18.418611,-78.096667,2,SIA,250.5,11.0,222.0,0,0,0,0,0,0,0,0

STAR,LENAR7,TILUP,1
IF,TILUP,19.137222,-77.706111, ,0.0,0.0,0,0,0,0,0,0,0,0
TF,D025M,18.707842,-77.853383,0, ,0.0,0.0,0.0,0.0,0,0,0,0,0,0,0,0
CI,0, ,0.0,205.0,0,0,0,0,0,0,0,0
AF,LENAR,18.418611,-78.096667,1,SIA,250.4,11.0,25.0,0,0,0,0,0,0,0,0

STAR,LENAR7,07,2
IF,LENAR,18.418611,-78.096667, ,0.0,0.0,0,0,0,0,0,0,0,0

APPTR,D07,07,SIA
IF,SIA,18.501022,-77.924119, ,0.0,0.0,2,4600,0,0,0,0,0,0
FD,SIA,18.501022,-77.924119,0,SIA,0.0,11.0,280.0,11.0,2,3000,0,0,0,0,0,0
CF,LENAR,18.418611,-78.096667,1,SIA,250.4,11.0,71.0,1.0,2,3000,0,0,0,0,0,0

FINAL,D07,07,D,4
IF,LENAR,18.418611,-78.096667,SIA,250.4,11.0,2,3000,0,0,0,0,0,0
CF,GADON,18.456111,-78.018056,0,SIA,250.4,6.0,71.0,5.0,2,2000,0,0,0,0,2,0
CF,40VOR,18.471044,-77.986833,0,SIA,250.4,4.0,71.0,2.0,2,1100,0,0,0,0,0,0
CF,MA07,18.489783,-77.947639,0,SIA,250.4,1.5,71.0,2.5,1,539,0,0,0,0,3,0
VA,0,71.0,2,800,0,0,0,0,0,0
VI,1, ,0.0,334.0,0,0,0,1,200,0,0,0
AF,LENAR,18.418611,-78.096667,1,SIA,250.4,11.0,346.0,2,3000,0,0,0,0,0,0

APPTR,R07,07,BIMBA
IF,BIMBA,18.805000,-77.786667, ,0.0,0.0,2,6000,0,0,0,0,0,0
TF,ASAFA,18.522825,-78.165003,0, ,0.0,0.0,0.0,0.0,2,5000,0,0,0,0,1,0
TF,USAIN,18.416133,-78.114369,0, ,0.0,0.0,0.0,0.0,2,3000,0,0,0,0,1,0

APPTR,R07,07,GIVPE
IF,GIVPE,18.345097,-77.613911, ,0.0,0.0,2,6000,0,0,0,0,0,0
TF,ITRUN,18.324653,-78.071058,0, ,0.0,0.0,0.0,0.0,2,5000,0,0,0,0,1,0
TF,USAIN,18.416133,-78.114369,0, ,0.0,0.0,0.0,0.0,2,3000,0,0,0,0,1,0

APPTR,R07,07,RILDE
IF,RILDE,18.761561,-77.988794, ,0.0,0.0,2,5000,0,0,0,0,0,0
TF,ASAFA,18.522825,-78.165003,0, ,0.0,0.0,0.0,0.0,2,5000,0,0,0,0,1,0
TF,USAIN,18.416133,-78.114369,0, ,0.0,0.0,0.0,0.0,2,3000,0,0,0,0,1,0

FINAL,R07,07,R,4
IF,USAIN,18.416133,-78.114369, ,0.0,0.0,2,3000,0,0,0,0,0,0
TF,BOLLT,18.450894,-78.034642,0, ,0.0,0.0,73.0,5.0,2,2300,0,0,0,0,2,0
TF,DUNIT,18.466875,-77.997956,0, ,0.0,0.0,73.0,2.3,2,1550,0,0,0,0,0,0
TF,RW07,18.499500,-77.922972,0, ,0.0,0.0,73.0,4.7,1,55,0,0,0,0,3,1
CA,0,71.0,2,900,0,0,0,0,0,0
DF,RILDE,18.761561,-77.988794,1, ,0.0,0.0,2,4000,0,0,0,0,0,1
HM,RILDE,18.761561,-77.988794,2, ,0.0,0.0,174.0,04.3,2,4000,0,1,230,0,0,0,0

APPTR,R25,25,ERBIT
IF,ERBIT,18.481861,-77.651333, ,0.0,0.0,2,5000,0,0,0,0,1,0
TF,DUVEG,18.582264,-77.732350,0, ,0.0,0.0,0.0,0.0,2,3400,0,0,0,0,1,0

APPTR,R25,25,RILDE
IF,RILDE,18.761561,-77.988794, ,0.0,0.0,2,6000,0,0,0,0,0,0
TF,KAVAS,18.656394,-77.773019,0, ,0.0,0.0,0.0,0.0,2,4600,0,0,0,0,1,0
TF,DUVEG,18.582264,-77.732350,0, ,0.0,0.0,0.0,0.0,2,3400,0,0,0,0,1,0

FINAL,R25,25,R,3
IF,DUVEG,18.582264,-77.732350, ,0.0,0.0,2,3400,0,0,0,0,0,0
TF,RIGUR,18.547628,-77.812200,0, ,0.0,0.0,253.0,5.0,2,1800,0,0,0,0,2,0
TF,RW25,18.510194,-77.898417,0, ,0.0,0.0,253.0,5.4,1,57,0,0,0,0,3,1
CA,0,253.0,2,410,0,0,0,0,0,0
DF,RILDE,18.761561,-77.988794,2, ,0.0,0.0,2,4000,0,0,0,0,0,1
HM,RILDE,18.761561,-77.988794,2, ,0.0,0.0,174.0,04.3,2,4000,0,1,230,0,0,0,0

