SID,DEBRO1,29,2
CA,0,288.0,2,5420,0,0,0,0,0,0
FD,GDL,20.523422,-103.311611,0,GDL,0.0,13.0,288.0,13.0,0,0,0,0,0,0,0,0
CI,0, ,0.0,288.0,0,0,0,0,0,0,0,0
AF,D254P,20.479717,-103.591872,1,GDL,254.7,16.0,288.0,0,0,0,0,0,0,0,0
TF,DEBRO,20.441111,-103.836944,0, ,0.0,0.0,0.0,0.0,0,0,0,0,0,0,0,0

SID,DUNSU1,29,2
CA,0,288.0,2,5420,0,0,0,0,0,0
FD,GDL,20.523422,-103.311611,0,GDL,0.0,16.0,288.0,16.0,0,0,0,0,0,0,0,0
CF,D269V,20.559244,-103.700458,0,GDL,269.7,22.0,233.0,8.6,0,0,0,0,0,0,0,0
TF,DUNSU,20.580000,-103.930278,0, ,0.0,0.0,0.0,0.0,0,0,0,0,0,0,0,0

SID,EBDEG1,11,2
CA,0,108.0,2,5420,0,0,0,0,0,0
FD,GDL,20.523422,-103.311611,0,GDL,0.0,16.0,108.0,16.0,0,0,0,0,0,0,0,0
CF,D127V,20.272331,-103.026225,0,GDL,127.0,22.0,164.0,8.6,0,0,0,0,0,0,0,0
TF,EBDEG,20.066547,-102.793419,0, ,0.0,0.0,0.0,0.0,0,0,0,0,0,0,0,0

SID,EMIG1A,11,2
CA,0,108.0,2,5420,0,0,0,0,0,0
FD,GDL,20.523422,-103.311611,0,GDL,0.0,13.0,108.0,13.0,0,0,0,0,0,0,0,0
CI,0, ,0.0,108.0,0,0,0,0,0,0,0,0
AF,D215P,20.321875,-103.498442,2,GDL,215.2,16.0,108.0,0,0,0,0,0,0,0,0
TF,EMIGU,20.145361,-103.661522,0, ,0.0,0.0,0.0,0.0,0,0,0,0,0,0,0,0

SID,EMIG1B,29,2
CA,0,288.0,2,5420,0,0,0,0,0,0
FD,GDL,20.523422,-103.311611,0,GDL,0.0,13.0,288.0,13.0,0,0,0,0,0,0,0,0
CI,0, ,0.0,288.0,0,0,0,0,0,0,0,0
AF,D215P,20.321875,-103.498442,1,GDL,215.2,16.0,288.0,0,0,0,0,0,0,0,0
TF,EMIGU,20.145361,-103.661522,0, ,0.0,0.0,0.0,0.0,0,0,0,0,0,0,0,0

SID,EMIR1A,11,5
CF,GL406,20.473172,-103.195356,0,GDL,108.6,7.2,108.0,6.0,0,0,0,1,200,0,0,1
TF,GL405,20.418581,-103.065747,0, ,0.0,0.0,0.0,0.0,2,9000,0,0,0,0,0,0
TF,GL430,20.063347,-102.974378,0, ,0.0,0.0,0.0,0.0,3,21000,0,0,0,0,0,0
TF,ATOXO,19.950431,-102.945433,0, ,0.0,0.0,0.0,0.0,0,0,0,0,0,0,0,0
TF,EMIRI,19.805925,-102.566097,0, ,0.0,0.0,0.0,0.0,0,0,0,0,0,0,0,0

SID,EMIR1B,29,5
CF,GL710,20.586656,-103.465608,0,GDL,287.6,9.5,288.0,10.7,2,7800,0,0,0,0,0,1
TF,GL730,20.370994,-103.584678,0, ,0.0,0.0,0.0,0.0,0,0,0,0,0,0,0,0
TF,GL731,20.121875,-103.079006,0, ,0.0,0.0,0.0,0.0,2,18000,0,0,0,0,0,0
TF,ATOXO,19.950431,-102.945433,0, ,0.0,0.0,0.0,0.0,0,0,0,0,0,0,0,0
TF,EMIRI,19.805925,-102.566097,0, ,0.0,0.0,0.0,0.0,0,0,0,0,0,0,0,0

SID,FEIS1A,11,5
CF,GL406,20.473172,-103.195356,0,GDL,108.6,7.2,108.0,6.0,0,0,0,1,200,0,0,1
TF,GL405,20.418581,-103.065747,0, ,0.0,0.0,0.0,0.0,2,9000,0,0,0,0,0,0
TF,GL410,20.512303,-103.021078,0, ,0.0,0.0,0.0,0.0,0,0,0,0,0,0,0,0
TF,FEISE,21.001872,-102.664372,0, ,0.0,0.0,0.0,0.0,0,0,0,0,0,0,0,0

SID,FEIS1B,29,5
CF,GL710,20.586656,-103.465608,0,GDL,287.6,9.5,288.0,10.7,2,7800,0,0,0,0,0,1
DF,GL720,20.619933,-103.171594,2, ,0.0,0.0,2,12000,0,0,0,0,0,0
TF,GL721,20.772731,-102.969342,0, ,0.0,0.0,0.0,0.0,2,16000,0,0,0,0,0,0
TF,FEISE,21.001872,-102.664372,0, ,0.0,0.0,0.0,0.0,0,0,0,0,0,0,0,0

SID,GDL1A,11,2
CA,0,108.0,2,5420,0,0,0,0,0,0
FD,GDL,20.523422,-103.311611,0,GDL,0.0,8.0,108.0,8.0,0,0,0,0,0,0,0,0
DF,GDL,20.523422,-103.311611,2, ,0.0,0.0,0,0,0,0,0,0,0,0

SID,GDL1B,29,2
CA,0,288.0,2,5420,0,0,0,0,0,0
FD,GDL,20.523422,-103.311611,0,GDL,0.0,7.0,288.0,7.0,0,0,0,0,0,0,0,0
DF,GDL,20.523422,-103.311611,1, ,0.0,0.0,0,0,0,0,0,0,0,0

SID,GDL1C,29,2
CA,0,288.0,2,5410,0,0,0,0,0,0
FD,GDL,20.523422,-103.311611,0,GDL,0.0,4.5,282.0,4.5,2,5800,0,0,0,0,0,0
DF,D160J,20.582778,-103.422222,0, ,0.0,0.0,2,6400,0,0,0,0,0,0
TF,D160I,20.611944,-103.429444,0, ,0.0,0.0,0.0,0.0,2,6800,0,0,0,0,0,1
DF,D346F,20.622500,-103.326389,2, ,0.0,0.0,2,8800,0,0,0,0,0,0
TF,GDL,20.523422,-103.311611,0, ,0.0,0.0,0.0,0.0,0,0,0,1,200,0,0,0

SID,GOYA1A,11,2
CA,0,108.0,2,5420,0,0,0,0,0,0
FD,GDL,20.523422,-103.311611,0,GDL,0.0,13.0,108.0,13.0,0,0,0,0,0,0,0,0
CI,0, ,0.0,108.0,0,0,0,0,0,0,0,0
AF,D007P,20.783531,-103.244581,1,GDL,7.6,16.0,108.0,0,0,0,0,0,0,0,0
TF,GOYAS,21.122900,-103.156767,0, ,0.0,0.0,0.0,0.0,0,0,0,0,0,0,0,0

SID,GOYA1B,29,2
CA,0,288.0,2,5420,0,0,0,0,0,0
FD,GDL,20.523422,-103.311611,0,GDL,0.0,13.0,288.0,13.0,0,0,0,0,0,0,0,0
CI,0, ,0.0,288.0,0,0,0,0,0,0,0,0
AF,D007P,20.783531,-103.244581,2,GDL,7.6,16.0,288.0,0,0,0,0,0,0,0,0
TF,GOYAS,21.122900,-103.156767,0, ,0.0,0.0,0.0,0.0,0,0,0,0,0,0,0,0

SID,KARUN1,11,2
CA,0,108.0,2,5420,0,0,0,0,0,0
FD,GDL,20.523422,-103.311611,0,GDL,0.0,13.0,108.0,13.0,0,0,0,0,0,0,0,0
CI,0, ,0.0,108.0,0,0,0,0,0,0,0,0
AF,D081P,20.534311,-103.027719,1,GDL,81.6,16.0,108.0,0,0,0,0,0,0,0,0
TF,KARUN,20.543461,-102.779292,0, ,0.0,0.0,0.0,0.0,0,0,0,0,0,0,0,0

SID,KELV1A,11,5
CF,GL406,20.473172,-103.195356,0,GDL,108.6,7.2,108.0,6.0,0,0,0,1,200,0,0,1
TF,GL405,20.418581,-103.065747,0, ,0.0,0.0,0.0,0.0,2,9000,0,0,0,0,0,0
TF,KELVA,20.502164,-102.322522,0, ,0.0,0.0,0.0,0.0,0,0,0,0,0,0,0,0

SID,KELV1B,29,5
CF,GL710,20.586656,-103.465608,0,GDL,287.6,9.5,288.0,10.7,2,7800,0,0,0,0,0,1
DF,GL720,20.619933,-103.171594,2, ,0.0,0.0,2,12000,0,0,0,0,0,0
TF,GL725,20.588028,-102.938036,0, ,0.0,0.0,0.0,0.0,2,15000,0,0,0,0,0,0
TF,KELVA,20.502164,-102.322522,0, ,0.0,0.0,0.0,0.0,0,0,0,0,0,0,0,0

SID,LEROK1,11,2
CA,0,108.0,2,5420,0,0,0,0,0,0
FD,GDL,20.523422,-103.311611,0,GDL,0.0,13.0,108.0,13.0,0,0,0,0,0,0,0,0
CI,0, ,0.0,108.0,0,0,0,0,0,0,0,0
AF,D143P,20.294281,-103.164881,2,GDL,142.9,16.0,108.0,0,0,0,0,0,0,0,0
TF,LEROK,20.165278,-103.082500,0, ,0.0,0.0,0.0,0.0,0,0,0,0,0,0,0,0

SID,LONK1D,11,5
CF,GL406,20.473172,-103.195356,0,GDL,108.6,7.2,108.0,6.0,0,0,0,1,200,0,0,1
TF,GL405,20.418581,-103.065747,0, ,0.0,0.0,0.0,0.0,2,9000,0,0,0,0,0,0
TF,LONKU,20.274492,-102.464672,0, ,0.0,0.0,0.0,0.0,0,0,0,0,0,0,0,0

SID,LONK1E,29,5
CF,GL710,20.586656,-103.465608,0,GDL,287.6,9.5,288.0,10.7,2,7800,0,0,0,0,0,1
DF,GL720,20.619933,-103.171594,2, ,0.0,0.0,2,12000,0,0,0,0,0,0
TF,GL726,20.533478,-102.993719,0, ,0.0,0.0,0.0,0.0,2,15000,0,0,0,0,0,0
TF,LONKU,20.274492,-102.464672,0, ,0.0,0.0,0.0,0.0,0,0,0,0,0,0,0,0

SID,NOTU1D,11,5
CF,GL406,20.473172,-103.195356,0,GDL,108.6,7.2,108.0,6.0,0,0,0,1,200,0,0,1
DF,GL420,20.594831,-103.333689,1, ,0.0,0.0,2,11000,0,0,0,0,0,0
TF,GL421,20.617731,-103.405672,0, ,0.0,0.0,0.0,0.0,2,12000,0,0,0,0,0,0
TF,GL422,20.679928,-103.601831,0, ,0.0,0.0,0.0,0.0,0,0,0,0,0,0,0,0
TF,NOTUP,20.853519,-104.250914,0, ,0.0,0.0,0.0,0.0,0,0,0,0,0,0,0,0

SID,NOTU1E,29,5
CF,GL710,20.586656,-103.465608,0,GDL,287.6,9.5,288.0,10.7,2,7800,0,0,0,0,0,1
TF,NOTUP,20.853519,-104.250914,0, ,0.0,0.0,0.0,0.0,0,0,0,0,0,0,0,0

SID,NUBIG1,29,2
CA,0,288.0,2,5420,0,0,0,0,0,0
FD,GDL,20.523422,-103.311611,0,GDL,0.0,16.0,288.0,16.0,0,0,0,0,0,0,0,0
CF,D284V,20.652783,-103.677492,0,GDL,284.6,22.0,273.0,6.0,0,0,0,0,0,0,0,0
TF,NUBIG,20.699631,-103.810692,0, ,0.0,0.0,0.0,0.0,0,0,0,0,0,0,0,0

SID,OTOK1A,11,5
CF,GL406,20.473172,-103.195356,0,GDL,108.6,7.2,108.0,6.0,0,0,0,1,200,0,0,1
TF,GL405,20.418581,-103.065747,0, ,0.0,0.0,0.0,0.0,2,9000,0,0,0,0,0,0
TF,GL410,20.512303,-103.021078,0, ,0.0,0.0,0.0,0.0,0,0,0,0,0,0,0,0
TF,GL411,20.917475,-103.062217,0, ,0.0,0.0,0.0,0.0,2,17000,0,0,0,0,0,0
TF,OTOKI,21.326233,-103.103953,0, ,0.0,0.0,0.0,0.0,0,0,0,0,0,0,0,0

SID,OTOK1B,29,5
CF,GL710,20.586656,-103.465608,0,GDL,287.6,9.5,288.0,10.7,2,7800,0,0,0,0,0,1
DF,GL711,20.718317,-103.318314,2, ,0.0,0.0,2,11000,0,0,0,0,0,0
TF,GL712,21.023461,-103.210967,0, ,0.0,0.0,0.0,0.0,2,17000,0,0,0,0,0,0
TF,OTOKI,21.326233,-103.103953,0, ,0.0,0.0,0.0,0.0,0,0,0,0,0,0,0,0

SID,OVALI1,11,2
CA,0,108.0,2,5420,0,0,0,0,0,0
FD,GDL,20.523422,-103.311611,0,GDL,0.0,16.0,108.0,16.0,0,0,0,0,0,0,0,0
CF,D101V,20.414397,-102.938617,0,GDL,101.2,22.0,84.0,6.4,0,0,0,0,0,0,0,0
TF,OVALI,20.374558,-102.803122,0, ,0.0,0.0,0.0,0.0,0,0,0,0,0,0,0,0

SID,PIRAR1,11,2
CA,0,108.0,2,5420,0,0,0,0,0,0
FD,GDL,20.523422,-103.311611,0,GDL,0.0,13.0,108.0,13.0,0,0,0,0,0,0,0,0
CI,0, ,0.0,108.0,0,0,0,0,0,0,0,0
AF,D045P,20.689094,-103.088344,1,GDL,45.7,16.0,108.0,0,0,0,0,0,0,0,0
TF,PIRAR,20.833889,-102.892500,0, ,0.0,0.0,0.0,0.0,0,0,0,0,0,0,0,0

SID,SEDE1A,11,5
CF,GL406,20.473172,-103.195356,0,GDL,108.6,7.2,108.0,6.0,0,0,0,1,200,0,0,1
DF,GL420,20.594831,-103.333689,1, ,0.0,0.0,2,11000,0,0,0,0,0,0
TF,GL421,20.617731,-103.405672,0, ,0.0,0.0,0.0,0.0,2,12000,0,0,0,0,0,0
TF,GL422,20.679928,-103.601831,0, ,0.0,0.0,0.0,0.0,0,0,0,0,0,0,0,0
TF,SEDEM,21.105419,-103.950475,0, ,0.0,0.0,0.0,0.0,0,0,0,0,0,0,0,0

SID,SEDE1B,29,5
CF,GL710,20.586656,-103.465608,0,GDL,287.6,9.5,288.0,10.7,2,7800,0,0,0,0,0,1
TF,SEDEM,21.105419,-103.950475,0, ,0.0,0.0,0.0,0.0,0,0,0,0,0,0,0,0

SID,TABG1A,11,2
CA,0,108.0,2,5420,0,0,0,0,0,0
FD,GDL,20.523422,-103.311611,0,GDL,0.0,13.0,108.0,13.0,0,0,0,0,0,0,0,0
CI,0, ,0.0,108.0,0,0,0,0,0,0,0,0
AF,D185P,20.261119,-103.368119,2,GDL,185.5,16.0,108.0,0,0,0,0,0,0,0,0
TF,TABGO,19.867778,-103.452500,0, ,0.0,0.0,0.0,0.0,0,0,0,0,0,0,0,0

SID,TABG1B,29,2
CA,0,288.0,2,5420,0,0,0,0,0,0
FD,GDL,20.523422,-103.311611,0,GDL,0.0,13.0,288.0,13.0,0,0,0,0,0,0,0,0
CI,0, ,0.0,288.0,0,0,0,0,0,0,0,0
AF,D185P,20.261119,-103.368119,1,GDL,185.5,16.0,288.0,0,0,0,0,0,0,0,0
TF,TABGO,19.867778,-103.452500,0, ,0.0,0.0,0.0,0.0,0,0,0,0,0,0,0,0

SID,TEILA1,29,2
CA,0,288.0,2,5420,0,0,0,0,0,0
FD,GDL,20.523422,-103.311611,0,GDL,0.0,13.0,288.0,13.0,0,0,0,0,0,0,0,0
CI,0, ,0.0,288.0,0,0,0,0,0,0,0,0
AF,D308P,20.709925,-103.515517,2,GDL,308.2,16.0,288.0,0,0,0,0,0,0,0,0
TF,TEILA,20.872911,-103.694339,0, ,0.0,0.0,0.0,0.0,0,0,0,0,0,0,0,0

SID,TIKIT1,29,2
CA,0,288.0,2,5420,0,0,0,0,0,0
FD,GDL,20.523422,-103.311611,0,GDL,0.0,16.0,288.0,16.0,0,0,0,0,0,0,0,0
CF,D296V,20.720864,-103.641500,0,GDL,296.5,22.0,317.0,6.5,0,0,0,0,0,0,0,0
TF,TIKIT,20.792453,-103.761700,0, ,0.0,0.0,0.0,0.0,0,0,0,0,0,0,0,0

SID,XORID1,11,2
CA,0,108.0,2,5420,0,0,0,0,0,0
FD,GDL,20.523422,-103.311611,0,GDL,0.0,13.0,108.0,13.0,0,0,0,0,0,0,0,0
CI,0, ,0.0,108.0,0,0,0,0,0,0,0,0
AF,D068P,20.595708,-103.037989,1,GDL,68.3,16.0,108.0,0,0,0,0,0,0,0,0
TF,XORID,20.658611,-102.798333,0, ,0.0,0.0,0.0,0.0,0,0,0,0,0,0,0,0

STAR,LIPE1F,11,5
IF,LIPEP,20.610372,-104.274906, ,0.0,0.0,2,20000,0,0,0,0,0,0
TF,GL520,20.498817,-104.121886,0, ,0.0,0.0,0.0,0.0,3,18000,0,0,0,0,0,0
TF,VISDA,20.405956,-104.034250,0, ,0.0,0.0,0.0,0.0,1,16000,0,0,0,0,0,0
TF,GL522,20.318419,-103.951775,0, ,0.0,0.0,0.0,0.0,1,16000,0,1,230,0,0,0
TF,GL523,20.187761,-103.780503,0, ,0.0,0.0,0.0,0.0,1,16000,0,0,0,0,0,0
TF,GL524,20.155189,-103.563100,0, ,0.0,0.0,0.0,0.0,1,16000,0,0,0,0,0,0
TF,DATSO,20.554697,-103.607953,1, ,0.0,0.0,0.0,0.0,1,11000,0,0,0,0,0,0

STAR,LIPE1G,29,5
IF,LIPEP,20.610372,-104.274906, ,0.0,0.0,2,20000,0,0,0,0,0,0
TF,OTETA,20.033078,-103.090131,0, ,0.0,0.0,0.0,0.0,3,17000,0,0,0,0,0,0
TF,GL801,20.041264,-102.864764,0, ,0.0,0.0,0.0,0.0,1,14000,0,1,230,0,0,0
TF,GL802,20.160819,-102.696147,0, ,0.0,0.0,0.0,0.0,1,14000,0,0,0,0,0,0
TF,GL803,20.343939,-102.613172,0, ,0.0,0.0,0.0,0.0,1,14000,0,0,0,0,0,0
TF,GL804,20.541678,-102.638319,0, ,0.0,0.0,0.0,0.0,1,14000,0,0,0,0,0,0
TF,GL805,20.701017,-102.765219,0, ,0.0,0.0,0.0,0.0,1,14000,0,0,0,0,0,0
TF,PLADE,20.398133,-103.017100,1, ,0.0,0.0,0.0,0.0,1,9000,0,0,0,0,0,0

STAR,LIVR1C,11,5
IF,LIVRI,21.182500,-102.763611, ,0.0,0.0,2,20000,0,0,0,0,0,0
TF,IKBAN,21.118158,-102.817306,0, ,0.0,0.0,0.0,0.0,0,0,0,0,0,0,0,0
TF,ULOGA,21.028000,-103.007531,0, ,0.0,0.0,0.0,0.0,1,16000,0,0,0,0,0,0
TF,GL512,20.942725,-103.189022,0, ,0.0,0.0,0.0,0.0,1,16000,0,1,230,0,0,0
TF,GL513,21.073847,-103.360686,0, ,0.0,0.0,0.0,0.0,1,16000,0,0,0,0,0,0
TF,GL514,21.106567,-103.579328,0, ,0.0,0.0,0.0,0.0,1,16000,0,0,0,0,0,0
TF,DULNO,20.707475,-103.535581,1, ,0.0,0.0,0.0,0.0,1,11000,0,0,0,0,0,0

STAR,LIVR1D,29,5
IF,LIVRI,21.182500,-102.763611, ,0.0,0.0,2,18000,0,0,0,0,0,0
TF,IKBAN,21.118158,-102.817306,0, ,0.0,0.0,0.0,0.0,0,0,0,0,0,0,0,0
TF,GL840,20.975497,-102.796258,0, ,0.0,0.0,0.0,0.0,3,15000,0,0,0,0,0,0
TF,UKOSI,20.851003,-102.776233,0, ,0.0,0.0,0.0,0.0,1,13000,0,0,0,0,0,0
TF,GL824,20.714194,-102.754269,0, ,0.0,0.0,0.0,0.0,1,13000,0,1,230,0,0,0
TF,GL825,20.547936,-102.621853,0, ,0.0,0.0,0.0,0.0,1,13000,0,0,0,0,0,0
TF,GL826,20.341603,-102.595608,0, ,0.0,0.0,0.0,0.0,1,13000,0,0,0,0,0,0
TF,GL827,20.150514,-102.682194,0, ,0.0,0.0,0.0,0.0,1,13000,0,0,0,0,0,0
TF,GL828,20.025750,-102.858142,0, ,0.0,0.0,0.0,0.0,1,13000,0,0,0,0,0,0
TF,PLADE,20.398133,-103.017100,2, ,0.0,0.0,0.0,0.0,1,9000,0,0,0,0,0,0

STAR,LONV1C,11,5
IF,LONVA,21.323042,-103.572608, ,0.0,0.0,2,20000,0,0,0,0,0,0
TF,ERDAN,21.089928,-103.577478,0, ,0.0,0.0,0.0,0.0,1,17000,0,1,230,0,0,0
TF,GL501,21.058572,-103.367947,0, ,0.0,0.0,0.0,0.0,1,17000,0,0,0,0,0,0
TF,GL502,20.932903,-103.203433,0, ,0.0,0.0,0.0,0.0,1,17000,0,0,0,0,0,0
TF,DULNO,20.707475,-103.535581,2, ,0.0,0.0,0.0,0.0,1,11000,0,0,0,0,0,0

STAR,LONV1D,29,5
IF,LONVA,21.323042,-103.572608, ,0.0,0.0,2,20000,0,0,0,0,0,0
TF,GL820,21.145222,-103.239789,0, ,0.0,0.0,0.0,0.0,3,16000,0,0,0,0,0,0
TF,GL821,21.103808,-103.162014,0, ,0.0,0.0,0.0,0.0,0,0,0,0,0,0,0,0
TF,GL822,20.883047,-102.930564,0, ,0.0,0.0,0.0,0.0,3,15000,0,0,0,0,0,0
TF,VOLIN,20.828175,-102.873206,0, ,0.0,0.0,0.0,0.0,1,13000,0,0,0,0,0,0
TF,GL824,20.714194,-102.754269,0, ,0.0,0.0,0.0,0.0,1,13000,0,1,230,0,0,0
TF,GL825,20.547936,-102.621853,0, ,0.0,0.0,0.0,0.0,1,13000,0,0,0,0,0,0
TF,GL826,20.341603,-102.595608,0, ,0.0,0.0,0.0,0.0,1,13000,0,0,0,0,0,0
TF,GL827,20.150514,-102.682194,0, ,0.0,0.0,0.0,0.0,1,13000,0,0,0,0,0,0
TF,GL828,20.025750,-102.858142,0, ,0.0,0.0,0.0,0.0,1,13000,0,0,0,0,0,0
TF,PLADE,20.398133,-103.017100,2, ,0.0,0.0,0.0,0.0,1,9000,0,0,0,0,0,0

STAR,MODE1A,11,5
IF,MODEX,20.762978,-102.398336, ,0.0,0.0,2,20000,0,0,0,0,0,0
TF,GL540,20.880942,-102.671539,0, ,0.0,0.0,0.0,0.0,1,16000,0,0,0,0,0,0
TF,ULOGA,21.028000,-103.007531,0, ,0.0,0.0,0.0,0.0,1,16000,0,0,0,0,0,0
TF,GL512,20.942725,-103.189022,0, ,0.0,0.0,0.0,0.0,1,16000,0,1,230,0,0,0
TF,GL513,21.073847,-103.360686,0, ,0.0,0.0,0.0,0.0,1,16000,0,0,0,0,0,0
TF,GL514,21.106567,-103.579328,0, ,0.0,0.0,0.0,0.0,1,16000,0,0,0,0,0,0
TF,DULNO,20.707475,-103.535581,1, ,0.0,0.0,0.0,0.0,1,11000,0,0,0,0,0,0

STAR,MODE1B,29,5
IF,MODEX,20.762978,-102.398336, ,0.0,0.0,2,18000,0,0,0,0,0,0
TF,GL825,20.547936,-102.621853,0, ,0.0,0.0,0.0,0.0,1,13000,0,0,0,0,0,0
TF,GL826,20.341603,-102.595608,0, ,0.0,0.0,0.0,0.0,1,13000,0,0,0,0,0,0
TF,GL827,20.150514,-102.682194,0, ,0.0,0.0,0.0,0.0,1,13000,0,0,0,0,0,0
TF,GL828,20.025750,-102.858142,0, ,0.0,0.0,0.0,0.0,1,13000,0,0,0,0,0,0
TF,PLADE,20.398133,-103.017100,2, ,0.0,0.0,0.0,0.0,1,9000,0,0,0,0,0,0

STAR,ULUV1A,11,5
IF,ULUVO,19.948653,-102.438144, ,0.0,0.0,4,27000,24000,0,0,0,0,0
TF,GL530,20.006722,-102.612794,0, ,0.0,0.0,0.0,0.0,0,0,0,0,0,0,0,0
TF,GL531,20.177817,-103.103511,0, ,0.0,0.0,0.0,0.0,4,24000,22000,1,250,0,0,0
TF,GL532,20.222397,-103.232319,0, ,0.0,0.0,0.0,0.0,0,0,0,0,0,0,0,0
TF,BRUJA,20.171828,-103.564942,0, ,0.0,0.0,0.0,0.0,1,17000,0,1,230,0,0,0
TF,GL534,20.203039,-103.773286,0, ,0.0,0.0,0.0,0.0,1,17000,0,0,0,0,0,0
TF,GL535,20.328244,-103.937422,0, ,0.0,0.0,0.0,0.0,1,17000,0,0,0,0,0,0
TF,DATSO,20.554697,-103.607953,2, ,0.0,0.0,0.0,0.0,1,11000,0,0,0,0,0,0

STAR,ULUV1B,29,5
IF,ULUVO,19.948653,-102.438144, ,0.0,0.0,2,20000,0,0,0,0,0,0
TF,GL530,20.006722,-102.612794,0, ,0.0,0.0,0.0,0.0,0,0,0,0,0,0,0,0
TF,GL802,20.160819,-102.696147,0, ,0.0,0.0,0.0,0.0,1,14000,0,0,0,0,0,0
TF,GL803,20.343939,-102.613172,0, ,0.0,0.0,0.0,0.0,1,14000,0,0,0,0,0,0
TF,GL804,20.541678,-102.638319,0, ,0.0,0.0,0.0,0.0,1,14000,0,0,0,0,0,0
TF,GL805,20.701017,-102.765219,0, ,0.0,0.0,0.0,0.0,1,14000,0,0,0,0,0,0
TF,PLADE,20.398133,-103.017100,1, ,0.0,0.0,0.0,0.0,1,9000,0,0,0,0,0,0

STAR,USBI1C,11,5
IF,USBIM,19.997128,-104.138889, ,0.0,0.0,2,20000,0,0,0,0,0,0
TF,EMEXO,20.227286,-104.029703,0, ,0.0,0.0,0.0,0.0,1,16000,0,0,0,0,0,0
TF,GL522,20.318419,-103.951775,0, ,0.0,0.0,0.0,0.0,1,16000,0,1,230,0,0,0
TF,GL523,20.187761,-103.780503,0, ,0.0,0.0,0.0,0.0,1,16000,0,0,0,0,0,0
TF,GL524,20.155189,-103.563100,0, ,0.0,0.0,0.0,0.0,1,16000,0,0,0,0,0,0
TF,DATSO,20.554697,-103.607953,1, ,0.0,0.0,0.0,0.0,1,11000,0,0,0,0,0,0

STAR,USBI1D,29,5
IF,USBIM,19.997128,-104.138889, ,0.0,0.0,2,20000,0,0,0,0,0,0
TF,OTETA,20.033078,-103.090131,0, ,0.0,0.0,0.0,0.0,3,17000,0,0,0,0,0,0
TF,GL801,20.041264,-102.864764,0, ,0.0,0.0,0.0,0.0,1,14000,0,1,230,0,0,0
TF,GL802,20.160819,-102.696147,0, ,0.0,0.0,0.0,0.0,1,14000,0,0,0,0,0,0
TF,GL803,20.343939,-102.613172,0, ,0.0,0.0,0.0,0.0,1,14000,0,0,0,0,0,0
TF,GL804,20.541678,-102.638319,0, ,0.0,0.0,0.0,0.0,1,14000,0,0,0,0,0,0
TF,GL805,20.701017,-102.765219,0, ,0.0,0.0,0.0,0.0,1,14000,0,0,0,0,0,0
TF,PLADE,20.398133,-103.017100,1, ,0.0,0.0,0.0,0.0,1,9000,0,0,0,0,0,0

APPTR,D11,11,GDL
FD,GDL,20.523422,-103.311611,0,GDL,0.0,12.0,271.0,12.0,2,9000,0,0,0,0,1,0
CF,D288L,20.604961,-103.506378,2,GDL,288.0,12.0,108.0,1.0,2,8400,0,1,180,0,0,0
TF,D288J,20.591386,-103.473903,0, ,0.0,0.0,0.0,0.0,2,7800,0,0,0,0,0,0
TF,CD11,20.577806,-103.441431,0, ,0.0,0.0,0.0,0.0,2,7200,0,0,0,0,0,0

FINAL,D11,11,D,3
IF,CD11,20.577806,-103.441431,GDL,288.0,8.0,2,7200,0,0,0,0,0,0
CF,FD11,20.558103,-103.394361,0,GDL,288.0,5.1,108.0,2.9,2,6400,0,0,0,0,2,0
CF,RW11,20.528786,-103.327697,0,GDL,283.5,0.0,108.0,4.1,1,5070,0,0,0,0,3,0
CF,GDL,20.523422,-103.311611,0,GDL,0.0,0.0,108.0,1.0,0,0,0,0,0,0,0,1
FD,GDL,20.523422,-103.311611,0,GDL,0.0,8.0,108.0,8.0,0,0,0,0,0,0,0,0
CF,GDL,20.523422,-103.311611,1,GDL,0.0,0.0,264.0,8.0,2,9000,0,0,0,0,0,0

APPTR,D29,29,GDL
FD,GDL,20.523422,-103.311611,0,GDL,0.0,14.0,123.0,14.0,2,9000,0,0,0,0,1,0
CF,D108N,20.428014,-103.084642,1,GDL,108.0,14.0,288.0,1.0,2,8800,0,0,0,0,0,0
TF,D108L,20.441664,-103.117050,0, ,0.0,0.0,0.0,0.0,2,8200,0,1,180,0,0,0
TF,CD29,20.468939,-103.181881,0, ,0.0,0.0,0.0,0.0,2,7100,0,0,0,0,0,0

FINAL,D29,29,D,3
IF,CD29,20.468939,-103.181881,GDL,108.0,8.0,2,7100,0,0,0,0,0,0
CF,FD29,20.489381,-103.230517,0,GDL,108.0,5.0,288.0,3.0,2,6200,0,0,0,0,2,0
CF,RW29,20.514072,-103.292667,0,GDL,111.7,1.2,288.0,3.8,1,5079,0,0,0,0,3,0
CF,GDL,20.523422,-103.311611,0,GDL,0.0,0.0,288.0,1.2,0,0,0,0,0,0,0,1
FD,GDL,20.523422,-103.311611,0,GDL,0.0,8.0,288.0,8.0,0,0,0,0,0,0,0,0
DF,GDL,20.523422,-103.311611,2, ,0.0,0.0,2,9000,0,0,0,0,0,0

APPTR,I11-1,11,GDL
FD,GDL,20.523422,-103.311611,0,GDL,0.0,12.0,271.0,12.0,2,9000,0,0,0,0,1,0
CF,D288L,20.604961,-103.506378,2,GDL,288.0,12.0,108.0,1.0,2,8400,0,1,180,0,0,0
TF,D288J,20.591386,-103.473903,0, ,0.0,0.0,0.0,0.0,2,7800,0,0,0,0,0,0
CF,CF11,20.576306,-103.442128,0,IAIG,287.8,9.4,108.0,2.0,2,7200,0,0,0,0,0,0

FINAL,I11-1,11,I,3
IF,CF11,20.576306,-103.442128,IAIG,287.8,9.4,2,7200,0,0,0,0,0,0
CF,FF11,20.556964,-103.395642,0,IAIG,287.8,6.5,108.0,2.9,1,6400,0,0,0,0,2,0
CF,RW11,20.528786,-103.327697,0,IAIG,287.8,2.3,108.0,4.2,1,5070,0,0,0,0,3,0
CA,0,108.0,2,5420,0,0,0,0,0,0
FD,GDL,20.523422,-103.311611,0,GDL,0.0,8.0,108.0,8.0,0,0,0,0,0,0,0,0
CF,GDL,20.523422,-103.311611,1,GDL,0.0,0.0,264.0,8.0,2,9000,0,0,0,0,0,0

APPTR,I11-2,11,AVROD
IF,AVROD,20.819722,-103.408056, ,0.0,0.0,2,12000,0,0,0,0,0,0
TF,D337R,20.811322,-103.405314,0, ,0.0,0.0,0.0,0.0,2,12000,0,0,0,0,1,0
TF,D337P,20.779336,-103.394886,0, ,0.0,0.0,0.0,0.0,0,0,0,0,0,0,0,0
AF,D307P,20.705833,-103.519644,1,GDL,307.0,16.0,337.0,2,10500,0,0,0,0,0,0
AF,D295P,20.661100,-103.555361,1,GDL,295.0,16.0,307.0,2,9700,0,0,0,0,0,1
CF,D288N,20.618528,-103.538858,0,GDL,288.0,14.0,108.0,2.0,2,9000,0,0,0,0,0,0
TF,D288L,20.604961,-103.506378,0, ,0.0,0.0,0.0,0.0,2,8400,0,1,180,0,0,0
TF,D288J,20.591386,-103.473903,0, ,0.0,0.0,0.0,0.0,2,7800,0,0,0,0,0,0
CF,CF11,20.576306,-103.442128,0,IAIG,287.8,9.4,108.0,2.0,2,7200,0,0,0,0,0,0

APPTR,I11-2,11,DEBRO
IF,DEBRO,20.441111,-103.836944, ,0.0,0.0,2,13000,0,0,0,0,0,0
TF,D254R,20.474222,-103.626894,0, ,0.0,0.0,0.0,0.0,2,11000,0,0,0,0,1,0
TF,D254P,20.479717,-103.591872,0, ,0.0,0.0,0.0,0.0,0,0,0,0,0,0,0,0
AF,D278P,20.587953,-103.587400,2,GDL,278.0,16.0,254.0,2,9700,0,0,0,0,0,1
CF,D288N,20.618528,-103.538858,0,GDL,288.0,14.0,108.0,2.0,2,9000,0,0,0,0,0,0
TF,D288L,20.604961,-103.506378,0, ,0.0,0.0,0.0,0.0,2,8400,0,1,180,0,0,0
TF,D288J,20.591386,-103.473903,0, ,0.0,0.0,0.0,0.0,2,7800,0,0,0,0,0,0
CF,CF11,20.576306,-103.442128,0,IAIG,287.8,9.4,108.0,2.0,2,7200,0,0,0,0,0,0

APPTR,I11-2,11,DUNSU
IF,DUNSU,20.580000,-103.930278, ,0.0,0.0,2,13000,0,0,0,0,0,0
TF,D269V,20.559244,-103.700458,0, ,0.0,0.0,0.0,0.0,2,11000,0,0,0,0,1,0
TF,D288P,20.632092,-103.571344,0, ,0.0,0.0,0.0,0.0,2,9700,0,0,0,0,1,0
TF,D288N,20.618528,-103.538858,0, ,0.0,0.0,0.0,0.0,2,9000,0,0,0,0,0,0
TF,D288L,20.604961,-103.506378,0, ,0.0,0.0,0.0,0.0,2,8400,0,1,180,0,0,0
TF,D288J,20.591386,-103.473903,0, ,0.0,0.0,0.0,0.0,2,7800,0,0,0,0,0,0
CF,CF11,20.576306,-103.442128,0,IAIG,287.8,9.4,108.0,2.0,2,7200,0,0,0,0,0,0

APPTR,I11-2,11,IKBAN
IF,IKBAN,21.118158,-102.817306, ,0.0,0.0,2,12000,0,0,0,0,0,0
TF,D032R,20.760867,-103.114903,0, ,0.0,0.0,0.0,0.0,2,12000,0,0,0,0,1,0
TF,D032P,20.734494,-103.136792,0, ,0.0,0.0,0.0,0.0,0,0,0,0,0,0,0,0
AF,D337P,20.779336,-103.394886,1,GDL,337.0,16.0,32.0,2,12000,0,0,0,0,0,0
AF,D307P,20.705833,-103.519644,1,GDL,307.0,16.0,337.0,2,10500,0,0,0,0,0,0
AF,D295P,20.661100,-103.555361,1,GDL,295.0,16.0,307.0,2,9700,0,0,0,0,0,1
CF,D288N,20.618528,-103.538858,0,GDL,288.0,14.0,108.0,2.0,2,9000,0,0,0,0,0,0
TF,D288L,20.604961,-103.506378,0, ,0.0,0.0,0.0,0.0,2,8400,0,1,180,0,0,0
TF,D288J,20.591386,-103.473903,0, ,0.0,0.0,0.0,0.0,2,7800,0,0,0,0,0,0
CF,CF11,20.576306,-103.442128,0,IAIG,287.8,9.4,108.0,2.0,2,7200,0,0,0,0,0,0

APPTR,I11-2,11,TABGO
IF,TABGO,19.867778,-103.452500, ,0.0,0.0,2,16000,0,0,0,0,0,0
TF,D185R,20.228331,-103.375172,0, ,0.0,0.0,0.0,0.0,2,12000,0,0,0,0,1,0
CI,0, ,0.0,5.0,0,0,0,0,0,0,0,0
AF,D240P,20.414361,-103.570978,2,GDL,240.0,16.0,185.0,2,12000,0,0,0,0,0,0
AF,D254P,20.479717,-103.591872,2,GDL,254.7,16.0,240.0,2,11000,0,0,0,0,0,0
AF,D278P,20.587953,-103.587400,2,GDL,278.0,16.0,254.0,2,9700,0,0,0,0,0,1
CF,D288N,20.618528,-103.538858,0,GDL,288.0,14.0,108.0,2.0,2,9000,0,0,0,0,0,0
TF,D288L,20.604961,-103.506378,0, ,0.0,0.0,0.0,0.0,2,8400,0,1,180,0,0,0
TF,D288J,20.591386,-103.473903,0, ,0.0,0.0,0.0,0.0,2,7800,0,0,0,0,0,0
CF,CF11,20.576306,-103.442128,0,IAIG,287.8,9.4,108.0,2.0,2,7200,0,0,0,0,0,0

APPTR,I11-2,11,TIKIT
IF,TIKIT,20.792453,-103.761700, ,0.0,0.0,2,13000,0,0,0,0,0,0
TF,D296V,20.720864,-103.641500,0, ,0.0,0.0,0.0,0.0,2,11000,0,0,0,0,1,0
TF,D288P,20.632092,-103.571344,0, ,0.0,0.0,0.0,0.0,2,9700,0,0,0,0,1,0
TF,D288N,20.618528,-103.538858,0, ,0.0,0.0,0.0,0.0,2,9000,0,0,0,0,0,0
TF,D288L,20.604961,-103.506378,0, ,0.0,0.0,0.0,0.0,2,8400,0,1,180,0,0,0
TF,D288J,20.591386,-103.473903,0, ,0.0,0.0,0.0,0.0,2,7800,0,0,0,0,0,0
CF,CF11,20.576306,-103.442128,0,IAIG,287.8,9.4,108.0,2.0,2,7200,0,0,0,0,0,0

APPTR,I11-2,11,USBIM
IF,USBIM,19.997128,-104.138889, ,0.0,0.0,2,15000,0,0,0,0,0,0
TF,GD230,20.243411,-103.753300,0, ,0.0,0.0,0.0,0.0,2,15000,0,0,0,0,0,0
TF,D230R,20.355550,-103.576814,0, ,0.0,0.0,0.0,0.0,2,12000,0,0,0,0,1,0
CI,0, ,0.0,50.0,2,12000,0,0,0,0,0,0
AF,D240P,20.414361,-103.570978,2,GDL,240.0,16.0,230.0,2,12000,0,0,0,0,0,0
AF,D254P,20.479717,-103.591872,2,GDL,254.7,16.0,240.0,2,11000,0,0,0,0,0,0
AF,D278P,20.587953,-103.587400,2,GDL,278.0,16.0,254.0,2,9700,0,0,0,0,0,1
CF,D288N,20.618528,-103.538858,0,GDL,288.0,14.0,108.0,2.0,2,9000,0,0,0,0,0,0
TF,D288L,20.604961,-103.506378,0, ,0.0,0.0,0.0,0.0,2,8400,0,1,180,0,0,0
TF,D288J,20.591386,-103.473903,0, ,0.0,0.0,0.0,0.0,2,7800,0,0,0,0,0,0
CF,CF11,20.576306,-103.442128,0,IAIG,287.8,9.4,108.0,2.0,2,7200,0,0,0,0,0,0

FINAL,I11-2,11,I,3
IF,CF11,20.576306,-103.442128,IAIG,287.8,9.4,2,7200,0,0,0,0,0,0
CF,FF11,20.556964,-103.395642,0,IAIG,287.8,6.5,108.0,2.9,1,6400,0,0,0,0,2,0
CF,RW11,20.528786,-103.327697,0,IAIG,287.8,2.3,108.0,4.2,1,5070,0,0,0,0,3,0
CA,0,108.0,2,5420,0,0,0,0,0,0
FD,GDL,20.523422,-103.311611,0,GDL,0.0,8.0,108.0,8.0,0,0,0,0,0,0,0,0
CF,GDL,20.523422,-103.311611,1,GDL,0.0,0.0,264.0,8.0,2,9000,0,0,0,0,0,0

APPTR,I11-Z,11,DATSO
IF,DATSO,20.554697,-103.607953, ,0.0,0.0,1,11000,0,0,0,0,1,0
TF,GL620,20.631094,-103.571783,0, ,0.0,0.0,0.0,0.0,2,9400,0,0,0,0,1,0
TF,GL621,20.598111,-103.492956,0, ,0.0,0.0,0.0,0.0,2,8200,0,0,0,0,0,0
TF,GL622,20.577711,-103.444267,0,IAIG,0.0,0.0,0.0,0.0,2,7300,0,0,0,0,0,0

APPTR,I11-Z,11,DULNO
IF,DULNO,20.707475,-103.535581, ,0.0,0.0,1,11000,0,0,0,0,1,0
TF,GL620,20.631094,-103.571783,0, ,0.0,0.0,0.0,0.0,2,9400,0,0,0,0,1,0
TF,GL621,20.598111,-103.492956,0, ,0.0,0.0,0.0,0.0,2,8200,0,0,0,0,0,0
TF,GL622,20.577711,-103.444267,0,IAIG,0.0,0.0,0.0,0.0,2,7300,0,0,0,0,0,0

FINAL,I11-Z,11,I,3
IF,GL622,20.577711,-103.444267,IAIG,288.0,9.5,2,7300,0,0,0,0,0,0
CF,GL623,20.557294,-103.395589,0,IAIG,288.0,6.5,108.0,3.0,1,6400,0,0,0,0,2,0
CF,RW11,20.528786,-103.327697,0,IAIG,287.8,2.3,108.0,4.2,1,5070,0,0,0,0,3,1
CF,GL406,20.473172,-103.195356,0,GDL,108.6,7.2,108.0,8.2,0,0,0,0,0,0,0,1
DF,DULNO,20.707475,-103.535581,1, ,0.0,0.0,1,11000,0,0,0,0,0,0

APPTR,I29-1,29,GDL
FD,GDL,20.523422,-103.311611,0,GDL,0.0,14.0,123.0,14.0,2,9000,0,0,0,0,1,0
CF,D108N,20.428014,-103.084642,1,GDL,108.0,14.0,288.0,1.0,2,8800,0,0,0,0,0,0
TF,D108L,20.441664,-103.117050,0, ,0.0,0.0,0.0,0.0,2,8200,0,1,180,0,0,0
CF,CI29,20.467722,-103.182453,0,IGDL,108.0,9.1,288.0,4.0,2,7100,0,0,0,0,0,0

FINAL,I29-1,29,I,3
IF,CI29,20.467722,-103.182453,IGDL,108.0,9.1,2,7100,0,0,0,0,0,0
CF,FI29,20.488389,-103.231567,0,IGDL,108.0,6.1,288.0,3.0,1,6200,0,0,0,0,2,0
CF,RW29,20.514072,-103.292667,0,IGDL,108.0,2.3,288.0,3.8,1,5079,0,0,0,0,3,0
CA,0,288.0,2,5420,0,0,0,0,0,0
FD,GDL,20.523422,-103.311611,0,GDL,0.0,8.0,288.0,8.0,0,0,0,0,0,0,0,0
DF,GDL,20.523422,-103.311611,2, ,0.0,0.0,2,9000,0,0,0,0,0,0

APPTR,I29-2,29,EBDEG
IF,EBDEG,20.066547,-102.793419, ,0.0,0.0,2,12000,0,0,0,0,0,0
TF,GD30B,20.180908,-102.922678,0, ,0.0,0.0,0.0,0.0,2,12000,0,0,0,0,0,0
TF,D127V,20.272331,-103.026225,0, ,0.0,0.0,0.0,0.0,2,11000,0,0,0,0,1,0
TF,D108P,20.414361,-103.052242,0, ,0.0,0.0,0.0,0.0,2,9500,0,0,0,0,1,0
TF,D108N,20.428014,-103.084642,0, ,0.0,0.0,0.0,0.0,2,8800,0,0,0,0,0,0
TF,D108L,20.441664,-103.117050,0, ,0.0,0.0,0.0,0.0,2,8200,0,1,180,0,0,0
CF,CI29,20.467722,-103.182453,0,IGDL,108.0,9.1,288.0,4.0,2,7100,0,0,0,0,0,0

APPTR,I29-2,29,IKBAN
IF,IKBAN,21.118158,-102.817306, ,0.0,0.0,2,12000,0,0,0,0,0,0
TF,D032R,20.760867,-103.114903,0, ,0.0,0.0,0.0,0.0,2,12000,0,0,0,0,1,0
CI,0, ,0.0,212.0,0,0,0,0,0,0,0,0
AF,D068P,20.595708,-103.037989,2,GDL,68.3,16.0,32.0,2,11000,0,0,0,0,0,0
AF,D102P,20.440500,-103.041544,2,GDL,102.0,16.0,68.0,2,9500,0,0,0,0,0,1
CF,D108N,20.428014,-103.084642,0,GDL,108.0,14.0,288.0,2.0,2,8800,0,0,0,0,0,0
TF,D108L,20.441664,-103.117050,0, ,0.0,0.0,0.0,0.0,2,8200,0,1,180,0,0,0
CF,CI29,20.467722,-103.182453,0,IGDL,108.0,9.1,288.0,4.0,2,7100,0,0,0,0,0,0

APPTR,I29-2,29,LEROK
IF,LEROK,20.165278,-103.082500, ,0.0,0.0,2,14000,0,0,0,0,0,0
TF,D143R,20.265631,-103.146569,0, ,0.0,0.0,0.0,0.0,2,11000,0,0,0,0,1,0
CI,0, ,0.0,323.0,0,0,0,0,0,0,0,0
AF,D116P,20.381417,-103.070889,1,GDL,116.0,16.0,143.0,2,9500,0,0,0,0,0,1
CF,D108N,20.428014,-103.084642,0,GDL,108.0,14.0,288.0,2.0,2,8800,0,0,0,0,0,0
TF,D108L,20.441664,-103.117050,0, ,0.0,0.0,0.0,0.0,2,8200,0,1,180,0,0,0
CF,CI29,20.467722,-103.182453,0,IGDL,108.0,9.1,288.0,4.0,2,7100,0,0,0,0,0,0

APPTR,I29-2,29,OVALI
IF,OVALI,20.374558,-102.803122, ,0.0,0.0,2,13000,0,0,0,0,0,0
TF,D101V,20.414397,-102.938617,0, ,0.0,0.0,0.0,0.0,2,11000,0,0,0,0,1,0
TF,D108P,20.414361,-103.052242,0, ,0.0,0.0,0.0,0.0,2,9500,0,0,0,0,1,0
TF,D108N,20.428014,-103.084642,0, ,0.0,0.0,0.0,0.0,2,8800,0,0,0,0,0,0
TF,D108L,20.441664,-103.117050,0, ,0.0,0.0,0.0,0.0,2,8200,0,1,180,0,0,0
CF,CI29,20.467722,-103.182453,0,IGDL,108.0,9.1,288.0,4.0,2,7100,0,0,0,0,0,0

APPTR,I29-2,29,PIRAR
IF,PIRAR,20.833889,-102.892500, ,0.0,0.0,2,14000,0,0,0,0,0,0
TF,D045R,20.709783,-103.060403,0, ,0.0,0.0,0.0,0.0,2,12000,0,0,0,0,1,0
CI,0, ,0.0,225.0,0,0,0,0,0,0,0,0
AF,D068P,20.595708,-103.037989,2,GDL,68.3,16.0,45.0,2,11000,0,0,0,0,0,0
AF,D102P,20.440500,-103.041544,2,GDL,102.0,16.0,68.0,2,9500,0,0,0,0,0,1
CF,D108N,20.428014,-103.084642,0,GDL,108.0,14.0,288.0,2.0,2,8800,0,0,0,0,0,0
TF,D108L,20.441664,-103.117050,0, ,0.0,0.0,0.0,0.0,2,8200,0,1,180,0,0,0
CF,CI29,20.467722,-103.182453,0,IGDL,108.0,9.1,288.0,4.0,2,7100,0,0,0,0,0,0

APPTR,I29-2,29,PURAM
IF,PURAM,20.201111,-102.689722, ,0.0,0.0,2,18000,0,0,0,0,0,0
TF,GD30D,20.281881,-102.845017,0, ,0.0,0.0,0.0,0.0,2,13000,0,0,0,0,0,0
TF,D112V,20.346414,-102.969297,0, ,0.0,0.0,0.0,0.0,2,11000,0,0,0,0,1,0
TF,D108P,20.414361,-103.052242,0, ,0.0,0.0,0.0,0.0,2,9500,0,0,0,0,1,0
TF,D108N,20.428014,-103.084642,0, ,0.0,0.0,0.0,0.0,2,8800,0,0,0,0,0,0
TF,D108L,20.441664,-103.117050,0, ,0.0,0.0,0.0,0.0,2,8200,0,1,180,0,0,0
CF,CI29,20.467722,-103.182453,0,IGDL,108.0,9.1,288.0,4.0,2,7100,0,0,0,0,0,0

APPTR,I29-2,29,TABGO
IF,TABGO,19.867778,-103.452500, ,0.0,0.0,2,16000,0,0,0,0,0,0
TF,D185R,20.228331,-103.375172,0, ,0.0,0.0,0.0,0.0,2,12000,0,0,0,0,1,0
CI,0, ,0.0,5.0,0,0,0,0,0,0,0,0
AF,D143P,20.294281,-103.164881,1,GDL,142.9,16.0,185.0,2,11000,0,0,0,0,0,0
AF,D116P,20.381417,-103.070889,1,GDL,116.0,16.0,143.0,2,9500,0,0,0,0,0,1
CF,D108N,20.428014,-103.084642,0,GDL,108.0,14.0,288.0,2.0,2,8800,0,0,0,0,0,0
TF,D108L,20.441664,-103.117050,0, ,0.0,0.0,0.0,0.0,2,8200,0,1,180,0,0,0
CF,CI29,20.467722,-103.182453,0,IGDL,108.0,9.1,288.0,4.0,2,7100,0,0,0,0,0,0

APPTR,I29-2,29,XORID
IF,XORID,20.658611,-102.798333, ,0.0,0.0,2,11000,0,0,0,0,0,0
TF,D068R,20.604714,-103.003767,0, ,0.0,0.0,0.0,0.0,2,11000,0,0,0,0,1,0
CI,0, ,0.0,248.0,0,0,0,0,0,0,0,0
AF,D102P,20.440500,-103.041544,2,GDL,102.0,16.0,68.0,2,9500,0,0,0,0,0,1
CF,D108N,20.428014,-103.084642,0,GDL,108.0,14.0,288.0,2.0,2,8800,0,0,0,0,0,0
TF,D108L,20.441664,-103.117050,0, ,0.0,0.0,0.0,0.0,2,8200,0,1,180,0,0,0
CF,CI29,20.467722,-103.182453,0,IGDL,108.0,9.1,288.0,4.0,2,7100,0,0,0,0,0,0

FINAL,I29-2,29,I,3
IF,CI29,20.467722,-103.182453,IGDL,108.0,9.1,2,7100,0,0,0,0,0,0
CF,FI29,20.488389,-103.231567,0,IGDL,108.0,6.1,288.0,3.0,1,6200,0,0,0,0,2,0
CF,RW29,20.514072,-103.292667,0,IGDL,108.0,2.3,288.0,3.8,1,5079,0,0,0,0,3,0
CA,0,288.0,2,5420,0,0,0,0,0,0
FD,GDL,20.523422,-103.311611,0,GDL,0.0,8.0,288.0,8.0,0,0,0,0,0,0,0,0
DF,GDL,20.523422,-103.311611,2, ,0.0,0.0,2,9000,0,0,0,0,0,0

APPTR,I29-Z,29,APRIM
IF,APRIM,20.511467,-103.025283, ,0.0,0.0,1,10000,0,0,0,0,1,0
TF,GL980,20.419856,-103.068794,0,IGDL,0.0,0.0,0.0,0.0,2,8300,0,0,0,0,1,0

APPTR,I29-Z,29,AXELO
IF,AXELO,20.328244,-103.112281, ,0.0,0.0,1,10000,0,0,0,0,1,0
TF,GL980,20.419856,-103.068794,0,IGDL,0.0,0.0,0.0,0.0,2,8300,0,0,0,0,1,0

APPTR,I29-Z,29,PLADE
IF,PLADE,20.398133,-103.017100, ,0.0,0.0,1,9000,0,0,0,0,1,0
TF,GL980,20.419856,-103.068794,0, ,0.0,0.0,0.0,0.0,2,8300,0,0,0,0,1,0

FINAL,I29-Z,29,I,3
IF,GL980,20.419856,-103.068794,IGDL,108.0,16.2,2,8300,0,0,0,0,0,0
CF,GL981,20.453994,-103.149803,0,IGDL,108.0,11.2,288.0,5.0,1,7700,0,0,0,0,2,0
CF,RW29,20.514072,-103.292667,0,IGDL,108.0,2.3,288.0,8.8,1,5079,0,0,0,0,3,0
CF,GL704,20.569642,-103.425039,0,GDL,287.4,7.0,288.0,8.2,0,0,0,0,0,0,0,1
DF,APRIM,20.511467,-103.025283,2, ,0.0,0.0,1,10000,0,0,0,0,0,0

APPTR,R11-Z,11,DATSO
IF,DATSO,20.554697,-103.607953, ,0.0,0.0,1,11000,0,0,0,0,1,0
TF,GL620,20.631094,-103.571783,0, ,0.0,0.0,0.0,0.0,2,9400,0,0,0,0,1,0

APPTR,R11-Z,11,DULNO
IF,DULNO,20.707475,-103.535581, ,0.0,0.0,1,11000,0,0,0,0,1,0
TF,GL620,20.631094,-103.571783,0, ,0.0,0.0,0.0,0.0,2,9400,0,0,0,0,1,0

FINAL,R11-Z,11,R,5
IF,GL620,20.631094,-103.571783, ,0.0,0.0,2,9400,0,0,0,0,0,0
TF,GL621,20.598111,-103.492956,0, ,0.0,0.0,108.0,4.9,2,8200,0,0,0,0,0,0
TF,GL622,20.577711,-103.444267,0, ,0.0,0.0,108.0,3.0,2,7300,0,0,0,0,0,0
TF,GL623,20.557294,-103.395589,0, ,0.0,0.0,108.0,3.0,1,6400,0,0,0,0,2,0
TF,RW11,20.528786,-103.327697,0, ,0.0,0.0,108.0,4.2,1,5070,0,0,0,0,3,1
CF,GL406,20.473172,-103.195356,0,GDL,108.6,7.2,108.0,8.2,0,0,0,0,0,0,0,1
DF,DULNO,20.707475,-103.535581,1, ,0.0,0.0,1,11000,0,0,0,0,0,0

APPTR,R29-Z,29,APRIM
IF,APRIM,20.511467,-103.025283, ,0.0,0.0,1,10000,0,0,0,0,1,0
TF,GL980,20.419856,-103.068794,0, ,0.0,0.0,0.0,0.0,2,8300,0,0,0,0,1,0

APPTR,R29-Z,29,AXELO
IF,AXELO,20.328244,-103.112281, ,0.0,0.0,1,10000,0,0,0,0,1,0
TF,GL980,20.419856,-103.068794,0, ,0.0,0.0,0.0,0.0,2,8300,0,0,0,0,1,0

APPTR,R29-Z,29,PLADE
IF,PLADE,20.398133,-103.017100, ,0.0,0.0,1,9000,0,0,0,0,1,0
TF,GL980,20.419856,-103.068794,0, ,0.0,0.0,0.0,0.0,2,8300,0,0,0,0,1,0

FINAL,R29-Z,29,R,4
IF,GL980,20.419856,-103.068794, ,0.0,0.0,2,8300,0,0,0,0,0,0
TF,GL981,20.453994,-103.149803,0, ,0.0,0.0,288.0,5.0,1,7700,0,0,0,0,2,0
TF,GL982,20.483822,-103.220683,0, ,0.0,0.0,288.0,4.4,2,6400,0,0,0,0,0,0
TF,RW29,20.514072,-103.292667,0, ,0.0,0.0,288.0,4.4,1,5065,0,0,0,0,3,1
CF,GL704,20.569642,-103.425039,0,GDL,287.4,7.0,288.0,8.2,0,0,0,0,0,0,0,1
DF,APRIM,20.511467,-103.025283,2, ,0.0,0.0,1,10000,0,0,0,0,0,0

