SID,PNG4A,12,2
CA,0,122.0,2,1310,0,0,0,0,0,0
FD,PNG,28.631844,-100.538386,0,PNG,0.0,7.0,129.0,7.0,0,0,0,0,0,0,0,0
DF,PNG,28.631844,-100.538386,2, ,0.0,0.0,2,3500,0,0,0,0,0,0

SID,PNG4B,30,2
CA,0,302.0,2,1310,0,0,0,0,0,0
FD,PNG,28.631844,-100.538386,0,PNG,0.0,7.0,301.0,7.0,0,0,0,0,0,0,0,0
DF,PNG,28.631844,-100.538386,1, ,0.0,0.0,2,3500,0,0,0,0,0,0

APPTR,D12,12,PNG
FD,PNG,28.631844,-100.538386,0,PNG,0.0,8.0,280.0,8.0,2,3000,0,0,0,0,1,0
CF,CF12,28.710364,-100.661061,2,PNG,301.0,8.0,121.0,1.0,2,3000,0,0,0,0,0,0

FINAL,D12,12,D,3
IF,CF12,28.710364,-100.661061,PNG,301.0,8.0,2,3000,0,0,0,0,0,0
CF,FF12,28.680933,-100.615036,0,PNG,301.0,5.0,121.0,3.0,2,2500,0,0,0,0,2,0
CF,RW12,28.632858,-100.542761,0,PNG,279.7,0.2,121.0,4.8,1,943,0,0,0,0,3,0
CF,PNG,28.631844,-100.538386,0,PNG,0.0,0.0,121.0,0.2,0,0,0,0,0,0,0,1
FD,PNG,28.631844,-100.538386,0,PNG,0.0,7.0,129.0,7.0,0,0,0,0,0,0,0,0
DF,PNG,28.631844,-100.538386,2, ,0.0,0.0,2,3000,0,0,0,0,0,0

APPTR,D30,30,PNG
IF,PNG,28.631844,-100.538386, ,0.0,0.0,2,3000,0,0,0,0,1,0
FD,PNG,28.631844,-100.538386,0,PNG,0.0,8.0,145.0,8.0,2,2500,0,0,0,0,0,0
CF,CF30,28.545864,-100.422406,1,PNG,125.0,8.0,305.0,1.0,2,2500,0,0,0,0,0,0

FINAL,D30,30,D,3
IF,CF30,28.545864,-100.422406,PNG,125.0,8.0,2,2500,0,0,0,0,0,0
CF,FF30,28.578117,-100.465875,0,PNG,125.0,5.0,305.0,3.0,2,2300,0,0,0,0,2,0
CF,RW30,28.622436,-100.526925,0,PNG,127.9,0.8,305.0,4.2,1,949,0,0,0,0,3,0
CF,PNG,28.631844,-100.538386,0,PNG,0.0,0.0,305.0,0.8,0,0,0,0,0,0,0,1
FD,PNG,28.631844,-100.538386,0,PNG,0.0,7.0,301.0,7.0,0,0,0,0,0,0,0,0
DF,PNG,28.631844,-100.538386,1, ,0.0,0.0,2,3000,0,0,0,0,0,0

APPTR,S12,12,PNG
IF,PNG,28.631844,-100.538386, ,0.0,0.0,2,3000,0,0,0,0,1,0
PI,PNG,28.631844,-100.538386,2,PNG,256.0,10.0,301,5.0,2,2500,0,0,0,0,0,0
CF,FS12,28.673292,-100.603097,0,PNG,301.0,4.2,121.0,5.8,2,2500,0,0,0,0,0,0

FINAL,S12,12,D,2
IF,FS12,28.673292,-100.603097,PNG,301.0,4.2,2,2500,0,0,0,0,2,0
CF,RW12,28.632858,-100.542761,0,PNG,279.7,0.2,121.0,4.0,1,943,0,0,0,0,3,0
CF,PNG,28.631844,-100.538386,0,PNG,0.0,0.0,121.0,0.2,0,0,0,0,0,0,0,1
FC,PNG,28.631844,-100.538386,0,PNG,0.0,0.0,129.0,7.0,0,0,0,0,0,0,0,1
DF,PNG,28.631844,-100.538386,2, ,0.0,0.0,2,3000,0,0,0,0,0,0

APPTR,S30,30,PNG
IF,PNG,28.631844,-100.538386, ,0.0,0.0,2,3000,0,0,0,0,1,0
PI,PNG,28.631844,-100.538386,1,PNG,170.0,10.0,125,5.0,2,2500,0,0,0,0,0,0
CF,FS30,28.579994,-100.468411,0,PNG,125.0,4.8,305.0,5.2,2,2500,0,0,0,0,0,0

FINAL,S30,30,D,2
IF,FS30,28.579994,-100.468411,PNG,125.0,4.8,2,2500,0,0,0,0,2,0
CF,RW30,28.622436,-100.526925,0,PNG,127.9,0.8,305.0,4.0,1,949,0,0,0,0,3,0
CF,PNG,28.631844,-100.538386,0,PNG,0.0,0.0,305.0,0.8,0,0,0,0,0,0,0,1
FC,PNG,28.631844,-100.538386,0,PNG,0.0,0.0,301.0,7.0,0,0,0,0,0,0,0,1
DF,PNG,28.631844,-100.538386,1, ,0.0,0.0,2,3000,0,0,0,0,0,0

