SID,ANIL3A,13,2
CA,0,139.0,2,480,0,0,0,0,0,0
FD,TAM,22.289603,-97.863022,0,TAM,0.0,10.0,139.0,10.0,0,0,0,0,0,0,0,0
CF,D148O,22.065492,-97.741953,0,TAM,147.3,15.0,164.0,5.0,0,0,0,0,0,0,0,0
TF,ANILO,21.916944,-97.661944,0, ,0.0,0.0,0.0,0.0,0,0,0,0,0,0,0,0

SID,ANIL3B,18,2
CA,0,185.0,2,480,0,0,0,0,0,0
FD,TAM,22.289603,-97.863022,0,TAM,0.0,7.0,185.0,7.0,0,0,0,0,0,0,0,0
CI,0, ,0.0,185.0,0,0,0,0,0,0,0,0
AF,D148J,22.140206,-97.782267,1,TAM,147.3,10.0,185.0,0,0,0,0,0,0,0,0
TF,ANILO,21.916944,-97.661944,0, ,0.0,0.0,0.0,0.0,0,0,0,0,0,0,0,0

SID,AVSE3A,31,2
CA,0,319.0,2,480,0,0,0,0,0,0
FD,TAM,22.289603,-97.863022,0,TAM,0.0,7.0,319.0,7.0,0,0,0,0,0,0,0,0
CI,0, ,0.0,319.0,0,0,0,0,0,0,0,0
AF,D028J,22.430867,-97.766764,2,TAM,26.4,10.0,319.0,0,0,0,0,0,0,0,0
TF,AVSEN,22.641944,-97.622500,0, ,0.0,0.0,0.0,0.0,0,0,0,0,0,0,0,0

SID,AVSE3B,36,2
CA,0,5.0,2,480,0,0,0,0,0,0
FD,TAM,22.289603,-97.863022,0,TAM,0.0,7.0,5.0,7.0,0,0,0,0,0,0,0,0
CI,0, ,0.0,5.0,0,0,0,0,0,0,0,0
AF,D028J,22.430867,-97.766764,2,TAM,26.4,10.0,5.0,0,0,0,0,0,0,0,0
TF,AVSEN,22.641944,-97.622500,0, ,0.0,0.0,0.0,0.0,0,0,0,0,0,0,0,0

SID,EMOR2A,31,2
CA,0,319.0,2,480,0,0,0,0,0,0
FD,TAM,22.289603,-97.863022,0,TAM,0.0,7.0,319.0,7.0,0,0,0,0,0,0,0,0
CI,0, ,0.0,319.0,0,0,0,0,0,0,0,0
AF,D006J,22.453197,-97.825644,2,TAM,6.0,10.0,319.0,0,0,0,0,0,0,0,0
TF,EMORO,22.697222,-97.769722,0, ,0.0,0.0,0.0,0.0,0,0,0,0,0,0,0,0

SID,EMOR2B,36,2
CA,0,5.0,2,480,0,0,0,0,0,0
FD,TAM,22.289603,-97.863022,0,TAM,0.0,10.0,5.0,10.0,0,0,0,0,0,0,0,0
CF,D006O,22.534989,-97.806922,0,TAM,6.0,15.0,9.0,5.0,0,0,0,0,0,0,0,0
TF,EMORO,22.697222,-97.769722,0, ,0.0,0.0,0.0,0.0,0,0,0,0,0,0,0,0

SID,IPTU2A,18,2
CA,0,185.0,2,480,0,0,0,0,0,0
FD,TAM,22.289603,-97.863022,0,TAM,0.0,7.0,185.0,7.0,0,0,0,0,0,0,0,0
CI,0, ,0.0,185.0,0,0,0,0,0,0,0,0
AF,D249J,22.244089,-98.035928,2,TAM,248.2,10.0,185.0,0,0,0,0,0,0,0,0
TF,IPTUN,22.175278,-98.295833,0, ,0.0,0.0,0.0,0.0,0,0,0,0,0,0,0,0

SID,IPTU2B,31,2
CA,0,319.0,2,480,0,0,0,0,0,0
FD,TAM,22.289603,-97.863022,0,TAM,0.0,7.0,319.0,7.0,0,0,0,0,0,0,0,0
CI,0, ,0.0,319.0,0,0,0,0,0,0,0,0
AF,D249J,22.244089,-98.035928,1,TAM,248.2,10.0,319.0,0,0,0,0,0,0,0,0
TF,IPTUN,22.175278,-98.295833,0, ,0.0,0.0,0.0,0.0,0,0,0,0,0,0,0,0

SID,JERE2A,31,2
CA,0,319.0,2,480,0,0,0,0,0,0
FD,TAM,22.289603,-97.863022,0,TAM,0.0,10.0,319.0,10.0,0,0,0,0,0,0,0,0
CF,JEREZ,22.629722,-98.123611,0,TAM,318.6,25.0,319.0,15.0,0,0,0,0,0,0,0,0

SID,JERE2B,36,2
CA,0,5.0,2,480,0,0,0,0,0,0
FD,TAM,22.289603,-97.863022,0,TAM,0.0,7.0,5.0,7.0,0,0,0,0,0,0,0,0
CI,0, ,0.0,5.0,0,0,0,0,0,0,0,0
AF,D319J,22.425886,-97.967244,1,TAM,318.6,10.0,5.0,0,0,0,0,0,0,0,0
TF,JEREZ,22.629722,-98.123611,0, ,0.0,0.0,0.0,0.0,0,0,0,0,0,0,0,0

SID,MAPI2A,31,2
CA,0,319.0,2,480,0,0,0,0,0,0
FD,TAM,22.289603,-97.863022,0,TAM,0.0,7.0,319.0,7.0,0,0,0,0,0,0,0,0
CI,0, ,0.0,319.0,0,0,0,0,0,0,0,0
AF,D359J,22.456231,-97.847564,2,TAM,358.9,10.0,319.0,0,0,0,0,0,0,0,0
TF,MAPIL,22.704722,-97.824444,0, ,0.0,0.0,0.0,0.0,0,0,0,0,0,0,0,0

SID,MAPI2B,36,2
CA,0,5.0,2,480,0,0,0,0,0,0
FD,TAM,22.289603,-97.863022,0,TAM,0.0,10.0,5.0,10.0,0,0,0,0,0,0,0,0
CF,D359O,22.539542,-97.839822,0,TAM,358.9,15.0,348.0,5.0,0,0,0,0,0,0,0,0
TF,MAPIL,22.704722,-97.824444,0, ,0.0,0.0,0.0,0.0,0,0,0,0,0,0,0,0

SID,NOTO2A,13,2
CA,0,139.0,2,480,0,0,0,0,0,0
FD,TAM,22.289603,-97.863022,0,TAM,0.0,10.0,139.0,10.0,0,0,0,0,0,0,0,0
CF,D162O,22.044969,-97.803300,0,TAM,161.2,15.0,195.0,7.0,0,0,0,0,0,0,0,0
TF,NOTOR,21.883056,-97.763889,0, ,0.0,0.0,0.0,0.0,0,0,0,0,0,0,0,0

SID,NOTO2B,18,2
CA,0,185.0,2,480,0,0,0,0,0,0
FD,TAM,22.289603,-97.863022,0,TAM,0.0,7.0,185.0,7.0,0,0,0,0,0,0,0,0
CI,0, ,0.0,185.0,0,0,0,0,0,0,0,0
AF,D162J,22.126517,-97.823183,1,TAM,161.2,10.0,185.0,0,0,0,0,0,0,0,0
TF,NOTOR,21.883056,-97.763889,0, ,0.0,0.0,0.0,0.0,0,0,0,0,0,0,0,0

SID,ONBU3A,13,2
CA,0,139.0,2,480,0,0,0,0,0,0
FD,TAM,22.289603,-97.863022,0,TAM,0.0,7.0,139.0,7.0,0,0,0,0,0,0,0,0
CI,0, ,0.0,139.0,0,0,0,0,0,0,0,0
AF,D091J,22.271719,-97.684344,1,TAM,90.1,10.0,139.0,0,0,0,0,0,0,0,0
TF,ONBUL,22.244444,-97.415556,0, ,0.0,0.0,0.0,0.0,0,0,0,0,0,0,0,0

SID,ONBU3B,18,2
CA,0,185.0,2,480,0,0,0,0,0,0
FD,TAM,22.289603,-97.863022,0,TAM,0.0,7.0,185.0,7.0,0,0,0,0,0,0,0,0
CI,0, ,0.0,185.0,0,0,0,0,0,0,0,0
AF,D091J,22.271719,-97.684344,1,TAM,90.1,10.0,185.0,0,0,0,0,0,0,0,0
TF,ONBUL,22.244444,-97.415556,0, ,0.0,0.0,0.0,0.0,0,0,0,0,0,0,0,0

SID,TAKL2A,31,2
CA,0,319.0,2,480,0,0,0,0,0,0
FD,TAM,22.289603,-97.863022,0,TAM,0.0,7.0,319.0,7.0,0,0,0,0,0,0,0,0
CI,0, ,0.0,319.0,0,0,0,0,0,0,0,0
AF,D286J,22.350239,-98.030547,1,TAM,285.3,10.0,319.0,0,0,0,0,0,0,0,0
TF,TAKLA,22.441111,-98.282778,0, ,0.0,0.0,0.0,0.0,0,0,0,0,0,0,0,0

SID,TAKL2B,36,2
CA,0,5.0,2,480,0,0,0,0,0,0
FD,TAM,22.289603,-97.863022,0,TAM,0.0,7.0,5.0,7.0,0,0,0,0,0,0,0,0
CI,0, ,0.0,5.0,0,0,0,0,0,0,0,0
AF,D286J,22.350239,-98.030547,1,TAM,285.3,10.0,5.0,0,0,0,0,0,0,0,0
TF,TAKLA,22.441111,-98.282778,0, ,0.0,0.0,0.0,0.0,0,0,0,0,0,0,0,0

SID,TAM3A,13,2
CA,0,139.0,2,480,0,0,0,0,0,0
FD,TAM,22.289603,-97.863022,0,TAM,0.0,7.0,139.0,7.0,0,0,0,0,0,0,0,0
DF,TAM,22.289603,-97.863022,2, ,0.0,0.0,0,0,0,0,0,0,0,0

SID,TAM3B,18,2
CA,0,185.0,2,480,0,0,0,0,0,0
FD,TAM,22.289603,-97.863022,0,TAM,0.0,7.0,185.0,7.0,0,0,0,0,0,0,0,0
DF,TAM,22.289603,-97.863022,2, ,0.0,0.0,0,0,0,0,0,0,0,0

SID,TAM3C,31,2
CA,0,319.0,2,480,0,0,0,0,0,0
FD,TAM,22.289603,-97.863022,0,TAM,0.0,7.0,319.0,7.0,0,0,0,0,0,0,0,0
DF,TAM,22.289603,-97.863022,2, ,0.0,0.0,0,0,0,0,0,0,0,0

SID,TAM3D,36,2
CA,0,5.0,2,480,0,0,0,0,0,0
FD,TAM,22.289603,-97.863022,0,TAM,0.0,7.0,5.0,7.0,0,0,0,0,0,0,0,0
DF,TAM,22.289603,-97.863022,2, ,0.0,0.0,0,0,0,0,0,0,0,0

SID,URVO2A,31,2
CA,0,319.0,2,480,0,0,0,0,0,0
FD,TAM,22.289603,-97.863022,0,TAM,0.0,7.0,319.0,7.0,0,0,0,0,0,0,0,0
CI,0, ,0.0,319.0,0,0,0,0,0,0,0,0
AF,D349J,22.456183,-97.879056,2,TAM,348.9,10.0,319.0,0,0,0,0,0,0,0,0
TF,URVOX,22.704722,-97.903056,0, ,0.0,0.0,0.0,0.0,0,0,0,0,0,0,0,0

SID,URVO2B,36,2
CA,0,5.0,2,480,0,0,0,0,0,0
FD,TAM,22.289603,-97.863022,0,TAM,0.0,10.0,5.0,10.0,0,0,0,0,0,0,0,0
CF,D349O,22.539472,-97.887089,0,TAM,348.9,15.0,323.0,6.0,0,0,0,0,0,0,0,0
TF,URVOX,22.704722,-97.903056,0, ,0.0,0.0,0.0,0.0,0,0,0,0,0,0,0,0

SID,XORM2A,31,2
CA,0,319.0,2,480,0,0,0,0,0,0
FD,TAM,22.289603,-97.863022,0,TAM,0.0,10.0,319.0,10.0,0,0,0,0,0,0,0,0
CF,D334O,22.524761,-97.956997,0,TAM,333.6,15.0,360.0,6.0,0,0,0,0,0,0,0,0
TF,XORMA,22.680556,-98.019444,0, ,0.0,0.0,0.0,0.0,0,0,0,0,0,0,0,0

SID,XORM2B,36,2
CA,0,5.0,2,480,0,0,0,0,0,0
FD,TAM,22.289603,-97.863022,0,TAM,0.0,7.0,5.0,7.0,0,0,0,0,0,0,0,0
CI,0, ,0.0,5.0,0,0,0,0,0,0,0,0
AF,D334J,22.446381,-97.925636,1,TAM,333.6,10.0,5.0,0,0,0,0,0,0,0,0
TF,XORMA,22.680556,-98.019444,0, ,0.0,0.0,0.0,0.0,0,0,0,0,0,0,0,0

APPTR,D13-1,13,TAM
IF,TAM,22.289603,-97.863022, ,0.0,0.0,2,2000,0,0,0,0,1,0
FD,TAM,22.289603,-97.863022,0,TAM,0.0,8.0,339.0,8.0,2,1800,0,0,0,0,0,0
CF,CF13,22.399181,-97.945550,1,TAM,319.0,8.0,139.0,1.0,2,1800,0,0,0,0,0,0

FINAL,D13-1,13,D,3
IF,CF13,22.399181,-97.945550,TAM,319.0,8.0,2,1800,0,0,0,0,0,0
CF,FF13,22.358094,-97.914586,0,TAM,319.0,5.0,139.0,3.0,2,1400,0,0,0,0,2,0
CF,RW13,22.301986,-97.874119,0,TAM,314.2,0.0,139.0,4.0,1,130,0,0,0,0,3,0
CF,TAM,22.289603,-97.863022,0,TAM,0.0,0.0,139.0,1.0,0,0,0,0,0,0,0,0
FD,TAM,22.289603,-97.863022,0,TAM,0.0,7.0,139.0,7.0,0,0,0,0,0,0,0,0
DF,TAM,22.289603,-97.863022,2, ,0.0,0.0,2,2000,0,0,0,0,0,0

APPTR,D13-2,13,EMORO
IF,EMORO,22.697222,-97.769722, ,0.0,0.0,2,9000,0,0,0,0,0,0
TF,D006L,22.485914,-97.818158,0, ,0.0,0.0,0.0,0.0,2,3000,0,0,0,0,1,0
CI,0, ,0.0,186.0,0,0,0,0,0,0,0,0
AF,D349J,22.456183,-97.879056,1,TAM,348.9,10.0,6.0,2,3000,0,0,0,0,0,0
AF,D331J,22.443539,-97.933319,1,TAM,331.0,10.0,349.0,2,2200,0,0,0,0,0,1
CF,CF13,22.399181,-97.945550,0,TAM,319.0,8.0,139.0,2.0,2,1800,0,0,0,0,0,0

APPTR,D13-2,13,IPTUN
IF,IPTUN,22.175278,-98.295833, ,0.0,0.0,2,3000,0,0,0,0,0,0
TF,D249L,22.234964,-98.070497,0, ,0.0,0.0,0.0,0.0,2,3000,0,0,0,0,1,0
CI,0, ,0.0,69.0,0,0,0,0,0,0,0,0
AF,D286J,22.350239,-98.030547,2,TAM,285.3,10.0,249.0,2,3000,0,0,0,0,0,0
AF,D307J,22.403611,-97.994567,2,TAM,307.0,10.0,286.0,2,2200,0,0,0,0,0,1
CF,CF13,22.399181,-97.945550,0,TAM,319.0,8.0,139.0,2.0,2,1800,0,0,0,0,0,0

APPTR,D13-2,13,JEREZ
IF,JEREZ,22.629722,-98.123611, ,0.0,0.0,2,6000,0,0,0,0,0,0
TF,D319O,22.494003,-98.019433,0, ,0.0,0.0,0.0,0.0,2,3000,0,0,0,0,1,0
TF,D319J,22.425886,-97.967244,0, ,0.0,0.0,0.0,0.0,2,2200,0,0,0,0,0,0
TF,CF13,22.399181,-97.945550,0, ,0.0,0.0,0.0,0.0,2,1800,0,0,0,0,0,0

APPTR,D13-2,13,MAPIL
IF,MAPIL,22.704722,-97.824444, ,0.0,0.0,2,4000,0,0,0,0,0,0
TF,D359O,22.539542,-97.839822,0, ,0.0,0.0,0.0,0.0,2,3000,0,0,0,0,0,0
TF,D359L,22.489556,-97.844467,0, ,0.0,0.0,0.0,0.0,2,3000,0,0,0,0,1,0
CI,0, ,0.0,179.0,0,0,0,0,0,0,0,0
AF,D349J,22.456183,-97.879056,1,TAM,348.9,10.0,359.0,2,3000,0,0,0,0,0,0
AF,D331J,22.443539,-97.933319,1,TAM,331.0,10.0,349.0,2,2200,0,0,0,0,0,1
CF,CF13,22.399181,-97.945550,0,TAM,319.0,8.0,139.0,2.0,2,1800,0,0,0,0,0,0

APPTR,D13-2,13,TAKLA
IF,TAKLA,22.441111,-98.282778, ,0.0,0.0,2,6000,0,0,0,0,0,0
TF,D286L,22.362347,-98.064069,0, ,0.0,0.0,0.0,0.0,2,3000,0,0,0,0,1,0
CI,0, ,0.0,106.0,0,0,0,0,0,0,0,0
AF,D307J,22.403611,-97.994567,2,TAM,307.0,10.0,286.0,2,2200,0,0,0,0,0,1
CF,CF13,22.399181,-97.945550,0,TAM,319.0,8.0,139.0,2.0,2,1800,0,0,0,0,0,0

APPTR,D13-2,13,URVOX
IF,URVOX,22.704722,-97.903056, ,0.0,0.0,2,5000,0,0,0,0,0,0
TF,D349O,22.539472,-97.887089,0, ,0.0,0.0,0.0,0.0,2,3000,0,0,0,0,0,0
TF,D349L,22.489497,-97.882269,0, ,0.0,0.0,0.0,0.0,2,2500,0,0,0,0,1,0
CI,0, ,0.0,169.0,0,0,0,0,0,0,0,0
AF,D331J,22.443539,-97.933319,1,TAM,331.0,10.0,349.0,2,2200,0,0,0,0,0,1
CF,CF13,22.399181,-97.945550,0,TAM,319.0,8.0,139.0,2.0,2,1800,0,0,0,0,0,0

APPTR,D13-2,13,XORMA
IF,XORMA,22.680556,-98.019444, ,0.0,0.0,2,6000,0,0,0,0,0,0
TF,D334O,22.524761,-97.956997,0, ,0.0,0.0,0.0,0.0,2,3000,0,0,0,0,1,0
TF,D319J,22.425886,-97.967244,0, ,0.0,0.0,0.0,0.0,2,2200,0,0,0,0,0,0
TF,CF13,22.399181,-97.945550,0, ,0.0,0.0,0.0,0.0,2,1800,0,0,0,0,0,0

FINAL,D13-2,13,D,3
IF,CF13,22.399181,-97.945550,TAM,319.0,8.0,2,1800,0,0,0,0,0,0
CF,FF13,22.358094,-97.914586,0,TAM,319.0,5.0,139.0,3.0,2,1400,0,0,0,0,2,0
CF,RW13,22.301986,-97.874119,0,TAM,314.2,0.0,139.0,4.0,1,130,0,0,0,0,3,0
CF,TAM,22.289603,-97.863022,0,TAM,0.0,0.0,139.0,1.0,0,0,0,0,0,0,0,0
FD,TAM,22.289603,-97.863022,0,TAM,0.0,7.0,139.0,7.0,0,0,0,0,0,0,0,0
DF,TAM,22.289603,-97.863022,2, ,0.0,0.0,2,2000,0,0,0,0,0,0

APPTR,D18-1,18,TAM
IF,TAM,22.289603,-97.863022, ,0.0,0.0,2,2000,0,0,0,0,1,0
FD,TAM,22.289603,-97.863022,0,TAM,0.0,8.0,25.0,8.0,2,1800,0,0,0,0,0,0
CF,CF18,22.420939,-97.835561,1,TAM,5.0,8.0,185.0,1.0,2,1800,0,0,0,0,0,0

FINAL,D18-1,18,D,3
IF,CF18,22.420939,-97.835561,TAM,5.0,8.0,2,1800,0,0,0,0,0,0
CF,FF18,22.371689,-97.845864,0,TAM,5.0,5.0,185.0,3.0,2,1500,0,0,0,0,2,0
CF,RW18,22.300561,-97.862272,0,TAM,357.7,0.7,185.0,4.4,1,95,0,0,0,0,3,0
CF,TAM,22.289603,-97.863022,0,TAM,0.0,0.0,185.0,0.7,0,0,0,0,0,0,0,0
FD,TAM,22.289603,-97.863022,0,TAM,0.0,7.0,185.0,7.0,0,0,0,0,0,0,0,0
DF,TAM,22.289603,-97.863022,2, ,0.0,0.0,2,2000,0,0,0,0,0,0

APPTR,D18-2,18,EMORO
IF,EMORO,22.697222,-97.769722, ,0.0,0.0,2,9000,0,0,0,0,0,0
TF,D006O,22.534989,-97.806922,0, ,0.0,0.0,0.0,0.0,2,3000,0,0,0,0,1,0
TF,D005J,22.453772,-97.828689,0, ,0.0,0.0,0.0,0.0,2,2200,0,0,0,0,0,0
TF,CF18,22.420939,-97.835561,0, ,0.0,0.0,0.0,0.0,2,1800,0,0,0,0,0,0

APPTR,D18-2,18,IPTUN
IF,IPTUN,22.175278,-98.295833, ,0.0,0.0,2,3000,0,0,0,0,0,0
TF,D249L,22.234964,-98.070497,0, ,0.0,0.0,0.0,0.0,2,3000,0,0,0,0,1,0
CI,0, ,0.0,69.0,0,0,0,0,0,0,0,0
AF,D353J,22.456822,-97.866161,2,TAM,353.0,10.0,249.0,2,2200,0,0,0,0,0,1
CF,CF18,22.420939,-97.835561,0,TAM,5.0,8.0,185.0,2.0,2,1800,0,0,0,0,0,0

APPTR,D18-2,18,JEREZ
IF,JEREZ,22.629722,-98.123611, ,0.0,0.0,2,6000,0,0,0,0,0,0
TF,D319O,22.494003,-98.019433,0, ,0.0,0.0,0.0,0.0,2,3000,0,0,0,0,0,0
TF,D319L,22.453133,-97.988114,0, ,0.0,0.0,0.0,0.0,2,3000,0,0,0,0,1,0
CI,0, ,0.0,139.0,0,0,0,0,0,0,0,0
AF,D353J,22.456822,-97.866161,2,TAM,353.0,10.0,319.0,2,2200,0,0,0,0,0,1
CF,CF18,22.420939,-97.835561,0,TAM,5.0,8.0,185.0,2.0,2,1800,0,0,0,0,0,0

APPTR,D18-2,18,MAPIL
IF,MAPIL,22.704722,-97.824444, ,0.0,0.0,2,4000,0,0,0,0,0,0
TF,D359O,22.539542,-97.839822,0, ,0.0,0.0,0.0,0.0,2,3000,0,0,0,0,1,0
TF,D005J,22.453772,-97.828689,0, ,0.0,0.0,0.0,0.0,2,2200,0,0,0,0,0,0
TF,CF18,22.420939,-97.835561,0, ,0.0,0.0,0.0,0.0,2,1800,0,0,0,0,0,0

APPTR,D18-2,18,TAKLA
IF,TAKLA,22.441111,-98.282778, ,0.0,0.0,2,6000,0,0,0,0,0,0
TF,D286L,22.362347,-98.064069,0, ,0.0,0.0,0.0,0.0,2,3000,0,0,0,0,1,0
CI,0, ,0.0,106.0,0,0,0,0,0,0,0,0
AF,D353J,22.456822,-97.866161,2,TAM,353.0,10.0,286.0,2,2200,0,0,0,0,0,1
CF,CF18,22.420939,-97.835561,0,TAM,5.0,8.0,185.0,2.0,2,1800,0,0,0,0,0,0

APPTR,D18-2,18,URVOX
IF,URVOX,22.704722,-97.903056, ,0.0,0.0,2,5000,0,0,0,0,0,0
TF,D349O,22.539472,-97.887089,0, ,0.0,0.0,0.0,0.0,2,3000,0,0,0,0,1,0
TF,D005J,22.453772,-97.828689,0, ,0.0,0.0,0.0,0.0,2,2200,0,0,0,0,0,0
TF,CF18,22.420939,-97.835561,0, ,0.0,0.0,0.0,0.0,2,1800,0,0,0,0,0,0

APPTR,D18-2,18,XORMA
IF,XORMA,22.680556,-98.019444, ,0.0,0.0,2,6000,0,0,0,0,0,0
TF,D334O,22.524761,-97.956997,0, ,0.0,0.0,0.0,0.0,2,3000,0,0,0,0,1,0
TF,D005J,22.453772,-97.828689,0, ,0.0,0.0,0.0,0.0,2,2200,0,0,0,0,0,0
TF,CF18,22.420939,-97.835561,0, ,0.0,0.0,0.0,0.0,2,1800,0,0,0,0,0,0

FINAL,D18-2,18,D,3
IF,CF18,22.420939,-97.835561,TAM,5.0,8.0,2,1800,0,0,0,0,0,0
CF,FF18,22.371689,-97.845864,0,TAM,5.0,5.0,185.0,3.0,2,1500,0,0,0,0,2,0
CF,RW18,22.300561,-97.862272,0,TAM,357.7,0.7,185.0,4.4,1,95,0,0,0,0,3,0
CF,TAM,22.289603,-97.863022,0,TAM,0.0,0.0,185.0,0.7,0,0,0,0,0,0,0,0
FD,TAM,22.289603,-97.863022,0,TAM,0.0,7.0,185.0,7.0,0,0,0,0,0,0,0,0
DF,TAM,22.289603,-97.863022,2, ,0.0,0.0,2,2000,0,0,0,0,0,0

APPTR,D31-1,31,TAM
IF,TAM,22.289603,-97.863022, ,0.0,0.0,2,2000,0,0,0,0,1,0
FD,TAM,22.289603,-97.863022,0,TAM,0.0,8.0,159.0,8.0,2,1800,0,0,0,0,0,0
CF,CF31,22.179978,-97.780619,1,TAM,139.0,8.0,319.0,1.0,2,1800,0,0,0,0,0,0

FINAL,D31-1,31,D,3
IF,CF31,22.179978,-97.780619,TAM,139.0,8.0,2,1800,0,0,0,0,0,0
CF,FF31,22.221092,-97.811506,0,TAM,139.0,5.0,319.0,3.0,2,1500,0,0,0,0,2,0
CF,RW31,22.283233,-97.859942,0,TAM,149.8,0.4,319.0,4.6,1,124,0,0,0,0,3,0
CF,TAM,22.289603,-97.863022,0,TAM,0.0,0.0,319.0,0.4,0,0,0,0,0,0,0,0
FD,TAM,22.289603,-97.863022,0,TAM,0.0,7.0,319.0,7.0,0,0,0,0,0,0,0,0
DF,TAM,22.289603,-97.863022,2, ,0.0,0.0,2,2000,0,0,0,0,0,0

APPTR,D31-2,31,ANILO
IF,ANILO,21.916944,-97.661944, ,0.0,0.0,2,8000,0,0,0,0,0,0
TF,D148O,22.065492,-97.741953,0, ,0.0,0.0,0.0,0.0,2,3000,0,0,0,0,1,0
TF,D139J,22.152564,-97.760039,0, ,0.0,0.0,0.0,0.0,2,2200,0,0,0,0,0,0
TF,CF31,22.179978,-97.780619,0, ,0.0,0.0,0.0,0.0,2,1800,0,0,0,0,0,0

APPTR,D31-2,31,LEXOR
IF,LEXOR,20.896389,-97.752778, ,0.0,0.0,0,0,0,0,0,0,0,0
TF,TAM50,21.455603,-97.796772,0, ,0.0,0.0,0.0,0.0,2,16000,0,0,0,0,0,0
TF,D170Y,21.872617,-97.829800,0, ,0.0,0.0,0.0,0.0,2,10000,0,0,0,0,0,0
TF,D170O,22.039414,-97.843064,0, ,0.0,0.0,0.0,0.0,2,3000,0,0,0,0,0,0
TF,D170L,22.089453,-97.847050,0, ,0.0,0.0,0.0,0.0,2,2500,0,0,0,0,1,0
CI,0, ,0.0,350.0,0,0,0,0,0,0,0,0
AF,D151J,22.135631,-97.792875,1,TAM,151.0,10.0,170.0,2,2200,0,0,0,0,0,1
CF,CF31,22.179978,-97.780619,0,TAM,139.0,8.0,319.0,2.0,2,1800,0,0,0,0,0,0

APPTR,D31-2,31,LOSBA
IF,LOSBA,21.468056,-98.031111, ,0.0,0.0,2,15000,0,0,0,0,0,0
TF,D185Y,21.878911,-97.947294,0, ,0.0,0.0,0.0,0.0,2,7000,0,0,0,0,0,0
TF,D185O,22.043194,-97.913644,0, ,0.0,0.0,0.0,0.0,2,3000,0,0,0,0,0,0
TF,D185L,22.092478,-97.903533,0, ,0.0,0.0,0.0,0.0,2,3000,0,0,0,0,1,0
CI,0, ,0.0,5.0,0,0,0,0,0,0,0,0
AF,D151J,22.135631,-97.792875,1,TAM,151.0,10.0,185.0,2,2200,0,0,0,0,0,1
CF,CF31,22.179978,-97.780619,0,TAM,139.0,8.0,319.0,2.0,2,1800,0,0,0,0,0,0

APPTR,D31-2,31,NOTOR
IF,NOTOR,21.883056,-97.763889, ,0.0,0.0,2,5000,0,0,0,0,0,0
TF,D162O,22.044969,-97.803300,0, ,0.0,0.0,0.0,0.0,2,3000,0,0,0,0,1,0
TF,D139J,22.152564,-97.760039,0, ,0.0,0.0,0.0,0.0,2,2200,0,0,0,0,0,0
TF,CF31,22.179978,-97.780619,0, ,0.0,0.0,0.0,0.0,2,1800,0,0,0,0,0,0

APPTR,D31-2,31,ONBUL
IF,ONBUL,22.244444,-97.415556, ,0.0,0.0,2,11000,0,0,0,0,0,0
TF,D091L,22.268122,-97.648614,0, ,0.0,0.0,0.0,0.0,2,3000,0,0,0,0,1,0
CI,0, ,0.0,271.0,0,0,0,0,0,0,0,0
AF,D127J,22.175483,-97.731689,2,TAM,127.0,10.0,91.0,2,2200,0,0,0,0,0,1
CF,CF31,22.179978,-97.780619,0,TAM,139.0,8.0,319.0,2.0,2,1800,0,0,0,0,0,0

FINAL,D31-2,31,D,3
IF,CF31,22.179978,-97.780619,TAM,139.0,8.0,2,1800,0,0,0,0,0,0
CF,FF31,22.221092,-97.811506,0,TAM,139.0,5.0,319.0,3.0,2,1500,0,0,0,0,2,0
CF,RW31,22.283233,-97.859942,0,TAM,149.8,0.4,319.0,4.6,1,124,0,0,0,0,3,0
CF,TAM,22.289603,-97.863022,0,TAM,0.0,0.0,319.0,0.4,0,0,0,0,0,0,0,0
FD,TAM,22.289603,-97.863022,0,TAM,0.0,7.0,319.0,7.0,0,0,0,0,0,0,0,0
DF,TAM,22.289603,-97.863022,2, ,0.0,0.0,2,2000,0,0,0,0,0,0

APPTR,D36-1,36,TAM
IF,TAM,22.289603,-97.863022, ,0.0,0.0,2,2000,0,0,0,0,1,0
FD,TAM,22.289603,-97.863022,0,TAM,0.0,8.0,205.0,8.0,2,1800,0,0,0,0,0,0
CF,CF36,22.158258,-97.890428,1,TAM,185.0,8.0,5.0,1.0,2,1800,0,0,0,0,0,0

FINAL,D36-1,36,D,3
IF,CF36,22.158258,-97.890428,TAM,185.0,8.0,2,1800,0,0,0,0,0,0
CF,FF36,22.207511,-97.880156,0,TAM,185.0,5.0,5.0,3.0,2,1500,0,0,0,0,2,0
CF,TAM,22.289603,-97.863022,0,TAM,0.0,0.0,5.0,5.0,1,121,0,0,0,0,3,0
FD,TAM,22.289603,-97.863022,0,TAM,0.0,7.0,5.0,7.0,0,0,0,0,0,0,0,0
DF,TAM,22.289603,-97.863022,2, ,0.0,0.0,2,2000,0,0,0,0,0,0

APPTR,D36-2,36,ANILO
IF,ANILO,21.916944,-97.661944, ,0.0,0.0,2,8000,0,0,0,0,0,0
TF,D148O,22.065492,-97.741953,0, ,0.0,0.0,0.0,0.0,2,3000,0,0,0,0,0,0
TF,D148L,22.110322,-97.766136,0, ,0.0,0.0,0.0,0.0,2,2500,0,0,0,0,1,0
CI,0, ,0.0,328.0,0,0,0,0,0,0,0,0
AF,D173J,22.122375,-97.859889,2,TAM,173.0,10.0,148.0,2,2200,0,0,0,0,0,1
CF,CF36,22.158258,-97.890428,0,TAM,185.0,8.0,5.0,2.0,2,1800,0,0,0,0,0,0

APPTR,D36-2,36,IPTUN
IF,IPTUN,22.175278,-98.295833, ,0.0,0.0,2,3000,0,0,0,0,0,0
TF,D249L,22.234964,-98.070497,0, ,0.0,0.0,0.0,0.0,2,3000,0,0,0,0,1,0
CI,0, ,0.0,69.0,0,0,0,0,0,0,0,0
AF,D197J,22.135631,-97.933167,1,TAM,197.0,10.0,249.0,2,2200,0,0,0,0,0,1
CF,CF36,22.158258,-97.890428,0,TAM,185.0,8.0,5.0,2.0,2,1800,0,0,0,0,0,0

APPTR,D36-2,36,LEXOR
IF,LEXOR,20.896389,-97.752778, ,0.0,0.0,0,0,0,0,0,0,0,0
TF,TAM50,21.455603,-97.796772,0, ,0.0,0.0,0.0,0.0,2,16000,0,0,0,0,0,0
TF,D170Y,21.872617,-97.829800,0, ,0.0,0.0,0.0,0.0,2,10000,0,0,0,0,0,0
TF,D170O,22.039414,-97.843064,0, ,0.0,0.0,0.0,0.0,2,3000,0,0,0,0,1,0
TF,D185J,22.125333,-97.896789,0, ,0.0,0.0,0.0,0.0,2,2200,0,0,0,0,0,0
TF,CF36,22.158258,-97.890428,0, ,0.0,0.0,0.0,0.0,2,1800,0,0,0,0,0,0

APPTR,D36-2,36,LOSBA
IF,LOSBA,21.468056,-98.031111, ,0.0,0.0,2,15000,0,0,0,0,0,0
TF,D185Y,21.878911,-97.947294,0, ,0.0,0.0,0.0,0.0,2,7000,0,0,0,0,0,0
TF,D185O,22.043194,-97.913644,0, ,0.0,0.0,0.0,0.0,2,3000,0,0,0,0,1,0
TF,D185J,22.125333,-97.896789,0, ,0.0,0.0,0.0,0.0,2,2200,0,0,0,0,0,0
TF,CF36,22.158258,-97.890428,0, ,0.0,0.0,0.0,0.0,2,1800,0,0,0,0,0,0

APPTR,D36-2,36,NOTOR
IF,NOTOR,21.883056,-97.763889, ,0.0,0.0,2,5000,0,0,0,0,0,0
TF,D162O,22.044969,-97.803300,0, ,0.0,0.0,0.0,0.0,2,3000,0,0,0,0,0,0
TF,D162L,22.093897,-97.815228,0, ,0.0,0.0,0.0,0.0,2,2500,0,0,0,0,1,0
CI,0, ,0.0,342.0,0,0,0,0,0,0,0,0
AF,D173J,22.122375,-97.859889,2,TAM,173.0,10.0,162.0,2,2200,0,0,0,0,0,1
CF,CF36,22.158258,-97.890428,0,TAM,185.0,8.0,5.0,2.0,2,1800,0,0,0,0,0,0

APPTR,D36-2,36,ONBUL
IF,ONBUL,22.244444,-97.415556, ,0.0,0.0,2,11000,0,0,0,0,0,0
TF,D091L,22.268122,-97.648614,0, ,0.0,0.0,0.0,0.0,2,3000,0,0,0,0,1,0
CI,0, ,0.0,271.0,0,0,0,0,0,0,0,0
AF,D148J,22.140206,-97.782267,2,TAM,147.3,10.0,91.0,2,3000,0,0,0,0,0,0
AF,D173J,22.122375,-97.859889,2,TAM,173.0,10.0,148.0,2,2200,0,0,0,0,0,1
CF,CF36,22.158258,-97.890428,0,TAM,185.0,8.0,5.0,2.0,2,1800,0,0,0,0,0,0

FINAL,D36-2,36,D,3
IF,CF36,22.158258,-97.890428,TAM,185.0,8.0,2,1800,0,0,0,0,0,0
CF,FF36,22.207511,-97.880156,0,TAM,185.0,5.0,5.0,3.0,2,1500,0,0,0,0,2,0
CF,TAM,22.289603,-97.863022,0,TAM,0.0,0.0,5.0,5.0,1,121,0,0,0,0,3,0
FD,TAM,22.289603,-97.863022,0,TAM,0.0,7.0,5.0,7.0,0,0,0,0,0,0,0,0
DF,TAM,22.289603,-97.863022,2, ,0.0,0.0,2,2000,0,0,0,0,0,0

APPTR,I13-1,13,TAM
IF,TAM,22.289603,-97.863022, ,0.0,0.0,2,2000,0,0,0,0,1,0
FD,TAM,22.289603,-97.863022,0,TAM,0.0,8.0,339.0,8.0,2,1800,0,0,0,0,0,0
CF,CI13,22.398231,-97.946953,1,ITAM,318.9,8.6,139.0,1.0,2,1800,0,0,0,0,0,0

FINAL,I13-1,13,I,3
IF,CI13,22.398231,-97.946953,ITAM,318.9,8.6,2,1800,0,0,0,0,0,0
CF,FI13,22.356314,-97.915217,0,ITAM,318.9,5.5,139.0,3.0,1,1400,0,0,0,0,2,0
CF,RW13,22.301986,-97.874119,0,ITAM,318.9,1.5,139.0,4.0,1,129,0,0,0,0,3,0
CA,0,139.0,2,480,0,0,0,0,0,0
FD,TAM,22.289603,-97.863022,0,TAM,0.0,7.0,139.0,7.0,0,0,0,0,0,0,0,0
DF,TAM,22.289603,-97.863022,2, ,0.0,0.0,2,2000,0,0,0,0,0,0

APPTR,I13-2,13,EMORO
IF,EMORO,22.697222,-97.769722, ,0.0,0.0,2,9000,0,0,0,0,0,0
TF,D006L,22.485914,-97.818158,0, ,0.0,0.0,0.0,0.0,2,3000,0,0,0,0,1,0
CI,0, ,0.0,186.0,0,0,0,0,0,0,0,0
AF,D349J,22.456183,-97.879056,1,TAM,348.9,10.0,6.0,2,3000,0,0,0,0,0,0
AF,D331J,22.443539,-97.933319,1,TAM,331.0,10.0,349.0,2,2200,0,0,0,0,0,1
CF,CI13,22.398231,-97.946953,0,ITAM,318.9,8.6,139.0,2.0,2,1800,0,0,0,0,0,0

APPTR,I13-2,13,IPTUN
IF,IPTUN,22.175278,-98.295833, ,0.0,0.0,2,3000,0,0,0,0,0,0
TF,D249L,22.234964,-98.070497,0, ,0.0,0.0,0.0,0.0,2,3000,0,0,0,0,1,0
CI,0, ,0.0,69.0,0,0,0,0,0,0,0,0
AF,D286J,22.350239,-98.030547,2,TAM,285.3,10.0,249.0,2,3000,0,0,0,0,0,0
AF,D307J,22.403611,-97.994567,2,TAM,307.0,10.0,286.0,2,2200,0,0,0,0,0,1
CF,CI13,22.398231,-97.946953,0,ITAM,318.9,8.6,139.0,2.0,2,1800,0,0,0,0,0,0

APPTR,I13-2,13,JEREZ
IF,JEREZ,22.629722,-98.123611, ,0.0,0.0,2,6000,0,0,0,0,0,0
TF,D319O,22.494003,-98.019433,0, ,0.0,0.0,0.0,0.0,2,3000,0,0,0,0,1,0
TF,D319J,22.425886,-97.967244,0, ,0.0,0.0,0.0,0.0,2,2200,0,0,0,0,0,0
CF,CI13,22.398231,-97.946953,0,ITAM,318.9,8.6,139.0,2.0,2,1800,0,0,0,0,0,0

APPTR,I13-2,13,MAPIL
IF,MAPIL,22.704722,-97.824444, ,0.0,0.0,2,4000,0,0,0,0,0,0
TF,D359O,22.539542,-97.839822,0, ,0.0,0.0,0.0,0.0,2,3000,0,0,0,0,0,0
TF,D359L,22.489556,-97.844467,0, ,0.0,0.0,0.0,0.0,2,3000,0,0,0,0,1,0
CI,0, ,0.0,179.0,0,0,0,0,0,0,0,0
AF,D349J,22.456183,-97.879056,1,TAM,348.9,10.0,359.0,2,3000,0,0,0,0,0,0
AF,D331J,22.443539,-97.933319,1,TAM,331.0,10.0,349.0,2,2200,0,0,0,0,0,1
CF,CI13,22.398231,-97.946953,0,ITAM,318.9,8.6,139.0,2.0,2,1800,0,0,0,0,0,0

APPTR,I13-2,13,TAKLA
IF,TAKLA,22.441111,-98.282778, ,0.0,0.0,2,6000,0,0,0,0,0,0
TF,D286L,22.362347,-98.064069,0, ,0.0,0.0,0.0,0.0,2,3000,0,0,0,0,1,0
CI,0, ,0.0,106.0,0,0,0,0,0,0,0,0
AF,D307J,22.403611,-97.994567,2,TAM,307.0,10.0,286.0,2,2200,0,0,0,0,0,1
CF,CI13,22.398231,-97.946953,0,ITAM,318.9,8.6,139.0,2.0,2,1800,0,0,0,0,0,0

APPTR,I13-2,13,URVOX
IF,URVOX,22.704722,-97.903056, ,0.0,0.0,2,5000,0,0,0,0,0,0
TF,D349O,22.539472,-97.887089,0, ,0.0,0.0,0.0,0.0,2,3000,0,0,0,0,0,0
TF,D349L,22.489497,-97.882269,0, ,0.0,0.0,0.0,0.0,2,2500,0,0,0,0,1,0
CI,0, ,0.0,169.0,0,0,0,0,0,0,0,0
AF,D331J,22.443539,-97.933319,1,TAM,331.0,10.0,349.0,2,2200,0,0,0,0,0,1
CF,CI13,22.398231,-97.946953,0,ITAM,318.9,8.6,139.0,2.0,2,1800,0,0,0,0,0,0

APPTR,I13-2,13,XORMA
IF,XORMA,22.680556,-98.019444, ,0.0,0.0,2,6000,0,0,0,0,0,0
TF,D334O,22.524761,-97.956997,0, ,0.0,0.0,0.0,0.0,2,3000,0,0,0,0,1,0
TF,D319J,22.425886,-97.967244,0, ,0.0,0.0,0.0,0.0,2,2200,0,0,0,0,0,0
CF,CI13,22.398231,-97.946953,0,ITAM,318.9,8.6,139.0,2.0,2,1800,0,0,0,0,0,0

FINAL,I13-2,13,I,3
IF,CI13,22.398231,-97.946953,ITAM,318.9,8.6,2,1800,0,0,0,0,0,0
CF,FI13,22.356314,-97.915217,0,ITAM,318.9,5.5,139.0,3.0,1,1400,0,0,0,0,2,0
CF,RW13,22.301986,-97.874119,0,ITAM,318.9,1.5,139.0,4.0,1,129,0,0,0,0,3,0
CA,0,139.0,2,480,0,0,0,0,0,0
FD,TAM,22.289603,-97.863022,0,TAM,0.0,7.0,139.0,7.0,0,0,0,0,0,0,0,0
DF,TAM,22.289603,-97.863022,2, ,0.0,0.0,2,2000,0,0,0,0,0,0

APPTR,S13,13,TAM
IF,TAM,22.289603,-97.863022, ,0.0,0.0,2,2000,0,0,0,0,1,0
PI,TAM,22.289603,-97.863022,1,TAM,4.0,10.0,319,5.0,2,1800,0,0,0,0,0,0
CF,FS13,22.374633,-97.927050,0,TAM,319.0,6.2,139.0,3.8,2,1800,0,0,0,0,0,0

FINAL,S13,13,D,2
IF,FS13,22.374633,-97.927050,TAM,319.0,6.2,2,1800,0,0,0,0,2,0
CF,RW13,22.301986,-97.874119,0,TAM,314.2,0.0,139.0,5.3,1,130,0,0,0,0,3,0
CF,TAM,22.289603,-97.863022,0,TAM,0.0,0.0,139.0,1.0,0,0,0,0,0,0,0,0
FD,TAM,22.289603,-97.863022,0,TAM,0.0,7.0,139.0,7.0,0,0,0,0,0,0,0,0
DF,TAM,22.289603,-97.863022,2, ,0.0,0.0,2,2000,0,0,0,0,0,0

APPTR,S18,18,TAM
IF,TAM,22.289603,-97.863022, ,0.0,0.0,2,2000,0,0,0,0,1,0
PI,TAM,22.289603,-97.863022,1,TAM,50.0,10.0,005,5.0,2,1800,0,0,0,0,0,0
CF,FS18,22.386381,-97.842792,0,TAM,5.0,5.9,185.0,4.1,2,1800,0,0,0,0,0,0

FINAL,S18,18,D,2
IF,FS18,22.386381,-97.842792,TAM,5.0,5.9,2,1800,0,0,0,0,2,0
CF,RW18,22.300561,-97.862272,0,TAM,357.7,0.7,185.0,5.2,1,95,0,0,0,0,3,0
CF,TAM,22.289603,-97.863022,0,TAM,0.0,0.0,185.0,0.7,0,0,0,0,0,0,0,0
FD,TAM,22.289603,-97.863022,0,TAM,0.0,7.0,185.0,7.0,0,0,0,0,0,0,0,0
DF,TAM,22.289603,-97.863022,2, ,0.0,0.0,2,2000,0,0,0,0,0,0

APPTR,S31,31,TAM
IF,TAM,22.289603,-97.863022, ,0.0,0.0,2,2000,0,0,0,0,1,0
PI,TAM,22.289603,-97.863022,1,TAM,184.0,10.0,139,5.0,2,1800,0,0,0,0,0,0
CF,FS31,22.212128,-97.804769,0,TAM,139.0,5.7,319.0,4.3,2,1800,0,0,0,0,0,0

FINAL,S31,31,D,2
IF,FS31,22.212128,-97.804769,TAM,139.0,5.7,2,1800,0,0,0,0,2,0
CF,RW31,22.283233,-97.859942,0,TAM,149.8,0.4,319.0,5.2,1,124,0,0,0,0,3,0
CF,TAM,22.289603,-97.863022,0,TAM,0.0,0.0,319.0,0.4,0,0,0,0,0,0,0,0
FD,TAM,22.289603,-97.863022,0,TAM,0.0,7.0,319.0,7.0,0,0,0,0,0,0,0,0
DF,TAM,22.289603,-97.863022,2, ,0.0,0.0,2,2000,0,0,0,0,0,0

APPTR,S36,36,TAM
IF,TAM,22.289603,-97.863022, ,0.0,0.0,2,2000,0,0,0,0,1,0
PI,TAM,22.289603,-97.863022,1,TAM,230.0,10.0,185,5.0,2,1800,0,0,0,0,0,0
CF,FS36,22.203478,-97.880997,0,TAM,185.0,5.3,5.0,4.7,2,1800,0,0,0,0,0,0

FINAL,S36,36,D,2
IF,FS36,22.203478,-97.880997,TAM,185.0,5.3,2,1800,0,0,0,0,2,0
CF,TAM,22.289603,-97.863022,0,TAM,0.0,0.0,5.0,5.3,1,121,0,0,0,0,3,0
FD,TAM,22.289603,-97.863022,0,TAM,0.0,7.0,5.0,7.0,0,0,0,0,0,0,0,0
DF,TAM,22.289603,-97.863022,2, ,0.0,0.0,2,2000,0,0,0,0,0,0

