SID,EGET2A,03R,5
DF,DE03R,9.071556,-79.379000,0, ,0.0,0.0,0,0,0,0,0,0,0,1
TF,EGETA,9.471278,-79.075611,0, ,0.0,0.0,0.0,0.0,1,5000,0,0,0,0,0,0

SID,EGET2B,03L,5
DF,DE03L,9.093639,-79.374806,0, ,0.0,0.0,0,0,0,0,0,0,0,1
TF,EGETA,9.471278,-79.075611,0, ,0.0,0.0,0.0,0.0,1,5000,0,0,0,0,0,0

SID,RNP03L,03L,5
IF,DE03L,9.093639,-79.374806, ,0.0,0.0,0,0,0,0,0,0,0,0
TF,TC200,9.111583,-79.364000,0, ,0.0,0.0,0.0,0.0,0,0,0,0,0,0,0,0
RF,TC201,9.146833,-79.305139,2,TC933,90.2,4.3,0,0,0,1,220,0,0,0
TF,AKTON,9.151472,-79.216667,0, ,0.0,0.0,0.0,0.0,1,5000,0,0,0,0,0,0
VM,0,0,0,91.0,0,0,0,0,0,0,0,0

SID,RNP03R,03R,5
IF,DE03R,9.071556,-79.379000, ,0.0,0.0,0,0,0,0,0,0,0,0
TF,TC225,9.089917,-79.368556,0, ,0.0,0.0,0.0,0.0,0,0,0,0,0,0,0,0
RF,TC226,9.126639,-79.308806,2,TC932,90.2,4.3,0,0,0,1,220,0,0,0
TF,TIRLA,9.131194,-79.221583,0, ,0.0,0.0,0.0,0.0,1,5000,0,0,0,0,0,0
VM,0,0,0,91.0,0,0,0,0,0,0,0,0

SID,SIMA2A,03R,5
DF,DE03R,9.071556,-79.379000,0, ,0.0,0.0,0,0,0,0,0,0,0,1
TF,KUDEL,9.201611,-79.304972,0, ,0.0,0.0,0.0,0.0,0,0,0,0,0,0,0,1
TF,SIMAN,9.362417,-79.865639,1, ,0.0,0.0,0.0,0.0,1,5000,0,0,0,0,0,0

SID,SIMA2B,03L,5
DF,DE03L,9.093639,-79.374806,0, ,0.0,0.0,0,0,0,0,0,0,0,1
TF,LOBOK,9.203778,-79.308611,0, ,0.0,0.0,0.0,0.0,0,0,0,0,0,0,0,1
TF,SIMAN,9.362417,-79.865639,1, ,0.0,0.0,0.0,0.0,1,5000,0,0,0,0,0,0

STAR,AKRIN1,AGUJA,4
IF,AGUJA,10.984444,-77.416389, ,0.0,0.0,0,0,0,0,0,0,0,0
TF,AKRIN,9.424889,-79.075056,0, ,0.0,0.0,0.0,0.0,0,0,0,0,0,0,0,0

STAR,AKRIN1,ARNAL,4
IF,ARNAL,15.000000,-80.614167, ,0.0,0.0,0,0,0,0,0,0,0,0
TF,AKRIN,9.424889,-79.075056,0, ,0.0,0.0,0.0,0.0,0,0,0,0,0,0,0,0

STAR,AKRIN1,BITIX,4
IF,BITIX,10.570556,-77.416667, ,0.0,0.0,0,0,0,0,0,0,0,0
TF,AKRIN,9.424889,-79.075056,0, ,0.0,0.0,0.0,0.0,0,0,0,0,0,0,0,0

STAR,AKRIN1,COLBY,4
IF,COLBY,15.000000,-78.533333, ,0.0,0.0,0,0,0,0,0,0,0,0
TF,AKRIN,9.424889,-79.075056,0, ,0.0,0.0,0.0,0.0,0,0,0,0,0,0,0,0

STAR,AKRIN1,DAGUD,4
IF,DAGUD,15.000000,-79.328333, ,0.0,0.0,0,0,0,0,0,0,0,0
TF,AKRIN,9.424889,-79.075056,0, ,0.0,0.0,0.0,0.0,0,0,0,0,0,0,0,0

STAR,AKRIN1,KASOR,4
IF,KASOR,15.000000,-77.695278, ,0.0,0.0,0,0,0,0,0,0,0,0
TF,AKRIN,9.424889,-79.075056,0, ,0.0,0.0,0.0,0.0,0,0,0,0,0,0,0,0

STAR,AKRIN1,03R,6
IF,AKRIN,9.424889,-79.075056, ,0.0,0.0,0,0,0,0,0,0,0,0
TF,MEVID,9.258583,-79.136944,0, ,0.0,0.0,0.0,0.0,2,12000,0,0,0,0,0,0

STAR,AKRIN1,21R,6
IF,AKRIN,9.424889,-79.075056, ,0.0,0.0,0,0,0,0,0,0,0,0
TF,MEVID,9.258583,-79.136944,0, ,0.0,0.0,0.0,0.0,2,5000,0,0,0,0,0,0

STAR,BUSUN1,BOGAL,4
IF,BOGAL,9.568333,-77.416667, ,0.0,0.0,0,0,0,0,0,0,0,0
TF,BUSUN,9.016500,-78.815806,0, ,0.0,0.0,0.0,0.0,0,0,0,0,0,0,0,0

STAR,BUSUN1,ESEDA,4
IF,ESEDA,9.021667,-77.416667, ,0.0,0.0,0,0,0,0,0,0,0,0
TF,BUSUN,9.016500,-78.815806,0, ,0.0,0.0,0.0,0.0,0,0,0,0,0,0,0,0

STAR,BUSUN1,03R,6
IF,BUSUN,9.016500,-78.815806, ,0.0,0.0,0,0,0,0,0,0,0,0
TF,ROBOD,8.984167,-78.981056,0, ,0.0,0.0,0.0,0.0,2,11000,0,0,0,0,0,0

STAR,BUSUN1,21R,6
IF,BUSUN,9.016500,-78.815806, ,0.0,0.0,0,0,0,0,0,0,0,0
TF,ROBOD,8.984167,-78.981056,0, ,0.0,0.0,0.0,0.0,2,7000,0,0,0,0,0,0

STAR,ISOKO1,03L,5
IF,ISOKO,8.234222,-78.825139, ,0.0,0.0,0,0,0,1,250,0,0,0
TF,UGETO,8.610750,-79.181861,0, ,0.0,0.0,0.0,0.0,0,0,0,0,0,0,0,0
TF,BOBUD,8.836889,-79.396611,0, ,0.0,0.0,0.0,0.0,2,3000,0,1,210,0,0,0
VM,9.072153,-79.383331,1,210.0,0,0,0,0,0,0,0,0

STAR,ISOKO1,03R,5
IF,ISOKO,8.234222,-78.825139, ,0.0,0.0,0,0,0,1,250,0,0,0
TF,UGETO,8.610750,-79.181861,0, ,0.0,0.0,0.0,0.0,0,0,0,0,0,0,0,0
TF,BOBUD,8.836889,-79.396611,0, ,0.0,0.0,0.0,0.0,2,3000,0,1,210,0,0,0
VM,9.072153,-79.383331,1,210.0,0,0,0,0,0,0,0,0

STAR,ITEDO1,KUBEK,4
IF,KUBEK,8.025556,-77.218333, ,0.0,0.0,0,0,0,0,0,0,0,0
TF,ITEDO,8.570583,-79.084194,0, ,0.0,0.0,0.0,0.0,0,0,0,0,0,0,0,0

STAR,ITEDO1,SIGUN,4
IF,SIGUN,7.387222,-77.840278, ,0.0,0.0,0,0,0,0,0,0,0,0
TF,ITEDO,8.570583,-79.084194,0, ,0.0,0.0,0.0,0.0,0,0,0,0,0,0,0,0

STAR,ITEDO1,03R,6
IF,ITEDO,8.570583,-79.084194, ,0.0,0.0,0,0,0,0,0,0,0,0
TF,TC110,8.714000,-79.285778,0, ,0.0,0.0,0.0,0.0,2,6000,0,0,0,0,0,0

STAR,ITEDO1,21R,6
IF,ITEDO,8.570583,-79.084194, ,0.0,0.0,0,0,0,0,0,0,0,0
TF,TC110,8.714000,-79.285778,0, ,0.0,0.0,0.0,0.0,2,9000,0,0,0,0,0,0

STAR,OSUP1A,21R,5
IF,OSUPA,9.862694,-79.502556, ,0.0,0.0,0,0,0,1,250,0,0,0
TF,IROLU,9.573611,-79.371778,0, ,0.0,0.0,0.0,0.0,0,0,0,0,0,0,0,0
TF,USANI,9.336111,-79.264556,0, ,0.0,0.0,0.0,0.0,2,5000,0,1,210,0,0,0

STAR,OSUP1B,03L,5
IF,OSUPA,9.862694,-79.502556, ,0.0,0.0,0,0,0,1,250,0,0,0
TF,IROLU,9.573611,-79.371778,0, ,0.0,0.0,0.0,0.0,0,0,0,0,0,0,0,0
TF,OVTUL,9.023028,-79.294583,0, ,0.0,0.0,0.0,0.0,2,6000,0,0,0,0,0,0
TF,BOBUD,8.836889,-79.396611,0, ,0.0,0.0,0.0,0.0,2,3000,0,1,210,0,0,0
VM,9.072153,-79.383331,0,210.0,0,0,0,0,0,0,0,0

STAR,OSUP1B,03R,5
IF,OSUPA,9.862694,-79.502556, ,0.0,0.0,0,0,0,1,250,0,0,0
TF,IROLU,9.573611,-79.371778,0, ,0.0,0.0,0.0,0.0,0,0,0,0,0,0,0,0
TF,OVTUL,9.023028,-79.294583,0, ,0.0,0.0,0.0,0.0,2,6000,0,0,0,0,0,0
TF,BOBUD,8.836889,-79.396611,0, ,0.0,0.0,0.0,0.0,2,3000,0,1,210,0,0,0
VM,9.072153,-79.383331,0,210.0,0,0,0,0,0,0,0,0

STAR,SIRIL1,03L,5
IF,SIRIL,8.081583,-79.556528, ,0.0,0.0,0,0,0,1,250,0,0,0
TF,REPAL,8.597167,-79.550000,0, ,0.0,0.0,0.0,0.0,0,0,0,0,0,0,0,0
TF,NELEX,8.806194,-79.547333,0, ,0.0,0.0,0.0,0.0,2,3000,0,1,210,0,0,0

STAR,SIRIL1,03R,5
IF,SIRIL,8.081583,-79.556528, ,0.0,0.0,0,0,0,1,250,0,0,0
TF,REPAL,8.597167,-79.550000,0, ,0.0,0.0,0.0,0.0,0,0,0,0,0,0,0,0
TF,NELEX,8.806194,-79.547333,0, ,0.0,0.0,0.0,0.0,2,3000,0,1,210,0,0,0

STAR,SIRIL2,BUSMO,4
IF,BUSMO,6.718056,-78.333056, ,0.0,0.0,0,0,0,0,0,0,0,0
TF,SIRIL,8.081583,-79.556528,0, ,0.0,0.0,0.0,0.0,0,0,0,0,0,0,0,0

STAR,SIRIL2,BUXOS,4
IF,BUXOS,5.168333,-79.666389, ,0.0,0.0,0,0,0,0,0,0,0,0
TF,SIRIL,8.081583,-79.556528,0, ,0.0,0.0,0.0,0.0,0,0,0,0,0,0,0,0

STAR,SIRIL2,TOKUT,4
IF,TOKUT,5.939722,-79.224722, ,0.0,0.0,0,0,0,0,0,0,0,0
TF,SIRIL,8.081583,-79.556528,0, ,0.0,0.0,0.0,0.0,0,0,0,0,0,0,0,0

STAR,SIRIL2,03R,6
IF,SIRIL,8.081583,-79.556528, ,0.0,0.0,0,0,0,0,0,0,0,0
TF,ISUMI,8.386750,-79.526306,0, ,0.0,0.0,0.0,0.0,2,10000,0,0,0,0,0,0

STAR,SIRIL2,21R,6
IF,SIRIL,8.081583,-79.556528, ,0.0,0.0,0,0,0,0,0,0,0,0
TF,ISUMI,8.386750,-79.526306,0, ,0.0,0.0,0.0,0.0,2,14000,0,0,0,0,0,0

STAR,VALIS1,BITOR,4
IF,BITOR,9.267972,-80.999833, ,0.0,0.0,0,0,0,0,0,0,0,0
TF,VALIS,9.214500,-79.859556,0, ,0.0,0.0,0.0,0.0,0,0,0,0,0,0,0,0

STAR,VALIS1,FALLA,4
IF,FALLA,13.433333,-82.666667, ,0.0,0.0,0,0,0,0,0,0,0,0
TF,VALIS,9.214500,-79.859556,0, ,0.0,0.0,0.0,0.0,0,0,0,0,0,0,0,0

STAR,VALIS1,PELRA,4
IF,PELRA,14.251111,-82.450000, ,0.0,0.0,0,0,0,0,0,0,0,0
TF,VALIS,9.214500,-79.859556,0, ,0.0,0.0,0.0,0.0,0,0,0,0,0,0,0,0

STAR,VALIS1,PUDOS,4
IF,PUDOS,9.083889,-81.048056, ,0.0,0.0,0,0,0,0,0,0,0,0
TF,VALIS,9.214500,-79.859556,0, ,0.0,0.0,0.0,0.0,0,0,0,0,0,0,0,0

STAR,VALIS1,03R,6
IF,VALIS,9.214500,-79.859556, ,0.0,0.0,0,0,0,0,0,0,0,0
TF,TC105,9.081778,-79.780917,0, ,0.0,0.0,0.0,0.0,2,8000,0,0,0,0,0,0

STAR,VALIS1,21R,6
IF,VALIS,9.214500,-79.859556, ,0.0,0.0,0,0,0,0,0,0,0,0
TF,TC105,9.081778,-79.780917,0, ,0.0,0.0,0.0,0.0,2,14000,0,0,0,0,0,0

STAR,VUMA1A,03L,5
IF,VUMAN,9.062194,-80.393861, ,0.0,0.0,0,0,0,1,250,0,0,0
TF,ERUMO,8.964861,-79.877139,0, ,0.0,0.0,0.0,0.0,0,0,0,0,0,0,0,0
TF,IRUSO,8.911361,-79.594806,0, ,0.0,0.0,0.0,0.0,2,3000,0,1,210,0,0,0
VM,9.072153,-79.383331,2,210.0,0,0,0,0,0,0,0,0

STAR,VUMA1A,03R,5
IF,VUMAN,9.062194,-80.393861, ,0.0,0.0,0,0,0,1,250,0,0,0
TF,ERUMO,8.964861,-79.877139,0, ,0.0,0.0,0.0,0.0,0,0,0,0,0,0,0,0
TF,IRUSO,8.911361,-79.594806,0, ,0.0,0.0,0.0,0.0,2,3000,0,1,210,0,0,0
VM,9.072153,-79.383331,2,210.0,0,0,0,0,0,0,0,0

APPTR,D03L,03L,TUM
IF,TUM,9.051561,-79.400058, ,0.0,0.0,2,4000,0,0,0,0,1,0
FD,TUM,9.051561,-79.400058,0,TUM,0.0,10.0,194.0,10.0,0,0,0,0,0,0,0,0
CF,ESDOM,8.909556,-79.489278,2,TUM,216.0,10.0,36.0,1.0,2,3100,0,0,0,0,1,0

FINAL,D03L,03L,D,4
IF,ESDOM,8.909556,-79.489278,TUM,216.0,10.0,2,3100,0,0,0,0,0,0
CF,ARVUR,9.003278,-79.430417,0,TUM,216.0,3.4,36.0,6.6,2,1700,0,0,0,0,2,0
CF,14VOR,9.031681,-79.412558,0,TUM,216.0,1.4,36.0,2.0,2,1000,0,0,0,0,0,0
CF,RW03L,9.074764,-79.386158,0,TUM,34.8,1.6,36.0,3.0,1,104,0,0,0,0,3,0
VA,0,35.0,2,800,0,0,0,0,0,0
CF,PANIL,9.245278,-79.117222,0,TUM,59.4,20.4,59.0,17.0,2,6000,0,0,0,0,0,0
HM,PANIL,9.245278,-79.117222,1, ,0.0,0.0,225.0,04.3,2,6000,0,1,210,0,0,0,0

APPTR,D21L,21L,ISTUG
IF,ISTUG,9.266361,-79.212111, ,0.0,0.0,2,5000,0,0,0,0,1,0
TF,PAMED,9.203194,-79.267389,0, ,0.0,0.0,0.0,0.0,2,3300,0,0,0,0,0,0
TF,CF21L,9.171525,-79.294944,0, ,0.0,0.0,0.0,0.0,1,2600,0,0,0,0,0,0

APPTR,D21L,21L,TUM
IF,TUM,9.051561,-79.400058, ,0.0,0.0,2,5000,0,0,0,0,1,0
FD,TUM,9.051561,-79.400058,0,TUM,0.0,9.5,68.0,9.5,0,0,0,0,0,0,0,0
CF,CF21L,9.171525,-79.294944,1,TUM,45.0,9.5,225.0,1.0,1,2600,0,0,0,0,0,0

FINAL,D21L,21L,D,4
IF,CF21L,9.171525,-79.294944,TUM,45.0,9.5,1,2600,0,0,0,0,0,0
CF,IVSEL,9.140028,-79.322556,0,TUM,45.0,7.0,225.0,2.5,2,1900,0,0,0,0,2,0
CF,40VOR,9.102075,-79.355808,0,TUM,45.0,4.0,225.0,3.0,2,820,0,0,0,0,0,0
CF,MA21L,9.079344,-79.375722,0,TUM,45.0,2.2,225.0,1.8,1,250,0,0,0,0,3,1
DF,TUM,9.051561,-79.400058,0, ,0.0,0.0,2,800,0,0,0,0,0,0
TF,DIEGO,8.714000,-79.285778,0, ,0.0,0.0,0.0,0.0,2,3000,0,0,0,0,0,0
HM,DIEGO,8.714000,-79.285778,1, ,0.0,0.0,165.0,04.3,2,3000,0,1,210,0,0,0,0

APPTR,I03R,03R,TBG
IF,TBG,8.787572,-79.562022, ,0.0,0.0,2,3100,0,0,0,0,1,0
FC,TBG,8.787572,-79.562022,0,TBG,0.0,0.0,41.0,4.4,0,0,0,0,0,0,0,1
CF,CF03R,8.900128,-79.476428,0,INAT,213.5,11.9,41.0,4.0,2,2200,0,0,0,0,1,0

APPTR,I03R,03R,TUM
IF,TUM,9.051561,-79.400058, ,0.0,0.0,2,3100,0,0,0,0,1,0
FD,TUM,9.051561,-79.400058,0,TUM,0.0,7.0,189.0,7.0,0,0,0,0,0,0,0,0
VI,2,INAT,0.0,3.0,0,0,0,0,0,0,0,0

FINAL,I03R,03R,I,3
IF,CF03R,8.900128,-79.476428,INAT,213.5,11.9,2,2200,0,0,0,0,0,0
CF,LAMBI,8.977472,-79.432500,0,INAT,213.5,6.6,33.0,5.3,1,1618,0,0,0,0,2,0
CF,RW03R,9.047564,-79.392644,0,INAT,213.5,1.8,33.0,4.8,1,80,0,0,0,0,3,0
VA,0,33.0,2,500,0,0,0,0,0,0
VA,2,140.0,2,3100,0,0,0,0,0,0
VI,0, ,0.0,200.0,0,0,0,0,0,0,0,0
CF,DIEGO,8.714000,-79.285778,0,TUM,165.4,21.3,165.0,6.0,2,3100,0,0,0,0,0,0
HM,DIEGO,8.714000,-79.285778,1, ,0.0,0.0,165.0,04.3,2,3100,0,1,210,0,0,0,0

APPTR,I03RY,03R,BOBUD
IF,BOBUD,8.836889,-79.396611, ,0.0,0.0,2,4100,0,1,230,0,1,0
TF,ANGUD,8.890000,-79.482222,0,INAT,0.0,0.0,0.0,0.0,2,3100,0,1,210,0,1,0

APPTR,I03RY,03R,IRUSO
IF,IRUSO,8.911361,-79.594806, ,0.0,0.0,2,4100,0,1,230,0,1,0
TF,ANGUD,8.890000,-79.482222,0,INAT,0.0,0.0,0.0,0.0,2,3100,0,1,210,0,1,0

APPTR,I03RY,03R,NELEX
IF,NELEX,8.806194,-79.547333, ,0.0,0.0,2,4100,0,1,230,0,1,0
TF,ANGUD,8.890000,-79.482222,0,INAT,0.0,0.0,0.0,0.0,2,3100,0,1,210,0,1,0

FINAL,I03RY,03R,I,3
IF,ANGUD,8.890000,-79.482222,INAT,213.5,12.6,2,3100,0,1,210,0,0,0
CF,LAMBI,8.977472,-79.432500,0,INAT,213.5,6.6,33.0,6.0,1,1620,0,1,170,0,2,0
CF,RW03R,9.047564,-79.392644,0,INAT,213.5,1.8,33.0,4.8,1,80,0,0,0,0,3,0
VA,0,33.0,2,500,0,0,0,0,0,0
VA,2,140.0,2,3100,0,0,0,0,0,0
VI,0, ,0.0,200.0,0,0,0,0,0,0,0,0
CF,DIEGO,8.714000,-79.285778,0,TUM,165.4,21.3,165.0,6.0,0,0,0,0,0,0,0,0
HM,DIEGO,8.714000,-79.285778,1, ,0.0,0.0,165.0,04.3,2,3100,0,1,210,0,0,0,0

APPTR,R03R,03R,ISUMI
IF,ISUMI,8.386750,-79.526306, ,0.0,0.0,2,10000,0,0,0,0,0,0
TF,TISDA,8.719750,-79.498194,0, ,0.0,0.0,0.0,0.0,2,5000,0,0,0,0,1,0
TF,TC207,8.886611,-79.484111,0, ,0.0,0.0,0.0,0.0,2,2300,0,0,0,0,0,0
TF,TC206,8.930333,-79.459278,0, ,0.0,0.0,0.0,0.0,2,2000,0,0,0,0,1,0

APPTR,R03R,03R,MEVID
IF,MEVID,9.258583,-79.136944, ,0.0,0.0,2,12000,0,0,0,0,0,0
TF,TC103,9.152000,-79.202972,0, ,0.0,0.0,0.0,0.0,2,10000,0,0,0,0,0,0
TF,ISENI,8.969444,-79.290417,0, ,0.0,0.0,0.0,0.0,2,7000,0,0,0,0,1,0
TF,TC216,8.868139,-79.338861,0, ,0.0,0.0,0.0,0.0,2,5000,0,1,210,0,0,0
RF,TC212,8.893556,-79.467944,2,TC912,16.1,4.0,2,2300,0,0,0,0,0,0
RF,TC206,8.930333,-79.459278,2,TC912,86.5,4.0,2,2000,0,0,0,0,1,0

APPTR,R03R,03R,ROBOD
IF,ROBOD,8.984167,-78.981056, ,0.0,0.0,2,11000,0,0,0,0,0,0
TF,DOKNA,8.931111,-79.151167,0, ,0.0,0.0,0.0,0.0,2,8000,0,0,0,0,0,0
TF,ILSUS,8.881972,-79.265000,0, ,0.0,0.0,0.0,0.0,2,6000,0,0,0,0,1,0
TF,TC214,8.835222,-79.373083,0, ,0.0,0.0,0.0,0.0,2,4000,0,1,210,0,0,0
RF,TC212,8.893556,-79.467944,2,TC912,16.1,4.0,2,2300,0,0,0,0,0,0
RF,TC206,8.930333,-79.459278,2,TC912,298.5,4.0,2,2000,0,0,0,0,1,0

APPTR,R03R,03R,TC105
IF,TC105,9.081778,-79.780917, ,0.0,0.0,2,8000,0,0,0,0,0,0
TF,SAMSU,8.915833,-79.664889,0, ,0.0,0.0,0.0,0.0,2,5000,0,0,0,0,1,0
TF,TC210,8.862556,-79.579222,0, ,0.0,0.0,0.0,0.0,2,4000,0,1,210,0,0,0
RF,TC207,8.886611,-79.484111,1,TC911,32.3,4.0,2,2300,0,0,0,0,0,0
TF,TC206,8.930333,-79.459278,0, ,0.0,0.0,0.0,0.0,2,2000,0,0,0,0,1,0

APPTR,R03R,03R,TC110
IF,TC110,8.714000,-79.285778, ,0.0,0.0,2,6000,0,0,0,0,0,0
TF,KONSI,8.791639,-79.379111,0, ,0.0,0.0,0.0,0.0,2,4000,0,0,0,0,1,0
TF,TC213,8.845333,-79.443694,0, ,0.0,0.0,0.0,0.0,2,3000,0,1,210,0,0,0
RF,TC212,8.893556,-79.467944,2,TC912,16.1,4.0,2,2300,0,0,0,0,0,0
RF,TC206,8.930333,-79.459278,2,TC912,363.0,4.0,2,2000,0,0,0,0,1,0

FINAL,R03R,03R,R,3
IF,TC206,8.930333,-79.459278, ,0.0,0.0,2,2000,0,0,0,0,0,0
TF,TC205,8.973056,-79.435000,0, ,0.0,0.0,33.0,2.9,2,1700,0,0,0,0,2,0
TF,RW03R,9.047564,-79.392644,0, ,0.0,0.0,33.0,5.1,1,71,0,0,0,0,3,1
TF,TC204,9.059556,-79.385806,0, ,0.0,0.0,0.0,0.0,0,0,0,0,0,0,0,0
RF,TC203,9.087417,-79.313278,2,TC910,158.2,3.6,0,0,0,0,0,0,0,0
RF,TC202,9.007333,-79.275472,2,TC910,204.5,3.6,0,0,0,1,210,0,0,0
TF,ISENI,8.969444,-79.290417,0, ,0.0,0.0,0.0,0.0,2,4000,0,0,0,0,0,0
HM,ISENI,8.969444,-79.290417,2, ,0.0,0.0,209.0,04.3,2,4000,0,1,210,0,0,0,0

APPTR,R21R,21R,MUDEN
IF,MUDEN,9.200583,-79.132222, ,0.0,0.0,2,5000,0,0,0,0,1,0
TF,LOGAD,9.244417,-79.223194,0, ,0.0,0.0,0.0,0.0,2,3500,0,0,0,0,1,0

APPTR,R21R,21R,UGIBA
IF,UGIBA,9.314389,-79.150611, ,0.0,0.0,2,5000,0,0,0,0,1,0
TF,LOGAD,9.244417,-79.223194,0, ,0.0,0.0,0.0,0.0,2,3500,0,0,0,0,1,0

APPTR,R21R,21R,USANI
IF,USANI,9.336111,-79.264556, ,0.0,0.0,2,5000,0,0,0,0,1,0
TF,LOGAD,9.244417,-79.223194,0, ,0.0,0.0,0.0,0.0,2,3500,0,0,0,0,1,0

FINAL,R21R,21R,R,4
IF,LOGAD,9.244417,-79.223194, ,0.0,0.0,2,3500,0,0,0,0,0,0
TF,GEMUG,9.174472,-79.295750,0, ,0.0,0.0,227.0,6.0,2,2300,0,1,170,0,2,0
TF,SD21R,9.139492,-79.332011,0, ,0.0,0.0,227.0,3.0,2,1350,0,0,0,0,0,0
TF,OSAVI,9.104500,-79.368278,0, ,0.0,0.0,227.0,3.0,1,419,0,0,0,0,3,1
CA,0,227.0,2,540,0,0,0,0,0,0
VI,0, ,0.0,227.0,0,0,0,0,0,0,0,0
CF,ERUMO,8.964861,-79.877139,0,BDT,99.8,142.7,259.0,28.0,1,4000,0,0,0,0,0,1
HM,ERUMO,8.964861,-79.877139,2, ,0.0,0.0,102.0,04.3,0,0,0,1,230,0,0,0,0

APPTR,R21RZ,21R,AKRIN
IF,AKRIN,9.424889,-79.075056, ,0.0,0.0,2,8000,0,0,0,0,0,0
TF,MEVID,9.258583,-79.136944,0, ,0.0,0.0,0.0,0.0,2,5000,0,0,0,0,1,0
TF,TC148,9.194833,-79.185194,0, ,0.0,0.0,0.0,0.0,2,4200,0,0,0,0,0,0
TF,TC147,9.178111,-79.197861,0, ,0.0,0.0,0.0,0.0,2,3800,0,1,210,0,0,0
RF,TC146,9.153722,-79.249417,2,TC940,202.9,3.7,2,2900,0,0,0,0,1,0

APPTR,R21RZ,21R,ISUMI
IF,ISUMI,8.386750,-79.526306, ,0.0,0.0,2,14000,0,0,0,0,0,0
TF,ILTEL,8.998306,-79.236583,0, ,0.0,0.0,0.0,0.0,2,5000,0,0,0,0,1,0
TF,TC151,9.074056,-79.200639,0, ,0.0,0.0,0.0,0.0,2,3900,0,1,210,0,0,0
RF,TC146,9.153722,-79.249417,1,TC942,125.8,3.3,2,2900,0,0,0,0,1,0

APPTR,R21RZ,21R,ROBOD
IF,ROBOD,8.984167,-78.981056, ,0.0,0.0,2,7000,0,0,0,0,0,0
TF,ENSEK,9.073972,-79.112056,0, ,0.0,0.0,0.0,0.0,2,5000,0,0,0,0,1,0
TF,TC149,9.140472,-79.209194,0, ,0.0,0.0,0.0,0.0,2,3300,0,1,210,0,0,0
RF,TC146,9.153722,-79.249417,1,TC941,265.4,4.5,2,2900,0,0,0,0,1,0

APPTR,R21RZ,21R,TC105
IF,TC105,9.081778,-79.780917, ,0.0,0.0,2,14000,0,0,0,0,0,0
TF,TC153,8.939750,-79.378194,0, ,0.0,0.0,0.0,0.0,2,8000,0,1,250,0,0,0
RF,ILTEL,8.998306,-79.236583,1,TC943,28.1,6.8,2,5000,0,0,0,0,1,0
TF,TC151,9.074056,-79.200639,0, ,0.0,0.0,0.0,0.0,2,3900,0,1,210,0,0,0
RF,TC146,9.153722,-79.249417,1,TC942,187.9,3.3,2,2900,0,0,0,0,1,0

APPTR,R21RZ,21R,TC110
IF,TC110,8.714000,-79.285778, ,0.0,0.0,2,9000,0,0,0,0,0,0
TF,OTADU,9.003472,-79.216333,0, ,0.0,0.0,0.0,0.0,2,5000,0,0,0,0,1,0
TF,TC150,9.084917,-79.196806,0, ,0.0,0.0,0.0,0.0,2,3700,0,1,210,0,0,0
RF,TC146,9.153722,-79.249417,1,TC942,95.3,3.3,2,2900,0,0,0,0,1,0

APPTR,R21RZ,21R,UREMO
IF,UREMO,9.147556,-79.082722, ,0.0,0.0,2,5000,0,0,0,0,1,0
TF,TC146,9.153722,-79.249417,0, ,0.0,0.0,0.0,0.0,2,2900,0,0,0,0,1,0

FINAL,R21RZ,21R,R,5
IF,TC146,9.153722,-79.249417, ,0.0,0.0,2,2900,0,0,0,0,0,0
TF,TC145,9.154944,-79.283083,0, ,0.0,0.0,276.0,2.0,2,2600,0,0,0,0,2,0
TF,TC144,9.156111,-79.314917,0, ,0.0,0.0,276.0,1.9,0,0,0,1,165,0,0,0
RF,TC143,9.138250,-79.347972,1,TC939,213.9,2.2,0,0,0,0,0,0,0,0
TF,RW21R,9.093631,-79.374806,0, ,0.0,0.0,215.0,3.1,1,184,0,0,0,0,3,1
TF,TIRNU,8.929000,-79.473639,0, ,0.0,0.0,0.0,0.0,2,3100,0,0,0,0,0,1
HM,TIRNU,8.929000,-79.473639,2, ,0.0,0.0,189.0,04.3,2,3100,0,0,0,0,0,0,0

