APPTR,D09,09,GUMTI
HF,GUMTI,-14.903250,-147.837833,1, ,0.0,0.0,94.0,05.1,2,1700,0,1,220,0,1,0,0

FINAL,D09,09,D,3
IF,GUMTI,-14.903250,-147.837833,RAN,274.4,10.0,2,1700,0,1,220,0,0,0
CF,FF09,-14.926972,-147.755250,0,RAN,274.4,4.9,94.0,5.0,2,1700,0,0,0,0,2,0
CF,RAN,-14.950417,-147.673611,0,RAN,0.0,0.0,94.0,4.9,1,126,0,0,0,0,3,0
FA,RAN,-14.950417,-147.673611,0,RAN,0.0,0.0,94.0,2,1500,0,0,0,0,0,0
DF,GUMTI,-14.903250,-147.837833,0, ,0.0,0.0,2,1700,0,1,220,0,0,0

APPTR,D27,27,GOBAN
HF,GOBAN,-15.003778,-147.488861,2, ,0.0,0.0,274.0,04.8,2,1700,0,1,220,0,1,0,0

FINAL,D27,27,D,3
IF,GOBAN,-15.003778,-147.488861,RAN,94.6,11.2,2,1700,0,1,220,0,0,0
CF,FF27,-14.979944,-147.571444,0,RAN,94.6,6.2,274.0,5.0,2,1700,0,0,0,0,2,0
CF,RW27,-14.955550,-147.656539,0,RAN,95.2,0.0,274.0,5.2,1,59,0,0,0,0,3,0
CF,RAN,-14.950417,-147.673611,0,RAN,0.0,0.0,274.0,1.0,0,0,0,0,0,0,0,0
FA,RAN,-14.950417,-147.673611,0,RAN,0.0,0.0,274.0,2,1500,0,0,0,0,0,0
DF,GOBAN,-15.003778,-147.488861,0, ,0.0,0.0,2,1700,0,1,220,0,0,0

APPTR,N09-Y,09,OA
FC,OA,-14.955917,-147.660444,0,RAN,0.0,0.0,302.0,7.0,0,0,0,0,0,0,1,1
CF,FN09Y,-14.927872,-147.744158,1,RAN,276.2,4.3,97.0,2.0,2,1500,0,0,0,0,0,0

FINAL,N09-Y,09,N,2
IF,FN09Y,-14.927872,-147.744158,OA,0.0,0.0,2,1500,0,0,0,0,2,0
CF,RW09,-14.951606,-147.670236,0,OA,0.0,0.0,97.0,4.5,1,59,0,0,0,0,3,0
CF,OA,-14.955917,-147.660444,0,RAN,101.3,0.8,97.0,0.6,0,0,0,0,0,0,0,1
FA,OA,-14.955917,-147.660444,0,RAN,0.0,0.0,97.0,2,1500,0,0,0,0,0,0
DF,OA,-14.955917,-147.660444,0, ,0.0,0.0,0,0,0,0,0,0,0,0

APPTR,N09-Z,09,OA
IF,OA,-14.955917,-147.660444, ,0.0,0.0,2,1500,0,0,0,0,1,0
FC,OA,-14.955917,-147.660444,0,RAN,0.0,0.0,292.0,7.5,2,1200,0,0,0,0,0,1
CF,FN09Z,-14.930719,-147.735661,1,RAN,276.1,3.8,97.0,2.8,2,1200,0,0,0,0,0,0

FINAL,N09-Z,09,N,2
IF,FN09Z,-14.930719,-147.735661,OA,0.0,0.0,2,1200,0,0,0,0,2,0
CF,RW09,-14.951606,-147.670236,0,OA,0.0,0.0,97.0,4.0,1,59,0,0,0,0,3,0
CF,OA,-14.955917,-147.660444,0,RAN,101.3,0.8,97.0,0.6,0,0,0,0,0,0,0,1
FA,OA,-14.955917,-147.660444,0,RAN,0.0,0.0,97.0,2,1500,0,0,0,0,0,0
DF,OA,-14.955917,-147.660444,0, ,0.0,0.0,0,0,0,0,0,0,0,0

APPTR,N27-Y,27,OA
FC,OA,-14.955917,-147.660444,0,RAN,0.0,0.0,66.0,7.0,0,0,0,0,0,0,1,1
CF,FN27Y,-14.973739,-147.580961,2,RAN,92.5,5.6,271.0,2.3,2,1500,0,0,0,0,0,0

FINAL,N27-Y,27,N,2
IF,FN27Y,-14.973739,-147.580961,OA,0.0,0.0,2,1500,0,0,0,0,2,0
CF,RW27,-14.955550,-147.656539,0,OA,0.0,0.0,271.0,4.5,1,59,0,0,0,0,3,0
CF,OA,-14.955917,-147.660444,0,RAN,101.3,0.8,271.0,0.2,0,0,0,0,0,0,0,1
FA,OA,-14.955917,-147.660444,0,RAN,0.0,0.0,271.0,2,1500,0,0,0,0,0,0
DF,OA,-14.955917,-147.660444,0, ,0.0,0.0,0,0,0,0,0,0,0,0

APPTR,N27-Z,27,OA
IF,OA,-14.955917,-147.660444, ,0.0,0.0,2,1500,0,0,0,0,1,0
FC,OA,-14.955917,-147.660444,0,RAN,0.0,0.0,71.0,6.0,2,1200,0,0,0,0,0,1
CF,FN27Z,-14.971778,-147.589722,2,RAN,92.7,5.0,271.0,2.0,2,1200,0,0,0,0,0,0

FINAL,N27-Z,27,N,2
IF,FN27Z,-14.971778,-147.589722,OA,0.0,0.0,2,1200,0,0,0,0,2,0
CF,RW27,-14.955550,-147.656539,0,OA,0.0,0.0,271.0,4.0,1,59,0,0,0,0,3,0
CF,OA,-14.955917,-147.660444,0,RAN,101.3,0.8,271.0,0.2,0,0,0,0,0,0,0,1
FA,OA,-14.955917,-147.660444,0,RAN,0.0,0.0,271.0,2,1500,0,0,0,0,0,0
DF,OA,-14.955917,-147.660444,0, ,0.0,0.0,0,0,0,0,0,0,0,0

APPTR,R09,09,GITUL
IF,GITUL,-14.823028,-147.813306, ,0.0,0.0,2,1700,0,1,220,0,1,0
TF,GUMTI,-14.903250,-147.837833,0, ,0.0,0.0,0.0,0.0,2,1700,0,0,0,0,1,0

APPTR,R09,09,GODOL
IF,GODOL,-14.983444,-147.862361, ,0.0,0.0,2,1700,0,1,220,0,1,0
TF,GUMTI,-14.903250,-147.837833,0, ,0.0,0.0,0.0,0.0,2,1700,0,0,0,0,1,0

APPTR,R09,09,GUMTI
HF,GUMTI,-14.903250,-147.837833,1, ,0.0,0.0,94.0,04.3,2,1700,0,1,220,0,1,0,0

FINAL,R09,09,R,3
IF,GUMTI,-14.903250,-147.837833, ,0.0,0.0,2,1700,0,1,220,0,0,0
TF,FTG09,-14.927056,-147.755306,0, ,0.0,0.0,94.0,5.0,1,1700,0,0,0,0,2,0
TF,RW09,-14.951606,-147.670236,0, ,0.0,0.0,94.0,5.2,1,59,0,0,0,0,3,1
CA,0,94.0,2,800,0,0,0,0,0,0
DF,TG403,-15.061444,-147.737861,2, ,0.0,0.0,0,0,0,0,0,0,0,0
TF,GODOL,-14.983444,-147.862361,0, ,0.0,0.0,0.0,0.0,2,1700,0,1,220,0,0,0

APPTR,R27,27,GIVIX
IF,GIVIX,-14.936472,-147.437722, ,0.0,0.0,2,1700,0,1,220,0,1,0
TF,GOBAN,-15.003778,-147.488861,0, ,0.0,0.0,0.0,0.0,2,1700,0,0,0,0,1,0

APPTR,R27,27,GOBAN
HF,GOBAN,-15.003778,-147.488861,2, ,0.0,0.0,274.0,04.3,2,1700,0,1,220,0,1,0,0

APPTR,R27,27,GULEM
IF,GULEM,-15.084028,-147.513278, ,0.0,0.0,2,1700,0,1,220,0,1,0
TF,GOBAN,-15.003778,-147.488861,0, ,0.0,0.0,0.0,0.0,2,1700,0,0,0,0,1,0

FINAL,R27,27,R,3
IF,GOBAN,-15.003778,-147.488861, ,0.0,0.0,2,1700,0,1,220,0,0,0
TF,FTG27,-14.980056,-147.571444,0, ,0.0,0.0,274.0,5.0,1,1700,0,0,0,0,2,0
TF,RW27,-14.955550,-147.656539,0, ,0.0,0.0,274.0,5.2,1,59,0,0,0,0,3,1
CA,0,274.0,2,800,0,0,0,0,0,0
DF,TG406,-15.083472,-147.661444,1, ,0.0,0.0,0,0,0,0,0,0,0,0
TF,GULEM,-15.084028,-147.513278,0, ,0.0,0.0,0.0,0.0,2,1700,0,1,220,0,0,0

