SID,AKEL2Q,05R,5
CF,EMRAG,-36.942011,175.038428,0,AA,50.9,11.4,51.0,12.0,0,0,0,1,250,0,0,0
TF,POLIS,-37.061314,175.090183,0, ,0.0,0.0,0.0,0.0,2,5000,0,1,250,0,0,0
TF,IDEMA,-37.093833,174.973425,0, ,0.0,0.0,0.0,0.0,2,6000,0,0,0,0,0,0
TF,BROOK,-37.138050,174.813847,0, ,0.0,0.0,0.0,0.0,0,0,0,0,0,0,0,0
TF,AKELA,-37.274636,174.416372,0, ,0.0,0.0,0.0,0.0,0,0,0,0,0,0,0,0

SID,AKEL2Q,GULUT,6
IF,AKELA,-37.274636,174.416372, ,0.0,0.0,0,0,0,0,0,0,0,0
TF,GULUT,-39.476453,171.194683,0, ,0.0,0.0,0.0,0.0,0,0,0,0,0,0,0,0

SID,AKEL2Q,PEBLU,6
IF,AKELA,-37.274636,174.416372, ,0.0,0.0,0,0,0,0,0,0,0,0
TF,PEBLU,-38.109831,170.857672,0, ,0.0,0.0,0.0,0.0,0,0,0,0,0,0,0,0

SID,AKEL2Q,VELMO,6
IF,AKELA,-37.274636,174.416372, ,0.0,0.0,0,0,0,0,0,0,0,0
TF,VELMO,-38.271622,170.930750,0, ,0.0,0.0,0.0,0.0,0,0,0,0,0,0,0,0

SID,AVDA2Q,05R,5
DF,DE05R,-37.006656,174.805742,0, ,0.0,0.0,0,0,0,0,0,0,0,1
CA,0,51.0,2,500,0,0,0,0,0,0
DF,DOVON,-36.861944,174.931736,0, ,0.0,0.0,2,3000,0,1,180,0,0,0
TF,AVDAT,-36.791278,174.882103,0, ,0.0,0.0,0.0,0.0,3,5000,0,0,0,0,0,0

SID,AVDA2Q,KAWAU,6
IF,AVDAT,-36.791278,174.882103, ,0.0,0.0,3,5000,0,0,0,0,0,0
TF,KAWAU,-36.438206,174.635747,0, ,0.0,0.0,0.0,0.0,0,0,0,0,0,0,0,0

SID,AVDA2Q,PUHOI,6
IF,AVDAT,-36.791278,174.882103, ,0.0,0.0,3,5000,0,0,0,0,0,0
TF,PUHOI,-36.449956,174.585661,0, ,0.0,0.0,0.0,0.0,0,0,0,0,0,0,0,0

SID,BATO3Q,05R,5
CA,0,51.0,2,430,0,0,0,0,0,0
CF,EMRAG,-36.942011,175.038428,0,AA,50.9,11.4,51.0,12.0,0,0,0,1,250,0,0,0
TF,XELAN,-36.834903,174.920819,1, ,0.0,0.0,0.0,0.0,2,5000,0,1,250,0,0,0
TF,URBIG,-36.852775,174.638594,0, ,0.0,0.0,0.0,0.0,0,0,0,0,0,0,0,0
TF,BATOS,-36.891053,173.994072,0, ,0.0,0.0,0.0,0.0,0,0,0,0,0,0,0,0

SID,BATO3Q,MADEP,6
IF,BATOS,-36.891053,173.994072, ,0.0,0.0,0,0,0,0,0,0,0,0
TF,BOGUN,-36.802167,173.381028,0, ,0.0,0.0,0.0,0.0,0,0,0,0,0,0,0,0
TF,MADEP,-36.384619,170.740672,0, ,0.0,0.0,0.0,0.0,0,0,0,0,0,0,0,0

SID,BATO3Q,UPLAR,6
IF,BATOS,-36.891053,173.994072, ,0.0,0.0,0,0,0,0,0,0,0,0
TF,TAPAT,-36.642939,173.431522,0, ,0.0,0.0,0.0,0.0,0,0,0,0,0,0,0,0
TF,UPLAR,-35.565339,171.093136,0, ,0.0,0.0,0.0,0.0,0,0,0,0,0,0,0,0

SID,BELR2P,23L,5
CF,LENGU,-37.080464,174.537517,0,AA,231.0,14.0,231.0,12.0,0,0,0,1,250,0,0,0
TF,WYTAK,-36.908156,174.433008,0, ,0.0,0.0,0.0,0.0,2,5000,0,0,0,0,0,0
TF,BELRA,-36.705431,174.314117,0, ,0.0,0.0,0.0,0.0,0,0,0,0,0,0,0,0

SID,BELR2P,DUGAN,6
IF,BELRA,-36.705431,174.314117, ,0.0,0.0,0,0,0,0,0,0,0,0
TF,DUGAN,-33.879478,173.390172,0, ,0.0,0.0,0.0,0.0,0,0,0,0,0,0,0,0

SID,BELR2P,ELNOS,6
IF,BELRA,-36.705431,174.314117, ,0.0,0.0,0,0,0,0,0,0,0,0
TF,ELNOS,-34.251983,172.499494,0, ,0.0,0.0,0.0,0.0,0,0,0,0,0,0,0,0

SID,BELR2P,SALAG,6
IF,BELRA,-36.705431,174.314117, ,0.0,0.0,0,0,0,0,0,0,0,0
TF,DADLA,-36.180611,173.786647,0, ,0.0,0.0,0.0,0.0,0,0,0,0,0,0,0,0
TF,SALAG,-34.845050,171.683364,0, ,0.0,0.0,0.0,0.0,0,0,0,0,0,0,0,0

SID,BELR2Q,05R,5
CF,EMRAG,-36.942011,175.038428,0,AA,50.9,11.4,51.0,12.0,0,0,0,1,250,0,0,0
TF,XELAN,-36.834903,174.920819,1, ,0.0,0.0,0.0,0.0,2,5000,0,1,250,0,0,0
TF,BELRA,-36.705431,174.314117,0, ,0.0,0.0,0.0,0.0,0,0,0,0,0,0,0,0

SID,BELR2Q,SALAG,6
IF,BELRA,-36.705431,174.314117, ,0.0,0.0,0,0,0,0,0,0,0,0
TF,DADLA,-36.180611,173.786647,0, ,0.0,0.0,0.0,0.0,0,0,0,0,0,0,0,0
TF,SALAG,-34.845050,171.683364,0, ,0.0,0.0,0.0,0.0,0,0,0,0,0,0,0,0

SID,BROK3Q,05R,5
CA,0,51.0,2,500,0,0,0,0,0,0
DF,BROOK,-37.138050,174.813847,2, ,0.0,0.0,4,4000,2500,1,200,0,0,0

SID,BROK3Q,KAPAI,6
IF,BROOK,-37.138050,174.813847, ,0.0,0.0,4,4000,2500,1,200,0,0,0
TF,KAPAI,-37.541167,174.525028,0, ,0.0,0.0,0.0,0.0,0,0,0,0,0,0,0,0

SID,BROK3Q,KARRL,6
IF,BROOK,-37.138050,174.813847, ,0.0,0.0,4,4000,2500,1,200,0,0,0
TF,LIMES,-37.571669,174.638706,0, ,0.0,0.0,0.0,0.0,0,0,0,0,0,0,0,0
TF,KARRL,-37.976728,174.512161,0, ,0.0,0.0,0.0,0.0,0,0,0,0,0,0,0,0

SID,BROK3Q,PEBLU,6
IF,BROOK,-37.138050,174.813847, ,0.0,0.0,4,4000,2500,1,200,0,0,0
TF,PEBLU,-38.109831,170.857672,0, ,0.0,0.0,0.0,0.0,0,0,0,0,0,0,0,0

SID,BROK3Q,VELMO,6
IF,BROOK,-37.138050,174.813847, ,0.0,0.0,4,4000,2500,1,200,0,0,0
TF,VELMO,-38.271622,170.930750,0, ,0.0,0.0,0.0,0.0,0,0,0,0,0,0,0,0

SID,DOVO1Q,05R,5
DF,DE05R,-37.006656,174.805742,0, ,0.0,0.0,0,0,0,0,0,0,0,1
CA,0,51.0,2,500,0,0,0,0,0,0
DF,DOVON,-36.861944,174.931736,0, ,0.0,0.0,3,5000,0,1,180,0,0,0

SID,DOVO1Q,BOVRU,6
IF,DOVON,-36.861944,174.931736, ,0.0,0.0,3,5000,0,1,180,0,0,0
TF,BOVRU,-36.550908,175.201947,0, ,0.0,0.0,0.0,0.0,0,0,0,0,0,0,0,0

SID,DOVO1Q,HOOKS,6
IF,DOVON,-36.861944,174.931736, ,0.0,0.0,3,5000,0,1,180,0,0,0
TF,HOOKS,-36.740133,175.241764,0, ,0.0,0.0,0.0,0.0,0,0,0,0,0,0,0,0

SID,ELSA2P,23L,5
DF,DE23L,-37.017031,174.768186,0, ,0.0,0.0,0,0,0,0,0,0,0,1
CA,0,231.0,2,500,0,0,0,0,0,0
DF,PEEHA,-36.973531,174.609242,0, ,0.0,0.0,2,3000,0,1,180,0,0,0
TF,ELSAB,-36.878739,174.569000,0, ,0.0,0.0,0.0,0.0,3,5000,0,0,0,0,0,0

SID,ELSA2P,BOVRU,6
IF,ELSAB,-36.878739,174.569000, ,0.0,0.0,3,5000,0,0,0,0,0,0
TF,BOVRU,-36.550908,175.201947,0, ,0.0,0.0,0.0,0.0,0,0,0,0,0,0,0,0

SID,ELSA2P,HOOKS,6
IF,ELSAB,-36.878739,174.569000, ,0.0,0.0,3,5000,0,0,0,0,0,0
TF,HOOKS,-36.740133,175.241764,0, ,0.0,0.0,0.0,0.0,0,0,0,0,0,0,0,0

SID,ELSA2P,KAWAU,6
IF,ELSAB,-36.878739,174.569000, ,0.0,0.0,3,5000,0,0,0,0,0,0
TF,KAWAU,-36.438206,174.635747,0, ,0.0,0.0,0.0,0.0,0,0,0,0,0,0,0,0

SID,ELSA2P,KOPPA,6
IF,ELSAB,-36.878739,174.569000, ,0.0,0.0,3,5000,0,0,0,0,0,0
TF,KOPPA,-36.480456,174.537356,0, ,0.0,0.0,0.0,0.0,0,0,0,0,0,0,0,0

SID,ELSA2P,KYPRA,6
IF,ELSAB,-36.878739,174.569000, ,0.0,0.0,3,5000,0,0,0,0,0,0
TF,KYPRA,-36.515822,174.415947,0, ,0.0,0.0,0.0,0.0,0,0,0,0,0,0,0,0

SID,ELSA2P,OTATA,6
IF,ELSAB,-36.878739,174.569000, ,0.0,0.0,3,5000,0,0,0,0,0,0
TF,OTATA,-36.647564,174.852569,0, ,0.0,0.0,0.0,0.0,0,0,0,0,0,0,0,0

SID,ELSA2P,WP,6
IF,ELSAB,-36.878739,174.569000, ,0.0,0.0,3,5000,0,0,0,0,0,0
TF,WP,-36.786792,174.631236,0, ,0.0,0.0,0.0,0.0,0,0,0,0,0,0,0,0

SID,EMRA1Q,05R,5
CA,0,51.0,2,430,0,0,0,0,0,0
CF,EMRAG,-36.942011,175.038428,0,AA,50.9,11.4,51.0,12.0,0,0,0,0,0,0,0,1

SID,FIRT3P,23L,5
CA,0,231.0,2,430,0,0,0,0,0,0
CF,LENGU,-37.080464,174.537517,0,AA,231.0,14.0,231.0,12.0,0,0,0,0,0,0,0,0
TF,MAGLO,-37.198447,174.586114,0, ,0.0,0.0,0.0,0.0,2,4000,0,1,250,0,0,0
TF,BROOK,-37.138050,174.813847,0, ,0.0,0.0,0.0,0.0,2,6000,0,0,0,0,0,0
TF,FIRTH,-36.992572,175.354386,0, ,0.0,0.0,0.0,0.0,0,0,0,0,0,0,0,0

SID,FIRT3P,AGEDU,6
IF,FIRTH,-36.992572,175.354386, ,0.0,0.0,0,0,0,0,0,0,0,0
TF,AGEDU,-34.478917,177.491800,0, ,0.0,0.0,0.0,0.0,0,0,0,0,0,0,0,0

SID,FIRT3P,AKLOM,6
IF,FIRTH,-36.992572,175.354386, ,0.0,0.0,0,0,0,0,0,0,0,0
TF,AKLOM,-35.357856,178.394161,0, ,0.0,0.0,0.0,0.0,0,0,0,0,0,0,0,0

SID,FIRT3P,DABAS,6
IF,FIRTH,-36.992572,175.354386, ,0.0,0.0,0,0,0,0,0,0,0,0
TF,DABAS,-34.845333,177.944183,0, ,0.0,0.0,0.0,0.0,0,0,0,0,0,0,0,0

SID,FIRT3P,IBESO,6
IF,FIRTH,-36.992572,175.354386, ,0.0,0.0,0,0,0,0,0,0,0,0
TF,IBESO,-36.990292,178.967481,0, ,0.0,0.0,0.0,0.0,0,0,0,0,0,0,0,0

SID,FIRT3P,IDSEM,6
IF,FIRTH,-36.992572,175.354386, ,0.0,0.0,0,0,0,0,0,0,0,0
TF,IDSEM,-34.672406,177.747519,0, ,0.0,0.0,0.0,0.0,0,0,0,0,0,0,0,0

SID,FIRT3P,OLBEX,6
IF,FIRTH,-36.992572,175.354386, ,0.0,0.0,0,0,0,0,0,0,0,0
TF,OLBEX,-35.693419,178.607472,0, ,0.0,0.0,0.0,0.0,0,0,0,0,0,0,0,0

SID,KADM2Q,05R,5
CF,EMRAG,-36.942011,175.038428,0,AA,50.9,11.4,51.0,12.0,0,0,0,1,250,0,0,0
TF,XELAN,-36.834903,174.920819,1, ,0.0,0.0,0.0,0.0,2,5000,0,0,0,0,0,0
TF,KADMA,-36.476800,174.502819,0, ,0.0,0.0,0.0,0.0,0,0,0,0,0,0,0,0

SID,KADM2Q,DUGAN,6
IF,KADMA,-36.476800,174.502819, ,0.0,0.0,0,0,0,0,0,0,0,0
TF,DUGAN,-33.879478,173.390172,0, ,0.0,0.0,0.0,0.0,0,0,0,0,0,0,0,0

SID,KADM2Q,ELNOS,6
IF,KADMA,-36.476800,174.502819, ,0.0,0.0,0,0,0,0,0,0,0,0
TF,ELNOS,-34.251983,172.499494,0, ,0.0,0.0,0.0,0.0,0,0,0,0,0,0,0,0

SID,LENG4P,23L,5
CA,0,231.0,2,430,0,0,0,0,0,0
CF,LENGU,-37.080464,174.537517,0,AA,231.0,14.0,231.0,12.0,0,0,0,0,0,0,0,0

SID,LENG4P,NUTRA,6
IF,LENGU,-37.080464,174.537517, ,0.0,0.0,0,0,0,0,0,0,0,0
TF,ENSAX,-37.241775,174.387494,0, ,0.0,0.0,0.0,0.0,0,0,0,0,0,0,0,0
TF,IPDIN,-37.473944,174.083458,0, ,0.0,0.0,0.0,0.0,0,0,0,0,0,0,0,0
TF,NUTRA,-37.800000,173.800000,0, ,0.0,0.0,0.0,0.0,0,0,0,0,0,0,0,0

SID,LEVR1P,23L,5
CA,0,231.0,2,430,0,0,0,0,0,0
CF,IRSIP,-37.050628,174.646253,0,AA,231.0,8.5,231.0,6.0,0,0,0,0,0,0,0,0
TF,LEVRA,-37.234894,174.583017,0, ,0.0,0.0,0.0,0.0,0,0,0,0,0,0,0,0

SID,LEVR1P,KAPAI,6
IF,LEVRA,-37.234894,174.583017, ,0.0,0.0,0,0,0,0,0,0,0,0
TF,KAPAI,-37.541167,174.525028,0, ,0.0,0.0,0.0,0.0,0,0,0,0,0,0,0,0

SID,LEVR1P,KARRL,6
IF,LEVRA,-37.234894,174.583017, ,0.0,0.0,0,0,0,0,0,0,0,0
TF,KAPAI,-37.541167,174.525028,0, ,0.0,0.0,0.0,0.0,0,0,0,0,0,0,0,0
TF,KARRL,-37.976728,174.512161,0, ,0.0,0.0,0.0,0.0,0,0,0,0,0,0,0,0

SID,LEVR1P,LAKES,6
IF,LEVRA,-37.234894,174.583017, ,0.0,0.0,0,0,0,0,0,0,0,0
TF,GULED,-37.396067,174.630844,0, ,0.0,0.0,0.0,0.0,0,0,0,0,0,0,0,0
TF,OSAKU,-37.425636,174.857897,0, ,0.0,0.0,0.0,0.0,0,0,0,0,0,0,0,0
TF,LAKES,-37.453522,175.090875,0, ,0.0,0.0,0.0,0.0,0,0,0,0,0,0,0,0

SID,LEVR1P,TULMI,6
IF,LEVRA,-37.234894,174.583017, ,0.0,0.0,0,0,0,0,0,0,0,0
TF,GULED,-37.396067,174.630844,0, ,0.0,0.0,0.0,0.0,0,0,0,0,0,0,0,0
TF,OSAKU,-37.425636,174.857897,0, ,0.0,0.0,0.0,0.0,0,0,0,0,0,0,0,0
TF,LAKES,-37.453522,175.090875,0, ,0.0,0.0,0.0,0.0,0,0,0,0,0,0,0,0
TF,TULMI,-37.446267,175.405681,0, ,0.0,0.0,0.0,0.0,0,0,0,0,0,0,0,0

SID,MEMO2P,23L,5
CF,LENGU,-37.080464,174.537517,0,AA,231.0,14.0,231.0,12.0,0,0,0,1,250,0,0,0
TF,WYTAK,-36.908156,174.433008,0, ,0.0,0.0,0.0,0.0,2,5000,0,1,250,0,0,0
TF,MEMOR,-36.421636,174.858383,0, ,0.0,0.0,0.0,0.0,0,0,0,0,0,0,0,0

SID,MEMO2P,AGREX,6
IF,MEMOR,-36.421636,174.858383, ,0.0,0.0,0,0,0,0,0,0,0,0
TF,AGREX,-33.725117,175.564372,0, ,0.0,0.0,0.0,0.0,0,0,0,0,0,0,0,0

SID,MEMO2P,KALAG,6
IF,MEMOR,-36.421636,174.858383, ,0.0,0.0,0,0,0,0,0,0,0,0
TF,KALAG,-33.694261,175.323831,0, ,0.0,0.0,0.0,0.0,0,0,0,0,0,0,0,0

SID,MEMO2P,SELKA,6
IF,MEMOR,-36.421636,174.858383, ,0.0,0.0,0,0,0,0,0,0,0,0
TF,SELKA,-34.149336,176.927556,0, ,0.0,0.0,0.0,0.0,0,0,0,0,0,0,0,0

SID,MEMO2P,TARIB,6
IF,MEMOR,-36.421636,174.858383, ,0.0,0.0,0,0,0,0,0,0,0,0
TF,TARIB,-34.066142,176.748078,0, ,0.0,0.0,0.0,0.0,0,0,0,0,0,0,0,0

SID,NZAA4A,23L,2
VA,0,231.0,2,530,0,0,0,0,0,0
VM,0,0,0,231.0,3,3000,0,0,0,0,0,0

SID,NZAA4B,05R,2
VA,0,51.0,2,530,0,0,0,0,0,0
VM,0,0,0,51.0,3,3000,0,0,0,0,0,0

SID,OSRA1P,23L,5
CA,0,231.0,2,430,0,0,0,0,0,0
CF,IRSIP,-37.050628,174.646253,0,AA,231.0,8.5,231.0,6.0,0,0,0,0,0,0,0,0
TF,LENGU,-37.080464,174.537517,0, ,0.0,0.0,0.0,0.0,0,0,0,0,0,0,0,0
TF,OSRAP,-37.107311,174.439281,0, ,0.0,0.0,0.0,0.0,0,0,0,0,0,0,0,0

SID,OSRA1P,GULUT,6
IF,OSRAP,-37.107311,174.439281, ,0.0,0.0,0,0,0,0,0,0,0,0
TF,POSUX,-37.347450,173.749356,0, ,0.0,0.0,0.0,0.0,0,0,0,0,0,0,0,0
TF,GULUT,-39.476453,171.194683,0, ,0.0,0.0,0.0,0.0,0,0,0,0,0,0,0,0

SID,OSRA1P,MADEP,6
IF,OSRAP,-37.107311,174.439281, ,0.0,0.0,0,0,0,0,0,0,0,0
TF,BATOS,-36.891053,173.994072,0, ,0.0,0.0,0.0,0.0,0,0,0,0,0,0,0,0
TF,BOGUN,-36.802167,173.381028,0, ,0.0,0.0,0.0,0.0,0,0,0,0,0,0,0,0
TF,MADEP,-36.384619,170.740672,0, ,0.0,0.0,0.0,0.0,0,0,0,0,0,0,0,0

SID,OSRA1P,PEBLU,6
IF,OSRAP,-37.107311,174.439281, ,0.0,0.0,0,0,0,0,0,0,0,0
TF,PEBLU,-38.109831,170.857672,0, ,0.0,0.0,0.0,0.0,0,0,0,0,0,0,0,0

SID,OSRA1P,UPLAR,6
IF,OSRAP,-37.107311,174.439281, ,0.0,0.0,0,0,0,0,0,0,0,0
TF,BATOS,-36.891053,173.994072,0, ,0.0,0.0,0.0,0.0,0,0,0,0,0,0,0,0
TF,TAPAT,-36.642939,173.431522,0, ,0.0,0.0,0.0,0.0,0,0,0,0,0,0,0,0
TF,UPLAR,-35.565339,171.093136,0, ,0.0,0.0,0.0,0.0,0,0,0,0,0,0,0,0

SID,OSRA1P,VELMO,6
IF,OSRAP,-37.107311,174.439281, ,0.0,0.0,0,0,0,0,0,0,0,0
TF,POSUX,-37.347450,173.749356,0, ,0.0,0.0,0.0,0.0,0,0,0,0,0,0,0,0
TF,VELMO,-38.271622,170.930750,0, ,0.0,0.0,0.0,0.0,0,0,0,0,0,0,0,0

SID,PAGL3Q,05R,5
CA,0,51.0,2,430,0,0,0,0,0,0
CF,ADKUM,-36.975736,174.917314,0,AA,50.9,5.3,51.0,6.0,2,3000,0,1,210,0,0,0
TF,MADVI,-37.042739,174.946247,0, ,0.0,0.0,0.0,0.0,2,6000,0,1,210,0,0,0
TF,VINOD,-37.061272,174.879442,0, ,0.0,0.0,0.0,0.0,0,0,0,0,0,0,0,0
TF,PAGLA,-37.092264,174.767350,0, ,0.0,0.0,0.0,0.0,0,0,0,0,0,0,0,1

SID,PAGL3Q,KAPAI,6
FA,PAGLA,-37.092264,174.767350,0,AA,0.0,0.0,231.0,2,10000,0,0,0,0,0,0
DF,KAPAI,-37.541167,174.525028,1, ,0.0,0.0,0,0,0,0,0,0,0,0

SID,PAGL3Q,KARRL,6
FA,PAGLA,-37.092264,174.767350,0,AA,0.0,0.0,231.0,2,10000,0,0,0,0,0,0
DF,LIMES,-37.571669,174.638706,1, ,0.0,0.0,0,0,0,0,0,0,0,0
TF,KARRL,-37.976728,174.512161,0, ,0.0,0.0,0.0,0.0,0,0,0,0,0,0,0,0

SID,PAGL3Q,NUTRA,6
FA,PAGLA,-37.092264,174.767350,0,AA,0.0,0.0,231.0,2,10000,0,0,0,0,0,0
DF,IPDIN,-37.473944,174.083458,0, ,0.0,0.0,0,0,0,0,0,0,0,0
TF,NUTRA,-37.800000,173.800000,0, ,0.0,0.0,0.0,0.0,0,0,0,0,0,0,0,0

SID,PAGL3Q,PEBLU,6
FA,PAGLA,-37.092264,174.767350,0,AA,0.0,0.0,231.0,2,10000,0,0,0,0,0,0
DF,LESDI,-37.327636,174.205600,0, ,0.0,0.0,0,0,0,0,0,0,0,0
TF,PEBLU,-38.109831,170.857672,0, ,0.0,0.0,0.0,0.0,0,0,0,0,0,0,0,0

SID,PAGL3Q,VELMO,6
FA,PAGLA,-37.092264,174.767350,0,AA,0.0,0.0,231.0,2,10000,0,0,0,0,0,0
DF,LESDI,-37.327636,174.205600,0, ,0.0,0.0,0,0,0,0,0,0,0,0
TF,VELMO,-38.271622,170.930750,0, ,0.0,0.0,0.0,0.0,0,0,0,0,0,0,0,0

SID,POLI2Q,05R,5
CA,0,51.0,2,430,0,0,0,0,0,0
CF,EMRAG,-36.942011,175.038428,0,AA,50.9,11.4,51.0,12.0,0,0,0,0,0,0,0,0
TF,POLIS,-37.061314,175.090183,0, ,0.0,0.0,0.0,0.0,2,5000,0,1,250,0,0,0

SID,POLI2Q,KAPAI,6
IF,POLIS,-37.061314,175.090183, ,0.0,0.0,2,5000,0,1,250,0,0,0
TF,KAPAI,-37.541167,174.525028,0, ,0.0,0.0,0.0,0.0,0,0,0,0,0,0,0,0

SID,POLI2Q,KARRL,6
IF,POLIS,-37.061314,175.090183, ,0.0,0.0,2,5000,0,1,250,0,0,0
TF,LIMES,-37.571669,174.638706,0, ,0.0,0.0,0.0,0.0,0,0,0,0,0,0,0,0
TF,KARRL,-37.976728,174.512161,0, ,0.0,0.0,0.0,0.0,0,0,0,0,0,0,0,0

SID,POLI2Q,LAKES,6
IF,POLIS,-37.061314,175.090183, ,0.0,0.0,2,5000,0,1,250,0,0,0
TF,LAKES,-37.453522,175.090875,0, ,0.0,0.0,0.0,0.0,0,0,0,0,0,0,0,0

SID,POLI2Q,TULMI,6
IF,POLIS,-37.061314,175.090183, ,0.0,0.0,2,5000,0,1,250,0,0,0
TF,TULMI,-37.446267,175.405681,0, ,0.0,0.0,0.0,0.0,0,0,0,0,0,0,0,0

SID,RAXI2Q,05R,5
CF,EMRAG,-36.942011,175.038428,0,AA,50.9,11.4,51.0,12.0,0,0,0,0,0,0,0,0
TF,RAXIN,-36.460553,175.013731,0, ,0.0,0.0,0.0,0.0,0,0,0,0,0,0,0,0

SID,RAXI2Q,AGREX,6
IF,RAXIN,-36.460553,175.013731, ,0.0,0.0,0,0,0,0,0,0,0,0
TF,AGREX,-33.725117,175.564372,0, ,0.0,0.0,0.0,0.0,0,0,0,0,0,0,0,0

SID,RAXI2Q,KALAG,6
IF,RAXIN,-36.460553,175.013731, ,0.0,0.0,0,0,0,0,0,0,0,0
TF,KALAG,-33.694261,175.323831,0, ,0.0,0.0,0.0,0.0,0,0,0,0,0,0,0,0

SID,RAXI2Q,SELKA,6
IF,RAXIN,-36.460553,175.013731, ,0.0,0.0,0,0,0,0,0,0,0,0
TF,SELKA,-34.149336,176.927556,0, ,0.0,0.0,0.0,0.0,0,0,0,0,0,0,0,0

SID,RAXI2Q,TARIB,6
IF,RAXIN,-36.460553,175.013731, ,0.0,0.0,0,0,0,0,0,0,0,0
TF,TARIB,-34.066142,176.748078,0, ,0.0,0.0,0.0,0.0,0,0,0,0,0,0,0,0

SID,REKI4Q,05R,5
DF,DE05R,-37.006656,174.805742,0, ,0.0,0.0,0,0,0,0,0,0,0,1
CA,0,51.0,2,500,0,0,0,0,0,0
DF,VINOD,-37.061272,174.879442,2, ,0.0,0.0,0,0,0,1,180,0,0,0
FA,VINOD,-37.061272,174.879442,0,AA,0.0,0.0,170.0,2,4000,0,0,0,0,0,0
DF,BUDLU,-37.197700,174.929939,0, ,0.0,0.0,1,5000,0,1,210,0,0,0
TF,REKIS,-37.307667,174.998961,0, ,0.0,0.0,0.0,0.0,1,5000,0,0,0,0,0,0

SID,REKI4Q,KAPAI,6
IF,REKIS,-37.307667,174.998961, ,0.0,0.0,1,5000,0,0,0,0,0,0
TF,KAPAI,-37.541167,174.525028,0, ,0.0,0.0,0.0,0.0,0,0,0,0,0,0,0,0

SID,REKI4Q,KARRL,6
IF,REKIS,-37.307667,174.998961, ,0.0,0.0,1,5000,0,0,0,0,0,0
TF,LIMES,-37.571669,174.638706,0, ,0.0,0.0,0.0,0.0,0,0,0,0,0,0,0,0
TF,KARRL,-37.976728,174.512161,0, ,0.0,0.0,0.0,0.0,0,0,0,0,0,0,0,0

SID,REKI4Q,LAKES,6
IF,REKIS,-37.307667,174.998961, ,0.0,0.0,1,5000,0,0,0,0,0,0
TF,LAKES,-37.453522,175.090875,0, ,0.0,0.0,0.0,0.0,0,0,0,0,0,0,0,0

SID,REKI4Q,NUTRA,6
IF,REKIS,-37.307667,174.998961, ,0.0,0.0,1,5000,0,0,0,0,0,0
TF,IPDIN,-37.473944,174.083458,0, ,0.0,0.0,0.0,0.0,0,0,0,0,0,0,0,0
TF,NUTRA,-37.800000,173.800000,0, ,0.0,0.0,0.0,0.0,0,0,0,0,0,0,0,0

SID,REKI4Q,TULMI,6
IF,REKIS,-37.307667,174.998961, ,0.0,0.0,1,5000,0,0,0,0,0,0
TF,TULMI,-37.446267,175.405681,0, ,0.0,0.0,0.0,0.0,0,0,0,0,0,0,0,0

SID,SATL3Q,05R,5
CA,0,51.0,2,430,0,0,0,0,0,0
CF,EMRAG,-36.942011,175.038428,0,AA,50.9,11.4,51.0,12.0,0,0,0,0,0,0,0,0
TF,SATLA,-36.859200,175.322861,0, ,0.0,0.0,0.0,0.0,0,0,0,0,0,0,0,0

SID,SATL3Q,AGEDU,6
IF,SATLA,-36.859200,175.322861, ,0.0,0.0,0,0,0,0,0,0,0,0
TF,AGEDU,-34.478917,177.491800,0, ,0.0,0.0,0.0,0.0,0,0,0,0,0,0,0,0

SID,SATL3Q,AKLOM,6
IF,SATLA,-36.859200,175.322861, ,0.0,0.0,0,0,0,0,0,0,0,0
TF,AKLOM,-35.357856,178.394161,0, ,0.0,0.0,0.0,0.0,0,0,0,0,0,0,0,0

SID,SATL3Q,DABAS,6
IF,SATLA,-36.859200,175.322861, ,0.0,0.0,0,0,0,0,0,0,0,0
TF,DABAS,-34.845333,177.944183,0, ,0.0,0.0,0.0,0.0,0,0,0,0,0,0,0,0

SID,SATL3Q,IBESO,6
IF,SATLA,-36.859200,175.322861, ,0.0,0.0,0,0,0,0,0,0,0,0
TF,IBESO,-36.990292,178.967481,0, ,0.0,0.0,0.0,0.0,0,0,0,0,0,0,0,0

SID,SATL3Q,IDSEM,6
IF,SATLA,-36.859200,175.322861, ,0.0,0.0,0,0,0,0,0,0,0,0
TF,IDSEM,-34.672406,177.747519,0, ,0.0,0.0,0.0,0.0,0,0,0,0,0,0,0,0

SID,SATL3Q,OLBEX,6
IF,SATLA,-36.859200,175.322861, ,0.0,0.0,0,0,0,0,0,0,0,0
TF,OLBEX,-35.693419,178.607472,0, ,0.0,0.0,0.0,0.0,0,0,0,0,0,0,0,0

SID,STEA2P,23L,5
DF,DE23L,-37.017031,174.768186,0, ,0.0,0.0,0,0,0,0,0,0,0,1
CA,0,231.0,2,500,0,0,0,0,0,0
DF,STEAL,-37.203861,174.719144,0, ,0.0,0.0,3,5000,0,1,250,0,0,0

SID,STEA2P,KARRL,6
IF,STEAL,-37.203861,174.719144, ,0.0,0.0,3,5000,0,1,250,0,0,0
TF,LIMES,-37.571669,174.638706,0, ,0.0,0.0,0.0,0.0,0,0,0,0,0,0,0,0
TF,KARRL,-37.976728,174.512161,0, ,0.0,0.0,0.0,0.0,0,0,0,0,0,0,0,0

SID,STEA2P,LAKES,6
IF,STEAL,-37.203861,174.719144, ,0.0,0.0,3,5000,0,1,250,0,0,0
TF,LAMOG,-37.407636,174.802528,0, ,0.0,0.0,0.0,0.0,0,0,0,0,0,0,0,0
TF,ONISU,-37.417183,174.946333,0, ,0.0,0.0,0.0,0.0,3,7000,0,0,0,0,0,0
TF,OVSIT,-37.422556,175.029750,0, ,0.0,0.0,0.0,0.0,3,8000,0,0,0,0,0,0
TF,LAKES,-37.453522,175.090875,0, ,0.0,0.0,0.0,0.0,0,0,0,0,0,0,0,0

SID,STEA2P,NUTRA,6
IF,STEAL,-37.203861,174.719144, ,0.0,0.0,3,5000,0,1,250,0,0,0
TF,IPDIN,-37.473944,174.083458,0, ,0.0,0.0,0.0,0.0,0,0,0,0,0,0,0,0
TF,NUTRA,-37.800000,173.800000,0, ,0.0,0.0,0.0,0.0,0,0,0,0,0,0,0,0

SID,STEA2P,TULMI,6
IF,STEAL,-37.203861,174.719144, ,0.0,0.0,3,5000,0,1,250,0,0,0
TF,LAMOG,-37.407636,174.802528,0, ,0.0,0.0,0.0,0.0,0,0,0,0,0,0,0,0
TF,ONISU,-37.417183,174.946333,0, ,0.0,0.0,0.0,0.0,3,7000,0,0,0,0,0,0
TF,OVSIT,-37.422556,175.029750,0, ,0.0,0.0,0.0,0.0,3,8000,0,0,0,0,0,0
TF,TULMI,-37.446267,175.405681,0, ,0.0,0.0,0.0,0.0,0,0,0,0,0,0,0,0

STAR,APAB3A,23L,5
IF,APABO,-36.195422,174.560375, ,0.0,0.0,0,0,0,0,0,0,0,0
TF,OMAHA,-36.348603,174.661419,0, ,0.0,0.0,0.0,0.0,2,6000,0,0,0,0,0,0
TF,AA423,-36.569167,174.807778,0, ,0.0,0.0,0.0,0.0,2,5000,0,0,0,0,0,0
TF,VIBAG,-36.863183,175.004350,0, ,0.0,0.0,0.0,0.0,2,4000,0,1,220,0,0,0
TF,EMRAG,-36.942011,175.038428,0, ,0.0,0.0,0.0,0.0,2,3000,0,1,210,0,0,0

STAR,APAB3C,23L,5
IF,APABO,-36.195422,174.560375, ,0.0,0.0,0,0,0,0,0,0,0,0
TF,OMAHA,-36.348603,174.661419,0, ,0.0,0.0,0.0,0.0,2,6000,0,0,0,0,0,0
TF,AA424,-36.586111,174.759167,0, ,0.0,0.0,0.0,0.0,2,5000,0,0,0,0,0,0
TF,AA406,-36.871667,174.877500,0, ,0.0,0.0,0.0,0.0,2,3000,0,1,190,0,0,0
TF,AA405,-36.926389,174.900278,0, ,0.0,0.0,0.0,0.0,0,0,0,0,0,0,0,0
TF,NOKIT,-36.951583,174.899742,0, ,0.0,0.0,0.0,0.0,2,2000,0,1,170,0,0,0

STAR,ARAD4E,LUNBI,4
IF,LUNBI,-37.256961,170.656817, ,0.0,0.0,0,0,0,0,0,0,0,0
TF,ARADI,-37.149461,173.447864,0, ,0.0,0.0,0.0,0.0,0,0,0,0,0,0,0,0

STAR,ARAD4E,PEBLU,4
IF,PEBLU,-38.109831,170.857672, ,0.0,0.0,0,0,0,0,0,0,0,0
TF,ARADI,-37.149461,173.447864,0, ,0.0,0.0,0.0,0.0,0,0,0,0,0,0,0,0

STAR,ARAD4E,VELMO,4
IF,VELMO,-38.271622,170.930750, ,0.0,0.0,0,0,0,0,0,0,0,0
TF,ARADI,-37.149461,173.447864,0, ,0.0,0.0,0.0,0.0,0,0,0,0,0,0,0,0

STAR,ARAD4E,23L,5
IF,ARADI,-37.149461,173.447864, ,0.0,0.0,0,0,0,0,0,0,0,0
TF,GEWNY,-37.033811,174.142583,0, ,0.0,0.0,0.0,0.0,2,8000,0,1,280,0,0,0
TF,DOMRI,-36.981586,174.447917,0, ,0.0,0.0,0.0,0.0,0,0,0,1,240,0,0,0
TF,VABTI,-36.881561,174.811333,0, ,0.0,0.0,0.0,0.0,2,6000,0,1,210,0,0,0

STAR,ARAD7B,LUNBI,4
IF,LUNBI,-37.256961,170.656817, ,0.0,0.0,0,0,0,0,0,0,0,0
TF,ARADI,-37.149461,173.447864,0, ,0.0,0.0,0.0,0.0,0,0,0,0,0,0,0,0

STAR,ARAD7B,PEBLU,4
IF,PEBLU,-38.109831,170.857672, ,0.0,0.0,0,0,0,0,0,0,0,0
TF,ARADI,-37.149461,173.447864,0, ,0.0,0.0,0.0,0.0,0,0,0,0,0,0,0,0

STAR,ARAD7B,VELMO,4
IF,VELMO,-38.271622,170.930750, ,0.0,0.0,0,0,0,0,0,0,0,0
TF,ARADI,-37.149461,173.447864,0, ,0.0,0.0,0.0,0.0,0,0,0,0,0,0,0,0

STAR,ARAD7B,05R,5
IF,ARADI,-37.149461,173.447864, ,0.0,0.0,0,0,0,0,0,0,0,0
TF,JABBA,-37.133997,173.706547,0, ,0.0,0.0,0.0,0.0,2,10000,0,1,280,0,0,0
TF,AA514,-37.122500,173.893611,0, ,0.0,0.0,0.0,0.0,2,7000,0,0,0,0,0,0
TF,ZOCCA,-37.107956,174.122197,0, ,0.0,0.0,0.0,0.0,2,5000,0,1,240,0,0,0
TF,AA506,-37.095833,174.309167,0, ,0.0,0.0,0.0,0.0,2,4000,0,0,0,0,0,0
TF,LENGU,-37.080464,174.537517,0, ,0.0,0.0,0.0,0.0,2,3000,0,1,210,0,0,0

STAR,ARAD7C,LUNBI,4
IF,LUNBI,-37.256961,170.656817, ,0.0,0.0,0,0,0,0,0,0,0,0
TF,ARADI,-37.149461,173.447864,0, ,0.0,0.0,0.0,0.0,0,0,0,0,0,0,0,0

STAR,ARAD7C,PEBLU,4
IF,PEBLU,-38.109831,170.857672, ,0.0,0.0,0,0,0,0,0,0,0,0
TF,ARADI,-37.149461,173.447864,0, ,0.0,0.0,0.0,0.0,0,0,0,0,0,0,0,0

STAR,ARAD7C,VELMO,4
IF,VELMO,-38.271622,170.930750, ,0.0,0.0,0,0,0,0,0,0,0,0
TF,ARADI,-37.149461,173.447864,0, ,0.0,0.0,0.0,0.0,0,0,0,0,0,0,0,0

STAR,ARAD7C,23L,5
IF,ARADI,-37.149461,173.447864, ,0.0,0.0,0,0,0,0,0,0,0,0
TF,GEWNY,-37.033811,174.142583,0, ,0.0,0.0,0.0,0.0,2,8000,0,1,280,0,0,0
TF,DOMRI,-36.981586,174.447917,0, ,0.0,0.0,0.0,0.0,0,0,0,1,240,0,0,0
TF,KIDAG,-36.918939,174.676106,0, ,0.0,0.0,0.0,0.0,2,6000,0,1,210,0,0,0

STAR,ARAD8A,LUNBI,4
IF,LUNBI,-37.256961,170.656817, ,0.0,0.0,0,0,0,0,0,0,0,0
TF,ARADI,-37.149461,173.447864,0, ,0.0,0.0,0.0,0.0,0,0,0,0,0,0,0,0

STAR,ARAD8A,PEBLU,4
IF,PEBLU,-38.109831,170.857672, ,0.0,0.0,0,0,0,0,0,0,0,0
TF,ARADI,-37.149461,173.447864,0, ,0.0,0.0,0.0,0.0,0,0,0,0,0,0,0,0

STAR,ARAD8A,VELMO,4
IF,VELMO,-38.271622,170.930750, ,0.0,0.0,0,0,0,0,0,0,0,0
TF,ARADI,-37.149461,173.447864,0, ,0.0,0.0,0.0,0.0,0,0,0,0,0,0,0,0

STAR,ARAD8A,23L,5
IF,ARADI,-37.149461,173.447864, ,0.0,0.0,0,0,0,0,0,0,0,0
TF,GEWNY,-37.033811,174.142583,0, ,0.0,0.0,0.0,0.0,2,10000,0,1,280,0,0,0
TF,DOMRI,-36.981586,174.447917,0, ,0.0,0.0,0.0,0.0,2,7000,0,0,0,0,0,0
TF,LOSGA,-36.901056,174.740892,0, ,0.0,0.0,0.0,0.0,2,6000,0,1,240,0,0,0
TF,VIBAG,-36.863183,175.004350,0, ,0.0,0.0,0.0,0.0,2,4000,0,1,220,0,0,0
TF,EMRAG,-36.942011,175.038428,0, ,0.0,0.0,0.0,0.0,2,3000,0,1,210,0,0,0

STAR,BASI2N,ELNOS,4
IF,ELNOS,-34.251983,172.499494, ,0.0,0.0,0,0,0,0,0,0,0,0
TF,BASIV,-36.396689,173.697869,0, ,0.0,0.0,0.0,0.0,0,0,0,0,0,0,0,0

STAR,BASI2N,SALAG,4
IF,SALAG,-34.845050,171.683364, ,0.0,0.0,0,0,0,0,0,0,0,0
TF,BASIV,-36.396689,173.697869,0, ,0.0,0.0,0.0,0.0,0,0,0,0,0,0,0,0

STAR,BASI2N,UPLAR,4
IF,UPLAR,-35.565339,171.093136, ,0.0,0.0,0,0,0,0,0,0,0,0
TF,BASIV,-36.396689,173.697869,0, ,0.0,0.0,0.0,0.0,0,0,0,0,0,0,0,0

STAR,BASI2N,23L,5
IF,BASIV,-36.396689,173.697869, ,0.0,0.0,0,0,0,0,0,0,0,0
TF,PAKVI,-36.647258,174.734575,0, ,0.0,0.0,0.0,0.0,2,8000,0,0,0,0,0,0
TF,BAYES,-36.670722,174.833978,0, ,0.0,0.0,0.0,0.0,2,7000,0,0,0,0,0,0
TF,VIBAG,-36.863183,175.004350,0, ,0.0,0.0,0.0,0.0,2,4000,0,1,220,0,0,0
TF,EMRAG,-36.942011,175.038428,0, ,0.0,0.0,0.0,0.0,2,3000,0,1,210,0,0,0

STAR,BASI5E,ELNOS,4
IF,ELNOS,-34.251983,172.499494, ,0.0,0.0,0,0,0,0,0,0,0,0
TF,BASIV,-36.396689,173.697869,0, ,0.0,0.0,0.0,0.0,0,0,0,0,0,0,0,0

STAR,BASI5E,SALAG,4
IF,SALAG,-34.845050,171.683364, ,0.0,0.0,0,0,0,0,0,0,0,0
TF,BASIV,-36.396689,173.697869,0, ,0.0,0.0,0.0,0.0,0,0,0,0,0,0,0,0

STAR,BASI5E,UPLAR,4
IF,UPLAR,-35.565339,171.093136, ,0.0,0.0,0,0,0,0,0,0,0,0
TF,BASIV,-36.396689,173.697869,0, ,0.0,0.0,0.0,0.0,0,0,0,0,0,0,0,0

STAR,BASI5E,23L,5
IF,BASIV,-36.396689,173.697869, ,0.0,0.0,0,0,0,0,0,0,0,0
TF,BONKO,-36.807919,174.223356,0, ,0.0,0.0,0.0,0.0,2,8000,0,1,280,0,0,0
TF,DOMRI,-36.981586,174.447917,0, ,0.0,0.0,0.0,0.0,0,0,0,1,240,0,0,0
TF,VABTI,-36.881561,174.811333,0, ,0.0,0.0,0.0,0.0,2,6000,0,1,210,0,0,0

STAR,BASI8C,ELNOS,4
IF,ELNOS,-34.251983,172.499494, ,0.0,0.0,0,0,0,0,0,0,0,0
TF,BASIV,-36.396689,173.697869,0, ,0.0,0.0,0.0,0.0,0,0,0,0,0,0,0,0

STAR,BASI8C,SALAG,4
IF,SALAG,-34.845050,171.683364, ,0.0,0.0,0,0,0,0,0,0,0,0
TF,BASIV,-36.396689,173.697869,0, ,0.0,0.0,0.0,0.0,0,0,0,0,0,0,0,0

STAR,BASI8C,UPLAR,4
IF,UPLAR,-35.565339,171.093136, ,0.0,0.0,0,0,0,0,0,0,0,0
TF,BASIV,-36.396689,173.697869,0, ,0.0,0.0,0.0,0.0,0,0,0,0,0,0,0,0

STAR,BASI8C,23L,5
IF,BASIV,-36.396689,173.697869, ,0.0,0.0,0,0,0,0,0,0,0,0
TF,BONKO,-36.807919,174.223356,0, ,0.0,0.0,0.0,0.0,2,8000,0,1,280,0,0,0
TF,DOMRI,-36.981586,174.447917,0, ,0.0,0.0,0.0,0.0,0,0,0,1,240,0,0,0
TF,KIDAG,-36.918939,174.676106,0, ,0.0,0.0,0.0,0.0,2,6000,0,1,210,0,0,0

STAR,BASI9A,ELNOS,4
IF,ELNOS,-34.251983,172.499494, ,0.0,0.0,0,0,0,0,0,0,0,0
TF,BASIV,-36.396689,173.697869,0, ,0.0,0.0,0.0,0.0,0,0,0,0,0,0,0,0

STAR,BASI9A,SALAG,4
IF,SALAG,-34.845050,171.683364, ,0.0,0.0,0,0,0,0,0,0,0,0
TF,BASIV,-36.396689,173.697869,0, ,0.0,0.0,0.0,0.0,0,0,0,0,0,0,0,0

STAR,BASI9A,UPLAR,4
IF,UPLAR,-35.565339,171.093136, ,0.0,0.0,0,0,0,0,0,0,0,0
TF,BASIV,-36.396689,173.697869,0, ,0.0,0.0,0.0,0.0,0,0,0,0,0,0,0,0

STAR,BASI9A,23L,5
IF,BASIV,-36.396689,173.697869, ,0.0,0.0,0,0,0,0,0,0,0,0
TF,BONKO,-36.807919,174.223356,0, ,0.0,0.0,0.0,0.0,2,10000,0,1,280,0,0,0
TF,DOMRI,-36.981586,174.447917,0, ,0.0,0.0,0.0,0.0,2,7000,0,0,0,0,0,0
TF,LOSGA,-36.901056,174.740892,0, ,0.0,0.0,0.0,0.0,2,6000,0,1,240,0,0,0
TF,VIBAG,-36.863183,175.004350,0, ,0.0,0.0,0.0,0.0,2,4000,0,1,220,0,0,0
TF,EMRAG,-36.942011,175.038428,0, ,0.0,0.0,0.0,0.0,2,3000,0,1,210,0,0,0

STAR,BASI9B,DUGAN,4
IF,DUGAN,-33.879478,173.390172, ,0.0,0.0,0,0,0,0,0,0,0,0
TF,BASIV,-36.396689,173.697869,0, ,0.0,0.0,0.0,0.0,0,0,0,0,0,0,0,0

STAR,BASI9B,ELNOS,4
IF,ELNOS,-34.251983,172.499494, ,0.0,0.0,0,0,0,0,0,0,0,0
TF,BASIV,-36.396689,173.697869,0, ,0.0,0.0,0.0,0.0,0,0,0,0,0,0,0,0

STAR,BASI9B,SALAG,4
IF,SALAG,-34.845050,171.683364, ,0.0,0.0,0,0,0,0,0,0,0,0
TF,BASIV,-36.396689,173.697869,0, ,0.0,0.0,0.0,0.0,0,0,0,0,0,0,0,0

STAR,BASI9B,UPLAR,4
IF,UPLAR,-35.565339,171.093136, ,0.0,0.0,0,0,0,0,0,0,0,0
TF,BASIV,-36.396689,173.697869,0, ,0.0,0.0,0.0,0.0,0,0,0,0,0,0,0,0

STAR,BASI9B,05R,5
IF,BASIV,-36.396689,173.697869, ,0.0,0.0,0,0,0,0,0,0,0,0
TF,BIGUL,-36.606192,173.952744,0, ,0.0,0.0,0.0,0.0,2,10000,0,1,280,0,0,0
TF,XMOND,-36.843708,174.244228,0, ,0.0,0.0,0.0,0.0,2,5000,0,1,240,0,0,0
TF,ORUKI,-37.021344,174.464022,0, ,0.0,0.0,0.0,0.0,2,4000,0,0,0,0,0,0
TF,LENGU,-37.080464,174.537517,0, ,0.0,0.0,0.0,0.0,2,3000,0,1,210,0,0,0

STAR,BOVR1A,23L,5
IF,BOVRU,-36.550908,175.201947, ,0.0,0.0,0,0,0,0,0,0,0,0
TF,EMRAG,-36.942011,175.038428,0, ,0.0,0.0,0.0,0.0,2,3000,0,1,210,0,0,0

STAR,BOVR1B,05R,5
IF,BOVRU,-36.550908,175.201947, ,0.0,0.0,0,0,0,0,0,0,0,0
TF,AKBAM,-37.001489,174.503856,0, ,0.0,0.0,0.0,0.0,2,4000,0,1,220,0,0,0
TF,LENGU,-37.080464,174.537517,0, ,0.0,0.0,0.0,0.0,2,3000,0,1,210,0,0,0

STAR,DAVE3E,23L,5
IF,DAVEE,-37.588725,174.809942, ,0.0,0.0,0,0,0,1,280,0,0,0
TF,OSAKU,-37.425636,174.857897,0, ,0.0,0.0,0.0,0.0,0,0,0,0,0,0,0,0
TF,ANSER,-37.343783,174.881889,0, ,0.0,0.0,0.0,0.0,2,8000,0,0,0,0,0,0
TF,ZORBA,-37.148772,174.938853,0, ,0.0,0.0,0.0,0.0,2,6000,0,1,240,0,0,0

STAR,DAVE6A,23L,5
IF,DAVEE,-37.588725,174.809942, ,0.0,0.0,0,0,0,1,280,0,0,0
TF,OSAKU,-37.425636,174.857897,0, ,0.0,0.0,0.0,0.0,0,0,0,0,0,0,0,0
TF,ANSER,-37.343783,174.881889,0, ,0.0,0.0,0.0,0.0,2,9000,0,0,0,0,0,0
TF,ZORBA,-37.148772,174.938853,0, ,0.0,0.0,0.0,0.0,2,6000,0,1,240,0,0,0
TF,SABAV,-37.020825,175.072581,0, ,0.0,0.0,0.0,0.0,2,4000,0,1,220,0,0,0
TF,EMRAG,-36.942011,175.038428,0, ,0.0,0.0,0.0,0.0,2,3000,0,1,210,0,0,0

STAR,DAVE7B,05R,5
IF,DAVEE,-37.588725,174.809942, ,0.0,0.0,2,8000,0,1,280,0,0,0
TF,VINCE,-37.267650,174.814069,0, ,0.0,0.0,0.0,0.0,4,9000,5000,1,240,0,0,0
TF,GITUK,-37.159422,174.571253,0, ,0.0,0.0,0.0,0.0,2,4000,0,1,220,0,0,0
TF,LENGU,-37.080464,174.537517,0, ,0.0,0.0,0.0,0.0,2,3000,0,1,210,0,0,0

STAR,DAVE7C,23L,5
IF,DAVEE,-37.588725,174.809942, ,0.0,0.0,2,8000,0,1,280,0,0,0
TF,OSAKU,-37.425636,174.857897,0, ,0.0,0.0,0.0,0.0,2,5000,0,0,0,0,0,0
TF,ANSER,-37.343783,174.881889,0, ,0.0,0.0,0.0,0.0,0,0,0,0,0,0,0,0
TF,ELBOP,-37.175203,174.841428,0, ,0.0,0.0,0.0,0.0,0,0,0,0,0,0,0,0
TF,ESNAX,-37.093997,174.865403,0, ,0.0,0.0,0.0,0.0,2,3000,0,1,210,0,0,0

STAR,DAVE7D,05R,5
IF,DAVEE,-37.588725,174.809942, ,0.0,0.0,2,8000,0,1,280,0,0,0
TF,AA507,-37.420278,174.770000,0, ,0.0,0.0,0.0,0.0,2,5000,0,1,240,0,0,0
TF,STEAL,-37.203861,174.719144,0, ,0.0,0.0,0.0,0.0,0,0,0,1,220,0,0,0
TF,ATAMA,-37.122392,174.696567,0, ,0.0,0.0,0.0,0.0,2,3000,0,1,210,0,0,0

STAR,EAGI2A,AKLOM,4
IF,AKLOM,-35.357856,178.394161, ,0.0,0.0,0,0,0,0,0,0,0,0
TF,EAGIL,-36.671592,175.634950,0, ,0.0,0.0,0.0,0.0,2,10000,0,1,280,0,0,0

STAR,EAGI2A,23L,5
IF,EAGIL,-36.671592,175.634950, ,0.0,0.0,2,10000,0,1,280,0,0,0
TF,AA421,-36.753889,175.454722,0, ,0.0,0.0,0.0,0.0,2,7000,0,0,0,0,0,0
TF,AA425,-36.835833,175.273889,0, ,0.0,0.0,0.0,0.0,2,5000,0,1,240,0,0,0
TF,AA420,-36.868611,175.201667,0, ,0.0,0.0,0.0,0.0,2,4000,0,0,0,0,0,0
TF,EMRAG,-36.942011,175.038428,0, ,0.0,0.0,0.0,0.0,2,3000,0,1,210,0,0,0

STAR,EXOP1B,AGREX,4
IF,AGREX,-33.725117,175.564372, ,0.0,0.0,0,0,0,0,0,0,0,0
TF,EXOPI,-36.364981,175.302225,0, ,0.0,0.0,0.0,0.0,0,0,0,0,0,0,0,0

STAR,EXOP1B,AKLOM,4
IF,AKLOM,-35.357856,178.394161, ,0.0,0.0,0,0,0,0,0,0,0,0
TF,EXOPI,-36.364981,175.302225,0, ,0.0,0.0,0.0,0.0,0,0,0,0,0,0,0,0

STAR,EXOP1B,KALAG,4
IF,KALAG,-33.694261,175.323831, ,0.0,0.0,0,0,0,0,0,0,0,0
TF,EXOPI,-36.364981,175.302225,0, ,0.0,0.0,0.0,0.0,0,0,0,0,0,0,0,0

STAR,EXOP1B,OKTUB,4
IF,OKTUB,-35.213969,176.160044, ,0.0,0.0,0,0,0,0,0,0,0,0
TF,EXOPI,-36.364981,175.302225,0, ,0.0,0.0,0.0,0.0,0,0,0,0,0,0,0,0

STAR,EXOP1B,OLBEX,4
IF,OLBEX,-35.693419,178.607472, ,0.0,0.0,0,0,0,0,0,0,0,0
TF,EXOPI,-36.364981,175.302225,0, ,0.0,0.0,0.0,0.0,0,0,0,0,0,0,0,0

STAR,EXOP1B,SELKA,4
IF,SELKA,-34.149336,176.927556, ,0.0,0.0,0,0,0,0,0,0,0,0
TF,OKTUB,-35.213969,176.160044,0, ,0.0,0.0,0.0,0.0,0,0,0,0,0,0,0,0
TF,EXOPI,-36.364981,175.302225,0, ,0.0,0.0,0.0,0.0,0,0,0,0,0,0,0,0

STAR,EXOP1B,TARIB,4
IF,TARIB,-34.066142,176.748078, ,0.0,0.0,0,0,0,0,0,0,0,0
TF,EXOPI,-36.364981,175.302225,0, ,0.0,0.0,0.0,0.0,0,0,0,0,0,0,0,0

STAR,EXOP1B,05R,5
IF,EXOPI,-36.364981,175.302225, ,0.0,0.0,0,0,0,0,0,0,0,0
TF,DIPPU,-36.593969,175.167214,0, ,0.0,0.0,0.0,0.0,2,10000,0,1,280,0,0,0
TF,ANKIL,-36.819844,175.033200,0, ,0.0,0.0,0.0,0.0,2,7000,0,0,0,0,0,0
TF,LOSGA,-36.901056,174.740892,0, ,0.0,0.0,0.0,0.0,2,6000,0,1,240,0,0,0
TF,AKBAM,-37.001489,174.503856,0, ,0.0,0.0,0.0,0.0,2,4000,0,1,220,0,0,0
TF,LENGU,-37.080464,174.537517,0, ,0.0,0.0,0.0,0.0,2,3000,0,1,210,0,0,0

STAR,EXOP7D,AGREX,4
IF,AGREX,-33.725117,175.564372, ,0.0,0.0,0,0,0,0,0,0,0,0
TF,EXOPI,-36.364981,175.302225,0, ,0.0,0.0,0.0,0.0,0,0,0,0,0,0,0,0

STAR,EXOP7D,AKLOM,4
IF,AKLOM,-35.357856,178.394161, ,0.0,0.0,0,0,0,0,0,0,0,0
TF,EXOPI,-36.364981,175.302225,0, ,0.0,0.0,0.0,0.0,0,0,0,0,0,0,0,0

STAR,EXOP7D,KALAG,4
IF,KALAG,-33.694261,175.323831, ,0.0,0.0,0,0,0,0,0,0,0,0
TF,EXOPI,-36.364981,175.302225,0, ,0.0,0.0,0.0,0.0,0,0,0,0,0,0,0,0

STAR,EXOP7D,OKTUB,4
IF,OKTUB,-35.213969,176.160044, ,0.0,0.0,0,0,0,0,0,0,0,0
TF,EXOPI,-36.364981,175.302225,0, ,0.0,0.0,0.0,0.0,0,0,0,0,0,0,0,0

STAR,EXOP7D,OLBEX,4
IF,OLBEX,-35.693419,178.607472, ,0.0,0.0,0,0,0,0,0,0,0,0
TF,EXOPI,-36.364981,175.302225,0, ,0.0,0.0,0.0,0.0,0,0,0,0,0,0,0,0

STAR,EXOP7D,SELKA,4
IF,SELKA,-34.149336,176.927556, ,0.0,0.0,0,0,0,0,0,0,0,0
TF,OKTUB,-35.213969,176.160044,0, ,0.0,0.0,0.0,0.0,0,0,0,0,0,0,0,0
TF,EXOPI,-36.364981,175.302225,0, ,0.0,0.0,0.0,0.0,0,0,0,0,0,0,0,0

STAR,EXOP7D,TARIB,4
IF,TARIB,-34.066142,176.748078, ,0.0,0.0,0,0,0,0,0,0,0,0
TF,EXOPI,-36.364981,175.302225,0, ,0.0,0.0,0.0,0.0,0,0,0,0,0,0,0,0

STAR,EXOP7D,05R,5
IF,EXOPI,-36.364981,175.302225, ,0.0,0.0,0,0,0,0,0,0,0,0
TF,DIPPU,-36.593969,175.167214,0, ,0.0,0.0,0.0,0.0,2,8000,0,1,280,0,0,0
TF,ANKIL,-36.819844,175.033200,0, ,0.0,0.0,0.0,0.0,0,0,0,1,240,0,0,0
TF,VIRIS,-36.873267,174.841267,0, ,0.0,0.0,0.0,0.0,2,6000,0,1,210,0,0,0

STAR,EXOP8A,AGREX,4
IF,AGREX,-33.725117,175.564372, ,0.0,0.0,0,0,0,0,0,0,0,0
TF,EXOPI,-36.364981,175.302225,0, ,0.0,0.0,0.0,0.0,2,10000,0,1,280,0,0,0

STAR,EXOP8A,DUGAN,4
IF,DUGAN,-33.879478,173.390172, ,0.0,0.0,0,0,0,0,0,0,0,0
TF,EXOPI,-36.364981,175.302225,0, ,0.0,0.0,0.0,0.0,2,10000,0,1,280,0,0,0

STAR,EXOP8A,KALAG,4
IF,KALAG,-33.694261,175.323831, ,0.0,0.0,0,0,0,0,0,0,0,0
TF,EXOPI,-36.364981,175.302225,0, ,0.0,0.0,0.0,0.0,2,10000,0,1,280,0,0,0

STAR,EXOP8A,OKTUB,4
IF,OKTUB,-35.213969,176.160044, ,0.0,0.0,0,0,0,0,0,0,0,0
TF,EXOPI,-36.364981,175.302225,0, ,0.0,0.0,0.0,0.0,2,10000,0,1,280,0,0,0

STAR,EXOP8A,SELKA,4
IF,SELKA,-34.149336,176.927556, ,0.0,0.0,0,0,0,0,0,0,0,0
TF,OKTUB,-35.213969,176.160044,0, ,0.0,0.0,0.0,0.0,0,0,0,0,0,0,0,0
TF,EXOPI,-36.364981,175.302225,0, ,0.0,0.0,0.0,0.0,2,10000,0,1,280,0,0,0

STAR,EXOP8A,TARIB,4
IF,TARIB,-34.066142,176.748078, ,0.0,0.0,0,0,0,0,0,0,0,0
TF,EXOPI,-36.364981,175.302225,0, ,0.0,0.0,0.0,0.0,2,10000,0,1,280,0,0,0

STAR,EXOP8A,23L,5
IF,EXOPI,-36.364981,175.302225, ,0.0,0.0,2,10000,0,1,280,0,0,0
TF,AA417,-36.535000,175.225000,0, ,0.0,0.0,0.0,0.0,2,7000,0,0,0,0,0,0
TF,STORK,-36.660206,175.167756,0, ,0.0,0.0,0.0,0.0,2,6000,0,1,240,0,0,0
TF,AA418,-36.785556,175.110278,0, ,0.0,0.0,0.0,0.0,2,4000,0,0,0,0,0,0
TF,EMRAG,-36.942011,175.038428,0, ,0.0,0.0,0.0,0.0,2,3000,0,1,210,0,0,0

STAR,FOKR3A,IBESO,4
IF,IBESO,-36.990292,178.967481, ,0.0,0.0,0,0,0,0,0,0,0,0
TF,FOKRE,-36.731056,175.671206,0, ,0.0,0.0,0.0,0.0,2,10000,0,1,280,0,0,0

STAR,FOKR3A,OLBEX,4
IF,OLBEX,-35.693419,178.607472, ,0.0,0.0,0,0,0,0,0,0,0,0
TF,FOKRE,-36.731056,175.671206,0, ,0.0,0.0,0.0,0.0,2,10000,0,1,280,0,0,0

STAR,FOKR3A,23L,5
IF,FOKRE,-36.731056,175.671206, ,0.0,0.0,2,10000,0,1,280,0,0,0
TF,AA416,-36.795278,175.479722,0, ,0.0,0.0,0.0,0.0,2,7000,0,0,0,0,0,0
TF,AA426,-36.859167,175.288056,0, ,0.0,0.0,0.0,0.0,2,5000,0,1,240,0,0,0
TF,AA419,-36.884722,175.211389,0, ,0.0,0.0,0.0,0.0,2,4000,0,0,0,0,0,0
TF,EMRAG,-36.942011,175.038428,0, ,0.0,0.0,0.0,0.0,2,3000,0,1,210,0,0,0

STAR,IBES1B,05R,5
IF,IBESO,-36.990292,178.967481, ,0.0,0.0,0,0,0,0,0,0,0,0
TF,MERAS,-37.193806,175.298639,0, ,0.0,0.0,0.0,0.0,2,7000,0,0,0,0,0,0
TF,AA503,-37.258333,174.875556,0, ,0.0,0.0,0.0,0.0,2,6000,0,0,0,0,0,0
TF,VINCE,-37.267650,174.814069,0, ,0.0,0.0,0.0,0.0,4,9000,5000,1,240,0,0,0
TF,GITUK,-37.159422,174.571253,0, ,0.0,0.0,0.0,0.0,2,4000,0,1,220,0,0,0
TF,LENGU,-37.080464,174.537517,0, ,0.0,0.0,0.0,0.0,2,3000,0,1,210,0,0,0

STAR,IBES1D,05R,5
IF,IBESO,-36.990292,178.967481, ,0.0,0.0,0,0,0,0,0,0,0,0
TF,MERAS,-37.193806,175.298639,0, ,0.0,0.0,0.0,0.0,2,7000,0,0,0,0,0,0
TF,AA503,-37.258333,174.875556,0, ,0.0,0.0,0.0,0.0,2,6000,0,0,0,0,0,0
TF,VINCE,-37.267650,174.814069,0, ,0.0,0.0,0.0,0.0,4,9000,5000,1,240,0,0,0
TF,STEAL,-37.203861,174.719144,0, ,0.0,0.0,0.0,0.0,0,0,0,1,220,0,0,0
TF,ATAMA,-37.122392,174.696567,0, ,0.0,0.0,0.0,0.0,2,3000,0,1,210,0,0,0

STAR,LUNB1N,23L,5
IF,LUNBI,-37.256961,170.656817, ,0.0,0.0,0,0,0,0,0,0,0,0
TF,ARADI,-37.149461,173.447864,0, ,0.0,0.0,0.0,0.0,0,0,0,0,0,0,0,0
TF,GEWNY,-37.033811,174.142583,0, ,0.0,0.0,0.0,0.0,2,10000,0,1,280,0,0,0
TF,DOMRI,-36.981586,174.447917,0, ,0.0,0.0,0.0,0.0,2,9000,0,0,0,0,0,0
TF,LOSGA,-36.901056,174.740892,0, ,0.0,0.0,0.0,0.0,2,7000,0,1,240,0,0,0
TF,VIBAG,-36.863183,175.004350,0, ,0.0,0.0,0.0,0.0,2,4000,0,1,220,0,0,0
TF,EMRAG,-36.942011,175.038428,0, ,0.0,0.0,0.0,0.0,2,3000,0,1,210,0,0,0

STAR,NOBA1E,23L,5
IF,NOBAR,-37.443911,175.757103, ,0.0,0.0,0,0,0,0,0,0,0,0
TF,SAMII,-37.249806,175.477228,0, ,0.0,0.0,0.0,0.0,2,7000,0,0,0,0,0,0
TF,TEVUC,-37.041136,175.179086,0, ,0.0,0.0,0.0,0.0,2,5000,0,1,240,0,0,0

STAR,NOBA6A,23L,5
IF,NOBAR,-37.443911,175.757103, ,0.0,0.0,0,0,0,0,0,0,0,0
TF,SAMII,-37.249806,175.477228,0, ,0.0,0.0,0.0,0.0,2,7000,0,0,0,0,0,0
TF,TEVUC,-37.041136,175.179086,0, ,0.0,0.0,0.0,0.0,2,5000,0,1,220,0,0,0
TF,EMRAG,-36.942011,175.038428,0, ,0.0,0.0,0.0,0.0,2,3000,0,1,210,0,0,0

STAR,NOBA9B,05R,5
IF,NOBAR,-37.443911,175.757103, ,0.0,0.0,0,0,0,0,0,0,0,0
TF,MERAS,-37.193806,175.298639,0, ,0.0,0.0,0.0,0.0,2,7000,0,0,0,0,0,0
TF,AA503,-37.258333,174.875556,0, ,0.0,0.0,0.0,0.0,2,6000,0,0,0,0,0,0
TF,VINCE,-37.267650,174.814069,0, ,0.0,0.0,0.0,0.0,4,9000,5000,1,240,0,0,0
TF,GITUK,-37.159422,174.571253,0, ,0.0,0.0,0.0,0.0,2,4000,0,1,220,0,0,0
TF,LENGU,-37.080464,174.537517,0, ,0.0,0.0,0.0,0.0,2,3000,0,1,210,0,0,0

STAR,NOBA9D,05R,5
IF,NOBAR,-37.443911,175.757103, ,0.0,0.0,0,0,0,0,0,0,0,0
TF,MERAS,-37.193806,175.298639,0, ,0.0,0.0,0.0,0.0,2,7000,0,0,0,0,0,0
TF,AA503,-37.258333,174.875556,0, ,0.0,0.0,0.0,0.0,2,6000,0,0,0,0,0,0
TF,VINCE,-37.267650,174.814069,0, ,0.0,0.0,0.0,0.0,4,9000,4000,1,240,0,0,0
TF,STEAL,-37.203861,174.719144,0, ,0.0,0.0,0.0,0.0,0,0,0,1,220,0,0,0
TF,ATAMA,-37.122392,174.696567,0, ,0.0,0.0,0.0,0.0,2,3000,0,1,210,0,0,0

STAR,PEPE2E,23L,5
IF,PEPPE,-37.576886,174.960094, ,0.0,0.0,2,11000,0,0,0,0,0,0
TF,ONISU,-37.417183,174.946333,0, ,0.0,0.0,0.0,0.0,0,0,0,0,0,0,0,0
TF,UPTIB,-37.352086,174.964839,0, ,0.0,0.0,0.0,0.0,2,9000,0,0,0,0,0,0
TF,KETOB,-37.132264,175.028864,0, ,0.0,0.0,0.0,0.0,2,5000,0,1,240,0,0,0

STAR,PEPE5A,23L,5
IF,PEPPE,-37.576886,174.960094, ,0.0,0.0,2,11000,0,0,0,0,0,0
TF,ONISU,-37.417183,174.946333,0, ,0.0,0.0,0.0,0.0,0,0,0,0,0,0,0,0
TF,UPTIB,-37.352086,174.964839,0, ,0.0,0.0,0.0,0.0,2,9000,0,0,0,0,0,0
TF,KETOB,-37.132264,175.028864,0, ,0.0,0.0,0.0,0.0,2,5000,0,0,0,0,0,0
TF,SABAV,-37.020825,175.072581,0, ,0.0,0.0,0.0,0.0,2,4000,0,1,220,0,0,0
TF,EMRAG,-36.942011,175.038428,0, ,0.0,0.0,0.0,0.0,2,3000,0,1,210,0,0,0

STAR,PEPE6B,05R,5
IF,PEPPE,-37.576886,174.960094, ,0.0,0.0,2,11000,0,0,0,0,0,0
TF,IGABI,-37.413419,174.918003,0, ,0.0,0.0,0.0,0.0,0,0,0,0,0,0,0,0
TF,VINCE,-37.267650,174.814069,0, ,0.0,0.0,0.0,0.0,4,9000,5000,1,240,0,0,0
TF,GITUK,-37.159422,174.571253,0, ,0.0,0.0,0.0,0.0,2,4000,0,1,220,0,0,0
TF,LENGU,-37.080464,174.537517,0, ,0.0,0.0,0.0,0.0,2,3000,0,1,210,0,0,0

STAR,PEPE9C,23L,5
IF,PEPPE,-37.576886,174.960094, ,0.0,0.0,2,11000,0,0,0,0,0,0
TF,ANSER,-37.343783,174.881889,0, ,0.0,0.0,0.0,0.0,2,5000,0,0,0,0,0,0
TF,ELBOP,-37.175203,174.841428,0, ,0.0,0.0,0.0,0.0,0,0,0,0,0,0,0,0
TF,ESNAX,-37.093997,174.865403,0, ,0.0,0.0,0.0,0.0,2,3000,0,1,210,0,0,0

STAR,PEPE9D,05R,5
IF,PEPPE,-37.576886,174.960094, ,0.0,0.0,2,11000,0,0,0,0,0,0
TF,IGABI,-37.413419,174.918003,0, ,0.0,0.0,0.0,0.0,2,5000,0,0,0,0,0,0
TF,VINCE,-37.267650,174.814069,0, ,0.0,0.0,0.0,0.0,4,9000,4000,1,240,0,0,0
TF,STEAL,-37.203861,174.719144,0, ,0.0,0.0,0.0,0.0,0,0,0,1,220,0,0,0
TF,ATAMA,-37.122392,174.696567,0, ,0.0,0.0,0.0,0.0,2,3000,0,1,210,0,0,0

STAR,RIKD1N,AGREX,4
IF,AGREX,-33.725117,175.564372, ,0.0,0.0,0,0,0,0,0,0,0,0
TF,RIKDI,-36.682944,174.581336,0, ,0.0,0.0,0.0,0.0,2,8000,0,0,0,0,0,0

STAR,RIKD1N,AKLOM,4
IF,AKLOM,-35.357856,178.394161, ,0.0,0.0,0,0,0,0,0,0,0,0
TF,RIKDI,-36.682944,174.581336,0, ,0.0,0.0,0.0,0.0,2,8000,0,0,0,0,0,0

STAR,RIKD1N,KALAG,4
IF,KALAG,-33.694261,175.323831, ,0.0,0.0,0,0,0,0,0,0,0,0
TF,RIKDI,-36.682944,174.581336,0, ,0.0,0.0,0.0,0.0,2,8000,0,0,0,0,0,0

STAR,RIKD1N,OKTUB,4
IF,OKTUB,-35.213969,176.160044, ,0.0,0.0,0,0,0,0,0,0,0,0
TF,RIKDI,-36.682944,174.581336,0, ,0.0,0.0,0.0,0.0,2,8000,0,0,0,0,0,0

STAR,RIKD1N,OLBEX,4
IF,OLBEX,-35.693419,178.607472, ,0.0,0.0,0,0,0,0,0,0,0,0
TF,RIKDI,-36.682944,174.581336,0, ,0.0,0.0,0.0,0.0,2,8000,0,0,0,0,0,0

STAR,RIKD1N,SELKA,4
IF,SELKA,-34.149336,176.927556, ,0.0,0.0,0,0,0,0,0,0,0,0
TF,RIKDI,-36.682944,174.581336,0, ,0.0,0.0,0.0,0.0,2,8000,0,0,0,0,0,0

STAR,RIKD1N,TARIB,4
IF,TARIB,-34.066142,176.748078, ,0.0,0.0,0,0,0,0,0,0,0,0
TF,RIKDI,-36.682944,174.581336,0, ,0.0,0.0,0.0,0.0,2,8000,0,0,0,0,0,0

STAR,RIKD1N,05R,5
IF,RIKDI,-36.682944,174.581336, ,0.0,0.0,2,8000,0,0,0,0,0,0
TF,WYTAK,-36.908156,174.433008,0, ,0.0,0.0,0.0,0.0,2,5000,0,0,0,0,0,0
TF,OSIVO,-37.099344,174.468508,0, ,0.0,0.0,0.0,0.0,0,0,0,0,0,0,0,0
TF,LENGU,-37.080464,174.537517,1, ,0.0,0.0,0.0,0.0,2,3000,0,0,0,0,0,0

STAR,SCAR3B,HN,4
IF,HN,-37.849264,175.338528, ,0.0,0.0,0,0,0,0,0,0,0,0
TF,SCARY,-37.572461,175.070700,0, ,0.0,0.0,0.0,0.0,0,0,0,0,0,0,0,0

STAR,SCAR3B,05R,5
IF,SCARY,-37.572461,175.070700, ,0.0,0.0,0,0,0,0,0,0,0,0
TF,IGABI,-37.413419,174.918003,0, ,0.0,0.0,0.0,0.0,0,0,0,0,0,0,0,0
TF,VINCE,-37.267650,174.814069,0, ,0.0,0.0,0.0,0.0,4,9000,5000,1,240,0,0,0
TF,GITUK,-37.159422,174.571253,0, ,0.0,0.0,0.0,0.0,2,4000,0,1,220,0,0,0
TF,LENGU,-37.080464,174.537517,0, ,0.0,0.0,0.0,0.0,2,3000,0,1,210,0,0,0

STAR,SCAR3D,HN,4
IF,HN,-37.849264,175.338528, ,0.0,0.0,0,0,0,0,0,0,0,0
TF,SCARY,-37.572461,175.070700,0, ,0.0,0.0,0.0,0.0,0,0,0,0,0,0,0,0

STAR,SCAR3D,05R,5
IF,SCARY,-37.572461,175.070700, ,0.0,0.0,0,0,0,0,0,0,0,0
TF,IGABI,-37.413419,174.918003,0, ,0.0,0.0,0.0,0.0,2,5000,0,0,0,0,0,0
TF,VINCE,-37.267650,174.814069,0, ,0.0,0.0,0.0,0.0,4,9000,4000,1,240,0,0,0
TF,STEAL,-37.203861,174.719144,0, ,0.0,0.0,0.0,0.0,0,0,0,1,220,0,0,0
TF,ATAMA,-37.122392,174.696567,0, ,0.0,0.0,0.0,0.0,2,3000,0,1,210,0,0,0

STAR,SKEP2A,HN,4
IF,HN,-37.849264,175.338528, ,0.0,0.0,0,0,0,0,0,0,0,0
TF,SKEPY,-37.538194,175.237900,0, ,0.0,0.0,0.0,0.0,0,0,0,0,0,0,0,0

STAR,SKEP2A,23L,5
IF,SKEPY,-37.538194,175.237900, ,0.0,0.0,0,0,0,0,0,0,0,0
TF,AA415,-37.085556,175.093056,0, ,0.0,0.0,0.0,0.0,2,5000,0,0,0,0,0,0
TF,SABAV,-37.020825,175.072581,0, ,0.0,0.0,0.0,0.0,2,4000,0,1,220,0,0,0
TF,EMRAG,-36.942011,175.038428,0, ,0.0,0.0,0.0,0.0,2,3000,0,1,210,0,0,0

STAR,TAZE2N,PEBLU,4
IF,PEBLU,-38.109831,170.857672, ,0.0,0.0,0,0,0,0,0,0,0,0
TF,TAZEY,-37.338589,174.467478,0, ,0.0,0.0,0.0,0.0,0,0,0,0,0,0,0,0

STAR,TAZE2N,VELMO,4
IF,VELMO,-38.271622,170.930750, ,0.0,0.0,0,0,0,0,0,0,0,0
TF,TAZEY,-37.338589,174.467478,0, ,0.0,0.0,0.0,0.0,0,0,0,0,0,0,0,0

STAR,TAZE2N,23L,5
IF,TAZEY,-37.338589,174.467478, ,0.0,0.0,0,0,0,0,0,0,0,0
TF,ZORBA,-37.148772,174.938853,0, ,0.0,0.0,0.0,0.0,2,5000,0,0,0,0,0,0
TF,SABAV,-37.020825,175.072581,0, ,0.0,0.0,0.0,0.0,2,4000,0,1,220,0,0,0
TF,EMRAG,-36.942011,175.038428,0, ,0.0,0.0,0.0,0.0,2,3000,0,1,210,0,0,0

STAR,TAZE3E,PEBLU,4
IF,PEBLU,-38.109831,170.857672, ,0.0,0.0,0,0,0,0,0,0,0,0
TF,TAZEY,-37.338589,174.467478,0, ,0.0,0.0,0.0,0.0,0,0,0,0,0,0,0,0

STAR,TAZE3E,VELMO,4
IF,VELMO,-38.271622,170.930750, ,0.0,0.0,0,0,0,0,0,0,0,0
TF,TAZEY,-37.338589,174.467478,0, ,0.0,0.0,0.0,0.0,0,0,0,0,0,0,0,0

STAR,TAZE3E,23L,5
IF,TAZEY,-37.338589,174.467478, ,0.0,0.0,0,0,0,0,0,0,0,0
TF,ZORBA,-37.148772,174.938853,0, ,0.0,0.0,0.0,0.0,2,6000,0,1,240,0,0,0

STAR,UKAP2D,05R,5
IF,UKAPA,-36.295536,174.238772, ,0.0,0.0,0,0,0,0,0,0,0,0
TF,SHILI,-36.378414,174.269619,0, ,0.0,0.0,0.0,0.0,2,6000,0,0,0,0,0,0
TF,MUDEE,-36.961611,174.626528,0, ,0.0,0.0,0.0,0.0,2,3000,0,1,190,0,0,0
TF,UDUMO,-37.014386,174.657736,0, ,0.0,0.0,0.0,0.0,2,2000,0,1,170,0,0,0

STAR,UKAP3B,05R,5
IF,UKAPA,-36.295536,174.238772, ,0.0,0.0,0,0,0,0,0,0,0,0
TF,SHILI,-36.378414,174.269619,0, ,0.0,0.0,0.0,0.0,2,6000,0,0,0,0,0,0
TF,AKBAM,-37.001489,174.503856,0, ,0.0,0.0,0.0,0.0,2,4000,0,1,220,0,0,0
TF,LENGU,-37.080464,174.537517,0, ,0.0,0.0,0.0,0.0,2,3000,0,1,210,0,0,0

APPTR,D05R,05R,D142M
IF,D142M,-37.210933,174.897453, ,0.0,0.0,0,0,0,0,0,0,0,0
AF,D231M,-37.074986,174.557631,2,AA,231.0,13.0,142.0,2,3000,0,0,0,0,0,0
TF,UGRUS,-37.058836,174.616347,0, ,0.0,0.0,0.0,0.0,2,2400,0,1,170,0,0,0

APPTR,D05R,05R,D332M
IF,D332M,-36.789792,174.776097, ,0.0,0.0,0,0,0,0,0,0,0,0
AF,D231M,-37.074986,174.557631,1,AA,231.0,13.0,332.0,2,3000,0,0,0,0,0,0
TF,UGRUS,-37.058836,174.616347,0, ,0.0,0.0,0.0,0.0,2,2400,0,1,170,0,0,0

APPTR,D05R,05R,LENGU
IF,LENGU,-37.080464,174.537517, ,0.0,0.0,2,3000,0,0,0,0,0,0
TF,UGRUS,-37.058836,174.616347,0, ,0.0,0.0,0.0,0.0,2,2400,0,1,170,0,0,0

FINAL,D05R,05R,D,3
IF,UGRUS,-37.058836,174.616347,AA,231.0,10.0,2,2400,0,1,170,0,0,0
CF,FD05R,-37.042578,174.675839,0,AA,231.0,7.0,51.0,3.0,2,1500,0,0,0,0,2,0
CF,MD05R,-37.018206,174.764436,0,AA,231.0,2.5,51.0,4.5,1,166,0,0,0,0,3,0
CF,EMRAG,-36.942011,175.038428,0,AA,50.9,11.4,51.0,13.9,1,3000,0,1,185,0,0,0

APPTR,D05RE,05R,D142M
IF,D142M,-37.210933,174.897453, ,0.0,0.0,0,0,0,0,0,0,0,0
AF,D231M,-37.074986,174.557631,2,AA,231.0,13.0,142.0,2,3000,0,0,0,0,0,0
TF,UGRUS,-37.058836,174.616347,0, ,0.0,0.0,0.0,0.0,2,2400,0,1,170,0,0,0

APPTR,D05RE,05R,D332M
IF,D332M,-36.789792,174.776097, ,0.0,0.0,0,0,0,0,0,0,0,0
AF,D231M,-37.074986,174.557631,1,AA,231.0,13.0,332.0,2,3000,0,0,0,0,0,0
TF,UGRUS,-37.058836,174.616347,0, ,0.0,0.0,0.0,0.0,2,2400,0,1,170,0,0,0

APPTR,D05RE,05R,LENGU
IF,LENGU,-37.080464,174.537517, ,0.0,0.0,2,3000,0,0,0,0,0,0
TF,UGRUS,-37.058836,174.616347,0, ,0.0,0.0,0.0,0.0,2,2400,0,1,170,0,0,0

FINAL,D05RE,05R,D,3
IF,UGRUS,-37.058836,174.616347,AA,231.0,10.0,2,2400,0,1,170,0,0,0
CF,FD05R,-37.042578,174.675839,0,AA,231.0,7.0,51.0,3.0,2,1500,0,0,0,0,2,0
CF,MD05R,-37.018206,174.764436,0,AA,231.0,2.5,51.0,4.5,1,166,0,0,0,0,3,0
CF,EMRAG,-36.942011,175.038428,0,AA,50.9,11.4,51.0,13.9,1,3000,0,1,185,0,0,0

APPTR,D05RW,05R,D142M
IF,D142M,-37.210933,174.897453, ,0.0,0.0,0,0,0,0,0,0,0,0
AF,D231M,-37.074986,174.557631,2,AA,231.0,13.0,142.0,2,3000,0,0,0,0,0,0
TF,UGRUS,-37.058836,174.616347,0, ,0.0,0.0,0.0,0.0,2,2600,0,1,170,0,0,0

APPTR,D05RW,05R,D332M
IF,D332M,-36.789792,174.776097, ,0.0,0.0,0,0,0,0,0,0,0,0
AF,D231M,-37.074986,174.557631,1,AA,231.0,13.0,332.0,2,3000,0,0,0,0,0,0
TF,UGRUS,-37.058836,174.616347,0, ,0.0,0.0,0.0,0.0,2,2600,0,1,170,0,0,0

APPTR,D05RW,05R,LENGU
IF,LENGU,-37.080464,174.537517, ,0.0,0.0,2,3000,0,0,0,0,0,0
TF,UGRUS,-37.058836,174.616347,0, ,0.0,0.0,0.0,0.0,2,2600,0,1,170,0,0,0

FINAL,D05RW,05R,D,3
IF,UGRUS,-37.058836,174.616347,AA,231.0,10.0,2,2600,0,1,170,0,0,0
CF,FD05R,-37.042578,174.675839,0,AA,231.0,7.0,51.0,3.0,2,1700,0,0,0,0,2,0
CF,MD05R,-37.018206,174.764436,0,AA,231.0,2.5,51.0,4.5,1,330,0,0,0,0,3,0
CF,EMRAG,-36.942011,175.038428,0,AA,50.9,11.4,51.0,13.9,1,3000,0,1,185,0,0,0

APPTR,D23L,23L,D165M
IF,D165M,-37.220747,174.789986, ,0.0,0.0,0,0,0,0,0,0,0,0
AF,D051M,-36.933472,175.069061,1,AA,50.9,13.0,165.0,2,3000,0,0,0,0,0,0
TF,EMRAG,-36.942011,175.038428,0, ,0.0,0.0,0.0,0.0,2,3000,0,0,0,0,0,0
TF,ORESO,-36.963894,174.959842,0, ,0.0,0.0,0.0,0.0,2,2420,0,1,170,0,0,0

APPTR,D23L,23L,D305M
IF,D305M,-36.826817,174.658836, ,0.0,0.0,0,0,0,0,0,0,0,0
AF,D051M,-36.933472,175.069061,2,AA,50.9,13.0,305.0,2,3000,0,0,0,0,0,0
TF,EMRAG,-36.942011,175.038428,0, ,0.0,0.0,0.0,0.0,2,3000,0,0,0,0,0,0
TF,ORESO,-36.963894,174.959842,0, ,0.0,0.0,0.0,0.0,2,2420,0,1,170,0,0,0

APPTR,D23L,23L,EMRAG
IF,EMRAG,-36.942011,175.038428, ,0.0,0.0,2,3000,0,0,0,0,0,0
TF,ORESO,-36.963894,174.959842,0, ,0.0,0.0,0.0,0.0,2,2420,0,1,170,0,0,0

FINAL,D23L,23L,D,4
IF,ORESO,-36.963894,174.959842,AA,50.9,7.4,2,2420,0,1,170,0,0,0
CF,FD23L,-36.977253,174.911889,0,AA,50.9,5.0,231.0,2.4,2,1700,0,0,0,0,2,0
CF,30VOR,-36.988317,174.872639,0,AA,51.0,3.0,231.0,2.0,2,1100,0,0,0,0,0,0
CF,AA,-37.004639,174.813639,0,AA,0.0,0.0,231.0,3.0,1,196,0,0,0,0,3,0
CF,LENGU,-37.080464,174.537517,0,AA,231.0,14.0,231.0,14.0,1,3000,0,1,185,0,0,0

APPTR,D23LE,23L,D165M
IF,D165M,-37.220747,174.789986, ,0.0,0.0,0,0,0,0,0,0,0,0
AF,D051M,-36.933472,175.069061,1,AA,50.9,13.0,165.0,2,3000,0,0,0,0,0,0
TF,EMRAG,-36.942011,175.038428,0, ,0.0,0.0,0.0,0.0,2,3000,0,0,0,0,0,0
TF,ORESO,-36.963894,174.959842,0, ,0.0,0.0,0.0,0.0,2,2620,0,1,170,0,0,0

APPTR,D23LE,23L,D305M
IF,D305M,-36.826817,174.658836, ,0.0,0.0,0,0,0,0,0,0,0,0
AF,D051M,-36.933472,175.069061,2,AA,50.9,13.0,305.0,2,3000,0,0,0,0,0,0
TF,EMRAG,-36.942011,175.038428,0, ,0.0,0.0,0.0,0.0,2,3000,0,0,0,0,0,0
TF,ORESO,-36.963894,174.959842,0, ,0.0,0.0,0.0,0.0,2,2620,0,1,170,0,0,0

APPTR,D23LE,23L,EMRAG
IF,EMRAG,-36.942011,175.038428, ,0.0,0.0,2,3000,0,0,0,0,0,0
TF,ORESO,-36.963894,174.959842,0, ,0.0,0.0,0.0,0.0,2,2620,0,1,170,0,0,0

FINAL,D23LE,23L,D,4
IF,ORESO,-36.963894,174.959842,AA,50.9,7.4,2,2620,0,1,170,0,0,0
CF,FD23L,-36.977253,174.911889,0,AA,50.9,5.0,231.0,2.4,2,1900,0,0,0,0,2,0
CF,30VOR,-36.988317,174.872639,0,AA,51.0,3.0,231.0,2.0,2,1300,0,0,0,0,0,0
CF,AA,-37.004639,174.813639,0,AA,0.0,0.0,231.0,3.0,1,378,0,0,0,0,3,0
CF,LENGU,-37.080464,174.537517,0,AA,231.0,14.0,231.0,14.0,1,3000,0,1,185,0,0,0

APPTR,D23LW,23L,D165M
IF,D165M,-37.220747,174.789986, ,0.0,0.0,0,0,0,0,0,0,0,0
AF,D051M,-36.933472,175.069061,1,AA,50.9,13.0,165.0,2,3000,0,0,0,0,0,0
TF,EMRAG,-36.942011,175.038428,0, ,0.0,0.0,0.0,0.0,2,3000,0,0,0,0,0,0
TF,ORESO,-36.963894,174.959842,0, ,0.0,0.0,0.0,0.0,2,2420,0,1,170,0,0,0

APPTR,D23LW,23L,D305M
IF,D305M,-36.826817,174.658836, ,0.0,0.0,0,0,0,0,0,0,0,0
AF,D051M,-36.933472,175.069061,2,AA,50.9,13.0,305.0,2,3000,0,0,0,0,0,0
TF,EMRAG,-36.942011,175.038428,0, ,0.0,0.0,0.0,0.0,2,3000,0,0,0,0,0,0
TF,ORESO,-36.963894,174.959842,0, ,0.0,0.0,0.0,0.0,2,2420,0,1,170,0,0,0

APPTR,D23LW,23L,EMRAG
IF,EMRAG,-36.942011,175.038428, ,0.0,0.0,2,3000,0,0,0,0,0,0
TF,ORESO,-36.963894,174.959842,0, ,0.0,0.0,0.0,0.0,2,2420,0,1,170,0,0,0

FINAL,D23LW,23L,D,4
IF,ORESO,-36.963894,174.959842,AA,50.9,7.4,2,2420,0,1,170,0,0,0
CF,FD23L,-36.977253,174.911889,0,AA,50.9,5.0,231.0,2.4,2,1700,0,0,0,0,2,0
CF,30VOR,-36.988317,174.872639,0,AA,51.0,3.0,231.0,2.0,2,1100,0,0,0,0,0,0
CF,AA,-37.004639,174.813639,0,AA,0.0,0.0,231.0,3.0,1,197,0,0,0,0,3,0
CF,LENGU,-37.080464,174.537517,0,AA,231.0,14.0,231.0,14.0,1,3000,0,1,185,0,0,0

APPTR,I05R,05R,D142M
IF,D142M,-37.210933,174.897453, ,0.0,0.0,0,0,0,0,0,0,0,0
AF,D222M,-37.106247,174.574481,2,AA,222.0,13.0,142.0,2,3000,0,0,0,0,0,0
VI,0,IAA,0.0,6.0,0,0,0,0,0,0,0,0

APPTR,I05R,05R,D332M
IF,D332M,-36.789792,174.776097, ,0.0,0.0,0,0,0,0,0,0,0,0
AF,D240M,-37.042011,174.547117,1,AA,240.0,13.0,332.0,2,3000,0,0,0,0,0,0
VI,0,IAA,0.0,96.0,0,0,0,0,0,0,0,0

FINAL,I05R,05R,I,3
IF,LENGU,-37.080464,174.537517,IAA,230.9,13.7,2,3000,0,1,210,0,0,0
CF,UGRUS,-37.058836,174.616347,0,IAA,230.9,9.7,51.0,4.0,1,2620,0,1,170,0,2,0
CF,RW05R,-37.016317,174.770783,0,IAA,230.7,1.9,51.0,7.8,1,65,0,0,0,0,3,0
CF,EMRAG,-36.942011,175.038428,0,AA,50.9,11.4,51.0,13.6,1,3000,0,1,185,0,0,0

APPTR,I05RE,05R,D142M
IF,D142M,-37.210933,174.897453, ,0.0,0.0,0,0,0,0,0,0,0,0
AF,D222M,-37.106247,174.574481,2,AA,222.0,13.0,142.0,2,3000,0,0,0,0,0,0
VI,0,IAA,0.0,6.0,0,0,0,0,0,0,0,0

APPTR,I05RE,05R,D332M
IF,D332M,-36.789792,174.776097, ,0.0,0.0,0,0,0,0,0,0,0,0
AF,D240M,-37.042011,174.547117,1,AA,240.0,13.0,332.0,2,3000,0,0,0,0,0,0
VI,0,IAA,0.0,96.0,0,0,0,0,0,0,0,0

FINAL,I05RE,05R,I,3
IF,LENGU,-37.080464,174.537517,IAA,230.9,13.7,2,3000,0,1,210,0,0,0
CF,UGRUS,-37.058836,174.616347,0,IAA,230.9,9.7,51.0,4.0,1,2620,0,1,170,0,2,0
CF,RW05R,-37.016317,174.770783,0,IAA,230.7,1.9,51.0,7.8,1,65,0,0,0,0,3,0
CF,EMRAG,-36.942011,175.038428,0,AA,50.9,11.4,51.0,13.6,1,3000,0,1,185,0,0,0

APPTR,I23L,23L,D165M
IF,D165M,-37.220747,174.789986, ,0.0,0.0,0,0,0,0,0,0,0,0
AF,D051M,-36.933472,175.069061,1,AA,50.9,13.0,165.0,2,3000,0,0,0,0,0,0
CF,EMRAG,-36.942011,175.038428,0,IMG,51.0,13.9,231.0,1.6,2,3000,0,0,0,0,0,0

APPTR,I23L,23L,D305M
IF,D305M,-36.826817,174.658836, ,0.0,0.0,0,0,0,0,0,0,0,0
AF,D051M,-36.933472,175.069061,2,AA,50.9,13.0,305.0,2,3000,0,0,0,0,0,0
CF,EMRAG,-36.942011,175.038428,0,IMG,51.0,13.9,231.0,1.6,2,3000,0,0,0,0,0,0

FINAL,I23L,23L,I,3
IF,EMRAG,-36.942011,175.038428,IMG,51.0,13.9,2,3000,0,0,0,0,0,0
CF,ORESO,-36.963894,174.959842,0,IMG,51.0,9.9,231.0,4.0,1,2620,0,1,170,0,2,0
CF,RW23L,-37.006656,174.805742,0,IMG,51.2,2.1,231.0,7.8,1,73,0,0,0,0,3,0
CF,LENGU,-37.080464,174.537517,0,AA,231.0,14.0,231.0,13.6,1,3000,0,1,185,0,0,0

APPTR,I23LW,23L,D165M
IF,D165M,-37.220747,174.789986, ,0.0,0.0,0,0,0,0,0,0,0,0
AF,D051M,-36.933472,175.069061,1,AA,50.9,13.0,165.0,2,3000,0,0,0,0,0,0
CF,EMRAG,-36.942011,175.038428,0,IMG,51.0,13.9,231.0,1.6,2,3000,0,0,0,0,0,0

APPTR,I23LW,23L,D305M
IF,D305M,-36.826817,174.658836, ,0.0,0.0,0,0,0,0,0,0,0,0
AF,D051M,-36.933472,175.069061,2,AA,50.9,13.0,305.0,2,3000,0,0,0,0,0,0
CF,EMRAG,-36.942011,175.038428,0,IMG,51.0,13.9,231.0,1.6,2,3000,0,0,0,0,0,0

FINAL,I23LW,23L,I,3
IF,EMRAG,-36.942011,175.038428,IMG,51.0,13.9,2,3000,0,0,0,0,0,0
CF,ORESO,-36.963894,174.959842,0,IMG,51.0,9.9,231.0,4.0,1,2620,0,1,170,0,2,0
CF,RW23L,-37.006656,174.805742,0,IMG,51.2,2.1,231.0,7.8,1,73,0,0,0,0,3,0
CF,LENGU,-37.080464,174.537517,0,AA,231.0,14.0,231.0,13.6,1,3000,0,1,185,0,0,0

APPTR,L05R,05R,D142M
IF,D142M,-37.210933,174.897453, ,0.0,0.0,0,0,0,0,0,0,0,0
AF,D231M,-37.074986,174.557631,2,AA,231.0,13.0,142.0,2,3000,0,0,0,0,0,0
CF,UGRUS,-37.058836,174.616347,0,IAA,230.9,9.7,51.0,3.0,2,2000,0,1,170,0,0,0

APPTR,L05R,05R,D332M
IF,D332M,-36.789792,174.776097, ,0.0,0.0,0,0,0,0,0,0,0,0
AF,D231M,-37.074986,174.557631,1,AA,231.0,13.0,332.0,2,3000,0,0,0,0,0,0
CF,UGRUS,-37.058836,174.616347,0,IAA,230.9,9.7,51.0,3.0,2,2000,0,1,170,0,0,0

APPTR,L05R,05R,LENGU
IF,LENGU,-37.080464,174.537517, ,0.0,0.0,2,3000,0,1,210,0,0,0
CF,UGRUS,-37.058836,174.616347,0,IAA,230.9,9.7,51.0,4.0,2,2000,0,1,170,0,0,0

FINAL,L05R,05R,D,3
IF,UGRUS,-37.058836,174.616347,IAA,230.9,9.7,2,2000,0,1,170,0,0,0
CF,FL05R,-37.042908,174.675583,0,IAA,230.7,6.7,51.0,3.0,2,900,0,0,0,0,2,0
CF,MA05R,-37.020806,174.754222,0,IAA,230.9,2.7,51.0,4.0,1,333,0,0,0,0,3,0
CF,EMRAG,-36.942011,175.038428,0,AA,50.9,11.4,51.0,14.5,1,3000,0,1,185,0,0,0

APPTR,L05RE,05R,D142M
IF,D142M,-37.210933,174.897453, ,0.0,0.0,0,0,0,0,0,0,0,0
AF,D231M,-37.074986,174.557631,2,AA,231.0,13.0,142.0,2,3000,0,0,0,0,0,0
CF,UGRUS,-37.058836,174.616347,0,IAA,230.9,9.7,51.0,3.0,2,2100,0,1,170,0,0,0

APPTR,L05RE,05R,D332M
IF,D332M,-36.789792,174.776097, ,0.0,0.0,0,0,0,0,0,0,0,0
AF,D231M,-37.074986,174.557631,1,AA,231.0,13.0,332.0,2,3000,0,0,0,0,0,0
CF,UGRUS,-37.058836,174.616347,0,IAA,230.9,9.7,51.0,3.0,2,2100,0,1,170,0,0,0

APPTR,L05RE,05R,LENGU
IF,LENGU,-37.080464,174.537517, ,0.0,0.0,2,3000,0,1,210,0,0,0
CF,UGRUS,-37.058836,174.616347,0,IAA,230.9,9.7,51.0,4.0,2,2000,0,1,170,0,0,0

FINAL,L05RE,05R,D,3
IF,UGRUS,-37.058836,174.616347,IAA,230.9,9.7,2,2000,0,1,170,0,0,0
CF,FL05R,-37.042908,174.675583,0,IAA,230.7,6.7,51.0,3.0,2,900,0,0,0,0,2,0
CF,MA05R,-37.020806,174.754222,0,IAA,230.9,2.7,51.0,4.0,1,333,0,0,0,0,3,0
CF,EMRAG,-36.942011,175.038428,0,AA,50.9,11.4,51.0,14.5,1,3000,0,1,185,0,0,0

APPTR,L05RW,05R,D142M
IF,D142M,-37.210933,174.897453, ,0.0,0.0,0,0,0,0,0,0,0,0
AF,D231M,-37.074986,174.557631,2,AA,231.0,13.0,142.0,2,3000,0,0,0,0,0,0
CF,UGRUS,-37.058836,174.616347,0,IAA,230.9,9.7,51.0,3.0,2,2770,0,1,170,0,0,0

APPTR,L05RW,05R,D332M
IF,D332M,-36.789792,174.776097, ,0.0,0.0,0,0,0,0,0,0,0,0
AF,D231M,-37.074986,174.557631,1,AA,231.0,13.0,332.0,2,3000,0,0,0,0,0,0
CF,UGRUS,-37.058836,174.616347,0,IAA,230.9,9.7,51.0,3.0,2,2770,0,1,170,0,0,0

APPTR,L05RW,05R,LENGU
IF,LENGU,-37.080464,174.537517, ,0.0,0.0,2,3000,0,1,210,0,0,0
CF,UGRUS,-37.058836,174.616347,0,IAA,230.9,9.7,51.0,4.0,2,2770,0,1,170,0,0,0

FINAL,L05RW,05R,D,3
IF,UGRUS,-37.058836,174.616347,IAA,230.9,9.7,2,2770,0,1,170,0,0,0
CF,FL05R,-37.042908,174.675583,0,IAA,230.7,6.7,51.0,3.0,2,1820,0,0,0,0,2,0
CF,MA05R,-37.020806,174.754222,0,IAA,230.9,2.7,51.0,4.0,1,505,0,0,0,0,3,0
CF,EMRAG,-36.942011,175.038428,0,AA,50.9,11.4,51.0,14.5,1,3000,0,1,185,0,0,0

APPTR,L23L,23L,D165M
IF,D165M,-37.220747,174.789986, ,0.0,0.0,0,0,0,0,0,0,0,0
AF,D051M,-36.933472,175.069061,1,AA,50.9,13.0,165.0,2,3000,0,0,0,0,0,0
TF,EMRAG,-36.942011,175.038428,0, ,0.0,0.0,0.0,0.0,2,3000,0,0,0,0,0,0
CF,ORESO,-36.963894,174.959842,0,IMG,51.0,9.9,231.0,4.0,2,2000,0,1,170,0,0,0

APPTR,L23L,23L,D305M
IF,D305M,-36.826817,174.658836, ,0.0,0.0,0,0,0,0,0,0,0,0
AF,D051M,-36.933472,175.069061,2,AA,50.9,13.0,305.0,2,3000,0,0,0,0,0,0
TF,EMRAG,-36.942011,175.038428,0, ,0.0,0.0,0.0,0.0,2,3000,0,0,0,0,0,0
CF,ORESO,-36.963894,174.959842,0,IMG,51.0,9.9,231.0,4.0,2,2000,0,1,170,0,0,0

APPTR,L23L,23L,EMRAG
IF,EMRAG,-36.942011,175.038428, ,0.0,0.0,2,3000,0,0,0,0,0,0
CF,ORESO,-36.963894,174.959842,0,IMG,51.0,9.9,231.0,4.0,2,2000,0,1,170,0,0,0

FINAL,L23L,23L,D,4
IF,ORESO,-36.963894,174.959842,IMG,51.0,9.9,2,2000,0,1,170,0,0,0
CF,FL23L,-36.980583,174.901003,0,IMG,51.2,6.9,231.0,3.0,2,1500,0,0,0,0,2,0
CF,30LOC,-36.991117,174.861506,0,IMG,51.0,4.9,231.0,2.0,2,800,0,0,0,0,0,0
CF,MA23L,-37.004744,174.812217,0,IMG,51.0,2.4,231.0,2.5,1,179,0,0,0,0,3,0
CF,LENGU,-37.080464,174.537517,0,AA,231.0,14.0,231.0,14.0,1,3000,0,1,185,0,0,0

APPTR,L23LE,23L,D165M
IF,D165M,-37.220747,174.789986, ,0.0,0.0,0,0,0,0,0,0,0,0
AF,D051M,-36.933472,175.069061,1,AA,50.9,13.0,165.0,2,3000,0,0,0,0,0,0
TF,EMRAG,-36.942011,175.038428,0, ,0.0,0.0,0.0,0.0,2,3000,0,0,0,0,0,0
CF,ORESO,-36.963894,174.959842,0,IMG,51.0,9.9,231.0,4.0,2,2600,0,1,170,0,0,0

APPTR,L23LE,23L,D305M
IF,D305M,-36.826817,174.658836, ,0.0,0.0,0,0,0,0,0,0,0,0
AF,D051M,-36.933472,175.069061,2,AA,50.9,13.0,305.0,2,3000,0,0,0,0,0,0
TF,EMRAG,-36.942011,175.038428,0, ,0.0,0.0,0.0,0.0,2,3000,0,0,0,0,0,0
CF,ORESO,-36.963894,174.959842,0,IMG,51.0,9.9,231.0,4.0,2,2600,0,1,170,0,0,0

APPTR,L23LE,23L,EMRAG
IF,EMRAG,-36.942011,175.038428, ,0.0,0.0,2,3000,0,0,0,0,0,0
CF,ORESO,-36.963894,174.959842,0,IMG,51.0,9.9,231.0,4.0,2,2600,0,1,170,0,0,0

FINAL,L23LE,23L,D,4
IF,ORESO,-36.963894,174.959842,IMG,51.0,9.9,2,2600,0,1,170,0,0,0
CF,FL23L,-36.980583,174.901003,0,IMG,51.2,6.9,231.0,3.0,2,1700,0,0,0,0,2,0
CF,30LOC,-36.991117,174.861506,0,IMG,51.0,4.9,231.0,2.0,2,1100,0,0,0,0,0,0
CF,MA23L,-37.004744,174.812217,0,IMG,51.0,2.4,231.0,2.5,1,357,0,0,0,0,3,0
CF,LENGU,-37.080464,174.537517,0,AA,231.0,14.0,231.0,14.0,1,3000,0,1,185,0,0,0

APPTR,R05RE,05R,LENGU
IF,LENGU,-37.080464,174.537517, ,0.0,0.0,2,3000,0,1,210,0,1,0
TF,UGRUS,-37.058836,174.616347,0, ,0.0,0.0,0.0,0.0,2,2550,0,1,170,0,0,0

FINAL,R05RE,05R,R,3
IF,UGRUS,-37.058836,174.616347, ,0.0,0.0,2,2550,0,1,170,0,0,0
TF,IGPOL,-37.043444,174.672311,0, ,0.0,0.0,51.0,2.8,2,1660,0,0,0,0,2,0
TF,RW05R,-37.016317,174.770783,0, ,0.0,0.0,51.0,5.0,1,65,0,0,0,0,3,1
TF,EMRAG,-36.942011,175.038428,0, ,0.0,0.0,0.0,0.0,1,3000,0,1,185,0,0,0

FINAL,R05RX,05R,R,7
IF,VIRIS,-36.873267,174.841267, ,0.0,0.0,2,6000,0,1,210,0,1,0
TF,SADOS,-36.893561,174.768000,0, ,0.0,0.0,231.0,3.7,1,4810,0,0,0,0,0,0
RF,QUINA,-36.918072,174.721575,1,RAA03,202.7,5.4,1,3950,0,0,0,0,0,0
TF,NIPAS,-36.959628,174.674347,0, ,0.0,0.0,203.0,3.4,1,2880,0,1,190,0,0,0
RF,LAMEL,-37.026350,174.687442,1,RAA04,75.3,2.6,1,1400,0,1,170,0,2,0
RF,IBOKI,-37.029133,174.724336,1,RAA05,50.9,2.2,1,820,0,0,0,0,0,0
TF,RW05R,-37.016317,174.770783,0, ,0.0,0.0,51.0,2.4,1,65,0,0,0,0,3,1
TF,EMRAG,-36.942011,175.038428,0, ,0.0,0.0,0.0,0.0,1,3000,0,1,185,0,0,0

FINAL,R05RY,05R,R,4
IF,ATAMA,-37.122392,174.696567, ,0.0,0.0,2,3000,0,1,210,0,1,0
TF,PORAR,-37.073508,174.683047,0, ,0.0,0.0,327.0,3.0,1,2000,0,1,170,0,2,0
RF,AA509,-37.032583,174.711669,2,RAA11,50.9,2.1,1,1020,0,0,0,0,0,0
TF,RW05R,-37.016317,174.770783,0, ,0.0,0.0,51.0,3.0,1,65,0,0,0,0,3,1
TF,EMRAG,-36.942011,175.038428,0, ,0.0,0.0,0.0,0.0,1,3000,0,1,185,0,0,0

APPTR,R05RZ,05R,LENGU
IF,LENGU,-37.080464,174.537517, ,0.0,0.0,2,3000,0,1,210,0,1,0
TF,UGRUS,-37.058836,174.616347,0, ,0.0,0.0,0.0,0.0,2,2550,0,1,170,0,0,0

FINAL,R05RZ,05R,R,3
IF,UGRUS,-37.058836,174.616347, ,0.0,0.0,2,2550,0,1,170,0,0,0
TF,IGPOL,-37.043444,174.672311,0, ,0.0,0.0,51.0,2.8,2,1660,0,0,0,0,2,0
TF,RW05R,-37.016317,174.770783,0, ,0.0,0.0,51.0,5.0,1,65,0,0,0,0,3,1
CF,EMRAG,-36.942011,175.038428,0,AA,50.9,11.4,51.0,13.6,1,3000,0,1,185,0,0,0

APPTR,R23LS,23L,KETOB
IF,KETOB,-37.132264,175.028864, ,0.0,0.0,2,5000,0,1,240,0,1,0
TF,AA407,-37.060267,175.025114,0, ,0.0,0.0,0.0,0.0,0,0,0,0,0,0,0,0
RF,AA427,-37.046775,175.025700,2,AA016,194.0,5.3,2,4500,0,1,210,0,1,0

APPTR,R23LS,23L,ZORBA
IF,ZORBA,-37.148772,174.938853, ,0.0,0.0,2,6000,0,1,240,0,1,0
TF,AA411,-37.095967,174.998156,0, ,0.0,0.0,0.0,0.0,2,4800,0,0,0,0,0,0
RF,AA427,-37.046775,175.025700,1,AA015,339.8,5.3,2,4500,0,1,210,0,1,0

FINAL,R23LS,23L,R,5
IF,AA427,-37.046775,175.025700, ,0.0,0.0,2,4500,0,1,210,0,0,0
RF,BUBKU,-37.020772,175.023489,1,AA013,305.2,4.4,2,4000,0,0,0,0,0,0
RF,AA412,-36.978628,174.987044,1,AA013,258.3,4.4,2,3000,0,0,0,0,0,0
RF,TEGIK,-36.972317,174.929622,1,AA012,231.3,3.1,1,2080,0,1,170,0,2,0
TF,RW23L,-37.006656,174.805742,0, ,0.0,0.0,231.0,6.3,1,73,0,0,0,0,3,1
TF,LENGU,-37.080464,174.537517,0, ,0.0,0.0,0.0,0.0,1,3000,0,1,185,0,0,0

FINAL,R23LU,23L,R,6
IF,VABTI,-36.881561,174.811333, ,0.0,0.0,2,6000,0,1,210,0,1,0
TF,AA521,-36.870511,174.851178,0, ,0.0,0.0,51.0,2.0,2,6000,0,0,0,0,0,0
TF,AA428,-36.864992,174.871061,0, ,0.0,0.0,51.0,1.0,2,5680,0,0,0,0,0,0
RF,AA516,-36.891028,174.967292,2,AA017,179.3,4.0,2,4000,0,1,200,0,0,0
RF,TUSLO,-36.971356,174.933086,2,AA018,231.3,3.2,2,2140,0,0,0,0,2,0
TF,RW23L,-37.006656,174.805742,0, ,0.0,0.0,231.0,6.5,1,73,0,0,0,0,3,1
TF,LENGU,-37.080464,174.537517,0, ,0.0,0.0,0.0,0.0,1,3000,0,1,185,0,0,0

APPTR,R23LV,23L,TEVUC
IF,TEVUC,-37.041136,175.179086, ,0.0,0.0,2,5000,0,1,240,0,1,0
TF,SUBUN,-36.999550,175.046789,0, ,0.0,0.0,0.0,0.0,2,4000,0,0,0,0,1,0

FINAL,R23LV,23L,R,5
IF,SUBUN,-36.999550,175.046789, ,0.0,0.0,2,4000,0,0,0,0,0,0
TF,AA513,-36.986533,175.005514,0, ,0.0,0.0,272.0,2.1,2,3320,0,0,0,0,0,0
RF,AA412,-36.978628,174.987044,2,AA014,258.3,4.4,2,3000,0,1,210,0,0,0
RF,TEGIK,-36.972317,174.929622,1,AA012,231.3,3.1,1,2080,0,1,170,0,2,0
TF,RW23L,-37.006656,174.805742,0, ,0.0,0.0,231.0,6.3,1,73,0,0,0,0,3,1
TF,LENGU,-37.080464,174.537517,0, ,0.0,0.0,0.0,0.0,1,3000,0,1,185,0,0,0

APPTR,R23LW,23L,EMRAG
IF,EMRAG,-36.942011,175.038428, ,0.0,0.0,2,3000,0,1,210,0,1,0
TF,ORESO,-36.963894,174.959842,0, ,0.0,0.0,0.0,0.0,2,2560,0,1,170,0,0,0

FINAL,R23LW,23L,R,3
IF,ORESO,-36.963894,174.959842, ,0.0,0.0,2,2560,0,1,170,0,0,0
TF,UGOMU,-36.979394,174.904047,0, ,0.0,0.0,231.0,2.8,2,1670,0,0,0,0,2,0
TF,RW23L,-37.006656,174.805742,0, ,0.0,0.0,231.0,5.0,1,73,0,0,0,0,3,1
TF,LENGU,-37.080464,174.537517,0, ,0.0,0.0,0.0,0.0,1,3000,0,1,185,0,0,0

FINAL,R23LX,23L,R,8
IF,KIDAG,-36.918939,174.676106, ,0.0,0.0,2,6000,0,1,210,0,1,0
TF,LOSGA,-36.901056,174.740892,0, ,0.0,0.0,51.0,3.3,1,4950,0,0,0,0,0,0
RF,LAGUT,-36.897631,174.785256,2,RAA06,78.5,4.6,1,4260,0,0,0,0,0,0
TF,GOBOB,-36.904292,174.844353,0, ,0.0,0.0,78.0,2.9,1,3350,0,1,190,0,0,0
RF,ESMON,-36.914903,174.877108,2,RAA07,134.3,3.5,1,2800,0,0,0,0,0,0
RF,AKROV,-36.951047,174.899325,2,RAA08,196.6,2.6,1,2000,0,0,0,0,0,0
RF,DUNAD,-36.990792,174.863047,2,RAA08,231.4,2.6,1,1000,0,0,0,0,2,0
TF,RW23L,-37.006656,174.805742,0, ,0.0,0.0,231.0,2.9,1,73,0,0,0,0,3,1
TF,LENGU,-37.080464,174.537517,0, ,0.0,0.0,0.0,0.0,1,3000,0,1,185,0,0,0

FINAL,R23LY,23L,R,5
IF,ESNAX,-37.093997,174.865403, ,0.0,0.0,2,3000,0,1,210,0,1,0
TF,NOKAM,-37.045272,174.879767,0, ,0.0,0.0,353.0,3.0,1,2000,0,0,0,0,2,0
TF,LURLU,-37.032842,174.883428,0, ,0.0,0.0,353.0,0.8,1,1760,0,1,150,0,0,0
RF,AA409,-36.998306,174.835800,1,AA001,231.3,1.8,1,560,0,0,0,0,0,0
TF,RW23L,-37.006656,174.805742,0, ,0.0,0.0,231.0,1.5,1,73,0,0,0,0,3,1
TF,LENGU,-37.080464,174.537517,0, ,0.0,0.0,0.0,0.0,1,3000,0,1,185,0,0,0

APPTR,R23LZ,23L,EMRAG
IF,EMRAG,-36.942011,175.038428, ,0.0,0.0,2,3000,0,1,210,0,1,0
TF,ORESO,-36.963894,174.959842,0, ,0.0,0.0,0.0,0.0,2,2560,0,1,170,0,0,0

FINAL,R23LZ,23L,R,3
IF,ORESO,-36.963894,174.959842, ,0.0,0.0,2,2560,0,1,170,0,0,0
TF,UGOMU,-36.979394,174.904047,0, ,0.0,0.0,231.0,2.8,2,1670,0,0,0,0,2,0
TF,RW23L,-37.006656,174.805742,0, ,0.0,0.0,231.0,5.0,1,73,0,0,0,0,3,1
TF,LENGU,-37.080464,174.537517,0, ,0.0,0.0,0.0,0.0,1,3000,0,1,185,0,0,0

