SID,BYRRD7,15,1
VI,0, ,0.0,50.9,0,0,0,0,0,0,0,0
CF,BYRRD,-77.500000,165.000000,0,ZFX,319.5,35.0,48.7,34.0,2,6000,0,0,0,0,0,0

SID,BYRRD7,33,1
VA,0,32.9,2,440,0,0,0,0,0,0
VI,2, ,0.0,17.2,0,0,0,0,0,0,0,0
CF,BYRRD,-77.500000,165.000000,0,ZFX,319.5,35.0,48.7,30.0,2,6000,0,0,0,0,0,0

SID,NOBEY7,15,4
VA,0,50.9,2,600,0,0,0,0,0,0
DF,NOBEY,-77.750000,165.700000,0, ,0.0,0.0,2,3000,0,0,0,0,0,1
HA,NOBEY,-77.750000,165.700000,1, ,0.0,0.0,49.2,04,2,3000,0,1,230,0,0,0,0

SID,NOBEY7,33,4
VA,0,32.9,2,600,0,0,0,0,0,0
DF,NOBEY,-77.750000,165.700000,2, ,0.0,0.0,2,3000,0,0,0,0,0,1
HA,NOBEY,-77.750000,165.700000,1, ,0.0,0.0,49.2,04,2,3000,0,1,230,0,0,0,0

SID,ZELBA7,15,1
VA,0,50.9,2,450,0,0,0,0,0,0
VI,2, ,0.0,30.9,0,0,0,1,270,0,0,0
CF,JELOT,-77.968872,167.528908,0,ZFX,97.8,10.0,26.5,5.0,3,14999,0,0,0,0,0,0
TF,ZELBA,-77.991942,168.488239,0, ,0.0,0.0,0.0,0.0,2,3400,0,0,0,0,0,0
HA,ZELBA,-77.991942,168.488239,2, ,0.0,0.0,44.5,07,2,3400,0,1,230,0,0,0,0

SID,ZELBA7,33,1
VA,0,32.9,2,460,0,0,0,0,0,0
VI,1, ,0.0,21.9,0,0,0,1,300,0,0,0
CF,JELOT,-77.968872,167.528908,0,ZFX,97.8,10.0,26.5,6.0,0,0,0,0,0,0,0,0
TF,ZELBA,-77.991942,168.488239,0, ,0.0,0.0,0.0,0.0,2,3400,0,0,0,0,0,0
HA,ZELBA,-77.991942,168.488239,2, ,0.0,0.0,44.5,07,2,3400,0,1,230,0,0,0,0

STAR,ACREZ1,ALL,5
IF,WAIS1,-78.983333,173.266667, ,0.0,0.0,2,16000,0,0,0,0,0,0
TF,RULOE,-78.353336,167.066017,0, ,0.0,0.0,0.0,0.0,2,4800,0,0,0,0,0,0
TF,ACREZ,-78.218458,167.119378,0, ,0.0,0.0,0.0,0.0,2,4700,0,0,0,0,0,0

STAR,ACREZ2,ALL,5
IF,P4,-79.483333,169.083333, ,0.0,0.0,2,16000,0,0,0,0,0,0
TF,RULOE,-78.353336,167.066017,0, ,0.0,0.0,0.0,0.0,2,4800,0,0,0,0,0,0
TF,ACREZ,-78.218458,167.119378,0, ,0.0,0.0,0.0,0.0,2,4700,0,0,0,0,0,0

STAR,ACREZ3,ALL,5
IF,P1,-79.566667,166.833333, ,0.0,0.0,2,16000,0,0,0,0,0,0
TF,SARBE,-78.462833,167.049833,0, ,0.0,0.0,0.0,0.0,2,6000,0,0,0,0,0,0
TF,RULOE,-78.353336,167.066017,0, ,0.0,0.0,0.0,0.0,2,4800,0,0,0,0,0,0
TF,ACREZ,-78.218458,167.119378,0, ,0.0,0.0,0.0,0.0,2,4700,0,0,0,0,0,0

STAR,ACREZ4,ALL,5
IF,P9,-79.450000,164.583333, ,0.0,0.0,2,16000,0,0,0,0,0,0
TF,WIKAL,-78.479433,166.811111,0, ,0.0,0.0,0.0,0.0,2,6000,0,0,0,0,0,0
TF,RULOE,-78.353336,167.066017,0, ,0.0,0.0,0.0,0.0,2,4800,0,0,0,0,0,0
TF,ACREZ,-78.218458,167.119378,0, ,0.0,0.0,0.0,0.0,2,4700,0,0,0,0,0,0

STAR,FAVGU1,ALL,5
IF,P4,-79.483333,169.083333, ,0.0,0.0,2,16000,0,0,0,0,0,0
TF,P10,-78.250000,164.000000,0, ,0.0,0.0,0.0,0.0,2,12500,0,0,0,0,0,0
TF,WABAB,-78.082208,164.796342,0, ,0.0,0.0,0.0,0.0,2,4700,0,0,0,0,0,0
TF,FAVGU,-77.721358,166.244014,0, ,0.0,0.0,0.0,0.0,2,3200,0,0,0,0,0,0

STAR,FAVGU2,ALL,5
IF,P1,-79.566667,166.833333, ,0.0,0.0,2,16000,0,0,0,0,0,0
TF,P10,-78.250000,164.000000,0, ,0.0,0.0,0.0,0.0,2,12500,0,0,0,0,0,0
TF,WABAB,-78.082208,164.796342,0, ,0.0,0.0,0.0,0.0,2,4700,0,0,0,0,0,0
TF,FAVGU,-77.721358,166.244014,0, ,0.0,0.0,0.0,0.0,2,3200,0,0,0,0,0,0

STAR,FAVGU3,ALL,5
IF,P9,-79.450000,164.583333, ,0.0,0.0,2,16000,0,0,0,0,0,0
TF,P10,-78.250000,164.000000,0, ,0.0,0.0,0.0,0.0,2,12500,0,0,0,0,0,0
TF,WABAB,-78.082208,164.796342,0, ,0.0,0.0,0.0,0.0,2,4700,0,0,0,0,0,0
TF,FAVGU,-77.721358,166.244014,0, ,0.0,0.0,0.0,0.0,2,3200,0,0,0,0,0,0

STAR,FAVGU4,ALL,5
IF,JEHOO,-76.183333,165.856667, ,0.0,0.0,2,5000,0,0,0,0,0,0
TF,RAPPY,-77.175628,165.227214,0, ,0.0,0.0,0.0,0.0,2,4800,0,0,0,0,0,0
TF,FAVGU,-77.721358,166.244014,0, ,0.0,0.0,0.0,0.0,2,3200,0,0,0,0,0,0

STAR,HEMVI1,ALL,5
IF,P4,-79.483333,169.083333, ,0.0,0.0,2,16000,0,0,0,0,0,0
TF,P10,-78.250000,164.000000,0, ,0.0,0.0,0.0,0.0,2,12500,0,0,0,0,0,0
TF,WABAB,-78.082208,164.796342,0, ,0.0,0.0,0.0,0.0,2,4700,0,0,0,0,0,0
TF,HEMVI,-77.679922,166.314050,0, ,0.0,0.0,0.0,0.0,2,4200,0,0,0,0,0,0

STAR,HEMVI2,ALL,5
IF,P1,-79.566667,166.833333, ,0.0,0.0,2,16000,0,0,0,0,0,0
TF,P10,-78.250000,164.000000,0, ,0.0,0.0,0.0,0.0,2,12500,0,0,0,0,0,0
TF,WABAB,-78.082208,164.796342,0, ,0.0,0.0,0.0,0.0,2,4700,0,0,0,0,0,0
TF,HEMVI,-77.679922,166.314050,0, ,0.0,0.0,0.0,0.0,2,4200,0,0,0,0,0,0

STAR,HEMVI3,ALL,5
IF,P9,-79.450000,164.583333, ,0.0,0.0,2,16000,0,0,0,0,0,0
TF,P10,-78.250000,164.000000,0, ,0.0,0.0,0.0,0.0,2,12500,0,0,0,0,0,0
TF,WABAB,-78.082208,164.796342,0, ,0.0,0.0,0.0,0.0,2,4700,0,0,0,0,0,0
TF,HEMVI,-77.679922,166.314050,0, ,0.0,0.0,0.0,0.0,2,4200,0,0,0,0,0,0

STAR,HEMVI4,ALL,5
IF,JEHOO,-76.183333,165.856667, ,0.0,0.0,2,5000,0,0,0,0,0,0
TF,RAPPY,-77.175628,165.227214,0, ,0.0,0.0,0.0,0.0,2,4800,0,0,0,0,0,0
TF,HEMVI,-77.679922,166.314050,0, ,0.0,0.0,0.0,0.0,2,4200,0,0,0,0,0,0

STAR,ZFX1,ALL,5
IF,P4,-79.483333,169.083333, ,0.0,0.0,2,16000,0,0,0,0,0,0
TF,P10,-78.250000,164.000000,0, ,0.0,0.0,0.0,0.0,2,12500,0,0,0,0,0,0
TF,WABAB,-78.082208,164.796342,0, ,0.0,0.0,0.0,0.0,2,4700,0,0,0,0,0,0
TF,ZFX,-77.947317,166.738350,0, ,0.0,0.0,0.0,0.0,2,4700,0,0,0,0,0,0

STAR,ZFX2,ALL,5
IF,P1,-79.566667,166.833333, ,0.0,0.0,2,16000,0,0,0,0,0,0
TF,P10,-78.250000,164.000000,0, ,0.0,0.0,0.0,0.0,2,12500,0,0,0,0,0,0
TF,WABAB,-78.082208,164.796342,0, ,0.0,0.0,0.0,0.0,2,4700,0,0,0,0,0,0
TF,ZFX,-77.947317,166.738350,0, ,0.0,0.0,0.0,0.0,2,4700,0,0,0,0,0,0

STAR,ZFX3,ALL,5
IF,P9,-79.450000,164.583333, ,0.0,0.0,2,16000,0,0,0,0,0,0
TF,P10,-78.250000,164.000000,0, ,0.0,0.0,0.0,0.0,2,12500,0,0,0,0,0,0
TF,WABAB,-78.082208,164.796342,0, ,0.0,0.0,0.0,0.0,2,4700,0,0,0,0,0,0
TF,ZFX,-77.947317,166.738350,0, ,0.0,0.0,0.0,0.0,2,4700,0,0,0,0,0,0

STAR,ZFX4,ALL,5
IF,WAIS1,-78.983333,173.266667, ,0.0,0.0,2,16000,0,0,0,0,0,0
TF,RULOE,-78.353336,167.066017,0, ,0.0,0.0,0.0,0.0,2,4800,0,0,0,0,0,0
TF,ACREZ,-78.218458,167.119378,0, ,0.0,0.0,0.0,0.0,2,4700,0,0,0,0,0,0
TF,ZFX,-77.947317,166.738350,0, ,0.0,0.0,0.0,0.0,2,4700,0,0,0,0,0,0

STAR,ZFX5,ALL,5
IF,P4,-79.483333,169.083333, ,0.0,0.0,2,16000,0,0,0,0,0,0
TF,RULOE,-78.353336,167.066017,0, ,0.0,0.0,0.0,0.0,2,4800,0,0,0,0,0,0
TF,ACREZ,-78.218458,167.119378,0, ,0.0,0.0,0.0,0.0,2,4700,0,0,0,0,0,0
TF,ZFX,-77.947317,166.738350,0, ,0.0,0.0,0.0,0.0,2,4700,0,0,0,0,0,0

STAR,ZFX6,ALL,5
IF,P1,-79.566667,166.833333, ,0.0,0.0,2,16000,0,0,0,0,0,0
TF,SARBE,-78.462833,167.049833,0, ,0.0,0.0,0.0,0.0,2,6000,0,0,0,0,0,0
TF,RULOE,-78.353336,167.066017,0, ,0.0,0.0,0.0,0.0,2,4800,0,0,0,0,0,0
TF,ACREZ,-78.218458,167.119378,0, ,0.0,0.0,0.0,0.0,2,4700,0,0,0,0,0,0
TF,ZFX,-77.947317,166.738350,0, ,0.0,0.0,0.0,0.0,2,4700,0,0,0,0,0,0

STAR,ZFX7,ALL,5
IF,P9,-79.450000,164.583333, ,0.0,0.0,2,16000,0,0,0,0,0,0
TF,WIKAL,-78.479433,166.811111,0, ,0.0,0.0,0.0,0.0,2,6000,0,0,0,0,0,0
TF,RULOE,-78.353336,167.066017,0, ,0.0,0.0,0.0,0.0,2,4800,0,0,0,0,0,0
TF,ACREZ,-78.218458,167.119378,0, ,0.0,0.0,0.0,0.0,2,4700,0,0,0,0,0,0
TF,ZFX,-77.947317,166.738350,0, ,0.0,0.0,0.0,0.0,2,4700,0,0,0,0,0,0

STAR,ZFX8,ALL,5
IF,JEHOO,-76.183333,165.856667, ,0.0,0.0,2,5000,0,0,0,0,0,0
TF,RAPPY,-77.175628,165.227214,0, ,0.0,0.0,0.0,0.0,2,4800,0,0,0,0,0,0
TF,ZFX,-77.947317,166.738350,0, ,0.0,0.0,0.0,0.0,2,4700,0,0,0,0,0,0

APPTR,R15T,15T,ACREZ
HF,ACREZ,-78.218458,167.119378,2, ,0.0,0.0,51.1,05,2,4700,0,0,0,0,1,0,0

APPTR,R15T,15T,FAVGU
IF,FAVGU,-77.721358,166.244014, ,0.0,0.0,2,4700,0,0,0,0,0,0
TF,ACREZ,-78.218458,167.119378,0, ,0.0,0.0,0.0,0.0,2,4700,0,0,0,0,0,0
HF,ACREZ,-78.218458,167.119378,2, ,0.0,0.0,51.1,05,2,4700,0,0,0,0,1,0,0

APPTR,R15T,15T,ZFX
IF,ZFX,-77.947317,166.738350, ,0.0,0.0,2,4700,0,0,0,0,0,0
TF,ACREZ,-78.218458,167.119378,0, ,0.0,0.0,0.0,0.0,2,4700,0,0,0,0,0,0
HF,ACREZ,-78.218458,167.119378,2, ,0.0,0.0,51.1,05,2,4700,0,0,0,0,1,0,0

FINAL,R15T,15T,R,5
IF,ACREZ,-78.218458,167.119378, ,0.0,0.0,2,4700,0,0,0,0,0,0
TF,ZOKOM,-78.147044,167.039097,0, ,0.0,0.0,51.4,4.4,2,3300,0,0,0,0,0,0
TF,HAPAS,-78.111492,166.997711,0, ,0.0,0.0,51.4,2.2,2,2600,0,0,0,0,0,0
TF,SHORD,-78.049258,166.895956,0, ,0.0,0.0,50.8,4.0,2,1700,0,0,0,0,2,0
TF,RW15T,-77.969997,166.767947,0, ,0.0,0.0,50.8,5.0,1,95,0,0,0,0,3,1
CA,0,50.8,2,600,0,0,0,0,0,0
DF,FAVGU,-77.721358,166.244014,0, ,0.0,0.0,2,3200,0,0,0,0,0,1
HM,FAVGU,-77.721358,166.244014,2, ,0.0,0.0,32.2,05,3,10000,0,0,0,0,0,0,0

APPTR,R33T,33T,BRACT
IF,BRACT,-77.732181,165.544561, ,0.0,0.0,2,4200,0,0,0,0,1,0
TF,HEMVI,-77.679922,166.314050,0, ,0.0,0.0,0.0,0.0,2,4200,0,0,0,0,1,0

APPTR,R33T,33T,HEMVI
HF,HEMVI,-77.679922,166.314050,2, ,0.0,0.0,32.9,05,2,4200,0,0,0,0,1,0,0

APPTR,R33T,33T,ZFX
IF,ZFX,-77.947317,166.738350, ,0.0,0.0,2,4200,0,0,0,0,0,0
TF,HEMVI,-77.679922,166.314050,0, ,0.0,0.0,0.0,0.0,2,4200,0,0,0,0,0,0
HF,HEMVI,-77.679922,166.314050,2, ,0.0,0.0,32.9,05,2,4200,0,0,0,0,1,0,0

FINAL,R33T,33T,R,5
IF,HEMVI,-77.679922,166.314050, ,0.0,0.0,2,4200,0,0,0,0,0,0
TF,JOBGU,-77.742994,166.410850,0, ,0.0,0.0,32.9,4.0,2,3300,0,0,0,0,0,0
TF,HEALD,-77.850386,166.578061,0, ,0.0,0.0,32.9,6.8,2,2000,0,0,0,0,2,0
TF,ARDLY,-77.884319,166.631533,0, ,0.0,0.0,32.9,2.2,2,1280,0,0,0,0,0,0
TF,RW33T,-77.944086,166.726489,0, ,0.0,0.0,32.9,3.8,1,105,0,0,0,0,3,1
CA,0,32.9,2,1000,0,0,0,0,0,0
DF,HEMVI,-77.679922,166.314050,2, ,0.0,0.0,2,4200,0,0,0,0,0,1
HM,HEMVI,-77.679922,166.314050,2, ,0.0,0.0,32.9,05,3,10000,0,0,0,0,0,0,0

APPTR,R33TE,33T,ZFX
IF,ZFX,-77.947317,166.738350, ,0.0,0.0,2,4200,0,0,0,0,0,0
TF,HEMVI,-77.679922,166.314050,0, ,0.0,0.0,0.0,0.0,2,4200,0,0,0,0,0,0
HF,HEMVI,-77.679922,166.314050,2, ,0.0,0.0,32.9,05,2,4200,0,0,0,0,1,0,0

FINAL,R33TE,33T,R,5
IF,HEMVI,-77.679922,166.314050, ,0.0,0.0,2,4200,0,0,0,0,0,0
TF,JOBGU,-77.742994,166.410850,0, ,0.0,0.0,32.9,4.0,2,3000,0,0,0,0,0,0
TF,HEALD,-77.850386,166.578061,0, ,0.0,0.0,32.9,6.8,2,1400,0,0,0,0,2,0
TF,ARDLY,-77.884319,166.631533,0, ,0.0,0.0,32.9,2.2,2,900,0,0,0,0,0,0
TF,RW33T,-77.944086,166.726489,0, ,0.0,0.0,32.9,3.8,1,105,0,0,0,0,3,1
CA,0,32.9,2,455,0,0,0,0,0,0

APPTR,T15T,15T,ACREZ
HF,ACREZ,-78.218458,167.119378,2, ,0.0,0.0,51.1,05,2,4700,0,0,0,0,1,0,0

APPTR,T15T,15T,FAVGU
IF,FAVGU,-77.721358,166.244014, ,0.0,0.0,2,4700,0,0,0,0,1,0
TF,ZFX,-77.947317,166.738350,0, ,0.0,0.0,0.0,0.0,2,4700,0,0,0,0,0,1
TF,ACREZ,-78.218458,167.119378,0, ,0.0,0.0,0.0,0.0,2,4700,0,0,0,0,1,0
HF,ACREZ,-78.218458,167.119378,2, ,0.0,0.0,51.1,05,2,4700,0,0,0,0,0,0,0

FINAL,T15T,15T,D,5
IF,ACREZ,-78.218458,167.119378,ZFX,164.0,17.0,2,4700,0,0,0,0,0,0
CF,HUVRI,-78.148094,167.018775,0,ZFX,164.0,12.6,51.1,4.4,2,3300,0,0,0,0,0,0
CF,GULTE,-78.113058,166.969142,0,ZFX,164.0,10.4,51.1,2.2,2,2600,0,0,0,0,0,0
CF,MEBET,-78.050289,166.880964,0,ZFX,164.0,6.5,51.1,3.9,2,1700,0,0,0,0,2,0
CF,HAMPS,-77.977931,166.780486,0,ZFX,164.0,1.9,51.1,4.5,1,256,0,0,0,0,3,1
DF,ZFX,-77.947317,166.738350,0, ,0.0,0.0,0,0,0,0,0,0,0,1
CF,FAVGU,-77.721358,166.244014,0,ZFX,335.0,15.0,50.2,15.0,2,3200,0,0,0,0,0,1
HM,FAVGU,-77.721358,166.244014,2, ,0.0,0.0,32.2,05,3,10000,0,0,0,0,0,0,0

APPTR,T33T,33T,FAVGU
HF,FAVGU,-77.721358,166.244014,2, ,0.0,0.0,32.2,05,2,3200,0,0,0,0,1,0,0

APPTR,T33T,33T,ZFX
IF,ZFX,-77.947317,166.738350, ,0.0,0.0,2,3200,0,0,0,0,0,0
TF,FAVGU,-77.721358,166.244014,0, ,0.0,0.0,0.0,0.0,2,3200,0,0,0,0,1,0
HF,FAVGU,-77.721358,166.244014,2, ,0.0,0.0,32.2,05,2,3200,0,0,0,0,0,0,0

FINAL,T33T,33T,D,5
IF,FAVGU,-77.721358,166.244014,ZFX,335.0,15.0,2,3200,0,0,0,0,0,0
CF,MOBOE,-77.835203,166.490569,0,ZFX,335.0,7.5,32.2,7.6,2,2400,0,0,0,0,2,0
CF,RUPAE,-77.852522,166.528522,0,ZFX,335.0,6.3,32.2,1.2,2,2000,0,0,0,0,0,0
CF,MUBCA,-77.881128,166.591464,0,ZFX,335.0,4.4,32.2,1.9,2,1400,0,0,0,0,0,0
CF,HENUD,-77.936792,166.714875,0,ZFX,335.0,0.7,32.2,3.7,1,252,0,0,0,0,3,1
CA,0,32.2,2,600,0,0,0,0,0,0
VI,2, ,0.0,17.2,0,0,0,0,0,0,0,0
CF,FAVGU,-77.721358,166.244014,0,ZFX,335.0,15.0,50.2,10.5,2,3200,0,0,0,0,0,1
HM,FAVGU,-77.721358,166.244014,2, ,0.0,0.0,32.2,05,3,10000,0,0,0,0,0,0,0

