SID,AGULA1,36R,5
CA,0,355.0,2,580,0,0,0,0,0,0
CF,AGULA,-37.722378,175.339389,0,HN,339.3,7.6,340.0,8.0,3,3000,0,0,0,0,0,0

SID,AGULA1,ATOLI,6
IF,AGULA,-37.722378,175.339389, ,0.0,0.0,3,3000,0,0,0,0,0,0
TF,BEKAK,-37.721119,175.255211,0, ,0.0,0.0,0.0,0.0,0,0,0,0,0,0,0,0
TF,ATOLI,-37.585808,174.886306,0, ,0.0,0.0,0.0,0.0,3,10000,0,1,210,0,0,0

SID,AGULA1,ATPUL,6
IF,AGULA,-37.722378,175.339389, ,0.0,0.0,3,3000,0,0,0,0,0,0
TF,ATPUL,-37.514092,175.318014,0, ,0.0,0.0,0.0,0.0,3,10000,0,0,0,0,0,0

SID,AGULA1,DABKA,6
IF,AGULA,-37.722378,175.339389, ,0.0,0.0,3,3000,0,0,0,0,0,0
TF,BEKAK,-37.721119,175.255211,0, ,0.0,0.0,0.0,0.0,0,0,0,0,0,0,0,0
TF,AGETO,-37.829278,175.170653,0, ,0.0,0.0,0.0,0.0,0,0,0,1,210,0,0,0
TF,METEN,-38.004619,175.106569,0, ,0.0,0.0,0.0,0.0,0,0,0,0,0,0,0,0
TF,DABKA,-38.232014,175.130750,0, ,0.0,0.0,0.0,0.0,3,10000,0,0,0,0,0,0

SID,AGULA1,DADUK,6
IF,AGULA,-37.722378,175.339389, ,0.0,0.0,3,3000,0,0,0,0,0,0
TF,BEKAK,-37.721119,175.255211,0, ,0.0,0.0,0.0,0.0,0,0,0,0,0,0,0,0
TF,AGETO,-37.829278,175.170653,0, ,0.0,0.0,0.0,0.0,0,0,0,1,210,0,0,0
TF,METEN,-38.004619,175.106569,0, ,0.0,0.0,0.0,0.0,0,0,0,0,0,0,0,0
TF,DADUK,-38.226922,174.967150,0, ,0.0,0.0,0.0,0.0,3,10000,0,0,0,0,0,0

SID,AGULA1,MOPVU,6
IF,AGULA,-37.722378,175.339389, ,0.0,0.0,3,3000,0,0,0,0,0,0
TF,ATPUL,-37.514092,175.318014,0, ,0.0,0.0,0.0,0.0,3,10000,0,0,0,0,0,0
TF,MOPVU,-37.430789,175.323858,0, ,0.0,0.0,0.0,0.0,0,0,0,0,0,0,0,0

SID,AGULA1,OVSAN,6
IF,AGULA,-37.722378,175.339389, ,0.0,0.0,3,3000,0,0,0,0,0,0
TF,BEKAK,-37.721119,175.255211,0, ,0.0,0.0,0.0,0.0,0,0,0,0,0,0,0,0
TF,SCARY,-37.572461,175.070700,0, ,0.0,0.0,0.0,0.0,3,10000,0,1,210,0,0,0
TF,OVSAN,-37.506219,175.006997,0, ,0.0,0.0,0.0,0.0,0,0,0,0,0,0,0,0

SID,AGULA1,POKOM,6
IF,AGULA,-37.722378,175.339389, ,0.0,0.0,3,3000,0,0,0,0,0,0
TF,BEKAK,-37.721119,175.255211,0, ,0.0,0.0,0.0,0.0,0,0,0,0,0,0,0,0
TF,AGETO,-37.829278,175.170653,0, ,0.0,0.0,0.0,0.0,0,0,0,1,210,0,0,0
TF,POKOM,-37.872094,174.806317,0, ,0.0,0.0,0.0,0.0,3,10000,0,0,0,0,0,0

SID,AGULA1,SCARY,6
IF,AGULA,-37.722378,175.339389, ,0.0,0.0,3,3000,0,0,0,0,0,0
TF,BEKAK,-37.721119,175.255211,0, ,0.0,0.0,0.0,0.0,0,0,0,0,0,0,0,0
TF,SCARY,-37.572461,175.070700,0, ,0.0,0.0,0.0,0.0,3,10000,0,1,210,0,0,0

SID,AGULA1,SKEPY,6
IF,AGULA,-37.722378,175.339389, ,0.0,0.0,3,3000,0,0,0,0,0,0
TF,SKEPY,-37.538194,175.237900,0, ,0.0,0.0,0.0,0.0,3,10000,0,0,0,0,0,0

SID,BIDKO1,36R,5
CA,0,355.0,2,580,0,0,0,0,0,0
CF,BIDKO,-37.741356,175.422667,0,HN,10.8,7.6,10.0,8.0,3,3000,0,0,0,0,0,0

SID,BIDKO1,DROPT,6
IF,BIDKO,-37.741356,175.422667, ,0.0,0.0,3,3000,0,0,0,0,0,0
TF,TEPOX,-37.775744,175.494906,0, ,0.0,0.0,0.0,0.0,0,0,0,0,0,0,0,0
TF,KAPLO,-37.903017,175.494269,0, ,0.0,0.0,0.0,0.0,0,0,0,1,210,0,0,0
TF,BILOK,-38.078478,175.430897,0, ,0.0,0.0,0.0,0.0,0,0,0,0,0,0,0,0
TF,DROPT,-38.220944,175.329978,0, ,0.0,0.0,0.0,0.0,3,10000,0,0,0,0,0,0

SID,BIDKO1,GODOK,6
IF,BIDKO,-37.741356,175.422667, ,0.0,0.0,3,3000,0,0,0,0,0,0
TF,TEPOX,-37.775744,175.494906,0, ,0.0,0.0,0.0,0.0,0,0,0,0,0,0,0,0
TF,GODOK,-37.892481,175.628086,0, ,0.0,0.0,0.0,0.0,3,10000,0,1,210,0,0,0

SID,BIDKO1,KARBA,6
IF,BIDKO,-37.741356,175.422667, ,0.0,0.0,3,3000,0,0,0,0,0,0
TF,TEPOX,-37.775744,175.494906,0, ,0.0,0.0,0.0,0.0,0,0,0,0,0,0,0,0
TF,KAPLO,-37.903017,175.494269,0, ,0.0,0.0,0.0,0.0,0,0,0,1,210,0,0,0
TF,KARBA,-38.185769,175.612914,0, ,0.0,0.0,0.0,0.0,3,10000,0,0,0,0,0,0

SID,BIDKO1,MIKER,6
IF,BIDKO,-37.741356,175.422667, ,0.0,0.0,3,3000,0,0,0,0,0,0
TF,TEPOX,-37.775744,175.494906,0, ,0.0,0.0,0.0,0.0,0,0,0,0,0,0,0,0
TF,KAPLO,-37.903017,175.494269,0, ,0.0,0.0,0.0,0.0,0,0,0,1,210,0,0,0
TF,MIKER,-37.924331,175.617642,0, ,0.0,0.0,0.0,0.0,3,10000,0,0,0,0,0,0

SID,BIDKO1,OLDON,6
IF,BIDKO,-37.741356,175.422667, ,0.0,0.0,3,3000,0,0,0,0,0,0
TF,TEPOX,-37.775744,175.494906,0, ,0.0,0.0,0.0,0.0,0,0,0,0,0,0,0,0
TF,OLDON,-37.775058,175.711256,0, ,0.0,0.0,0.0,0.0,3,10000,0,1,210,0,0,0

SID,BUDE4V,18L,2
CA,0,175.0,2,700,0,0,0,0,0,0
DF,BUDEN,-38.041692,175.268658,0, ,0.0,0.0,3,3000,0,0,0,0,0,1

SID,BUDE4V,OCNMA,3
IF,BUDEN,-38.041692,175.268658, ,0.0,0.0,1,3000,0,0,0,0,0,0
VI,2, ,0.0,277.0,0,0,0,0,0,0,0,0
CF,POKOM,-37.872094,174.806317,0,HN,245.7,25.3,247.0,3.0,0,0,0,0,0,0,0,0
TF,LEKUS,-37.895783,174.182303,0, ,0.0,0.0,0.0,0.0,1,10000,0,0,0,0,0,0
TF,MADEP,-36.384619,170.740672,0, ,0.0,0.0,0.0,0.0,0,0,0,0,0,0,0,0

SID,BUDE4V,OCNPE,3
IF,BUDEN,-38.041692,175.268658, ,0.0,0.0,1,3000,0,0,0,0,0,0
VI,2, ,0.0,277.0,0,0,0,0,0,0,0,0
CF,POKOM,-37.872094,174.806317,0,HN,245.7,25.3,247.0,3.0,0,0,0,0,0,0,0,0
TF,LEKUS,-37.895783,174.182303,0, ,0.0,0.0,0.0,0.0,1,10000,0,0,0,0,0,0
TF,PEBLU,-38.109831,170.857672,0, ,0.0,0.0,0.0,0.0,0,0,0,0,0,0,0,0

SID,BUDE4V,OCNUP,3
IF,BUDEN,-38.041692,175.268658, ,0.0,0.0,1,3000,0,0,0,0,0,0
VI,2, ,0.0,277.0,0,0,0,0,0,0,0,0
CF,POKOM,-37.872094,174.806317,0,HN,245.7,25.3,247.0,3.0,0,0,0,0,0,0,0,0
TF,LEKUS,-37.895783,174.182303,0, ,0.0,0.0,0.0,0.0,1,10000,0,0,0,0,0,0
TF,UPLAR,-35.565339,171.093136,0, ,0.0,0.0,0.0,0.0,0,0,0,0,0,0,0,0

SID,MUGIL1,18L,5
CA,0,175.0,2,580,0,0,0,0,0,0
CF,MUGIL,-37.988039,175.242922,0,HN,187.6,9.5,190.0,8.0,3,3000,0,0,0,0,0,0

SID,MUGIL1,ATOLI,6
IF,MUGIL,-37.988039,175.242922, ,0.0,0.0,3,3000,0,0,0,0,0,0
TF,GOMUD,-37.935050,175.132031,0, ,0.0,0.0,0.0,0.0,3,6000,0,0,0,0,0,0
TF,ATOLI,-37.585808,174.886306,0, ,0.0,0.0,0.0,0.0,3,10000,0,1,210,0,0,0

SID,MUGIL1,ATPUL,6
IF,MUGIL,-37.988039,175.242922, ,0.0,0.0,3,3000,0,0,0,0,0,0
TF,GOMUD,-37.935050,175.132031,0, ,0.0,0.0,0.0,0.0,3,6000,0,0,0,0,0,0
TF,RIBDA,-37.668783,175.203178,0, ,0.0,0.0,0.0,0.0,0,0,0,1,210,0,0,0
TF,ATPUL,-37.514092,175.318014,0, ,0.0,0.0,0.0,0.0,3,10000,0,0,0,0,0,0

SID,MUGIL1,DABKA,6
IF,MUGIL,-37.988039,175.242922, ,0.0,0.0,3,3000,0,0,0,0,0,0
TF,DABKA,-38.232014,175.130750,0, ,0.0,0.0,0.0,0.0,3,10000,0,0,0,0,0,0

SID,MUGIL1,DADUK,6
IF,MUGIL,-37.988039,175.242922, ,0.0,0.0,3,3000,0,0,0,0,0,0
TF,DADUK,-38.226922,174.967150,0, ,0.0,0.0,0.0,0.0,3,10000,0,0,0,0,0,0

SID,MUGIL1,MOPVU,6
IF,MUGIL,-37.988039,175.242922, ,0.0,0.0,3,3000,0,0,0,0,0,0
TF,GOMUD,-37.935050,175.132031,0, ,0.0,0.0,0.0,0.0,3,6000,0,0,0,0,0,0
TF,RIBDA,-37.668783,175.203178,0, ,0.0,0.0,0.0,0.0,0,0,0,1,210,0,0,0
TF,ATPUL,-37.514092,175.318014,0, ,0.0,0.0,0.0,0.0,3,10000,0,0,0,0,0,0
TF,MOPVU,-37.430789,175.323858,0, ,0.0,0.0,0.0,0.0,0,0,0,0,0,0,0,0

SID,MUGIL1,OVSAN,6
IF,MUGIL,-37.988039,175.242922, ,0.0,0.0,3,3000,0,0,0,0,0,0
TF,GOMUD,-37.935050,175.132031,0, ,0.0,0.0,0.0,0.0,3,6000,0,0,0,0,0,0
TF,SCARY,-37.572461,175.070700,0, ,0.0,0.0,0.0,0.0,3,10000,0,1,210,0,0,0
TF,OVSAN,-37.506219,175.006997,0, ,0.0,0.0,0.0,0.0,0,0,0,0,0,0,0,0

SID,MUGIL1,POKOM,6
IF,MUGIL,-37.988039,175.242922, ,0.0,0.0,3,3000,0,0,0,0,0,0
TF,GOMUD,-37.935050,175.132031,0, ,0.0,0.0,0.0,0.0,3,6000,0,0,0,0,0,0
TF,POKOM,-37.872094,174.806317,0, ,0.0,0.0,0.0,0.0,3,10000,0,1,210,0,0,0

SID,MUGIL1,SCARY,6
IF,MUGIL,-37.988039,175.242922, ,0.0,0.0,3,3000,0,0,0,0,0,0
TF,GOMUD,-37.935050,175.132031,0, ,0.0,0.0,0.0,0.0,3,6000,0,0,0,0,0,0
TF,SCARY,-37.572461,175.070700,0, ,0.0,0.0,0.0,0.0,3,10000,0,1,210,0,0,0

SID,MUGIL1,SKEPY,6
IF,MUGIL,-37.988039,175.242922, ,0.0,0.0,3,3000,0,0,0,0,0,0
TF,GOMUD,-37.935050,175.132031,0, ,0.0,0.0,0.0,0.0,3,6000,0,0,0,0,0,0
TF,RIBDA,-37.668783,175.203178,0, ,0.0,0.0,0.0,0.0,0,0,0,1,210,0,0,0
TF,SKEPY,-37.538194,175.237900,0, ,0.0,0.0,0.0,0.0,3,10000,0,0,0,0,0,0

SID,RUMET1,18L,5
CA,0,175.0,2,580,0,0,0,0,0,0
CF,RUMET,-38.007075,175.326481,0,HN,162.5,9.5,160.0,8.0,3,3000,0,0,0,0,0,0

SID,RUMET1,DROPT,6
IF,RUMET,-38.007075,175.326481, ,0.0,0.0,3,3000,0,0,0,0,0,0
TF,DROPT,-38.220944,175.329978,0, ,0.0,0.0,0.0,0.0,3,10000,0,1,210,0,0,0

SID,RUMET1,GODOK,6
IF,RUMET,-38.007075,175.326481, ,0.0,0.0,3,3000,0,0,0,0,0,0
TF,SAPEG,-38.038731,175.445278,0, ,0.0,0.0,0.0,0.0,3,6000,0,1,210,0,0,0
TF,GODOK,-37.892481,175.628086,0, ,0.0,0.0,0.0,0.0,3,10000,0,0,0,0,0,0

SID,RUMET1,KARBA,6
IF,RUMET,-38.007075,175.326481, ,0.0,0.0,3,3000,0,0,0,0,0,0
TF,SAPEG,-38.038731,175.445278,0, ,0.0,0.0,0.0,0.0,3,6000,0,1,210,0,0,0
TF,KARBA,-38.185769,175.612914,0, ,0.0,0.0,0.0,0.0,3,10000,0,0,0,0,0,0

SID,RUMET1,MIKER,6
IF,RUMET,-38.007075,175.326481, ,0.0,0.0,3,3000,0,0,0,0,0,0
TF,SAPEG,-38.038731,175.445278,0, ,0.0,0.0,0.0,0.0,3,6000,0,1,210,0,0,0
TF,MIKER,-37.924331,175.617642,0, ,0.0,0.0,0.0,0.0,3,10000,0,0,0,0,0,0

SID,RUMET1,OLDON,6
IF,RUMET,-38.007075,175.326481, ,0.0,0.0,3,3000,0,0,0,0,0,0
TF,SAPEG,-38.038731,175.445278,0, ,0.0,0.0,0.0,0.0,3,6000,0,1,210,0,0,0
TF,OLDON,-37.775058,175.711256,0, ,0.0,0.0,0.0,0.0,3,10000,0,0,0,0,0,0

SID,TAYL3V,36R,2
CA,0,355.0,2,700,0,0,0,0,0,0
DF,TAYLA,-37.656803,175.408086,0, ,0.0,0.0,3,3000,0,0,0,0,0,1

SID,TAYL3V,OCNMA,3
IF,TAYLA,-37.656803,175.408086, ,0.0,0.0,1,3000,0,0,0,0,0,0
VI,1, ,0.0,217.0,0,0,0,0,0,0,0,0
CF,POKOM,-37.872094,174.806317,0,HN,245.7,25.3,247.0,10.0,0,0,0,0,0,0,0,0
TF,LEKUS,-37.895783,174.182303,0, ,0.0,0.0,0.0,0.0,1,10000,0,0,0,0,0,0
TF,MADEP,-36.384619,170.740672,0, ,0.0,0.0,0.0,0.0,0,0,0,0,0,0,0,0

SID,TAYL3V,OCNPE,3
IF,TAYLA,-37.656803,175.408086, ,0.0,0.0,1,3000,0,0,0,0,0,0
VI,1, ,0.0,217.0,0,0,0,0,0,0,0,0
CF,POKOM,-37.872094,174.806317,0,HN,245.7,25.3,247.0,10.0,0,0,0,0,0,0,0,0
TF,LEKUS,-37.895783,174.182303,0, ,0.0,0.0,0.0,0.0,1,10000,0,0,0,0,0,0
TF,PEBLU,-38.109831,170.857672,0, ,0.0,0.0,0.0,0.0,0,0,0,0,0,0,0,0

SID,TAYL3V,OCNUP,3
IF,TAYLA,-37.656803,175.408086, ,0.0,0.0,0,0,0,0,0,0,0,0
VI,1, ,0.0,217.0,0,0,0,0,0,0,0,0
CF,POKOM,-37.872094,174.806317,0,HN,245.7,25.3,247.0,10.0,0,0,0,0,0,0,0,0
TF,LEKUS,-37.895783,174.182303,0, ,0.0,0.0,0.0,0.0,1,10000,0,0,0,0,0,0
TF,UPLAR,-35.565339,171.093136,0, ,0.0,0.0,0.0,0.0,0,0,0,0,0,0,0,0

STAR,ATPU1A,18L,5
IF,ATPUL,-37.514092,175.318014, ,0.0,0.0,0,0,0,0,0,0,0,0
TF,TAYLA,-37.656803,175.408086,0, ,0.0,0.0,0.0,0.0,2,3000,0,0,0,0,0,0

STAR,ATPU3C,18L,5
IF,ATPUL,-37.514092,175.318014, ,0.0,0.0,0,0,0,0,0,0,0,0
TF,TAYLA,-37.656803,175.408086,0, ,0.0,0.0,0.0,0.0,0,0,0,0,0,0,0,0
TF,VATNA,-37.727522,175.382594,0, ,0.0,0.0,0.0,0.0,2,2500,0,0,0,0,0,0

STAR,BEBE1B,DABKA,4
IF,DABKA,-38.232014,175.130750, ,0.0,0.0,0,0,0,0,0,0,0,0
TF,BEBER,-38.156950,175.185239,0, ,0.0,0.0,0.0,0.0,0,0,0,0,0,0,0,0

STAR,BEBE1B,DADUK,4
IF,DADUK,-38.226922,174.967150, ,0.0,0.0,0,0,0,0,0,0,0,0
TF,BEBER,-38.156950,175.185239,0, ,0.0,0.0,0.0,0.0,0,0,0,0,0,0,0,0

STAR,BEBE1B,36R,5
IF,BEBER,-38.156950,175.185239, ,0.0,0.0,0,0,0,0,0,0,0,0
TF,BUDEN,-38.041692,175.268658,0, ,0.0,0.0,0.0,0.0,2,3000,0,0,0,0,0,0

STAR,BEBE1D,DABKA,4
IF,DABKA,-38.232014,175.130750, ,0.0,0.0,0,0,0,0,0,0,0,0
TF,BEBER,-38.156950,175.185239,0, ,0.0,0.0,0.0,0.0,0,0,0,0,0,0,0,0

STAR,BEBE1D,DADUK,4
IF,DADUK,-38.226922,174.967150, ,0.0,0.0,0,0,0,0,0,0,0,0
TF,BEBER,-38.156950,175.185239,0, ,0.0,0.0,0.0,0.0,0,0,0,0,0,0,0,0

STAR,BEBE1D,36R,5
IF,BEBER,-38.156950,175.185239, ,0.0,0.0,0,0,0,0,0,0,0,0
TF,MELEP,-38.046708,175.254881,0, ,0.0,0.0,0.0,0.0,0,0,0,0,0,0,0,0
TF,GUNDA,-38.001917,175.283114,0, ,0.0,0.0,0.0,0.0,2,2500,0,0,0,0,0,0

STAR,BUDE2A,18L,5
IF,BUDEN,-38.041692,175.268658, ,0.0,0.0,0,0,0,1,210,0,0,0
TF,PASSE,-38.060103,175.349761,0, ,0.0,0.0,0.0,0.0,0,0,0,0,0,0,0,0
TF,KEVID,-37.932781,175.395906,0, ,0.0,0.0,0.0,0.0,0,0,0,0,0,0,0,0
TF,KICKE,-37.884653,175.413303,0, ,0.0,0.0,0.0,0.0,0,0,0,0,0,0,0,0
TF,NILUS,-37.745897,175.463375,0, ,0.0,0.0,0.0,0.0,0,0,0,0,0,0,0,0
TF,THROW,-37.675161,175.488794,0, ,0.0,0.0,0.0,0.0,0,0,0,0,0,0,0,0
TF,TAYLA,-37.656803,175.408086,0, ,0.0,0.0,0.0,0.0,2,3000,0,0,0,0,0,0

STAR,BUDE3C,18L,5
IF,BUDEN,-38.041692,175.268658, ,0.0,0.0,0,0,0,1,210,0,0,0
TF,PASSE,-38.060103,175.349761,0, ,0.0,0.0,0.0,0.0,0,0,0,0,0,0,0,0
TF,KEVID,-37.932781,175.395906,0, ,0.0,0.0,0.0,0.0,0,0,0,0,0,0,0,0
TF,KICKE,-37.884653,175.413303,0, ,0.0,0.0,0.0,0.0,0,0,0,0,0,0,0,0
TF,NILUS,-37.745897,175.463375,0, ,0.0,0.0,0.0,0.0,0,0,0,0,0,0,0,0
TF,VATNA,-37.727522,175.382594,0, ,0.0,0.0,0.0,0.0,2,2500,0,0,0,0,0,0

STAR,DROP1B,36R,5
IF,DROPT,-38.220944,175.329978, ,0.0,0.0,0,0,0,0,0,0,0,0
TF,BUDEN,-38.041692,175.268658,0, ,0.0,0.0,0.0,0.0,2,3000,0,0,0,0,0,0

STAR,DROP1D,36R,5
IF,DROPT,-38.220944,175.329978, ,0.0,0.0,0,0,0,0,0,0,0,0
TF,GUNDA,-38.001917,175.283114,0, ,0.0,0.0,0.0,0.0,2,2500,0,0,0,0,0,0

STAR,KARB2B,36R,5
IF,KARBA,-38.185769,175.612914, ,0.0,0.0,0,0,0,0,0,0,0,0
TF,SUBTO,-38.119328,175.473511,0, ,0.0,0.0,0.0,0.0,2,7000,0,0,0,0,0,0
TF,PASSE,-38.060103,175.349761,0, ,0.0,0.0,0.0,0.0,0,0,0,1,210,0,0,0
TF,BUDEN,-38.041692,175.268658,0, ,0.0,0.0,0.0,0.0,2,3000,0,0,0,0,0,0

STAR,KARB2D,36R,5
IF,KARBA,-38.185769,175.612914, ,0.0,0.0,0,0,0,0,0,0,0,0
TF,SUBTO,-38.119328,175.473511,0, ,0.0,0.0,0.0,0.0,2,7000,0,0,0,0,0,0
TF,PASSE,-38.060103,175.349761,0, ,0.0,0.0,0.0,0.0,0,0,0,0,0,0,0,0
TF,GUNDA,-38.001917,175.283114,0, ,0.0,0.0,0.0,0.0,2,2500,0,0,0,0,0,0

STAR,KICK2A,DROPT,4
IF,DROPT,-38.220944,175.329978, ,0.0,0.0,0,0,0,0,0,0,0,0
TF,PASSE,-38.060103,175.349761,0, ,0.0,0.0,0.0,0.0,0,0,0,1,250,0,0,0
TF,KEVID,-37.932781,175.395906,0, ,0.0,0.0,0.0,0.0,2,7000,0,0,0,0,0,0
TF,KICKE,-37.884653,175.413303,0, ,0.0,0.0,0.0,0.0,0,0,0,0,0,0,0,0

STAR,KICK2A,GODOK,4
IF,GODOK,-37.892481,175.628086, ,0.0,0.0,0,0,0,0,0,0,0,0
TF,KICKE,-37.884653,175.413303,0, ,0.0,0.0,0.0,0.0,0,0,0,0,0,0,0,0

STAR,KICK2A,HN,4
IF,HN,-37.849264,175.338528, ,0.0,0.0,0,0,0,1,210,0,0,0
TF,KICKE,-37.884653,175.413303,0, ,0.0,0.0,0.0,0.0,0,0,0,0,0,0,0,0

STAR,KICK2A,KARBA,4
IF,KARBA,-38.185769,175.612914, ,0.0,0.0,0,0,0,0,0,0,0,0
TF,PASSE,-38.060103,175.349761,0, ,0.0,0.0,0.0,0.0,0,0,0,1,250,0,0,0
TF,KEVID,-37.932781,175.395906,0, ,0.0,0.0,0.0,0.0,2,7000,0,0,0,0,0,0
TF,KICKE,-37.884653,175.413303,0, ,0.0,0.0,0.0,0.0,0,0,0,0,0,0,0,0

STAR,KICK2A,18L,5
IF,KICKE,-37.884653,175.413303, ,0.0,0.0,0,0,0,0,0,0,0,0
TF,NILUS,-37.745897,175.463375,0, ,0.0,0.0,0.0,0.0,0,0,0,1,210,0,0,0
TF,THROW,-37.675161,175.488794,0, ,0.0,0.0,0.0,0.0,0,0,0,0,0,0,0,0
TF,TAYLA,-37.656803,175.408086,0, ,0.0,0.0,0.0,0.0,2,3000,0,0,0,0,0,0

STAR,KICK2B,GODOK,4
IF,GODOK,-37.892481,175.628086, ,0.0,0.0,0,0,0,0,0,0,0,0
TF,KICKE,-37.884653,175.413303,0, ,0.0,0.0,0.0,0.0,0,0,0,0,0,0,0,0

STAR,KICK2B,HN,4
IF,HN,-37.849264,175.338528, ,0.0,0.0,0,0,0,1,210,0,0,0
TF,KICKE,-37.884653,175.413303,0, ,0.0,0.0,0.0,0.0,0,0,0,0,0,0,0,0

STAR,KICK2B,OLDON,4
IF,OLDON,-37.775058,175.711256, ,0.0,0.0,0,0,0,0,0,0,0,0
TF,KICKE,-37.884653,175.413303,0, ,0.0,0.0,0.0,0.0,0,0,0,0,0,0,0,0

STAR,KICK2B,36R,5
IF,KICKE,-37.884653,175.413303, ,0.0,0.0,0,0,0,0,0,0,0,0
TF,PASSE,-38.060103,175.349761,0, ,0.0,0.0,0.0,0.0,0,0,0,1,210,0,0,0
TF,BUDEN,-38.041692,175.268658,0, ,0.0,0.0,0.0,0.0,2,3000,0,0,0,0,0,0

STAR,KICK2D,GODOK,4
IF,GODOK,-37.892481,175.628086, ,0.0,0.0,0,0,0,0,0,0,0,0
TF,KICKE,-37.884653,175.413303,0, ,0.0,0.0,0.0,0.0,0,0,0,0,0,0,0,0

STAR,KICK2D,HN,4
IF,HN,-37.849264,175.338528, ,0.0,0.0,0,0,0,1,210,0,0,0
TF,KICKE,-37.884653,175.413303,0, ,0.0,0.0,0.0,0.0,0,0,0,0,0,0,0,0

STAR,KICK2D,OLDON,4
IF,OLDON,-37.775058,175.711256, ,0.0,0.0,0,0,0,0,0,0,0,0
TF,KICKE,-37.884653,175.413303,0, ,0.0,0.0,0.0,0.0,0,0,0,0,0,0,0,0

STAR,KICK2D,36R,5
IF,KICKE,-37.884653,175.413303, ,0.0,0.0,0,0,0,0,0,0,0,0
TF,EGORI,-38.020353,175.364178,0, ,0.0,0.0,0.0,0.0,0,0,0,1,210,0,0,0
TF,GUNDA,-38.001917,175.283114,0, ,0.0,0.0,0.0,0.0,2,2500,0,0,0,0,0,0

STAR,KICK3C,DROPT,4
IF,DROPT,-38.220944,175.329978, ,0.0,0.0,0,0,0,0,0,0,0,0
TF,PASSE,-38.060103,175.349761,0, ,0.0,0.0,0.0,0.0,0,0,0,1,250,0,0,0
TF,KEVID,-37.932781,175.395906,0, ,0.0,0.0,0.0,0.0,2,7000,0,0,0,0,0,0
TF,KICKE,-37.884653,175.413303,0, ,0.0,0.0,0.0,0.0,0,0,0,0,0,0,0,0

STAR,KICK3C,GODOK,4
IF,GODOK,-37.892481,175.628086, ,0.0,0.0,0,0,0,0,0,0,0,0
TF,KICKE,-37.884653,175.413303,0, ,0.0,0.0,0.0,0.0,0,0,0,0,0,0,0,0

STAR,KICK3C,HN,4
IF,HN,-37.849264,175.338528, ,0.0,0.0,0,0,0,1,210,0,0,0
TF,KICKE,-37.884653,175.413303,0, ,0.0,0.0,0.0,0.0,0,0,0,0,0,0,0,0

STAR,KICK3C,KARBA,4
IF,KARBA,-38.185769,175.612914, ,0.0,0.0,0,0,0,0,0,0,0,0
TF,PASSE,-38.060103,175.349761,0, ,0.0,0.0,0.0,0.0,0,0,0,1,250,0,0,0
TF,KEVID,-37.932781,175.395906,0, ,0.0,0.0,0.0,0.0,2,7000,0,0,0,0,0,0
TF,KICKE,-37.884653,175.413303,0, ,0.0,0.0,0.0,0.0,0,0,0,0,0,0,0,0

STAR,KICK3C,18L,5
IF,KICKE,-37.884653,175.413303, ,0.0,0.0,0,0,0,0,0,0,0,0
TF,NILUS,-37.745897,175.463375,0, ,0.0,0.0,0.0,0.0,0,0,0,1,210,0,0,0
TF,VATNA,-37.727522,175.382594,0, ,0.0,0.0,0.0,0.0,2,2500,0,0,0,0,0,0

STAR,LAKE3C,18L,5
IF,LAKES,-37.453522,175.090875, ,0.0,0.0,0,0,0,0,0,0,0,0
TF,VATNA,-37.727522,175.382594,0, ,0.0,0.0,0.0,0.0,2,2500,0,0,0,0,0,0

STAR,OLDO3A,18L,5
IF,OLDON,-37.775058,175.711256, ,0.0,0.0,0,0,0,0,0,0,0,0
TF,NILUS,-37.745897,175.463375,0, ,0.0,0.0,0.0,0.0,0,0,0,1,210,0,0,0
TF,THROW,-37.675161,175.488794,2, ,0.0,0.0,0.0,0.0,0,0,0,0,0,0,0,0
TF,TAYLA,-37.656803,175.408086,0, ,0.0,0.0,0.0,0.0,2,3000,0,0,0,0,0,0

STAR,OLDO4C,18L,5
IF,OLDON,-37.775058,175.711256, ,0.0,0.0,0,0,0,0,0,0,0,0
TF,TONID,-37.754736,175.538017,0, ,0.0,0.0,0.0,0.0,2,5000,0,0,0,0,0,0
TF,NILUS,-37.745897,175.463375,0, ,0.0,0.0,0.0,0.0,0,0,0,1,210,0,0,0
TF,VATNA,-37.727522,175.382594,0, ,0.0,0.0,0.0,0.0,2,2500,0,0,0,0,0,0

STAR,YOGI2A,DABKA,4
IF,DABKA,-38.232014,175.130750, ,0.0,0.0,0,0,0,0,0,0,0,0
TF,BOLOG,-37.983425,175.202089,0, ,0.0,0.0,0.0,0.0,0,0,0,0,0,0,0,0
TF,EKASO,-37.895892,175.234006,0, ,0.0,0.0,0.0,0.0,2,7000,0,0,0,0,0,0
TF,YOGIT,-37.847806,175.251500,0, ,0.0,0.0,0.0,0.0,0,0,0,0,0,0,0,0

STAR,YOGI2A,DADUK,4
IF,DADUK,-38.226922,174.967150, ,0.0,0.0,0,0,0,0,0,0,0,0
TF,BOLOG,-37.983425,175.202089,0, ,0.0,0.0,0.0,0.0,0,0,0,0,0,0,0,0
TF,EKASO,-37.895892,175.234006,0, ,0.0,0.0,0.0,0.0,2,7000,0,0,0,0,0,0
TF,YOGIT,-37.847806,175.251500,0, ,0.0,0.0,0.0,0.0,0,0,0,0,0,0,0,0

STAR,YOGI2A,POKOM,4
IF,POKOM,-37.872094,174.806317, ,0.0,0.0,0,0,0,0,0,0,0,0
TF,YOGIT,-37.847806,175.251500,0, ,0.0,0.0,0.0,0.0,0,0,0,0,0,0,0,0

STAR,YOGI2A,18L,5
IF,YOGIT,-37.847806,175.251500, ,0.0,0.0,0,0,0,0,0,0,0,0
TF,ADBET,-37.709086,175.301853,0, ,0.0,0.0,0.0,0.0,0,0,0,0,0,0,0,0
TF,CHESE,-37.638392,175.327411,0, ,0.0,0.0,0.0,0.0,0,0,0,1,210,0,0,0
TF,TAYLA,-37.656803,175.408086,2, ,0.0,0.0,0.0,0.0,2,3000,0,0,0,0,0,0

STAR,YOGI2B,ATPUL,4
IF,ATPUL,-37.514092,175.318014, ,0.0,0.0,0,0,0,1,250,0,0,0
TF,CHESE,-37.638392,175.327411,0, ,0.0,0.0,0.0,0.0,0,0,0,0,0,0,0,0
TF,YOGIT,-37.847806,175.251500,0, ,0.0,0.0,0.0,0.0,0,0,0,0,0,0,0,0

STAR,YOGI2B,LAKES,4
IF,LAKES,-37.453522,175.090875, ,0.0,0.0,0,0,0,0,0,0,0,0
TF,YOGIT,-37.847806,175.251500,0, ,0.0,0.0,0.0,0.0,0,0,0,0,0,0,0,0

STAR,YOGI2B,POKOM,4
IF,POKOM,-37.872094,174.806317, ,0.0,0.0,0,0,0,0,0,0,0,0
TF,YOGIT,-37.847806,175.251500,0, ,0.0,0.0,0.0,0.0,0,0,0,0,0,0,0,0

STAR,YOGI2B,TAYLA,4
IF,TAYLA,-37.656803,175.408086, ,0.0,0.0,0,0,0,1,210,0,0,0
TF,CHESE,-37.638392,175.327411,0, ,0.0,0.0,0.0,0.0,0,0,0,0,0,0,0,0
TF,YOGIT,-37.847806,175.251500,0, ,0.0,0.0,0.0,0.0,0,0,0,0,0,0,0,0

STAR,YOGI2B,36R,5
IF,YOGIT,-37.847806,175.251500, ,0.0,0.0,0,0,0,0,0,0,0,0
TF,DAIRY,-38.023172,175.187600,0, ,0.0,0.0,0.0,0.0,0,0,0,1,210,0,0,0
TF,BUDEN,-38.041692,175.268658,0, ,0.0,0.0,0.0,0.0,2,3000,0,0,0,0,0,0

STAR,YOGI2D,ATPUL,4
IF,ATPUL,-37.514092,175.318014, ,0.0,0.0,0,0,0,1,250,0,0,0
TF,CHESE,-37.638392,175.327411,0, ,0.0,0.0,0.0,0.0,0,0,0,0,0,0,0,0
TF,YOGIT,-37.847806,175.251500,0, ,0.0,0.0,0.0,0.0,0,0,0,0,0,0,0,0

STAR,YOGI2D,LAKES,4
IF,LAKES,-37.453522,175.090875, ,0.0,0.0,0,0,0,0,0,0,0,0
TF,YOGIT,-37.847806,175.251500,0, ,0.0,0.0,0.0,0.0,0,0,0,0,0,0,0,0

STAR,YOGI2D,POKOM,4
IF,POKOM,-37.872094,174.806317, ,0.0,0.0,0,0,0,0,0,0,0,0
TF,YOGIT,-37.847806,175.251500,0, ,0.0,0.0,0.0,0.0,0,0,0,0,0,0,0,0

STAR,YOGI2D,TAYLA,4
IF,TAYLA,-37.656803,175.408086, ,0.0,0.0,0,0,0,1,210,0,0,0
TF,CHESE,-37.638392,175.327411,0, ,0.0,0.0,0.0,0.0,0,0,0,0,0,0,0,0
TF,YOGIT,-37.847806,175.251500,0, ,0.0,0.0,0.0,0.0,0,0,0,0,0,0,0,0

STAR,YOGI2D,36R,5
IF,YOGIT,-37.847806,175.251500, ,0.0,0.0,0,0,0,0,0,0,0,0
TF,BOLOG,-37.983425,175.202089,0, ,0.0,0.0,0.0,0.0,0,0,0,1,210,0,0,0
TF,GUNDA,-38.001917,175.283114,0, ,0.0,0.0,0.0,0.0,2,2500,0,0,0,0,0,0

STAR,YOGI3C,DABKA,4
IF,DABKA,-38.232014,175.130750, ,0.0,0.0,0,0,0,0,0,0,0,0
TF,BOLOG,-37.983425,175.202089,0, ,0.0,0.0,0.0,0.0,0,0,0,0,0,0,0,0
TF,EKASO,-37.895892,175.234006,0, ,0.0,0.0,0.0,0.0,2,7000,0,0,0,0,0,0
TF,YOGIT,-37.847806,175.251500,0, ,0.0,0.0,0.0,0.0,0,0,0,0,0,0,0,0

STAR,YOGI3C,DADUK,4
IF,DADUK,-38.226922,174.967150, ,0.0,0.0,0,0,0,0,0,0,0,0
TF,BOLOG,-37.983425,175.202089,0, ,0.0,0.0,0.0,0.0,0,0,0,0,0,0,0,0
TF,EKASO,-37.895892,175.234006,0, ,0.0,0.0,0.0,0.0,2,7000,0,0,0,0,0,0
TF,YOGIT,-37.847806,175.251500,0, ,0.0,0.0,0.0,0.0,0,0,0,0,0,0,0,0

STAR,YOGI3C,POKOM,4
IF,POKOM,-37.872094,174.806317, ,0.0,0.0,0,0,0,0,0,0,0,0
TF,YOGIT,-37.847806,175.251500,0, ,0.0,0.0,0.0,0.0,0,0,0,0,0,0,0,0

STAR,YOGI3C,18L,5
IF,YOGIT,-37.847806,175.251500, ,0.0,0.0,0,0,0,0,0,0,0,0
TF,ADBET,-37.709086,175.301853,0, ,0.0,0.0,0.0,0.0,0,0,0,1,210,0,0,0
TF,VATNA,-37.727522,175.382594,2, ,0.0,0.0,0.0,0.0,2,2500,0,0,0,0,0,0

APPTR,D18L,18L,D092L
IF,D092L,-37.927269,175.571211, ,0.0,0.0,0,0,0,0,0,0,0,0
AF,TAYLA,-37.656803,175.408086,1,HN,355.0,12.0,92.0,2,3000,0,0,0,0,0,0
TF,CD18L,-37.708831,175.392564,0, ,0.0,0.0,0.0,0.0,2,3000,0,0,0,0,0,0

APPTR,D18L,18L,D272L
IF,D272L,-37.770797,175.106331, ,0.0,0.0,0,0,0,0,0,0,0,0
AF,TAYLA,-37.656803,175.408086,2,HN,355.0,12.0,272.0,2,3000,0,0,0,0,0,0
TF,CD18L,-37.708831,175.392564,0, ,0.0,0.0,0.0,0.0,2,3000,0,0,0,0,0,0

APPTR,D18L,18L,HN1
FD,HN,-37.849264,175.338528,0,HN,0.0,9.5,333.0,9.5,2,3000,0,1,230,0,0,0
CF,CD18L,-37.708831,175.392564,2,HN,356.0,8.8,176.0,1.0,2,3000,0,0,0,0,0,0

APPTR,D18L,18L,HN2
FD,HN,-37.849264,175.338528,0,HN,0.0,9.5,346.0,9.5,2,3000,0,0,0,0,0,0
CF,CD18L,-37.708831,175.392564,2,HN,356.0,8.8,176.0,1.0,2,3000,0,0,0,0,0,0

APPTR,D18L,18L,TAYLA
IF,TAYLA,-37.656803,175.408086, ,0.0,0.0,2,3000,0,0,0,0,0,0
TF,CD18L,-37.708831,175.392564,0, ,0.0,0.0,0.0,0.0,2,3000,0,0,0,0,0,0

FINAL,D18L,18L,D,4
IF,CD18L,-37.708831,175.392564,HN,356.0,8.8,2,3000,0,0,0,0,0,0
CF,FD18L,-37.769475,175.369256,0,HN,356.0,5.0,176.0,3.8,2,1850,0,0,0,0,2,0
CF,25VOR,-37.809369,175.353900,0,HN,356.0,2.5,176.0,2.5,2,1100,0,0,0,0,0,0
CF,HN,-37.849264,175.338528,0,HN,0.0,0.0,176.0,2.5,1,347,0,0,0,0,3,0
CF,BUDEN,-38.041692,175.268658,0,HN,175.0,12.0,176.0,12.0,1,3500,0,0,0,0,0,0
HM,BUDEN,-38.041692,175.268658,2, ,0.0,0.0,356.0,04,1,3500,0,1,210,0,0,0,0

APPTR,D36R,36R,BUDEN
IF,BUDEN,-38.041692,175.268658, ,0.0,0.0,2,3000,0,0,0,0,0,0
TF,CD36R,-38.013597,175.275017,0, ,0.0,0.0,0.0,0.0,2,3000,0,0,0,0,0,0

APPTR,D36R,36R,D070L
IF,D070L,-37.852486,175.591014, ,0.0,0.0,0,0,0,0,0,0,0,0
AF,D130L,-38.024322,175.461239,2,HN,130.0,12.0,70.0,2,3500,0,0,0,0,0,0
AF,BUDEN,-38.041692,175.268658,2,HN,175.0,12.0,130.0,2,3000,0,0,0,0,0,0
TF,CD36R,-38.013597,175.275017,0, ,0.0,0.0,0.0,0.0,2,3000,0,0,0,0,0,0

APPTR,D36R,36R,D265L
IF,D265L,-37.793822,175.095975, ,0.0,0.0,0,0,0,0,0,0,0,0
AF,D195L,-38.011156,175.189778,1,HN,195.0,12.0,265.0,2,4300,0,0,0,0,0,0
AF,BUDEN,-38.041692,175.268658,1,HN,175.0,12.0,195.0,2,3000,0,0,0,0,0,0
TF,CD36R,-38.013597,175.275017,0, ,0.0,0.0,0.0,0.0,2,3000,0,0,0,0,0,0

APPTR,D36R,36R,HN1
FD,HN,-37.849264,175.338528,0,HN,0.0,11.0,156.0,11.0,2,3000,0,1,230,0,0,0
CF,CD36R,-38.013597,175.275017,2,HN,176.0,10.3,356.0,1.0,2,3000,0,0,0,0,0,0

APPTR,D36R,36R,HN2
FD,HN,-37.849264,175.338528,0,HN,0.0,11.0,167.0,11.0,2,3000,0,0,0,0,0,0
CF,CD36R,-38.013597,175.275017,2,HN,176.0,10.3,356.0,1.0,2,3000,0,0,0,0,0,0

FINAL,D36R,36R,D,4
IF,CD36R,-38.013597,175.275017,HN,176.0,10.3,2,3000,0,0,0,0,0,0
CF,FD36R,-37.960950,175.295394,0,HN,176.0,7.0,356.0,3.3,2,1970,0,0,0,0,2,0
CF,30VOR,-37.897131,175.320058,0,HN,176.0,3.0,356.0,4.0,2,690,0,0,0,0,0,0
CF,RW36R,-37.873650,175.329706,0,HN,176.0,1.5,356.0,1.5,1,214,0,0,0,0,3,0
CF,TAYLA,-37.656803,175.408086,0,HN,355.0,12.0,356.0,13.5,1,3000,0,0,0,0,0,0
HM,TAYLA,-37.656803,175.408086,2, ,0.0,0.0,176.0,04,1,3000,0,1,210,0,0,0,0

APPTR,R18LY,18L,TAYLA
HF,TAYLA,-37.656803,175.408086,2, ,0.0,0.0,176.0,04.3,2,3000,0,1,230,0,1,0,0

FINAL,R18LY,18L,R,3
IF,TAYLA,-37.656803,175.408086, ,0.0,0.0,2,3000,0,0,0,0,0,0
TF,LAXOD,-37.770817,175.366933,0, ,0.0,0.0,175.0,7.1,1,1910,0,0,0,0,2,0
TF,RW18L,-37.855806,175.336172,0, ,0.0,0.0,175.0,5.3,1,220,0,0,0,0,3,1
CF,BUDEN,-38.041692,175.268658,0,HN,175.0,12.0,175.0,11.6,1,3600,0,0,0,0,0,0
HM,BUDEN,-38.041692,175.268658,2, ,0.0,0.0,356.0,04.3,1,3600,0,1,230,0,0,0,0

FINAL,R18LZ,18L,R,3
IF,VATNA,-37.727522,175.382594, ,0.0,0.0,2,2500,0,0,0,0,1,0
TF,ISPOT,-37.791664,175.359403,0, ,0.0,0.0,175.0,4.0,1,1490,0,0,0,0,2,0
TF,RW18L,-37.855806,175.336172,0, ,0.0,0.0,175.0,4.0,1,220,0,0,0,0,3,1
CF,BUDEN,-38.041692,175.268658,0,HN,175.0,12.0,175.0,12.0,0,0,0,0,0,0,0,1
DF,HN,-37.849264,175.338528,1, ,0.0,0.0,1,3000,0,1,220,0,0,0
HM,HN,-37.849264,175.338528,1, ,0.0,0.0,175.0,04.3,1,3000,0,1,220,0,0,0,0

APPTR,R36RY,36R,BUDEN
HF,BUDEN,-38.041692,175.268658,2, ,0.0,0.0,356.0,04.3,2,3600,0,1,230,0,1,0,0

FINAL,R36RY,36R,R,3
IF,BUDEN,-38.041692,175.268658, ,0.0,0.0,2,3000,0,0,0,0,0,0
TF,NITAK,-37.953814,175.300625,0, ,0.0,0.0,355.0,5.5,1,1810,0,0,0,0,2,0
TF,RW36R,-37.873650,175.329706,0, ,0.0,0.0,355.0,5.0,1,214,0,0,0,0,3,1
CF,TAYLA,-37.656803,175.408086,0,HN,355.0,12.0,355.0,13.5,1,3000,0,0,0,0,0,0
HM,TAYLA,-37.656803,175.408086,2, ,0.0,0.0,176.0,04.3,1,3000,0,1,230,0,0,0,0

FINAL,R36RZ,36R,R,3
IF,GUNDA,-38.001917,175.283114, ,0.0,0.0,2,2500,0,0,0,0,1,0
TF,IKERI,-37.937786,175.306428,0, ,0.0,0.0,355.0,4.0,1,1490,0,0,0,0,2,0
TF,RW36R,-37.873650,175.329706,0, ,0.0,0.0,355.0,4.0,1,214,0,0,0,0,3,1
CF,TAYLA,-37.656803,175.408086,0,HN,355.0,12.0,355.0,13.5,0,0,0,0,0,0,0,1
DF,HN,-37.849264,175.338528,1, ,0.0,0.0,1,3000,0,1,220,0,0,0
HM,HN,-37.849264,175.338528,1, ,0.0,0.0,175.0,04.3,1,3000,0,1,220,0,0,0,0

APPTR,S18L,18L,HN1
IF,HN,-37.849264,175.338528, ,0.0,0.0,2,3000,0,0,0,0,0,0
FC,HN,-37.849264,175.338528,0,HN,0.0,0.0,329.0,7.0,2,1500,0,1,230,0,0,1
CF,FS18L,-37.785433,175.363114,2,HN,356.0,4.0,176.0,3.0,2,1500,0,0,0,0,0,0

APPTR,S18L,18L,HN2
IF,HN,-37.849264,175.338528, ,0.0,0.0,2,3000,0,0,0,0,0,0
FC,HN,-37.849264,175.338528,0,HN,0.0,0.0,344.0,7.0,2,1500,0,1,230,0,0,1
CF,FS18L,-37.785433,175.363114,2,HN,356.0,4.0,176.0,3.0,2,1500,0,0,0,0,0,0

FINAL,S18L,18L,D,2
IF,FS18L,-37.785433,175.363114,HN,356.0,4.0,2,1500,0,0,0,0,2,0
CF,HN,-37.849264,175.338528,0,HN,0.0,0.0,176.0,4.0,1,351,0,0,0,0,3,0
CA,0,176.0,2,3000,0,0,0,0,0,0
DF,HN,-37.849264,175.338528,1, ,0.0,0.0,1,3000,0,0,0,0,0,0
HM,HN,-37.849264,175.338528,2, ,0.0,0.0,329.0,04.3,1,3000,0,1,230,0,0,0,0

