SID,AGAXA4,16,5
CA,0,157.0,2,500,0,0,0,0,0,0
DF,AGAXA,-40.989328,174.795144,0, ,0.0,0.0,3,3000,0,1,180,0,0,1

SID,AGAXA4,AVKEX,6
IF,AGAXA,-40.989328,174.795144, ,0.0,0.0,3,3000,0,1,180,0,0,0
TF,FICAN,-41.110194,174.528114,0, ,0.0,0.0,0.0,0.0,0,0,0,0,0,0,0,0
TF,AVKEX,-41.185844,174.362378,0, ,0.0,0.0,0.0,0.0,0,0,0,0,0,0,0,0

SID,AGAXA4,BRUDA,6
IF,AGAXA,-40.989328,174.795144, ,0.0,0.0,3,3000,0,1,180,0,0,0
TF,BRUDA,-41.002989,174.509036,0, ,0.0,0.0,0.0,0.0,0,0,0,0,0,0,0,0

SID,AGAXA4,KAMET,6
IF,AGAXA,-40.989328,174.795144, ,0.0,0.0,3,3000,0,1,180,0,0,0
DF,KAMET,-40.668161,175.119608,2, ,0.0,0.0,0,0,0,0,0,0,0,0

SID,AGAXA4,KAPTI,6
IF,AGAXA,-40.989328,174.795144, ,0.0,0.0,3,3000,0,1,180,0,0,0
DF,KAPTI,-40.631606,174.996658,2, ,0.0,0.0,0,0,0,0,0,0,0,0

SID,AGAXA4,PP,6
IF,AGAXA,-40.989328,174.795144, ,0.0,0.0,3,3000,0,1,180,0,0,0
DF,PP,-40.903000,174.983361,2, ,0.0,0.0,0,0,0,0,0,0,0,0

SID,AGAXA4,WITBY,6
IF,AGAXA,-40.989328,174.795144, ,0.0,0.0,3,3000,0,1,180,0,0,0
DF,WITBY,-41.121789,174.820694,0, ,0.0,0.0,0,0,0,1,200,0,0,0

SID,GUGAK5,34,5
CA,0,338.0,2,500,0,0,0,0,0,0
CF,GUGAK,-40.731928,174.988153,0,WN,349.1,37.1,338.0,10.0,3,5000,0,1,200,0,0,1

SID,GUGAK5,AVKEX,6
IF,GUGAK,-40.731928,174.988153, ,0.0,0.0,3,5000,0,1,200,0,0,0
DF,BRUDA,-41.002989,174.509036,1, ,0.0,0.0,0,0,0,0,0,0,0,0
TF,AVKEX,-41.185844,174.362378,0, ,0.0,0.0,0.0,0.0,0,0,0,0,0,0,0,0

SID,GUGAK5,BRUDA,6
IF,GUGAK,-40.731928,174.988153, ,0.0,0.0,3,5000,0,1,200,0,0,0
DF,BRUDA,-41.002989,174.509036,1, ,0.0,0.0,0,0,0,0,0,0,0,0

SID,GUGAK5,KAMET,6
IF,GUGAK,-40.731928,174.988153, ,0.0,0.0,3,5000,0,1,200,0,0,0
DF,KAMET,-40.668161,175.119608,0, ,0.0,0.0,0,0,0,0,0,0,0,0

SID,GUGAK5,KAPTI,6
IF,GUGAK,-40.731928,174.988153, ,0.0,0.0,3,5000,0,1,200,0,0,0
TF,KAPTI,-40.631606,174.996658,0, ,0.0,0.0,0.0,0.0,0,0,0,0,0,0,0,0

SID,GUGAK5,PEGPU,6
IF,GUGAK,-40.731928,174.988153, ,0.0,0.0,3,5000,0,1,200,0,0,0
DF,PEGPU,-41.076486,174.522108,1, ,0.0,0.0,0,0,0,0,0,0,0,0

SID,GUGAK5,PP,6
IF,GUGAK,-40.731928,174.988153, ,0.0,0.0,3,5000,0,1,200,0,0,0
DF,PP,-40.903000,174.983361,1, ,0.0,0.0,0,0,0,0,0,0,0,0

SID,GUGAK5,WITBY,6
IF,GUGAK,-40.731928,174.988153, ,0.0,0.0,3,5000,0,1,200,0,0,0
DF,WITBY,-41.121789,174.820694,1, ,0.0,0.0,0,0,0,0,0,0,0,0

SID,RWY16,16,2
CA,0,157.0,2,520,0,0,0,0,0,0
VI,0, ,0.0,246.0,0,0,0,0,0,0,0,0
CF,PP10A,-40.989161,174.793772,0,WN,334.1,20.9,216.0,5.0,1,3000,0,0,0,0,0,1

SID,RWY16,KAMET,3
IF,PP10A,-40.989161,174.793772, ,0.0,0.0,1,3000,0,1,200,0,0,0
VI,2, ,0.0,31.0,0,0,0,0,0,0,0,0
CF,KAMET,-40.668161,175.119608,0,WN,356.0,42.4,1.0,15.0,0,0,0,0,0,0,0,0

SID,RWY16,KAPTI,3
IF,PP10A,-40.989161,174.793772, ,0.0,0.0,1,3000,0,1,200,0,0,0
VI,2, ,0.0,10.0,0,0,0,0,0,0,0,0
CF,KAPTI,-40.631606,174.996658,0,WN,348.0,43.1,340.0,8.0,0,0,0,0,0,0,0,0

SID,RWY16,PP,3
IF,PP10A,-40.989161,174.793772, ,0.0,0.0,1,3000,0,1,200,0,0,0
DF,PP,-40.903000,174.983361,2, ,0.0,0.0,0,0,0,0,0,0,0,0

SID,RWY34,34,2
CA,0,337.0,2,500,0,0,0,0,0,0
CF,PP10B,-40.736119,174.991022,0,WN,349.4,36.9,339.0,9.0,0,0,0,0,0,0,0,1

SID,RWY34,KAMET,3
IF,PP10B,-40.736119,174.991022, ,0.0,0.0,0,0,0,1,200,0,0,0
VI,0, ,0.0,46.0,0,0,0,0,0,0,0,0
CF,KAMET,-40.668161,175.119608,0,WN,356.0,42.4,1.0,3.0,1,5000,0,0,0,0,0,0

SID,RWY34,KAPTI,3
IF,PP10B,-40.736119,174.991022, ,0.0,0.0,0,0,0,0,0,0,0,0
CF,KAPTI,-40.631606,174.996658,0,WN,348.0,43.1,340.0,6.0,1,5000,0,0,0,0,0,0

SID,RWY34,PP,3
IF,PP10B,-40.736119,174.991022, ,0.0,0.0,0,0,0,1,200,0,0,0
DF,PP,-40.903000,174.983361,1, ,0.0,0.0,0,0,0,0,0,0,0,0

STAR,AGSO1G,34,5
IF,AGSOP,-41.153581,174.615689, ,0.0,0.0,0,0,0,0,0,0,0,0
TF,DABGU,-41.046664,174.773614,0, ,0.0,0.0,0.0,0.0,2,1800,0,0,0,0,0,0

STAR,AGSO1H,16,5
IF,AGSOP,-41.153581,174.615689, ,0.0,0.0,0,0,0,0,0,0,0,0
TF,GUDSA,-40.905883,174.781517,0, ,0.0,0.0,0.0,0.0,0,0,0,0,0,0,0,0
TF,ENBAR,-40.701817,174.917114,0, ,0.0,0.0,0.0,0.0,2,3000,0,0,0,0,0,0

STAR,AVKE1G,34,5
IF,AVKEX,-41.185844,174.362378, ,0.0,0.0,0,0,0,0,0,0,0,0
TF,PP401,-41.097778,174.463889,0, ,0.0,0.0,0.0,0.0,0,0,0,0,0,0,0,0
TF,AKADU,-40.885853,174.707486,0, ,0.0,0.0,0.0,0.0,0,0,0,0,0,0,0,0
TF,NILID,-40.907986,174.777544,0, ,0.0,0.0,0.0,0.0,2,2500,0,0,0,0,0,0

STAR,AVKE1H,16,5
IF,AVKEX,-41.185844,174.362378, ,0.0,0.0,0,0,0,0,0,0,0,0
TF,PP401,-41.097778,174.463889,0, ,0.0,0.0,0.0,0.0,0,0,0,0,0,0,0,0
TF,ENBAR,-40.701817,174.917114,0, ,0.0,0.0,0.0,0.0,2,3000,0,0,0,0,0,0

STAR,IPKE1G,34,5
IF,IPKEP,-41.174167,174.673519, ,0.0,0.0,0,0,0,0,0,0,0,0
TF,DABGU,-41.046664,174.773614,0, ,0.0,0.0,0.0,0.0,2,1800,0,0,0,0,0,0

STAR,IPKE1H,16,5
IF,IPKEP,-41.174167,174.673519, ,0.0,0.0,0,0,0,0,0,0,0,0
TF,GUDSA,-40.905883,174.781517,0, ,0.0,0.0,0.0,0.0,0,0,0,0,0,0,0,0
TF,ENBAR,-40.701817,174.917114,0, ,0.0,0.0,0.0,0.0,2,3000,0,0,0,0,0,0

STAR,KAME1G,34,5
IF,KAMET,-40.668161,175.119608, ,0.0,0.0,3,10000,0,0,0,0,0,0
TF,NOKIX,-40.711436,175.025958,0, ,0.0,0.0,0.0,0.0,0,0,0,0,0,0,0,0
TF,NILID,-40.907986,174.777544,0, ,0.0,0.0,0.0,0.0,2,2500,0,0,0,0,0,0

STAR,KAME1H,16,5
IF,KAMET,-40.668161,175.119608, ,0.0,0.0,0,0,0,0,0,0,0,0
TF,NOKIX,-40.711436,175.025958,0, ,0.0,0.0,0.0,0.0,2,3000,0,0,0,0,0,0

STAR,KAPT1G,34,5
IF,KAPTI,-40.631606,174.996658, ,0.0,0.0,3,10000,0,0,0,0,0,0
TF,NILID,-40.907986,174.777544,0, ,0.0,0.0,0.0,0.0,2,2500,0,0,0,0,0,0

STAR,KAPT1H,16,5
IF,KAPTI,-40.631606,174.996658, ,0.0,0.0,0,0,0,0,0,0,0,0
TF,NOKIX,-40.711436,175.025958,0, ,0.0,0.0,0.0,0.0,2,3000,0,0,0,0,0,0

STAR,PP1G,34,5
IF,PP,-40.903000,174.983361, ,0.0,0.0,0,0,0,0,0,0,0,0
TF,NILID,-40.907986,174.777544,0, ,0.0,0.0,0.0,0.0,2,2500,0,0,0,0,0,0

STAR,PP1H,16,5
IF,PP,-40.903000,174.983361, ,0.0,0.0,0,0,0,0,0,0,0,0
TF,NOKIX,-40.711436,175.025958,0, ,0.0,0.0,0.0,0.0,2,3000,0,0,0,0,0,0

STAR,TPAP1G,34,5
IF,TPAPA,-40.705408,174.456436, ,0.0,0.0,0,0,0,0,0,0,0,0
TF,FIRST,-40.823056,174.477222,0, ,0.0,0.0,0.0,0.0,3,11000,0,0,0,0,0,0
TF,VEKDA,-40.856994,174.601208,0, ,0.0,0.0,0.0,0.0,3,9000,0,0,0,0,0,0
TF,AKADU,-40.885853,174.707486,0, ,0.0,0.0,0.0,0.0,0,0,0,0,0,0,0,0
TF,NILID,-40.907986,174.777544,0, ,0.0,0.0,0.0,0.0,2,2500,0,0,0,0,0,0

STAR,TPAP1H,16,5
IF,TPAPA,-40.705408,174.456436, ,0.0,0.0,0,0,0,0,0,0,0,0
TF,FIRST,-40.823056,174.477222,0, ,0.0,0.0,0.0,0.0,3,11000,0,0,0,0,0,0
TF,XEDES,-40.789197,174.601086,1, ,0.0,0.0,0.0,0.0,3,9000,0,0,0,0,0,0
TF,ENBAR,-40.701817,174.917114,0, ,0.0,0.0,0.0,0.0,2,3000,0,0,0,0,0,0

APPTR,N16-B,16,PP
IF,PP,-40.903000,174.983361, ,0.0,0.0,2,5000,0,0,0,0,0,0
FC,PP,-40.903000,174.983361,0,WN,0.0,0.0,215.0,3.9,0,0,0,1,185,0,0,1
CF,PP,-40.903000,174.983361,1,WN,353.2,27.1,350.0,4.0,2,3500,0,0,0,0,0,0
TF,D004I,-40.764767,175.075956,0, ,0.0,0.0,0.0,0.0,2,2500,0,0,0,0,0,1
CF,FN169,-40.776728,175.018650,1,WN,352.3,34.8,169.0,2.0,2,2500,0,0,0,0,0,0

FINAL,N16-B,16,N,2
IF,FN169,-40.776728,175.018650,PP,0.0,0.0,2,2500,0,0,0,0,2,0
CF,PP,-40.903000,174.983361,0,PP,0.0,0.0,169.0,7.7,1,2200,0,0,0,0,3,0
CA,0,215.0,2,4000,0,0,0,0,0,0
DF,PP,-40.903000,174.983361,2, ,0.0,0.0,1,5000,0,0,0,0,0,0
HM,PP,-40.903000,174.983361,2, ,0.0,0.0,169.0,04.3,2,5000,0,1,170,0,0,0,0

APPTR,N34-B,34,PP
IF,PP,-40.903000,174.983361, ,0.0,0.0,2,5000,0,0,0,0,0,0
FC,PP,-40.903000,174.983361,0,WN,0.0,0.0,215.0,3.9,0,0,0,1,185,0,0,1
CF,PP,-40.903000,174.983361,1,WN,353.2,27.1,350.0,4.0,2,3500,0,0,0,0,0,0
TF,D004I,-40.764767,175.075956,0, ,0.0,0.0,0.0,0.0,2,2500,0,0,0,0,0,1
CF,FN169,-40.776728,175.018650,1,WN,352.3,34.8,169.0,2.0,2,2500,0,0,0,0,0,0

FINAL,N34-B,34,N,2
IF,FN169,-40.776728,175.018650,PP,0.0,0.0,2,2500,0,0,0,0,2,0
CF,PP,-40.903000,174.983361,0,PP,0.0,0.0,169.0,7.7,1,2200,0,0,0,0,3,0
CA,0,215.0,2,4000,0,0,0,0,0,0
DF,PP,-40.903000,174.983361,2, ,0.0,0.0,1,5000,0,0,0,0,0,0
HM,PP,-40.903000,174.983361,2, ,0.0,0.0,169.0,04.3,2,5000,0,1,170,0,0,0,0

APPTR,Q16-A,16,PP1
IF,PP,-40.903000,174.983361, ,0.0,0.0,2,5000,0,0,0,0,0,0
FC,PP,-40.903000,174.983361,0,WN,0.0,0.0,215.0,3.9,0,0,0,1,185,0,0,1
CF,PP,-40.903000,174.983361,1,WN,353.2,27.1,350.0,4.0,2,3500,0,0,0,0,0,0
TF,D006I,-40.771967,175.078856,0, ,0.0,0.0,0.0,0.0,2,2500,0,0,0,0,0,1
CF,CF169,-40.756178,175.024389,1,WN,352.2,36.1,169.0,1.0,2,2500,0,0,0,0,0,0

APPTR,Q16-A,16,PP2
IF,PP,-40.903000,174.983361, ,0.0,0.0,2,5000,0,0,0,0,0,0
FC,PP,-40.903000,174.983361,0,WN,0.0,0.0,215.0,3.0,0,0,0,1,185,0,0,1
CF,PP,-40.903000,174.983361,1,WN,353.2,27.1,350.0,3.5,2,3500,0,0,0,0,0,0
TF,D360I,-40.765008,175.060369,0, ,0.0,0.0,0.0,0.0,2,2500,0,0,0,0,0,1
CF,CF169,-40.756178,175.024389,1,WN,352.2,36.1,169.0,1.0,2,2500,0,0,0,0,0,0

FINAL,Q16-A,16,N,3
IF,CF169,-40.756178,175.024389,PP,0.0,0.0,2,2500,0,0,0,0,0,0
CF,FQ169,-40.821444,175.006164,0,PP,0.0,0.0,169.0,4.0,2,2500,0,0,0,0,2,0
CF,PP,-40.903000,174.983361,0,PP,0.0,0.1,169.0,5.0,1,1510,0,0,0,0,3,0
CF,D215J,-40.991222,174.796694,0,WN,334.5,20.8,215.0,10.0,1,3000,0,0,0,0,0,0

APPTR,Q34-A,34,PP1
IF,PP,-40.903000,174.983361, ,0.0,0.0,2,5000,0,0,0,0,0,0
FC,PP,-40.903000,174.983361,0,WN,0.0,0.0,215.0,3.9,0,0,0,1,185,0,0,1
CF,PP,-40.903000,174.983361,1,WN,353.2,27.1,350.0,4.0,2,3500,0,0,0,0,0,0
TF,D006I,-40.771967,175.078856,0, ,0.0,0.0,0.0,0.0,2,2500,0,0,0,0,0,1
CF,CF169,-40.756178,175.024389,1,WN,352.2,36.1,169.0,1.0,2,2500,0,0,0,0,0,0

APPTR,Q34-A,34,PP2
IF,PP,-40.903000,174.983361, ,0.0,0.0,2,5000,0,0,0,0,0,0
FC,PP,-40.903000,174.983361,0,WN,0.0,0.0,215.0,3.0,0,0,0,1,185,0,0,1
CF,PP,-40.903000,174.983361,1,WN,353.2,27.1,350.0,3.5,2,3500,0,0,0,0,0,0
TF,D360I,-40.765008,175.060369,0, ,0.0,0.0,0.0,0.0,2,2500,0,0,0,0,0,1
CF,CF169,-40.756178,175.024389,1,WN,352.2,36.1,169.0,1.0,2,2500,0,0,0,0,0,0

FINAL,Q34-A,34,N,3
IF,CF169,-40.756178,175.024389,PP,0.0,0.0,2,2500,0,0,0,0,0,0
CF,FQ169,-40.821444,175.006164,0,PP,0.0,0.0,169.0,4.0,2,2500,0,0,0,0,2,0
CF,PP,-40.903000,174.983361,0,PP,0.0,0.1,169.0,5.0,1,1510,0,0,0,0,3,0
CF,D215J,-40.991222,174.796694,0,WN,334.5,20.8,215.0,10.0,1,3000,0,0,0,0,0,0

APPTR,R16,16,ENBAR
IF,ENBAR,-40.701817,174.917114, ,0.0,0.0,0,0,0,0,0,0,1,0
TF,NOKIX,-40.711436,175.025958,0, ,0.0,0.0,0.0,0.0,2,3000,0,0,0,0,1,0

APPTR,R16,16,NOKIX
HF,NOKIX,-40.711436,175.025958,2, ,0.0,0.0,168.0,04.3,2,3000,0,0,0,0,1,0,0

FINAL,R16,16,R,3
IF,NOKIX,-40.711436,175.025958, ,0.0,0.0,2,3000,0,0,0,0,0,0
TF,PP411,-40.793558,175.006953,0, ,0.0,0.0,168.0,5.0,2,2050,0,0,0,0,2,0
TF,PP414,-40.875681,174.987900,0, ,0.0,0.0,168.0,5.0,1,537,0,0,0,0,3,1
DF,PP417,-40.961358,174.853081,0, ,0.0,0.0,0,0,0,0,0,0,0,1
DF,ENBAR,-40.701817,174.917114,2, ,0.0,0.0,1,3000,0,0,0,0,0,0

APPTR,R34,34,DABGU
IF,DABGU,-41.046664,174.773614, ,0.0,0.0,0,0,0,0,0,0,1,0
TF,LEVBI,-41.004083,174.869014,0, ,0.0,0.0,0.0,0.0,2,1800,0,1,160,0,1,0

APPTR,R34,34,NILID
IF,NILID,-40.907986,174.777544, ,0.0,0.0,0,0,0,0,0,0,1,0
TF,LEVBI,-41.004083,174.869014,0, ,0.0,0.0,0.0,0.0,2,1800,0,1,160,0,1,0

FINAL,R34,34,R,3
IF,LEVBI,-41.004083,174.869014, ,0.0,0.0,2,1800,0,1,160,0,0,0
TF,TAXEV,-40.966661,174.954864,0, ,0.0,0.0,38.0,4.5,2,1300,0,0,0,0,2,0
TF,PP421,-40.923353,174.987908,0, ,0.0,0.0,8.0,3.0,1,295,0,0,0,0,3,1
DF,NOKIX,-40.711436,175.025958,0, ,0.0,0.0,1,3000,0,0,0,0,0,0
HM,NOKIX,-40.711436,175.025958,2, ,0.0,0.0,168.0,04.3,2,3000,0,0,0,0,0,0,0

