SID,BIDN1P,02,4
CA,0,17.0,2,600,0,0,0,0,0,0
CI,0, ,0.0,30.0,0,0,0,0,0,0,0,0
CF,BIDNI,-44.249625,171.440972,0,CH,201.8,64.6,60.0,7.0,0,0,0,0,0,0,0,0

SID,BIDN1P,DUBON,6
IF,BIDNI,-44.249625,171.440972, ,0.0,0.0,0,0,0,0,0,0,0,0
TF,DALUM,-44.166700,171.429228,0, ,0.0,0.0,0.0,0.0,0,0,0,0,0,0,0,0
CI,0, ,0.0,293.0,0,0,0,0,0,0,0,0
CF,DUBON,-43.500036,170.970981,0,CH,245.7,67.4,323.0,27.0,0,0,0,0,0,0,0,0

SID,BIDN1P,ELDAK,6
IF,BIDNI,-44.249625,171.440972, ,0.0,0.0,0,0,0,0,0,0,0,0
TF,ELDAK,-43.919572,171.795322,0, ,0.0,0.0,0.0,0.0,0,0,0,0,0,0,0,0

SID,BIDN1P,MAMUS,6
IF,BIDNI,-44.249625,171.440972, ,0.0,0.0,0,0,0,1,220,0,0,0
TF,DALUM,-44.166700,171.429228,0, ,0.0,0.0,0.0,0.0,0,0,0,1,220,0,0,0
CI,1, ,0.0,230.0,0,0,0,1,220,0,0,0
CF,MAMUS,-44.135103,170.280553,0,CH,223.9,104.2,260.0,29.0,0,0,0,0,0,0,0,0

SID,BIDN1P,OLGAL,6
IF,BIDNI,-44.249625,171.440972, ,0.0,0.0,0,0,0,0,0,0,0,0
TF,ATSOK,-44.332547,171.452744,0, ,0.0,0.0,0.0,0.0,0,0,0,0,0,0,0,0
TF,DOPOP,-44.527844,171.193422,0, ,0.0,0.0,0.0,0.0,0,0,0,0,0,0,0,0
TF,OLGAL,-44.595172,170.653144,0, ,0.0,0.0,0.0,0.0,0,0,0,0,0,0,0,0

SID,BIDN1P,OMARU,6
IF,BIDNI,-44.249625,171.440972, ,0.0,0.0,0,0,0,0,0,0,0,0
TF,ATSOK,-44.332547,171.452744,0, ,0.0,0.0,0.0,0.0,0,0,0,0,0,0,0,0
TF,OMARU,-44.969931,171.081764,0, ,0.0,0.0,0.0,0.0,0,0,0,0,0,0,0,0

SID,MUKE1Q,20,4
CF,MUKEN,-44.346728,171.167139,0,CH,204.7,77.3,197.0,3.0,0,0,0,0,0,0,0,1

SID,MUKE1Q,DUBON,6
IF,MUKEN,-44.346728,171.167139, ,0.0,0.0,0,0,0,0,0,0,0,0
DF,DUBON,-43.500036,170.970981,2, ,0.0,0.0,0,0,0,0,0,0,0,0

SID,MUKE1Q,ELDAK,6
IF,MUKEN,-44.346728,171.167139, ,0.0,0.0,0,0,0,0,0,0,0,0
DF,BIDNI,-44.249625,171.440972,1, ,0.0,0.0,0,0,0,0,0,0,0,0
TF,ELDAK,-43.919572,171.795322,0, ,0.0,0.0,0.0,0.0,0,0,0,0,0,0,0,0

SID,MUKE1Q,MAMUS,6
IF,MUKEN,-44.346728,171.167139, ,0.0,0.0,0,0,0,0,0,0,0,0
DF,MAMUS,-44.135103,170.280553,0, ,0.0,0.0,0,0,0,0,0,0,0,0

SID,MUKE1Q,OLGAL,6
IF,MUKEN,-44.346728,171.167139, ,0.0,0.0,0,0,0,0,0,0,0,0
TF,OLGAL,-44.595172,170.653144,0, ,0.0,0.0,0.0,0.0,0,0,0,0,0,0,0,0

SID,MUKE1Q,OMARU,6
IF,MUKEN,-44.346728,171.167139, ,0.0,0.0,0,0,0,0,0,0,0,0
TF,OMARU,-44.969931,171.081764,0, ,0.0,0.0,0.0,0.0,0,0,0,0,0,0,0,0

STAR,DOPO1K,20,5
IF,DOPOP,-44.527844,171.193422, ,0.0,0.0,0,0,0,0,0,0,0,0
TF,BIDNI,-44.249625,171.440972,0, ,0.0,0.0,0.0,0.0,0,0,0,0,0,0,0,0

STAR,DUBO1K,20,5
IF,DUBON,-43.500036,170.970981, ,0.0,0.0,0,0,0,0,0,0,0,0
TF,MOVBO,-43.765339,171.093039,0, ,0.0,0.0,0.0,0.0,0,0,0,0,0,0,0,0
TF,ANGAX,-43.946131,171.176847,0, ,0.0,0.0,0.0,0.0,0,0,0,0,0,0,0,0
TF,IDKOV,-44.013103,171.208028,0, ,0.0,0.0,0.0,0.0,0,0,0,0,0,0,0,0
TF,LUVAB,-44.139492,171.267061,0, ,0.0,0.0,0.0,0.0,0,0,0,0,0,0,0,0

STAR,DUBO2J,02,5
IF,DUBON,-43.500036,170.970981, ,0.0,0.0,0,0,0,0,0,0,0,0
TF,TU426,-44.132500,171.106944,0, ,0.0,0.0,0.0,0.0,0,0,0,0,0,0,0,0
TF,DOPOP,-44.527844,171.193422,0, ,0.0,0.0,0.0,0.0,0,0,0,0,0,0,0,0

STAR,ELDA1J,02,5
IF,ELDAK,-43.919572,171.795322, ,0.0,0.0,0,0,0,0,0,0,0,0
TF,BIDNI,-44.249625,171.440972,0, ,0.0,0.0,0.0,0.0,0,0,0,0,0,0,0,0
TF,DOPOP,-44.527844,171.193422,0, ,0.0,0.0,0.0,0.0,0,0,0,0,0,0,0,0

STAR,ELDA1K,20,5
IF,ELDAK,-43.919572,171.795322, ,0.0,0.0,0,0,0,0,0,0,0,0
TF,BIDNI,-44.249625,171.440972,0, ,0.0,0.0,0.0,0.0,0,0,0,0,0,0,0,0

STAR,MAMU1K,20,5
IF,MAMUS,-44.135103,170.280553, ,0.0,0.0,0,0,0,0,0,0,0,0
TF,UGVAV,-44.139111,170.986164,0, ,0.0,0.0,0.0,0.0,0,0,0,0,0,0,0,0
TF,LUVAB,-44.139492,171.267061,0, ,0.0,0.0,0.0,0.0,0,0,0,0,0,0,0,0

STAR,MAMU2J,02,5
IF,MAMUS,-44.135103,170.280553, ,0.0,0.0,0,0,0,0,0,0,0,0
TF,TU411,-44.408611,170.913333,0, ,0.0,0.0,0.0,0.0,0,0,0,0,0,0,0,0
TF,DOPOP,-44.527844,171.193422,0, ,0.0,0.0,0.0,0.0,0,0,0,0,0,0,0,0

STAR,PORU1K,20,5
IF,PORUT,-45.165528,169.479861, ,0.0,0.0,0,0,0,0,0,0,0,0
TF,UPTAX,-44.308550,170.980319,0, ,0.0,0.0,0.0,0.0,0,0,0,0,0,0,0,0
TF,LUVAB,-44.139492,171.267061,0, ,0.0,0.0,0.0,0.0,0,0,0,0,0,0,0,0

STAR,PORU2J,02,5
IF,PORUT,-45.165528,169.479861, ,0.0,0.0,0,0,0,0,0,0,0,0
TF,TU537,-44.684722,170.781667,0, ,0.0,0.0,0.0,0.0,0,0,0,0,0,0,0,0
TF,TU479,-44.606389,170.987778,0, ,0.0,0.0,0.0,0.0,0,0,0,0,0,0,0,0
TF,DOPOP,-44.527844,171.193422,0, ,0.0,0.0,0.0,0.0,0,0,0,0,0,0,0,0

APPTR,N20,20,TU1
IF,TU,-44.308436,171.225047, ,0.0,0.0,2,3000,0,1,185,0,1,0
FC,TU,-44.308436,171.225047,0,TU,0.0,0.0,28.0,6.2,2,2000,0,0,0,0,0,1
CF,FN20,-44.218839,171.296956,1,TU,6.0,6.2,186.0,1.0,2,2000,0,0,0,0,0,0

APPTR,N20,20,TU2
IF,TU,-44.308436,171.225047, ,0.0,0.0,2,3000,0,1,185,0,1,0
FC,TU,-44.308436,171.225047,0,TU,0.0,0.0,24.0,6.2,2,2000,0,0,0,0,0,1
CF,FN20,-44.218839,171.296956,1,TU,6.0,6.2,186.0,1.0,2,2000,0,0,0,0,0,0

FINAL,N20,20,N,3
IF,FN20,-44.218839,171.296956,TU,0.0,0.0,2,2000,0,0,0,0,2,0
CF,EP20,-44.296150,171.234919,0,TU,0.0,0.0,186.0,5.4,1,135,0,0,0,0,0,1
CF,TU,-44.308436,171.225047,0,TU,0.0,0.0,186.0,0.9,2,590,0,0,0,0,3,1
CA,0,186.0,2,1000,0,0,0,0,0,0
DF,TU,-44.308436,171.225047,1, ,0.0,0.0,2,3000,0,1,210,0,0,0
HM,TU,-44.308436,171.225047,2, ,0.0,0.0,28.0,04.3,2,3000,0,1,185,0,0,0,0

APPTR,Q02,02,TU
IF,TU,-44.308436,171.225047, ,0.0,0.0,0,0,0,1,185,0,1,0
FD,TU,-44.308436,171.225047,0,TU,0.0,10.0,198.0,10.0,2,3000,0,0,0,0,0,0
CF,CQ02,-44.378200,171.080644,2,TU,212.0,7.5,32.0,3.0,2,2530,0,0,0,0,0,0

FINAL,Q02,02,N,4
IF,CQ02,-44.378200,171.080644,TU,0.0,0.0,2,2530,0,0,0,0,0,0
CF,FQ02,-44.350297,171.138483,0,TU,0.0,0.0,32.0,3.0,2,1570,0,0,0,0,2,0
CF,30NDB,-44.336336,171.167381,0,TU,0.0,0.0,32.0,1.5,2,1090,0,0,0,0,0,0
CF,MQ02,-44.317708,171.205892,0,TU,0.0,0.0,32.0,2.0,1,467,0,0,0,0,3,0
CA,0,32.0,2,1000,0,0,0,0,0,0
DF,TU,-44.308436,171.225047,2, ,0.0,0.0,2,3000,0,0,0,0,0,0
HM,TU,-44.308436,171.225047,2, ,0.0,0.0,198.0,04.3,2,3000,0,0,0,0,0,0,0

APPTR,Q20,20,TU
IF,TU,-44.308436,171.225047, ,0.0,0.0,2,3000,0,1,185,0,1,0
FD,TU,-44.308436,171.225047,0,TU,0.0,8.0,24.0,8.0,2,1500,0,0,0,0,0,0
CF,CQ20,-44.192844,171.317772,1,TU,6.0,8.0,186.0,1.0,2,1500,0,0,0,0,0,0

FINAL,Q20,20,N,3
IF,CQ20,-44.192844,171.317772,TU,0.0,0.0,2,1500,0,0,0,0,0,0
CF,FQ20,-44.236169,171.283067,0,TU,0.0,0.0,186.0,3.0,2,1470,0,0,0,0,2,0
CF,MQ20,-44.286703,171.242511,0,TU,0.0,1.5,186.0,3.5,1,346,0,0,0,0,3,0
CF,TU,-44.308436,171.225047,0,TU,0.0,0.0,186.0,1.5,0,0,0,0,0,0,0,0
CA,0,186.0,2,1000,0,0,0,0,0,0
DF,TU,-44.308436,171.225047,1, ,0.0,0.0,2,3000,0,0,0,0,0,0
HM,TU,-44.308436,171.225047,2, ,0.0,0.0,24.0,04.3,2,3000,0,1,185,0,0,0,0

APPTR,R02,02,DOPOP
IF,DOPOP,-44.527844,171.193422, ,0.0,0.0,0,0,0,0,0,0,1,0
TF,TU593,-44.484028,171.123783,0, ,0.0,0.0,0.0,0.0,2,2500,0,0,0,0,1,0

FINAL,R02,02,R,3
IF,TU593,-44.484028,171.123783, ,0.0,0.0,2,2500,0,0,0,0,0,0
TF,REKID,-44.402231,171.146892,0, ,0.0,0.0,347.0,5.0,2,2280,0,0,0,0,2,0
TF,TU402,-44.312714,171.209022,0, ,0.0,0.0,2.0,6.0,1,371,0,0,0,0,3,1
CA,0,2.0,2,1000,0,0,0,0,0,0
DF,DOPOP,-44.527844,171.193422,2, ,0.0,0.0,2,2500,0,0,0,0,0,0
HM,DOPOP,-44.527844,171.193422,2, ,0.0,0.0,287.0,04.3,2,2500,0,0,0,0,0,0,0

APPTR,R20,20,BIDNI
IF,BIDNI,-44.249625,171.440972, ,0.0,0.0,0,0,0,0,0,0,1,0
TF,SUNPA,-44.194597,171.353944,0, ,0.0,0.0,0.0,0.0,2,2000,0,0,0,0,1,0

APPTR,R20,20,LUVAB
IF,LUVAB,-44.139492,171.267061, ,0.0,0.0,0,0,0,0,0,0,1,0
TF,SUNPA,-44.194597,171.353944,0, ,0.0,0.0,0.0,0.0,2,2000,0,0,0,0,1,0

FINAL,R20,20,R,3
IF,SUNPA,-44.194597,171.353944, ,0.0,0.0,2,2000,0,0,0,0,1,0
TF,EMTEP,-44.257136,171.277317,0, ,0.0,0.0,197.0,5.0,2,1090,0,0,0,0,2,0
TF,RW20,-44.294633,171.231261,0, ,0.0,0.0,197.0,3.0,1,135,0,0,0,0,3,1
CA,0,197.0,2,1000,0,0,0,0,0,0
DF,BIDNI,-44.249625,171.440972,1, ,0.0,0.0,2,2000,0,0,0,0,0,0
HM,BIDNI,-44.249625,171.440972,1, ,0.0,0.0,287.0,04.3,2,2000,0,0,0,0,0,0,0

