SID,BLANE1,07,1
VA,0,42.7,2,800,0,0,0,0,0,0
VI,0, ,0.0,50.8,0,0,0,0,0,0,0,0
CF,NOBEY,-77.750000,165.700000,0,ZWD,295.0,19.5,46.2,17.0,2,4000,0,0,0,0,0,0

SID,BLANE1,25,1
VA,0,24.7,2,1000,0,0,0,0,0,0
DF,ZWD,-77.889644,167.078803,2, ,0.0,0.0,0,0,0,0,0,0,0,0
CF,NOBEY,-77.750000,165.700000,0,ZWD,295.0,19.5,46.2,19.5,2,4000,0,1,270,0,0,0

SID,BLANE1,33,1
VA,0,32.9,2,460,0,0,0,0,0,0
VI,2, ,0.0,51.9,0,0,0,0,0,0,0,0
CF,NOBEY,-77.750000,165.700000,0,ZWD,295.0,19.5,46.2,17.0,2,4000,0,0,0,0,0,0

SID,GRIFF6,07,1
VI,0, ,0.0,42.7,0,0,0,0,0,0,0,0
CF,NOBEY,-77.750000,165.700000,0,ZWD,294.9,19.5,47.9,15.0,2,3000,0,0,0,0,0,0

SID,GRIFF6,25,1
VA,0,24.7,2,800,0,0,0,0,0,0
DF,ZFX,-77.947317,166.738350,2, ,0.0,0.0,0,0,0,0,0,0,0,0
CF,NOBEY,-77.750000,165.700000,0,ZWD,294.9,19.5,47.9,17.8,2,3000,0,1,270,0,0,0

SID,GRIFF6,33,1
VA,0,32.9,2,600,0,0,0,0,0,0
DF,ZFX,-77.947317,166.738350,2, ,0.0,0.0,0,0,0,0,0,0,0,0
CF,NOBEY,-77.750000,165.700000,0,ZWD,294.9,19.5,47.9,17.8,2,3000,0,1,270,0,0,0

SID,MEENA6,07,1
VA,0,42.7,2,460,0,0,0,0,0,0
VI,1, ,0.0,22.6,0,0,0,1,270,0,0,0
CF,ZELBA,-77.991942,168.488239,0,ZWD,109.9,18.7,27.7,14.0,2,3000,0,0,0,0,0,0
HA,ZELBA,-77.991942,168.488239,2, ,0.0,0.0,45.7,07,2,3000,0,1,265,0,0,0,0

SID,MEENA6,25,1
VA,0,24.7,2,470,0,0,0,0,0,0
CF,ZELBA,-77.991942,168.488239,0,ZWD,109.9,18.7,27.7,16.0,2,3000,0,0,0,0,0,1
HA,ZELBA,-77.991942,168.488239,2, ,0.0,0.0,45.7,07,2,3000,0,1,265,0,0,0,0

SID,MEENA6,33,1
VA,0,32.9,2,460,0,0,0,0,0,0
VI,1, ,0.0,23.1,0,0,0,1,270,0,0,0
CF,ZELBA,-77.991942,168.488239,0,ZWD,109.9,18.7,27.7,15.0,2,3000,0,0,0,0,0,1
HA,ZELBA,-77.991942,168.488239,2, ,0.0,0.0,45.7,07,2,3000,0,1,265,0,0,0,0

SID,WILLY1,07,4
DF,HERUG,-77.926144,166.063394,0, ,0.0,0.0,0,0,0,0,0,0,0,0
HA,HERUG,-77.926144,166.063394,1, ,0.0,0.0,24.7,05,2,16000,0,1,230,0,0,0,0

SID,WILLY1,25,4
DF,FOMBA,-77.856136,168.029939,0, ,0.0,0.0,0,0,0,0,0,0,0,0
HA,FOMBA,-77.856136,168.029939,1, ,0.0,0.0,42.7,05,2,16000,0,1,230,0,0,0,0

STAR,FARIG1,ALL,5
IF,WAIS1,-78.983333,173.266667, ,0.0,0.0,2,16000,0,0,0,0,0,0
TF,ZELBA,-77.991942,168.488239,0, ,0.0,0.0,0.0,0.0,2,3400,0,0,0,0,0,0
TF,FARIG,-77.868975,168.100825,0, ,0.0,0.0,0.0,0.0,2,3000,0,0,0,0,0,0

STAR,FARIG2,ALL,5
IF,WAIS1,-78.983333,173.266667, ,0.0,0.0,2,16000,0,0,0,0,0,0
TF,RULOE,-78.353336,167.066017,0, ,0.0,0.0,0.0,0.0,2,4800,0,0,0,0,0,0
TF,ZELBA,-77.991942,168.488239,0, ,0.0,0.0,0.0,0.0,2,4500,0,0,0,0,0,0
TF,FARIG,-77.868975,168.100825,0, ,0.0,0.0,0.0,0.0,2,3000,0,0,0,0,0,0

STAR,FARIG3,ALL,5
IF,P4,-79.483333,169.083333, ,0.0,0.0,2,16000,0,0,0,0,0,0
TF,RULOE,-78.353336,167.066017,0, ,0.0,0.0,0.0,0.0,2,4800,0,0,0,0,0,0
TF,ZELBA,-77.991942,168.488239,0, ,0.0,0.0,0.0,0.0,2,4500,0,0,0,0,0,0
TF,FARIG,-77.868975,168.100825,0, ,0.0,0.0,0.0,0.0,2,3000,0,0,0,0,0,0

STAR,FARIG4,ALL,5
IF,P1,-79.566667,166.833333, ,0.0,0.0,2,16000,0,0,0,0,0,0
TF,SARBE,-78.462833,167.049833,0, ,0.0,0.0,0.0,0.0,2,6000,0,0,0,0,0,0
TF,RULOE,-78.353336,167.066017,0, ,0.0,0.0,0.0,0.0,2,4800,0,0,0,0,0,0
TF,ZELBA,-77.991942,168.488239,0, ,0.0,0.0,0.0,0.0,2,4500,0,0,0,0,0,0
TF,FARIG,-77.868975,168.100825,0, ,0.0,0.0,0.0,0.0,2,3000,0,0,0,0,0,0

STAR,FARIG5,ALL,5
IF,P9,-79.450000,164.583333, ,0.0,0.0,2,16000,0,0,0,0,0,0
TF,WIKAL,-78.479433,166.811111,0, ,0.0,0.0,0.0,0.0,2,6000,0,0,0,0,0,0
TF,RULOE,-78.353336,167.066017,0, ,0.0,0.0,0.0,0.0,2,4800,0,0,0,0,0,0
TF,ZELBA,-77.991942,168.488239,0, ,0.0,0.0,0.0,0.0,2,4500,0,0,0,0,0,0
TF,FARIG,-77.868975,168.100825,0, ,0.0,0.0,0.0,0.0,2,3000,0,0,0,0,0,0

STAR,HERUG1,ALL,5
IF,P1,-79.566667,166.833333, ,0.0,0.0,2,16000,0,0,0,0,0,0
TF,P10,-78.250000,164.000000,0, ,0.0,0.0,0.0,0.0,2,12500,0,0,0,0,0,0
TF,WABAB,-78.082208,164.796342,0, ,0.0,0.0,0.0,0.0,2,4500,0,0,0,0,0,0
TF,HERUG,-77.926144,166.063394,0, ,0.0,0.0,0.0,0.0,2,3000,0,0,0,0,0,0

STAR,HERUG2,ALL,5
IF,P9,-79.450000,164.583333, ,0.0,0.0,2,16000,0,0,0,0,0,0
TF,P10,-78.250000,164.000000,0, ,0.0,0.0,0.0,0.0,2,12500,0,0,0,0,0,0
TF,WABAB,-78.082208,164.796342,0, ,0.0,0.0,0.0,0.0,2,4500,0,0,0,0,0,0
TF,HERUG,-77.926144,166.063394,0, ,0.0,0.0,0.0,0.0,2,3000,0,0,0,0,0,0

STAR,HERUG3,ALL,5
IF,JEHOO,-76.183333,165.856667, ,0.0,0.0,2,5000,0,0,0,0,0,0
TF,RAPPY,-77.175628,165.227214,0, ,0.0,0.0,0.0,0.0,2,4800,0,0,0,0,0,0
TF,NOBEY,-77.750000,165.700000,0, ,0.0,0.0,0.0,0.0,2,4700,0,0,0,0,0,0
TF,HERUG,-77.926144,166.063394,0, ,0.0,0.0,0.0,0.0,2,3000,0,0,0,0,0,0

STAR,JONIV1,ALL,5
IF,WAIS1,-78.983333,173.266667, ,0.0,0.0,2,16000,0,0,0,0,0,0
TF,RULOE,-78.353336,167.066017,0, ,0.0,0.0,0.0,0.0,2,4800,0,0,0,0,0,0
TF,JONIV,-78.125000,166.743333,0, ,0.0,0.0,0.0,0.0,2,4500,0,0,0,0,0,0

STAR,JONIV2,ALL,5
IF,P4,-79.483333,169.083333, ,0.0,0.0,2,16000,0,0,0,0,0,0
TF,RULOE,-78.353336,167.066017,0, ,0.0,0.0,0.0,0.0,2,4800,0,0,0,0,0,0
TF,JONIV,-78.125000,166.743333,0, ,0.0,0.0,0.0,0.0,2,4500,0,0,0,0,0,0

STAR,JONIV3,ALL,5
IF,P1,-79.566667,166.833333, ,0.0,0.0,2,16000,0,0,0,0,0,0
TF,SARBE,-78.462833,167.049833,0, ,0.0,0.0,0.0,0.0,2,6000,0,0,0,0,0,0
TF,RULOE,-78.353336,167.066017,0, ,0.0,0.0,0.0,0.0,2,4800,0,0,0,0,0,0
TF,JONIV,-78.125000,166.743333,0, ,0.0,0.0,0.0,0.0,2,4500,0,0,0,0,0,0

STAR,JONIV4,ALL,5
IF,P9,-79.450000,164.583333, ,0.0,0.0,2,16000,0,0,0,0,0,0
TF,WIKAL,-78.479433,166.811111,0, ,0.0,0.0,0.0,0.0,2,6000,0,0,0,0,0,0
TF,RULOE,-78.353336,167.066017,0, ,0.0,0.0,0.0,0.0,2,4800,0,0,0,0,0,0
TF,JONIV,-78.125000,166.743333,0, ,0.0,0.0,0.0,0.0,2,4500,0,0,0,0,0,0

STAR,MRRTY1,ALL,5
IF,P1,-79.566667,166.833333, ,0.0,0.0,2,16000,0,0,0,0,0,0
TF,P10,-78.250000,164.000000,0, ,0.0,0.0,0.0,0.0,2,12500,0,0,0,0,0,0
TF,WABAB,-78.082208,164.796342,0, ,0.0,0.0,0.0,0.0,2,4500,0,0,0,0,0,0
TF,MRRTY,-77.951619,166.009581,0, ,0.0,0.0,0.0,0.0,2,3000,0,0,0,0,0,0

STAR,MRRTY2,ALL,5
IF,P9,-79.450000,164.583333, ,0.0,0.0,2,16000,0,0,0,0,0,0
TF,P10,-78.250000,164.000000,0, ,0.0,0.0,0.0,0.0,2,12500,0,0,0,0,0,0
TF,WABAB,-78.082208,164.796342,0, ,0.0,0.0,0.0,0.0,2,4500,0,0,0,0,0,0
TF,MRRTY,-77.951619,166.009581,0, ,0.0,0.0,0.0,0.0,2,3000,0,0,0,0,0,0

STAR,MRRTY3,ALL,5
IF,JEHOO,-76.183333,165.856667, ,0.0,0.0,2,5000,0,0,0,0,0,0
TF,RAPPY,-77.175628,165.227214,0, ,0.0,0.0,0.0,0.0,2,4800,0,0,0,0,0,0
TF,NOBEY,-77.750000,165.700000,0, ,0.0,0.0,0.0,0.0,2,4700,0,0,0,0,0,0
TF,MRRTY,-77.951619,166.009581,0, ,0.0,0.0,0.0,0.0,2,3000,0,0,0,0,0,0

STAR,TLENE1,ALL,5
IF,WAIS1,-78.983333,173.266667, ,0.0,0.0,2,16000,0,0,0,0,0,0
TF,ZELBA,-77.991942,168.488239,0, ,0.0,0.0,0.0,0.0,2,3400,0,0,0,0,0,0
TF,TLENE,-77.935469,168.159003,0, ,0.0,0.0,0.0,0.0,2,2400,0,0,0,0,0,0

STAR,TLENE2,ALL,5
IF,WAIS1,-78.983333,173.266667, ,0.0,0.0,2,16000,0,0,0,0,0,0
TF,RULOE,-78.353336,167.066017,0, ,0.0,0.0,0.0,0.0,2,4800,0,0,0,0,0,0
TF,ZELBA,-77.991942,168.488239,0, ,0.0,0.0,0.0,0.0,2,4500,0,0,0,0,0,0
TF,TLENE,-77.935469,168.159003,0, ,0.0,0.0,0.0,0.0,2,2400,0,0,0,0,0,0

STAR,TLENE3,ALL,5
IF,P4,-79.483333,169.083333, ,0.0,0.0,2,16000,0,0,0,0,0,0
TF,RULOE,-78.353336,167.066017,0, ,0.0,0.0,0.0,0.0,2,4800,0,0,0,0,0,0
TF,ZELBA,-77.991942,168.488239,0, ,0.0,0.0,0.0,0.0,2,4500,0,0,0,0,0,0
TF,TLENE,-77.935469,168.159003,0, ,0.0,0.0,0.0,0.0,2,2400,0,0,0,0,0,0

STAR,TLENE4,ALL,5
IF,P1,-79.566667,166.833333, ,0.0,0.0,2,16000,0,0,0,0,0,0
TF,SARBE,-78.462833,167.049833,0, ,0.0,0.0,0.0,0.0,2,6000,0,0,0,0,0,0
TF,RULOE,-78.353336,167.066017,0, ,0.0,0.0,0.0,0.0,2,4800,0,0,0,0,0,0
TF,ZELBA,-77.991942,168.488239,0, ,0.0,0.0,0.0,0.0,2,4500,0,0,0,0,0,0
TF,TLENE,-77.935469,168.159003,0, ,0.0,0.0,0.0,0.0,2,2400,0,0,0,0,0,0

STAR,TLENE5,ALL,5
IF,P9,-79.450000,164.583333, ,0.0,0.0,2,16000,0,0,0,0,0,0
TF,WIKAL,-78.479433,166.811111,0, ,0.0,0.0,0.0,0.0,2,6000,0,0,0,0,0,0
TF,RULOE,-78.353336,167.066017,0, ,0.0,0.0,0.0,0.0,2,4800,0,0,0,0,0,0
TF,ZELBA,-77.991942,168.488239,0, ,0.0,0.0,0.0,0.0,2,4500,0,0,0,0,0,0
TF,TLENE,-77.935469,168.159003,0, ,0.0,0.0,0.0,0.0,2,2400,0,0,0,0,0,0

STAR,WABAB1,ALL,5
IF,P1,-79.566667,166.833333, ,0.0,0.0,2,16000,0,0,0,0,0,0
TF,P10,-78.250000,164.000000,0, ,0.0,0.0,0.0,0.0,2,12500,0,0,0,0,0,0
TF,WABAB,-78.082208,164.796342,0, ,0.0,0.0,0.0,0.0,2,4500,0,0,0,0,0,0

STAR,WABAB2,ALL,5
IF,P9,-79.450000,164.583333, ,0.0,0.0,2,16000,0,0,0,0,0,0
TF,P10,-78.250000,164.000000,0, ,0.0,0.0,0.0,0.0,2,12500,0,0,0,0,0,0
TF,WABAB,-78.082208,164.796342,0, ,0.0,0.0,0.0,0.0,2,4500,0,0,0,0,0,0

STAR,ZWD1,ALL,5
IF,WAIS1,-78.983333,173.266667, ,0.0,0.0,2,16000,0,0,0,0,0,0
TF,RULOE,-78.353336,167.066017,0, ,0.0,0.0,0.0,0.0,2,4800,0,0,0,0,0,0
TF,JONIV,-78.125000,166.743333,0, ,0.0,0.0,0.0,0.0,2,4500,0,0,0,0,0,0
TF,ZWD,-77.889644,167.078803,0, ,0.0,0.0,0.0,0.0,2,3000,0,0,0,0,0,0

STAR,ZWD2,ALL,5
IF,P4,-79.483333,169.083333, ,0.0,0.0,2,16000,0,0,0,0,0,0
TF,RULOE,-78.353336,167.066017,0, ,0.0,0.0,0.0,0.0,2,4800,0,0,0,0,0,0
TF,JONIV,-78.125000,166.743333,0, ,0.0,0.0,0.0,0.0,2,4500,0,0,0,0,0,0
TF,ZWD,-77.889644,167.078803,0, ,0.0,0.0,0.0,0.0,2,3000,0,0,0,0,0,0

STAR,ZWD3,ALL,5
IF,P1,-79.566667,166.833333, ,0.0,0.0,2,16000,0,0,0,0,0,0
TF,SARBE,-78.462833,167.049833,0, ,0.0,0.0,0.0,0.0,2,6000,0,0,0,0,0,0
TF,RULOE,-78.353336,167.066017,0, ,0.0,0.0,0.0,0.0,2,4800,0,0,0,0,0,0
TF,JONIV,-78.125000,166.743333,0, ,0.0,0.0,0.0,0.0,2,4500,0,0,0,0,0,0
TF,ZWD,-77.889644,167.078803,0, ,0.0,0.0,0.0,0.0,2,3000,0,0,0,0,0,0

STAR,ZWD4,ALL,5
IF,P9,-79.450000,164.583333, ,0.0,0.0,2,16000,0,0,0,0,0,0
TF,WIKAL,-78.479433,166.811111,0, ,0.0,0.0,0.0,0.0,2,6000,0,0,0,0,0,0
TF,RULOE,-78.353336,167.066017,0, ,0.0,0.0,0.0,0.0,2,4800,0,0,0,0,0,0
TF,JONIV,-78.125000,166.743333,0, ,0.0,0.0,0.0,0.0,2,4500,0,0,0,0,0,0
TF,ZWD,-77.889644,167.078803,0, ,0.0,0.0,0.0,0.0,2,3000,0,0,0,0,0,0

STAR,ZWD5,ALL,5
IF,P1,-79.566667,166.833333, ,0.0,0.0,2,16000,0,0,0,0,0,0
TF,P10,-78.250000,164.000000,0, ,0.0,0.0,0.0,0.0,2,12500,0,0,0,0,0,0
TF,WABAB,-78.082208,164.796342,0, ,0.0,0.0,0.0,0.0,2,4500,0,0,0,0,0,0
TF,HERUG,-77.926144,166.063394,0, ,0.0,0.0,0.0,0.0,2,3000,0,0,0,0,0,0
TF,ZWD,-77.889644,167.078803,0, ,0.0,0.0,0.0,0.0,2,3000,0,0,0,0,0,0

STAR,ZWD6,ALL,5
IF,P9,-79.450000,164.583333, ,0.0,0.0,2,16000,0,0,0,0,0,0
TF,P10,-78.250000,164.000000,0, ,0.0,0.0,0.0,0.0,2,12500,0,0,0,0,0,0
TF,WABAB,-78.082208,164.796342,0, ,0.0,0.0,0.0,0.0,2,4500,0,0,0,0,0,0
TF,HERUG,-77.926144,166.063394,0, ,0.0,0.0,0.0,0.0,2,3000,0,0,0,0,0,0
TF,ZWD,-77.889644,167.078803,0, ,0.0,0.0,0.0,0.0,2,3000,0,0,0,0,0,0

STAR,ZWD7,ALL,5
IF,JEHOO,-76.183333,165.856667, ,0.0,0.0,2,5000,0,0,0,0,0,0
TF,RAPPY,-77.175628,165.227214,0, ,0.0,0.0,0.0,0.0,2,4800,0,0,0,0,0,0
TF,NOBEY,-77.750000,165.700000,0, ,0.0,0.0,0.0,0.0,2,4700,0,0,0,0,0,0
TF,ZWD,-77.889644,167.078803,0, ,0.0,0.0,0.0,0.0,2,3000,0,0,0,0,0,0

STAR,ZWD8,ALL,5
IF,WAIS1,-78.983333,173.266667, ,0.0,0.0,2,16000,0,0,0,0,0,0
TF,ZELBA,-77.991942,168.488239,0, ,0.0,0.0,0.0,0.0,2,3400,0,0,0,0,0,0
TF,ZWD,-77.889644,167.078803,0, ,0.0,0.0,0.0,0.0,2,3000,0,0,0,0,0,0

APPTR,R07T,07T,FOMBA
HF,FOMBA,-77.856136,168.029939,1, ,0.0,0.0,42.7,05,2,3000,0,0,0,0,1,0,0

APPTR,R07T,07T,HERUG
IF,HERUG,-77.926144,166.063394, ,0.0,0.0,2,3000,0,0,0,0,0,0
TF,FOMBA,-77.856136,168.029939,0, ,0.0,0.0,0.0,0.0,2,3000,0,0,0,0,0,0
HF,FOMBA,-77.856136,168.029939,1, ,0.0,0.0,42.7,05,2,3000,0,0,0,0,1,0,0

FINAL,R07T,07T,R,3
IF,FOMBA,-77.856136,168.029939, ,0.0,0.0,2,3000,0,0,0,0,0,0
TF,PONOE,-77.874033,167.564322,0, ,0.0,0.0,42.6,6.0,2,1500,0,0,0,0,2,0
TF,RW07T,-77.889139,167.153481,0, ,0.0,0.0,42.7,5.3,1,99,0,0,0,0,3,1
CA,0,42.7,2,360,0,0,0,0,0,0
DF,HERUG,-77.926144,166.063394,0, ,0.0,0.0,2,3000,0,0,0,0,0,1
HM,HERUG,-77.926144,166.063394,1, ,0.0,0.0,24.7,05,3,10000,0,0,0,0,0,0,0

APPTR,R25T,25T,FOMBA
IF,FOMBA,-77.856136,168.029939, ,0.0,0.0,2,3000,0,0,0,0,0,0
TF,HERUG,-77.926144,166.063394,0, ,0.0,0.0,0.0,0.0,2,3000,0,0,0,0,0,0
HF,HERUG,-77.926144,166.063394,1, ,0.0,0.0,24.7,05,2,3000,0,0,0,0,1,0,0

APPTR,R25T,25T,HERUG
HF,HERUG,-77.926144,166.063394,1, ,0.0,0.0,24.7,05,2,3000,0,0,0,0,1,0,0

APPTR,R25T,25T,JONIV
IF,JONIV,-78.125000,166.743333, ,0.0,0.0,2,4500,0,0,0,0,0,0
TF,HERUG,-77.926144,166.063394,0, ,0.0,0.0,0.0,0.0,2,3000,0,0,0,0,0,0
HF,HERUG,-77.926144,166.063394,1, ,0.0,0.0,24.7,05,2,3000,0,0,0,0,1,0,0

FINAL,R25T,25T,R,3
IF,HERUG,-77.926144,166.063394, ,0.0,0.0,2,3000,0,0,0,0,0,0
TF,HOBUN,-77.910250,166.547897,0, ,0.0,0.0,24.8,6.2,2,1700,0,0,0,0,2,0
TF,RW25T,-77.893708,167.025694,0, ,0.0,0.0,24.8,6.1,1,73,0,0,0,0,3,1
CA,0,24.7,2,340,0,0,0,0,0,0
DF,FOMBA,-77.856136,168.029939,0, ,0.0,0.0,2,3000,0,0,0,0,0,1
HM,FOMBA,-77.856136,168.029939,1, ,0.0,0.0,42.7,05,3,10000,0,0,0,0,0,0,0

APPTR,T07T,07T,FARIG
HF,FARIG,-77.868975,168.100825,1, ,0.0,0.0,43.2,05,2,3000,0,0,0,0,1,0,0

APPTR,T07T,07T,ZWD
IF,ZWD,-77.889644,167.078803, ,0.0,0.0,2,3000,0,0,0,0,0,0
TF,FARIG,-77.868975,168.100825,0, ,0.0,0.0,0.0,0.0,2,3000,0,0,0,0,0,0
HF,FARIG,-77.868975,168.100825,1, ,0.0,0.0,43.2,05,2,3000,0,0,0,0,1,0,0

FINAL,T07T,07T,D,3
IF,FARIG,-77.868975,168.100825,ZWD,85.0,13.0,2,3000,0,0,0,0,0,0
CF,OPURE,-77.880350,167.561939,0,ZWD,85.0,6.1,43.2,6.9,2,1500,0,0,0,0,2,0
CF,NEPME,-77.887539,167.192178,0,ZWD,85.0,1.4,43.2,4.7,1,233,0,0,0,0,3,1
CA,0,43.2,2,800,0,0,0,0,0,0
VI,1, ,0.0,20.7,0,0,0,0,0,0,0,0
CF,FARIG,-77.868975,168.100825,0,ZWD,85.0,13.0,25.2,10.0,2,3000,0,0,0,0,0,1
HM,FARIG,-77.868975,168.100825,1, ,0.0,0.0,43.2,05,3,10000,0,0,0,0,0,0,0

APPTR,T25T,25T,MRRTY
HF,MRRTY,-77.951619,166.009581,1, ,0.0,0.0,24.1,05,2,3000,0,0,0,0,1,0,0

APPTR,T25T,25T,ZWD
IF,ZWD,-77.889644,167.078803, ,0.0,0.0,2,3000,0,0,0,0,0,0
TF,MRRTY,-77.951619,166.009581,0, ,0.0,0.0,0.0,0.0,2,3000,0,0,0,0,0,0
HF,MRRTY,-77.951619,166.009581,1, ,0.0,0.0,24.1,05,2,3000,0,0,0,0,1,0,0

FINAL,T25T,25T,D,3
IF,MRRTY,-77.951619,166.009581,ZWD,254.0,14.0,2,3000,0,0,0,0,0,0
CF,EISOL,-77.916706,166.621889,0,ZWD,254.0,6.0,24.1,8.0,2,1500,0,0,0,0,2,0
CF,PELLI,-77.895161,166.986822,0,ZWD,254.0,1.2,24.1,4.8,1,212,0,0,0,0,3,1
CA,0,24.1,2,600,0,0,0,0,0,0
VI,2, ,0.0,46.6,0,0,0,0,0,0,0,0
CF,MRRTY,-77.951619,166.009581,0,ZWD,254.0,14.0,42.1,10.0,2,3000,0,0,0,0,0,1
HM,MRRTY,-77.951619,166.009581,1, ,0.0,0.0,24.1,05,3,10000,0,0,0,0,0,0,0

