STAR,KEPA3E,09,5
IF,KEEPA,-38.221844,177.339936, ,0.0,0.0,0,0,0,0,0,0,0,0
TF,WK406,-38.134575,177.137225,0, ,0.0,0.0,0.0,0.0,0,0,0,0,0,0,0,0
TF,LAVIS,-37.933536,176.675131,0, ,0.0,0.0,0.0,0.0,0,0,0,0,0,0,0,0

STAR,KEPA3F,27,5
IF,KEEPA,-38.221844,177.339936, ,0.0,0.0,0,0,0,0,0,0,0,0
TF,WK404,-38.121203,177.244642,0, ,0.0,0.0,0.0,0.0,0,0,0,0,0,0,0,0
TF,WK403,-38.067714,177.194133,0, ,0.0,0.0,0.0,0.0,0,0,0,0,0,0,0,0
TF,REGAT,-37.987442,177.118508,0, ,0.0,0.0,0.0,0.0,0,0,0,0,0,0,0,0

APPTR,N09,09,WK
IF,WK,-37.924658,176.915456, ,0.0,0.0,2,2500,0,0,0,0,0,0
FC,WK,-37.924658,176.915456,0,RO,0.0,0.0,294.0,9.3,2,2100,0,0,0,0,0,1
CF,FN09,-37.866619,176.793747,1,RO,37.7,27.0,100.0,2.5,2,2100,0,1,185,0,0,0

FINAL,N09,09,N,2
IF,FN09,-37.866619,176.793747,WK,0.0,0.0,2,2100,0,0,0,0,2,0
CF,RW09,-37.919942,176.909981,0,WK,0.0,0.0,100.0,6.4,1,68,0,0,0,0,3,0
CF,WK,-37.924658,176.915456,0,RO,49.1,30.6,100.0,0.4,0,0,0,0,0,0,0,1
FA,WK,-37.924658,176.915456,0,RO,0.0,0.0,65.0,2,1500,0,0,0,0,0,0
DF,WK,-37.924658,176.915456,2, ,0.0,0.0,1,2500,0,0,0,0,0,0
HM,WK,-37.924658,176.915456,2, ,0.0,0.0,294.0,04.3,1,2500,0,0,0,0,0,0,0

APPTR,Q09,09,WK
IF,WK,-37.924658,176.915456, ,0.0,0.0,2,2500,0,0,0,0,0,0
FC,WK,-37.924658,176.915456,0,RO,0.0,0.0,294.0,9.3,2,2100,0,0,0,0,0,1
CF,CF09,-37.866875,176.794278,1,RO,36.8,27.0,100.0,3.0,2,2100,0,1,185,0,0,0

FINAL,Q09,09,N,3
IF,CF09,-37.866875,176.794278,WK,0.0,0.0,2,2100,0,0,0,0,0,0
CF,FF09,-37.881511,176.824931,0,WK,0.0,0.0,100.0,1.7,2,1540,0,0,0,0,2,0
CF,MA09,-37.915922,176.897106,0,WK,0.0,0.0,100.0,4.0,1,275,0,0,0,0,3,0
CA,0,100.0,2,520,0,0,0,0,0,0
FA,WK,-37.924658,176.915456,0,RO,0.0,0.0,65.0,2,1500,0,0,0,0,0,0
DF,WK,-37.924658,176.915456,2, ,0.0,0.0,1,2500,0,0,0,0,0,0
HM,WK,-37.924658,176.915456,2, ,0.0,0.0,294.0,04.3,1,2500,0,0,0,0,0,0,0

APPTR,R09,09,BESMA
IF,BESMA,-37.779428,176.755297, ,0.0,0.0,0,0,0,0,0,0,1,0
TF,ELBEV,-37.856486,176.715253,0, ,0.0,0.0,0.0,0.0,2,2400,0,1,210,0,1,0

APPTR,R09,09,ELBEV
HF,ELBEV,-37.856486,176.715253,1, ,0.0,0.0,91.0,04.3,2,2400,0,0,0,0,1,0,0

APPTR,R09,09,LAVIS
IF,LAVIS,-37.933536,176.675131, ,0.0,0.0,0,0,0,0,0,0,1,0
TF,ELBEV,-37.856486,176.715253,0, ,0.0,0.0,0.0,0.0,2,2400,0,1,210,0,1,0

FINAL,R09,09,R,3
IF,ELBEV,-37.856486,176.715253, ,0.0,0.0,2,2400,0,1,210,0,0,0
TF,UKBIR,-37.881914,176.793119,0, ,0.0,0.0,91.0,4.0,2,1980,0,0,0,0,2,0
TF,RW09,-37.919942,176.909981,0, ,0.0,0.0,91.0,6.0,1,68,0,0,0,0,3,1
TF,REGAT,-37.987442,177.118508,0, ,0.0,0.0,0.0,0.0,2,3200,0,0,0,0,0,0
HM,REGAT,-37.987442,177.118508,2, ,0.0,0.0,252.0,04.3,2,3200,0,1,185,0,0,0,0

APPTR,R27,27,KIKEK
IF,KIKEK,-37.910242,177.158169, ,0.0,0.0,0,0,0,0,0,0,1,0
TF,REGAT,-37.987442,177.118508,0, ,0.0,0.0,0.0,0.0,2,2100,0,0,0,0,1,0

APPTR,R27,27,POTOP
IF,POTOP,-38.064589,177.078758, ,0.0,0.0,0,0,0,0,0,0,1,0
TF,REGAT,-37.987442,177.118508,0, ,0.0,0.0,0.0,0.0,2,2100,0,0,0,0,1,0

APPTR,R27,27,REGAT
HF,REGAT,-37.987442,177.118508,2, ,0.0,0.0,252.0,04.3,2,3200,0,1,185,0,1,0,0

FINAL,R27,27,R,3
IF,REGAT,-37.987442,177.118508, ,0.0,0.0,2,2100,0,0,0,0,0,0
TF,OVSUM,-37.955922,177.020942,0, ,0.0,0.0,271.0,5.0,2,1660,0,0,0,0,2,0
TF,RW27,-37.924322,176.923458,0, ,0.0,0.0,271.0,5.0,1,69,0,0,0,0,3,1
TF,ELBEV,-37.856486,176.715253,0, ,0.0,0.0,0.0,0.0,2,2400,0,0,0,0,0,0
HM,ELBEV,-37.856486,176.715253,1, ,0.0,0.0,91.0,04.3,2,2400,0,0,0,0,0,0,0

