SID,ALTA1R,34,5
DF,BUDAV,24.692750,46.890639,0, ,0.0,0.0,2,3700,0,0,0,0,0,1
TF,UKNOL,24.803139,46.810694,0, ,0.0,0.0,0.0,0.0,2,5200,0,0,0,0,0,0
TF,ASKEV,24.803333,46.648306,0, ,0.0,0.0,0.0,0.0,2,7000,0,0,0,0,0,0
TF,ALMUM,24.891389,46.598333,0, ,0.0,0.0,0.0,0.0,2,8000,0,0,0,0,0,0
TF,ASKES,25.089194,46.545139,0, ,0.0,0.0,0.0,0.0,3,10000,0,0,0,0,0,0
TF,REEMA,25.344861,46.849417,0, ,0.0,0.0,0.0,0.0,2,15000,0,0,0,0,0,0
TF,KEBOL,25.604000,47.160528,0, ,0.0,0.0,0.0,0.0,3,20000,0,0,0,0,0,0
TF,ALTAV,25.743889,47.331389,0, ,0.0,0.0,0.0,0.0,2,23000,0,0,0,0,0,0

SID,ALTA1X,16,5
CF,ULBOR,24.535278,46.951667,0,RAZ,158.0,4.4,158.0,4.9,2,3400,0,1,200,0,0,1
DF,RUBAN,24.741111,46.850833,2, ,0.0,0.0,2,7100,0,0,0,0,0,0
TF,EGPOM,24.901944,46.876389,0, ,0.0,0.0,0.0,0.0,2,9000,0,0,0,0,0,0
TF,OBMUM,24.953056,47.218889,0, ,0.0,0.0,0.0,0.0,1,11000,0,0,0,0,0,0
TF,KODAT,25.082778,47.293889,0, ,0.0,0.0,0.0,0.0,1,11000,0,0,0,0,0,0
TF,TAMLU,25.271944,47.403611,0, ,0.0,0.0,0.0,0.0,2,13000,0,0,0,0,0,0
TF,GOGMO,25.437778,47.378333,0, ,0.0,0.0,0.0,0.0,2,15000,0,0,0,0,0,0
TF,ALTAV,25.743889,47.331389,0, ,0.0,0.0,0.0,0.0,2,19000,0,0,0,0,0,0

SID,DURM1R,34,5
DF,BUDAV,24.692750,46.890639,0, ,0.0,0.0,2,3700,0,1,200,0,0,1
TF,EGSOL,24.384167,46.812778,1, ,0.0,0.0,0.0,0.0,2,8200,0,1,200,0,0,0
TF,ULDOD,24.416111,46.345278,0, ,0.0,0.0,0.0,0.0,3,12000,0,0,0,0,0,0
TF,DURMA,24.452778,45.769444,0, ,0.0,0.0,0.0,0.0,2,18000,0,0,0,0,0,0

SID,DURM1X,16,5
CF,ULBOR,24.535278,46.951667,0,RAZ,158.0,4.4,158.0,4.9,2,3400,0,1,200,0,0,1
TF,EGSOL,24.384167,46.812778,0, ,0.0,0.0,0.0,0.0,2,5700,0,0,0,0,0,0
TF,ULDOD,24.416111,46.345278,0, ,0.0,0.0,0.0,0.0,3,15000,0,0,0,0,0,0
TF,DURMA,24.452778,45.769444,0, ,0.0,0.0,0.0,0.0,2,17000,0,0,0,0,0,0

SID,ESRA1R,34,5
DF,BUDAV,24.692750,46.890639,0, ,0.0,0.0,2,3700,0,0,0,0,0,1
TF,UKNOL,24.803139,46.810694,0, ,0.0,0.0,0.0,0.0,2,5200,0,0,0,0,0,0
TF,ASKEV,24.803333,46.648306,0, ,0.0,0.0,0.0,0.0,2,7000,0,0,0,0,0,0
TF,ALMUM,24.891389,46.598333,0, ,0.0,0.0,0.0,0.0,2,8000,0,0,0,0,0,0
TF,ASKES,25.089194,46.545139,0, ,0.0,0.0,0.0,0.0,3,10000,0,0,0,0,0,0
TF,MEKVO,25.299750,46.626694,0, ,0.0,0.0,0.0,0.0,2,13000,0,0,0,0,0,0
TF,ESRAT,25.854722,47.046389,0, ,0.0,0.0,0.0,0.0,3,19000,0,0,0,0,0,0

SID,ESRA1X,16,5
CF,ULBOR,24.535278,46.951667,0,RAZ,158.0,4.4,158.0,4.9,2,3400,0,1,200,0,0,1
DF,RUBAN,24.741111,46.850833,2, ,0.0,0.0,2,7100,0,0,0,0,0,0
TF,EGPOM,24.901944,46.876389,0, ,0.0,0.0,0.0,0.0,2,9000,0,0,0,0,0,0
TF,ITKUS,25.053889,46.907500,0, ,0.0,0.0,0.0,0.0,1,11000,0,0,0,0,0,0
TF,RAMRA,25.179444,46.858056,0, ,0.0,0.0,0.0,0.0,2,12700,0,0,0,0,0,0
TF,NALNO,25.408889,46.767500,0, ,0.0,0.0,0.0,0.0,2,16000,0,0,0,0,0,0
TF,ESRAT,25.854722,47.046389,0, ,0.0,0.0,0.0,0.0,2,22000,0,0,0,0,0,0

SID,IVON1R,34,5
DF,BUDAV,24.692750,46.890639,0, ,0.0,0.0,2,3700,0,0,0,0,0,1
TF,UKNOL,24.803139,46.810694,0, ,0.0,0.0,0.0,0.0,2,5200,0,0,0,0,0,0
TF,ASKEV,24.803333,46.648306,0, ,0.0,0.0,0.0,0.0,2,7000,0,0,0,0,0,0
TF,ALMUM,24.891389,46.598333,0, ,0.0,0.0,0.0,0.0,2,8000,0,0,0,0,0,0
TF,ASKES,25.089194,46.545139,0, ,0.0,0.0,0.0,0.0,3,10000,0,0,0,0,0,0
TF,ORNOL,25.104806,46.336694,0, ,0.0,0.0,0.0,0.0,3,10000,0,0,0,0,0,0
TF,EGTAK,25.110333,46.261861,0, ,0.0,0.0,0.0,0.0,3,10000,0,0,0,0,0,0
TF,ORPIN,25.099667,46.145611,0, ,0.0,0.0,0.0,0.0,3,10000,0,0,0,0,0,0
TF,IVONU,25.056389,45.675000,0, ,0.0,0.0,0.0,0.0,2,16000,0,0,0,0,0,0

SID,IVON1X,16,5
CF,ULBOR,24.535278,46.951667,0,RAZ,158.0,4.4,158.0,4.9,2,3400,0,1,200,0,0,1
DF,RUBAN,24.741111,46.850833,2, ,0.0,0.0,2,7100,0,0,0,0,0,0
TF,GEVOB,24.731389,46.565556,0, ,0.0,0.0,0.0,0.0,2,10200,0,0,0,0,0,0
TF,VAXIR,24.600000,46.330278,0, ,0.0,0.0,0.0,0.0,2,13000,0,0,0,0,0,0
TF,LOPUX,24.775833,46.078611,0, ,0.0,0.0,0.0,0.0,2,17000,0,0,0,0,0,0
TF,IVONU,25.056389,45.675000,0, ,0.0,0.0,0.0,0.0,2,22000,0,0,0,0,0,0

SID,KOBO1R,34,5
DF,BUDAV,24.692750,46.890639,0, ,0.0,0.0,2,3700,0,0,0,0,0,1
TF,UKNOL,24.803139,46.810694,0, ,0.0,0.0,0.0,0.0,2,5200,0,0,0,0,0,0
TF,ASKEV,24.803333,46.648306,0, ,0.0,0.0,0.0,0.0,2,7000,0,0,0,0,0,0
TF,ALMUM,24.891389,46.598333,0, ,0.0,0.0,0.0,0.0,2,8000,0,0,0,0,0,0
TF,ASKES,25.089194,46.545139,0, ,0.0,0.0,0.0,0.0,3,10000,0,0,0,0,0,0
TF,REEMA,25.344861,46.849417,0, ,0.0,0.0,0.0,0.0,2,15000,0,0,0,0,0,0
TF,ASNEX,25.334139,47.079000,0, ,0.0,0.0,0.0,0.0,3,17000,0,0,0,0,0,0
TF,EGNEG,25.326333,47.241167,0, ,0.0,0.0,0.0,0.0,3,19000,0,0,0,0,0,0
TF,KATAV,25.195833,47.616667,0, ,0.0,0.0,0.0,0.0,3,24000,0,0,0,0,0,0
TF,KOBOX,25.121111,47.829444,0, ,0.0,0.0,0.0,0.0,3,25000,0,0,0,0,0,0

SID,KOBO1X,16,5
CF,ULBOR,24.535278,46.951667,0,RAZ,158.0,4.4,158.0,4.9,2,3400,0,1,200,0,0,1
DF,RUBAN,24.741111,46.850833,2, ,0.0,0.0,2,7100,0,0,0,0,0,0
TF,EGPOM,24.901944,46.876389,0, ,0.0,0.0,0.0,0.0,2,9000,0,0,0,0,0,0
TF,OBMUM,24.953056,47.218889,0, ,0.0,0.0,0.0,0.0,1,11000,0,0,0,0,0,0
TF,KODAT,25.082778,47.293889,0, ,0.0,0.0,0.0,0.0,1,11000,0,0,0,0,0,0
TF,TAMLU,25.271944,47.403611,0, ,0.0,0.0,0.0,0.0,2,13000,0,0,0,0,0,0
TF,KATAV,25.195833,47.616667,0, ,0.0,0.0,0.0,0.0,3,17000,0,0,0,0,0,0
TF,KOBOX,25.121111,47.829444,0, ,0.0,0.0,0.0,0.0,2,19000,0,0,0,0,0,0

SID,METN1R,34,5
DF,BUDAV,24.692750,46.890639,0, ,0.0,0.0,2,3700,0,0,0,0,0,1
TF,UKNOL,24.803139,46.810694,0, ,0.0,0.0,0.0,0.0,2,5200,0,0,0,0,0,0
TF,ASKEV,24.803333,46.648306,0, ,0.0,0.0,0.0,0.0,2,7000,0,0,0,0,0,0
TF,ALMUM,24.891389,46.598333,0, ,0.0,0.0,0.0,0.0,2,8000,0,0,0,0,0,0
TF,ASKES,25.089194,46.545139,0, ,0.0,0.0,0.0,0.0,3,10000,0,0,0,0,0,0
TF,SODON,25.294389,46.338861,0, ,0.0,0.0,0.0,0.0,3,13000,0,0,0,0,0,0
TF,METNI,25.620833,46.008611,0, ,0.0,0.0,0.0,0.0,3,16000,0,0,0,0,0,0

SID,METN1X,16,5
CF,ULBOR,24.535278,46.951667,0,RAZ,158.0,4.4,158.0,4.9,2,3400,0,1,200,0,0,1
DF,RUBAN,24.741111,46.850833,2, ,0.0,0.0,2,7100,0,0,0,0,0,0
TF,EGPOM,24.901944,46.876389,0, ,0.0,0.0,0.0,0.0,2,9000,0,0,0,0,0,0
TF,ITKUS,25.053889,46.907500,0, ,0.0,0.0,0.0,0.0,1,11000,0,0,0,0,0,0
TF,RAMRA,25.179444,46.858056,0, ,0.0,0.0,0.0,0.0,2,12700,0,0,0,0,0,0
TF,NALNO,25.408889,46.767500,0, ,0.0,0.0,0.0,0.0,2,16000,0,0,0,0,0,0
TF,LADNO,25.504722,46.426667,0, ,0.0,0.0,0.0,0.0,3,19000,0,0,0,0,0,0
TF,METNI,25.620833,46.008611,0, ,0.0,0.0,0.0,0.0,2,24000,0,0,0,0,0,0

SID,MUNT1R,34,5
DF,BUDAV,24.692750,46.890639,0, ,0.0,0.0,2,3700,0,1,200,0,0,1
TF,EGSOL,24.384167,46.812778,1, ,0.0,0.0,0.0,0.0,2,8200,0,1,200,0,0,0
TF,MUNTO,23.895833,46.583056,0, ,0.0,0.0,0.0,0.0,3,15000,0,0,0,0,0,0

SID,MUNT1X,16,5
CF,ULBOR,24.535278,46.951667,0,RAZ,158.0,4.4,158.0,4.9,2,3400,0,1,200,0,0,1
TF,EGSOL,24.384167,46.812778,0, ,0.0,0.0,0.0,0.0,2,5700,0,0,0,0,0,0
TF,MUNTO,23.895833,46.583056,0, ,0.0,0.0,0.0,0.0,2,12100,0,0,0,0,0,0

SID,MURL1R,34,5
DF,BUDAV,24.692750,46.890639,0, ,0.0,0.0,2,3700,0,0,0,0,0,1
TF,UKNOL,24.803139,46.810694,0, ,0.0,0.0,0.0,0.0,2,5200,0,0,0,0,0,0
TF,ASKEV,24.803333,46.648306,0, ,0.0,0.0,0.0,0.0,2,7000,0,0,0,0,0,0
TF,ALMUM,24.891389,46.598333,0, ,0.0,0.0,0.0,0.0,2,8000,0,0,0,0,0,0
TF,ASKES,25.089194,46.545139,0, ,0.0,0.0,0.0,0.0,3,10000,0,0,0,0,0,0
TF,MEKVO,25.299750,46.626694,0, ,0.0,0.0,0.0,0.0,2,13000,0,0,0,0,0,0
TF,MURLU,25.876111,46.582222,0, ,0.0,0.0,0.0,0.0,3,20000,0,0,0,0,0,0

SID,MURL1X,16,5
CF,ULBOR,24.535278,46.951667,0,RAZ,158.0,4.4,158.0,4.9,2,3400,0,1,200,0,0,1
DF,RUBAN,24.741111,46.850833,2, ,0.0,0.0,2,7100,0,0,0,0,0,0
TF,EGPOM,24.901944,46.876389,0, ,0.0,0.0,0.0,0.0,2,9000,0,0,0,0,0,0
TF,ITKUS,25.053889,46.907500,0, ,0.0,0.0,0.0,0.0,1,11000,0,0,0,0,0,0
TF,RAMRA,25.179444,46.858056,0, ,0.0,0.0,0.0,0.0,2,12700,0,0,0,0,0,0
TF,NALNO,25.408889,46.767500,0, ,0.0,0.0,0.0,0.0,2,16000,0,0,0,0,0,0
TF,MURLU,25.876111,46.582222,0, ,0.0,0.0,0.0,0.0,2,21000,0,0,0,0,0,0

SID,RESA1R,34,5
DF,BUDAV,24.692750,46.890639,0, ,0.0,0.0,2,3700,0,1,200,0,0,1
TF,EGSOL,24.384167,46.812778,1, ,0.0,0.0,0.0,0.0,2,8200,0,1,200,0,0,0
TF,RESAL,24.113611,47.074167,0, ,0.0,0.0,0.0,0.0,3,22000,0,0,0,0,0,0

SID,RESA1X,16,5
CF,ULBOR,24.535278,46.951667,0,RAZ,158.0,4.4,158.0,4.9,2,3400,0,1,200,0,0,1
TF,EGSOL,24.384167,46.812778,0, ,0.0,0.0,0.0,0.0,2,5700,0,0,0,0,0,0
TF,RESAL,24.113611,47.074167,0, ,0.0,0.0,0.0,0.0,2,10100,0,0,0,0,0,0

SID,TAKT1R,34,5
DF,BUDAV,24.692750,46.890639,0, ,0.0,0.0,2,3700,0,0,0,0,0,1
TF,UKNOL,24.803139,46.810694,0, ,0.0,0.0,0.0,0.0,2,5200,0,0,0,0,0,0
TF,ASKEV,24.803333,46.648306,0, ,0.0,0.0,0.0,0.0,2,7000,0,0,0,0,0,0
TF,ALMUM,24.891389,46.598333,0, ,0.0,0.0,0.0,0.0,2,8000,0,0,0,0,0,0
TF,ASKES,25.089194,46.545139,0, ,0.0,0.0,0.0,0.0,3,10000,0,0,0,0,0,0
TF,REEMA,25.344861,46.849417,0, ,0.0,0.0,0.0,0.0,2,15000,0,0,0,0,0,0
TF,ASNEX,25.334139,47.079000,0, ,0.0,0.0,0.0,0.0,3,17000,0,0,0,0,0,0
TF,EGNEG,25.326333,47.241167,0, ,0.0,0.0,0.0,0.0,3,19000,0,0,0,0,0,0
TF,TAKTI,25.364722,47.727778,0, ,0.0,0.0,0.0,0.0,1,19000,0,0,0,0,0,0

SID,TAKT1X,16,5
CF,ULBOR,24.535278,46.951667,0,RAZ,158.0,4.4,158.0,4.9,2,3400,0,1,200,0,0,1
DF,RUBAN,24.741111,46.850833,2, ,0.0,0.0,2,7100,0,0,0,0,0,0
TF,EGPOM,24.901944,46.876389,0, ,0.0,0.0,0.0,0.0,2,9000,0,0,0,0,0,0
TF,OBMUM,24.953056,47.218889,0, ,0.0,0.0,0.0,0.0,1,11000,0,0,0,0,0,0
TF,KODAT,25.082778,47.293889,0, ,0.0,0.0,0.0,0.0,1,11000,0,0,0,0,0,0
TF,TAMLU,25.271944,47.403611,0, ,0.0,0.0,0.0,0.0,2,13000,0,0,0,0,0,0
TF,TAKTI,25.364722,47.727778,0, ,0.0,0.0,0.0,0.0,2,17000,0,0,0,0,0,0

STAR,ESRA1A,ALL,5
IF,ESRAT,25.854722,47.046389, ,0.0,0.0,2,21000,0,0,0,0,0,0
TF,NAGER,25.353056,47.274167,0, ,0.0,0.0,0.0,0.0,2,20000,0,0,0,0,0,0
TF,ITKUS,25.053889,46.907500,0, ,0.0,0.0,0.0,0.0,2,12000,0,0,0,0,0,0

STAR,ETBA1A,ALL,5
IF,ETBAS,25.580833,47.555000, ,0.0,0.0,2,22000,0,0,0,0,0,0
TF,NAGER,25.353056,47.274167,0, ,0.0,0.0,0.0,0.0,2,20000,0,0,0,0,0,0
TF,ITKUS,25.053889,46.907500,0, ,0.0,0.0,0.0,0.0,2,12000,0,0,0,0,0,0

STAR,KAVU1A,ALL,5
IF,KAVUR,24.712778,45.676667, ,0.0,0.0,2,21000,0,0,0,0,0,0
TF,LOPUX,24.775833,46.078611,0, ,0.0,0.0,0.0,0.0,3,16000,0,0,0,0,0,0
TF,BOSEB,24.841111,46.503056,0, ,0.0,0.0,0.0,0.0,2,11000,0,0,0,0,0,0

STAR,KOBO1A,ALL,5
IF,KOBOX,25.121111,47.829444, ,0.0,0.0,2,22000,0,0,0,0,0,0
TF,TALBU,25.101667,47.554722,0, ,0.0,0.0,0.0,0.0,2,20000,0,0,0,0,0,0
TF,ITKUS,25.053889,46.907500,0, ,0.0,0.0,0.0,0.0,2,12000,0,0,0,0,0,0

STAR,KUNE1A,ALL,5
IF,KUNEK,25.357222,45.786667, ,0.0,0.0,2,21000,0,0,0,0,0,0
TF,BOSEB,24.841111,46.503056,0, ,0.0,0.0,0.0,0.0,2,11000,0,0,0,0,0,0

STAR,METN1A,ALL,5
IF,METNI,25.620833,46.008611, ,0.0,0.0,2,21000,0,0,0,0,0,0
TF,BUBOX,25.178056,46.290556,0, ,0.0,0.0,0.0,0.0,2,16000,0,0,0,0,0,0
TF,BOSEB,24.841111,46.503056,0, ,0.0,0.0,0.0,0.0,2,11000,0,0,0,0,0,0

STAR,MUNT1A,ALL,5
IF,MUNTO,23.895833,46.583056, ,0.0,0.0,2,22000,0,0,0,0,0,0
TF,DEBAT,24.309444,46.515556,0, ,0.0,0.0,0.0,0.0,2,16000,0,0,0,0,0,0
TF,ALSUB,24.558056,46.475000,0, ,0.0,0.0,0.0,0.0,3,13000,0,0,0,0,0,0
TF,MELMU,24.680833,46.583333,0, ,0.0,0.0,0.0,0.0,2,12000,0,0,0,0,0,0
TF,BOSEB,24.841111,46.503056,0, ,0.0,0.0,0.0,0.0,2,11000,0,0,0,0,0,0

STAR,MURL1A,ALL,5
IF,MURLU,25.876111,46.582222, ,0.0,0.0,2,22000,0,0,0,0,0,0
TF,BUBOX,25.178056,46.290556,0, ,0.0,0.0,0.0,0.0,2,16000,0,0,0,0,0,0
TF,BOSEB,24.841111,46.503056,0, ,0.0,0.0,0.0,0.0,2,11000,0,0,0,0,0,0

STAR,RESA1A,ALL,5
IF,RESAL,24.113611,47.074167, ,0.0,0.0,2,22000,0,0,0,0,0,0
TF,LOTOT,24.230833,46.740556,0, ,0.0,0.0,0.0,0.0,2,18000,0,0,0,0,0,0
TF,DEBAT,24.309444,46.515556,0, ,0.0,0.0,0.0,0.0,2,16000,0,0,0,0,0,0
TF,ALSUB,24.558056,46.475000,0, ,0.0,0.0,0.0,0.0,3,13000,0,0,0,0,0,0
TF,MELMU,24.680833,46.583333,0, ,0.0,0.0,0.0,0.0,2,12000,0,0,0,0,0,0
TF,BOSEB,24.841111,46.503056,0, ,0.0,0.0,0.0,0.0,2,11000,0,0,0,0,0,0

STAR,RESU1E,16,2
IF,RESUB,24.829167,46.398222, ,0.0,0.0,2,11000,0,0,0,0,0,0
TF,KIA,24.886056,46.759389,0, ,0.0,0.0,0.0,0.0,2,6500,0,0,0,0,0,0

STAR,RESU1F,34,2
IF,RESUB,24.829167,46.398222, ,0.0,0.0,2,11000,0,0,0,0,0,0
TF,KIA,24.886056,46.759389,0, ,0.0,0.0,0.0,0.0,2,11000,0,0,0,0,0,0
TF,RAZ,24.604194,46.925556,0, ,0.0,0.0,0.0,0.0,2,8000,0,0,0,0,0,0

STAR,SISO1E,16,2
IF,SISOT,24.965306,47.115667, ,0.0,0.0,2,11000,0,0,0,0,0,0
TF,KIA,24.886056,46.759389,0, ,0.0,0.0,0.0,0.0,2,6500,0,0,0,0,0,0

STAR,SISO1F,34,2
IF,SISOT,24.965306,47.115667, ,0.0,0.0,2,11000,0,0,0,0,0,0
TF,KIA,24.886056,46.759389,0, ,0.0,0.0,0.0,0.0,2,11000,0,1,210,0,0,0
TF,RAZ,24.604194,46.925556,1, ,0.0,0.0,0.0,0.0,2,8000,0,0,0,0,0,0

STAR,TAKT1A,ALL,5
IF,TAKTI,25.364722,47.727778, ,0.0,0.0,2,20000,0,0,0,0,0,0
TF,TALBU,25.101667,47.554722,0, ,0.0,0.0,0.0,0.0,2,20000,0,0,0,0,0,0
TF,ITKUS,25.053889,46.907500,0, ,0.0,0.0,0.0,0.0,2,12000,0,0,0,0,0,0

STAR,TEVO1A,ALL,5
IF,TEVOG,24.103333,46.073333, ,0.0,0.0,2,21000,0,0,0,0,0,0
TF,ALSUB,24.558056,46.475000,0, ,0.0,0.0,0.0,0.0,3,13000,0,0,0,0,0,0
TF,MELMU,24.680833,46.583333,0, ,0.0,0.0,0.0,0.0,2,12000,0,0,0,0,0,0
TF,BOSEB,24.841111,46.503056,0, ,0.0,0.0,0.0,0.0,2,11000,0,0,0,0,0,0

APPTR,D16,16,RESUB
IF,RESUB,24.829167,46.398222, ,0.0,0.0,0,0,0,0,0,0,0,0
TF,KIA,24.886056,46.759389,0, ,0.0,0.0,0.0,0.0,2,6500,0,0,0,0,1,0
CF,CD16,24.787306,46.853917,0,RAZ,337.4,11.6,136.0,7.8,2,4000,0,0,0,0,1,0

APPTR,D16,16,SISOT
IF,SISOT,24.965306,47.115667, ,0.0,0.0,0,0,0,0,0,0,0,0
TF,KIA,24.886056,46.759389,0, ,0.0,0.0,0.0,0.0,2,6500,0,0,0,0,1,0
CF,CD16,24.787306,46.853917,1,RAZ,337.4,11.6,136.0,7.8,2,4000,0,0,0,0,1,0

FINAL,D16,16,D,3
IF,CD16,24.787306,46.853917,RAZ,337.4,11.6,2,4000,0,0,0,0,0,0
CF,FAV16,24.692750,46.890611,0,RAZ,337.2,5.6,158.0,6.0,2,3200,0,0,0,0,2,0
CF,RW16,24.629706,46.915047,0,RAZ,336.4,1.6,158.0,4.0,1,1898,0,0,0,0,3,0
CA,0,158.0,2,2250,0,0,0,0,0,0
VD, ,0,0,0,RAZ,0.0,0.0,183.0,2.0,2,2800,0,0,0,0,0,0
VI,0, ,0.0,255.0,0,0,0,1,190,0,0,0
CF,KUSTA,24.391028,46.670889,0,RAZ,224.6,18.9,225.0,14.0,1,5500,0,0,0,0,0,0
HM,KUSTA,24.391028,46.670889,1, ,0.0,0.0,6.0,04.3,1,5500,0,1,190,0,0,0,0

APPTR,D34,34,RAZ
IF,RAZ,24.604194,46.925556, ,0.0,0.0,2,8000,0,0,0,0,1,0
TF,D218H,24.509139,46.834972,0, ,0.0,0.0,0.0,0.0,2,5500,0,0,0,0,0,0
AF,KA345,24.485694,46.970611,1,RAZ,157.8,7.5,218.0,2,3500,0,0,0,0,1,0

FINAL,D34,34,D,3
IF,KA345,24.485694,46.970611,RAZ,157.8,7.5,2,3500,0,0,0,0,0,0
CF,KA678,24.533000,46.952389,0,RAZ,158.0,4.5,338.0,3.0,2,3500,0,0,0,0,2,0
CF,RAZ,24.604194,46.925556,0,RAZ,0.0,0.0,338.0,4.5,1,2042,0,0,0,0,3,0
CA,0,338.0,2,2250,0,0,0,0,0,0
FD,RAZ,24.604194,46.925556,0,RAZ,0.0,5.0,316.0,5.0,2,3000,0,0,0,0,0,0
VI,1, ,0.0,216.0,0,0,0,1,190,0,0,0
CF,KUSTA,24.391028,46.670889,0,RAZ,224.6,18.9,186.0,10.0,1,5500,0,0,0,0,0,0
HM,KUSTA,24.391028,46.670889,1, ,0.0,0.0,6.0,04.3,2,5500,0,1,190,0,0,0,0

APPTR,I34,34,RAZ
IF,RAZ,24.604194,46.925556, ,0.0,0.0,2,8000,0,0,0,0,1,0
TF,D218H,24.509139,46.834972,0, ,0.0,0.0,0.0,0.0,2,5500,0,1,200,0,0,0
AF,D173H,24.479111,46.935111,1,RAZ,173.0,7.5,218.0,2,3500,0,0,0,0,0,0
VI,0,IMNG,0.0,8.0,0,0,0,0,0,0,0,0

FINAL,I34,34,I,3
IF,KA345,24.485694,46.970611,IMNG,157.6,9.3,2,3500,0,0,0,0,0,0
CF,KA678,24.533000,46.952389,0,IMNG,157.5,6.3,338.0,3.0,1,3500,0,0,0,0,2,0
CF,RW34,24.611833,46.921964,0,IMNG,157.5,1.3,338.0,5.0,1,1891,0,0,0,0,3,0
CA,0,338.0,2,2250,0,0,0,0,0,0
VD, ,0,0,0,RAZ,0.0,0.0,316.0,5.0,0,0,0,0,0,0,0,0
VI,1, ,0.0,216.0,0,0,0,1,190,0,0,0
CF,KUSTA,24.391028,46.670889,0,RAZ,224.6,18.9,186.0,10.0,1,5500,0,0,0,0,0,0
HM,KUSTA,24.391028,46.670889,1, ,0.0,0.0,6.0,04.3,2,5500,0,1,190,0,0,0,0

APPTR,R16,16,BOS1G
IF,BOSEB,24.841111,46.503056, ,0.0,0.0,2,11000,0,0,0,0,0,0
TF,ALMUM,24.891389,46.598333,0, ,0.0,0.0,0.0,0.0,2,11000,0,0,0,0,0,0
TF,RADOX,24.707944,46.714167,0, ,0.0,0.0,0.0,0.0,2,7500,0,1,200,0,1,0
TF,KA123,24.787306,46.853917,0, ,0.0,0.0,0.0,0.0,2,5000,0,1,200,0,1,0

APPTR,R16,16,ITK1G
IF,ITKUS,25.053889,46.907500, ,0.0,0.0,2,12000,0,0,0,0,0,0
TF,OBSAR,25.003889,46.811944,0, ,0.0,0.0,0.0,0.0,2,12000,0,0,0,0,0,0
TF,RABMO,24.882528,46.888500,0, ,0.0,0.0,0.0,0.0,2,7500,0,0,0,0,1,0
TF,KA123,24.787306,46.853917,0, ,0.0,0.0,0.0,0.0,2,5000,0,0,0,0,1,0

FINAL,R16,16,R,3
IF,KA123,24.787306,46.853917, ,0.0,0.0,2,5000,0,1,200,0,0,0
TF,FA161,24.708500,46.884500,0, ,0.0,0.0,158.0,5.0,2,3500,0,0,0,0,2,0
TF,RW16,24.629706,46.915047,0, ,0.0,0.0,158.0,5.0,1,1898,0,0,0,0,3,1
DF,KA901,24.582417,46.933361,0, ,0.0,0.0,2,2900,0,1,200,0,0,0
TF,KUSTA,24.391028,46.670889,0, ,0.0,0.0,0.0,0.0,1,5500,0,1,200,0,0,1
HM,KUSTA,24.391028,46.670889,1, ,0.0,0.0,152.0,04.3,1,5500,0,1,200,0,0,0,0

APPTR,R34,34,BOS1H
IF,BOSEB,24.841111,46.503056, ,0.0,0.0,2,11000,0,0,0,0,0,0
TF,ALMUM,24.891389,46.598333,0, ,0.0,0.0,0.0,0.0,2,11000,0,0,0,0,0,0
TF,RADOX,24.707944,46.714167,0, ,0.0,0.0,0.0,0.0,2,7500,0,0,0,0,1,0
TF,RADGO,24.454417,46.873778,0, ,0.0,0.0,0.0,0.0,2,5000,0,1,200,0,0,0
TF,KA345,24.485694,46.970611,0, ,0.0,0.0,0.0,0.0,2,3500,0,0,0,0,1,0

APPTR,R34,34,ITK1H
IF,ITKUS,25.053889,46.907500, ,0.0,0.0,2,12000,0,0,0,0,0,0
TF,OBSAR,25.003889,46.811944,0, ,0.0,0.0,0.0,0.0,2,12000,0,0,0,0,0,0
TF,RABMO,24.882528,46.888500,0, ,0.0,0.0,0.0,0.0,2,7500,0,0,0,0,0,0
TF,RADOX,24.707944,46.714167,0, ,0.0,0.0,0.0,0.0,2,7500,0,0,0,0,1,0
TF,RADGO,24.454417,46.873778,0, ,0.0,0.0,0.0,0.0,2,5000,0,1,200,0,0,0
TF,KA345,24.485694,46.970611,0, ,0.0,0.0,0.0,0.0,2,3500,0,0,0,0,1,0

FINAL,R34,34,R,3
IF,KA345,24.485694,46.970611, ,0.0,0.0,2,3500,0,1,200,0,0,0
TF,KA678,24.533000,46.952389,0, ,0.0,0.0,338.0,3.0,2,3500,0,0,0,0,2,0
TF,RW34,24.611833,46.921964,0, ,0.0,0.0,338.0,5.0,1,1884,0,0,0,0,3,1
DF,KA500,24.674889,46.897556,0, ,0.0,0.0,2,2900,0,1,200,0,0,1
TF,KUSTA,24.391028,46.670889,1, ,0.0,0.0,0.0,0.0,1,5500,0,1,200,0,0,1
HM,KUSTA,24.391028,46.670889,1, ,0.0,0.0,152.0,04.3,1,5500,0,1,200,0,0,0,0

