APPTR,D17L,17L,HIMMA
IF,HIMMA,24.058639,48.038250, ,0.0,0.0,0,0,0,0,0,0,0,0
TF,ORKOT,24.064917,47.856278,0, ,0.0,0.0,0.0,0.0,2,5000,0,0,0,0,1,0
AF,CD17L,24.317222,47.517056,1,PSA,344.0,15.0,90.0,2,4500,0,0,0,0,1,0

FINAL,D17L,17L,D,3
IF,CD17L,24.317222,47.517056,PSA,344.0,15.0,2,4500,0,0,0,0,0,0
CF,RABLU,24.155278,47.561722,0,PSA,344.3,5.0,164.0,10.0,2,3100,0,0,0,0,2,0
CF,MD17L,24.094994,47.577553,0,PSA,344.0,1.3,164.0,3.7,1,1909,0,0,0,0,3,0
CA,0,164.0,2,2060,0,0,0,0,0,0
CA,0,173.0,2,3200,0,0,0,0,0,0
VI,1, ,0.0,60.0,0,0,0,0,0,0,0,0
CF,HIMMA,24.058639,48.038250,0,PSA,90.0,25.0,90.0,17.0,1,5000,0,0,0,0,0,0

APPTR,D35R,35R,HIMMA
IF,HIMMA,24.058639,48.038250, ,0.0,0.0,0,0,0,0,0,0,0,0
TF,ORKOT,24.064917,47.856278,0, ,0.0,0.0,0.0,0.0,2,5000,0,0,0,0,1,0
AF,CD35R,23.823139,47.578528,2,PSA,179.0,15.0,90.0,2,4500,0,0,0,0,1,0

FINAL,D35R,35R,D,3
IF,CD35R,23.823139,47.578528,PSA,179.0,15.0,2,4500,0,0,0,0,0,0
CF,JUNDI,23.973583,47.581361,0,PSA,179.0,6.0,359.0,9.0,2,3000,0,0,0,0,2,0
CF,MD35R,24.037122,47.582583,0,PSA,179.0,2.2,359.0,3.8,1,1854,0,0,0,0,3,0
CA,0,359.0,2,2060,0,0,0,0,0,0
CA,0,353.0,2,3200,0,0,0,0,0,0
VI,2, ,0.0,120.0,0,0,0,0,0,0,0,0
CF,HIMMA,24.058639,48.038250,0,PSA,90.0,25.0,90.0,18.0,1,5000,0,0,0,0,0,0

APPTR,I17L,17L,HIMMA
IF,HIMMA,24.058639,48.038250, ,0.0,0.0,0,0,0,0,0,0,0,0
TF,ORKOT,24.064917,47.856278,0, ,0.0,0.0,0.0,0.0,2,5000,0,0,0,0,1,0
AF,D002O,24.324106,47.602375,1,PSA,2.0,15.0,90.0,2,4500,0,0,0,0,0,0
VI,0,ISAB,0.0,203.0,0,0,0,0,0,0,0,0

FINAL,I17L,17L,I,3
IF,CI17L,24.323778,47.559417,ISAB,353.7,16.9,2,4500,0,0,0,0,0,0
CF,SARUK,24.161222,47.571833,0,ISAB,353.4,7.2,173.0,9.7,1,3204,0,0,0,0,2,0
CF,RW17L,24.081039,47.579067,0,ISAB,353.6,2.3,173.0,4.8,1,1644,0,0,0,0,3,0
CA,0,173.0,2,3200,0,0,0,0,0,0
VI,1, ,0.0,60.0,0,0,0,0,0,0,0,0
CF,HIMMA,24.058639,48.038250,0,PSA,90.0,25.0,90.0,16.0,1,5000,0,0,0,0,0,0

APPTR,I35L,35L,HIMMA
IF,HIMMA,24.058639,48.038250, ,0.0,0.0,0,0,0,0,0,0,0,0
CF,ORKOT,24.064917,47.856278,0,PSA,90.0,15.0,270.0,10.0,2,5000,0,0,0,0,1,0
AF,D173O,23.824047,47.607039,2,PSA,173.0,15.0,90.0,2,4500,0,0,0,0,0,0
VI,0,IPSB,0.0,323.0,0,0,0,0,0,0,0,0

FINAL,I35L,35L,I,3
IF,CI35L,23.822806,47.566694,IPSB,173.3,16.6,2,4500,0,0,0,0,0,0
CF,MIREB,23.987750,47.551667,0,IPSB,173.4,6.7,353.0,9.9,1,3063,0,0,0,0,2,0
CF,RW35L,24.059822,47.545322,0,IPSB,173.4,2.4,353.0,4.3,1,1668,0,0,0,0,3,0
CA,0,353.0,2,2900,0,0,0,0,0,0
VI,2, ,0.0,120.0,0,0,0,0,0,0,0,0
CF,HIMMA,24.058639,48.038250,0,PSA,90.0,25.0,90.0,22.0,1,5000,0,0,0,0,0,0

APPTR,I35R,35R,HIMMA
IF,HIMMA,24.058639,48.038250, ,0.0,0.0,0,0,0,0,0,0,0,0
TF,ORKOT,24.064917,47.856278,0, ,0.0,0.0,0.0,0.0,2,5000,0,0,0,0,1,0
AF,D164O,23.830519,47.649244,2,PSA,164.0,15.0,90.0,2,4500,0,0,0,0,0,0
VI,0,IPSA,0.0,323.0,0,0,0,0,0,0,0,0

FINAL,I35R,35R,I,3
IF,CI35R,23.824056,47.607028,IPSA,172.3,15.6,2,4500,0,0,0,0,0,0
CF,DIRAH,23.973111,47.588417,0,IPSA,173.4,6.6,353.0,9.0,1,3096,0,0,0,0,2,0
CF,RW35R,24.045017,47.582242,0,IPSA,173.2,2.3,353.0,4.3,1,1710,0,0,0,0,3,0
CA,0,353.0,2,3200,0,0,0,0,0,0
VI,2, ,0.0,120.0,0,0,0,0,0,0,0,0
CF,HIMMA,24.058639,48.038250,0,PSA,90.0,25.0,90.0,18.0,1,5000,0,0,0,0,0,0

FINAL,R17L,17L,R,3
IF,ODKOM,24.323492,47.556181, ,0.0,0.0,2,4500,0,0,0,0,1,0
TF,SARUK,24.161222,47.571833,0, ,0.0,0.0,173.0,9.7,2,3200,0,0,0,0,2,0
TF,RW17L,24.081039,47.579067,0, ,0.0,0.0,173.0,4.8,1,1644,0,0,0,0,3,1
CA,0,173.0,2,2500,0,0,0,0,0,0
DF,TUGEG,23.823600,47.600542,0, ,0.0,0.0,2,4000,0,0,0,0,0,1
HM,TUGEG,23.823600,47.600542,2, ,0.0,0.0,354.0,04,1,4000,0,0,0,0,0,0,0

FINAL,R17R,17R,R,3
IF,UKMUT,24.316969,47.516675, ,0.0,0.0,2,4500,0,0,0,0,1,0
TF,GOMPU,24.175647,47.533108,0, ,0.0,0.0,172.0,8.5,2,3300,0,0,0,0,2,0
TF,RW17R,24.095817,47.542144,0, ,0.0,0.0,172.0,4.8,1,1648,0,0,0,0,3,1
CA,0,172.0,2,2500,0,0,0,0,0,0
DF,EGLEV,23.822747,47.566164,0, ,0.0,0.0,2,4000,0,0,0,0,0,1
HM,EGLEV,23.822747,47.566164,2, ,0.0,0.0,354.0,04,1,4000,0,0,0,0,0,0,0

FINAL,R35L,35L,R,3
IF,EGLEV,23.822747,47.566164, ,0.0,0.0,2,4500,0,0,0,0,1,0
TF,MIREB,23.987750,47.551667,0, ,0.0,0.0,353.0,9.9,2,3000,0,0,0,0,2,0
TF,RW35L,24.059822,47.545322,0, ,0.0,0.0,353.0,4.3,1,1668,0,0,0,0,3,1
CA,0,353.0,2,2500,0,0,0,0,0,0
DF,ODKOM,24.323492,47.556181,0, ,0.0,0.0,2,4000,0,0,0,0,0,1
HM,ODKOM,24.323492,47.556181,1, ,0.0,0.0,173.0,04,1,4000,0,0,0,0,0,0,0

FINAL,R35R,35R,R,3
IF,TUGEG,23.823600,47.600542, ,0.0,0.0,2,4500,0,0,0,0,1,0
TF,DIRAH,23.973111,47.588417,0, ,0.0,0.0,354.0,9.0,2,3100,0,0,0,0,2,0
TF,RW35R,24.045017,47.582242,0, ,0.0,0.0,353.0,4.3,1,1710,0,0,0,0,3,1
CA,0,353.0,2,2500,0,0,0,0,0,0
DF,ODKOM,24.323492,47.556181,0, ,0.0,0.0,2,4000,0,0,0,0,0,1
HM,ODKOM,24.323492,47.556181,1, ,0.0,0.0,173.0,04,1,4000,0,0,0,0,0,0,0

APPTR,T17L,17L,HIMMA
IF,HIMMA,24.058639,48.038250, ,0.0,0.0,0,0,0,0,0,0,0,0
TF,ORKOT,24.064917,47.856278,0, ,0.0,0.0,0.0,0.0,2,5000,0,0,0,0,1,0
AF,CD17L,24.317222,47.517056,1,PSA,344.0,15.0,90.0,2,4500,0,0,0,0,1,0

FINAL,T17L,17L,D,3
IF,CD17L,24.317222,47.517056,PSA,344.0,15.0,2,4500,0,0,0,0,0,0
CF,RABLU,24.155278,47.561722,0,PSA,344.3,5.0,164.0,10.0,2,3100,0,0,0,0,2,0
CF,MD17L,24.094994,47.577553,0,PSA,344.0,1.3,164.0,3.7,1,1909,0,0,0,0,3,0
CA,0,164.0,2,2060,0,0,0,0,0,0
CA,0,173.0,2,3200,0,0,0,0,0,0
VI,1, ,0.0,60.0,0,0,0,0,0,0,0,0
CF,HIMMA,24.058639,48.038250,0,PSA,90.0,25.0,90.0,17.0,1,5000,0,0,0,0,0,0

FINAL,T17R,17R,D,3
IF,UKMUT,24.316969,47.516675,ASL,351.9,12.8,2,4500,0,0,0,0,0,0
CF,GOMPU,24.175647,47.533108,0,ASL,351.9,4.3,172.0,8.5,2,3200,0,0,0,0,2,0
CF,ASL,24.104150,47.541411,0,ASL,0.0,0.0,172.0,4.3,1,1805,0,0,0,0,3,0
CA,0,172.0,2,2500,0,0,0,0,0,0
DF,ASRUV,23.819417,47.599119,1, ,0.0,0.0,2,4000,0,0,0,0,0,0
HM,ASRUV,23.819417,47.599119,2, ,0.0,0.0,354.0,05,1,4000,0,1,250,0,0,0,0

FINAL,T35L,35L,D,3
IF,EGLEV,23.822747,47.566164,ASL,173.4,16.9,2,4500,0,0,0,0,0,0
CF,MIREB,23.987750,47.551667,0,ASL,173.4,7.0,353.0,9.9,2,3100,0,0,0,0,2,0
CF,RW35L,24.059822,47.545322,0,ASL,173.4,2.7,353.0,4.3,1,1670,0,0,0,0,3,1
DF,ASL,24.104150,47.541411,0, ,0.0,0.0,0,0,0,0,0,0,0,1
DF,XAMPU,24.319319,47.554817,0, ,0.0,0.0,2,4000,0,0,0,0,0,0
HM,XAMPU,24.319319,47.554817,1, ,0.0,0.0,172.0,05,1,4000,0,0,0,0,0,0,0

APPTR,T35R,35R,HIMMA
IF,HIMMA,24.058639,48.038250, ,0.0,0.0,0,0,0,0,0,0,0,0
TF,ORKOT,24.064917,47.856278,0, ,0.0,0.0,0.0,0.0,2,5000,0,0,0,0,1,0
AF,CD35R,23.823139,47.578528,2,PSA,179.0,15.0,90.0,2,4500,0,0,0,0,1,0

FINAL,T35R,35R,D,3
IF,CD35R,23.823139,47.578528,PSA,179.0,15.0,2,4500,0,0,0,0,0,0
CF,JUNDI,23.973583,47.581361,0,PSA,179.0,6.0,359.0,9.0,2,3000,0,0,0,0,2,0
CF,MD35R,24.037122,47.582583,0,PSA,179.0,2.2,359.0,3.8,1,1854,0,0,0,0,3,0
CA,0,359.0,2,2060,0,0,0,0,0,0
CA,0,353.0,2,3200,0,0,0,0,0,0
VI,2, ,0.0,120.0,0,0,0,0,0,0,0,0
CF,HIMMA,24.058639,48.038250,0,PSA,90.0,25.0,90.0,18.0,1,5000,0,0,0,0,0,0

