SID,ALTA1G,15L,5
DF,DE15L,24.943972,46.722811,0, ,0.0,0.0,0,0,0,0,0,0,0,1
VA,0,132.0,2,2700,0,1,230,0,0,0
DF,EGPOM,24.901944,46.876389,0, ,0.0,0.0,2,4000,0,1,230,0,0,1
TF,OBMUM,24.953056,47.218889,0, ,0.0,0.0,0.0,0.0,2,7800,0,0,0,0,0,0
TF,KODAT,25.082778,47.293889,0, ,0.0,0.0,0.0,0.0,3,11000,0,0,0,0,0,0
TF,TAMLU,25.271944,47.403611,0, ,0.0,0.0,0.0,0.0,2,13000,0,0,0,0,0,0
TF,GOGMO,25.437778,47.378333,0, ,0.0,0.0,0.0,0.0,3,20000,0,0,0,0,0,0
TF,ALTAV,25.743889,47.331389,0, ,0.0,0.0,0.0,0.0,2,20000,0,0,0,0,0,0

SID,ALTA1H,15R,5
DF,DE15R,24.938053,46.695697,0, ,0.0,0.0,0,0,0,0,0,0,0,1
VA,0,147.0,2,3100,0,1,200,0,0,0
DF,EGPOM,24.901944,46.876389,0, ,0.0,0.0,2,4900,0,1,200,0,0,0
TF,OBMUM,24.953056,47.218889,0, ,0.0,0.0,0.0,0.0,2,8700,0,0,0,0,0,0
TF,KODAT,25.082778,47.293889,0, ,0.0,0.0,0.0,0.0,3,11000,0,0,0,0,0,0
TF,TAMLU,25.271944,47.403611,0, ,0.0,0.0,0.0,0.0,2,13000,0,0,0,0,0,0
TF,GOGMO,25.437778,47.378333,0, ,0.0,0.0,0.0,0.0,3,20000,0,0,0,0,0,0
TF,ALTAV,25.743889,47.331389,0, ,0.0,0.0,0.0,0.0,2,20000,0,0,0,0,0,0

SID,ALTA1J,33L,5
DF,DE33L,24.970944,46.674889,0, ,0.0,0.0,0,0,0,0,0,0,0,1
VA,0,312.0,2,2600,0,0,0,0,0,0
DF,ASKES,25.089194,46.545139,0, ,0.0,0.0,2,4100,0,0,0,0,0,0
TF,REEMA,25.344861,46.849417,2, ,0.0,0.0,0.0,0.0,2,8300,0,0,0,0,0,0
TF,KEBOL,25.604000,47.160528,0, ,0.0,0.0,0.0,0.0,3,20000,0,0,0,0,0,0
TF,ALTAV,25.743889,47.331389,0, ,0.0,0.0,0.0,0.0,2,20000,0,0,0,0,0,0

SID,ALTA1K,33R,5
CA,0,327.0,2,2460,0,0,0,0,0,0
DF,BOTIM,25.040556,46.683333,0, ,0.0,0.0,2,2900,0,0,0,0,0,1
TF,REEMA,25.344861,46.849417,0, ,0.0,0.0,0.0,0.0,2,7000,0,0,0,0,0,0
TF,KEBOL,25.604000,47.160528,0, ,0.0,0.0,0.0,0.0,3,20000,0,0,0,0,0,0
TF,ALTAV,25.743889,47.331389,0, ,0.0,0.0,0.0,0.0,2,20000,0,1,250,0,0,0

SID,DURM1G,15L,5
DF,DE15L,24.943972,46.722811,0, ,0.0,0.0,0,0,0,0,0,0,0,1
VA,0,132.0,2,2700,0,1,230,0,0,0
DF,NALPA,24.857222,46.817778,0, ,0.0,0.0,2,3500,0,1,230,0,0,0
TF,RUBAN,24.741111,46.850833,0, ,0.0,0.0,0.0,0.0,2,5000,0,1,230,0,0,0
TF,GEVOB,24.731389,46.565556,0, ,0.0,0.0,0.0,0.0,3,10000,0,1,230,0,0,0
TF,VAXIR,24.600000,46.330278,0, ,0.0,0.0,0.0,0.0,2,13000,0,0,0,0,0,0
TF,DURMA,24.452778,45.769444,0, ,0.0,0.0,0.0,0.0,2,18000,0,0,0,0,0,0

SID,DURM1H,15R,5
DF,DE15R,24.938053,46.695697,0, ,0.0,0.0,0,0,0,0,0,0,0,1
VA,0,147.0,2,2600,0,1,230,0,0,0
DF,LABRU,24.815278,46.838611,0, ,0.0,0.0,2,4300,0,1,230,0,0,0
TF,GEVOB,24.731389,46.565556,2, ,0.0,0.0,0.0,0.0,3,10000,0,1,230,0,0,0
TF,VAXIR,24.600000,46.330278,0, ,0.0,0.0,0.0,0.0,2,13000,0,0,0,0,0,0
TF,DURMA,24.452778,45.769444,0, ,0.0,0.0,0.0,0.0,2,18000,0,0,0,0,0,0

SID,DURM1J,33L,5
DF,DE33L,24.970944,46.674889,0, ,0.0,0.0,0,0,0,0,0,0,0,1
VA,0,312.0,2,2600,0,0,0,0,0,0
DF,MIBLU,24.824361,46.573361,1, ,0.0,0.0,2,6000,0,1,200,0,0,0
TF,KIPAP,24.693167,46.518444,0, ,0.0,0.0,0.0,0.0,4,10000,7100,0,0,0,0,0
TF,DURMA,24.452778,45.769444,0, ,0.0,0.0,0.0,0.0,2,16000,0,0,0,0,0,0

SID,DURM1K,33R,5
CA,0,327.0,2,2460,0,0,0,0,0,0
DF,BOTIM,25.040556,46.683333,0, ,0.0,0.0,2,2900,0,0,0,0,0,1
TF,MODAX,25.221944,46.644167,0, ,0.0,0.0,0.0,0.0,2,5100,0,1,250,0,0,0
TF,ORGOD,25.140278,46.523056,1, ,0.0,0.0,0.0,0.0,2,6200,0,1,230,0,0,0
TF,MIBLU,24.824361,46.573361,0, ,0.0,0.0,0.0,0.0,3,10000,0,0,0,0,0,0
TF,KIPAP,24.693167,46.518444,0, ,0.0,0.0,0.0,0.0,3,10000,0,0,0,0,0,0
TF,DURMA,24.452778,45.769444,0, ,0.0,0.0,0.0,0.0,2,20000,0,0,0,0,0,0

SID,ESRA1G,15L,5
DF,DE15L,24.943972,46.722811,0, ,0.0,0.0,0,0,0,0,0,0,0,1
VA,0,132.0,2,2700,0,1,230,0,0,0
DF,EGPOM,24.901944,46.876389,0, ,0.0,0.0,2,4000,0,1,230,0,0,1
TF,ITKUS,25.053889,46.907500,0, ,0.0,0.0,0.0,0.0,4,10000,6000,1,230,0,0,0
TF,RAMRA,25.179444,46.858056,0, ,0.0,0.0,0.0,0.0,2,7600,0,0,0,0,0,0
TF,NALNO,25.408889,46.767500,0, ,0.0,0.0,0.0,0.0,2,10500,0,0,0,0,0,0
TF,ESRAT,25.854722,47.046389,0, ,0.0,0.0,0.0,0.0,2,17000,0,0,0,0,0,0

SID,ESRA1H,15R,5
DF,DE15R,24.938053,46.695697,0, ,0.0,0.0,0,0,0,0,0,0,0,1
VA,0,147.0,2,3100,0,1,200,0,0,0
DF,EGPOM,24.901944,46.876389,0, ,0.0,0.0,2,4900,0,1,200,0,0,0
TF,ITKUS,25.053889,46.907500,0, ,0.0,0.0,0.0,0.0,4,10000,6700,0,0,0,0,0
TF,RAMRA,25.179444,46.858056,0, ,0.0,0.0,0.0,0.0,2,8300,0,1,220,0,0,0
TF,NALNO,25.408889,46.767500,0, ,0.0,0.0,0.0,0.0,2,11200,0,0,0,0,0,0
TF,ESRAT,25.854722,47.046389,0, ,0.0,0.0,0.0,0.0,2,17000,0,0,0,0,0,0

SID,ESRA1J,33L,5
DF,DE33L,24.970944,46.674889,0, ,0.0,0.0,0,0,0,0,0,0,0,1
VA,0,312.0,2,2600,0,0,0,0,0,0
DF,ASKES,25.089194,46.545139,0, ,0.0,0.0,2,4100,0,0,0,0,0,0
TF,MEKVO,25.299750,46.626694,0, ,0.0,0.0,0.0,0.0,2,6700,0,0,0,0,0,0
TF,ESRAT,25.854722,47.046389,0, ,0.0,0.0,0.0,0.0,3,20000,0,0,0,0,0,0

SID,ESRA1K,33R,5
CA,0,327.0,2,2460,0,0,0,0,0,0
DF,BOTIM,25.040556,46.683333,0, ,0.0,0.0,2,2900,0,0,0,0,0,1
TF,MEKVO,25.299750,46.626694,0, ,0.0,0.0,0.0,0.0,2,6100,0,0,0,0,0,0
TF,ESRAT,25.854722,47.046389,0, ,0.0,0.0,0.0,0.0,3,20000,0,0,0,0,0,0

SID,IVON1G,15L,5
DF,DE15L,24.943972,46.722811,0, ,0.0,0.0,0,0,0,0,0,0,0,1
VA,0,132.0,2,2700,0,1,230,0,0,0
DF,NALPA,24.857222,46.817778,0, ,0.0,0.0,2,3500,0,1,230,0,0,0
TF,RUBAN,24.741111,46.850833,0, ,0.0,0.0,0.0,0.0,2,5000,0,1,230,0,0,0
TF,GEVOB,24.731389,46.565556,0, ,0.0,0.0,0.0,0.0,3,10000,0,1,230,0,0,0
TF,VAXIR,24.600000,46.330278,0, ,0.0,0.0,0.0,0.0,2,13000,0,0,0,0,0,0
TF,LOPUX,24.775833,46.078611,0, ,0.0,0.0,0.0,0.0,2,17000,0,0,0,0,0,0
TF,IVONU,25.056389,45.675000,0, ,0.0,0.0,0.0,0.0,2,23000,0,0,0,0,0,0

SID,IVON1H,15R,5
DF,DE15R,24.938053,46.695697,0, ,0.0,0.0,0,0,0,0,0,0,0,1
VA,0,147.0,2,2600,0,1,230,0,0,0
DF,LABRU,24.815278,46.838611,0, ,0.0,0.0,2,4300,0,1,230,0,0,0
TF,GEVOB,24.731389,46.565556,2, ,0.0,0.0,0.0,0.0,3,10000,0,1,230,0,0,0
TF,VAXIR,24.600000,46.330278,0, ,0.0,0.0,0.0,0.0,2,13000,0,0,0,0,0,0
TF,LOPUX,24.775833,46.078611,0, ,0.0,0.0,0.0,0.0,2,17000,0,0,0,0,0,0
TF,IVONU,25.056389,45.675000,0, ,0.0,0.0,0.0,0.0,2,23000,0,0,0,0,0,0

SID,IVON1J,33L,5
DF,DE33L,24.970944,46.674889,0, ,0.0,0.0,0,0,0,0,0,0,0,1
VA,0,312.0,2,2600,0,0,0,0,0,0
DF,ASKES,25.089194,46.545139,0, ,0.0,0.0,2,4100,0,0,0,0,0,0
TF,ORNOL,25.104806,46.336694,0, ,0.0,0.0,0.0,0.0,3,10000,0,0,0,0,0,0
TF,EGTAK,25.110333,46.261861,0, ,0.0,0.0,0.0,0.0,3,10000,0,0,0,0,0,0
TF,ORPIN,25.099667,46.145611,0, ,0.0,0.0,0.0,0.0,3,10000,0,0,0,0,0,0
TF,IVONU,25.056389,45.675000,0, ,0.0,0.0,0.0,0.0,2,15000,0,0,0,0,0,0

SID,IVON1K,33R,5
CA,0,327.0,2,2460,0,0,0,0,0,0
DF,BOTIM,25.040556,46.683333,0, ,0.0,0.0,2,2900,0,0,0,0,0,1
TF,MODAX,25.221944,46.644167,0, ,0.0,0.0,0.0,0.0,2,5100,0,1,250,0,0,0
TF,ULBOB,25.128056,46.321944,1, ,0.0,0.0,0.0,0.0,3,10000,0,0,0,0,0,0
TF,EGTAK,25.110333,46.261861,0, ,0.0,0.0,0.0,0.0,3,10000,0,1,230,0,0,0
TF,ORPIN,25.099667,46.145611,0, ,0.0,0.0,0.0,0.0,3,10000,0,0,0,0,0,0
TF,IVONU,25.056389,45.675000,0, ,0.0,0.0,0.0,0.0,2,15000,0,0,0,0,0,0

SID,KIA1B,33L,2
VA,0,327.0,2,2460,0,0,0,0,0,0
VM,0,0,0,327.0,0,0,0,0,0,0,0,0

SID,KIA1B,33R,2
VA,0,327.0,2,2460,0,0,0,0,0,0
VM,0,0,0,327.0,0,0,0,0,0,0,0,0

SID,KOBO1G,15L,5
DF,DE15L,24.943972,46.722811,0, ,0.0,0.0,0,0,0,0,0,0,0,1
VA,0,132.0,2,2700,0,1,230,0,0,0
DF,EGPOM,24.901944,46.876389,0, ,0.0,0.0,2,4000,0,1,230,0,0,1
TF,OBMUM,24.953056,47.218889,0, ,0.0,0.0,0.0,0.0,2,7800,0,0,0,0,0,0
TF,KODAT,25.082778,47.293889,0, ,0.0,0.0,0.0,0.0,3,11000,0,0,0,0,0,0
TF,TAMLU,25.271944,47.403611,0, ,0.0,0.0,0.0,0.0,2,13000,0,0,0,0,0,0
TF,KATAV,25.195833,47.616667,0, ,0.0,0.0,0.0,0.0,3,19000,0,0,0,0,0,0
TF,KOBOX,25.121111,47.829444,0, ,0.0,0.0,0.0,0.0,3,19000,0,0,0,0,0,0

SID,KOBO1H,15R,5
DF,DE15R,24.938053,46.695697,0, ,0.0,0.0,0,0,0,0,0,0,0,1
VA,0,147.0,2,3100,0,1,200,0,0,0
DF,EGPOM,24.901944,46.876389,0, ,0.0,0.0,2,4900,0,1,200,0,0,0
TF,OBMUM,24.953056,47.218889,0, ,0.0,0.0,0.0,0.0,2,8700,0,0,0,0,0,0
TF,KODAT,25.082778,47.293889,0, ,0.0,0.0,0.0,0.0,3,11000,0,0,0,0,0,0
TF,TAMLU,25.271944,47.403611,0, ,0.0,0.0,0.0,0.0,2,13000,0,0,0,0,0,0
TF,KATAV,25.195833,47.616667,0, ,0.0,0.0,0.0,0.0,3,19000,0,0,0,0,0,0
TF,KOBOX,25.121111,47.829444,0, ,0.0,0.0,0.0,0.0,2,19000,0,0,0,0,0,0

SID,KOBO1J,33L,5
DF,DE33L,24.970944,46.674889,0, ,0.0,0.0,0,0,0,0,0,0,0,1
VA,0,312.0,2,2600,0,0,0,0,0,0
DF,ASKES,25.089194,46.545139,0, ,0.0,0.0,2,4100,0,0,0,0,0,0
TF,REEMA,25.344861,46.849417,2, ,0.0,0.0,0.0,0.0,2,8300,0,0,0,0,0,0
TF,ASNEX,25.334139,47.079000,0, ,0.0,0.0,0.0,0.0,3,19000,0,0,0,0,0,0
TF,EGNEG,25.326333,47.241167,0, ,0.0,0.0,0.0,0.0,3,19000,0,0,0,0,0,0
TF,KATAV,25.195833,47.616667,0, ,0.0,0.0,0.0,0.0,3,19000,0,0,0,0,0,0
TF,KOBOX,25.121111,47.829444,0, ,0.0,0.0,0.0,0.0,3,19000,0,0,0,0,0,0

SID,KOBO1K,33R,5
CA,0,327.0,2,2460,0,0,0,0,0,0
DF,BOTIM,25.040556,46.683333,0, ,0.0,0.0,2,2900,0,0,0,0,0,1
TF,REEMA,25.344861,46.849417,0, ,0.0,0.0,0.0,0.0,2,7000,0,0,0,0,0,0
TF,ASNEX,25.334139,47.079000,0, ,0.0,0.0,0.0,0.0,3,19000,0,0,0,0,0,0
TF,EGNEG,25.326333,47.241167,0, ,0.0,0.0,0.0,0.0,3,19000,0,1,250,0,0,0
TF,KATAV,25.195833,47.616667,0, ,0.0,0.0,0.0,0.0,3,19000,0,0,0,0,0,0
TF,KOBOX,25.121111,47.829444,0, ,0.0,0.0,0.0,0.0,3,19000,0,0,0,0,0,0

SID,METN1G,15L,5
DF,DE15L,24.943972,46.722811,0, ,0.0,0.0,0,0,0,0,0,0,0,1
VA,0,132.0,2,2700,0,1,230,0,0,0
DF,EGPOM,24.901944,46.876389,0, ,0.0,0.0,2,4000,0,1,230,0,0,1
TF,ITKUS,25.053889,46.907500,0, ,0.0,0.0,0.0,0.0,4,10000,6000,1,230,0,0,0
TF,RAMRA,25.179444,46.858056,0, ,0.0,0.0,0.0,0.0,2,7600,0,0,0,0,0,0
TF,NALNO,25.408889,46.767500,0, ,0.0,0.0,0.0,0.0,2,10500,0,0,0,0,0,0
TF,LADNO,25.504722,46.426667,0, ,0.0,0.0,0.0,0.0,3,15000,0,0,0,0,0,0
TF,METNI,25.620833,46.008611,0, ,0.0,0.0,0.0,0.0,2,19000,0,0,0,0,0,0

SID,METN1H,15R,5
DF,DE15R,24.938053,46.695697,0, ,0.0,0.0,0,0,0,0,0,0,0,1
VA,0,147.0,2,3100,0,1,200,0,0,0
DF,EGPOM,24.901944,46.876389,0, ,0.0,0.0,2,4900,0,1,200,0,0,0
TF,ITKUS,25.053889,46.907500,0, ,0.0,0.0,0.0,0.0,4,10000,6700,0,0,0,0,0
TF,RAMRA,25.179444,46.858056,0, ,0.0,0.0,0.0,0.0,2,8300,0,1,220,0,0,0
TF,NALNO,25.408889,46.767500,0, ,0.0,0.0,0.0,0.0,2,11200,0,0,0,0,0,0
TF,LADNO,25.504722,46.426667,0, ,0.0,0.0,0.0,0.0,3,15000,0,0,0,0,0,0
TF,METNI,25.620833,46.008611,0, ,0.0,0.0,0.0,0.0,2,20000,0,0,0,0,0,0

SID,METN1J,33L,5
DF,DE33L,24.970944,46.674889,0, ,0.0,0.0,0,0,0,0,0,0,0,1
VA,0,312.0,2,2600,0,0,0,0,0,0
DF,ASKES,25.089194,46.545139,0, ,0.0,0.0,2,4100,0,0,0,0,0,0
TF,SODON,25.294389,46.338861,0, ,0.0,0.0,0.0,0.0,3,15000,0,0,0,0,0,0
TF,METNI,25.620833,46.008611,0, ,0.0,0.0,0.0,0.0,3,20000,0,0,0,0,0,0

SID,METN1K,33R,5
CA,0,327.0,2,2460,0,0,0,0,0,0
DF,BOTIM,25.040556,46.683333,0, ,0.0,0.0,2,2900,0,0,0,0,0,1
TF,MODAX,25.221944,46.644167,0, ,0.0,0.0,0.0,0.0,2,5100,0,1,250,0,0,0
TF,SESBO,25.389444,46.378333,0, ,0.0,0.0,0.0,0.0,3,15000,0,0,0,0,0,0
TF,METNI,25.620833,46.008611,0, ,0.0,0.0,0.0,0.0,3,20000,0,0,0,0,0,0

SID,MUNT1G,15L,5
DF,DE15L,24.943972,46.722811,0, ,0.0,0.0,0,0,0,0,0,0,0,1
VA,0,132.0,2,2700,0,0,0,0,0,0
DF,NALPA,24.857222,46.817778,0, ,0.0,0.0,2,3500,0,0,0,0,0,0
TF,RUBAN,24.741111,46.850833,0, ,0.0,0.0,0.0,0.0,2,5000,0,0,0,0,0,0
TF,EGSOL,24.384167,46.812778,0, ,0.0,0.0,0.0,0.0,2,9300,0,0,0,0,0,0
TF,LOTOT,24.230833,46.740556,0, ,0.0,0.0,0.0,0.0,3,15000,0,0,0,0,0,0
TF,MUNTO,23.895833,46.583056,0, ,0.0,0.0,0.0,0.0,2,16000,0,0,0,0,0,0

SID,MUNT1H,15R,5
DF,DE15R,24.938053,46.695697,0, ,0.0,0.0,0,0,0,0,0,0,0,1
VA,0,147.0,2,2600,0,0,0,0,0,0
DF,LABRU,24.815278,46.838611,0, ,0.0,0.0,2,4300,0,0,0,0,0,0
TF,RUBAN,24.741111,46.850833,0, ,0.0,0.0,0.0,0.0,2,5200,0,0,0,0,0,0
TF,EGSOL,24.384167,46.812778,0, ,0.0,0.0,0.0,0.0,2,9500,0,0,0,0,0,0
TF,LOTOT,24.230833,46.740556,0, ,0.0,0.0,0.0,0.0,3,15000,0,0,0,0,0,0
TF,MUNTO,23.895833,46.583056,0, ,0.0,0.0,0.0,0.0,2,16000,0,0,0,0,0,0

SID,MUNT1J,33L,5
DF,DE33L,24.970944,46.674889,0, ,0.0,0.0,0,0,0,0,0,0,0,1
VA,0,312.0,2,2600,0,0,0,0,0,0
DF,MIBLU,24.824361,46.573361,1, ,0.0,0.0,2,6000,0,1,200,0,0,0
TF,KIPAP,24.693167,46.518444,0, ,0.0,0.0,0.0,0.0,4,10000,7100,1,200,0,0,0
TF,EGSOL,24.384167,46.812778,0, ,0.0,0.0,0.0,0.0,2,12000,0,0,0,0,0,0
TF,LOTOT,24.230833,46.740556,0, ,0.0,0.0,0.0,0.0,3,17000,0,0,0,0,0,0
TF,MUNTO,23.895833,46.583056,0, ,0.0,0.0,0.0,0.0,3,21000,0,0,0,0,0,0

SID,MUNT1K,33R,5
CA,0,327.0,2,2460,0,0,0,0,0,0
DF,BOTIM,25.040556,46.683333,0, ,0.0,0.0,2,2900,0,0,0,0,0,1
TF,MODAX,25.221944,46.644167,0, ,0.0,0.0,0.0,0.0,2,5100,0,1,250,0,0,0
TF,ORGOD,25.140278,46.523056,1, ,0.0,0.0,0.0,0.0,2,6200,0,1,230,0,0,0
TF,MIBLU,24.824361,46.573361,0, ,0.0,0.0,0.0,0.0,3,10000,0,0,0,0,0,0
TF,KIPAP,24.693167,46.518444,0, ,0.0,0.0,0.0,0.0,3,10000,0,0,0,0,0,0
TF,EGSOL,24.384167,46.812778,0, ,0.0,0.0,0.0,0.0,2,15000,0,0,0,0,0,0
TF,LOTOT,24.230833,46.740556,0, ,0.0,0.0,0.0,0.0,3,17000,0,0,0,0,0,0
TF,MUNTO,23.895833,46.583056,0, ,0.0,0.0,0.0,0.0,3,20000,0,0,0,0,0,0

SID,MURL1G,15L,5
DF,DE15L,24.943972,46.722811,0, ,0.0,0.0,0,0,0,0,0,0,0,1
VA,0,132.0,2,2700,0,1,230,0,0,0
DF,EGPOM,24.901944,46.876389,0, ,0.0,0.0,2,4000,0,1,230,0,0,1
TF,ITKUS,25.053889,46.907500,0, ,0.0,0.0,0.0,0.0,4,10000,6000,1,230,0,0,0
TF,RAMRA,25.179444,46.858056,0, ,0.0,0.0,0.0,0.0,2,7600,0,0,0,0,0,0
TF,NALNO,25.408889,46.767500,0, ,0.0,0.0,0.0,0.0,2,10500,0,0,0,0,0,0
TF,MURLU,25.876111,46.582222,0, ,0.0,0.0,0.0,0.0,2,16000,0,0,0,0,0,0

SID,MURL1H,15R,5
DF,DE15R,24.938053,46.695697,0, ,0.0,0.0,0,0,0,0,0,0,0,1
VA,0,147.0,2,3100,0,1,200,0,0,0
DF,EGPOM,24.901944,46.876389,0, ,0.0,0.0,2,4900,0,1,200,0,0,0
TF,ITKUS,25.053889,46.907500,0, ,0.0,0.0,0.0,0.0,4,10000,6700,0,0,0,0,0
TF,RAMRA,25.179444,46.858056,0, ,0.0,0.0,0.0,0.0,2,8300,0,1,220,0,0,0
TF,NALNO,25.408889,46.767500,0, ,0.0,0.0,0.0,0.0,2,11200,0,0,0,0,0,0
TF,MURLU,25.876111,46.582222,0, ,0.0,0.0,0.0,0.0,2,17000,0,0,0,0,0,0

SID,MURL1J,33L,5
DF,DE33L,24.970944,46.674889,0, ,0.0,0.0,0,0,0,0,0,0,0,1
VA,0,312.0,2,2600,0,0,0,0,0,0
DF,ASKES,25.089194,46.545139,0, ,0.0,0.0,2,4100,0,0,0,0,0,0
TF,MEKVO,25.299750,46.626694,0, ,0.0,0.0,0.0,0.0,2,6700,0,0,0,0,0,0
TF,MURLU,25.876111,46.582222,0, ,0.0,0.0,0.0,0.0,3,21000,0,0,0,0,0,0

SID,MURL1K,33R,5
CA,0,327.0,2,2460,0,0,0,0,0,0
DF,BOTIM,25.040556,46.683333,0, ,0.0,0.0,2,2900,0,0,0,0,0,1
TF,MEKVO,25.299750,46.626694,0, ,0.0,0.0,0.0,0.0,2,6100,0,0,0,0,0,0
TF,MURLU,25.876111,46.582222,0, ,0.0,0.0,0.0,0.0,3,21000,0,0,0,0,0,0

SID,RESA1G,15L,5
DF,DE15L,24.943972,46.722811,0, ,0.0,0.0,0,0,0,0,0,0,0,1
VA,0,132.0,2,2700,0,0,0,0,0,0
DF,NALPA,24.857222,46.817778,0, ,0.0,0.0,2,3500,0,0,0,0,0,0
TF,RUBAN,24.741111,46.850833,0, ,0.0,0.0,0.0,0.0,2,5000,0,0,0,0,0,0
TF,EGSOL,24.384167,46.812778,0, ,0.0,0.0,0.0,0.0,2,9300,0,0,0,0,0,0
TF,RESAL,24.113611,47.074167,0, ,0.0,0.0,0.0,0.0,2,13000,0,0,0,0,0,0

SID,RESA1H,15R,5
DF,DE15R,24.938053,46.695697,0, ,0.0,0.0,0,0,0,0,0,0,0,1
VA,0,147.0,2,2600,0,0,0,0,0,0
DF,LABRU,24.815278,46.838611,0, ,0.0,0.0,2,4300,0,0,0,0,0,0
TF,RUBAN,24.741111,46.850833,0, ,0.0,0.0,0.0,0.0,2,5200,0,0,0,0,0,0
TF,EGSOL,24.384167,46.812778,0, ,0.0,0.0,0.0,0.0,2,9500,0,0,0,0,0,0
TF,RESAL,24.113611,47.074167,0, ,0.0,0.0,0.0,0.0,2,13000,0,0,0,0,0,0

SID,RESA1J,33L,5
DF,DE33L,24.970944,46.674889,0, ,0.0,0.0,0,0,0,0,0,0,0,1
VA,0,312.0,2,2600,0,0,0,0,0,0
DF,MIBLU,24.824361,46.573361,1, ,0.0,0.0,2,6000,0,1,200,0,0,0
TF,KIPAP,24.693167,46.518444,0, ,0.0,0.0,0.0,0.0,4,10000,7100,1,200,0,0,0
TF,EGSOL,24.384167,46.812778,0, ,0.0,0.0,0.0,0.0,2,12000,0,0,0,0,0,0
TF,RESAL,24.113611,47.074167,0, ,0.0,0.0,0.0,0.0,3,20000,0,0,0,0,0,0

SID,RESA1K,33R,5
CA,0,327.0,2,2460,0,0,0,0,0,0
DF,BOTIM,25.040556,46.683333,0, ,0.0,0.0,2,2900,0,0,0,0,0,1
TF,MODAX,25.221944,46.644167,0, ,0.0,0.0,0.0,0.0,2,5100,0,1,250,0,0,0
TF,ORGOD,25.140278,46.523056,1, ,0.0,0.0,0.0,0.0,2,6200,0,1,230,0,0,0
TF,MIBLU,24.824361,46.573361,0, ,0.0,0.0,0.0,0.0,3,10000,0,0,0,0,0,0
TF,KIPAP,24.693167,46.518444,0, ,0.0,0.0,0.0,0.0,3,10000,0,0,0,0,0,0
TF,EGSOL,24.384167,46.812778,0, ,0.0,0.0,0.0,0.0,2,15000,0,0,0,0,0,0
TF,RESAL,24.113611,47.074167,0, ,0.0,0.0,0.0,0.0,3,21000,0,0,0,0,0,0

SID,TAKT1G,15L,5
DF,DE15L,24.943972,46.722811,0, ,0.0,0.0,0,0,0,0,0,0,0,1
VA,0,132.0,2,2700,0,1,230,0,0,0
DF,EGPOM,24.901944,46.876389,0, ,0.0,0.0,2,4000,0,1,230,0,0,1
TF,OBMUM,24.953056,47.218889,0, ,0.0,0.0,0.0,0.0,2,7800,0,0,0,0,0,0
TF,KODAT,25.082778,47.293889,0, ,0.0,0.0,0.0,0.0,3,11000,0,0,0,0,0,0
TF,TAMLU,25.271944,47.403611,0, ,0.0,0.0,0.0,0.0,2,13000,0,0,0,0,0,0
TF,TAKTI,25.364722,47.727778,0, ,0.0,0.0,0.0,0.0,2,17000,0,0,0,0,0,0

SID,TAKT1H,15R,5
DF,DE15R,24.938053,46.695697,0, ,0.0,0.0,0,0,0,0,0,0,0,1
VA,0,147.0,2,3100,0,1,200,0,0,0
DF,EGPOM,24.901944,46.876389,0, ,0.0,0.0,2,4900,0,1,200,0,0,0
TF,OBMUM,24.953056,47.218889,0, ,0.0,0.0,0.0,0.0,2,8700,0,0,0,0,0,0
TF,KODAT,25.082778,47.293889,0, ,0.0,0.0,0.0,0.0,3,11000,0,0,0,0,0,0
TF,TAMLU,25.271944,47.403611,0, ,0.0,0.0,0.0,0.0,2,13000,0,0,0,0,0,0
TF,TAKTI,25.364722,47.727778,0, ,0.0,0.0,0.0,0.0,2,17000,0,0,0,0,0,0

SID,TAKT1J,33L,5
DF,DE33L,24.970944,46.674889,0, ,0.0,0.0,0,0,0,0,0,0,0,1
VA,0,312.0,2,2600,0,0,0,0,0,0
DF,ASKES,25.089194,46.545139,0, ,0.0,0.0,2,4100,0,0,0,0,0,0
TF,REEMA,25.344861,46.849417,2, ,0.0,0.0,0.0,0.0,2,8300,0,0,0,0,0,0
TF,ASNEX,25.334139,47.079000,0, ,0.0,0.0,0.0,0.0,3,19000,0,0,0,0,0,0
TF,EGNEG,25.326333,47.241167,0, ,0.0,0.0,0.0,0.0,3,19000,0,0,0,0,0,0
TF,TAKTI,25.364722,47.727778,0, ,0.0,0.0,0.0,0.0,3,19000,0,0,0,0,0,0

SID,TAKT1K,33R,5
CA,0,327.0,2,2460,0,0,0,0,0,0
DF,BOTIM,25.040556,46.683333,0, ,0.0,0.0,2,2900,0,0,0,0,0,1
TF,REEMA,25.344861,46.849417,0, ,0.0,0.0,0.0,0.0,2,7000,0,0,0,0,0,0
TF,ASNEX,25.334139,47.079000,0, ,0.0,0.0,0.0,0.0,3,19000,0,0,0,0,0,0
TF,EGNEG,25.326333,47.241167,0, ,0.0,0.0,0.0,0.0,3,19000,0,1,250,0,0,0
TF,TAKTI,25.364722,47.727778,0, ,0.0,0.0,0.0,0.0,3,19000,0,0,0,0,0,0

STAR,ESRA1A,ALL,5
IF,ESRAT,25.854722,47.046389, ,0.0,0.0,2,21000,0,0,0,0,0,0
TF,NAGER,25.353056,47.274167,0, ,0.0,0.0,0.0,0.0,2,20000,0,0,0,0,0,0
TF,ITKUS,25.053889,46.907500,0, ,0.0,0.0,0.0,0.0,2,12000,0,0,0,0,0,0

STAR,ETBA1A,ALL,5
IF,ETBAS,25.580833,47.555000, ,0.0,0.0,2,22000,0,0,0,0,0,0
TF,NAGER,25.353056,47.274167,0, ,0.0,0.0,0.0,0.0,2,20000,0,0,0,0,0,0
TF,ITKUS,25.053889,46.907500,0, ,0.0,0.0,0.0,0.0,2,12000,0,0,0,0,0,0

STAR,KAVU1A,ALL,5
IF,KAVUR,24.712778,45.676667, ,0.0,0.0,2,21000,0,0,0,0,0,0
TF,LOPUX,24.775833,46.078611,0, ,0.0,0.0,0.0,0.0,3,16000,0,0,0,0,0,0
TF,BOSEB,24.841111,46.503056,0, ,0.0,0.0,0.0,0.0,2,11000,0,0,0,0,0,0

STAR,KOBO1A,ALL,5
IF,KOBOX,25.121111,47.829444, ,0.0,0.0,2,22000,0,0,0,0,0,0
TF,TALBU,25.101667,47.554722,0, ,0.0,0.0,0.0,0.0,2,20000,0,0,0,0,0,0
TF,ITKUS,25.053889,46.907500,0, ,0.0,0.0,0.0,0.0,2,12000,0,0,0,0,0,0

STAR,KUNE1A,ALL,5
IF,KUNEK,25.357222,45.786667, ,0.0,0.0,2,21000,0,0,0,0,0,0
TF,BOSEB,24.841111,46.503056,0, ,0.0,0.0,0.0,0.0,2,11000,0,0,0,0,0,0

STAR,METN1A,ALL,5
IF,METNI,25.620833,46.008611, ,0.0,0.0,2,21000,0,0,0,0,0,0
TF,BUBOX,25.178056,46.290556,0, ,0.0,0.0,0.0,0.0,2,16000,0,0,0,0,0,0
TF,BOSEB,24.841111,46.503056,0, ,0.0,0.0,0.0,0.0,2,11000,0,0,0,0,0,0

STAR,MUNT1A,ALL,5
IF,MUNTO,23.895833,46.583056, ,0.0,0.0,2,22000,0,0,0,0,0,0
TF,DEBAT,24.309444,46.515556,0, ,0.0,0.0,0.0,0.0,2,16000,0,0,0,0,0,0
TF,ALSUB,24.558056,46.475000,0, ,0.0,0.0,0.0,0.0,3,13000,0,0,0,0,0,0
TF,MELMU,24.680833,46.583333,0, ,0.0,0.0,0.0,0.0,2,12000,0,0,0,0,0,0
TF,BOSEB,24.841111,46.503056,0, ,0.0,0.0,0.0,0.0,2,11000,0,0,0,0,0,0

STAR,MURL1A,ALL,5
IF,MURLU,25.876111,46.582222, ,0.0,0.0,2,22000,0,0,0,0,0,0
TF,BUBOX,25.178056,46.290556,0, ,0.0,0.0,0.0,0.0,2,16000,0,0,0,0,0,0
TF,BOSEB,24.841111,46.503056,0, ,0.0,0.0,0.0,0.0,2,11000,0,0,0,0,0,0

STAR,RESA1A,ALL,5
IF,RESAL,24.113611,47.074167, ,0.0,0.0,2,22000,0,0,0,0,0,0
TF,LOTOT,24.230833,46.740556,0, ,0.0,0.0,0.0,0.0,2,18000,0,0,0,0,0,0
TF,DEBAT,24.309444,46.515556,0, ,0.0,0.0,0.0,0.0,2,16000,0,0,0,0,0,0
TF,ALSUB,24.558056,46.475000,0, ,0.0,0.0,0.0,0.0,3,13000,0,0,0,0,0,0
TF,MELMU,24.680833,46.583333,0, ,0.0,0.0,0.0,0.0,2,12000,0,0,0,0,0,0
TF,BOSEB,24.841111,46.503056,0, ,0.0,0.0,0.0,0.0,2,11000,0,0,0,0,0,0

STAR,TAKT1A,ALL,5
IF,TAKTI,25.364722,47.727778, ,0.0,0.0,2,20000,0,0,0,0,0,0
TF,TALBU,25.101667,47.554722,0, ,0.0,0.0,0.0,0.0,2,20000,0,0,0,0,0,0
TF,ITKUS,25.053889,46.907500,0, ,0.0,0.0,0.0,0.0,2,12000,0,0,0,0,0,0

STAR,TEVO1A,ALL,5
IF,TEVOG,24.103333,46.073333, ,0.0,0.0,2,21000,0,0,0,0,0,0
TF,ALSUB,24.558056,46.475000,0, ,0.0,0.0,0.0,0.0,3,13000,0,0,0,0,0,0
TF,MELMU,24.680833,46.583333,0, ,0.0,0.0,0.0,0.0,2,12000,0,0,0,0,0,0
TF,BOSEB,24.841111,46.503056,0, ,0.0,0.0,0.0,0.0,2,11000,0,0,0,0,0,0

APPTR,D15L,15L,ELITI
IF,ELITI,25.209028,46.854583, ,0.0,0.0,2,11000,0,0,0,0,1,0
AF,RK412,25.175667,46.575889,1,KIA,327.0,20.0,12.0,2,6000,0,0,0,0,1,0

APPTR,D15L,15L,LABDI
IF,LABDI,25.043861,46.436000, ,0.0,0.0,2,7500,0,0,0,0,1,0
AF,RK412,25.175667,46.575889,2,KIA,327.0,20.0,295.0,2,6000,0,0,0,0,1,0

APPTR,D15L,15L,OBTIK
IF,OBTIK,25.118139,47.023583, ,0.0,0.0,2,11000,0,0,0,0,1,0
AF,ELITI,25.209028,46.854583,1,KIA,12.0,20.0,43.0,2,11000,0,0,0,0,0,0
AF,RK412,25.175667,46.575889,1,KIA,327.0,20.0,12.0,2,6000,0,0,0,0,1,0

APPTR,D15L,15L,RESUB
IF,RESUB,24.829167,46.398222, ,0.0,0.0,2,11000,0,0,0,0,1,0
AF,LABDI,25.043861,46.436000,2,KIA,295.2,20.0,257.0,2,7500,0,0,0,0,0,0
AF,RK412,25.175667,46.575889,2,KIA,327.0,20.0,295.0,2,6000,0,0,0,0,1,0

APPTR,D15L,15L,SISOT
IF,SISOT,24.965306,47.115667, ,0.0,0.0,2,11000,0,0,0,0,1,0
AF,ELITI,25.209028,46.854583,1,KIA,12.0,20.0,73.0,2,11000,0,0,0,0,0,0
AF,RK412,25.175667,46.575889,1,KIA,327.0,20.0,12.0,2,6000,0,0,0,0,1,0

FINAL,D15L,15L,D,3
IF,RK412,25.175667,46.575889,KIA,327.0,20.0,2,6000,0,0,0,0,0,0
CF,RK410,25.088806,46.631028,0,KIA,327.0,14.0,147.0,6.0,2,4600,0,0,0,0,2,0
CF,RW15L,24.976858,46.702014,0,KIA,327.1,6.3,147.0,7.7,1,2087,0,0,0,0,3,0
VD, ,0,0,0,KIA,0.0,0.0,147.0,2.0,2,3000,0,0,0,0,0,0
CF,LOPAK,25.161083,47.112000,1,KIA,46.4,25.3,46.0,24.0,1,7000,0,0,0,0,0,0
HM,LOPAK,25.161083,47.112000,2, ,0.0,0.0,226.0,04.3,2,7000,0,1,230,0,0,0,0

APPTR,D15R,15R,ELITI
IF,ELITI,25.209028,46.854583, ,0.0,0.0,2,11000,0,0,0,0,1,0
AF,IF15R,25.138167,46.518306,1,KIA,316.0,20.0,12.0,2,6000,0,0,0,0,1,0

APPTR,D15R,15R,LABDI
IF,LABDI,25.043861,46.436000, ,0.0,0.0,2,7500,0,0,0,0,1,0
AF,IF15R,25.138167,46.518306,2,KIA,316.0,20.0,295.0,2,6000,0,0,0,0,1,0

APPTR,D15R,15R,OBTIK
IF,OBTIK,25.118139,47.023583, ,0.0,0.0,2,11000,0,0,0,0,1,0
AF,ELITI,25.209028,46.854583,1,KIA,12.0,20.0,43.0,2,11000,0,0,0,0,0,0
AF,IF15R,25.138167,46.518306,1,KIA,316.0,20.0,12.0,2,6000,0,0,0,0,1,0

APPTR,D15R,15R,RESUB
IF,RESUB,24.829167,46.398222, ,0.0,0.0,2,11000,0,0,0,0,1,0
AF,LABDI,25.043861,46.436000,2,KIA,295.2,20.0,257.0,2,7500,0,0,0,0,0,0
AF,IF15R,25.138167,46.518306,2,KIA,316.0,20.0,295.0,2,6000,0,0,0,0,1,0

APPTR,D15R,15R,SISOT
IF,SISOT,24.965306,47.115667, ,0.0,0.0,2,11000,0,0,0,0,1,0
AF,ELITI,25.209028,46.854583,1,KIA,12.0,20.0,73.0,2,11000,0,0,0,0,0,0
AF,IF15R,25.138167,46.518306,1,KIA,316.0,20.0,12.0,2,6000,0,0,0,0,1,0

FINAL,D15R,15R,D,3
IF,IF15R,25.138167,46.518306,KIA,316.0,20.0,2,6000,0,0,0,0,0,0
CF,FA15R,25.035389,46.616806,0,KIA,316.0,11.8,136.0,8.2,2,3700,0,0,0,0,2,0
CF,MD15R,24.972361,46.677083,0,KIA,316.0,6.8,136.0,5.0,1,2100,0,0,0,0,3,0
FD,MD15R,24.972361,46.677083,0,KIA,316.0,2.0,136.0,2.0,0,0,0,1,210,0,0,0
CF,LOPAK,25.161083,47.112000,1,KIA,46.4,25.3,46.0,25.0,1,7000,0,0,0,0,0,0
HM,LOPAK,25.161083,47.112000,2, ,0.0,0.0,226.0,04.3,2,7000,0,0,0,0,0,0,0

APPTR,D33R,33R,RESUB
IF,RESUB,24.829167,46.398222, ,0.0,0.0,2,11000,0,0,0,0,1,0
TF,MEGTO,24.863417,46.614889,0, ,0.0,0.0,0.0,0.0,2,9000,0,0,0,0,0,0
AF,TP44W,24.756806,46.721694,1,KIA,191.9,8.0,257.0,2,6000,0,0,0,0,0,0
AF,RA008,24.770139,46.832528,1,KIA,147.1,8.0,192.0,2,5500,0,0,0,0,1,0

APPTR,D33R,33R,SISOT
IF,SISOT,24.965306,47.115667, ,0.0,0.0,2,11000,0,0,0,0,1,0
TF,PASAL,24.917889,46.901833,0, ,0.0,0.0,0.0,0.0,2,8000,0,0,0,0,0,0
AF,RA008,24.770139,46.832528,2,KIA,147.1,8.0,73.0,2,5500,0,0,0,0,1,0

FINAL,D33R,33R,D,3
IF,RA008,24.770139,46.832528,KIA,147.1,8.0,2,5500,0,0,0,0,0,0
CF,RK808,24.857111,46.777667,0,KIA,147.1,2.0,327.0,6.0,2,4000,0,0,0,0,2,0
CF,RW33R,24.943972,46.722811,0,KIA,327.1,4.0,327.0,6.0,1,2066,0,0,0,0,3,0
FD,RW33R,24.943972,46.722811,0,KIA,327.1,8.0,327.0,8.0,0,0,0,0,0,0,0,0
AF,MATF3,24.973194,46.870778,2,KIA,46.4,8.0,327.0,2,4600,0,0,0,0,0,0
CF,LOPAK,25.161083,47.112000,0,KIA,46.4,25.3,46.0,17.3,1,7000,0,0,0,0,0,0
HM,LOPAK,25.161083,47.112000,2, ,0.0,0.0,226.0,04.3,2,7000,0,1,230,0,0,0,0

APPTR,I15L,15L,ELITI
IF,ELITI,25.209028,46.854583, ,0.0,0.0,2,11000,0,0,0,0,1,0
AF,D333T,25.191450,46.609917,1,KIA,333.0,20.0,12.0,2,6000,0,0,0,0,0,0
VI,0,IELF,0.0,177.0,0,0,0,0,0,0,0,0

APPTR,I15L,15L,LABDI
IF,LABDI,25.043861,46.436000, ,0.0,0.0,2,7500,0,0,0,0,1,0
AF,D321T,25.156417,46.543444,2,KIA,321.0,20.0,295.0,2,6000,0,0,0,0,0,0
VI,0,IELF,0.0,117.0,0,0,0,0,0,0,0,0

APPTR,I15L,15L,OBTIK
IF,OBTIK,25.118139,47.023583, ,0.0,0.0,2,11000,0,0,0,0,1,0
AF,ELITI,25.209028,46.854583,1,KIA,12.0,20.0,43.0,2,11000,0,0,0,0,0,0
AF,D333T,25.191450,46.609917,1,KIA,333.0,20.0,12.0,2,6000,0,0,0,0,0,0
VI,0,IELF,0.0,177.0,0,0,0,0,0,0,0,0

APPTR,I15L,15L,RESUB
IF,RESUB,24.829167,46.398222, ,0.0,0.0,2,11000,0,0,0,0,1,0
AF,LABDI,25.043861,46.436000,2,KIA,295.2,20.0,257.0,2,7500,0,0,0,0,0,0
AF,D321T,25.156417,46.543444,2,KIA,321.0,20.0,295.0,2,6000,0,0,0,0,0,0
VI,0,IELF,0.0,117.0,0,0,0,0,0,0,0,0

APPTR,I15L,15L,SISOT
IF,SISOT,24.965306,47.115667, ,0.0,0.0,2,11000,0,0,0,0,1,0
AF,ELITI,25.209028,46.854583,1,KIA,12.0,20.0,73.0,2,11000,0,0,0,0,0,0
AF,D333T,25.191450,46.609917,1,KIA,333.0,20.0,12.0,2,6000,0,0,0,0,0,0
VI,0,IELF,0.0,177.0,0,0,0,0,0,0,0,0

FINAL,I15L,15L,I,3
IF,RK412,25.175667,46.575889,IELF,327.0,16.2,2,6000,0,0,0,0,0,0
CF,RK410,25.088806,46.631028,0,IELF,327.0,10.2,147.0,6.0,1,4600,0,0,0,0,2,0
CF,RW15L,24.976858,46.702014,0,IELF,327.0,2.4,147.0,7.7,1,2092,0,0,0,0,3,0
FD,RW15L,24.976858,46.702014,0,KIA,327.1,2.0,147.0,2.0,2,2700,0,1,220,0,0,0
CF,LOPAK,25.161083,47.112000,1,KIA,46.4,25.3,46.0,25.0,1,7000,0,0,0,0,0,0
HM,LOPAK,25.161083,47.112000,2, ,0.0,0.0,226.0,04.3,2,7000,0,1,230,0,0,0,0

APPTR,I15R,15R,ELITI
IF,ELITI,25.209028,46.854583, ,0.0,0.0,2,11000,0,0,0,0,1,0
AF,D329T,25.181194,46.586878,1,KIA,329.0,20.0,12.0,2,6000,0,0,0,0,0,0
VI,0,ITIH,0.0,177.0,0,0,0,0,0,0,0,0

APPTR,I15R,15R,LABDI
IF,LABDI,25.043861,46.436000, ,0.0,0.0,2,7500,0,0,0,0,1,0
AF,D316T,25.138219,46.518397,2,KIA,316.0,20.0,295.0,2,6000,0,0,0,0,0,0
VI,0,ITIH,0.0,117.0,0,0,0,0,0,0,0,0

APPTR,I15R,15R,OBTIK
IF,OBTIK,25.118139,47.023583, ,0.0,0.0,2,11000,0,0,0,0,1,0
AF,ELITI,25.209028,46.854583,1,KIA,12.0,20.0,43.0,2,11000,0,0,0,0,0,0
AF,D329T,25.181194,46.586878,1,KIA,329.0,20.0,12.0,2,6000,0,0,0,0,0,0
VI,0,ITIH,0.0,177.0,0,0,0,0,0,0,0,0

APPTR,I15R,15R,RESUB
IF,RESUB,24.829167,46.398222, ,0.0,0.0,2,11000,0,0,0,0,1,0
AF,LABDI,25.043861,46.436000,2,KIA,294.8,20.0,257.0,2,7500,0,0,0,0,0,0
AF,D316T,25.138219,46.518397,2,KIA,316.0,20.0,295.0,2,6000,0,0,0,0,0,0
VI,0,ITIH,0.0,117.0,0,0,0,0,0,0,0,0

APPTR,I15R,15R,SISOT
IF,SISOT,24.965306,47.115667, ,0.0,0.0,2,11000,0,0,0,0,1,0
AF,ELITI,25.209028,46.854583,1,KIA,12.0,20.0,73.0,2,11000,0,0,0,0,0,0
AF,D329T,25.181194,46.586878,1,KIA,329.0,20.0,12.0,2,6000,0,0,0,0,0,0
VI,0,ITIH,0.0,177.0,0,0,0,0,0,0,0,0

FINAL,I15R,15R,I,3
IF,ULEGI,25.162750,46.553306,ITIH,327.0,15.7,2,6000,0,0,0,0,0,0
CF,RK408,25.076667,46.607944,0,ITIH,327.0,9.7,147.0,5.9,1,4500,0,0,0,0,2,0
CF,RW15R,24.970944,46.674889,0,ITIH,327.0,2.4,147.0,7.3,1,2108,0,0,0,0,3,0
FD,RW15R,24.970944,46.674889,0,KIA,314.8,2.0,147.0,2.0,0,0,0,1,210,0,0,0
CF,LOPAK,25.161083,47.112000,1,KIA,46.4,25.3,46.0,25.0,1,7000,0,0,0,0,0,0
HM,LOPAK,25.161083,47.112000,2, ,0.0,0.0,226.0,04.3,2,7000,0,1,230,0,0,0,0

APPTR,I33L,33L,RESUB
IF,RESUB,24.829167,46.398222, ,0.0,0.0,1,11000,0,0,0,0,1,0
TF,MEGTO,24.863417,46.614889,0, ,0.0,0.0,0.0,0.0,2,8500,0,0,0,0,0,0
AF,TP44W,24.756806,46.721694,1,KIA,191.9,8.0,257.0,2,6000,0,0,0,0,0,0
AF,D172H,24.752808,46.772156,1,KIA,172.0,8.0,192.0,0,0,0,0,0,0,0,0
VI,0,IFAT,0.0,357.0,0,0,0,0,0,0,0,0

APPTR,I33L,33L,SISOT
IF,SISOT,24.965306,47.115667, ,0.0,0.0,2,11000,0,0,0,0,1,0
TF,PASAL,24.917889,46.901833,0, ,0.0,0.0,0.0,0.0,2,8500,0,0,0,0,0,0
AF,D143H,24.775144,46.841311,2,KIA,143.0,8.0,73.0,2,5500,0,0,0,0,0,0
VI,0,IFAT,0.0,297.0,0,0,0,0,0,0,0,0

FINAL,I33L,33L,I,3
IF,SOGUK,24.758000,46.809361,IFAT,147.0,14.9,2,5500,0,0,0,0,0,0
CF,RK702,24.844944,46.754528,0,IFAT,147.0,8.9,327.0,6.0,1,4200,0,0,0,0,2,0
CF,RW33L,24.938053,46.695697,0,IFAT,147.0,2.4,327.0,6.4,1,2092,0,0,0,0,3,0
FD,RW33L,24.938053,46.695697,0,KIA,308.9,24.0,327.0,24.0,0,0,0,0,0,0,0,0
AF,MHAP4,24.817694,46.326111,1,KIA,257.3,24.0,324.0,0,0,0,0,0,0,0,0
CF,RESUB,24.829167,46.398222,0,KIA,257.3,20.0,77.0,4.0,1,11000,0,1,210,0,0,0
HM,RESUB,24.829167,46.398222,1, ,0.0,0.0,77.0,04.3,2,11000,0,1,230,0,0,0,0

APPTR,I33R,33R,RESUB
IF,RESUB,24.829167,46.398222, ,0.0,0.0,2,11000,0,0,0,0,1,0
TF,MEGTO,24.863417,46.614889,0, ,0.0,0.0,0.0,0.0,2,9000,0,0,0,0,0,0
AF,TP44W,24.756806,46.721694,1,KIA,191.9,8.0,257.0,2,6000,0,0,0,0,0,0
AF,D162H,24.756850,46.797300,1,KIA,162.0,8.0,192.0,0,0,0,0,0,0,0,0
VI,0,IKIA,0.0,357.0,0,0,0,0,0,0,0,0

APPTR,I33R,33R,SISOT
IF,SISOT,24.965306,47.115667, ,0.0,0.0,2,11000,0,0,0,0,1,0
TF,PASAL,24.917889,46.901833,0, ,0.0,0.0,0.0,0.0,2,8000,0,0,0,0,0,0
AF,D133H,24.789803,46.861167,2,KIA,133.0,8.0,73.0,2,5500,0,0,0,0,0,0
VI,0,IKIA,0.0,297.0,0,0,0,0,0,0,0,0

FINAL,I33R,33R,I,3
IF,RA008,24.770139,46.832528,IKIA,147.0,14.4,2,5500,0,0,0,0,0,0
CF,RK808,24.857111,46.777667,0,IKIA,147.0,8.4,327.0,6.0,1,4000,0,0,0,0,2,0
CF,RW33R,24.943972,46.722811,0,IKIA,147.0,2.4,327.0,6.0,1,2071,0,0,0,0,3,0
FD,RW33R,24.943972,46.722811,0,KIA,327.1,8.0,327.0,8.0,0,0,0,0,0,0,0,0
AF,MATF3,24.973194,46.870778,2,KIA,46.4,8.0,327.0,2,4300,0,0,0,0,0,0
CF,LOPAK,25.161083,47.112000,0,KIA,46.4,25.3,46.0,17.3,1,7000,0,0,0,0,0,0
HM,LOPAK,25.161083,47.112000,2, ,0.0,0.0,226.0,04.3,2,7000,0,1,230,0,0,0,0

APPTR,R15L,15L,BOS1A
IF,BOSEB,24.841111,46.503056, ,0.0,0.0,2,11000,0,0,0,0,0,0
TF,ALMUM,24.891389,46.598333,0, ,0.0,0.0,0.0,0.0,2,11000,0,0,0,0,0,0
TF,TALDI,25.113194,46.457389,0, ,0.0,0.0,0.0,0.0,2,7500,0,0,0,0,1,0
TF,RK412,25.175667,46.575889,0, ,0.0,0.0,0.0,0.0,2,6000,0,0,0,0,1,0

APPTR,R15L,15L,ITK1A
IF,ITKUS,25.053889,46.907500, ,0.0,0.0,2,12000,0,0,0,0,0,0
TF,OBSAR,25.003889,46.811944,0, ,0.0,0.0,0.0,0.0,2,12000,0,0,0,0,0,0
TF,HAZEM,25.225861,46.671333,0, ,0.0,0.0,0.0,0.0,2,7500,0,0,0,0,1,0
TF,RK412,25.175667,46.575889,0, ,0.0,0.0,0.0,0.0,2,6000,0,0,0,0,1,0

FINAL,R15L,15L,R,3
IF,RK412,25.175667,46.575889, ,0.0,0.0,2,6000,0,0,0,0,0,0
TF,RK410,25.088806,46.631028,0, ,0.0,0.0,147.0,6.0,2,4500,0,0,0,0,2,0
TF,RW15L,24.976858,46.702014,0, ,0.0,0.0,147.0,7.7,1,2087,0,0,0,0,3,1
DF,15LM1,24.904444,46.747806,0, ,0.0,0.0,2,3200,0,1,200,0,0,0
TF,EGPOM,24.901944,46.876389,0, ,0.0,0.0,0.0,0.0,2,4700,0,1,200,0,0,0
TF,DE002,24.955472,46.981500,0, ,0.0,0.0,0.0,0.0,2,6000,0,1,230,0,0,0
TF,LOPAK,25.161083,47.112000,0, ,0.0,0.0,0.0,0.0,1,8000,0,0,0,0,0,1
HM,LOPAK,25.161083,47.112000,2, ,0.0,0.0,226.0,04.3,1,8000,0,1,230,0,0,0,0

APPTR,R15R,15R,BOS1B
IF,BOSEB,24.841111,46.503056, ,0.0,0.0,2,11000,0,0,0,0,0,0
TF,ALMUM,24.891389,46.598333,0, ,0.0,0.0,0.0,0.0,2,11000,0,0,0,0,0,0
TF,TALDI,25.113194,46.457389,0, ,0.0,0.0,0.0,0.0,2,7500,0,0,0,0,1,0
TF,RK406,25.163528,46.552833,0, ,0.0,0.0,0.0,0.0,2,6000,0,0,0,0,1,0

APPTR,R15R,15R,ITK1B
IF,ITKUS,25.053889,46.907500, ,0.0,0.0,2,12000,0,0,0,0,0,0
TF,OBSAR,25.003889,46.811944,0, ,0.0,0.0,0.0,0.0,2,12000,0,0,0,0,0,0
TF,HAZEM,25.225861,46.671333,0, ,0.0,0.0,0.0,0.0,2,7500,0,0,0,0,1,0
TF,RK406,25.163528,46.552833,0, ,0.0,0.0,0.0,0.0,2,6000,0,0,0,0,1,0

FINAL,R15R,15R,R,3
IF,RK406,25.163528,46.552833, ,0.0,0.0,2,6000,0,0,0,0,0,0
TF,RK408,25.076667,46.607944,0, ,0.0,0.0,147.0,6.0,2,4400,0,0,0,0,2,0
TF,RW15R,24.970944,46.674889,0, ,0.0,0.0,147.0,7.3,1,2103,0,0,0,0,3,1
TF,RA003,24.884056,46.729833,0, ,0.0,0.0,0.0,0.0,2,3400,0,0,0,0,0,0
TF,EGPOM,24.901944,46.876389,0, ,0.0,0.0,0.0,0.0,2,5000,0,1,200,0,0,0
TF,DE002,24.955472,46.981500,0, ,0.0,0.0,0.0,0.0,2,6000,0,0,0,0,0,0
TF,LOPAK,25.161083,47.112000,0, ,0.0,0.0,0.0,0.0,1,8000,0,0,0,0,0,1
HM,LOPAK,25.161083,47.112000,2, ,0.0,0.0,226.0,04.3,1,8000,0,1,230,0,0,0,0

APPTR,R33L,33L,BOS1C
IF,BOSEB,24.841111,46.503056, ,0.0,0.0,2,11000,0,0,0,0,0,0
TF,ALMUM,24.891389,46.598333,0, ,0.0,0.0,0.0,0.0,2,11000,0,0,0,0,0,0
TF,RADOX,24.707944,46.714167,0, ,0.0,0.0,0.0,0.0,2,7500,0,0,0,0,1,0
TF,RK809,24.758000,46.809361,0, ,0.0,0.0,0.0,0.0,2,5500,0,0,0,0,1,0

APPTR,R33L,33L,ITK1C
IF,ITKUS,25.053889,46.907500, ,0.0,0.0,2,12000,0,0,0,0,0,0
TF,OBSAR,25.003889,46.811944,0, ,0.0,0.0,0.0,0.0,2,12000,0,0,0,0,0,0
TF,LOXAR,24.820139,46.927778,0, ,0.0,0.0,0.0,0.0,2,7500,0,0,0,0,1,0
TF,RK809,24.758000,46.809361,0, ,0.0,0.0,0.0,0.0,2,5500,0,0,0,0,1,0

FINAL,R33L,33L,R,3
IF,RK809,24.758000,46.809361, ,0.0,0.0,2,5500,0,0,0,0,0,0
TF,RK702,24.844944,46.754528,0, ,0.0,0.0,327.0,6.0,2,4100,0,0,0,0,2,0
TF,RW33L,24.938053,46.695697,0, ,0.0,0.0,327.0,6.4,1,2087,0,0,0,0,3,1
CF,RK446,25.218917,46.517500,0,KIA,323.6,23.9,327.0,19.4,2,5400,0,1,200,0,0,0
TF,RK802,25.151861,46.390333,0, ,0.0,0.0,0.0,0.0,2,6600,0,1,200,0,0,0
TF,BOSEB,24.841111,46.503056,0, ,0.0,0.0,0.0,0.0,1,7500,0,1,200,0,0,1
HM,BOSEB,24.841111,46.503056,1, ,0.0,0.0,77.0,04.3,1,7500,0,1,190,0,0,0,0

APPTR,R33R,33R,BOS1D
IF,BOSEB,24.841111,46.503056, ,0.0,0.0,2,11000,0,0,0,0,0,0
TF,ALMUM,24.891389,46.598333,0, ,0.0,0.0,0.0,0.0,2,11000,0,0,0,0,0,0
TF,RADOX,24.707944,46.714167,0, ,0.0,0.0,0.0,0.0,2,7500,0,0,0,0,1,0
TF,RA008,24.770139,46.832528,0, ,0.0,0.0,0.0,0.0,2,5500,0,0,0,0,1,0

APPTR,R33R,33R,ITK1D
IF,ITKUS,25.053889,46.907500, ,0.0,0.0,2,12000,0,0,0,0,0,0
TF,OBSAR,25.003889,46.811944,0, ,0.0,0.0,0.0,0.0,2,12000,0,0,0,0,0,0
TF,LOXAR,24.820139,46.927778,0, ,0.0,0.0,0.0,0.0,2,7500,0,0,0,0,1,0
TF,RA008,24.770139,46.832528,0, ,0.0,0.0,0.0,0.0,2,5500,0,0,0,0,1,0

FINAL,R33R,33R,R,3
IF,RA008,24.770139,46.832528, ,0.0,0.0,2,5500,0,0,0,0,0,0
TF,RK808,24.857111,46.777667,0, ,0.0,0.0,327.0,6.0,2,4000,0,0,0,0,2,0
TF,RW33R,24.943972,46.722811,0, ,0.0,0.0,327.0,6.0,1,2066,0,0,0,0,3,1
DF,MAT3R,25.049250,46.656139,0, ,0.0,0.0,2,3400,0,1,200,0,0,0
TF,MA3HP,25.053750,46.907444,2, ,0.0,0.0,0.0,0.0,2,5400,0,1,200,0,0,0
TF,LOPAK,25.161083,47.112000,0, ,0.0,0.0,0.0,0.0,1,8000,0,0,0,0,0,1
HM,LOPAK,25.161083,47.112000,2, ,0.0,0.0,226.0,04.3,1,8000,0,1,230,0,0,0,0

