SID,OMNI1A,15L,2
DF,DE15L,25.613914,37.098353,0, ,0.0,0.0,0,0,0,0,0,0,0,1
VA,0,145.0,2,1000,0,0,0,0,0,0
VM,0,0,0,145.0,2,5800,0,0,0,0,0,0

SID,OMNI1B,33R,2
DF,DE33R,25.642492,37.079289,0, ,0.0,0.0,0,0,0,0,0,0,0,1
VA,0,325.0,2,1000,0,0,0,0,0,0
VM,0,0,0,325.0,2,5800,0,0,0,0,0,0

APPTR,R15L,15L,DEMBI
IF,DEMBI,25.929194,36.887417, ,0.0,0.0,2,4000,0,0,0,0,1,0
TF,RS012,25.857750,36.935333,0, ,0.0,0.0,0.0,0.0,2,3000,0,0,0,0,0,0
TF,RS011,25.786278,36.983194,0, ,0.0,0.0,0.0,0.0,2,1800,0,0,0,0,1,0

APPTR,R15L,15L,KULKI
IF,KULKI,25.803889,37.245833, ,0.0,0.0,2,13000,0,0,0,0,1,0
TF,RSL15,25.838222,37.078000,0, ,0.0,0.0,0.0,0.0,2,10000,0,0,0,0,0,0
TF,RS195,25.981222,36.982278,0, ,0.0,0.0,0.0,0.0,2,6000,0,0,0,0,0,0
TF,DEMBI,25.929194,36.887417,0, ,0.0,0.0,0.0,0.0,2,4000,0,0,0,0,0,0
TF,RS012,25.857750,36.935333,0, ,0.0,0.0,0.0,0.0,2,3000,0,0,0,0,0,0
TF,RS011,25.786278,36.983194,0, ,0.0,0.0,0.0,0.0,2,1800,0,0,0,0,1,0

APPTR,R15L,15L,ORGIM
IF,ORGIM,25.395833,37.094444, ,0.0,0.0,2,11500,0,0,0,0,1,0
TF,TUGRU,25.714694,36.848833,0, ,0.0,0.0,0.0,0.0,2,5000,0,0,0,0,0,0
TF,RS011,25.786278,36.983194,2, ,0.0,0.0,0.0,0.0,2,1800,0,0,0,0,1,0

FINAL,R15L,15L,R,3
IF,RS011,25.786278,36.983194, ,0.0,0.0,2,1800,0,0,0,0,0,0
TF,LUDUR,25.714583,37.031139,0, ,0.0,0.0,145.0,5.0,1,1800,0,0,0,0,2,0
TF,RW15L,25.642492,37.079289,0, ,0.0,0.0,145.0,5.0,1,194,0,0,0,0,3,1
TF,RS880,25.528083,37.155556,0, ,0.0,0.0,0.0,0.0,0,0,0,0,0,0,0,0
TF,RS515,25.480278,37.337806,0, ,0.0,0.0,0.0,0.0,0,0,0,0,0,0,0,0
TF,OBSEG,25.654056,37.491528,0, ,0.0,0.0,0.0,0.0,1,5000,0,0,0,0,0,0
TF,RS790,25.797333,37.396444,0, ,0.0,0.0,0.0,0.0,2,5500,0,0,0,0,0,0
TF,KULKI,25.803889,37.245833,0, ,0.0,0.0,0.0,0.0,2,6500,0,0,0,0,0,0

APPTR,R33R,33R,ATBOR
IF,ATBOR,25.404944,37.237444, ,0.0,0.0,2,4000,0,0,0,0,1,0
TF,RS101,25.462194,37.199389,0, ,0.0,0.0,0.0,0.0,2,3000,0,0,0,0,1,0

APPTR,R33R,33R,KULKI
IF,KULKI,25.803889,37.245833, ,0.0,0.0,2,13000,0,0,0,0,1,0
TF,RS200,25.737361,37.166917,0, ,0.0,0.0,0.0,0.0,2,10500,0,0,0,0,0,0
TF,RSR33,25.514000,37.294028,0, ,0.0,0.0,0.0,0.0,2,5000,0,0,0,0,0,0
TF,RS101,25.462194,37.199389,0, ,0.0,0.0,0.0,0.0,2,3000,0,0,0,0,1,0

APPTR,R33R,33R,RAGNO
IF,RAGNO,25.271389,37.189722, ,0.0,0.0,2,11500,0,0,0,0,1,0
TF,ATBOR,25.404944,37.237444,0, ,0.0,0.0,0.0,0.0,2,4000,0,0,0,0,0,0
TF,RS101,25.462194,37.199389,0, ,0.0,0.0,0.0,0.0,2,3000,0,0,0,0,1,0

FINAL,R33R,33R,R,3
IF,RS101,25.462194,37.199389, ,0.0,0.0,2,3000,0,0,0,0,0,0
TF,MEPLA,25.533750,37.151778,0, ,0.0,0.0,325.0,5.0,1,2000,0,0,0,0,2,0
TF,RW33R,25.613914,37.098353,0, ,0.0,0.0,325.0,5.6,1,214,0,0,0,0,3,1
VA,0,325.0,2,900,0,1,210,0,0,0
DF,RS200,25.737361,37.166917,2, ,0.0,0.0,0,0,0,1,210,0,0,0
TF,RS700,25.730667,37.340417,0, ,0.0,0.0,0.0,0.0,0,0,0,1,210,0,0,0
TF,SITEV,25.607222,37.460556,0, ,0.0,0.0,0.0,0.0,1,4000,0,1,210,0,0,0
TF,RS316,25.379417,37.404778,0, ,0.0,0.0,0.0,0.0,1,4000,0,1,210,0,0,0
TF,ATBOR,25.404944,37.237444,0, ,0.0,0.0,0.0,0.0,2,4000,0,1,210,0,0,0

