SID,IMKE2A,28,2
CA,0,283.0,2,340,0,0,0,0,0,0
FA,NSR,36.659806,51.468056,0,TRN,0.0,0.0,290.0,2,2500,0,0,0,0,0,0
DF,NSR,36.659806,51.468056,2, ,0.0,0.0,2,5000,0,0,0,0,0,0
TF,IMKER,36.660556,51.877500,0, ,0.0,0.0,0.0,0.0,2,10000,0,0,0,0,0,0

SID,IMKE2B,10,2
CA,0,103.0,2,340,0,0,0,0,0,0
CD, ,0,0,0,NSR,0,0.0,70.0,10.0,1,3000,0,0,0,0,0,0
VI,0, ,0.0,116.0,0,0,0,0,0,0,0,0
CF,IMKER,36.660556,51.877500,0,TRN,21.4,64.5,86.0,6.0,2,10000,0,0,0,0,0,0

STAR,DANE1N,ALL,2
IF,DANEB,36.333611,51.402222, ,0.0,0.0,0,0,0,0,0,0,0,0
TF,D185J,36.495086,51.434739,0, ,0.0,0.0,0.0,0.0,0,0,0,0,0,0,0,0
TF,NSR,36.659806,51.468056,0, ,0.0,0.0,0.0,0.0,0,0,0,0,0,0,0,0

STAR,DANE1P,10,2
IF,DANEB,36.333611,51.402222, ,0.0,0.0,0,0,0,0,0,0,0,0
TF,D185J,36.495086,51.434739,0, ,0.0,0.0,0.0,0.0,0,0,0,0,0,0,0,0
TF,NSR,36.659806,51.468056,0, ,0.0,0.0,0.0,0.0,0,0,0,0,0,0,0,0
TF,D291Q,36.783753,51.151036,0, ,0.0,0.0,0.0,0.0,0,0,0,0,0,0,0,0

STAR,IMKE1N,ALL,2
IF,IMKER,36.660556,51.877500, ,0.0,0.0,0,0,0,0,0,0,0,0
TF,NSR,36.659806,51.468056,0, ,0.0,0.0,0.0,0.0,0,0,0,0,0,0,0,0

STAR,IMKE1P,10,2
IF,IMKER,36.660556,51.877500, ,0.0,0.0,0,0,0,0,0,0,0,0
TF,NSR,36.659806,51.468056,0, ,0.0,0.0,0.0,0.0,0,0,0,0,0,0,0,0
TF,D291Q,36.783753,51.151036,0, ,0.0,0.0,0.0,0.0,0,0,0,0,0,0,0,0

