SID,ELOK2A,34,2
CA,0,344.0,2,1980,0,0,0,0,0,0
VI,1, ,0.0,250.0,0,0,0,0,0,0,0,0
IF,ZAL,31.097694,61.539889, ,0.0,0.0,0,0,0,0,0,0,0,0
TF,ELOKA,31.390278,59.989444,0, ,0.0,0.0,0.0,0.0,0,0,0,0,0,0,0,0

SID,ELOK2B,16,2
CA,0,164.0,2,1980,0,0,0,0,0,0
VI,2, ,0.0,310.0,0,0,0,0,0,0,0,0
IF,ZAL,31.097694,61.539889, ,0.0,0.0,0,0,0,0,0,0,0,0
TF,ELOKA,31.390278,59.989444,0, ,0.0,0.0,0.0,0.0,0,0,0,0,0,0,0,0

SID,ELOK2C,34,2
CA,0,344.0,2,1980,0,0,0,0,0,0
VI,1, ,0.0,250.0,0,0,0,0,0,0,0,0
IF,ZAL,31.095528,61.541889, ,0.0,0.0,0,0,0,0,0,0,0,0
TF,ELOKA,31.390278,59.989444,0, ,0.0,0.0,0.0,0.0,0,0,0,0,0,0,0,0

SID,ELOK2D,16,2
CA,0,164.0,2,1980,0,0,0,0,0,0
VI,2, ,0.0,310.0,0,0,0,0,0,0,0,0
IF,ZAL,31.095528,61.541889, ,0.0,0.0,0,0,0,0,0,0,0,0
TF,ELOKA,31.390278,59.989444,0, ,0.0,0.0,0.0,0.0,0,0,0,0,0,0,0,0

STAR,ELOK1N,ALL,2
IF,ELOKA,31.390278,59.989444, ,0.0,0.0,0,0,0,0,0,0,0,0
TF,ZAL35,31.223972,60.878642,0, ,0.0,0.0,0.0,0.0,0,0,0,0,0,0,0,0
TF,ZAL,31.095528,61.541889,0, ,0.0,0.0,0.0,0.0,0,0,0,0,0,0,0,0

STAR,ELOK1P,34,2
IF,ELOKA,31.390278,59.989444, ,0.0,0.0,0,0,0,0,0,0,0,0
TF,ZA35A,31.102967,60.862575,0, ,0.0,0.0,0.0,0.0,0,0,0,0,0,0,0,0
TF,D200L,30.909639,61.454797,0, ,0.0,0.0,0.0,0.0,0,0,0,0,0,0,0,0

STAR,ELOK1Q,16,2
IF,ELOKA,31.390278,59.989444, ,0.0,0.0,0,0,0,0,0,0,0,0
TF,ZA35B,31.281242,60.897192,0, ,0.0,0.0,0.0,0.0,0,0,0,0,0,0,0,0
TF,D310L,31.229536,61.368539,0, ,0.0,0.0,0.0,0.0,0,0,0,0,0,0,0,0

APPTR,D16,16,D310L
IF,D310L,31.229536,61.368539, ,0.0,0.0,2,4000,0,0,0,0,1,0
CI,0, ,0.0,130.0,0,0,0,0,0,0,0,0
AF,D340K,31.270261,61.475783,2,ZAL,340.0,11.0,310.0,2,2900,0,0,0,0,0,0
CF,FD16,31.194775,61.525661,0,ZAL,350.0,6.0,170.0,5.0,2,2900,0,0,0,0,0,0

FINAL,D16,16,D,2
IF,FD16,31.194775,61.525661,ZAL,350.0,6.0,2,2900,0,0,0,0,2,0
CF,MD16,31.120339,61.537833,0,ZAL,350.0,1.5,170.0,4.5,1,1815,0,0,0,0,3,0
CF,ZAL,31.095528,61.541889,0,ZAL,0.0,0.0,170.0,1.5,2,1980,0,0,0,0,0,0
VI,2, ,0.0,340.0,0,0,0,0,0,0,0,0
CF,D310L,31.229536,61.368539,0,ZAL,310.0,12.0,310.0,6.0,1,4000,0,0,0,0,0,0
HM,D310L,31.229536,61.368539,2, ,0.0,0.0,130.0,04.3,0,0,0,1,210,0,0,0,0

APPTR,D34,34,D200L
IF,D200L,30.909639,61.454797, ,0.0,0.0,0,0,0,0,0,0,1,0
CI,0, ,0.0,20.0,0,0,0,0,0,0,0,0
AF,CD34,30.920753,61.607750,1,ZAL,160.0,11.0,200.0,2,2900,0,0,0,0,1,0

FINAL,D34,34,D,3
IF,CD34,30.920753,61.607750,ZAL,160.0,11.0,2,2900,0,0,0,0,0,0
CF,FD34,31.000200,61.577842,0,ZAL,160.0,6.0,340.0,5.0,2,2900,0,0,0,0,2,0
CF,MD34,31.071697,61.550883,0,ZAL,160.0,1.5,340.0,4.5,1,1861,0,0,0,0,3,0
CF,ZAL,31.095528,61.541889,0,ZAL,0.0,0.0,340.0,1.5,0,0,0,0,0,0,0,0
VI,1, ,0.0,170.0,0,0,0,0,0,0,0,0
CF,D200L,30.909639,61.454797,0,ZAL,200.0,12.0,200.0,6.0,1,4000,0,0,0,0,0,0
HM,D200L,30.909639,61.454797,2, ,0.0,0.0,20.0,04.3,0,0,0,1,210,0,0,0,0

APPTR,N34,34,ZAL1
IF,ZAL,31.097694,61.539889, ,0.0,0.0,2,3500,0,0,0,0,1,0
FC,ZAL,31.097694,61.539889,0,ZAL,0.0,0.0,130.0,4.6,1,2500,0,1,185,0,0,1
CF,FN34,31.020650,61.572444,2,ZAL,158.6,4.8,338.0,1.0,1,2500,0,0,0,0,0,0

APPTR,N34,34,ZAL2
IF,ZAL,31.097694,61.539889, ,0.0,0.0,2,3500,0,0,0,0,1,0
FC,ZAL,31.097694,61.539889,0,ZAL,0.0,0.0,140.0,4.7,1,2500,0,0,0,0,0,1
CF,FN34,31.020650,61.572444,2,ZAL,158.6,4.8,338.0,1.0,1,2500,0,0,0,0,0,0

FINAL,N34,34,N,2
IF,FN34,31.020650,61.572444,ZAL,0.0,0.0,1,2500,0,0,0,0,2,0
CF,RW34,31.083983,61.547703,0,ZAL,0.0,0.0,338.0,4.0,1,1622,0,0,0,0,3,0
CF,ZAL,31.097694,61.539889,0,ZAL,319.5,0.2,338.0,0.9,0,0,0,0,0,0,0,1
CA,0,338.0,2,2800,0,0,0,0,0,0
DF,ZAL,31.097694,61.539889,1, ,0.0,0.0,1,3500,0,0,0,0,0,0
HM,ZAL,31.097694,61.539889,2, ,0.0,0.0,130.0,04.3,0,0,0,1,230,0,0,0,0

