SID,ROSKE2,30L,1
CI,0, ,0.0,296.0,0,0,0,0,0,0,0,0
CF,FELTU,29.417239,47.379836,0,ASB,297.1,8.5,297.0,7.7,0,0,0,0,0,0,0,1
DF,D263J,29.335167,47.328744,1, ,0.0,0.0,2,4000,0,1,275,0,0,0
TF,ROSKE,29.162639,47.736178,0, ,0.0,0.0,0.0,0.0,2,7000,0,1,275,0,0,0

SID,ROSKE2,30R,1
CI,0, ,0.0,295.0,0,0,0,0,0,0,0,0
CF,FELTU,29.417239,47.379836,0,ASB,297.1,8.5,297.0,7.7,0,0,0,0,0,0,0,1
DF,D263J,29.335167,47.328744,1, ,0.0,0.0,2,4000,0,1,275,0,0,0
TF,ROSKE,29.162639,47.736178,0, ,0.0,0.0,0.0,0.0,2,7000,0,1,275,0,0,0

APPTR,D12L,12L,UMRUS
IF,UMRUS,29.173875,47.397847, ,0.0,0.0,4,7000,5000,0,0,0,1,0
AF,D238L,29.249678,47.317042,2,ASB,238.0,12.0,208.0,2,5000,0,0,0,0,0,0
AF,CD12L,29.467281,47.338367,2,ASB,304.0,12.0,238.0,2,2500,0,0,0,0,1,0

FINAL,D12L,12L,D,3
IF,CD12L,29.467281,47.338367,ASB,304.0,12.0,2,2500,0,0,0,0,0,0
CF,FD12L,29.415928,47.413647,0,ASB,304.0,7.0,124.0,5.0,2,2100,0,0,0,0,2,0
CF,MD12L,29.358361,47.497872,0,ASB,304.0,1.4,124.0,5.6,1,627,0,0,0,0,3,0
CF,ASB,29.343961,47.518914,0,ASB,0.0,0.0,124.0,1.4,2,880,0,0,0,0,0,0
CF,D120M,29.222339,47.724200,0,ASB,120.0,13.0,120.0,13.0,1,2700,0,0,0,0,0,0

APPTR,D12R,12R,UMRUS
IF,UMRUS,29.173875,47.397847, ,0.0,0.0,4,7000,5000,0,0,0,1,0
AF,D238L,29.249678,47.317042,2,ASB,238.0,12.0,208.0,2,5000,0,0,0,0,0,0
AF,CD12R,29.455944,47.328986,2,ASB,300.0,12.0,238.0,2,2500,0,0,0,0,0,0

FINAL,D12R,12R,D,3
IF,CD12R,29.455944,47.328986,ASB,300.0,12.0,2,2500,0,0,0,0,0,0
CF,FD12R,29.409317,47.408172,0,ASB,300.0,7.0,120.0,5.0,2,2100,0,0,0,0,2,0
CF,MD12R,29.357039,47.496778,0,ASB,300.0,1.4,120.0,5.6,1,633,0,0,0,0,3,0
CF,ASB,29.343961,47.518914,0,ASB,0.0,0.0,120.0,1.4,2,880,0,0,0,0,0,0
CF,D120M,29.222339,47.724200,0,ASB,120.0,13.0,120.0,13.0,1,2700,0,0,0,0,0,0

APPTR,D30L,30L,UMRUS
IF,UMRUS,29.173875,47.397847, ,0.0,0.0,2,5000,0,0,0,0,1,0
AF,D178L,29.143578,47.510942,1,ASB,178.0,12.0,208.0,2,4000,0,0,0,0,0,0
AF,D140L,29.181681,47.653211,1,ASB,140.0,12.0,178.0,2,2500,0,0,0,0,0,0
AF,BIBGE,29.256111,47.724386,1,ASB,112.0,12.0,140.0,2,2500,0,0,0,0,1,0

FINAL,D30L,30L,D,3
IF,BIBGE,29.256111,47.724386,ASB,112.0,12.0,2,2500,0,0,0,0,0,0
CF,ZABAN,29.293572,47.637089,0,ASB,111.9,6.9,292.0,5.1,2,2500,0,0,0,0,2,0
CF,WORAX,29.333708,47.542911,0,ASB,112.0,1.4,292.0,5.5,1,709,0,0,0,0,3,0
CF,ASB,29.343961,47.518914,0,ASB,0.0,0.0,292.0,1.4,0,0,0,0,0,0,0,0
CF,ESAXE,29.406342,47.373100,0,ASB,292.1,8.5,292.0,8.5,0,0,0,0,0,0,0,1
DF,UMRUS,29.173875,47.397847,1, ,0.0,0.0,2,5000,0,0,0,0,0,0
HM,UMRUS,29.173875,47.397847,1, ,0.0,0.0,28.0,05,3,7000,0,1,250,0,0,0,0

APPTR,D30R,30R,UMRUS
IF,UMRUS,29.173875,47.397847, ,0.0,0.0,2,5000,0,0,0,0,1,0
AF,D179L,29.143731,47.506961,1,ASB,179.0,12.0,208.0,2,4000,0,0,0,0,0,0
AF,D141L,29.179653,47.649964,1,ASB,141.0,12.0,179.0,2,2500,0,0,0,0,0,0
AF,PATWO,29.265458,47.729403,1,ASB,109.0,12.0,141.0,2,2500,0,0,0,0,1,0

FINAL,D30R,30R,D,3
IF,PATWO,29.265458,47.729403,ASB,109.0,12.0,2,2500,0,0,0,0,0,0
CF,OLLOR,29.298864,47.639983,0,ASB,109.0,6.9,289.0,5.1,2,2500,0,0,0,0,2,0
CF,ZEGMU,29.334822,47.543489,0,ASB,109.0,1.4,289.0,5.5,1,705,0,0,0,0,3,0
CF,ASB,29.343961,47.518914,0,ASB,0.0,0.0,289.0,1.4,0,0,0,0,0,0,0,0
TF,NOTUE,29.399572,47.369589,0, ,0.0,0.0,0.0,0.0,0,0,0,0,0,0,0,1
DF,UMRUS,29.173875,47.397847,1, ,0.0,0.0,2,5000,0,0,0,0,0,0
HM,UMRUS,29.173875,47.397847,1, ,0.0,0.0,28.0,05,3,7000,0,1,230,0,0,0,0

APPTR,I12R,12R,UMRUS
IF,UMRUS,29.173875,47.397847, ,0.0,0.0,2,5000,0,0,0,0,1,0
AF,D263L,29.333264,47.290217,2,ASB,263.0,12.0,208.0,2,5000,0,0,0,0,0,0
AF,D286L,29.412425,47.303544,2,ASB,286.0,12.0,263.0,2,2300,0,0,0,0,0,0
VI,2,WASB,0.0,86.0,0,0,0,0,0,0,0,0

FINAL,I12R,12R,I,3
IF,MELRU,29.446444,47.321961,WASB,296.2,13.1,2,2300,0,0,0,0,0,0
CF,ASREP,29.399764,47.413953,0,WASB,296.2,7.5,116.0,5.6,1,2300,0,0,0,0,2,0
CF,RW12R,29.352575,47.506753,0,WASB,296.2,1.9,116.0,5.6,1,479,0,0,0,0,3,0
CA,0,116.0,2,1000,0,0,0,0,0,0
DF,UMRUS,29.173875,47.397847,2, ,0.0,0.0,2,5000,0,0,0,0,0,0
HM,UMRUS,29.173875,47.397847,1, ,0.0,0.0,28.0,05,3,7000,0,1,250,0,0,0,0

APPTR,I30L,30L,UMRUS
IF,UMRUS,29.173875,47.397847, ,0.0,0.0,2,5000,0,0,0,0,1,0
AF,ASB18,29.143775,47.510911,1,ASB,178.0,12.0,208.0,2,4500,0,0,0,0,0,0
AF,ASBSD,29.181681,47.653211,1,ASB,140.0,12.0,178.0,2,2500,0,0,0,0,0,0
AF,D126L,29.214967,47.693997,1,ASB,126.0,12.0,140.0,2,2500,0,0,0,0,0,0
VI,0,IASB,0.0,326.0,0,0,0,0,0,0,0,0

FINAL,I30L,30L,I,3
IF,RIBAB,29.244633,47.717608,IASB,116.2,13.1,2,2500,0,0,0,0,0,0
CF,MUTAE,29.287789,47.633650,0,IASB,116.2,8.0,296.0,5.1,1,2500,0,0,0,0,2,0
CF,RW30L,29.338964,47.533461,0,IASB,116.2,1.9,296.0,6.1,1,528,0,0,0,0,3,0
CA,0,296.0,2,880,0,0,0,0,0,0
DF,ESAXE,29.406342,47.373100,0, ,0.0,0.0,0,0,0,0,0,0,0,1
DF,UMRUS,29.173875,47.397847,1, ,0.0,0.0,2,5000,0,0,0,0,0,0
HM,UMRUS,29.173875,47.397847,1, ,0.0,0.0,28.0,05,3,7000,0,1,230,0,0,0,0

APPTR,R12R,12R,SDNEE
IF,SDNEE,29.306711,47.180389, ,0.0,0.0,2,3000,0,0,0,0,1,0
TF,METBE,29.455867,47.306144,0, ,0.0,0.0,0.0,0.0,2,3000,0,0,0,0,1,0

FINAL,R12R,12R,R,3
IF,METBE,29.455867,47.306144, ,0.0,0.0,2,3000,0,0,0,0,1,0
TF,ASREP,29.399764,47.413953,0, ,0.0,0.0,117.0,6.6,2,2300,0,0,0,0,2,0
TF,RW12R,29.352575,47.506753,0, ,0.0,0.0,116.0,5.6,1,496,0,0,0,0,3,1
CA,0,116.0,2,1000,0,0,0,0,0,0
DF,UMRUS,29.173875,47.397847,2, ,0.0,0.0,1,4000,0,0,0,0,0,1
HM,UMRUS,29.173875,47.397847,1, ,0.0,0.0,208.0,04,1,4000,0,1,230,0,0,0,0

APPTR,R30L,30L,ROSKE
IF,ROSKE,29.162639,47.736178, ,0.0,0.0,2,3000,0,0,0,0,1,0
TF,BIBGE,29.256111,47.724386,0, ,0.0,0.0,0.0,0.0,2,3000,0,0,0,0,1,0

FINAL,R30L,30L,R,3
IF,BIBGE,29.256111,47.724386, ,0.0,0.0,2,3000,0,0,0,0,1,0
TF,ZABAN,29.293572,47.637089,0, ,0.0,0.0,292.0,5.1,2,2500,0,0,0,0,2,0
TF,RW30L,29.338964,47.533461,0, ,0.0,0.0,293.0,6.1,1,533,0,0,0,0,3,1
CA,0,293.0,2,2600,0,0,0,0,0,0
DF,UMRUS,29.173875,47.397847,1, ,0.0,0.0,2,4000,0,0,0,0,0,1
HM,UMRUS,29.173875,47.397847,1, ,0.0,0.0,208.0,04,1,4000,0,1,230,0,0,0,0

