STAR,SAP10,ALL,2
IF,TAZ,13.697222,44.138611, ,0.0,0.0,0,0,0,0,0,0,0,0
TF,KRA56,13.494014,44.347119,0, ,0.0,0.0,0.0,0.0,2,15000,0,0,0,0,0,0
TF,GOMRI,13.304444,44.540000,0, ,0.0,0.0,0.0,0.0,0,0,0,0,0,0,0,0
TF,D314Z,13.138775,44.709603,0, ,0.0,0.0,0.0,0.0,2,15000,0,0,0,0,0,0
TF,D314R,13.044167,44.806303,0, ,0.0,0.0,0.0,0.0,2,12000,0,0,0,0,0,0
TF,KRA,12.831167,45.023611,0, ,0.0,0.0,0.0,0.0,0,0,0,0,0,0,0,0

STAR,SAP11,ALL,2
IF,ARABO,12.647778,44.066944, ,0.0,0.0,2,15000,0,0,0,0,0,0
TF,DIRAK,12.703056,44.353611,0, ,0.0,0.0,0.0,0.0,0,0,0,0,0,0,0,0
TF,KRA28,12.741714,44.554783,0, ,0.0,0.0,0.0,0.0,2,15000,0,0,0,0,0,0
TF,D258O,12.783347,44.772411,0, ,0.0,0.0,0.0,0.0,2,7000,0,0,0,0,0,0
TF,KRA,12.831167,45.023611,0, ,0.0,0.0,0.0,0.0,0,0,0,0,0,0,0,0

STAR,SAP7A,ALL,2
IF,GEVEL,14.208056,44.429722, ,0.0,0.0,2,15000,0,0,0,0,0,0
TF,MOGEM,13.448611,44.758056,0, ,0.0,0.0,0.0,0.0,0,0,0,0,0,0,0,0
TF,D336Z,13.232278,44.851261,0, ,0.0,0.0,0.0,0.0,2,15000,0,0,0,0,0,0
TF,D336R,13.108872,44.904353,0, ,0.0,0.0,0.0,0.0,2,12000,0,0,0,0,0,0
TF,KRA,12.831167,45.023611,0, ,0.0,0.0,0.0,0.0,0,0,0,0,0,0,0,0

STAR,SAP7B,ALL,2
IF,GEVEL,14.208056,44.429722, ,0.0,0.0,2,15000,0,0,0,0,0,0
TF,LOSET,14.033611,44.664167,0, ,0.0,0.0,0.0,0.0,0,0,0,0,0,0,0,0
TF,XAKER,13.474167,44.831667,0, ,0.0,0.0,0.0,0.0,2,15000,0,0,0,0,0,0
TF,D342R,13.120392,44.937403,0, ,0.0,0.0,0.0,0.0,2,12000,0,0,0,0,0,0
TF,KRA,12.831167,45.023611,0, ,0.0,0.0,0.0,0.0,0,0,0,0,0,0,0,0

STAR,SAP8,ALL,2
IF,IVORA,14.728333,47.061667, ,0.0,0.0,0,0,0,0,0,0,0,0
TF,BANAR,13.101111,45.648611,0, ,0.0,0.0,0.0,0.0,0,0,0,0,0,0,0,0

APPTR,D08,08,DIRAK
IF,DIRAK,12.703056,44.353611, ,0.0,0.0,0,0,0,0,0,0,0,0
TF,D258P,12.780000,44.755000,0, ,0.0,0.0,0.0,0.0,0,0,0,0,0,0,1,0
TF,CD08,12.779097,44.825903,0, ,0.0,0.0,0.0,0.0,2,3000,0,0,0,0,1,0

APPTR,D08,08,GOMRI
IF,GOMRI,13.304444,44.540000, ,0.0,0.0,0,0,0,0,0,0,0,0
TF,D314P,13.020000,44.830000,0, ,0.0,0.0,0.0,0.0,0,0,0,0,0,0,1,0
CI,0, ,0.0,134.0,0,0,0,0,0,0,0,0
AF,D253N,12.770406,44.792961,1,KRA,253.0,14.0,315.0,2,3000,0,0,0,0,0,0
CF,CD08,12.779097,44.825903,0,KRA,253.0,12.0,73.0,2.0,2,3000,0,0,0,0,1,0

APPTR,D08,08,KATAN
IF,KATAN,12.456667,44.457778, ,0.0,0.0,0,0,0,0,0,0,0,0
TF,D235P,12.681667,44.796667,0, ,0.0,0.0,0.0,0.0,0,0,0,0,0,0,1,0
CI,0, ,0.0,55.0,0,0,0,0,0,0,0,0
AF,D253N,12.770406,44.792961,2,KRA,253.0,14.0,234.0,2,3000,0,0,0,0,0,0
CF,CD08,12.779097,44.825903,0,KRA,253.0,12.0,73.0,2.0,2,3000,0,0,0,0,1,0

APPTR,D08,08,KRA1
IF,KRA,12.831167,45.023611, ,0.0,0.0,2,3000,0,0,0,0,0,0
CF,D275L,12.855569,44.820394,0,KRA,275.0,12.0,275.0,12.0,2,3000,0,0,0,0,0,1
CF,CD08,12.779097,44.825903,1,KRA,253.0,12.0,73.0,1.0,2,3000,0,0,0,0,1,0

APPTR,D08,08,KRA2
IF,KRA,12.831167,45.023611, ,0.0,0.0,2,3000,0,0,0,0,0,0
CF,D266L,12.824075,44.819017,0,KRA,266.0,12.0,266.0,12.0,2,3000,0,0,0,0,0,1
CF,CD08,12.779097,44.825903,1,KRA,253.0,12.0,73.0,1.0,2,3000,0,0,0,0,1,0

APPTR,D08,08,MOGEM
IF,MOGEM,13.448611,44.758056, ,0.0,0.0,0,0,0,0,0,0,0,0
TF,D336P,13.079444,44.916667,0, ,0.0,0.0,0.0,0.0,0,0,0,0,0,0,1,0
CI,0, ,0.0,156.0,0,0,0,0,0,0,0,0
AF,D253N,12.770406,44.792961,1,KRA,253.0,14.0,337.0,2,3000,0,0,0,0,0,0
CF,CD08,12.779097,44.825903,0,KRA,253.0,12.0,73.0,2.0,2,3000,0,0,0,0,1,0

APPTR,D08,08,ULDAK
IF,ULDAK,12.185833,44.841111, ,0.0,0.0,0,0,0,0,0,0,0,0
TF,D194P,12.573333,44.950000,0, ,0.0,0.0,0.0,0.0,0,0,0,0,0,0,1,0
CI,0, ,0.0,14.0,0,0,0,0,0,0,0,0
AF,D253N,12.770406,44.792961,2,KRA,253.0,14.0,194.0,2,3000,0,0,0,0,0,0
CF,CD08,12.779097,44.825903,0,KRA,253.0,12.0,73.0,2.0,2,3000,0,0,0,0,1,0

FINAL,D08,08,D,3
IF,CD08,12.779097,44.825903,KRA,253.0,12.0,2,3000,0,0,0,0,0,0
CF,FD08,12.796469,44.891797,0,KRA,253.0,8.0,73.0,4.0,2,2500,0,0,0,0,2,0
CF,RW08,12.826383,45.014939,0,KRA,238.7,0.6,73.0,7.4,1,57,0,0,0,0,3,0
CF,KRA,12.831167,45.023611,0,KRA,0.0,0.0,73.0,0.6,2,410,0,0,0,0,0,0
FA,KRA,12.831167,45.023611,0,KRA,0.0,0.0,73.0,2,2000,0,0,0,0,0,0
DF,KRA,12.831167,45.023611,1, ,0.0,0.0,1,3000,0,0,0,0,0,0
HM,KRA,12.831167,45.023611,2, ,0.0,0.0,275.0,04.3,0,0,0,0,0,0,0,0,0

APPTR,D26,26,IVOSO
IF,IVOSO,13.292778,45.518611, ,0.0,0.0,0,0,0,0,0,0,0,0
TF,D045N,12.990947,45.198400,0, ,0.0,0.0,0.0,0.0,2,4000,0,0,0,0,1,0
CI,0, ,0.0,225.0,0,0,0,0,0,0,0,0
AF,D069L,12.896497,45.217228,2,KRA,69.0,12.0,45.0,2,2000,0,0,0,0,0,0
CF,FD26,12.847642,45.129772,0,KRA,79.0,6.3,259.0,5.7,2,1700,0,0,0,0,0,0

APPTR,D26,26,KRA1
IF,KRA,12.831167,45.023611,KRA,0.0,0.0,2,3000,0,0,0,0,0,0
FD,KRA,12.831167,45.023611,0,KRA,0.0,8.0,100.0,8.0,2,1700,0,0,0,0,0,0
CF,FD26,12.847642,45.129772,1,KRA,79.0,6.3,259.0,2.0,2,1700,0,0,0,0,0,0

APPTR,D26,26,KRA2
IF,KRA,12.831167,45.023611,KRA,0.0,0.0,2,3000,0,0,0,0,0,0
FD,KRA,12.831167,45.023611,0,KRA,0.0,8.0,95.0,8.0,2,1700,0,0,0,0,0,0
CF,FD26,12.847642,45.129772,1,KRA,79.0,6.3,259.0,2.0,2,1700,0,0,0,0,0,0

APPTR,D26,26,MOGEM
IF,MOGEM,13.448611,44.758056, ,0.0,0.0,0,0,0,0,0,0,0,0
TF,D336N,13.048453,44.934061,0, ,0.0,0.0,0.0,0.0,0,0,0,0,0,0,1,0
CI,0, ,0.0,156.0,0,0,0,0,0,0,0,0
AF,D045L,12.968128,45.173417,2,KRA,45.4,12.0,336.0,2,4000,0,0,0,0,0,0
AF,D069L,12.896497,45.217228,2,KRA,69.0,12.0,45.0,2,2000,0,0,0,0,0,0
CF,FD26,12.847642,45.129772,0,KRA,79.0,6.3,259.0,5.7,2,1700,0,0,0,0,0,0

FINAL,D26,26,D,2
IF,FD26,12.847642,45.129772,KRA,79.0,6.3,2,1700,0,0,0,0,2,0
CF,RW26,12.832539,45.042828,0,KRA,83.8,1.1,259.0,5.2,1,57,0,0,0,0,3,0
CF,KRA,12.831167,45.023611,0,KRA,0.0,0.0,259.0,1.1,2,410,0,0,0,0,0,0
FA,KRA,12.831167,45.023611,0,KRA,0.0,0.0,290.0,2,2000,0,0,0,0,0,0
DF,KRA,12.831167,45.023611,2, ,0.0,0.0,1,3000,0,0,0,0,0,0
HM,KRA,12.831167,45.023611,1, ,0.0,0.0,100.0,04.3,0,0,0,0,0,0,0,0,0

APPTR,I08,08,DIRAK
IF,DIRAK,12.703056,44.353611, ,0.0,0.0,0,0,0,0,0,0,0,0
TF,D258P,12.780000,44.755000,0, ,0.0,0.0,0.0,0.0,0,0,0,0,0,0,1,0
VI,0, ,0.0,106.0,2,3000,0,0,0,0,0,0
CF,CI08,12.798003,44.886358,0,KRL,255.4,9.6,76.0,8.0,2,2500,0,0,0,0,0,0

APPTR,I08,08,GOMRI
IF,GOMRI,13.304444,44.540000, ,0.0,0.0,0,0,0,0,0,0,0,0
TF,D314P,13.020000,44.830000,0, ,0.0,0.0,0.0,0.0,0,0,0,0,0,0,1,0
CI,0, ,0.0,134.0,0,0,0,0,0,0,0,0
AF,D265N,12.818792,44.785106,1,KRA,265.0,14.0,315.0,2,3000,0,0,0,0,0,0
CF,CI08,12.798003,44.886358,0,KRL,255.4,9.6,76.0,6.0,2,2500,0,0,0,0,0,0

APPTR,I08,08,KATAN
IF,KATAN,12.456667,44.457778, ,0.0,0.0,0,0,0,0,0,0,0,0
TF,D235P,12.681667,44.796667,0, ,0.0,0.0,0.0,0.0,0,0,0,0,0,0,1,0
CI,0, ,0.0,55.0,0,0,0,0,0,0,0,0
AF,D247N,12.747081,44.800703,2,KRA,247.0,14.0,234.0,2,3000,0,0,0,0,0,0
CF,CI08,12.798003,44.886358,0,KRL,255.4,9.6,76.0,6.0,2,2500,0,0,0,0,0,0

APPTR,I08,08,KRA1
IF,KRA,12.831167,45.023611, ,0.0,0.0,2,3000,0,0,0,0,0,0
CF,D275L,12.855569,44.820394,0,KRA,275.0,12.0,275.0,12.0,2,3000,0,0,0,0,0,1
CF,D256M,12.786600,44.834772,1,KRA,254.5,11.4,76.0,1.0,2,3000,0,0,0,0,1,0
CF,CI08,12.798003,44.886358,0,KRL,255.4,9.6,76.0,3.1,2,2500,0,0,0,0,0,0

APPTR,I08,08,KRA2
IF,KRA,12.831167,45.023611, ,0.0,0.0,2,3000,0,0,0,0,0,0
CF,D266L,12.824075,44.819017,0,KRA,266.0,12.0,266.0,12.0,2,3000,0,0,0,0,0,1
CF,D256M,12.786600,44.834772,1,KRA,254.5,11.4,76.0,1.0,2,3000,0,0,0,0,1,0
CF,CI08,12.798003,44.886358,0,KRL,255.4,9.6,76.0,3.1,2,2500,0,0,0,0,0,0

APPTR,I08,08,MOGEM
IF,MOGEM,13.448611,44.758056, ,0.0,0.0,0,0,0,0,0,0,0,0
TF,D336P,13.079444,44.916667,0, ,0.0,0.0,0.0,0.0,0,0,0,0,0,0,1,0
CI,0, ,0.0,156.0,0,0,0,0,0,0,0,0
AF,D265N,12.818792,44.785106,1,KRA,265.0,14.0,337.0,2,3000,0,0,0,0,0,0
CF,CI08,12.798003,44.886358,0,KRL,255.4,9.6,76.0,6.0,2,2500,0,0,0,0,0,0

APPTR,I08,08,ULDAK
IF,ULDAK,12.185833,44.841111, ,0.0,0.0,0,0,0,0,0,0,0,0
TF,D194P,12.573333,44.950000,0, ,0.0,0.0,0.0,0.0,0,0,0,0,0,0,1,0
CI,0, ,0.0,14.0,0,0,0,0,0,0,0,0
AF,D247N,12.747081,44.800703,2,KRA,247.0,14.0,194.0,2,3000,0,0,0,0,0,0
CF,CI08,12.798003,44.886358,0,KRL,255.4,9.6,76.0,6.0,2,2500,0,0,0,0,0,0

FINAL,I08,08,I,3
IF,CI08,12.798003,44.886358,KRL,255.4,9.6,2,2500,0,0,0,0,0,0
CF,FI08,12.811603,44.947933,0,KRL,255.4,5.9,76.0,3.7,1,1330,0,0,0,0,2,0
CF,RW08,12.826383,45.014939,0,KRL,255.4,1.9,76.0,4.0,1,57,0,0,0,0,3,0
FA,RW08,12.826383,45.014939,0,KRA,0.0,0.0,76.0,2,2000,0,0,0,0,0,0
DF,KRA,12.831167,45.023611,1, ,0.0,0.0,1,3000,0,0,0,0,0,0
HM,KRA,12.831167,45.023611,2, ,0.0,0.0,275.0,04.3,0,0,0,0,0,0,0,0,0

APPTR,R08,08,AA600
IF,AA600,12.436000,45.280361, ,0.0,0.0,2,6000,0,0,0,0,1,0
TF,AA520,12.654694,44.859444,0, ,0.0,0.0,0.0,0.0,2,4000,0,0,0,0,0,0
TF,AA510,12.785333,44.829417,0, ,0.0,0.0,0.0,0.0,2,3000,0,0,0,0,1,0

APPTR,R08,08,AA610
IF,AA610,12.379722,44.895056, ,0.0,0.0,2,6000,0,0,0,0,1,0
TF,AA520,12.654694,44.859444,0, ,0.0,0.0,0.0,0.0,2,4000,0,0,0,0,0,0
TF,AA510,12.785333,44.829417,0, ,0.0,0.0,0.0,0.0,2,3000,0,0,0,0,1,0

APPTR,R08,08,AA620
IF,AA620,12.569306,44.627611, ,0.0,0.0,2,6000,0,0,0,0,1,0
TF,AA520,12.654694,44.859444,0, ,0.0,0.0,0.0,0.0,2,4000,0,0,0,0,0,0
TF,AA510,12.785333,44.829417,0, ,0.0,0.0,0.0,0.0,2,3000,0,0,0,0,1,0

APPTR,R08,08,AA630
IF,AA630,13.162417,44.685417, ,0.0,0.0,2,8000,0,0,0,0,1,0
TF,AA530,12.915972,44.799333,0, ,0.0,0.0,0.0,0.0,2,4000,0,0,0,0,0,0
TF,AA510,12.785333,44.829417,0, ,0.0,0.0,0.0,0.0,2,3000,0,0,0,0,1,0

APPTR,R08,08,AA640
IF,AA640,13.263111,44.837972, ,0.0,0.0,2,9000,0,0,0,0,1,0
TF,AA540,12.953944,44.970917,0, ,0.0,0.0,0.0,0.0,2,4000,0,0,0,0,0,0
TF,AA530,12.915972,44.799333,2, ,0.0,0.0,0.0,0.0,2,4000,0,0,0,0,0,0
TF,AA510,12.785333,44.829417,0, ,0.0,0.0,0.0,0.0,2,3000,0,0,0,0,1,0

APPTR,R08,08,AA650
IF,AA650,13.268972,45.194361, ,0.0,0.0,2,9000,0,0,0,0,1,0
TF,AA540,12.953944,44.970917,0, ,0.0,0.0,0.0,0.0,2,4000,0,0,0,0,0,0
TF,AA530,12.915972,44.799333,0, ,0.0,0.0,0.0,0.0,2,4000,0,0,0,0,0,0
TF,AA510,12.785333,44.829417,0, ,0.0,0.0,0.0,0.0,2,3000,0,0,0,0,1,0

APPTR,R08,08,AA660
IF,AA660,13.154306,45.369833, ,0.0,0.0,2,10000,0,0,0,0,1,0
TF,AA540,12.953944,44.970917,0, ,0.0,0.0,0.0,0.0,2,4000,0,0,0,0,0,0
TF,AA530,12.915972,44.799333,0, ,0.0,0.0,0.0,0.0,2,4000,0,0,0,0,0,0
TF,AA510,12.785333,44.829417,0, ,0.0,0.0,0.0,0.0,2,3000,0,0,0,0,1,0

APPTR,R08,08,AA670
IF,AA670,13.020250,45.460861, ,0.0,0.0,2,6000,0,0,0,0,1,0
TF,AA540,12.953944,44.970917,0, ,0.0,0.0,0.0,0.0,2,4000,0,0,0,0,0,0
TF,AA530,12.915972,44.799333,0, ,0.0,0.0,0.0,0.0,2,4000,0,0,0,0,0,0
TF,AA510,12.785333,44.829417,0, ,0.0,0.0,0.0,0.0,2,3000,0,0,0,0,1,0

APPTR,R08,08,AA680
IF,AA680,12.937083,45.489028, ,0.0,0.0,2,6000,0,0,0,0,1,0
TF,AA540,12.953944,44.970917,0, ,0.0,0.0,0.0,0.0,2,4000,0,0,0,0,0,0
TF,AA530,12.915972,44.799333,0, ,0.0,0.0,0.0,0.0,2,4000,0,0,0,0,0,0
TF,AA510,12.785333,44.829417,0, ,0.0,0.0,0.0,0.0,2,3000,0,0,0,0,1,0

APPTR,R08,08,AA690
IF,AA690,12.741722,44.554778, ,0.0,0.0,2,6000,0,0,0,0,0,0
TF,AA510,12.785333,44.829417,0, ,0.0,0.0,0.0,0.0,2,3000,0,0,0,0,1,0

FINAL,R08,08,R,3
IF,AA510,12.785333,44.829417, ,0.0,0.0,2,3000,0,0,0,0,0,0
TF,AA500,12.803750,44.912611,0, ,0.0,0.0,76.0,5.0,2,2000,0,0,0,0,2,0
TF,RW08,12.826383,45.014939,0, ,0.0,0.0,76.0,6.2,1,57,0,0,0,0,3,1
CF,AA550,12.848417,45.114806,0,KRA,77.1,5.4,76.0,6.0,1,1200,0,0,0,0,0,1
DF,AA540,12.953944,44.970917,1, ,0.0,0.0,2,4000,0,1,250,0,0,0
HM,AA540,12.953944,44.970917,2, ,0.0,0.0,256.0,04.3,2,4000,0,1,250,0,0,0,0

APPTR,R26,26,AA600
IF,AA600,12.436000,45.280361, ,0.0,0.0,2,6000,0,0,0,0,1,0
TF,AA430,12.742750,45.258278,0, ,0.0,0.0,0.0,0.0,2,4000,0,0,0,0,0,0
TF,AA420,12.873444,45.228417,0, ,0.0,0.0,0.0,0.0,2,3000,0,0,0,0,1,0

APPTR,R26,26,AA610
IF,AA610,12.379722,44.895056, ,0.0,0.0,2,6000,0,0,0,0,1,0
TF,AA430,12.742750,45.258278,0, ,0.0,0.0,0.0,0.0,2,4000,0,0,0,0,0,0
TF,AA420,12.873444,45.228417,0, ,0.0,0.0,0.0,0.0,2,3000,0,0,0,0,1,0

APPTR,R26,26,AA620
IF,AA620,12.569306,44.627611, ,0.0,0.0,2,6000,0,0,0,0,1,0
TF,AA430,12.742750,45.258278,0, ,0.0,0.0,0.0,0.0,2,4000,0,0,0,0,0,0
TF,AA420,12.873444,45.228417,0, ,0.0,0.0,0.0,0.0,2,3000,0,0,0,0,1,0

APPTR,R26,26,AA630
IF,AA630,13.162417,44.685417, ,0.0,0.0,2,9000,0,0,0,0,1,0
TF,AA540,12.953944,44.970917,0, ,0.0,0.0,0.0,0.0,2,4000,0,0,0,0,0,0
TF,AA440,13.004111,45.198556,0, ,0.0,0.0,0.0,0.0,2,4000,0,0,0,0,0,0
TF,AA420,12.873444,45.228417,0, ,0.0,0.0,0.0,0.0,2,3000,0,0,0,0,1,0

APPTR,R26,26,AA640
IF,AA640,13.263111,44.837972, ,0.0,0.0,2,9000,0,0,0,0,1,0
TF,AA540,12.953944,44.970917,0, ,0.0,0.0,0.0,0.0,2,4000,0,0,0,0,0,0
TF,AA440,13.004111,45.198556,0, ,0.0,0.0,0.0,0.0,2,4000,0,0,0,0,0,0
TF,AA420,12.873444,45.228417,0, ,0.0,0.0,0.0,0.0,2,3000,0,0,0,0,1,0

APPTR,R26,26,AA650
IF,AA650,13.268972,45.194361, ,0.0,0.0,2,8000,0,0,0,0,1,0
TF,AA440,13.004111,45.198556,0, ,0.0,0.0,0.0,0.0,2,4000,0,0,0,0,0,0
TF,AA420,12.873444,45.228417,0, ,0.0,0.0,0.0,0.0,2,3000,0,0,0,0,1,0

APPTR,R26,26,AA660
IF,AA660,13.154306,45.369833, ,0.0,0.0,2,7000,0,0,0,0,1,0
TF,AA440,13.004111,45.198556,0, ,0.0,0.0,0.0,0.0,2,4000,0,0,0,0,0,0
TF,AA420,12.873444,45.228417,0, ,0.0,0.0,0.0,0.0,2,3000,0,0,0,0,1,0

APPTR,R26,26,AA670
IF,AA670,13.020250,45.460861, ,0.0,0.0,2,6000,0,0,0,0,1,0
TF,AA420,12.873444,45.228417,0, ,0.0,0.0,0.0,0.0,2,3000,0,0,0,0,1,0

APPTR,R26,26,AA680
IF,AA680,12.937083,45.489028, ,0.0,0.0,2,6000,0,0,0,0,1,0
TF,AA420,12.873444,45.228417,0, ,0.0,0.0,0.0,0.0,2,3000,0,0,0,0,1,0

APPTR,R26,26,AA690
IF,AA690,12.741722,44.554778, ,0.0,0.0,2,6000,0,0,0,0,1,0
TF,AA540,12.953944,44.970917,0, ,0.0,0.0,0.0,0.0,2,4000,0,0,0,0,0,0
TF,AA440,13.004111,45.198556,0, ,0.0,0.0,0.0,0.0,2,4000,0,0,0,0,0,0
TF,AA420,12.873444,45.228417,0, ,0.0,0.0,0.0,0.0,2,3000,0,0,0,0,1,0

FINAL,R26,26,R,3
IF,AA420,12.873444,45.228417, ,0.0,0.0,2,3000,0,0,0,0,0,0
TF,AA400,12.855111,45.145194,0, ,0.0,0.0,256.0,5.0,2,2000,0,0,0,0,2,0
TF,RW26,12.832539,45.042828,0, ,0.0,0.0,256.0,6.2,1,57,0,0,0,0,3,1
CF,AA410,12.805333,44.920361,0,KRA,253.7,6.2,255.0,7.4,1,1300,0,0,0,0,0,1
DF,AA540,12.953944,44.970917,2, ,0.0,0.0,2,4000,0,0,0,0,0,0
HM,AA540,12.953944,44.970917,1, ,0.0,0.0,75.0,04.3,2,4000,0,1,250,0,0,0,0

