APPTR,R04,04,AXCUP
HF,AXCUP,70.039269,-147.506208,2, ,0.0,0.0,42.0,04,2,2400,0,0,0,0,1,0,0

APPTR,R04,04,JIVUB
IF,JIVUB,69.940017,-147.329731, ,0.0,0.0,0,0,0,0,0,0,1,0
TF,AXCUP,70.039269,-147.506208,0, ,0.0,0.0,0.0,0.0,2,2400,0,0,0,0,1,0

APPTR,R04,04,TAYUC
IF,TAYUC,70.138344,-147.684375, ,0.0,0.0,0,0,0,0,0,0,1,0
TF,AXCUP,70.039269,-147.506208,0, ,0.0,0.0,0.0,0.0,2,2400,0,0,0,0,1,0

FINAL,R04,04,R,4
IF,AXCUP,70.039269,-147.506208, ,0.0,0.0,2,2400,0,0,0,0,0,0
TF,ISFAX,70.092647,-147.248914,0, ,0.0,0.0,42.0,6.2,2,1600,0,0,0,0,2,0
TF,SHYER,70.118511,-147.123114,0, ,0.0,0.0,42.0,3.0,2,640,0,0,0,0,0,0
TF,RW04,70.133881,-147.048006,0, ,0.0,0.0,42.0,1.8,1,68,0,0,0,0,3,1
CA,0,42.0,2,500,0,0,0,0,0,0
DF,AXCUP,70.039269,-147.506208,2, ,0.0,0.0,2,2400,0,0,0,0,0,1
HM,AXCUP,70.039269,-147.506208,2, ,0.0,0.0,42.0,04,0,0,0,0,0,0,0,0,0

APPTR,R22,22,LEYIY
IF,LEYIY,70.132042,-146.387506, ,0.0,0.0,0,0,0,0,0,0,1,0
TF,TIQUL,70.232217,-146.561075,0, ,0.0,0.0,0.0,0.0,2,2100,0,0,0,0,1,0

APPTR,R22,22,TIQUL
HF,TIQUL,70.232217,-146.561075,2, ,0.0,0.0,222.0,04,2,2100,0,0,0,0,1,0,0

APPTR,R22,22,UGEDY
IF,UGEDY,70.332219,-146.736339, ,0.0,0.0,0,0,0,0,0,0,1,0
TF,TIQUL,70.232217,-146.561075,0, ,0.0,0.0,0.0,0.0,2,2100,0,0,0,0,1,0

FINAL,R22,22,R,4
IF,TIQUL,70.232217,-146.561075, ,0.0,0.0,2,2100,0,0,0,0,0,0
TF,KUHQY,70.181822,-146.812014,0, ,0.0,0.0,222.0,6.0,2,1600,0,0,0,0,2,0
TF,ZAVSO,70.154033,-146.949117,0, ,0.0,0.0,222.0,3.3,2,560,0,0,0,0,0,0
TF,RW22,70.141053,-147.012864,0, ,0.0,0.0,222.0,1.5,1,76,0,0,0,0,3,1
CA,0,222.0,2,500,0,0,0,0,0,0
DF,TIQUL,70.232217,-146.561075,2, ,0.0,0.0,2,2100,0,0,0,0,0,1
HM,TIQUL,70.232217,-146.561075,2, ,0.0,0.0,222.0,04,0,0,0,0,0,0,0,0,0

