SID,SICOV1,21,2
VA,0,210.0,2,1469,0,0,0,0,0,0
DF,AWAMY,67.838911,-163.321011,0, ,0.0,0.0,0,0,0,0,0,0,0,0
TF,SICOV,67.345672,-162.832950,0, ,0.0,0.0,0.0,0.0,0,0,0,0,0,0,0,0

APPTR,R03,03,AWAMY
HF,AWAMY,67.838911,-163.321011,2, ,0.0,0.0,28.0,04,2,3800,0,0,0,0,1,0,0

APPTR,R03,03,SICOV
IF,SICOV,67.345672,-162.832950, ,0.0,0.0,0,0,0,0,0,0,0,0
TF,ZOXOL,67.604703,-163.097631,0, ,0.0,0.0,0.0,0.0,2,3800,0,0,0,0,1,0
TF,AWAMY,67.838911,-163.321011,0, ,0.0,0.0,0.0,0.0,2,3800,0,0,0,0,1,0

FINAL,R03,03,R,3
IF,AWAMY,67.838911,-163.321011, ,0.0,0.0,2,3800,0,0,0,0,0,0
TF,EGGEN,67.949761,-163.080536,0, ,0.0,0.0,28.0,8.6,2,3100,0,0,0,0,2,0
TF,ZIHCE,68.015064,-162.937436,0, ,0.0,0.0,28.0,5.1,1,1317,0,0,0,0,3,1
CA,0,28.0,2,2400,0,0,0,0,0,0
DF,AWAMY,67.838911,-163.321011,1, ,0.0,0.0,2,3800,0,0,0,0,0,1
HM,AWAMY,67.838911,-163.321011,2, ,0.0,0.0,28.0,04,0,0,0,0,0,0,0,0,0

APPTR,R03-P,03,SHOKK
IF,SHOKK,67.503200,-161.909086, ,0.0,0.0,0,0,0,0,0,0,0,0
TF,PALLZ,67.662111,-163.050619,0, ,0.0,0.0,0.0,0.0,2,4400,0,0,0,0,1,0
TF,RIKEY,67.895322,-163.214997,0, ,0.0,0.0,0.0,0.0,2,3800,0,0,0,0,1,0

APPTR,R03-P,03,SICOV
IF,SICOV,67.345672,-162.832950, ,0.0,0.0,0,0,0,0,0,0,0,0
TF,PALLZ,67.662111,-163.050619,0, ,0.0,0.0,0.0,0.0,2,4400,0,0,0,0,1,0
TF,RIKEY,67.895322,-163.214997,0, ,0.0,0.0,0.0,0.0,2,3800,0,0,0,0,1,0

FINAL,R03-P,03,R,3
IF,RIKEY,67.895322,-163.214997, ,0.0,0.0,2,3800,0,0,0,0,0,0
TF,SHELD,67.958125,-163.070636,0, ,0.0,0.0,30.0,5.0,2,2800,0,0,0,0,2,0
TF,RW03,68.026175,-162.912978,0, ,0.0,0.0,30.0,5.4,1,1013,0,0,0,0,3,1
CA,0,30.0,2,1400,0,0,0,0,0,0
DF,MACOB,68.128883,-162.808175,0, ,0.0,0.0,0,0,0,1,185,0,0,0
TF,OLMIE,68.180061,-163.039414,0, ,0.0,0.0,0.0,0.0,0,0,0,1,210,0,0,0
TF,IBELE,68.050172,-163.254161,0, ,0.0,0.0,0.0,0.0,0,0,0,0,0,0,0,0
TF,PALLZ,67.662111,-163.050619,0, ,0.0,0.0,0.0,0.0,2,4400,0,0,0,0,0,1
HM,PALLZ,67.662111,-163.050619,2, ,0.0,0.0,334.0,04,0,0,0,0,0,0,0,0,0

