APPTR,N16,16,ULL
IF,ULL,63.692331,-170.469903, ,0.0,0.0,0,0,0,0,0,0,0,0
TF,GAM,63.781875,-171.736778,0, ,0.0,0.0,0.0,0.0,2,3700,0,0,0,0,0,0
PI,GAM,63.781875,-171.736778,2,ULL,301.0,10.0,346,5.0,2,1800,0,0,0,0,1,0
CF,FF16,63.831653,-171.747631,0,ULL,274.4,35.1,166.0,7.0,2,980,0,0,0,0,0,0

FINAL,N16,16,N,2
IF,FF16,63.831653,-171.747631,GAM,0.0,0.0,2,980,0,0,0,0,2,0
CF,GAM,63.781875,-171.736778,0,GAM,0.0,0.0,166.0,3.0,1,247,0,0,0,0,3,0
VA,0,166.0,2,430,0,0,0,0,0,0
CF,N16HP,63.834594,-171.840606,2,ULL,270.8,37.5,346.0,3.5,0,0,0,0,0,0,0,1
CF,GAM,63.781875,-171.736778,2,ULL,269.6,34.2,166.0,3.5,1,3000,0,0,0,0,0,0
HM,GAM,63.781875,-171.736778,2, ,0.0,0.0,166.0,04.3,0,0,0,0,0,0,0,0,0

APPTR,Q34,34,ULL
IF,ULL,63.692331,-170.469903, ,0.0,0.0,0,0,0,0,0,0,0,0
TF,GAM,63.781875,-171.736778,0, ,0.0,0.0,0.0,0.0,2,3700,0,0,0,0,0,0
TF,FF34,63.666658,-171.703897,1, ,0.0,0.0,0.0,0.0,2,3000,0,0,0,0,0,0
PI,FF34,63.666658,-171.703897,1,ULL,210.0,10.0,165,5.0,2,2800,0,0,0,0,1,0
CF,FF34,63.666658,-171.703897,0,ULL,257.9,33.0,345.0,8.0,2,1900,0,0,0,0,0,0

FINAL,Q34,34,N,2
IF,FF34,63.666658,-171.703897,GAM,0.0,0.0,2,1900,0,0,0,0,2,0
CF,MA34,63.740836,-171.724964,0,GAM,0.0,2.5,345.0,4.5,1,453,0,0,0,0,3,0
CF,GAM,63.781875,-171.736778,0,ULL,269.6,34.2,345.0,2.5,2,860,0,0,0,0,0,0
HM,GAM,63.781875,-171.736778,2, ,0.0,0.0,166.0,04.3,2,3000,0,0,0,0,0,0,0

APPTR,R16,16,QAYAQ
IF,QAYAQ,63.870556,-169.995000, ,0.0,0.0,0,0,0,0,0,0,0,0
TF,EEKAY,63.813911,-171.154672,0, ,0.0,0.0,0.0,0.0,2,2500,0,0,0,0,0,0
TF,ZADOK,63.933964,-171.467422,0, ,0.0,0.0,0.0,0.0,2,2500,0,0,0,0,1,0
TF,JOTLY,63.946358,-171.730292,0, ,0.0,0.0,0.0,0.0,2,1800,0,0,0,0,1,0

FINAL,R16,16,R,3
IF,JOTLY,63.946358,-171.730292, ,0.0,0.0,2,1800,0,0,0,0,0,0
TF,VADUZ,63.846761,-171.758100,0, ,0.0,0.0,179.0,6.0,2,1500,0,0,0,0,2,0
TF,RW16,63.772708,-171.734703,0, ,0.0,0.0,164.0,4.5,1,67,0,0,0,0,3,1
CA,0,164.0,2,230,0,0,0,0,0,0
DF,KALIX,63.686500,-171.707625,0, ,0.0,0.0,0,0,0,0,0,0,0,0
TF,GIYEN,63.637483,-171.377111,0, ,0.0,0.0,0.0,0.0,0,0,0,0,0,0,0,0
TF,EEKAY,63.813911,-171.154672,0, ,0.0,0.0,0.0,0.0,2,2500,0,0,0,0,0,1
HM,EEKAY,63.813911,-171.154672,2, ,0.0,0.0,303.0,04,0,0,0,0,0,0,0,0,0

APPTR,R34,34,QAYAQ
IF,QAYAQ,63.870556,-169.995000, ,0.0,0.0,0,0,0,0,0,0,0,0
TF,EEKAY,63.813911,-171.154672,0, ,0.0,0.0,0.0,0.0,2,2500,0,0,0,0,0,0
TF,GIYEN,63.637483,-171.377111,0, ,0.0,0.0,0.0,0.0,2,2500,0,0,0,0,1,0
TF,BOSHU,63.594050,-171.623769,0, ,0.0,0.0,0.0,0.0,2,1800,0,0,0,0,1,0

FINAL,R34,34,R,3
IF,BOSHU,63.594050,-171.623769, ,0.0,0.0,2,1800,0,0,0,0,0,0
TF,KALIX,63.686500,-171.707625,0, ,0.0,0.0,330.0,6.0,2,1500,0,0,0,0,2,0
TF,RW34,63.760522,-171.730867,0, ,0.0,0.0,344.0,4.5,1,68,0,0,0,0,3,1
CA,0,344.0,2,229,0,0,0,0,0,0
DF,VADUZ,63.846761,-171.758100,0, ,0.0,0.0,0,0,0,0,0,0,0,0
TF,ZADOK,63.933964,-171.467422,0, ,0.0,0.0,0.0,0.0,0,0,0,0,0,0,0,0
TF,EEKAY,63.813911,-171.154672,0, ,0.0,0.0,0.0,0.0,2,2500,0,0,0,0,0,1
HM,EEKAY,63.813911,-171.154672,2, ,0.0,0.0,303.0,04,0,0,0,0,0,0,0,0,0

