SID,ILI2,20,4
CF,JESUX,59.964033,-154.864097,0,SQA,143.2,72.0,204.0,1.5,0,0,0,0,0,0,0,1
TF,GIDLE,59.937700,-154.904550,0, ,0.0,0.0,0.0,0.0,0,0,0,1,160,0,0,0
TF,ILI,59.748078,-154.909639,0, ,0.0,0.0,0.0,0.0,0,0,0,0,0,0,0,1

APPTR,R02,02,FAGIN
IF,FAGIN,59.865597,-155.545361, ,0.0,0.0,0,0,0,0,0,0,1,0
TF,ASVIW,59.756897,-155.253381,0, ,0.0,0.0,0.0,0.0,2,5000,0,0,0,0,1,0

APPTR,R02,02,HUMRA
IF,HUMRA,59.719039,-155.063894, ,0.0,0.0,0,0,0,0,0,0,0,0
TF,ASVIW,59.756897,-155.253381,0, ,0.0,0.0,0.0,0.0,2,5000,0,0,0,0,0,1
HF,ASVIW,59.756897,-155.253381,2, ,0.0,0.0,40.0,05,2,5000,0,0,0,0,1,0,0

APPTR,R02,02,NUTUW
IF,NUTUW,59.554894,-155.266956, ,0.0,0.0,0,0,0,0,0,0,1,0
TF,ASVIW,59.756897,-155.253381,0, ,0.0,0.0,0.0,0.0,2,5000,0,0,0,0,1,0

FINAL,R02,02,R,5
IF,ASVIW,59.756897,-155.253381, ,0.0,0.0,2,5000,0,0,0,0,0,0
TF,DILAY,59.839211,-155.028417,0, ,0.0,0.0,40.0,8.4,2,4100,0,0,0,0,2,0
TF,JURAS,59.873733,-154.982417,0, ,0.0,0.0,20.0,2.5,2,3160,0,0,0,0,0,0
TF,RAKDE,59.908236,-154.936322,0, ,0.0,0.0,20.0,2.5,2,1860,0,0,0,0,0,0
TF,IYAYA,59.963411,-154.862369,0, ,0.0,0.0,20.0,4.0,1,712,0,0,0,0,3,1
CA,0,20.0,2,714,0,0,0,0,0,0
DF,HUMRA,59.719039,-155.063894,2, ,0.0,0.0,2,5000,0,0,0,0,0,1
HM,HUMRA,59.719039,-155.063894,1, ,0.0,0.0,54.0,05,0,0,0,0,0,0,0,0,0

