APPTR,R01,01,LUR
IF,LUR,68.871256,-166.076003, ,0.0,0.0,0,0,0,0,0,0,0,0
TF,ULAVY,68.184403,-166.504242,0, ,0.0,0.0,0.0,0.0,2,4100,0,0,0,0,0,0
TF,FENOM,68.128300,-166.668561,0, ,0.0,0.0,0.0,0.0,2,2800,0,0,0,0,1,0
TF,ZORNA,68.177042,-166.988292,0, ,0.0,0.0,0.0,0.0,2,2300,0,0,0,0,1,0

APPTR,R01,01,SUGRE
IF,SUGRE,68.071553,-165.934178, ,0.0,0.0,0,0,0,0,0,0,0,0
TF,FENOM,68.128300,-166.668561,0, ,0.0,0.0,0.0,0.0,2,2800,0,0,0,0,1,0
TF,ZORNA,68.177042,-166.988292,0, ,0.0,0.0,0.0,0.0,2,2300,0,0,0,0,1,0

FINAL,R01,01,R,3
IF,ZORNA,68.177042,-166.988292, ,0.0,0.0,2,2300,0,0,0,0,0,0
TF,EKERE,68.269311,-166.887111,0, ,0.0,0.0,11.0,6.0,2,1600,0,0,0,0,2,0
TF,RW01,68.343725,-166.804861,0, ,0.0,0.0,11.0,4.8,1,59,0,0,0,0,3,1
CA,0,11.0,2,800,0,0,0,0,0,0
DF,COPOX,68.514153,-166.245414,0, ,0.0,0.0,2,3300,0,0,0,0,0,1
HM,COPOX,68.514153,-166.245414,2, ,0.0,0.0,262.0,04,0,0,0,0,0,0,0,0,0

APPTR,R19,19,LUR
IF,LUR,68.871256,-166.076003, ,0.0,0.0,0,0,0,0,0,0,0,0
TF,COPOX,68.514153,-166.245414,0, ,0.0,0.0,0.0,0.0,2,4100,0,0,0,0,1,0
TF,JENSU,68.520244,-166.607403,0, ,0.0,0.0,0.0,0.0,2,2400,0,0,0,0,1,0

APPTR,R19,19,SUGRE
IF,SUGRE,68.071553,-165.934178, ,0.0,0.0,0,0,0,0,0,0,0,0
TF,COPOX,68.514153,-166.245414,0, ,0.0,0.0,0.0,0.0,2,3000,0,0,0,0,1,0
TF,JENSU,68.520244,-166.607403,0, ,0.0,0.0,0.0,0.0,2,2400,0,0,0,0,1,0

FINAL,R19,19,R,3
IF,JENSU,68.520244,-166.607403, ,0.0,0.0,2,2400,0,0,0,0,0,0
TF,BABKE,68.428150,-166.710839,0, ,0.0,0.0,191.0,6.0,2,1600,0,0,0,0,2,0
TF,RW19,68.353819,-166.793661,0, ,0.0,0.0,191.0,4.8,1,58,0,0,0,0,3,1
CA,0,191.0,2,700,0,0,0,0,0,0
DF,FENOM,68.128300,-166.668561,0, ,0.0,0.0,2,2800,0,0,0,0,0,1
HM,FENOM,68.128300,-166.668561,2, ,0.0,0.0,281.0,04,0,0,0,0,0,0,0,0,0

