FINAL,N34,34,N,2
IF,FN34,60.937631,-155.622736,CRN,0.0,0.0,2,4400,0,0,0,0,2,0
CF,CRN,61.101750,-155.568647,0,CRN,0.0,0.0,354.0,10.0,1,3580,0,0,0,0,3,0
CA,0,354.0,2,4200,0,0,0,0,0,0
DF,CRN,61.101750,-155.568647,2, ,0.0,0.0,2,5500,0,0,0,0,0,0
HM,CRN,61.101750,-155.568647,1, ,0.0,0.0,354.0,04.3,3,8000,0,1,310,0,0,0,0

APPTR,R34,34,LIVME
IF,LIVME,60.871156,-155.267914, ,0.0,0.0,2,5500,0,0,0,0,1,0
TF,EDDEE,60.871481,-155.574728,0, ,0.0,0.0,0.0,0.0,2,4000,0,0,0,0,1,0

APPTR,R34,34,TOLCI
IF,TOLCI,60.871106,-155.881539, ,0.0,0.0,2,5000,0,0,0,0,1,0
TF,EDDEE,60.871481,-155.574728,0, ,0.0,0.0,0.0,0.0,2,4000,0,0,0,0,1,0

FINAL,R34,34,R,3
IF,EDDEE,60.871481,-155.574728, ,0.0,0.0,2,4000,0,0,0,0,0,0
TF,NICLS,60.987825,-155.574769,0, ,0.0,0.0,345.0,7.0,2,3400,0,0,0,0,2,0
TF,JIXIB,61.074750,-155.574800,0, ,0.0,0.0,345.0,5.2,1,1736,0,0,0,0,3,1
CA,0,345.0,2,1965,0,0,0,0,0,0
DF,LIVME,60.871156,-155.267914,2, ,0.0,0.0,1,5500,0,0,0,0,0,1
HM,LIVME,60.871156,-155.267914,2, ,0.0,0.0,255.0,02,0,0,0,0,0,0,0,0,0

