SID,HOUPI1,18,1
DF,DER18,23.449889,120.390714,0, ,0.0,0.0,0,0,0,0,0,0,0,1
VA,0,183.0,2,500,0,0,0,0,0,0
VI,2, ,0.0,350.0,0,0,0,0,0,0,0,0
CF,HOUPI,23.735278,120.433333,0,TNN,23.2,38.0,22.0,20.0,0,0,0,0,0,0,0,0
TF,ANLOT,23.907222,120.486944,0, ,0.0,0.0,0.0,0.0,0,0,0,0,0,0,0,0

SID,HOUPI1,36,1
DF,DER36,23.477322,120.390386,0, ,0.0,0.0,0,0,0,0,0,0,0,1
VA,0,3.0,2,500,0,0,0,0,0,0
VI,0, ,0.0,350.0,0,0,0,0,0,0,0,0
CF,HOUPI,23.735278,120.433333,0,TNN,23.2,38.0,22.0,11.0,0,0,0,0,0,0,0,0
TF,ANLOT,23.907222,120.486944,0, ,0.0,0.0,0.0,0.0,0,0,0,0,0,0,0,0

SID,PAIHO1,18,2
DF,DER18,23.449889,120.390714,0, ,0.0,0.0,0,0,0,0,0,0,0,1
CF,PAIHO,23.284286,120.288378,0,TNN,31.0,10.0,211.0,11.0,0,0,0,0,0,0,0,0
TF,TNN,23.135306,120.206194,0, ,0.0,0.0,0.0,0.0,0,0,0,0,0,0,0,0

SID,TAIPO1,36,2
DF,DER36,23.477322,120.390386,0, ,0.0,0.0,0,0,0,0,0,0,0,1
VI,1, ,0.0,255.0,0,0,0,0,0,0,0,0
CF,TAIPO,23.463600,120.275369,0,TNN,15.0,20.0,195.0,3.0,2,3500,0,0,0,0,0,0
TF,TNN,23.135306,120.206194,0, ,0.0,0.0,0.0,0.0,0,0,0,0,0,0,0,0

APPTR,I18,18,HOUPI
IF,HOUPI,23.735278,120.433333, ,0.0,0.0,2,4000,0,0,0,0,1,0
TF,PASTA,23.668303,120.388094,0, ,0.0,0.0,0.0,0.0,2,2800,0,0,0,0,1,0

FINAL,I18,18,I,3
IF,PASTA,23.668303,120.388094,IKUI,2.4,13.2,2,2800,0,0,0,0,0,0
CF,FI18,23.574667,120.389219,0,IKUI,2.4,7.6,183.0,5.6,1,1900,0,0,0,0,2,0
CF,RW18,23.477322,120.390386,0,IKUI,2.4,1.8,183.0,5.8,1,125,0,0,0,0,3,0
CA,0,183.0,2,600,0,0,0,0,0,0
VI,2, ,0.0,350.0,0,0,0,0,0,0,0,0
CF,HOUPI,23.735278,120.433333,0,TNN,23.2,38.0,22.0,19.0,1,4000,0,0,0,0,0,0
HM,HOUPI,23.735278,120.433333,2, ,0.0,0.0,202.0,04.3,0,0,0,0,0,0,0,0,0

APPTR,I36,36,TNN
IF,TNN,23.135306,120.206194, ,0.0,0.0,2,4000,0,0,0,0,1,0
FC,TNN,23.135306,120.206194,0,TNN,0.0,0.0,59.0,8.5,2,3000,0,0,0,0,0,1
CF,LEOJA,23.252222,120.393014,0,ICHI,182.4,13.6,59.0,4.0,2,3000,0,0,0,0,1,0

FINAL,I36,36,I,3
IF,LEOJA,23.252222,120.393014,ICHI,182.4,13.6,2,3000,0,0,0,0,0,0
CF,FI36,23.352553,120.391847,0,ICHI,182.4,7.6,3.0,6.0,1,2000,0,0,0,0,2,0
CF,RW36,23.449889,120.390714,0,ICHI,182.4,1.8,3.0,5.8,1,141,0,0,0,0,3,0
VA,0,3.0,2,700,0,0,0,0,0,0
DF,TNN,23.135306,120.206194,1, ,0.0,0.0,1,4000,0,0,0,0,0,0
HM,TNN,23.135306,120.206194,2, ,0.0,0.0,182.0,04.3,0,0,0,0,0,0,0,0,0

APPTR,Q18,18,HOUPI
HF,HOUPI,23.735278,120.433333,2, ,0.0,0.0,202.0,04.3,2,4000,0,0,0,0,1,0,0
TF,KU,23.584194,120.389111,0, ,0.0,0.0,0.0,0.0,2,2100,0,0,0,0,0,0

FINAL,Q18,18,N,2
IF,KU,23.584194,120.389111,KU,0.0,0.0,2,2100,0,0,0,0,2,0
CF,MN18,23.485531,120.389111,0,ICHI,0.0,2.0,183.0,5.9,1,288,0,0,0,0,3,0
CA,0,183.0,2,590,0,0,0,0,0,0
VI,2, ,0.0,350.0,0,0,0,0,0,0,0,0
CF,HOUPI,23.735278,120.433333,0,TNN,23.2,38.0,22.0,19.0,1,4000,0,0,0,0,0,0
HM,HOUPI,23.735278,120.433333,2, ,0.0,0.0,202.0,04.3,0,0,0,0,0,0,0,0,0

APPTR,R18,18,HSILO
IF,HSILO,23.761592,120.386978, ,0.0,0.0,2,4000,0,0,0,0,1,0
TF,HUWEI,23.661261,120.388183,0, ,0.0,0.0,0.0,0.0,2,3000,0,0,0,0,1,0

APPTR,R18,18,TAISI
IF,TAISI,23.660114,120.279267, ,0.0,0.0,2,4000,0,0,0,0,1,0
TF,HUWEI,23.661261,120.388183,0, ,0.0,0.0,0.0,0.0,2,3000,0,0,0,0,1,0

FINAL,R18,18,R,3
IF,HUWEI,23.661261,120.388183, ,0.0,0.0,2,3000,0,0,0,0,0,0
TF,PEKAN,23.560931,120.389386,0, ,0.0,0.0,183.0,6.0,2,1720,0,0,0,0,2,0
TF,RW18,23.477322,120.390386,0, ,0.0,0.0,183.0,5.0,1,125,0,0,0,0,3,1
FA,RW18,23.477322,120.390386,0,TNN,0.0,0.0,183.0,2,500,0,1,210,0,0,0
DF,TAISI,23.660114,120.279267,2, ,0.0,0.0,1,4000,0,1,210,0,0,0
HM,TAISI,23.660114,120.279267,1, ,0.0,0.0,93.0,05,2,4000,0,0,0,0,0,0,0

APPTR,R36,36,POTZU
IF,POTZU,23.264800,120.284322, ,0.0,0.0,2,4000,0,0,0,0,1,0
TF,KUANZ,23.265944,120.392914,0, ,0.0,0.0,0.0,0.0,2,3000,0,0,0,0,1,0

APPTR,R36,36,WUSAN
IF,WUSAN,23.165608,120.394108, ,0.0,0.0,2,4000,0,0,0,0,1,0
TF,KUANZ,23.265944,120.392914,0, ,0.0,0.0,0.0,0.0,2,3000,0,0,0,0,1,0

FINAL,R36,36,R,3
IF,KUANZ,23.265944,120.392914, ,0.0,0.0,2,3000,0,0,0,0,0,0
TF,WUFON,23.366278,120.391714,0, ,0.0,0.0,3.0,6.0,2,1730,0,0,0,0,2,0
TF,RW36,23.449889,120.390714,0, ,0.0,0.0,3.0,5.0,1,135,0,0,0,0,3,1
FA,RW36,23.449889,120.390714,0,TNN,0.0,0.0,3.0,2,600,0,1,210,0,0,0
DF,POTZU,23.264800,120.284322,1, ,0.0,0.0,1,4000,0,1,210,0,0,0
HM,POTZU,23.264800,120.284322,1, ,0.0,0.0,93.0,05,2,4000,0,0,0,0,0,0,0

