SID,IWO2,07,1
CA,0,72.0,2,1000,0,0,0,0,0,0
VM,0,0,0,72.0,0,0,0,0,0,0,0,0

SID,IWO2,25,1
CA,0,252.0,2,1000,0,0,0,0,0,0
VM,0,0,0,252.0,0,0,0,0,0,0,0,0

SID,TIDRI2,07,1
CA,0,72.0,2,1000,0,0,0,0,0,0
VI,1, ,0.0,306.0,0,0,0,0,0,0,0,0
CF,TIDRI,25.606258,140.848669,0,IJT,336.8,55.3,336.0,50.0,0,0,0,0,0,0,0,0

SID,TIDRI2,25,1
CA,0,252.0,2,1000,0,0,0,0,0,0
VI,2, ,0.0,6.0,0,0,0,0,0,0,0,0
CF,TIDRI,25.606258,140.848669,0,IJT,336.8,55.3,336.0,49.0,0,0,0,0,0,0,0,0

SID,TIDRI2,VASHU,3
IF,TIDRI,25.606258,140.848669, ,0.0,0.0,0,0,0,0,0,0,0,0
TF,VASHU,25.975664,140.634789,0, ,0.0,0.0,0.0,0.0,0,0,0,0,0,0,0,0

SID,VASKO1,07,4
VA,0,72.0,2,800,0,0,0,0,0,0
DF,VASKO,25.004394,142.036931,0, ,0.0,0.0,2,6000,0,0,0,0,0,0

SID,VASKO1,25,4
VA,0,252.0,2,800,0,0,0,0,0,0
DF,VASKO,25.004394,142.036931,2, ,0.0,0.0,2,6000,0,0,0,0,0,0

STAR,KANGO,07,2
IF,VASHU,25.975664,140.634789, ,0.0,0.0,0,0,0,0,0,0,0,0
TF,TIDRI,25.606258,140.848669,0, ,0.0,0.0,0.0,0.0,0,0,0,0,0,0,0,0
TF,IJT15,25.007347,141.189825,0, ,0.0,0.0,0.0,0.0,0,0,0,0,0,0,0,0
AF,KANGO,24.648019,141.085897,1,IJT,241.0,15.0,336.0,0,0,0,0,0,0,0,0

STAR,SAUNA,25,2
IF,VASHU,25.975664,140.634789, ,0.0,0.0,0,0,0,0,0,0,0,0
TF,TIDRI,25.606258,140.848669,0, ,0.0,0.0,0.0,0.0,0,0,0,0,0,0,0,0
TF,IJT15,25.007347,141.189825,0, ,0.0,0.0,0.0,0.0,0,0,0,0,0,0,0,0
AF,SAUNA,24.861344,141.578633,2,IJT,76.2,15.1,336.0,0,0,0,0,0,0,0,0

STAR,VASKO,ALL,5
IF,VASKO,25.004394,142.036931, ,0.0,0.0,2,6000,0,0,0,0,0,0
TF,ADMIK,24.850806,141.502675,0, ,0.0,0.0,0.0,0.0,2,3000,0,0,0,0,0,0

APPTR,R07,07,ADMIK
IF,ADMIK,24.850806,141.502675, ,0.0,0.0,2,3000,0,0,0,0,1,0
TF,AW750,24.854439,141.317456,0, ,0.0,0.0,0.0,0.0,0,0,0,0,0,0,0,0
TF,KIBIS,24.785033,141.130758,0, ,0.0,0.0,0.0,0.0,0,0,0,1,210,0,0,0
TF,ATBUS,24.723086,141.158436,0, ,0.0,0.0,0.0,0.0,2,2000,0,0,0,0,1,0

FINAL,R07,07,R,3
IF,ATBUS,24.723086,141.158436, ,0.0,0.0,2,2000,0,0,0,0,0,0
TF,PATBA,24.748339,141.226275,0, ,0.0,0.0,72.0,4.0,2,2000,0,0,0,0,2,0
TF,AW751,24.775233,141.298642,0, ,0.0,0.0,72.0,4.3,1,643,0,0,0,0,3,1
DF,ADMIK,24.850806,141.502675,0, ,0.0,0.0,1,3000,0,0,0,0,0,0
HM,ADMIK,24.850806,141.502675,2, ,0.0,0.0,263.0,04.3,2,3000,0,1,230,0,0,0,0

FINAL,R25,25,R,3
IF,ADMIK,24.850806,141.502675, ,0.0,0.0,2,3000,0,0,0,0,0,0
TF,MIMEL,24.819394,141.417744,0, ,0.0,0.0,252.0,5.0,2,2000,0,0,0,0,2,0
TF,AW550,24.792422,141.344958,0, ,0.0,0.0,252.0,4.3,1,636,0,0,0,0,3,1
DF,AW551,24.773525,141.294044,0, ,0.0,0.0,0,0,0,0,0,0,0,1
DF,ADMIK,24.850806,141.502675,1, ,0.0,0.0,1,3000,0,0,0,0,0,0
HM,ADMIK,24.850806,141.502675,2, ,0.0,0.0,263.0,04.3,2,3000,0,1,230,0,0,0,0

APPTR,T07-X,07,ONSEN
IF,ONSEN,24.817736,141.477808, ,0.0,0.0,2,14000,0,0,0,0,1,0
TF,IJT,24.784544,141.315847,0, ,0.0,0.0,0.0,0.0,0,0,0,0,0,0,0,0
TF,D261F,24.761839,141.208783,0, ,0.0,0.0,0.0,0.0,2,14000,0,0,0,0,0,0
TF,D261V,24.701186,140.923511,0, ,0.0,0.0,0.0,0.0,2,7000,0,0,0,0,0,1
CF,D241V,24.583725,140.978464,1,IJT,241.0,22.0,61.0,1.0,2,4000,0,0,0,0,0,0
TF,CT07,24.648447,141.085142,0, ,0.0,0.0,0.0,0.0,2,3000,0,0,0,0,1,0

FINAL,T07-X,07,D,3
IF,CT07,24.648447,141.085142,IJT,241.2,15.0,2,3000,0,0,0,0,0,0
CF,FF07,24.729842,141.223669,0,IJT,241.0,6.0,61.0,9.0,2,2203,0,0,0,0,2,0
CF,MA07,24.770797,141.292783,0,IJT,241.0,1.5,61.0,4.5,1,770,0,0,0,0,3,0
CA,0,61.0,2,900,0,0,0,0,0,0
CF,D150O,24.576444,141.469194,0,IJT,150.0,15.0,150.0,15.0,1,3000,0,0,0,0,0,0
HM,D150O,24.576444,141.469194,1, ,0.0,0.0,330.0,05,0,0,0,0,0,0,0,0,0

APPTR,T07-Y,07,KAMAR
IF,KAMAR,24.430256,140.717319, ,0.0,0.0,2,14000,0,0,0,0,1,0
TF,CT07,24.648447,141.085142,0, ,0.0,0.0,0.0,0.0,2,3000,0,0,0,0,1,0

FINAL,T07-Y,07,D,3
IF,CT07,24.648447,141.085142,IJT,241.2,15.0,2,3000,0,0,0,0,0,0
CF,FF07,24.729842,141.223669,0,IJT,241.0,6.0,61.0,9.0,2,2203,0,0,0,0,2,0
CF,MA07,24.770797,141.292783,0,IJT,241.0,1.5,61.0,4.5,1,770,0,0,0,0,3,0
CA,0,61.0,2,900,0,0,0,0,0,0
CF,D150O,24.576444,141.469194,0,IJT,150.0,15.0,150.0,15.0,1,3000,0,0,0,0,0,0
HM,D150O,24.576444,141.469194,1, ,0.0,0.0,330.0,05,0,0,0,0,0,0,0,0,0

APPTR,T07-Z,07,KANGO
IF,KANGO,24.648019,141.085897, ,0.0,0.0,2,3000,0,0,0,0,1,0
TF,FF07,24.729842,141.223669,0, ,0.0,0.0,0.0,0.0,2,2203,0,0,0,0,0,0

FINAL,T07-Z,07,D,2
IF,FF07,24.729842,141.223669,IJT,241.0,6.0,2,2203,0,0,0,0,2,0
CF,MA07,24.770797,141.292783,0,IJT,241.0,1.5,61.0,4.5,1,770,0,0,0,0,3,0
CA,0,61.0,2,900,0,0,0,0,0,0
CF,D150O,24.576444,141.469194,0,IJT,150.0,15.0,150.0,15.0,1,3000,0,0,0,0,0,0
HM,D150O,24.576444,141.469194,1, ,0.0,0.0,330.0,05,0,0,0,0,0,0,0,0,0

APPTR,T25-X,25,SURIB
IF,SURIB,24.798564,141.150056, ,0.0,0.0,2,14000,0,0,0,0,1,0
TF,IJT,24.784544,141.315847,0, ,0.0,0.0,0.0,0.0,0,0,0,0,0,0,0,0
TF,D096F,24.780903,141.425647,0, ,0.0,0.0,0.0,0.0,2,14000,0,0,0,0,0,0
TF,D096V,24.771064,141.718453,0, ,0.0,0.0,0.0,0.0,2,7000,0,0,0,0,0,1
CF,D076V,24.897617,141.699369,1,IJT,76.0,22.0,256.0,1.0,2,4000,0,0,0,0,0,0
TF,CF25,24.860922,141.577539,0, ,0.0,0.0,0.0,0.0,2,3000,0,0,0,0,1,0

FINAL,T25-X,25,D,3
IF,CF25,24.860922,141.577539,IJT,76.2,15.0,2,3000,0,0,0,0,0,0
CF,FF25,24.820233,141.437906,0,IJT,76.2,7.0,256.0,8.0,2,2336,0,0,0,0,2,0
CF,MA25,24.794167,141.348958,0,IJT,76.2,1.9,256.0,5.1,1,712,0,0,0,0,3,0
CA,0,256.0,2,900,0,0,0,0,0,0
CF,D150O,24.576444,141.469194,1,IJT,150.0,15.0,150.0,13.0,1,3000,0,0,0,0,0,0
HM,D150O,24.576444,141.469194,1, ,0.0,0.0,330.0,05,0,0,0,0,0,0,0,0,0

APPTR,T25-Y,25,TEZAN
IF,TEZAN,24.982450,141.997344, ,0.0,0.0,2,14000,0,0,0,0,1,0
TF,CF25,24.860922,141.577539,0, ,0.0,0.0,0.0,0.0,2,3000,0,0,0,0,1,0

FINAL,T25-Y,25,D,3
IF,CF25,24.860922,141.577539,IJT,76.2,15.0,2,3000,0,0,0,0,0,0
CF,FF25,24.820233,141.437906,0,IJT,76.2,7.0,256.0,8.0,2,2336,0,0,0,0,2,0
CF,MA25,24.794167,141.348958,0,IJT,76.2,1.9,256.0,5.1,1,712,0,0,0,0,3,0
CA,0,256.0,2,900,0,0,0,0,0,0
CF,D150O,24.576444,141.469194,1,IJT,150.0,15.0,150.0,13.0,1,3000,0,0,0,0,0,0
HM,D150O,24.576444,141.469194,1, ,0.0,0.0,330.0,05,0,0,0,0,0,0,0,0,0

APPTR,T25-Z,25,SAUNA
IF,SAUNA,24.861344,141.578633, ,0.0,0.0,2,3000,0,0,0,0,1,0
CF,FF25,24.820233,141.437906,0,IJT,76.2,7.0,256.0,8.1,2,2336,0,0,0,0,0,0

FINAL,T25-Z,25,D,2
IF,FF25,24.820233,141.437906,IJT,76.2,7.0,2,2336,0,0,0,0,2,0
CF,MA25,24.794167,141.348958,0,IJT,76.2,1.9,256.0,5.1,1,712,0,0,0,0,3,0
CA,0,256.0,2,900,0,0,0,0,0,0
CF,D150O,24.576444,141.469194,1,IJT,150.0,15.0,150.0,13.0,1,3000,0,0,0,0,0,0
HM,D150O,24.576444,141.469194,1, ,0.0,0.0,330.0,05,0,0,0,0,0,0,0,0,0

