SID,FRAIZ1,14,4
VA,0,144.0,2,600,0,0,0,0,0,0
DF,FRAIZ,33.963569,129.618639,0, ,0.0,0.0,2,6000,0,0,0,0,0,0

SID,FRAIZ1,32,4
VA,0,324.0,2,900,0,0,0,0,0,0
DF,DT200,34.354083,129.422528,2, ,0.0,0.0,0,0,0,0,0,0,0,0
TF,FRAIZ,33.963569,129.618639,0, ,0.0,0.0,0.0,0.0,2,6000,0,0,0,0,0,0

SID,IKE5,14,1
CA,0,143.0,2,900,0,0,0,0,0,0
CF,D153T,34.004467,129.561222,0,VCE,153.0,20.0,153.0,19.0,2,4000,0,0,0,0,0,0
TF,IKE,33.747511,129.776853,0, ,0.0,0.0,0.0,0.0,0,0,0,0,0,0,0,0

SID,IKE5,32,1
CA,0,323.0,2,710,0,0,0,0,0,0
VA,0,338.0,2,900,0,0,0,0,0,0
VI,2, ,0.0,198.0,0,0,0,0,0,0,0,0
CF,D153T,34.004467,129.561222,0,VCE,153.0,20.0,153.0,17.0,2,4000,0,0,0,0,0,0
TF,IKE,33.747511,129.776853,0, ,0.0,0.0,0.0,0.0,0,0,0,0,0,0,0,0

SID,LAGER2,14,1
CA,0,143.0,2,900,0,0,0,0,0,0
CF,LAGER,33.877314,130.251294,0,VCE,124.7,51.6,125.0,51.0,0,0,0,0,0,0,0,0

SID,LAGER2,32,1
CA,0,323.0,2,710,0,0,0,0,0,0
CA,0,338.0,2,900,0,0,0,0,0,0
VI,2, ,0.0,170.0,0,0,0,0,0,0,0,0
CF,LAGER,33.877314,130.251294,0,VCE,124.7,51.6,125.0,47.0,0,0,0,0,0,0,0,0

SID,SIYAT1,14,4
VA,0,144.0,2,900,0,0,0,0,0,0
DF,SIYAT,34.166489,129.599636,0, ,0.0,0.0,0,0,0,0,0,0,0,0
TF,LAGER,33.877314,130.251294,0, ,0.0,0.0,0.0,0.0,0,0,0,0,0,0,0,0

SID,SIYAT1,32,4
VA,0,324.0,2,900,0,0,0,0,0,0
DF,DT200,34.354083,129.422528,2, ,0.0,0.0,0,0,0,0,0,0,0,0
TF,SIYAT,34.166489,129.599636,0, ,0.0,0.0,0.0,0.0,0,0,0,0,0,0,0,0
TF,LAGER,33.877314,130.251294,0, ,0.0,0.0,0.0,0.0,0,0,0,0,0,0,0,0

STAR,OMDUK,ALL,5
IF,OMDUK,34.102061,129.515931, ,0.0,0.0,2,4000,0,0,0,0,0,0
TF,AGATA,34.173178,129.463283,0, ,0.0,0.0,0.0,0.0,2,3000,0,0,0,0,0,0

APPTR,D14,14,VCE
IF,VCE,34.281508,129.337011, ,0.0,0.0,2,3000,0,0,0,0,0,0
FD,VCE,34.281508,129.337011,0,VCE,0.0,8.0,345.0,8.0,0,0,0,1,200,0,0,0
CF,D323H,34.377042,129.224497,1,VCE,322.7,8.0,143.0,1.0,2,1800,0,0,0,0,0,0
TF,KOUJI,34.341253,129.266694,0, ,0.0,0.0,0.0,0.0,2,1653,0,0,0,0,0,0

FINAL,D14,14,D,3
IF,KOUJI,34.341253,129.266694,VCE,322.7,5.0,2,1653,0,0,0,0,2,0
CF,29VOR,34.316150,129.296253,0,VCE,322.7,2.9,143.0,2.1,2,940,0,0,0,0,0,0
CF,RW14,34.291053,129.323386,0,VCE,317.2,0.9,143.0,2.0,1,255,0,0,0,0,3,0
CF,VCE,34.281508,129.337011,0,VCE,0.0,0.0,143.0,0.9,0,0,0,0,0,0,0,0
FA,VCE,34.281508,129.337011,0,VCE,0.0,0.0,143.0,2,3000,0,0,0,0,0,0
DF,VCE,34.281508,129.337011,1, ,0.0,0.0,0,0,0,0,0,0,0,0
HM,VCE,34.281508,129.337011,2, ,0.0,0.0,323.0,04.3,0,0,0,1,250,0,0,0,0

APPTR,D32,32,VCE
IF,VCE,34.281508,129.337011, ,0.0,0.0,2,3000,0,0,0,0,0,0
FD,VCE,34.281508,129.337011,0,VCE,0.0,8.0,170.0,8.0,0,0,0,1,200,0,0,0
CF,D148H,34.177617,129.438075,1,VCE,148.0,8.0,328.0,1.0,2,2000,0,0,0,0,0,0
TF,MOROM,34.216561,129.400231,0, ,0.0,0.0,0.0,0.0,2,1727,0,0,0,0,0,0

FINAL,D32,32,D,2
IF,MOROM,34.216561,129.400231,VCE,148.0,5.0,2,1727,0,0,0,0,2,0
CF,RW32,34.278725,129.337714,0,VCE,175.2,0.2,328.0,4.8,1,232,0,0,0,0,3,0
CF,VCE,34.281508,129.337011,0,VCE,0.0,0.0,328.0,0.2,0,0,0,0,0,0,0,0
FA,VCE,34.281508,129.337011,0,VCE,0.0,0.0,328.0,2,3000,0,0,0,0,0,0
DF,VCE,34.281508,129.337011,1, ,0.0,0.0,0,0,0,0,0,0,0,0
HM,VCE,34.281508,129.337011,1, ,0.0,0.0,159.0,04.3,0,0,0,1,250,0,0,0,0

APPTR,L32-Y,32,VCE
IF,VCE,34.281508,129.337011, ,0.0,0.0,2,3000,0,0,0,0,0,0
FD,VCE,34.281508,129.337011,0,VCE,0.0,11.0,159.0,11.0,0,0,0,1,200,0,0,0
CF,CL32,34.211875,129.418086,1,IVC,143.0,6.8,323.0,5.2,2,1800,0,0,0,0,0,0

FINAL,L32-Y,32,D,3
IF,CL32,34.211875,129.418086,IVC,143.0,6.8,2,1800,0,0,0,0,0,0
CF,HAZEL,34.235117,129.389417,0,IVC,143.3,4.8,323.0,2.0,2,1348,0,0,0,0,2,0
CF,ML32,34.270939,129.347050,0,IVC,143.0,1.8,323.0,3.0,1,442,0,0,0,0,3,0
CA,0,323.0,2,710,0,0,0,0,0,0
FA,VCE,34.281508,129.337011,0,VCE,0.0,0.0,330.0,2,3000,0,0,0,0,0,0
DF,VCE,34.281508,129.337011,1, ,0.0,0.0,0,0,0,0,0,0,0,0
HM,VCE,34.281508,129.337011,1, ,0.0,0.0,159.0,04.3,2,3000,0,1,250,0,0,0,0

FINAL,L32-Z,32,D,3
IF,AGATA,34.173178,129.463283,IVC,143.3,10.0,2,3000,0,0,0,0,0,0
CF,HAZEL,34.235117,129.389417,0,IVC,143.3,4.8,323.0,5.2,2,1348,0,0,0,0,2,0
CF,ML32,34.270939,129.347050,0,IVC,143.0,1.8,323.0,3.0,1,442,0,0,0,0,3,0
CA,0,323.0,2,710,0,0,0,0,0,0
FA,VCE,34.281508,129.337011,0,VCE,0.0,0.0,330.0,2,3000,0,0,0,0,0,0
DF,VCE,34.281508,129.337011,1, ,0.0,0.0,0,0,0,0,0,0,0,0
HM,VCE,34.281508,129.337011,1, ,0.0,0.0,159.0,04.3,2,3000,0,1,250,0,0,0,0

APPTR,R14,14,AGATA
IF,AGATA,34.173178,129.463283, ,0.0,0.0,0,0,0,0,0,0,1,0
TF,DT452,34.268106,129.196225,0, ,0.0,0.0,0.0,0.0,2,2800,0,0,0,0,0,0
TF,DT451,34.322111,129.133244,0, ,0.0,0.0,0.0,0.0,2,1900,0,0,0,0,0,0
TF,SARUI,34.385992,129.212839,0, ,0.0,0.0,0.0,0.0,2,1600,0,1,210,0,1,0

FINAL,R14,14,R,4
IF,SARUI,34.385992,129.212839, ,0.0,0.0,2,1600,0,1,210,0,0,0
TF,ITTOK,34.330503,129.277494,0, ,0.0,0.0,144.0,4.6,2,1300,0,0,0,0,2,0
TF,DT450,34.310764,129.300467,0, ,0.0,0.0,144.0,1.6,2,776,0,0,0,0,0,0
TF,RW14,34.291053,129.323386,0, ,0.0,0.0,144.0,1.6,1,255,0,0,0,0,3,1
DF,DT453,34.249267,129.371925,0, ,0.0,0.0,0,0,0,0,0,0,0,1
DF,AGATA,34.173178,129.463283,0, ,0.0,0.0,1,3000,0,0,0,0,0,0
HM,AGATA,34.173178,129.463283,2, ,0.0,0.0,324.0,04.3,2,3000,0,1,230,0,0,0,0

APPTR,R32,32,AGATA
IF,AGATA,34.173178,129.463283, ,0.0,0.0,2,3000,0,0,0,0,1,0
TF,DT250,34.206061,129.422044,0, ,0.0,0.0,0.0,0.0,2,1200,0,1,200,0,1,0

FINAL,R32,32,R,3
IF,DT250,34.206061,129.422044, ,0.0,0.0,2,1200,0,1,200,0,0,0
TF,OMLAK,34.242158,129.380175,0, ,0.0,0.0,324.0,3.0,2,1200,0,0,0,0,2,0
TF,RW32,34.278725,129.337714,0, ,0.0,0.0,324.0,3.0,1,232,0,0,0,0,3,1
DF,DT251,34.314808,129.295761,0, ,0.0,0.0,0,0,0,0,0,0,0,1
DF,AGATA,34.173178,129.463283,2, ,0.0,0.0,1,3000,0,0,0,0,0,0
HM,AGATA,34.173178,129.463283,2, ,0.0,0.0,324.0,04.3,2,3000,0,1,230,0,0,0,0

