SID,AHT2R,12,1
CA,0,122.0,2,600,0,0,0,0,0,0
VI,1, ,0.0,360.0,0,0,0,0,0,0,0,0
FD,AHT,33.887428,130.649867,0,AHT,0.0,32.0,30.0,32.0,0,0,0,0,0,0,0,0
VI,1, ,0.0,180.0,0,0,0,0,0,0,0,0
CF,AHT,33.887428,130.649867,0,AHT,0.0,0.0,210.0,23.0,0,0,0,0,0,0,0,0

SID,AHT2R,30,1
CA,0,302.0,2,600,0,0,0,0,0,0
VI,2, ,0.0,60.0,0,0,0,0,0,0,0,0
FD,AHT,33.887428,130.649867,0,AHT,0.0,32.0,30.0,32.0,0,0,0,0,0,0,0,0
VI,1, ,0.0,180.0,0,0,0,0,0,0,0,0
CF,AHT,33.887428,130.649867,0,AHT,0.0,0.0,210.0,23.0,0,0,0,0,0,0,0,0

SID,AHT5E,12,1
CA,0,122.0,2,600,0,0,0,0,0,0
VI,1, ,0.0,360.0,0,0,0,0,0,0,0,0
CF,AHT23,34.243358,130.823083,0,AHT,30.0,23.0,30.0,16.0,2,8000,0,0,0,0,0,0

SID,AHT5E,30,1
CA,0,302.0,2,600,0,0,0,0,0,0
VI,2, ,0.0,60.0,0,0,0,0,0,0,0,0
CF,AHT23,34.243358,130.823083,0,AHT,30.0,23.0,30.0,17.0,2,8000,0,0,0,0,0,0

SID,AHT5E,ALL,2
IF,AHT23,34.243358,130.823083, ,0.0,0.0,2,8000,0,0,0,0,0,0
CF,IWT56,34.237258,131.038631,0,IWT,287.0,56.0,107.0,10.0,2,17000,0,0,0,0,0,0
TF,IWT41,34.196092,131.335997,0, ,0.0,0.0,0.0,0.0,0,0,0,0,0,0,0,0
TF,IWT,34.079900,132.147308,0, ,0.0,0.0,0.0,0.0,0,0,0,0,0,0,0,0

SID,MIT3,12,1
CA,0,122.0,2,600,0,0,0,0,0,0
VI,1, ,0.0,360.0,0,0,0,0,0,0,0,0
CF,AHT35,34.428956,130.914036,0,MIT,216.5,23.3,30.0,28.0,2,17000,0,0,0,0,0,0
TF,MIT,34.771667,131.138056,0, ,0.0,0.0,0.0,0.0,0,0,0,0,0,0,0,0

SID,MIT3,30,1
CA,0,302.0,2,600,0,0,0,0,0,0
VI,2, ,0.0,60.0,0,0,0,0,0,0,0,0
CF,AHT35,34.428956,130.914036,0,MIT,216.5,23.3,30.0,29.0,2,17000,0,0,0,0,0,0
TF,MIT,34.771667,131.138056,0, ,0.0,0.0,0.0,0.0,0,0,0,0,0,0,0,0

STAR,KANDA,ALL,2
IF,KANDA,33.821250,131.007281, ,0.0,0.0,2,12000,0,0,0,0,0,0
TF,DGC28,33.805172,130.933378,0, ,0.0,0.0,0.0,0.0,0,0,0,0,0,0,0,0
AF,FUTAO,34.119586,130.762669,1,AHT,30.0,15.0,117.0,2,12000,0,0,0,0,0,0

STAR,KANMO,ALL,2
IF,KANMO,33.825222,130.986228, ,0.0,0.0,2,5000,0,0,0,0,0,0
TF,D110L,33.845544,130.884747,0, ,0.0,0.0,0.0,0.0,0,0,0,0,0,0,0,0
AF,HEIWA,34.036217,130.810900,1,AHT,50.0,12.0,110.0,2,5000,0,0,0,0,0,0

APPTR,T12-Y,12,HEIWA
IF,HEIWA,34.036217,130.810900, ,0.0,0.0,2,5000,0,0,0,0,1,0
AF,D360L,34.085831,130.616353,1,AHT,360.0,12.0,50.0,2,4000,0,0,0,0,0,0
AF,CF12Y,33.942436,130.418778,1,AHT,294.0,12.0,360.0,3,1800,0,0,0,0,1,0

FINAL,T12-Y,12,D,3
IF,CF12Y,33.942436,130.418778,AHT,294.0,12.0,3,1800,0,0,0,0,0,0
CF,FF12,33.914986,130.534358,0,AHT,294.0,6.0,114.0,6.0,2,1500,0,0,0,0,2,0
CF,MA12,33.892028,130.630619,0,AHT,294.0,0.0,114.0,5.0,1,384,0,0,0,0,3,0
CF,AHT,33.887428,130.649867,0,AHT,0.0,0.0,114.0,1.0,0,0,0,0,0,0,0,0
CF,HEIWA,34.036217,130.810900,0,AHT,50.0,12.0,50.0,12.0,2,5000,0,0,0,0,0,0
HM,HEIWA,34.036217,130.810900,2, ,0.0,0.0,230.0,06,0,0,0,0,0,0,0,0,0

APPTR,T12-Z,12,FUTAO
IF,FUTAO,34.119586,130.762669, ,0.0,0.0,2,12000,0,0,0,0,1,0
AF,D360O,34.135431,130.607950,1,AHT,360.0,15.0,30.0,2,12000,0,0,0,0,0,0
AF,D320O,34.054806,130.426256,1,AHT,320.0,15.0,360.0,3,5000,0,0,0,0,0,0
AF,CF12Z,33.956122,130.360961,1,AHT,294.0,15.0,320.0,3,3000,0,0,0,0,1,0

FINAL,T12-Z,12,D,3
IF,CF12Z,33.956122,130.360961,AHT,294.0,15.0,3,3000,0,0,0,0,0,0
CF,FF12,33.914986,130.534358,0,AHT,294.0,6.0,114.0,9.0,2,1500,0,0,0,0,2,0
CF,MA12,33.892028,130.630619,0,AHT,294.0,0.0,114.0,5.0,1,384,0,0,0,0,3,0
CF,AHT,33.887428,130.649867,0,AHT,0.0,0.0,114.0,1.0,0,0,0,0,0,0,0,0
CF,HEIWA,34.036217,130.810900,0,AHT,50.0,12.0,50.0,12.0,2,5000,0,0,0,0,0,0
HM,HEIWA,34.036217,130.810900,2, ,0.0,0.0,230.0,06,0,0,0,0,0,0,0,0,0

