SID,AGRIT1,03,4
VA,0,33.0,2,700,0,0,0,0,0,0
DF,FE300,32.743611,128.876944,0, ,0.0,0.0,0,0,0,0,0,0,0,0
TF,AGRIT,32.775489,129.313467,0, ,0.0,0.0,0.0,0.0,0,0,0,0,0,0,0,0

SID,AGRIT1,21,4
VA,0,213.0,2,700,0,0,0,0,0,0
DF,FE100,32.568778,128.777250,0, ,0.0,0.0,0,0,0,0,0,0,0,0
TF,FE101,32.533917,128.862556,0, ,0.0,0.0,0.0,0.0,0,0,0,0,0,0,0,0
TF,AGRIT,32.775489,129.313467,0, ,0.0,0.0,0.0,0.0,0,0,0,0,0,0,0,0

SID,FUE3R,03,1
CA,0,33.0,2,2000,0,0,0,0,0,0
DF,FUE,32.668606,128.826736,2, ,0.0,0.0,0,0,0,0,0,0,0,0

SID,FUE3R,21,1
CA,0,213.0,2,2000,0,0,0,0,0,0
DF,FUE,32.668606,128.826736,1, ,0.0,0.0,0,0,0,0,0,0,0,0

SID,IKE5,03,1
CA,0,33.0,2,900,0,0,0,0,0,0
CF,IKE,33.747511,129.776853,0,IKE,0.0,0.0,43.0,80.0,0,0,0,0,0,0,0,0

SID,IKE5,21,1
CA,0,213.0,2,1300,0,0,0,0,0,0
VI,1, ,0.0,358.0,0,0,0,0,0,0,0,0
IF,FUE,32.668606,128.826736, ,0.0,0.0,0,0,0,0,0,0,0,0
TF,IKE,33.747511,129.776853,0, ,0.0,0.0,0.0,0.0,0,0,0,0,0,0,0,0

SID,OLE4,03,1
CA,0,33.0,2,1300,0,0,0,0,0,0
VI,2, ,0.0,127.0,0,0,0,0,0,0,0,0
CF,OLE,32.905247,129.917981,0,FUE,82.3,57.0,82.0,52.0,0,0,0,0,0,0,0,0

SID,OLE4,21,1
CA,0,213.0,2,1300,0,0,0,0,0,0
VI,1, ,0.0,37.0,0,0,0,0,0,0,0,0
CF,OLE,32.905247,129.917981,0,FUE,82.3,57.0,82.0,52.0,0,0,0,0,0,0,0,0

SID,OLVIN1,03,4
VA,0,33.0,2,700,0,0,0,0,0,0
DF,KAMIG,33.000561,129.115889,0, ,0.0,0.0,2,6000,0,0,0,0,0,0
TF,OLVIN,33.481531,129.539811,0, ,0.0,0.0,0.0,0.0,0,0,0,0,0,0,0,0

SID,OLVIN1,21,4
VA,0,213.0,2,700,0,0,0,0,0,0
DF,FE100,32.568778,128.777250,0, ,0.0,0.0,0,0,0,0,0,0,0,0
TF,FE102,32.523750,128.887417,0, ,0.0,0.0,0.0,0.0,0,0,0,0,0,0,0,0
TF,KAMIG,33.000561,129.115889,1, ,0.0,0.0,0.0,0.0,2,6000,0,0,0,0,0,0
TF,OLVIN,33.481531,129.539811,0, ,0.0,0.0,0.0,0.0,0,0,0,0,0,0,0,0

APPTR,D03,03,FUE
IF,FUE,32.668606,128.826736, ,0.0,0.0,2,3000,0,0,0,0,0,0
FD,FUE,32.668606,128.826736,0,FUE,0.0,10.0,219.0,10.0,2,2300,0,1,200,0,0,0
CF,BAHAN,32.578581,128.799275,1,FUE,201.5,5.6,21.0,4.4,2,1865,0,0,0,0,0,0

FINAL,D03,03,D,2
IF,BAHAN,32.578581,128.799275,FUE,201.5,5.6,2,1865,0,0,0,0,2,0
CF,MS03,32.641117,128.818344,0,FUE,201.5,1.7,21.0,3.9,1,630,0,0,0,0,3,0
CA,0,21.0,2,3000,0,0,0,0,0,0
DF,FUE,32.668606,128.826736,2, ,0.0,0.0,2,3000,0,0,0,0,0,0
HM,FUE,32.668606,128.826736,1, ,0.0,0.0,228.0,04.3,2,3000,0,1,230,0,0,0,0

APPTR,D21,21,FUE
IF,FUE,32.668606,128.826736, ,0.0,0.0,2,3000,0,0,0,0,0,0
FD,FUE,32.668606,128.826736,0,FUE,0.0,11.0,60.0,11.0,0,0,0,1,200,0,0,0
CF,HISAK,32.758731,128.906825,1,FUE,43.9,6.8,223.0,4.2,2,2282,0,0,0,0,0,0

FINAL,D21,21,D,3
IF,HISAK,32.758731,128.906825,FUE,43.9,6.8,2,2282,0,0,0,0,2,0
CF,40VOR,32.722019,128.874175,0,FUE,43.9,4.0,223.0,2.8,2,1407,0,0,0,0,0,0
CF,MS21,32.691308,128.846889,0,FUE,43.9,1.7,223.0,2.3,1,680,0,0,0,0,3,0
CF,FUE,32.668606,128.826736,0,FUE,0.0,0.0,223.0,1.7,0,0,0,0,0,0,0,0
FA,FUE,32.668606,128.826736,0,FUE,0.0,0.0,223.0,2,2000,0,0,0,0,0,0
DF,FUE,32.668606,128.826736,1, ,0.0,0.0,1,3000,0,0,0,0,0,0
HM,FUE,32.668606,128.826736,2, ,0.0,0.0,53.0,04.3,0,0,0,1,230,0,0,0,0

APPTR,L03,03,FUE
IF,FUE,32.668606,128.826736, ,0.0,0.0,2,3000,0,0,0,0,0,0
FD,FUE,32.668606,128.826736,0,FUE,0.0,10.0,228.0,10.0,0,0,0,1,200,0,0,0
CF,CF03,32.542486,128.762300,1,IFU,212.8,8.9,33.0,1.8,2,2500,0,0,0,0,0,0

FINAL,L03,03,D,3
IF,CF03,32.542486,128.762300,IFU,212.8,8.9,2,2500,0,0,0,0,0,0
CF,TOMIE,32.572308,128.779267,0,IFU,212.8,6.9,33.0,2.0,2,2089,0,0,0,0,2,0
CF,MA03,32.647794,128.822267,0,IFU,212.8,1.9,33.0,5.0,1,493,0,0,0,0,3,0
VA,0,33.0,2,3000,0,0,0,0,0,0
DF,FUE,32.668606,128.826736,2, ,0.0,0.0,2,3000,0,0,0,0,0,0
HM,FUE,32.668606,128.826736,1, ,0.0,0.0,228.0,04.3,2,3000,0,1,230,0,0,0,0

APPTR,L21-Y,21,FUE
IF,FUE,32.668606,128.826736, ,0.0,0.0,2,3000,0,0,0,0,0,0
FD,FUE,32.668606,128.826736,0,FUE,0.0,11.0,53.0,11.0,0,0,0,1,200,0,0,0
CF,CF21,32.788908,128.909369,1,IFE,36.2,8.2,216.0,2.7,2,2154,0,0,0,0,0,0

FINAL,L21-Y,21,D,4
IF,CF21,32.788908,128.909369,IFE,36.2,8.2,2,2154,0,0,0,0,0,0
CF,KONGO,32.759372,128.890678,0,IFE,36.2,6.2,216.0,2.0,2,2154,0,0,0,0,2,0
CF,30LOC,32.711703,128.860322,0,IFE,36.2,3.0,216.0,3.2,2,1120,0,0,0,0,0,0
CF,MA21,32.686686,128.844450,0,IFE,36.2,1.3,216.0,1.7,1,584,0,0,0,0,3,0
VA,0,216.0,2,2000,0,0,0,0,0,0
DF,FUE,32.668606,128.826736,1, ,0.0,0.0,1,3000,0,0,0,0,0,0
HM,FUE,32.668606,128.826736,2, ,0.0,0.0,53.0,04.3,2,3000,0,1,230,0,0,0,0

APPTR,L21-Z,21,CARCO
IF,CARCO,32.717147,129.046572, ,0.0,0.0,2,4000,0,0,0,0,1,0
AF,D047L,32.815636,128.972925,1,FUE,47.0,11.5,82.0,2,2200,0,0,0,0,0,0
VI,0,IFE,0.0,246.0,0,0,0,0,0,0,0,0

FINAL,L21-Z,21,D,4
IF,KAYKN,32.835572,128.939214,IFE,36.2,11.4,2,2200,0,0,0,0,0,0
CF,KONGO,32.759372,128.890678,0,IFE,36.2,6.2,216.0,5.2,2,2154,0,0,0,0,2,0
CF,30LOC,32.711703,128.860322,0,IFE,36.2,3.0,216.0,3.2,2,1120,0,0,0,0,0,0
CF,MA21,32.686686,128.844450,0,IFE,36.2,1.3,216.0,1.7,1,584,0,0,0,0,3,0
VA,0,216.0,2,2000,0,0,0,0,0,0
DF,FUE,32.668606,128.826736,1, ,0.0,0.0,1,3000,0,0,0,0,0,0
HM,FUE,32.668606,128.826736,2, ,0.0,0.0,53.0,04.3,2,3000,0,1,230,0,0,0,0

APPTR,R03,03,CARCO
IF,CARCO,32.717147,129.046572, ,0.0,0.0,2,4000,0,0,0,0,1,0
TF,FE350,32.499447,128.849669,0, ,0.0,0.0,0.0,0.0,0,0,0,0,0,0,0,0
TF,FE351,32.536531,128.758892,0, ,0.0,0.0,0.0,0.0,2,2000,0,1,185,0,1,0

FINAL,R03,03,R,3
IF,FE351,32.536531,128.758892, ,0.0,0.0,2,2000,0,1,185,0,0,0
TF,NENCH,32.590703,128.789747,0, ,0.0,0.0,33.0,3.6,2,1700,0,0,0,0,2,0
TF,FE352,32.638589,128.817025,0, ,0.0,0.0,33.0,3.2,1,688,0,0,0,0,3,1
DF,FE353,32.683731,128.842769,0, ,0.0,0.0,0,0,0,0,0,0,0,1
DF,CARCO,32.717147,129.046572,0, ,0.0,0.0,1,4000,0,0,0,0,0,0
HM,CARCO,32.717147,129.046572,2, ,0.0,0.0,198.0,04.3,2,4000,0,1,230,0,0,0,0

APPTR,R21,21,CARCO
IF,CARCO,32.717147,129.046572, ,0.0,0.0,2,4000,0,0,0,0,1,0
TF,FE150,32.774186,128.971314,0, ,0.0,0.0,0.0,0.0,0,0,0,0,0,0,0,0
TF,FE151,32.799650,128.909014,0, ,0.0,0.0,0.0,0.0,2,2200,0,1,210,0,1,0

FINAL,R21,21,R,3
IF,FE151,32.799650,128.909014, ,0.0,0.0,2,2200,0,1,210,0,0,0
TF,TATAR,32.739464,128.874594,0, ,0.0,0.0,213.0,4.0,2,1700,0,0,0,0,2,0
TF,FE152,32.693953,128.848603,0, ,0.0,0.0,213.0,3.0,1,738,0,0,0,0,3,1
DF,FE153,32.648747,128.822817,0, ,0.0,0.0,0,0,0,0,0,0,0,1
DF,CARCO,32.717147,129.046572,1, ,0.0,0.0,1,4000,0,0,0,0,0,0
HM,CARCO,32.717147,129.046572,2, ,0.0,0.0,198.0,04.3,2,4000,0,1,230,0,0,0,0

