SID,DGC4,16,1
CA,0,157.0,2,700,0,0,0,0,0,0
CF,YAMEK,33.351633,130.594311,0,DGC,160.1,22.0,160.0,15.0,2,5000,0,0,0,0,0,0
VI,2, ,0.0,329.0,0,0,0,0,0,0,0,0
CF,DGC,33.676208,130.389628,0,DGC,0.0,0.0,359.0,16.0,0,0,0,0,0,0,0,0

SID,DGC4,34,1
CA,0,337.0,2,530,0,0,0,0,0,0
DF,DGC,33.676208,130.389628,0, ,0.0,0.0,0,0,0,0,0,0,0,0

SID,HAKAT4,16,4
VA,0,158.0,2,500,0,0,0,0,0,0
DF,YAMEK,33.351633,130.594311,0, ,0.0,0.0,0,0,0,0,0,0,0,0
TF,FF601,33.308458,130.493517,0, ,0.0,0.0,0.0,0.0,0,0,0,0,0,0,0,0
TF,FF602,33.349458,130.427244,0, ,0.0,0.0,0.0,0.0,0,0,0,0,0,0,0,0
TF,DGC,33.676208,130.389628,0, ,0.0,0.0,0.0,0.0,0,0,0,0,0,0,0,0

SID,HAKAT4,34,4
VA,0,338.0,2,500,0,0,0,0,0,0
DF,DGC,33.676208,130.389628,0, ,0.0,0.0,0,0,0,0,0,0,0,0

SID,KURUM4,16,4
VA,0,158.0,2,500,0,0,0,0,0,0
DF,YAMEK,33.351633,130.594311,0, ,0.0,0.0,0,0,0,0,0,0,0,0

SID,KURUM4,34,4
VA,0,338.0,2,500,0,0,0,0,0,0
DF,FF401,33.658731,130.400903,0, ,0.0,0.0,0,0,0,0,0,0,0,0
TF,FF402,33.703414,130.494361,0, ,0.0,0.0,0.0,0.0,0,0,0,0,0,0,0,0
TF,FF403,33.640989,130.536994,0, ,0.0,0.0,0.0,0.0,0,0,0,0,0,0,0,0
TF,YURRY,33.439472,130.638283,0, ,0.0,0.0,0.0,0.0,0,0,0,0,0,0,0,0
TF,YAMEK,33.351633,130.594311,0, ,0.0,0.0,0.0,0.0,0,0,0,0,0,0,0,0

SID,KURUM4,BRUIN,6
IF,YAMEK,33.351633,130.594311, ,0.0,0.0,0,0,0,0,0,0,0,0
TF,BRUIN,33.102664,130.471778,0, ,0.0,0.0,0.0,0.0,0,0,0,0,0,0,0,0
TF,OMUTA,33.058944,130.450392,0, ,0.0,0.0,0.0,0.0,0,0,0,0,0,0,0,0

SID,KURUM4,GABAI,6
IF,YAMEK,33.351633,130.594311, ,0.0,0.0,0,0,0,0,0,0,0,0
TF,SGE,33.148619,130.292897,0, ,0.0,0.0,0.0,0.0,0,0,0,0,0,0,0,0

SID,KURUM4,GENKI,6
IF,YAMEK,33.351633,130.594311, ,0.0,0.0,0,0,0,0,0,0,0,0
TF,DAIZE,33.265556,130.459347,0, ,0.0,0.0,0.0,0.0,0,0,0,0,0,0,0,0
TF,IKE,33.747511,129.776853,0, ,0.0,0.0,0.0,0.0,0,0,0,0,0,0,0,0

SID,MORIO4,16,4
VA,0,158.0,2,500,0,0,0,0,0,0
DF,FF603,33.272325,130.646469,0, ,0.0,0.0,3,20000,0,0,0,0,0,0
TF,YAMGA,33.101644,130.752025,0, ,0.0,0.0,0.0,0.0,2,13000,0,0,0,0,0,0

SID,MORIO4,34,4
VA,0,338.0,2,500,0,0,0,0,0,0
DF,FF401,33.658731,130.400903,0, ,0.0,0.0,0,0,0,0,0,0,0,0
TF,FF402,33.703414,130.494361,0, ,0.0,0.0,0.0,0.0,0,0,0,0,0,0,0,0
TF,FF403,33.640989,130.536994,0, ,0.0,0.0,0.0,0.0,0,0,0,0,0,0,0,0
TF,YURRY,33.439472,130.638283,0, ,0.0,0.0,0.0,0.0,0,0,0,0,0,0,0,0
TF,FF405,33.284539,130.690486,0, ,0.0,0.0,0.0,0.0,3,20000,0,0,0,0,0,0
TF,YAMGA,33.101644,130.752025,0, ,0.0,0.0,0.0,0.0,2,13000,0,0,0,0,0,0

SID,MORIO4,SAKRA,6
IF,YAMGA,33.101644,130.752025, ,0.0,0.0,2,13000,0,0,0,0,0,0
TF,KUE,32.834803,130.841514,0, ,0.0,0.0,0.0,0.0,0,0,0,0,0,0,0,0

SID,MORIO4,SATSA,6
IF,YAMGA,33.101644,130.752025, ,0.0,0.0,2,13000,0,0,0,0,0,0
TF,KEIKA,32.910875,130.728683,0, ,0.0,0.0,0.0,0.0,3,18000,0,0,0,0,0,0
TF,IPUDO,32.256289,130.649497,0, ,0.0,0.0,0.0,0.0,0,0,0,0,0,0,0,0
TF,AJISE,31.979747,130.616453,0, ,0.0,0.0,0.0,0.0,0,0,0,0,0,0,0,0
TF,HKC,31.697222,130.582942,0, ,0.0,0.0,0.0,0.0,0,0,0,0,0,0,0,0

SID,OGUNI8,16,1
CA,0,157.0,2,700,0,0,0,0,0,0
CF,DG28B,33.263053,130.650769,0,DGC,160.0,28.0,160.0,21.0,4,20000,15000,0,0,0,0,0
TF,DGC30,33.233586,130.669478,0, ,0.0,0.0,0.0,0.0,0,0,0,0,0,0,0,1
VI,0, ,0.0,121.0,0,0,0,0,0,0,0,0
CF,OGUNI,33.210722,130.876817,0,TFE,255.9,46.0,76.0,5.0,0,0,0,0,0,0,0,0

SID,OGUNI8,34,1
CA,0,337.0,2,3000,0,0,0,0,0,0
CI,2, ,0.0,176.0,0,0,0,0,0,0,0,0
CF,D146I,33.563419,130.508331,0,DGC,146.6,9.0,146.0,1.0,3,10000,0,0,0,0,0,0
TF,DG28A,33.324947,130.757933,0, ,0.0,0.0,0.0,0.0,3,20000,0,0,0,0,0,0
TF,OGUNI,33.210722,130.876817,0, ,0.0,0.0,0.0,0.0,2,15000,0,0,0,0,0,0

SID,OGUNI8,TFE,3
IF,OGUNI,33.210722,130.876817, ,0.0,0.0,0,0,0,0,0,0,0,0
TF,TFE30,33.308275,131.172072,0, ,0.0,0.0,0.0,0.0,2,17000,0,0,0,0,0,0
TF,TFE,33.489714,131.728756,0, ,0.0,0.0,0.0,0.0,0,0,0,0,0,0,0,0

SID,YAMEK9,16,1
CA,0,157.0,2,700,0,0,0,0,0,0
CF,YAMEK,33.351633,130.594311,0,DGC,160.1,22.0,160.0,15.0,2,5000,0,0,0,0,0,1

SID,YAMEK9,34,1
CA,0,337.0,2,3000,0,0,0,0,0,0
CI,2, ,0.0,176.0,0,0,0,0,0,0,0,0
CF,D146I,33.563419,130.508331,0,DGC,146.6,9.0,146.0,1.0,3,10000,0,0,0,0,0,0
TF,D146R,33.455544,130.621481,0, ,0.0,0.0,0.0,0.0,0,0,0,0,0,0,0,1
CI,0, ,0.0,193.0,0,0,0,0,0,0,0,0
CF,YAMEK,33.351633,130.594311,0,SGE,58.2,19.4,238.0,2.0,2,5000,0,0,0,0,0,1

SID,YAMEK9,IKE,3
IF,YAMEK,33.351633,130.594311, ,0.0,0.0,0,0,0,0,0,0,0,0
TF,IKE37,33.436953,130.415031,0, ,0.0,0.0,0.0,0.0,2,6000,0,0,0,0,0,0
TF,IKE,33.747511,129.776853,0, ,0.0,0.0,0.0,0.0,0,0,0,0,0,0,0,0

SID,YAMEK9,MIZMA,3
IF,YAMEK,33.351633,130.594311, ,0.0,0.0,0,0,0,0,0,0,0,0
TF,MIZMA,33.242769,130.432367,0, ,0.0,0.0,0.0,0.0,2,8000,0,0,0,0,0,0

SID,YAMEK9,SGE,3
IF,YAMEK,33.351633,130.594311, ,0.0,0.0,0,0,0,0,0,0,0,0
TF,SGE,33.148619,130.292897,0, ,0.0,0.0,0.0,0.0,0,0,0,0,0,0,0,0

SID,YAMGA7,16,1
CA,0,158.0,2,700,0,0,0,0,0,0
CF,DG28B,33.263053,130.650769,0,DGC,160.0,28.0,160.0,21.0,3,20000,0,0,0,0,0,0
TF,YAMGA,33.101644,130.752025,0, ,0.0,0.0,0.0,0.0,2,13000,0,0,0,0,0,0

SID,YAMGA7,34,1
CA,0,338.0,2,3000,0,0,0,0,0,0
CI,2, ,0.0,176.0,0,0,0,0,0,0,0,0
CF,D146I,33.563419,130.508331,0,DGC,146.6,9.0,146.0,1.0,3,10000,0,0,0,0,0,0
TF,YURRY,33.439472,130.638283,0, ,0.0,0.0,0.0,0.0,0,0,0,0,0,0,0,0
TF,KUE28,33.284764,130.690558,0, ,0.0,0.0,0.0,0.0,3,20000,0,0,0,0,0,0
TF,YAMGA,33.101644,130.752025,0, ,0.0,0.0,0.0,0.0,2,13000,0,0,0,0,0,0

SID,YAMGA7,HKC,3
IF,YAMGA,33.101644,130.752025, ,0.0,0.0,0,0,0,0,0,0,0,0
TF,KEIKA,32.910875,130.728683,0, ,0.0,0.0,0.0,0.0,3,18000,0,0,0,0,0,0
TF,IPUDO,32.256289,130.649497,0, ,0.0,0.0,0.0,0.0,0,0,0,0,0,0,0,0
TF,AJISE,31.979747,130.616453,0, ,0.0,0.0,0.0,0.0,0,0,0,0,0,0,0,0
TF,HKC,31.697222,130.582942,0, ,0.0,0.0,0.0,0.0,0,0,0,0,0,0,0,0

SID,YAMGA7,KUE,3
IF,YAMGA,33.101644,130.752025, ,0.0,0.0,0,0,0,0,0,0,0,0
TF,ABECK,32.903744,130.818442,0, ,0.0,0.0,0.0,0.0,0,0,0,0,0,0,0,0
TF,KUE,32.834803,130.841514,0, ,0.0,0.0,0.0,0.0,0,0,0,0,0,0,0,0

SID,YOKAT5,16,4
VA,0,158.0,2,500,0,0,0,0,0,0
DF,UMAKA,33.262369,130.652297,0, ,0.0,0.0,3,20000,0,0,0,0,0,0
TF,YOKAT,33.306661,130.831892,0, ,0.0,0.0,0.0,0.0,2,10000,0,0,0,0,0,0

SID,YOKAT5,34,4
VA,0,338.0,2,500,0,0,0,0,0,0
DF,FF401,33.658731,130.400903,0, ,0.0,0.0,0,0,0,0,0,0,0,0
TF,FF402,33.703414,130.494361,0, ,0.0,0.0,0.0,0.0,0,0,0,0,0,0,0,0
TF,FF403,33.640989,130.536994,0, ,0.0,0.0,0.0,0.0,0,0,0,0,0,0,0,0
TF,YURRY,33.439472,130.638283,0, ,0.0,0.0,0.0,0.0,0,0,0,0,0,0,0,0
TF,FF404,33.342311,130.779925,0, ,0.0,0.0,0.0,0.0,3,20000,0,0,0,0,0,0
TF,YOKAT,33.306661,130.831892,0, ,0.0,0.0,0.0,0.0,2,10000,0,0,0,0,0,0

SID,YOKAT5,BRAID,6
IF,YOKAT,33.306661,130.831892, ,0.0,0.0,2,10000,0,0,0,0,0,0
TF,KOHZA,33.352925,131.021128,0, ,0.0,0.0,0.0,0.0,2,14000,0,0,0,0,0,0
TF,BRAID,33.384897,131.153083,0, ,0.0,0.0,0.0,0.0,2,17000,0,0,0,0,0,0
TF,MARCO,34.079456,132.147269,0, ,0.0,0.0,0.0,0.0,0,0,0,0,0,0,0,0

SID,YOKAT5,MYE,6
IF,YOKAT,33.306661,130.831892, ,0.0,0.0,2,10000,0,0,0,0,0,0
TF,KOHZA,33.352925,131.021128,0, ,0.0,0.0,0.0,0.0,2,14000,0,0,0,0,0,0
TF,BRAID,33.384897,131.153083,0, ,0.0,0.0,0.0,0.0,2,17000,0,0,0,0,0,0
TF,MYE,33.830103,132.692222,0, ,0.0,0.0,0.0,0.0,0,0,0,0,0,0,0,0

SID,YOKAT5,SABAR,6
IF,YOKAT,33.306661,130.831892, ,0.0,0.0,2,10000,0,0,0,0,0,0
TF,AMAGA,33.286653,131.039903,0, ,0.0,0.0,0.0,0.0,2,14000,0,0,0,0,0,0
TF,HOSEN,33.273814,131.171472,0, ,0.0,0.0,0.0,0.0,2,17000,0,0,0,0,0,0
TF,RUISA,33.240517,131.506122,0, ,0.0,0.0,0.0,0.0,0,0,0,0,0,0,0,0
TF,SABAR,33.175939,132.130367,0, ,0.0,0.0,0.0,0.0,0,0,0,0,0,0,0,0

SID,YOKAT5,SALTY,6
IF,YOKAT,33.306661,130.831892, ,0.0,0.0,2,10000,0,0,0,0,0,0
TF,KOHZA,33.352925,131.021128,0, ,0.0,0.0,0.0,0.0,2,14000,0,0,0,0,0,0
TF,BRAID,33.384897,131.153083,0, ,0.0,0.0,0.0,0.0,2,17000,0,0,0,0,0,0
TF,SALTY,33.852681,132.925222,0, ,0.0,0.0,0.0,0.0,0,0,0,0,0,0,0,0

SID,YOKAT5,SPIDE,6
IF,YOKAT,33.306661,130.831892, ,0.0,0.0,2,10000,0,0,0,0,0,0
TF,KOHZA,33.352925,131.021128,0, ,0.0,0.0,0.0,0.0,2,14000,0,0,0,0,0,0
TF,BRAID,33.384897,131.153083,0, ,0.0,0.0,0.0,0.0,2,17000,0,0,0,0,0,0
TF,LUFFY,33.553342,132.310372,0, ,0.0,0.0,0.0,0.0,0,0,0,0,0,0,0,0
TF,SPIDE,33.644503,132.971667,0, ,0.0,0.0,0.0,0.0,0,0,0,0,0,0,0,0

SID,YOKAT5,YANKS,6
IF,YOKAT,33.306661,130.831892, ,0.0,0.0,2,10000,0,0,0,0,0,0
TF,KOHZA,33.352925,131.021128,0, ,0.0,0.0,0.0,0.0,2,14000,0,0,0,0,0,0
TF,BRAID,33.384897,131.153083,0, ,0.0,0.0,0.0,0.0,2,17000,0,0,0,0,0,0
TF,LUFFY,33.553342,132.310372,0, ,0.0,0.0,0.0,0.0,0,0,0,0,0,0,0,0
TF,CHOPP,33.853050,133.420969,0, ,0.0,0.0,0.0,0.0,0,0,0,0,0,0,0,0
TF,SANJI,33.916228,133.661122,0, ,0.0,0.0,0.0,0.0,0,0,0,0,0,0,0,0
TF,YANKS,34.130275,134.490361,0, ,0.0,0.0,0.0,0.0,0,0,0,0,0,0,0,0

STAR,ATSAG,16,5
IF,ATSAG,33.664775,129.702917, ,0.0,0.0,0,0,0,0,0,0,0,0
TF,IKE,33.747511,129.776853,0, ,0.0,0.0,0.0,0.0,0,0,0,0,0,0,0,0
TF,OSPUN,33.823144,129.882264,0, ,0.0,0.0,0.0,0.0,1,6000,0,1,210,0,0,0
TF,FF662,33.878111,129.957611,0, ,0.0,0.0,0.0,0.0,0,0,0,0,0,0,0,0
TF,FF663,33.983222,130.020111,0, ,0.0,0.0,0.0,0.0,0,0,0,0,0,0,0,0
TF,FF664,34.060278,130.126306,0, ,0.0,0.0,0.0,0.0,0,0,0,0,0,0,0,0
TF,FF665,34.097528,130.259972,0, ,0.0,0.0,0.0,0.0,0,0,0,0,0,0,0,0
TF,SEDKA,34.089211,130.400586,0, ,0.0,0.0,0.0,0.0,1,6000,0,1,210,0,0,0
TF,ENTIX,33.799300,130.305261,2, ,0.0,0.0,0.0,0.0,2,2000,0,0,0,0,0,0

STAR,EBISU,ALL,2
IF,EBISU,34.038928,130.591022, ,0.0,0.0,0,0,0,0,0,0,0,0
TF,D338P,33.909825,130.227786,0, ,0.0,0.0,0.0,0.0,0,0,0,0,0,0,0,0
TF,LAGER,33.877314,130.251294,1, ,0.0,0.0,0.0,0.0,2,3000,0,0,0,0,0,0
TF,MALTS,33.755778,130.334983,0, ,0.0,0.0,0.0,0.0,2,2000,0,0,0,0,0,0

STAR,HAWKSE,34,5
IF,KIRIN,34.121647,130.822031, ,0.0,0.0,2,12000,0,0,0,0,0,0
TF,ITODA,33.711731,130.725847,0, ,0.0,0.0,0.0,0.0,4,10000,8000,0,0,0,0,0
TF,KAHOC,33.479831,130.671889,0, ,0.0,0.0,0.0,0.0,2,7000,0,0,0,0,0,0
TF,DAZAI,33.366903,130.702242,0, ,0.0,0.0,0.0,0.0,2,5000,0,0,0,0,0,0
TF,HAWKS,33.329997,130.624992,0, ,0.0,0.0,0.0,0.0,2,4000,0,0,0,0,0,0

STAR,HAWKSN,34,5
IF,KIRIN,34.121647,130.822031, ,0.0,0.0,0,0,0,0,0,0,0,0
TF,EBISU,34.038928,130.591022,0, ,0.0,0.0,0.0,0.0,2,12000,0,0,0,0,0,0
TF,LAGER,33.877314,130.251294,0, ,0.0,0.0,0.0,0.0,2,6000,0,0,0,0,0,0
TF,NOKOH,33.697086,130.211142,0, ,0.0,0.0,0.0,0.0,0,0,0,0,0,0,0,0
TF,BEAMA,33.562964,130.324672,0, ,0.0,0.0,0.0,0.0,0,0,0,0,0,0,0,0
TF,SOFTO,33.428742,130.437853,0, ,0.0,0.0,0.0,0.0,0,0,0,0,0,0,0,0
TF,BANKU,33.294425,130.550692,0, ,0.0,0.0,0.0,0.0,2,5000,0,1,210,0,0,0
TF,HAWKS,33.329997,130.624992,0, ,0.0,0.0,0.0,0.0,2,4000,0,0,0,0,0,0

STAR,HAWKSS,34,5
IF,OSTEP,33.142169,130.442239, ,0.0,0.0,0,0,0,0,0,0,0,0
TF,HONOK,33.335094,130.279942,0, ,0.0,0.0,0.0,0.0,2,7000,0,0,0,0,0,0
TF,AMAOH,33.469178,130.166628,0, ,0.0,0.0,0.0,0.0,0,0,0,0,0,0,0,0
TF,KEYAH,33.603161,130.052969,0, ,0.0,0.0,0.0,0.0,0,0,0,0,0,0,0,0
TF,NOKOH,33.697086,130.211142,0, ,0.0,0.0,0.0,0.0,0,0,0,0,0,0,0,0
TF,BEAMA,33.562964,130.324672,0, ,0.0,0.0,0.0,0.0,0,0,0,0,0,0,0,0
TF,SOFTO,33.428742,130.437853,0, ,0.0,0.0,0.0,0.0,0,0,0,0,0,0,0,0
TF,BANKU,33.294425,130.550692,0, ,0.0,0.0,0.0,0.0,2,5000,0,1,210,0,0,0
TF,HAWKS,33.329997,130.624992,0, ,0.0,0.0,0.0,0.0,2,4000,0,0,0,0,0,0

STAR,HAWKSW,34,5
IF,IKE,33.747511,129.776853, ,0.0,0.0,0,0,0,0,0,0,0,0
TF,ORONN,33.808642,130.116383,0, ,0.0,0.0,0.0,0.0,0,0,0,0,0,0,0,0
TF,NOKOH,33.697086,130.211142,0, ,0.0,0.0,0.0,0.0,0,0,0,0,0,0,0,0
TF,BEAMA,33.562964,130.324672,0, ,0.0,0.0,0.0,0.0,0,0,0,0,0,0,0,0
TF,SOFTO,33.428742,130.437853,0, ,0.0,0.0,0.0,0.0,0,0,0,0,0,0,0,0
TF,BANKU,33.294425,130.550692,0, ,0.0,0.0,0.0,0.0,2,5000,0,1,210,0,0,0
TF,HAWKS,33.329997,130.624992,0, ,0.0,0.0,0.0,0.0,2,4000,0,0,0,0,0,0

STAR,IKE,ALL,2
IF,IKE,33.747511,129.776853, ,0.0,0.0,0,0,0,0,0,0,0,0
TF,D338P,33.909825,130.227786,0, ,0.0,0.0,0.0,0.0,0,0,0,0,0,0,0,0
TF,LAGER,33.877314,130.251294,0, ,0.0,0.0,0.0,0.0,2,3000,0,0,0,0,0,0
TF,MALTS,33.755778,130.334983,0, ,0.0,0.0,0.0,0.0,2,2000,0,0,0,0,0,0

STAR,ISKUP,16,5
IF,ISKUP,33.479806,129.846286, ,0.0,0.0,0,0,0,0,0,0,0,0
TF,AKSIL,33.772183,129.978556,0, ,0.0,0.0,0.0,0.0,1,7000,0,1,210,0,0,0
TF,FF658,33.871583,129.986611,0, ,0.0,0.0,0.0,0.0,0,0,0,0,0,0,0,0
TF,FF659,33.967917,130.043917,0, ,0.0,0.0,0.0,0.0,0,0,0,0,0,0,0,0
TF,FF660,34.038556,130.141250,0, ,0.0,0.0,0.0,0.0,0,0,0,0,0,0,0,0
TF,FF661,34.072667,130.263750,0, ,0.0,0.0,0.0,0.0,0,0,0,0,0,0,0,0
TF,PIKOP,34.065056,130.392617,0, ,0.0,0.0,0.0,0.0,1,7000,0,1,210,0,0,0
TF,ENTIX,33.799300,130.305261,2, ,0.0,0.0,0.0,0.0,2,2000,0,0,0,0,0,0

STAR,ISKUPS,34,5
IF,ISKUP,33.479806,129.846286, ,0.0,0.0,2,7000,0,0,0,0,0,0
TF,KEYAH,33.603161,130.052969,0, ,0.0,0.0,0.0,0.0,0,0,0,0,0,0,0,0
TF,NOKOH,33.697086,130.211142,0, ,0.0,0.0,0.0,0.0,0,0,0,0,0,0,0,0
TF,BEAMA,33.562964,130.324672,0, ,0.0,0.0,0.0,0.0,0,0,0,0,0,0,0,0
TF,SOFTO,33.428742,130.437853,0, ,0.0,0.0,0.0,0.0,0,0,0,0,0,0,0,0
TF,BANKU,33.294425,130.550692,0, ,0.0,0.0,0.0,0.0,2,5000,0,1,210,0,0,0
TF,HAWKS,33.329997,130.624992,0, ,0.0,0.0,0.0,0.0,2,4000,0,0,0,0,0,0

STAR,KAFRIE,ALL,2
IF,EBISU,34.038928,130.591022, ,0.0,0.0,0,0,0,0,0,0,0,0
TF,SGE44,33.857267,130.081081,0, ,0.0,0.0,0.0,0.0,0,0,0,0,0,0,0,0
TF,SGE36,33.731769,130.118853,0, ,0.0,0.0,0.0,0.0,4,10000,7000,0,0,0,0,0
TF,KAFRI,33.555789,130.171578,0, ,0.0,0.0,0.0,0.0,0,0,0,0,0,0,0,0
TF,KUE35,33.295800,130.414819,0, ,0.0,0.0,0.0,0.0,2,6000,0,0,0,0,0,0
TF,KUE31,33.242514,130.464442,0, ,0.0,0.0,0.0,0.0,0,0,0,0,0,0,0,0
TF,HAWKS,33.329997,130.624992,0, ,0.0,0.0,0.0,0.0,2,4000,0,0,0,0,0,0

STAR,KAFRIW,ALL,2
IF,IKE,33.747511,129.776853, ,0.0,0.0,0,0,0,0,0,0,0,0
TF,SGE44,33.857267,130.081081,0, ,0.0,0.0,0.0,0.0,0,0,0,0,0,0,0,0
TF,SGE36,33.731769,130.118853,2, ,0.0,0.0,0.0,0.0,4,10000,7000,0,0,0,0,0
TF,KAFRI,33.555789,130.171578,0, ,0.0,0.0,0.0,0.0,0,0,0,0,0,0,0,0
TF,KUE35,33.295800,130.414819,0, ,0.0,0.0,0.0,0.0,2,6000,0,0,0,0,0,0
TF,KUE31,33.242514,130.464442,0, ,0.0,0.0,0.0,0.0,0,0,0,0,0,0,0,0
TF,HAWKS,33.329997,130.624992,0, ,0.0,0.0,0.0,0.0,2,4000,0,0,0,0,0,0

STAR,KIRIN,16,5
IF,KIRIN,34.121647,130.822031, ,0.0,0.0,2,12000,0,0,0,0,0,0
TF,IDOLI,33.990600,130.596303,0, ,0.0,0.0,0.0,0.0,0,0,0,0,0,0,0,0
TF,ANBIM,33.997100,130.489581,0, ,0.0,0.0,0.0,0.0,1,8000,0,1,210,0,0,0
TF,FF654,34.040889,130.384667,0, ,0.0,0.0,0.0,0.0,0,0,0,0,0,0,0,0
TF,FF655,34.047833,130.267528,0, ,0.0,0.0,0.0,0.0,0,0,0,0,0,0,0,0
TF,FF656,34.016806,130.156194,0, ,0.0,0.0,0.0,0.0,0,0,0,0,0,0,0,0
TF,FF657,33.952611,130.067722,0, ,0.0,0.0,0.0,0.0,0,0,0,0,0,0,0,0
TF,MUGPO,33.865047,130.015597,0, ,0.0,0.0,0.0,0.0,1,8000,0,1,210,0,0,0
TF,ENTIX,33.799300,130.305261,1, ,0.0,0.0,0.0,0.0,2,2000,0,0,0,0,0,0

STAR,LAGER,16,2
IF,LAGER,33.877314,130.251294, ,0.0,0.0,2,3000,0,0,0,0,0,0
TF,MALTS,33.755778,130.334983,0, ,0.0,0.0,0.0,0.0,2,2000,0,0,0,0,0,0

STAR,OSTEP,16,5
IF,OSTEP,33.142169,130.442239, ,0.0,0.0,0,0,0,0,0,0,0,0
TF,HONOK,33.335094,130.279942,0, ,0.0,0.0,0.0,0.0,0,0,0,0,0,0,0,0
TF,AMAOH,33.469178,130.166628,0, ,0.0,0.0,0.0,0.0,0,0,0,0,0,0,0,0
TF,KEYAH,33.603161,130.052969,0, ,0.0,0.0,0.0,0.0,0,0,0,0,0,0,0,0
TF,AKSIL,33.772183,129.978556,0, ,0.0,0.0,0.0,0.0,1,7000,0,1,210,0,0,0
TF,FF658,33.871583,129.986611,0, ,0.0,0.0,0.0,0.0,0,0,0,0,0,0,0,0
TF,FF659,33.967917,130.043917,0, ,0.0,0.0,0.0,0.0,0,0,0,0,0,0,0,0
TF,FF660,34.038556,130.141250,0, ,0.0,0.0,0.0,0.0,0,0,0,0,0,0,0,0
TF,FF661,34.072667,130.263750,0, ,0.0,0.0,0.0,0.0,0,0,0,0,0,0,0,0
TF,PIKOP,34.065056,130.392617,0, ,0.0,0.0,0.0,0.0,1,7000,0,1,210,0,0,0
TF,ENTIX,33.799300,130.305261,2, ,0.0,0.0,0.0,0.0,2,2000,0,0,0,0,0,0

STAR,SARUP,16,5
IF,SARUP,33.835656,129.712422, ,0.0,0.0,0,0,0,0,0,0,0,0
TF,OSPUN,33.823144,129.882264,0, ,0.0,0.0,0.0,0.0,1,6000,0,1,210,0,0,0
TF,FF662,33.878111,129.957611,0, ,0.0,0.0,0.0,0.0,0,0,0,0,0,0,0,0
TF,FF663,33.983222,130.020111,0, ,0.0,0.0,0.0,0.0,0,0,0,0,0,0,0,0
TF,FF664,34.060278,130.126306,0, ,0.0,0.0,0.0,0.0,0,0,0,0,0,0,0,0
TF,FF665,34.097528,130.259972,0, ,0.0,0.0,0.0,0.0,0,0,0,0,0,0,0,0
TF,SEDKA,34.089211,130.400586,0, ,0.0,0.0,0.0,0.0,1,6000,0,1,210,0,0,0
TF,ENTIX,33.799300,130.305261,2, ,0.0,0.0,0.0,0.0,2,2000,0,0,0,0,0,0

APPTR,D16,16,DGC
IF,DGC,33.676208,130.389628, ,0.0,0.0,2,5000,0,0,0,0,1,0
FD,DGC,33.676208,130.389628,0,DGC,0.0,11.0,322.0,11.0,0,0,0,0,0,0,0,0
CF,CS16,33.835219,130.279581,2,DGC,338.0,11.0,158.0,1.0,2,1800,0,0,0,0,0,0

FINAL,D16,16,D,3
IF,CS16,33.835219,130.279581,DGC,338.0,11.0,2,1800,0,0,0,0,0,0
CF,DGC,33.676208,130.389628,0,DGC,0.0,0.0,158.0,11.0,2,1750,0,0,0,0,2,0
CF,RW16,33.596919,130.443186,0,DGC,158.5,5.5,158.0,5.5,1,73,0,0,0,0,3,0
CF,YAMEK,33.351633,130.594311,0,DGC,160.1,22.0,160.0,16.5,2,5000,0,0,0,0,0,0
VI,2, ,0.0,353.0,0,0,0,0,0,0,0,0
CF,IKE37,33.436953,130.415031,0,IKE,128.0,37.0,308.0,6.0,1,6000,0,0,0,0,0,1
TF,IKE,33.747511,129.776853,0, ,0.0,0.0,0.0,0.0,0,0,0,0,0,0,0,0
HM,IKE,33.747511,129.776853,1, ,0.0,0.0,74.0,04.3,0,0,0,1,230,0,0,0,0

APPTR,I16,16,ENTIX
IF,ENTIX,33.799300,130.305261, ,0.0,0.0,2,2000,0,0,0,0,1,0
TF,MALTS,33.755778,130.334983,0,IFO,0.0,0.0,0.0,0.0,2,2000,0,0,0,0,0,0

FINAL,I16,16,I,3
IF,MALTS,33.755778,130.334983,IFO,338.4,12.6,2,2000,0,0,0,0,0,0
CF,AINOS,33.683206,130.384144,0,IFO,338.2,7.6,158.0,5.0,1,2000,0,0,0,0,2,0
CF,RW16,33.596919,130.443186,0,IFO,338.2,1.7,158.0,6.0,1,73,0,0,0,0,3,0
VA,0,158.0,2,1600,0,0,0,0,0,0
CF,YAMEK,33.351633,130.594311,0,DGC,160.1,22.0,160.0,14.0,2,5000,0,0,0,0,0,0
VI,2, ,0.0,353.0,0,0,0,0,0,0,0,0
CF,IKE37,33.436953,130.415031,0,IKE,128.0,37.0,308.0,6.0,1,6000,0,0,0,0,0,1
CF,IKE,33.747511,129.776853,0,IKE,0.0,0.0,308.0,37.0,0,0,0,0,0,0,0,0
HM,IKE,33.747511,129.776853,1, ,0.0,0.0,74.0,04.3,0,0,0,1,230,0,0,0,0

FINAL,I34,34,I,3
IF,HAWKS,33.329997,130.624992,IFF,158.2,18.5,2,4000,0,0,0,0,0,0
CF,UGOLU,33.402425,130.575783,0,IFF,158.2,13.5,338.0,5.0,1,4000,0,0,0,0,2,0
CF,RW34,33.574967,130.458186,0,IFF,158.2,1.6,338.0,11.9,1,86,0,0,0,0,3,0
CA,0,338.0,2,530,0,0,0,0,0,0
DF,DGC,33.676208,130.389628,0, ,0.0,0.0,0,0,0,0,0,0,0,0
CF,IKE,33.747511,129.776853,0,IKE,0.0,0.0,286.0,31.0,1,4000,0,0,0,0,0,0
HM,IKE,33.747511,129.776853,1, ,0.0,0.0,74.0,04.3,2,4000,0,1,230,0,0,0,0

APPTR,R16,16,ENTIX
IF,ENTIX,33.799300,130.305261, ,0.0,0.0,2,2000,0,0,0,0,1,0
TF,MALTS,33.755778,130.334983,0, ,0.0,0.0,0.0,0.0,2,2000,0,0,0,0,0,0

APPTR,R16,16,NOKOH
IF,NOKOH,33.697086,130.211142, ,0.0,0.0,2,3000,0,0,0,0,1,0
TF,MALTS,33.755778,130.334983,0, ,0.0,0.0,0.0,0.0,2,2000,0,0,0,0,0,0

APPTR,R16,16,OKINO
IF,OKINO,33.812350,130.454772, ,0.0,0.0,2,4000,0,0,0,0,1,0
TF,MALTS,33.755778,130.334983,0, ,0.0,0.0,0.0,0.0,2,2000,0,0,0,0,0,0

FINAL,R16,16,R,5
IF,MALTS,33.755778,130.334983, ,0.0,0.0,2,2000,0,0,0,0,0,0
TF,AINOS,33.683206,130.384144,0, ,0.0,0.0,159.0,5.0,2,1969,0,0,0,0,2,0
TF,FF651,33.660697,130.399558,0, ,0.0,0.0,158.0,1.6,2,1474,0,0,0,0,0,0
TF,FF652,33.636058,130.416422,0, ,0.0,0.0,158.0,1.7,2,933,0,0,0,0,0,0
TF,RW16,33.596919,130.443186,0, ,0.0,0.0,158.0,2.7,1,73,0,0,0,0,3,1
DF,FF653,33.553425,130.472897,0, ,0.0,0.0,0,0,0,0,0,0,0,0
TF,YAMEK,33.351633,130.594311,0, ,0.0,0.0,0.0,0.0,2,5000,0,0,0,0,0,0
TF,FF601,33.308458,130.493517,0, ,0.0,0.0,0.0,0.0,1,6000,0,0,0,0,0,0
TF,KAFRI,33.555789,130.171578,0, ,0.0,0.0,0.0,0.0,0,0,0,0,0,0,0,0
TF,IKE,33.747511,129.776853,0, ,0.0,0.0,0.0,0.0,1,6000,0,0,0,0,0,0
HM,IKE,33.747511,129.776853,1, ,0.0,0.0,74.0,04.3,0,0,0,1,230,0,0,0,0

APPTR,R34,34,BANKU
IF,BANKU,33.294425,130.550692, ,0.0,0.0,2,5000,0,0,0,0,1,0
TF,HAWKS,33.329997,130.624992,0, ,0.0,0.0,0.0,0.0,2,4000,0,0,0,0,0,0

APPTR,R34,34,DAZAI
IF,DAZAI,33.366903,130.702242, ,0.0,0.0,2,5000,0,0,0,0,1,0
TF,HAWKS,33.329997,130.624992,0, ,0.0,0.0,0.0,0.0,2,4000,0,0,0,0,0,0

FINAL,R34,34,R,5
IF,HAWKS,33.329997,130.624992, ,0.0,0.0,2,4000,0,0,0,0,0,0
TF,HARRY,33.402383,130.575811,0, ,0.0,0.0,338.0,5.0,2,3876,0,0,0,0,2,0
TF,FF451,33.460411,130.536319,0, ,0.0,0.0,338.0,4.0,2,2602,0,0,0,0,0,0
TF,FF452,33.524219,130.492828,0, ,0.0,0.0,338.0,4.4,2,1201,0,0,0,0,0,0
TF,RW34,33.574967,130.458186,0, ,0.0,0.0,338.0,3.5,1,86,0,0,0,0,3,1
DF,ESLAS,33.676297,130.388875,0, ,0.0,0.0,0,0,0,0,0,0,0,0
TF,IKE,33.747511,129.776853,0, ,0.0,0.0,0.0,0.0,1,4000,0,0,0,0,0,0
HM,IKE,33.747511,129.776853,1, ,0.0,0.0,74.0,04.3,2,4000,0,1,230,0,0,0,0

FINAL,T16,16,D,3
IF,LAGER,33.877314,130.251294,DGC,338.3,13.9,2,3000,0,0,0,0,0,0
CF,DGC,33.676208,130.389628,0,DGC,0.0,0.0,158.0,13.9,2,1750,0,0,0,0,2,0
CF,RW16,33.596919,130.443186,0,DGC,158.2,5.5,158.0,5.5,1,73,0,0,0,0,3,0
CF,D158L,33.502392,130.508747,0,DGC,158.0,12.0,158.0,6.6,2,5000,0,0,0,0,0,0
CI,0, ,0.0,158.0,0,0,0,0,0,0,0,0
AF,LAGER,33.877314,130.251294,2,DGC,338.3,13.9,158.0,0,0,0,0,0,0,0,0
HM,LAGER,33.877314,130.251294,2, ,0.0,0.0,158.0,06.1,0,0,0,1,230,0,0,0,0

