SID,AIRA1,16,2
CD, ,0,0,0,KGE,0,0.0,157.0,1.3,0,0,0,0,0,0,0,0
VI,2, ,0.0,259.0,0,0,0,0,0,0,0,0
CF,CSE,31.644600,130.565808,0,KGE,228.9,12.3,229.0,6.0,2,6000,0,0,0,0,0,0

SID,MIDAI3,16,4
VA,0,157.0,2,1300,0,0,0,0,0,0
DF,OICHI,31.620233,130.790486,0, ,0.0,0.0,0,0,0,0,0,0,0,0
TF,SMIKO,31.615978,130.973528,0, ,0.0,0.0,0.0,0.0,2,7000,0,0,0,0,0,0
TF,MIDAI,31.605850,131.370197,0, ,0.0,0.0,0.0,0.0,2,16000,0,0,0,0,0,0

SID,MIDAI3,34,4
VA,0,337.0,2,2000,0,0,0,0,0,0
DF,FK400,31.839778,130.812278,2, ,0.0,0.0,0,0,0,0,0,0,0,0
TF,SMIKO,31.615978,130.973528,0, ,0.0,0.0,0.0,0.0,2,7000,0,0,0,0,0,0
TF,MIDAI,31.605850,131.370197,0, ,0.0,0.0,0.0,0.0,2,16000,0,0,0,0,0,0

SID,NANSH2,16,1
CD, ,0,0,0,KGE,0,0.0,157.0,1.3,0,0,0,0,0,0,0,0
DF,KGE,31.797542,130.726103,1, ,0.0,0.0,2,2500,0,0,0,0,0,0

SID,NANSH2,34,1
CD, ,0,0,0,KGE,0,0.0,337.0,2.3,0,0,0,0,0,0,0,0
DF,KGE,31.797542,130.726103,2, ,0.0,0.0,2,2500,0,0,0,0,0,0

SID,NANSH2,ALL,2
IF,KGE,31.797542,130.726103, ,0.0,0.0,2,2500,0,0,0,0,0,0
TF,CSE,31.644600,130.565808,0, ,0.0,0.0,0.0,0.0,2,6000,0,0,0,0,0,0

SID,OSUMI5,16,1
CA,0,157.0,2,1400,0,0,0,0,0,0
CF,OSUMI,31.543422,130.816872,0,KGE,169.0,15.9,170.0,16.0,0,0,0,0,0,0,0,0

SID,OSUMI5,34,1
CF,D334B,31.829750,130.701583,0,KGE,333.0,2.3,337.0,2.6,0,0,0,0,0,0,0,1
VI,2, ,0.0,200.0,0,0,0,0,0,0,0,0
CF,OSUMI,31.543422,130.816872,0,KGE,169.0,15.9,170.0,12.0,0,0,0,0,0,0,0,0

SID,OSUMI5,JOKER,3
IF,OSUMI,31.543422,130.816872, ,0.0,0.0,0,0,0,0,0,0,0,0
TF,JOKER,31.116286,131.459219,0, ,0.0,0.0,0.0,0.0,0,0,0,0,0,0,0,0

SID,OSUMI5,SAZMA,3
IF,OSUMI,31.543422,130.816872, ,0.0,0.0,0,0,0,0,0,0,0,0
TF,D170X,31.414136,130.862853,0, ,0.0,0.0,0.0,0.0,2,8000,0,0,0,0,0,0
CI,0, ,0.0,170.0,0,0,0,0,0,0,0,0
AF,D207Y,31.307889,130.406731,2,HKC,207.2,25.0,149.0,0,0,0,0,0,0,0,0
TF,SAZMA,31.075211,130.302175,0, ,0.0,0.0,0.0,0.0,0,0,0,0,0,0,0,0

SID,SOGIE3,16,1
CF,D162A,31.777803,130.736697,0,KGE,161.4,1.3,157.0,2.6,0,0,0,0,0,0,0,1
DF,KGE,31.797542,130.726103,1, ,0.0,0.0,2,2500,0,0,0,0,0,0
TF,SOGIE,31.955400,130.662983,0, ,0.0,0.0,0.0,0.0,0,0,0,0,0,0,0,1

SID,SOGIE3,34,1
CF,D334B,31.829750,130.701583,0,KGE,333.0,2.3,337.0,2.6,0,0,0,0,0,0,0,1
CF,SOGIE,31.955400,130.662983,0,KGE,347.2,10.0,348.0,8.0,0,0,0,0,0,0,0,1

SID,SOGIE3,KAGOS,3
IF,SOGIE,31.955400,130.662983, ,0.0,0.0,0,0,0,0,0,0,0,0
CF,CSE,31.644600,130.565808,1,CSE,0.0,0.0,184.0,16.0,0,0,0,0,0,0,0,0

SID,SOGIE3,SAKUR,3
IF,SOGIE,31.955400,130.662983, ,0.0,0.0,0,0,0,0,0,0,0,0
DF,KGE,31.797542,130.726103,1, ,0.0,0.0,2,8000,0,0,0,0,0,0

SID,SOGIE3,SASIK,3
IF,SOGIE,31.955400,130.662983, ,0.0,0.0,0,0,0,0,0,0,0,0
TF,SASIK,32.299806,130.521036,0, ,0.0,0.0,0.0,0.0,0,0,0,0,0,0,0,0

STAR,KINKOH,34,5
IF,KINKO,31.332836,130.720008, ,0.0,0.0,0,0,0,0,0,0,0,0
TF,IROHA,31.477108,130.854881,0, ,0.0,0.0,0.0,0.0,2,7000,0,0,0,0,0,0
TF,YOGAN,31.529522,130.904022,0, ,0.0,0.0,0.0,0.0,2,6000,0,0,0,0,0,0
TF,ZAIHO,31.633836,130.833850,0, ,0.0,0.0,0.0,0.0,2,3300,0,0,0,0,0,0

STAR,OGOJO,16,5
IF,SPICA,31.947283,131.439850, ,0.0,0.0,2,10000,0,0,0,0,0,0
TF,DEMET,31.985314,131.047967,0, ,0.0,0.0,0.0,0.0,2,10000,0,0,0,0,0,0
TF,PERSE,32.010575,130.780339,0, ,0.0,0.0,0.0,0.0,2,7000,0,0,0,0,0,0
TF,OGOJO,32.017078,130.710436,0, ,0.0,0.0,0.0,0.0,2,5000,0,0,0,0,0,0

STAR,OIDON,16,5
IF,HKC,31.697222,130.582942, ,0.0,0.0,2,4500,0,0,0,0,0,0
TF,OIDON,31.916731,130.506922,0, ,0.0,0.0,0.0,0.0,2,4500,0,0,0,0,0,0

STAR,SIMAZE,34,5
IF,SPICA,31.947283,131.439850, ,0.0,0.0,2,10000,0,0,0,0,0,0
TF,JANUS,31.754625,131.080572,0, ,0.0,0.0,0.0,0.0,2,6000,0,0,0,0,0,0
TF,CELES,31.669583,130.922378,0, ,0.0,0.0,0.0,0.0,2,4100,0,1,230,0,0,0
TF,KEPLA,31.658978,130.864833,0, ,0.0,0.0,0.0,0.0,2,3300,0,0,0,0,0,0
TF,MUSES,31.667914,130.835386,0, ,0.0,0.0,0.0,0.0,2,3100,0,0,0,0,0,0
TF,SIMAZ,31.677250,130.804594,0, ,0.0,0.0,0.0,0.0,2,2800,0,1,200,0,0,0

STAR,SIMAZN,34,5
IF,HKC,31.697222,130.582942, ,0.0,0.0,2,3500,0,0,0,0,0,0
TF,ROKET,31.667922,130.694303,0, ,0.0,0.0,0.0,0.0,2,3100,0,0,0,0,0,0
TF,TOPPY,31.652208,130.753844,0, ,0.0,0.0,0.0,0.0,0,0,0,1,185,0,0,0
TF,SIMAZ,31.677250,130.804594,0, ,0.0,0.0,0.0,0.0,2,2800,0,0,0,0,0,0

STAR,SIMAZS,34,5
IF,ISKID,31.596497,130.537189, ,0.0,0.0,0,0,0,0,0,0,0,0
TF,MAGIL,31.669569,130.614583,0, ,0.0,0.0,0.0,0.0,2,3500,0,0,0,0,0,0
TF,ROKET,31.667922,130.694303,0, ,0.0,0.0,0.0,0.0,2,3100,0,0,0,0,0,0
TF,TOPPY,31.652208,130.753844,0, ,0.0,0.0,0.0,0.0,0,0,0,1,185,0,0,0
TF,SIMAZ,31.677250,130.804594,0, ,0.0,0.0,0.0,0.0,2,2800,0,0,0,0,0,0

STAR,YUKSA,16,5
IF,MOCOS,32.127889,130.897400, ,0.0,0.0,2,10000,0,0,0,0,0,0
TF,SEPPE,32.132075,130.819044,0, ,0.0,0.0,0.0,0.0,2,10000,0,0,0,0,0,0
TF,JADDO,32.140986,130.649064,0, ,0.0,0.0,0.0,0.0,0,0,0,0,0,0,0,0
TF,YUKSA,32.053686,130.549694,0, ,0.0,0.0,0.0,0.0,2,5000,0,0,0,0,0,0

APPTR,D34,34,KGE
IF,KGE,31.797542,130.726103, ,0.0,0.0,2,4000,0,0,0,0,0,0
FD,KGE,31.797542,130.726103,0,KGE,0.0,11.0,145.0,11.0,0,0,0,0,0,0,0,0
CF,CF34,31.633800,130.823594,2,KGE,160.0,11.0,340.0,1.0,2,3300,0,0,0,0,0,0

FINAL,D34,34,D,3
IF,CF34,31.633800,130.823594,KGE,160.0,11.0,2,3300,0,0,0,0,0,0
CF,FS34,31.700794,130.783753,0,KGE,160.0,6.5,340.0,4.5,2,2500,0,0,0,0,2,0
CF,RW34,31.791686,130.727328,0,KGE,176.9,0.4,340.0,6.2,1,916,0,0,0,0,3,0
CF,KGE,31.797542,130.726103,0,KGE,0.0,0.0,340.0,0.4,0,0,0,0,0,0,0,1
FA,KGE,31.797542,130.726103,0,KGE,0.0,0.0,354.0,2,3500,0,0,0,0,0,0
DF,HKC,31.697222,130.582942,1, ,0.0,0.0,1,4500,0,0,0,0,0,0
HM,HKC,31.697222,130.582942,2, ,0.0,0.0,110.0,04.3,2,4500,0,0,0,0,0,0,0

APPTR,I34-Y,34,KGE
IF,KGE,31.797542,130.726103, ,0.0,0.0,2,4000,0,0,0,0,0,0
FD,KGE,31.797542,130.726103,0,KGE,0.0,11.0,141.0,11.0,0,0,0,1,200,0,0,0
CF,CI34Y,31.637367,130.831392,2,IKG,157.0,12.4,337.0,1.0,2,3300,0,0,0,0,0,0

FINAL,I34-Y,34,I,3
IF,CI34Y,31.637367,130.831392,IKG,157.0,12.4,2,3300,0,0,0,0,0,0
CF,MORII,31.685514,130.799019,0,IKG,157.0,9.1,337.0,3.3,1,3300,0,0,0,0,2,0
CF,RW34,31.791686,130.727328,0,IKG,157.0,1.7,337.0,7.3,1,916,0,0,0,0,3,0
VA,0,337.0,2,1300,0,0,0,0,0,0
DF,CSE,31.644600,130.565808,1, ,0.0,0.0,1,4500,0,0,0,0,0,0
HM,CSE,31.644600,130.565808,1, ,0.0,0.0,60.0,04.3,2,4500,0,1,230,0,0,0,0

APPTR,I34-Z,34,ZAIHO
IF,ZAIHO,31.633836,130.833850, ,0.0,0.0,2,3300,0,0,0,0,1,0
CF,SIMAZ,31.677250,130.804594,0,IKG,157.0,9.7,337.0,3.0,2,2800,0,0,0,0,1,0

FINAL,I34-Z,34,I,3
IF,SIMAZ,31.677250,130.804594,IKG,157.0,9.7,2,2800,0,0,0,0,0,0
CF,RYUMO,31.720669,130.775300,0,IKG,157.0,6.7,337.0,3.0,1,2500,0,0,0,0,2,0
CF,RW34,31.791686,130.727328,0,IKG,157.0,1.7,337.0,4.9,1,916,0,0,0,0,3,0
VA,0,337.0,2,1300,0,0,0,0,0,0
DF,CSE,31.644600,130.565808,1, ,0.0,0.0,1,4500,0,0,0,0,0,0
HM,CSE,31.644600,130.565808,1, ,0.0,0.0,60.0,04.3,2,4500,0,1,230,0,0,0,0

APPTR,R16,16,OGOJO
IF,OGOJO,32.017078,130.710436, ,0.0,0.0,2,5000,0,0,0,0,1,0
TF,WAZZE,31.966947,130.608622,0, ,0.0,0.0,0.0,0.0,2,3500,0,0,0,0,1,0

APPTR,R16,16,OIDON
IF,OIDON,31.916731,130.506922, ,0.0,0.0,2,4500,0,0,0,0,1,0
TF,WAZZE,31.966947,130.608622,0, ,0.0,0.0,0.0,0.0,2,3500,0,0,0,0,1,0

APPTR,R16,16,YUKSA
IF,YUKSA,32.053686,130.549694, ,0.0,0.0,2,5000,0,0,0,0,1,0
TF,WAZZE,31.966947,130.608622,0, ,0.0,0.0,0.0,0.0,2,3500,0,0,0,0,1,0

FINAL,R16,16,R,5
IF,WAZZE,31.966947,130.608622, ,0.0,0.0,2,3500,0,0,0,0,0,0
TF,FK650,31.930817,130.633139,0, ,0.0,0.0,157.0,2.5,2,3200,0,0,0,0,0,0
TF,YUSUI,31.894656,130.657644,0, ,0.0,0.0,157.0,2.5,2,2707,0,0,0,0,2,0
TF,FK651,31.864292,130.678208,0, ,0.0,0.0,157.0,2.1,2,2038,0,0,0,0,0,0
TF,RW16,31.815114,130.711483,0, ,0.0,0.0,157.0,3.4,1,963,0,0,0,0,3,1
CA,0,157.0,2,1400,0,0,0,0,0,0
DF,HKC,31.697222,130.582942,2, ,0.0,0.0,1,5000,0,0,0,0,0,0
HM,HKC,31.697222,130.582942,2, ,0.0,0.0,115.0,04.3,2,5000,0,1,230,0,0,0,0

APPTR,V16-A,16,CSE
IF,CSE,31.644600,130.565808, ,0.0,0.0,2,4500,0,0,0,0,0,0
CF,FF049,31.695550,130.619125,0,KGE,228.9,8.2,49.0,4.1,2,2500,0,0,0,0,0,0

FINAL,V16-A,16,D,2
IF,FF049,31.695550,130.619125,KGE,228.9,8.2,2,2500,0,0,0,0,2,0
CF,KGE,31.797542,130.726103,0,KGE,0.0,0.0,49.0,8.2,1,1710,0,0,0,0,3,0
FA,KGE,31.797542,130.726103,0,KGE,0.0,0.0,354.0,2,4000,0,0,0,0,0,0
DF,KGE,31.797542,130.726103,1, ,0.0,0.0,1,4000,0,0,0,0,0,0
HM,KGE,31.797542,130.726103,2, ,0.0,0.0,126.0,04.3,2,4000,0,0,0,0,0,0,0

APPTR,V34-A,34,CSE
IF,CSE,31.644600,130.565808, ,0.0,0.0,2,4500,0,0,0,0,0,0
CF,FF049,31.695550,130.619125,0,KGE,228.9,8.2,49.0,4.1,2,2500,0,0,0,0,0,0

FINAL,V34-A,34,D,2
IF,FF049,31.695550,130.619125,KGE,228.9,8.2,2,2500,0,0,0,0,2,0
CF,KGE,31.797542,130.726103,0,KGE,0.0,0.0,49.0,8.2,1,1710,0,0,0,0,3,0
FA,KGE,31.797542,130.726103,0,KGE,0.0,0.0,354.0,2,4000,0,0,0,0,0,0
DF,KGE,31.797542,130.726103,1, ,0.0,0.0,1,4000,0,0,0,0,0,0
HM,KGE,31.797542,130.726103,2, ,0.0,0.0,126.0,04.3,2,4000,0,0,0,0,0,0,0

