SID,AME2R,03,1
CA,0,32.0,2,1000,0,0,0,0,0,0
DF,AME,28.434717,129.711408,2, ,0.0,0.0,2,3000,0,0,0,0,0,0

SID,AME2R,21,1
CA,0,212.0,2,1000,0,0,0,0,0,0
DF,AME,28.434717,129.711408,1, ,0.0,0.0,2,3000,0,0,0,0,0,0

SID,ERABU4,03,1
CA,0,32.0,2,500,0,0,0,0,0,0
VI,2, ,0.0,246.0,0,0,0,0,0,0,0,0
CF,AME32,27.925675,129.557867,0,ONC,62.0,54.4,201.0,27.0,0,0,0,0,0,0,0,0

SID,ERABU4,21,1
CA,0,212.0,2,500,0,0,0,0,0,0
CF,AME32,27.925675,129.557867,0,ONC,62.0,54.4,201.0,30.0,0,0,0,0,0,0,0,0

SID,ERABU4,ALL,2
IF,AME32,27.925675,129.557867, ,0.0,0.0,0,0,0,0,0,0,0,0
TF,ONC32,27.723253,129.202992,0, ,0.0,0.0,0.0,0.0,0,0,0,0,0,0,0,0
TF,ONC,27.432883,128.698964,0, ,0.0,0.0,0.0,0.0,0,0,0,0,0,0,0,0

SID,IKEJI1,03,4
VA,0,32.0,2,500,0,0,0,0,0,0
DF,KA303,28.344333,129.724972,2, ,0.0,0.0,0,0,0,0,0,0,0,0
TF,IKEJI,28.261464,129.737406,0, ,0.0,0.0,0.0,0.0,2,3000,0,0,0,0,0,0

SID,IKEJI1,21,4
VA,0,212.0,2,500,0,0,0,0,0,0
DF,KA104,28.387972,129.689222,0, ,0.0,0.0,0,0,0,0,0,0,0,1
DF,IKEJI,28.261464,129.737406,0, ,0.0,0.0,2,3000,0,0,0,0,0,0

SID,MUCHA1,03,4
VA,0,32.0,2,500,0,0,0,0,0,0
DF,MUCHA,28.469075,130.006158,0, ,0.0,0.0,2,3000,0,0,0,0,0,0

SID,MUCHA1,21,4
VA,0,212.0,2,500,0,0,0,0,0,0
DF,MUCHA,28.469075,130.006158,1, ,0.0,0.0,2,3000,0,0,0,0,0,0

SID,PINNE5,03,1
CA,0,32.0,2,700,0,0,0,0,0,0
VI,2, ,0.0,273.0,0,0,0,0,0,0,0,0
CF,PINNE,27.821933,129.090683,0,AME,228.1,49.3,228.0,47.0,2,6000,0,0,0,0,0,0

SID,PINNE5,21,1
CD, ,0,0,0,AME,0,0.0,212.0,3.0,0,0,0,0,0,0,0,0
CF,PINNE,27.821933,129.090683,0,AME,228.1,49.3,228.0,46.0,2,6000,0,0,0,0,0,0

SID,POMAS4,03,1
CA,0,32.0,2,500,0,0,0,0,0,0
VI,2, ,0.0,130.0,0,0,0,0,0,0,0,0
CF,POMAS,28.504100,130.144192,0,AME,85.6,23.3,85.0,20.0,2,6000,0,0,0,0,0,0

SID,POMAS4,21,1
CA,0,212.0,2,500,0,0,0,0,0,0
VI,1, ,0.0,40.0,0,0,0,0,0,0,0,0
CF,POMAS,28.504100,130.144192,0,AME,85.6,23.3,85.0,17.0,2,6000,0,0,0,0,0,0

SID,RURIK2,03,4
VA,0,32.0,2,500,0,0,0,0,0,0
DF,RURIK,29.299675,130.214556,0, ,0.0,0.0,2,7000,0,0,0,0,0,0

SID,RURIK2,21,4
VA,0,212.0,2,500,0,0,0,0,0,0
DF,KA102,28.479361,129.830250,1, ,0.0,0.0,2,4000,0,0,0,0,0,0
TF,RURIK,29.299675,130.214556,0, ,0.0,0.0,0.0,0.0,2,7000,0,0,0,0,0,0

SID,USAG2E,03,4
VA,0,32.0,2,500,0,0,0,0,0,0
DF,KA302,28.501694,130.017667,0, ,0.0,0.0,2,5000,0,0,0,0,0,0
TF,POMAS,28.504100,130.144192,0, ,0.0,0.0,0.0,0.0,2,6000,0,0,0,0,0,0

SID,USAG2E,21,4
VA,0,212.0,2,500,0,0,0,0,0,0
DF,KA102,28.479361,129.830250,1, ,0.0,0.0,2,4000,0,0,0,0,0,0
TF,KA103,28.495944,130.039500,0, ,0.0,0.0,0.0,0.0,2,5000,0,0,0,0,0,0
TF,POMAS,28.504100,130.144192,0, ,0.0,0.0,0.0,0.0,2,6000,0,0,0,0,0,0

SID,YUWAN3,03,4
VA,0,32.0,2,800,0,0,0,0,0,0
DF,KA301,28.342194,129.679639,2, ,0.0,0.0,0,0,0,0,0,0,0,0
TF,YUWAN,28.186067,129.459256,0, ,0.0,0.0,0.0,0.0,2,4000,0,0,0,0,0,0

SID,YUWAN3,21,4
VA,0,212.0,2,500,0,0,0,0,0,0
DF,KA101,28.353389,129.670306,0, ,0.0,0.0,0,0,0,0,0,0,0,0
TF,YUWAN,28.186067,129.459256,0, ,0.0,0.0,0.0,0.0,2,4000,0,0,0,0,0,0

SID,YUWAN3,ONC,6
IF,YUWAN,28.186067,129.459256, ,0.0,0.0,2,4000,0,0,0,0,0,0
TF,ONC,27.432883,128.698964,0, ,0.0,0.0,0.0,0.0,0,0,0,0,0,0,0,0

SID,YUWAN3,PINNE,6
IF,YUWAN,28.186067,129.459256, ,0.0,0.0,2,4000,0,0,0,0,0,0
TF,PINNE,27.821933,129.090683,0, ,0.0,0.0,0.0,0.0,0,0,0,0,0,0,0,0

STAR,KANAHN,21,5
IF,KANAH,29.134311,129.689519, ,0.0,0.0,2,11000,0,0,0,0,0,0
TF,KYORA,28.632997,129.703417,0, ,0.0,0.0,0.0,0.0,2,3500,0,0,0,0,0,0

STAR,KANAHS,03,5
IF,KANAH,29.134311,129.689519, ,0.0,0.0,2,11000,0,0,0,0,0,0
TF,UGAMI,28.462761,129.543050,0, ,0.0,0.0,0.0,0.0,2,4000,0,0,0,0,0,0
TF,SUKOM,28.341256,129.516761,0, ,0.0,0.0,0.0,0.0,2,2300,0,1,210,0,0,0

STAR,TUMGI,03,5
IF,TUMGI,28.732514,129.883539, ,0.0,0.0,2,4000,0,0,0,0,0,0
TF,UGAMI,28.462761,129.543050,0, ,0.0,0.0,0.0,0.0,2,4000,0,0,0,0,0,0
TF,SUKOM,28.341256,129.516761,0, ,0.0,0.0,0.0,0.0,2,2300,0,1,210,0,0,0

STAR,YUWANN,21,5
IF,YUWAN,28.186067,129.459256, ,0.0,0.0,0,0,0,0,0,0,0,0
TF,KYORA,28.632997,129.703417,0, ,0.0,0.0,0.0,0.0,2,3500,0,0,0,0,0,0

APPTR,D03,03,AME
IF,AME,28.434717,129.711408, ,0.0,0.0,2,3000,0,0,0,0,0,0
FD,AME,28.434717,129.711408,0,AME,0.0,11.0,225.0,11.0,0,0,0,1,200,0,0,0
CF,CS03,28.265114,129.631269,1,AME,208.7,11.0,28.0,1.0,2,1700,0,0,0,0,0,0

FINAL,D03,03,D,3
IF,CS03,28.265114,129.631269,AME,208.7,11.0,2,1700,0,0,0,0,0,0
CF,MALKI,28.346197,129.669547,0,AME,208.7,5.7,28.0,5.2,2,1669,0,0,0,0,2,0
CF,MS03,28.403883,129.696817,0,AME,208.7,2.0,28.0,3.8,1,484,0,0,0,0,3,0
CF,AME,28.434717,129.711408,0,AME,0.0,0.0,28.0,2.0,0,0,0,0,0,0,0,0
FA,AME,28.434717,129.711408,0,AME,0.0,0.0,28.0,2,3000,0,0,0,0,0,0
DF,AME,28.434717,129.711408,2, ,0.0,0.0,0,0,0,0,0,0,0,0
HM,AME,28.434717,129.711408,2, ,0.0,0.0,216.0,04.3,2,3000,0,1,230,0,0,0,0

APPTR,D21,21,AME
IF,AME,28.434717,129.711408, ,0.0,0.0,2,3000,0,0,0,0,0,0
FD,AME,28.434717,129.711408,0,AME,0.0,11.0,52.0,11.0,0,0,0,1,200,0,0,0
CF,TECHI,28.512317,129.762214,1,AME,36.0,5.4,216.0,5.6,2,1656,0,0,0,0,0,0

FINAL,D21,21,D,2
IF,TECHI,28.512317,129.762214,AME,36.0,5.4,2,1656,0,0,0,0,2,0
CF,MS21,28.444842,129.718031,0,AME,36.0,0.7,216.0,4.7,1,174,0,0,0,0,3,0
CF,AME,28.434717,129.711408,0,AME,0.0,0.0,216.0,0.7,0,0,0,0,0,0,0,0
FA,AME,28.434717,129.711408,0,AME,0.0,0.0,216.0,2,3000,0,0,0,0,0,0
DF,AME,28.434717,129.711408,2, ,0.0,0.0,0,0,0,0,0,0,0,0
HM,AME,28.434717,129.711408,1, ,0.0,0.0,66.0,04.3,2,3000,0,1,230,0,0,0,0

APPTR,I03-Y,03,IKYUN
IF,IKYUN,28.253961,129.720825, ,0.0,0.0,2,3000,0,1,210,0,1,0
TF,KA354,28.290389,129.635833,0,IAM,0.0,0.0,0.0,0.0,2,1300,0,1,210,0,1,0

APPTR,I03-Y,03,SUKOM
IF,SUKOM,28.341256,129.516761, ,0.0,0.0,2,2300,0,1,210,0,1,0
TF,KA355,28.319472,129.567806,0, ,0.0,0.0,0.0,0.0,2,2300,0,0,0,0,0,0
TF,KA354,28.290389,129.635833,0,IAM,0.0,0.0,0.0,0.0,2,1300,0,1,210,0,1,0

APPTR,I03-Y,03,YUWA1
IF,YUWAN,28.186067,129.459256, ,0.0,0.0,2,4000,0,0,0,0,1,0
AF,D212T,28.132697,129.549911,1,AME,211.4,20.0,228.0,0,0,0,0,0,0,0,0
CF,KA354,28.290389,129.635833,0,IAM,211.8,10.0,32.0,10.5,2,1300,0,1,210,0,1,0

APPTR,I03-Y,03,YUWA2
IF,YUWAN,28.186067,129.459256, ,0.0,0.0,2,4000,0,0,0,0,1,0
TF,KA356,28.216194,129.510167,0, ,0.0,0.0,0.0,0.0,2,2200,0,0,0,0,0,0
TF,KA354,28.290389,129.635833,0,IAM,0.0,0.0,0.0,0.0,2,1300,0,1,210,0,1,0

FINAL,I03-Y,03,I,3
IF,KA354,28.290389,129.635833,IAM,211.8,10.0,2,1300,0,1,210,0,0,0
CF,NERYA,28.365617,129.676981,0,IAM,211.8,5.0,32.0,5.0,1,1300,0,0,0,0,2,0
CF,RW03,28.422608,129.708183,0,IAM,211.8,1.2,32.0,3.8,1,81,0,0,0,0,3,0
VA,0,32.0,2,3000,0,0,0,0,0,0
DF,AME,28.434717,129.711408,2, ,0.0,0.0,2,3000,0,0,0,0,0,0
HM,AME,28.434717,129.711408,2, ,0.0,0.0,216.0,04.3,2,3000,0,1,230,0,0,0,0

APPTR,I03-Z,03,AME
IF,AME,28.434717,129.711408, ,0.0,0.0,2,3000,0,0,0,0,0,0
FD,AME,28.434717,129.711408,0,AME,0.0,11.0,227.0,11.0,0,0,0,1,200,0,0,0
CF,CI03,28.268139,129.623725,1,IAM,211.8,11.5,32.0,1.0,2,1800,0,0,0,0,0,0

FINAL,I03-Z,03,I,3
IF,CI03,28.268139,129.623725,IAM,211.8,11.5,2,1800,0,0,0,0,0,0
CF,NERYA,28.365617,129.676981,0,IAM,211.8,5.0,32.0,6.5,1,1300,0,0,0,0,2,0
CF,RW03,28.422608,129.708183,0,IAM,211.8,1.2,32.0,3.8,1,81,0,0,0,0,3,0
VA,0,32.0,2,3000,0,0,0,0,0,0
DF,AME,28.434717,129.711408,2, ,0.0,0.0,2,3000,0,0,0,0,0,0
HM,AME,28.434717,129.711408,2, ,0.0,0.0,216.0,04.3,2,3000,0,1,230,0,0,0,0

APPTR,R03,03,TUMGI
IF,TUMGI,28.732514,129.883539, ,0.0,0.0,2,3500,0,0,0,0,1,0
TF,YANGO,28.520533,129.826469,0, ,0.0,0.0,0.0,0.0,0,0,0,0,0,0,1,0

FINAL,R03,03,R,5
IF,YANGO,28.520533,129.826469, ,0.0,0.0,0,0,0,0,0,0,0,0
TF,KA353,28.357881,129.782847,0, ,0.0,0.0,200.0,10.0,2,2700,0,1,185,0,0,0
RF,JOUGO,28.324589,129.743808,2,KARF1,327.5,2.7,1,2700,0,0,0,0,2,0
RF,KA351,28.387428,129.688917,2,KARF1,30.8,2.7,1,826,0,0,0,0,0,0
TF,RW03,28.422608,129.708183,0, ,0.0,0.0,32.0,2.3,1,81,0,0,0,0,3,1
TF,HABUH,28.516139,129.759475,0, ,0.0,0.0,0.0,0.0,0,0,0,0,0,0,0,0
TF,TUMGI,28.732514,129.883539,0, ,0.0,0.0,0.0,0.0,1,3500,0,0,0,0,0,0
HM,TUMGI,28.732514,129.883539,2, ,0.0,0.0,213.0,04.3,2,3500,0,1,230,0,0,0,0

APPTR,R21-Y,21,TUMGI
IF,TUMGI,28.732514,129.883539, ,0.0,0.0,2,3500,0,0,0,0,1,0
TF,IMORE,28.591339,129.800789,0, ,0.0,0.0,0.0,0.0,0,0,0,0,0,0,1,0

FINAL,R21-Y,21,R,3
IF,IMORE,28.591339,129.800789, ,0.0,0.0,0,0,0,0,0,0,0,0
TF,HABUH,28.516139,129.759475,0, ,0.0,0.0,212.0,5.0,1,1700,0,0,0,0,2,0
TF,RW21,28.438831,129.717072,0, ,0.0,0.0,212.0,5.2,1,64,0,0,0,0,3,1
TF,KA101,28.353389,129.670306,0, ,0.0,0.0,0.0,0.0,0,0,0,0,0,0,0,0
TF,KA161,28.433344,129.483044,0, ,0.0,0.0,0.0,0.0,0,0,0,0,0,0,0,0
TF,KA162,28.597586,129.518306,0, ,0.0,0.0,0.0,0.0,0,0,0,0,0,0,0,0
TF,TUMGI,28.732514,129.883539,0, ,0.0,0.0,0.0,0.0,1,3500,0,0,0,0,0,0
HM,TUMGI,28.732514,129.883539,2, ,0.0,0.0,213.0,04.3,2,3500,0,1,230,0,0,0,0

APPTR,R21-Z,21,BOROS
IF,BOROS,28.549614,129.898083, ,0.0,0.0,0,0,0,0,0,0,1,0
TF,IMORE,28.591339,129.800789,0, ,0.0,0.0,0.0,0.0,0,0,0,0,0,0,1,0

APPTR,R21-Z,21,KYORA
IF,KYORA,28.632997,129.703417, ,0.0,0.0,0,0,0,0,0,0,1,0
TF,IMORE,28.591339,129.800789,0, ,0.0,0.0,0.0,0.0,0,0,0,0,0,0,1,0

APPTR,R21-Z,21,TUMGI
IF,TUMGI,28.732514,129.883539, ,0.0,0.0,0,0,0,0,0,0,1,0
TF,IMORE,28.591339,129.800789,0, ,0.0,0.0,0.0,0.0,0,0,0,0,0,0,1,0

FINAL,R21-Z,21,R,3
IF,IMORE,28.591339,129.800789, ,0.0,0.0,0,0,0,0,0,0,0,0
TF,HABUH,28.516139,129.759475,0, ,0.0,0.0,212.0,5.0,2,1700,0,0,0,0,2,0
TF,KA151,28.449361,129.722844,0, ,0.0,0.0,212.0,4.5,1,288,0,0,0,0,3,1
DF,KA150,28.404228,129.698114,0, ,0.0,0.0,0,0,0,0,0,0,0,1
DF,KYORA,28.632997,129.703417,2, ,0.0,0.0,1,3500,0,0,0,0,0,0
HM,KYORA,28.632997,129.703417,2, ,0.0,0.0,184.0,04.3,2,3500,0,1,230,0,0,0,0

