SID,HVT2R,07,1
CA,0,72.0,2,660,0,0,0,0,0,0
VI,2, ,0.0,220.0,0,0,0,0,0,0,0,0
CF,D190L,40.355814,141.460869,0,MIS,178.1,21.2,190.0,5.0,0,0,0,0,0,0,0,1
DF,HVT,40.555833,141.470000,2, ,0.0,0.0,0,0,0,0,0,0,0,0

SID,HVT2R,25,1
CA,0,252.0,2,660,0,0,0,0,0,0
VI,1, ,0.0,160.0,0,0,0,0,0,0,0,0
CF,D190L,40.355814,141.460869,0,MIS,178.1,21.2,190.0,7.0,0,0,0,0,0,0,0,1
DF,HVT,40.555833,141.470000,2, ,0.0,0.0,0,0,0,0,0,0,0,0

SID,HVT3,07,1
CA,0,72.0,2,660,0,0,0,0,0,0
CF,D070E,40.594942,141.566589,0,MIS,135.6,10.7,70.0,5.0,2,1000,0,0,0,0,0,1
DF,HVT,40.555833,141.470000,2, ,0.0,0.0,2,3000,0,0,0,0,0,0

SID,HVT3,25,1
CA,0,252.0,2,660,0,0,0,0,0,0
CF,D250E,40.516642,141.373522,0,MIS,189.8,11.2,250.0,5.0,2,1000,0,0,0,0,0,1
DF,HVT,40.555833,141.470000,1, ,0.0,0.0,2,3000,0,0,0,0,0,0

APPTR,I25-Y,25,ENBRY
IF,ENBRY,40.517958,141.706031, ,0.0,0.0,2,3000,0,0,0,0,1,0
AF,D071K,40.635508,141.686786,1,HVT,72.2,11.0,110.0,2,1500,0,0,0,0,0,0
CF,CF25,40.609506,141.618231,0,IHE,71.4,8.5,251.0,3.5,2,1500,0,0,0,0,0,0

FINAL,I25-Y,25,I,3
IF,CF25,40.609506,141.618231,IHE,71.4,8.5,2,1500,0,0,0,0,0,0
CF,FF25,40.594622,141.579064,0,IHE,71.4,6.5,251.0,2.0,1,1500,0,0,0,0,2,0
CF,RW25,40.556531,141.479067,0,IHE,71.4,1.4,251.0,5.1,1,152,0,0,0,0,3,0
CA,0,251.0,2,660,0,0,0,0,0,0
CF,D250J,40.477372,141.277156,0,HVT,250.0,10.0,250.0,10.0,2,3000,0,0,0,0,0,0
HM,D250J,40.477372,141.277156,2, ,0.0,0.0,250.0,03,2,3000,0,0,0,0,0,0,0

FINAL,I25-Z,25,I,3
IF,CF25,40.609506,141.618231,IHE,71.4,8.5,2,1500,0,0,0,0,0,0
CF,FF25,40.594622,141.579064,0,IHE,71.4,6.5,251.0,2.0,1,1500,0,0,0,0,2,0
CF,RW25,40.556531,141.479067,0,IHE,71.4,1.4,251.0,5.1,1,152,0,0,0,0,3,0
CA,0,251.0,2,660,0,0,0,0,0,0
CF,D250J,40.477372,141.277156,0,HVT,250.0,10.0,250.0,10.0,2,3000,0,0,0,0,0,0
HM,D250J,40.477372,141.277156,2, ,0.0,0.0,250.0,03,2,3000,0,0,0,0,0,0,0

APPTR,T25,25,ENBRY
IF,ENBRY,40.517958,141.706031, ,0.0,0.0,2,3000,0,0,0,0,1,0
AF,CT25,40.612297,141.698947,1,HVT,80.0,11.0,110.0,2,2000,0,0,0,0,0,0

FINAL,T25,25,D,3
IF,CT25,40.612297,141.698947,HVT,80.0,11.0,2,2000,0,0,0,0,0,0
CF,FT25,40.586686,141.594833,0,HVT,80.0,6.0,260.0,5.0,2,1500,0,0,0,0,2,0
CF,MT25,40.560983,141.490797,0,HVT,80.0,0.0,260.0,5.0,1,335,0,0,0,0,3,0
CF,D250J,40.477372,141.277156,0,HVT,250.0,10.0,250.0,11.0,2,3000,0,0,0,0,0,0
HM,D250J,40.477372,141.277156,2, ,0.0,0.0,250.0,03,2,3000,0,0,0,0,0,0,0

