SID,EDA6,01,1
CA,0,7.0,2,800,0,0,0,0,0,0
VI,2, ,0.0,196.0,0,0,0,0,0,0,0,0
CF,EDARR,35.557150,139.541564,0,TNT,150.9,11.8,152.0,7.0,0,0,0,0,0,0,0,0

SID,EDA6,19,1
CA,0,187.0,2,900,0,0,0,0,0,0
VI,0, ,0.0,121.0,0,0,0,0,0,0,0,0
CF,EDARR,35.557150,139.541564,0,TNT,150.9,11.8,152.0,8.0,0,0,0,0,0,0,0,0

SID,TNTNE6,01,1
CA,0,7.0,2,800,0,0,0,0,0,0
VI,0, ,0.0,75.0,0,0,0,0,0,0,0,0
CF,OMIYA,35.918322,139.596817,0,TNT,45.5,15.5,46.0,13.0,0,0,0,0,0,0,0,0

SID,TNTNE6,19,1
CA,0,187.0,2,900,0,0,0,0,0,0
VI,1, ,0.0,360.0,0,0,0,0,0,0,0,0
CF,OMIYA,35.918322,139.596817,0,TNT,45.5,15.5,46.0,10.0,0,0,0,0,0,0,0,0

