SID,DRGGN9,09L,1
VA,0,91.0,2,1039,0,0,0,0,0,0
CD, ,0,0,0,SOT,0,0.0,91.0,5.0,0,0,0,0,0,0,0,0
VI,0, ,0.0,46.0,0,0,0,0,0,0,0,0
CF,DRGGN,37.217586,127.419767,0,SOT,76.1,20.0,76.0,12.0,1,7000,0,0,0,0,0,0

SID,DRGGN9,09R,1
VA,0,91.0,2,1039,0,0,0,0,0,0
CD, ,0,0,0,SOT,0,0.0,91.0,5.0,0,0,0,0,0,0,0,0
VI,0, ,0.0,46.0,0,0,0,0,0,0,0,0
CF,DRGGN,37.217586,127.419767,0,SOT,76.1,20.0,76.0,12.0,1,7000,0,0,0,0,0,0

SID,DRGGN9,27L,1
CA,0,271.0,2,945,0,0,0,0,0,0
CD, ,0,0,0,SOT,0,0.0,271.0,5.0,0,0,0,0,0,0,0,0
DF,SOT,37.094361,127.031664,1, ,0.0,0.0,3,6000,0,0,0,0,0,0
TF,DRGGN,37.217586,127.419767,0, ,0.0,0.0,0.0,0.0,1,7000,0,0,0,0,0,0

SID,DRGGN9,27R,1
CA,0,271.0,2,945,0,0,0,0,0,0
CD, ,0,0,0,SOT,0,0.0,271.0,5.0,0,0,0,0,0,0,0,0
DF,SOT,37.094361,127.031664,1, ,0.0,0.0,3,6000,0,0,0,0,0,0
TF,DRGGN,37.217586,127.419767,0, ,0.0,0.0,0.0,0.0,1,7000,0,0,0,0,0,0

SID,GOJI1,09L,1
VA,0,91.0,2,450,0,0,0,0,0,0
VI,2, ,0.0,189.0,0,0,0,0,0,0,0,0
CF,POSAN,36.937500,127.221111,0,SOT,142.9,13.1,144.0,10.5,4,9000,4000,0,0,0,0,0

SID,GOJI1,09R,1
VA,0,91.0,2,450,0,0,0,0,0,0
VI,2, ,0.0,189.0,0,0,0,0,0,0,0,0
CF,POSAN,36.937500,127.221111,0,SOT,142.9,13.1,144.0,10.5,4,9000,4000,0,0,0,0,0

SID,GOJI1,27L,1
VA,0,271.0,2,450,0,0,0,0,0,0
VI,1, ,0.0,99.0,0,0,0,0,0,0,0,0
CF,POSAN,36.937500,127.221111,0,SOT,142.9,13.1,144.0,8.0,4,9000,4000,0,0,0,0,0

SID,GOJI1,27R,1
VA,0,271.0,2,450,0,0,0,0,0,0
VI,1, ,0.0,99.0,0,0,0,0,0,0,0,0
CF,POSAN,36.937500,127.221111,0,SOT,142.9,13.1,144.0,8.0,4,9000,4000,0,0,0,0,0

SID,MUSTG5,09L,1
CA,0,91.0,2,1500,0,0,0,0,0,0
VI,2, ,0.0,223.0,0,0,0,0,0,0,0,0
CF,MUSTG,36.678953,126.983458,0,SOT,193.1,25.0,193.0,16.0,2,8000,0,0,0,0,0,0

SID,MUSTG5,09R,1
CA,0,91.0,2,1500,0,0,0,0,0,0
VI,2, ,0.0,223.0,0,0,0,0,0,0,0,0
CF,MUSTG,36.678953,126.983458,0,SOT,193.1,25.0,193.0,16.0,2,8000,0,0,0,0,0,0

SID,MUSTG5,27L,1
CA,0,271.0,2,700,0,0,0,0,0,0
VI,1, ,0.0,163.0,0,0,0,0,0,0,0,0
CF,MUSTG,36.678953,126.983458,0,SOT,193.1,25.0,193.0,20.0,2,8000,0,0,0,0,0,0

SID,MUSTG5,27R,1
CA,0,271.0,2,700,0,0,0,0,0,0
VI,1, ,0.0,163.0,0,0,0,0,0,0,0,0
CF,MUSTG,36.678953,126.983458,0,SOT,193.1,25.0,193.0,20.0,2,8000,0,0,0,0,0,0

APPTR,D09L,09L,CROUN
IF,CROUN,36.844222,127.019708, ,0.0,0.0,2,4000,0,0,0,0,1,0
AF,JISOV,37.051356,126.723917,2,SOT,268.2,15.0,190.0,2,3000,0,0,0,0,1,0

APPTR,D09L,09L,OGBIE
IF,OGBIE,37.036842,126.621411, ,0.0,0.0,2,5000,0,0,0,0,1,0
TF,JISOV,37.051356,126.723917,0, ,0.0,0.0,0.0,0.0,2,3000,0,0,0,0,1,0

FINAL,D09L,09L,D,3
IF,JISOV,37.051356,126.723917,SOT,268.0,15.0,2,3000,0,0,0,0,0,0
CF,BANDT,37.077256,126.908522,0,SOT,268.2,6.0,88.0,9.0,2,1800,0,0,0,0,2,0
CF,HUVSU,37.091803,127.013189,0,SOT,268.2,0.9,88.0,5.1,1,100,0,0,0,0,3,0
CA,0,88.0,2,441,0,0,0,0,0,0
CF,FIMIP,37.100272,127.093725,0,SOT,91.2,3.0,91.0,3.0,0,0,0,0,0,0,0,1
VI,2, ,0.0,228.0,0,0,0,0,0,0,0,0
CF,CROUN,36.844222,127.019708,0,SOT,190.2,15.0,190.0,6.4,2,4000,0,0,0,0,0,1
HM,CROUN,36.844222,127.019708,2, ,0.0,0.0,10.0,07,3,14000,0,1,265,0,0,0,0

APPTR,D27L,27L,CROUN
IF,CROUN,36.844222,127.019708, ,0.0,0.0,2,4000,0,0,0,0,1,0
AF,CNNDY,36.910503,127.243464,1,SOT,145.2,15.0,190.0,2,4000,0,0,0,0,0,0
AF,MOKLI,37.088708,127.344053,1,SOT,99.2,15.0,145.0,2,3100,0,0,0,0,1,0

APPTR,D27L,27L,OSCOR
IF,OSCOR,37.086639,127.448172, ,0.0,0.0,2,4000,0,0,0,0,1,0
TF,MOKLI,37.088708,127.344053,0, ,0.0,0.0,0.0,0.0,2,3100,0,0,0,0,0,0

FINAL,D27L,27L,D,4
IF,MOKLI,37.088708,127.344053,SOT,99.2,15.0,2,3100,0,0,0,0,0,0
CF,BOBAE,37.091067,127.219103,0,SOT,99.2,9.0,279.0,6.0,2,2400,0,0,0,0,0,0
CF,PLSNR,37.092197,127.156625,0,SOT,99.2,6.0,279.0,3.0,2,1800,0,0,0,0,2,0
CF,BRRRR,37.093939,127.056656,0,SOT,99.2,1.2,279.0,4.8,1,274,0,0,0,0,3,1
CF,HININ,37.088417,126.969611,0,SOT,271.2,3.0,271.0,4.2,0,0,0,0,0,0,0,1
CF,CROUN,36.844222,127.019708,1,SOT,190.2,15.0,190.0,14.0,2,4000,0,0,0,0,0,0
HM,CROUN,36.844222,127.019708,2, ,0.0,0.0,10.0,07,3,14000,0,1,265,0,0,0,0

APPTR,D27R,27R,CROUN
IF,CROUN,36.844222,127.019708, ,0.0,0.0,2,4000,0,0,0,0,1,0
AF,CNNDY,36.910503,127.243464,1,SOT,145.2,15.0,190.0,2,4000,0,0,0,0,0,0
AF,MOKLI,37.088708,127.344053,1,SOT,99.2,15.0,145.0,2,3100,0,0,0,0,1,0

APPTR,D27R,27R,OSCOR
IF,OSCOR,37.086639,127.448172, ,0.0,0.0,2,4000,0,0,0,0,1,0
TF,MOKLI,37.088708,127.344053,0, ,0.0,0.0,0.0,0.0,2,3100,0,0,0,0,0,0

FINAL,D27R,27R,D,4
IF,MOKLI,37.088708,127.344053,SOT,99.2,15.0,2,3100,0,0,0,0,0,0
CF,BOBAE,37.091067,127.219103,0,SOT,99.2,9.0,279.0,6.0,2,2400,0,0,0,0,0,0
CF,PLSNR,37.092197,127.156625,0,SOT,99.2,6.0,279.0,3.0,2,1800,0,0,0,0,2,0
CF,BRRRR,37.093939,127.056656,0,SOT,99.2,1.2,279.0,4.8,1,274,0,0,0,0,3,0
CA,0,273.0,2,441,0,0,0,0,0,0
CF,HININ,37.088417,126.969611,0,SOT,271.2,3.0,271.0,4.2,0,0,0,0,0,0,0,1
VI,1, ,0.0,154.0,0,0,0,0,0,0,0,0
CF,CROUN,36.844222,127.019708,0,SOT,190.2,15.0,190.0,5.3,2,4000,0,0,0,0,0,1
HM,CROUN,36.844222,127.019708,2, ,0.0,0.0,10.0,07,3,14000,0,1,265,0,0,0,0

APPTR,I09L,09L,CROUN
IF,CROUN,36.844222,127.019708, ,0.0,0.0,2,4000,0,0,0,0,1,0
AF,MONRO,37.066336,126.721206,2,SOT,271.7,15.0,190.0,2,3000,0,0,0,0,1,0

APPTR,I09L,09L,JADUB
IF,JADUB,37.056842,126.617767, ,0.0,0.0,2,4000,0,0,0,0,1,0
CF,MONRO,37.066336,126.721206,0,ININ,271.1,15.8,91.0,5.0,2,3000,0,0,0,0,1,0

FINAL,I09L,09L,I,3
IF,MONRO,37.066336,126.721206,ININ,271.1,15.8,2,3000,0,0,0,0,0,0
CF,JERMY,37.081836,126.902208,0,ININ,271.1,7.1,91.0,8.7,1,1800,0,0,0,0,2,0
CF,RW09L,37.091247,127.014000,0,ININ,271.1,1.7,91.0,5.4,1,81,0,0,0,0,3,0
CA,0,91.0,2,550,0,0,0,0,0,0
CF,FIMIP,37.100272,127.093725,0,SOT,91.2,3.0,91.0,3.5,0,0,0,0,0,0,0,1
DF,CROUN,36.844222,127.019708,2, ,0.0,0.0,1,4000,0,0,0,0,0,0
HM,CROUN,36.844222,127.019708,2, ,0.0,0.0,10.0,07,0,0,0,1,265,0,0,0,0

APPTR,I27R,27R,AVRIG
IF,AVRIG,37.125856,127.446531, ,0.0,0.0,2,4000,0,0,0,0,1,0
CF,BEAMR,37.118131,127.342781,0,SOT,92.5,15.0,272.0,5.0,2,3100,0,0,0,0,0,0
CF,CELMU,37.108069,127.218386,0,IOSN,91.1,10.0,271.0,6.0,2,2400,0,0,0,0,0,0

APPTR,I27R,27R,CROUN
IF,CROUN,36.844222,127.019708, ,0.0,0.0,2,4000,0,0,0,0,1,0
AF,CNNDY,36.910503,127.243464,1,SOT,145.2,15.0,190.0,2,4000,0,0,0,0,0,0
AF,BEAMR,37.118131,127.342781,1,SOT,92.5,15.0,145.0,2,3100,0,0,0,0,1,0
CF,CELMU,37.108069,127.218386,0,IOSN,91.1,10.0,271.0,6.0,2,2400,0,0,0,0,0,0

FINAL,I27R,27R,I,3
IF,CELMU,37.108069,127.218386,IOSN,91.1,10.0,2,2400,0,0,0,0,0,0
CF,WONLI,37.102933,127.155808,0,IOSN,91.1,7.0,271.0,3.0,1,1800,0,0,0,0,2,0
CF,RW27R,37.093806,127.044706,0,IOSN,91.1,1.7,271.0,5.4,1,93,0,0,0,0,3,0
CA,0,271.0,2,450,0,0,0,0,0,0
CF,HININ,37.088417,126.969611,0,SOT,271.2,3.0,271.0,3.3,0,0,0,0,0,0,0,1
DF,CROUN,36.844222,127.019708,1, ,0.0,0.0,1,4000,0,0,0,0,0,0
HM,CROUN,36.844222,127.019708,2, ,0.0,0.0,10.0,07,0,0,0,1,265,0,0,0,0

APPTR,R09L,09L,JADUB
HF,JADUB,37.056842,126.617767,2, ,0.0,0.0,91.0,07,2,4000,0,1,265,0,1,0,0

FINAL,R09L,09L,R,3
IF,JADUB,37.056842,126.617767, ,0.0,0.0,1,4000,0,0,0,0,0,0
TF,JERMY,37.081836,126.902208,0, ,0.0,0.0,91.0,13.7,2,1800,0,0,0,0,2,0
TF,CASPR,37.090311,127.002942,0, ,0.0,0.0,91.0,4.9,1,258,0,0,0,0,3,1
CA,0,91.0,2,441,0,0,0,0,0,0
DF,JADUB,37.056842,126.617767,2, ,0.0,0.0,2,4000,0,0,0,0,0,1
HM,JADUB,37.056842,126.617767,2, ,0.0,0.0,91.0,07,3,6000,0,1,265,0,0,0,0

APPTR,R09R,09R,VISEN
HF,VISEN,37.054353,126.618136,2, ,0.0,0.0,90.0,07,2,4000,0,1,265,0,1,0,0

FINAL,R09R,09R,R,4
IF,VISEN,37.054353,126.618136, ,0.0,0.0,2,4000,0,0,0,0,0,0
TF,LAGER,37.064561,126.722219,0, ,0.0,0.0,90.0,5.0,2,3000,0,0,0,0,0,0
TF,KAYJE,37.080078,126.904308,0, ,0.0,0.0,91.0,8.8,2,1800,0,0,0,0,2,0
TF,VOKOT,37.088425,127.003458,0, ,0.0,0.0,91.0,4.8,1,254,0,0,0,0,3,1
CA,0,91.0,2,441,0,0,0,0,0,0
DF,VISEN,37.054353,126.618136,2, ,0.0,0.0,2,4000,0,0,0,0,0,1
HM,VISEN,37.054353,126.618136,2, ,0.0,0.0,90.0,07,3,6000,0,1,265,0,0,0,0

APPTR,R27L,27L,STNNN
HF,STNNN,37.123244,127.446819,2, ,0.0,0.0,272.0,07,2,4000,0,1,265,0,1,0,0

FINAL,R27L,27L,R,4
IF,STNNN,37.123244,127.446819, ,0.0,0.0,2,4000,0,0,0,0,0,0
TF,JINEL,37.106122,127.218592,0, ,0.0,0.0,272.0,11.0,2,2400,0,0,0,0,0,0
TF,STOWT,37.100883,127.154344,0, ,0.0,0.0,271.0,3.1,2,1800,0,0,0,0,2,0
TF,RW27L,37.091894,127.044947,0, ,0.0,0.0,271.0,5.3,1,94,0,0,0,0,3,1
CA,0,271.0,2,1000,0,0,0,0,0,0
DF,STNNN,37.123244,127.446819,1, ,0.0,0.0,2,4000,0,0,0,0,0,1
HM,STNNN,37.123244,127.446819,2, ,0.0,0.0,272.0,07,3,7000,0,1,265,0,0,0,0

APPTR,R27R,27R,AVRIG
HF,AVRIG,37.125856,127.446531,2, ,0.0,0.0,272.0,07,2,4000,0,1,265,0,1,0,0

FINAL,R27R,27R,R,4
IF,AVRIG,37.125856,127.446531, ,0.0,0.0,1,4000,0,0,0,0,0,0
TF,CELMU,37.108069,127.218386,0, ,0.0,0.0,272.0,11.0,1,2400,0,0,0,0,0,0
TF,WONLI,37.102933,127.155808,0, ,0.0,0.0,271.0,3.0,2,1800,0,0,0,0,2,0
TF,RW27R,37.093806,127.044706,0, ,0.0,0.0,271.0,5.4,1,91,0,0,0,0,3,1
CA,0,271.0,2,441,0,0,0,0,0,0
DF,AVRIG,37.125856,127.446531,1, ,0.0,0.0,2,4000,0,0,0,0,0,1
HM,AVRIG,37.125856,127.446531,2, ,0.0,0.0,272.0,07,3,7000,0,1,265,0,0,0,0

APPTR,T09L,09L,CROUN
IF,CROUN,36.844222,127.019708, ,0.0,0.0,2,4000,0,0,0,0,1,0
AF,JISOV,37.051356,126.723917,2,SOT,268.2,15.0,190.0,2,3000,0,0,0,0,1,0

APPTR,T09L,09L,OGBIE
IF,OGBIE,37.036842,126.621411, ,0.0,0.0,2,5000,0,0,0,0,1,0
TF,JISOV,37.051356,126.723917,0, ,0.0,0.0,0.0,0.0,2,3000,0,0,0,0,1,0

FINAL,T09L,09L,D,3
IF,JISOV,37.051356,126.723917,SOT,268.2,15.0,2,3000,0,0,0,0,0,0
CF,BANDT,37.077256,126.908522,0,SOT,268.2,6.0,88.0,9.0,2,1800,0,0,0,0,2,0
CF,HUVSU,37.091803,127.013189,0,SOT,268.2,0.9,88.0,5.1,1,100,0,0,0,0,3,0
CA,0,88.0,2,441,0,0,0,0,0,0
CF,FIMIP,37.100272,127.093725,0,SOT,91.2,3.0,91.0,3.0,0,0,0,0,0,0,0,1
VI,2, ,0.0,228.0,0,0,0,0,0,0,0,0
CF,CROUN,36.844222,127.019708,0,SOT,190.2,15.0,190.0,6.4,2,4000,0,0,0,0,0,1
HM,CROUN,36.844222,127.019708,2, ,0.0,0.0,10.0,07,3,14000,0,1,265,0,0,0,0

APPTR,T09R,09R,BRREW
IF,BRREW,37.008422,126.629300, ,0.0,0.0,2,5000,0,0,0,0,1,0
TF,SOJUE,37.030033,126.729806,0, ,0.0,0.0,0.0,0.0,2,3000,0,0,0,0,1,0

APPTR,T09R,09R,CROUN
IF,CROUN,36.844222,127.019708, ,0.0,0.0,2,4000,0,0,0,0,1,0
AF,SOJUE,37.030033,126.729806,2,SOT,263.2,15.0,190.0,2,3000,0,0,0,0,1,0

FINAL,T09R,09R,D,3
IF,SOJUE,37.030033,126.729806,SOT,263.2,15.0,2,3000,0,0,0,0,0,0
CF,TIMAY,37.068722,126.910858,0,SOT,263.2,6.0,83.0,9.0,2,1800,0,0,0,0,2,0
CF,OSIKE,37.088389,127.003469,0,SOT,263.2,1.4,83.0,4.6,1,258,0,0,0,0,3,0
CF,FIMIP,37.100272,127.093725,0,SOT,91.2,3.0,91.0,4.4,0,0,0,0,0,0,0,0
CF,CROUN,36.844222,127.019708,2,SOT,190.2,15.0,190.0,14.0,2,4000,0,0,0,0,0,0
HM,CROUN,36.844222,127.019708,2, ,0.0,0.0,10.0,07,3,14000,0,1,265,0,0,0,0

APPTR,T27L,27L,CROUN
IF,CROUN,36.844222,127.019708, ,0.0,0.0,2,4000,0,0,0,0,1,0
AF,CNNDY,36.910503,127.243464,1,SOT,145.2,15.0,190.0,2,4000,0,0,0,0,0,0
AF,MOKLI,37.088708,127.344053,1,SOT,99.2,15.0,145.0,2,3100,0,0,0,0,1,0

APPTR,T27L,27L,OSCOR
IF,OSCOR,37.086639,127.448172, ,0.0,0.0,2,4000,0,0,0,0,1,0
TF,MOKLI,37.088708,127.344053,0, ,0.0,0.0,0.0,0.0,2,3100,0,0,0,0,0,0

FINAL,T27L,27L,D,4
IF,MOKLI,37.088708,127.344053,SOT,99.2,15.0,2,3100,0,0,0,0,0,0
CF,BOBAE,37.091067,127.219103,0,SOT,99.2,9.0,279.0,6.0,2,2400,0,0,0,0,0,0
CF,PLSNR,37.092197,127.156625,0,SOT,99.2,6.0,279.0,3.0,2,1800,0,0,0,0,2,0
CF,BRRRR,37.093939,127.056656,0,SOT,99.2,1.2,279.0,4.8,1,274,0,0,0,0,3,0
CF,HININ,37.088417,126.969611,0,SOT,271.2,3.0,271.0,4.2,0,0,0,0,0,0,0,0
CF,CROUN,36.844222,127.019708,1,SOT,190.2,15.0,190.0,14.0,2,4000,0,0,0,0,0,0
HM,CROUN,36.844222,127.019708,2, ,0.0,0.0,10.0,07,3,14000,0,1,265,0,0,0,0

APPTR,T27R,27R,CROUN
IF,CROUN,36.844222,127.019708, ,0.0,0.0,2,4000,0,0,0,0,1,0
AF,CNNDY,36.910503,127.243464,1,SOT,145.2,15.0,190.0,2,4000,0,0,0,0,0,0
AF,MOKLI,37.088708,127.344053,1,SOT,99.2,15.0,145.0,2,3100,0,0,0,0,1,0

APPTR,T27R,27R,OSCOR
IF,OSCOR,37.086639,127.448172, ,0.0,0.0,2,4000,0,0,0,0,1,0
TF,MOKLI,37.088708,127.344053,0, ,0.0,0.0,0.0,0.0,2,3100,0,0,0,0,0,0

FINAL,T27R,27R,D,4
IF,MOKLI,37.088708,127.344053,SOT,99.2,15.0,2,3100,0,0,0,0,0,0
CF,BOBAE,37.091067,127.219103,0,SOT,99.2,9.0,279.0,6.0,2,2400,0,0,0,0,0,0
CF,PLSNR,37.092197,127.156625,0,SOT,99.2,6.0,279.0,3.0,2,1800,0,0,0,0,2,0
CF,BRRRR,37.093939,127.056656,0,SOT,99.2,1.2,279.0,4.8,1,274,0,0,0,0,3,0
CA,0,273.0,2,441,0,0,0,0,0,0
CF,HININ,37.088417,126.969611,0,SOT,271.2,3.0,271.0,4.2,0,0,0,0,0,0,0,1
VI,1, ,0.0,154.0,0,0,0,0,0,0,0,0
CF,CROUN,36.844222,127.019708,0,SOT,190.2,15.0,190.0,5.3,2,4000,0,0,0,0,0,1
HM,CROUN,36.844222,127.019708,2, ,0.0,0.0,10.0,07,3,14000,0,1,265,0,0,0,0

