SID,KIBO2C,02,2
CA,0,24.0,2,3000,0,0,0,0,0,0
DF,CIA,15.186889,120.560639,2, ,0.0,0.0,2,7000,0,0,0,0,0,0
TF,KIBOK,14.984922,120.398003,0, ,0.0,0.0,0.0,0.0,0,0,0,0,0,0,0,0

SID,KIBO2F,20,2
CD, ,0,0,0,CIA,0,0.0,204.0,4.0,0,0,0,0,0,0,0,0
DF,CIA,15.186889,120.560639,1, ,0.0,0.0,0,0,0,1,220,0,0,0
TF,KIBOK,14.984922,120.398003,1, ,0.0,0.0,0.0,0.0,2,7000,0,0,0,0,0,0

SID,MALI1A,02,2
CA,0,24.0,2,3000,0,0,0,0,0,0
VI,0, ,0.0,326.0,0,0,0,0,0,0,0,0
CF,NABAL,15.471389,120.523611,0,CIA,355.8,17.1,356.0,9.0,2,9000,0,0,0,0,0,0
TF,MALIB,15.684722,120.495833,0, ,0.0,0.0,0.0,0.0,0,0,0,0,0,0,0,0

SID,MALI1C,20,2
CD, ,0,0,0,CIA,0,0.0,204.0,4.0,0,0,0,0,0,0,0,0
DF,CIA,15.186889,120.560639,1, ,0.0,0.0,0,0,0,1,220,0,0,0
TF,NABAL,15.471389,120.523611,0, ,0.0,0.0,0.0,0.0,0,0,0,0,0,0,0,0
TF,MALIB,15.684722,120.495833,0, ,0.0,0.0,0.0,0.0,2,9000,0,0,0,0,0,0

SID,OLIV2E,02,2
CA,0,24.0,2,3000,0,0,0,0,0,0
VI,2, ,0.0,195.0,0,0,0,0,0,0,0,0
CF,D150J,15.047286,120.655689,0,CIA,149.5,10.0,150.0,4.0,2,6000,0,0,0,0,0,0
TF,OLIVA,14.949444,120.722222,0, ,0.0,0.0,0.0,0.0,0,0,0,0,0,0,0,0

SID,OLIV2F,20,2
CD, ,0,0,0,CIA,0,0.0,204.0,4.0,0,0,0,0,0,0,0,0
VI,0, ,0.0,114.0,0,0,0,1,220,0,0,0
CF,OLIVA,14.949444,120.722222,0,CIA,149.5,17.0,150.0,8.0,2,6000,0,0,0,0,0,0

SID,RAYA2A,02,2
CA,0,24.0,2,3000,0,0,0,0,0,0
DF,D108H,15.151236,120.693531,2, ,0.0,0.0,2,5000,0,0,0,0,0,0
TF,RAYAT,15.117864,120.817625,0, ,0.0,0.0,0.0,0.0,2,7000,0,0,0,0,0,0

SID,RAYA2D,20,2
CD, ,0,0,0,CIA,0,0.0,204.0,4.0,0,0,0,0,0,0,0,0
VI,1, ,0.0,69.0,0,0,0,1,220,0,0,0
CF,RAYAT,15.117864,120.817625,0,CIA,108.4,15.5,108.0,7.0,2,7000,0,0,0,0,0,0

SID,REPA2A,02,2
CA,0,24.0,2,3000,0,0,0,0,0,0
VI,2, ,0.0,198.0,0,0,0,0,0,0,0,0
CF,D168J,15.024894,120.603986,0,CIA,168.4,10.0,168.0,2.0,2,7000,0,0,0,0,0,0
TF,REPAT,14.831336,120.655697,0, ,0.0,0.0,0.0,0.0,0,0,0,0,0,0,0,0

SID,REPA2D,20,2
CD, ,0,0,0,CIA,0,0.0,204.0,4.0,0,0,0,0,0,0,0,0
VI,0, ,0.0,138.0,0,0,0,1,220,0,0,0
CF,REPAT,14.831336,120.655697,0,CIA,168.4,22.0,168.0,14.0,2,7000,0,0,0,0,0,0

SID,REPA4P,20,5
CF,MIKEV,15.127500,120.539167,0,CIA,202.4,3.8,204.0,3.0,0,0,0,0,0,0,0,1
DF,DIKES,14.994444,120.601667,0, ,0.0,0.0,0,0,0,1,230,0,0,0
TF,REPAT,14.831336,120.655697,0, ,0.0,0.0,0.0,0.0,2,7000,0,0,0,0,0,0

SID,REPA4R,02,5
CA,0,24.0,2,3000,0,0,0,0,0,0
DF,PENGS,15.139167,120.728889,2, ,0.0,0.0,2,5000,0,1,250,0,0,0
TF,MORFE,15.016944,120.699722,0, ,0.0,0.0,0.0,0.0,0,0,0,0,0,0,0,0
TF,REPAT,14.831336,120.655697,0, ,0.0,0.0,0.0,0.0,2,7000,0,0,0,0,0,0

SID,RIAN2A,02,2
CA,0,24.0,2,990,0,0,0,0,0,0
VI,0, ,0.0,90.0,0,0,0,0,0,0,0,0
CF,RIANO,15.350831,120.817625,0,CIA,59.7,17.8,60.0,15.0,2,5000,0,0,0,0,0,0

SID,RIAN2D,20,2
CD, ,0,0,0,CIA,0,0.0,204.0,4.0,0,0,0,0,0,0,0,0
VI,1, ,0.0,20.0,0,0,0,1,220,0,0,0
CF,RIANO,15.350831,120.817625,0,CIA,59.7,17.8,60.0,13.0,2,7000,0,0,0,0,0,0

SID,RIAN4N,20,5
CF,MIKEV,15.127500,120.539167,0,CIA,202.4,3.8,204.0,3.0,0,0,0,0,0,0,0,1
DF,RANAS,15.078889,120.705000,1, ,0.0,0.0,0,0,0,1,230,0,0,0
TF,FELIP,15.156111,120.780000,0, ,0.0,0.0,0.0,0.0,0,0,0,1,250,0,0,0
TF,RIANO,15.350831,120.817625,0, ,0.0,0.0,0.0,0.0,2,5000,0,0,0,0,0,0

SID,RIAN4P,20,5
CF,MIKEV,15.127500,120.539167,0,CIA,202.4,3.8,204.0,3.0,0,0,0,0,0,0,0,1
DF,EDUEL,15.238056,120.688611,1, ,0.0,0.0,0,0,0,1,230,0,0,0
TF,RIANO,15.350831,120.817625,0, ,0.0,0.0,0.0,0.0,2,5000,0,0,0,0,0,0

SID,RIAN4R,02,5
CA,0,24.0,2,1000,0,0,0,0,0,0
DF,RIANO,15.350831,120.817625,0, ,0.0,0.0,2,5000,0,0,0,0,0,0

STAR,BABA3P,20,5
IF,BABAN,15.513333,120.474444, ,0.0,0.0,2,5000,0,0,0,0,0,0
TF,DINOS,15.420000,120.550000,0, ,0.0,0.0,0.0,0.0,2,5000,0,0,0,0,0,0

STAR,BABA5R,02,5
IF,BABAN,15.513333,120.474444, ,0.0,0.0,2,10000,0,0,0,0,0,0
TF,NABAL,15.471389,120.523611,0, ,0.0,0.0,0.0,0.0,0,0,0,0,0,0,0,0
TF,CIA,15.186889,120.560639,0, ,0.0,0.0,0.0,0.0,0,0,0,0,0,0,0,0
TF,MAMEN,15.073611,120.637778,0, ,0.0,0.0,0.0,0.0,0,0,0,0,0,0,0,0
TF,EDLEX,14.968333,120.596111,0, ,0.0,0.0,0.0,0.0,2,5000,0,1,230,0,0,0

STAR,BABA7R,02,5
IF,BABAN,15.513333,120.474444, ,0.0,0.0,2,10000,0,0,0,0,0,0
TF,NABAL,15.471389,120.523611,0, ,0.0,0.0,0.0,0.0,0,0,0,0,0,0,0,0
TF,SIRMO,15.385278,120.641667,0, ,0.0,0.0,0.0,0.0,2,5000,0,0,0,0,0,0

STAR,KIBO3N,20,5
IF,KIBOK,14.984922,120.398003, ,0.0,0.0,2,10000,0,0,0,0,0,0
TF,CIA,15.186889,120.560639,0, ,0.0,0.0,0.0,0.0,2,6000,0,0,0,0,0,0
TF,EDUEL,15.238056,120.688611,0, ,0.0,0.0,0.0,0.0,0,0,0,0,0,0,0,0
TF,SUNGA,15.350556,120.733056,0, ,0.0,0.0,0.0,0.0,2,3500,0,0,0,0,0,0

STAR,KIBO3P,20,5
IF,KIBOK,14.984922,120.398003, ,0.0,0.0,2,10000,0,0,0,0,0,0
TF,MANOV,15.280278,120.491667,0, ,0.0,0.0,0.0,0.0,2,6000,0,0,0,0,0,0
TF,DINOS,15.420000,120.550000,0, ,0.0,0.0,0.0,0.0,2,5000,0,0,0,0,0,0

STAR,MALI3P,20,5
IF,MALIB,15.684722,120.495833, ,0.0,0.0,2,9000,0,0,0,0,0,0
TF,DINOS,15.420000,120.550000,0, ,0.0,0.0,0.0,0.0,2,5000,0,0,0,0,0,0

STAR,MALI5R,02,5
IF,MALIB,15.684722,120.495833, ,0.0,0.0,2,10000,0,0,0,0,0,0
TF,NABAL,15.471389,120.523611,0, ,0.0,0.0,0.0,0.0,0,0,0,0,0,0,0,0
TF,CIA,15.186889,120.560639,0, ,0.0,0.0,0.0,0.0,0,0,0,0,0,0,0,0
TF,MAMEN,15.073611,120.637778,0, ,0.0,0.0,0.0,0.0,0,0,0,0,0,0,0,0
TF,EDLEX,14.968333,120.596111,0, ,0.0,0.0,0.0,0.0,2,5000,0,1,230,0,0,0

STAR,MALI7R,02,5
IF,MALIB,15.684722,120.495833, ,0.0,0.0,2,10000,0,0,0,0,0,0
TF,NABAL,15.471389,120.523611,0, ,0.0,0.0,0.0,0.0,0,0,0,0,0,0,0,0
TF,SIRMO,15.385278,120.641667,0, ,0.0,0.0,0.0,0.0,2,5000,0,0,0,0,0,0

STAR,OLIV3P,20,5
IF,OLIVA,14.949444,120.722222, ,0.0,0.0,2,6000,0,0,0,0,0,0
TF,RANAS,15.078889,120.705000,0, ,0.0,0.0,0.0,0.0,0,0,0,0,0,0,0,0
TF,DRADA,15.138611,120.696944,0, ,0.0,0.0,0.0,0.0,0,0,0,0,0,0,0,0
TF,EDUEL,15.238056,120.688611,0, ,0.0,0.0,0.0,0.0,0,0,0,0,0,0,0,0
TF,SUNGA,15.350556,120.733056,0, ,0.0,0.0,0.0,0.0,2,3500,0,0,0,0,0,0

STAR,OLIV5R,02,5
IF,OLIVA,14.949444,120.722222, ,0.0,0.0,2,6000,0,0,0,0,0,0
TF,EDLEX,14.968333,120.596111,0, ,0.0,0.0,0.0,0.0,2,5000,0,1,230,0,0,0

STAR,RAYA3P,20,5
IF,RAYAT,15.117864,120.817625, ,0.0,0.0,2,7000,0,0,0,0,0,0
TF,DRADA,15.138611,120.696944,0, ,0.0,0.0,0.0,0.0,0,0,0,0,0,0,0,0
TF,EDUEL,15.238056,120.688611,0, ,0.0,0.0,0.0,0.0,0,0,0,0,0,0,0,0
TF,SUNGA,15.350556,120.733056,0, ,0.0,0.0,0.0,0.0,2,3500,0,0,0,0,0,0

STAR,RAYA5R,02,5
IF,RAYAT,15.117864,120.817625, ,0.0,0.0,2,7000,0,0,0,0,0,0
TF,MORFE,15.016944,120.699722,0, ,0.0,0.0,0.0,0.0,0,0,0,0,0,0,0,0
TF,EDLEX,14.968333,120.596111,0, ,0.0,0.0,0.0,0.0,2,5000,0,1,230,0,0,0

STAR,REPA5R,02,5
IF,REPAT,14.831336,120.655697, ,0.0,0.0,2,7000,0,0,0,0,0,0
TF,EDLEX,14.968333,120.596111,0, ,0.0,0.0,0.0,0.0,2,5000,0,1,230,0,0,0

APPTR,D20,20,CIA1
IF,CIA,15.186889,120.560639, ,0.0,0.0,2,6000,0,0,0,0,0,0
FD,CIA,15.186889,120.560639,0,CIA,0.0,8.5,46.0,8.5,0,0,0,0,0,0,0,0
CF,FD20,15.294700,120.603278,1,CIA,24.0,6.9,204.0,2.0,2,2300,0,0,0,0,0,0

APPTR,D20,20,CIA2
IF,CIA,15.186889,120.560639, ,0.0,0.0,2,6000,0,0,0,0,0,0
FD,CIA,15.186889,120.560639,0,CIA,0.0,8.5,39.0,8.5,0,0,0,0,0,0,0,0
CF,FD20,15.294700,120.603278,1,CIA,24.0,6.9,204.0,2.0,2,2300,0,0,0,0,0,0

APPTR,D20,20,D059M
IF,D059M,15.308483,120.746494, ,0.0,0.0,0,0,0,0,0,0,0,0
AF,D024M,15.390008,120.641008,1,CIA,24.0,13.0,59.0,2,4000,0,0,0,0,0,0
CF,D024L,15.374383,120.634822,0,CIA,24.0,12.0,204.0,1.0,2,4000,0,0,0,0,1,0
CF,FD20,15.294700,120.603278,0,CIA,24.0,6.9,204.0,5.1,2,2300,0,0,0,0,0,0

APPTR,D20,20,D334L
IF,D334L,15.362531,120.460286, ,0.0,0.0,0,0,0,0,0,0,0,0
AF,D024L,15.374383,120.634822,2,CIA,24.0,12.0,334.0,2,4000,0,0,0,0,1,0
CF,FD20,15.294700,120.603278,0,CIA,24.0,6.9,204.0,5.1,2,2300,0,0,0,0,0,0

FINAL,D20,20,D,2
IF,FD20,15.294700,120.603278,CIA,24.0,6.9,2,2300,0,0,0,0,2,0
CF,MD20,15.216575,120.572375,0,CIA,24.0,1.9,204.0,5.0,1,738,0,0,0,0,3,0
CF,CIA,15.186889,120.560639,0,CIA,0.0,0.0,204.0,1.9,0,0,0,0,0,0,0,0
FD,CIA,15.186889,120.560639,0,CIA,0.0,3.0,204.0,3.0,0,0,0,0,0,0,0,0
DF,D024L,15.374383,120.634822,1, ,0.0,0.0,2,4000,0,0,0,0,0,0

APPTR,I02,02,CIA1
IF,CIA,15.186889,120.560639, ,0.0,0.0,2,6000,0,0,0,0,1,0
FD,CIA,15.186889,120.560639,0,CIA,0.0,9.0,180.0,9.0,0,0,0,0,0,0,0,0
VI,2,ICA,0.0,339.0,2,3000,0,0,0,0,0,0

APPTR,I02,02,CIA2
IF,CIA,15.186889,120.560639, ,0.0,0.0,2,6000,0,0,0,0,1,0
FD,CIA,15.186889,120.560639,0,CIA,0.0,9.0,192.0,9.0,0,0,0,0,0,0,0,0
VI,2,ICA,0.0,339.0,2,3000,0,0,0,0,0,0

FINAL,I02,02,I,3
IF,CF02,15.006844,120.491617,ICA,204.0,12.6,2,3000,0,0,0,0,0,0
CF,FF02,15.069722,120.516389,0,ICA,204.1,8.6,24.0,4.0,1,3000,0,0,0,0,2,0
CF,RW02,15.174342,120.557833,0,ICA,204.0,1.9,24.0,6.7,1,515,0,0,0,0,3,0
CA,0,24.0,2,3000,0,0,0,0,0,0
DF,CIA,15.186889,120.560639,2, ,0.0,0.0,2,6000,0,1,230,0,0,0
HM,CIA,15.186889,120.560639,1, ,0.0,0.0,180.0,04.3,2,6000,0,1,230,0,0,0,0

APPTR,I20,20,CIA
IF,CIA,15.186889,120.560639, ,0.0,0.0,2,6000,0,0,0,0,0,0
FD,CIA,15.186889,120.560639,0,CIA,0.0,9.0,41.0,9.0,0,0,0,0,0,0,0,0
VI,1,ICK,0.0,234.0,2,2600,0,0,0,0,0,0

APPTR,I20,20,NABAL
IF,NABAL,15.471389,120.523611, ,0.0,0.0,0,0,0,0,0,0,0,0
TF,D356M,15.402850,120.533303,0, ,0.0,0.0,0.0,0.0,0,0,0,0,0,0,0,0
AF,D013M,15.401164,120.599583,2,CIA,13.0,13.0,356.0,2,3000,0,0,0,0,0,1
CF,ROSER,15.373056,120.638056,0,ICK,24.4,12.9,204.0,1.0,2,3000,0,0,0,0,1,0

APPTR,I20,20,RAYAT
IF,RAYAT,15.117864,120.817625, ,0.0,0.0,0,0,0,0,0,0,0,0
TF,D108M,15.130467,120.777000,0, ,0.0,0.0,0.0,0.0,0,0,0,0,0,0,0,0
AF,D060M,15.305314,120.748653,1,CIA,60.0,13.0,108.0,2,4500,0,0,0,0,0,0
AF,D033M,15.375294,120.672764,1,CIA,33.0,13.0,60.0,2,3000,0,0,0,0,0,1
CF,ROSER,15.373056,120.638056,0,ICK,24.4,12.9,204.0,1.0,2,3000,0,0,0,0,1,0

APPTR,I20,20,RIANO
IF,RIANO,15.350831,120.817625, ,0.0,0.0,0,0,0,0,0,0,0,0
TF,D060M,15.305314,120.748653,0, ,0.0,0.0,0.0,0.0,0,0,0,0,0,0,0,0
AF,D033M,15.375294,120.672764,1,CIA,33.0,13.0,60.0,2,3000,0,0,0,0,0,1
CF,ROSER,15.373056,120.638056,0,ICK,24.4,12.9,204.0,1.0,2,3000,0,0,0,0,1,0

APPTR,I20,20,TAREM
IF,TAREM,15.674167,120.286111, ,0.0,0.0,0,0,0,0,0,0,0,0
TF,D334M,15.377167,120.451917,0, ,0.0,0.0,0.0,0.0,0,0,0,0,0,0,0,0
AF,D356M,15.402850,120.533303,2,CIA,356.0,13.0,334.0,2,4000,0,0,0,0,0,0
AF,D013M,15.401164,120.599583,2,CIA,13.0,13.0,356.0,2,3000,0,0,0,0,0,1
CF,ROSER,15.373056,120.638056,0,ICK,24.4,12.9,204.0,1.0,2,3000,0,0,0,0,1,0

FINAL,I20,20,I,3
IF,ROSER,15.373056,120.638056,ICK,24.4,12.9,2,3000,0,0,0,0,0,0
CF,FF20,15.307222,120.610556,0,ICK,24.1,8.7,204.0,4.2,1,2600,0,0,0,0,2,0
CF,RW20,15.201389,120.568550,0,ICK,24.0,1.9,204.0,6.8,1,442,0,0,0,0,3,0
CF,CIA,15.186889,120.560639,0,CIA,0.0,0.0,204.0,1.0,0,0,0,0,0,0,0,0
FD,CIA,15.186889,120.560639,0,CIA,0.0,3.0,204.0,3.0,0,0,0,0,0,0,0,0
CI,1, ,0.0,354.0,0,0,0,0,0,0,0,0
CF,ROSER,15.373056,120.638056,0,CIA,25.0,12.0,24.0,9.0,2,3000,0,0,0,0,0,0

APPTR,R02,02,EDLEX
IF,EDLEX,14.968333,120.596111, ,0.0,0.0,2,5000,0,1,230,0,1,0
TF,LC02C,15.007500,120.491667,0, ,0.0,0.0,0.0,0.0,2,3500,0,1,210,0,1,0

APPTR,R02,02,SIRMO
IF,SIRMO,15.385278,120.641667, ,0.0,0.0,2,5000,0,0,0,0,1,0
TF,MAMEN,15.073611,120.637778,0, ,0.0,0.0,0.0,0.0,0,0,0,0,0,0,0,0
TF,EDLEX,14.968333,120.596111,0, ,0.0,0.0,0.0,0.0,2,5000,0,1,230,0,0,0
TF,LC02C,15.007500,120.491667,0, ,0.0,0.0,0.0,0.0,2,3500,0,1,210,0,1,0

FINAL,R02,02,R,4
IF,LC02C,15.007500,120.491667, ,0.0,0.0,2,3500,0,1,210,0,0,0
TF,LC02D,15.069722,120.516389,0, ,0.0,0.0,24.0,4.0,1,3000,0,0,0,0,2,0
TF,24THR,15.136875,120.542986,0, ,0.0,0.0,24.0,4.3,2,1400,0,0,0,0,0,0
TF,RW02,15.174342,120.557833,0, ,0.0,0.0,24.0,2.4,1,515,0,0,0,0,3,1
CF,SIRMO,15.385278,120.641667,0,CIA,24.6,12.8,24.0,13.5,2,5000,0,0,0,0,0,0
HM,SIRMO,15.385278,120.641667,2, ,0.0,0.0,204.0,04.3,0,0,0,1,230,0,0,0,0

APPTR,R20,20,DINOS
IF,DINOS,15.420000,120.550000, ,0.0,0.0,2,5000,0,0,0,0,1,0
TF,SIRMO,15.385278,120.641667,0, ,0.0,0.0,0.0,0.0,2,3500,0,1,250,0,1,0

APPTR,R20,20,SIRMO
HF,SIRMO,15.385278,120.641667,2, ,0.0,0.0,204.0,04.3,2,3500,0,1,230,0,1,0,0

APPTR,R20,20,SUNGA
IF,SUNGA,15.350556,120.733056, ,0.0,0.0,2,3500,0,0,0,0,1,0
TF,SIRMO,15.385278,120.641667,0, ,0.0,0.0,0.0,0.0,2,3500,0,1,250,0,1,0

FINAL,R20,20,R,3
IF,SIRMO,15.385278,120.641667, ,0.0,0.0,2,3500,0,1,250,0,0,0
TF,LC20B,15.307222,120.610556,0, ,0.0,0.0,204.0,5.0,1,2600,0,0,0,0,2,0
TF,RW20,15.201389,120.568550,0, ,0.0,0.0,204.0,6.8,1,442,0,0,0,0,3,1
CF,PATTY,15.135278,120.542500,0,CIA,201.9,3.3,204.0,4.2,0,0,0,0,0,0,0,1
DF,EDUEL,15.238056,120.688611,1, ,0.0,0.0,0,0,0,1,220,0,0,0
TF,SUNGA,15.350556,120.733056,0, ,0.0,0.0,0.0,0.0,0,0,0,0,0,0,0,0
TF,SIRMO,15.385278,120.641667,0, ,0.0,0.0,0.0,0.0,2,3500,0,1,250,0,0,0
HM,SIRMO,15.385278,120.641667,2, ,0.0,0.0,204.0,04.3,2,3500,0,1,230,0,0,0,0

