SID,MASB2B,05,5
DF,DER05,13.120408,123.686197,0, ,0.0,0.0,0,0,0,0,0,0,0,1
CA,0,49.0,2,1500,0,0,0,0,0,0
DF,PAVRA,12.977222,123.747500,2, ,0.0,0.0,2,4000,0,1,230,0,0,0
TF,TICAO,12.764031,123.706419,0, ,0.0,0.0,0.0,0.0,0,0,0,0,0,0,0,0
TF,MASBA,12.369228,123.630514,0, ,0.0,0.0,0.0,0.0,0,0,0,0,0,0,0,0

SID,MASB2C,23,5
CF,KAMRI,13.059444,123.619167,0,LP,231.2,8.4,229.0,4.0,0,0,0,0,0,0,0,1
DF,DOSOL,12.770708,123.614672,0, ,0.0,0.0,0,0,0,0,0,0,0,0
TF,MASBA,12.369228,123.630514,0, ,0.0,0.0,0.0,0.0,0,0,0,0,0,0,0,0

SID,NGA2B,05,5
DF,DER05,13.120408,123.686197,0, ,0.0,0.0,0,0,0,0,0,0,0,1
CA,0,49.0,2,1500,0,0,0,0,0,0
DF,ARAGA,13.111944,123.630833,2, ,0.0,0.0,2,4000,0,1,230,0,0,0
TF,DUNAO,13.235281,123.542806,0, ,0.0,0.0,0.0,0.0,0,0,0,0,0,0,0,0
TF,SASON,13.383214,123.399819,0, ,0.0,0.0,0.0,0.0,0,0,0,0,0,0,0,0
TF,NGA,13.582222,123.269528,0, ,0.0,0.0,0.0,0.0,0,0,0,0,0,0,0,0

SID,NGA2C,23,5
CF,KAMRI,13.059444,123.619167,0,LP,231.2,8.4,229.0,4.0,0,0,0,0,0,0,0,1
DF,DUNAO,13.235281,123.542806,2, ,0.0,0.0,0,0,0,1,240,0,0,0
TF,SASON,13.383214,123.399819,0, ,0.0,0.0,0.0,0.0,0,0,0,0,0,0,0,0
TF,NGA,13.582222,123.269528,0, ,0.0,0.0,0.0,0.0,0,0,0,0,0,0,0,0

SID,NGA2D,05,5
CF,LESLA,13.177222,123.748889,0,NGA,132.7,37.0,49.0,5.0,0,0,0,0,0,0,0,0
TF,DOMGU,13.233889,123.811667,0, ,0.0,0.0,0.0,0.0,0,0,0,1,265,0,0,1
TF,KADTO,13.463528,123.727758,0, ,0.0,0.0,0.0,0.0,0,0,0,0,0,0,0,0
TF,NGA,13.582222,123.269528,0, ,0.0,0.0,0.0,0.0,0,0,0,0,0,0,0,0

STAR,MASB1B,05,5
IF,MASBA,12.369228,123.630514, ,0.0,0.0,2,10000,0,0,0,0,0,0
TF,DOSOL,12.770708,123.614672,0, ,0.0,0.0,0.0,0.0,0,0,0,0,0,0,0,0
TF,MABET,12.901111,123.595278,0, ,0.0,0.0,0.0,0.0,2,3000,0,1,250,0,0,0

STAR,MASB1C,23,5
IF,MASBA,12.369228,123.630514, ,0.0,0.0,2,10000,0,0,0,0,0,0
TF,TICAO,12.764031,123.706419,0, ,0.0,0.0,0.0,0.0,0,0,0,0,0,0,0,0
TF,BIGNA,13.063889,123.787500,0, ,0.0,0.0,0.0,0.0,0,0,0,0,0,0,0,0
TF,ALGAD,13.185833,123.921944,0, ,0.0,0.0,0.0,0.0,2,5300,0,1,230,0,0,0

STAR,NGA1B,05,5
IF,NGA,13.582222,123.269528, ,0.0,0.0,2,10000,0,0,0,0,0,0
TF,MALWA,13.347231,123.294617,0, ,0.0,0.0,0.0,0.0,2,8000,0,0,0,0,0,0
TF,NIXES,13.185278,123.379167,0, ,0.0,0.0,0.0,0.0,0,0,0,0,0,0,0,0
TF,PIDUR,13.044722,123.452222,0, ,0.0,0.0,0.0,0.0,2,3000,0,1,250,0,0,0

STAR,NGA1C,23,5
IF,NGA,13.582222,123.269528, ,0.0,0.0,2,10000,0,0,0,0,0,0
TF,MALWA,13.347231,123.294617,0, ,0.0,0.0,0.0,0.0,0,0,0,0,0,0,0,0
TF,NIXES,13.185278,123.379167,0, ,0.0,0.0,0.0,0.0,0,0,0,0,0,0,0,0
TF,KAMRI,13.059444,123.619167,0, ,0.0,0.0,0.0,0.0,2,8000,0,0,0,0,0,0
TF,BIGNA,13.063889,123.787500,0, ,0.0,0.0,0.0,0.0,0,0,0,0,0,0,0,0
TF,ALGAD,13.185833,123.921944,0, ,0.0,0.0,0.0,0.0,2,5300,0,1,230,0,0,0

STAR,NGA1F,23,5
IF,NGA,13.582222,123.269528, ,0.0,0.0,2,10000,0,0,0,0,0,0
TF,TORNE,13.525756,123.623725,0, ,0.0,0.0,0.0,0.0,0,0,0,0,0,0,0,0
TF,JUBAL,13.501389,123.775556,0, ,0.0,0.0,0.0,0.0,2,7000,0,1,250,0,0,0

STAR,RAGA1B,05,5
IF,RAGAY,13.729725,122.584119, ,0.0,0.0,2,10000,0,0,0,0,0,0
TF,PENIA,13.381422,123.063486,0, ,0.0,0.0,0.0,0.0,0,0,0,0,0,0,0,0
TF,BIKOL,13.272156,123.212900,0, ,0.0,0.0,0.0,0.0,2,8000,0,0,0,0,0,0
TF,PIDUR,13.044722,123.452222,0, ,0.0,0.0,0.0,0.0,2,3000,0,1,250,0,0,0

STAR,RAGA1C,23,5
IF,RAGAY,13.729725,122.584119, ,0.0,0.0,2,10000,0,0,0,0,0,0
TF,PENIA,13.381422,123.063486,0, ,0.0,0.0,0.0,0.0,0,0,0,0,0,0,0,0
TF,BIKOL,13.272156,123.212900,0, ,0.0,0.0,0.0,0.0,0,0,0,0,0,0,0,0
TF,NIXES,13.185278,123.379167,0, ,0.0,0.0,0.0,0.0,0,0,0,0,0,0,0,0
TF,KAMRI,13.059444,123.619167,0, ,0.0,0.0,0.0,0.0,2,8000,0,0,0,0,0,0
TF,BIGNA,13.063889,123.787500,0, ,0.0,0.0,0.0,0.0,0,0,0,0,0,0,0,0
TF,ALGAD,13.185833,123.921944,0, ,0.0,0.0,0.0,0.0,2,5300,0,1,230,0,0,0

APPTR,R05,05,MABET
IF,MABET,12.901111,123.595278, ,0.0,0.0,2,3000,0,1,250,0,1,0
TF,LK05A,12.975000,123.525833,0, ,0.0,0.0,0.0,0.0,2,2500,0,0,0,0,1,0

APPTR,R05,05,PIDUR
IF,PIDUR,13.044722,123.452222, ,0.0,0.0,2,3000,0,1,250,0,1,0
TF,LK05A,12.975000,123.525833,0, ,0.0,0.0,0.0,0.0,2,2500,0,0,0,0,1,0

FINAL,R05,05,R,3
IF,LK05A,12.975000,123.525833, ,0.0,0.0,2,2500,0,0,0,0,0,0
TF,LK05B,13.031667,123.588333,0, ,0.0,0.0,49.0,5.0,1,2500,0,0,0,0,2,0
TF,RW05,13.107836,123.672319,0, ,0.0,0.0,49.0,6.7,1,368,0,0,0,0,3,1
CA,0,49.0,2,1500,0,0,0,0,0,0
DF,RUSAS,12.991111,123.694167,2, ,0.0,0.0,0,0,0,1,230,0,0,0
TF,MABET,12.901111,123.595278,0, ,0.0,0.0,0.0,0.0,2,3000,0,1,250,0,0,0
HM,MABET,12.901111,123.595278,1, ,0.0,0.0,319.0,04.3,2,3000,0,1,230,0,0,0,0

APPTR,R23,23,ALGAD
IF,ALGAD,13.185833,123.921944, ,0.0,0.0,2,5300,0,1,230,0,1,0
TF,LK23A,13.265556,123.846667,0, ,0.0,0.0,0.0,0.0,2,3600,0,0,0,0,1,0

APPTR,R23,23,JUBAL
IF,JUBAL,13.501389,123.775556, ,0.0,0.0,2,7000,0,1,250,0,1,0
TF,LK23A,13.265556,123.846667,0, ,0.0,0.0,0.0,0.0,2,3600,0,0,0,0,1,0

FINAL,R23,23,R,3
IF,LK23A,13.265556,123.846667, ,0.0,0.0,2,3600,0,0,0,0,0,0
TF,LK23B,13.185278,123.757778,0, ,0.0,0.0,229.0,7.1,1,2600,0,0,0,0,2,0
TF,RW23,13.116733,123.682142,0, ,0.0,0.0,229.0,6.0,1,357,0,0,0,0,3,1
CF,KAMRI,13.059444,123.619167,0,LP,231.2,8.4,229.0,5.0,0,0,0,0,0,0,0,1
DF,BIGNA,13.063889,123.787500,1, ,0.0,0.0,0,0,0,0,0,0,0,0
TF,ALGAD,13.185833,123.921944,0, ,0.0,0.0,0.0,0.0,2,5300,0,1,230,0,0,0
HM,ALGAD,13.185833,123.921944,2, ,0.0,0.0,319.0,04.3,2,5300,0,1,230,0,0,0,0

