SID,ALPA2P,24,5
CA,0,243.0,2,3000,0,0,0,0,0,0
DF,ARBOR,14.592778,120.806389,0, ,0.0,0.0,3,9000,0,0,0,0,0,0
TF,RIDEL,14.886389,120.878056,0, ,0.0,0.0,0.0,0.0,2,14000,0,0,0,0,0,0
TF,JERIC,15.010000,120.908333,0, ,0.0,0.0,0.0,0.0,0,0,0,0,0,0,0,0
TF,ALPAS,15.486389,120.731111,0, ,0.0,0.0,0.0,0.0,0,0,0,0,0,0,0,0

SID,ALPA2R,06,5
CF,LL06F,14.572222,121.134167,0,MIA,62.6,7.6,63.0,7.1,0,0,0,0,0,0,0,0
TF,LL06G,14.701111,121.135000,0, ,0.0,0.0,0.0,0.0,0,0,0,0,0,0,0,0
TF,LAUAN,14.896111,121.065000,0, ,0.0,0.0,0.0,0.0,3,12000,0,0,0,0,0,0
TF,ALPAS,15.486389,120.731111,0, ,0.0,0.0,0.0,0.0,2,10000,0,0,0,0,0,0

SID,ALPA2V,13,5
CF,CLAIR,14.432222,121.098611,0,MIA,138.3,6.4,138.0,6.7,0,0,0,1,200,0,0,0
TF,BILID,14.357500,121.005278,2, ,0.0,0.0,0.0,0.0,0,0,0,1,200,0,0,0
TF,TANSA,14.416389,120.944444,0, ,0.0,0.0,0.0,0.0,2,5000,0,1,200,0,0,0
TF,SANLY,14.527778,120.911944,0, ,0.0,0.0,0.0,0.0,0,0,0,0,0,0,0,0
TF,SURAN,14.865556,120.939444,0, ,0.0,0.0,0.0,0.0,0,0,0,0,0,0,0,0
TF,ALPAS,15.486389,120.731111,0, ,0.0,0.0,0.0,0.0,2,10000,0,0,0,0,0,0

SID,ALPA4V,13,5
CF,CLAIR,14.432222,121.098611,0,MIA,138.3,6.4,138.0,6.7,0,0,0,1,200,0,0,0
TF,BILID,14.357500,121.005278,2, ,0.0,0.0,0.0,0.0,0,0,0,1,200,0,0,0
TF,ARBOR,14.592778,120.806389,0, ,0.0,0.0,0.0,0.0,3,9000,0,0,0,0,0,0
TF,RIDEL,14.886389,120.878056,0, ,0.0,0.0,0.0,0.0,2,14000,0,0,0,0,0,0
TF,JERIC,15.010000,120.908333,0, ,0.0,0.0,0.0,0.0,0,0,0,0,0,0,0,0
TF,ALPAS,15.486389,120.731111,0, ,0.0,0.0,0.0,0.0,0,0,0,0,0,0,0,0

SID,BETE2A,06,2
CA,0,63.0,2,3000,0,0,0,0,0,0
VI,2, ,0.0,281.0,0,0,0,0,0,0,0,0
CF,BORGA,14.383333,120.703056,0,MIA,251.2,20.0,251.0,19.0,2,5000,0,0,0,0,0,0
TF,KEERO,14.232222,120.318611,0, ,0.0,0.0,0.0,0.0,2,6000,0,0,0,0,0,0
TF,BETEL,14.177222,120.179444,0, ,0.0,0.0,0.0,0.0,0,0,0,0,0,0,0,0

SID,BETE2B,24,2
CA,0,243.0,2,580,0,0,0,0,0,0
CF,BORGA,14.383333,120.703056,0,MIA,251.2,20.0,251.0,20.0,2,5000,0,0,0,0,0,0
TF,KEERO,14.232222,120.318611,0, ,0.0,0.0,0.0,0.0,2,6000,0,0,0,0,0,0
TF,BETEL,14.177222,120.179444,0, ,0.0,0.0,0.0,0.0,0,0,0,0,0,0,0,0

SID,BETE2C,13,2
CA,0,138.0,2,580,0,0,0,0,0,0
VA,0,113.0,2,3000,0,0,0,0,0,0
VI,2, ,0.0,281.0,0,0,0,0,0,0,0,0
CF,BORGA,14.383333,120.703056,0,MIA,251.2,20.0,251.0,10.0,2,5000,0,0,0,0,0,0
TF,KEERO,14.232222,120.318611,0, ,0.0,0.0,0.0,0.0,2,6000,0,0,0,0,0,0
TF,BETEL,14.177222,120.179444,0, ,0.0,0.0,0.0,0.0,0,0,0,0,0,0,0,0

SID,BETE2P,24,5
CF,LL24F,14.430833,120.879722,0,MIA,243.9,9.5,243.0,8.2,0,0,0,0,0,0,0,0
TF,CARAB,14.312222,120.551111,0, ,0.0,0.0,0.0,0.0,3,14600,0,0,0,0,0,0
TF,BETEL,14.177222,120.179444,0, ,0.0,0.0,0.0,0.0,2,6000,0,0,0,0,0,0

SID,BETE2R,06,5
CF,LL06F,14.572222,121.134167,0,MIA,62.6,7.6,63.0,7.1,0,0,0,1,240,0,0,0
TF,LL06G,14.701111,121.135000,0, ,0.0,0.0,0.0,0.0,0,0,0,1,240,0,0,0
TF,ZUELA,14.700000,120.997500,1, ,0.0,0.0,0.0,0.0,0,0,0,1,240,0,0,0
TF,MAYAZ,14.641389,120.834167,0, ,0.0,0.0,0.0,0.0,2,10000,0,0,0,0,0,0
TF,BETEL,14.177222,120.179444,0, ,0.0,0.0,0.0,0.0,0,0,0,0,0,0,0,0

SID,BUCA2A,06,2
CA,0,63.0,2,3000,0,0,0,0,0,0
VI,2, ,0.0,238.0,0,0,0,0,0,0,0,0
CF,INDAN,14.190278,120.867500,0,MIA,208.4,21.0,208.0,13.0,2,5000,0,0,0,0,0,0
TF,BALAY,13.902778,120.728333,0, ,0.0,0.0,0.0,0.0,2,6000,0,0,0,0,0,0
TF,BUCAL,13.600000,120.582222,0, ,0.0,0.0,0.0,0.0,2,9000,0,0,0,0,0,0

SID,BUCA2B,24,2
CA,0,243.0,2,580,0,0,0,0,0,0
CF,INDAN,14.190278,120.867500,0,MIA,208.4,21.0,208.0,21.0,2,5000,0,0,0,0,0,0
TF,BALAY,13.902778,120.728333,0, ,0.0,0.0,0.0,0.0,2,6000,0,0,0,0,0,0
TF,BUCAL,13.600000,120.582222,0, ,0.0,0.0,0.0,0.0,2,9000,0,0,0,0,0,0

SID,BUCA2C,13,2
CA,0,138.0,2,580,0,0,0,0,0,0
VA,0,113.0,2,3000,0,0,0,0,0,0
VI,2, ,0.0,238.0,0,0,0,0,0,0,0,0
CF,INDAN,14.190278,120.867500,0,MIA,208.4,21.0,208.0,6.0,2,5000,0,0,0,0,0,0
TF,BALAY,13.902778,120.728333,0, ,0.0,0.0,0.0,0.0,2,6000,0,0,0,0,0,0
TF,BUCAL,13.600000,120.582222,0, ,0.0,0.0,0.0,0.0,2,9000,0,0,0,0,0,0

SID,BUCA2P,24,5
CF,LL24F,14.430833,120.879722,0,MIA,243.9,9.5,243.0,8.2,0,0,0,0,0,0,0,0
TF,JAMES,14.144444,120.776944,0, ,0.0,0.0,0.0,0.0,0,0,0,0,0,0,0,0
TF,MASAW,13.929444,120.700000,0, ,0.0,0.0,0.0,0.0,3,15000,0,0,0,0,0,0
TF,BUCAL,13.600000,120.582222,0, ,0.0,0.0,0.0,0.0,2,9000,0,0,0,0,0,0

SID,BUCA2R,06,5
CF,LL06F,14.572222,121.134167,0,MIA,62.6,7.6,63.0,7.1,0,0,0,1,260,0,0,0
TF,GONAN,14.452778,121.258056,0, ,0.0,0.0,0.0,0.0,0,0,0,1,260,0,0,0
TF,CLENA,14.281111,121.061667,2, ,0.0,0.0,0.0,0.0,2,10000,0,0,0,0,0,0
TF,TABLA,14.042778,120.893611,0, ,0.0,0.0,0.0,0.0,2,13400,0,0,0,0,0,0
TF,LAYAN,13.889167,120.785556,0, ,0.0,0.0,0.0,0.0,0,0,0,0,0,0,0,0
TF,BUCAL,13.600000,120.582222,0, ,0.0,0.0,0.0,0.0,0,0,0,0,0,0,0,0

SID,BUCA2V,13,5
CF,CLAIR,14.432222,121.098611,0,MIA,138.3,6.4,138.0,6.7,0,0,0,0,0,0,0,0
TF,CLENA,14.281111,121.061667,0, ,0.0,0.0,0.0,0.0,2,4000,0,0,0,0,0,0
TF,TABLA,14.042778,120.893611,0, ,0.0,0.0,0.0,0.0,0,0,0,0,0,0,0,0
TF,LAYAN,13.889167,120.785556,0, ,0.0,0.0,0.0,0.0,0,0,0,0,0,0,0,0
TF,BUCAL,13.600000,120.582222,0, ,0.0,0.0,0.0,0.0,2,9000,0,0,0,0,0,0

SID,BUCA4V,13,5
CF,CLAIR,14.432222,121.098611,0,MIA,138.3,6.4,138.0,6.7,0,0,0,1,220,0,0,0
TF,BILID,14.357500,121.005278,2, ,0.0,0.0,0.0,0.0,0,0,0,0,0,0,0,0
TF,JAMES,14.144444,120.776944,0, ,0.0,0.0,0.0,0.0,0,0,0,0,0,0,0,0
TF,MASAW,13.929444,120.700000,0, ,0.0,0.0,0.0,0.0,3,15000,0,0,0,0,0,0
TF,BUCAL,13.600000,120.582222,0, ,0.0,0.0,0.0,0.0,2,9000,0,0,0,0,0,0

SID,CAB1A,06,2
CA,0,63.0,2,3000,0,0,0,0,0,0
CF,CAB49,14.664333,121.083056,0,CAB,179.0,49.0,359.0,7.0,2,5000,0,0,0,0,0,0
TF,MIGEL,15.053889,121.055000,0, ,0.0,0.0,0.0,0.0,0,0,0,0,0,0,0,0
TF,CAB,15.482278,121.024306,0, ,0.0,0.0,0.0,0.0,0,0,0,0,0,0,0,0

SID,CAB1B,24,2
CA,0,243.0,2,3000,0,0,0,0,0,0
VI,2, ,0.0,343.0,0,0,0,0,0,0,0,0
CF,LABON,14.640556,120.871944,0,CAB,193.0,51.1,13.0,6.0,2,5000,0,0,0,0,0,0
TF,VOTAS,14.710556,120.884444,0, ,0.0,0.0,0.0,0.0,0,0,0,0,0,0,0,0
TF,RADEG,14.872500,120.913889,0, ,0.0,0.0,0.0,0.0,0,0,0,0,0,0,0,0
TF,FONSO,15.081667,120.951667,0, ,0.0,0.0,0.0,0.0,0,0,0,0,0,0,0,0
TF,CAB,15.482278,121.024306,0, ,0.0,0.0,0.0,0.0,0,0,0,0,0,0,0,0

SID,CAB1C,13,2
CA,0,138.0,2,580,0,0,0,0,0,0
VA,0,113.0,2,3000,0,0,0,0,0,0
VI,1, ,0.0,329.0,0,0,0,0,0,0,0,0
CF,CAB49,14.664333,121.083056,0,CAB,179.0,49.0,359.0,4.0,2,5000,0,0,0,0,0,0
TF,MIGEL,15.053889,121.055000,0, ,0.0,0.0,0.0,0.0,0,0,0,0,0,0,0,0
TF,CAB,15.482278,121.024306,0, ,0.0,0.0,0.0,0.0,0,0,0,0,0,0,0,0

SID,CAB2P,24,5
CA,0,243.0,2,3000,0,0,0,0,0,0
DF,ARBOR,14.592778,120.806389,0, ,0.0,0.0,3,9000,0,0,0,0,0,0
TF,RIDEL,14.886389,120.878056,0, ,0.0,0.0,0.0,0.0,2,14000,0,0,0,0,0,0
TF,JERIC,15.010000,120.908333,0, ,0.0,0.0,0.0,0.0,0,0,0,0,0,0,0,0
TF,CAB,15.482278,121.024306,0, ,0.0,0.0,0.0,0.0,0,0,0,0,0,0,0,0

SID,CAB2R,06,5
CF,LL06F,14.572222,121.134167,0,MIA,62.6,7.6,63.0,7.1,0,0,0,0,0,0,0,0
TF,LL06G,14.701111,121.135000,0, ,0.0,0.0,0.0,0.0,0,0,0,0,0,0,0,0
TF,LAUAN,14.896111,121.065000,0, ,0.0,0.0,0.0,0.0,3,12000,0,0,0,0,0,0
TF,CAB,15.482278,121.024306,0, ,0.0,0.0,0.0,0.0,2,13000,0,0,0,0,0,0

SID,CAB2V,13,5
CF,CLAIR,14.432222,121.098611,0,MIA,138.3,6.4,138.0,6.7,0,0,0,1,200,0,0,0
TF,BILID,14.357500,121.005278,2, ,0.0,0.0,0.0,0.0,0,0,0,1,200,0,0,0
TF,TANSA,14.416389,120.944444,0, ,0.0,0.0,0.0,0.0,2,5000,0,1,200,0,0,0
TF,SANLY,14.527778,120.911944,0, ,0.0,0.0,0.0,0.0,0,0,0,0,0,0,0,0
TF,SURAN,14.865556,120.939444,0, ,0.0,0.0,0.0,0.0,0,0,0,0,0,0,0,0
TF,CAB,15.482278,121.024306,0, ,0.0,0.0,0.0,0.0,2,13000,0,0,0,0,0,0

SID,CAB4V,13,5
CF,CLAIR,14.432222,121.098611,0,MIA,138.3,6.4,138.0,6.7,0,0,0,1,200,0,0,0
TF,BILID,14.357500,121.005278,2, ,0.0,0.0,0.0,0.0,0,0,0,1,200,0,0,0
TF,ARBOR,14.592778,120.806389,0, ,0.0,0.0,0.0,0.0,3,9000,0,0,0,0,0,0
TF,RIDEL,14.886389,120.878056,0, ,0.0,0.0,0.0,0.0,2,14000,0,0,0,0,0,0
TF,JERIC,15.010000,120.908333,0, ,0.0,0.0,0.0,0.0,0,0,0,0,0,0,0,0
TF,CAB,15.482278,121.024306,0, ,0.0,0.0,0.0,0.0,0,0,0,0,0,0,0,0

SID,DINO2P,24,5
CF,LL24F,14.430833,120.879722,0,MIA,243.9,9.5,243.0,8.2,0,0,0,0,0,0,0,0
TF,PAYAP,14.004167,120.865000,0, ,0.0,0.0,0.0,0.0,3,15000,0,0,0,0,0,0
TF,DINNO,13.518333,120.848333,0, ,0.0,0.0,0.0,0.0,2,11000,0,0,0,0,0,0

SID,DINO2R,06,5
CF,LL06F,14.572222,121.134167,0,MIA,62.6,7.6,63.0,7.1,0,0,0,1,260,0,0,0
TF,GONAN,14.452778,121.258056,0, ,0.0,0.0,0.0,0.0,0,0,0,1,260,0,0,0
TF,CLENA,14.281111,121.061667,2, ,0.0,0.0,0.0,0.0,2,10000,0,0,0,0,0,0
TF,TABLA,14.042778,120.893611,0, ,0.0,0.0,0.0,0.0,2,13400,0,0,0,0,0,0
TF,LAYAN,13.889167,120.785556,0, ,0.0,0.0,0.0,0.0,0,0,0,0,0,0,0,0
TF,DINNO,13.518333,120.848333,0, ,0.0,0.0,0.0,0.0,0,0,0,0,0,0,0,0

SID,DINO2V,13,5
CF,CLAIR,14.432222,121.098611,0,MIA,138.3,6.4,138.0,6.7,0,0,0,0,0,0,0,0
TF,CLENA,14.281111,121.061667,0, ,0.0,0.0,0.0,0.0,2,4000,0,0,0,0,0,0
TF,TABLA,14.042778,120.893611,0, ,0.0,0.0,0.0,0.0,0,0,0,0,0,0,0,0
TF,LAYAN,13.889167,120.785556,0, ,0.0,0.0,0.0,0.0,0,0,0,0,0,0,0,0
TF,DINNO,13.518333,120.848333,0, ,0.0,0.0,0.0,0.0,2,11000,0,0,0,0,0,0

SID,DINO4V,13,5
CF,CLAIR,14.432222,121.098611,0,MIA,138.3,6.4,138.0,6.7,0,0,0,1,220,0,0,0
TF,BILID,14.357500,121.005278,2, ,0.0,0.0,0.0,0.0,0,0,0,0,0,0,0,0
TF,BUGAN,14.035000,120.945000,0, ,0.0,0.0,0.0,0.0,3,15000,0,0,0,0,0,0
TF,DINNO,13.518333,120.848333,0, ,0.0,0.0,0.0,0.0,2,11000,0,0,0,0,0,0

SID,HARBO1,31,5
CF,HARBO,14.618056,120.906111,0,MIA,317.4,9.4,318.0,8.1,2,2000,0,0,0,0,0,1

SID,IBAG2A,06,2
CA,0,63.0,2,3000,0,0,0,0,0,0
VI,2, ,0.0,202.0,0,0,0,0,0,0,0,0
CF,CARMO,14.261111,121.068889,0,MIA,172.5,15.0,172.0,3.0,2,5000,0,0,0,0,0,0
TF,LIGPA,13.956111,121.126667,0, ,0.0,0.0,0.0,0.0,2,9000,0,0,0,0,0,0
TF,IBAGO,13.543889,121.309444,0, ,0.0,0.0,0.0,0.0,0,0,0,0,0,0,0,0

SID,IBAG2B,24,2
CA,0,243.0,2,580,0,0,0,0,0,0
VI,1, ,0.0,142.0,0,0,0,0,0,0,0,0
CF,CARMO,14.261111,121.068889,0,MIA,172.5,15.0,172.0,11.0,2,5000,0,0,0,0,0,0
TF,LIGPA,13.956111,121.126667,0, ,0.0,0.0,0.0,0.0,2,9000,0,0,0,0,0,0
TF,IBAGO,13.543889,121.309444,0, ,0.0,0.0,0.0,0.0,0,0,0,0,0,0,0,0

SID,IBAG2C,13,2
CA,0,138.0,2,580,0,0,0,0,0,0
VA,0,113.0,2,3000,0,0,0,0,0,0
VI,2, ,0.0,217.0,0,0,0,0,0,0,0,0
CF,CARMO,14.261111,121.068889,0,MIA,172.5,15.0,172.0,5.0,2,5000,0,0,0,0,0,0
TF,LIGPA,13.956111,121.126667,0, ,0.0,0.0,0.0,0.0,2,9000,0,0,0,0,0,0
TF,IBAGO,13.543889,121.309444,0, ,0.0,0.0,0.0,0.0,0,0,0,0,0,0,0,0

SID,IPAT2A,06,2
CA,0,63.0,2,3000,0,0,0,0,0,0
VI,2, ,0.0,163.0,0,0,0,0,0,0,0,0
CF,CAMBA,14.324167,121.249167,0,MIA,132.6,17.2,133.0,4.0,2,6000,0,0,0,0,0,0
TF,SABIG,14.155278,121.457778,0, ,0.0,0.0,0.0,0.0,2,10000,0,0,0,0,0,0
TF,IPATA,13.865833,121.813333,0, ,0.0,0.0,0.0,0.0,0,0,0,0,0,0,0,0

SID,IPAT2B,24,2
CA,0,243.0,2,580,0,0,0,0,0,0
VI,1, ,0.0,103.0,0,0,0,0,0,0,0,0
CF,CAMBA,14.324167,121.249167,0,MIA,132.6,17.2,133.0,11.0,2,6000,0,0,0,0,0,0
TF,SABIG,14.155278,121.457778,0, ,0.0,0.0,0.0,0.0,2,10000,0,0,0,0,0,0
TF,IPATA,13.865833,121.813333,0, ,0.0,0.0,0.0,0.0,0,0,0,0,0,0,0,0

SID,IPAT2C,13,2
CA,0,138.0,2,580,0,0,0,0,0,0
VA,0,113.0,2,3000,0,0,0,0,0,0
CF,CAMBA,14.324167,121.249167,0,MIA,132.6,17.2,133.0,12.0,2,6000,0,0,0,0,0,0
TF,SABIG,14.155278,121.457778,0, ,0.0,0.0,0.0,0.0,2,10000,0,0,0,0,0,0
TF,IPATA,13.865833,121.813333,0, ,0.0,0.0,0.0,0.0,0,0,0,0,0,0,0,0

SID,IPAT2P,24,5
CF,LL24F,14.430833,120.879722,0,MIA,243.9,9.5,243.0,8.2,0,0,0,1,250,0,0,0
TF,SAMPA,14.271111,120.973333,0, ,0.0,0.0,0.0,0.0,0,0,0,1,250,0,0,0
TF,SUBAY,14.407778,121.233333,0, ,0.0,0.0,0.0,0.0,2,11000,0,0,0,0,0,0
TF,BILIN,14.095833,121.638056,0, ,0.0,0.0,0.0,0.0,0,0,0,0,0,0,0,0
TF,IPATA,13.865833,121.813333,0, ,0.0,0.0,0.0,0.0,0,0,0,0,0,0,0,0

SID,IPAT2R,06,5
CF,LL06F,14.572222,121.134167,0,MIA,62.6,7.6,63.0,7.1,0,0,0,0,0,0,0,0
TF,TANAU,14.586944,121.262500,0, ,0.0,0.0,0.0,0.0,0,0,0,0,0,0,0,0
TF,FALLS,14.274167,121.502222,0, ,0.0,0.0,0.0,0.0,2,11000,0,0,0,0,0,0
TF,BILIN,14.095833,121.638056,0, ,0.0,0.0,0.0,0.0,0,0,0,0,0,0,0,0
TF,IPATA,13.865833,121.813333,0, ,0.0,0.0,0.0,0.0,0,0,0,0,0,0,0,0

SID,IPAT2V,13,5
CF,CLAIR,14.432222,121.098611,0,MIA,138.3,6.4,138.0,6.7,0,0,0,0,0,0,0,0
TF,OGONG,14.243611,121.401667,0, ,0.0,0.0,0.0,0.0,2,11000,0,0,0,0,0,0
TF,BILIN,14.095833,121.638056,0, ,0.0,0.0,0.0,0.0,0,0,0,0,0,0,0,0
TF,IPATA,13.865833,121.813333,0, ,0.0,0.0,0.0,0.0,0,0,0,0,0,0,0,0

SID,IPAT4V,13,5
CF,CLAIR,14.432222,121.098611,0,MIA,138.3,6.4,138.0,6.7,0,0,0,0,0,0,0,0
TF,SUBAY,14.407778,121.233333,0, ,0.0,0.0,0.0,0.0,0,0,0,0,0,0,0,0
TF,BILIN,14.095833,121.638056,0, ,0.0,0.0,0.0,0.0,0,0,0,0,0,0,0,0
TF,IPATA,13.865833,121.813333,0, ,0.0,0.0,0.0,0.0,2,10000,0,0,0,0,0,0

SID,JOM2A,06,2
CA,0,63.0,2,3000,0,0,0,0,0,0
VI,0, ,0.0,114.0,0,0,0,0,0,0,0,0
CF,TANAY,14.557222,121.344167,0,MIA,84.1,19.0,84.0,12.0,2,7000,0,0,0,0,0,0
TF,JOM,14.704872,122.329981,0, ,0.0,0.0,0.0,0.0,0,0,0,0,0,0,0,0

SID,JOM2B,24,2
CA,0,243.0,2,580,0,0,0,0,0,0
VI,1, ,0.0,54.0,0,0,0,0,0,0,0,0
CF,TANAY,14.557222,121.344167,0,MIA,84.1,19.0,84.0,12.0,2,7000,0,0,0,0,0,0
TF,JOM,14.704872,122.329981,0, ,0.0,0.0,0.0,0.0,0,0,0,0,0,0,0,0

SID,JOM2C,13,2
CA,0,138.0,2,580,0,0,0,0,0,0
VA,0,113.0,2,3000,0,0,0,0,0,0
VI,0, ,0.0,54.0,0,0,0,0,0,0,0,0
CF,TANAY,14.557222,121.344167,0,MIA,84.1,19.0,84.0,9.0,2,7000,0,0,0,0,0,0
TF,JOM,14.704872,122.329981,0, ,0.0,0.0,0.0,0.0,0,0,0,0,0,0,0,0

SID,JOM2P,24,5
CF,LL24F,14.430833,120.879722,0,MIA,243.9,9.5,243.0,8.2,0,0,0,1,250,0,0,0
TF,SAMPA,14.271111,120.973333,0, ,0.0,0.0,0.0,0.0,0,0,0,1,250,0,0,0
TF,SUBAY,14.407778,121.233333,0, ,0.0,0.0,0.0,0.0,2,11000,0,0,0,0,0,0
TF,CUEVA,14.525278,121.457778,0, ,0.0,0.0,0.0,0.0,2,14000,0,0,0,0,0,0
TF,JOM,14.704872,122.329981,0, ,0.0,0.0,0.0,0.0,0,0,0,0,0,0,0,0

SID,JOM2R,06,5
CF,LL06F,14.572222,121.134167,0,MIA,62.6,7.6,63.0,7.1,0,0,0,0,0,0,0,0
TF,TANAU,14.586944,121.262500,0, ,0.0,0.0,0.0,0.0,0,0,0,0,0,0,0,0
TF,JOM,14.704872,122.329981,0, ,0.0,0.0,0.0,0.0,2,8000,0,0,0,0,0,0

SID,LAIY2A,06,2
CA,0,63.0,2,3000,0,0,0,0,0,0
VI,2, ,0.0,202.0,0,0,0,0,0,0,0,0
CF,CARMO,14.261111,121.068889,0,MIA,172.5,15.0,172.0,3.0,2,5000,0,0,0,0,0,0
TF,LIGPA,13.956111,121.126667,0, ,0.0,0.0,0.0,0.0,2,8000,0,0,0,0,0,0
TF,LAIYA,13.571944,121.394444,0, ,0.0,0.0,0.0,0.0,0,0,0,0,0,0,0,0

SID,LAIY2B,24,2
CA,0,243.0,2,580,0,0,0,0,0,0
VI,1, ,0.0,142.0,0,0,0,0,0,0,0,0
CF,CARMO,14.261111,121.068889,0,MIA,172.5,15.0,172.0,11.0,2,5000,0,0,0,0,0,0
TF,LIGPA,13.956111,121.126667,0, ,0.0,0.0,0.0,0.0,2,8000,0,0,0,0,0,0
TF,LAIYA,13.571944,121.394444,0, ,0.0,0.0,0.0,0.0,0,0,0,0,0,0,0,0

SID,LAIY2C,13,2
CA,0,138.0,2,580,0,0,0,0,0,0
VA,0,113.0,2,3000,0,0,0,0,0,0
VI,2, ,0.0,217.0,0,0,0,0,0,0,0,0
CF,CARMO,14.261111,121.068889,0,MIA,172.5,15.0,172.0,5.0,2,5000,0,0,0,0,0,0
TF,LIGPA,13.956111,121.126667,0, ,0.0,0.0,0.0,0.0,2,8000,0,0,0,0,0,0
TF,LAIYA,13.571944,121.394444,0, ,0.0,0.0,0.0,0.0,0,0,0,0,0,0,0,0

SID,NATI2A,06,2
CA,0,63.0,2,3000,0,0,0,0,0,0
VI,1, ,0.0,247.0,0,0,0,0,0,0,0,0
CF,TONDO,14.562222,120.857778,0,MIA,291.7,10.1,292.0,5.0,2,6000,0,0,0,0,0,0
TF,BATAN,14.660278,120.559167,0, ,0.0,0.0,0.0,0.0,0,0,0,0,0,0,0,0
TF,NATIB,14.713056,120.398056,0, ,0.0,0.0,0.0,0.0,0,0,0,0,0,0,0,0

SID,NATI2B,24,2
CA,0,243.0,2,3000,0,0,0,0,0,0
DF,TONDO,14.562222,120.857778,2, ,0.0,0.0,2,6000,0,0,0,0,0,0
TF,BATAN,14.660278,120.559167,0, ,0.0,0.0,0.0,0.0,0,0,0,0,0,0,0,0
TF,NATIB,14.713056,120.398056,0, ,0.0,0.0,0.0,0.0,0,0,0,0,0,0,0,0

SID,NATI2C,13,2
CA,0,138.0,2,580,0,0,0,0,0,0
VA,0,113.0,2,3000,0,0,0,0,0,0
VI,2, ,0.0,322.0,0,0,0,0,0,0,0,0
CF,TONDO,14.562222,120.857778,0,MIA,291.7,10.1,292.0,9.0,2,6000,0,0,0,0,0,0
TF,BATAN,14.660278,120.559167,0, ,0.0,0.0,0.0,0.0,0,0,0,0,0,0,0,0
TF,NATIB,14.713056,120.398056,0, ,0.0,0.0,0.0,0.0,0,0,0,0,0,0,0,0

SID,OLIV2A,06,2
CA,0,63.0,2,3000,0,0,0,0,0,0
VI,1, ,0.0,285.0,0,0,0,0,0,0,0,0
CF,VOTAS,14.710556,120.884444,0,MIA,329.6,14.5,330.0,6.0,2,6000,0,0,0,0,0,0
TF,OLIVA,14.949444,120.722222,0, ,0.0,0.0,0.0,0.0,0,0,0,0,0,0,0,0

SID,OLIV2B,24,2
CA,0,243.0,2,3000,0,0,0,0,0,0
VI,2, ,0.0,15.0,0,0,0,0,0,0,0,0
CF,VOTAS,14.710556,120.884444,0,MIA,329.6,14.5,330.0,5.0,2,6000,0,0,0,0,0,0
TF,OLIVA,14.949444,120.722222,0, ,0.0,0.0,0.0,0.0,0,0,0,0,0,0,0,0

SID,OLIV2C,13,2
CA,0,138.0,2,580,0,0,0,0,0,0
VA,0,113.0,2,3000,0,0,0,0,0,0
CF,VOTAS,14.710556,120.884444,2,MIA,329.6,14.5,330.0,20.0,2,6000,0,0,0,0,0,0
TF,OLIVA,14.949444,120.722222,0, ,0.0,0.0,0.0,0.0,0,0,0,0,0,0,0,0

SID,SIMB2A,06,2
CA,0,63.0,2,3000,0,0,0,0,0,0
VI,1, ,0.0,270.0,0,0,0,0,0,0,0,0
CF,LABON,14.640556,120.871944,0,MIA,315.3,11.8,315.0,4.0,2,6000,0,0,0,0,0,0
TF,REPAT,14.831336,120.655697,0, ,0.0,0.0,0.0,0.0,0,0,0,0,0,0,0,0
TF,SIMBO,14.794444,120.398056,0, ,0.0,0.0,0.0,0.0,0,0,0,0,0,0,0,0

SID,SIMB2B,24,2
CA,0,243.0,2,3000,0,0,0,0,0,0
VI,2, ,0.0,360.0,0,0,0,0,0,0,0,0
CF,LABON,14.640556,120.871944,0,MIA,315.3,11.8,315.0,1.0,2,6000,0,0,0,0,0,0
TF,REPAT,14.831336,120.655697,0, ,0.0,0.0,0.0,0.0,0,0,0,0,0,0,0,0
TF,SIMBO,14.794444,120.398056,0, ,0.0,0.0,0.0,0.0,0,0,0,0,0,0,0,0

SID,SIMB2C,13,2
CA,0,138.0,2,580,0,0,0,0,0,0
VA,0,113.0,2,3000,0,0,0,0,0,0
CF,LABON,14.640556,120.871944,2,MIA,315.3,11.8,315.0,17.0,2,6000,0,0,0,0,0,0
TF,REPAT,14.831336,120.655697,0, ,0.0,0.0,0.0,0.0,0,0,0,0,0,0,0,0
TF,SIMBO,14.794444,120.398056,0, ,0.0,0.0,0.0,0.0,0,0,0,0,0,0,0,0

SID,SIRC2D,06,2
CA,0,63.0,2,3000,0,0,0,0,0,0
VI,2, ,0.0,299.0,0,0,0,0,0,0,0,0
CF,DILAN,14.490556,120.764722,0,MIA,269.1,15.0,269.0,17.0,2,6500,0,0,0,0,0,0
TF,ATMIG,14.468889,120.451667,0, ,0.0,0.0,0.0,0.0,2,7000,0,0,0,0,0,0
TF,SIRCA,14.460556,120.333889,0, ,0.0,0.0,0.0,0.0,0,0,0,0,0,0,0,0

SID,SIRC2E,24,2
CA,0,243.0,2,3000,0,0,0,0,0,0
VI,0, ,0.0,299.0,0,0,0,0,0,0,0,0
CF,DILAN,14.490556,120.764722,0,MIA,269.1,15.0,269.0,5.0,2,6500,0,0,0,0,0,0
TF,ATMIG,14.468889,120.451667,0, ,0.0,0.0,0.0,0.0,2,7000,0,0,0,0,0,0
TF,SIRCA,14.460556,120.333889,0, ,0.0,0.0,0.0,0.0,0,0,0,0,0,0,0,0

SID,SIRC2F,13,2
CA,0,138.0,2,580,0,0,0,0,0,0
VA,0,113.0,2,3000,0,0,0,0,0,0
VI,2, ,0.0,299.0,0,0,0,0,0,0,0,0
CF,DILAN,14.490556,120.764722,0,MIA,269.1,15.0,269.0,8.0,2,6500,0,0,0,0,0,0
TF,ATMIG,14.468889,120.451667,0, ,0.0,0.0,0.0,0.0,2,7000,0,0,0,0,0,0
TF,SIRCA,14.460556,120.333889,0, ,0.0,0.0,0.0,0.0,0,0,0,0,0,0,0,0

SID,SIRC2P,24,5
DF,DER24,14.498567,121.001433,0, ,0.0,0.0,0,0,0,0,0,0,0,1
CA,0,243.0,2,1000,0,0,0,0,0,0
DF,GIDOR,14.470278,120.728333,0, ,0.0,0.0,3,9000,0,0,0,0,0,0
TF,SIRCA,14.460556,120.333889,0, ,0.0,0.0,0.0,0.0,2,6000,0,0,0,0,0,0

SID,SIRC2R,06,5
CF,LL06F,14.572222,121.134167,0,MIA,62.6,7.6,63.0,7.1,0,0,0,1,240,0,0,0
TF,LL06G,14.701111,121.135000,0, ,0.0,0.0,0.0,0.0,0,0,0,1,240,0,0,0
TF,ZUELA,14.700000,120.997500,1, ,0.0,0.0,0.0,0.0,0,0,0,1,240,0,0,0
TF,MAYAZ,14.641389,120.834167,0, ,0.0,0.0,0.0,0.0,2,10000,0,0,0,0,0,0
TF,SIRCA,14.460556,120.333889,0, ,0.0,0.0,0.0,0.0,0,0,0,0,0,0,0,0

SID,TIMO2A,06,2
CA,0,63.0,2,3000,0,0,0,0,0,0
VI,0, ,0.0,150.0,0,0,0,0,0,0,0,0
CF,TALIM,14.356667,121.328056,0,MIA,119.8,20.0,120.0,8.0,2,5000,0,0,0,0,0,0
TF,TIMON,14.052500,121.939722,0, ,0.0,0.0,0.0,0.0,2,8000,0,0,0,0,0,0

SID,TIMO2B,24,2
CA,0,243.0,2,580,0,0,0,0,0,0
VI,1, ,0.0,90.0,0,0,0,0,0,0,0,0
CF,TALIM,14.356667,121.328056,0,MIA,119.8,20.0,120.0,13.0,2,5000,0,0,0,0,0,0
TF,TIMON,14.052500,121.939722,0, ,0.0,0.0,0.0,0.0,2,8000,0,0,0,0,0,0

SID,TIMO2C,13,2
CA,0,138.0,2,580,0,0,0,0,0,0
VA,0,113.0,2,3000,0,0,0,0,0,0
CF,TALIM,14.356667,121.328056,0,MIA,119.8,20.0,120.0,15.0,2,5000,0,0,0,0,0,0
TF,TIMON,14.052500,121.939722,0, ,0.0,0.0,0.0,0.0,2,8000,0,0,0,0,0,0

SID,TIMO2P,24,5
CF,LL24F,14.430833,120.879722,0,MIA,243.9,9.5,243.0,8.2,0,0,0,1,250,0,0,0
TF,SAMPA,14.271111,120.973333,0, ,0.0,0.0,0.0,0.0,0,0,0,1,250,0,0,0
TF,SUBAY,14.407778,121.233333,0, ,0.0,0.0,0.0,0.0,2,11000,0,0,0,0,0,0
TF,BILIN,14.095833,121.638056,0, ,0.0,0.0,0.0,0.0,0,0,0,0,0,0,0,0
TF,TIMON,14.052500,121.939722,0, ,0.0,0.0,0.0,0.0,0,0,0,0,0,0,0,0

SID,TIMO2R,06,5
CF,LL06F,14.572222,121.134167,0,MIA,62.6,7.6,63.0,7.1,0,0,0,0,0,0,0,0
TF,TANAU,14.586944,121.262500,0, ,0.0,0.0,0.0,0.0,0,0,0,0,0,0,0,0
TF,FALLS,14.274167,121.502222,0, ,0.0,0.0,0.0,0.0,2,11000,0,0,0,0,0,0
TF,BILIN,14.095833,121.638056,0, ,0.0,0.0,0.0,0.0,0,0,0,0,0,0,0,0
TF,TIMON,14.052500,121.939722,0, ,0.0,0.0,0.0,0.0,0,0,0,0,0,0,0,0

SID,TIMO2V,13,5
CF,CLAIR,14.432222,121.098611,0,MIA,138.3,6.4,138.0,6.7,0,0,0,0,0,0,0,0
TF,OGONG,14.243611,121.401667,0, ,0.0,0.0,0.0,0.0,2,11000,0,0,0,0,0,0
TF,BILIN,14.095833,121.638056,0, ,0.0,0.0,0.0,0.0,0,0,0,0,0,0,0,0
TF,TIMON,14.052500,121.939722,0, ,0.0,0.0,0.0,0.0,0,0,0,0,0,0,0,0

SID,TIMO4V,13,5
CF,CLAIR,14.432222,121.098611,0,MIA,138.3,6.4,138.0,6.7,0,0,0,0,0,0,0,0
TF,SUBAY,14.407778,121.233333,0, ,0.0,0.0,0.0,0.0,0,0,0,0,0,0,0,0
TF,BILIN,14.095833,121.638056,0, ,0.0,0.0,0.0,0.0,0,0,0,0,0,0,0,0
TF,TIMON,14.052500,121.939722,0, ,0.0,0.0,0.0,0.0,2,8000,0,0,0,0,0,0

SID,VERD2A,06,2
CA,0,63.0,2,3000,0,0,0,0,0,0
VI,2, ,0.0,212.0,0,0,0,0,0,0,0,0
CF,TAALA,14.046944,121.026389,0,MIA,182.4,27.5,182.0,16.0,2,8000,0,0,0,0,0,0
TF,VERDE,13.503611,121.031667,0, ,0.0,0.0,0.0,0.0,2,11000,0,0,0,0,0,0

SID,VERD2B,24,2
CA,0,243.0,2,580,0,0,0,0,0,0
VI,1, ,0.0,152.0,0,0,0,0,0,0,0,0
CF,TAALA,14.046944,121.026389,0,MIA,182.4,27.5,182.0,24.0,2,8000,0,0,0,0,0,0
TF,VERDE,13.503611,121.031667,0, ,0.0,0.0,0.0,0.0,2,11000,0,0,0,0,0,0

SID,VERD2C,13,2
CA,0,138.0,2,580,0,0,0,0,0,0
VA,0,113.0,2,3000,0,0,0,0,0,0
VI,2, ,0.0,212.0,0,0,0,0,0,0,0,0
CF,TAALA,14.046944,121.026389,0,MIA,182.4,27.5,182.0,14.0,2,8000,0,0,0,0,0,0
TF,VERDE,13.503611,121.031667,0, ,0.0,0.0,0.0,0.0,2,11000,0,0,0,0,0,0

SID,VERD2P,24,5
CF,LL24F,14.430833,120.879722,0,MIA,243.9,9.5,243.0,8.2,0,0,0,0,0,0,0,0
TF,BUGAN,14.035000,120.945000,0, ,0.0,0.0,0.0,0.0,3,15000,0,0,0,0,0,0
TF,VERDE,13.503611,121.031667,0, ,0.0,0.0,0.0,0.0,2,11000,0,0,0,0,0,0

SID,VERD2R,06,5
CF,LL06F,14.572222,121.134167,0,MIA,62.6,7.6,63.0,7.1,0,0,0,1,260,0,0,0
TF,GONAN,14.452778,121.258056,0, ,0.0,0.0,0.0,0.0,0,0,0,1,260,0,0,0
TF,CLENA,14.281111,121.061667,2, ,0.0,0.0,0.0,0.0,2,10000,0,0,0,0,0,0
TF,TABLA,14.042778,120.893611,0, ,0.0,0.0,0.0,0.0,2,13400,0,0,0,0,0,0
TF,VERDE,13.503611,121.031667,0, ,0.0,0.0,0.0,0.0,0,0,0,0,0,0,0,0

SID,VERD2V,13,5
CF,CLAIR,14.432222,121.098611,0,MIA,138.3,6.4,138.0,6.7,0,0,0,0,0,0,0,0
TF,CLENA,14.281111,121.061667,0, ,0.0,0.0,0.0,0.0,2,4000,0,0,0,0,0,0
TF,TABLA,14.042778,120.893611,0, ,0.0,0.0,0.0,0.0,0,0,0,0,0,0,0,0
TF,VERDE,13.503611,121.031667,0, ,0.0,0.0,0.0,0.0,2,11000,0,0,0,0,0,0

SID,VERD4V,13,5
CF,CLAIR,14.432222,121.098611,0,MIA,138.3,6.4,138.0,6.7,0,0,0,1,220,0,0,0
TF,BILID,14.357500,121.005278,2, ,0.0,0.0,0.0,0.0,0,0,0,0,0,0,0,0
TF,BUGAN,14.035000,120.945000,0, ,0.0,0.0,0.0,0.0,3,15000,0,0,0,0,0,0
TF,VERDE,13.503611,121.031667,0, ,0.0,0.0,0.0,0.0,2,11000,0,0,0,0,0,0

STAR,ALBA1A,ALL,2
IF,ALBAT,14.220278,121.924167, ,0.0,0.0,0,0,0,0,0,0,0,0

STAR,ALBA1A,06,3
IF,ALBAT,14.220278,121.924167, ,0.0,0.0,0,0,0,0,0,0,0,0
TF,MALEL,14.425000,121.283056,0, ,0.0,0.0,0.0,0.0,0,0,0,0,0,0,0,0
TF,MIA,14.507972,121.021722,0, ,0.0,0.0,0.0,0.0,2,6000,0,0,0,0,0,0

STAR,ALBA1A,13,3
IF,ALBAT,14.220278,121.924167, ,0.0,0.0,0,0,0,0,0,0,0,0
TF,MALEL,14.425000,121.283056,0, ,0.0,0.0,0.0,0.0,0,0,0,0,0,0,0,0
TF,MIA,14.507972,121.021722,0, ,0.0,0.0,0.0,0.0,2,6000,0,0,0,0,0,0

STAR,ALBA1A,24,3
IF,ALBAT,14.220278,121.924167, ,0.0,0.0,0,0,0,0,0,0,0,0
TF,MALEL,14.425000,121.283056,0, ,0.0,0.0,0.0,0.0,0,0,0,0,0,0,0,0
TF,MIA,14.507972,121.021722,0, ,0.0,0.0,0.0,0.0,2,6000,0,0,0,0,0,0

STAR,ALBA3P,24,5
IF,ALBAT,14.220278,121.924167, ,0.0,0.0,2,16000,0,1,250,0,0,0
TF,RENZE,14.568333,121.653889,0, ,0.0,0.0,0.0,0.0,0,0,0,0,0,0,0,0
TF,ABESA,14.393611,121.340833,0, ,0.0,0.0,0.0,0.0,0,0,0,1,230,0,0,0
TF,NATAY,14.495278,121.281111,0, ,0.0,0.0,0.0,0.0,2,5000,0,1,210,0,0,0

STAR,ALBA3R,06,5
IF,ALBAT,14.220278,121.924167, ,0.0,0.0,2,16000,0,1,250,0,0,0
TF,NATAY,14.495278,121.281111,0, ,0.0,0.0,0.0,0.0,0,0,0,1,230,0,0,0
TF,TRECE,14.275278,120.885278,0, ,0.0,0.0,0.0,0.0,2,5000,0,1,210,0,0,0

STAR,ALBA5P,24,5
IF,ALBAT,14.220278,121.924167, ,0.0,0.0,2,16000,0,1,250,0,0,0
TF,RENZE,14.568333,121.653889,0, ,0.0,0.0,0.0,0.0,0,0,0,0,0,0,0,0
TF,ABESA,14.393611,121.340833,0, ,0.0,0.0,0.0,0.0,0,0,0,1,230,0,0,0
TF,NATAY,14.495278,121.281111,0, ,0.0,0.0,0.0,0.0,0,0,0,1,210,0,0,0
TF,ANTON,14.586944,121.445000,0, ,0.0,0.0,0.0,0.0,0,0,0,0,0,0,0,0
TF,MUTAN,14.705833,121.375000,0, ,0.0,0.0,0.0,0.0,2,7200,0,1,210,0,0,0

STAR,ALBA5R,06,5
IF,ALBAT,14.220278,121.924167, ,0.0,0.0,2,16000,0,1,250,0,0,0
TF,NATAY,14.495278,121.281111,0, ,0.0,0.0,0.0,0.0,0,0,0,1,230,0,0,0
TF,TRECE,14.275278,120.885278,0, ,0.0,0.0,0.0,0.0,0,0,0,1,210,0,0,0
TF,ETSBI,14.207222,120.762500,0, ,0.0,0.0,0.0,0.0,0,0,0,0,0,0,0,0
TF,GONDO,14.326667,120.692500,0, ,0.0,0.0,0.0,0.0,2,5000,0,1,210,0,0,0

STAR,ALBA7P,24,5
IF,ALBAT,14.220278,121.924167, ,0.0,0.0,2,16000,0,1,250,0,0,0
TF,RENZE,14.568333,121.653889,0, ,0.0,0.0,0.0,0.0,0,0,0,0,0,0,0,0
TF,ABESA,14.393611,121.340833,0, ,0.0,0.0,0.0,0.0,0,0,0,1,230,0,0,0
TF,NATAY,14.495278,121.281111,0, ,0.0,0.0,0.0,0.0,0,0,0,1,210,0,0,0
TF,ANTON,14.586944,121.445000,0, ,0.0,0.0,0.0,0.0,0,0,0,0,0,0,0,0
TF,WEEDI,14.670000,121.594167,0, ,0.0,0.0,0.0,0.0,0,0,0,0,0,0,0,0
TF,PATCA,14.789722,121.524444,0, ,0.0,0.0,0.0,0.0,0,0,0,0,0,0,0,0
TF,MUTAN,14.705833,121.375000,0, ,0.0,0.0,0.0,0.0,2,7200,0,1,210,0,0,0

STAR,ALBA7R,06,5
IF,ALBAT,14.220278,121.924167, ,0.0,0.0,2,16000,0,1,250,0,0,0
TF,NATAY,14.495278,121.281111,0, ,0.0,0.0,0.0,0.0,0,0,0,1,230,0,0,0
TF,TRECE,14.275278,120.885278,0, ,0.0,0.0,0.0,0.0,0,0,0,1,210,0,0,0
TF,ETSBI,14.207222,120.762500,0, ,0.0,0.0,0.0,0.0,0,0,0,0,0,0,0,0
TF,ZEYEL,14.100278,120.573611,0, ,0.0,0.0,0.0,0.0,0,0,0,0,0,0,0,0
TF,ESTEL,14.220833,120.502222,0, ,0.0,0.0,0.0,0.0,0,0,0,0,0,0,0,0
TF,GONDO,14.326667,120.692500,0, ,0.0,0.0,0.0,0.0,2,5000,0,1,210,0,0,0

STAR,BUCA1A,ALL,2
IF,BUCAL,13.600000,120.582222, ,0.0,0.0,0,0,0,0,0,0,0,0

STAR,BUCA1A,06,3
IF,BUCAL,13.600000,120.582222, ,0.0,0.0,0,0,0,0,0,0,0,0
TF,BALAY,13.902778,120.728333,0, ,0.0,0.0,0.0,0.0,0,0,0,0,0,0,0,0
TF,INDAN,14.190278,120.867500,0, ,0.0,0.0,0.0,0.0,0,0,0,0,0,0,0,0
TF,MIA,14.507972,121.021722,0, ,0.0,0.0,0.0,0.0,2,6000,0,0,0,0,0,0

STAR,BUCA1A,13,3
IF,BUCAL,13.600000,120.582222, ,0.0,0.0,0,0,0,0,0,0,0,0
TF,BALAY,13.902778,120.728333,0, ,0.0,0.0,0.0,0.0,0,0,0,0,0,0,0,0
TF,INDAN,14.190278,120.867500,0, ,0.0,0.0,0.0,0.0,0,0,0,0,0,0,0,0
TF,MIA,14.507972,121.021722,0, ,0.0,0.0,0.0,0.0,2,6000,0,0,0,0,0,0

STAR,BUCA1A,24,3
IF,BUCAL,13.600000,120.582222, ,0.0,0.0,0,0,0,0,0,0,0,0
TF,BALAY,13.902778,120.728333,0, ,0.0,0.0,0.0,0.0,0,0,0,0,0,0,0,0
TF,INDAN,14.190278,120.867500,0, ,0.0,0.0,0.0,0.0,0,0,0,0,0,0,0,0
TF,MIA,14.507972,121.021722,0, ,0.0,0.0,0.0,0.0,2,6000,0,0,0,0,0,0

STAR,BUCA3P,24,5
IF,BUCAL,13.600000,120.582222, ,0.0,0.0,2,16000,0,1,250,0,0,0
TF,ESTEL,14.220833,120.502222,0, ,0.0,0.0,0.0,0.0,0,0,0,0,0,0,0,0
TF,MONRE,14.678056,120.758333,0, ,0.0,0.0,0.0,0.0,0,0,0,0,0,0,0,0
TF,AYIFF,14.832500,121.083056,0, ,0.0,0.0,0.0,0.0,0,0,0,1,230,0,0,0
TF,MEDAM,14.730833,121.143056,0, ,0.0,0.0,0.0,0.0,2,5000,0,1,210,0,0,0

STAR,BUCA3R,06,5
IF,BUCAL,13.600000,120.582222, ,0.0,0.0,2,16000,0,1,250,0,0,0
TF,RODEL,13.929444,120.686111,0, ,0.0,0.0,0.0,0.0,0,0,0,0,0,0,0,0
TF,WAYEM,14.172500,120.946111,0, ,0.0,0.0,0.0,0.0,2,6000,0,1,230,0,0,0
TF,TRECE,14.275278,120.885278,0, ,0.0,0.0,0.0,0.0,2,5000,0,1,210,0,0,0

STAR,BUCA5P,24,5
IF,BUCAL,13.600000,120.582222, ,0.0,0.0,2,16000,0,1,250,0,0,0
TF,ESTEL,14.220833,120.502222,0, ,0.0,0.0,0.0,0.0,0,0,0,0,0,0,0,0
TF,MONRE,14.678056,120.758333,0, ,0.0,0.0,0.0,0.0,0,0,0,0,0,0,0,0
TF,AYIFF,14.832500,121.083056,0, ,0.0,0.0,0.0,0.0,0,0,0,1,230,0,0,0
TF,MEDAM,14.730833,121.143056,0, ,0.0,0.0,0.0,0.0,0,0,0,1,210,0,0,0
TF,DONIE,14.822500,121.307222,0, ,0.0,0.0,0.0,0.0,0,0,0,0,0,0,0,0
TF,MUTAN,14.705833,121.375000,0, ,0.0,0.0,0.0,0.0,2,7200,0,1,210,0,0,0

STAR,BUCA5R,06,5
IF,BUCAL,13.600000,120.582222, ,0.0,0.0,2,16000,0,1,250,0,0,0
TF,RODEL,13.929444,120.686111,0, ,0.0,0.0,0.0,0.0,0,0,0,0,0,0,0,0
TF,WAYEM,14.172500,120.946111,0, ,0.0,0.0,0.0,0.0,2,6000,0,1,230,0,0,0
TF,TRECE,14.275278,120.885278,0, ,0.0,0.0,0.0,0.0,0,0,0,1,210,0,0,0
TF,ETSBI,14.207222,120.762500,0, ,0.0,0.0,0.0,0.0,0,0,0,0,0,0,0,0
TF,GONDO,14.326667,120.692500,0, ,0.0,0.0,0.0,0.0,2,5000,0,1,210,0,0,0

STAR,BUCA7P,24,5
IF,BUCAL,13.600000,120.582222, ,0.0,0.0,2,16000,0,1,250,0,0,0
TF,ESTEL,14.220833,120.502222,0, ,0.0,0.0,0.0,0.0,0,0,0,0,0,0,0,0
TF,MONRE,14.678056,120.758333,0, ,0.0,0.0,0.0,0.0,0,0,0,0,0,0,0,0
TF,AYIFF,14.832500,121.083056,0, ,0.0,0.0,0.0,0.0,0,0,0,1,230,0,0,0
TF,MEDAM,14.730833,121.143056,0, ,0.0,0.0,0.0,0.0,0,0,0,1,210,0,0,0
TF,DONIE,14.822500,121.307222,0, ,0.0,0.0,0.0,0.0,0,0,0,0,0,0,0,0
TF,MIKEY,14.905833,121.456667,0, ,0.0,0.0,0.0,0.0,4,10000,7200,0,0,0,0,0
TF,PATCA,14.789722,121.524444,0, ,0.0,0.0,0.0,0.0,0,0,0,0,0,0,0,0
TF,MUTAN,14.705833,121.375000,0, ,0.0,0.0,0.0,0.0,2,7200,0,1,210,0,0,0

STAR,BUCA7R,06,5
IF,BUCAL,13.600000,120.582222, ,0.0,0.0,2,16000,0,1,250,0,0,0
TF,RODEL,13.929444,120.686111,0, ,0.0,0.0,0.0,0.0,0,0,0,0,0,0,0,0
TF,WAYEM,14.172500,120.946111,0, ,0.0,0.0,0.0,0.0,2,6000,0,1,230,0,0,0
TF,TRECE,14.275278,120.885278,0, ,0.0,0.0,0.0,0.0,0,0,0,1,210,0,0,0
TF,ETSBI,14.207222,120.762500,0, ,0.0,0.0,0.0,0.0,0,0,0,0,0,0,0,0
TF,ZEYEL,14.100278,120.573611,0, ,0.0,0.0,0.0,0.0,0,0,0,0,0,0,0,0
TF,ESTEL,14.220833,120.502222,0, ,0.0,0.0,0.0,0.0,0,0,0,0,0,0,0,0
TF,GONDO,14.326667,120.692500,0, ,0.0,0.0,0.0,0.0,2,5000,0,1,210,0,0,0

STAR,CAB1D,ALL,2
IF,CAB,15.482278,121.024306, ,0.0,0.0,0,0,0,0,0,0,0,0

STAR,CAB1D,06,3
IF,CAB,15.482278,121.024306, ,0.0,0.0,0,0,0,0,0,0,0,0
TF,TARTA,15.035689,121.121967,0, ,0.0,0.0,0.0,0.0,0,0,0,0,0,0,0,0
TF,GARAY,14.912322,121.148875,0, ,0.0,0.0,0.0,0.0,2,7000,0,0,0,0,0,0
TF,MIA,14.507972,121.021722,0, ,0.0,0.0,0.0,0.0,2,6000,0,0,0,0,0,0

STAR,CAB1D,13,3
IF,CAB,15.482278,121.024306, ,0.0,0.0,0,0,0,0,0,0,0,0
TF,TARTA,15.035689,121.121967,0, ,0.0,0.0,0.0,0.0,0,0,0,0,0,0,0,0
TF,GARAY,14.912322,121.148875,0, ,0.0,0.0,0.0,0.0,2,7000,0,0,0,0,0,0
TF,MIA,14.507972,121.021722,0, ,0.0,0.0,0.0,0.0,2,6000,0,0,0,0,0,0

STAR,CAB1D,24,3
IF,CAB,15.482278,121.024306, ,0.0,0.0,0,0,0,0,0,0,0,0
TF,TARTA,15.035689,121.121967,0, ,0.0,0.0,0.0,0.0,0,0,0,0,0,0,0,0
TF,GARAY,14.912322,121.148875,0, ,0.0,0.0,0.0,0.0,2,7000,0,0,0,0,0,0
TF,MIA,14.507972,121.021722,0, ,0.0,0.0,0.0,0.0,2,6000,0,0,0,0,0,0

STAR,CAB3P,24,5
IF,CAB,15.482278,121.024306, ,0.0,0.0,2,16000,0,1,250,0,0,0
TF,ANING,15.007500,121.396667,0, ,0.0,0.0,0.0,0.0,0,0,0,0,0,0,0,0
TF,AYIFF,14.832500,121.083056,2, ,0.0,0.0,0.0,0.0,2,5800,0,1,230,0,0,0
TF,MEDAM,14.730833,121.143056,0, ,0.0,0.0,0.0,0.0,2,5000,0,1,210,0,0,0

STAR,CAB3R,06,5
IF,CAB,15.482278,121.024306, ,0.0,0.0,2,16000,0,1,250,0,0,0
TF,MANDY,14.945000,120.813611,0, ,0.0,0.0,0.0,0.0,0,0,0,0,0,0,0,0
TF,YANNI,14.616389,120.685556,0, ,0.0,0.0,0.0,0.0,0,0,0,1,230,0,0,0
TF,DAGAT,14.514722,120.745000,0, ,0.0,0.0,0.0,0.0,2,5000,0,1,210,0,0,0

STAR,CAB5P,24,5
IF,CAB,15.482278,121.024306, ,0.0,0.0,2,16000,0,1,250,0,0,0
TF,ANING,15.007500,121.396667,0, ,0.0,0.0,0.0,0.0,0,0,0,0,0,0,0,0
TF,AYIFF,14.832500,121.083056,2, ,0.0,0.0,0.0,0.0,0,0,0,1,230,0,0,0
TF,MEDAM,14.730833,121.143056,0, ,0.0,0.0,0.0,0.0,0,0,0,1,210,0,0,0
TF,DONIE,14.822500,121.307222,0, ,0.0,0.0,0.0,0.0,0,0,0,0,0,0,0,0
TF,MUTAN,14.705833,121.375000,0, ,0.0,0.0,0.0,0.0,2,7200,0,1,210,0,0,0

STAR,CAB5R,06,5
IF,CAB,15.482278,121.024306, ,0.0,0.0,2,16000,0,1,250,0,0,0
TF,MANDY,14.945000,120.813611,0, ,0.0,0.0,0.0,0.0,0,0,0,0,0,0,0,0
TF,YANNI,14.616389,120.685556,0, ,0.0,0.0,0.0,0.0,0,0,0,1,230,0,0,0
TF,DAGAT,14.514722,120.745000,0, ,0.0,0.0,0.0,0.0,0,0,0,1,210,0,0,0
TF,ARRES,14.446389,120.622500,0, ,0.0,0.0,0.0,0.0,0,0,0,0,0,0,0,0
TF,GONDO,14.326667,120.692500,0, ,0.0,0.0,0.0,0.0,2,5000,0,1,210,0,0,0

STAR,CAB7P,24,5
IF,CAB,15.482278,121.024306, ,0.0,0.0,2,16000,0,1,250,0,0,0
TF,ANING,15.007500,121.396667,0, ,0.0,0.0,0.0,0.0,2,11000,0,0,0,0,0,0
TF,AYIFF,14.832500,121.083056,2, ,0.0,0.0,0.0,0.0,0,0,0,1,230,0,0,0
TF,MEDAM,14.730833,121.143056,0, ,0.0,0.0,0.0,0.0,0,0,0,1,210,0,0,0
TF,DONIE,14.822500,121.307222,0, ,0.0,0.0,0.0,0.0,0,0,0,0,0,0,0,0
TF,MIKEY,14.905833,121.456667,0, ,0.0,0.0,0.0,0.0,4,10000,7200,0,0,0,0,0
TF,PATCA,14.789722,121.524444,0, ,0.0,0.0,0.0,0.0,0,0,0,0,0,0,0,0
TF,MUTAN,14.705833,121.375000,0, ,0.0,0.0,0.0,0.0,2,7200,0,1,210,0,0,0

STAR,CAB7R,06,5
IF,CAB,15.482278,121.024306, ,0.0,0.0,2,16000,0,1,250,0,0,0
TF,MANDY,14.945000,120.813611,0, ,0.0,0.0,0.0,0.0,0,0,0,0,0,0,0,0
TF,YANNI,14.616389,120.685556,0, ,0.0,0.0,0.0,0.0,0,0,0,1,230,0,0,0
TF,DAGAT,14.514722,120.745000,0, ,0.0,0.0,0.0,0.0,0,0,0,1,210,0,0,0
TF,ARRES,14.446389,120.622500,0, ,0.0,0.0,0.0,0.0,0,0,0,0,0,0,0,0
TF,ROBAS,14.340278,120.432222,0, ,0.0,0.0,0.0,0.0,4,10000,5000,0,0,0,0,0
TF,ESTEL,14.220833,120.502222,0, ,0.0,0.0,0.0,0.0,0,0,0,0,0,0,0,0
TF,GONDO,14.326667,120.692500,0, ,0.0,0.0,0.0,0.0,2,5000,0,1,210,0,0,0

STAR,COND1A,ALL,2
IF,CONDE,13.685833,121.612778, ,0.0,0.0,0,0,0,0,0,0,0,0

STAR,COND1A,06,3
IF,CONDE,13.685833,121.612778, ,0.0,0.0,0,0,0,0,0,0,0,0
TF,PABLO,14.083333,121.327778,0, ,0.0,0.0,0.0,0.0,2,10000,0,0,0,0,0,0
TF,BANOS,14.234167,121.219167,0, ,0.0,0.0,0.0,0.0,0,0,0,0,0,0,0,0
TF,MIA,14.507972,121.021722,0, ,0.0,0.0,0.0,0.0,2,6000,0,0,0,0,0,0

STAR,COND1A,13,3
IF,CONDE,13.685833,121.612778, ,0.0,0.0,0,0,0,0,0,0,0,0
TF,PABLO,14.083333,121.327778,0, ,0.0,0.0,0.0,0.0,2,10000,0,0,0,0,0,0
TF,BANOS,14.234167,121.219167,0, ,0.0,0.0,0.0,0.0,0,0,0,0,0,0,0,0
TF,MIA,14.507972,121.021722,0, ,0.0,0.0,0.0,0.0,2,6000,0,0,0,0,0,0

STAR,COND1A,24,3
IF,CONDE,13.685833,121.612778, ,0.0,0.0,0,0,0,0,0,0,0,0
TF,PABLO,14.083333,121.327778,0, ,0.0,0.0,0.0,0.0,2,10000,0,0,0,0,0,0
TF,BANOS,14.234167,121.219167,0, ,0.0,0.0,0.0,0.0,0,0,0,0,0,0,0,0
TF,MIA,14.507972,121.021722,0, ,0.0,0.0,0.0,0.0,2,6000,0,0,0,0,0,0

STAR,COND3P,24,5
IF,CONDE,13.685833,121.612778, ,0.0,0.0,2,16000,0,1,250,0,0,0
TF,BORIS,14.046944,121.282222,0, ,0.0,0.0,0.0,0.0,2,9000,0,0,0,0,0,0
TF,ABESA,14.393611,121.340833,0, ,0.0,0.0,0.0,0.0,0,0,0,1,230,0,0,0
TF,NATAY,14.495278,121.281111,0, ,0.0,0.0,0.0,0.0,2,5000,0,1,210,0,0,0

STAR,COND3R,06,5
IF,CONDE,13.685833,121.612778, ,0.0,0.0,2,16000,0,1,250,0,0,0
TF,BORIS,14.046944,121.282222,0, ,0.0,0.0,0.0,0.0,2,9000,0,0,0,0,0,0
TF,WAYEM,14.172500,120.946111,0, ,0.0,0.0,0.0,0.0,2,6000,0,1,230,0,0,0
TF,TRECE,14.275278,120.885278,0, ,0.0,0.0,0.0,0.0,2,5000,0,1,210,0,0,0

STAR,COND5P,24,5
IF,CONDE,13.685833,121.612778, ,0.0,0.0,2,16000,0,1,250,0,0,0
TF,BORIS,14.046944,121.282222,0, ,0.0,0.0,0.0,0.0,2,9000,0,0,0,0,0,0
TF,ABESA,14.393611,121.340833,0, ,0.0,0.0,0.0,0.0,0,0,0,1,230,0,0,0
TF,NATAY,14.495278,121.281111,0, ,0.0,0.0,0.0,0.0,0,0,0,1,210,0,0,0
TF,ANTON,14.586944,121.445000,0, ,0.0,0.0,0.0,0.0,0,0,0,0,0,0,0,0
TF,MUTAN,14.705833,121.375000,0, ,0.0,0.0,0.0,0.0,2,7200,0,1,210,0,0,0

STAR,COND5R,06,5
IF,CONDE,13.685833,121.612778, ,0.0,0.0,2,16000,0,1,250,0,0,0
TF,BORIS,14.046944,121.282222,0, ,0.0,0.0,0.0,0.0,2,9000,0,0,0,0,0,0
TF,WAYEM,14.172500,120.946111,0, ,0.0,0.0,0.0,0.0,2,6000,0,1,230,0,0,0
TF,TRECE,14.275278,120.885278,0, ,0.0,0.0,0.0,0.0,0,0,0,1,210,0,0,0
TF,ETSBI,14.207222,120.762500,0, ,0.0,0.0,0.0,0.0,0,0,0,0,0,0,0,0
TF,GONDO,14.326667,120.692500,0, ,0.0,0.0,0.0,0.0,2,5000,0,1,210,0,0,0

STAR,COND7P,24,5
IF,CONDE,13.685833,121.612778, ,0.0,0.0,2,16000,0,1,250,0,0,0
TF,BORIS,14.046944,121.282222,0, ,0.0,0.0,0.0,0.0,2,9000,0,0,0,0,0,0
TF,ABESA,14.393611,121.340833,0, ,0.0,0.0,0.0,0.0,0,0,0,1,230,0,0,0
TF,NATAY,14.495278,121.281111,0, ,0.0,0.0,0.0,0.0,0,0,0,1,210,0,0,0
TF,ANTON,14.586944,121.445000,0, ,0.0,0.0,0.0,0.0,0,0,0,0,0,0,0,0
TF,WEEDI,14.670000,121.594167,0, ,0.0,0.0,0.0,0.0,0,0,0,0,0,0,0,0
TF,PATCA,14.789722,121.524444,0, ,0.0,0.0,0.0,0.0,0,0,0,0,0,0,0,0
TF,MUTAN,14.705833,121.375000,0, ,0.0,0.0,0.0,0.0,2,7200,0,1,210,0,0,0

STAR,COND7R,06,5
IF,CONDE,13.685833,121.612778, ,0.0,0.0,2,16000,0,1,250,0,0,0
TF,BORIS,14.046944,121.282222,0, ,0.0,0.0,0.0,0.0,2,9000,0,0,0,0,0,0
TF,WAYEM,14.172500,120.946111,0, ,0.0,0.0,0.0,0.0,2,6000,0,1,230,0,0,0
TF,TRECE,14.275278,120.885278,0, ,0.0,0.0,0.0,0.0,0,0,0,1,210,0,0,0
TF,ETSBI,14.207222,120.762500,0, ,0.0,0.0,0.0,0.0,0,0,0,0,0,0,0,0
TF,ZEYEL,14.100278,120.573611,0, ,0.0,0.0,0.0,0.0,0,0,0,0,0,0,0,0
TF,ESTEL,14.220833,120.502222,0, ,0.0,0.0,0.0,0.0,0,0,0,0,0,0,0,0
TF,GONDO,14.326667,120.692500,0, ,0.0,0.0,0.0,0.0,2,5000,0,1,210,0,0,0

STAR,ESCAN1,ALL,2
IF,ESCAN,15.686667,120.671667, ,0.0,0.0,0,0,0,0,0,0,0,0

STAR,ESCAN1,06,3
IF,ESCAN,15.686667,120.671667, ,0.0,0.0,0,0,0,0,0,0,0,0
TF,ALPAS,15.486389,120.731111,0, ,0.0,0.0,0.0,0.0,2,10000,0,0,0,0,0,0
TF,RADEG,14.872500,120.913889,0, ,0.0,0.0,0.0,0.0,0,0,0,0,0,0,0,0
TF,MIA,14.507972,121.021722,0, ,0.0,0.0,0.0,0.0,2,6000,0,0,0,0,0,0

STAR,ESCAN1,13,3
IF,ESCAN,15.686667,120.671667, ,0.0,0.0,0,0,0,0,0,0,0,0
TF,ALPAS,15.486389,120.731111,0, ,0.0,0.0,0.0,0.0,2,10000,0,0,0,0,0,0
TF,RADEG,14.872500,120.913889,0, ,0.0,0.0,0.0,0.0,0,0,0,0,0,0,0,0
TF,MIA,14.507972,121.021722,0, ,0.0,0.0,0.0,0.0,2,6000,0,0,0,0,0,0

STAR,ESCAN1,24,3
IF,ESCAN,15.686667,120.671667, ,0.0,0.0,0,0,0,0,0,0,0,0
TF,ALPAS,15.486389,120.731111,0, ,0.0,0.0,0.0,0.0,2,10000,0,0,0,0,0,0
TF,RADEG,14.872500,120.913889,0, ,0.0,0.0,0.0,0.0,0,0,0,0,0,0,0,0
TF,MIA,14.507972,121.021722,0, ,0.0,0.0,0.0,0.0,2,6000,0,0,0,0,0,0

STAR,IBAG1A,ALL,2
IF,IBAGO,13.543889,121.309444, ,0.0,0.0,2,9000,0,0,0,0,0,0

STAR,IBAG1A,06,3
IF,IBAGO,13.543889,121.309444, ,0.0,0.0,2,9000,0,0,0,0,0,0
TF,LIGPA,13.956111,121.126667,0, ,0.0,0.0,0.0,0.0,0,0,0,0,0,0,0,0
TF,CARMO,14.261111,121.068889,0, ,0.0,0.0,0.0,0.0,0,0,0,0,0,0,0,0
TF,MIA,14.507972,121.021722,0, ,0.0,0.0,0.0,0.0,2,6000,0,0,0,0,0,0

STAR,IBAG1A,13,3
IF,IBAGO,13.543889,121.309444, ,0.0,0.0,2,9000,0,0,0,0,0,0
TF,LIGPA,13.956111,121.126667,0, ,0.0,0.0,0.0,0.0,0,0,0,0,0,0,0,0
TF,CARMO,14.261111,121.068889,0, ,0.0,0.0,0.0,0.0,0,0,0,0,0,0,0,0
TF,MIA,14.507972,121.021722,0, ,0.0,0.0,0.0,0.0,2,6000,0,0,0,0,0,0

STAR,IBAG1A,24,3
IF,IBAGO,13.543889,121.309444, ,0.0,0.0,2,9000,0,0,0,0,0,0
TF,LIGPA,13.956111,121.126667,0, ,0.0,0.0,0.0,0.0,0,0,0,0,0,0,0,0
TF,CARMO,14.261111,121.068889,0, ,0.0,0.0,0.0,0.0,0,0,0,0,0,0,0,0
TF,MIA,14.507972,121.021722,0, ,0.0,0.0,0.0,0.0,2,6000,0,0,0,0,0,0

STAR,IBAG3P,24,5
IF,IBAGO,13.543889,121.309444, ,0.0,0.0,2,16000,0,1,250,0,0,0
TF,BORIS,14.046944,121.282222,0, ,0.0,0.0,0.0,0.0,2,9000,0,0,0,0,0,0
TF,ABESA,14.393611,121.340833,0, ,0.0,0.0,0.0,0.0,0,0,0,1,230,0,0,0
TF,NATAY,14.495278,121.281111,0, ,0.0,0.0,0.0,0.0,2,5000,0,1,210,0,0,0

STAR,IBAG3R,06,5
IF,IBAGO,13.543889,121.309444, ,0.0,0.0,2,16000,0,1,250,0,0,0
TF,BUGOY,13.823056,120.983056,0, ,0.0,0.0,0.0,0.0,0,0,0,0,0,0,0,0
TF,VANNI,13.959444,120.968611,0, ,0.0,0.0,0.0,0.0,2,9000,0,0,0,0,0,0
TF,WAYEM,14.172500,120.946111,0, ,0.0,0.0,0.0,0.0,2,6000,0,1,230,0,0,0
TF,TRECE,14.275278,120.885278,0, ,0.0,0.0,0.0,0.0,2,5000,0,1,210,0,0,0

STAR,IBAG5P,24,5
IF,IBAGO,13.543889,121.309444, ,0.0,0.0,2,16000,0,1,250,0,0,0
TF,BORIS,14.046944,121.282222,0, ,0.0,0.0,0.0,0.0,2,9000,0,0,0,0,0,0
TF,ABESA,14.393611,121.340833,0, ,0.0,0.0,0.0,0.0,0,0,0,1,230,0,0,0
TF,NATAY,14.495278,121.281111,0, ,0.0,0.0,0.0,0.0,0,0,0,1,210,0,0,0
TF,ANTON,14.586944,121.445000,0, ,0.0,0.0,0.0,0.0,0,0,0,0,0,0,0,0
TF,MUTAN,14.705833,121.375000,0, ,0.0,0.0,0.0,0.0,2,7200,0,1,210,0,0,0

STAR,IBAG5R,06,5
IF,IBAGO,13.543889,121.309444, ,0.0,0.0,2,16000,0,1,250,0,0,0
TF,BUGOY,13.823056,120.983056,0, ,0.0,0.0,0.0,0.0,0,0,0,0,0,0,0,0
TF,VANNI,13.959444,120.968611,0, ,0.0,0.0,0.0,0.0,2,9000,0,0,0,0,0,0
TF,WAYEM,14.172500,120.946111,0, ,0.0,0.0,0.0,0.0,2,6000,0,1,230,0,0,0
TF,TRECE,14.275278,120.885278,0, ,0.0,0.0,0.0,0.0,0,0,0,1,210,0,0,0
TF,ETSBI,14.207222,120.762500,0, ,0.0,0.0,0.0,0.0,0,0,0,0,0,0,0,0
TF,GONDO,14.326667,120.692500,0, ,0.0,0.0,0.0,0.0,2,5000,0,1,210,0,0,0

STAR,IBAG7P,24,5
IF,IBAGO,13.543889,121.309444, ,0.0,0.0,2,16000,0,1,250,0,0,0
TF,BORIS,14.046944,121.282222,0, ,0.0,0.0,0.0,0.0,2,9000,0,0,0,0,0,0
TF,ABESA,14.393611,121.340833,0, ,0.0,0.0,0.0,0.0,0,0,0,1,230,0,0,0
TF,NATAY,14.495278,121.281111,0, ,0.0,0.0,0.0,0.0,0,0,0,1,210,0,0,0
TF,ANTON,14.586944,121.445000,0, ,0.0,0.0,0.0,0.0,0,0,0,0,0,0,0,0
TF,WEEDI,14.670000,121.594167,0, ,0.0,0.0,0.0,0.0,0,0,0,0,0,0,0,0
TF,PATCA,14.789722,121.524444,0, ,0.0,0.0,0.0,0.0,0,0,0,0,0,0,0,0
TF,MUTAN,14.705833,121.375000,0, ,0.0,0.0,0.0,0.0,2,7200,0,1,210,0,0,0

STAR,IBAG7R,06,5
IF,IBAGO,13.543889,121.309444, ,0.0,0.0,2,16000,0,1,250,0,0,0
TF,BUGOY,13.823056,120.983056,0, ,0.0,0.0,0.0,0.0,0,0,0,0,0,0,0,0
TF,VANNI,13.959444,120.968611,0, ,0.0,0.0,0.0,0.0,2,9000,0,0,0,0,0,0
TF,WAYEM,14.172500,120.946111,0, ,0.0,0.0,0.0,0.0,2,6000,0,1,230,0,0,0
TF,TRECE,14.275278,120.885278,0, ,0.0,0.0,0.0,0.0,0,0,0,1,210,0,0,0
TF,ETSBI,14.207222,120.762500,0, ,0.0,0.0,0.0,0.0,0,0,0,0,0,0,0,0
TF,ZEYEL,14.100278,120.573611,0, ,0.0,0.0,0.0,0.0,0,0,0,0,0,0,0,0
TF,ESTEL,14.220833,120.502222,0, ,0.0,0.0,0.0,0.0,0,0,0,0,0,0,0,0
TF,GONDO,14.326667,120.692500,0, ,0.0,0.0,0.0,0.0,2,5000,0,1,210,0,0,0

STAR,LAIY1A,ALL,2
IF,LAIYA,13.571944,121.394444, ,0.0,0.0,2,8000,0,0,0,0,0,0

STAR,LAIY1A,06,3
IF,LAIYA,13.571944,121.394444, ,0.0,0.0,2,8000,0,0,0,0,0,0
TF,LIGPA,13.956111,121.126667,0, ,0.0,0.0,0.0,0.0,0,0,0,0,0,0,0,0
TF,CARMO,14.261111,121.068889,0, ,0.0,0.0,0.0,0.0,0,0,0,0,0,0,0,0
TF,MIA,14.507972,121.021722,0, ,0.0,0.0,0.0,0.0,2,6000,0,0,0,0,0,0

STAR,LAIY1A,13,3
IF,LAIYA,13.571944,121.394444, ,0.0,0.0,2,8000,0,0,0,0,0,0
TF,LIGPA,13.956111,121.126667,0, ,0.0,0.0,0.0,0.0,0,0,0,0,0,0,0,0
TF,CARMO,14.261111,121.068889,0, ,0.0,0.0,0.0,0.0,0,0,0,0,0,0,0,0
TF,MIA,14.507972,121.021722,0, ,0.0,0.0,0.0,0.0,2,6000,0,0,0,0,0,0

STAR,LAIY1A,24,3
IF,LAIYA,13.571944,121.394444, ,0.0,0.0,2,8000,0,0,0,0,0,0
TF,LIGPA,13.956111,121.126667,0, ,0.0,0.0,0.0,0.0,0,0,0,0,0,0,0,0
TF,CARMO,14.261111,121.068889,0, ,0.0,0.0,0.0,0.0,0,0,0,0,0,0,0,0
TF,MIA,14.507972,121.021722,0, ,0.0,0.0,0.0,0.0,2,6000,0,0,0,0,0,0

STAR,LAIY3P,24,5
IF,LAIYA,13.571944,121.394444, ,0.0,0.0,2,16000,0,1,250,0,0,0
TF,BORIS,14.046944,121.282222,0, ,0.0,0.0,0.0,0.0,2,9000,0,0,0,0,0,0
TF,ABESA,14.393611,121.340833,0, ,0.0,0.0,0.0,0.0,0,0,0,1,230,0,0,0
TF,NATAY,14.495278,121.281111,0, ,0.0,0.0,0.0,0.0,2,5000,0,1,210,0,0,0

STAR,LAIY3R,06,5
IF,LAIYA,13.571944,121.394444, ,0.0,0.0,2,16000,0,1,250,0,0,0
TF,KALEL,14.004722,121.071667,0, ,0.0,0.0,0.0,0.0,2,9000,0,0,0,0,0,0
TF,WAYEM,14.172500,120.946111,0, ,0.0,0.0,0.0,0.0,2,6000,0,1,230,0,0,0
TF,TRECE,14.275278,120.885278,0, ,0.0,0.0,0.0,0.0,2,5000,0,1,210,0,0,0

STAR,LAIY5P,24,5
IF,LAIYA,13.571944,121.394444, ,0.0,0.0,2,16000,0,1,250,0,0,0
TF,BORIS,14.046944,121.282222,0, ,0.0,0.0,0.0,0.0,2,9000,0,0,0,0,0,0
TF,ABESA,14.393611,121.340833,0, ,0.0,0.0,0.0,0.0,0,0,0,1,230,0,0,0
TF,NATAY,14.495278,121.281111,0, ,0.0,0.0,0.0,0.0,0,0,0,1,210,0,0,0
TF,ANTON,14.586944,121.445000,0, ,0.0,0.0,0.0,0.0,0,0,0,0,0,0,0,0
TF,MUTAN,14.705833,121.375000,0, ,0.0,0.0,0.0,0.0,2,7200,0,1,210,0,0,0

STAR,LAIY5R,06,5
IF,LAIYA,13.571944,121.394444, ,0.0,0.0,2,16000,0,1,250,0,0,0
TF,KALEL,14.004722,121.071667,0, ,0.0,0.0,0.0,0.0,2,9000,0,0,0,0,0,0
TF,WAYEM,14.172500,120.946111,0, ,0.0,0.0,0.0,0.0,2,6000,0,1,230,0,0,0
TF,TRECE,14.275278,120.885278,0, ,0.0,0.0,0.0,0.0,0,0,0,1,210,0,0,0
TF,ETSBI,14.207222,120.762500,0, ,0.0,0.0,0.0,0.0,0,0,0,0,0,0,0,0
TF,GONDO,14.326667,120.692500,0, ,0.0,0.0,0.0,0.0,2,5000,0,1,210,0,0,0

STAR,LAIY7P,24,5
IF,LAIYA,13.571944,121.394444, ,0.0,0.0,2,16000,0,1,250,0,0,0
TF,BORIS,14.046944,121.282222,0, ,0.0,0.0,0.0,0.0,2,9000,0,0,0,0,0,0
TF,ABESA,14.393611,121.340833,0, ,0.0,0.0,0.0,0.0,0,0,0,1,230,0,0,0
TF,NATAY,14.495278,121.281111,0, ,0.0,0.0,0.0,0.0,0,0,0,1,210,0,0,0
TF,ANTON,14.586944,121.445000,0, ,0.0,0.0,0.0,0.0,0,0,0,0,0,0,0,0
TF,WEEDI,14.670000,121.594167,0, ,0.0,0.0,0.0,0.0,0,0,0,0,0,0,0,0
TF,PATCA,14.789722,121.524444,0, ,0.0,0.0,0.0,0.0,0,0,0,0,0,0,0,0
TF,MUTAN,14.705833,121.375000,0, ,0.0,0.0,0.0,0.0,2,7200,0,1,210,0,0,0

STAR,LAIY7R,06,5
IF,LAIYA,13.571944,121.394444, ,0.0,0.0,2,16000,0,1,250,0,0,0
TF,KALEL,14.004722,121.071667,0, ,0.0,0.0,0.0,0.0,2,9000,0,0,0,0,0,0
TF,WAYEM,14.172500,120.946111,0, ,0.0,0.0,0.0,0.0,2,6000,0,1,230,0,0,0
TF,TRECE,14.275278,120.885278,0, ,0.0,0.0,0.0,0.0,0,0,0,1,210,0,0,0
TF,ETSBI,14.207222,120.762500,0, ,0.0,0.0,0.0,0.0,0,0,0,0,0,0,0,0
TF,ZEYEL,14.100278,120.573611,0, ,0.0,0.0,0.0,0.0,0,0,0,0,0,0,0,0
TF,ESTEL,14.220833,120.502222,0, ,0.0,0.0,0.0,0.0,0,0,0,0,0,0,0,0
TF,GONDO,14.326667,120.692500,0, ,0.0,0.0,0.0,0.0,2,5000,0,1,210,0,0,0

STAR,LUBA1A,ALL,2
IF,LUBAN,13.854167,120.106944, ,0.0,0.0,0,0,0,0,0,0,0,0

STAR,LUBA1A,06,3
IF,LUBAN,13.854167,120.106944, ,0.0,0.0,0,0,0,0,0,0,0,0
TF,IRPEN,14.211667,120.605833,0, ,0.0,0.0,0.0,0.0,0,0,0,0,0,0,0,0
TF,MIA,14.507972,121.021722,0, ,0.0,0.0,0.0,0.0,2,6000,0,0,0,0,0,0

STAR,LUBA1A,13,3
IF,LUBAN,13.854167,120.106944, ,0.0,0.0,0,0,0,0,0,0,0,0
TF,IRPEN,14.211667,120.605833,0, ,0.0,0.0,0.0,0.0,0,0,0,0,0,0,0,0
TF,MIA,14.507972,121.021722,0, ,0.0,0.0,0.0,0.0,2,6000,0,0,0,0,0,0

STAR,LUBA1A,24,3
IF,LUBAN,13.854167,120.106944, ,0.0,0.0,0,0,0,0,0,0,0,0
TF,IRPEN,14.211667,120.605833,0, ,0.0,0.0,0.0,0.0,0,0,0,0,0,0,0,0
TF,MIA,14.507972,121.021722,0, ,0.0,0.0,0.0,0.0,2,6000,0,0,0,0,0,0

STAR,LUBA1D,ALL,2
IF,LUBAN,13.854167,120.106944, ,0.0,0.0,0,0,0,0,0,0,0,0

STAR,LUBA1D,06,3
IF,LUBAN,13.854167,120.106944, ,0.0,0.0,0,0,0,0,0,0,0,0
TF,IRPEN,14.211667,120.605833,0, ,0.0,0.0,0.0,0.0,2,6000,0,0,0,0,0,0
TF,DOXEB,14.329167,120.691389,0, ,0.0,0.0,0.0,0.0,2,5000,0,0,0,0,0,0

STAR,LUBA1D,13,3
IF,LUBAN,13.854167,120.106944, ,0.0,0.0,0,0,0,0,0,0,0,0
TF,IRPEN,14.211667,120.605833,0, ,0.0,0.0,0.0,0.0,2,6000,0,0,0,0,0,0
TF,DOXEB,14.329167,120.691389,0, ,0.0,0.0,0.0,0.0,2,5000,0,0,0,0,0,0

STAR,LUBA1D,24,3
IF,LUBAN,13.854167,120.106944, ,0.0,0.0,0,0,0,0,0,0,0,0
TF,IRPEN,14.211667,120.605833,0, ,0.0,0.0,0.0,0.0,2,6000,0,0,0,0,0,0
TF,DOXEB,14.329167,120.691389,0, ,0.0,0.0,0.0,0.0,2,5000,0,0,0,0,0,0

STAR,LUBA3P,24,5
IF,LUBAN,13.854167,120.106944, ,0.0,0.0,2,16000,0,1,250,0,0,0
TF,ESTEL,14.220833,120.502222,0, ,0.0,0.0,0.0,0.0,0,0,0,0,0,0,0,0
TF,MONRE,14.678056,120.758333,0, ,0.0,0.0,0.0,0.0,0,0,0,0,0,0,0,0
TF,AYIFF,14.832500,121.083056,0, ,0.0,0.0,0.0,0.0,0,0,0,1,230,0,0,0
TF,MEDAM,14.730833,121.143056,0, ,0.0,0.0,0.0,0.0,2,5000,0,1,210,0,0,0

STAR,LUBA3R,06,5
IF,LUBAN,13.854167,120.106944, ,0.0,0.0,2,16000,0,1,250,0,0,0
TF,TERIE,14.441389,120.372222,0, ,0.0,0.0,0.0,0.0,0,0,0,0,0,0,0,0
TF,YANNI,14.616389,120.685556,0, ,0.0,0.0,0.0,0.0,2,6400,0,1,230,0,0,0
TF,DAGAT,14.514722,120.745000,0, ,0.0,0.0,0.0,0.0,2,5000,0,1,210,0,0,0

STAR,LUBA5P,24,5
IF,LUBAN,13.854167,120.106944, ,0.0,0.0,2,16000,0,1,250,0,0,0
TF,ESTEL,14.220833,120.502222,0, ,0.0,0.0,0.0,0.0,0,0,0,0,0,0,0,0
TF,MONRE,14.678056,120.758333,0, ,0.0,0.0,0.0,0.0,0,0,0,0,0,0,0,0
TF,AYIFF,14.832500,121.083056,0, ,0.0,0.0,0.0,0.0,0,0,0,1,230,0,0,0
TF,MEDAM,14.730833,121.143056,0, ,0.0,0.0,0.0,0.0,0,0,0,1,210,0,0,0
TF,DONIE,14.822500,121.307222,0, ,0.0,0.0,0.0,0.0,0,0,0,0,0,0,0,0
TF,MUTAN,14.705833,121.375000,0, ,0.0,0.0,0.0,0.0,2,7200,0,1,210,0,0,0

STAR,LUBA5R,06,5
IF,LUBAN,13.854167,120.106944, ,0.0,0.0,2,16000,0,1,250,0,0,0
TF,TERIE,14.441389,120.372222,0, ,0.0,0.0,0.0,0.0,0,0,0,0,0,0,0,0
TF,YANNI,14.616389,120.685556,0, ,0.0,0.0,0.0,0.0,2,6400,0,1,230,0,0,0
TF,DAGAT,14.514722,120.745000,0, ,0.0,0.0,0.0,0.0,0,0,0,1,210,0,0,0
TF,ARRES,14.446389,120.622500,0, ,0.0,0.0,0.0,0.0,0,0,0,0,0,0,0,0
TF,GONDO,14.326667,120.692500,0, ,0.0,0.0,0.0,0.0,2,5000,0,1,210,0,0,0

STAR,LUBA7P,24,5
IF,LUBAN,13.854167,120.106944, ,0.0,0.0,2,16000,0,1,250,0,0,0
TF,ESTEL,14.220833,120.502222,0, ,0.0,0.0,0.0,0.0,0,0,0,0,0,0,0,0
TF,MONRE,14.678056,120.758333,0, ,0.0,0.0,0.0,0.0,0,0,0,0,0,0,0,0
TF,AYIFF,14.832500,121.083056,0, ,0.0,0.0,0.0,0.0,0,0,0,1,230,0,0,0
TF,MEDAM,14.730833,121.143056,0, ,0.0,0.0,0.0,0.0,0,0,0,1,210,0,0,0
TF,DONIE,14.822500,121.307222,0, ,0.0,0.0,0.0,0.0,0,0,0,0,0,0,0,0
TF,MIKEY,14.905833,121.456667,0, ,0.0,0.0,0.0,0.0,4,10000,7200,0,0,0,0,0
TF,PATCA,14.789722,121.524444,0, ,0.0,0.0,0.0,0.0,0,0,0,0,0,0,0,0
TF,MUTAN,14.705833,121.375000,0, ,0.0,0.0,0.0,0.0,2,7200,0,1,210,0,0,0

STAR,LUBA7R,06,5
IF,LUBAN,13.854167,120.106944, ,0.0,0.0,2,16000,0,1,250,0,0,0
TF,TERIE,14.441389,120.372222,0, ,0.0,0.0,0.0,0.0,2,11000,0,0,0,0,0,0
TF,YANNI,14.616389,120.685556,0, ,0.0,0.0,0.0,0.0,2,6400,0,1,230,0,0,0
TF,DAGAT,14.514722,120.745000,0, ,0.0,0.0,0.0,0.0,0,0,0,1,210,0,0,0
TF,ARRES,14.446389,120.622500,0, ,0.0,0.0,0.0,0.0,0,0,0,0,0,0,0,0
TF,ROBAS,14.340278,120.432222,0, ,0.0,0.0,0.0,0.0,4,10000,5000,0,0,0,0,0
TF,ESTEL,14.220833,120.502222,0, ,0.0,0.0,0.0,0.0,0,0,0,0,0,0,0,0
TF,GONDO,14.326667,120.692500,0, ,0.0,0.0,0.0,0.0,2,5000,0,1,210,0,0,0

STAR,NABA3P,24,5
IF,NABAL,15.471389,120.523611, ,0.0,0.0,2,16000,0,1,250,0,0,0
TF,DEXER,15.070833,120.817500,0, ,0.0,0.0,0.0,0.0,0,0,0,0,0,0,0,0
TF,AYIFF,14.832500,121.083056,0, ,0.0,0.0,0.0,0.0,0,0,0,1,230,0,0,0
TF,MEDAM,14.730833,121.143056,0, ,0.0,0.0,0.0,0.0,2,5000,0,1,210,0,0,0

STAR,NABA3R,06,5
IF,NABAL,15.471389,120.523611, ,0.0,0.0,2,16000,0,1,250,0,0,0
TF,MANDY,14.945000,120.813611,0, ,0.0,0.0,0.0,0.0,0,0,0,0,0,0,0,0
TF,YANNI,14.616389,120.685556,0, ,0.0,0.0,0.0,0.0,0,0,0,1,230,0,0,0
TF,DAGAT,14.514722,120.745000,0, ,0.0,0.0,0.0,0.0,2,5000,0,1,210,0,0,0

STAR,NABA5P,24,5
IF,NABAL,15.471389,120.523611, ,0.0,0.0,2,16000,0,1,250,0,0,0
TF,DEXER,15.070833,120.817500,0, ,0.0,0.0,0.0,0.0,0,0,0,0,0,0,0,0
TF,AYIFF,14.832500,121.083056,0, ,0.0,0.0,0.0,0.0,0,0,0,1,230,0,0,0
TF,MEDAM,14.730833,121.143056,0, ,0.0,0.0,0.0,0.0,0,0,0,1,210,0,0,0
TF,DONIE,14.822500,121.307222,0, ,0.0,0.0,0.0,0.0,0,0,0,0,0,0,0,0
TF,MUTAN,14.705833,121.375000,0, ,0.0,0.0,0.0,0.0,2,7200,0,1,210,0,0,0

STAR,NABA5R,06,5
IF,NABAL,15.471389,120.523611, ,0.0,0.0,2,16000,0,1,250,0,0,0
TF,MANDY,14.945000,120.813611,0, ,0.0,0.0,0.0,0.0,0,0,0,0,0,0,0,0
TF,YANNI,14.616389,120.685556,0, ,0.0,0.0,0.0,0.0,0,0,0,1,230,0,0,0
TF,DAGAT,14.514722,120.745000,0, ,0.0,0.0,0.0,0.0,0,0,0,1,210,0,0,0
TF,ARRES,14.446389,120.622500,0, ,0.0,0.0,0.0,0.0,0,0,0,0,0,0,0,0
TF,GONDO,14.326667,120.692500,0, ,0.0,0.0,0.0,0.0,2,5000,0,1,210,0,0,0

STAR,NABA7P,24,5
IF,NABAL,15.471389,120.523611, ,0.0,0.0,2,16000,0,1,250,0,0,0
TF,DEXER,15.070833,120.817500,0, ,0.0,0.0,0.0,0.0,0,0,0,0,0,0,0,0
TF,AYIFF,14.832500,121.083056,0, ,0.0,0.0,0.0,0.0,0,0,0,1,230,0,0,0
TF,MEDAM,14.730833,121.143056,0, ,0.0,0.0,0.0,0.0,0,0,0,1,210,0,0,0
TF,DONIE,14.822500,121.307222,0, ,0.0,0.0,0.0,0.0,0,0,0,0,0,0,0,0
TF,MIKEY,14.905833,121.456667,0, ,0.0,0.0,0.0,0.0,4,10000,7200,0,0,0,0,0
TF,PATCA,14.789722,121.524444,0, ,0.0,0.0,0.0,0.0,0,0,0,0,0,0,0,0
TF,MUTAN,14.705833,121.375000,0, ,0.0,0.0,0.0,0.0,2,7200,0,1,210,0,0,0

STAR,NABA7R,06,5
IF,NABAL,15.471389,120.523611, ,0.0,0.0,2,16000,0,1,250,0,0,0
TF,MANDY,14.945000,120.813611,0, ,0.0,0.0,0.0,0.0,0,0,0,0,0,0,0,0
TF,YANNI,14.616389,120.685556,0, ,0.0,0.0,0.0,0.0,0,0,0,1,230,0,0,0
TF,DAGAT,14.514722,120.745000,0, ,0.0,0.0,0.0,0.0,0,0,0,1,210,0,0,0
TF,ARRES,14.446389,120.622500,0, ,0.0,0.0,0.0,0.0,0,0,0,0,0,0,0,0
TF,ROBAS,14.340278,120.432222,0, ,0.0,0.0,0.0,0.0,4,10000,5000,0,0,0,0,0
TF,ESTEL,14.220833,120.502222,0, ,0.0,0.0,0.0,0.0,0,0,0,0,0,0,0,0
TF,GONDO,14.326667,120.692500,0, ,0.0,0.0,0.0,0.0,2,5000,0,1,210,0,0,0

STAR,OLIV1D,ALL,2
IF,OLIVA,14.949444,120.722222, ,0.0,0.0,0,0,0,0,0,0,0,0

STAR,OLIV1D,06,3
IF,OLIVA,14.949444,120.722222, ,0.0,0.0,0,0,0,0,0,0,0,0
TF,VOTAS,14.710556,120.884444,0, ,0.0,0.0,0.0,0.0,0,0,0,0,0,0,0,0
TF,MIA,14.507972,121.021722,0, ,0.0,0.0,0.0,0.0,2,6000,0,0,0,0,0,0

STAR,OLIV1D,13,3
IF,OLIVA,14.949444,120.722222, ,0.0,0.0,0,0,0,0,0,0,0,0
TF,VOTAS,14.710556,120.884444,0, ,0.0,0.0,0.0,0.0,0,0,0,0,0,0,0,0
TF,MIA,14.507972,121.021722,0, ,0.0,0.0,0.0,0.0,2,6000,0,0,0,0,0,0

STAR,OLIV1D,24,3
IF,OLIVA,14.949444,120.722222, ,0.0,0.0,0,0,0,0,0,0,0,0
TF,VOTAS,14.710556,120.884444,0, ,0.0,0.0,0.0,0.0,0,0,0,0,0,0,0,0
TF,MIA,14.507972,121.021722,0, ,0.0,0.0,0.0,0.0,2,6000,0,0,0,0,0,0

STAR,OLON1A,ALL,2
IF,OLONG,14.611361,120.093503, ,0.0,0.0,0,0,0,0,0,0,0,0

STAR,OLON1A,06,3
IF,OLONG,14.611361,120.093503, ,0.0,0.0,0,0,0,0,0,0,0,0
TF,BAGAC,14.577861,120.398003,0, ,0.0,0.0,0.0,0.0,0,0,0,0,0,0,0,0
TF,SAMAT,14.565869,120.506111,0, ,0.0,0.0,0.0,0.0,2,7000,0,0,0,0,0,0
TF,GAILE,14.536944,120.765833,0, ,0.0,0.0,0.0,0.0,0,0,0,0,0,0,0,0
TF,MIA,14.507972,121.021722,0, ,0.0,0.0,0.0,0.0,2,6000,0,0,0,0,0,0

STAR,OLON1A,13,3
IF,OLONG,14.611361,120.093503, ,0.0,0.0,0,0,0,0,0,0,0,0
TF,BAGAC,14.577861,120.398003,0, ,0.0,0.0,0.0,0.0,0,0,0,0,0,0,0,0
TF,SAMAT,14.565869,120.506111,0, ,0.0,0.0,0.0,0.0,2,7000,0,0,0,0,0,0
TF,GAILE,14.536944,120.765833,0, ,0.0,0.0,0.0,0.0,0,0,0,0,0,0,0,0
TF,MIA,14.507972,121.021722,0, ,0.0,0.0,0.0,0.0,2,6000,0,0,0,0,0,0

STAR,OLON1A,24,3
IF,OLONG,14.611361,120.093503, ,0.0,0.0,0,0,0,0,0,0,0,0
TF,BAGAC,14.577861,120.398003,0, ,0.0,0.0,0.0,0.0,0,0,0,0,0,0,0,0
TF,SAMAT,14.565869,120.506111,0, ,0.0,0.0,0.0,0.0,2,7000,0,0,0,0,0,0
TF,GAILE,14.536944,120.765833,0, ,0.0,0.0,0.0,0.0,0,0,0,0,0,0,0,0
TF,MIA,14.507972,121.021722,0, ,0.0,0.0,0.0,0.0,2,6000,0,0,0,0,0,0

STAR,POLI1A,ALL,2
IF,MUPOB,15.636667,123.055000, ,0.0,0.0,0,0,0,0,0,0,0,0

STAR,POLI1A,06,3
IF,MUPOB,15.636667,123.055000, ,0.0,0.0,0,0,0,0,0,0,0,0
TF,KANDU,15.414444,122.650000,0, ,0.0,0.0,0.0,0.0,0,0,0,0,0,0,0,0
TF,POLIO,15.008394,121.916542,0, ,0.0,0.0,0.0,0.0,2,9000,0,0,0,0,0,0
TF,MUNTI,14.881444,121.688556,0, ,0.0,0.0,0.0,0.0,0,0,0,0,0,0,0,0
TF,BANGI,14.708611,121.379167,0, ,0.0,0.0,0.0,0.0,2,7200,0,0,0,0,0,0
TF,MIA,14.507972,121.021722,0, ,0.0,0.0,0.0,0.0,2,6000,0,0,0,0,0,0

STAR,POLI1A,13,3
IF,MUPOB,15.636667,123.055000, ,0.0,0.0,0,0,0,0,0,0,0,0
TF,KANDU,15.414444,122.650000,0, ,0.0,0.0,0.0,0.0,0,0,0,0,0,0,0,0
TF,POLIO,15.008394,121.916542,0, ,0.0,0.0,0.0,0.0,2,9000,0,0,0,0,0,0
TF,MUNTI,14.881444,121.688556,0, ,0.0,0.0,0.0,0.0,0,0,0,0,0,0,0,0
TF,BANGI,14.708611,121.379167,0, ,0.0,0.0,0.0,0.0,2,7200,0,0,0,0,0,0
TF,MIA,14.507972,121.021722,0, ,0.0,0.0,0.0,0.0,2,6000,0,0,0,0,0,0

STAR,POLI1A,24,3
IF,MUPOB,15.636667,123.055000, ,0.0,0.0,0,0,0,0,0,0,0,0
TF,KANDU,15.414444,122.650000,0, ,0.0,0.0,0.0,0.0,0,0,0,0,0,0,0,0
TF,POLIO,15.008394,121.916542,0, ,0.0,0.0,0.0,0.0,2,9000,0,0,0,0,0,0
TF,MUNTI,14.881444,121.688556,0, ,0.0,0.0,0.0,0.0,0,0,0,0,0,0,0,0
TF,BANGI,14.708611,121.379167,0, ,0.0,0.0,0.0,0.0,2,7200,0,0,0,0,0,0
TF,MIA,14.507972,121.021722,0, ,0.0,0.0,0.0,0.0,2,6000,0,0,0,0,0,0

STAR,POLI1D,ALL,2
IF,MUPOB,15.636667,123.055000, ,0.0,0.0,0,0,0,0,0,0,0,0

STAR,POLI1D,06,3
IF,MUPOB,15.636667,123.055000, ,0.0,0.0,0,0,0,0,0,0,0,0
TF,KANDU,15.414444,122.650000,0, ,0.0,0.0,0.0,0.0,0,0,0,0,0,0,0,0
TF,POLIO,15.008394,121.916542,0, ,0.0,0.0,0.0,0.0,2,9000,0,0,0,0,0,0
TF,MUNTI,14.881444,121.688556,0, ,0.0,0.0,0.0,0.0,0,0,0,0,0,0,0,0
TF,BANGI,14.708611,121.379167,0, ,0.0,0.0,0.0,0.0,2,7200,0,0,0,0,0,0

STAR,POLI1D,13,3
IF,MUPOB,15.636667,123.055000, ,0.0,0.0,0,0,0,0,0,0,0,0
TF,KANDU,15.414444,122.650000,0, ,0.0,0.0,0.0,0.0,0,0,0,0,0,0,0,0
TF,POLIO,15.008394,121.916542,0, ,0.0,0.0,0.0,0.0,2,9000,0,0,0,0,0,0
TF,MUNTI,14.881444,121.688556,0, ,0.0,0.0,0.0,0.0,0,0,0,0,0,0,0,0
TF,BANGI,14.708611,121.379167,0, ,0.0,0.0,0.0,0.0,2,7200,0,0,0,0,0,0

STAR,POLI1D,24,3
IF,MUPOB,15.636667,123.055000, ,0.0,0.0,0,0,0,0,0,0,0,0
TF,KANDU,15.414444,122.650000,0, ,0.0,0.0,0.0,0.0,0,0,0,0,0,0,0,0
TF,POLIO,15.008394,121.916542,0, ,0.0,0.0,0.0,0.0,2,9000,0,0,0,0,0,0
TF,MUNTI,14.881444,121.688556,0, ,0.0,0.0,0.0,0.0,0,0,0,0,0,0,0,0
TF,BANGI,14.708611,121.379167,0, ,0.0,0.0,0.0,0.0,2,7200,0,0,0,0,0,0

STAR,POLI3P,24,5
IF,POLIO,15.008394,121.916542, ,0.0,0.0,2,16000,0,1,250,0,0,0
TF,ANING,15.007500,121.396667,0, ,0.0,0.0,0.0,0.0,0,0,0,0,0,0,0,0
TF,AYIFF,14.832500,121.083056,0, ,0.0,0.0,0.0,0.0,2,5800,0,1,230,0,0,0
TF,MEDAM,14.730833,121.143056,0, ,0.0,0.0,0.0,0.0,2,5000,0,1,210,0,0,0

STAR,POLI3R,06,5
IF,POLIO,15.008394,121.916542, ,0.0,0.0,2,16000,0,1,250,0,0,0
TF,MANDY,14.945000,120.813611,0, ,0.0,0.0,0.0,0.0,2,5700,0,0,0,0,0,0
TF,YANNI,14.616389,120.685556,0, ,0.0,0.0,0.0,0.0,0,0,0,1,230,0,0,0
TF,DAGAT,14.514722,120.745000,0, ,0.0,0.0,0.0,0.0,2,5000,0,1,210,0,0,0

STAR,POLI5P,24,5
IF,POLIO,15.008394,121.916542, ,0.0,0.0,2,16000,0,1,250,0,0,0
TF,ANING,15.007500,121.396667,0, ,0.0,0.0,0.0,0.0,0,0,0,0,0,0,0,0
TF,AYIFF,14.832500,121.083056,0, ,0.0,0.0,0.0,0.0,0,0,0,1,230,0,0,0
TF,MEDAM,14.730833,121.143056,0, ,0.0,0.0,0.0,0.0,0,0,0,1,210,0,0,0
TF,DONIE,14.822500,121.307222,0, ,0.0,0.0,0.0,0.0,0,0,0,0,0,0,0,0
TF,MUTAN,14.705833,121.375000,0, ,0.0,0.0,0.0,0.0,2,7200,0,1,210,0,0,0

STAR,POLI5R,06,5
IF,POLIO,15.008394,121.916542, ,0.0,0.0,2,16000,0,1,250,0,0,0
TF,MANDY,14.945000,120.813611,0, ,0.0,0.0,0.0,0.0,2,5700,0,0,0,0,0,0
TF,YANNI,14.616389,120.685556,0, ,0.0,0.0,0.0,0.0,0,0,0,1,230,0,0,0
TF,DAGAT,14.514722,120.745000,0, ,0.0,0.0,0.0,0.0,0,0,0,1,210,0,0,0
TF,ARRES,14.446389,120.622500,0, ,0.0,0.0,0.0,0.0,0,0,0,0,0,0,0,0
TF,GONDO,14.326667,120.692500,0, ,0.0,0.0,0.0,0.0,2,5000,0,1,210,0,0,0

STAR,POLI7P,24,5
IF,POLIO,15.008394,121.916542, ,0.0,0.0,2,16000,0,1,250,0,0,0
TF,ANING,15.007500,121.396667,0, ,0.0,0.0,0.0,0.0,2,11000,0,0,0,0,0,0
TF,AYIFF,14.832500,121.083056,0, ,0.0,0.0,0.0,0.0,0,0,0,1,230,0,0,0
TF,MEDAM,14.730833,121.143056,0, ,0.0,0.0,0.0,0.0,0,0,0,1,210,0,0,0
TF,DONIE,14.822500,121.307222,0, ,0.0,0.0,0.0,0.0,0,0,0,0,0,0,0,0
TF,MIKEY,14.905833,121.456667,0, ,0.0,0.0,0.0,0.0,4,10000,7200,0,0,0,0,0
TF,PATCA,14.789722,121.524444,0, ,0.0,0.0,0.0,0.0,0,0,0,0,0,0,0,0
TF,MUTAN,14.705833,121.375000,0, ,0.0,0.0,0.0,0.0,2,7200,0,1,210,0,0,0

STAR,POLI7R,06,5
IF,POLIO,15.008394,121.916542, ,0.0,0.0,2,16000,0,1,250,0,0,0
TF,MANDY,14.945000,120.813611,0, ,0.0,0.0,0.0,0.0,2,5700,0,0,0,0,0,0
TF,YANNI,14.616389,120.685556,0, ,0.0,0.0,0.0,0.0,0,0,0,1,230,0,0,0
TF,DAGAT,14.514722,120.745000,0, ,0.0,0.0,0.0,0.0,0,0,0,1,210,0,0,0
TF,ARRES,14.446389,120.622500,0, ,0.0,0.0,0.0,0.0,0,0,0,0,0,0,0,0
TF,ROBAS,14.340278,120.432222,0, ,0.0,0.0,0.0,0.0,4,10000,5000,0,0,0,0,0
TF,ESTEL,14.220833,120.502222,0, ,0.0,0.0,0.0,0.0,0,0,0,0,0,0,0,0
TF,GONDO,14.326667,120.692500,0, ,0.0,0.0,0.0,0.0,2,5000,0,1,210,0,0,0

STAR,REPA1A,ALL,2
IF,REPAT,14.831336,120.655697, ,0.0,0.0,0,0,0,0,0,0,0,0

STAR,REPA1A,06,3
IF,REPAT,14.831336,120.655697, ,0.0,0.0,0,0,0,0,0,0,0,0
TF,LABON,14.640556,120.871944,0, ,0.0,0.0,0.0,0.0,0,0,0,0,0,0,0,0
TF,MIA,14.507972,121.021722,0, ,0.0,0.0,0.0,0.0,2,6000,0,0,0,0,0,0

STAR,REPA1A,13,3
IF,REPAT,14.831336,120.655697, ,0.0,0.0,0,0,0,0,0,0,0,0
TF,LABON,14.640556,120.871944,0, ,0.0,0.0,0.0,0.0,0,0,0,0,0,0,0,0
TF,MIA,14.507972,121.021722,0, ,0.0,0.0,0.0,0.0,2,6000,0,0,0,0,0,0

STAR,REPA1A,24,3
IF,REPAT,14.831336,120.655697, ,0.0,0.0,0,0,0,0,0,0,0,0
TF,LABON,14.640556,120.871944,0, ,0.0,0.0,0.0,0.0,0,0,0,0,0,0,0,0
TF,MIA,14.507972,121.021722,0, ,0.0,0.0,0.0,0.0,2,6000,0,0,0,0,0,0

STAR,TADE3P,24,5
IF,TADEL,15.414167,120.432778, ,0.0,0.0,2,16000,0,1,250,0,0,0
TF,DEXER,15.070833,120.817500,0, ,0.0,0.0,0.0,0.0,0,0,0,0,0,0,0,0
TF,AYIFF,14.832500,121.083056,0, ,0.0,0.0,0.0,0.0,0,0,0,1,230,0,0,0
TF,MEDAM,14.730833,121.143056,0, ,0.0,0.0,0.0,0.0,2,5000,0,1,210,0,0,0

STAR,TADE3R,06,5
IF,TADEL,15.414167,120.432778, ,0.0,0.0,2,16000,0,1,250,0,0,0
TF,ROXEE,14.952222,120.579444,0, ,0.0,0.0,0.0,0.0,0,0,0,0,0,0,0,0
TF,YANNI,14.616389,120.685556,0, ,0.0,0.0,0.0,0.0,0,0,0,1,230,0,0,0
TF,DAGAT,14.514722,120.745000,0, ,0.0,0.0,0.0,0.0,2,5000,0,1,210,0,0,0

STAR,TADE5P,24,5
IF,TADEL,15.414167,120.432778, ,0.0,0.0,2,16000,0,1,250,0,0,0
TF,DEXER,15.070833,120.817500,0, ,0.0,0.0,0.0,0.0,0,0,0,0,0,0,0,0
TF,AYIFF,14.832500,121.083056,0, ,0.0,0.0,0.0,0.0,0,0,0,1,230,0,0,0
TF,MEDAM,14.730833,121.143056,0, ,0.0,0.0,0.0,0.0,0,0,0,1,210,0,0,0
TF,DONIE,14.822500,121.307222,0, ,0.0,0.0,0.0,0.0,0,0,0,0,0,0,0,0
TF,MUTAN,14.705833,121.375000,0, ,0.0,0.0,0.0,0.0,2,7200,0,1,210,0,0,0

STAR,TADE5R,06,5
IF,TADEL,15.414167,120.432778, ,0.0,0.0,2,16000,0,1,250,0,0,0
TF,ROXEE,14.952222,120.579444,0, ,0.0,0.0,0.0,0.0,0,0,0,0,0,0,0,0
TF,YANNI,14.616389,120.685556,0, ,0.0,0.0,0.0,0.0,0,0,0,1,230,0,0,0
TF,DAGAT,14.514722,120.745000,0, ,0.0,0.0,0.0,0.0,0,0,0,1,210,0,0,0
TF,ARRES,14.446389,120.622500,0, ,0.0,0.0,0.0,0.0,0,0,0,0,0,0,0,0
TF,GONDO,14.326667,120.692500,0, ,0.0,0.0,0.0,0.0,2,5000,0,1,210,0,0,0

STAR,TADE7P,24,5
IF,TADEL,15.414167,120.432778, ,0.0,0.0,2,16000,0,1,250,0,0,0
TF,DEXER,15.070833,120.817500,0, ,0.0,0.0,0.0,0.0,0,0,0,0,0,0,0,0
TF,AYIFF,14.832500,121.083056,0, ,0.0,0.0,0.0,0.0,0,0,0,1,230,0,0,0
TF,MEDAM,14.730833,121.143056,0, ,0.0,0.0,0.0,0.0,0,0,0,1,210,0,0,0
TF,DONIE,14.822500,121.307222,0, ,0.0,0.0,0.0,0.0,0,0,0,0,0,0,0,0
TF,MIKEY,14.905833,121.456667,0, ,0.0,0.0,0.0,0.0,4,10000,7200,0,0,0,0,0
TF,PATCA,14.789722,121.524444,0, ,0.0,0.0,0.0,0.0,0,0,0,0,0,0,0,0
TF,MUTAN,14.705833,121.375000,0, ,0.0,0.0,0.0,0.0,2,7200,0,1,210,0,0,0

STAR,TADE7R,06,5
IF,TADEL,15.414167,120.432778, ,0.0,0.0,2,16000,0,1,250,0,0,0
TF,ROXEE,14.952222,120.579444,0, ,0.0,0.0,0.0,0.0,0,0,0,0,0,0,0,0
TF,YANNI,14.616389,120.685556,0, ,0.0,0.0,0.0,0.0,0,0,0,1,230,0,0,0
TF,DAGAT,14.514722,120.745000,0, ,0.0,0.0,0.0,0.0,0,0,0,1,210,0,0,0
TF,ARRES,14.446389,120.622500,0, ,0.0,0.0,0.0,0.0,0,0,0,0,0,0,0,0
TF,ROBAS,14.340278,120.432222,0, ,0.0,0.0,0.0,0.0,4,10000,5000,0,0,0,0,0
TF,ESTEL,14.220833,120.502222,0, ,0.0,0.0,0.0,0.0,0,0,0,0,0,0,0,0
TF,GONDO,14.326667,120.692500,0, ,0.0,0.0,0.0,0.0,2,5000,0,1,210,0,0,0

APPTR,D06,06,DOXEB
IF,DOXEB,14.329167,120.691389, ,0.0,0.0,0,0,0,0,0,0,1,0
CF,LL615,14.395833,120.814444,0,MIA,244.0,13.8,64.0,8.2,2,3000,0,0,0,0,1,0
CF,LL617,14.455278,120.924167,0,MIA,244.0,6.5,64.0,7.3,2,1700,0,0,0,0,0,0

APPTR,D06,06,MIA1
IF,MIA,14.507972,121.021722, ,0.0,0.0,2,6000,0,0,0,0,1,0
FD,MIA,14.507972,121.021722,0,MIA,0.0,12.0,223.0,12.0,2,2500,0,0,0,0,0,0
CF,LL617,14.455278,120.924167,2,MIA,244.0,6.5,64.0,5.5,2,1700,0,1,230,0,0,0

APPTR,D06,06,MIA2
IF,MIA,14.507972,121.021722, ,0.0,0.0,2,6000,0,0,0,0,1,0
FD,MIA,14.507972,121.021722,0,MIA,0.0,12.0,236.0,12.0,2,2500,0,0,0,0,0,0
CF,LL617,14.455278,120.924167,2,MIA,244.0,6.5,64.0,5.5,2,1700,0,0,0,0,0,0

FINAL,D06,06,D,2
IF,LL617,14.455278,120.924167,MIA,244.0,6.5,2,1700,0,0,0,0,2,0
CF,MS06,14.493333,120.994722,0,MIA,243.9,1.8,64.0,4.7,1,222,0,0,0,0,3,1
DF,MIA,14.507972,121.021722,0, ,0.0,0.0,0,0,0,0,0,0,0,0
FD,MIA,14.507972,121.021722,0,MIA,0.0,5.0,64.0,5.0,0,0,0,0,0,0,0,0
VI,0, ,0.0,128.0,0,0,0,0,0,0,0,0
FA,MIA,14.507972,121.021722,0,MIA,0.0,0.0,98.0,2,4000,0,0,0,0,0,0
DF,MIA,14.507972,121.021722,2, ,0.0,0.0,1,6000,0,0,0,0,0,0
HM,MIA,14.507972,121.021722,1, ,0.0,0.0,223.0,04.3,2,6000,0,1,230,0,0,0,0

APPTR,D13,13,MIA1
IF,MIA,14.507972,121.021722, ,0.0,0.0,2,6000,0,0,0,0,1,0
FD,MIA,14.507972,121.021722,0,MIA,0.0,11.4,292.0,11.4,0,0,0,0,0,0,0,0
CF,TIAGO,14.633056,120.873889,2,MIA,314.0,11.4,134.0,1.0,2,2700,0,0,0,0,1,0

APPTR,D13,13,MIA2
IF,MIA,14.507972,121.021722, ,0.0,0.0,2,6000,0,0,0,0,1,0
FD,MIA,14.507972,121.021722,0,MIA,0.0,11.4,305.0,11.4,0,0,0,0,0,0,0,0
CF,TIAGO,14.633056,120.873889,2,MIA,314.0,11.4,134.0,1.0,2,2700,0,0,0,0,1,0

APPTR,D13,13,OYLER
IF,OYLER,14.683611,120.814167, ,0.0,0.0,0,0,0,0,0,0,1,0
CF,TIAGO,14.633056,120.873889,0,MIA,314.0,11.4,134.0,4.6,2,2700,0,0,0,0,1,0

FINAL,D13,13,D,4
IF,TIAGO,14.633056,120.873889,MIA,314.0,11.4,2,2700,0,0,0,0,0,0
CF,ZALES,14.578333,120.938611,0,MIA,314.0,6.4,134.0,5.0,2,1700,0,0,0,0,2,0
CF,45VOR,14.557381,120.963369,0,MIA,314.0,4.5,134.0,1.9,2,1090,0,0,0,0,0,0
CF,REVLO,14.541944,120.981667,0,MIA,314.1,3.1,134.0,1.4,1,633,0,0,0,0,3,1
DF,MIA,14.507972,121.021722,0, ,0.0,0.0,0,0,0,0,0,0,0,0
CF,SHELA,14.464167,121.073611,0,MIA,133.9,4.0,134.0,4.0,0,0,0,0,0,0,0,1
VI,2, ,0.0,345.0,0,0,0,1,230,0,0,0
FD,MIA,14.507972,121.021722,0,MIA,0.0,21.0,300.0,21.0,0,0,0,0,0,0,0,0
DF,OYLER,14.683611,120.814167,2, ,0.0,0.0,2,4000,0,0,0,0,0,0
HM,OYLER,14.683611,120.814167,2, ,0.0,0.0,134.0,05,2,4000,0,1,230,0,0,0,0

APPTR,D24,24,BANGI
IF,BANGI,14.708611,121.379167, ,0.0,0.0,0,0,0,0,0,0,1,0
CF,VELRI,14.654167,121.282222,0,MIA,63.0,17.5,243.0,6.5,2,5100,0,0,0,0,0,0
CF,LL405,14.617500,121.208889,0,MIA,62.0,12.7,246.0,4.8,2,3500,0,0,0,0,1,0
CF,LL407,14.565833,121.120556,0,MIA,62.0,6.7,242.0,6.0,2,2100,0,0,0,0,0,0

APPTR,D24,24,MIA1
IF,MIA,14.507972,121.021722, ,0.0,0.0,2,6000,0,0,0,0,1,0
FD,MIA,14.507972,121.021722,0,MIA,0.0,12.0,79.0,12.0,2,3500,0,0,0,0,0,0
CF,D062L,14.611422,121.198489,1,MIA,62.0,12.0,242.0,1.0,1,3500,0,1,210,0,0,0
CF,LL407,14.565833,121.120556,0,MIA,62.0,6.7,242.0,5.3,2,2100,0,0,0,0,0,0

APPTR,D24,24,MIA2
IF,MIA,14.507972,121.021722, ,0.0,0.0,2,6000,0,0,0,0,1,0
FD,MIA,14.507972,121.021722,0,MIA,0.0,12.0,70.0,12.0,2,3500,0,0,0,0,0,0
CF,D062L,14.611422,121.198489,1,MIA,62.0,12.0,242.0,1.0,1,3500,0,0,0,0,0,0
CF,LL407,14.565833,121.120556,0,MIA,62.0,6.7,242.0,5.3,2,2100,0,0,0,0,0,0

FINAL,D24,24,D,2
IF,LL407,14.565833,121.120556,MIA,62.0,6.7,2,2100,0,0,0,0,2,0
CF,MD24,14.516667,121.036389,0,MIA,61.7,0.0,242.0,5.7,1,272,0,0,0,0,3,0
CA,0,242.0,2,4000,0,0,0,0,0,0
DF,MIA,14.507972,121.021722,1, ,0.0,0.0,1,6000,0,0,0,0,0,0
HM,MIA,14.507972,121.021722,2, ,0.0,0.0,79.0,04.3,2,6000,0,1,230,0,0,0,0

APPTR,I06,06,DOXEB
IF,DOXEB,14.329167,120.691389, ,0.0,0.0,0,0,0,0,0,0,1,0
CF,LL611,14.395278,120.815833,0,IML,243.3,14.4,64.0,8.3,2,3000,0,0,0,0,1,0

APPTR,I06,06,MIA1
IF,MIA,14.507972,121.021722, ,0.0,0.0,2,6000,0,0,0,0,1,0
FD,MIA,14.507972,121.021722,0,MIA,0.0,12.0,223.0,12.0,2,2500,0,0,0,0,0,0
VI,2,IML,0.0,33.0,0,0,0,1,230,0,0,0

APPTR,I06,06,MIA2
IF,MIA,14.507972,121.021722, ,0.0,0.0,2,6000,0,0,0,0,1,0
FD,MIA,14.507972,121.021722,0,MIA,0.0,12.0,236.0,12.0,2,2500,0,0,0,0,0,0
VI,2,IML,0.0,33.0,0,0,0,0,0,0,0,0

FINAL,I06,06,I,3
IF,LL611,14.395278,120.815833,IML,243.3,14.4,2,3000,0,0,0,0,0,0
CF,LL613,14.455833,120.924722,0,IML,243.3,7.1,63.0,7.3,1,1700,0,0,0,0,2,0
CF,RW06,14.498564,121.001419,0,IML,243.3,1.9,63.0,5.1,1,64,0,0,0,0,3,0
FD,RW06,14.498564,121.001419,0,MIA,247.6,5.0,63.0,5.0,0,0,0,0,0,0,0,0
CI,0, ,0.0,128.0,0,0,0,0,0,0,0,0
FA,MIA,14.507972,121.021722,0,MIA,0.0,0.0,98.0,2,4000,0,0,0,0,0,0
DF,MIA,14.507972,121.021722,2, ,0.0,0.0,1,6000,0,0,0,0,0,0
HM,MIA,14.507972,121.021722,1, ,0.0,0.0,223.0,04.3,2,6000,0,1,230,0,0,0,0

APPTR,I24,24,BANGI
IF,BANGI,14.708611,121.379167, ,0.0,0.0,0,0,0,0,0,0,1,0
CF,VELRI,14.654167,121.282222,0,MIA,63.0,17.5,243.0,6.5,2,5100,0,0,0,0,0,0
CF,LL401,14.614722,121.210833,0,IMA,63.3,14.2,243.0,4.8,2,3500,0,0,0,0,1,0

APPTR,I24,24,MIA1
IF,MIA,14.507972,121.021722, ,0.0,0.0,2,6000,0,0,0,0,1,0
FD,MIA,14.507972,121.021722,0,MIA,0.0,12.0,79.0,12.0,2,3500,0,0,0,0,0,0
VI,1,IMA,0.0,273.0,1,3500,0,1,210,0,0,0

APPTR,I24,24,MIA2
IF,MIA,14.507972,121.021722, ,0.0,0.0,2,6000,0,0,0,0,1,0
FD,MIA,14.507972,121.021722,0,MIA,0.0,12.0,70.0,12.0,2,3500,0,0,0,0,0,0
VI,1,IMA,0.0,273.0,1,3500,0,0,0,0,0,0

FINAL,I24,24,I,3
IF,LL401,14.614722,121.210833,IMA,63.3,14.2,2,3500,0,0,0,0,0,0
CF,LL403,14.565278,121.121667,0,IMA,63.3,8.2,243.0,6.0,1,2100,0,0,0,0,2,0
CF,RW24,14.513828,121.028894,0,IMA,63.3,2.0,243.0,6.2,1,124,0,0,0,0,3,0
VA,0,243.0,2,4000,0,0,0,0,0,0
DF,MIA,14.507972,121.021722,1, ,0.0,0.0,1,6000,0,0,0,0,0,0
HM,MIA,14.507972,121.021722,2, ,0.0,0.0,79.0,04.3,2,6000,0,1,230,0,0,0,0

APPTR,R06,06,DAGAT
IF,DAGAT,14.514722,120.745000, ,0.0,0.0,2,5000,0,1,210,0,1,0
TF,LL06D,14.395000,120.815278,0, ,0.0,0.0,0.0,0.0,2,3000,0,1,210,0,1,0

APPTR,R06,06,GONDO
IF,GONDO,14.326667,120.692500, ,0.0,0.0,2,5000,0,1,210,0,1,0
TF,LL06D,14.395000,120.815278,0, ,0.0,0.0,0.0,0.0,2,3000,0,1,210,0,1,0

APPTR,R06,06,TRECE
IF,TRECE,14.275278,120.885278, ,0.0,0.0,2,5000,0,1,210,0,1,0
TF,LL06D,14.395000,120.815278,0, ,0.0,0.0,0.0,0.0,2,3000,0,1,210,0,1,0

FINAL,R06,06,R,3
IF,LL06D,14.395000,120.815278, ,0.0,0.0,2,3000,0,1,210,0,0,0
TF,LL06B,14.455833,120.924722,0, ,0.0,0.0,63.0,7.3,1,1700,0,1,180,0,2,0
TF,RW06,14.498564,121.001419,0, ,0.0,0.0,63.0,5.1,1,64,0,0,0,0,3,1
CF,LL06F,14.572222,121.134167,0,MIA,62.6,7.6,63.0,8.9,0,0,0,0,0,0,0,0
TF,LL06G,14.701111,121.135000,0, ,0.0,0.0,0.0,0.0,0,0,0,0,0,0,0,0
TF,LL06H,14.702222,120.887222,0, ,0.0,0.0,0.0,0.0,2,7000,0,0,0,0,0,1
HM,LL06H,14.702222,120.887222,2, ,0.0,0.0,273.0,04.3,2,7000,0,1,230,0,0,0,0

APPTR,R24,24,MEDAM
IF,MEDAM,14.730833,121.143056, ,0.0,0.0,2,5000,0,1,210,0,1,0
TF,LL24D,14.615000,121.211111,0, ,0.0,0.0,0.0,0.0,2,3500,0,1,210,0,1,0

APPTR,R24,24,MUTAN
IF,MUTAN,14.705833,121.375000, ,0.0,0.0,2,7200,0,1,210,0,1,0
TF,LL24K,14.653889,121.281111,0, ,0.0,0.0,0.0,0.0,2,5100,0,0,0,0,0,0
TF,LL24D,14.615000,121.211111,0, ,0.0,0.0,0.0,0.0,2,3500,0,1,210,0,1,0

APPTR,R24,24,NATAY
IF,NATAY,14.495278,121.281111, ,0.0,0.0,2,5000,0,1,210,0,1,0
TF,LL24D,14.615000,121.211111,0, ,0.0,0.0,0.0,0.0,2,3500,0,1,210,0,1,0

FINAL,R24,24,R,3
IF,LL24D,14.615000,121.211111, ,0.0,0.0,2,3500,0,1,210,0,0,0
TF,LL24B,14.565278,121.121667,0, ,0.0,0.0,243.0,6.0,1,2100,0,1,180,0,2,0
TF,RW24,14.513828,121.028894,0, ,0.0,0.0,243.0,6.2,1,124,0,0,0,0,3,1
CF,LL24F,14.430833,120.879722,0,MIA,243.9,9.5,243.0,10.0,0,0,0,0,0,0,0,0
TF,LL24G,14.576389,120.794444,0, ,0.0,0.0,0.0,0.0,2,7000,0,0,0,0,0,1
HM,LL24G,14.576389,120.794444,1, ,0.0,0.0,61.0,04.3,2,7000,0,1,230,0,0,0,0

