SID,CUY2P,17,5
CA,0,175.0,2,1000,0,0,0,0,0,0
DF,ANTIG,17.436111,121.620000,0, ,0.0,0.0,0,0,0,1,240,0,0,0
TF,QIRIN,17.235833,121.635833,0, ,0.0,0.0,0.0,0.0,0,0,0,0,0,0,0,0
TF,CUY,16.931611,121.748083,0, ,0.0,0.0,0.0,0.0,2,9000,0,0,0,0,0,0

SID,CUY2R,35,5
CA,0,355.0,2,1000,0,0,0,0,0,0
DF,KALIN,17.539444,121.596389,1, ,0.0,0.0,0,0,0,1,240,0,0,0
TF,ANTIG,17.436111,121.620000,0, ,0.0,0.0,0.0,0.0,0,0,0,0,0,0,0,0
TF,QIRIN,17.235833,121.635833,0, ,0.0,0.0,0.0,0.0,0,0,0,0,0,0,0,0
TF,CUY,16.931611,121.748083,0, ,0.0,0.0,0.0,0.0,2,9000,0,0,0,0,0,0

SID,LAMU2P,17,5
CA,0,175.0,2,1000,0,0,0,0,0,0
DF,ANTIG,17.436111,121.620000,0, ,0.0,0.0,0,0,0,1,240,0,0,0
TF,PARCE,17.176389,121.510833,0, ,0.0,0.0,0.0,0.0,2,6000,0,0,0,0,0,0
TF,LAMUT,16.695833,121.269167,0, ,0.0,0.0,0.0,0.0,2,9000,0,0,0,0,0,0

SID,LAMU2R,35,5
CA,0,355.0,2,1000,0,0,0,0,0,0
DF,KALIN,17.539444,121.596389,1, ,0.0,0.0,0,0,0,1,240,0,0,0
TF,PARCE,17.176389,121.510833,0, ,0.0,0.0,0.0,0.0,2,6000,0,0,0,0,0,0
TF,LAMUT,16.695833,121.269167,0, ,0.0,0.0,0.0,0.0,2,9000,0,0,0,0,0,0

SID,PILI2P,17,5
CA,0,175.0,2,1000,0,0,0,0,0,0
DF,TAPAC,17.670000,121.566944,2, ,0.0,0.0,0,0,0,1,240,0,0,0
TF,MULUN,17.838056,121.612222,0, ,0.0,0.0,0.0,0.0,0,0,0,0,0,0,0,0
TF,PILLI,17.946944,121.689444,0, ,0.0,0.0,0.0,0.0,2,3500,0,0,0,0,0,0

SID,PILI2R,35,5
CA,0,355.0,2,1000,0,0,0,0,0,0
DF,UT17A,17.833056,121.705833,0, ,0.0,0.0,0,0,0,0,0,0,0,0
TF,PILLI,17.946944,121.689444,0, ,0.0,0.0,0.0,0.0,2,3500,0,0,0,0,0,0

STAR,CUY1P,17,5
IF,CUY,16.931611,121.748083, ,0.0,0.0,2,9000,0,0,0,0,0,0
TF,LAGAN,17.228056,121.783611,0, ,0.0,0.0,0.0,0.0,0,0,0,0,0,0,0,0
TF,ANTIG,17.436111,121.620000,0, ,0.0,0.0,0.0,0.0,0,0,0,0,0,0,0,0
TF,KALIN,17.539444,121.596389,0, ,0.0,0.0,0.0,0.0,0,0,0,0,0,0,0,0
TF,TAPAC,17.670000,121.566944,0, ,0.0,0.0,0.0,0.0,2,3000,0,1,250,0,0,0

STAR,CUY1R,35,5
IF,CUY,16.931611,121.748083, ,0.0,0.0,2,9000,0,0,0,0,0,0
TF,LAGAN,17.228056,121.783611,0, ,0.0,0.0,0.0,0.0,2,4000,0,1,250,0,0,0

STAR,PILI1R,35,5
IF,PILLI,17.946944,121.689444, ,0.0,0.0,2,3500,0,0,0,0,0,0
TF,MULUN,17.838056,121.612222,0, ,0.0,0.0,0.0,0.0,0,0,0,0,0,0,0,0
TF,KALIN,17.539444,121.596389,0, ,0.0,0.0,0.0,0.0,2,3000,0,1,250,0,0,0

APPTR,R17,17,PILLI
IF,PILLI,17.946944,121.689444, ,0.0,0.0,2,3500,0,1,250,0,1,0
TF,UT17A,17.833056,121.705833,0, ,0.0,0.0,0.0,0.0,2,2000,0,0,0,0,1,0

APPTR,R17,17,TAPAC
IF,TAPAC,17.670000,121.566944, ,0.0,0.0,2,3000,0,1,250,0,1,0
TF,PIATI,17.811944,121.546389,0, ,0.0,0.0,0.0,0.0,0,0,0,0,0,0,0,0
TF,UT17A,17.833056,121.705833,0, ,0.0,0.0,0.0,0.0,2,2000,0,0,0,0,1,0

FINAL,R17,17,R,3
IF,UT17A,17.833056,121.705833, ,0.0,0.0,2,2000,0,0,0,0,0,0
TF,UT17B,17.750000,121.717778,0, ,0.0,0.0,175.0,5.0,1,2000,0,0,0,0,2,0
TF,RW17,17.652331,121.731872,0, ,0.0,0.0,175.0,5.9,1,123,0,0,0,0,3,1
CA,0,175.0,2,1000,0,0,0,0,0,0
DF,TAPAC,17.670000,121.566944,2, ,0.0,0.0,2,3000,0,1,250,0,0,0
HM,TAPAC,17.670000,121.566944,2, ,0.0,0.0,355.0,04.3,2,3000,0,1,230,0,0,0,0

APPTR,R35,35,KALIN
IF,KALIN,17.539444,121.596389, ,0.0,0.0,2,3000,0,1,250,0,1,0
TF,ANTIG,17.436111,121.620000,0, ,0.0,0.0,0.0,0.0,0,0,0,0,0,0,0,0
TF,UT35A,17.454167,121.760278,0, ,0.0,0.0,0.0,0.0,2,2000,0,0,0,0,1,0

APPTR,R35,35,LAGAN
IF,LAGAN,17.228056,121.783611, ,0.0,0.0,2,4000,0,1,250,0,1,0
TF,UT35A,17.454167,121.760278,0, ,0.0,0.0,0.0,0.0,2,2000,0,0,0,0,1,0

FINAL,R35,35,R,3
IF,UT35A,17.454167,121.760278, ,0.0,0.0,2,2000,0,0,0,0,0,0
TF,UT35B,17.536944,121.748333,0, ,0.0,0.0,355.0,5.0,1,2000,0,0,0,0,2,0
TF,RW35,17.634742,121.734400,0, ,0.0,0.0,355.0,5.9,1,125,0,0,0,0,3,1
CA,0,355.0,2,1000,0,0,0,0,0,0
DF,KALIN,17.539444,121.596389,1, ,0.0,0.0,2,3000,0,1,250,0,0,0
HM,KALIN,17.539444,121.596389,1, ,0.0,0.0,171.0,04.3,2,3000,0,1,230,0,0,0,0

