SID,ATR3A,32,2
CA,0,327.0,2,510,0,0,0,0,0,0
DF,ROX,11.596917,122.755111,2, ,0.0,0.0,2,5000,0,0,0,0,0,0
TF,ATRIA,11.364167,122.980000,0, ,0.0,0.0,0.0,0.0,2,6000,0,0,0,0,0,0

SID,ATR3B,14,2
CA,0,147.0,2,510,0,0,0,0,0,0
DF,ROX,11.596917,122.755111,1, ,0.0,0.0,2,5000,0,0,0,0,0,0
TF,ATRIA,11.364167,122.980000,0, ,0.0,0.0,0.0,0.0,2,6000,0,0,0,0,0,0

SID,BUN3A,32,2
CA,0,327.0,2,510,0,0,0,0,0,0
CF,BUNGA,11.340278,122.906389,2,ROX,151.8,17.7,150.0,18.0,2,5000,0,0,0,0,0,0

SID,BUN3B,14,2
CA,0,147.0,2,510,0,0,0,0,0,0
CF,BUNGA,11.340278,122.906389,0,ROX,151.8,17.7,150.0,18.0,2,5000,0,0,0,0,0,0

SID,GLA3E,32,2
CA,0,327.0,2,510,0,0,0,0,0,0
CF,GALIA,11.300586,122.652597,2,ROX,200.9,18.7,199.0,20.0,2,5000,0,0,0,0,0,0

SID,GLA3F,14,2
CA,0,147.0,2,2000,0,0,0,0,0,0
CF,GALIA,11.300586,122.652597,0,ROX,200.9,18.7,199.0,17.0,2,5000,0,0,0,0,0,0

SID,KLO3A,32,2
CA,0,327.0,2,510,0,0,0,0,0,0
CF,MUCAN,11.633550,122.598242,0,ROX,285.3,9.5,284.0,9.0,0,0,0,0,0,0,0,0
TF,KLO,11.683556,122.383278,0, ,0.0,0.0,0.0,0.0,0,0,0,0,0,0,0,0

SID,KLO3B,14,2
CA,0,147.0,2,510,0,0,0,0,0,0
CF,MUCAN,11.633550,122.598242,1,ROX,285.3,9.5,284.0,10.0,0,0,0,0,0,0,0,0
TF,KLO,11.683556,122.383278,0, ,0.0,0.0,0.0,0.0,0,0,0,0,0,0,0,0

SID,MIN3A,32,2
CA,0,327.0,2,510,0,0,0,0,0,0
CF,MINOR,12.368333,122.234444,0,ROX,328.5,55.3,327.0,55.0,2,8000,0,0,0,0,0,0

SID,MIN3B,14,2
CA,0,147.0,2,510,0,0,0,0,0,0
CF,MINOR,12.368333,122.234444,1,ROX,328.5,55.3,327.0,56.0,2,8000,0,0,0,0,0,0

SID,NSG3C,32,2
CA,0,327.0,2,510,0,0,0,0,0,0
CF,NASAG,11.321192,122.844367,2,ROX,164.3,17.3,163.0,17.0,2,4000,0,0,0,0,0,0

SID,NSG3D,14,2
CA,0,147.0,2,2000,0,0,0,0,0,0
CF,NASAG,11.321192,122.844367,0,ROX,164.3,17.3,163.0,14.0,2,4000,0,0,0,0,0,0

SID,SBN3A,32,2
CA,0,327.0,2,510,0,0,0,0,0,0
CF,SIBUN,12.094753,122.622361,0,ROX,347.3,30.7,346.0,31.0,2,9000,0,0,0,0,0,0
TF,SAGRA,12.370000,122.548889,0, ,0.0,0.0,0.0,0.0,0,0,0,0,0,0,0,0

SID,SBN3B,14,2
CA,0,147.0,2,510,0,0,0,0,0,0
CF,SIBUN,12.094753,122.622361,1,ROX,347.3,30.7,346.0,31.0,2,9000,0,0,0,0,0,0
TF,SAGRA,12.370000,122.548889,0, ,0.0,0.0,0.0,0.0,0,0,0,0,0,0,0,0

APPTR,D14,14,ADOLE
IF,ADOLE,11.730578,122.652717, ,0.0,0.0,2,2900,0,0,0,0,1,0
TF,FF14,11.686500,122.686625,0, ,0.0,0.0,0.0,0.0,2,2000,0,0,0,0,0,0

APPTR,D14,14,ROX1
IF,ROX,11.596917,122.755111, ,0.0,0.0,2,3200,0,0,0,0,1,0
FD,ROX,11.596917,122.755111,0,ROX,0.0,8.5,353.0,8.5,0,0,0,0,0,0,0,0
CF,FF14,11.686500,122.686625,1,ROX,325.0,6.7,144.0,2.0,2,2000,0,0,0,0,0,0

APPTR,D14,14,ROX2
IF,ROX,11.596917,122.755111, ,0.0,0.0,2,3200,0,0,0,0,1,0
FD,ROX,11.596917,122.755111,0,ROX,0.0,8.5,335.0,8.5,0,0,0,0,0,0,0,0
CF,FF14,11.686500,122.686625,1,ROX,325.0,6.7,144.0,2.0,2,2000,0,0,0,0,0,0

FINAL,D14,14,D,2
IF,FF14,11.686500,122.686625,ROX,325.0,6.7,2,2000,0,0,0,0,2,0
CF,MA14,11.619653,122.737742,0,ROX,325.0,1.7,144.0,5.0,1,418,0,0,0,0,3,0
CA,0,144.0,2,510,0,0,0,0,0,0
DF,ROX,11.596917,122.755111,1, ,0.0,0.0,1,3200,0,0,0,0,0,0
HM,ROX,11.596917,122.755111,2, ,0.0,0.0,353.0,04.3,2,3200,0,1,230,0,0,0,0

APPTR,D32,32,ROX1
IF,ROX,11.596917,122.755111, ,0.0,0.0,2,3200,0,0,0,0,0,0
FD,ROX,11.596917,122.755111,0,ROX,0.0,8.0,115.0,8.0,2,2000,0,0,0,0,0,0
CF,FF32,11.507764,122.818400,2,ROX,147.0,6.5,327.0,2.0,2,2000,0,0,0,0,0,0

APPTR,D32,32,ROX2
IF,ROX,11.596917,122.755111, ,0.0,0.0,2,3200,0,0,0,0,0,0
FD,ROX,11.596917,122.755111,0,ROX,0.0,8.0,135.0,8.0,2,2000,0,0,0,0,0,0
CF,FF32,11.507764,122.818400,2,ROX,147.0,6.5,327.0,2.0,2,2000,0,0,0,0,0,0

FINAL,D32,32,D,2
IF,FF32,11.507764,122.818400,ROX,147.0,6.5,2,2000,0,0,0,0,2,0
CF,MA32,11.577714,122.768744,0,ROX,147.0,1.4,327.0,5.1,1,393,0,0,0,0,3,0
CA,0,327.0,2,1000,0,0,0,0,0,0
DF,ROX,11.596917,122.755111,2, ,0.0,0.0,2,3200,0,0,0,0,0,0
HM,ROX,11.596917,122.755111,1, ,0.0,0.0,115.0,04.3,2,3200,0,1,230,0,0,0,0

