SID,DABO1C,02,5
CF,AR150,-32.855186,-60.773658,0,ROS,15.5,3.0,19.0,2.0,0,0,0,0,0,0,0,1
TF,ATAGU,-32.644169,-60.725800,0, ,0.0,0.0,0.0,0.0,3,5000,0,0,0,0,0,0
TF,DABOT,-32.417500,-60.649722,0, ,0.0,0.0,0.0,0.0,0,0,0,0,0,0,0,0

SID,DABO1G,20,5
CF,AR400,-33.000961,-60.806858,0,ROS,200.6,5.9,199.0,5.0,2,1500,0,0,0,0,0,1
CF,AR411,-32.940903,-60.703192,1,ROS,126.6,4.5,21.0,5.0,0,0,0,1,220,0,0,0
TF,UTNUM,-32.739883,-60.646922,0, ,0.0,0.0,0.0,0.0,0,0,0,0,0,0,0,0
TF,DABOT,-32.417500,-60.649722,0, ,0.0,0.0,0.0,0.0,0,0,0,0,0,0,0,0

SID,GEDU1C,02,5
CF,AR150,-32.855186,-60.773658,0,ROS,15.5,3.0,19.0,2.0,0,0,0,0,0,0,0,1
DF,AR154,-32.763225,-61.004294,0, ,0.0,0.0,3,5000,0,1,220,0,0,0
TF,GEDUK,-32.814722,-61.366667,0, ,0.0,0.0,0.0,0.0,0,0,0,0,0,0,0,0

SID,GEDU1G,20,5
CF,AR400,-33.000961,-60.806858,0,ROS,200.6,5.9,199.0,5.0,2,1500,0,0,0,0,0,1
DF,AR403,-32.948725,-61.049942,2, ,0.0,0.0,0,0,0,1,220,0,0,0
TF,GEDUK,-32.814722,-61.366667,0, ,0.0,0.0,0.0,0.0,0,0,0,0,0,0,0,0

SID,MUPI1C,02,5
CF,AR150,-32.855186,-60.773658,0,ROS,15.5,3.0,19.0,2.0,0,0,0,0,0,0,0,1
TF,ATAGU,-32.644169,-60.725800,0, ,0.0,0.0,0.0,0.0,3,5000,0,0,0,0,0,0
TF,MUPIS,-32.405000,-60.791667,0, ,0.0,0.0,0.0,0.0,0,0,0,0,0,0,0,0

SID,MUPI1G,20,5
CF,AR400,-33.000961,-60.806858,0,ROS,200.6,5.9,199.0,5.0,2,1500,0,0,0,0,0,1
CF,AR408,-32.911450,-60.874275,2,ROS,273.3,4.7,18.0,6.0,0,0,0,1,220,0,0,0
TF,NIBGO,-32.710428,-60.841372,0, ,0.0,0.0,0.0,0.0,0,0,0,0,0,0,0,0
TF,MUPIS,-32.405000,-60.791667,0, ,0.0,0.0,0.0,0.0,0,0,0,0,0,0,0,0

SID,TINT1C,02,5
CF,AR150,-32.855186,-60.773658,0,ROS,15.5,3.0,19.0,2.0,0,0,0,0,0,0,0,1
DF,AR152,-32.814083,-60.697892,0, ,0.0,0.0,0,0,0,1,220,0,0,0
TF,AR155,-32.897542,-60.354069,0, ,0.0,0.0,0.0,0.0,2,8000,0,0,0,0,0,0
TF,TINTA,-32.937778,-60.186667,0, ,0.0,0.0,0.0,0.0,0,0,0,0,0,0,0,0

SID,TINT1G,20,5
CF,AR400,-33.000961,-60.806858,0,ROS,200.6,5.9,199.0,5.0,2,1500,0,0,0,0,0,1
CF,AR401,-33.019747,-60.683003,1,ROS,152.2,8.5,77.0,4.0,0,0,0,1,220,0,0,0
TF,AR406,-32.927536,-60.378281,0, ,0.0,0.0,0.0,0.0,3,6000,0,0,0,0,0,0
TF,TINTA,-32.937778,-60.186667,0, ,0.0,0.0,0.0,0.0,0,0,0,0,0,0,0,0

SID,TOLU2C,02,5
CF,AR150,-32.855186,-60.773658,0,ROS,15.5,3.0,19.0,2.0,0,0,0,0,0,0,0,1
DF,AR154,-32.763225,-61.004294,0, ,0.0,0.0,3,5000,0,1,220,0,0,0
TF,TOLUK,-32.651389,-61.292778,0, ,0.0,0.0,0.0,0.0,0,0,0,0,0,0,0,0

SID,TOLU2G,20,5
CF,AR400,-33.000961,-60.806858,0,ROS,200.6,5.9,199.0,5.0,2,1500,0,0,0,0,0,1
DF,AR403,-32.948725,-61.049942,2, ,0.0,0.0,0,0,0,1,220,0,0,0
TF,AR405,-32.841303,-61.140872,0, ,0.0,0.0,0.0,0.0,2,7000,0,0,0,0,0,0
TF,TOLUK,-32.651389,-61.292778,0, ,0.0,0.0,0.0,0.0,0,0,0,0,0,0,0,0

SID,VASA1C,02,5
CF,AR150,-32.855186,-60.773658,0,ROS,15.5,3.0,19.0,2.0,0,0,0,0,0,0,0,1
CF,AR151,-32.899156,-60.647053,2,ROS,95.1,6.8,171.0,4.0,0,0,0,1,220,0,0,0
TF,AR153,-33.067539,-60.583722,0, ,0.0,0.0,0.0,0.0,2,6000,0,0,0,0,0,0
TF,VASAL,-33.337500,-60.481667,0, ,0.0,0.0,0.0,0.0,0,0,0,0,0,0,0,0

SID,VASA1G,20,5
CF,AR400,-33.000961,-60.806858,0,ROS,200.6,5.9,199.0,5.0,2,1500,0,0,0,0,0,1
CF,AR409,-33.089392,-60.737394,0,ROS,176.6,11.3,148.0,6.0,0,0,0,1,220,0,0,0
TF,VASAL,-33.337500,-60.481667,0, ,0.0,0.0,0.0,0.0,0,0,0,0,0,0,0,0

SID,VUKS1C,02,5
CF,AR150,-32.855186,-60.773658,0,ROS,15.5,3.0,19.0,2.0,0,0,0,0,0,0,0,1
TF,ATAGU,-32.644169,-60.725800,0, ,0.0,0.0,0.0,0.0,3,5000,0,0,0,0,0,0
TF,VUKSO,-32.427222,-60.967500,0, ,0.0,0.0,0.0,0.0,0,0,0,0,0,0,0,0

SID,VUKS1G,20,5
CF,AR400,-33.000961,-60.806858,0,ROS,200.6,5.9,199.0,5.0,2,1500,0,0,0,0,0,1
CF,AR408,-32.911450,-60.874275,2,ROS,273.3,4.7,18.0,6.0,0,0,0,1,220,0,0,0
TF,NIBGO,-32.710428,-60.841372,0, ,0.0,0.0,0.0,0.0,0,0,0,0,0,0,0,0
TF,VUKSO,-32.427222,-60.967500,0, ,0.0,0.0,0.0,0.0,0,0,0,0,0,0,0,0

SID,VUMK1C,02,5
CF,AR150,-32.855186,-60.773658,0,ROS,15.5,3.0,19.0,2.0,0,0,0,0,0,0,0,1
CF,AR151,-32.899156,-60.647053,2,ROS,95.1,6.8,171.0,4.0,0,0,0,1,220,0,0,0
TF,AR153,-33.067539,-60.583722,0, ,0.0,0.0,0.0,0.0,2,6000,0,0,0,0,0,0
TF,VUMKI,-33.160556,-61.011111,0, ,0.0,0.0,0.0,0.0,0,0,0,0,0,0,0,0

SID,VUMK1G,20,5
CF,AR400,-33.000961,-60.806858,0,ROS,200.6,5.9,199.0,5.0,2,1500,0,0,0,0,0,1
TF,VUMKI,-33.160556,-61.011111,0, ,0.0,0.0,0.0,0.0,0,0,0,0,0,0,0,0

STAR,DABO2Q,02,5
IF,DABOT,-32.417500,-60.649722, ,0.0,0.0,0,0,0,0,0,0,0,0
TF,AR001,-32.599075,-60.841161,0, ,0.0,0.0,0.0,0.0,0,0,0,0,0,0,0,0
TF,AR009,-32.704058,-60.868033,0, ,0.0,0.0,0.0,0.0,0,0,0,0,0,0,0,0
TF,AR010,-32.896453,-60.917431,0, ,0.0,0.0,0.0,0.0,2,6000,0,0,0,0,0,0
TF,AR002,-32.982714,-60.939653,0, ,0.0,0.0,0.0,0.0,0,0,0,0,0,0,0,0
TF,REGUD,-33.054486,-60.939736,0, ,0.0,0.0,0.0,0.0,2,3000,0,0,0,0,0,0

STAR,DABO2U,20,5
IF,DABOT,-32.417500,-60.649722, ,0.0,0.0,0,0,0,0,0,0,0,0
TF,ATAGU,-32.644169,-60.725800,0, ,0.0,0.0,0.0,0.0,2,3000,0,0,0,0,0,0

STAR,ESKO2Q,02,5
IF,ESKON,-33.231111,-60.328889, ,0.0,0.0,0,0,0,0,0,0,0,0
TF,AR011,-33.168958,-60.513322,0, ,0.0,0.0,0.0,0.0,3,5000,0,0,0,0,0,0
TF,AR003,-33.126861,-60.637644,0, ,0.0,0.0,0.0,0.0,0,0,0,0,0,0,0,0
TF,IMDAD,-33.098731,-60.720444,0, ,0.0,0.0,0.0,0.0,2,3000,0,0,0,0,0,0

STAR,ESKO2U,20,5
IF,ESKON,-33.231111,-60.328889, ,0.0,0.0,0,0,0,0,0,0,0,0
TF,AR250,-32.875772,-60.509486,0, ,0.0,0.0,0.0,0.0,2,7000,0,0,0,0,0,0
TF,AR254,-32.777911,-60.558944,0, ,0.0,0.0,0.0,0.0,0,0,0,0,0,0,0,0
TF,UTNUM,-32.739883,-60.646922,0, ,0.0,0.0,0.0,0.0,2,3000,0,0,0,0,0,0

STAR,GEDU2Q,02,5
IF,GEDUK,-32.814722,-61.366667, ,0.0,0.0,0,0,0,0,0,0,0,0
TF,REGUD,-33.054486,-60.939736,0, ,0.0,0.0,0.0,0.0,2,3000,0,0,0,0,0,0

STAR,GEDU2U,20,5
IF,GEDUK,-32.814722,-61.366667, ,0.0,0.0,0,0,0,0,0,0,0,0
TF,AR252,-32.795922,-61.271064,0, ,0.0,0.0,0.0,0.0,3,6000,0,0,0,0,0,0
TF,AR253,-32.729694,-60.937483,0, ,0.0,0.0,0.0,0.0,0,0,0,0,0,0,0,0
TF,NIBGO,-32.710428,-60.841372,0, ,0.0,0.0,0.0,0.0,2,3000,0,0,0,0,0,0

STAR,IMBU2Q,02,5
IF,IMBUX,-32.040278,-61.627778, ,0.0,0.0,0,0,0,0,0,0,0,0
TF,UGUGI,-32.483339,-61.106400,0, ,0.0,0.0,0.0,0.0,0,0,0,0,0,0,0,0
TF,AR009,-32.704058,-60.868033,0, ,0.0,0.0,0.0,0.0,0,0,0,0,0,0,0,0
TF,AR010,-32.896453,-60.917431,0, ,0.0,0.0,0.0,0.0,2,6000,0,0,0,0,0,0
TF,AR002,-32.982714,-60.939653,0, ,0.0,0.0,0.0,0.0,0,0,0,0,0,0,0,0
TF,REGUD,-33.054486,-60.939736,0, ,0.0,0.0,0.0,0.0,2,3000,0,0,0,0,0,0

STAR,IMBU2U,20,5
IF,IMBUX,-32.040278,-61.627778, ,0.0,0.0,0,0,0,0,0,0,0,0
TF,UGUGI,-32.483339,-61.106400,0, ,0.0,0.0,0.0,0.0,0,0,0,0,0,0,0,0
TF,NIBGO,-32.710428,-60.841372,0, ,0.0,0.0,0.0,0.0,2,3000,0,0,0,0,0,0

STAR,MUPI2Q,02,5
IF,MUPIS,-32.405000,-60.791667, ,0.0,0.0,0,0,0,0,0,0,0,0
TF,AR001,-32.599075,-60.841161,0, ,0.0,0.0,0.0,0.0,0,0,0,0,0,0,0,0
TF,AR009,-32.704058,-60.868033,0, ,0.0,0.0,0.0,0.0,0,0,0,0,0,0,0,0
TF,AR010,-32.896453,-60.917431,0, ,0.0,0.0,0.0,0.0,2,6000,0,0,0,0,0,0
TF,AR002,-32.982714,-60.939653,0, ,0.0,0.0,0.0,0.0,0,0,0,0,0,0,0,0
TF,REGUD,-33.054486,-60.939736,0, ,0.0,0.0,0.0,0.0,2,3000,0,0,0,0,0,0

STAR,MUPI2U,20,5
IF,MUPIS,-32.405000,-60.791667, ,0.0,0.0,0,0,0,0,0,0,0,0
TF,ATAGU,-32.644169,-60.725800,0, ,0.0,0.0,0.0,0.0,2,3000,0,0,0,0,0,0

STAR,TINT2Q,02,5
IF,TINTA,-32.937778,-60.186667, ,0.0,0.0,0,0,0,0,0,0,0,0
TF,AR004,-33.026908,-60.398522,0, ,0.0,0.0,0.0,0.0,3,5000,0,0,0,0,0,0
TF,AR003,-33.126861,-60.637644,0, ,0.0,0.0,0.0,0.0,0,0,0,0,0,0,0,0
TF,IMDAD,-33.098731,-60.720444,0, ,0.0,0.0,0.0,0.0,2,3000,0,0,0,0,0,0

STAR,TINT2U,20,5
IF,TINTA,-32.937778,-60.186667, ,0.0,0.0,0,0,0,0,0,0,0,0
TF,AR255,-32.838086,-60.419275,0, ,0.0,0.0,0.0,0.0,0,0,0,0,0,0,0,0
TF,AR254,-32.777911,-60.558944,0, ,0.0,0.0,0.0,0.0,0,0,0,0,0,0,0,0
TF,UTNUM,-32.739883,-60.646922,0, ,0.0,0.0,0.0,0.0,2,3000,0,0,0,0,0,0

STAR,VUKS2Q,02,5
IF,VUKSO,-32.427222,-60.967500, ,0.0,0.0,0,0,0,0,0,0,0,0
TF,AR001,-32.599075,-60.841161,0, ,0.0,0.0,0.0,0.0,0,0,0,0,0,0,0,0
TF,AR009,-32.704058,-60.868033,0, ,0.0,0.0,0.0,0.0,0,0,0,0,0,0,0,0
TF,AR010,-32.896453,-60.917431,0, ,0.0,0.0,0.0,0.0,2,6000,0,0,0,0,0,0
TF,AR002,-32.982714,-60.939653,0, ,0.0,0.0,0.0,0.0,0,0,0,0,0,0,0,0
TF,REGUD,-33.054486,-60.939736,0, ,0.0,0.0,0.0,0.0,2,3000,0,0,0,0,0,0

STAR,VUKS2U,20,5
IF,VUKSO,-32.427222,-60.967500, ,0.0,0.0,0,0,0,0,0,0,0,0
TF,ATAGU,-32.644169,-60.725800,0, ,0.0,0.0,0.0,0.0,2,3000,0,0,0,0,0,0

STAR,VUMK2Q,02,5
IF,VUMKI,-33.160556,-61.011111, ,0.0,0.0,0,0,0,0,0,0,0,0
TF,REGUD,-33.054486,-60.939736,0, ,0.0,0.0,0.0,0.0,2,3000,0,0,0,0,0,0

STAR,VUMK2U,20,5
IF,VUMKI,-33.160556,-61.011111, ,0.0,0.0,0,0,0,0,0,0,0,0
TF,AR251,-32.867503,-60.950281,0, ,0.0,0.0,0.0,0.0,3,6000,0,0,0,0,0,0
TF,AR253,-32.729694,-60.937483,0, ,0.0,0.0,0.0,0.0,0,0,0,0,0,0,0,0
TF,NIBGO,-32.710428,-60.841372,0, ,0.0,0.0,0.0,0.0,2,3000,0,0,0,0,0,0

APPTR,D02-Y,02,ROS
IF,ROS,-32.905028,-60.781389, ,0.0,0.0,0,0,0,1,210,0,1,0
FD,ROS,-32.905028,-60.781389,0,ROS,0.0,10.8,187.0,10.8,2,2000,0,0,0,0,0,0
CF,CD02Y,-33.078378,-60.840433,2,ROS,204.0,10.8,24.0,1.0,2,2000,0,0,0,0,1,0

FINAL,D02-Y,02,D,4
IF,CD02Y,-33.078378,-60.840433,ROS,204.0,10.8,2,2000,0,0,0,0,0,0
CF,FD02,-33.010967,-60.817444,0,ROS,204.0,6.6,24.0,4.2,2,2000,0,0,0,0,2,0
CF,31VOR,-32.954789,-60.798314,0,ROS,204.0,3.1,24.0,3.5,2,870,0,0,0,0,0,0
CF,RW02,-32.916767,-60.787669,0,ROS,212.3,0.8,24.0,2.3,1,134,0,0,0,0,3,0
CA,0,24.0,2,490,0,0,0,0,0,0
FM,ROS,-32.905028,-60.781389,0,ROS,0.0,0.0,24.0,2,3000,0,0,0,0,0,0

APPTR,D02-Z,02,D081L
IF,D081L,-32.846231,-60.554361, ,0.0,0.0,2,3000,0,0,0,0,1,0
AF,D102L,-32.918781,-60.544372,2,ROS,102.0,12.0,81.0,2,3000,0,0,0,0,0,0
AF,D139L,-33.036367,-60.601836,2,ROS,139.0,12.0,102.0,2,3000,0,0,0,0,0,0
AF,IMDAD,-33.098731,-60.720444,2,ROS,173.2,12.0,139.0,2,3000,0,0,0,0,0,0
AF,CD02Z,-33.097636,-60.847008,2,ROS,204.0,12.0,173.0,2,3000,0,0,0,0,1,0

APPTR,D02-Z,02,D102L
IF,D102L,-32.918781,-60.544372, ,0.0,0.0,2,3000,0,0,0,0,1,0
AF,D139L,-33.036367,-60.601836,2,ROS,139.0,12.0,102.0,2,3000,0,0,0,0,0,0
AF,IMDAD,-33.098731,-60.720444,2,ROS,173.2,12.0,139.0,2,3000,0,0,0,0,0,0
AF,CD02Z,-33.097636,-60.847008,2,ROS,204.0,12.0,173.0,2,3000,0,0,0,0,1,0

APPTR,D02-Z,02,D139L
IF,D139L,-33.036367,-60.601836, ,0.0,0.0,2,3000,0,0,0,0,1,0
AF,IMDAD,-33.098731,-60.720444,2,ROS,173.2,12.0,139.0,2,3000,0,0,0,0,0,0
AF,CD02Z,-33.097636,-60.847008,2,ROS,204.0,12.0,173.0,2,3000,0,0,0,0,1,0

APPTR,D02-Z,02,D288L
IF,D288L,-32.870008,-61.015244, ,0.0,0.0,2,3000,0,0,0,0,1,0
AF,REGUD,-33.054486,-60.939736,1,ROS,229.7,12.0,288.0,2,3000,0,0,0,0,0,0
AF,CD02Z,-33.097636,-60.847008,1,ROS,204.0,12.0,230.0,2,3000,0,0,0,0,1,0

APPTR,D02-Z,02,D335L
IF,D335L,-32.736892,-60.910528, ,0.0,0.0,2,3000,0,0,0,0,1,0
AF,D288L,-32.870008,-61.015244,1,ROS,288.0,12.0,335.0,2,3000,0,0,0,0,0,0
AF,REGUD,-33.054486,-60.939736,1,ROS,229.7,12.0,288.0,2,3000,0,0,0,0,0,0
AF,CD02Z,-33.097636,-60.847008,1,ROS,204.0,12.0,230.0,2,3000,0,0,0,0,1,0

APPTR,D02-Z,02,IMDAD
IF,IMDAD,-33.098731,-60.720444, ,0.0,0.0,2,3000,0,0,0,0,1,0
AF,CD02Z,-33.097636,-60.847008,2,ROS,204.0,12.0,173.0,2,3000,0,0,0,0,1,0

APPTR,D02-Z,02,REGUD
IF,REGUD,-33.054486,-60.939736, ,0.0,0.0,2,3000,0,0,0,0,1,0
AF,CD02Z,-33.097636,-60.847008,1,ROS,204.0,12.0,230.0,2,3000,0,0,0,0,1,0

FINAL,D02-Z,02,D,4
IF,CD02Z,-33.097636,-60.847008,ROS,204.0,12.0,2,3000,0,0,0,0,0,0
CF,FD02,-33.010967,-60.817444,0,ROS,204.0,6.6,24.0,5.4,2,2000,0,0,0,0,2,0
CF,31VOR,-32.954789,-60.798314,0,ROS,204.0,3.1,24.0,3.5,2,870,0,0,0,0,0,0
CF,RW02,-32.916767,-60.787669,0,ROS,212.3,0.8,24.0,2.3,1,134,0,0,0,0,3,0
CA,0,24.0,2,490,0,0,0,0,0,0
FM,ROS,-32.905028,-60.781389,0,ROS,0.0,0.0,24.0,2,3000,0,0,0,0,0,0

APPTR,D20-Y,20,ROS
IF,ROS,-32.905028,-60.781389, ,0.0,0.0,0,0,0,1,210,0,1,0
FD,ROS,-32.905028,-60.781389,0,ROS,0.0,11.1,29.0,11.1,2,2000,0,0,0,0,0,0
CF,CD20Y,-32.723692,-60.762619,1,ROS,13.0,10.9,193.0,1.0,2,2000,0,0,0,0,1,0

FINAL,D20-Y,20,D,3
IF,CD20Y,-32.723692,-60.762619,ROS,13.0,10.9,2,2000,0,0,0,0,0,0
CF,FD20,-32.791900,-60.769669,0,ROS,13.0,6.8,193.0,4.1,2,2000,0,0,0,0,2,0
CF,RW20,-32.890186,-60.781619,0,ROS,7.3,0.9,193.0,5.9,1,129,0,0,0,0,3,0
CA,0,193.0,2,490,0,0,0,0,0,0
FM,ROS,-32.905028,-60.781389,0,ROS,0.0,0.0,193.0,2,3000,0,0,0,0,0,0

APPTR,D20-Z,20,D007L
IF,D007L,-32.704661,-60.785525, ,0.0,0.0,2,3000,0,0,0,0,1,0
AF,CD20Z,-32.705392,-60.760731,2,ROS,13.0,12.0,7.0,2,3000,0,0,0,0,1,0

APPTR,D20-Z,20,D081L
IF,D081L,-32.846231,-60.554361, ,0.0,0.0,2,3000,0,0,0,0,1,0
AF,UTNUM,-32.739883,-60.646922,1,ROS,42.6,12.0,81.0,2,3000,0,0,0,0,0,0
AF,CD20Z,-32.705392,-60.760731,1,ROS,13.0,12.0,43.0,2,3000,0,0,0,0,1,0

APPTR,D20-Z,20,D102L
IF,D102L,-32.918781,-60.544372, ,0.0,0.0,2,3000,0,0,0,0,1,0
AF,D081L,-32.846231,-60.554361,1,ROS,81.0,12.0,102.0,2,3000,0,0,0,0,0,0
AF,UTNUM,-32.739883,-60.646922,1,ROS,42.6,12.0,81.0,2,3000,0,0,0,0,0,0
AF,CD20Z,-32.705392,-60.760731,1,ROS,13.0,12.0,43.0,2,3000,0,0,0,0,1,0

APPTR,D20-Z,20,D139L
IF,D139L,-33.036367,-60.601836, ,0.0,0.0,2,3000,0,0,0,0,1,0
AF,D102L,-32.918781,-60.544372,1,ROS,102.0,12.0,139.0,2,3000,0,0,0,0,0,0
AF,D081L,-32.846231,-60.554361,1,ROS,81.0,12.0,102.0,2,3000,0,0,0,0,0,0
AF,UTNUM,-32.739883,-60.646922,1,ROS,42.6,12.0,81.0,2,3000,0,0,0,0,0,0
AF,CD20Z,-32.705392,-60.760731,1,ROS,13.0,12.0,43.0,2,3000,0,0,0,0,1,0

APPTR,D20-Z,20,D288L
IF,D288L,-32.870008,-61.015244, ,0.0,0.0,2,3000,0,0,0,0,1,0
AF,NIBGO,-32.710428,-60.841372,2,ROS,353.4,12.0,288.0,2,3000,0,0,0,0,0,0
AF,D007L,-32.704661,-60.785525,2,ROS,7.0,12.0,353.0,2,3000,0,0,0,0,0,0
AF,CD20Z,-32.705392,-60.760731,2,ROS,13.0,12.0,7.0,2,3000,0,0,0,0,1,0

APPTR,D20-Z,20,NIBGO
IF,NIBGO,-32.710428,-60.841372, ,0.0,0.0,2,3000,0,0,0,0,1,0
AF,D007L,-32.704661,-60.785525,2,ROS,7.0,12.0,353.0,2,3000,0,0,0,0,0,0
AF,CD20Z,-32.705392,-60.760731,2,ROS,13.0,12.0,7.0,2,3000,0,0,0,0,1,0

APPTR,D20-Z,20,UTNUM
IF,UTNUM,-32.739883,-60.646922, ,0.0,0.0,2,3000,0,0,0,0,1,0
AF,CD20Z,-32.705392,-60.760731,1,ROS,13.0,12.0,43.0,2,3000,0,0,0,0,1,0

FINAL,D20-Z,20,D,3
IF,CD20Z,-32.705392,-60.760731,ROS,13.0,12.0,2,3000,0,0,0,0,0,0
CF,FD20,-32.791900,-60.769669,0,ROS,13.0,6.8,193.0,5.2,2,2000,0,0,0,0,2,0
CF,RW20,-32.890186,-60.781619,0,ROS,7.3,0.9,193.0,5.9,1,129,0,0,0,0,3,0
CA,0,193.0,2,490,0,0,0,0,0,0
FM,ROS,-32.905028,-60.781389,0,ROS,0.0,0.0,193.0,2,3000,0,0,0,0,0,0

APPTR,I20-X,20,ROS
IF,ROS,-32.905028,-60.781389, ,0.0,0.0,0,0,0,1,210,0,1,0
FD,ROS,-32.905028,-60.781389,0,ROS,0.0,9.9,36.0,9.9,2,2000,0,0,0,0,0,0
CF,CI20,-32.757292,-60.751444,1,RO,18.9,9.9,199.0,1.0,2,2000,0,0,0,0,1,0

FINAL,I20-X,20,I,3
IF,CI20,-32.757292,-60.751444,RO,18.9,9.9,2,2000,0,0,0,0,0,0
CF,FI20,-32.793808,-60.759725,0,RO,18.9,7.7,199.0,2.2,1,2000,0,0,0,0,2,0
CF,RW20,-32.890186,-60.781619,0,RO,18.9,1.8,199.0,5.9,1,129,0,0,0,0,3,0
VA,0,199.0,2,3000,0,0,0,0,0,0

APPTR,I20-Y,20,D007L
IF,D007L,-32.704661,-60.785525, ,0.0,0.0,2,3000,0,0,0,0,1,0
AF,D019L,-32.707594,-60.740183,2,ROS,18.0,12.0,7.0,0,0,0,0,0,0,0,0
CF,CI20,-32.757292,-60.751444,0,RO,18.9,9.9,199.0,3.0,2,2000,0,0,0,0,1,0

APPTR,I20-Y,20,D081L
IF,D081L,-32.846231,-60.554361, ,0.0,0.0,2,3000,0,0,0,0,1,0
AF,UTNUM,-32.739883,-60.646922,1,ROS,42.6,12.0,81.0,2,3000,0,0,0,0,0,0
AF,D019L,-32.707594,-60.740183,1,ROS,18.0,12.0,43.0,0,0,0,0,0,0,0,0
CF,CI20,-32.757292,-60.751444,0,RO,18.9,9.9,199.0,3.0,2,2000,0,0,0,0,1,0

APPTR,I20-Y,20,D102L
IF,D102L,-32.918781,-60.544372, ,0.0,0.0,2,3000,0,0,0,0,1,0
AF,D081L,-32.846231,-60.554361,1,ROS,81.0,12.0,102.0,2,3000,0,0,0,0,0,0
AF,UTNUM,-32.739883,-60.646922,1,ROS,42.6,12.0,81.0,2,3000,0,0,0,0,0,0
AF,D019L,-32.707594,-60.740183,1,ROS,18.0,12.0,43.0,0,0,0,0,0,0,0,0
CF,CI20,-32.757292,-60.751444,0,RO,18.9,9.9,199.0,3.0,2,2000,0,0,0,0,1,0

APPTR,I20-Y,20,D139L
IF,D139L,-33.036367,-60.601836, ,0.0,0.0,2,3000,0,0,0,0,1,0
AF,D102L,-32.918781,-60.544372,1,ROS,102.0,12.0,139.0,2,3000,0,0,0,0,0,0
AF,D081L,-32.846231,-60.554361,1,ROS,81.0,12.0,102.0,2,3000,0,0,0,0,0,0
AF,UTNUM,-32.739883,-60.646922,1,ROS,42.6,12.0,81.0,2,3000,0,0,0,0,0,0
AF,D019L,-32.707594,-60.740183,1,ROS,18.0,12.0,43.0,0,0,0,0,0,0,0,0
CF,CI20,-32.757292,-60.751444,0,RO,18.9,9.9,199.0,3.0,2,2000,0,0,0,0,1,0

APPTR,I20-Y,20,D288L
IF,D288L,-32.870008,-61.015244, ,0.0,0.0,2,3000,0,0,0,0,1,0
AF,NIBGO,-32.710428,-60.841372,2,ROS,353.4,12.0,288.0,2,3000,0,0,0,0,0,0
AF,D007L,-32.704661,-60.785525,2,ROS,7.0,12.0,353.0,2,3000,0,0,0,0,0,0
AF,D019L,-32.707594,-60.740183,2,ROS,18.0,12.0,7.0,0,0,0,0,0,0,0,0
CF,CI20,-32.757292,-60.751444,0,RO,18.9,9.9,199.0,3.0,2,2000,0,0,0,0,1,0

APPTR,I20-Y,20,NIBGO
IF,NIBGO,-32.710428,-60.841372, ,0.0,0.0,2,3000,0,0,0,0,1,0
AF,D007L,-32.704661,-60.785525,2,ROS,7.0,12.0,353.0,2,3000,0,0,0,0,0,0
AF,D019L,-32.707594,-60.740183,2,ROS,18.0,12.0,7.0,0,0,0,0,0,0,0,0
CF,CI20,-32.757292,-60.751444,0,RO,18.9,9.9,199.0,3.0,2,2000,0,0,0,0,1,0

APPTR,I20-Y,20,UTNUM
IF,UTNUM,-32.739883,-60.646922, ,0.0,0.0,2,3000,0,0,0,0,1,0
AF,D019L,-32.707594,-60.740183,1,ROS,18.0,12.0,43.0,0,0,0,0,0,0,0,0
CF,CI20,-32.757292,-60.751444,0,RO,18.9,9.9,199.0,3.0,2,2000,0,0,0,0,1,0

FINAL,I20-Y,20,I,3
IF,CI20,-32.757292,-60.751444,RO,18.9,9.9,2,2000,0,0,0,0,0,0
CF,FI20,-32.793808,-60.759725,0,RO,18.9,7.7,199.0,2.2,1,2000,0,0,0,0,2,0
CF,RW20,-32.890186,-60.781619,0,RO,18.9,1.8,199.0,5.9,1,129,0,0,0,0,3,0
VM,0,0,0,199.0,2,3000,0,0,0,0,0,0

APPTR,I20-Z,20,ATAGU
IF,ATAGU,-32.644169,-60.725800, ,0.0,0.0,2,3000,0,1,220,0,1,0
TF,VUSPO,-32.726181,-60.744372,0,RO,0.0,0.0,0.0,0.0,2,2000,0,1,180,0,1,0

APPTR,I20-Z,20,NIBGO
IF,NIBGO,-32.710428,-60.841372, ,0.0,0.0,2,3000,0,1,220,0,1,0
TF,VUSPO,-32.726181,-60.744372,0,RO,0.0,0.0,0.0,0.0,2,2000,0,1,180,0,1,0

APPTR,I20-Z,20,UTNUM
IF,UTNUM,-32.739883,-60.646922, ,0.0,0.0,2,3000,0,1,220,0,1,0
TF,VUSPO,-32.726181,-60.744372,0,RO,0.0,0.0,0.0,0.0,2,2000,0,1,180,0,1,0

FINAL,I20-Z,20,I,3
IF,VUSPO,-32.726181,-60.744372,RO,18.9,11.8,2,2000,0,1,180,0,0,0
CF,FI20,-32.793808,-60.759725,0,RO,18.9,7.7,199.0,4.1,1,2000,0,0,0,0,2,0
CF,RW20,-32.890186,-60.781619,0,RO,18.9,1.8,199.0,5.9,1,129,0,0,0,0,3,1
TF,EDMEL,-33.054178,-60.819006,0, ,0.0,0.0,0.0,0.0,2,1600,0,0,0,0,0,1
HM,EDMEL,-33.054178,-60.819006,1, ,0.0,0.0,19.0,04,2,3000,0,1,210,0,0,0,0

APPTR,R02,02,IMDAD
IF,IMDAD,-33.098731,-60.720444, ,0.0,0.0,2,3000,0,1,220,0,1,0
TF,SINIV,-33.064358,-60.821331,0, ,0.0,0.0,0.0,0.0,2,2000,0,1,180,0,1,0

APPTR,R02,02,REGUD
IF,REGUD,-33.054486,-60.939736, ,0.0,0.0,2,3000,0,1,220,0,1,0
TF,SINIV,-33.064358,-60.821331,0, ,0.0,0.0,0.0,0.0,2,2000,0,1,180,0,1,0

FINAL,R02,02,R,4
IF,SINIV,-33.064358,-60.821331, ,0.0,0.0,2,2000,0,1,180,0,0,0
TF,DOKMU,-33.012961,-60.809594,0, ,0.0,0.0,19.0,3.1,2,2000,0,0,0,0,2,0
TF,AR056,-32.955847,-60.796572,0, ,0.0,0.0,19.0,3.5,2,890,0,0,0,0,0,0
TF,RW02,-32.916767,-60.787669,0, ,0.0,0.0,19.0,2.4,1,133,0,0,0,0,3,1
TF,ATAGU,-32.644169,-60.725800,0, ,0.0,0.0,0.0,0.0,2,2800,0,0,0,0,0,1
HM,ATAGU,-32.644169,-60.725800,1, ,0.0,0.0,199.0,04,2,3000,0,1,210,0,0,0,0

APPTR,R20,20,ATAGU
IF,ATAGU,-32.644169,-60.725800, ,0.0,0.0,2,3000,0,1,220,0,1,0
TF,VUSPO,-32.726181,-60.744372,0, ,0.0,0.0,0.0,0.0,2,3000,0,1,180,0,1,0

APPTR,R20,20,NIBGO
IF,NIBGO,-32.710428,-60.841372, ,0.0,0.0,2,3000,0,1,220,0,1,0
TF,VUSPO,-32.726181,-60.744372,0, ,0.0,0.0,0.0,0.0,2,3000,0,1,180,0,1,0

APPTR,R20,20,UTNUM
IF,UTNUM,-32.739883,-60.646922, ,0.0,0.0,2,3000,0,1,220,0,1,0
TF,VUSPO,-32.726181,-60.744372,0, ,0.0,0.0,0.0,0.0,2,3000,0,1,180,0,1,0

FINAL,R20,20,R,3
IF,VUSPO,-32.726181,-60.744372, ,0.0,0.0,2,3000,0,1,180,0,0,0
TF,ESMOK,-32.793831,-60.759719,0, ,0.0,0.0,199.0,4.1,2,2000,0,0,0,0,2,0
TF,RW20,-32.890186,-60.781619,0, ,0.0,0.0,199.0,5.9,1,129,0,0,0,0,3,1
TF,EDMEL,-33.054178,-60.819006,0, ,0.0,0.0,0.0,0.0,2,1800,0,0,0,0,0,0
HM,EDMEL,-33.054178,-60.819006,1, ,0.0,0.0,19.0,04,2,3000,0,1,210,0,0,0,0

APPTR,S02-X,02,ROS
IF,ROS,-32.905028,-60.781389, ,0.0,0.0,0,0,0,1,210,0,1,0
FC,ROS,-32.905028,-60.781389,0,ROS,0.0,0.0,188.0,10.5,2,2000,0,0,0,0,0,1
CF,FS02X,-33.011319,-60.817564,2,ROS,204.0,6.6,24.0,4.0,2,2000,0,0,0,0,0,0

FINAL,S02-X,02,D,2
IF,FS02X,-33.011319,-60.817564,ROS,204.0,6.6,2,2000,0,0,0,0,2,0
CF,RW02,-32.916767,-60.787669,0,ROS,212.3,0.8,24.0,5.9,1,134,0,0,0,0,3,0
CF,ROS,-32.905028,-60.781389,0,ROS,0.0,0.0,24.0,0.8,0,0,0,0,0,0,0,1
FM,ROS,-32.905028,-60.781389,0,ROS,0.0,0.0,24.0,2,3000,0,0,0,0,0,0

APPTR,S20-X,20,ROS
IF,ROS,-32.905028,-60.781389, ,0.0,0.0,0,0,0,1,210,0,1,0
FC,ROS,-32.905028,-60.781389,0,ROS,0.0,0.0,29.0,10.5,2,2000,0,0,0,0,0,1
CF,FS20X,-32.792578,-60.769739,1,ROS,13.0,6.8,193.0,3.7,2,2000,0,0,0,0,0,0

FINAL,S20-X,20,D,2
IF,FS20X,-32.792578,-60.769739,ROS,13.0,6.8,2,2000,0,0,0,0,2,0
CF,RW20,-32.890186,-60.781619,0,ROS,7.3,0.9,193.0,5.9,1,129,0,0,0,0,3,0
CF,ROS,-32.905028,-60.781389,0,ROS,0.0,0.0,193.0,0.9,0,0,0,0,0,0,0,1
FM,ROS,-32.905028,-60.781389,0,ROS,0.0,0.0,193.0,2,3000,0,0,0,0,0,0

