SID,ATOV3B,13,1
CA,0,133.0,2,420,0,0,0,0,0,0
VI,1, ,0.0,40.0,0,0,0,0,0,0,0,0
CF,EZE19,-34.123333,-58.564722,0,FDO,11.8,19.7,334.0,25.0,0,0,0,0,0,0,0,0

SID,ATOV3B,31,1
CA,0,313.0,2,420,0,0,0,0,0,0
VI,0, ,0.0,40.0,0,0,0,0,0,0,0,0
CF,EZE19,-34.123333,-58.564722,0,FDO,11.8,19.7,334.0,20.0,0,0,0,0,0,0,0,0

SID,ATOV3B,ATOVO,3
IF,EZE19,-34.123333,-58.564722, ,0.0,0.0,0,0,0,0,0,0,0,0
TF,EZE20,-34.151389,-58.813611,0, ,0.0,0.0,0.0,0.0,0,0,0,0,0,0,0,0
TF,EZE26,-34.171111,-58.991667,0, ,0.0,0.0,0.0,0.0,0,0,0,0,0,0,0,0
TF,ATOVO,-34.061111,-59.150556,0, ,0.0,0.0,0.0,0.0,0,0,0,0,0,0,0,0

SID,BIVA3B,13,1
CA,0,133.0,2,420,0,0,0,0,0,0
VI,1, ,0.0,40.0,0,0,0,0,0,0,0,0
CF,EZE19,-34.123333,-58.564722,0,FDO,11.8,19.7,334.0,25.0,0,0,0,0,0,0,0,0

SID,BIVA3B,31,1
CA,0,313.0,2,420,0,0,0,0,0,0
VI,0, ,0.0,40.0,0,0,0,0,0,0,0,0
CF,EZE19,-34.123333,-58.564722,0,FDO,11.8,19.7,334.0,20.0,0,0,0,0,0,0,0,0

SID,BIVA3B,BIVAM,3
IF,EZE19,-34.123333,-58.564722, ,0.0,0.0,0,0,0,0,0,0,0,0
TF,EZE20,-34.151389,-58.813611,0, ,0.0,0.0,0.0,0.0,0,0,0,0,0,0,0,0
TF,BIVAM,-33.971111,-58.945556,0, ,0.0,0.0,0.0,0.0,0,0,0,0,0,0,0,0

SID,DORVO7,13,1
CA,0,133.0,2,420,0,0,0,0,0,0
VI,1, ,0.0,40.0,0,0,0,0,0,0,0,0
CF,AER14,-34.536667,-58.243056,0,FDO,115.9,17.7,114.0,5.0,0,0,0,0,0,0,0,0

SID,DORVO7,31,1
CA,0,313.0,2,420,0,0,0,0,0,0
VI,0, ,0.0,40.0,0,0,0,0,0,0,0,0
CF,AER14,-34.536667,-58.243056,0,FDO,115.9,17.7,114.0,10.0,0,0,0,0,0,0,0,0

SID,DORVO7,ALL,2
IF,AER14,-34.536667,-58.243056, ,0.0,0.0,0,0,0,0,0,0,0,0
TF,DORVO,-34.716111,-57.517222,0, ,0.0,0.0,0.0,0.0,0,0,0,0,0,0,0,0

SID,EZE8,13,1
CA,0,133.0,2,420,0,0,0,0,0,0
VI,0, ,0.0,99.0,0,0,0,0,0,0,0,0
CF,AER16,-34.624444,-58.246667,0,FDO,129.9,19.7,129.0,7.0,0,0,0,0,0,0,0,0

SID,EZE8,31,1
CA,0,313.0,2,420,0,0,0,0,0,0
VI,2, ,0.0,84.0,0,0,0,0,0,0,0,0
CF,AER14,-34.536667,-58.243056,0,FDO,114.9,17.7,114.0,9.0,0,0,0,0,0,0,0,0
TF,AER16,-34.624444,-58.246667,0, ,0.0,0.0,0.0,0.0,0,0,0,0,0,0,0,0

SID,EZE8,ALL,2
IF,AER16,-34.624444,-58.246667, ,0.0,0.0,0,0,0,0,0,0,0,0
TF,EZE,-34.824064,-58.535319,0, ,0.0,0.0,0.0,0.0,0,0,0,0,0,0,0,0

SID,EZE8,ASADA,3
IF,EZE,-34.824064,-58.535319, ,0.0,0.0,0,0,0,0,0,0,0,0
TF,EZE24,-35.006111,-58.838889,0, ,0.0,0.0,0.0,0.0,0,0,0,0,0,0,0,0
TF,EZE15,-35.018056,-59.289167,0, ,0.0,0.0,0.0,0.0,0,0,0,0,0,0,0,0
TF,ASADA,-35.025833,-59.625833,0, ,0.0,0.0,0.0,0.0,0,0,0,0,0,0,0,0

SID,EZE8,GBE,3
IF,EZE,-34.824064,-58.535319, ,0.0,0.0,0,0,0,0,0,0,0,0
TF,GBE,-35.750833,-58.464722,0, ,0.0,0.0,0.0,0.0,0,0,0,0,0,0,0,0

SID,EZE8,TORUL,3
IF,EZE,-34.824064,-58.535319, ,0.0,0.0,0,0,0,0,0,0,0,0
TF,EZE24,-35.006111,-58.838889,0, ,0.0,0.0,0.0,0.0,0,0,0,0,0,0,0,0
TF,GEBEM,-35.200278,-59.158889,0, ,0.0,0.0,0.0,0.0,0,0,0,0,0,0,0,0
TF,TORUL,-35.361667,-59.440000,0, ,0.0,0.0,0.0,0.0,0,0,0,0,0,0,0,0

SID,EZE8,URINO,3
IF,EZE,-34.824064,-58.535319, ,0.0,0.0,0,0,0,0,0,0,0,0
TF,EZE24,-35.006111,-58.838889,0, ,0.0,0.0,0.0,0.0,0,0,0,0,0,0,0,0
TF,EZE15,-35.018056,-59.289167,0, ,0.0,0.0,0.0,0.0,0,0,0,0,0,0,0,0
TF,URINO,-34.699722,-59.640833,0, ,0.0,0.0,0.0,0.0,0,0,0,0,0,0,0,0

SID,KUKEN7,13,1
CA,0,133.0,2,420,0,0,0,0,0,0
VR,1,FDO,97.0,40.0,0,0,0,0,0,0,0,0
VI,0, ,0.0,359.0,0,0,0,0,0,0,0,0
CF,KUKEN,-34.182778,-58.217222,0,FDO,57.7,24.3,29.0,11.0,0,0,0,0,0,0,0,0

SID,KUKEN7,31,1
CA,0,313.0,2,420,0,0,0,0,0,0
VI,0, ,0.0,40.0,0,0,0,0,0,0,0,0
CF,KUKEN,-34.182778,-58.217222,0,FDO,57.7,24.3,29.0,6.0,0,0,0,0,0,0,0,0

SID,LAND3B,13,1
CA,0,133.0,2,420,0,0,0,0,0,0
VI,1, ,0.0,40.0,0,0,0,0,0,0,0,0
CF,EZE19,-34.123333,-58.564722,0,FDO,11.8,19.7,334.0,25.0,0,0,0,0,0,0,0,0

SID,LAND3B,31,1
CA,0,313.0,2,420,0,0,0,0,0,0
VI,0, ,0.0,40.0,0,0,0,0,0,0,0,0
CF,EZE19,-34.123333,-58.564722,0,FDO,11.8,19.7,334.0,20.0,0,0,0,0,0,0,0,0

SID,LAND3B,LANDA,3
IF,EZE19,-34.123333,-58.564722, ,0.0,0.0,0,0,0,0,0,0,0,0
TF,LANDA,-33.908056,-58.575278,0, ,0.0,0.0,0.0,0.0,0,0,0,0,0,0,0,0

SID,PAL8,13,1
VA,0,133.0,2,800,0,0,0,0,0,0
VD, ,0,0,0,PAL,0.0,0.0,70.0,15.5,0,0,0,0,0,0,0,0
CF,PAL,-34.611656,-58.613803,1,PAL,0.0,0.0,250.0,15.5,0,0,0,0,0,0,0,0

SID,PAL8,31,1
VA,0,313.0,2,800,0,0,0,0,0,0
VD, ,0,0,0,PAL,0.0,0.0,40.0,15.5,0,0,0,0,0,0,0,0
CF,PAL,-34.611656,-58.613803,2,PAL,0.0,0.0,250.0,15.5,0,0,0,0,0,0,0,0

SID,PAL8,GBE,3
IF,PAL,-34.611656,-58.613803, ,0.0,0.0,0,0,0,0,0,0,0,0
TF,EZE,-34.824064,-58.535319,0, ,0.0,0.0,0.0,0.0,0,0,0,0,0,0,0,0
TF,GBE,-35.750833,-58.464722,0, ,0.0,0.0,0.0,0.0,0,0,0,0,0,0,0,0

SID,PAL8,NEPIS,3
IF,PAL,-34.611656,-58.613803, ,0.0,0.0,0,0,0,0,0,0,0,0
TF,NEPIS,-34.571111,-59.600556,0, ,0.0,0.0,0.0,0.0,0,0,0,0,0,0,0,0

SID,PAL8,TORUL,3
IF,PAL,-34.611656,-58.613803, ,0.0,0.0,0,0,0,0,0,0,0,0
TF,EZE,-34.824064,-58.535319,0, ,0.0,0.0,0.0,0.0,0,0,0,0,0,0,0,0
TF,GEBEM,-35.200278,-59.158889,0, ,0.0,0.0,0.0,0.0,0,0,0,0,0,0,0,0
TF,TORUL,-35.361667,-59.440000,0, ,0.0,0.0,0.0,0.0,0,0,0,0,0,0,0,0

SID,PTA7,13,1
CA,0,133.0,2,420,0,0,0,0,0,0
VI,1, ,0.0,40.0,0,0,0,0,0,0,0,0
CF,AER14,-34.536667,-58.243056,0,FDO,115.9,17.7,114.0,5.0,0,0,0,0,0,0,0,0

SID,PTA7,31,1
CA,0,313.0,2,420,0,0,0,0,0,0
VI,0, ,0.0,40.0,0,0,0,0,0,0,0,0
CF,AER14,-34.536667,-58.243056,0,FDO,115.9,17.7,114.0,10.0,0,0,0,0,0,0,0,0

SID,PTA7,ALL,2
IF,AER14,-34.536667,-58.243056, ,0.0,0.0,0,0,0,0,0,0,0,0
TF,PTA,-34.975833,-57.898333,0, ,0.0,0.0,0.0,0.0,0,0,0,0,0,0,0,0

SID,PTA7,GBE,3
IF,PTA,-34.975833,-57.898333, ,0.0,0.0,0,0,0,0,0,0,0,0
TF,GBE,-35.750833,-58.464722,0, ,0.0,0.0,0.0,0.0,0,0,0,0,0,0,0,0

SID,PTA7,KOVUK,3
IF,PTA,-34.975833,-57.898333, ,0.0,0.0,0,0,0,0,0,0,0,0
TF,KOVUK,-35.199444,-57.520556,0, ,0.0,0.0,0.0,0.0,0,0,0,0,0,0,0,0

SID,PTA7,TEDAR,3
IF,PTA,-34.975833,-57.898333, ,0.0,0.0,0,0,0,0,0,0,0,0
TF,TEDAR,-35.449444,-57.717222,0, ,0.0,0.0,0.0,0.0,0,0,0,0,0,0,0,0

SID,SURBO7,13,1
CA,0,133.0,2,420,0,0,0,0,0,0
VI,1, ,0.0,40.0,0,0,0,0,0,0,0,0
CF,FDO27,-34.449892,-58.044533,0,FDO,99.0,26.8,97.0,12.0,0,0,0,0,0,0,0,0

SID,SURBO7,31,1
CA,0,313.0,2,420,0,0,0,0,0,0
VI,0, ,0.0,40.0,0,0,0,0,0,0,0,0
CF,FDO27,-34.449892,-58.044533,0,FDO,99.0,26.8,97.0,18.0,0,0,0,0,0,0,0,0

SID,SURBO7,PAPIX,3
IF,FDO27,-34.449892,-58.044533, ,0.0,0.0,0,0,0,0,0,0,0,0
TF,PAPIX,-34.416111,-58.000556,0, ,0.0,0.0,0.0,0.0,0,0,0,0,0,0,0,0

SID,SURBO7,SURBO,3
IF,FDO27,-34.449892,-58.044533, ,0.0,0.0,0,0,0,0,0,0,0,0
TF,SURBO,-34.449444,-57.960556,0, ,0.0,0.0,0.0,0.0,0,0,0,0,0,0,0,0

STAR,ASAD7D,31,2
IF,ASADA,-35.025833,-59.625833, ,0.0,0.0,0,0,0,0,0,0,0,0
TF,AER60,-35.614167,-58.686389,0, ,0.0,0.0,0.0,0.0,0,0,0,0,0,0,0,0
TF,PTA,-34.975833,-57.898333,0, ,0.0,0.0,0.0,0.0,0,0,0,0,0,0,0,0
TF,ILM,-34.710833,-58.240278,0, ,0.0,0.0,0.0,0.0,0,0,0,0,0,0,0,0

STAR,ASAD8Q,13,5
IF,ASADA,-35.025833,-59.625833, ,0.0,0.0,0,0,0,0,0,0,0,0
TF,AER52,-34.907500,-58.977778,0, ,0.0,0.0,0.0,0.0,0,0,0,0,0,0,0,0
TF,ARSOT,-34.760278,-58.897500,0, ,0.0,0.0,0.0,0.0,0,0,0,0,0,0,0,0
TF,TRINI,-34.562778,-58.790556,0, ,0.0,0.0,0.0,0.0,0,0,0,0,0,0,0,0
TF,VANAR,-34.324444,-58.762222,0, ,0.0,0.0,0.0,0.0,2,5000,0,0,0,0,0,0

STAR,ASAD8R,31,5
IF,ASADA,-35.025833,-59.625833, ,0.0,0.0,0,0,0,0,0,0,0,0
TF,BE218,-34.757464,-59.139336,0, ,0.0,0.0,0.0,0.0,0,0,0,0,0,0,0,0
TF,TRINI,-34.562778,-58.790556,0, ,0.0,0.0,0.0,0.0,0,0,0,0,0,0,0,0
TF,PAL,-34.611656,-58.613803,0, ,0.0,0.0,0.0,0.0,2,6000,0,0,0,0,0,0
TF,ILM,-34.710833,-58.240278,0, ,0.0,0.0,0.0,0.0,2,3000,0,1,220,0,0,0

STAR,GBE7D,31,2
IF,GBE,-35.750833,-58.464722, ,0.0,0.0,0,0,0,0,0,0,0,0
TF,PTA,-34.975833,-57.898333,0, ,0.0,0.0,0.0,0.0,0,0,0,0,0,0,0,0
TF,ILM,-34.710833,-58.240278,0, ,0.0,0.0,0.0,0.0,0,0,0,0,0,0,0,0

STAR,GBE7R,31,5
IF,GBE,-35.750833,-58.464722, ,0.0,0.0,0,0,0,0,0,0,0,0
TF,PTA,-34.975833,-57.898333,0, ,0.0,0.0,0.0,0.0,0,0,0,0,0,0,0,0
TF,ENPID,-34.704808,-58.153872,0, ,0.0,0.0,0.0,0.0,2,3000,0,1,220,0,0,0

STAR,GBE8Q,13,5
IF,GBE,-35.750833,-58.464722, ,0.0,0.0,0,0,0,0,0,0,0,0
TF,TRINI,-34.562778,-58.790556,0, ,0.0,0.0,0.0,0.0,0,0,0,0,0,0,0,0
TF,VANAR,-34.324444,-58.762222,0, ,0.0,0.0,0.0,0.0,2,5000,0,0,0,0,0,0

STAR,KOVU7D,31,2
IF,KOVUK,-35.199444,-57.520556, ,0.0,0.0,0,0,0,0,0,0,0,0
TF,PTA,-34.975833,-57.898333,0, ,0.0,0.0,0.0,0.0,0,0,0,0,0,0,0,0
TF,ILM,-34.710833,-58.240278,0, ,0.0,0.0,0.0,0.0,0,0,0,0,0,0,0,0

STAR,KOVU8Q,13,5
IF,KOVUK,-35.199444,-57.520556, ,0.0,0.0,0,0,0,0,0,0,0,0
TF,PTA,-34.975833,-57.898333,0, ,0.0,0.0,0.0,0.0,0,0,0,0,0,0,0,0
TF,EZE,-34.824064,-58.535319,0, ,0.0,0.0,0.0,0.0,0,0,0,0,0,0,0,0
TF,TRINI,-34.562778,-58.790556,0, ,0.0,0.0,0.0,0.0,0,0,0,0,0,0,0,0
TF,VANAR,-34.324444,-58.762222,0, ,0.0,0.0,0.0,0.0,2,5000,0,0,0,0,0,0

STAR,KUKE2Q,13,5
IF,KUKEN,-34.182778,-58.217222, ,0.0,0.0,0,0,0,0,0,0,0,0
TF,VANAR,-34.324444,-58.762222,0, ,0.0,0.0,0.0,0.0,2,5000,0,0,0,0,0,0

STAR,PAGO7D,31,2
IF,PAGON,-33.921111,-58.720556, ,0.0,0.0,0,0,0,0,0,0,0,0
TF,VANAR,-34.324444,-58.762222,0, ,0.0,0.0,0.0,0.0,0,0,0,0,0,0,0,0
TF,ENO,-34.562778,-58.790556,0, ,0.0,0.0,0.0,0.0,0,0,0,0,0,0,0,0
TF,ENO28,-34.802567,-58.304800,0, ,0.0,0.0,0.0,0.0,0,0,0,0,0,0,0,0
TF,ILM,-34.710833,-58.240278,0, ,0.0,0.0,0.0,0.0,0,0,0,0,0,0,0,0

STAR,PAGO8Q,13,5
IF,PAGON,-33.921111,-58.720556, ,0.0,0.0,0,0,0,0,0,0,0,0
TF,VANAR,-34.324444,-58.762222,0, ,0.0,0.0,0.0,0.0,2,5000,0,0,0,0,0,0

STAR,PAGO8R,31,5
IF,PAGON,-33.921111,-58.720556, ,0.0,0.0,0,0,0,0,0,0,0,0
TF,TRINI,-34.562778,-58.790556,0, ,0.0,0.0,0.0,0.0,0,0,0,0,0,0,0,0
TF,PAL,-34.611656,-58.613803,0, ,0.0,0.0,0.0,0.0,2,6000,0,0,0,0,0,0
TF,ILM,-34.710833,-58.240278,0, ,0.0,0.0,0.0,0.0,2,3000,0,1,220,0,0,0

STAR,PAPI1R,31,5
IF,PAPIX,-34.416111,-58.000556, ,0.0,0.0,0,0,0,0,0,0,0,0
TF,VERAS,-34.593489,-58.174119,0, ,0.0,0.0,0.0,0.0,2,3000,0,1,220,0,0,0

STAR,PAPI2Q,13,5
IF,PAPIX,-34.416111,-58.000556, ,0.0,0.0,0,0,0,0,0,0,0,0
TF,PAL,-34.611656,-58.613803,0, ,0.0,0.0,0.0,0.0,0,0,0,0,0,0,0,0
TF,TRINI,-34.562778,-58.790556,0, ,0.0,0.0,0.0,0.0,0,0,0,0,0,0,0,0
TF,VANAR,-34.324444,-58.762222,0, ,0.0,0.0,0.0,0.0,2,5000,0,0,0,0,0,0

STAR,SNT7D,31,2
IF,SNT,-34.222222,-59.441389, ,0.0,0.0,0,0,0,0,0,0,0,0
TF,ENO,-34.562778,-58.790556,0, ,0.0,0.0,0.0,0.0,0,0,0,0,0,0,0,0
TF,ENO28,-34.802567,-58.304800,0, ,0.0,0.0,0.0,0.0,0,0,0,0,0,0,0,0
TF,ILM,-34.710833,-58.240278,0, ,0.0,0.0,0.0,0.0,0,0,0,0,0,0,0,0

STAR,SNT8Q,13,5
IF,SNT,-34.222222,-59.441389, ,0.0,0.0,0,0,0,0,0,0,0,0
TF,VANAR,-34.324444,-58.762222,0, ,0.0,0.0,0.0,0.0,2,5000,0,0,0,0,0,0

STAR,SNT8R,31,5
IF,SNT,-34.222222,-59.441389, ,0.0,0.0,0,0,0,0,0,0,0,0
TF,TRINI,-34.562778,-58.790556,0, ,0.0,0.0,0.0,0.0,0,0,0,0,0,0,0,0
TF,PAL,-34.611656,-58.613803,0, ,0.0,0.0,0.0,0.0,2,6000,0,0,0,0,0,0
TF,ILM,-34.710833,-58.240278,0, ,0.0,0.0,0.0,0.0,2,3000,0,1,220,0,0,0

STAR,SURB2B,31,2
IF,SURBO,-34.449444,-57.960556, ,0.0,0.0,0,0,0,0,0,0,0,0
TF,ILM,-34.710833,-58.240278,0, ,0.0,0.0,0.0,0.0,0,0,0,0,0,0,0,0

STAR,SURB8Q,13,5
IF,SURBO,-34.449444,-57.960556, ,0.0,0.0,0,0,0,0,0,0,0,0
TF,VANAR,-34.324444,-58.762222,0, ,0.0,0.0,0.0,0.0,2,5000,0,0,0,0,0,0

STAR,TENI7D,31,2
IF,TENIL,-35.541111,-57.833889, ,0.0,0.0,0,0,0,0,0,0,0,0
TF,PTA,-34.975833,-57.898333,0, ,0.0,0.0,0.0,0.0,0,0,0,0,0,0,0,0
TF,ILM,-34.710833,-58.240278,0, ,0.0,0.0,0.0,0.0,0,0,0,0,0,0,0,0

STAR,TENI7R,31,5
IF,TENIL,-35.541111,-57.833889, ,0.0,0.0,0,0,0,0,0,0,0,0
TF,PTA,-34.975833,-57.898333,0, ,0.0,0.0,0.0,0.0,0,0,0,0,0,0,0,0
TF,ENPID,-34.704808,-58.153872,0, ,0.0,0.0,0.0,0.0,2,3000,0,1,220,0,0,0

STAR,TENI8Q,13,5
IF,TENIL,-35.541111,-57.833889, ,0.0,0.0,0,0,0,0,0,0,0,0
TF,PTA,-34.975833,-57.898333,0, ,0.0,0.0,0.0,0.0,0,0,0,0,0,0,0,0
TF,EZE,-34.824064,-58.535319,0, ,0.0,0.0,0.0,0.0,0,0,0,0,0,0,0,0
TF,TRINI,-34.562778,-58.790556,0, ,0.0,0.0,0.0,0.0,0,0,0,0,0,0,0,0
TF,VANAR,-34.324444,-58.762222,0, ,0.0,0.0,0.0,0.0,2,5000,0,0,0,0,0,0

STAR,UGIM7D,31,2
IF,UGIMI,-34.982778,-56.883889, ,0.0,0.0,0,0,0,0,0,0,0,0
TF,ESLAN,-34.981944,-57.084722,0, ,0.0,0.0,0.0,0.0,0,0,0,0,0,0,0,0
TF,PTA,-34.975833,-57.898333,0, ,0.0,0.0,0.0,0.0,0,0,0,0,0,0,0,0
TF,ILM,-34.710833,-58.240278,0, ,0.0,0.0,0.0,0.0,0,0,0,0,0,0,0,0

STAR,UGIM7R,31,5
IF,UGIMI,-34.982778,-56.883889, ,0.0,0.0,0,0,0,0,0,0,0,0
TF,PTA,-34.975833,-57.898333,0, ,0.0,0.0,0.0,0.0,0,0,0,0,0,0,0,0
TF,ENPID,-34.704808,-58.153872,0, ,0.0,0.0,0.0,0.0,2,3000,0,1,220,0,0,0

STAR,UGIM8Q,13,5
IF,UGIMI,-34.982778,-56.883889, ,0.0,0.0,0,0,0,0,0,0,0,0
TF,PTA,-34.975833,-57.898333,0, ,0.0,0.0,0.0,0.0,0,0,0,0,0,0,0,0
TF,EZE,-34.824064,-58.535319,0, ,0.0,0.0,0.0,0.0,0,0,0,0,0,0,0,0
TF,TRINI,-34.562778,-58.790556,0, ,0.0,0.0,0.0,0.0,0,0,0,0,0,0,0,0
TF,VANAR,-34.324444,-58.762222,0, ,0.0,0.0,0.0,0.0,2,5000,0,0,0,0,0,0

STAR,VALO7D,31,2
IF,VALOS,-35.457778,-59.350556, ,0.0,0.0,0,0,0,0,0,0,0,0
TF,AER61,-35.659722,-58.743333,0, ,0.0,0.0,0.0,0.0,0,0,0,0,0,0,0,0
TF,AER60,-35.614167,-58.686389,0, ,0.0,0.0,0.0,0.0,0,0,0,0,0,0,0,0
TF,PTA,-34.975833,-57.898333,0, ,0.0,0.0,0.0,0.0,0,0,0,0,0,0,0,0
TF,ILM,-34.710833,-58.240278,0, ,0.0,0.0,0.0,0.0,0,0,0,0,0,0,0,0

STAR,VALO8R,31,5
IF,VALOS,-35.457778,-59.350556, ,0.0,0.0,0,0,0,0,0,0,0,0
TF,BE109,-35.176033,-58.508678,0, ,0.0,0.0,0.0,0.0,0,0,0,0,0,0,0,0
TF,PTA,-34.975833,-57.898333,0, ,0.0,0.0,0.0,0.0,0,0,0,0,0,0,0,0
TF,ENPID,-34.704808,-58.153872,1, ,0.0,0.0,0.0,0.0,2,3000,0,1,220,0,0,0

STAR,VALO9Q,13,5
IF,VALOS,-35.457778,-59.350556, ,0.0,0.0,0,0,0,0,0,0,0,0
TF,GEBEM,-35.200278,-59.158889,0, ,0.0,0.0,0.0,0.0,0,0,0,0,0,0,0,0
TF,AER52,-34.907500,-58.977778,0, ,0.0,0.0,0.0,0.0,0,0,0,0,0,0,0,0
TF,ARSOT,-34.760278,-58.897500,0, ,0.0,0.0,0.0,0.0,0,0,0,0,0,0,0,0
TF,TRINI,-34.562778,-58.790556,0, ,0.0,0.0,0.0,0.0,0,0,0,0,0,0,0,0
TF,VANAR,-34.324444,-58.762222,0, ,0.0,0.0,0.0,0.0,2,5000,0,0,0,0,0,0

APPTR,D13,13,VANAR
IF,VANAR,-34.324444,-58.762222, ,0.0,0.0,2,5000,0,0,0,0,1,0
TF,D320B,-34.429661,-58.614653,0, ,0.0,0.0,0.0,0.0,2,3000,0,0,0,0,0,0
TF,FDO,-34.451411,-58.584072,0, ,0.0,0.0,0.0,0.0,2,3000,0,0,0,0,1,0

FINAL,D13,13,D,4
IF,FDO,-34.451411,-58.584072,FDO,0.0,0.0,2,3000,0,0,0,0,0,0
CF,FD13,-34.501750,-58.506206,0,FDO,137.0,4.9,137.0,4.9,2,1700,0,0,0,0,2,0
CF,64VOR,-34.517150,-58.482350,0,FDO,137.0,6.4,137.0,1.5,2,1220,0,0,0,0,0,0
CF,RW13,-34.553933,-58.425253,0,FDO,137.0,10.0,137.0,3.6,1,70,0,0,0,0,3,0
CA,0,137.0,2,900,0,0,0,0,0,0
VM,0,0,0,107.0,2,3000,0,0,0,0,0,0

APPTR,I13-X,13,VANAR
IF,VANAR,-34.324444,-58.762222, ,0.0,0.0,2,5000,0,0,0,0,1,0
TF,BE176,-34.436075,-58.623389,0, ,0.0,0.0,0.0,0.0,2,3000,0,0,0,0,0,0
TF,MUPER,-34.459303,-58.594431,0,AE,0.0,0.0,0.0,0.0,1,3000,0,0,0,0,1,0

FINAL,I13-X,13,I,3
IF,MUPER,-34.459303,-58.594431,AE,313.0,11.5,1,3000,0,0,0,0,0,0
CF,FF13,-34.506094,-58.510847,0,AE,313.0,6.5,133.0,5.0,1,1700,0,0,0,0,2,0
CF,RW13,-34.553933,-58.425253,0,AE,313.0,1.4,133.0,5.1,1,70,0,0,0,0,3,1
CF,BE076,-34.578400,-58.381386,0,FDO,136.2,12.6,133.0,2.6,0,0,0,0,0,0,0,1
TF,VERAS,-34.593489,-58.174119,0, ,0.0,0.0,0.0,0.0,2,2200,0,0,0,0,0,1
HM,VERAS,-34.593489,-58.174119,2, ,0.0,0.0,229.0,04,2,3000,0,1,210,0,0,0,0

APPTR,I13-Y,13,VANAR
IF,VANAR,-34.324444,-58.762222, ,0.0,0.0,2,5000,0,0,0,0,1,0
TF,D320B,-34.429661,-58.614653,0, ,0.0,0.0,0.0,0.0,2,3000,0,0,0,0,0,0
TF,FDO,-34.451411,-58.584072,0, ,0.0,0.0,0.0,0.0,1,3000,0,0,0,0,1,0
CF,CF13Y,-34.506283,-58.510508,0,AE,313.0,6.5,141.0,4.9,2,1700,0,0,0,0,0,0

FINAL,I13-Y,13,I,3
IF,CF13Y,-34.506283,-58.510508,AE,313.0,6.5,2,1700,0,0,0,0,0,0
CF,FF13Y,-34.520303,-58.485442,0,AE,313.0,5.0,133.0,1.5,1,1220,0,0,0,0,2,0
CF,RW13,-34.553933,-58.425253,0,AE,313.0,1.4,133.0,3.6,1,70,0,0,0,0,3,0
VA,0,133.0,2,800,0,0,0,0,0,0
VM,0,0,0,107.0,2,3000,0,0,0,0,0,0

APPTR,I13-Z,13,VANAR
IF,VANAR,-34.324444,-58.762222, ,0.0,0.0,2,5000,0,0,0,0,1,0
TF,BE176,-34.436075,-58.623389,0, ,0.0,0.0,0.0,0.0,2,3000,0,0,0,0,0,0
TF,MUPER,-34.459303,-58.594431,0,AE,0.0,0.0,0.0,0.0,1,3000,0,0,0,0,1,0

FINAL,I13-Z,13,I,3
IF,MUPER,-34.459303,-58.594431,AE,313.0,11.5,1,3000,0,0,0,0,0,0
CF,FF13,-34.506094,-58.510847,0,AE,313.0,6.5,133.0,5.0,1,1700,0,0,0,0,2,0
CF,RW13,-34.553933,-58.425253,0,AE,313.0,1.4,133.0,5.1,1,70,0,0,0,0,3,1
CF,BE076,-34.578400,-58.381386,0,FDO,136.2,12.6,133.0,2.6,0,0,0,0,0,0,0,1
TF,VERAS,-34.593489,-58.174119,0, ,0.0,0.0,0.0,0.0,2,2200,0,0,0,0,0,1
HM,VERAS,-34.593489,-58.174119,2, ,0.0,0.0,229.0,04,2,3000,0,1,210,0,0,0,0

APPTR,L13-Y,13,VANAR
IF,VANAR,-34.324444,-58.762222, ,0.0,0.0,2,5000,0,0,0,0,1,0
TF,D320B,-34.429661,-58.614653,0, ,0.0,0.0,0.0,0.0,2,3000,0,0,0,0,0,0
TF,FDO,-34.451411,-58.584072,0, ,0.0,0.0,0.0,0.0,1,3000,0,0,0,0,1,0
CF,CF13Y,-34.506283,-58.510508,0,AE,313.0,6.5,141.0,4.9,2,1700,0,0,0,0,0,0

FINAL,L13-Y,13,D,3
IF,CF13Y,-34.506283,-58.510508,AE,313.0,6.5,2,1700,0,0,0,0,0,0
CF,FF13Y,-34.520303,-58.485442,0,AE,313.0,5.0,133.0,1.5,2,1220,0,0,0,0,2,0
CF,RW13,-34.553933,-58.425253,0,AE,313.0,1.4,133.0,3.6,1,70,0,0,0,0,3,0
VA,0,133.0,2,800,0,0,0,0,0,0
VM,0,0,0,107.0,2,3000,0,0,0,0,0,0

APPTR,Q31,31,ILM
IF,ILM,-34.710833,-58.240278, ,0.0,0.0,2,2500,0,0,0,0,1,0
TF,FQ31,-34.631300,-58.285642,0, ,0.0,0.0,0.0,0.0,2,2000,0,0,0,0,0,0

FINAL,Q31,31,N,3
IF,FQ31,-34.631300,-58.285642,N,0.0,0.0,2,2000,0,0,0,0,2,0
CF,DME16,-34.610767,-58.322517,0,N,0.0,0.0,313.0,2.2,2,1420,0,0,0,0,0,0
CF,N,-34.584917,-58.368889,0,FDO,0.0,13.3,313.0,2.8,1,673,0,0,0,0,3,0
VI,2, ,0.0,85.0,0,0,0,0,0,0,0,0
FM,FDO,-34.451411,-58.584072,0,FDO,0.0,0.0,115.0,2,3000,0,0,0,0,0,0

APPTR,R13-Z,13,VANAR
IF,VANAR,-34.324444,-58.762222, ,0.0,0.0,2,5000,0,0,0,0,1,0
TF,BE176,-34.436075,-58.623389,0, ,0.0,0.0,0.0,0.0,2,3000,0,0,0,0,0,0
TF,MUPER,-34.459303,-58.594431,0, ,0.0,0.0,0.0,0.0,2,3000,0,0,0,0,1,0

FINAL,R13-Z,13,R,3
IF,MUPER,-34.459303,-58.594431, ,0.0,0.0,2,3000,0,0,0,0,0,0
TF,KABIS,-34.506067,-58.510931,0, ,0.0,0.0,133.0,5.0,2,1700,0,0,0,0,2,0
TF,RW13,-34.553933,-58.425253,0, ,0.0,0.0,133.0,5.1,1,69,0,0,0,0,3,1
CF,BE076,-34.578400,-58.381386,0,FDO,136.2,12.6,133.0,2.6,0,0,0,0,0,0,0,0
TF,VERAS,-34.593489,-58.174119,0, ,0.0,0.0,0.0,0.0,2,2200,0,0,0,0,0,1
HM,VERAS,-34.593489,-58.174119,2, ,0.0,0.0,229.0,04,2,3000,0,1,210,0,0,0,0

APPTR,R31-Z,31,ENPID
IF,ENPID,-34.704808,-58.153872, ,0.0,0.0,2,3000,0,1,220,0,1,0
TF,FUSCA,-34.658289,-58.237772,0, ,0.0,0.0,0.0,0.0,2,2500,0,1,185,0,1,0

APPTR,R31-Z,31,ILM
IF,ILM,-34.710833,-58.240278, ,0.0,0.0,2,3000,0,1,220,0,1,0
TF,FUSCA,-34.658289,-58.237772,0, ,0.0,0.0,0.0,0.0,2,2500,0,1,185,0,1,0

APPTR,R31-Z,31,VERAS
IF,VERAS,-34.593489,-58.174119, ,0.0,0.0,2,3000,0,1,220,0,1,0
TF,FUSCA,-34.658289,-58.237772,0, ,0.0,0.0,0.0,0.0,2,2500,0,1,185,0,1,0

FINAL,R31-Z,31,R,3
IF,FUSCA,-34.658289,-58.237772, ,0.0,0.0,2,2500,0,1,185,0,0,0
TF,SIKED,-34.611711,-58.321581,0, ,0.0,0.0,313.0,5.0,2,1700,0,0,0,0,2,0
TF,RW31,-34.563881,-58.407428,0, ,0.0,0.0,313.0,5.1,1,67,0,0,0,0,3,1
CF,BE920,-34.545181,-58.440942,0,FDO,137.4,9.1,313.0,2.0,0,0,0,0,0,0,0,1
DF,VERAS,-34.593489,-58.174119,2, ,0.0,0.0,2,3000,0,0,0,0,0,1
HM,VERAS,-34.593489,-58.174119,2, ,0.0,0.0,229.0,04,2,3000,0,1,210,0,0,0,0

