SID,ASEMI1,01,1
VA,0,5.0,2,2100,0,0,0,0,0,0
VI,2, ,0.0,180.0,0,0,0,0,0,0,0,0
CF,ASEMI,-31.396944,-64.082500,0,CBA,134.9,8.0,135.0,3.0,3,4500,0,0,0,0,0,0

SID,ASEMI1,19,1
VA,0,185.0,2,2100,0,0,0,0,0,0
VI,0, ,0.0,105.0,0,0,0,0,0,0,0,0
CF,ASEMI,-31.396944,-64.082500,0,CBA,134.9,8.0,135.0,5.0,3,4500,0,0,0,0,0,0

SID,ASEMI1,SIMES,3
IF,ASEMI,-31.396944,-64.082500, ,0.0,0.0,3,4500,0,0,0,0,0,0
VI,0, ,0.0,163.0,0,0,0,0,0,0,0,0
CF,SIMES,-32.051667,-63.564444,0,CBA,149.7,55.0,149.0,45.0,0,0,0,0,0,0,0,0

SID,ASEMI1,UTRAX,3
IF,ASEMI,-31.396944,-64.082500, ,0.0,0.0,3,4500,0,0,0,0,0,0
TF,UTRAX,-31.886111,-63.364722,0, ,0.0,0.0,0.0,0.0,0,0,0,0,0,0,0,0

SID,GENAS1,01,1
VA,0,5.0,2,2100,0,0,0,0,0,0
VI,2, ,0.0,150.0,0,0,0,0,0,0,0,0
CF,D105H,-31.335908,-64.050286,0,CBA,105.8,8.0,105.0,3.0,3,4500,0,0,0,0,0,0

SID,GENAS1,19,1
VA,0,185.0,2,2100,0,0,0,0,0,0
VI,1, ,0.0,75.0,0,0,0,0,0,0,0,0
CF,D105H,-31.335908,-64.050286,0,CBA,105.8,8.0,105.0,3.0,3,4500,0,0,0,0,0,0

SID,GENAS1,GENAS,3
IF,D105H,-31.335908,-64.050286, ,0.0,0.0,3,4500,0,0,0,0,0,0
TF,GENAS,-31.465278,-63.147500,0, ,0.0,0.0,0.0,0.0,0,0,0,0,0,0,0,0

SID,IRAVO1,01,1
VA,0,5.0,2,2100,0,0,0,0,0,0
VI,2, ,0.0,103.0,0,0,0,0,0,0,0,0
CF,IRAVO,-31.263333,-64.059722,0,CBA,74.1,8.0,73.0,4.0,1,4500,0,0,0,0,0,0

SID,IRAVO1,19,1
VA,0,185.0,2,2100,0,0,0,0,0,0
VI,1, ,0.0,28.0,0,0,0,0,0,0,0,0
CF,IRAVO,-31.263333,-64.059722,0,CBA,74.1,8.0,73.0,3.0,1,4500,0,0,0,0,0,0

SID,IRAVO1,ALDEX,3
IF,IRAVO,-31.263333,-64.059722, ,0.0,0.0,1,4500,0,0,0,0,0,0
CI,0, ,0.0,73.0,0,0,0,0,0,0,0,0
AF,D053J,-31.199222,-64.061572,1,CBA,53.0,10.0,73.0,2,6000,0,0,0,0,0,0
AF,D004J,-31.146250,-64.209289,1,CBA,4.4,10.0,53.0,2,8000,0,0,0,0,0,0
AF,D252J,-31.376900,-64.383619,1,CBA,253.5,10.0,4.0,0,0,0,0,0,0,0,0
TF,ALDEX,-31.660278,-65.196389,0, ,0.0,0.0,0.0,0.0,0,0,0,0,0,0,0,0

SID,IRAVO1,DONKA,3
IF,IRAVO,-31.263333,-64.059722, ,0.0,0.0,1,4500,0,0,0,0,0,0
CI,0, ,0.0,73.0,0,0,0,0,0,0,0,0
AF,D053J,-31.199222,-64.061572,1,CBA,53.0,10.0,73.0,2,6000,0,0,0,0,0,0
AF,D004J,-31.146250,-64.209289,1,CBA,4.4,10.0,53.0,2,8000,0,0,0,0,0,0
AF,D355J,-31.148875,-64.238464,1,CBA,355.7,10.0,4.0,0,0,0,0,0,0,0,0
TF,DONKA,-30.409167,-64.393333,0, ,0.0,0.0,0.0,0.0,0,0,0,0,0,0,0,0

SID,IRAVO1,ETEPO,3
IF,IRAVO,-31.263333,-64.059722, ,0.0,0.0,1,4500,0,0,0,0,0,0
CI,0, ,0.0,73.0,0,0,0,0,0,0,0,0
AF,D053J,-31.199222,-64.061572,1,CBA,53.0,10.0,73.0,2,6000,0,0,0,0,0,0
AF,D004J,-31.146250,-64.209289,1,CBA,4.4,10.0,53.0,2,8000,0,0,0,0,0,0
AF,D316J,-31.206178,-64.352969,1,CBA,315.8,10.0,4.0,0,0,0,0,0,0,0,0
TF,ETEPO,-30.722222,-65.020556,0, ,0.0,0.0,0.0,0.0,0,0,0,0,0,0,0,0

SID,IRAVO1,GEMOP,3
IF,IRAVO,-31.263333,-64.059722, ,0.0,0.0,1,4500,0,0,0,0,0,0
CF,GEMOP,-31.021944,-63.190278,0,CBA,77.8,55.1,78.0,47.0,0,0,0,0,0,0,0,0

SID,IRAVO1,LOGET,3
IF,IRAVO,-31.263333,-64.059722, ,0.0,0.0,1,4500,0,0,0,0,0,0
CI,0, ,0.0,73.0,0,0,0,0,0,0,0,0
AF,D053J,-31.199222,-64.061572,1,CBA,53.0,10.0,73.0,2,6000,0,0,0,0,0,0
AF,D004J,-31.146250,-64.209289,1,CBA,4.4,10.0,53.0,2,8000,0,0,0,0,0,0
TF,LOGET,-30.394722,-64.234167,0, ,0.0,0.0,0.0,0.0,0,0,0,0,0,0,0,0

SID,IRAVO1,PAMAK,3
IF,IRAVO,-31.263333,-64.059722, ,0.0,0.0,1,4500,0,0,0,0,0,0
CI,0, ,0.0,73.0,0,0,0,0,0,0,0,0
AF,D053J,-31.199222,-64.061572,1,CBA,53.0,10.0,73.0,2,6000,0,0,0,0,0,0
AF,D004J,-31.146250,-64.209289,1,CBA,4.4,10.0,53.0,2,8000,0,0,0,0,0,0
AF,D270J,-31.327803,-64.397525,1,CBA,270.9,10.0,4.0,0,0,0,0,0,0,0,0
TF,PAMAK,-31.390000,-65.270556,0, ,0.0,0.0,0.0,0.0,0,0,0,0,0,0,0,0

SID,IRAVO1,SIBOL,3
IF,IRAVO,-31.263333,-64.059722, ,0.0,0.0,1,4500,0,0,0,0,0,0
CI,0, ,0.0,73.0,0,0,0,0,0,0,0,0
AF,D053J,-31.199222,-64.061572,1,CBA,53.0,10.0,73.0,2,6000,0,0,0,0,0,0
AF,D004J,-31.146250,-64.209289,1,CBA,4.4,10.0,53.0,2,8000,0,0,0,0,0,0
AF,D339J,-31.163847,-64.290706,1,CBA,339.4,10.0,4.0,0,0,0,0,0,0,0,0
TF,SIBOL,-30.490833,-64.678611,0, ,0.0,0.0,0.0,0.0,0,0,0,0,0,0,0,0

SID,IRAVO1,TREJO,3
IF,IRAVO,-31.263333,-64.059722, ,0.0,0.0,1,4500,0,0,0,0,0,0
CI,0, ,0.0,73.0,0,0,0,0,0,0,0,0
AF,D060J,-31.216219,-64.045383,1,CBA,60.5,10.0,73.0,0,0,0,0,0,0,0,0
TF,TREJO,-30.775833,-63.338056,0, ,0.0,0.0,0.0,0.0,0,0,0,0,0,0,0,0

STAR,ALDE1X,05,5
IF,ALDEX,-31.660278,-65.196389, ,0.0,0.0,2,11000,0,0,0,0,0,0
TF,CO802,-31.311892,-64.787350,0, ,0.0,0.0,0.0,0.0,2,11000,0,0,0,0,0,0
TF,CO807,-31.210597,-64.450575,0, ,0.0,0.0,0.0,0.0,2,9000,0,0,0,0,0,0
TF,CO808,-31.166161,-64.303981,0, ,0.0,0.0,0.0,0.0,2,7000,0,0,0,0,0,0
TF,IRETI,-31.138303,-64.212428,0, ,0.0,0.0,0.0,0.0,2,6000,0,0,0,0,0,0

STAR,ASIS1X,05,5
IF,ASISA,-31.667500,-63.214444, ,0.0,0.0,2,6000,0,0,0,0,0,0
TF,RIQUE,-31.507336,-63.665042,0, ,0.0,0.0,0.0,0.0,2,6000,0,0,0,0,0,0
TF,CO801,-31.137411,-63.732578,0, ,0.0,0.0,0.0,0.0,2,6000,0,0,0,0,0,0
TF,IRETI,-31.138303,-64.212428,0, ,0.0,0.0,0.0,0.0,2,6000,0,0,0,0,0,0

STAR,DONK1X,05,5
IF,DONKA,-30.409167,-64.393333, ,0.0,0.0,2,8000,0,0,0,0,0,0
TF,CO800,-30.813272,-64.222000,0, ,0.0,0.0,0.0,0.0,2,7000,0,0,0,0,0,0
TF,IRETI,-31.138303,-64.212428,0, ,0.0,0.0,0.0,0.0,2,6000,0,0,0,0,0,0

STAR,ETEP1X,05,5
IF,ETEPO,-30.722222,-65.020556, ,0.0,0.0,2,9000,0,0,0,0,0,0
TF,CO809,-30.791803,-64.413917,0, ,0.0,0.0,0.0,0.0,2,9000,0,0,0,0,0,0
TF,CO810,-30.802572,-64.317969,0, ,0.0,0.0,0.0,0.0,2,8000,0,0,0,0,0,0
TF,CO800,-30.813272,-64.222000,0, ,0.0,0.0,0.0,0.0,2,7000,0,0,0,0,0,0
TF,IRETI,-31.138303,-64.212428,0, ,0.0,0.0,0.0,0.0,2,6000,0,0,0,0,0,0

STAR,GEMO1X,05,5
IF,GEMOP,-31.021944,-63.190278, ,0.0,0.0,2,6000,0,0,0,0,0,0
TF,CO801,-31.137411,-63.732578,0, ,0.0,0.0,0.0,0.0,2,6000,0,0,0,0,0,0
TF,IRETI,-31.138303,-64.212428,0, ,0.0,0.0,0.0,0.0,2,6000,0,0,0,0,0,0

STAR,GENA1X,05,5
IF,GENAS,-31.465278,-63.147500, ,0.0,0.0,2,6000,0,0,0,0,0,0
TF,CO801,-31.137411,-63.732578,0, ,0.0,0.0,0.0,0.0,2,6000,0,0,0,0,0,0
TF,IRETI,-31.138303,-64.212428,0, ,0.0,0.0,0.0,0.0,2,6000,0,0,0,0,0,0

STAR,LOGE1X,05,5
IF,LOGET,-30.394722,-64.234167, ,0.0,0.0,2,7000,0,0,0,0,0,0
TF,CO800,-30.813272,-64.222000,0, ,0.0,0.0,0.0,0.0,2,7000,0,0,0,0,0,0
TF,IRETI,-31.138303,-64.212428,0, ,0.0,0.0,0.0,0.0,2,6000,0,0,0,0,0,0

STAR,MAVB1X,05,5
IF,MAVBI,-31.259444,-63.135833, ,0.0,0.0,2,6000,0,0,0,0,0,0
TF,CO801,-31.137411,-63.732578,0, ,0.0,0.0,0.0,0.0,2,6000,0,0,0,0,0,0
TF,IRETI,-31.138303,-64.212428,0, ,0.0,0.0,0.0,0.0,2,6000,0,0,0,0,0,0

STAR,PAMA1X,05,5
IF,PAMAK,-31.390000,-65.270556, ,0.0,0.0,2,11000,0,0,0,0,0,0
TF,CO802,-31.311892,-64.787350,0, ,0.0,0.0,0.0,0.0,2,11000,0,0,0,0,0,0
TF,CO807,-31.210597,-64.450575,0, ,0.0,0.0,0.0,0.0,2,9000,0,0,0,0,0,0
TF,CO808,-31.166161,-64.303981,0, ,0.0,0.0,0.0,0.0,2,7000,0,0,0,0,0,0
TF,IRETI,-31.138303,-64.212428,0, ,0.0,0.0,0.0,0.0,2,6000,0,0,0,0,0,0

STAR,SIBO1X,05,5
IF,SIBOL,-30.490833,-64.678611, ,0.0,0.0,2,11000,0,0,0,0,0,0
TF,CO800,-30.813272,-64.222000,0, ,0.0,0.0,0.0,0.0,2,7000,0,0,0,0,0,0
TF,IRETI,-31.138303,-64.212428,0, ,0.0,0.0,0.0,0.0,2,6000,0,0,0,0,0,0

STAR,SIME1X,05,5
IF,SIMES,-32.051667,-63.564444, ,0.0,0.0,2,6000,0,0,0,0,0,0
TF,RIQUE,-31.507336,-63.665042,0, ,0.0,0.0,0.0,0.0,2,6000,0,0,0,0,0,0
TF,CO801,-31.137411,-63.732578,0, ,0.0,0.0,0.0,0.0,2,6000,0,0,0,0,0,0
TF,IRETI,-31.138303,-64.212428,0, ,0.0,0.0,0.0,0.0,2,6000,0,0,0,0,0,0

STAR,TREJ1X,05,5
IF,TREJO,-30.775833,-63.338056, ,0.0,0.0,2,6000,0,0,0,0,0,0
TF,CO801,-31.137411,-63.732578,0, ,0.0,0.0,0.0,0.0,2,6000,0,0,0,0,0,0
TF,IRETI,-31.138303,-64.212428,0, ,0.0,0.0,0.0,0.0,2,6000,0,0,0,0,0,0

APPTR,D19-Y,19,CBA30
IF,CBA30,-30.812394,-64.223956, ,0.0,0.0,2,7000,0,0,0,0,0,0
TF,D004M,-31.104547,-64.212161,0, ,0.0,0.0,0.0,0.0,0,0,0,0,0,0,0,0
VI,0, ,0.0,195.0,2,3610,0,0,0,0,0,0
CF,FS19,-31.189158,-64.223975,0,CBA,358.0,7.5,178.0,2.0,2,3610,0,0,0,0,0,0

FINAL,D19-Y,19,D,5
IF,FS19,-31.189158,-64.223975,CBA,358.0,7.5,2,3610,0,0,0,0,2,0
CF,61VOR,-31.212319,-64.220192,0,CBA,358.0,6.1,178.0,1.4,2,3210,0,0,0,0,0,0
CF,45VOR,-31.238786,-64.215869,0,CBA,358.0,4.5,178.0,1.6,2,2730,0,0,0,0,0,0
CF,30VOR,-31.263597,-64.211811,0,CBA,358.0,3.0,178.0,1.5,2,2250,0,0,0,0,0,0
CF,MA19,-31.286756,-64.208025,0,CBA,358.0,1.6,178.0,1.4,1,1825,0,0,0,0,3,0
CA,0,178.0,2,2010,0,0,0,0,0,0
VA,0,148.0,2,3500,0,0,0,0,0,0

APPTR,D19-Z,19,CBA
IF,CBA,-31.313222,-64.203694, ,0.0,0.0,0,0,0,0,0,0,1,0
FD,CBA,-31.313222,-64.203694,0,CBA,0.0,10.0,17.0,10.0,2,3610,0,0,0,0,0,0
CF,CS19,-31.147806,-64.230722,1,CBA,358.0,10.0,178.0,1.0,2,3610,0,0,0,0,1,0

FINAL,D19-Z,19,D,6
IF,CS19,-31.147806,-64.230722,CBA,358.0,10.0,2,3610,0,0,0,0,0,0
CF,FS19,-31.189158,-64.223975,0,CBA,358.0,7.5,178.0,2.5,2,3610,0,0,0,0,2,0
CF,61VOR,-31.212319,-64.220192,0,CBA,358.0,6.1,178.0,1.4,2,3210,0,0,0,0,0,0
CF,45VOR,-31.238786,-64.215869,0,CBA,358.0,4.5,178.0,1.6,2,2730,0,0,0,0,0,0
CF,30VOR,-31.263597,-64.211811,0,CBA,358.0,3.0,178.0,1.5,2,2250,0,0,0,0,0,0
CF,MA19,-31.286756,-64.208025,0,CBA,358.0,1.6,178.0,1.4,1,1825,0,0,0,0,3,0
CA,0,178.0,2,2010,0,0,0,0,0,0
VA,0,148.0,2,3500,0,0,0,0,0,0

APPTR,D23,23,CBA
IF,CBA,-31.313222,-64.203694, ,0.0,0.0,2,6000,0,0,0,0,1,0
FD,CBA,-31.313222,-64.203694,0,CBA,0.0,10.5,70.0,10.5,2,4500,0,0,0,0,0,0
CF,CD23,-31.212511,-64.036528,1,CBA,60.0,10.5,240.0,1.0,2,4500,0,0,0,0,1,0

APPTR,D23,23,D004Q
IF,D004Q,-31.029294,-64.209447, ,0.0,0.0,0,0,0,0,0,0,1,0
AF,D038Q,-31.074939,-64.024006,2,CBA,38.0,17.0,4.0,2,7000,0,0,0,0,0,0
AF,D060Q,-31.150058,-63.933225,2,CBA,60.0,17.0,38.0,2,6000,0,0,0,0,0,0
TF,CD23,-31.212511,-64.036528,0, ,0.0,0.0,0.0,0.0,2,4500,0,0,0,0,1,0

APPTR,D23,23,D060Q
IF,D060Q,-31.150058,-63.933225, ,0.0,0.0,2,6000,0,0,0,0,1,0
TF,CD23,-31.212511,-64.036528,0, ,0.0,0.0,0.0,0.0,2,4500,0,0,0,0,1,0

APPTR,D23,23,D078Q
IF,D078Q,-31.229808,-63.887672, ,0.0,0.0,0,0,0,0,0,0,1,0
AF,D060Q,-31.150058,-63.933225,1,CBA,60.0,17.0,78.0,2,6000,0,0,0,0,0,0
TF,CD23,-31.212511,-64.036528,0, ,0.0,0.0,0.0,0.0,2,4500,0,0,0,0,1,0

APPTR,D23,23,D093Q
IF,D093Q,-31.302886,-63.873181, ,0.0,0.0,0,0,0,0,0,0,1,0
AF,D060Q,-31.150058,-63.933225,1,CBA,60.0,17.0,93.0,2,6000,0,0,0,0,0,0
TF,CD23,-31.212511,-64.036528,0, ,0.0,0.0,0.0,0.0,2,4500,0,0,0,0,1,0

APPTR,D23,23,D105Q
IF,D105Q,-31.362117,-63.877800, ,0.0,0.0,0,0,0,0,0,0,1,0
AF,D060Q,-31.150058,-63.933225,1,CBA,60.0,17.0,105.0,2,6000,0,0,0,0,0,0
TF,CD23,-31.212511,-64.036528,0, ,0.0,0.0,0.0,0.0,2,4500,0,0,0,0,1,0

APPTR,D23,23,D135Q
IF,D135Q,-31.495494,-63.949833, ,0.0,0.0,0,0,0,0,0,0,1,0
AF,D060Q,-31.150058,-63.933225,1,CBA,60.0,17.0,135.0,2,6000,0,0,0,0,0,0
TF,CD23,-31.212511,-64.036528,0, ,0.0,0.0,0.0,0.0,2,4500,0,0,0,0,1,0

APPTR,D23,23,D149Q
IF,D149Q,-31.542800,-64.008808, ,0.0,0.0,0,0,0,0,0,0,1,0
AF,D060Q,-31.150058,-63.933225,1,CBA,60.0,17.0,149.0,2,6000,0,0,0,0,0,0
TF,CD23,-31.212511,-64.036528,0, ,0.0,0.0,0.0,0.0,2,4500,0,0,0,0,1,0

APPTR,D23,23,D355Q
IF,D355Q,-31.033553,-64.260958, ,0.0,0.0,0,0,0,0,0,0,1,0
AF,D038Q,-31.074939,-64.024006,2,CBA,38.0,17.0,355.0,2,7000,0,0,0,0,0,0
AF,D060Q,-31.150058,-63.933225,2,CBA,60.0,17.0,38.0,2,6000,0,0,0,0,0,0
TF,CD23,-31.212511,-64.036528,0, ,0.0,0.0,0.0,0.0,2,4500,0,0,0,0,1,0

FINAL,D23,23,D,4
IF,CD23,-31.212511,-64.036528,CBA,60.0,10.5,2,4500,0,0,0,0,0,0
CF,FD23,-31.222114,-64.052433,0,CBA,60.0,9.5,240.0,1.0,2,4500,0,0,0,0,2,0
CF,50VOR,-31.265292,-64.124047,0,CBA,60.0,5.0,240.0,4.5,2,3100,0,0,0,0,0,0
CF,MD23,-31.296931,-64.176606,0,CBA,60.0,1.7,240.0,3.3,1,1949,0,0,0,0,3,0
CA,0,240.0,2,2010,0,0,0,0,0,0
FM,CBA,-31.313222,-64.203694,2,CBA,0.0,0.0,8.0,2,5000,0,0,0,0,0,0

APPTR,I19-W,19,CBA
IF,CBA,-31.313222,-64.203694, ,0.0,0.0,2,6000,0,0,0,0,1,0
TF,D023O,-31.073581,-64.118583,0, ,0.0,0.0,0.0,0.0,2,5000,0,0,0,0,0,0
AF,D005O,-31.062797,-64.212458,1,CBA,4.3,15.0,23.0,2,5000,0,0,0,0,0,0
CF,CF19,-31.146311,-64.211067,0,CB,5.2,10.8,185.0,5.0,2,3600,0,0,0,0,1,0

FINAL,I19-W,19,I,3
IF,CF19,-31.146311,-64.211067,CB,5.2,10.8,2,3600,0,0,0,0,0,0
CF,FF19,-31.193744,-64.210275,0,CB,5.2,8.0,185.0,2.8,1,3600,0,0,0,0,2,0
CF,RW19,-31.295656,-64.208572,0,CB,5.2,1.8,185.0,6.1,1,1657,0,0,0,0,3,0
CA,0,185.0,2,2010,0,0,0,0,0,0
VA,0,148.0,2,3500,0,0,0,0,0,0

APPTR,I19-X,19,D118O
IF,D118O,-31.406794,-63.932836, ,0.0,0.0,0,0,0,0,0,0,1,0
AF,D005O,-31.062797,-64.212458,1,CBA,4.3,15.0,118.0,2,5000,0,0,0,0,0,0
CF,CF19,-31.146311,-64.211067,0,CB,5.2,10.8,185.0,5.0,2,3600,0,0,0,0,1,0

FINAL,I19-X,19,I,3
IF,CF19,-31.146311,-64.211067,CB,5.2,10.8,2,3600,0,0,0,0,0,0
CF,FF19,-31.193744,-64.210275,0,CB,5.2,8.0,185.0,2.8,1,3600,0,0,0,0,2,0
CF,RW19,-31.295656,-64.208572,0,CB,5.2,1.8,185.0,6.1,1,1657,0,0,0,0,3,0
CA,0,185.0,2,2010,0,0,0,0,0,0
VA,0,148.0,2,3500,0,0,0,0,0,0

APPTR,I19-Y,19,CBA30
IF,CBA30,-30.812394,-64.223956, ,0.0,0.0,2,7000,0,0,0,0,0,0
FC,CBA30,-30.812394,-64.223956,0,CBA,0.0,0.0,184.0,16.0,2,3600,0,0,0,0,0,1
CF,CF19,-31.146311,-64.211067,0,CB,5.2,10.8,184.0,4.0,2,3600,0,0,0,0,1,0

FINAL,I19-Y,19,I,3
IF,CF19,-31.146311,-64.211067,CB,5.2,10.8,2,3600,0,0,0,0,0,0
CF,FF19,-31.193744,-64.210275,0,CB,5.2,8.0,185.0,2.8,1,3600,0,0,0,0,2,0
CF,RW19,-31.295656,-64.208572,0,CB,5.2,1.8,185.0,6.1,1,1657,0,0,0,0,3,0
CA,0,185.0,2,2010,0,0,0,0,0,0
VA,0,148.0,2,3500,0,0,0,0,0,0

APPTR,I19-Z,19,CBA
IF,CBA,-31.313222,-64.203694, ,0.0,0.0,0,0,0,0,0,0,1,0
FD,CBA,-31.313222,-64.203694,0,CBA,0.0,10.0,23.0,10.0,2,3600,0,0,0,0,0,0
CF,CF19,-31.146311,-64.211067,1,CB,5.2,10.8,185.0,1.0,2,3600,0,0,0,0,0,0

FINAL,I19-Z,19,I,3
IF,CF19,-31.146311,-64.211067,CB,5.2,10.8,2,3600,0,0,0,0,0,0
CF,FF19,-31.193744,-64.210275,0,CB,5.2,8.0,185.0,2.8,1,3600,0,0,0,0,2,0
CF,RW19,-31.295656,-64.208572,0,CB,5.2,1.8,185.0,6.1,1,1657,0,0,0,0,3,0
CA,0,185.0,2,2010,0,0,0,0,0,0
VA,0,148.0,2,3500,0,0,0,0,0,0

APPTR,R01,01,PAGAR
IF,PAGAR,-31.443333,-63.844167, ,0.0,0.0,2,5000,0,1,220,0,1,0
TF,ILPEN,-31.434953,-64.048764,0, ,0.0,0.0,0.0,0.0,2,4500,0,1,220,0,0,0
TF,ESONA,-31.434900,-64.164433,0, ,0.0,0.0,0.0,0.0,2,3600,0,1,180,0,1,0

FINAL,R01,01,R,3
IF,ESONA,-31.434900,-64.164433, ,0.0,0.0,2,3600,0,1,180,0,0,0
TF,LIVUS,-31.373261,-64.207303,0, ,0.0,0.0,335.0,4.3,2,2500,0,0,0,0,2,0
TF,RW01,-31.324531,-64.208100,0, ,0.0,0.0,5.0,2.9,1,1576,0,0,0,0,3,1
CF,CO128,-31.251775,-64.209289,0,CBA,1.5,3.7,5.0,4.4,0,0,0,1,200,0,0,0
TF,CO129,-31.250372,-64.048764,0, ,0.0,0.0,0.0,0.0,0,0,0,1,200,0,0,0
TF,DEVEB,-31.166661,-63.854286,0, ,0.0,0.0,0.0,0.0,0,0,0,0,0,0,0,1
HM,DEVEB,-31.166661,-63.854286,1, ,0.0,0.0,218.0,04,2,5000,0,1,210,0,0,0,0

APPTR,R05,05,IRETI
IF,IRETI,-31.138303,-64.212428, ,0.0,0.0,2,6000,0,1,220,0,1,0
TF,CO009,-31.374042,-64.479747,0, ,0.0,0.0,0.0,0.0,2,6000,0,1,220,0,0,0
TF,CO008,-31.440083,-64.424425,0, ,0.0,0.0,0.0,0.0,2,6000,0,1,220,0,0,0
TF,GUVUX,-31.476236,-64.381178,0, ,0.0,0.0,0.0,0.0,2,5000,0,1,180,0,1,0

FINAL,R05,05,R,4
IF,GUVUX,-31.476236,-64.381178, ,0.0,0.0,2,5000,0,1,180,0,0,0
TF,CO006,-31.419406,-64.316600,0, ,0.0,0.0,50.0,4.8,2,3500,0,1,180,0,0,0
TF,ESUBO,-31.395467,-64.289431,0, ,0.0,0.0,50.0,2.0,2,3500,0,0,0,0,2,0
TF,RW05,-31.323167,-64.207503,0, ,0.0,0.0,50.0,6.0,1,1577,0,0,0,0,3,1
CI,0, ,0.0,50.0,0,0,0,0,0,0,0,0
FM,CBA,-31.313222,-64.203694,0,CBA,0.0,0.0,70.0,0,0,0,1,230,0,0,0

APPTR,R19,19,KOVEV
IF,KOVEV,-31.061828,-64.212411, ,0.0,0.0,2,4400,0,1,220,0,1,0
TF,AGUAD,-31.145339,-64.211044,0, ,0.0,0.0,0.0,0.0,2,4400,0,1,180,0,1,0

APPTR,R19,19,RIQUE
IF,RIQUE,-31.507336,-63.665042, ,0.0,0.0,2,11000,0,0,0,0,0,0
TF,CO528,-31.367653,-63.833858,0, ,0.0,0.0,0.0,0.0,2,8000,0,0,0,0,0,0
TF,XONEN,-31.205147,-64.029292,0, ,0.0,0.0,0.0,0.0,2,5000,0,0,0,0,0,0
TF,PUPAT,-31.134372,-64.114083,0, ,0.0,0.0,0.0,0.0,2,4400,0,1,220,0,1,0
TF,AGUAD,-31.145339,-64.211044,0, ,0.0,0.0,0.0,0.0,2,4400,0,1,180,0,1,0

FINAL,R19,19,R,3
IF,AGUAD,-31.145339,-64.211044, ,0.0,0.0,2,4400,0,1,180,0,0,0
TF,RAXOB,-31.222900,-64.209769,0, ,0.0,0.0,185.0,4.6,2,3000,0,0,0,0,2,0
TF,RW19,-31.295656,-64.208572,0, ,0.0,0.0,185.0,4.4,1,1659,0,0,0,0,3,1
DF,LOKOT,-31.441117,-64.078467,0, ,0.0,0.0,2,5000,0,0,0,0,0,1
HM,LOKOT,-31.441117,-64.078467,2, ,0.0,0.0,11.0,04,2,5000,0,1,210,0,0,0,0

APPTR,R23,23,RIQUE
IF,RIQUE,-31.507336,-63.665042, ,0.0,0.0,2,9000,0,0,0,0,0,0
TF,CO528,-31.367653,-63.833858,0, ,0.0,0.0,0.0,0.0,2,6000,0,0,0,0,0,0
TF,NUXAB,-31.282408,-63.936506,0, ,0.0,0.0,0.0,0.0,2,4000,0,1,220,0,1,0
TF,RENUK,-31.193828,-64.061439,0, ,0.0,0.0,0.0,0.0,2,4000,0,1,180,0,1,0

FINAL,R23,23,R,3
IF,RENUK,-31.193828,-64.061439, ,0.0,0.0,2,4000,0,1,180,0,0,0
TF,SILAV,-31.253794,-64.129086,0, ,0.0,0.0,229.0,5.0,2,3000,0,0,0,0,2,0
TF,RW23,-31.308925,-64.191386,0, ,0.0,0.0,229.0,4.6,1,1597,0,0,0,0,3,1
DF,LOKOT,-31.441117,-64.078467,1, ,0.0,0.0,2,5000,0,0,0,0,0,1
HM,LOKOT,-31.441117,-64.078467,2, ,0.0,0.0,11.0,04,2,5000,0,1,210,0,0,0,0

APPTR,S19-X,19,CBA
IF,CBA,-31.313222,-64.203694, ,0.0,0.0,0,0,0,0,0,0,1,0
FC,CBA,-31.313222,-64.203694,0,CBA,0.0,0.0,17.0,10.0,2,4400,0,0,0,0,0,1
CF,FF19X,-31.152942,-64.229886,1,CBA,358.0,9.7,178.0,1.0,2,4400,0,0,0,0,0,0

FINAL,S19-X,19,D,2
IF,FF19X,-31.152942,-64.229886,CBA,358.0,9.7,2,4400,0,0,0,0,2,0
CF,RW19,-31.295656,-64.208572,0,CBA,352.6,1.1,178.0,8.6,1,1657,0,0,0,0,3,0
CF,CBA,-31.313222,-64.203694,0,CBA,0.0,0.0,178.0,1.1,0,0,0,0,0,0,0,1
VA,0,148.0,2,3500,0,0,0,0,0,0

