APPTR,I21,21,LAR
IF,LAR,-29.388614,-66.803547, ,0.0,0.0,0,0,0,1,180,0,0,0
FD,LAR,-29.388614,-66.803547,0,LAR,0.0,10.5,43.0,10.5,2,4330,0,0,0,0,0,0
CF,CF21,-29.216781,-66.696672,1,LR,31.0,12.0,211.0,1.0,2,4330,0,0,0,0,0,0

FINAL,I21,21,I,3
IF,CF21,-29.216781,-66.696672,LR,31.0,12.0,2,4330,0,0,0,0,0,0
CF,FF21,-29.235969,-66.708281,0,LR,31.0,10.7,211.0,1.3,1,4330,0,0,0,0,2,0
CF,RW21,-29.369292,-66.788869,0,LR,31.3,1.6,211.0,9.0,1,1457,0,0,0,0,3,0
VA,0,211.0,2,1840,0,0,0,0,0,0
DF,LAR,-29.388614,-66.803547,0, ,0.0,0.0,0,0,0,0,0,0,0,0
VM,0,0,0,160.0,2,7000,0,0,0,0,0,0

APPTR,S21,21,LAR
IF,LAR,-29.388614,-66.803547, ,0.0,0.0,0,0,0,1,180,0,0,0
FC,LAR,-29.388614,-66.803547,0,LAR,0.0,0.0,45.0,10.5,2,3950,0,0,0,0,0,1
CF,FS21,-29.253956,-66.718444,1,LAR,32.0,9.2,212.0,2.0,2,3950,0,0,0,0,0,0

FINAL,S21,21,D,2
IF,FS21,-29.253956,-66.718444,LAR,32.0,9.2,2,3950,0,0,0,0,2,0
CF,RW21,-29.369292,-66.788869,0,LAR,36.6,1.4,212.0,7.8,1,1457,0,0,0,0,3,0
CF,LAR,-29.388614,-66.803547,0,LAR,0.0,0.0,212.0,1.4,2,1850,0,0,0,0,0,1
VM,0,0,0,160.0,2,7000,0,0,0,0,0,0

