SID,AKNO1A,17L,2
DF,DE17L,-38.737503,-62.149603,0, ,0.0,0.0,0,0,0,0,0,0,0,1
CA,0,167.0,2,800,0,0,0,0,0,0
CF,ZB051,-38.883828,-62.305269,0,BCA,218.0,12.0,218.0,10.0,0,0,0,1,210,0,0,0
AF,D324L,-38.563644,-62.317906,2,BCA,324.3,12.0,218.0,0,0,0,0,0,0,0,0
TF,AKNOS,-38.001389,-62.884444,0, ,0.0,0.0,0.0,0.0,0,0,0,0,0,0,0,0

SID,AKNO1C,17L,5
DF,DE17L,-38.737503,-62.149603,0, ,0.0,0.0,0,0,0,0,0,0,0,1
CA,0,167.0,2,800,0,1,210,0,0,0
CF,ZB058,-38.822900,-62.328636,2,BCA,235.3,10.1,263.0,7.0,0,0,0,1,210,0,0,0
TF,ZB713,-38.485492,-62.397383,2, ,0.0,0.0,0.0,0.0,0,0,0,1,230,0,0,0
TF,AKNOS,-38.001389,-62.884444,0, ,0.0,0.0,0.0,0.0,0,0,0,0,0,0,0,0

SID,AKNO1E,35R,2
DF,DE35R,-38.716669,-62.157378,0, ,0.0,0.0,0,0,0,0,0,0,0,1
CA,0,344.0,2,800,0,0,0,0,0,0
CF,AKNOS,-38.001389,-62.884444,0,BCA,324.3,55.0,324.0,53.0,0,0,0,0,0,0,0,0

SID,AKNO1G,35R,5
DF,DE35R,-38.716669,-62.157378,0, ,0.0,0.0,0,0,0,0,0,0,0,1
CA,0,344.0,2,800,0,0,0,0,0,0
DF,ZB713,-38.485492,-62.397383,0, ,0.0,0.0,0,0,0,0,0,0,0,0
TF,AKNOS,-38.001389,-62.884444,0, ,0.0,0.0,0.0,0.0,0,0,0,0,0,0,0,0

SID,AKNO1K,06,5
CF,ZB712,-38.694283,-62.105003,0,BCA,61.5,2.9,64.0,3.0,0,0,0,1,250,0,0,1
DF,ZB747,-38.604833,-62.250764,1, ,0.0,0.0,0,0,0,1,250,0,0,0
TF,AKNOS,-38.001389,-62.884444,0, ,0.0,0.0,0.0,0.0,0,0,0,0,0,0,0,0

SID,AKNO1M,24,5
CF,ZB067,-38.751956,-62.236328,0,BCA,245.3,4.1,244.0,2.8,0,0,0,0,0,0,0,1
CF,ZB713,-38.485492,-62.397383,2,BCA,324.3,18.0,354.0,17.7,0,0,0,0,0,0,0,0
TF,AKNOS,-38.001389,-62.884444,0, ,0.0,0.0,0.0,0.0,0,0,0,0,0,0,0,0

SID,DAMI1A,17L,2
DF,DE17L,-38.737503,-62.149603,0, ,0.0,0.0,0,0,0,0,0,0,0,1
CA,0,167.0,2,800,0,0,0,0,0,0
CF,ZB051,-38.883828,-62.305269,0,BCA,218.0,12.0,218.0,10.0,0,0,0,1,210,0,0,0
AF,D268L,-38.735986,-62.413111,2,BCA,268.3,12.0,218.0,0,0,0,0,0,0,0,0
TF,DAMIN,-38.789167,-63.330556,0, ,0.0,0.0,0.0,0.0,0,0,0,0,0,0,0,0

SID,DAMI1C,17L,5
DF,DE17L,-38.737503,-62.149603,0, ,0.0,0.0,0,0,0,0,0,0,0,1
CA,0,167.0,2,800,0,1,210,0,0,0
CF,ZB058,-38.822900,-62.328636,2,BCA,235.3,10.1,263.0,7.0,0,0,0,1,210,0,0,0
TF,ZB714,-38.743856,-62.540506,0, ,0.0,0.0,0.0,0.0,0,0,0,0,0,0,0,0
TF,DAMIN,-38.789167,-63.330556,0, ,0.0,0.0,0.0,0.0,0,0,0,0,0,0,0,0

SID,DAMI1E,35R,2
DF,DE35R,-38.716669,-62.157378,0, ,0.0,0.0,0,0,0,0,0,0,0,1
CA,0,344.0,2,800,0,0,0,0,0,0
CF,D324L,-38.563644,-62.317906,0,BCA,324.3,12.0,324.0,12.0,0,0,0,0,0,0,0,0
AF,D268L,-38.735986,-62.413111,1,BCA,268.3,12.0,324.0,0,0,0,0,0,0,0,0
TF,DAMIN,-38.789167,-63.330556,0, ,0.0,0.0,0.0,0.0,0,0,0,0,0,0,0,0

SID,DAMI1G,35R,5
DF,DE35R,-38.716669,-62.157378,0, ,0.0,0.0,0,0,0,0,0,0,0,1
CA,0,344.0,2,800,0,1,250,0,0,0
DF,ZB733,-38.698694,-62.343617,0, ,0.0,0.0,0,0,0,1,250,0,0,0
TF,ZB714,-38.743856,-62.540506,0, ,0.0,0.0,0.0,0.0,0,0,0,0,0,0,0,0
TF,DAMIN,-38.789167,-63.330556,0, ,0.0,0.0,0.0,0.0,0,0,0,0,0,0,0,0

SID,DAMI1K,06,5
CF,ZB712,-38.694283,-62.105003,0,BCA,61.5,2.9,64.0,3.0,0,0,0,1,250,0,0,1
DF,ZB747,-38.604833,-62.250764,1, ,0.0,0.0,0,0,0,1,250,0,0,0
TF,ZB714,-38.743856,-62.540506,0, ,0.0,0.0,0.0,0.0,0,0,0,0,0,0,0,0
TF,DAMIN,-38.789167,-63.330556,0, ,0.0,0.0,0.0,0.0,0,0,0,0,0,0,0,0

SID,DAMI1M,24,5
CF,ZB067,-38.751956,-62.236328,0,BCA,245.3,4.1,244.0,2.8,0,0,0,0,0,0,0,1
TF,ZB714,-38.743856,-62.540506,0, ,0.0,0.0,0.0,0.0,0,0,0,0,0,0,0,0
TF,DAMIN,-38.789167,-63.330556,0, ,0.0,0.0,0.0,0.0,0,0,0,0,0,0,0,0

SID,DOTR1A,17L,2
DF,DE17L,-38.737503,-62.149603,0, ,0.0,0.0,0,0,0,0,0,0,0,1
CA,0,167.0,2,800,0,0,0,0,0,0
CF,ZB046,-38.816772,-61.934547,0,BCA,122.0,12.0,122.0,10.0,0,0,0,1,250,0,0,0
AF,D082L,-38.681750,-61.907567,1,BCA,82.1,12.0,122.0,0,0,0,0,0,0,0,0
TF,DOTRI,-38.540000,-61.007778,0, ,0.0,0.0,0.0,0.0,0,0,0,0,0,0,0,0

SID,DOTR1C,17L,5
DF,DE17L,-38.737503,-62.149603,0, ,0.0,0.0,0,0,0,0,0,0,0,1
CA,0,167.0,2,800,0,1,250,0,0,0
DF,ZB042,-38.691325,-61.969697,1, ,0.0,0.0,0,0,0,1,250,0,0,1
TF,DOTRI,-38.540000,-61.007778,0, ,0.0,0.0,0.0,0.0,0,0,0,0,0,0,0,0

SID,DOTR1E,35R,2
DF,DE35R,-38.716669,-62.157378,0, ,0.0,0.0,0,0,0,0,0,0,0,1
CA,0,344.0,2,800,0,0,0,0,0,0
DF,ZB049,-38.556928,-62.010275,0, ,0.0,0.0,0,0,0,1,230,0,0,0
AF,ZB047,-38.681811,-61.907572,2,BCA,82.1,12.0,39.0,2,5000,0,0,0,0,0,0
TF,ZB050,-38.600514,-61.385961,0, ,0.0,0.0,0.0,0.0,3,6000,0,0,0,0,0,0
TF,DOTRI,-38.540000,-61.007778,0, ,0.0,0.0,0.0,0.0,3,10000,0,0,0,0,0,0

SID,DOTR1G,35R,5
DF,DE35R,-38.716669,-62.157378,0, ,0.0,0.0,0,0,0,0,0,0,0,1
CA,0,344.0,2,800,0,0,0,0,0,0
DF,ZB049,-38.556928,-62.010275,0, ,0.0,0.0,0,0,0,0,0,0,0,0
TF,ZB731,-38.542225,-61.113953,0, ,0.0,0.0,0.0,0.0,3,10000,0,0,0,0,0,0
TF,DOTRI,-38.540000,-61.007778,0, ,0.0,0.0,0.0,0.0,0,0,0,0,0,0,0,0

SID,DOTR1K,06,5
CF,ZB712,-38.694283,-62.105003,0,BCA,61.5,2.9,64.0,3.0,0,0,0,0,0,0,0,1
TF,ZB047,-38.681811,-61.907572,0, ,0.0,0.0,0.0,0.0,0,0,0,0,0,0,0,0
TF,DOTRI,-38.540000,-61.007778,0, ,0.0,0.0,0.0,0.0,0,0,0,0,0,0,0,0

SID,DOTR1M,24,5
CF,ZB067,-38.751956,-62.236328,0,BCA,245.3,4.1,244.0,2.8,0,0,0,0,0,0,0,1
CF,ZB719,-38.475311,-61.936489,2,BCA,38.5,18.0,71.0,21.8,0,0,0,0,0,0,0,0
TF,DOTRI,-38.540000,-61.007778,0, ,0.0,0.0,0.0,0.0,0,0,0,0,0,0,0,0

SID,GENA1A,17L,2
DF,DE17L,-38.737503,-62.149603,0, ,0.0,0.0,0,0,0,0,0,0,0,1
CA,0,167.0,2,800,0,0,0,0,0,0
CF,ZB051,-38.883828,-62.305269,0,BCA,218.0,12.0,218.0,10.0,0,0,0,1,210,0,0,0
AF,D251L,-38.794864,-62.395453,2,BCA,250.9,12.0,218.0,0,0,0,0,0,0,0,0
TF,GENAX,-39.060278,-63.251944,0, ,0.0,0.0,0.0,0.0,0,0,0,0,0,0,0,0

SID,GENA1C,17L,5
DF,DE17L,-38.737503,-62.149603,0, ,0.0,0.0,0,0,0,0,0,0,0,1
CA,0,167.0,2,800,0,1,210,0,0,0
CF,ZB058,-38.822900,-62.328636,2,BCA,235.3,10.1,263.0,7.0,0,0,0,1,210,0,0,0
TF,ZB728,-38.832203,-62.514169,0, ,0.0,0.0,0.0,0.0,0,0,0,0,0,0,0,0
TF,GENAX,-39.060278,-63.251944,0, ,0.0,0.0,0.0,0.0,0,0,0,0,0,0,0,0

SID,GENA1E,35R,2
DF,DE35R,-38.716669,-62.157378,0, ,0.0,0.0,0,0,0,0,0,0,0,1
CA,0,344.0,2,800,0,0,0,0,0,0
CF,D324L,-38.563644,-62.317906,0,BCA,324.3,12.0,324.0,12.0,0,0,0,0,0,0,0,0
AF,D251L,-38.794864,-62.395453,1,BCA,250.9,12.0,324.0,0,0,0,0,0,0,0,0
TF,GENAX,-39.060278,-63.251944,0, ,0.0,0.0,0.0,0.0,0,0,0,0,0,0,0,0

SID,GENA1G,35R,5
DF,DE35R,-38.716669,-62.157378,0, ,0.0,0.0,0,0,0,0,0,0,0,1
CA,0,344.0,2,800,0,1,250,0,0,0
DF,ZB733,-38.698694,-62.343617,0, ,0.0,0.0,0,0,0,1,250,0,0,0
TF,ZB728,-38.832203,-62.514169,0, ,0.0,0.0,0.0,0.0,0,0,0,0,0,0,0,0
TF,GENAX,-39.060278,-63.251944,0, ,0.0,0.0,0.0,0.0,0,0,0,0,0,0,0,0

SID,GENA1K,06,5
CF,ZB712,-38.694283,-62.105003,0,BCA,61.5,2.9,64.0,3.0,0,0,0,1,250,0,0,1
DF,ZB747,-38.604833,-62.250764,1, ,0.0,0.0,0,0,0,1,250,0,0,0
TF,ZB728,-38.832203,-62.514169,0, ,0.0,0.0,0.0,0.0,0,0,0,0,0,0,0,0
TF,GENAX,-39.060278,-63.251944,0, ,0.0,0.0,0.0,0.0,0,0,0,0,0,0,0,0

SID,GENA1M,24,5
CF,ZB067,-38.751956,-62.236328,0,BCA,245.3,4.1,244.0,2.8,0,0,0,0,0,0,0,1
CF,ZB728,-38.832203,-62.514169,0,BCA,250.9,18.0,252.0,13.9,0,0,0,0,0,0,0,0
TF,GENAX,-39.060278,-63.251944,0, ,0.0,0.0,0.0,0.0,0,0,0,0,0,0,0,0

SID,KIMI1A,17L,2
DF,DE17L,-38.737503,-62.149603,0, ,0.0,0.0,0,0,0,0,0,0,0,1
CA,0,167.0,2,800,0,0,0,0,0,0
CF,ZB051,-38.883828,-62.305269,0,BCA,218.0,12.0,218.0,10.0,0,0,0,1,210,0,0,0
AF,D238L,-38.832922,-62.369478,2,BCA,238.6,12.0,218.0,0,0,0,0,0,0,0,0
TF,KIMID,-39.372778,-63.397778,0, ,0.0,0.0,0.0,0.0,0,0,0,0,0,0,0,0

SID,KIMI1C,17L,5
DF,DE17L,-38.737503,-62.149603,0, ,0.0,0.0,0,0,0,0,0,0,0,1
CA,0,167.0,2,800,0,1,210,0,0,0
CF,ZB058,-38.822900,-62.328636,2,BCA,235.3,10.1,263.0,7.0,0,0,0,1,210,0,0,0
TF,ZB717,-38.889331,-62.475272,0, ,0.0,0.0,0.0,0.0,0,0,0,0,0,0,0,0
TF,KIMID,-39.372778,-63.397778,0, ,0.0,0.0,0.0,0.0,0,0,0,0,0,0,0,0

SID,KIMI1E,35R,2
DF,DE35R,-38.716669,-62.157378,0, ,0.0,0.0,0,0,0,0,0,0,0,1
CA,0,344.0,2,800,0,0,0,0,0,0
CF,D324L,-38.563644,-62.317906,0,BCA,324.3,12.0,324.0,12.0,0,0,0,0,0,0,0,0
AF,D238L,-38.832922,-62.369478,1,BCA,238.6,12.0,324.0,0,0,0,0,0,0,0,0
TF,KIMID,-39.372778,-63.397778,0, ,0.0,0.0,0.0,0.0,0,0,0,0,0,0,0,0

SID,KIMI1G,35R,5
DF,DE35R,-38.716669,-62.157378,0, ,0.0,0.0,0,0,0,0,0,0,0,1
CA,0,344.0,2,800,0,1,250,0,0,0
DF,ZB733,-38.698694,-62.343617,0, ,0.0,0.0,0,0,0,1,250,0,0,0
TF,ZB717,-38.889331,-62.475272,0, ,0.0,0.0,0.0,0.0,0,0,0,0,0,0,0,0
TF,KIMID,-39.372778,-63.397778,0, ,0.0,0.0,0.0,0.0,0,0,0,0,0,0,0,0

SID,KIMI1K,06,5
CF,ZB712,-38.694283,-62.105003,0,BCA,61.5,2.9,64.0,3.0,0,0,0,1,250,0,0,1
DF,ZB747,-38.604833,-62.250764,1, ,0.0,0.0,0,0,0,1,250,0,0,0
TF,ZB717,-38.889331,-62.475272,0, ,0.0,0.0,0.0,0.0,0,0,0,0,0,0,0,0
TF,KIMID,-39.372778,-63.397778,0, ,0.0,0.0,0.0,0.0,0,0,0,0,0,0,0,0

SID,KIMI1M,24,5
CF,ZB067,-38.751956,-62.236328,0,BCA,245.3,4.1,244.0,2.8,0,0,0,0,0,0,0,1
TF,ZB717,-38.889331,-62.475272,0, ,0.0,0.0,0.0,0.0,0,0,0,0,0,0,0,0
TF,KIMID,-39.372778,-63.397778,0, ,0.0,0.0,0.0,0.0,0,0,0,0,0,0,0,0

SID,MOXA1A,17L,2
DF,DE17L,-38.737503,-62.149603,0, ,0.0,0.0,0,0,0,0,0,0,0,1
CA,0,167.0,2,800,0,0,0,0,0,0
CF,ZB046,-38.816772,-61.934547,0,BCA,122.0,12.0,122.0,10.0,0,0,0,1,250,0,0,0
AF,ZB048,-38.645039,-61.921525,1,BCA,71.1,12.0,122.0,2,8000,0,0,0,0,0,0
TF,MOXAN,-38.371667,-61.074167,0, ,0.0,0.0,0.0,0.0,0,0,0,0,0,0,0,0

SID,MOXA1C,17L,5
DF,DE17L,-38.737503,-62.149603,0, ,0.0,0.0,0,0,0,0,0,0,0,1
CA,0,167.0,2,800,0,1,250,0,0,0
DF,ZB042,-38.691325,-61.969697,1, ,0.0,0.0,0,0,0,1,250,0,0,1
TF,MOXAN,-38.371667,-61.074167,0, ,0.0,0.0,0.0,0.0,0,0,0,0,0,0,0,0

SID,MOXA1E,35R,2
DF,DE35R,-38.716669,-62.157378,0, ,0.0,0.0,0,0,0,0,0,0,0,1
CA,0,344.0,2,800,0,0,0,0,0,0
DF,ZB049,-38.556928,-62.010275,0, ,0.0,0.0,0,0,0,1,230,0,0,0
AF,D071L,-38.644992,-61.921511,2,BCA,71.1,12.0,39.0,0,0,0,0,0,0,0,0
TF,MOXAN,-38.371667,-61.074167,0, ,0.0,0.0,0.0,0.0,0,0,0,0,0,0,0,0

SID,MOXA1G,35R,5
DF,DE35R,-38.716669,-62.157378,0, ,0.0,0.0,0,0,0,0,0,0,0,1
CA,0,344.0,2,800,0,0,0,0,0,0
DF,ZB049,-38.556928,-62.010275,0, ,0.0,0.0,0,0,0,0,0,0,0,0
TF,MOXAN,-38.371667,-61.074167,0, ,0.0,0.0,0.0,0.0,0,0,0,0,0,0,0,0

SID,MOXA1K,06,5
CF,ZB712,-38.694283,-62.105003,0,BCA,61.5,2.9,64.0,3.0,0,0,0,0,0,0,0,1
TF,ZB048,-38.645039,-61.921525,0, ,0.0,0.0,0.0,0.0,0,0,0,0,0,0,0,0
TF,MOXAN,-38.371667,-61.074167,0, ,0.0,0.0,0.0,0.0,0,0,0,0,0,0,0,0

SID,MOXA1M,24,5
CF,ZB067,-38.751956,-62.236328,0,BCA,245.3,4.1,244.0,2.8,0,0,0,0,0,0,0,1
CF,ZB719,-38.475311,-61.936489,2,BCA,38.5,18.0,71.0,21.8,0,0,0,0,0,0,0,0
TF,MOXAN,-38.371667,-61.074167,0, ,0.0,0.0,0.0,0.0,0,0,0,0,0,0,0,0

SID,PULA1A,17L,2
DF,DE17L,-38.737503,-62.149603,0, ,0.0,0.0,0,0,0,0,0,0,0,1
CA,0,167.0,2,800,0,0,0,0,0,0
CF,ZB046,-38.816772,-61.934547,0,BCA,122.0,12.0,122.0,10.0,0,0,0,1,250,0,0,0
AF,ZB048,-38.645039,-61.921525,1,BCA,71.1,12.0,122.0,2,8000,0,0,0,0,0,0
AF,D039L,-38.556856,-62.010281,1,BCA,38.5,12.0,71.0,0,0,0,0,0,0,0,0
TF,PULAS,-37.970833,-61.485000,0, ,0.0,0.0,0.0,0.0,0,0,0,0,0,0,0,0

SID,PULA1C,17L,5
DF,DE17L,-38.737503,-62.149603,0, ,0.0,0.0,0,0,0,0,0,0,0,1
CA,0,167.0,2,800,0,1,250,0,0,0
DF,ZB042,-38.691325,-61.969697,1, ,0.0,0.0,0,0,0,1,250,0,0,1
TF,ZB043,-38.578808,-61.893275,0, ,0.0,0.0,0.0,0.0,2,8000,0,0,0,0,0,0
TF,PULAS,-37.970833,-61.485000,0, ,0.0,0.0,0.0,0.0,0,0,0,0,0,0,0,0

SID,PULA1E,35R,2
DF,DE35R,-38.716669,-62.157378,0, ,0.0,0.0,0,0,0,0,0,0,0,1
CA,0,344.0,2,800,0,0,0,0,0,0
DF,ZB049,-38.556928,-62.010275,0, ,0.0,0.0,0,0,0,1,230,0,0,0
TF,PULAS,-37.970833,-61.485000,0, ,0.0,0.0,0.0,0.0,0,0,0,0,0,0,0,0

SID,PULA1G,35R,5
DF,DE35R,-38.716669,-62.157378,0, ,0.0,0.0,0,0,0,0,0,0,0,1
CA,0,344.0,2,800,0,0,0,0,0,0
DF,ZB734,-38.449803,-61.991361,0, ,0.0,0.0,0,0,0,0,0,0,0,0
TF,PULAS,-37.970833,-61.485000,0, ,0.0,0.0,0.0,0.0,0,0,0,0,0,0,0,0

SID,PULA1K,06,5
CF,ZB712,-38.694283,-62.105003,0,BCA,61.5,2.9,64.0,3.0,0,0,0,0,0,0,0,1
TF,ZB049,-38.556928,-62.010275,0, ,0.0,0.0,0.0,0.0,0,0,0,0,0,0,0,0
TF,PULAS,-37.970833,-61.485000,0, ,0.0,0.0,0.0,0.0,0,0,0,0,0,0,0,0

SID,PULA1M,24,5
CF,ZB067,-38.751956,-62.236328,0,BCA,245.3,4.1,244.0,2.8,0,0,0,0,0,0,0,1
CF,ZB719,-38.475311,-61.936489,2,BCA,38.5,18.0,71.0,21.8,0,0,0,0,0,0,0,0
TF,PULAS,-37.970833,-61.485000,0, ,0.0,0.0,0.0,0.0,0,0,0,0,0,0,0,0

SID,SANB1A,17L,2
DF,DE17L,-38.737503,-62.149603,0, ,0.0,0.0,0,0,0,0,0,0,0,1
CA,0,167.0,2,800,0,0,0,0,0,0
CF,ZB051,-38.883828,-62.305269,0,BCA,218.0,12.0,218.0,10.0,0,0,0,1,210,0,0,0
CF,SANBU,-39.505278,-62.666111,0,BCA,209.6,52.7,209.0,40.9,0,0,0,0,0,0,0,0

SID,SANB1C,17L,5
DF,DE17L,-38.737503,-62.149603,0, ,0.0,0.0,0,0,0,0,0,0,0,1
CA,0,167.0,2,800,0,1,210,0,0,0
CF,ZB058,-38.822900,-62.328636,2,BCA,235.3,10.1,263.0,7.0,0,0,0,1,210,0,0,0
TF,ZB723,-39.007775,-62.268061,1, ,0.0,0.0,0.0,0.0,0,0,0,1,230,0,0,0
TF,SANBU,-39.505278,-62.666111,0, ,0.0,0.0,0.0,0.0,0,0,0,0,0,0,0,0

SID,SANB1E,35R,2
DF,DE35R,-38.716669,-62.157378,0, ,0.0,0.0,0,0,0,0,0,0,0,1
CA,0,344.0,2,800,0,0,0,0,0,0
CF,D324L,-38.563644,-62.317906,0,BCA,324.3,12.0,324.0,12.0,0,0,0,0,0,0,0,0
AF,D209L,-38.898919,-62.272964,1,BCA,209.6,12.0,324.0,0,0,0,0,0,0,0,0
TF,SANBU,-39.505278,-62.666111,0, ,0.0,0.0,0.0,0.0,0,0,0,0,0,0,0,0

SID,SANB1G,35R,5
DF,DE35R,-38.716669,-62.157378,0, ,0.0,0.0,0,0,0,0,0,0,0,1
CA,0,344.0,2,800,0,1,250,0,0,0
DF,ZB733,-38.698694,-62.343617,0, ,0.0,0.0,0,0,0,1,250,0,0,0
TF,ZB732,-38.948067,-62.409347,0, ,0.0,0.0,0.0,0.0,0,0,0,0,0,0,0,0
TF,SANBU,-39.505278,-62.666111,0, ,0.0,0.0,0.0,0.0,0,0,0,0,0,0,0,0

SID,SANB1K,06,5
CF,ZB712,-38.694283,-62.105003,0,BCA,61.5,2.9,64.0,3.0,0,0,0,1,250,0,0,1
DF,ZB747,-38.604833,-62.250764,1, ,0.0,0.0,0,0,0,1,250,0,0,0
TF,ZB723,-39.007775,-62.268061,1, ,0.0,0.0,0.0,0.0,0,0,0,0,0,0,0,0
TF,SANBU,-39.505278,-62.666111,0, ,0.0,0.0,0.0,0.0,0,0,0,0,0,0,0,0

SID,SANB1M,24,5
CF,ZB067,-38.751956,-62.236328,0,BCA,245.3,4.1,244.0,2.8,0,0,0,0,0,0,0,1
TF,ZB723,-39.007775,-62.268061,0, ,0.0,0.0,0.0,0.0,0,0,0,0,0,0,0,0
TF,SANBU,-39.505278,-62.666111,0, ,0.0,0.0,0.0,0.0,0,0,0,0,0,0,0,0

STAR,AKNO1Q,17L,5
IF,AKNOS,-38.001389,-62.884444, ,0.0,0.0,0,0,0,0,0,0,0,0
TF,UBLUM,-38.579828,-62.319008,0, ,0.0,0.0,0.0,0.0,2,3000,0,0,0,0,0,0

STAR,AKNO1X,06,5
IF,AKNOS,-38.001389,-62.884444, ,0.0,0.0,0,0,0,0,0,0,0,0
TF,ZB713,-38.485492,-62.397383,0, ,0.0,0.0,0.0,0.0,0,0,0,0,0,0,0,0
TF,DAPKI,-38.736058,-62.418450,0, ,0.0,0.0,0.0,0.0,2,3000,0,0,0,0,0,0

STAR,AKNO1Z,24,5
IF,AKNOS,-38.001389,-62.884444, ,0.0,0.0,0,0,0,0,0,0,0,0
TF,ZB713,-38.485492,-62.397383,0, ,0.0,0.0,0.0,0.0,0,0,0,0,0,0,0,0
TF,KIBIG,-38.587894,-62.187689,0, ,0.0,0.0,0.0,0.0,0,0,0,0,0,0,0,0
TF,UDOPU,-38.564339,-62.027328,0, ,0.0,0.0,0.0,0.0,2,3000,0,0,0,0,0,0

STAR,DAMI1Q,17L,5
IF,DAMIN,-38.789167,-63.330556, ,0.0,0.0,0,0,0,0,0,0,0,0
TF,LIVAK,-38.813889,-62.455556,0, ,0.0,0.0,0.0,0.0,0,0,0,0,0,0,0,0
TF,UBLUM,-38.579828,-62.319008,0, ,0.0,0.0,0.0,0.0,2,3000,0,0,0,0,0,0

STAR,DAMI1X,06,5
IF,DAMIN,-38.789167,-63.330556, ,0.0,0.0,0,0,0,0,0,0,0,0
TF,DAPKI,-38.736058,-62.418450,0, ,0.0,0.0,0.0,0.0,2,3000,0,0,0,0,0,0

STAR,DAMI1Z,24,5
IF,DAMIN,-38.789167,-63.330556, ,0.0,0.0,0,0,0,0,0,0,0,0
TF,KIBIG,-38.587894,-62.187689,0, ,0.0,0.0,0.0,0.0,0,0,0,0,0,0,0,0
TF,UDOPU,-38.564339,-62.027328,0, ,0.0,0.0,0.0,0.0,2,3000,0,0,0,0,0,0

STAR,DOTR1Q,17L,5
IF,DOTRI,-38.540000,-61.007778, ,0.0,0.0,0,0,0,0,0,0,0,0
TF,ZB041,-38.471242,-61.708447,0, ,0.0,0.0,0.0,0.0,3,7000,0,0,0,0,0,0
TF,ANGEM,-38.533125,-62.115033,0, ,0.0,0.0,0.0,0.0,2,3000,0,0,0,0,0,0

STAR,DOTR1U,35R,5
IF,DOTRI,-38.540000,-61.007778, ,0.0,0.0,0,0,0,0,0,0,0,0
TF,ZB730,-38.645294,-61.390789,0, ,0.0,0.0,0.0,0.0,2,11000,0,0,0,0,0,0
TF,ZB741,-38.689264,-61.528786,0, ,0.0,0.0,0.0,0.0,2,7000,0,0,0,0,0,0
TF,EDPIL,-38.817428,-61.934972,0, ,0.0,0.0,0.0,0.0,2,3000,0,0,0,0,0,0

STAR,DOTR1X,06,5
IF,DOTRI,-38.540000,-61.007778, ,0.0,0.0,0,0,0,0,0,0,0,0
TF,ZB730,-38.645294,-61.390789,0, ,0.0,0.0,0.0,0.0,2,5000,0,0,0,0,0,0
TF,ZB001,-38.794733,-62.126469,0, ,0.0,0.0,0.0,0.0,0,0,0,0,0,0,0,0
TF,NILVU,-38.881756,-62.314583,0, ,0.0,0.0,0.0,0.0,2,3000,0,0,0,0,0,0

STAR,DOTR1Z,24,5
IF,DOTRI,-38.540000,-61.007778, ,0.0,0.0,0,0,0,0,0,0,0,0
TF,OPKOT,-38.677956,-61.882478,0, ,0.0,0.0,0.0,0.0,2,3000,0,0,0,0,0,0

STAR,GENA1Q,17L,5
IF,GENAX,-39.060278,-63.251944, ,0.0,0.0,0,0,0,0,0,0,0,0
TF,LIVAK,-38.813889,-62.455556,0, ,0.0,0.0,0.0,0.0,0,0,0,0,0,0,0,0
TF,UBLUM,-38.579828,-62.319008,0, ,0.0,0.0,0.0,0.0,2,3000,0,0,0,0,0,0

STAR,GENA1X,06,5
IF,GENAX,-39.060278,-63.251944, ,0.0,0.0,0,0,0,0,0,0,0,0
TF,UGONO,-38.849517,-62.459728,0, ,0.0,0.0,0.0,0.0,2,3000,0,0,0,0,0,0

STAR,GENA1Z,24,5
IF,GENAX,-39.060278,-63.251944, ,0.0,0.0,0,0,0,0,0,0,0,0
TF,ZB714,-38.743856,-62.540506,0, ,0.0,0.0,0.0,0.0,0,0,0,0,0,0,0,0
TF,KIBIG,-38.587894,-62.187689,0, ,0.0,0.0,0.0,0.0,0,0,0,0,0,0,0,0
TF,UDOPU,-38.564339,-62.027328,0, ,0.0,0.0,0.0,0.0,2,3000,0,0,0,0,0,0

STAR,KIMI1Q,17L,5
IF,KIMID,-39.372778,-63.397778, ,0.0,0.0,0,0,0,0,0,0,0,0
TF,LIVAK,-38.813889,-62.455556,0, ,0.0,0.0,0.0,0.0,0,0,0,0,0,0,0,0
TF,UBLUM,-38.579828,-62.319008,0, ,0.0,0.0,0.0,0.0,2,3000,0,0,0,0,0,0

STAR,KIMI1X,06,5
IF,KIMID,-39.372778,-63.397778, ,0.0,0.0,0,0,0,0,0,0,0,0
TF,UGONO,-38.849517,-62.459728,0, ,0.0,0.0,0.0,0.0,2,3000,0,0,0,0,0,0

STAR,KIMI1Z,24,5
IF,KIMID,-39.372778,-63.397778, ,0.0,0.0,0,0,0,0,0,0,0,0
TF,ZB063,-38.918822,-62.530792,0, ,0.0,0.0,0.0,0.0,0,0,0,0,0,0,0,0
TF,ZB714,-38.743856,-62.540506,0, ,0.0,0.0,0.0,0.0,0,0,0,0,0,0,0,0
TF,KIBIG,-38.587894,-62.187689,0, ,0.0,0.0,0.0,0.0,0,0,0,0,0,0,0,0
TF,UDOPU,-38.564339,-62.027328,0, ,0.0,0.0,0.0,0.0,2,3000,0,0,0,0,0,0

STAR,MOXA1Q,17L,5
IF,MOXAN,-38.371667,-61.074167, ,0.0,0.0,0,0,0,0,0,0,0,0
TF,ZB041,-38.471242,-61.708447,0, ,0.0,0.0,0.0,0.0,3,7000,0,0,0,0,0,0
TF,ANGEM,-38.533125,-62.115033,0, ,0.0,0.0,0.0,0.0,2,3000,0,0,0,0,0,0

STAR,MOXA1U,35R,5
IF,MOXAN,-38.371667,-61.074167, ,0.0,0.0,0,0,0,0,0,0,0,0
TF,ZB730,-38.645294,-61.390789,0, ,0.0,0.0,0.0,0.0,2,11000,0,0,0,0,0,0
TF,ZB741,-38.689264,-61.528786,0, ,0.0,0.0,0.0,0.0,2,7000,0,0,0,0,0,0
TF,EDPIL,-38.817428,-61.934972,0, ,0.0,0.0,0.0,0.0,2,3000,0,0,0,0,0,0

STAR,MOXA1X,06,5
IF,MOXAN,-38.371667,-61.074167, ,0.0,0.0,0,0,0,0,0,0,0,0
TF,ZB041,-38.471242,-61.708447,0, ,0.0,0.0,0.0,0.0,2,5000,0,0,0,0,0,0
TF,DAPKI,-38.736058,-62.418450,0, ,0.0,0.0,0.0,0.0,2,3000,0,0,0,0,0,0

STAR,MOXA1Z,24,5
IF,MOXAN,-38.371667,-61.074167, ,0.0,0.0,0,0,0,0,0,0,0,0
TF,EVNAD,-38.596044,-61.882569,0, ,0.0,0.0,0.0,0.0,2,3000,0,0,0,0,0,0

STAR,MOXA2X,06,5
IF,MOXAN,-38.371667,-61.074167, ,0.0,0.0,0,0,0,0,0,0,0,0
TF,ZB730,-38.645294,-61.390789,0, ,0.0,0.0,0.0,0.0,2,5000,0,0,0,0,0,0
TF,ZB001,-38.794733,-62.126469,0, ,0.0,0.0,0.0,0.0,0,0,0,0,0,0,0,0
TF,NILVU,-38.881756,-62.314583,0, ,0.0,0.0,0.0,0.0,2,3000,0,0,0,0,0,0

STAR,SANB1Q,17L,5
IF,SANBU,-39.505278,-62.666111, ,0.0,0.0,0,0,0,0,0,0,0,0
TF,LIVAK,-38.813889,-62.455556,0, ,0.0,0.0,0.0,0.0,0,0,0,0,0,0,0,0
TF,UBLUM,-38.579828,-62.319008,0, ,0.0,0.0,0.0,0.0,2,3000,0,0,0,0,0,0

STAR,SANB1X,06,5
IF,SANBU,-39.505278,-62.666111, ,0.0,0.0,0,0,0,0,0,0,0,0
TF,NILVU,-38.881756,-62.314583,0, ,0.0,0.0,0.0,0.0,2,3000,0,0,0,0,0,0

STAR,SANB1Z,24,5
IF,SANBU,-39.505278,-62.666111, ,0.0,0.0,0,0,0,0,0,0,0,0
TF,ZB063,-38.918822,-62.530792,0, ,0.0,0.0,0.0,0.0,0,0,0,0,0,0,0,0
TF,ZB714,-38.743856,-62.540506,0, ,0.0,0.0,0.0,0.0,0,0,0,0,0,0,0,0
TF,KIBIG,-38.587894,-62.187689,0, ,0.0,0.0,0.0,0.0,0,0,0,0,0,0,0,0
TF,UDOPU,-38.564339,-62.027328,0, ,0.0,0.0,0.0,0.0,2,3000,0,0,0,0,0,0

APPTR,D06-Z,06,BCA
IF,BCA,-38.720000,-62.158361, ,0.0,0.0,0,0,0,0,0,0,1,0
FD,BCA,-38.720000,-62.158361,0,BCA,0.0,9.5,274.0,9.5,2,2000,0,0,0,0,0,0
CF,ZB748,-38.789331,-62.340164,1,BCA,247.0,9.5,67.0,1.0,2,2000,0,0,0,0,1,0

FINAL,D06-Z,06,D,3
IF,ZB748,-38.789331,-62.340164,BCA,247.0,9.5,2,2000,0,0,0,0,0,0
CF,ZB746,-38.767478,-62.282806,0,BCA,247.0,6.5,67.0,3.0,2,2000,0,0,0,0,2,0
CF,RW06,-38.727500,-62.180572,0,BCA,249.5,1.1,67.0,5.4,1,293,0,0,0,0,3,0
CF,BCA,-38.720000,-62.158361,0,BCA,0.0,0.0,67.0,1.1,0,0,0,0,0,0,0,1
CA,0,67.0,2,2000,0,0,0,0,0,0
DF,BCA,-38.720000,-62.158361,1, ,0.0,0.0,2,4000,0,0,0,0,0,0
HM,BCA,-38.720000,-62.158361,2, ,0.0,0.0,274.0,04.3,0,0,0,1,210,0,0,0,0

APPTR,I17LY,17L,BCA
IF,BCA,-38.720000,-62.158361, ,0.0,0.0,0,0,0,1,220,0,1,0
FD,BCA,-38.720000,-62.158361,0,BCA,0.0,11.0,5.0,11.0,2,2200,0,0,0,0,0,0
CF,OSOVI,-38.556519,-62.216989,1,BC,346.7,11.5,167.0,1.0,2,2200,0,0,0,0,1,0

APPTR,I17LY,17L,ZB172
IF,ZB172,-38.671756,-61.845003, ,0.0,0.0,0,0,0,0,0,0,1,0
AF,ZB173,-38.621778,-61.864717,1,BCA,70.0,15.0,82.0,0,0,0,0,0,0,0,0
AF,ZB183,-38.479333,-62.246114,1,BCA,347.0,15.0,70.0,0,0,0,0,0,0,0,0
CF,OSOVI,-38.556519,-62.216989,0,BC,346.7,11.5,167.0,4.8,2,2200,0,0,0,0,1,0

APPTR,I17LY,17L,ZB173
IF,ZB173,-38.621778,-61.864717, ,0.0,0.0,0,0,0,0,0,0,1,0
AF,ZB183,-38.479333,-62.246114,1,BCA,347.0,15.0,70.0,0,0,0,0,0,0,0,0
CF,OSOVI,-38.556519,-62.216989,0,BC,346.7,11.5,167.0,4.8,2,2200,0,0,0,0,1,0

APPTR,I17LY,17L,ZB174
IF,ZB174,-38.525272,-62.358842, ,0.0,0.0,0,0,0,0,0,0,1,0
AF,ZB183,-38.479333,-62.246114,2,BCA,347.0,15.0,324.0,0,0,0,0,0,0,0,0
CF,OSOVI,-38.556519,-62.216989,0,BC,346.7,11.5,167.0,4.8,2,2200,0,0,0,0,1,0

APPTR,I17LY,17L,ZB176
IF,ZB176,-38.745653,-62.476158, ,0.0,0.0,0,0,0,0,0,0,1,0
AF,ZB174,-38.525272,-62.358842,2,BCA,324.0,15.0,267.0,0,0,0,0,0,0,0,0
AF,ZB183,-38.479333,-62.246114,2,BCA,347.0,15.0,324.0,0,0,0,0,0,0,0,0
CF,OSOVI,-38.556519,-62.216989,0,BC,346.7,11.5,167.0,4.8,2,2200,0,0,0,0,1,0

APPTR,I17LY,17L,ZB183
IF,ZB183,-38.479333,-62.246114, ,0.0,0.0,0,0,0,0,0,0,1,0
CF,OSOVI,-38.556519,-62.216989,0,BC,346.7,11.5,167.0,4.8,2,2200,0,0,0,0,1,0

FINAL,I17LY,17L,I,3
IF,OSOVI,-38.556519,-62.216989,BC,346.7,11.5,2,2200,0,0,0,0,0,0
CF,ZB059,-38.610969,-62.196736,0,BC,346.7,8.1,167.0,3.4,1,2200,0,0,0,0,2,0
CF,RW17L,-38.716669,-62.157378,0,BC,346.7,1.5,167.0,6.6,1,302,0,0,0,0,3,0
VA,0,167.0,2,900,0,0,0,0,0,0
CF,VUBLI,-38.662508,-61.782256,1,BCA,82.1,18.0,82.0,17.0,2,3000,0,1,210,0,0,0
HM,VUBLI,-38.662508,-61.782256,2, ,0.0,0.0,262.0,04.3,2,3000,0,1,210,0,0,0,0

APPTR,I17LZ,17L,ANGEM
IF,ANGEM,-38.533125,-62.115033, ,0.0,0.0,2,3000,0,1,220,0,1,0
TF,OSOVI,-38.556519,-62.216989,0,BC,0.0,0.0,0.0,0.0,2,2200,0,1,180,0,1,0

APPTR,I17LZ,17L,PUMVO
IF,PUMVO,-38.476433,-62.246694, ,0.0,0.0,2,3000,0,1,220,0,1,0
TF,OSOVI,-38.556519,-62.216989,0,BC,0.0,0.0,0.0,0.0,2,2200,0,1,180,0,1,0

APPTR,I17LZ,17L,UBLUM
IF,UBLUM,-38.579828,-62.319008, ,0.0,0.0,2,3000,0,1,220,0,1,0
TF,OSOVI,-38.556519,-62.216989,0,BC,0.0,0.0,0.0,0.0,2,2200,0,1,180,0,1,0

FINAL,I17LZ,17L,I,3
IF,OSOVI,-38.556519,-62.216989,BC,346.7,11.5,2,2200,0,1,180,0,0,0
CF,FF17L,-38.610614,-62.196914,0,BC,346.7,8.1,167.0,3.4,1,2200,0,0,0,0,2,0
CF,RW17L,-38.716669,-62.157378,0,BC,346.7,1.5,167.0,6.6,1,302,0,0,0,0,3,0
CF,ZB700,-38.785539,-62.131658,0,BCA,165.3,4.1,167.0,4.3,0,0,0,1,230,0,0,1
DF,VUBLI,-38.662508,-61.782256,1, ,0.0,0.0,2,3000,0,1,230,0,0,1
HM,VUBLI,-38.662508,-61.782256,2, ,0.0,0.0,262.0,04,2,3000,0,1,210,0,0,0,0

APPTR,R06,06,DAPKI
IF,DAPKI,-38.736058,-62.418450, ,0.0,0.0,2,3000,0,1,220,0,1,0
TF,KUBIX,-38.808919,-62.366569,0, ,0.0,0.0,0.0,0.0,2,2000,0,1,180,0,1,0

APPTR,R06,06,NILVU
IF,NILVU,-38.881756,-62.314583, ,0.0,0.0,2,3000,0,1,220,0,1,0
TF,KUBIX,-38.808919,-62.366569,0, ,0.0,0.0,0.0,0.0,2,2000,0,1,180,0,1,0

APPTR,R06,06,UGONO
IF,UGONO,-38.849517,-62.459728, ,0.0,0.0,2,3000,0,1,220,0,1,0
TF,KUBIX,-38.808919,-62.366569,0, ,0.0,0.0,0.0,0.0,2,2000,0,1,180,0,1,0

FINAL,R06,06,R,3
IF,KUBIX,-38.808919,-62.366569, ,0.0,0.0,2,2000,0,1,180,0,0,0
TF,OGNEB,-38.771164,-62.280181,0, ,0.0,0.0,64.0,4.6,2,2000,0,0,0,0,2,0
TF,RW06,-38.727500,-62.180572,0, ,0.0,0.0,64.0,5.4,1,293,0,0,0,0,3,1
CF,ZB712,-38.694283,-62.105003,0,BCA,61.5,2.9,64.0,4.1,0,0,0,0,0,0,0,1
DF,NEDET,-38.524486,-62.228878,1, ,0.0,0.0,2,3000,0,0,0,0,0,1
HM,NEDET,-38.524486,-62.228878,1, ,0.0,0.0,167.0,04,2,3000,0,1,210,0,0,0,0

APPTR,R17L,17L,ANGEM
IF,ANGEM,-38.533125,-62.115033, ,0.0,0.0,2,3000,0,1,220,0,1,0
TF,OSOVI,-38.556519,-62.216989,0, ,0.0,0.0,0.0,0.0,2,2200,0,1,180,0,1,0

APPTR,R17L,17L,PUMVO
IF,PUMVO,-38.476433,-62.246694, ,0.0,0.0,2,3000,0,1,220,0,1,0
TF,OSOVI,-38.556519,-62.216989,0, ,0.0,0.0,0.0,0.0,2,2200,0,1,180,0,1,0

APPTR,R17L,17L,UBLUM
IF,UBLUM,-38.579828,-62.319008, ,0.0,0.0,2,3000,0,1,220,0,1,0
TF,OSOVI,-38.556519,-62.216989,0, ,0.0,0.0,0.0,0.0,2,2200,0,1,180,0,1,0

FINAL,R17L,17L,R,3
IF,OSOVI,-38.556519,-62.216989, ,0.0,0.0,2,2200,0,1,180,0,0,0
TF,OPSEV,-38.621008,-62.193019,0, ,0.0,0.0,167.0,4.0,2,2200,0,0,0,0,2,0
TF,RW17L,-38.716669,-62.157378,0, ,0.0,0.0,167.0,6.0,1,298,0,0,0,0,3,1
CF,ZB700,-38.785539,-62.131658,0,BCA,165.3,4.1,167.0,4.3,0,0,0,1,230,0,0,1
DF,VUBLI,-38.662508,-61.782256,1, ,0.0,0.0,2,3000,0,1,230,0,0,1
HM,VUBLI,-38.662508,-61.782256,2, ,0.0,0.0,262.0,04,2,3000,0,1,210,0,0,0,0

APPTR,R24,24,EVNAD
IF,EVNAD,-38.596044,-61.882569, ,0.0,0.0,2,3000,0,1,220,0,1,0
TF,UTMIK,-38.637028,-61.975178,0, ,0.0,0.0,0.0,0.0,2,2000,0,1,180,0,1,0

APPTR,R24,24,OPKOT
IF,OPKOT,-38.677956,-61.882478, ,0.0,0.0,2,3000,0,1,220,0,1,0
TF,UTMIK,-38.637028,-61.975178,0, ,0.0,0.0,0.0,0.0,2,2000,0,1,180,0,1,0

APPTR,R24,24,UDOPU
IF,UDOPU,-38.564339,-62.027328, ,0.0,0.0,2,3000,0,1,220,0,1,0
TF,UTMIK,-38.637028,-61.975178,0, ,0.0,0.0,0.0,0.0,2,2000,0,1,180,0,1,0

FINAL,R24,24,R,3
IF,UTMIK,-38.637028,-61.975178, ,0.0,0.0,2,2000,0,1,180,0,0,0
TF,VUNSI,-38.675108,-62.061464,0, ,0.0,0.0,244.0,4.7,2,2000,0,0,0,0,2,0
TF,RW24,-38.718775,-62.160706,0, ,0.0,0.0,244.0,5.3,1,298,0,0,0,0,3,1
CF,ZB067,-38.751956,-62.236328,0,BCA,245.3,4.1,244.0,4.1,0,0,0,0,0,0,0,1
DF,KIBIG,-38.587894,-62.187689,2, ,0.0,0.0,2,3000,0,0,0,0,0,1
HM,KIBIG,-38.587894,-62.187689,1, ,0.0,0.0,83.0,04,2,3000,0,1,210,0,0,0,0

APPTR,R35R,35R,EDPIL
IF,EDPIL,-38.817428,-61.934972, ,0.0,0.0,2,3000,0,1,220,0,1,0
TF,ISVOR,-38.843794,-62.048139,0, ,0.0,0.0,0.0,0.0,2,2000,0,1,180,0,1,0

FINAL,R35R,35R,R,3
IF,ISVOR,-38.843794,-62.048139, ,0.0,0.0,2,2000,0,1,180,0,0,0
TF,KONLO,-38.797728,-62.109853,0, ,0.0,0.0,317.0,4.0,2,1580,0,0,0,0,2,0
TF,MUBUD,-38.754967,-62.143081,0, ,0.0,0.0,332.0,3.0,1,609,0,0,0,0,3,1
CF,ZB742,-38.704919,-62.181478,0,BCA,312.6,1.4,332.0,3.5,0,0,0,0,0,0,0,0
TF,NEDET,-38.524486,-62.228878,0, ,0.0,0.0,0.0,0.0,2,3000,0,0,0,0,0,1
HM,NEDET,-38.524486,-62.228878,1, ,0.0,0.0,167.0,04,2,3000,0,1,210,0,0,0,0

APPTR,S06-Y,06,BCA
IF,BCA,-38.720000,-62.158361, ,0.0,0.0,0,0,0,1,230,0,1,0
FC,BCA,-38.720000,-62.158361,0,BCA,0.0,0.0,268.0,9.6,2,2000,0,0,0,0,0,1
CF,FF06,-38.767350,-62.282731,1,BCA,247.0,6.5,67.0,3.1,2,2000,0,0,0,0,0,0

FINAL,S06-Y,06,D,2
IF,FF06,-38.767350,-62.282731,BCA,247.0,6.5,2,2000,0,0,0,0,2,0
CF,RW06,-38.727500,-62.180572,0,BCA,249.5,1.1,67.0,5.4,1,293,0,0,0,0,3,0
CF,BCA,-38.720000,-62.158361,0,BCA,0.0,0.0,67.0,1.1,0,0,0,0,0,0,0,0
CA,0,67.0,2,2000,0,0,0,0,0,0
DF,BCA,-38.720000,-62.158361,1, ,0.0,0.0,2,4000,0,0,0,0,0,0
HM,BCA,-38.720000,-62.158361,2, ,0.0,0.0,274.0,04.3,0,0,0,0,0,0,0,0,0

APPTR,S17LY,17L,BCA
IF,BCA,-38.720000,-62.158361, ,0.0,0.0,0,0,0,1,190,0,1,0
FC,BCA,-38.720000,-62.158361,0,BCA,0.0,0.0,15.0,6.3,2,2200,0,0,0,0,0,1
CF,FS17L,-38.618975,-62.181047,1,BCA,353.0,6.1,173.0,1.0,2,2200,0,0,0,0,0,0

FINAL,S17LY,17L,D,2
IF,FS17L,-38.618975,-62.181047,BCA,353.0,6.1,2,2200,0,0,0,0,2,0
CF,RW17L,-38.716669,-62.157378,0,BCA,16.3,0.2,173.0,6.0,1,302,0,0,0,0,3,0
CF,BCA,-38.720000,-62.158361,0,BCA,0.0,0.0,173.0,0.2,0,0,0,0,0,0,0,1
CA,0,173.0,2,1300,0,0,0,0,0,0
DF,BCA,-38.720000,-62.158361,1, ,0.0,0.0,2,3000,0,1,210,0,0,0
HM,BCA,-38.720000,-62.158361,1, ,0.0,0.0,5.0,04.3,2,4000,0,1,210,0,0,0,0

APPTR,S17LZ,17L,BCA
IF,BCA,-38.720000,-62.158361, ,0.0,0.0,0,0,0,1,210,0,1,0
FD,BCA,-38.720000,-62.158361,0,BCA,0.0,9.0,13.0,9.0,2,2200,0,0,0,0,0,0
CF,ZB179,-38.572053,-62.191572,1,BCA,353.0,9.0,173.0,1.0,2,2200,0,0,0,0,1,0

APPTR,S17LZ,17L,ZB172
IF,ZB172,-38.671756,-61.845003, ,0.0,0.0,0,0,0,0,0,0,1,0
AF,ZB173,-38.621778,-61.864717,1,BCA,70.0,15.0,82.0,0,0,0,0,0,0,0,0
AF,ZB177,-38.473461,-62.213639,1,BCA,353.0,15.0,70.0,0,0,0,0,0,0,0,0
TF,ZB179,-38.572053,-62.191572,0, ,0.0,0.0,0.0,0.0,2,2200,0,0,0,0,1,0

APPTR,S17LZ,17L,ZB173
IF,ZB173,-38.621778,-61.864717, ,0.0,0.0,0,0,0,0,0,0,1,0
AF,ZB177,-38.473461,-62.213639,1,BCA,353.0,15.0,70.0,0,0,0,0,0,0,0,0
TF,ZB179,-38.572053,-62.191572,0, ,0.0,0.0,0.0,0.0,2,2200,0,0,0,0,1,0

APPTR,S17LZ,17L,ZB174
IF,ZB174,-38.525272,-62.358842, ,0.0,0.0,0,0,0,0,0,0,1,0
AF,ZB177,-38.473461,-62.213639,2,BCA,353.0,15.0,324.0,0,0,0,0,0,0,0,0
TF,ZB179,-38.572053,-62.191572,0, ,0.0,0.0,0.0,0.0,2,2200,0,0,0,0,1,0

APPTR,S17LZ,17L,ZB176
IF,ZB176,-38.745653,-62.476158, ,0.0,0.0,0,0,0,0,0,0,1,0
AF,ZB174,-38.525272,-62.358842,2,BCA,324.0,15.0,267.0,0,0,0,0,0,0,0,0
AF,ZB177,-38.473461,-62.213639,2,BCA,353.0,15.0,324.0,0,0,0,0,0,0,0,0
TF,ZB179,-38.572053,-62.191572,0, ,0.0,0.0,0.0,0.0,2,2200,0,0,0,0,1,0

APPTR,S17LZ,17L,ZB177
IF,ZB177,-38.473461,-62.213639, ,0.0,0.0,0,0,0,0,0,0,1,0
CF,ZB179,-38.572053,-62.191572,0,BCA,353.0,9.0,173.0,6.0,2,2200,0,0,0,0,1,0

FINAL,S17LZ,17L,D,3
IF,ZB179,-38.572053,-62.191572,BCA,353.0,9.0,2,2200,0,0,0,0,0,0
CF,ZB178,-38.608200,-62.183467,0,BCA,353.0,6.8,173.0,2.2,2,2200,0,0,0,0,2,0
CF,RW17L,-38.716669,-62.157378,0,BCA,16.3,0.2,173.0,6.6,1,302,0,0,0,0,3,0
CF,BCA,-38.720000,-62.158361,0,BCA,0.0,0.0,173.0,0.2,0,0,0,0,0,0,0,0
CA,0,173.0,2,1000,0,0,0,0,0,0
CF,VUBLI,-38.662508,-61.782256,1,BCA,82.1,18.0,82.0,17.0,2,3000,0,1,210,0,0,0
HM,VUBLI,-38.662508,-61.782256,2, ,0.0,0.0,262.0,04.3,2,3000,0,1,210,0,0,0,0

