SID,AKTE1A,13,5
CF,AKTES,-7.239500,-39.215333,0,MCE,325.4,244.8,133.0,3.0,2,2000,0,0,0,0,0,1

SID,AKTE1A,EDVAR,6
IF,AKTES,-7.239500,-39.215333, ,0.0,0.0,2,2000,0,0,0,0,0,0
TF,JU016,-6.780333,-39.159333,0, ,0.0,0.0,0.0,0.0,0,0,0,0,0,0,0,0
TF,EDVAR,-6.477617,-39.246264,0, ,0.0,0.0,0.0,0.0,0,0,0,0,0,0,0,0

SID,AKTE1A,KUBNO,6
IF,AKTES,-7.239500,-39.215333, ,0.0,0.0,2,2000,0,0,0,0,0,0
TF,JU002,-7.406453,-38.857267,0, ,0.0,0.0,0.0,0.0,0,0,0,0,0,0,0,0
TF,KUBNO,-7.596667,-38.454167,0, ,0.0,0.0,0.0,0.0,0,0,0,0,0,0,0,0

SID,AKTE1A,OGTID,6
IF,AKTES,-7.239500,-39.215333, ,0.0,0.0,2,2000,0,0,0,0,0,0
TF,JU018,-7.662500,-39.356000,0, ,0.0,0.0,0.0,0.0,0,0,0,0,0,0,0,0
TF,OGTID,-8.392586,-39.809297,0, ,0.0,0.0,0.0,0.0,0,0,0,0,0,0,0,0

SID,AKTE1A,PALUD,6
IF,AKTES,-7.239500,-39.215333, ,0.0,0.0,2,2000,0,0,0,0,0,0
TF,JU001,-7.325067,-38.829228,0, ,0.0,0.0,0.0,0.0,0,0,0,0,0,0,0,0
TF,PALUD,-7.409167,-38.457833,0, ,0.0,0.0,0.0,0.0,0,0,0,0,0,0,0,0

SID,EDVA1A,31,5
CA,0,313.0,2,3000,0,0,0,0,0,0
DF,JU019,-6.771833,-39.200333,2, ,0.0,0.0,0,0,0,0,0,0,0,0
TF,EDVAR,-6.477617,-39.246264,0, ,0.0,0.0,0.0,0.0,0,0,0,0,0,0,0,0

SID,KUBN1A,31,5
CA,0,313.0,2,3000,0,0,0,0,0,0
DF,JU369,-7.204667,-39.040000,2, ,0.0,0.0,0,0,0,0,0,0,0,0
TF,JU001,-7.325067,-38.829228,0, ,0.0,0.0,0.0,0.0,0,0,0,0,0,0,0,0
TF,KUBNO,-7.596667,-38.454167,0, ,0.0,0.0,0.0,0.0,0,0,0,0,0,0,0,0

SID,OGTI1A,31,5
CA,0,313.0,2,3000,0,0,0,0,0,0
DF,JU021,-7.652667,-39.397500,1, ,0.0,0.0,0,0,0,0,0,0,0,0
TF,OGTID,-8.392586,-39.809297,0, ,0.0,0.0,0.0,0.0,0,0,0,0,0,0,0,0

SID,OMNI,13,1
VA,0,133.0,2,5000,0,0,0,0,0,0
VM,0,0,0,133.0,0,0,0,0,0,0,0,0

SID,OMNI,31,1
VA,0,313.0,2,5000,0,0,0,0,0,0
VM,0,0,0,313.0,0,0,0,0,0,0,0,0

SID,PALU1A,31,5
CA,0,313.0,2,3000,0,0,0,0,0,0
DF,JU369,-7.204667,-39.040000,2, ,0.0,0.0,0,0,0,0,0,0,0,0
TF,JU001,-7.325067,-38.829228,0, ,0.0,0.0,0.0,0.0,0,0,0,0,0,0,0,0
TF,PALUD,-7.409167,-38.457833,0, ,0.0,0.0,0.0,0.0,0,0,0,0,0,0,0,0

APPTR,R13,13,JU031
IF,JU031,-7.115719,-39.544453, ,0.0,0.0,2,5000,0,0,0,0,1,0
TF,JU029,-7.151147,-39.450317,0, ,0.0,0.0,0.0,0.0,2,4200,0,0,0,0,1,0

APPTR,R13,13,JU033
IF,JU033,-7.227392,-39.515842, ,0.0,0.0,2,5000,0,0,0,0,1,0
TF,JU029,-7.151147,-39.450317,0, ,0.0,0.0,0.0,0.0,2,4200,0,0,0,0,1,0

APPTR,R13,13,JU034
IF,JU034,-7.050675,-39.449192, ,0.0,0.0,2,5000,0,0,0,0,1,0
TF,JU029,-7.151147,-39.450317,0, ,0.0,0.0,0.0,0.0,2,4200,0,0,0,0,1,0

FINAL,R13,13,R,5
IF,JU029,-7.151147,-39.450317, ,0.0,0.0,2,4200,0,0,0,0,0,0
TF,JU035,-7.165903,-39.411092,0, ,0.0,0.0,133.0,2.5,2,3750,0,0,0,0,0,0
TF,JU028,-7.180653,-39.371861,0, ,0.0,0.0,133.0,2.5,2,3300,0,0,0,0,2,0
TF,JU030,-7.200242,-39.319753,0, ,0.0,0.0,133.0,3.3,2,2242,0,0,0,0,0,0
TF,RW13,-7.216044,-39.277700,0, ,0.0,0.0,133.0,2.7,1,1389,0,0,0,0,3,1
CA,0,133.0,2,2000,0,0,0,0,0,0
DF,JU033,-7.227392,-39.515842,2, ,0.0,0.0,2,5000,0,0,0,0,0,1
HM,JU033,-7.227392,-39.515842,2, ,0.0,0.0,63.0,04.3,2,5000,0,0,0,0,0,0,0

APPTR,R31,31,JU367
IF,JU367,-7.310167,-39.027000, ,0.0,0.0,2,5000,0,0,0,0,1,0
TF,JU371,-7.280667,-39.105333,0, ,0.0,0.0,0.0,0.0,2,4500,0,0,0,0,1,0

APPTR,R31,31,JU368
IF,JU368,-7.381167,-39.106500, ,0.0,0.0,2,5000,0,0,0,0,1,0
TF,JU371,-7.280667,-39.105333,0, ,0.0,0.0,0.0,0.0,2,4500,0,0,0,0,1,0

APPTR,R31,31,JU369
IF,JU369,-7.204667,-39.040000, ,0.0,0.0,2,5000,0,0,0,0,1,0
TF,JU371,-7.280667,-39.105333,0, ,0.0,0.0,0.0,0.0,2,4500,0,0,0,0,1,0

FINAL,R31,31,R,4
IF,JU371,-7.280667,-39.105333, ,0.0,0.0,2,4500,0,0,0,0,0,0
TF,JUA11,-7.263217,-39.152136,0, ,0.0,0.0,313.0,3.0,2,3570,0,0,0,0,0,0
TF,JU372,-7.251333,-39.184000,0, ,0.0,0.0,313.0,2.0,2,2940,0,0,0,0,2,0
TF,RW31,-7.222211,-39.261286,0, ,0.0,0.0,313.0,4.9,1,1366,0,0,0,0,3,1
CA,0,313.0,2,2500,0,0,0,0,0,0
DF,JU368,-7.381167,-39.106500,1, ,0.0,0.0,2,5000,0,0,0,0,0,1
HM,JU368,-7.381167,-39.106500,1, ,0.0,0.0,23.0,04.3,2,5000,0,0,0,0,0,0,0

