SID,ADA1A,06,5
CF,ME008,-22.293747,-41.731250,0,MCA,57.7,3.7,57.0,3.2,0,0,0,0,0,0,0,1
DF,ME047,-22.451392,-41.687122,2, ,0.0,0.0,0,0,0,1,190,0,0,1
TF,ADA,-22.812775,-42.095339,0, ,0.0,0.0,0.0,0.0,0,0,0,0,0,0,0,0

SID,ADA1B,24,5
CF,ME001,-22.392242,-41.800869,0,MCA,234.8,3.4,237.0,3.2,0,0,0,0,0,0,0,1
TF,ADA,-22.812775,-42.095339,0, ,0.0,0.0,0.0,0.0,0,0,0,0,0,0,0,0

SID,ADA2A,06,2
VA,0,57.0,2,1500,0,1,230,0,0,0
DF,MCA,-22.344447,-41.769000,2, ,0.0,0.0,0,0,0,0,0,0,0,0
TF,MCA02,-22.625347,-41.964414,0, ,0.0,0.0,0.0,0.0,2,5000,0,0,0,0,0,0
TF,ADA,-22.812775,-42.095339,0, ,0.0,0.0,0.0,0.0,0,0,0,0,0,0,0,0

SID,ADA2B,24,2
VA,0,237.0,2,1500,0,1,230,0,0,0
CF,MCA02,-22.625347,-41.964414,0,MCA,235.8,20.0,236.0,18.0,2,5000,0,0,0,0,0,0
TF,ADA,-22.812775,-42.095339,0, ,0.0,0.0,0.0,0.0,0,0,0,0,0,0,0,0

SID,GIKP2A,06,2
VA,0,57.0,2,1500,0,1,230,0,0,0
CF,GIKPO,-21.730500,-41.249833,0,MCA,61.4,46.7,62.0,45.0,0,0,0,0,0,0,0,0

SID,GIKP2B,24,2
VA,0,237.0,2,1500,0,1,230,0,0,0
DF,MCA,-22.344447,-41.769000,2, ,0.0,0.0,0,0,0,0,0,0,0,0
TF,GIKPO,-21.730500,-41.249833,0, ,0.0,0.0,0.0,0.0,0,0,0,0,0,0,0,0

SID,OMNI,06,1
VA,0,57.0,2,2000,0,0,0,0,0,0
VM,0,0,0,57.0,0,0,0,0,0,0,0,0

SID,OMNI,24,1
VA,0,237.0,2,2000,0,0,0,0,0,0
VM,0,0,0,237.0,0,0,0,0,0,0,0,0

SID,SIKI2A,06,2
VA,0,57.0,2,1500,0,1,230,0,0,0
VI,2, ,0.0,222.0,0,0,0,0,0,0,0,0
CF,MCA01,-22.671781,-41.694950,0,MCA,191.1,20.0,192.0,12.0,2,5000,0,0,0,0,0,0
TF,SIKIV,-22.737667,-41.680000,0, ,0.0,0.0,0.0,0.0,0,0,0,0,0,0,0,0

SID,SIKI2A,ADA,3
IF,SIKIV,-22.737667,-41.680000, ,0.0,0.0,0,0,0,0,0,0,0,0
TF,ADA,-22.812775,-42.095339,0, ,0.0,0.0,0.0,0.0,0,0,0,0,0,0,0,0

SID,SIKI2B,24,2
VA,0,237.0,2,1500,0,1,230,0,0,0
VI,0, ,0.0,162.0,0,0,0,0,0,0,0,0
CF,MCA01,-22.671781,-41.694950,0,MCA,191.1,20.0,192.0,14.0,2,5000,0,0,0,0,0,0
TF,SIKIV,-22.737667,-41.680000,0, ,0.0,0.0,0.0,0.0,0,0,0,0,0,0,0,0

SID,SIKI2B,ADA,3
IF,SIKIV,-22.737667,-41.680000, ,0.0,0.0,0,0,0,0,0,0,0,0
TF,ADA,-22.812775,-42.095339,0, ,0.0,0.0,0.0,0.0,0,0,0,0,0,0,0,0

SID,UTNI1A,06,4
CF,ME008,-22.293747,-41.731250,0,MCA,57.7,3.7,57.0,3.2,0,0,0,0,0,0,0,1
TF,UTNIG,-22.012222,-41.542389,0, ,0.0,0.0,0.0,0.0,0,0,0,0,0,0,0,0

SID,UTNI1A,GIKPO,6
IF,UTNIG,-22.012222,-41.542389, ,0.0,0.0,0,0,0,0,0,0,0,0
TF,GIKPO,-21.730500,-41.249833,0, ,0.0,0.0,0.0,0.0,0,0,0,0,0,0,0,0

SID,UTNI1A,UTKIR,6
IF,UTNIG,-22.012222,-41.542389, ,0.0,0.0,0,0,0,0,0,0,0,0
TF,UTKIR,-21.697336,-41.306669,0, ,0.0,0.0,0.0,0.0,0,0,0,0,0,0,0,0

SID,UTNI1B,24,4
CF,ME001,-22.392242,-41.800869,0,MCA,234.8,3.4,237.0,3.2,0,0,0,0,0,0,0,1
DF,ME046,-22.202761,-41.829503,2, ,0.0,0.0,0,0,0,1,210,0,0,1
TF,UTNIG,-22.012222,-41.542389,0, ,0.0,0.0,0.0,0.0,0,0,0,0,0,0,0,0

SID,UTNI1B,GIKPO,6
IF,UTNIG,-22.012222,-41.542389, ,0.0,0.0,0,0,0,0,0,0,0,0
TF,GIKPO,-21.730500,-41.249833,0, ,0.0,0.0,0.0,0.0,0,0,0,0,0,0,0,0

SID,UTNI1B,UTKIR,6
IF,UTNIG,-22.012222,-41.542389, ,0.0,0.0,0,0,0,0,0,0,0,0
TF,UTKIR,-21.697336,-41.306669,0, ,0.0,0.0,0.0,0.0,0,0,0,0,0,0,0,0

APPTR,D06,06,MCA
IF,MCA,-22.344447,-41.769000, ,0.0,0.0,2,4000,0,0,0,0,1,0
FD,MCA,-22.344447,-41.769000,0,MCA,0.0,8.0,201.0,8.0,2,1700,0,0,0,0,0,0
CF,CF06,-22.462764,-41.836181,2,MCA,230.8,8.0,51.0,1.0,2,1700,0,0,0,0,0,0

FINAL,D06,06,D,4
IF,CF06,-22.462764,-41.836181,MCA,230.8,8.0,2,1700,0,0,0,0,0,0
CF,ARUDA,-22.420875,-41.812381,0,MCA,230.8,5.2,51.0,2.8,2,1650,0,0,0,0,2,0
CF,ME029,-22.373547,-41.785511,0,MCA,230.8,2.0,51.0,3.2,2,631,0,0,0,0,0,0
CF,MCA07,-22.346922,-41.770406,0,MCA,230.9,0.2,51.0,1.8,1,58,0,0,0,0,3,0
CF,MCA,-22.344447,-41.769000,0,MCA,0.0,0.0,51.0,0.2,0,0,0,0,0,0,0,1
CA,0,51.0,2,2000,0,0,0,0,0,0
DF,MCA,-22.344447,-41.769000,1, ,0.0,0.0,2,4000,0,0,0,0,0,0
HM,MCA,-22.344447,-41.769000,1, ,0.0,0.0,201.0,04.3,2,4000,0,0,0,0,0,0,0

APPTR,D24,24,MCA
IF,MCA,-22.344447,-41.769000, ,0.0,0.0,2,3600,0,0,0,0,1,0
FD,MCA,-22.344447,-41.769000,0,MCA,0.0,8.0,88.0,8.0,2,1700,0,0,0,0,0,0
CF,CF24,-22.235533,-41.685483,1,MCA,58.5,8.0,239.0,1.0,2,1700,0,0,0,0,0,0

FINAL,D24,24,D,4
IF,CF24,-22.235533,-41.685483,MCA,58.5,8.0,2,1700,0,0,0,0,0,0
CF,OPTAR,-22.269703,-41.711667,0,MCA,58.5,5.5,239.0,2.5,2,1650,0,0,0,0,2,0
CF,ME014,-22.296372,-41.732117,0,MCA,58.5,3.5,239.0,2.0,2,1030,0,0,0,0,0,0
CF,MCA06,-22.337797,-41.763897,0,MCA,58.5,0.5,239.0,3.0,1,58,0,0,0,0,3,0
CA,0,239.0,2,2000,0,0,0,0,0,0
DF,MCA,-22.344447,-41.769000,1, ,0.0,0.0,2,3600,0,0,0,0,0,0
HM,MCA,-22.344447,-41.769000,2, ,0.0,0.0,88.0,04.3,2,3600,0,0,0,0,0,0,0

