SID,ENLO1A,12,5
CA,0,117.0,2,2000,0,0,0,0,0,0
DF,ENLOR,-29.153403,-53.836786,0, ,0.0,0.0,0,0,0,0,0,0,0,0

SID,ENLO1B,30,5
CA,0,297.0,2,2000,0,0,0,0,0,0
DF,ENLOR,-29.153403,-53.836786,1, ,0.0,0.0,0,0,0,0,0,0,0,0

SID,KEXI1A,12,5
CA,0,117.0,2,2000,0,0,0,0,0,0
DF,KEXIB,-28.873711,-54.965797,2, ,0.0,0.0,0,0,0,0,0,0,0,0

SID,KEXI1B,30,5
CA,0,297.0,2,2000,0,0,0,0,0,0
DF,KEXIB,-28.873711,-54.965797,0, ,0.0,0.0,0,0,0,0,0,0,0,0

SID,KEXU1A,12,5
CA,0,117.0,2,2000,0,0,0,0,0,0
DF,KEXUP,-27.723228,-53.346819,0, ,0.0,0.0,0,0,0,0,0,0,0,0

SID,KEXU1B,30,5
CA,0,297.0,2,2000,0,0,0,0,0,0
DF,KEXUP,-27.723228,-53.346819,2, ,0.0,0.0,0,0,0,0,0,0,0,0

SID,MADK1A,12,5
CA,0,117.0,2,2000,0,0,0,0,0,0
DF,MADKI,-28.273000,-53.130700,0, ,0.0,0.0,0,0,0,0,0,0,0,0

SID,MADK1B,30,5
CA,0,297.0,2,2000,0,0,0,0,0,0
DF,MADKI,-28.273000,-53.130700,2, ,0.0,0.0,0,0,0,0,0,0,0,0

SID,MOXA1A,12,5
CA,0,117.0,2,2000,0,0,0,0,0,0
DF,NM009,-28.491450,-53.841736,0, ,0.0,0.0,0,0,0,0,0,0,0,0
TF,MOXAP,-28.702989,-53.243975,0, ,0.0,0.0,0.0,0.0,0,0,0,0,0,0,0,0

SID,MOXA1B,30,5
CA,0,297.0,2,2000,0,0,0,0,0,0
DF,NM009,-28.491450,-53.841736,1, ,0.0,0.0,0,0,0,1,250,0,0,0
TF,MOXAP,-28.702989,-53.243975,0, ,0.0,0.0,0.0,0.0,0,0,0,0,0,0,0,0

SID,OMNI,12,1
VA,0,117.0,2,3000,0,0,0,0,0,0
VM,0,0,0,117.0,0,0,0,0,0,0,0,0

SID,OMNI,30,1
VA,0,297.0,2,3000,0,0,0,0,0,0
VM,0,0,0,297.0,0,0,0,0,0,0,0,0

APPTR,N12,12,SAN
IF,SAN,-28.279311,-54.171942, ,0.0,0.0,2,3000,0,0,0,0,1,0
FC,SAN,-28.279311,-54.171942,0,SMA,0.0,0.0,261.0,7.0,2,2300,0,0,0,0,0,1
CF,FF12,-28.276778,-54.253097,2,SMA,357.5,90.4,108.0,3.0,2,2300,0,0,0,0,0,0

FINAL,N12,12,N,2
IF,FF12,-28.276778,-54.253097,SAN,0.0,0.0,2,2300,0,0,0,0,2,0
CF,SAN03,-28.279153,-54.177506,0,SAN,0.0,0.0,108.0,4.0,1,1072,0,0,0,0,3,0
CF,SAN,-28.279311,-54.171942,0,SMA,0.1,89.0,108.0,0.3,0,0,0,0,0,0,0,1
CA,0,108.0,2,2100,0,0,0,0,0,0
DF,SAN,-28.279311,-54.171942,1, ,0.0,0.0,2,3000,0,0,0,0,0,0
HM,SAN,-28.279311,-54.171942,1, ,0.0,0.0,261.0,04.3,2,3000,0,0,0,0,0,0,0

APPTR,N30,30,SAN
IF,SAN,-28.279311,-54.171942, ,0.0,0.0,2,3000,0,0,0,0,1,0
FC,SAN,-28.279311,-54.171942,0,SMA,0.0,0.0,95.0,7.0,2,2300,0,0,0,0,0,1
CF,FF30,-28.300503,-54.088339,2,SMA,2.7,86.6,302.0,3.0,2,2300,0,0,0,0,0,0

FINAL,N30,30,N,2
IF,FF30,-28.300503,-54.088339,SAN,0.0,0.0,2,2300,0,0,0,0,2,0
CF,SAN04,-28.282181,-54.161017,0,SAN,0.0,0.0,302.0,4.0,1,1092,0,0,0,0,3,0
CF,SAN,-28.279311,-54.171942,0,SMA,0.1,89.0,302.0,0.6,0,0,0,0,0,0,0,1
CA,0,302.0,2,2100,0,0,0,0,0,0
DF,SAN,-28.279311,-54.171942,1, ,0.0,0.0,2,3000,0,0,0,0,0,0
HM,SAN,-28.279311,-54.171942,1, ,0.0,0.0,95.0,04.3,2,3000,0,0,0,0,0,0,0

APPTR,R12,12,NM001
IF,NM001,-28.167494,-54.345317, ,0.0,0.0,2,4000,0,0,0,0,1,0
TF,NM003,-28.249547,-54.363131,0, ,0.0,0.0,0.0,0.0,2,2700,0,0,0,0,1,0

APPTR,R12,12,NM004
IF,NM004,-28.233731,-54.455778, ,0.0,0.0,2,4000,0,0,0,0,1,0
TF,NM003,-28.249547,-54.363131,0, ,0.0,0.0,0.0,0.0,2,2700,0,0,0,0,1,0

APPTR,R12,12,NM006
IF,NM006,-28.331597,-54.380969, ,0.0,0.0,2,4000,0,0,0,0,1,0
TF,NM003,-28.249547,-54.363131,0, ,0.0,0.0,0.0,0.0,2,2700,0,0,0,0,1,0

FINAL,R12,12,R,4
IF,NM003,-28.249547,-54.363131, ,0.0,0.0,2,2700,0,0,0,0,0,0
TF,NM002,-28.265361,-54.270467,0, ,0.0,0.0,117.0,5.0,2,2660,0,0,0,0,2,0
TF,NM013,-28.274556,-54.216411,0, ,0.0,0.0,117.0,2.9,2,1735,0,0,0,0,0,0
TF,RW12,-28.281117,-54.177750,0, ,0.0,0.0,117.0,2.1,1,1071,0,0,0,0,3,1
CA,0,117.0,2,2000,0,0,0,0,0,0
DF,NM001,-28.167494,-54.345317,1, ,0.0,0.0,2,4000,0,0,0,0,0,0
HM,NM001,-28.167494,-54.345317,2, ,0.0,0.0,207.0,04.3,2,4000,0,0,0,0,0,0,0

APPTR,R30,30,NM007
IF,NM007,-28.397736,-53.960892, ,0.0,0.0,2,4000,0,0,0,0,1,0
TF,NM012,-28.315247,-53.975933,0, ,0.0,0.0,0.0,0.0,2,2700,0,0,0,0,1,0

APPTR,R30,30,NM008
IF,NM008,-28.243497,-53.927564, ,0.0,0.0,2,4000,0,0,0,0,1,0
TF,NM012,-28.315247,-53.975933,0, ,0.0,0.0,0.0,0.0,2,2700,0,0,0,0,1,0

FINAL,R30,30,R,3
IF,NM012,-28.315247,-53.975933, ,0.0,0.0,2,2700,0,0,0,0,0,0
TF,NM011,-28.299564,-54.068667,0, ,0.0,0.0,297.0,5.0,2,2680,0,0,0,0,2,0
TF,RW30,-28.283872,-54.161483,0, ,0.0,0.0,297.0,5.0,1,1092,0,0,0,0,3,1
CA,0,297.0,2,2100,0,0,0,0,0,0
DF,NM008,-28.243497,-53.927564,2, ,0.0,0.0,2,4000,0,0,0,0,0,1
HM,NM008,-28.243497,-53.927564,2, ,0.0,0.0,227.0,04.3,0,0,0,0,0,0,0,0,0

