SID,DORG1A,12,5
CA,0,123.0,2,800,0,0,0,0,0,0
DF,DORGI,-4.125842,-69.113028,0, ,0.0,0.0,0,0,0,0,0,0,0,0

SID,LIXE1A,30,4
CF,DIBAN,-4.232664,-69.985464,0,LET,239.1,3.5,305.0,2.7,0,0,0,0,0,0,0,1
DF,LIXER,-4.362397,-69.981847,1, ,0.0,0.0,0,0,0,1,210,0,0,1

SID,LIXE1A,DORGI,6
IF,LIXER,-4.362397,-69.981847, ,0.0,0.0,0,0,0,1,210,0,0,0
TF,BUTAB,-4.127167,-69.510000,0, ,0.0,0.0,0.0,0.0,0,0,0,0,0,0,0,0
TF,DORGI,-4.125842,-69.113028,0, ,0.0,0.0,0.0,0.0,0,0,0,0,0,0,0,0

SID,LIXE1A,SPRIN,6
IF,LIXER,-4.362397,-69.981847, ,0.0,0.0,0,0,0,1,210,0,0,0
TF,SPRIN,-4.599667,-69.793833,0, ,0.0,0.0,0.0,0.0,0,0,0,0,0,0,0,0

SID,LIXE1A,TARIB,6
IF,LIXER,-4.362397,-69.981847, ,0.0,0.0,0,0,0,1,210,0,0,0
TF,TARIB,-3.765667,-69.851000,0, ,0.0,0.0,0.0,0.0,0,0,0,0,0,0,0,0

SID,LIXE1A,VUKEB,6
IF,LIXER,-4.362397,-69.981847, ,0.0,0.0,0,0,0,1,210,0,0,0
TF,SPRIN,-4.599667,-69.793833,0, ,0.0,0.0,0.0,0.0,0,0,0,0,0,0,0,0
TF,VUKEB,-4.930167,-69.677167,0, ,0.0,0.0,0.0,0.0,0,0,0,0,0,0,0,0

SID,OMNI,12,1
CA,0,124.0,2,2000,0,0,0,0,0,0
VM,0,0,0,124.0,0,0,0,0,0,0,0,0

SID,OMNI,30,1
CA,0,304.0,2,670,0,0,0,0,0,0
CA,0,289.0,2,2000,0,0,0,0,0,0
VM,0,0,0,289.0,0,0,0,0,0,0,0,0

SID,SPRI1A,12,2
CA,0,126.0,2,700,0,0,0,0,0,0
CF,SPRIN,-4.599667,-69.793833,0,LET,169.0,25.7,167.0,22.0,0,0,0,0,0,0,0,0

SID,TARI1A,12,5
CA,0,123.0,2,800,0,0,0,0,0,0
DF,TARIB,-3.765667,-69.851000,1, ,0.0,0.0,0,0,0,0,0,0,0,0

SID,TOLU1A,12,2
CF,TOLUK,-4.313167,-69.821500,0,LET,143.7,10.0,126.0,7.1,0,0,0,0,0,0,0,0

SID,TOLU1A,BUTAB,3
IF,TOLUK,-4.313167,-69.821500, ,0.0,0.0,0,0,0,0,0,0,0,0
AF,ISLOT,-4.202597,-69.773025,1,LET,101.6,10.1,144.0,0,0,0,0,0,0,0,0
TF,BUTAB,-4.127167,-69.510000,0, ,0.0,0.0,0.0,0.0,0,0,0,0,0,0,0,0

SID,TOLU1A,EDPAT,3
IF,TOLUK,-4.313167,-69.821500, ,0.0,0.0,0,0,0,0,0,0,0,0
AF,ORALA,-4.064017,-69.835794,1,LET,47.8,10.0,144.0,0,0,0,0,0,0,0,0
TF,EDPAT,-3.808319,-69.697389,0, ,0.0,0.0,0.0,0.0,0,0,0,0,0,0,0,0

SID,VUKE1A,12,5
CA,0,123.0,2,800,0,0,0,0,0,0
DF,VUKEB,-4.930167,-69.677167,0, ,0.0,0.0,0,0,0,0,0,0,0,0

APPTR,N12-Y,12,TBT
IF,TBT,-4.249333,-69.936167, ,0.0,0.0,2,3000,0,0,0,0,1,0
FC,TBT,-4.249333,-69.936167,0,LET,0.0,0.0,305.0,7.5,2,1600,0,0,0,0,0,1
CF,FF12,-4.237486,-70.010636,1,LET,248.1,4.9,109.0,3.0,2,1600,0,0,0,0,0,0

FINAL,N12-Y,12,N,2
IF,FF12,-4.237486,-70.010636,TBT,0.0,0.0,2,1600,0,0,0,0,2,0
CF,TBT01,-4.248058,-69.943478,0,TBT,0.0,0.0,109.0,4.1,1,305,0,0,0,0,3,0
CA,0,109.0,2,1500,0,0,0,0,0,0
DF,TBT,-4.249333,-69.936167,2, ,0.0,0.0,2,3000,0,0,0,0,0,0
HM,TBT,-4.249333,-69.936167,2, ,0.0,0.0,305.0,04.3,2,3000,0,0,0,0,0,0,0

APPTR,N30-Z,30,TBT
IF,TBT,-4.249333,-69.936167, ,0.0,0.0,2,3000,0,0,0,0,1,0
FC,TBT,-4.249333,-69.936167,0,LET,0.0,0.0,161.0,8.2,0,0,0,0,0,0,0,1
CF,FF30,-4.301600,-69.867067,1,LET,154.5,7.7,317.0,3.0,2,1700,0,0,0,0,0,0

FINAL,N30-Z,30,N,2
IF,FF30,-4.301600,-69.867067,TBT,0.0,0.0,2,1700,0,0,0,0,2,0
CF,TT005,-4.257453,-69.925594,0,TBT,0.0,0.0,317.0,4.4,1,304,0,0,0,0,3,0
CA,0,317.0,2,670,0,0,0,0,0,0
CI,1, ,0.0,180.0,0,0,0,0,0,0,0,0
FA,TBT,-4.249333,-69.936167,0,LET,0.0,0.0,210.0,2,1100,0,1,220,0,0,0
DF,TBT,-4.249333,-69.936167,1, ,0.0,0.0,2,3000,0,0,0,0,0,0
HM,TBT,-4.249333,-69.936167,2, ,0.0,0.0,161.0,04.3,2,3000,0,0,0,0,0,0,0

APPTR,Q12-W,12,EGUXI
IF,EGUXI,-4.169069,-69.775200, ,0.0,0.0,2,3000,0,0,0,0,1,0
AF,MIGAM,-4.034747,-69.891517,1,LET,25.9,10.0,90.0,2,3000,0,0,0,0,0,0
AF,GATUR,-4.220025,-70.104942,1,LET,270.4,10.0,26.0,2,2000,0,0,0,0,1,0

APPTR,Q12-W,12,MIGAM
IF,MIGAM,-4.034747,-69.891517, ,0.0,0.0,2,3000,0,0,0,0,1,0
AF,GATUR,-4.220025,-70.104942,1,LET,270.4,10.0,26.0,2,2000,0,0,0,0,1,0

FINAL,Q12-W,12,N,3
IF,GATUR,-4.220025,-70.104942,TBT,0.0,0.0,2,2000,0,0,0,0,0,0
CF,DETIL,-4.233725,-70.025658,0,TBT,0.0,0.0,109.0,4.8,2,1910,0,0,0,0,2,0
CF,TBT01,-4.248058,-69.943478,0,LET,0.0,3.2,109.0,5.0,1,305,0,0,0,0,3,0
CA,0,109.0,2,670,0,0,0,0,0,0
CI,1, ,0.0,43.0,0,0,0,0,0,0,0,0
CF,EGUXI,-4.169069,-69.775200,0,LET,90.1,10.0,73.0,8.0,2,3000,0,0,0,0,0,0
HM,EGUXI,-4.169069,-69.775200,2, ,0.0,0.0,253.0,04.3,2,3000,0,0,0,0,0,0,0

APPTR,Q30-X,30,DARKU
IF,DARKU,-4.159694,-69.709619, ,0.0,0.0,2,3000,0,0,0,0,1,0
AF,USEDA,-4.367344,-69.782478,2,LET,146.5,14.0,90.0,2,2500,0,0,0,0,1,0

APPTR,Q30-X,30,SUSTU
IF,SUSTU,-4.428317,-69.926069, ,0.0,0.0,2,3000,0,1,240,0,1,0
AF,USEDA,-4.367344,-69.782478,1,LET,146.5,14.0,185.0,2,2500,0,0,0,0,1,0

FINAL,Q30-X,30,N,3
IF,USEDA,-4.367344,-69.782478,TBT,0.0,0.0,2,2500,0,0,0,0,0,0
CF,VULOR,-4.316472,-69.848742,0,TBT,0.0,0.0,317.0,5.0,2,2160,0,0,0,0,2,0
CF,TBT02,-4.257453,-69.925594,0,LET,0.0,3.8,317.0,5.8,1,303,0,0,0,0,3,0
CA,0,317.0,2,1100,0,1,240,0,0,0
VI,1, ,0.0,120.0,0,0,0,1,240,0,0,0
CF,SUSTU,-4.428317,-69.926069,0,LET,185.6,14.0,186.0,7.0,2,3000,0,1,240,0,0,0
HM,SUSTU,-4.428317,-69.926069,2, ,0.0,0.0,6.0,04.3,2,3000,0,0,0,0,0,0,0

APPTR,R12-Y,12,TT003
IF,TT003,-4.098211,-70.076056, ,0.0,0.0,2,3000,0,0,0,0,1,0
TF,TT002,-4.174206,-70.111083,0, ,0.0,0.0,0.0,0.0,2,2000,0,0,0,0,1,0

APPTR,R12-Y,12,TT004
IF,TT004,-4.250200,-70.146117, ,0.0,0.0,2,3000,0,0,0,0,1,0
TF,TT002,-4.174206,-70.111083,0, ,0.0,0.0,0.0,0.0,2,2000,0,0,0,0,1,0

APPTR,R12-Y,12,TT006
IF,TT006,-4.139031,-70.186769, ,0.0,0.0,2,3000,0,0,0,0,1,0
TF,TT002,-4.174206,-70.111083,0, ,0.0,0.0,0.0,0.0,2,2000,0,0,0,0,1,0

FINAL,R12-Y,12,R,3
IF,TT002,-4.174206,-70.111083, ,0.0,0.0,2,2000,0,0,0,0,0,0
TF,TT001,-4.216467,-70.020278,0, ,0.0,0.0,124.0,6.0,2,1910,0,0,0,0,2,0
TF,RW12,-4.251650,-69.944597,0, ,0.0,0.0,124.0,5.0,1,311,0,0,0,0,3,1
CA,0,124.0,2,1500,0,0,0,0,0,0
DF,TT006,-4.139031,-70.186769,2, ,0.0,0.0,2,3000,0,0,0,0,0,0
HM,TT006,-4.139031,-70.186769,2, ,0.0,0.0,124.0,04.3,2,3000,0,0,0,0,0,0,0

APPTR,R30-Z,30,TT013
IF,TT013,-4.372461,-69.684797, ,0.0,0.0,2,3000,0,0,0,0,1,0
TF,TT012,-4.337278,-69.760500,0, ,0.0,0.0,0.0,0.0,2,2000,0,0,0,0,1,0

APPTR,R30-Z,30,TT016
IF,TT016,-4.413264,-69.795556, ,0.0,0.0,2,3000,0,0,0,0,1,0
TF,TT012,-4.337278,-69.760500,0, ,0.0,0.0,0.0,0.0,2,2000,0,0,0,0,1,0

APPTR,R30-Z,30,TT017
IF,TT017,-4.277908,-69.701678, ,0.0,0.0,2,3000,0,0,0,0,1,0
TF,TT012,-4.337278,-69.760500,0, ,0.0,0.0,0.0,0.0,2,2000,0,0,0,0,1,0

FINAL,R30-Z,30,R,3
IF,TT012,-4.337278,-69.760500, ,0.0,0.0,2,2000,0,0,0,0,0,0
TF,TT018,-4.295050,-69.851333,0, ,0.0,0.0,304.0,6.0,2,1900,0,0,0,0,2,0
TF,RW30,-4.259825,-69.927022,0, ,0.0,0.0,304.0,5.0,1,307,0,0,0,0,3,1
CA,0,304.0,2,1200,0,0,0,0,0,0
DF,TT013,-4.372461,-69.684797,1, ,0.0,0.0,2,3000,0,0,0,0,0,0
HM,TT013,-4.372461,-69.684797,1, ,0.0,0.0,304.0,04.3,2,3000,0,0,0,0,0,0,0

