SID,OMNI,27,2
CA,0,278.0,2,1000,0,0,0,0,0,0
VM,0,0,0,278.0,0,0,0,0,0,0,0,0

APPTR,N27,27,URG
IF,URG,-29.786014,-57.036586, ,0.0,0.0,2,2000,0,0,0,0,1,0
FC,URG,-29.786014,-57.036586,0,URG,0.0,0.0,60.0,7.9,2,1600,0,0,0,0,0,1
CF,FF27,-29.763767,-56.953289,2,URG,86.0,4.6,266.0,4.0,2,1600,0,0,0,0,0,0

FINAL,N27,27,N,3
IF,FF27,-29.763767,-56.953289,URG,0.0,0.0,2,1600,0,0,0,0,2,0
CF,UG011,-29.784072,-57.029453,0,URG,0.0,0.0,266.0,4.2,1,280,0,0,0,0,0,1
CF,URG,-29.786014,-57.036586,0,URG,0.0,0.0,266.0,0.4,2,660,0,0,0,0,3,1
CA,0,221.0,2,1500,0,0,0,0,0,0
DF,URG,-29.786014,-57.036586,1, ,0.0,0.0,2,2000,0,0,0,0,0,0
HM,URG,-29.786014,-57.036586,2, ,0.0,0.0,60.0,04.3,2,2000,0,0,0,0,0,0,0

APPTR,R09,09,UG094
IF,UG094,-29.896008,-56.972869, ,0.0,0.0,2,3000,0,0,0,0,1,0
TF,UG093,-29.891597,-57.164542,0, ,0.0,0.0,0.0,0.0,2,1800,0,0,0,0,0,0
TF,UG092,-29.827072,-57.184503,0, ,0.0,0.0,0.0,0.0,2,1600,0,0,0,0,1,0

FINAL,R09,09,R,3
IF,UG092,-29.827072,-57.184503, ,0.0,0.0,2,1600,0,0,0,0,0,0
TF,UG091,-29.788644,-57.121806,0, ,0.0,0.0,68.0,4.0,2,1580,0,0,0,0,2,0
TF,RW09,-29.782664,-57.045500,0, ,0.0,0.0,98.0,4.0,1,301,0,0,0,0,3,1
CA,0,98.0,2,1400,0,0,0,0,0,0
DF,UG094,-29.896008,-56.972869,2, ,0.0,0.0,2,3000,0,0,0,0,0,1
HM,UG094,-29.896008,-56.972869,2, ,0.0,0.0,285.0,04.3,2,3000,0,0,0,0,0,0,0

APPTR,R27-Z,27,UG004
IF,UG004,-29.856886,-56.789644, ,0.0,0.0,2,3000,0,0,0,0,1,0
TF,UG003,-29.766233,-56.838711,0, ,0.0,0.0,0.0,0.0,2,2000,0,0,0,0,1,0

APPTR,R27-Z,27,UG006
IF,UG006,-29.669283,-56.809494, ,0.0,0.0,2,3000,0,0,0,0,1,0
TF,UG003,-29.766233,-56.838711,0, ,0.0,0.0,0.0,0.0,2,2000,0,0,0,0,1,0

APPTR,R27-Z,27,UG007
IF,UG007,-29.757003,-56.724306, ,0.0,0.0,2,3000,0,0,0,0,1,0
TF,UG003,-29.766233,-56.838711,0, ,0.0,0.0,0.0,0.0,2,2000,0,0,0,0,1,0

FINAL,R27-Z,27,R,4
IF,UG003,-29.766233,-56.838711, ,0.0,0.0,2,2000,0,0,0,0,0,0
TF,UG001,-29.773850,-56.934064,0, ,0.0,0.0,278.0,5.0,2,1890,0,0,0,0,2,0
TF,UG012,-29.779014,-56.999206,0, ,0.0,0.0,278.0,3.4,2,800,0,0,0,0,0,0
TF,RW27,-29.781447,-57.030047,0, ,0.0,0.0,278.0,1.6,1,279,0,0,0,0,3,1
CF,UG002,-29.787153,-57.102728,0,CRS,160.5,165.7,278.0,3.8,0,0,0,0,0,0,0,1
DF,UG009,-29.895053,-57.030608,1, ,0.0,0.0,2,3000,0,0,0,0,0,1
HM,UG009,-29.895053,-57.030608,2, ,0.0,0.0,98.0,04.3,2,3000,0,0,0,0,0,0,0

