SID,ROPO1W,10,5
DF,DER10,4.075053,-73.551494,0, ,0.0,0.0,0,0,0,0,0,0,0,1
CA,0,103.0,2,1700,0,0,0,0,0,0
DF,AP901,3.893331,-73.557219,2, ,0.0,0.0,2,5000,0,0,0,0,0,0
TF,ROPOR,3.766667,-73.600833,0, ,0.0,0.0,0.0,0.0,2,7000,0,0,0,0,0,0

SID,ROPO1Y,28,5
DF,DER28,4.077083,-73.573975,0, ,0.0,0.0,0,0,0,0,0,0,0,1
CA,0,283.0,2,1700,0,0,0,0,0,0
DF,AP901,3.893331,-73.557219,1, ,0.0,0.0,2,5000,0,0,0,0,0,0
TF,ROPOR,3.766667,-73.600833,0, ,0.0,0.0,0.0,0.0,2,7000,0,0,0,0,0,0

SID,ROPO1Z,28,5
DF,DER28,4.077083,-73.573975,0, ,0.0,0.0,0,0,0,0,0,0,0,1
CA,0,283.0,2,1700,0,0,0,0,0,0
DF,AP901,3.893331,-73.557219,1, ,0.0,0.0,2,5000,0,1,185,0,0,0
TF,ROPOR,3.766667,-73.600833,0, ,0.0,0.0,0.0,0.0,2,7000,0,0,0,0,0,0

SID,UBRI1W,10,5
DF,DER10,4.075053,-73.551494,0, ,0.0,0.0,0,0,0,0,0,0,0,1
CA,0,103.0,2,1700,0,0,0,0,0,0
DF,UBRID,3.202222,-72.963611,0, ,0.0,0.0,2,5000,0,0,0,0,0,0

SID,VVC1J,10,2
DF,DER10,4.075053,-73.551494,0, ,0.0,0.0,0,0,0,0,0,0,0,1
CF,VVC,4.066667,-73.382222,0,VVC,0.0,0.0,101.0,10.0,0,0,0,0,0,0,0,0

SID,VVC1K,28,2
DF,DER28,4.077083,-73.573975,0, ,0.0,0.0,0,0,0,0,0,0,0,1
CA,0,282.0,2,1700,0,0,0,0,0,0
DF,VVC,4.066667,-73.382222,1, ,0.0,0.0,0,0,0,1,200,0,0,0

SID,VVC1L,28,2
DF,DER28,4.077083,-73.573975,0, ,0.0,0.0,0,0,0,0,0,0,0,1
CA,0,282.0,2,1700,0,0,0,0,0,0
DF,VVC,4.066667,-73.382222,1, ,0.0,0.0,0,0,0,0,0,0,0,0

STAR,ANLA1X,28,5
IF,ANLAV,4.723056,-73.311944, ,0.0,0.0,2,13000,0,0,0,0,0,0
TF,UTLEL,4.481761,-73.337797,0, ,0.0,0.0,0.0,0.0,2,10000,0,0,0,0,0,0
TF,VIDAL,4.316667,-73.355556,0, ,0.0,0.0,0.0,0.0,2,8000,0,0,0,0,0,0
TF,UTKEM,4.060006,-73.385383,0, ,0.0,0.0,0.0,0.0,2,4000,0,0,0,0,0,0

STAR,ANLA1Z,28,2
IF,ANLAV,4.723056,-73.311944, ,0.0,0.0,2,13000,0,0,0,0,0,0
TF,UTLEL,4.481761,-73.337797,0, ,0.0,0.0,0.0,0.0,2,10000,0,0,0,0,0,0
TF,VIDAL,4.316667,-73.355556,0, ,0.0,0.0,0.0,0.0,2,7000,0,0,0,0,0,0
TF,D013B,4.100250,-73.378667,0, ,0.0,0.0,0.0,0.0,1,4000,0,0,0,0,0,0
TF,FS28,4.069978,-73.468897,0, ,0.0,0.0,0.0,0.0,2,2500,0,0,0,0,0,0

STAR,KOTE1X,28,5
IF,KOTER,3.714167,-72.977222, ,0.0,0.0,2,5000,0,0,0,0,0,0
TF,ASGIN,3.979061,-73.364014,0, ,0.0,0.0,0.0,0.0,2,5000,0,0,0,0,0,0

STAR,KOTE1Y,28,2
IF,KOTER,3.714167,-72.977222, ,0.0,0.0,2,5000,0,0,0,0,0,0
TF,D140O,3.902369,-73.193214,0, ,0.0,0.0,0.0,0.0,2,5000,0,0,0,0,0,0
AF,D098O,4.066906,-73.132042,1,VVC,98.0,15.0,140.0,0,0,0,1,190,0,0,0
TF,D098M,4.066914,-73.165397,0, ,0.0,0.0,0.0,0.0,2,5000,0,0,0,0,0,0
TF,D098E,4.066939,-73.298828,0, ,0.0,0.0,0.0,0.0,1,4000,0,0,0,0,0,0
TF,VVC,4.066667,-73.382222,0, ,0.0,0.0,0.0,0.0,0,0,0,0,0,0,0,0

STAR,KOTE1Z,28,2
IF,KOTER,3.714167,-72.977222, ,0.0,0.0,2,5000,0,0,0,0,0,0
TF,VVC,4.066667,-73.382222,0, ,0.0,0.0,0.0,0.0,2,4000,0,0,0,0,0,0

STAR,POVK1X,28,5
IF,POVKA,4.194444,-72.977222, ,0.0,0.0,2,5000,0,0,0,0,0,0
TF,UTKEM,4.060006,-73.385383,0, ,0.0,0.0,0.0,0.0,2,4000,0,0,0,0,0,0

STAR,POVK1Y,28,2
IF,POVKA,4.194444,-72.977222, ,0.0,0.0,2,5000,0,0,0,0,0,0
TF,D080O,4.142128,-73.143494,0, ,0.0,0.0,0.0,0.0,2,5000,0,0,0,0,0,0
AF,D098O,4.066906,-73.132042,2,VVC,98.0,15.0,80.0,0,0,0,1,190,0,0,0
TF,D098M,4.066914,-73.165397,0, ,0.0,0.0,0.0,0.0,2,5000,0,0,0,0,0,0
TF,D098E,4.066939,-73.298828,0, ,0.0,0.0,0.0,0.0,1,4000,0,0,0,0,0,0
TF,VVC,4.066667,-73.382222,0, ,0.0,0.0,0.0,0.0,0,0,0,0,0,0,0,0

STAR,POVK1Z,28,2
IF,POVKA,4.194444,-72.977222, ,0.0,0.0,2,5000,0,0,0,0,0,0
TF,VVC,4.066667,-73.382222,0, ,0.0,0.0,0.0,0.0,2,4000,0,0,0,0,0,0

STAR,ROPO1X,28,5
IF,ROPOR,3.766667,-73.600833, ,0.0,0.0,2,7000,0,0,0,0,0,0
TF,ASGIN,3.979061,-73.364014,0, ,0.0,0.0,0.0,0.0,2,5000,0,0,0,0,0,0

STAR,UBNO1X,28,5
IF,UBNOT,4.576389,-72.977222, ,0.0,0.0,2,5000,0,0,0,0,0,0
TF,UTKEM,4.060006,-73.385383,0, ,0.0,0.0,0.0,0.0,2,4000,0,0,0,0,0,0

STAR,UBNO1Y,28,2
IF,UBNOT,4.576389,-72.977222, ,0.0,0.0,2,5000,0,0,0,0,0,0
TF,D046O,4.263328,-73.226181,0, ,0.0,0.0,0.0,0.0,2,5000,0,0,0,0,0,0
AF,D080O,4.142128,-73.143494,2,VVC,80.6,15.0,46.0,2,5000,0,1,190,0,0,0
AF,D098O,4.066906,-73.132042,2,VVC,98.0,15.0,80.0,0,0,0,1,190,0,0,0
TF,D098M,4.066914,-73.165397,0, ,0.0,0.0,0.0,0.0,2,5000,0,0,0,0,0,0
TF,D098E,4.066939,-73.298828,0, ,0.0,0.0,0.0,0.0,1,4000,0,0,0,0,0,0
TF,VVC,4.066667,-73.382222,0, ,0.0,0.0,0.0,0.0,0,0,0,0,0,0,0,0

STAR,UBNO1Z,28,2
IF,UBNOT,4.576389,-72.977222, ,0.0,0.0,2,5000,0,0,0,0,0,0
TF,VVC,4.066667,-73.382222,0, ,0.0,0.0,0.0,0.0,2,4000,0,0,0,0,0,0

STAR,UBRI1X,28,5
IF,UBRID,3.202222,-72.963611, ,0.0,0.0,2,5000,0,0,0,0,0,0
TF,ASGIN,3.979061,-73.364014,0, ,0.0,0.0,0.0,0.0,2,5000,0,0,0,0,0,0

STAR,UBRI1Y,28,2
IF,UBRID,3.202222,-72.963611, ,0.0,0.0,2,5000,0,0,0,0,0,0
TF,D162O,3.841042,-73.272775,0, ,0.0,0.0,0.0,0.0,2,5000,0,0,0,0,0,0
AF,D140O,3.902369,-73.193214,1,VVC,138.9,15.0,162.0,2,5000,0,1,190,0,0,0
AF,D098O,4.066906,-73.132042,1,VVC,98.0,15.0,140.0,0,0,0,1,190,0,0,0
TF,D098M,4.066914,-73.165397,0, ,0.0,0.0,0.0,0.0,2,5000,0,0,0,0,0,0
TF,D098E,4.066939,-73.298828,0, ,0.0,0.0,0.0,0.0,1,4000,0,0,0,0,0,0
TF,VVC,4.066667,-73.382222,0, ,0.0,0.0,0.0,0.0,0,0,0,0,0,0,0,0

STAR,UBRI1Z,28,2
IF,UBRID,3.202222,-72.963611, ,0.0,0.0,2,5000,0,0,0,0,0,0
TF,VVC,4.066667,-73.382222,0, ,0.0,0.0,0.0,0.0,2,4000,0,0,0,0,0,0

FINAL,D28,28,D,4
IF,VVC,4.066667,-73.382222,VVC,0.0,0.0,2,4000,0,0,0,0,0,0
CF,FS28,4.069978,-73.468897,0,VVC,280.0,5.2,280.0,5.2,2,2500,0,0,0,0,2,0
CF,67VOR,4.070853,-73.493900,0,VVC,280.0,6.7,280.0,1.5,2,2200,0,0,0,0,0,0
CF,MS28,4.072131,-73.530572,0,VVC,280.0,8.9,280.0,2.2,1,1585,0,0,0,0,3,0
VD, ,0,0,0,VVC,0.0,0.0,280.0,11.0,0,0,0,0,0,0,0,0
DF,VVC,4.066667,-73.382222,1, ,0.0,0.0,2,5000,0,1,185,0,0,0
HM,VVC,4.066667,-73.382222,1, ,0.0,0.0,301.0,04.3,2,5000,0,0,0,0,0,0,0

APPTR,I28-Y,28,ASGIN
IF,ASGIN,3.979061,-73.364014, ,0.0,0.0,2,5000,0,0,0,0,1,0
TF,UTKEM,4.060006,-73.385383,0,IAPY,0.0,0.0,0.0,0.0,2,4000,0,0,0,0,1,0

FINAL,I28-Y,28,I,3
IF,UTKEM,4.060006,-73.385383,IAPY,103.1,11.5,2,4000,0,0,0,0,0,0
CF,TESET,4.067528,-73.468439,0,IAPY,103.1,6.5,283.0,5.0,1,2600,0,0,0,0,2,0
CF,RW28,4.075053,-73.551494,0,IAPY,103.0,1.5,283.0,5.0,1,1232,0,0,0,0,3,1
TF,AP404,4.077083,-73.573975,0, ,0.0,0.0,0.0,0.0,0,0,0,1,185,0,0,1
DF,UTKEM,4.060006,-73.385383,1, ,0.0,0.0,2,5000,0,1,185,0,0,1
HM,UTKEM,4.060006,-73.385383,1, ,0.0,0.0,301.0,04.3,2,5000,0,1,230,0,0,0,0

APPTR,I28-Z,28,VVC
IF,VVC,4.066667,-73.382222, ,0.0,0.0,2,4000,0,0,0,0,0,0
CF,CF28,4.064858,-73.434650,0,IAPY,103.0,8.5,278.0,3.2,2,2600,0,0,0,0,0,0

FINAL,I28-Z,28,I,3
IF,CF28,4.064858,-73.434650,IAPY,103.0,8.5,2,2600,0,0,0,0,0,0
CF,FF28,4.067758,-73.467883,0,IAPY,103.0,6.5,283.0,2.0,1,2600,0,0,0,0,2,0
CF,RW28,4.075053,-73.551494,0,IAPY,103.0,1.5,283.0,5.0,1,1232,0,0,0,0,3,0
VD, ,0,0,0,VVC,0.0,0.0,283.0,11.5,0,0,0,0,0,0,0,0
DF,VVC,4.066667,-73.382222,1, ,0.0,0.0,2,5000,0,1,185,0,0,0
HM,VVC,4.066667,-73.382222,1, ,0.0,0.0,301.0,04.3,2,5000,0,0,0,0,0,0,0

APPTR,R28,28,ASGIN
IF,ASGIN,3.979061,-73.364014, ,0.0,0.0,2,5000,0,0,0,0,1,0
TF,UTKEM,4.060006,-73.385383,0, ,0.0,0.0,0.0,0.0,2,4000,0,0,0,0,1,0

FINAL,R28,28,R,4
IF,UTKEM,4.060006,-73.385383, ,0.0,0.0,2,4000,0,0,0,0,0,0
TF,TESET,4.067528,-73.468439,0, ,0.0,0.0,283.0,5.0,2,2600,0,0,0,0,2,0
TF,AP405,4.069811,-73.493539,0, ,0.0,0.0,283.0,1.5,2,2200,0,0,0,0,0,0
TF,RW28,4.075053,-73.551494,0, ,0.0,0.0,283.0,3.5,1,1232,0,0,0,0,3,1
TF,AP404,4.077083,-73.573975,0, ,0.0,0.0,0.0,0.0,0,0,0,0,0,0,0,1
DF,UTKEM,4.060006,-73.385383,1, ,0.0,0.0,2,5000,0,1,185,0,0,1
HM,UTKEM,4.060006,-73.385383,1, ,0.0,0.0,301.0,04.3,2,5000,0,1,230,0,0,0,0

FINAL,V10-A,10,D,4
IF,VVC,4.066667,-73.382222,VVC,0.0,0.0,2,4000,0,0,0,0,0,0
CF,FF274,4.060981,-73.467075,0,VVC,274.0,5.1,274.0,5.1,2,2900,0,0,0,0,2,0
CF,66VOR,4.059225,-73.492031,0,VVC,274.0,6.6,274.0,1.5,2,2600,0,0,0,0,0,0
CF,MA274,4.055008,-73.551928,0,VVC,274.0,10.2,274.0,3.6,1,2200,0,0,0,0,3,1
DF,VVC,4.066667,-73.382222,1, ,0.0,0.0,2,5000,0,0,0,0,0,0
HM,VVC,4.066667,-73.382222,1, ,0.0,0.0,301.0,04.3,2,5000,0,0,0,0,0,0,0

FINAL,V28-A,28,D,4
IF,VVC,4.066667,-73.382222,VVC,0.0,0.0,2,4000,0,0,0,0,0,0
CF,FF274,4.060981,-73.467075,0,VVC,274.0,5.1,274.0,5.1,2,2900,0,0,0,0,2,0
CF,66VOR,4.059225,-73.492031,0,VVC,274.0,6.6,274.0,1.5,2,2600,0,0,0,0,0,0
CF,MA274,4.055008,-73.551928,0,VVC,274.0,10.2,274.0,3.6,1,2200,0,0,0,0,3,1
DF,VVC,4.066667,-73.382222,1, ,0.0,0.0,2,5000,0,0,0,0,0,0
HM,VVC,4.066667,-73.382222,1, ,0.0,0.0,301.0,04.3,2,5000,0,0,0,0,0,0,0

