SID,CUC1E,21,2
CA,0,206.0,2,1490,0,0,0,0,0,0
FD,CUC,7.933333,-72.513611,0,CUC,0.0,3.0,201.0,3.0,2,1900,0,0,0,0,0,0
CF,D008E,8.017325,-72.515353,2,CUC,8.0,5.0,40.0,8.0,2,7000,0,1,180,0,0,0
FD,D008E,8.017325,-72.515353,0,CUC,8.0,10.0,8.0,10.0,2,9000,0,0,0,0,0,0
CF,D028J,8.091942,-72.459181,2,CUC,28.0,10.0,208.0,1.0,2,10000,0,1,210,0,0,0
TF,CUC,7.933333,-72.513611,0, ,0.0,0.0,0.0,0.0,2,13000,0,0,0,0,0,0

SID,CUC3C,16,2
CD, ,0,0,0,CUC,0,0.0,158.0,3.0,2,2200,0,0,0,0,0,0
CF,CUC,7.933333,-72.513611,2,CUC,0.0,0.0,30.0,3.0,2,5000,0,1,180,0,0,0
FD,CUC,7.933333,-72.513611,0,CUC,0.0,10.0,8.0,10.0,2,9000,0,0,0,0,0,0
CF,D028J,8.091942,-72.459181,2,CUC,28.0,10.0,208.0,1.0,2,10000,0,1,210,0,0,0
TF,CUC,7.933333,-72.513611,0, ,0.0,0.0,0.0,0.0,2,13000,0,0,0,0,0,0

SID,CUC3D,03,1
CD, ,0,0,0,CUC,0,0.0,26.0,1.5,2,1500,0,0,0,0,0,0
FD,CUC,7.933333,-72.513611,0,CUC,0.0,13.0,8.0,13.0,2,6500,0,0,0,0,0,0
CF,D025M,8.142867,-72.453669,2,CUC,25.0,13.0,205.0,1.0,2,8000,0,1,210,0,0,0
TF,CUC,7.933333,-72.513611,0, ,0.0,0.0,0.0,0.0,2,13000,0,0,0,0,0,0

SID,CUC3D,34,1
CD, ,0,0,0,CUC,0,0.0,338.0,1.5,2,1500,0,0,0,0,0,0
FD,CUC,7.933333,-72.513611,0,CUC,0.0,13.0,8.0,13.0,2,6500,0,0,0,0,0,0
CF,D025M,8.142867,-72.453669,2,CUC,25.0,13.0,205.0,1.0,2,8000,0,1,210,0,0,0
TF,CUC,7.933333,-72.513611,0, ,0.0,0.0,0.0,0.0,2,13000,0,0,0,0,0,0

SID,DIMI1D,21,2
CA,0,206.0,2,1500,0,0,0,0,0,0
FD,CUC,7.933333,-72.513611,0,CUC,0.0,3.0,201.0,3.0,2,1900,0,0,0,0,0,0
CF,D008E,8.017325,-72.515353,2,CUC,8.0,5.0,40.0,8.0,2,7000,0,1,180,0,0,0
TF,D008O,8.184758,-72.518286,0, ,0.0,0.0,0.0,0.0,2,8000,0,0,0,0,0,0
AF,D316O,8.086936,-72.713492,1,CUC,316.6,15.0,8.0,0,0,0,0,0,0,0,0
TF,DIMIL,8.412778,-73.138611,0, ,0.0,0.0,0.0,0.0,0,0,0,0,0,0,0,0

SID,DIMI4B,16,2
CD, ,0,0,0,CUC,0,0.0,158.0,3.0,2,2200,0,0,0,0,0,0
CF,CUC,7.933333,-72.513611,2,CUC,0.0,0.0,30.0,4.0,2,3200,0,1,180,0,0,0
TF,D008O,8.184758,-72.518286,0, ,0.0,0.0,0.0,0.0,2,7000,0,0,0,0,0,0
AF,D316O,8.086936,-72.713492,1,CUC,316.6,15.0,8.0,0,0,0,0,0,0,0,0
TF,DIMIL,8.412778,-73.138611,0, ,0.0,0.0,0.0,0.0,0,0,0,0,0,0,0,0

SID,DIMI6A,03,1
CD, ,0,0,0,CUC,0,0.0,26.0,1.5,2,1600,0,0,0,0,0,0
CF,D008O,8.184758,-72.518286,0,CUC,8.0,15.0,8.0,14.0,2,7000,0,0,0,0,0,0

SID,DIMI6A,34,1
CD, ,0,0,0,CUC,0,0.0,338.0,1.5,2,1700,0,0,0,0,0,0
VI,0, ,0.0,38.0,0,0,0,0,0,0,0,0
CF,D008O,8.184758,-72.518286,0,CUC,8.0,15.0,8.0,11.0,2,7000,0,0,0,0,0,0

SID,DIMI6A,ALL,2
IF,D008O,8.184758,-72.518286, ,0.0,0.0,2,7000,0,0,0,0,0,0
AF,D316O,8.086936,-72.713492,1,CUC,316.6,15.0,8.0,0,0,0,0,0,0,0,0
TF,DIMIL,8.412778,-73.138611,0, ,0.0,0.0,0.0,0.0,0,0,0,0,0,0,0,0

SID,TIBU1D,21,2
CA,0,206.0,2,1500,0,0,0,0,0,0
FD,CUC,7.933333,-72.513611,0,CUC,0.0,3.0,201.0,3.0,2,1900,0,0,0,0,0,0
CF,D008E,8.017325,-72.515353,2,CUC,8.0,5.0,40.0,8.0,2,7000,0,1,180,0,0,0
TF,D008O,8.184758,-72.518286,0, ,0.0,0.0,0.0,0.0,2,8000,0,0,0,0,0,0
AF,D353O,8.176283,-72.578950,1,CUC,354.0,15.0,8.0,0,0,0,0,0,0,0,0
TF,TIBUS,8.612500,-72.696111,0, ,0.0,0.0,0.0,0.0,0,0,0,0,0,0,0,0

SID,TIBU4B,16,2
CD, ,0,0,0,CUC,0,0.0,158.0,3.0,2,2200,0,0,0,0,0,0
CF,CUC,7.933333,-72.513611,2,CUC,0.0,0.0,30.0,4.0,2,3200,0,1,180,0,0,0
TF,D008O,8.184758,-72.518286,0, ,0.0,0.0,0.0,0.0,2,7000,0,0,0,0,0,0
AF,D353O,8.176283,-72.578950,1,CUC,354.0,15.0,8.0,0,0,0,0,0,0,0,0
TF,TIBUS,8.612500,-72.696111,0, ,0.0,0.0,0.0,0.0,0,0,0,0,0,0,0,0

SID,TIBU6A,03,1
CD, ,0,0,0,CUC,0,0.0,26.0,1.5,2,1600,0,0,0,0,0,0
CF,D008O,8.184758,-72.518286,0,CUC,8.0,15.0,8.0,14.0,2,7000,0,0,0,0,0,0

SID,TIBU6A,34,1
CD, ,0,0,0,CUC,0,0.0,338.0,1.5,2,1700,0,0,0,0,0,0
VI,0, ,0.0,38.0,0,0,0,0,0,0,0,0
CF,D008O,8.184758,-72.518286,0,CUC,8.0,15.0,8.0,11.0,2,7000,0,0,0,0,0,0

SID,TIBU6A,ALL,2
IF,D008O,8.184758,-72.518286, ,0.0,0.0,2,7000,0,0,0,0,0,0
AF,D353O,8.176283,-72.578950,1,CUC,354.0,15.0,8.0,0,0,0,0,0,0,0,0
TF,TIBUS,8.612500,-72.696111,0, ,0.0,0.0,0.0,0.0,0,0,0,0,0,0,0,0

SID,TORA1B,16,2
CD, ,0,0,0,CUC,0,0.0,158.0,3.0,2,2200,0,0,0,0,0,0
CF,CUC,7.933333,-72.513611,2,CUC,0.0,0.0,30.0,4.0,2,3200,0,1,180,0,0,0
TF,D008O,8.184758,-72.518286,0, ,0.0,0.0,0.0,0.0,2,7000,0,0,0,0,0,0
AF,D243O,7.789586,-72.720275,1,CUC,244.0,15.0,8.0,0,0,0,0,0,0,0,0
TF,TORAT,7.669444,-72.892222,0, ,0.0,0.0,0.0,0.0,0,0,0,0,0,0,0,0

SID,TORA1J,16,2
CD, ,0,0,0,CUC,0,0.0,158.0,3.0,2,2200,0,0,0,0,0,0
CF,CUC,7.933333,-72.513611,2,CUC,0.0,0.0,30.0,3.0,2,5000,0,1,180,0,0,0
FD,CUC,7.933333,-72.513611,0,CUC,0.0,10.0,8.0,10.0,2,9000,0,0,0,0,0,0
CF,D028J,8.091942,-72.459181,2,CUC,28.0,10.0,208.0,1.0,2,10000,0,1,210,0,0,0
TF,CUC,7.933333,-72.513611,0, ,0.0,0.0,0.0,0.0,2,13000,0,0,0,0,0,0
TF,D243J,7.837606,-72.651494,0, ,0.0,0.0,0.0,0.0,2,15000,0,0,0,0,0,0
TF,TORAT,7.669444,-72.892222,0, ,0.0,0.0,0.0,0.0,0,0,0,0,0,0,0,0

SID,TORA1K,03,1
CD, ,0,0,0,CUC,0,0.0,26.0,1.5,2,1500,0,0,0,0,0,0
FD,CUC,7.933333,-72.513611,0,CUC,0.0,13.0,8.0,13.0,2,6500,0,0,0,0,0,0
CF,D025M,8.142867,-72.453669,2,CUC,25.0,13.0,205.0,1.0,2,8000,0,1,210,0,0,0
TF,CUC,7.933333,-72.513611,0, ,0.0,0.0,0.0,0.0,2,13000,0,0,0,0,0,0

SID,TORA1K,34,1
CD, ,0,0,0,CUC,0,0.0,338.0,1.5,2,1500,0,0,0,0,0,0
FD,CUC,7.933333,-72.513611,0,CUC,0.0,13.0,8.0,13.0,2,6500,0,0,0,0,0,0
CF,D025M,8.142867,-72.453669,2,CUC,25.0,13.0,205.0,1.0,2,8000,0,1,210,0,0,0
TF,CUC,7.933333,-72.513611,0, ,0.0,0.0,0.0,0.0,2,13000,0,0,0,0,0,0

SID,TORA1K,ALL,2
IF,CUC,7.933333,-72.513611, ,0.0,0.0,2,13000,0,0,0,0,0,0
TF,D243J,7.837606,-72.651494,0, ,0.0,0.0,0.0,0.0,2,15000,0,0,0,0,0,0
TF,TORAT,7.669444,-72.892222,0, ,0.0,0.0,0.0,0.0,0,0,0,0,0,0,0,0

SID,TORA1L,21,2
CA,0,206.0,2,1500,0,0,0,0,0,0
FD,CUC,7.933333,-72.513611,0,CUC,0.0,3.0,201.0,3.0,2,1900,0,0,0,0,0,0
CF,D008E,8.017325,-72.515353,2,CUC,8.0,5.0,40.0,8.0,2,7000,0,1,180,0,0,0
TF,D008O,8.184758,-72.518286,0, ,0.0,0.0,0.0,0.0,2,8000,0,0,0,0,0,0
AF,D243O,7.789586,-72.720275,1,CUC,244.0,15.0,8.0,0,0,0,0,0,0,0,0
TF,TORAT,7.669444,-72.892222,0, ,0.0,0.0,0.0,0.0,0,0,0,0,0,0,0,0

SID,TORA1M,21,2
CA,0,206.0,2,1490,0,0,0,0,0,0
FD,CUC,7.933333,-72.513611,0,CUC,0.0,3.0,201.0,3.0,2,1900,0,0,0,0,0,0
CF,D008E,8.017325,-72.515353,2,CUC,8.0,5.0,40.0,8.0,2,7000,0,1,180,0,0,0
FD,D008E,8.017325,-72.515353,0,CUC,8.0,10.0,8.0,10.0,2,9000,0,0,0,0,0,0
CF,D028J,8.091942,-72.459181,2,CUC,28.0,10.0,208.0,1.0,2,10000,0,1,210,0,0,0
TF,CUC,7.933333,-72.513611,0, ,0.0,0.0,0.0,0.0,2,13000,0,0,0,0,0,0
TF,D243J,7.837606,-72.651494,0, ,0.0,0.0,0.0,0.0,2,15000,0,0,0,0,0,0
TF,TORAT,7.669444,-72.892222,0, ,0.0,0.0,0.0,0.0,0,0,0,0,0,0,0,0

SID,TORA2A,03,1
CD, ,0,0,0,CUC,0,0.0,26.0,1.5,2,1600,0,0,0,0,0,0
CF,D008O,8.184758,-72.518286,0,CUC,8.0,15.0,8.0,14.0,2,7000,0,0,0,0,0,0

SID,TORA2A,34,1
CD, ,0,0,0,CUC,0,0.0,338.0,1.5,2,1700,0,0,0,0,0,0
VI,0, ,0.0,38.0,0,0,0,0,0,0,0,0
CF,D008O,8.184758,-72.518286,0,CUC,8.0,15.0,8.0,11.0,2,7000,0,0,0,0,0,0

SID,TORA2A,ALL,2
IF,D008O,8.184758,-72.518286, ,0.0,0.0,2,7000,0,0,0,0,0,0
AF,D243O,7.789586,-72.720275,1,CUC,244.0,15.0,8.0,0,0,0,0,0,0,0,0
TF,TORAT,7.669444,-72.892222,0, ,0.0,0.0,0.0,0.0,0,0,0,0,0,0,0,0

STAR,DIMI1C,21,2
IF,DIMIL,8.412778,-73.138611, ,0.0,0.0,0,0,0,0,0,0,0,0
TF,CUC28,8.219742,-72.886603,0, ,0.0,0.0,0.0,0.0,2,13000,0,0,0,0,0,0
TF,D316M,8.064586,-72.688331,0, ,0.0,0.0,0.0,0.0,2,9200,0,0,0,0,0,0
AF,D342M,8.127567,-72.613067,2,CUC,342.0,13.0,316.0,2,7000,0,0,0,0,0,0
AF,D013M,8.150775,-72.498647,2,CUC,13.0,13.0,342.0,2,4900,0,0,0,0,0,0
TF,FF193,8.050567,-72.506011,0, ,0.0,0.0,0.0,0.0,2,3300,0,0,0,0,0,0

STAR,DIMI1E,21,2
IF,DIMIL,8.412778,-73.138611, ,0.0,0.0,0,0,0,0,0,0,0,0
TF,CUC28,8.219742,-72.886603,0, ,0.0,0.0,0.0,0.0,2,13000,0,0,0,0,0,0
TF,D316M,8.064586,-72.688331,0, ,0.0,0.0,0.0,0.0,2,9200,0,0,0,0,0,0
AF,D342M,8.127567,-72.613067,2,CUC,342.0,13.0,316.0,2,7000,0,0,0,0,0,0
AF,D008M,8.151272,-72.517700,2,CUC,8.0,13.0,342.0,2,4900,0,1,160,0,0,0
AF,D027M,8.140644,-72.446378,2,CUC,27.0,13.0,8.0,0,0,0,0,0,0,0,0
TF,CI21,8.116789,-72.452853,0, ,0.0,0.0,0.0,0.0,2,4400,0,0,0,0,0,0

STAR,ESNU1C,21,2
IF,ESNUT,7.505000,-72.751389, ,0.0,0.0,0,0,0,0,0,0,0,0
TF,D217P,7.699128,-72.643886,0, ,0.0,0.0,0.0,0.0,2,13000,0,0,0,0,0,0
CI,0, ,0.0,37.0,0,0,0,0,0,0,0,0
AF,D268M,7.892017,-72.728211,2,CUC,268.0,13.0,217.0,2,12000,0,0,0,0,0,0
AF,D316M,8.064586,-72.688331,2,CUC,316.0,13.0,268.0,2,9200,0,0,0,0,0,0
AF,D342M,8.127567,-72.613067,2,CUC,342.0,13.0,316.0,2,7000,0,0,0,0,0,0
AF,D013M,8.150775,-72.498647,2,CUC,13.0,13.0,342.0,2,4900,0,0,0,0,0,0
TF,FF193,8.050567,-72.506011,0, ,0.0,0.0,0.0,0.0,2,3300,0,0,0,0,0,0

STAR,ESNU1D,21,2
IF,ESNUT,7.505000,-72.751389, ,0.0,0.0,0,0,0,0,0,0,0,0
TF,D217P,7.699128,-72.643886,0, ,0.0,0.0,0.0,0.0,2,13000,0,0,0,0,0,0
CI,0, ,0.0,37.0,0,0,0,0,0,0,0,0
AF,D268M,7.892017,-72.728211,2,CUC,268.0,13.0,217.0,2,12000,0,0,0,0,0,0
AF,D316M,8.064586,-72.688331,2,CUC,316.0,13.0,268.0,2,9200,0,0,0,0,0,0
AF,D342M,8.127567,-72.613067,2,CUC,342.0,13.0,316.0,2,7000,0,0,0,0,0,0
AF,D008M,8.151272,-72.517700,2,CUC,8.0,13.0,342.0,2,4900,0,1,160,0,0,0
AF,D027M,8.140644,-72.446378,2,CUC,27.0,13.0,8.0,0,0,0,0,0,0,0,0
TF,CI21,8.116789,-72.452853,0, ,0.0,0.0,0.0,0.0,2,4400,0,0,0,0,0,0

STAR,ESNU2A,ALL,2
IF,ESNUT,7.505000,-72.751389, ,0.0,0.0,2,17000,0,0,0,0,0,0
TF,D217U,7.625842,-72.684483,0, ,0.0,0.0,0.0,0.0,2,13000,0,0,0,0,0,0
TF,D217O,7.713783,-72.635767,0, ,0.0,0.0,0.0,0.0,2,10000,0,0,0,0,0,0
TF,CUC,7.933333,-72.513611,0, ,0.0,0.0,0.0,0.0,2,6000,0,0,0,0,0,0

STAR,ESNU2B,ALL,2
IF,ESNUT,7.505000,-72.751389, ,0.0,0.0,2,17000,0,0,0,0,0,0
TF,D217U,7.625842,-72.684483,0, ,0.0,0.0,0.0,0.0,2,13000,0,0,0,0,0,0
TF,D217O,7.713783,-72.635767,0, ,0.0,0.0,0.0,0.0,2,10000,0,0,0,0,0,0
AF,D186O,7.682556,-72.505586,1,CUC,187.1,15.0,217.0,2,10000,0,0,0,0,0,0
TF,CUC,7.933333,-72.513611,0, ,0.0,0.0,0.0,0.0,2,6000,0,0,0,0,0,0

STAR,TIBU1C,21,2
IF,TIBUS,8.612500,-72.696111, ,0.0,0.0,0,0,0,0,0,0,0,0
TF,D353U,8.273347,-72.604994,0, ,0.0,0.0,0.0,0.0,2,8000,0,0,0,0,0,0
TF,D013M,8.150775,-72.498647,0, ,0.0,0.0,0.0,0.0,2,4900,0,0,0,0,0,0
TF,FF193,8.050567,-72.506011,0, ,0.0,0.0,0.0,0.0,2,3300,0,0,0,0,0,0

STAR,TIBU1E,21,2
IF,TIBUS,8.612500,-72.696111, ,0.0,0.0,0,0,0,0,0,0,0,0
TF,D353U,8.273347,-72.604994,0, ,0.0,0.0,0.0,0.0,2,8000,0,0,0,0,0,0
TF,D353M,8.143928,-72.570269,0, ,0.0,0.0,0.0,0.0,0,0,0,0,0,0,0,0
AF,D008M,8.151272,-72.517700,2,CUC,8.0,13.0,353.0,2,4900,0,1,160,0,0,0
AF,D027M,8.140644,-72.446378,2,CUC,27.0,13.0,8.0,0,0,0,0,0,0,0,0
TF,CI21,8.116789,-72.452853,0, ,0.0,0.0,0.0,0.0,2,4400,0,0,0,0,0,0

STAR,UMPE1A,ALL,2
IF,UMPEX,7.505000,-72.499722, ,0.0,0.0,2,15000,0,0,0,0,0,0
TF,D186U,7.582133,-72.502269,0, ,0.0,0.0,0.0,0.0,2,13000,0,0,0,0,0,0
TF,D186O,7.682556,-72.505586,0, ,0.0,0.0,0.0,0.0,2,10000,0,0,0,0,0,0
TF,CUC,7.933333,-72.513611,0, ,0.0,0.0,0.0,0.0,2,6000,0,0,0,0,0,0

APPTR,D16,16,CUC
IF,CUC,7.933333,-72.513611, ,0.0,0.0,2,6000,0,0,0,0,1,0
FD,CUC,7.933333,-72.513611,0,CUC,0.0,6.5,353.0,6.5,2,3300,0,1,160,0,0,0
CF,FF16,8.016747,-72.570489,1,CUC,334.8,6.0,155.0,1.0,2,2900,0,0,0,0,0,0

FINAL,D16,16,D,2
IF,FF16,8.016747,-72.570489,CUC,334.8,6.0,2,2900,0,0,0,0,2,0
CF,RW16,7.939797,-72.519136,0,CUC,328.8,0.5,155.0,5.5,1,1139,0,0,0,0,3,1
VA,0,157.0,2,2700,0,0,0,0,0,0
DF,CUC,7.933333,-72.513611,2, ,0.0,0.0,1,6000,0,0,0,0,0,0
HM,CUC,7.933333,-72.513611,1, ,0.0,0.0,6.0,04.3,2,6000,0,1,190,0,0,0,0

APPTR,I16-Y,16,CUC
IF,CUC,7.933333,-72.513611, ,0.0,0.0,2,6000,0,1,190,0,1,0
TF,CC400,8.048286,-72.506558,0, ,0.0,0.0,0.0,0.0,2,3300,0,1,160,0,1,0
RF,CC401,8.076600,-72.569764,1,ARC01,194.5,2.2,2,3000,0,0,0,0,0,0
RF,CC402,8.031864,-72.575183,1,ARC01,367.7,2.2,1,3000,0,0,0,0,0,0

FINAL,I16-Y,16,I,3
IF,CC402,8.031864,-72.575183,ICUC,337.8,7.7,1,3000,0,0,0,0,0,0
CF,CC403,8.010497,-72.562178,0,ICUC,337.8,6.2,157.0,1.5,1,2700,0,0,0,0,2,0
CF,RW16,7.939797,-72.519136,0,ICUC,337.8,1.3,157.0,4.9,1,1139,0,0,0,0,3,1
VA,0,157.0,2,2700,0,1,190,0,0,0
DF,CUC,7.933333,-72.513611,2, ,0.0,0.0,2,6000,0,1,190,0,0,0
HM,CUC,7.933333,-72.513611,1, ,0.0,0.0,6.0,04.3,2,6000,0,1,190,0,0,0,0

APPTR,I16-Z,16,CUC
IF,CUC,7.933333,-72.513611, ,0.0,0.0,2,6000,0,0,0,0,1,0
CF,D354G,8.038747,-72.542153,0,CUC,354.0,6.5,354.0,6.5,2,3300,0,1,160,0,1,1
CF,CF16,8.018819,-72.567169,1,ICUC,337.8,6.8,157.0,1.0,2,2900,0,0,0,0,0,0

FINAL,I16-Z,16,I,3
IF,CF16,8.018819,-72.567169,ICUC,337.8,6.8,2,2900,0,0,0,0,0,0
CF,FI16,8.010228,-72.561944,0,ICUC,337.8,6.2,157.0,0.6,1,2700,0,0,0,0,2,0
CF,RW16,7.939797,-72.519136,0,ICUC,337.8,1.3,157.0,4.9,1,1139,0,0,0,0,3,0
VA,0,157.0,2,2700,0,0,0,0,0,0
DF,CUC,7.933333,-72.513611,2, ,0.0,0.0,2,6000,0,0,0,0,0,0
HM,CUC,7.933333,-72.513611,1, ,0.0,0.0,6.0,04.3,2,6000,0,1,190,0,0,0,0

APPTR,I21,21,CUC
FD,CUC,7.933333,-72.513611,0,CUC,0.0,13.0,12.0,13.0,2,4400,0,1,160,0,1,0
CF,CI21,8.116789,-72.452853,2,ICUX,25.2,12.5,206.0,1.5,2,4400,0,0,0,0,1,0

FINAL,I21,21,I,3
IF,CI21,8.116789,-72.452853,ICUX,25.2,12.5,2,4400,0,0,0,0,0,0
CF,FI21,8.052794,-72.472708,0,ICUX,25.2,8.5,206.0,4.0,1,3400,0,0,0,0,2,0
CF,RW21,7.934381,-72.509431,0,ICUX,25.2,1.1,206.0,7.4,1,1044,0,0,0,0,3,0
VD, ,0,0,0,CUC,0.0,0.0,206.0,3.0,2,2600,0,0,0,0,0,0
DF,CUC,7.933333,-72.513611,2, ,0.0,0.0,2,6000,0,1,175,0,0,0
HM,CUC,7.933333,-72.513611,1, ,0.0,0.0,6.0,04.3,2,6000,0,1,190,0,0,0,0

APPTR,R34-A,34,CUC
IF,CUC,7.933333,-72.513611, ,0.0,0.0,2,6000,0,1,190,0,1,0
TF,CC400,8.048286,-72.506558,0, ,0.0,0.0,0.0,0.0,2,3300,0,1,160,0,0,0
RF,CC404,8.076639,-72.569378,1,ARC02,194.6,2.2,2,3000,0,1,160,0,0,0
RF,CC405,8.031450,-72.574936,1,ARC02,156.6,2.2,1,3000,0,1,160,0,0,0
TF,CC403,8.010497,-72.562178,0, ,0.0,0.0,0.0,0.0,1,2700,0,1,160,0,1,0

FINAL,R34-A,34,R,7
IF,CC403,8.010497,-72.562178, ,0.0,0.0,1,2700,0,1,160,0,0,0
TF,CC406,7.911219,-72.540156,0, ,0.0,0.0,177.0,6.1,1,2700,0,0,0,0,0,0
TF,CC407,7.862167,-72.529283,0, ,0.0,0.0,177.0,3.0,1,2600,0,1,150,0,0,0
RF,CC408,7.851203,-72.485589,1,ARC03,12.2,1.5,1,2600,0,1,150,0,2,0
RF,CC409,7.880614,-72.483142,1,ARC03,336.5,1.5,2,2000,0,1,150,0,0,0
TF,CC410,7.898600,-72.494081,0, ,0.0,0.0,338.0,1.3,2,1600,0,1,150,0,0,0
TF,RW34,7.922433,-72.508575,0, ,0.0,0.0,338.0,1.7,1,1070,0,0,0,0,3,1
TF,CC411,7.965389,-72.534703,0, ,0.0,0.0,0.0,0.0,2,3200,0,1,160,0,0,1
DF,CUC,7.933333,-72.513611,1, ,0.0,0.0,2,6000,0,1,190,0,0,0
HM,CUC,7.933333,-72.513611,1, ,0.0,0.0,6.0,04.3,2,6000,0,1,190,0,0,0,0

APPTR,V03-A,03,CUC
IF,CUC,7.933333,-72.513611, ,0.0,0.0,2,6000,0,0,0,0,1,0
FD,CUC,7.933333,-72.513611,0,CUC,0.0,8.0,358.0,8.0,2,3300,0,1,160,0,0,0
CF,FF193,8.050567,-72.506011,2,CUC,13.0,7.0,193.0,1.0,2,3300,0,0,0,0,0,0

FINAL,V03-A,03,D,3
IF,FF193,8.050567,-72.506011,CUC,13.0,7.0,2,3300,0,0,0,0,2,0
CF,45VOR,8.008797,-72.508825,0,CUC,13.0,4.5,193.0,2.5,2,2500,0,0,0,0,0,0
CF,MA193,7.983733,-72.510511,0,CUC,13.0,3.0,193.0,1.5,1,2020,0,0,0,0,3,0
TF,CUC,7.933333,-72.513611,0, ,0.0,0.0,0.0,0.0,0,0,0,0,0,0,0,0
FD,CUC,7.933333,-72.513611,0,CUC,0.0,3.0,201.0,3.0,2,2600,0,0,0,0,0,0
DF,CUC,7.933333,-72.513611,2, ,0.0,0.0,2,6000,0,1,176,0,0,0
HM,CUC,7.933333,-72.513611,1, ,0.0,0.0,6.0,04.3,2,6000,0,1,190,0,0,0,0

APPTR,V16-A,16,CUC
IF,CUC,7.933333,-72.513611, ,0.0,0.0,2,6000,0,0,0,0,1,0
FD,CUC,7.933333,-72.513611,0,CUC,0.0,8.0,358.0,8.0,2,3300,0,1,160,0,0,0
CF,FF193,8.050567,-72.506011,2,CUC,13.0,7.0,193.0,1.0,2,3300,0,0,0,0,0,0

FINAL,V16-A,16,D,3
IF,FF193,8.050567,-72.506011,CUC,13.0,7.0,2,3300,0,0,0,0,2,0
CF,45VOR,8.008797,-72.508825,0,CUC,13.0,4.5,193.0,2.5,2,2500,0,0,0,0,0,0
CF,MA193,7.983733,-72.510511,0,CUC,13.0,3.0,193.0,1.5,1,2020,0,0,0,0,3,0
TF,CUC,7.933333,-72.513611,0, ,0.0,0.0,0.0,0.0,0,0,0,0,0,0,0,0
FD,CUC,7.933333,-72.513611,0,CUC,0.0,3.0,201.0,3.0,2,2600,0,0,0,0,0,0
DF,CUC,7.933333,-72.513611,2, ,0.0,0.0,2,6000,0,1,176,0,0,0
HM,CUC,7.933333,-72.513611,1, ,0.0,0.0,6.0,04.3,2,6000,0,1,190,0,0,0,0

APPTR,V21-A,21,CUC
IF,CUC,7.933333,-72.513611, ,0.0,0.0,2,6000,0,0,0,0,1,0
FD,CUC,7.933333,-72.513611,0,CUC,0.0,8.0,358.0,8.0,2,3300,0,1,160,0,0,0
CF,FF193,8.050567,-72.506011,2,CUC,13.0,7.0,193.0,1.0,2,3300,0,0,0,0,0,0

FINAL,V21-A,21,D,3
IF,FF193,8.050567,-72.506011,CUC,13.0,7.0,2,3300,0,0,0,0,2,0
CF,45VOR,8.008797,-72.508825,0,CUC,13.0,4.5,193.0,2.5,2,2500,0,0,0,0,0,0
CF,MA193,7.983733,-72.510511,0,CUC,13.0,3.0,193.0,1.5,1,2020,0,0,0,0,3,0
TF,CUC,7.933333,-72.513611,0, ,0.0,0.0,0.0,0.0,0,0,0,0,0,0,0,0
FD,CUC,7.933333,-72.513611,0,CUC,0.0,3.0,201.0,3.0,2,2600,0,0,0,0,0,0
DF,CUC,7.933333,-72.513611,2, ,0.0,0.0,2,6000,0,1,176,0,0,0
HM,CUC,7.933333,-72.513611,1, ,0.0,0.0,6.0,04.3,2,6000,0,1,190,0,0,0,0

APPTR,V34-A,34,CUC
IF,CUC,7.933333,-72.513611, ,0.0,0.0,2,6000,0,0,0,0,1,0
FD,CUC,7.933333,-72.513611,0,CUC,0.0,8.0,358.0,8.0,2,3300,0,1,160,0,0,0
CF,FF193,8.050567,-72.506011,2,CUC,13.0,7.0,193.0,1.0,2,3300,0,0,0,0,0,0

FINAL,V34-A,34,D,3
IF,FF193,8.050567,-72.506011,CUC,13.0,7.0,2,3300,0,0,0,0,2,0
CF,45VOR,8.008797,-72.508825,0,CUC,13.0,4.5,193.0,2.5,2,2500,0,0,0,0,0,0
CF,MA193,7.983733,-72.510511,0,CUC,13.0,3.0,193.0,1.5,1,2020,0,0,0,0,3,0
TF,CUC,7.933333,-72.513611,0, ,0.0,0.0,0.0,0.0,0,0,0,0,0,0,0,0
FD,CUC,7.933333,-72.513611,0,CUC,0.0,3.0,201.0,3.0,2,2600,0,0,0,0,0,0
DF,CUC,7.933333,-72.513611,2, ,0.0,0.0,2,6000,0,1,176,0,0,0
HM,CUC,7.933333,-72.513611,1, ,0.0,0.0,6.0,04.3,2,6000,0,1,190,0,0,0,0

