SID,AROT2D,21,5
CF,REMID,-4.247281,-69.963261,0,SJE,166.3,435.6,209.0,4.0,2,1200,0,0,0,0,0,1
DF,ELARI,-4.080956,-70.078719,2, ,0.0,0.0,2,8000,0,0,0,0,0,1
DF,AROTI,-3.662778,-70.584444,0, ,0.0,0.0,2,18000,0,0,0,0,0,0

SID,AROT2E,03,5
DF,DOTKI,-4.161456,-69.930647,0, ,0.0,0.0,2,700,0,0,0,0,0,1
TF,NEDUM,-4.019739,-70.116678,0, ,0.0,0.0,0.0,0.0,2,5000,0,0,0,0,0,0
TF,AROTI,-3.662778,-70.584444,0, ,0.0,0.0,0.0,0.0,2,10000,0,0,0,0,0,0

SID,BODA2B,03,2
CA,0,29.0,2,700,0,0,0,0,0,0
CF,D360J,-4.029269,-69.964631,0,LET,0.7,10.0,360.0,9.0,2,3000,0,0,0,0,0,0
TF,BODAT,-3.881667,-70.054167,0, ,0.0,0.0,0.0,0.0,2,5000,0,0,0,0,0,0

SID,BODA2C,21,2
CA,0,209.0,2,670,0,0,0,0,0,0
CF,D213E,-4.271078,-69.975411,0,LET,213.7,5.0,213.0,4.0,2,1700,0,0,0,0,0,1
CI,0, ,0.0,213.0,0,0,0,0,0,0,0,0
AF,D349G,-4.084839,-69.980508,2,LET,349.0,7.0,213.0,0,0,0,0,0,0,0,0
TF,BODAT,-3.881667,-70.054167,0, ,0.0,0.0,0.0,0.0,0,0,0,0,0,0,0,0

SID,BUTA1K,21,2
CA,0,209.0,2,670,0,0,0,0,0,0
CF,D213E,-4.271078,-69.975411,0,LET,213.7,5.0,213.0,4.0,2,1700,0,0,0,0,0,1
CI,0, ,0.0,213.0,0,0,0,0,0,0,0,0
AF,D090G,-4.176847,-69.825194,1,LET,90.1,7.0,213.0,0,0,0,0,0,0,0,0
TF,BUTAB,-4.127167,-69.510000,0, ,0.0,0.0,0.0,0.0,0,0,0,0,0,0,0,0

SID,BUTA1L,03,5
DF,DOTKI,-4.161456,-69.930647,0, ,0.0,0.0,2,700,0,0,0,0,0,1
TF,KOVON,-4.142233,-69.697911,0, ,0.0,0.0,0.0,0.0,2,4000,0,0,0,0,0,0
TF,BUTAB,-4.127167,-69.510000,0, ,0.0,0.0,0.0,0.0,2,4000,0,0,0,0,0,0

SID,DALO2B,03,2
CA,0,29.0,2,700,0,0,0,0,0,0
CF,D360J,-4.029269,-69.964631,0,LET,0.7,10.0,360.0,9.0,2,3000,0,0,0,0,0,0
TF,DALOK,-3.861667,-69.958889,0, ,0.0,0.0,0.0,0.0,2,5000,0,0,0,0,0,0

SID,DALO2C,21,2
CA,0,209.0,2,670,0,0,0,0,0,0
CF,D213E,-4.271078,-69.975411,0,LET,213.7,5.0,213.0,4.0,2,1700,0,0,0,0,0,1
CI,0, ,0.0,213.0,0,0,0,0,0,0,0,0
AF,D006G,-4.077939,-69.946994,2,LET,5.8,7.0,213.0,0,0,0,0,0,0,0,0
TF,DALOK,-3.861667,-69.958889,0, ,0.0,0.0,0.0,0.0,0,0,0,0,0,0,0,0

SID,KALO1C,21,2
CA,0,209.0,2,670,0,0,0,0,0,0
CF,D213E,-4.271078,-69.975411,0,LET,213.7,5.0,213.0,4.0,2,1700,0,0,0,0,0,1
CI,0, ,0.0,213.0,0,0,0,0,0,0,0,0
AF,D286G,-4.181517,-70.056547,2,LET,285.6,7.0,213.0,0,0,0,0,0,0,0,0
TF,KALOR,-4.098333,-70.768889,0, ,0.0,0.0,0.0,0.0,0,0,0,0,0,0,0,0

SID,KALO2B,21,5
CF,REMID,-4.247281,-69.963261,0,SJE,166.3,435.6,209.0,4.0,2,1200,0,0,0,0,0,1
DF,KALOR,-4.098333,-70.768889,0, ,0.0,0.0,2,18000,0,0,0,0,0,0

SID,KALO2D,03,5
DF,DOTKI,-4.161456,-69.930647,0, ,0.0,0.0,2,700,0,0,0,0,0,1
TF,OSUXI,-4.144014,-70.163525,1, ,0.0,0.0,0.0,0.0,2,5000,0,0,0,0,0,0
TF,KALOR,-4.098333,-70.768889,0, ,0.0,0.0,0.0,0.0,2,8000,0,0,0,0,0,0

SID,LET1B,21,2
CA,0,209.0,2,670,0,0,0,0,0,0
FA,LET,-4.195000,-69.940000,0,LET,0.0,0.0,213.0,2,1700,0,0,0,0,0,0
DF,LET,-4.195000,-69.940000,2, ,0.0,0.0,2,5000,0,0,0,0,0,0

SID,MEXA1A,03,2
CA,0,29.0,2,700,0,0,0,0,0,0
CF,D360J,-4.029269,-69.964631,0,LET,0.7,10.0,360.0,9.0,2,3000,0,0,0,0,0,0
TF,MEXAS,-3.982122,-70.198106,0, ,0.0,0.0,0.0,0.0,2,5000,0,0,0,0,0,0

SID,MEXA1B,21,2
CA,0,209.0,2,670,0,0,0,0,0,0
CF,D213E,-4.271078,-69.975411,0,LET,213.7,5.0,213.0,4.0,2,1700,0,0,0,0,0,1
CI,0, ,0.0,213.0,0,0,0,0,0,0,0,0
AF,D319G,-4.120500,-70.030714,2,LET,318.5,7.0,213.0,0,0,0,0,0,0,0,0
TF,MEXAS,-3.982122,-70.198106,0, ,0.0,0.0,0.0,0.0,0,0,0,0,0,0,0,0

SID,MIKO2B,21,5
CF,REMID,-4.247281,-69.963261,0,SJE,166.3,435.6,209.0,4.0,2,1200,0,0,0,0,0,1
DF,ELARI,-4.080956,-70.078719,2, ,0.0,0.0,2,8000,0,0,0,0,0,1
TF,MATRI,-3.991167,-70.067231,0, ,0.0,0.0,0.0,0.0,2,9000,0,0,0,0,0,0
TF,BODAT,-3.881667,-70.054167,0, ,0.0,0.0,0.0,0.0,2,11000,0,0,0,0,0,0
TF,MIKOX,-3.358889,-69.986111,0, ,0.0,0.0,0.0,0.0,2,17000,0,0,0,0,0,0

SID,MIKO2C,03,5
DF,DOTKI,-4.161456,-69.930647,0, ,0.0,0.0,2,700,0,0,0,0,0,1
TF,PAKEP,-3.927550,-69.946906,0, ,0.0,0.0,0.0,0.0,2,5000,0,0,0,0,0,0
TF,MIKOX,-3.358889,-69.986111,0, ,0.0,0.0,0.0,0.0,2,5000,0,0,0,0,0,0

SID,ROKU2B,21,5
CF,REMID,-4.247281,-69.963261,0,SJE,166.3,435.6,209.0,4.0,2,1200,0,0,0,0,0,1
DF,ELARI,-4.080956,-70.078719,2, ,0.0,0.0,2,8000,0,0,0,0,0,1
TF,MATRI,-3.991167,-70.067231,0, ,0.0,0.0,0.0,0.0,2,9000,0,0,0,0,0,0
TF,BODAT,-3.881667,-70.054167,0, ,0.0,0.0,0.0,0.0,2,11000,0,0,0,0,0,0
TF,ROKUL,-3.408056,-70.225556,0, ,0.0,0.0,0.0,0.0,2,17000,0,0,0,0,0,0

SID,ROKU2C,03,5
DF,DOTKI,-4.161456,-69.930647,0, ,0.0,0.0,2,700,0,0,0,0,0,1
TF,EGUDA,-3.943283,-70.016189,0, ,0.0,0.0,0.0,0.0,2,5000,0,0,0,0,0,0
TF,ROKUL,-3.408056,-70.225556,0, ,0.0,0.0,0.0,0.0,2,5000,0,0,0,0,0,0

SID,SPRI1B,21,2
CA,0,209.0,2,670,0,0,0,0,0,0
CF,D213E,-4.271078,-69.975411,0,LET,213.7,5.0,213.0,4.0,2,1700,0,0,0,0,0,1
CI,0, ,0.0,213.0,0,0,0,0,0,0,0,0
AF,D169G,-4.305169,-69.900625,1,LET,169.0,7.0,213.0,0,0,0,0,0,0,0,0
TF,SPRIN,-4.599667,-69.793833,0, ,0.0,0.0,0.0,0.0,0,0,0,0,0,0,0,0

SID,SPRI2C,03,5
DF,DOTKI,-4.161456,-69.930647,0, ,0.0,0.0,2,700,0,0,0,0,0,1
TF,MOVTA,-4.197267,-69.837133,0, ,0.0,0.0,0.0,0.0,2,2500,0,0,0,0,0,0
TF,LOKER,-4.367906,-69.819928,0, ,0.0,0.0,0.0,0.0,2,4000,0,0,0,0,0,0
TF,SPRIN,-4.599667,-69.793833,0, ,0.0,0.0,0.0,0.0,2,8000,0,0,0,0,0,0

STAR,AROT2C,21,5
IF,AROTI,-3.662778,-70.584444, ,0.0,0.0,2,5000,0,0,0,0,0,0
TF,RELUR,-3.880472,-70.132875,0, ,0.0,0.0,0.0,0.0,2,5000,0,0,0,0,0,0
TF,VUSBI,-3.972069,-69.942567,0, ,0.0,0.0,0.0,0.0,2,4000,0,0,0,0,0,0

STAR,BODA1D,21,2
IF,BODAT,-3.881667,-70.054167, ,0.0,0.0,2,5000,0,0,0,0,0,0
TF,LE15A,-3.958939,-70.026156,0, ,0.0,0.0,0.0,0.0,2,4000,0,0,0,0,0,0
TF,CS21,-4.058611,-69.905833,0, ,0.0,0.0,0.0,0.0,2,1900,0,0,0,0,0,0

STAR,BODA1E,21,2
IF,BODAT,-3.881667,-70.054167, ,0.0,0.0,2,5000,0,0,0,0,0,0
TF,LE15A,-3.958939,-70.026156,0, ,0.0,0.0,0.0,0.0,2,4000,0,0,0,0,0,0
TF,CF21,-4.063333,-69.893056,0, ,0.0,0.0,0.0,0.0,2,1900,0,0,0,0,0,0

STAR,BUTA1J,21,5
IF,BUTAB,-4.127167,-69.510000, ,0.0,0.0,2,4000,0,0,0,0,0,0
TF,SURDA,-4.028164,-69.796144,0, ,0.0,0.0,0.0,0.0,2,4000,0,0,0,0,0,0

STAR,DALO1D,21,2
IF,DALOK,-3.861667,-69.958889, ,0.0,0.0,2,5000,0,0,0,0,0,0
TF,LE15B,-3.944158,-69.954353,0, ,0.0,0.0,0.0,0.0,2,4000,0,0,0,0,0,0
TF,CS21,-4.058611,-69.905833,0, ,0.0,0.0,0.0,0.0,2,1900,0,0,0,0,0,0

STAR,DALO1E,21,2
IF,DALOK,-3.861667,-69.958889, ,0.0,0.0,2,5000,0,0,0,0,0,0
TF,LE15B,-3.944158,-69.954353,0, ,0.0,0.0,0.0,0.0,2,4000,0,0,0,0,0,0
TF,CF21,-4.063333,-69.893056,0, ,0.0,0.0,0.0,0.0,2,1900,0,0,0,0,0,0

STAR,KALO2A,21,5
IF,KALOR,-4.098333,-70.768889, ,0.0,0.0,2,5000,0,0,0,0,0,0
TF,ISULU,-4.006689,-70.168636,0, ,0.0,0.0,0.0,0.0,2,5000,0,0,0,0,0,0
TF,VUSBI,-3.972069,-69.942567,0, ,0.0,0.0,0.0,0.0,2,4000,0,0,0,0,0,0

STAR,MIKO2A,21,5
IF,MIKOX,-3.358889,-69.986111, ,0.0,0.0,2,5000,0,0,0,0,0,0
TF,SASDA,-4.026881,-69.879522,0, ,0.0,0.0,0.0,0.0,2,3000,0,0,0,0,0,0

STAR,ROKU2A,21,5
IF,ROKUL,-3.408056,-70.225556, ,0.0,0.0,2,5000,0,0,0,0,0,0
TF,DOLGA,-3.703517,-70.060486,0, ,0.0,0.0,0.0,0.0,2,5000,0,0,0,0,0,0
TF,SASDA,-4.026881,-69.879522,0, ,0.0,0.0,0.0,0.0,2,3000,0,0,0,0,0,0

STAR,SPRI2A,21,5
IF,SPRIN,-4.599667,-69.793833, ,0.0,0.0,2,8000,0,0,0,0,0,0
TF,SURDA,-4.028164,-69.796144,0, ,0.0,0.0,0.0,0.0,2,4000,0,0,0,0,0,0

APPTR,D03-Z,03,LET
IF,LET,-4.195000,-69.940000, ,0.0,0.0,2,3000,0,0,0,0,0,0
FD,LET,-4.195000,-69.940000,0,LET,0.0,7.0,198.0,7.0,2,2000,0,1,180,0,0,0
CF,FF03,-4.283725,-69.986992,2,LET,217.0,6.0,37.0,1.0,2,2000,0,0,0,0,0,0

FINAL,D03-Z,03,D,2
IF,FF03,-4.283725,-69.986992,LET,217.0,6.0,2,2000,0,0,0,0,2,0
CF,MA03,-4.224575,-69.955661,0,LET,217.0,2.0,37.0,4.0,1,820,0,0,0,0,3,0
CF,LET,-4.195000,-69.940000,0,LET,0.0,0.0,37.0,2.0,0,0,0,0,0,0,0,0
VA,0,29.0,2,1500,0,0,0,0,0,0
DF,LET,-4.195000,-69.940000,1, ,0.0,0.0,2,3000,0,0,0,0,0,0
HM,LET,-4.195000,-69.940000,2, ,0.0,0.0,194.0,04.3,2,3000,0,0,0,0,0,0,0

APPTR,D21,21,LET
IF,LET,-4.195000,-69.940000, ,0.0,0.0,2,3000,0,1,200,0,1,0
FD,LET,-4.195000,-69.940000,0,LET,0.0,8.4,3.0,8.4,2,1900,0,0,0,0,0,0
CF,CS21,-4.058611,-69.905833,2,LET,23.1,8.4,203.0,1.0,2,1900,0,0,0,0,1,0

FINAL,D21,21,D,3
IF,CS21,-4.058611,-69.905833,LET,23.1,8.4,2,1900,0,0,0,0,0,0
CF,FS21,-4.113333,-69.919722,0,LET,23.0,5.0,203.0,3.4,2,1700,0,0,0,0,2,0
CF,RW21,-4.183361,-69.938972,0,LET,14.1,0.7,203.0,4.4,1,310,0,0,0,0,3,0
VA,0,209.0,2,1500,0,0,0,0,0,0
DF,LET,-4.195000,-69.940000,2, ,0.0,0.0,2,3000,0,0,0,0,0,0
HM,LET,-4.195000,-69.940000,1, ,0.0,0.0,29.0,04.3,0,0,0,0,0,0,0,0,0

APPTR,R21,21,SASDA
HF,SASDA,-4.026881,-69.879522,1, ,0.0,0.0,210.0,04.3,2,3000,0,1,230,0,1,0,0

APPTR,R21,21,SURDA
IF,SURDA,-4.028164,-69.796144, ,0.0,0.0,2,4000,0,0,0,0,1,0
TF,SASDA,-4.026881,-69.879522,0, ,0.0,0.0,0.0,0.0,2,3000,0,0,0,0,1,0

APPTR,R21,21,VUSBI
IF,VUSBI,-3.972069,-69.942567, ,0.0,0.0,2,4000,0,0,0,0,1,0
TF,SASDA,-4.026881,-69.879522,0, ,0.0,0.0,0.0,0.0,2,3000,0,0,0,0,1,0

FINAL,R21,21,R,3
IF,SASDA,-4.026881,-69.879522, ,0.0,0.0,2,3000,0,0,0,0,0,0
TF,ENROB,-4.105119,-69.909247,0, ,0.0,0.0,210.0,5.0,2,1900,0,0,0,0,2,0
TF,RW21,-4.183361,-69.938972,0, ,0.0,0.0,210.0,5.0,1,310,0,0,0,0,3,1
TF,LT400,-4.230272,-69.956869,0, ,0.0,0.0,0.0,0.0,2,960,0,0,0,0,0,1
DF,MEXAS,-3.982122,-70.198106,2, ,0.0,0.0,2,4000,0,0,0,0,0,1
HM,MEXAS,-3.982122,-70.198106,1, ,0.0,0.0,139.0,04.3,2,4000,0,1,230,0,0,0,0

APPTR,S03-Y,03,LET
IF,LET,-4.195000,-69.940000, ,0.0,0.0,2,3000,0,0,0,0,0,0
FC,LET,-4.195000,-69.940000,0,LET,0.0,0.0,198.0,7.0,2,2000,0,1,180,0,0,1
CF,FS03,-4.279406,-69.984706,2,LET,217.0,5.7,37.0,1.0,2,2000,0,0,0,0,0,0

FINAL,S03-Y,03,D,2
IF,FS03,-4.279406,-69.984706,LET,217.0,5.7,2,2000,0,0,0,0,2,0
CF,RW03,-4.200336,-69.945422,0,LET,234.6,0.5,37.0,5.3,1,320,0,0,0,0,3,0
CF,LET,-4.195000,-69.940000,0,LET,0.0,0.0,37.0,0.4,0,0,0,0,0,0,0,1
VA,0,29.0,2,1500,0,0,0,0,0,0
DF,LET,-4.195000,-69.940000,1, ,0.0,0.0,2,3000,0,0,0,0,0,0
HM,LET,-4.195000,-69.940000,2, ,0.0,0.0,194.0,04.3,2,3000,0,0,0,0,0,0,0

