SID,ANKA1B,02,5
CF,PS901,1.446886,-77.277628,0,MER,205.5,21.8,20.0,2.5,2,6370,0,0,0,0,0,0
RF,PS902,1.474078,-77.277308,1,ARC01,349.5,3.3,2,6700,0,1,185,0,0,0
TF,PS903,1.580578,-77.302911,0, ,0.0,0.0,0.0,0.0,2,8000,0,0,0,0,0,0
TF,PS904,1.694011,-77.330183,0, ,0.0,0.0,0.0,0.0,2,9400,0,0,0,0,0,0
RF,PS905,1.851600,-77.297228,2,ARC02,40.2,11.3,2,11400,0,0,0,0,0,0
TF,PS906,1.910033,-77.252972,0, ,0.0,0.0,0.0,0.0,2,12000,0,0,0,0,0,0
TF,ANKAS,2.445000,-76.847778,0, ,0.0,0.0,0.0,0.0,2,12000,0,0,0,0,0,0

SID,MER5,02,2
DF,DER02,1.405972,-77.288483,0, ,0.0,0.0,0,0,0,0,0,0,0,1
TF,D220M,1.614747,-77.271608,0, ,0.0,0.0,0.0,0.0,2,9000,0,0,0,0,0,0
TF,MER,1.788333,-77.150833,0, ,0.0,0.0,0.0,0.0,2,12000,0,0,0,0,0,0

SID,TITG1A,02,5
CF,PS901,1.446886,-77.277628,0,MER,205.5,21.8,20.0,2.5,2,6370,0,0,0,0,0,0
RF,PS902,1.474078,-77.277308,1,ARC01,349.5,3.3,2,6700,0,1,185,0,0,0
TF,PS903,1.580578,-77.302911,0, ,0.0,0.0,0.0,0.0,2,8000,0,0,0,0,0,0
TF,PS904,1.694011,-77.330183,0, ,0.0,0.0,0.0,0.0,2,9400,0,0,0,0,0,0
RF,PS905,1.851600,-77.297228,2,ARC02,40.2,11.3,2,11400,0,0,0,0,0,0
TF,PS906,1.910033,-77.252972,0, ,0.0,0.0,0.0,0.0,2,12000,0,0,0,0,0,0
TF,TITGU,2.365556,-76.603056,0, ,0.0,0.0,0.0,0.0,2,16000,0,0,0,0,0,0

APPTR,L20,20,MER
IF,MER,1.788333,-77.150833, ,0.0,0.0,2,12000,0,0,0,0,1,0
FC,MER,1.788333,-77.150833,0,MER,0.0,0.0,212.0,6.5,0,0,0,0,0,0,0,0
CF,CL20,1.631556,-77.228639,0,IPSO,20.0,15.2,212.0,4.0,2,9000,0,0,0,0,1,0

FINAL,L20,20,D,5
IF,CL20,1.631556,-77.228639,IPSO,20.0,15.2,2,9000,0,0,0,0,0,0
CF,FF20,1.563928,-77.246578,0,IPSO,20.0,11.0,200.0,4.2,2,9000,0,0,0,0,2,0
CF,76LOC,1.528931,-77.255858,0,IPSO,20.0,8.9,200.0,2.2,2,8300,0,0,0,0,0,0
CF,60LOC,1.503039,-77.262728,0,IPSO,20.0,7.3,200.0,1.6,2,7800,0,0,0,0,0,0
CF,ML20,1.457081,-77.274917,0,IPSO,20.0,4.4,200.0,2.8,1,6897,0,0,0,0,3,1
CF,MER,1.788333,-77.150833,2,MER,0.0,0.0,34.0,21.0,2,12000,0,1,160,0,0,0

APPTR,R02,02,MER
IF,MER,1.788333,-77.150833, ,0.0,0.0,4,14000,12000,1,230,0,1,0
TF,PS966,1.523517,-77.289025,0, ,0.0,0.0,0.0,0.0,2,10000,0,0,0,0,0,0
TF,PS965,1.439778,-77.332717,0, ,0.0,0.0,0.0,0.0,1,8800,0,1,180,0,1,0

FINAL,R02,02,R,4
IF,PS965,1.439778,-77.332717, ,0.0,0.0,1,8800,0,1,180,0,0,0
TF,PS964,1.387989,-77.361142,0, ,0.0,0.0,214.0,3.5,1,8800,0,1,150,0,2,0
RF,PS963,1.363147,-77.299853,1,ARC03,17.9,2.0,0,0,0,0,0,0,0,0
TF,RW02,1.386964,-77.293531,0, ,0.0,0.0,20.0,1.5,1,6001,0,0,0,0,3,1
TF,PS583,1.447069,-77.277578,0, ,0.0,0.0,0.0,0.0,0,0,0,0,0,0,0,0
RF,PS584,1.474269,-77.277242,1,ARC04,349.6,3.3,2,7000,0,1,180,0,0,0
TF,PS966,1.523517,-77.289025,0, ,0.0,0.0,0.0,0.0,4,7800,7000,0,0,0,0,0
TF,PS585,1.580111,-77.302561,0, ,0.0,0.0,0.0,0.0,3,9000,0,0,0,0,0,0
TF,PS586,1.775306,-77.349258,0, ,0.0,0.0,0.0,0.0,2,10000,0,1,230,0,0,0
RF,PS587,1.838042,-77.414981,1,ARC05,282.6,5.0,0,0,0,1,230,0,0,0
TF,PS588,1.850300,-77.487350,0, ,0.0,0.0,0.0,0.0,2,12000,0,0,0,0,0,0
HM,PS588,1.850300,-77.487350,1, ,0.0,0.0,105.0,04.3,2,12000,0,1,230,0,0,0,0

APPTR,R20,20,MER
IF,MER,1.788333,-77.150833, ,0.0,0.0,2,12000,0,1,230,0,1,0
TF,PS718,1.641617,-77.225933,0, ,0.0,0.0,0.0,0.0,2,9000,0,0,0,0,1,0

FINAL,R20,20,R,3
IF,PS718,1.641617,-77.225933, ,0.0,0.0,2,9000,0,0,0,0,0,0
TF,PS720,1.563950,-77.246575,0, ,0.0,0.0,200.0,4.8,2,9000,0,1,160,0,2,0
TF,RW20,1.405972,-77.288483,0, ,0.0,0.0,200.0,9.8,1,5891,0,0,0,0,3,1
TF,PS722,1.383419,-77.294608,0, ,0.0,0.0,0.0,0.0,2,7000,0,0,0,0,0,0
TF,PS724,1.357500,-77.302222,0, ,0.0,0.0,0.0,0.0,2,7200,0,1,185,0,0,0
RF,PS726,1.382819,-77.363481,2,ARC06,31.0,2.0,2,8200,0,1,185,0,0,0
TF,PS728,1.436922,-77.334694,0, ,0.0,0.0,0.0,0.0,2,8700,0,1,230,0,0,0
RF,PS730,1.494953,-77.332200,1,ARC07,339.5,4.0,2,9200,0,1,230,0,0,0
TF,PS588,1.850300,-77.487350,0, ,0.0,0.0,0.0,0.0,2,12000,0,0,0,0,0,0
HM,PS588,1.850300,-77.487350,1, ,0.0,0.0,105.0,04.3,2,12000,0,1,230,0,0,0,0

