SID,GEKA1B,28,4
DF,DER28,-16.512744,-68.210975,0, ,0.0,0.0,0,0,0,0,0,0,0,1
CF,VUKAN,-16.509961,-68.298486,0,SUR,319.5,228.0,281.0,5.0,2,14700,0,0,0,0,0,1
DF,GEKAD,-16.745547,-67.972481,1, ,0.0,0.0,2,20000,0,0,0,0,0,0

SID,GEKA1B,DAKOG,6
IF,GEKAD,-16.745547,-67.972481, ,0.0,0.0,2,20000,0,0,0,0,0,0
TF,DAKOG,-16.896111,-67.365556,0, ,0.0,0.0,0.0,0.0,2,20000,0,0,0,0,0,0

SID,GEKA1B,SIKOL,6
IF,GEKAD,-16.745547,-67.972481, ,0.0,0.0,2,20000,0,0,0,0,0,0
TF,SIKOL,-17.383056,-67.924722,0, ,0.0,0.0,0.0,0.0,2,20000,0,0,0,0,0,0

SID,GEKA1B,TERAX,6
IF,GEKAD,-16.745547,-67.972481, ,0.0,0.0,2,20000,0,0,0,0,0,0
TF,TERAX,-16.716111,-67.302500,0, ,0.0,0.0,0.0,0.0,2,20000,0,0,0,0,0,0

SID,GEKA1B,VAPAS,6
IF,GEKAD,-16.745547,-67.972481, ,0.0,0.0,2,20000,0,0,0,0,0,0
TF,VAPAS,-17.137500,-67.532222,0, ,0.0,0.0,0.0,0.0,2,20000,0,0,0,0,0,0

SID,GEKA1C,10,2
DF,DER10,-16.513928,-68.173536,0, ,0.0,0.0,0,0,0,0,0,0,0,1
CD, ,0,0,0,PAZ,0,0.0,100.0,5.0,2,13700,0,0,0,0,0,0
CI,0, ,0.0,172.0,0,0,0,0,0,0,0,0
CF,GEKAD,-16.745547,-67.972481,0,SUR,320.0,204.6,142.0,9.0,2,20000,0,1,200,0,0,0

SID,GEKA1C,ARPIS,3
IF,GEKAD,-16.745547,-67.972481, ,0.0,0.0,2,20000,0,1,200,0,0,0
TF,ARPIS,-17.275556,-67.699444,0, ,0.0,0.0,0.0,0.0,0,0,0,0,0,0,0,0

SID,GEKA1C,DAKOG,3
IF,GEKAD,-16.745547,-67.972481, ,0.0,0.0,2,20000,0,1,200,0,0,0
TF,DAKOG,-16.896111,-67.365556,0, ,0.0,0.0,0.0,0.0,0,0,0,0,0,0,0,0

SID,GEKA1C,SIKOL,3
IF,GEKAD,-16.745547,-67.972481, ,0.0,0.0,2,20000,0,1,200,0,0,0
TF,SIKOL,-17.383056,-67.924722,0, ,0.0,0.0,0.0,0.0,0,0,0,0,0,0,0,0

SID,GEKA1C,VAPAS,3
IF,GEKAD,-16.745547,-67.972481, ,0.0,0.0,2,20000,0,1,200,0,0,0
TF,VAPAS,-17.137500,-67.532222,0, ,0.0,0.0,0.0,0.0,0,0,0,0,0,0,0,0

SID,GEKA1D,28,2
DF,DER28,-16.512744,-68.210975,0, ,0.0,0.0,0,0,0,0,0,0,0,1
DF,PAZ,-16.512047,-68.233472,0, ,0.0,0.0,2,13600,0,0,0,0,0,1
CI,1, ,0.0,112.0,0,0,0,0,0,0,0,0
CF,GEKAD,-16.745547,-67.972481,0,SUR,320.0,204.6,142.0,13.0,2,20000,0,1,200,0,0,0

SID,GEKA1D,ARPIS,3
IF,GEKAD,-16.745547,-67.972481, ,0.0,0.0,2,20000,0,1,200,0,0,0
TF,ARPIS,-17.275556,-67.699444,0, ,0.0,0.0,0.0,0.0,0,0,0,0,0,0,0,0

SID,GEKA1D,DAKOG,3
IF,GEKAD,-16.745547,-67.972481, ,0.0,0.0,2,20000,0,1,200,0,0,0
TF,DAKOG,-16.896111,-67.365556,0, ,0.0,0.0,0.0,0.0,0,0,0,0,0,0,0,0

SID,GEKA1D,SIKOL,3
IF,GEKAD,-16.745547,-67.972481, ,0.0,0.0,2,20000,0,1,200,0,0,0
TF,SIKOL,-17.383056,-67.924722,0, ,0.0,0.0,0.0,0.0,0,0,0,0,0,0,0,0

SID,GEKA1D,VAPAS,3
IF,GEKAD,-16.745547,-67.972481, ,0.0,0.0,2,20000,0,1,200,0,0,0
TF,VAPAS,-17.137500,-67.532222,0, ,0.0,0.0,0.0,0.0,2,20000,0,0,0,0,0,0

SID,PAZ1B,28,4
CF,VUKAN,-16.509961,-68.298486,0,SUR,319.5,228.0,281.0,5.0,2,14700,0,0,0,0,0,1
DF,PAZ,-16.512047,-68.233472,1, ,0.0,0.0,2,20000,0,1,210,0,0,0

SID,PAZ1B,ELAMU,6
IF,PAZ,-16.512047,-68.233472, ,0.0,0.0,2,20000,0,1,210,0,0,0
TF,ELAMU,-15.592683,-68.186511,0, ,0.0,0.0,0.0,0.0,2,22000,0,0,0,0,0,0

SID,PAZ1D,28,2
DF,DER28,-16.512744,-68.210975,0, ,0.0,0.0,0,0,0,0,0,0,0,1
DF,PAZ,-16.512047,-68.233472,0, ,0.0,0.0,2,13600,0,0,0,0,0,0
CR,1,PAZ,160.0,41.0,2,19000,0,0,0,0,0,0
CI,0, ,0.0,41.0,0,0,0,0,0,0,0,0
CF,KIGAX,-16.075833,-67.394225,0,SUR,334.2,212.9,71.0,48.0,0,0,0,1,200,0,0,0

SID,ULVO1B,28,5
CF,PAZ,-16.512047,-68.233472,0,PAZ,0.0,0.0,280.0,1.3,2,13500,0,0,0,0,0,0
TF,ULVOK,-16.261239,-68.580381,0, ,0.0,0.0,0.0,0.0,2,19000,0,0,0,0,0,0

SID,ULVO1B,BOKAP,6
IF,ULVOK,-16.261239,-68.580381, ,0.0,0.0,2,19000,0,0,0,0,0,0
TF,PANUT,-15.727456,-68.731478,0, ,0.0,0.0,0.0,0.0,2,20000,0,0,0,0,0,0
TF,BOKAP,-14.267958,-68.118842,0, ,0.0,0.0,0.0,0.0,2,22000,0,0,0,0,0,0

SID,ULVO1B,ELAKO,6
IF,ULVOK,-16.261239,-68.580381, ,0.0,0.0,2,19000,0,0,0,0,0,0
TF,SIGUD,-15.959511,-68.995511,0, ,0.0,0.0,0.0,0.0,2,20000,0,0,0,0,0,0
TF,ELAKO,-15.926667,-69.305000,0, ,0.0,0.0,0.0,0.0,2,20000,0,0,0,0,0,0

SID,ULVO1B,RAXUN,6
IF,ULVOK,-16.261239,-68.580381, ,0.0,0.0,2,19000,0,0,0,0,0,0
TF,PANUT,-15.727456,-68.731478,0, ,0.0,0.0,0.0,0.0,2,20000,0,0,0,0,0,0
TF,RAXUN,-14.448333,-69.090278,0, ,0.0,0.0,0.0,0.0,2,25000,0,0,0,0,0,0

SID,USAR1B,28,4
DF,DER28,-16.512744,-68.210975,0, ,0.0,0.0,0,0,0,0,0,0,0,1
CF,LP624,-16.507264,-68.383450,0,SUR,318.7,231.8,281.0,9.9,2,16800,0,0,0,0,0,1
DF,USARU,-16.680833,-68.533056,0, ,0.0,0.0,2,19000,0,1,260,0,0,0

SID,USAR1B,DEVUR,6
IF,USARU,-16.680833,-68.533056, ,0.0,0.0,2,19000,0,1,260,0,0,0
TF,DEVUR,-17.182342,-68.985142,0, ,0.0,0.0,0.0,0.0,2,19000,0,0,0,0,0,0

SID,USAR1B,ESDUM,6
IF,USARU,-16.680833,-68.533056, ,0.0,0.0,2,19000,0,1,260,0,0,0
TF,ESDUM,-17.003392,-69.105494,0, ,0.0,0.0,0.0,0.0,2,22000,0,0,0,0,0,0

SID,USAR1B,IROBO,6
IF,USARU,-16.680833,-68.533056, ,0.0,0.0,2,19000,0,1,260,0,0,0
TF,IROBO,-17.427500,-68.332222,0, ,0.0,0.0,0.0,0.0,2,25000,0,0,0,0,0,0

SID,USAR1B,KOMPA,6
IF,USARU,-16.680833,-68.533056, ,0.0,0.0,2,19000,0,1,260,0,0,0
TF,KOMPA,-16.475000,-69.000000,0, ,0.0,0.0,0.0,0.0,2,25000,0,0,0,0,0,0

SID,USAR1C,10,2
DF,DER10,-16.513928,-68.173536,0, ,0.0,0.0,0,0,0,0,0,0,0,1
CD, ,0,0,0,PAZ,0,0.0,100.0,5.0,2,13700,0,0,0,0,0,0
CI,2, ,0.0,279.0,0,0,0,0,0,0,0,0
CF,USARU,-16.680833,-68.533056,0,ORU,320.7,114.1,249.0,10.0,2,19000,0,1,200,0,0,0

SID,USAR1C,DEVUR,3
IF,USARU,-16.680833,-68.533056, ,0.0,0.0,2,19000,0,1,200,0,0,0
TF,DEVUR,-17.182342,-68.985142,0, ,0.0,0.0,0.0,0.0,0,0,0,0,0,0,0,0

SID,USAR1C,ELAKO,3
IF,USARU,-16.680833,-68.533056, ,0.0,0.0,2,19000,0,1,200,0,0,0
TF,ELAKO,-15.926667,-69.305000,0, ,0.0,0.0,0.0,0.0,2,20000,0,0,0,0,0,0

SID,USAR1C,ESDUM,3
IF,USARU,-16.680833,-68.533056, ,0.0,0.0,2,19000,0,1,200,0,0,0
TF,ESDUM,-17.003392,-69.105494,0, ,0.0,0.0,0.0,0.0,0,0,0,0,0,0,0,0

SID,USAR1D,28,2
DF,DER28,-16.512744,-68.210975,0, ,0.0,0.0,0,0,0,0,0,0,0,1
DF,PAZ,-16.512047,-68.233472,0, ,0.0,0.0,2,13600,0,0,0,0,0,1
CF,USARU,-16.680833,-68.533056,0,SUR,315.4,232.0,249.0,20.0,2,19000,0,1,200,0,0,0

SID,USAR1D,DEVUR,3
IF,USARU,-16.680833,-68.533056, ,0.0,0.0,2,19000,0,1,200,0,0,0
TF,DEVUR,-17.182342,-68.985142,0, ,0.0,0.0,0.0,0.0,0,0,0,0,0,0,0,0

SID,USAR1D,ELAKO,3
IF,USARU,-16.680833,-68.533056, ,0.0,0.0,2,19000,0,1,200,0,0,0
TF,ELAKO,-15.926667,-69.305000,0, ,0.0,0.0,0.0,0.0,0,0,0,0,0,0,0,0

SID,USAR1D,ESDUM,3
IF,USARU,-16.680833,-68.533056, ,0.0,0.0,2,19000,0,1,200,0,0,0
TF,ESDUM,-17.003392,-69.105494,0, ,0.0,0.0,0.0,0.0,0,0,0,0,0,0,0,0

STAR,DEVU1A,10,5
IF,DEVUR,-17.182342,-68.985142, ,0.0,0.0,2,19000,0,0,0,0,0,0
TF,LP904,-16.640633,-68.588483,0, ,0.0,0.0,0.0,0.0,2,18000,0,0,0,0,0,0
TF,UTKAT,-16.503931,-68.488383,0, ,0.0,0.0,0.0,0.0,2,17000,0,1,180,0,0,0

STAR,ELAK1A,10,5
IF,ELAKO,-15.926667,-69.305000, ,0.0,0.0,2,20000,0,0,0,0,0,0
TF,UTKAT,-16.503931,-68.488383,0, ,0.0,0.0,0.0,0.0,2,17000,0,1,180,0,0,0

STAR,ELAM1A,10,5
IF,ELAMU,-15.592683,-68.186511, ,0.0,0.0,2,22000,0,0,0,0,0,0
TF,LP200,-16.162303,-68.322394,0, ,0.0,0.0,0.0,0.0,2,20000,0,0,0,0,0,0
TF,LP202,-16.227525,-68.338003,0, ,0.0,0.0,0.0,0.0,2,19000,0,0,0,0,0,0
TF,SUPTI,-16.406875,-68.380983,0, ,0.0,0.0,0.0,0.0,2,17000,0,1,180,0,0,0

STAR,ESDU1A,10,5
IF,ESDUM,-17.003392,-69.105494, ,0.0,0.0,2,22000,0,0,0,0,0,0
TF,LP902,-16.611508,-68.621300,0, ,0.0,0.0,0.0,0.0,2,18000,0,0,0,0,0,0
TF,UTKAT,-16.503931,-68.488383,0, ,0.0,0.0,0.0,0.0,2,17000,0,1,180,0,0,0

STAR,IROB1A,10,5
IF,IROBO,-17.427500,-68.332222, ,0.0,0.0,2,25000,0,0,0,0,0,0
TF,LP906,-16.908169,-68.369681,0, ,0.0,0.0,0.0,0.0,2,18000,0,0,0,0,0,0
TF,USVIL,-16.641072,-68.388078,0, ,0.0,0.0,0.0,0.0,2,17000,0,1,180,0,0,0

STAR,KIGA1A,10,5
IF,KIGAX,-16.075833,-67.394225, ,0.0,0.0,2,20000,0,0,0,0,0,0
TF,LP610,-16.416967,-68.050186,0, ,0.0,0.0,0.0,0.0,2,20000,0,0,0,0,0,0
TF,LP612,-16.413586,-68.162922,0, ,0.0,0.0,0.0,0.0,2,19000,0,0,0,0,0,0
TF,SUPTI,-16.406875,-68.380983,0, ,0.0,0.0,0.0,0.0,2,17000,0,1,180,0,0,0

STAR,KOMP1A,10,5
IF,KOMPA,-16.475000,-69.000000, ,0.0,0.0,2,25000,0,0,0,0,0,0
TF,UTKAT,-16.503931,-68.488383,0, ,0.0,0.0,0.0,0.0,2,17000,0,1,180,0,0,0

STAR,PANU1A,BOKAP,4
IF,BOKAP,-14.267958,-68.118842, ,0.0,0.0,2,22000,0,0,0,0,0,0
TF,PANUT,-15.727456,-68.731478,0, ,0.0,0.0,0.0,0.0,2,22000,0,0,0,0,0,0

STAR,PANU1A,RAXUN,4
IF,RAXUN,-14.448333,-69.090278, ,0.0,0.0,2,25000,0,0,0,0,0,0
TF,PANUT,-15.727456,-68.731478,0, ,0.0,0.0,0.0,0.0,2,22000,0,0,0,0,0,0

STAR,PANU1A,10,5
IF,PANUT,-15.727456,-68.731478, ,0.0,0.0,2,22000,0,0,0,0,0,0
TF,ULVOK,-16.261239,-68.580381,0, ,0.0,0.0,0.0,0.0,2,18000,0,0,0,0,0,0
TF,UTKAT,-16.503931,-68.488383,0, ,0.0,0.0,0.0,0.0,2,17000,0,1,180,0,0,0

STAR,SIKO1A,10,5
IF,SIKOL,-17.383056,-67.924722, ,0.0,0.0,2,25000,0,0,0,0,0,0
TF,LP908,-16.870569,-68.245733,0, ,0.0,0.0,0.0,0.0,2,18000,0,0,0,0,0,0
TF,USVIL,-16.641072,-68.388078,0, ,0.0,0.0,0.0,0.0,2,17000,0,1,180,0,0,0

STAR,TERA1A,10,5
IF,TERAX,-16.716111,-67.302500, ,0.0,0.0,2,20000,0,0,0,0,0,0
TF,LP698,-16.728967,-67.590775,0, ,0.0,0.0,0.0,0.0,2,19000,0,0,0,0,0,0
TF,GEKAD,-16.745547,-67.972481,0, ,0.0,0.0,0.0,0.0,2,18000,0,0,0,0,0,0
TF,USVIL,-16.641072,-68.388078,0, ,0.0,0.0,0.0,0.0,2,17000,0,1,180,0,0,0

STAR,VAPA1A,10,5
IF,VAPAS,-17.137500,-67.532222, ,0.0,0.0,2,18000,0,0,0,0,0,0
TF,LP910,-16.779472,-68.151019,0, ,0.0,0.0,0.0,0.0,2,18000,0,0,0,0,0,0
TF,USVIL,-16.641072,-68.388078,0, ,0.0,0.0,0.0,0.0,2,17000,0,1,180,0,0,0

APPTR,D10-Z,10,PAZ
IF,PAZ,-16.512047,-68.233472, ,0.0,0.0,0,0,0,1,160,0,0,0
FD,PAZ,-16.512047,-68.233472,0,PAZ,0.0,8.0,308.0,8.0,2,15000,0,0,0,0,0,0
CF,CS10,-16.507308,-68.372167,1,PAZ,280.0,8.0,100.0,1.0,2,15000,0,0,0,0,1,0

FINAL,D10-Z,10,D,3
IF,CS10,-16.507308,-68.372167,PAZ,280.0,8.0,2,15000,0,1,160,0,0,0
CF,FS10,-16.509325,-68.313222,0,PAZ,280.0,4.6,100.0,3.4,2,15000,0,0,0,0,2,0
CF,PAZ,-16.512047,-68.233472,0,PAZ,0.0,0.0,100.0,4.6,1,13569,0,0,0,0,3,0
CA,0,100.0,2,13720,0,0,0,0,0,0
CF,D181T,-16.844233,-68.191114,0,PAZ,181.0,20.0,181.0,20.0,2,17000,0,0,0,0,0,0
HM,D181T,-16.844233,-68.191114,1, ,0.0,0.0,1.0,04.3,2,17000,0,0,0,0,0,0,0

APPTR,L10-V,10,ELAMU
IF,ELAMU,-15.592683,-68.186511, ,0.0,0.0,0,0,0,0,0,0,0,0
TF,D011O,-16.261300,-68.220586,0, ,0.0,0.0,0.0,0.0,2,22000,0,0,0,0,0,0
TF,D011J,-16.344875,-68.224878,0, ,0.0,0.0,0.0,0.0,2,21000,0,0,0,0,0,0
TF,PAZ,-16.512047,-68.233472,0, ,0.0,0.0,0.0,0.0,2,18000,0,0,0,0,0,0
TF,D191H,-16.645725,-68.240739,0, ,0.0,0.0,0.0,0.0,0,0,0,0,0,0,0,0
AF,D266H,-16.539819,-68.369242,2,PAZ,266.0,8.0,191.0,0,0,0,0,0,0,0,0
VI,0,ILPA,0.0,70.0,2,15000,0,0,0,0,0,0

FINAL,L10-V,10,D,3
IF,CI10,-16.507531,-68.372636,ILPA,279.9,11.7,2,15000,0,0,0,0,0,0
CF,FI10,-16.508772,-68.332756,0,ILPA,279.9,9.4,100.0,2.3,2,15000,0,0,0,0,2,0
CF,PAZ,-16.512047,-68.233472,0,ILPA,279.9,3.7,100.0,5.7,1,13497,0,0,0,0,3,0
CA,0,100.0,2,13720,0,0,0,0,0,0
CF,D181T,-16.844233,-68.191114,0,PAZ,181.0,20.0,181.0,20.0,2,17000,0,0,0,0,0,0
HM,D181T,-16.844233,-68.191114,1, ,0.0,0.0,1.0,04.3,2,17000,0,0,0,0,0,0,0

APPTR,L10-Y,10,ELAKO
IF,ELAKO,-15.926667,-69.305000, ,0.0,0.0,0,0,0,0,0,0,0,0
TF,D307J,-16.430836,-68.385136,0, ,0.0,0.0,0.0,0.0,0,0,0,0,0,0,1,0
CI,0, ,0.0,127.0,0,0,0,0,0,0,0,0
AF,D294H,-16.475081,-68.366853,1,PAZ,294.0,8.0,307.0,2,16000,0,0,0,0,0,0
VI,0,ILPA,0.0,130.0,2,15000,0,0,0,0,0,0

APPTR,L10-Y,10,ELAMU
IF,ELAMU,-15.592683,-68.186511, ,0.0,0.0,0,0,0,0,0,0,0,0
TF,D011J,-16.344875,-68.224878,0, ,0.0,0.0,0.0,0.0,0,0,0,0,0,0,1,0
CI,0, ,0.0,191.0,0,0,0,0,0,0,0,0
AF,D346H,-16.387883,-68.285428,1,PAZ,346.0,8.0,11.0,2,18500,0,0,0,0,0,0
AF,D294H,-16.475081,-68.366853,1,PAZ,294.0,8.0,346.0,2,16000,0,0,0,0,0,0
VI,0,ILPA,0.0,130.0,2,15000,0,0,0,0,0,0

APPTR,L10-Y,10,IROBO
IF,IROBO,-17.427500,-68.332222, ,0.0,0.0,0,0,0,0,0,0,0,0
TF,D194J,-16.678464,-68.251619,0, ,0.0,0.0,0.0,0.0,0,0,0,0,0,0,1,0
CI,0, ,0.0,14.0,0,0,0,0,0,0,0,0
AF,D266H,-16.539819,-68.369242,2,PAZ,266.0,8.0,194.0,2,16000,0,0,0,0,0,0
VI,0,ILPA,0.0,70.0,2,15000,0,0,0,0,0,0

APPTR,L10-Y,10,KIBUX
IF,KIBUX,-15.657778,-68.588056, ,0.0,0.0,0,0,0,0,0,0,0,0
TF,D346J,-16.356847,-68.298406,0, ,0.0,0.0,0.0,0.0,0,0,0,0,0,0,1,0
CI,0, ,0.0,166.0,0,0,0,0,0,0,0,0
AF,D294H,-16.475081,-68.366853,1,PAZ,294.0,8.0,346.0,2,16000,0,0,0,0,0,0
VI,0,ILPA,0.0,130.0,2,15000,0,0,0,0,0,0

APPTR,L10-Y,10,KIGAX
IF,KIGAX,-16.075833,-67.394225, ,0.0,0.0,0,0,0,0,0,0,0,0
TF,D066J,-16.423289,-68.086419,0, ,0.0,0.0,0.0,0.0,0,0,0,0,0,0,1,0
CI,0, ,0.0,246.0,0,0,0,0,0,0,0,0
AF,D011H,-16.378325,-68.226211,1,PAZ,11.0,8.0,66.0,2,20000,0,0,0,0,0,0
AF,D346H,-16.387883,-68.285428,1,PAZ,346.0,8.0,11.0,2,18500,0,0,0,0,0,0
AF,D294H,-16.475081,-68.366853,1,PAZ,294.0,8.0,346.0,2,16000,0,0,0,0,0,0
VI,0,ILPA,0.0,130.0,2,15000,0,0,0,0,0,0

APPTR,L10-Y,10,KOMPA
IF,KOMPA,-16.475000,-69.000000, ,0.0,0.0,0,0,0,0,0,0,0,0
TF,D280J,-16.503903,-68.406742,0, ,0.0,0.0,0.0,0.0,2,16000,0,0,0,0,1,0
CF,CI10,-16.507531,-68.372636,0,ILPA,279.9,11.7,100.0,2.0,2,15000,0,0,0,0,1,0

APPTR,L10-Y,10,KOVIS
IF,KOVIS,-16.976667,-69.058056, ,0.0,0.0,0,0,0,0,0,0,0,0
TF,D247J,-16.596756,-68.383106,0, ,0.0,0.0,0.0,0.0,0,0,0,0,0,0,1,0
CI,0, ,0.0,67.0,0,0,0,0,0,0,0,0
AF,D266H,-16.539819,-68.369242,2,PAZ,266.0,8.0,247.0,2,16000,0,0,0,0,0,0
VI,0,ILPA,0.0,70.0,2,15000,0,0,0,0,0,0

APPTR,L10-Y,10,TEGUM
IF,TEGUM,-17.137500,-68.934722, ,0.0,0.0,0,0,0,0,0,0,0,0
TF,D235J,-16.626122,-68.360419,0, ,0.0,0.0,0.0,0.0,0,0,0,0,0,0,1,0
CI,0, ,0.0,55.0,0,0,0,0,0,0,0,0
AF,D266H,-16.539819,-68.369242,2,PAZ,266.0,8.0,235.0,2,16000,0,0,0,0,0,0
VI,0,ILPA,0.0,70.0,2,15000,0,0,0,0,0,0

FINAL,L10-Y,10,D,3
IF,CI10,-16.507531,-68.372636,ILPA,279.9,11.7,2,15000,0,0,0,0,0,0
CF,FI10,-16.508772,-68.332756,0,ILPA,279.9,9.4,100.0,2.3,2,15000,0,0,0,0,2,0
CF,PAZ,-16.512047,-68.233472,0,ILPA,279.9,3.7,100.0,5.7,1,13497,0,0,0,0,3,0
CA,0,100.0,2,13720,0,0,0,0,0,0
CF,D181T,-16.844233,-68.191114,0,PAZ,181.0,20.0,181.0,20.0,2,17000,0,0,0,0,0,0
HM,D181T,-16.844233,-68.191114,1, ,0.0,0.0,1.0,04.3,2,17000,0,0,0,0,0,0,0

APPTR,L10-Z,10,PAZ
IF,PAZ,-16.512047,-68.233472, ,0.0,0.0,2,18000,0,1,160,0,0,0
FD,PAZ,-16.512047,-68.233472,0,PAZ,0.0,8.0,308.0,8.0,2,15000,0,0,0,0,0,0
CF,CI10,-16.507531,-68.372636,1,ILPA,279.9,11.7,100.0,1.0,2,15000,0,0,0,0,1,0

FINAL,L10-Z,10,D,3
IF,CI10,-16.507531,-68.372636,ILPA,279.9,11.7,2,15000,0,1,160,0,0,0
CF,FI10,-16.508772,-68.332756,0,ILPA,279.9,9.4,100.0,2.3,2,15000,0,0,0,0,2,0
CF,PAZ,-16.512047,-68.233472,0,ILPA,279.9,3.7,100.0,5.7,1,13497,0,0,0,0,3,0
CA,0,100.0,2,13720,0,0,0,0,0,0
CF,D181T,-16.844233,-68.191114,0,PAZ,181.0,20.0,181.0,20.0,2,17000,0,0,0,0,0,0
HM,D181T,-16.844233,-68.191114,1, ,0.0,0.0,1.0,04.3,2,17000,0,0,0,0,0,0,0

APPTR,R10-X,10,SUPTI
IF,SUPTI,-16.406875,-68.380983, ,0.0,0.0,2,17000,0,1,200,0,1,0
TF,LP624,-16.507264,-68.383450,0, ,0.0,0.0,0.0,0.0,2,15800,0,0,0,0,1,0

APPTR,R10-X,10,USVIL
IF,USVIL,-16.641072,-68.388078, ,0.0,0.0,2,17000,0,1,200,0,1,0
TF,LP624,-16.507264,-68.383450,0, ,0.0,0.0,0.0,0.0,2,15800,0,0,0,0,1,0

APPTR,R10-X,10,UTKAT
IF,UTKAT,-16.503931,-68.488383, ,0.0,0.0,2,17000,0,1,200,0,1,0
TF,LP624,-16.507264,-68.383450,0, ,0.0,0.0,0.0,0.0,2,15800,0,0,0,0,1,0

FINAL,R10-X,10,R,3
IF,LP624,-16.507264,-68.383450, ,0.0,0.0,2,15800,0,0,0,0,0,0
TF,VUKAN,-16.509961,-68.298486,0, ,0.0,0.0,101.0,4.9,1,14500,0,0,0,0,2,0
TF,RW10,-16.512744,-68.210975,0, ,0.0,0.0,101.0,5.0,1,13161,0,0,0,0,3,1
DF,EPKAR,-16.654064,-68.141669,0, ,0.0,0.0,2,16000,0,0,0,0,0,1
HM,EPKAR,-16.654064,-68.141669,1, ,0.0,0.0,337.0,04.3,2,16000,0,0,0,0,0,0,0

