APPTR,D03,03,D173K
IF,D173K,-33.538269,-56.429594, ,0.0,0.0,2,3000,0,0,0,0,1,0
CI,0, ,0.0,353.0,0,0,0,0,0,0,0,0
AF,D206J,-33.516747,-56.551000,2,DUR,206.0,10.0,173.0,2,2000,0,0,0,0,1,1
CF,FD03,-33.462169,-56.554992,0,DUR,215.0,7.0,35.0,3.0,2,1800,0,0,0,0,0,0

APPTR,D03,03,DUR1
IF,DUR,-33.356250,-56.496056, ,0.0,0.0,2,3000,0,0,0,0,0,0
FD,DUR,-33.356250,-56.496056,0,DUR,0.0,7.0,199.0,7.0,2,1800,0,0,0,0,0,0
CF,FD03,-33.462169,-56.554992,2,DUR,215.0,7.0,35.0,1.0,2,1800,0,0,0,0,0,0

APPTR,D03,03,DUR2
IF,DUR,-33.356250,-56.496056, ,0.0,0.0,2,3000,0,0,0,0,0,0
FD,DUR,-33.356250,-56.496056,0,DUR,0.0,7.0,205.0,7.0,2,1800,0,0,0,0,0,0
CF,FD03,-33.462169,-56.554992,2,DUR,215.0,7.0,35.0,1.0,2,1800,0,0,0,0,0,0

FINAL,D03,03,D,4
IF,FD03,-33.462169,-56.554992,DUR,215.0,7.0,2,1800,0,0,0,0,2,0
CF,29VOR,-33.400133,-56.520453,0,DUR,215.0,2.9,35.0,4.1,2,1200,0,0,0,0,0,0
CF,24VOR,-33.392567,-56.516244,0,DUR,215.0,2.4,35.0,0.5,2,800,0,0,0,0,0,0
CF,RW03,-33.369394,-56.504619,0,DUR,218.7,0.9,35.0,1.5,1,322,0,0,0,0,3,0
CF,DUR,-33.356250,-56.496056,0,DUR,0.0,0.0,35.0,0.9,0,0,0,0,0,0,0,1
FM,DUR,-33.356250,-56.496056,0,DUR,0.0,0.0,35.0,2,3000,0,0,0,0,0,0

APPTR,D21,21,DUR1
IF,DUR,-33.356250,-56.496056, ,0.0,0.0,2,3000,0,0,0,0,0,0
FC,DUR,-33.356250,-56.496056,0,DUR,0.0,0.0,46.0,10.5,2,1500,0,0,0,0,0,1
CF,FD21,-33.258622,-56.469228,1,DUR,23.0,6.0,203.0,5.0,2,1500,0,0,0,0,0,0

APPTR,D21,21,DUR2
IF,DUR,-33.356250,-56.496056, ,0.0,0.0,2,3000,0,0,0,0,0,0
FC,DUR,-33.356250,-56.496056,0,DUR,0.0,0.0,40.0,9.0,2,1500,0,0,0,0,0,1
CF,FD21,-33.258622,-56.469228,1,DUR,23.0,6.0,203.0,4.0,2,1500,0,0,0,0,0,0

FINAL,D21,21,D,2
IF,FD21,-33.258622,-56.469228,DUR,23.0,6.0,2,1500,0,0,0,0,2,0
CF,RW21,-33.350503,-56.494933,0,DUR,19.3,0.4,203.0,5.7,1,355,0,0,0,0,3,0
CF,DUR,-33.356250,-56.496056,0,DUR,0.0,0.0,203.0,0.4,0,0,0,0,0,0,0,1
FM,DUR,-33.356250,-56.496056,0,DUR,0.0,0.0,180.0,2,2000,0,0,0,0,0,0

APPTR,I21,21,D070K
IF,D070K,-33.264264,-56.306700, ,0.0,0.0,2,3000,0,0,0,0,1,0
VI,0, ,0.0,250.0,0,0,0,0,0,0,0,0
AF,D042J,-33.214592,-56.390781,1,DUR,42.0,10.0,70.0,2,2050,0,0,0,0,0,1
CF,CI21,-33.245594,-56.451197,0,IDUR,30.0,8.1,210.0,3.0,2,2050,0,0,0,0,0,0

APPTR,I21,21,DUR1
IF,DUR,-33.356250,-56.496056, ,0.0,0.0,2,3000,0,0,0,0,0,0
FD,DUR,-33.356250,-56.496056,0,DUR,0.0,7.0,53.0,7.0,2,2050,0,0,0,0,0,0
CF,CI21,-33.245594,-56.451197,1,IDUR,30.0,8.1,210.0,1.0,2,2050,0,0,0,0,0,0

APPTR,I21,21,DUR2
IF,DUR,-33.356250,-56.496056, ,0.0,0.0,2,3000,0,0,0,0,0,0
FD,DUR,-33.356250,-56.496056,0,DUR,0.0,7.0,47.0,7.0,2,2050,0,0,0,0,0,0
CF,CI21,-33.245594,-56.451197,1,IDUR,30.0,8.1,210.0,1.0,2,2050,0,0,0,0,0,0

FINAL,I21,21,I,3
IF,CI21,-33.245594,-56.451197,IDUR,30.0,8.1,2,2050,0,0,0,0,0,0
CF,FI21,-33.269142,-56.461383,0,IDUR,30.0,6.6,210.0,1.5,1,2050,0,0,0,0,2,0
CF,RW21,-33.350503,-56.494933,0,IDUR,33.3,1.4,210.0,5.2,1,361,0,0,0,0,3,0
CA,0,210.0,2,710,0,0,0,0,0,0
VA,0,180.0,2,2000,0,0,0,0,0,0

APPTR,N21,21,MP1
IF,MP,-33.343167,-56.491167, ,0.0,0.0,2,3000,0,0,0,0,0,0
FC,MP,-33.343167,-56.491167,0,DUR,0.0,0.0,40.0,10.5,2,1500,0,0,0,0,0,1
CF,FN21,-33.278325,-56.472061,1,DUR,24.5,4.8,202.0,7.0,2,1500,0,0,0,0,0,0

APPTR,N21,21,MP2
IF,MP,-33.343167,-56.491167, ,0.0,0.0,2,3000,0,0,0,0,0,0
FC,MP,-33.343167,-56.491167,0,DUR,0.0,0.0,34.0,9.0,2,1500,0,0,0,0,0,1
CF,FN21,-33.278325,-56.472061,1,DUR,24.5,4.8,202.0,6.0,2,1500,0,0,0,0,0,0

FINAL,N21,21,N,2
IF,FN21,-33.278325,-56.472061,MP,0.0,0.0,2,1500,0,0,0,0,2,0
CF,MP,-33.343167,-56.491167,0,MP,0.0,0.0,202.0,4.0,1,502,0,0,0,0,3,0
CA,0,202.0,2,710,0,0,0,0,0,0
VM,-33.343167,-56.491167,0,187.0,3,1000,0,0,0,0,0,0

APPTR,Q10,10,DO1
IF,DO,-33.359750,-56.549750, ,0.0,0.0,2,3000,0,0,0,0,0,0
FD,DO,-33.359750,-56.549750,0,DUR,275.5,10.0,293.0,10.0,2,1800,0,0,0,0,0,0
CF,FQ10,-33.369064,-56.694461,1,DUR,276.6,10.0,95.0,1.0,2,1800,0,0,0,0,0,0

APPTR,Q10,10,DO2
IF,DO,-33.359750,-56.549750, ,0.0,0.0,2,3000,0,0,0,0,0,0
FD,DO,-33.359750,-56.549750,0,DUR,275.5,10.0,287.0,10.0,2,1800,0,0,0,0,0,0
CF,FQ10,-33.369064,-56.694461,1,DUR,276.6,10.0,95.0,1.0,2,1800,0,0,0,0,0,0

FINAL,Q10,10,N,2
IF,FQ10,-33.369064,-56.694461,DO,0.0,0.0,2,1800,0,0,0,0,2,0
CF,RW10,-33.359569,-56.510833,0,DUR,0.0,0.8,95.0,9.2,1,326,0,0,0,0,3,0
CF,DUR,-33.356250,-56.496056,0,DUR,0.0,0.0,95.0,0.8,0,0,0,0,0,0,0,1
VM,0,0,0,95.0,3,1000,0,0,0,0,0,0

APPTR,R10,10,ALBES
HF,ALBES,-33.369233,-56.709500,2, ,0.0,0.0,96.0,04.3,2,3000,0,0,0,0,1,0,0

FINAL,R10,10,R,3
IF,ALBES,-33.369233,-56.709500, ,0.0,0.0,2,3000,0,0,0,0,0,0
TF,DIDER,-33.364467,-56.610133,0, ,0.0,0.0,96.0,5.0,2,1920,0,0,0,0,2,0
TF,RW10,-33.359569,-56.510833,0, ,0.0,0.0,96.0,5.0,1,326,0,0,0,0,3,1
DF,GEMOT,-33.349550,-56.312200,0, ,0.0,0.0,2,3000,0,0,0,0,0,1
HM,GEMOT,-33.349550,-56.312200,1, ,0.0,0.0,276.0,04.3,0,0,0,0,0,0,0,0,0

APPTR,R21,21,BISOK
IF,BISOK,-32.879444,-56.678056, ,0.0,0.0,0,0,0,0,0,0,1,0
TF,BUTSI,-33.197092,-56.416428,0, ,0.0,0.0,0.0,0.0,2,4000,0,0,0,0,0,0

APPTR,R21,21,BUTSI
HF,BUTSI,-33.197092,-56.416428,1, ,0.0,0.0,214.0,04.3,2,3630,0,0,0,0,1,0,0

APPTR,R21,21,MUMET
IF,MUMET,-33.010556,-56.064722, ,0.0,0.0,0,0,0,0,0,0,1,0
TF,BUTSI,-33.197092,-56.416428,0, ,0.0,0.0,0.0,0.0,2,4000,0,0,0,0,0,0

FINAL,R21,21,R,3
IF,BUTSI,-33.197092,-56.416428, ,0.0,0.0,2,3630,0,0,0,0,0,0
TF,ESORI,-33.273806,-56.455644,0, ,0.0,0.0,214.0,5.0,2,1970,0,0,0,0,2,0
TF,RW21,-33.350503,-56.494933,0, ,0.0,0.0,214.0,5.0,1,361,0,0,0,0,3,1
CA,0,214.0,2,710,0,0,0,0,0,0
VA,0,180.0,2,2000,0,0,0,0,0,0
DF,BUTSI,-33.197092,-56.416428,1, ,0.0,0.0,2,3000,0,0,0,0,0,0
HM,BUTSI,-33.197092,-56.416428,1, ,0.0,0.0,214.0,04.3,0,0,0,0,0,0,0,0,0

APPTR,S21,21,DUR1
IF,DUR,-33.356250,-56.496056, ,0.0,0.0,2,3000,0,0,0,0,0,0
FC,DUR,-33.356250,-56.496056,0,DUR,0.0,0.0,46.0,10.5,2,1500,0,0,0,0,0,1
CF,FS21,-33.285506,-56.476608,1,DUR,23.0,4.4,203.0,7.0,2,1500,0,0,0,0,0,0

APPTR,S21,21,DUR2
IF,DUR,-33.356250,-56.496056, ,0.0,0.0,2,3000,0,0,0,0,0,0
FC,DUR,-33.356250,-56.496056,0,DUR,0.0,0.0,40.0,9.0,2,1500,0,0,0,0,0,1
CF,FS21,-33.285506,-56.476608,1,DUR,23.0,4.4,203.0,5.0,2,1500,0,0,0,0,0,0

FINAL,S21,21,D,2
IF,FS21,-33.285506,-56.476608,DUR,23.0,4.4,2,1500,0,0,0,0,2,0
CF,RW21,-33.350503,-56.494933,0,DUR,19.3,0.4,203.0,4.0,1,355,0,0,0,0,3,0
CF,DUR,-33.356250,-56.496056,0,DUR,0.0,0.0,203.0,0.4,0,0,0,0,0,0,0,1
FM,DUR,-33.356250,-56.496056,0,DUR,0.0,0.0,180.0,2,2000,0,0,0,0,0,0

