SID,BISUS1,12,5
DF,BISUS,7.507475,-71.879208,0, ,0.0,0.0,0,0,0,0,0,0,0,0
TF,CTN,7.516667,-71.445917,0, ,0.0,0.0,0.0,0.0,2,5000,0,0,0,0,0,0

APPTR,D30,30,CHECO
IF,CHECO,7.384722,-71.703611, ,0.0,0.0,0,0,0,0,0,0,1,0
TF,PVA,7.499694,-71.825472,0, ,0.0,0.0,0.0,0.0,2,4000,0,0,0,0,0,0

APPTR,D30,30,CTN
IF,CTN,7.516667,-71.445917, ,0.0,0.0,0,0,0,0,0,0,1,0
TF,D096J,7.507231,-71.657844,0, ,0.0,0.0,0.0,0.0,2,5000,0,0,0,0,0,0
TF,PVA,7.499694,-71.825472,0, ,0.0,0.0,0.0,0.0,2,4000,0,0,0,0,0,0

FINAL,D30,30,D,2
IF,PVA,7.499694,-71.825472,PVA,0.0,0.0,2,4000,0,0,0,0,2,0
CF,MA30,7.541289,-71.961878,0,PVA,296.0,8.5,296.0,8.5,1,2229,0,0,0,0,3,0
VI,1, ,0.0,111.0,0,0,0,0,0,0,0,0
CF,CHECO,7.384722,-71.703611,0,PVA,142.4,10.0,142.0,4.0,2,4000,0,1,200,0,0,0
HM,CHECO,7.384722,-71.703611,1, ,0.0,0.0,322.0,04.3,0,0,0,1,230,0,0,0,0

APPTR,R30-Y,30,CTN
IF,CTN,7.516667,-71.445917, ,0.0,0.0,0,0,0,0,0,0,0,0
TF,ANKUD,7.541122,-71.802381,0, ,0.0,0.0,0.0,0.0,2,4000,0,0,0,0,1,0
TF,BISUS,7.507475,-71.879208,0, ,0.0,0.0,0.0,0.0,2,4000,0,0,0,0,1,0

APPTR,R30-Y,30,GELMU
IF,GELMU,7.432025,-71.842831, ,0.0,0.0,2,4000,0,0,0,0,1,0
TF,BISUS,7.507475,-71.879208,0, ,0.0,0.0,0.0,0.0,2,4000,0,0,0,0,1,0

FINAL,R30-Y,30,R,3
IF,BISUS,7.507475,-71.879208, ,0.0,0.0,2,4000,0,0,0,0,0,0
TF,DORMO,7.533856,-71.950617,0, ,0.0,0.0,299.0,4.5,2,2500,0,0,0,0,2,0
TF,RW30,7.560328,-72.022308,0, ,0.0,0.0,299.0,4.6,1,1031,0,0,0,0,3,1
TF,EGEPU,7.562069,-72.027031,0, ,0.0,0.0,0.0,0.0,0,0,0,0,0,0,0,1
DF,GELMU,7.432025,-71.842831,1, ,0.0,0.0,2,6000,0,1,175,0,0,1
HM,GELMU,7.432025,-71.842831,2, ,0.0,0.0,320.0,04,0,0,0,0,0,0,0,0,0

APPTR,R30-Z,30,CTN
IF,CTN,7.516667,-71.445917, ,0.0,0.0,0,0,0,0,0,0,0,0
TF,ANKUD,7.541122,-71.802381,0, ,0.0,0.0,0.0,0.0,2,4000,0,0,0,0,1,0
TF,BISUS,7.507475,-71.879208,0, ,0.0,0.0,0.0,0.0,2,4000,0,0,0,0,1,0

APPTR,R30-Z,30,GELMU
IF,GELMU,7.432025,-71.842831, ,0.0,0.0,2,4000,0,0,0,0,1,0
TF,BISUS,7.507475,-71.879208,0, ,0.0,0.0,0.0,0.0,2,4000,0,0,0,0,1,0

FINAL,R30-Z,30,R,3
IF,BISUS,7.507475,-71.879208, ,0.0,0.0,2,4000,0,0,0,0,0,0
TF,DORMO,7.533856,-71.950617,0, ,0.0,0.0,299.0,4.5,2,2500,0,0,0,0,2,0
TF,RW30,7.560328,-72.022308,0, ,0.0,0.0,299.0,4.6,1,1031,0,0,0,0,3,1
TF,EGEPU,7.562069,-72.027031,0, ,0.0,0.0,0.0,0.0,0,0,0,0,0,0,0,1
DF,GELMU,7.432025,-71.842831,1, ,0.0,0.0,2,6000,0,1,175,0,0,1
HM,GELMU,7.432025,-71.842831,2, ,0.0,0.0,320.0,04,0,0,0,0,0,0,0,0,0

