SID,ABMI5L,04,2
CA,0,45.0,2,2100,0,0,0,0,0,0
CI,2, ,0.0,229.0,0,0,0,0,0,0,0,0
IF,B,46.882056,74.981917, ,0.0,0.0,0,0,0,0,0,0,0,0
TF,ABMIK,45.937778,74.601111,0, ,0.0,0.0,0.0,0.0,0,0,0,0,0,0,0,0

SID,ABMI5M,22,2
CA,0,225.0,2,2100,0,0,0,0,0,0
CI,0, ,0.0,159.0,0,0,0,0,0,0,0,0
IF,B,46.882056,74.981917, ,0.0,0.0,0,0,0,0,0,0,0,0
TF,ABMIK,45.937778,74.601111,0, ,0.0,0.0,0.0,0.0,0,0,0,0,0,0,0,0

SID,ABMI5N,04,2
CA,0,45.0,2,2100,0,0,0,0,0,0
CI,2, ,0.0,229.0,0,0,0,0,0,0,0,0
CF,ABMIK,45.937778,74.601111,0,BLH,188.8,58.9,189.0,54.0,0,0,0,0,0,0,0,0

SID,ABMI5P,22,2
CA,0,225.0,2,2100,0,0,0,0,0,0
CI,0, ,0.0,159.0,0,0,0,0,0,0,0,0
CF,ABMIK,45.937778,74.601111,0,BLH,188.8,58.9,189.0,58.0,0,0,0,0,0,0,0,0

SID,ABON5L,04,2
CA,0,45.0,2,2100,0,0,0,0,0,0
CI,2, ,0.0,194.0,0,0,0,0,0,0,0,0
IF,B,46.882056,74.981917, ,0.0,0.0,0,0,0,0,0,0,0,0
TF,ABONA,46.192500,75.315833,0, ,0.0,0.0,0.0,0.0,0,0,0,0,0,0,0,0

SID,ABON5M,22,2
CA,0,225.0,2,2100,0,0,0,0,0,0
CI,1, ,0.0,114.0,0,0,0,0,0,0,0,0
IF,B,46.882056,74.981917, ,0.0,0.0,0,0,0,0,0,0,0,0
TF,ABONA,46.192500,75.315833,0, ,0.0,0.0,0.0,0.0,0,0,0,0,0,0,0,0

SID,ABON5N,04,2
CA,0,45.0,2,2100,0,0,0,0,0,0
CI,2, ,0.0,194.0,0,0,0,0,0,0,0,0
CF,ABONA,46.192500,75.315833,0,BLH,154.5,43.7,154.0,36.0,0,0,0,0,0,0,0,0

SID,ABON5P,22,2
CA,0,225.0,2,2100,0,0,0,0,0,0
CI,1, ,0.0,114.0,0,0,0,0,0,0,0,0
CF,ABONA,46.192500,75.315833,0,BLH,154.5,43.7,154.0,41.0,0,0,0,0,0,0,0,0

SID,BAGI5L,04,2
CA,0,45.0,2,2100,0,0,0,0,0,0
CI,1, ,0.0,275.0,0,0,0,0,0,0,0,0
IF,B,46.882056,74.981917, ,0.0,0.0,0,0,0,0,0,0,0,0
TF,BAGIL,47.573611,74.178889,0, ,0.0,0.0,0.0,0.0,0,0,0,0,0,0,0,0

SID,BAGI5M,22,2
CA,0,225.0,2,2100,0,0,0,0,0,0
CI,2, ,0.0,355.0,0,0,0,0,0,0,0,0
IF,B,46.882056,74.981917, ,0.0,0.0,0,0,0,0,0,0,0,0
TF,BAGIL,47.573611,74.178889,0, ,0.0,0.0,0.0,0.0,0,0,0,0,0,0,0,0

SID,BAGI5N,04,2
CA,0,45.0,2,2100,0,0,0,0,0,0
CI,1, ,0.0,275.0,0,0,0,0,0,0,0,0
CF,BAGIL,47.573611,74.178889,0,BLH,314.8,52.9,315.0,46.0,0,0,0,0,0,0,0,0

SID,BAGI5P,22,2
CA,0,225.0,2,2100,0,0,0,0,0,0
CI,2, ,0.0,355.0,0,0,0,0,0,0,0,0
CF,BAGIL,47.573611,74.178889,0,BLH,314.8,52.9,315.0,50.0,0,0,0,0,0,0,0,0

SID,BIKR5L,04,2
CA,0,45.0,2,2100,0,0,0,0,0,0
CI,0, ,0.0,351.0,0,0,0,0,0,0,0,0
IF,B,46.882056,74.981917, ,0.0,0.0,0,0,0,0,0,0,0,0
TF,BIKRI,47.470556,75.440278,0, ,0.0,0.0,0.0,0.0,0,0,0,0,0,0,0,0

SID,BIKR5M,22,2
CA,0,225.0,2,2100,0,0,0,0,0,0
CI,2, ,0.0,61.0,0,0,0,0,0,0,0,0
IF,B,46.882056,74.981917, ,0.0,0.0,0,0,0,0,0,0,0,0
TF,BIKRI,47.470556,75.440278,0, ,0.0,0.0,0.0,0.0,0,0,0,0,0,0,0,0

SID,BIKR5N,04,2
CA,0,45.0,2,2100,0,0,0,0,0,0
CI,0, ,0.0,351.0,0,0,0,0,0,0,0,0
CF,BIKRI,47.470556,75.440278,0,BLH,20.8,39.9,21.0,36.0,0,0,0,0,0,0,0,0

SID,BIKR5P,22,2
CA,0,225.0,2,2100,0,0,0,0,0,0
CI,2, ,0.0,61.0,0,0,0,0,0,0,0,0
CF,BIKRI,47.470556,75.440278,0,BLH,20.8,39.9,21.0,35.0,0,0,0,0,0,0,0,0

SID,DIBU5L,04,2
CA,0,45.0,2,2100,0,0,0,0,0,0
IF,B,46.882056,74.981917, ,0.0,0.0,0,0,0,0,0,0,0,0
TF,DIBUK,47.441944,75.760000,0, ,0.0,0.0,0.0,0.0,0,0,0,0,0,0,0,0

SID,DIBU5M,22,2
CA,0,225.0,2,2100,0,0,0,0,0,0
CI,2, ,0.0,76.0,0,0,0,0,0,0,0,0
IF,B,46.882056,74.981917, ,0.0,0.0,0,0,0,0,0,0,0,0
TF,DIBUK,47.441944,75.760000,0, ,0.0,0.0,0.0,0.0,0,0,0,0,0,0,0,0

SID,DIBU5N,04,2
CA,0,45.0,2,2100,0,0,0,0,0,0
CF,DIBUK,47.441944,75.760000,0,BLH,36.2,46.2,36.0,45.0,0,0,0,0,0,0,0,0

SID,DIBU5P,22,2
CA,0,225.0,2,2100,0,0,0,0,0,0
CI,2, ,0.0,76.0,0,0,0,0,0,0,0,0
CF,DIBUK,47.441944,75.760000,0,BLH,36.2,46.2,36.0,41.0,0,0,0,0,0,0,0,0

SID,DONU5L,04,2
CA,0,45.0,2,2100,0,0,0,0,0,0
CI,0, ,0.0,315.0,0,0,0,0,0,0,0,0
IF,B,46.882056,74.981917, ,0.0,0.0,0,0,0,0,0,0,0,0
TF,DONUR,47.506111,75.010556,0, ,0.0,0.0,0.0,0.0,0,0,0,0,0,0,0,0

SID,DONU5M,22,2
CA,0,225.0,2,2100,0,0,0,0,0,0
CI,2, ,0.0,35.0,0,0,0,0,0,0,0,0
IF,B,46.882056,74.981917, ,0.0,0.0,0,0,0,0,0,0,0,0
TF,DONUR,47.506111,75.010556,0, ,0.0,0.0,0.0,0.0,0,0,0,0,0,0,0,0

SID,DONU5N,04,2
CA,0,45.0,2,2100,0,0,0,0,0,0
CI,0, ,0.0,315.0,0,0,0,0,0,0,0,0
CF,DONUR,47.506111,75.010556,0,BLH,354.7,37.4,355.0,32.0,0,0,0,0,0,0,0,0

SID,DONU5P,22,2
CA,0,225.0,2,2100,0,0,0,0,0,0
CI,2, ,0.0,35.0,0,0,0,0,0,0,0,0
CF,DONUR,47.506111,75.010556,0,BLH,354.7,37.4,355.0,33.0,0,0,0,0,0,0,0,0

SID,ESAD5L,04,2
CA,0,45.0,2,2100,0,0,0,0,0,0
CI,0, ,0.0,95.0,0,0,0,0,0,0,0,0
IF,B,46.882056,74.981917, ,0.0,0.0,0,0,0,0,0,0,0,0
TF,ESADO,47.101944,76.010278,0, ,0.0,0.0,0.0,0.0,0,0,0,0,0,0,0,0

SID,ESAD5M,22,2
CA,0,225.0,2,2100,0,0,0,0,0,0
CI,1, ,0.0,25.0,0,0,0,0,0,0,0,0
IF,B,46.882056,74.981917, ,0.0,0.0,0,0,0,0,0,0,0,0
TF,ESADO,47.101944,76.010278,0, ,0.0,0.0,0.0,0.0,0,0,0,0,0,0,0,0

SID,ESAD5N,04,2
CA,0,45.0,2,2100,0,0,0,0,0,0
CI,0, ,0.0,95.0,0,0,0,0,0,0,0,0
CF,ESADO,47.101944,76.010278,0,BLH,65.3,44.2,65.0,40.0,0,0,0,0,0,0,0,0

SID,ESAD5P,22,2
CA,0,225.0,2,2100,0,0,0,0,0,0
CI,1, ,0.0,25.0,0,0,0,0,0,0,0,0
CF,ESADO,47.101944,76.010278,0,BLH,65.3,44.2,65.0,39.0,0,0,0,0,0,0,0,0

SID,GIRE5L,04,2
CA,0,45.0,2,2100,0,0,0,0,0,0
CI,1, ,0.0,292.0,0,0,0,0,0,0,0,0
IF,B,46.882056,74.981917, ,0.0,0.0,0,0,0,0,0,0,0,0
TF,GIREM,47.538611,74.619167,0, ,0.0,0.0,0.0,0.0,0,0,0,0,0,0,0,0

SID,GIRE5M,22,2
CA,0,225.0,2,2100,0,0,0,0,0,0
CI,2, ,0.0,12.0,0,0,0,0,0,0,0,0
IF,B,46.882056,74.981917, ,0.0,0.0,0,0,0,0,0,0,0,0
TF,GIREM,47.538611,74.619167,0, ,0.0,0.0,0.0,0.0,0,0,0,0,0,0,0,0

SID,GIRE5N,04,2
CA,0,45.0,2,2100,0,0,0,0,0,0
CI,1, ,0.0,292.0,0,0,0,0,0,0,0,0
CF,GIREM,47.538611,74.619167,0,BLH,332.4,42.1,332.0,36.0,0,0,0,0,0,0,0,0

SID,GIRE5P,22,2
CA,0,225.0,2,2100,0,0,0,0,0,0
CI,2, ,0.0,12.0,0,0,0,0,0,0,0,0
CF,GIREM,47.538611,74.619167,0,BLH,332.4,42.1,332.0,38.0,0,0,0,0,0,0,0,0

SID,KONE5L,04,2
CA,0,45.0,2,2100,0,0,0,0,0,0
CI,2, ,0.0,208.0,0,0,0,0,0,0,0,0
IF,B,46.882056,74.981917, ,0.0,0.0,0,0,0,0,0,0,0,0
TF,KONEK,46.108611,75.078611,0, ,0.0,0.0,0.0,0.0,0,0,0,0,0,0,0,0

SID,KONE5M,22,2
CA,0,225.0,2,2100,0,0,0,0,0,0
CI,1, ,0.0,128.0,0,0,0,0,0,0,0,0
IF,B,46.882056,74.981917, ,0.0,0.0,0,0,0,0,0,0,0,0
TF,KONEK,46.108611,75.078611,0, ,0.0,0.0,0.0,0.0,0,0,0,0,0,0,0,0

SID,KONE5N,04,2
CA,0,45.0,2,2100,0,0,0,0,0,0
CI,2, ,0.0,208.0,0,0,0,0,0,0,0,0
CF,KONEK,46.108611,75.078611,0,BLH,168.1,46.7,168.0,41.0,0,0,0,0,0,0,0,0

SID,KONE5P,22,2
CA,0,225.0,2,2100,0,0,0,0,0,0
CI,1, ,0.0,128.0,0,0,0,0,0,0,0,0
CF,KONEK,46.108611,75.078611,0,BLH,168.1,46.7,168.0,45.0,0,0,0,0,0,0,0,0

SID,LASD5L,04,2
CA,0,45.0,2,2100,0,0,0,0,0,0
CI,2, ,0.0,158.0,0,0,0,0,0,0,0,0
IF,B,46.882056,74.981917, ,0.0,0.0,0,0,0,0,0,0,0,0
TF,LASDO,46.411944,75.947500,0, ,0.0,0.0,0.0,0.0,0,0,0,0,0,0,0,0

SID,LASD5M,22,2
CA,0,225.0,2,2100,0,0,0,0,0,0
CI,1, ,0.0,78.0,0,0,0,0,0,0,0,0
IF,B,46.882056,74.981917, ,0.0,0.0,0,0,0,0,0,0,0,0
TF,LASDO,46.411944,75.947500,0, ,0.0,0.0,0.0,0.0,0,0,0,0,0,0,0,0

SID,LASD5N,04,2
CA,0,45.0,2,2100,0,0,0,0,0,0
CI,2, ,0.0,158.0,0,0,0,0,0,0,0,0
CF,LASDO,46.411944,75.947500,0,BLH,118.0,48.9,118.0,42.0,0,0,0,0,0,0,0,0

SID,LASD5P,22,2
CA,0,225.0,2,2100,0,0,0,0,0,0
CI,1, ,0.0,78.0,0,0,0,0,0,0,0,0
CF,LASDO,46.411944,75.947500,0,BLH,118.0,48.9,118.0,45.0,0,0,0,0,0,0,0,0

SID,NEPL5L,04,2
CA,0,45.0,2,2100,0,0,0,0,0,0
CI,1, ,0.0,246.0,0,0,0,0,0,0,0,0
IF,B,46.882056,74.981917, ,0.0,0.0,0,0,0,0,0,0,0,0
TF,NEPLA,47.155556,74.008611,0, ,0.0,0.0,0.0,0.0,0,0,0,0,0,0,0,0

SID,NEPL5M,22,2
CA,0,225.0,2,2100,0,0,0,0,0,0
CI,2, ,0.0,326.0,0,0,0,0,0,0,0,0
IF,B,46.882056,74.981917, ,0.0,0.0,0,0,0,0,0,0,0,0
TF,NEPLA,47.155556,74.008611,0, ,0.0,0.0,0.0,0.0,0,0,0,0,0,0,0,0

SID,NEPL5N,04,2
CA,0,45.0,2,2100,0,0,0,0,0,0
CI,1, ,0.0,246.0,0,0,0,0,0,0,0,0
CF,NEPLA,47.155556,74.008611,0,BLH,285.6,43.3,286.0,37.0,0,0,0,0,0,0,0,0

SID,NEPL5P,22,2
CA,0,225.0,2,2100,0,0,0,0,0,0
CI,2, ,0.0,326.0,0,0,0,0,0,0,0,0
CF,NEPLA,47.155556,74.008611,0,BLH,285.6,43.3,286.0,42.0,0,0,0,0,0,0,0,0

SID,OBAR5L,04,2
CA,0,45.0,2,2100,0,0,0,0,0,0
CI,0, ,0.0,338.0,0,0,0,0,0,0,0,0
IF,B,46.882056,74.981917, ,0.0,0.0,0,0,0,0,0,0,0,0
TF,OBARU,47.488056,75.220000,0, ,0.0,0.0,0.0,0.0,0,0,0,0,0,0,0,0

SID,OBAR5M,22,2
CA,0,225.0,2,2100,0,0,0,0,0,0
CI,2, ,0.0,48.0,0,0,0,0,0,0,0,0
IF,B,46.882056,74.981917, ,0.0,0.0,0,0,0,0,0,0,0,0
TF,OBARU,47.488056,75.220000,0, ,0.0,0.0,0.0,0.0,0,0,0,0,0,0,0,0

SID,OBAR5N,04,2
CA,0,45.0,2,2100,0,0,0,0,0,0
CI,0, ,0.0,338.0,0,0,0,0,0,0,0,0
CF,OBARU,47.488056,75.220000,0,BLH,7.8,37.6,8.0,33.0,0,0,0,0,0,0,0,0

SID,OBAR5P,22,2
CA,0,225.0,2,2100,0,0,0,0,0,0
CI,2, ,0.0,48.0,0,0,0,0,0,0,0,0
CF,OBARU,47.488056,75.220000,0,BLH,7.8,37.6,8.0,32.0,0,0,0,0,0,0,0,0

SID,SUBA5L,04,2
CA,0,45.0,2,2100,0,0,0,0,0,0
CI,2, ,0.0,140.0,0,0,0,0,0,0,0,0
IF,B,46.882056,74.981917, ,0.0,0.0,0,0,0,0,0,0,0,0
TF,SUBAN,46.565278,76.398056,0, ,0.0,0.0,0.0,0.0,0,0,0,0,0,0,0,0

SID,SUBA5M,22,2
CA,0,225.0,2,2100,0,0,0,0,0,0
CI,1, ,0.0,60.0,0,0,0,0,0,0,0,0
IF,B,46.882056,74.981917, ,0.0,0.0,0,0,0,0,0,0,0,0
TF,SUBAN,46.565278,76.398056,0, ,0.0,0.0,0.0,0.0,0,0,0,0,0,0,0,0

SID,SUBA5N,04,2
CA,0,45.0,2,2100,0,0,0,0,0,0
CI,2, ,0.0,141.0,0,0,0,0,0,0,0,0
CF,SUBAN,46.565278,76.398056,0,BLH,100.6,61.4,101.0,56.0,0,0,0,0,0,0,0,0

SID,SUBA5P,22,2
CA,0,225.0,2,2100,0,0,0,0,0,0
CI,1, ,0.0,61.0,0,0,0,0,0,0,0,0
CF,SUBAN,46.565278,76.398056,0,BLH,100.6,61.4,101.0,56.0,0,0,0,0,0,0,0,0

SID,TULP5L,04,2
CA,0,45.0,2,2100,0,0,0,0,0,0
CI,2, ,0.0,189.0,0,0,0,0,0,0,0,0
IF,B,46.882056,74.981917, ,0.0,0.0,0,0,0,0,0,0,0,0
TF,TULPI,46.221667,75.399444,0, ,0.0,0.0,0.0,0.0,0,0,0,0,0,0,0,0

SID,TULP5M,22,2
CA,0,225.0,2,2100,0,0,0,0,0,0
CI,1, ,0.0,109.0,0,0,0,0,0,0,0,0
IF,B,46.882056,74.981917, ,0.0,0.0,0,0,0,0,0,0,0,0
TF,TULPI,46.221667,75.399444,0, ,0.0,0.0,0.0,0.0,0,0,0,0,0,0,0,0

SID,TULP5N,04,2
CA,0,45.0,2,2100,0,0,0,0,0,0
CI,2, ,0.0,189.0,0,0,0,0,0,0,0,0
CF,TULPI,46.221667,75.399444,0,BLH,149.4,43.3,149.0,38.0,0,0,0,0,0,0,0,0

SID,TULP5P,22,2
CA,0,225.0,2,2100,0,0,0,0,0,0
CI,1, ,0.0,109.0,0,0,0,0,0,0,0,0
CF,TULPI,46.221667,75.399444,0,BLH,149.4,43.3,149.0,41.0,0,0,0,0,0,0,0,0

STAR,ABMI5B,22,2
IF,ABMIK,45.937778,74.601111, ,0.0,0.0,0,0,0,0,0,0,0,0
TF,B,46.882056,74.981917,0, ,0.0,0.0,0.0,0.0,1,6000,0,0,0,0,0,0

STAR,ABMI5C,04,2
IF,ABMIK,45.937778,74.601111, ,0.0,0.0,0,0,0,0,0,0,0,0
TF,B,46.882056,74.981917,0, ,0.0,0.0,0.0,0.0,1,6000,0,0,0,0,0,0

STAR,ABMI5Q,04,2
IF,ABMIK,45.937778,74.601111, ,0.0,0.0,0,0,0,0,0,0,0,0
TF,BLH,46.883083,74.983806,0, ,0.0,0.0,0.0,0.0,1,6000,0,0,0,0,0,0

STAR,ABMI5R,22,2
IF,ABMIK,45.937778,74.601111, ,0.0,0.0,0,0,0,0,0,0,0,0
TF,BLH,46.883083,74.983806,0, ,0.0,0.0,0.0,0.0,1,6000,0,0,0,0,0,0

STAR,ABON5B,22,2
IF,ABONA,46.192500,75.315833, ,0.0,0.0,0,0,0,0,0,0,0,0
TF,B,46.882056,74.981917,0, ,0.0,0.0,0.0,0.0,1,6000,0,0,0,0,0,0

STAR,ABON5C,04,2
IF,ABONA,46.192500,75.315833, ,0.0,0.0,0,0,0,0,0,0,0,0
TF,B,46.882056,74.981917,0, ,0.0,0.0,0.0,0.0,1,6000,0,0,0,0,0,0

STAR,ABON5Q,04,2
IF,ABONA,46.192500,75.315833, ,0.0,0.0,0,0,0,0,0,0,0,0
TF,BLH,46.883083,74.983806,0, ,0.0,0.0,0.0,0.0,1,6000,0,0,0,0,0,0

STAR,ABON5R,22,2
IF,ABONA,46.192500,75.315833, ,0.0,0.0,0,0,0,0,0,0,0,0
TF,BLH,46.883083,74.983806,0, ,0.0,0.0,0.0,0.0,1,6000,0,0,0,0,0,0

STAR,BAGI5B,22,2
IF,BAGIL,47.573611,74.178889, ,0.0,0.0,0,0,0,0,0,0,0,0
TF,B,46.882056,74.981917,0, ,0.0,0.0,0.0,0.0,1,6000,0,0,0,0,0,0

STAR,BAGI5C,04,2
IF,BAGIL,47.573611,74.178889, ,0.0,0.0,0,0,0,0,0,0,0,0
TF,B,46.882056,74.981917,0, ,0.0,0.0,0.0,0.0,1,6000,0,0,0,0,0,0

STAR,BAGI5Q,04,2
IF,BAGIL,47.573611,74.178889, ,0.0,0.0,0,0,0,0,0,0,0,0
TF,BLH,46.883083,74.983806,0, ,0.0,0.0,0.0,0.0,1,6000,0,0,0,0,0,0

STAR,BAGI5R,22,2
IF,BAGIL,47.573611,74.178889, ,0.0,0.0,0,0,0,0,0,0,0,0
TF,BLH,46.883083,74.983806,0, ,0.0,0.0,0.0,0.0,1,6000,0,0,0,0,0,0

STAR,BIKR5B,22,2
IF,BIKRI,47.470556,75.440278, ,0.0,0.0,0,0,0,0,0,0,0,0
TF,B,46.882056,74.981917,0, ,0.0,0.0,0.0,0.0,1,6000,0,0,0,0,0,0

STAR,BIKR5C,04,2
IF,BIKRI,47.470556,75.440278, ,0.0,0.0,0,0,0,0,0,0,0,0
TF,B,46.882056,74.981917,0, ,0.0,0.0,0.0,0.0,1,6000,0,0,0,0,0,0

STAR,BIKR5Q,04,2
IF,BIKRI,47.470556,75.440278, ,0.0,0.0,0,0,0,0,0,0,0,0
TF,BLH,46.883083,74.983806,0, ,0.0,0.0,0.0,0.0,1,6000,0,0,0,0,0,0

STAR,BIKR5R,22,2
IF,BIKRI,47.470556,75.440278, ,0.0,0.0,0,0,0,0,0,0,0,0
TF,BLH,46.883083,74.983806,0, ,0.0,0.0,0.0,0.0,1,6000,0,0,0,0,0,0

STAR,DIBU5B,22,2
IF,DIBUK,47.441944,75.760000, ,0.0,0.0,0,0,0,0,0,0,0,0
TF,B,46.882056,74.981917,0, ,0.0,0.0,0.0,0.0,1,6000,0,0,0,0,0,0

STAR,DIBU5C,04,2
IF,DIBUK,47.441944,75.760000, ,0.0,0.0,0,0,0,0,0,0,0,0
TF,B,46.882056,74.981917,0, ,0.0,0.0,0.0,0.0,1,6000,0,0,0,0,0,0

STAR,DIBU5Q,04,2
IF,DIBUK,47.441944,75.760000, ,0.0,0.0,0,0,0,0,0,0,0,0
TF,BLH,46.883083,74.983806,0, ,0.0,0.0,0.0,0.0,1,6000,0,0,0,0,0,0

STAR,DIBU5R,22,2
IF,DIBUK,47.441944,75.760000, ,0.0,0.0,0,0,0,0,0,0,0,0
TF,BLH,46.883083,74.983806,0, ,0.0,0.0,0.0,0.0,1,6000,0,0,0,0,0,0

STAR,DONU5B,22,2
IF,DONUR,47.506111,75.010556, ,0.0,0.0,0,0,0,0,0,0,0,0
TF,B,46.882056,74.981917,0, ,0.0,0.0,0.0,0.0,1,6000,0,0,0,0,0,0

STAR,DONU5C,04,2
IF,DONUR,47.506111,75.010556, ,0.0,0.0,0,0,0,0,0,0,0,0
TF,B,46.882056,74.981917,0, ,0.0,0.0,0.0,0.0,1,6000,0,0,0,0,0,0

STAR,DONU5Q,04,2
IF,DONUR,47.506111,75.010556, ,0.0,0.0,0,0,0,0,0,0,0,0
TF,BLH,46.883083,74.983806,0, ,0.0,0.0,0.0,0.0,1,6000,0,0,0,0,0,0

STAR,DONU5R,22,2
IF,DONUR,47.506111,75.010556, ,0.0,0.0,0,0,0,0,0,0,0,0
TF,BLH,46.883083,74.983806,0, ,0.0,0.0,0.0,0.0,1,6000,0,0,0,0,0,0

STAR,ESAD5B,22,2
IF,ESADO,47.101944,76.010278, ,0.0,0.0,0,0,0,0,0,0,0,0
TF,B,46.882056,74.981917,0, ,0.0,0.0,0.0,0.0,1,6000,0,0,0,0,0,0

STAR,ESAD5C,04,2
IF,ESADO,47.101944,76.010278, ,0.0,0.0,0,0,0,0,0,0,0,0
TF,B,46.882056,74.981917,0, ,0.0,0.0,0.0,0.0,1,6000,0,0,0,0,0,0

STAR,ESAD5Q,04,2
IF,ESADO,47.101944,76.010278, ,0.0,0.0,0,0,0,0,0,0,0,0
TF,BLH,46.883083,74.983806,0, ,0.0,0.0,0.0,0.0,1,6000,0,0,0,0,0,0

STAR,ESAD5R,22,2
IF,ESADO,47.101944,76.010278, ,0.0,0.0,0,0,0,0,0,0,0,0
TF,BLH,46.883083,74.983806,0, ,0.0,0.0,0.0,0.0,1,6000,0,0,0,0,0,0

STAR,GIRE5B,22,2
IF,GIREM,47.538611,74.619167, ,0.0,0.0,0,0,0,0,0,0,0,0
TF,B,46.882056,74.981917,0, ,0.0,0.0,0.0,0.0,1,6000,0,0,0,0,0,0

STAR,GIRE5C,04,2
IF,GIREM,47.538611,74.619167, ,0.0,0.0,0,0,0,0,0,0,0,0
TF,B,46.882056,74.981917,0, ,0.0,0.0,0.0,0.0,1,6000,0,0,0,0,0,0

STAR,GIRE5Q,04,2
IF,GIREM,47.538611,74.619167, ,0.0,0.0,0,0,0,0,0,0,0,0
TF,BLH,46.883083,74.983806,0, ,0.0,0.0,0.0,0.0,1,6000,0,0,0,0,0,0

STAR,GIRE5R,22,2
IF,GIREM,47.538611,74.619167, ,0.0,0.0,0,0,0,0,0,0,0,0
TF,BLH,46.883083,74.983806,0, ,0.0,0.0,0.0,0.0,1,6000,0,0,0,0,0,0

STAR,KONE5B,22,2
IF,KONEK,46.108611,75.078611, ,0.0,0.0,0,0,0,0,0,0,0,0
TF,B,46.882056,74.981917,0, ,0.0,0.0,0.0,0.0,1,6000,0,0,0,0,0,0

STAR,KONE5C,04,2
IF,KONEK,46.108611,75.078611, ,0.0,0.0,0,0,0,0,0,0,0,0
TF,B,46.882056,74.981917,0, ,0.0,0.0,0.0,0.0,1,6000,0,0,0,0,0,0

STAR,KONE5Q,04,2
IF,KONEK,46.108611,75.078611, ,0.0,0.0,0,0,0,0,0,0,0,0
TF,BLH,46.883083,74.983806,0, ,0.0,0.0,0.0,0.0,1,6000,0,0,0,0,0,0

STAR,KONE5R,22,2
IF,KONEK,46.108611,75.078611, ,0.0,0.0,0,0,0,0,0,0,0,0
TF,BLH,46.883083,74.983806,0, ,0.0,0.0,0.0,0.0,1,6000,0,0,0,0,0,0

STAR,LASD5B,22,2
IF,LASDO,46.411944,75.947500, ,0.0,0.0,0,0,0,0,0,0,0,0
TF,B,46.882056,74.981917,0, ,0.0,0.0,0.0,0.0,1,6000,0,0,0,0,0,0

STAR,LASD5C,04,2
IF,LASDO,46.411944,75.947500, ,0.0,0.0,0,0,0,0,0,0,0,0
TF,B,46.882056,74.981917,0, ,0.0,0.0,0.0,0.0,1,6000,0,0,0,0,0,0

STAR,LASD5Q,04,2
IF,LASDO,46.411944,75.947500, ,0.0,0.0,0,0,0,0,0,0,0,0
TF,BLH,46.883083,74.983806,0, ,0.0,0.0,0.0,0.0,1,6000,0,0,0,0,0,0

STAR,LASD5R,22,2
IF,LASDO,46.411944,75.947500, ,0.0,0.0,0,0,0,0,0,0,0,0
TF,BLH,46.883083,74.983806,0, ,0.0,0.0,0.0,0.0,1,6000,0,0,0,0,0,0

STAR,NEPL5B,22,2
IF,NEPLA,47.155556,74.008611, ,0.0,0.0,0,0,0,0,0,0,0,0
TF,B,46.882056,74.981917,0, ,0.0,0.0,0.0,0.0,1,6000,0,0,0,0,0,0

STAR,NEPL5C,04,2
IF,NEPLA,47.155556,74.008611, ,0.0,0.0,0,0,0,0,0,0,0,0
TF,B,46.882056,74.981917,0, ,0.0,0.0,0.0,0.0,1,6000,0,0,0,0,0,0

STAR,NEPL5Q,04,2
IF,NEPLA,47.155556,74.008611, ,0.0,0.0,0,0,0,0,0,0,0,0
TF,BLH,46.883083,74.983806,0, ,0.0,0.0,0.0,0.0,1,6000,0,0,0,0,0,0

STAR,NEPL5R,22,2
IF,NEPLA,47.155556,74.008611, ,0.0,0.0,0,0,0,0,0,0,0,0
TF,BLH,46.883083,74.983806,0, ,0.0,0.0,0.0,0.0,1,6000,0,0,0,0,0,0

STAR,OBAR5B,22,2
IF,OBARU,47.488056,75.220000, ,0.0,0.0,0,0,0,0,0,0,0,0
TF,B,46.882056,74.981917,0, ,0.0,0.0,0.0,0.0,1,6000,0,0,0,0,0,0

STAR,OBAR5C,04,2
IF,OBARU,47.488056,75.220000, ,0.0,0.0,0,0,0,0,0,0,0,0
TF,B,46.882056,74.981917,0, ,0.0,0.0,0.0,0.0,1,6000,0,0,0,0,0,0

STAR,OBAR5Q,04,2
IF,OBARU,47.488056,75.220000, ,0.0,0.0,0,0,0,0,0,0,0,0
TF,BLH,46.883083,74.983806,0, ,0.0,0.0,0.0,0.0,1,6000,0,0,0,0,0,0

STAR,OBAR5R,22,2
IF,OBARU,47.488056,75.220000, ,0.0,0.0,0,0,0,0,0,0,0,0
TF,BLH,46.883083,74.983806,0, ,0.0,0.0,0.0,0.0,1,6000,0,0,0,0,0,0

STAR,SUBA5B,22,2
IF,SUBAN,46.565278,76.398056, ,0.0,0.0,0,0,0,0,0,0,0,0
TF,B,46.882056,74.981917,0, ,0.0,0.0,0.0,0.0,1,6000,0,0,0,0,0,0

STAR,SUBA5C,04,2
IF,SUBAN,46.565278,76.398056, ,0.0,0.0,0,0,0,0,0,0,0,0
TF,B,46.882056,74.981917,0, ,0.0,0.0,0.0,0.0,1,6000,0,0,0,0,0,0

STAR,SUBA5Q,04,2
IF,SUBAN,46.565278,76.398056, ,0.0,0.0,0,0,0,0,0,0,0,0
TF,BLH,46.883083,74.983806,0, ,0.0,0.0,0.0,0.0,1,6000,0,0,0,0,0,0

STAR,SUBA5R,22,2
IF,SUBAN,46.565278,76.398056, ,0.0,0.0,0,0,0,0,0,0,0,0
TF,BLH,46.883083,74.983806,0, ,0.0,0.0,0.0,0.0,1,6000,0,0,0,0,0,0

STAR,TULP5B,22,2
IF,TULPI,46.221667,75.399444, ,0.0,0.0,0,0,0,0,0,0,0,0
TF,B,46.882056,74.981917,0, ,0.0,0.0,0.0,0.0,1,6000,0,0,0,0,0,0

STAR,TULP5C,04,2
IF,TULPI,46.221667,75.399444, ,0.0,0.0,0,0,0,0,0,0,0,0
TF,B,46.882056,74.981917,0, ,0.0,0.0,0.0,0.0,1,6000,0,0,0,0,0,0

STAR,TULP5Q,04,2
IF,TULPI,46.221667,75.399444, ,0.0,0.0,0,0,0,0,0,0,0,0
TF,BLH,46.883083,74.983806,0, ,0.0,0.0,0.0,0.0,1,6000,0,0,0,0,0,0

STAR,TULP5R,22,2
IF,TULPI,46.221667,75.399444, ,0.0,0.0,0,0,0,0,0,0,0,0
TF,BLH,46.883083,74.983806,0, ,0.0,0.0,0.0,0.0,1,6000,0,0,0,0,0,0

APPTR,D04,04,BLH1
IF,BLH,46.883083,74.983806, ,0.0,0.0,2,6000,0,1,200,0,1,0
FD,BLH,46.883083,74.983806,0,BLH,0.0,9.2,244.0,9.2,2,3400,0,0,0,0,0,0
CF,FD04,46.823111,74.872889,1,BLH,224.8,5.8,45.0,4.0,2,3400,0,0,0,0,0,0

APPTR,D04,04,BLH2
IF,BLH,46.883083,74.983806, ,0.0,0.0,2,6000,0,1,140,0,1,0
FD,BLH,46.883083,74.983806,0,BLH,0.0,9.2,235.0,9.2,2,3400,0,0,0,0,0,0
CF,FD04,46.823111,74.872889,1,BLH,224.8,5.8,45.0,4.0,2,3400,0,0,0,0,0,0

FINAL,D04,04,D,2
IF,FD04,46.823111,74.872889,BLH,224.8,5.8,2,3400,0,0,0,0,2,0
CF,BLH,46.883083,74.983806,0,BLH,0.0,0.0,45.0,5.8,1,1566,0,0,0,0,3,0
FD,BLH,46.883083,74.983806,0,BLH,0.0,5.7,45.0,5.7,2,2400,0,0,0,0,0,0
DF,BLH,46.883083,74.983806,1, ,0.0,0.0,1,3400,0,1,250,0,0,0

APPTR,D22,22,BLH1
IF,BLH,46.883083,74.983806, ,0.0,0.0,2,6000,0,1,200,0,1,0
FD,BLH,46.883083,74.983806,0,BLH,0.0,10.9,61.0,10.9,2,3400,0,0,0,0,0,0
CF,FF22,46.963250,75.132778,1,BLH,44.8,7.8,225.0,3.0,2,3400,0,0,0,0,0,0

APPTR,D22,22,BLH2
IF,BLH,46.883083,74.983806, ,0.0,0.0,2,6000,0,1,140,0,1,0
FD,BLH,46.883083,74.983806,0,BLH,0.0,10.9,54.0,10.9,2,3400,0,0,0,0,0,0
CF,FF22,46.963250,75.132778,1,BLH,44.8,7.8,225.0,3.0,2,3400,0,0,0,0,0,0

FINAL,D22,22,D,2
IF,FF22,46.963250,75.132778,BLH,44.8,7.8,2,3400,0,0,0,0,2,0
CF,MD22,46.906769,75.027739,0,BLH,44.8,2.3,225.0,5.5,1,1669,0,0,0,0,3,0
CF,BLH,46.883083,74.983806,0,BLH,0.0,0.0,225.0,2.3,0,0,0,0,0,0,0,0
FD,BLH,46.883083,74.983806,0,BLH,0.0,6.8,225.0,6.8,2,2800,0,0,0,0,0,0
DF,BLH,46.883083,74.983806,2, ,0.0,0.0,1,3400,0,1,250,0,0,0

APPTR,N04,04,B1
IF,B,46.882056,74.981917, ,0.0,0.0,2,6000,0,1,200,0,1,0
FC,B,46.882056,74.981917,0,BLH,0.0,0.0,244.0,8.3,2,3400,0,0,0,0,0,1
CF,FN04,46.823928,74.873619,1,BLH,225.0,5.8,45.0,3.0,2,3400,0,0,0,0,0,0

APPTR,N04,04,B2
IF,B,46.882056,74.981917, ,0.0,0.0,2,6000,0,1,140,0,1,0
FC,B,46.882056,74.981917,0,BLH,0.0,0.0,235.0,8.2,2,3400,0,0,0,0,0,1
CF,FN04,46.823928,74.873619,1,BLH,225.0,5.8,45.0,3.0,2,3400,0,0,0,0,0,0

FINAL,N04,04,N,2
IF,FN04,46.823928,74.873619,B,0.0,0.0,2,3400,0,0,0,0,2,0
CF,B,46.882056,74.981917,0,B,0.0,0.0,45.0,5.7,1,1597,0,0,0,0,3,0
FC,B,46.882056,74.981917,0,BLH,0.0,0.0,45.0,7.0,2,2400,0,0,0,0,0,1
DF,B,46.882056,74.981917,1, ,0.0,0.0,1,3400,0,1,250,0,0,0

APPTR,N22,22,B1
IF,B,46.882056,74.981917, ,0.0,0.0,2,6000,0,1,200,0,1,0
FC,B,46.882056,74.981917,0,BLH,0.0,0.0,64.0,8.3,2,3400,0,0,0,0,0,1
CF,FF22,46.963250,75.132778,1,BLH,44.8,7.8,225.0,1.0,2,3400,0,0,0,0,0,0

APPTR,N22,22,B2
IF,B,46.882056,74.981917, ,0.0,0.0,2,6000,0,1,140,0,1,0
FC,B,46.882056,74.981917,0,BLH,0.0,0.0,55.0,8.2,2,3400,0,0,0,0,0,1
CF,FF22,46.963250,75.132778,1,BLH,44.8,7.8,225.0,1.0,2,3400,0,0,0,0,0,0

FINAL,N22,22,N,2
IF,FF22,46.963250,75.132778,B,0.0,0.0,2,3400,0,0,0,0,2,0
CF,RW22,46.901217,75.017447,0,B,0.0,0.0,225.0,6.0,1,1497,0,0,0,0,3,0
CF,B,46.882056,74.981917,0,BLH,224.6,0.1,225.0,1.9,0,0,0,0,0,0,0,1
FC,B,46.882056,74.981917,0,BLH,0.0,0.0,225.0,8.3,2,2900,0,0,0,0,0,1
DF,B,46.882056,74.981917,2, ,0.0,0.0,1,3400,0,1,250,0,0,0

