SID,AGAK3A,09,2
CA,0,92.0,2,2000,0,0,0,0,0,0
CI,1, ,0.0,326.0,0,0,0,0,0,0,0,0
CF,AGAKA,46.595556,80.917500,0,AGZ,160.4,82.4,6.0,18.0,4,14000,12000,0,0,0,0,0

SID,AGAK3B,27,2
CA,0,272.0,2,2000,0,0,0,0,0,0
CI,2, ,0.0,40.0,0,0,0,0,0,0,0,0
CF,AGAKA,46.595556,80.917500,0,AGZ,160.4,82.4,360.0,18.0,4,14000,12000,0,0,0,0,0

SID,NESU1A,09,2
CA,0,92.0,2,2000,0,0,0,0,0,0
DF,SH,46.193278,80.803139,1, ,0.0,0.0,0,0,0,0,0,0,0,0
TF,NESUN,46.023056,80.293889,0, ,0.0,0.0,0.0,0.0,4,14000,12000,0,0,0,0,0

SID,NESU1B,27,2
CA,0,272.0,2,2000,0,0,0,0,0,0
CI,0, ,0.0,212.0,0,0,0,0,0,0,0,0
CF,NESUN,46.023056,80.293889,0,AGZ,177.3,114.7,242.0,21.0,4,14000,12000,0,0,0,0,0

STAR,AGAK2C,09,2
IF,AGAKA,46.595556,80.917500, ,0.0,0.0,4,14000,12000,0,0,0,0,0
TF,SH,46.193278,80.803139,0, ,0.0,0.0,0.0,0.0,1,7000,0,0,0,0,0,0

STAR,AGAK2D,27,2
IF,AGAKA,46.595556,80.917500, ,0.0,0.0,4,14000,12000,0,0,0,0,0
TF,R,46.188111,80.859250,0, ,0.0,0.0,0.0,0.0,1,7000,0,0,0,0,0,0

STAR,NESU2C,09,2
IF,NESUN,46.023056,80.293889, ,0.0,0.0,4,14000,12000,0,0,0,0,0
TF,SH,46.193278,80.803139,0, ,0.0,0.0,0.0,0.0,1,7000,0,0,0,0,0,0

STAR,NESU2D,27,2
IF,NESUN,46.023056,80.293889, ,0.0,0.0,4,14000,12000,0,0,0,0,0
TF,R,46.188111,80.859250,0, ,0.0,0.0,0.0,0.0,1,7000,0,0,0,0,0,0

APPTR,N09-Y,09,SH
IF,SH,46.193278,80.803139, ,0.0,0.0,2,7000,0,1,140,0,1,0
FC,SH,46.193278,80.803139,0,SH,0.0,0.0,286.0,9.0,2,4200,0,0,0,0,0,1
CF,FN09Y,46.222803,80.601811,1,SH,277.0,8.6,97.0,1.0,2,4200,0,0,0,0,0,0

FINAL,N09-Y,09,N,2
IF,FN09Y,46.222803,80.601811,SH,0.0,0.0,2,4200,0,0,0,0,2,0
CF,SH,46.193278,80.803139,0,SH,0.0,0.0,97.0,8.6,1,1470,0,0,0,0,3,0
FA,SH,46.193278,80.803139,0,SH,0.0,0.0,97.0,2,3200,0,0,0,0,0,0
DF,SH,46.193278,80.803139,1, ,0.0,0.0,1,4200,0,0,0,0,0,0

APPTR,N09-Z,09,SH
IF,SH,46.193278,80.803139, ,0.0,0.0,2,7000,0,1,160,0,1,0
FC,SH,46.193278,80.803139,0,SH,0.0,0.0,291.0,7.1,2,4200,0,0,0,0,0,1
CF,FN09Z,46.217750,80.636442,1,SH,277.0,7.1,97.0,1.0,2,4200,0,0,0,0,0,0

FINAL,N09-Z,09,N,2
IF,FN09Z,46.217750,80.636442,SH,0.0,0.0,2,4200,0,0,0,0,2,0
CF,SH,46.193278,80.803139,0,SH,0.0,0.0,97.0,7.1,1,1494,0,0,0,0,3,0
FA,SH,46.193278,80.803139,0,SH,0.0,0.0,97.0,2,3200,0,0,0,0,0,0
DF,SH,46.193278,80.803139,1, ,0.0,0.0,1,4200,0,0,0,0,0,0

APPTR,N27-Y,27,R
IF,R,46.188111,80.859250, ,0.0,0.0,2,7000,0,1,140,0,1,0
FC,R,46.188111,80.859250,0,R,0.0,0.0,83.0,9.0,2,4200,0,0,0,0,0,1
CF,FN27Y,46.170578,81.062650,2,R,92.0,8.6,272.0,1.0,2,4200,0,0,0,0,0,0

FINAL,N27-Y,27,N,2
IF,FN27Y,46.170578,81.062650,R,0.0,0.0,2,4200,0,0,0,0,2,0
CF,R,46.188111,80.859250,0,R,0.0,0.0,272.0,8.6,1,1481,0,0,0,0,3,0
FA,R,46.188111,80.859250,0,R,0.0,0.0,272.0,2,2400,0,0,0,0,0,0
DF,R,46.188111,80.859250,2, ,0.0,0.0,1,4200,0,0,0,0,0,0

APPTR,N27-Z,27,R
IF,R,46.188111,80.859250, ,0.0,0.0,2,7000,0,1,160,0,1,0
FC,R,46.188111,80.859250,0,R,0.0,0.0,78.0,7.1,2,4200,0,0,0,0,0,1
CF,FN27Z,46.173567,81.028261,2,R,92.0,7.1,272.0,1.0,2,4200,0,0,0,0,0,0

FINAL,N27-Z,27,N,2
IF,FN27Z,46.173567,81.028261,R,0.0,0.0,2,4200,0,0,0,0,2,0
CF,R,46.188111,80.859250,0,R,0.0,0.0,272.0,7.1,1,1512,0,0,0,0,3,0
FA,R,46.188111,80.859250,0,R,0.0,0.0,272.0,2,2400,0,0,0,0,0,0
DF,R,46.188111,80.859250,2, ,0.0,0.0,1,4200,0,0,0,0,0,0

