SID,ADEB3E,02,2
CA,0,21.0,2,2000,0,0,0,0,0,0
CD, ,0,0,0,KTU,0,0.0,21.0,5.0,0,0,0,0,0,0,0,0
CI,0, ,0.0,82.0,0,0,0,0,0,0,0,0
CF,ADEBA,53.656944,70.667778,0,KTU,52.5,41.9,52.0,31.0,4,14000,5000,0,0,0,0,0

SID,ADEB3F,20,2
CA,0,201.0,2,2000,0,0,0,0,0,0
CD, ,0,0,0,KTU,0,0.0,201.0,8.0,0,0,0,0,0,0,0,0
CI,2, ,0.0,82.0,0,0,0,0,0,0,0,0
CF,ADEBA,53.656944,70.667778,0,KTU,52.5,41.9,52.0,50.0,4,14000,5000,0,0,0,0,0

SID,ADLO2J,02,2
CA,0,21.0,2,2200,0,0,0,0,0,0
CD, ,0,0,0,KTU,0,0.0,21.0,8.0,0,0,0,0,0,0,0,0
DF,KTU,53.350750,69.616972,1, ,0.0,0.0,0,0,0,0,0,0,0,0
TF,GIKON,53.178056,70.139444,0, ,0.0,0.0,0.0,0.0,2,8000,0,0,0,0,0,0
TF,ADLON,53.024722,70.679722,0, ,0.0,0.0,0.0,0.0,4,14000,8000,0,0,0,0,0

SID,ADLO2K,20,2
CA,0,201.0,2,2200,0,0,0,0,0,0
CD, ,0,0,0,KTU,0,0.0,201.0,9.0,0,0,0,0,0,0,0,0
DF,KTU,53.350750,69.616972,2, ,0.0,0.0,0,0,0,0,0,0,0,0
TF,GIKON,53.178056,70.139444,0, ,0.0,0.0,0.0,0.0,2,8000,0,0,0,0,0,0
TF,ADLON,53.024722,70.679722,0, ,0.0,0.0,0.0,0.0,4,14000,8000,0,0,0,0,0

SID,ADLO3E,02,2
CA,0,21.0,2,2000,0,0,0,0,0,0
CD, ,0,0,0,KTU,0,0.0,21.0,5.0,0,0,0,0,0,0,0,0
DF,KTU,53.350750,69.616972,1, ,0.0,0.0,0,0,0,0,0,0,0,0
TF,GIKON,53.178056,70.139444,0, ,0.0,0.0,0.0,0.0,2,8000,0,0,0,0,0,0
TF,ADLON,53.024722,70.679722,0, ,0.0,0.0,0.0,0.0,4,14000,8000,0,0,0,0,0

SID,ADLO3F,20,2
CA,0,201.0,2,2000,0,0,0,0,0,0
CD, ,0,0,0,KTU,0,0.0,201.0,8.0,0,0,0,0,0,0,0,0
DF,KTU,53.350750,69.616972,2, ,0.0,0.0,0,0,0,0,0,0,0,0
TF,GIKON,53.178056,70.139444,0, ,0.0,0.0,0.0,0.0,2,8000,0,0,0,0,0,0
TF,ADLON,53.024722,70.679722,0, ,0.0,0.0,0.0,0.0,4,14000,8000,0,0,0,0,0

SID,BALM2J,02,2
CA,0,21.0,2,2200,0,0,0,0,0,0
CD, ,0,0,0,KTU,0,0.0,21.0,8.0,0,0,0,0,0,0,0,0
DF,KTU,53.350750,69.616972,1, ,0.0,0.0,0,0,0,0,0,0,0,0
TF,REKRU,53.258333,70.183889,0, ,0.0,0.0,0.0,0.0,2,8000,0,0,0,0,0,0
TF,BALMI,53.185278,70.770278,0, ,0.0,0.0,0.0,0.0,4,14000,8000,0,0,0,0,0

SID,BALM2K,20,2
CA,0,201.0,2,2200,0,0,0,0,0,0
CD, ,0,0,0,KTU,0,0.0,201.0,9.0,0,0,0,0,0,0,0,0
DF,KTU,53.350750,69.616972,2, ,0.0,0.0,0,0,0,0,0,0,0,0
TF,REKRU,53.258333,70.183889,0, ,0.0,0.0,0.0,0.0,2,8000,0,0,0,0,0,0
TF,BALMI,53.185278,70.770278,0, ,0.0,0.0,0.0,0.0,4,14000,8000,0,0,0,0,0

SID,BALM3E,02,2
CA,0,21.0,2,2000,0,0,0,0,0,0
CD, ,0,0,0,KTU,0,0.0,21.0,5.0,0,0,0,0,0,0,0,0
DF,KTU,53.350750,69.616972,1, ,0.0,0.0,0,0,0,0,0,0,0,0
TF,REKRU,53.258333,70.183889,0, ,0.0,0.0,0.0,0.0,2,8000,0,0,0,0,0,0
TF,BALMI,53.185278,70.770278,0, ,0.0,0.0,0.0,0.0,4,14000,8000,0,0,0,0,0

SID,BALM3F,20,2
CA,0,201.0,2,2000,0,0,0,0,0,0
CD, ,0,0,0,KTU,0,0.0,201.0,8.0,0,0,0,0,0,0,0,0
DF,KTU,53.350750,69.616972,2, ,0.0,0.0,0,0,0,0,0,0,0,0
TF,REKRU,53.258333,70.183889,0, ,0.0,0.0,0.0,0.0,2,8000,0,0,0,0,0,0
TF,BALMI,53.185278,70.770278,0, ,0.0,0.0,0.0,0.0,4,14000,8000,0,0,0,0,0

SID,LALK3E,02,2
CA,0,21.0,2,2000,0,0,0,0,0,0
CD, ,0,0,0,KTU,0,0.0,21.0,5.0,0,0,0,0,0,0,0,0
CI,1, ,0.0,191.0,0,0,0,0,0,0,0,0
CF,LALKA,53.004722,68.527778,0,KTU,231.6,44.5,231.0,41.0,4,14000,5000,0,0,0,0,0

SID,LALK3F,20,2
CA,0,201.0,2,2000,0,0,0,0,0,0
CD, ,0,0,0,KTU,0,0.0,201.0,8.0,0,0,0,0,0,0,0,0
CI,0, ,0.0,271.0,0,0,0,0,0,0,0,0
CF,LALKA,53.004722,68.527778,0,KTU,231.6,44.5,231.0,33.0,4,14000,5000,0,0,0,0,0

SID,LASP3E,02,2
CA,0,21.0,2,2000,0,0,0,0,0,0
CD, ,0,0,0,KTU,0,0.0,21.0,5.0,0,0,0,0,0,0,0,0
CI,1, ,0.0,260.0,0,0,0,0,0,0,0,0
CF,LASPA,53.814444,68.705278,0,KTU,299.9,42.9,300.0,33.0,4,14000,5000,0,0,0,0,0

SID,LASP3F,20,2
CA,0,201.0,2,2000,0,0,0,0,0,0
CD, ,0,0,0,KTU,0,0.0,201.0,8.0,0,0,0,0,0,0,0,0
CI,2, ,0.0,340.0,0,0,0,0,0,0,0,0
CF,LASPA,53.814444,68.705278,0,KTU,299.9,42.9,300.0,31.0,4,14000,5000,0,0,0,0,0

SID,LULE2J,02,2
CA,0,21.0,2,2200,0,0,0,0,0,0
CD, ,0,0,0,KTU,0,0.0,21.0,8.0,0,0,0,0,0,0,0,0
DF,KTU,53.350750,69.616972,1, ,0.0,0.0,0,0,0,0,0,0,0,0
TF,GANGA,53.007222,69.862778,0, ,0.0,0.0,0.0,0.0,2,8000,0,0,0,0,0,0
TF,LULEK,52.685000,70.125833,0, ,0.0,0.0,0.0,0.0,4,14000,8000,0,0,0,0,0

SID,LULE2K,20,2
CA,0,201.0,2,2200,0,0,0,0,0,0
CD, ,0,0,0,KTU,0,0.0,201.0,9.0,0,0,0,0,0,0,0,0
DF,KTU,53.350750,69.616972,2, ,0.0,0.0,0,0,0,0,0,0,0,0
TF,GANGA,53.007222,69.862778,0, ,0.0,0.0,0.0,0.0,2,8000,0,0,0,0,0,0
TF,LULEK,52.685000,70.125833,0, ,0.0,0.0,0.0,0.0,4,14000,8000,0,0,0,0,0

SID,LULE3E,02,2
CA,0,21.0,2,2000,0,0,0,0,0,0
CD, ,0,0,0,KTU,0,0.0,21.0,5.0,0,0,0,0,0,0,0,0
DF,KTU,53.350750,69.616972,1, ,0.0,0.0,0,0,0,0,0,0,0,0
TF,GANGA,53.007222,69.862778,0, ,0.0,0.0,0.0,0.0,2,8000,0,0,0,0,0,0
TF,LULEK,52.685000,70.125833,0, ,0.0,0.0,0.0,0.0,4,14000,8000,0,0,0,0,0

SID,LULE3F,20,2
CA,0,201.0,2,2000,0,0,0,0,0,0
CD, ,0,0,0,KTU,0,0.0,201.0,8.0,0,0,0,0,0,0,0,0
DF,KTU,53.350750,69.616972,2, ,0.0,0.0,0,0,0,0,0,0,0,0
TF,GANGA,53.007222,69.862778,0, ,0.0,0.0,0.0,0.0,2,8000,0,0,0,0,0,0
TF,LULEK,52.685000,70.125833,0, ,0.0,0.0,0.0,0.0,4,14000,8000,0,0,0,0,0

SID,RENP2J,02,2
CA,0,21.0,2,2200,0,0,0,0,0,0
CD, ,0,0,0,KTU,0,0.0,21.0,8.0,0,0,0,0,0,0,0,0
DF,KTU,53.350750,69.616972,1, ,0.0,0.0,0,0,0,0,0,0,0,0
TF,BARSI,53.031389,69.931944,0, ,0.0,0.0,0.0,0.0,2,8000,0,0,0,0,0,0
TF,RENPA,52.733333,70.263333,0, ,0.0,0.0,0.0,0.0,4,14000,8000,0,0,0,0,0

SID,RENP2K,20,2
CA,0,201.0,2,2200,0,0,0,0,0,0
CD, ,0,0,0,KTU,0,0.0,201.0,9.0,0,0,0,0,0,0,0,0
DF,KTU,53.350750,69.616972,2, ,0.0,0.0,0,0,0,0,0,0,0,0
TF,BARSI,53.031389,69.931944,0, ,0.0,0.0,0.0,0.0,2,8000,0,0,0,0,0,0
TF,RENPA,52.733333,70.263333,0, ,0.0,0.0,0.0,0.0,4,14000,8000,0,0,0,0,0

SID,RENP3E,02,2
CA,0,21.0,2,2000,0,0,0,0,0,0
CD, ,0,0,0,KTU,0,0.0,21.0,5.0,0,0,0,0,0,0,0,0
DF,KTU,53.350750,69.616972,1, ,0.0,0.0,0,0,0,0,0,0,0,0
TF,BARSI,53.031389,69.931944,0, ,0.0,0.0,0.0,0.0,2,8000,0,0,0,0,0,0
TF,RENPA,52.733333,70.263333,0, ,0.0,0.0,0.0,0.0,4,14000,8000,0,0,0,0,0

SID,RENP3F,20,2
CA,0,201.0,2,2000,0,0,0,0,0,0
CD, ,0,0,0,KTU,0,0.0,201.0,8.0,0,0,0,0,0,0,0,0
DF,KTU,53.350750,69.616972,2, ,0.0,0.0,0,0,0,0,0,0,0,0
TF,BARSI,53.031389,69.931944,0, ,0.0,0.0,0.0,0.0,2,8000,0,0,0,0,0,0
TF,RENPA,52.733333,70.263333,0, ,0.0,0.0,0.0,0.0,4,14000,8000,0,0,0,0,0

SID,RIMI3E,02,2
CA,0,21.0,2,2000,0,0,0,0,0,0
CD, ,0,0,0,KTU,0,0.0,21.0,5.0,0,0,0,0,0,0,0,0
CI,1, ,0.0,158.0,0,0,0,0,0,0,0,0
CF,RIMIR,52.698056,69.023056,0,KTU,198.0,44.7,198.0,45.0,4,14000,5000,0,0,0,0,0

SID,RIMI3F,20,2
CA,0,201.0,2,2000,0,0,0,0,0,0
CD, ,0,0,0,KTU,0,0.0,201.0,8.0,0,0,0,0,0,0,0,0
CF,RIMIR,52.698056,69.023056,0,KTU,198.0,44.7,197.0,37.0,4,14000,5000,0,0,0,0,0

SID,ROGU3E,02,2
CA,0,21.0,2,2000,0,0,0,0,0,0
CD, ,0,0,0,KTU,0,0.0,21.0,5.0,0,0,0,0,0,0,0,0
CI,1, ,0.0,217.0,0,0,0,0,0,0,0,0
CF,ROGUN,53.328889,68.394722,0,KTU,257.8,44.0,257.0,38.0,4,14000,5000,0,0,0,0,0

SID,ROGU3F,20,2
CA,0,201.0,2,2000,0,0,0,0,0,0
CD, ,0,0,0,KTU,0,0.0,201.0,8.0,0,0,0,0,0,0,0,0
CI,2, ,0.0,297.0,0,0,0,0,0,0,0,0
CF,ROGUN,53.328889,68.394722,0,KTU,257.8,44.0,257.0,30.0,4,14000,5000,0,0,0,0,0

SID,TETK3E,02,2
CA,0,21.0,2,2000,0,0,0,0,0,0
CD, ,0,0,0,KTU,0,0.0,21.0,5.0,0,0,0,0,0,0,0,0
CI,0, ,0.0,298.0,0,0,0,0,0,0,0,0
CF,TETKI,54.005556,69.406944,0,KTU,338.3,40.1,338.0,32.0,4,14000,5000,0,0,0,0,0

SID,TETK3F,20,2
CA,0,201.0,2,2000,0,0,0,0,0,0
CD, ,0,0,0,KTU,0,0.0,201.0,8.0,0,0,0,0,0,0,0,0
CI,2, ,0.0,18.0,0,0,0,0,0,0,0,0
CF,TETKI,54.005556,69.406944,0,KTU,338.3,40.1,338.0,35.0,4,14000,5000,0,0,0,0,0

STAR,ADEB3G,02,2
IF,ADEBA,53.656944,70.667778, ,0.0,0.0,4,14000,5000,0,0,0,0,0
TF,KTU,53.350750,69.616972,0, ,0.0,0.0,0.0,0.0,1,5000,0,0,0,0,0,0

STAR,ADEB3H,20,2
IF,ADEBA,53.656944,70.667778, ,0.0,0.0,4,14000,5000,0,0,0,0,0
TF,KTU,53.350750,69.616972,0, ,0.0,0.0,0.0,0.0,1,5000,0,0,0,0,0,0

STAR,ADLO3G,02,2
IF,ADLON,53.024722,70.679722, ,0.0,0.0,4,14000,8000,0,0,0,0,0
TF,GIKON,53.178056,70.139444,0, ,0.0,0.0,0.0,0.0,2,8000,0,0,0,0,0,0
TF,KTU,53.350750,69.616972,0, ,0.0,0.0,0.0,0.0,1,5000,0,0,0,0,0,0

STAR,ADLO3H,20,2
IF,ADLON,53.024722,70.679722, ,0.0,0.0,4,14000,8000,0,0,0,0,0
TF,GIKON,53.178056,70.139444,0, ,0.0,0.0,0.0,0.0,2,8000,0,0,0,0,0,0
TF,KTU,53.350750,69.616972,0, ,0.0,0.0,0.0,0.0,1,5000,0,0,0,0,0,0

STAR,BALM3G,02,2
IF,BALMI,53.185278,70.770278, ,0.0,0.0,4,14000,8000,0,0,0,0,0
TF,REKRU,53.258333,70.183889,0, ,0.0,0.0,0.0,0.0,2,8000,0,0,0,0,0,0
TF,KTU,53.350750,69.616972,0, ,0.0,0.0,0.0,0.0,1,5000,0,0,0,0,0,0

STAR,BALM3H,20,2
IF,BALMI,53.185278,70.770278, ,0.0,0.0,4,14000,8000,0,0,0,0,0
TF,REKRU,53.258333,70.183889,0, ,0.0,0.0,0.0,0.0,2,8000,0,0,0,0,0,0
TF,KTU,53.350750,69.616972,0, ,0.0,0.0,0.0,0.0,1,5000,0,0,0,0,0,0

STAR,LALK3G,02,2
IF,LALKA,53.004722,68.527778, ,0.0,0.0,4,14000,5000,0,0,0,0,0
TF,KTU,53.350750,69.616972,0, ,0.0,0.0,0.0,0.0,1,5000,0,0,0,0,0,0

STAR,LALK3H,20,2
IF,LALKA,53.004722,68.527778, ,0.0,0.0,4,14000,5000,0,0,0,0,0
TF,KTU,53.350750,69.616972,0, ,0.0,0.0,0.0,0.0,1,5000,0,0,0,0,0,0

STAR,LASP3G,02,2
IF,LASPA,53.814444,68.705278, ,0.0,0.0,4,14000,5000,0,0,0,0,0
TF,KTU,53.350750,69.616972,0, ,0.0,0.0,0.0,0.0,1,5000,0,0,0,0,0,0

STAR,LASP3H,20,2
IF,LASPA,53.814444,68.705278, ,0.0,0.0,4,14000,5000,0,0,0,0,0
TF,KTU,53.350750,69.616972,0, ,0.0,0.0,0.0,0.0,1,5000,0,0,0,0,0,0

STAR,LULE3G,02,2
IF,LULEK,52.685000,70.125833, ,0.0,0.0,4,14000,8000,0,0,0,0,0
TF,GANGA,53.007222,69.862778,0, ,0.0,0.0,0.0,0.0,2,8000,0,0,0,0,0,0
TF,KTU,53.350750,69.616972,0, ,0.0,0.0,0.0,0.0,1,5000,0,0,0,0,0,0

STAR,LULE3H,20,2
IF,LULEK,52.685000,70.125833, ,0.0,0.0,4,14000,8000,0,0,0,0,0
TF,GANGA,53.007222,69.862778,0, ,0.0,0.0,0.0,0.0,2,8000,0,0,0,0,0,0
TF,KTU,53.350750,69.616972,0, ,0.0,0.0,0.0,0.0,1,5000,0,0,0,0,0,0

STAR,RENP3G,02,2
IF,RENPA,52.733333,70.263333, ,0.0,0.0,4,14000,8000,0,0,0,0,0
TF,BARSI,53.031389,69.931944,0, ,0.0,0.0,0.0,0.0,2,8000,0,0,0,0,0,0
TF,KTU,53.350750,69.616972,0, ,0.0,0.0,0.0,0.0,1,5000,0,0,0,0,0,0

STAR,RENP3H,20,2
IF,RENPA,52.733333,70.263333, ,0.0,0.0,4,14000,8000,0,0,0,0,0
TF,BARSI,53.031389,69.931944,0, ,0.0,0.0,0.0,0.0,2,8000,0,0,0,0,0,0
TF,KTU,53.350750,69.616972,0, ,0.0,0.0,0.0,0.0,1,5000,0,0,0,0,0,0

STAR,RIMI3G,02,2
IF,RIMIR,52.698056,69.023056, ,0.0,0.0,4,14000,5000,0,0,0,0,0
TF,KTU,53.350750,69.616972,0, ,0.0,0.0,0.0,0.0,1,5000,0,0,0,0,0,0

STAR,RIMI3H,20,2
IF,RIMIR,52.698056,69.023056, ,0.0,0.0,4,14000,5000,0,0,0,0,0
TF,KTU,53.350750,69.616972,0, ,0.0,0.0,0.0,0.0,1,5000,0,0,0,0,0,0

STAR,ROGU3G,02,2
IF,ROGUN,53.328889,68.394722, ,0.0,0.0,4,14000,5000,0,0,0,0,0
TF,KTU,53.350750,69.616972,0, ,0.0,0.0,0.0,0.0,1,5000,0,0,0,0,0,0

STAR,ROGU3H,20,2
IF,ROGUN,53.328889,68.394722, ,0.0,0.0,4,14000,5000,0,0,0,0,0
TF,KTU,53.350750,69.616972,0, ,0.0,0.0,0.0,0.0,1,5000,0,0,0,0,0,0

STAR,TETK3G,02,2
IF,TETKI,54.005556,69.406944, ,0.0,0.0,4,14000,5000,0,0,0,0,0
TF,KTU,53.350750,69.616972,0, ,0.0,0.0,0.0,0.0,1,5000,0,0,0,0,0,0

STAR,TETK3H,20,2
IF,TETKI,54.005556,69.406944, ,0.0,0.0,4,14000,5000,0,0,0,0,0
TF,KTU,53.350750,69.616972,0, ,0.0,0.0,0.0,0.0,1,5000,0,0,0,0,0,0

APPTR,D02,02,KTU1
IF,KTU,53.350750,69.616972, ,0.0,0.0,2,5000,0,1,200,0,1,0
FD,KTU,53.350750,69.616972,0,KTU,0.0,11.4,185.0,11.4,2,2800,0,0,0,0,0,0
CF,FD02,53.236194,69.497722,2,KTU,201.0,8.1,21.0,4.0,2,2800,0,0,0,0,0,0

APPTR,D02,02,KTU2
IF,KTU,53.350750,69.616972, ,0.0,0.0,2,5000,0,1,140,0,1,0
FD,KTU,53.350750,69.616972,0,KTU,0.0,11.4,193.0,11.4,2,2800,0,0,0,0,0,0
CF,FD02,53.236194,69.497722,2,KTU,201.0,8.1,21.0,4.0,2,2800,0,0,0,0,0,0

FINAL,D02,02,D,2
IF,FD02,53.236194,69.497722,KTU,201.0,8.1,2,2800,0,0,0,0,2,0
CF,RW02,53.319403,69.584522,0,KTU,200.8,2.2,21.0,5.9,1,944,0,0,0,0,3,0
CF,KTU,53.350750,69.616972,0,KTU,0.0,0.0,21.0,2.2,0,0,0,0,0,0,0,0
FD,KTU,53.350750,69.616972,0,KTU,0.0,5.0,21.0,5.0,2,2000,0,0,0,0,0,0
DF,KTU,53.350750,69.616972,2, ,0.0,0.0,1,2800,0,1,240,0,0,0

APPTR,D20,20,KTU1
IF,KTU,53.350750,69.616972, ,0.0,0.0,2,5000,0,1,200,0,1,0
FD,KTU,53.350750,69.616972,0,KTU,0.0,9.0,40.0,9.0,2,2800,0,0,0,0,0,0
CF,FD20,53.425056,69.694722,1,KTU,21.0,5.3,201.0,4.0,2,2800,0,0,0,0,0,0

APPTR,D20,20,KTU2
IF,KTU,53.350750,69.616972, ,0.0,0.0,2,5000,0,1,140,0,1,0
FD,KTU,53.350750,69.616972,0,KTU,0.0,9.0,31.0,9.0,2,2800,0,0,0,0,0,0
CF,FD20,53.425056,69.694722,1,KTU,21.0,5.3,201.0,4.0,2,2800,0,0,0,0,0,0

FINAL,D20,20,D,2
IF,FD20,53.425056,69.694722,KTU,21.0,5.3,2,2800,0,0,0,0,2,0
CF,KTU,53.350750,69.616972,0,KTU,0.0,0.0,201.0,5.3,1,1140,0,0,0,0,3,0
FD,KTU,53.350750,69.616972,0,KTU,0.0,5.0,201.0,5.0,2,1700,0,0,0,0,0,0
DF,KTU,53.350750,69.616972,1, ,0.0,0.0,1,2800,0,1,240,0,0,0

APPTR,I02,02,BIKTO
IF,BIKTO,53.209861,69.295944, ,0.0,0.0,2,2800,0,0,0,0,1,0
CR,0,KTU,210.0,111.0,0,0,0,0,0,0,0,0
CI,0,IOT,0.0,51.0,0,0,0,0,0,0,0,0

APPTR,I02,02,TUMIN
IF,TUMIN,53.115194,69.550278, ,0.0,0.0,2,2800,0,0,0,0,1,0
CR,0,KTU,192.0,291.0,0,0,0,0,0,0,0,0
CI,0,IOT,0.0,351.0,0,0,0,0,0,0,0,0

FINAL,I02,02,I,3
IF,LIRMO,53.162583,69.423250,IOT,200.8,13.1,2,2800,0,0,0,0,0,0
CF,FI02,53.237750,69.500389,0,IOT,200.8,7.8,21.0,5.3,1,2800,0,0,0,0,2,0
CF,RW02,53.319403,69.584522,0,IOT,200.8,2.0,21.0,5.8,1,944,0,0,0,0,3,0
FA,RW02,53.319403,69.584522,0,KTU,0.0,0.0,21.0,2,1500,0,0,0,0,0,0
VM,0,0,0,21.0,1,2800,0,0,0,0,0,0

APPTR,I20,20,DILVA
IF,DILVA,53.538667,69.635194, ,0.0,0.0,2,2800,0,0,0,0,1,0
CR,0,KTU,9.0,111.0,0,0,0,0,0,0,0,0
CI,0,IKW,0.0,171.0,0,0,0,0,0,0,0,0

APPTR,I20,20,VETUS
IF,VETUS,53.443806,69.891250, ,0.0,0.0,2,2800,0,0,0,0,1,0
CR,0,KTU,33.0,291.0,0,0,0,0,0,0,0,0
CI,0,IKW,0.0,231.0,0,0,0,0,0,0,0,0

FINAL,I20,20,I,3
IF,AGURU,53.491167,69.763250,IKW,20.8,12.7,2,2800,0,0,0,0,0,0
CF,FI20,53.424750,69.693917,0,IKW,20.8,8.0,201.0,4.7,1,2800,0,0,0,0,2,0
CF,RW20,53.341172,69.607053,0,IKW,20.8,2.1,201.0,5.9,1,923,0,0,0,0,3,0
FA,RW20,53.341172,69.607053,0,KTU,0.0,0.0,201.0,2,1600,0,0,0,0,0,0
VM,0,0,0,201.0,1,2800,0,0,0,0,0,0

