SID,ADAR1E,08,2
CA,0,76.0,2,1500,0,0,0,0,0,0
CD, ,0,0,0,SEM,0,0.0,76.0,4.6,0,0,0,0,0,0,0,0
CI,0, ,0.0,29.0,0,0,0,0,0,0,0,0
IF,SEM,50.349639,80.243750, ,0.0,0.0,0,0,0,0,0,0,0,0
TF,ADARO,50.785000,81.878333,0, ,0.0,0.0,0.0,0.0,0,0,0,0,0,0,0,0

SID,ADAR1F,26,2
CA,0,256.0,2,1500,0,0,0,0,0,0
CD, ,0,0,0,SEM,0,0.0,256.0,5.0,0,0,0,0,0,0,0,0
CI,2, ,0.0,99.0,0,0,0,0,0,0,0,0
IF,SEM,50.349639,80.243750, ,0.0,0.0,0,0,0,0,0,0,0,0
TF,ADARO,50.785000,81.878333,0, ,0.0,0.0,0.0,0.0,0,0,0,0,0,0,0,0

SID,ADAR5C,08,2
CA,0,76.0,2,1500,0,0,0,0,0,0
CI,0, ,0.0,39.0,0,0,0,0,0,0,0,0
CF,ADARO,50.785000,81.878333,0,UKM,326.1,51.2,59.0,66.0,0,0,0,0,0,0,0,0

SID,ADAR5D,26,2
CA,0,256.0,2,1500,0,0,0,0,0,0
CI,2, ,0.0,99.0,0,0,0,0,0,0,0,0
CF,ADARO,50.785000,81.878333,0,UKM,326.1,51.2,59.0,61.0,0,0,0,0,0,0,0,0

SID,ADLA1E,08,2
CA,0,76.0,2,1500,0,0,0,0,0,0
CD, ,0,0,0,SEM,0,0.0,76.0,4.6,0,0,0,0,0,0,0,0
CI,2, ,0.0,260.0,0,0,0,0,0,0,0,0
CF,ADLAN,49.858889,79.419444,0,SEM,220.5,43.4,220.0,38.0,0,0,0,0,0,0,0,0

SID,ADLA1F,26,2
CA,0,256.0,2,1500,0,0,0,0,0,0
CD, ,0,0,0,SEM,0,0.0,256.0,5.0,0,0,0,0,0,0,0,0
CI,0, ,0.0,180.0,0,0,0,0,0,0,0,0
CF,ADLAN,49.858889,79.419444,0,SEM,220.5,43.4,220.0,34.0,0,0,0,0,0,0,0,0

SID,ADLA5C,08,2
CA,0,76.0,2,1500,0,0,0,0,0,0
CI,2, ,0.0,261.0,0,0,0,0,0,0,0,0
CF,ADLAN,49.858889,79.419444,0,UKM,260.2,120.2,221.0,39.0,0,0,0,0,0,0,0,0

SID,ADLA5D,26,2
CA,0,256.0,2,1500,0,0,0,0,0,0
CI,0, ,0.0,181.0,0,0,0,0,0,0,0,0
CF,ADLAN,49.858889,79.419444,0,UKM,260.2,120.2,221.0,39.0,0,0,0,0,0,0,0,0

SID,ELSU1E,08,2
CA,0,76.0,2,1500,0,0,0,0,0,0
CD, ,0,0,0,SEM,0,0.0,76.0,4.6,0,0,0,0,0,0,0,0
CI,1, ,0.0,338.0,0,0,0,0,0,0,0,0
CF,ELSUT,51.228333,80.918333,0,SEM,18.7,58.7,18.0,50.0,0,0,0,0,0,0,0,0

SID,ELSU1F,26,2
CA,0,256.0,2,1500,0,0,0,0,0,0
CD, ,0,0,0,SEM,0,0.0,256.0,5.0,0,0,0,0,0,0,0,0
CI,2, ,0.0,58.0,0,0,0,0,0,0,0,0
CF,ELSUT,51.228333,80.918333,0,SEM,18.7,58.7,18.0,50.0,0,0,0,0,0,0,0,0

SID,ELSU5C,08,2
CA,0,76.0,2,1500,0,0,0,0,0,0
CI,1, ,0.0,337.0,0,0,0,0,0,0,0,0
CF,ELSUT,51.228333,80.918333,0,UKM,314.4,94.1,17.0,56.0,0,0,0,0,0,0,0,0

SID,ELSU5D,26,2
CA,0,256.0,2,1500,0,0,0,0,0,0
CI,2, ,0.0,57.0,0,0,0,0,0,0,0,0
CF,ELSUT,51.228333,80.918333,0,UKM,314.4,94.1,17.0,50.0,0,0,0,0,0,0,0,0

SID,ETOR1E,08,2
CA,0,76.0,2,1500,0,0,0,0,0,0
CD, ,0,0,0,SEM,0,0.0,76.0,4.6,0,0,0,0,0,0,0,0
CI,1, ,0.0,238.0,0,0,0,0,0,0,0,0
CF,ETORI,50.535556,79.145833,0,SEM,278.3,43.6,278.0,40.0,0,0,0,0,0,0,0,0

SID,ETOR1F,26,2
CA,0,256.0,2,1500,0,0,0,0,0,0
CD, ,0,0,0,SEM,0,0.0,256.0,5.0,0,0,0,0,0,0,0,0
CI,0, ,0.0,308.0,0,0,0,0,0,0,0,0
CF,ETORI,50.535556,79.145833,0,SEM,278.3,43.6,278.0,35.0,0,0,0,0,0,0,0,0

SID,ETOR5C,08,2
CA,0,76.0,2,1500,0,0,0,0,0,0
CI,1, ,0.0,237.0,0,0,0,0,0,0,0,0
CF,ETORI,50.535556,79.145833,0,UKM,278.4,132.9,277.0,39.0,0,0,0,0,0,0,0,0

SID,ETOR5D,26,2
CA,0,256.0,2,1500,0,0,0,0,0,0
CI,0, ,0.0,307.0,0,0,0,0,0,0,0,0
CF,ETORI,50.535556,79.145833,0,UKM,278.4,132.9,277.0,40.0,0,0,0,0,0,0,0,0

SID,LIRN1E,08,2
CA,0,76.0,2,1500,0,0,0,0,0,0
CD, ,0,0,0,SEM,0,0.0,76.0,4.6,0,0,0,0,0,0,0,0
CI,0, ,0.0,124.0,0,0,0,0,0,0,0,0
CF,LIRNA,50.199722,81.367500,0,SEM,94.3,44.2,94.0,35.0,0,0,0,0,0,0,0,0

SID,LIRN1F,26,2
CA,0,256.0,2,1500,0,0,0,0,0,0
CD, ,0,0,0,SEM,0,0.0,256.0,5.0,0,0,0,0,0,0,0,0
CI,1, ,0.0,54.0,0,0,0,0,0,0,0,0
CF,LIRNA,50.199722,81.367500,0,SEM,94.3,44.2,94.0,42.0,0,0,0,0,0,0,0,0

SID,LIRN5C,08,2
CA,0,76.0,2,1500,0,0,0,0,0,0
CI,0, ,0.0,115.0,0,0,0,0,0,0,0,0
CF,LIRNA,50.199722,81.367500,0,UKM,277.2,45.2,95.0,42.0,0,0,0,0,0,0,0,0

SID,LIRN5D,26,2
CA,0,256.0,2,1500,0,0,0,0,0,0
CI,1, ,0.0,55.0,0,0,0,0,0,0,0,0
CF,LIRNA,50.199722,81.367500,0,UKM,277.2,45.2,95.0,39.0,0,0,0,0,0,0,0,0

SID,LUNO1E,08,2
CA,0,76.0,2,1500,0,0,0,0,0,0
CD, ,0,0,0,SEM,0,0.0,76.0,4.6,0,0,0,0,0,0,0,0
CI,2, ,0.0,210.0,0,0,0,0,0,0,0,0
CF,LUNOV,49.633333,80.300278,0,SEM,170.1,43.1,170.0,33.0,0,0,0,0,0,0,0,0

SID,LUNO1F,26,2
CA,0,256.0,2,1500,0,0,0,0,0,0
CD, ,0,0,0,SEM,0,0.0,256.0,5.0,0,0,0,0,0,0,0,0
CI,1, ,0.0,130.0,0,0,0,0,0,0,0,0
CF,LUNOV,49.633333,80.300278,0,SEM,170.1,43.1,170.0,32.0,0,0,0,0,0,0,0,0

SID,LUNO5C,08,2
CA,0,76.0,2,1500,0,0,0,0,0,0
CI,2, ,0.0,211.0,0,0,0,0,0,0,0,0
CF,LUNOV,49.633333,80.300278,0,UKM,249.2,89.1,171.0,39.0,0,0,0,0,0,0,0,0

SID,LUNO5D,26,2
CA,0,256.0,2,1500,0,0,0,0,0,0
CI,1, ,0.0,131.0,0,0,0,0,0,0,0,0
CF,LUNOV,49.633333,80.300278,0,UKM,249.2,89.1,171.0,37.0,0,0,0,0,0,0,0,0

SID,LURE1C,08,2
CA,0,76.0,2,1500,0,0,0,0,0,0
CI,2, ,0.0,296.0,0,0,0,0,0,0,0,0
CF,LUREL,50.270278,79.134167,0,UKM,271.5,131.0,256.0,38.0,0,0,0,0,0,0,0,0

SID,LURE1D,26,2
CF,LUREL,50.270278,79.134167,0,UKM,271.5,131.0,256.0,42.0,0,0,0,0,0,0,0,0

SID,LURE1E,08,2
CA,0,76.0,2,1500,0,0,0,0,0,0
CD, ,0,0,0,SEM,0,0.0,76.0,4.6,0,0,0,0,0,0,0,0
CI,2, ,0.0,297.0,0,0,0,0,0,0,0,0
CF,LUREL,50.270278,79.134167,0,SEM,257.1,42.9,257.0,43.0,0,0,0,0,0,0,0,0

SID,LURE1F,26,2
CA,0,256.0,2,1500,0,0,0,0,0,0
CD, ,0,0,0,SEM,0,0.0,256.0,5.0,0,0,0,0,0,0,0,0
CF,LUREL,50.270278,79.134167,0,SEM,257.1,42.9,257.0,38.0,0,0,0,0,0,0,0,0

SID,OBUN1E,08,2
CA,0,76.0,2,1500,0,0,0,0,0,0
CD, ,0,0,0,SEM,0,0.0,76.0,4.6,0,0,0,0,0,0,0,0
CI,1, ,0.0,267.0,0,0,0,0,0,0,0,0
CF,OBUNA,50.920278,79.300833,0,SEM,306.9,49.7,307.0,42.0,0,0,0,0,0,0,0,0

SID,OBUN1F,26,2
CA,0,256.0,2,1500,0,0,0,0,0,0
CD, ,0,0,0,SEM,0,0.0,256.0,5.0,0,0,0,0,0,0,0,0
CI,2, ,0.0,347.0,0,0,0,0,0,0,0,0
CF,OBUNA,50.920278,79.300833,0,SEM,306.9,49.7,307.0,40.0,0,0,0,0,0,0,0,0

SID,OBUN5C,08,2
CA,0,76.0,2,1500,0,0,0,0,0,0
CI,1, ,0.0,265.0,0,0,0,0,0,0,0,0
CF,OBUNA,50.920278,79.300833,0,UKM,288.7,134.0,305.0,45.0,0,0,0,0,0,0,0,0

SID,OBUN5D,26,2
CA,0,256.0,2,1500,0,0,0,0,0,0
CI,0, ,0.0,345.0,0,0,0,0,0,0,0,0
CF,OBUNA,50.920278,79.300833,0,UKM,288.7,134.0,305.0,44.0,0,0,0,0,0,0,0,0

SID,UVTO1E,08,2
CA,0,76.0,2,1500,0,0,0,0,0,0
CD, ,0,0,0,SEM,0,0.0,76.0,4.6,0,0,0,0,0,0,0,0
CI,2, ,0.0,237.0,0,0,0,0,0,0,0,0
CF,UVTOK,49.656667,79.756667,0,SEM,197.6,45.7,197.0,38.0,0,0,0,0,0,0,0,0

SID,UVTO1F,26,2
CA,0,256.0,2,1500,0,0,0,0,0,0
CD, ,0,0,0,SEM,0,0.0,256.0,5.0,0,0,0,0,0,0,0,0
CI,1, ,0.0,157.0,0,0,0,0,0,0,0,0
CF,UVTOK,49.656667,79.756667,0,SEM,197.6,45.7,197.0,35.0,0,0,0,0,0,0,0,0

SID,UVTO5C,08,2
CA,0,76.0,2,1500,0,0,0,0,0,0
CI,2, ,0.0,238.0,0,0,0,0,0,0,0,0
CF,UVTOK,49.656667,79.756667,0,UKM,253.1,109.2,198.0,41.0,0,0,0,0,0,0,0,0

SID,UVTO5D,26,2
CA,0,256.0,2,1500,0,0,0,0,0,0
CI,1, ,0.0,158.0,0,0,0,0,0,0,0,0
CF,UVTOK,49.656667,79.756667,0,UKM,253.1,109.2,198.0,40.0,0,0,0,0,0,0,0,0

STAR,ADAR1G,08,2
IF,ADARO,50.785000,81.878333, ,0.0,0.0,0,0,0,0,0,0,0,0
TF,SEM,50.349639,80.243750,0, ,0.0,0.0,0.0,0.0,1,5000,0,0,0,0,0,0

STAR,ADAR1H,26,2
IF,ADARO,50.785000,81.878333, ,0.0,0.0,0,0,0,0,0,0,0,0
TF,SEM,50.349639,80.243750,0, ,0.0,0.0,0.0,0.0,1,5000,0,0,0,0,0,0

STAR,ADAR4A,08,2
IF,ADARO,50.785000,81.878333, ,0.0,0.0,0,0,0,0,0,0,0,0
TF,S,50.354528,80.273139,0, ,0.0,0.0,0.0,0.0,1,5000,0,0,0,0,0,0

STAR,ADAR5B,26,2
IF,ADARO,50.785000,81.878333, ,0.0,0.0,0,0,0,0,0,0,0,0
TF,S,50.354528,80.273139,0, ,0.0,0.0,0.0,0.0,1,5000,0,0,0,0,0,0

STAR,ADLA1G,08,2
IF,ADLAN,49.858889,79.419444, ,0.0,0.0,0,0,0,0,0,0,0,0
TF,SEM,50.349639,80.243750,0, ,0.0,0.0,0.0,0.0,1,5000,0,0,0,0,0,0

STAR,ADLA1H,26,2
IF,ADLAN,49.858889,79.419444, ,0.0,0.0,0,0,0,0,0,0,0,0
TF,SEM,50.349639,80.243750,0, ,0.0,0.0,0.0,0.0,1,5000,0,0,0,0,0,0

STAR,ADLA3A,08,2
IF,ADLAN,49.858889,79.419444, ,0.0,0.0,0,0,0,0,0,0,0,0
TF,S,50.354528,80.273139,0, ,0.0,0.0,0.0,0.0,1,5000,0,0,0,0,0,0

STAR,ADLA5B,26,2
IF,ADLAN,49.858889,79.419444, ,0.0,0.0,0,0,0,0,0,0,0,0
TF,S,50.354528,80.273139,0, ,0.0,0.0,0.0,0.0,1,5000,0,0,0,0,0,0

STAR,ELSU1G,08,2
IF,ELSUT,51.228333,80.918333, ,0.0,0.0,0,0,0,0,0,0,0,0
TF,SEM,50.349639,80.243750,0, ,0.0,0.0,0.0,0.0,1,5000,0,0,0,0,0,0

STAR,ELSU1H,26,2
IF,ELSUT,51.228333,80.918333, ,0.0,0.0,0,0,0,0,0,0,0,0
TF,SEM,50.349639,80.243750,0, ,0.0,0.0,0.0,0.0,1,5000,0,0,0,0,0,0

STAR,ELSU4A,08,2
IF,ELSUT,51.228333,80.918333, ,0.0,0.0,0,0,0,0,0,0,0,0
TF,S,50.354528,80.273139,0, ,0.0,0.0,0.0,0.0,1,5000,0,0,0,0,0,0

STAR,ELSU5B,26,2
IF,ELSUT,51.228333,80.918333, ,0.0,0.0,0,0,0,0,0,0,0,0
TF,S,50.354528,80.273139,0, ,0.0,0.0,0.0,0.0,1,5000,0,0,0,0,0,0

STAR,ETOR1G,08,2
IF,ETORI,50.535556,79.145833, ,0.0,0.0,0,0,0,0,0,0,0,0
TF,SEM,50.349639,80.243750,0, ,0.0,0.0,0.0,0.0,1,5000,0,0,0,0,0,0

STAR,ETOR1H,26,2
IF,ETORI,50.535556,79.145833, ,0.0,0.0,0,0,0,0,0,0,0,0
TF,SEM,50.349639,80.243750,0, ,0.0,0.0,0.0,0.0,1,5000,0,0,0,0,0,0

STAR,ETOR3A,08,2
IF,ETORI,50.535556,79.145833, ,0.0,0.0,0,0,0,0,0,0,0,0
TF,S,50.354528,80.273139,0, ,0.0,0.0,0.0,0.0,1,5000,0,0,0,0,0,0

STAR,ETOR5B,26,2
IF,ETORI,50.535556,79.145833, ,0.0,0.0,0,0,0,0,0,0,0,0
TF,S,50.354528,80.273139,0, ,0.0,0.0,0.0,0.0,1,5000,0,0,0,0,0,0

STAR,LIRN1G,08,2
IF,LIRNA,50.199722,81.367500, ,0.0,0.0,0,0,0,0,0,0,0,0
TF,SEM,50.349639,80.243750,0, ,0.0,0.0,0.0,0.0,1,5000,0,0,0,0,0,0

STAR,LIRN1H,26,2
IF,LIRNA,50.199722,81.367500, ,0.0,0.0,0,0,0,0,0,0,0,0
TF,SEM,50.349639,80.243750,0, ,0.0,0.0,0.0,0.0,1,5000,0,0,0,0,0,0

STAR,LIRN4A,08,2
IF,LIRNA,50.199722,81.367500, ,0.0,0.0,0,0,0,0,0,0,0,0
TF,S,50.354528,80.273139,0, ,0.0,0.0,0.0,0.0,1,5000,0,0,0,0,0,0

STAR,LIRN5B,26,2
IF,LIRNA,50.199722,81.367500, ,0.0,0.0,0,0,0,0,0,0,0,0
TF,S,50.354528,80.273139,0, ,0.0,0.0,0.0,0.0,1,5000,0,0,0,0,0,0

STAR,LUNO1G,08,2
IF,LUNOV,49.633333,80.300278, ,0.0,0.0,0,0,0,0,0,0,0,0
TF,SEM,50.349639,80.243750,0, ,0.0,0.0,0.0,0.0,1,5000,0,0,0,0,0,0

STAR,LUNO1H,26,2
IF,LUNOV,49.633333,80.300278, ,0.0,0.0,0,0,0,0,0,0,0,0
TF,SEM,50.349639,80.243750,0, ,0.0,0.0,0.0,0.0,1,5000,0,0,0,0,0,0

STAR,LUNO4A,08,2
IF,LUNOV,49.633333,80.300278, ,0.0,0.0,0,0,0,0,0,0,0,0
TF,S,50.354528,80.273139,0, ,0.0,0.0,0.0,0.0,1,5000,0,0,0,0,0,0

STAR,LUNO5B,26,2
IF,LUNOV,49.633333,80.300278, ,0.0,0.0,0,0,0,0,0,0,0,0
TF,S,50.354528,80.273139,0, ,0.0,0.0,0.0,0.0,1,5000,0,0,0,0,0,0

STAR,LURE1A,08,2
IF,LUREL,50.270278,79.134167, ,0.0,0.0,0,0,0,0,0,0,0,0
TF,S,50.354528,80.273139,0, ,0.0,0.0,0.0,0.0,1,5000,0,0,0,0,0,0

STAR,LURE1B,26,2
IF,LUREL,50.270278,79.134167, ,0.0,0.0,0,0,0,0,0,0,0,0
TF,S,50.354528,80.273139,0, ,0.0,0.0,0.0,0.0,1,5000,0,0,0,0,0,0

STAR,LURE1G,08,2
IF,LUREL,50.270278,79.134167, ,0.0,0.0,0,0,0,0,0,0,0,0
TF,SEM,50.349639,80.243750,0, ,0.0,0.0,0.0,0.0,1,5000,0,0,0,0,0,0

STAR,LURE1H,26,2
IF,LUREL,50.270278,79.134167, ,0.0,0.0,0,0,0,0,0,0,0,0
TF,SEM,50.349639,80.243750,0, ,0.0,0.0,0.0,0.0,1,5000,0,0,0,0,0,0

STAR,OBUN1G,08,2
IF,OBUNA,50.920278,79.300833, ,0.0,0.0,0,0,0,0,0,0,0,0
TF,SEM,50.349639,80.243750,0, ,0.0,0.0,0.0,0.0,1,5000,0,0,0,0,0,0

STAR,OBUN1H,26,2
IF,OBUNA,50.920278,79.300833, ,0.0,0.0,0,0,0,0,0,0,0,0
TF,SEM,50.349639,80.243750,0, ,0.0,0.0,0.0,0.0,1,5000,0,0,0,0,0,0

STAR,OBUN4A,08,2
IF,OBUNA,50.920278,79.300833, ,0.0,0.0,0,0,0,0,0,0,0,0
TF,S,50.354528,80.273139,0, ,0.0,0.0,0.0,0.0,1,5000,0,0,0,0,0,0

STAR,OBUN5B,26,2
IF,OBUNA,50.920278,79.300833, ,0.0,0.0,0,0,0,0,0,0,0,0
TF,S,50.354528,80.273139,0, ,0.0,0.0,0.0,0.0,1,5000,0,0,0,0,0,0

STAR,UVTO1G,08,2
IF,UVTOK,49.656667,79.756667, ,0.0,0.0,0,0,0,0,0,0,0,0
TF,SEM,50.349639,80.243750,0, ,0.0,0.0,0.0,0.0,1,5000,0,0,0,0,0,0

STAR,UVTO1H,26,2
IF,UVTOK,49.656667,79.756667, ,0.0,0.0,0,0,0,0,0,0,0,0
TF,SEM,50.349639,80.243750,0, ,0.0,0.0,0.0,0.0,1,5000,0,0,0,0,0,0

STAR,UVTO4A,08,2
IF,UVTOK,49.656667,79.756667, ,0.0,0.0,0,0,0,0,0,0,0,0
TF,S,50.354528,80.273139,0, ,0.0,0.0,0.0,0.0,1,5000,0,0,0,0,0,0

STAR,UVTO5B,26,2
IF,UVTOK,49.656667,79.756667, ,0.0,0.0,0,0,0,0,0,0,0,0
TF,S,50.354528,80.273139,0, ,0.0,0.0,0.0,0.0,1,5000,0,0,0,0,0,0

APPTR,D08,08,SEM1
IF,SEM,50.349639,80.243750, ,0.0,0.0,2,5000,0,1,200,0,1,0
FD,SEM,50.349639,80.243750,0,SEM,0.0,11.2,246.0,11.2,2,3000,0,0,0,0,0,0
CF,FD08,50.346361,80.031722,2,SEM,261.7,8.2,81.0,4.0,2,3000,0,0,0,0,0,0

APPTR,D08,08,SEM2
IF,SEM,50.349639,80.243750, ,0.0,0.0,2,5000,0,1,140,0,1,0
FD,SEM,50.349639,80.243750,0,SEM,0.0,11.2,253.0,11.2,2,3000,0,0,0,0,0,0
CF,FD08,50.346361,80.031722,2,SEM,261.7,8.2,81.0,4.0,2,3000,0,0,0,0,0,0

FINAL,D08,08,D,2
IF,FD08,50.346361,80.031722,SEM,261.7,8.2,2,3000,0,0,0,0,2,0
CF,RW08,50.350228,80.212119,0,SEM,264.7,1.2,81.0,6.9,1,809,0,0,0,0,3,0
FD,RW08,50.350228,80.212119,0,SEM,264.7,6.0,81.0,6.0,2,2000,0,0,0,0,0,0
DF,SEM,50.349639,80.243750,2, ,0.0,0.0,1,3000,0,1,240,0,0,0

APPTR,D26,26,SEM1
IF,SEM,50.349639,80.243750, ,0.0,0.0,2,5000,0,1,200,0,1,0
FD,SEM,50.349639,80.243750,0,SEM,0.0,9.6,86.0,9.6,2,3000,0,0,0,0,0,0
CF,CD26,50.393444,80.484094,1,SEM,67.0,9.6,247.0,1.0,2,3000,0,0,0,0,0,0

APPTR,D26,26,SEM2
IF,SEM,50.349639,80.243750, ,0.0,0.0,2,5000,0,1,140,0,1,0
FD,SEM,50.349639,80.243750,0,SEM,0.0,9.6,77.0,9.6,2,3000,0,0,0,0,0,0
CF,CD26,50.393444,80.484094,1,SEM,67.0,9.6,247.0,1.0,2,3000,0,0,0,0,0,0

FINAL,D26,26,D,3
IF,CD26,50.393444,80.484094,SEM,67.0,9.6,2,3000,0,0,0,0,0,0
CF,FD26,50.378806,80.407694,0,SEM,67.4,6.5,247.0,3.1,2,2700,0,0,0,0,2,0
CF,RW26,50.352922,80.250219,0,SEM,44.6,0.3,247.0,6.3,1,731,0,0,0,0,3,0
CF,SEM,50.349639,80.243750,0,SEM,0.0,0.0,247.0,0.3,0,0,0,0,0,0,0,1
FD,SEM,50.349639,80.243750,0,SEM,0.0,6.0,247.0,6.0,2,1800,0,0,0,0,0,0
DF,SEM,50.349639,80.243750,1, ,0.0,0.0,1,3000,0,1,240,0,0,0

APPTR,I26,26,BAGUT
FC,BAGUT,50.462417,80.527417,0,SEM,0.0,0.0,166.0,3.2,2,3000,0,0,0,0,1,1
CI,0,ISP,0.0,226.0,0,0,0,0,0,0,0,0

APPTR,I26,26,ROGIR
FC,ROGIR,50.283639,80.558194,0,SEM,0.0,0.0,346.0,3.4,2,3000,0,0,0,0,1,1
CI,0,ISP,0.0,286.0,0,0,0,0,0,0,0,0

FINAL,I26,26,I,3
IF,OSTAG,50.373028,80.542833,ISP,76.7,13.1,2,3000,0,0,0,0,0,0
CF,FI26,50.363861,80.407639,0,ISP,76.7,7.9,256.0,5.2,1,2700,0,0,0,0,2,0
CF,RW26,50.352922,80.250219,0,ISP,76.7,1.8,256.0,6.1,1,731,0,0,0,0,3,0
CA,0,256.0,2,1500,0,0,0,0,0,0
VM,0,0,0,256.0,1,3000,0,0,0,0,0,0

APPTR,N08,08,S1
IF,S,50.354528,80.273139, ,0.0,0.0,2,5000,0,1,200,0,1,0
FC,S,50.354528,80.273139,0,S,0.0,0.0,241.0,10.0,2,3000,0,0,0,0,0,1
CF,FN08,50.335533,80.034586,2,S,256.0,9.2,76.0,1.0,2,3000,0,0,0,0,0,0

APPTR,N08,08,S2
IF,S,50.354528,80.273139, ,0.0,0.0,2,5000,0,1,140,0,1,0
FC,S,50.354528,80.273139,0,S,0.0,0.0,248.0,9.3,2,3000,0,0,0,0,0,1
CF,FN08,50.335533,80.034586,2,S,256.0,9.2,76.0,1.0,2,3000,0,0,0,0,0,0

FINAL,N08,08,N,2
IF,FN08,50.335533,80.034586,S,0.0,0.0,2,3000,0,0,0,0,2,0
CF,RW08,50.350228,80.212119,0,S,0.0,0.0,76.0,6.9,1,809,0,0,0,0,3,0
CF,S,50.354528,80.273139,0,S,0.0,0.0,76.0,2.4,0,0,0,0,0,0,0,1
FC,S,50.354528,80.273139,0,S,0.0,0.0,76.0,4.7,2,2000,0,0,0,0,0,1
DF,S,50.354528,80.273139,2, ,0.0,0.0,1,3000,0,1,240,0,0,0

APPTR,N26,26,S1
IF,S,50.354528,80.273139, ,0.0,0.0,2,5000,0,1,200,0,1,0
FC,S,50.354528,80.273139,0,S,0.0,0.0,96.0,8.3,2,3000,0,0,0,0,0,1
CF,FN26,50.367075,80.434347,1,S,76.0,6.2,256.0,3.0,2,3000,0,0,0,0,0,0

APPTR,N26,26,S2
IF,S,50.354528,80.273139, ,0.0,0.0,2,5000,0,1,140,0,1,0
FC,S,50.354528,80.273139,0,S,0.0,0.0,89.0,7.0,2,3000,0,0,0,0,0,1
CF,FN26,50.367075,80.434347,1,S,76.0,6.2,256.0,2.0,2,3000,0,0,0,0,0,0

FINAL,N26,26,N,2
IF,FN26,50.367075,80.434347,S,0.0,0.0,2,3000,0,0,0,0,2,0
CF,S,50.354528,80.273139,0,S,0.0,0.0,256.0,6.2,1,1014,0,0,0,0,3,0
FC,S,50.354528,80.273139,0,S,0.0,0.0,256.0,4.7,2,2000,0,0,0,0,0,1
DF,S,50.354528,80.273139,1, ,0.0,0.0,1,3000,0,1,240,0,0,0

