SID,ALDA1C,14,2
CA,0,141.0,2,600,0,0,0,0,0,0
CI,0, ,0.0,78.0,0,0,0,0,0,0,0,0
CF,ALDAZ,46.708889,52.640278,0,ATR,117.8,43.3,118.0,39.0,0,0,0,0,0,0,0,0

SID,ALDA1D,32,2
CA,0,321.0,2,600,0,0,0,0,0,0
CI,2, ,0.0,158.0,0,0,0,0,0,0,0,0
CF,ALDAZ,46.708889,52.640278,0,ATR,117.8,43.3,118.0,37.0,0,0,0,0,0,0,0,0

SID,BASP5C,14,2
CA,0,141.0,2,600,0,0,0,0,0,0
CI,1, ,0.0,32.0,0,0,0,0,0,0,0,0
CF,BASPU,47.253889,52.846111,0,ATR,71.8,43.3,72.0,37.0,0,0,0,0,0,0,0,0

SID,BASP5D,32,2
CA,0,321.0,2,600,0,0,0,0,0,0
CI,2, ,0.0,112.0,0,0,0,0,0,0,0,0
CF,BASPU,47.253889,52.846111,0,ATR,71.8,43.3,72.0,38.0,0,0,0,0,0,0,0,0

SID,GIST5C,14,2
CA,0,141.0,2,600,0,0,0,0,0,0
CI,1, ,0.0,19.0,0,0,0,0,0,0,0,0
CF,GISTO,47.415833,52.781667,0,ATR,58.5,43.2,59.0,37.0,0,0,0,0,0,0,0,0

SID,GIST5D,32,2
CA,0,321.0,2,600,0,0,0,0,0,0
CI,2, ,0.0,99.0,0,0,0,0,0,0,0,0
CF,GISTO,47.415833,52.781667,0,ATR,58.5,43.2,59.0,40.0,0,0,0,0,0,0,0,0

SID,GOGD4C,14,2
CA,0,141.0,2,600,0,0,0,0,0,0
CI,1, ,0.0,48.0,0,0,0,0,0,0,0,0
CF,GOGDI,47.055556,52.848611,0,ATR,87.7,43.3,88.0,37.0,0,0,0,0,0,0,0,0

SID,GOGD4D,32,2
CA,0,321.0,2,600,0,0,0,0,0,0
CI,2, ,0.0,128.0,0,0,0,0,0,0,0,0
CF,GOGDI,47.055556,52.848611,0,ATR,87.7,43.3,88.0,38.0,0,0,0,0,0,0,0,0

SID,NIKN4C,14,2
CA,0,141.0,2,600,0,0,0,0,0,0
CI,0, ,0.0,210.0,0,0,0,0,0,0,0,0
CF,NIKNA,46.432500,51.643889,0,ATR,179.7,43.2,180.0,38.0,0,0,0,0,0,0,0,0

SID,NIKN4D,32,2
CA,0,321.0,2,600,0,0,0,0,0,0
CI,1, ,0.0,140.0,0,0,0,0,0,0,0,0
CF,NIKNA,46.432500,51.643889,0,ATR,179.7,43.2,180.0,38.0,0,0,0,0,0,0,0,0

SID,OLAP4C,14,2
CA,0,141.0,2,600,0,0,0,0,0,0
CI,1, ,0.0,309.0,0,0,0,0,0,0,0,0
CF,OLAPU,47.862778,51.758611,0,ATR,348.7,43.2,349.0,39.0,0,0,0,0,0,0,0,0

SID,OLAP4D,32,2
DF,ATR,47.143944,51.801500,0, ,0.0,0.0,0,0,0,0,0,0,0,0
CA,0,321.0,2,600,0,0,0,0,0,0
CI,0, ,0.0,19.0,0,0,0,0,0,0,0,0
CF,OLAPU,47.862778,51.758611,0,ATR,348.7,43.2,349.0,41.0,0,0,0,0,0,0,0,0

SID,RENP3C,14,2
CA,0,141.0,2,600,0,0,0,0,0,0
CF,RENPI,46.576944,52.448889,0,ATR,132.7,43.2,132.0,40.0,0,0,0,0,0,0,0,0

SID,RENP4D,32,2
CA,0,321.0,2,600,0,0,0,0,0,0
CI,2, ,0.0,173.0,0,0,0,0,0,0,0,0
CF,RENPI,46.576944,52.448889,0,ATR,132.7,43.2,133.0,39.0,0,0,0,0,0,0,0,0

SID,TUGL4C,14,2
CA,0,141.0,2,600,0,0,0,0,0,0
CI,2, ,0.0,279.0,0,0,0,0,0,0,0,0
CF,TUGLA,46.861667,50.835000,0,ATR,238.2,43.2,239.0,36.0,0,0,0,0,0,0,0,0

SID,TUGL4D,32,2
CA,0,321.0,2,600,0,0,0,0,0,0
CI,1, ,0.0,199.0,0,0,0,0,0,0,0,0
CF,TUGLA,46.861667,50.835000,0,ATR,238.2,43.2,239.0,39.0,0,0,0,0,0,0,0,0

SID,UDEB4C,14,2
CA,0,141.0,2,600,0,0,0,0,0,0
CI,1, ,0.0,358.0,0,0,0,0,0,0,0,0
CF,UDEBA,47.633889,52.578611,0,ATR,37.8,43.2,38.0,37.0,0,0,0,0,0,0,0,0

SID,UDEB4D,32,2
CA,0,321.0,2,600,0,0,0,0,0,0
CI,2, ,0.0,78.0,0,0,0,0,0,0,0,0
CF,UDEBA,47.633889,52.578611,0,ATR,37.8,43.2,38.0,40.0,0,0,0,0,0,0,0,0

STAR,ALDA1L,14,2
IF,ALDAZ,46.708889,52.640278, ,0.0,0.0,0,0,0,0,0,0,0,0
TF,ATR,47.143944,51.801500,0, ,0.0,0.0,0.0,0.0,1,4000,0,0,0,0,0,0

STAR,ALDA1M,32,2
IF,ALDAZ,46.708889,52.640278, ,0.0,0.0,0,0,0,0,0,0,0,0
TF,ATR,47.143944,51.801500,0, ,0.0,0.0,0.0,0.0,1,4000,0,0,0,0,0,0

STAR,BASP4L,14,2
IF,BASPU,47.253889,52.846111, ,0.0,0.0,0,0,0,0,0,0,0,0
TF,ATR,47.143944,51.801500,0, ,0.0,0.0,0.0,0.0,1,4000,0,0,0,0,0,0

STAR,BASP4M,32,2
IF,BASPU,47.253889,52.846111, ,0.0,0.0,0,0,0,0,0,0,0,0
TF,ATR,47.143944,51.801500,0, ,0.0,0.0,0.0,0.0,1,4000,0,0,0,0,0,0

STAR,GIST4L,14,2
IF,GISTO,47.415833,52.781667, ,0.0,0.0,0,0,0,0,0,0,0,0
TF,ATR,47.143944,51.801500,0, ,0.0,0.0,0.0,0.0,1,4000,0,0,0,0,0,0

STAR,GIST4M,32,2
IF,GISTO,47.415833,52.781667, ,0.0,0.0,0,0,0,0,0,0,0,0
TF,ATR,47.143944,51.801500,0, ,0.0,0.0,0.0,0.0,1,4000,0,0,0,0,0,0

STAR,GOGD3L,14,2
IF,GOGDI,47.055556,52.848611, ,0.0,0.0,0,0,0,0,0,0,0,0
TF,ATR,47.143944,51.801500,0, ,0.0,0.0,0.0,0.0,1,4000,0,0,0,0,0,0

STAR,GOGD3M,32,2
IF,GOGDI,47.055556,52.848611, ,0.0,0.0,0,0,0,0,0,0,0,0
TF,ATR,47.143944,51.801500,0, ,0.0,0.0,0.0,0.0,1,4000,0,0,0,0,0,0

STAR,NIKN3L,14,2
IF,NIKNA,46.432500,51.643889, ,0.0,0.0,0,0,0,0,0,0,0,0
TF,ATR,47.143944,51.801500,0, ,0.0,0.0,0.0,0.0,1,4000,0,0,0,0,0,0

STAR,NIKN3M,32,2
IF,NIKNA,46.432500,51.643889, ,0.0,0.0,0,0,0,0,0,0,0,0
TF,ATR,47.143944,51.801500,0, ,0.0,0.0,0.0,0.0,1,4000,0,0,0,0,0,0

STAR,OLAP3L,14,2
IF,OLAPU,47.862778,51.758611, ,0.0,0.0,0,0,0,0,0,0,0,0
TF,ATR,47.143944,51.801500,0, ,0.0,0.0,0.0,0.0,1,4000,0,0,0,0,0,0

STAR,OLAP3M,32,2
IF,OLAPU,47.862778,51.758611, ,0.0,0.0,0,0,0,0,0,0,0,0
TF,ATR,47.143944,51.801500,0, ,0.0,0.0,0.0,0.0,1,4000,0,0,0,0,0,0

STAR,RENP3L,14,2
IF,RENPI,46.576944,52.448889, ,0.0,0.0,0,0,0,0,0,0,0,0
TF,ATR,47.143944,51.801500,0, ,0.0,0.0,0.0,0.0,1,4000,0,0,0,0,0,0

STAR,RENP3M,32,2
IF,RENPI,46.576944,52.448889, ,0.0,0.0,0,0,0,0,0,0,0,0
TF,ATR,47.143944,51.801500,0, ,0.0,0.0,0.0,0.0,1,4000,0,0,0,0,0,0

STAR,TUGL3L,14,2
IF,TUGLA,46.861667,50.835000, ,0.0,0.0,0,0,0,0,0,0,0,0
TF,ATR,47.143944,51.801500,0, ,0.0,0.0,0.0,0.0,1,4000,0,0,0,0,0,0

STAR,TUGL3M,32,2
IF,TUGLA,46.861667,50.835000, ,0.0,0.0,0,0,0,0,0,0,0,0
TF,ATR,47.143944,51.801500,0, ,0.0,0.0,0.0,0.0,1,4000,0,0,0,0,0,0

STAR,UDEB3L,14,2
IF,UDEBA,47.633889,52.578611, ,0.0,0.0,0,0,0,0,0,0,0,0
TF,ATR,47.143944,51.801500,0, ,0.0,0.0,0.0,0.0,1,4000,0,0,0,0,0,0

STAR,UDEB3M,32,2
IF,UDEBA,47.633889,52.578611, ,0.0,0.0,0,0,0,0,0,0,0,0
TF,ATR,47.143944,51.801500,0, ,0.0,0.0,0.0,0.0,1,4000,0,0,0,0,0,0

APPTR,D14-Y,14,AGMEN
IF,AGMEN,47.231000,51.574375, ,0.0,0.0,2,1600,0,0,0,0,1,0
CF,GEGSI,47.276183,51.688664,0,ATR,320.9,9.2,51.0,5.4,2,1600,0,0,0,0,1,0

APPTR,D14-Y,14,BUDUL
IF,BUDUL,47.321253,51.803144, ,0.0,0.0,2,1600,0,0,0,0,1,0
CF,GEGSI,47.276183,51.688664,0,ATR,320.9,9.2,231.0,5.4,2,1600,0,0,0,0,1,0

FINAL,D14-Y,14,D,3
IF,GEGSI,47.276183,51.688664,ATR,320.9,9.2,2,1600,0,0,0,0,0,0
CF,FD14,47.207950,51.747261,0,ATR,321.0,4.4,141.0,4.8,2,1600,0,0,0,0,2,0
CF,ATR,47.143944,51.801500,0,ATR,0.0,0.0,141.0,4.4,1,207,0,0,0,0,3,0
CA,0,141.0,2,600,0,0,0,0,0,0
VM,0,0,2,321.0,1,1600,0,0,0,0,0,0

APPTR,D14-Z,14,ATR1
IF,ATR,47.143944,51.801500, ,0.0,0.0,2,4000,0,1,200,0,1,0
FD,ATR,47.143944,51.801500,0,ATR,0.0,8.0,300.0,8.0,2,1600,0,0,0,0,0,0
CF,FD14,47.207950,51.747261,2,ATR,321.0,4.4,141.0,4.0,2,1600,0,0,0,0,0,0

APPTR,D14-Z,14,ATR2
IF,ATR,47.143944,51.801500, ,0.0,0.0,2,4000,0,1,140,0,1,0
FD,ATR,47.143944,51.801500,0,ATR,0.0,8.0,310.0,8.0,2,1600,0,0,0,0,0,0
CF,FD14,47.207950,51.747261,2,ATR,321.0,4.4,141.0,4.0,2,1600,0,0,0,0,0,0

FINAL,D14-Z,14,D,2
IF,FD14,47.207950,51.747261,ATR,321.0,4.4,2,1600,0,0,0,0,2,0
CF,ATR,47.143944,51.801500,0,ATR,0.0,0.0,141.0,4.4,1,207,0,0,0,0,3,0
FD,ATR,47.143944,51.801500,0,ATR,0.0,4.4,141.0,4.4,2,600,0,0,0,0,0,0
DF,ATR,47.143944,51.801500,2, ,0.0,0.0,1,1600,0,1,250,0,0,0

APPTR,D32-Y,32,AKIBU
IF,AKIBU,46.922739,51.836883, ,0.0,0.0,2,1600,0,0,0,0,1,0
CF,EDOLO,46.967922,51.950511,0,ATR,140.9,12.2,51.0,5.4,2,1600,0,0,0,0,1,0

APPTR,D32-Y,32,DOLEP
IF,DOLEP,47.012992,52.064328, ,0.0,0.0,2,1600,0,0,0,0,1,0
CF,EDOLO,46.967922,51.950511,0,ATR,140.9,12.2,231.0,5.4,2,1600,0,0,0,0,1,0

FINAL,D32-Y,32,D,3
IF,EDOLO,46.967922,51.950511,ATR,140.9,12.2,2,1600,0,0,0,0,0,0
CF,FD32,47.036197,51.892461,0,ATR,141.0,7.5,321.0,4.7,2,1600,0,0,0,0,2,0
CF,MD32,47.103542,51.835656,0,ATR,141.0,2.8,321.0,4.7,1,129,0,0,0,0,3,0
CA,0,321.0,2,600,0,0,0,0,0,0
VM,0,0,1,141.0,1,1600,0,0,0,0,0,0

APPTR,D32-Z,32,ATR1
IF,ATR,47.143944,51.801500, ,0.0,0.0,2,4000,0,1,200,0,1,0
FD,ATR,47.143944,51.801500,0,ATR,0.0,10.5,158.0,10.5,2,1600,0,0,0,0,0,0
CF,FD32,47.036197,51.892461,1,ATR,141.0,7.5,321.0,4.0,2,1600,0,0,0,0,0,0

APPTR,D32-Z,32,ATR2
IF,ATR,47.143944,51.801500, ,0.0,0.0,2,4000,0,1,140,0,1,0
FD,ATR,47.143944,51.801500,0,ATR,0.0,10.2,151.0,10.2,2,1600,0,0,0,0,0,0
CF,FD32,47.036197,51.892461,1,ATR,141.0,7.5,321.0,4.0,2,1600,0,0,0,0,0,0

FINAL,D32-Z,32,D,2
IF,FD32,47.036197,51.892461,ATR,141.0,7.5,2,1600,0,0,0,0,2,0
CF,MD32,47.103542,51.835656,0,ATR,141.0,2.8,321.0,4.7,1,129,0,0,0,0,3,0
CF,ATR,47.143944,51.801500,0,ATR,0.0,0.0,321.0,2.8,0,0,0,0,0,0,0,0
FD,ATR,47.143944,51.801500,0,ATR,0.0,4.3,321.0,4.3,2,1100,0,0,0,0,0,0
DF,ATR,47.143944,51.801500,1, ,0.0,0.0,1,1600,0,1,250,0,0,0

