SID,AN1C,12,2
CA,0,122.0,2,3450,0,0,0,0,0,0
CF,OGODA,40.655000,72.580000,1,OSH,282.2,10.6,265.0,13.0,2,7000,0,0,0,0,0,0
TF,AN,40.693472,72.247444,0, ,0.0,0.0,0.0,0.0,2,9000,0,0,0,0,0,0

SID,AN1F,30,2
CA,0,302.0,2,3590,0,0,0,0,0,0
CF,OGODA,40.655000,72.580000,0,OSH,282.2,10.6,276.0,8.0,2,7000,0,0,0,0,0,0
TF,AN,40.693472,72.247444,0, ,0.0,0.0,0.0,0.0,2,9000,0,0,0,0,0,0

SID,ANJA1C,12,2
CA,0,122.0,2,3450,0,0,0,0,0,0
CF,YALMK,40.783333,72.600000,1,OSH,315.1,14.1,298.0,15.0,2,7000,0,0,0,0,0,0
TF,ANJAR,41.201667,72.180833,0, ,0.0,0.0,0.0,0.0,2,14000,0,0,0,0,0,0

SID,ANJA1F,30,2
CA,0,302.0,2,3590,0,0,0,0,0,0
CF,YALMK,40.783333,72.600000,0,OSH,315.1,14.1,320.0,11.0,2,7000,0,0,0,0,0,0
TF,ANJAR,41.201667,72.180833,0, ,0.0,0.0,0.0,0.0,2,14000,0,0,0,0,0,0

SID,ARLA1C,12,2
CA,0,122.0,2,3450,0,0,0,0,0,0
CF,DA,40.942772,72.980081,1,OSH,17.9,21.8,6.0,21.0,2,15000,0,0,0,0,0,0
TF,ARLAN,41.246667,73.110000,0, ,0.0,0.0,0.0,0.0,2,17000,0,0,0,0,0,0
TF,RILAK,42.115000,73.493333,0, ,0.0,0.0,0.0,0.0,0,0,0,0,0,0,0,0

SID,ARLA1F,30,2
CA,0,302.0,2,3590,0,0,0,0,0,0
CF,DA,40.942772,72.980081,0,OSH,17.9,21.8,32.0,19.0,2,15000,0,0,0,0,0,0
TF,ARLAN,41.246667,73.110000,0, ,0.0,0.0,0.0,0.0,2,17000,0,0,0,0,0,0
TF,RILAK,42.115000,73.493333,0, ,0.0,0.0,0.0,0.0,0,0,0,0,0,0,0,0

SID,IRIS1C,12,2
CA,0,122.0,2,3450,0,0,0,0,0,0
CF,KURSA,40.800000,73.050000,1,OSH,40.2,16.2,28.0,15.0,2,11000,0,0,0,0,0,0
TF,IRISU,40.966667,73.366667,0, ,0.0,0.0,0.0,0.0,2,13000,0,0,0,0,0,0

SID,IRIS1F,30,2
CA,0,302.0,2,3590,0,0,0,0,0,0
CF,KURSA,40.800000,73.050000,2,OSH,40.2,16.2,62.0,15.0,2,11000,0,0,0,0,0,0
TF,IRISU,40.966667,73.366667,0, ,0.0,0.0,0.0,0.0,2,13000,0,0,0,0,0,0

SID,TEVR1C,12,2
CA,0,122.0,2,3450,0,0,0,0,0,0
CF,DA,40.942772,72.980081,1,OSH,17.9,21.8,6.0,21.0,2,15000,0,0,0,0,0,0
TF,TEVRI,41.216944,73.169444,0, ,0.0,0.0,0.0,0.0,2,16000,0,0,0,0,0,0
TF,SOMUS,42.050000,73.766667,0, ,0.0,0.0,0.0,0.0,0,0,0,0,0,0,0,0

SID,TEVR1F,30,2
CA,0,302.0,2,3590,0,0,0,0,0,0
CF,DA,40.942772,72.980081,0,OSH,17.9,21.8,32.0,19.0,2,15000,0,0,0,0,0,0
TF,TEVRI,41.216944,73.169444,0, ,0.0,0.0,0.0,0.0,2,16000,0,0,0,0,0,0
TF,SOMUS,42.050000,73.766667,0, ,0.0,0.0,0.0,0.0,0,0,0,0,0,0,0,0

SID,VELE1C,12,2
CA,0,122.0,2,3450,0,0,0,0,0,0
CF,NUKAT,40.511667,72.535000,1,OSH,241.2,13.5,233.0,16.0,2,11000,0,0,0,0,0,0
TF,VELEN,40.250000,72.100000,0, ,0.0,0.0,0.0,0.0,2,12000,0,0,0,0,0,0

SID,VELE1F,30,2
CA,0,302.0,2,3590,0,0,0,0,0,0
CF,NUKAT,40.511667,72.535000,2,OSH,241.2,13.5,234.0,14.0,2,11000,0,0,0,0,0,0
TF,VELEN,40.250000,72.100000,0, ,0.0,0.0,0.0,0.0,2,12000,0,0,0,0,0,0

STAR,ANJA1A,12,2
IF,ANJAR,41.201667,72.180833, ,0.0,0.0,2,14000,0,0,0,0,0,0
TF,YALMK,40.783333,72.600000,0, ,0.0,0.0,0.0,0.0,2,4900,0,0,0,0,0,0

STAR,ANJA1B,12,2
IF,ANJAR,41.201667,72.180833, ,0.0,0.0,2,14000,0,0,0,0,0,0
TF,D318Y,40.933511,72.462389,0, ,0.0,0.0,0.0,0.0,2,9000,0,0,0,0,0,0
TF,OSH,40.606169,72.802050,0, ,0.0,0.0,0.0,0.0,2,9000,0,0,0,0,0,0

STAR,DA1A,12,2
IF,RILAK,42.115000,73.493333, ,0.0,0.0,0,0,0,0,0,0,0,0
TF,ARLAN,41.246667,73.110000,0, ,0.0,0.0,0.0,0.0,2,16000,0,0,0,0,0,0
TF,DA,40.942772,72.980081,0, ,0.0,0.0,0.0,0.0,2,8000,0,0,0,0,0,0

STAR,DA1B,12,2
IF,RILAK,42.115000,73.493333, ,0.0,0.0,0,0,0,0,0,0,0,0
TF,ARLAN,41.246667,73.110000,0, ,0.0,0.0,0.0,0.0,2,16000,0,0,0,0,0,0
TF,DA,40.942772,72.980081,0, ,0.0,0.0,0.0,0.0,4,13000,10000,0,0,0,0,0

STAR,DA2A,12,2
IF,SOMUS,42.050000,73.766667, ,0.0,0.0,0,0,0,0,0,0,0,0
TF,TEVRI,41.216944,73.169444,0, ,0.0,0.0,0.0,0.0,2,16000,0,0,0,0,0,0
TF,DA,40.942772,72.980081,0, ,0.0,0.0,0.0,0.0,2,8000,0,0,0,0,0,0

STAR,DA2B,12,2
IF,SOMUS,42.050000,73.766667, ,0.0,0.0,0,0,0,0,0,0,0,0
TF,TEVRI,41.216944,73.169444,0, ,0.0,0.0,0.0,0.0,2,16000,0,0,0,0,0,0
TF,DA,40.942772,72.980081,0, ,0.0,0.0,0.0,0.0,4,13000,10000,0,0,0,0,0

STAR,DA3B,12,2
IF,IRISU,40.966667,73.366667, ,0.0,0.0,2,12000,0,0,0,0,0,0
TF,DA,40.942772,72.980081,0, ,0.0,0.0,0.0,0.0,4,13000,10000,0,0,0,0,0

STAR,KURS1A,12,2
IF,IRISU,40.966667,73.366667, ,0.0,0.0,2,12000,0,0,0,0,0,0
TF,KURSA,40.800000,73.050000,0, ,0.0,0.0,0.0,0.0,2,10000,0,0,0,0,0,0

STAR,NUKA1A,12,2
IF,VELEN,40.250000,72.100000, ,0.0,0.0,2,12000,0,0,0,0,0,0
TF,NUKAT,40.511667,72.535000,0, ,0.0,0.0,0.0,0.0,2,9000,0,0,0,0,0,0

STAR,OGOD1A,12,2
IF,AN,40.693472,72.247444, ,0.0,0.0,2,9000,0,0,0,0,0,0
TF,OGODA,40.655000,72.580000,0, ,0.0,0.0,0.0,0.0,2,7000,0,0,0,0,0,0

STAR,OGOD1B,12,2
IF,OGODA,40.655000,72.580000, ,0.0,0.0,2,9000,0,0,0,0,0,0
TF,OSH,40.606169,72.802050,0, ,0.0,0.0,0.0,0.0,2,9000,0,0,0,0,0,0

STAR,VELE1B,12,2
IF,VELEN,40.250000,72.100000, ,0.0,0.0,2,21000,0,0,0,0,0,0
TF,D233Y,40.376039,72.346631,0, ,0.0,0.0,0.0,0.0,2,15000,0,0,0,0,0,0
TF,OSH,40.606169,72.802050,0, ,0.0,0.0,0.0,0.0,2,9000,0,0,0,0,0,0

APPTR,D12-Y,12,DA
IF,DA,40.942772,72.980081, ,0.0,0.0,4,13000,10000,0,0,0,1,0
CF,D018N,40.824142,72.918008,0,OSH,18.0,14.1,198.0,7.7,2,5000,0,1,220,0,0,0
CI,0, ,0.0,198.0,0,0,0,0,0,0,0,0
AF,CD12,40.720758,72.586578,1,OSH,301.0,12.0,18.0,1,5000,0,0,0,0,1,0

FINAL,D12-Y,12,D,3
IF,CD12,40.720758,72.586578,OSH,301.0,12.0,1,5000,0,0,0,0,0,0
CF,FD12,40.665425,72.690814,0,OSH,301.0,6.2,121.0,5.8,1,4500,0,0,0,0,2,0
CF,RW12,40.615844,72.780653,0,OSH,296.7,1.1,121.0,5.1,1,2903,0,0,0,0,3,0
CA,0,121.0,2,3600,0,0,0,0,0,0
CI,1, ,0.0,20.0,0,0,0,1,220,0,0,0
CF,D065V,40.734419,73.244169,0,OSH,65.0,21.6,65.0,19.0,0,0,0,0,0,0,0,1
CF,DA,40.942772,72.980081,1,OSH,17.9,21.8,300.0,18.0,2,9000,0,0,0,0,0,0

FINAL,D12-Z,12,D,2
IF,FD12,40.665425,72.690814,OSH,301.0,6.2,1,4500,0,0,0,0,2,0
CF,RW12,40.615844,72.780653,0,OSH,296.7,1.1,121.0,5.1,1,2903,0,0,0,0,3,0
CA,0,121.0,2,3600,0,0,0,0,0,0
CI,1, ,0.0,20.0,0,0,0,1,220,0,0,0
CF,D065V,40.734419,73.244169,0,OSH,65.0,21.6,65.0,19.0,0,0,0,0,0,0,0,1
CF,DA,40.942772,72.980081,1,OSH,17.9,21.8,300.0,18.0,2,9000,0,0,0,0,0,0

APPTR,I12,12,DA
IF,DA,40.942772,72.980081, ,0.0,0.0,2,8000,0,0,0,0,1,0
CF,D324H,40.751944,72.647222,0,OSH,317.1,11.2,229.0,19.0,1,4900,0,0,0,0,0,1
CF,D305F,40.700556,72.637222,0,OSH,303.0,9.4,167.0,3.0,1,4500,0,0,0,0,0,0
CF,CF12,40.683203,72.656817,0,IOU,301.6,8.8,122.0,1.0,1,4500,0,0,0,0,0,0

APPTR,I12,12,KURSA
IF,KURSA,40.800000,73.050000, ,0.0,0.0,2,10000,0,0,0,0,1,0
CF,D329H,40.755833,72.660556,0,OSH,320.3,11.1,258.0,18.0,1,4900,0,0,0,0,0,1
CF,D305F,40.700556,72.637222,1,OSH,303.0,9.4,167.0,3.0,1,4500,0,0,0,0,0,0
CF,CF12,40.683203,72.656817,0,IOU,301.6,8.8,122.0,1.0,1,4500,0,0,0,0,0,0

APPTR,I12,12,NUKAT
IF,NUKAT,40.511667,72.535000, ,0.0,0.0,2,9000,0,0,0,0,1,0
CF,OU,40.636753,72.741983,0,OSH,299.8,3.3,47.0,12.1,0,0,0,0,0,0,0,0
CF,D335G,40.751111,72.685556,0,OSH,324.6,10.2,336.0,7.3,1,4900,0,0,0,0,0,1
CF,D305F,40.700556,72.637222,1,OSH,303.0,9.4,167.0,3.0,1,4500,0,0,0,0,0,0
CF,CF12,40.683203,72.656817,0,IOU,301.6,8.8,122.0,1.0,1,4500,0,0,0,0,0,0

APPTR,I12,12,OGODA
IF,OGODA,40.655000,72.580000, ,0.0,0.0,2,7000,0,0,0,0,1,0
CF,D289G,40.679444,72.606667,0,OSH,292.3,10.0,37.0,1.9,1,4500,0,0,0,0,0,1
CF,CF12,40.683203,72.656817,0,IOU,301.6,8.8,122.0,2.0,1,4500,0,0,0,0,0,0

APPTR,I12,12,YALMK
IF,YALMK,40.783333,72.600000, ,0.0,0.0,2,4900,0,0,0,0,1,0
CF,D305F,40.700556,72.637222,0,OSH,303.0,9.4,156.0,5.3,1,4500,0,0,0,0,0,0
CF,CF12,40.683203,72.656817,0,IOU,301.6,8.8,122.0,1.0,1,4500,0,0,0,0,0,0

FINAL,I12,12,I,3
IF,CF12,40.683203,72.656817,IOU,301.6,8.8,1,4500,0,0,0,0,0,0
CF,FF12,40.663889,72.692500,0,IOU,301.6,6.8,122.0,2.0,1,4500,0,0,0,0,2,0
CF,RW12,40.615844,72.780653,0,IOU,301.6,1.8,122.0,5.0,1,2901,0,0,0,0,3,0
CA,0,122.0,2,3600,0,1,210,0,0,0
DF,OU,40.636753,72.741983,1, ,0.0,0.0,1,4900,0,0,0,0,0,0
HM,OU,40.636753,72.741983,2, ,0.0,0.0,302.0,04.3,0,0,0,0,0,0,0,0,0

