SID,ABGU6E,05,5
CA,0,53.0,2,720,0,0,0,0,0,0
DF,EE077,62.213361,129.968139,0, ,0.0,0.0,0,0,0,0,0,0,0,0
TF,EE078,62.321222,129.660222,0, ,0.0,0.0,0.0,0.0,0,0,0,0,0,0,0,0
TF,EE031,62.264222,129.456389,0, ,0.0,0.0,0.0,0.0,0,0,0,0,0,0,0,0
TF,ABGUR,62.171667,128.828333,0, ,0.0,0.0,0.0,0.0,2,7000,0,0,0,0,0,0

SID,ABGU6F,23,5
CA,0,233.0,2,710,0,0,0,0,0,0
DF,EE054,61.954000,129.553139,0, ,0.0,0.0,0,0,0,0,0,0,0,0
TF,ABGUR,62.171667,128.828333,0, ,0.0,0.0,0.0,0.0,2,7000,0,0,0,0,0,0

SID,ABGUR1,05,2
CA,0,53.0,2,980,0,0,0,0,0,0
CF,ABGUR,62.171667,128.828333,1,UTS,296.5,27.4,285.0,26.0,0,0,0,0,0,0,0,0

SID,ABGUR3,23,2
CF,D233E,62.016761,129.652267,0,UTS,235.4,5.9,233.0,6.0,2,2290,0,0,0,0,0,1
TF,ABGUR,62.171667,128.828333,0, ,0.0,0.0,0.0,0.0,0,0,0,0,0,0,0,0

SID,AGMA6E,05,5
CA,0,53.0,2,720,0,0,0,0,0,0
DF,EE077,62.213361,129.968139,0, ,0.0,0.0,0,0,0,0,0,0,0,0
TF,AGMAT,62.206667,130.700000,0, ,0.0,0.0,0.0,0.0,2,6000,0,0,0,0,0,0

SID,AGMA6F,23,5
CA,0,233.0,2,710,0,0,0,0,0,0
DF,EE054,61.954000,129.553139,0, ,0.0,0.0,0,0,0,1,240,0,0,0
TF,EE055,61.838444,130.048306,1, ,0.0,0.0,0.0,0.0,0,0,0,0,0,0,0,0
TF,EE058,62.005972,130.306722,0, ,0.0,0.0,0.0,0.0,0,0,0,0,0,0,0,0
TF,AGMAT,62.206667,130.700000,0, ,0.0,0.0,0.0,0.0,2,6000,0,0,0,0,0,0

SID,AGMAT1,05,2
CA,0,53.0,2,980,0,0,0,0,0,0
CF,AGMAT,62.206667,130.700000,0,UTS,90.7,26.7,93.0,25.0,0,0,0,0,0,0,0,0

SID,AGMAT3,23,2
CF,D233E,62.016761,129.652267,0,UTS,235.4,5.9,233.0,6.0,2,2290,0,0,0,0,0,1
CF,AGMAT,62.206667,130.700000,1,UTS,90.7,26.7,77.0,31.0,0,0,0,0,0,0,0,0

SID,BAGU6E,05,5
CA,0,53.0,2,720,0,0,0,0,0,0
DF,EE077,62.213361,129.968139,0, ,0.0,0.0,0,0,0,0,0,0,0,0
TF,EE078,62.321222,129.660222,0, ,0.0,0.0,0.0,0.0,0,0,0,0,0,0,0,0
TF,EE031,62.264222,129.456389,0, ,0.0,0.0,0.0,0.0,0,0,0,0,0,0,0,0
TF,BAGUS,62.228333,128.856667,0, ,0.0,0.0,0.0,0.0,2,6000,0,0,0,0,0,0

SID,BAGU6F,23,5
CA,0,233.0,2,710,0,0,0,0,0,0
DF,EE054,61.954000,129.553139,0, ,0.0,0.0,0,0,0,0,0,0,0,0
TF,BAGUS,62.228333,128.856667,2, ,0.0,0.0,0.0,0.0,2,6000,0,0,0,0,0,0

SID,BAGUS1,05,2
CA,0,53.0,2,980,0,0,0,0,0,0
CF,BAGUS,62.228333,128.856667,1,UTS,303.8,27.4,293.0,26.0,0,0,0,0,0,0,0,0

SID,BAGUS3,23,2
CF,D233E,62.016761,129.652267,0,UTS,235.4,5.9,233.0,6.0,2,2290,0,0,0,0,0,1
CF,BAGUS,62.228333,128.856667,0,UTS,303.8,27.4,316.0,25.0,0,0,0,0,0,0,0,0

SID,BESI6E,05,5
CA,0,53.0,2,720,0,0,0,0,0,0
DF,EE077,62.213361,129.968139,0, ,0.0,0.0,0,0,0,0,0,0,0,0
TF,EE094,62.104806,130.273889,0, ,0.0,0.0,0.0,0.0,0,0,0,0,0,0,0,0
TF,BESIB,61.963333,130.683333,0, ,0.0,0.0,0.0,0.0,2,7000,0,0,0,0,0,0

SID,BESI6F,23,5
CA,0,233.0,2,710,0,0,0,0,0,0
DF,EE054,61.954000,129.553139,0, ,0.0,0.0,0,0,0,1,240,0,0,0
TF,EE055,61.838444,130.048306,1, ,0.0,0.0,0.0,0.0,0,0,0,0,0,0,0,0
TF,BESIB,61.963333,130.683333,0, ,0.0,0.0,0.0,0.0,2,7000,0,0,0,0,0,0

SID,BESIB1,05,2
CA,0,53.0,2,980,0,0,0,0,0,0
CF,BESIB,61.963333,130.683333,0,UTS,122.6,26.6,126.0,26.0,0,0,0,0,0,0,0,0

SID,BESIB3,23,2
CF,D233E,62.016761,129.652267,0,UTS,235.4,5.9,233.0,6.0,2,2290,0,0,0,0,0,1
CF,BESIB,61.963333,130.683333,1,UTS,122.6,26.6,106.0,28.0,0,0,0,0,0,0,0,0

SID,DENI6E,05,5
CA,0,53.0,2,720,0,0,0,0,0,0
DF,EE077,62.213361,129.968139,0, ,0.0,0.0,0,0,0,0,0,0,0,0
TF,EE094,62.104806,130.273889,0, ,0.0,0.0,0.0,0.0,0,0,0,1,230,0,0,0
TF,DENIB,61.662222,129.521389,2, ,0.0,0.0,0.0,0.0,2,7000,0,0,0,0,0,0

SID,DENI6F,23,5
CA,0,233.0,2,710,0,0,0,0,0,0
DF,EE054,61.954000,129.553139,0, ,0.0,0.0,0,0,0,0,0,0,0,0
TF,DENIB,61.662222,129.521389,0, ,0.0,0.0,0.0,0.0,2,7000,0,0,0,0,0,0

SID,DENIB1,05,2
CA,0,53.0,2,980,0,0,0,0,0,0
CF,DENIB,61.662222,129.521389,2,UTS,212.2,27.0,220.0,28.0,0,0,0,0,0,0,0,0

SID,DENIB3,23,2
CF,D233E,62.016761,129.652267,0,UTS,235.4,5.9,233.0,6.0,2,2290,0,0,0,0,0,1
CF,DENIB,61.662222,129.521389,0,UTS,212.2,27.0,206.0,21.0,0,0,0,0,0,0,0,0

SID,DIRO6E,05,5
CA,0,53.0,2,720,0,0,0,0,0,0
DF,EE077,62.213361,129.968139,0, ,0.0,0.0,0,0,0,0,0,0,0,0
TF,EE078,62.321222,129.660222,0, ,0.0,0.0,0.0,0.0,0,0,0,0,0,0,0,0
TF,EE031,62.264222,129.456389,0, ,0.0,0.0,0.0,0.0,0,0,0,0,0,0,0,0
TF,EE032,62.120222,129.279750,0, ,0.0,0.0,0.0,0.0,0,0,0,0,0,0,0,0
TF,DIROM,61.720000,129.246667,0, ,0.0,0.0,0.0,0.0,2,7000,0,0,0,0,0,0

SID,DIRO6F,23,5
CA,0,233.0,2,710,0,0,0,0,0,0
DF,EE054,61.954000,129.553139,0, ,0.0,0.0,0,0,0,0,0,0,0,0
TF,DIROM,61.720000,129.246667,0, ,0.0,0.0,0.0,0.0,2,7000,0,0,0,0,0,0

SID,DIROM1,05,2
CA,0,53.0,2,980,0,0,0,0,0,0
CF,DIROM,61.720000,129.246667,2,UTS,230.5,27.1,239.0,29.0,0,0,0,0,0,0,0,0

SID,DIROM3,23,2
CF,D233E,62.016761,129.652267,0,UTS,235.4,5.9,233.0,6.0,2,2290,0,0,0,0,0,1
TF,DIROM,61.720000,129.246667,0, ,0.0,0.0,0.0,0.0,0,0,0,0,0,0,0,0

SID,DOBU6E,05,5
CA,0,53.0,2,720,0,0,0,0,0,0
DF,EE077,62.213361,129.968139,0, ,0.0,0.0,0,0,0,0,0,0,0,0
TF,DOBUS,62.301667,130.621667,0, ,0.0,0.0,0.0,0.0,2,7000,0,0,0,0,0,0

SID,DOBU6F,23,5
CA,0,233.0,2,710,0,0,0,0,0,0
DF,EE054,61.954000,129.553139,0, ,0.0,0.0,0,0,0,1,240,0,0,0
TF,EE055,61.838444,130.048306,1, ,0.0,0.0,0.0,0.0,0,0,0,0,0,0,0,0
TF,EE058,62.005972,130.306722,0, ,0.0,0.0,0.0,0.0,0,0,0,0,0,0,0,0
TF,DOBUS,62.301667,130.621667,0, ,0.0,0.0,0.0,0.0,2,7000,0,0,0,0,0,0

SID,DOBUS1,05,2
CA,0,53.0,2,980,0,0,0,0,0,0
CF,DOBUS,62.301667,130.621667,0,UTS,77.5,26.7,79.0,25.0,0,0,0,0,0,0,0,0

SID,DOBUS3,23,2
CF,D233E,62.016761,129.652267,0,UTS,235.4,5.9,233.0,6.0,2,2290,0,0,0,0,0,1
CF,DOBUS,62.301667,130.621667,1,UTS,77.5,26.7,65.0,32.0,0,0,0,0,0,0,0,0

SID,GIME6E,05,5
CA,0,53.0,2,720,0,0,0,0,0,0
DF,EE077,62.213361,129.968139,0, ,0.0,0.0,0,0,0,0,0,0,0,0
TF,GIMEK,62.518333,130.076667,0, ,0.0,0.0,0.0,0.0,2,7000,0,0,0,0,0,0

SID,GIME6F,23,5
CA,0,233.0,2,710,0,0,0,0,0,0
DF,EE054,61.954000,129.553139,0, ,0.0,0.0,0,0,0,1,240,0,0,0
TF,EE060,62.185056,129.140806,2, ,0.0,0.0,0.0,0.0,0,0,0,0,0,0,0,0
TF,EE059,62.449611,129.587556,0, ,0.0,0.0,0.0,0.0,0,0,0,0,0,0,0,0
TF,GIMEK,62.518333,130.076667,0, ,0.0,0.0,0.0,0.0,2,7000,0,0,0,0,0,0

SID,GIMEK1,05,2
CA,0,53.0,2,980,0,0,0,0,0,0
CF,GIMEK,62.518333,130.076667,0,UTS,33.6,26.9,32.0,25.0,0,0,0,0,0,0,0,0

SID,GIMEK3,23,2
CF,D233E,62.016761,129.652267,0,UTS,235.4,5.9,233.0,6.0,2,2290,0,0,0,0,0,1
CF,GIMEK,62.518333,130.076667,2,UTS,33.6,26.9,44.0,32.0,0,0,0,0,0,0,0,0

SID,GOBO6E,05,5
CA,0,53.0,2,720,0,0,0,0,0,0
DF,EE077,62.213361,129.968139,0, ,0.0,0.0,0,0,0,0,0,0,0,0
TF,GOBON,62.542222,129.746389,0, ,0.0,0.0,0.0,0.0,2,7000,0,0,0,0,0,0

SID,GOBO6F,23,5
CA,0,233.0,2,710,0,0,0,0,0,0
DF,EE054,61.954000,129.553139,0, ,0.0,0.0,0,0,0,1,240,0,0,0
TF,EE060,62.185056,129.140806,2, ,0.0,0.0,0.0,0.0,0,0,0,0,0,0,0,0
TF,EE059,62.449611,129.587556,0, ,0.0,0.0,0.0,0.0,0,0,0,0,0,0,0,0
TF,GOBON,62.542222,129.746389,0, ,0.0,0.0,0.0,0.0,2,7000,0,0,0,0,0,0

SID,GOBON1,05,2
CA,0,53.0,2,980,0,0,0,0,0,0
CF,GOBON,62.542222,129.746389,0,UTS,13.7,27.1,10.0,25.0,0,0,0,0,0,0,0,0

SID,GOBON3,23,2
CF,D233E,62.016761,129.652267,0,UTS,235.4,5.9,233.0,6.0,2,2290,0,0,0,0,0,1
CF,GOBON,62.542222,129.746389,2,UTS,13.7,27.1,26.0,31.0,0,0,0,0,0,0,0,0

SID,IDES6E,05,5
CA,0,53.0,2,720,0,0,0,0,0,0
DF,EE077,62.213361,129.968139,0, ,0.0,0.0,0,0,0,0,0,0,0,0
TF,IDESA,62.471667,130.290000,0, ,0.0,0.0,0.0,0.0,2,7000,0,0,0,0,0,0

SID,IDES6F,23,5
CA,0,233.0,2,710,0,0,0,0,0,0
DF,EE054,61.954000,129.553139,0, ,0.0,0.0,0,0,0,1,240,0,0,0
TF,EE055,61.838444,130.048306,1, ,0.0,0.0,0.0,0.0,0,0,0,0,0,0,0,0
TF,EE058,62.005972,130.306722,0, ,0.0,0.0,0.0,0.0,0,0,0,0,0,0,0,0
TF,IDESA,62.471667,130.290000,0, ,0.0,0.0,0.0,0.0,2,7000,0,0,0,0,0,0

SID,IDESA1,05,2
CA,0,53.0,2,980,0,0,0,0,0,0
CF,IDESA,62.471667,130.290000,0,UTS,47.6,26.9,47.0,25.0,0,0,0,0,0,0,0,0

SID,IDESA3,23,2
CF,D233E,62.016761,129.652267,0,UTS,235.4,5.9,233.0,6.0,2,2290,0,0,0,0,0,1
CF,IDESA,62.471667,130.290000,2,UTS,47.6,26.9,56.0,33.0,0,0,0,0,0,0,0,0

SID,KUTE6E,05,5
CA,0,53.0,2,720,0,0,0,0,0,0
DF,EE077,62.213361,129.968139,0, ,0.0,0.0,0,0,0,0,0,0,0,0
TF,KUTEG,62.045000,130.721667,0, ,0.0,0.0,0.0,0.0,2,7000,0,0,0,0,0,0

SID,KUTE6F,23,5
CA,0,233.0,2,710,0,0,0,0,0,0
DF,EE054,61.954000,129.553139,0, ,0.0,0.0,0,0,0,1,240,0,0,0
TF,EE055,61.838444,130.048306,1, ,0.0,0.0,0.0,0.0,0,0,0,0,0,0,0,0
TF,KUTEG,62.045000,130.721667,0, ,0.0,0.0,0.0,0.0,2,7000,0,0,0,0,0,0

SID,KUTEG1,05,2
CA,0,53.0,2,980,0,0,0,0,0,0
CF,KUTEG,62.045000,130.721667,0,UTS,111.8,26.6,116.0,25.0,0,0,0,0,0,0,0,0

SID,KUTEG3,23,2
CF,D233E,62.016761,129.652267,0,UTS,235.4,5.9,233.0,6.0,2,2290,0,0,0,0,0,1
CF,KUTEG,62.045000,130.721667,1,UTS,111.8,26.6,96.0,29.0,0,0,0,0,0,0,0,0

SID,LEPR6E,05,5
CA,0,53.0,2,720,0,0,0,0,0,0
DF,EE077,62.213361,129.968139,0, ,0.0,0.0,0,0,0,0,0,0,0,0
TF,EE078,62.321222,129.660222,0, ,0.0,0.0,0.0,0.0,0,0,0,0,0,0,0,0
TF,EE031,62.264222,129.456389,0, ,0.0,0.0,0.0,0.0,0,0,0,0,0,0,0,0
TF,EE032,62.120222,129.279750,0, ,0.0,0.0,0.0,0.0,0,0,0,0,0,0,0,0
TF,LEPRI,61.961667,128.860000,0, ,0.0,0.0,0.0,0.0,2,6000,0,0,0,0,0,0

SID,LEPR6F,23,5
CA,0,233.0,2,710,0,0,0,0,0,0
DF,EE054,61.954000,129.553139,0, ,0.0,0.0,0,0,0,0,0,0,0,0
TF,LEPRI,61.961667,128.860000,0, ,0.0,0.0,0.0,0.0,2,6000,0,0,0,0,0,0

SID,LEPRI1,05,2
CA,0,53.0,2,980,0,0,0,0,0,0
CF,LEPRI,61.961667,128.860000,1,UTS,269.6,27.3,258.0,28.0,0,0,0,0,0,0,0,0

SID,LEPRI3,23,2
CF,D233E,62.016761,129.652267,0,UTS,235.4,5.9,233.0,6.0,2,2290,0,0,0,0,0,1
CF,LEPRI,61.961667,128.860000,0,UTS,269.6,27.3,275.0,21.0,0,0,0,0,0,0,0,0

SID,NENA6E,05,5
CA,0,53.0,2,720,0,0,0,0,0,0
DF,EE077,62.213361,129.968139,0, ,0.0,0.0,0,0,0,0,0,0,0,0
TF,NENAL,62.378333,130.513333,0, ,0.0,0.0,0.0,0.0,2,7000,0,0,0,0,0,0

SID,NENA6F,23,5
CA,0,233.0,2,710,0,0,0,0,0,0
DF,EE054,61.954000,129.553139,0, ,0.0,0.0,0,0,0,1,240,0,0,0
TF,EE055,61.838444,130.048306,1, ,0.0,0.0,0.0,0.0,0,0,0,0,0,0,0,0
TF,EE058,62.005972,130.306722,0, ,0.0,0.0,0.0,0.0,0,0,0,0,0,0,0,0
TF,NENAL,62.378333,130.513333,0, ,0.0,0.0,0.0,0.0,2,7000,0,0,0,0,0,0

SID,NENAL1,05,2
CA,0,53.0,2,980,0,0,0,0,0,0
CF,NENAL,62.378333,130.513333,0,UTS,65.6,26.7,67.0,25.0,0,0,0,0,0,0,0,0

SID,NENAL3,23,2
CF,D233E,62.016761,129.652267,0,UTS,235.4,5.9,233.0,6.0,2,2290,0,0,0,0,0,1
CF,NENAL,62.378333,130.513333,1,UTS,65.6,26.7,55.0,32.0,0,0,0,0,0,0,0,0

SID,NIBE6E,05,5
CA,0,53.0,2,720,0,0,0,0,0,0
DF,EE077,62.213361,129.968139,0, ,0.0,0.0,0,0,0,0,0,0,0,0
TF,EE078,62.321222,129.660222,0, ,0.0,0.0,0.0,0.0,0,0,0,0,0,0,0,0
TF,NIBES,62.360556,129.001111,0, ,0.0,0.0,0.0,0.0,2,7000,0,0,0,0,0,0

SID,NIBE6F,23,5
CA,0,233.0,2,710,0,0,0,0,0,0
DF,EE054,61.954000,129.553139,0, ,0.0,0.0,0,0,0,1,240,0,0,0
TF,EE060,62.185056,129.140806,2, ,0.0,0.0,0.0,0.0,0,0,0,0,0,0,0,0
TF,NIBES,62.360556,129.001111,0, ,0.0,0.0,0.0,0.0,2,7000,0,0,0,0,0,0

SID,OGLI6E,05,5
CA,0,53.0,2,720,0,0,0,0,0,0
DF,EE077,62.213361,129.968139,0, ,0.0,0.0,0,0,0,0,0,0,0,0
TF,EE094,62.104806,130.273889,0, ,0.0,0.0,0.0,0.0,0,0,0,1,245,0,0,0
TF,OGLIS,61.648333,129.900000,0, ,0.0,0.0,0.0,0.0,2,7000,0,0,0,0,0,0

SID,OGLI6F,23,5
CA,0,233.0,2,710,0,0,0,0,0,0
DF,EE054,61.954000,129.553139,0, ,0.0,0.0,0,0,0,0,0,0,0,0
TF,OGLIS,61.648333,129.900000,0, ,0.0,0.0,0.0,0.0,2,7000,0,0,0,0,0,0

SID,OGLIS1,05,2
CA,0,53.0,2,980,0,0,0,0,0,0
CF,OGLIS,61.648333,129.900000,2,UTS,189.0,26.9,198.0,27.0,0,0,0,0,0,0,0,0

SID,OGLIS3,23,2
CF,D233E,62.016761,129.652267,0,UTS,235.4,5.9,233.0,6.0,2,2290,0,0,0,0,0,1
TF,OGLIS,61.648333,129.900000,0, ,0.0,0.0,0.0,0.0,0,0,0,0,0,0,0,0

SID,OKSI6E,05,5
CA,0,53.0,2,720,0,0,0,0,0,0
DF,EE077,62.213361,129.968139,0, ,0.0,0.0,0,0,0,0,0,0,0,0
TF,EE078,62.321222,129.660222,0, ,0.0,0.0,0.0,0.0,0,0,0,0,0,0,0,0
TF,EE031,62.264222,129.456389,0, ,0.0,0.0,0.0,0.0,0,0,0,0,0,0,0,0
TF,EE032,62.120222,129.279750,0, ,0.0,0.0,0.0,0.0,0,0,0,0,0,0,0,0
TF,OKSIN,61.895000,128.916667,0, ,0.0,0.0,0.0,0.0,2,6000,0,0,0,0,0,0

SID,OKSI6F,23,5
CA,0,233.0,2,710,0,0,0,0,0,0
DF,EE054,61.954000,129.553139,0, ,0.0,0.0,0,0,0,0,0,0,0,0
TF,OKSIN,61.895000,128.916667,0, ,0.0,0.0,0.0,0.0,2,6000,0,0,0,0,0,0

SID,OKSIN1,05,2
CA,0,53.0,2,980,0,0,0,0,0,0
CF,OKSIN,61.895000,128.916667,1,UTS,260.6,27.3,249.0,28.0,0,0,0,0,0,0,0,0

SID,OKSIN3,23,2
CF,D233E,62.016761,129.652267,0,UTS,235.4,5.9,233.0,6.0,2,2290,0,0,0,0,0,1
CF,OKSIN,61.895000,128.916667,0,UTS,260.6,27.3,264.0,21.0,0,0,0,0,0,0,0,0

SID,OKTU6E,05,5
CA,0,53.0,2,720,0,0,0,0,0,0
DF,EE077,62.213361,129.968139,0, ,0.0,0.0,0,0,0,0,0,0,0,0
TF,EE094,62.104806,130.273889,0, ,0.0,0.0,0.0,0.0,0,0,0,0,0,0,0,0
TF,OKTUR,61.831667,130.543333,0, ,0.0,0.0,0.0,0.0,2,7000,0,0,0,0,0,0

SID,OKTU6F,23,5
CA,0,233.0,2,710,0,0,0,0,0,0
DF,EE054,61.954000,129.553139,0, ,0.0,0.0,0,0,0,1,240,0,0,0
TF,EE055,61.838444,130.048306,1, ,0.0,0.0,0.0,0.0,0,0,0,0,0,0,0,0
TF,OKTUR,61.831667,130.543333,0, ,0.0,0.0,0.0,0.0,2,7000,0,0,0,0,0,0

SID,OKTUR1,05,2
CA,0,53.0,2,980,0,0,0,0,0,0
CF,OKTUR,61.831667,130.543333,2,UTS,141.8,26.6,149.0,25.0,0,0,0,0,0,0,0,0

SID,OKTUR3,23,2
CF,D233E,62.016761,129.652267,0,UTS,235.4,5.9,233.0,6.0,2,2290,0,0,0,0,0,1
CF,OKTUR,61.831667,130.543333,1,UTS,141.8,26.6,126.0,26.0,0,0,0,0,0,0,0,0

SID,REDK6E,05,5
CA,0,53.0,2,720,0,0,0,0,0,0
DF,EE077,62.213361,129.968139,0, ,0.0,0.0,0,0,0,0,0,0,0,0
TF,EE078,62.321222,129.660222,0, ,0.0,0.0,0.0,0.0,0,0,0,0,0,0,0,0
TF,REDKA,62.301667,128.920000,0, ,0.0,0.0,0.0,0.0,2,6000,0,0,0,0,0,0

SID,REDK6F,23,5
CA,0,233.0,2,710,0,0,0,0,0,0
DF,EE054,61.954000,129.553139,0, ,0.0,0.0,0,0,0,1,240,0,0,0
TF,EE060,62.185056,129.140806,2, ,0.0,0.0,0.0,0.0,0,0,0,0,0,0,0,0
TF,REDKA,62.301667,128.920000,0, ,0.0,0.0,0.0,0.0,2,6000,0,0,0,0,0,0

SID,REDKA1,05,2
CA,0,53.0,2,980,0,0,0,0,0,0
CF,REDKA,62.301667,128.920000,1,UTS,313.8,27.4,304.0,26.0,0,0,0,0,0,0,0,0

SID,REDKA3,23,2
CF,D233E,62.016761,129.652267,0,UTS,235.4,5.9,233.0,6.0,2,2290,0,0,0,0,0,1
CF,REDKA,62.301667,128.920000,2,UTS,313.8,27.4,327.0,25.0,0,0,0,0,0,0,0,0

SID,RUTI6E,05,5
CA,0,53.0,2,720,0,0,0,0,0,0
DF,EE077,62.213361,129.968139,0, ,0.0,0.0,0,0,0,0,0,0,0,0
TF,EE078,62.321222,129.660222,0, ,0.0,0.0,0.0,0.0,0,0,0,0,0,0,0,0
TF,EE031,62.264222,129.456389,0, ,0.0,0.0,0.0,0.0,0,0,0,0,0,0,0,0
TF,EE032,62.120222,129.279750,0, ,0.0,0.0,0.0,0.0,0,0,0,0,0,0,0,0
TF,RUTIK,62.056667,128.820000,0, ,0.0,0.0,0.0,0.0,2,7000,0,0,0,0,0,0

SID,RUTI6F,23,5
CA,0,233.0,2,710,0,0,0,0,0,0
DF,EE054,61.954000,129.553139,0, ,0.0,0.0,0,0,0,0,0,0,0,0
TF,RUTIK,62.056667,128.820000,0, ,0.0,0.0,0.0,0.0,2,7000,0,0,0,0,0,0

SID,RUTIK1,05,2
CA,0,53.0,2,980,0,0,0,0,0,0
CF,RUTIK,62.056667,128.820000,1,UTS,281.9,27.3,270.0,27.0,0,0,0,0,0,0,0,0

SID,RUTIK3,23,2
CF,D233E,62.016761,129.652267,0,UTS,235.4,5.9,233.0,6.0,2,2290,0,0,0,0,0,1
CF,RUTIK,62.056667,128.820000,0,UTS,281.9,27.3,290.0,23.0,0,0,0,0,0,0,0,0

SID,SORI6E,05,5
CA,0,53.0,2,720,0,0,0,0,0,0
DF,EE077,62.213361,129.968139,0, ,0.0,0.0,0,0,0,0,0,0,0,0
TF,SORIP,62.526667,130.008333,0, ,0.0,0.0,0.0,0.0,2,7000,0,0,0,0,0,0

SID,SORI6F,23,5
CA,0,233.0,2,710,0,0,0,0,0,0
DF,EE054,61.954000,129.553139,0, ,0.0,0.0,0,0,0,1,240,0,0,0
TF,EE060,62.185056,129.140806,2, ,0.0,0.0,0.0,0.0,0,0,0,0,0,0,0,0
TF,EE059,62.449611,129.587556,0, ,0.0,0.0,0.0,0.0,0,0,0,0,0,0,0,0
TF,SORIP,62.526667,130.008333,0, ,0.0,0.0,0.0,0.0,2,7000,0,0,0,0,0,0

SID,SORIP1,05,2
CA,0,53.0,2,980,0,0,0,0,0,0
CF,SORIP,62.526667,130.008333,0,UTS,29.4,26.9,27.0,25.0,0,0,0,0,0,0,0,0

SID,SORIP3,23,2
CF,D233E,62.016761,129.652267,0,UTS,235.4,5.9,233.0,6.0,2,2290,0,0,0,0,0,1
CF,SORIP,62.526667,130.008333,2,UTS,29.4,26.9,41.0,32.0,0,0,0,0,0,0,0,0

SID,TEGM6E,05,5
CA,0,53.0,2,720,0,0,0,0,0,0
DF,EE077,62.213361,129.968139,0, ,0.0,0.0,0,0,0,0,0,0,0,0
TF,EE078,62.321222,129.660222,0, ,0.0,0.0,0.0,0.0,0,0,0,1,245,0,0,0
TF,TEGMA,62.486667,129.308333,0, ,0.0,0.0,0.0,0.0,2,6000,0,0,0,0,0,0

SID,TEGM6F,23,5
CA,0,233.0,2,710,0,0,0,0,0,0
DF,EE054,61.954000,129.553139,0, ,0.0,0.0,0,0,0,1,240,0,0,0
TF,EE060,62.185056,129.140806,2, ,0.0,0.0,0.0,0.0,0,0,0,0,0,0,0,0
TF,TEGMA,62.486667,129.308333,0, ,0.0,0.0,0.0,0.0,2,6000,0,0,0,0,0,0

SID,TEGMA1,05,2
CA,0,53.0,2,980,0,0,0,0,0,0
CF,TEGMA,62.486667,129.308333,0,UTS,346.8,27.2,340.0,26.0,0,0,0,0,0,0,0,0

SID,TEGMA3,23,2
CF,D233E,62.016761,129.652267,0,UTS,235.4,5.9,233.0,6.0,2,2290,0,0,0,0,0,1
CF,TEGMA,62.486667,129.308333,2,UTS,346.8,27.2,360.0,29.0,0,0,0,0,0,0,0,0

SID,TEKD6E,05,5
CA,0,53.0,2,720,0,0,0,0,0,0
DF,EE077,62.213361,129.968139,0, ,0.0,0.0,0,0,0,0,0,0,0,0
TF,TEKDI,62.495000,130.180000,0, ,0.0,0.0,0.0,0.0,2,7000,0,0,0,0,0,0

SID,TEKD6F,23,5
CA,0,233.0,2,710,0,0,0,0,0,0
DF,EE054,61.954000,129.553139,0, ,0.0,0.0,0,0,0,1,240,0,0,0
TF,EE060,62.185056,129.140806,2, ,0.0,0.0,0.0,0.0,0,0,0,0,0,0,0,0
TF,EE059,62.449611,129.587556,0, ,0.0,0.0,0.0,0.0,0,0,0,0,0,0,0,0
TF,TEKDI,62.495000,130.180000,0, ,0.0,0.0,0.0,0.0,2,7000,0,0,0,0,0,0

SID,TEKDI1,05,2
CA,0,53.0,2,980,0,0,0,0,0,0
CF,TEKDI,62.495000,130.180000,0,UTS,40.4,26.6,39.0,25.0,0,0,0,0,0,0,0,0

SID,TEKDI3,23,2
CF,D233E,62.016761,129.652267,0,UTS,235.4,5.9,233.0,6.0,2,2290,0,0,0,0,0,1
CF,TEKDI,62.495000,130.180000,2,UTS,40.4,26.6,50.0,32.0,0,0,0,0,0,0,0,0

SID,TURO6E,05,5
CA,0,53.0,2,720,0,0,0,0,0,0
DF,EE077,62.213361,129.968139,0, ,0.0,0.0,0,0,0,0,0,0,0,0
TF,TUROP,62.541667,129.811667,0, ,0.0,0.0,0.0,0.0,2,7000,0,0,0,0,0,0

SID,TURO6F,23,5
CA,0,233.0,2,710,0,0,0,0,0,0
DF,EE054,61.954000,129.553139,0, ,0.0,0.0,0,0,0,1,240,0,0,0
TF,EE060,62.185056,129.140806,2, ,0.0,0.0,0.0,0.0,0,0,0,0,0,0,0,0
TF,EE059,62.449611,129.587556,0, ,0.0,0.0,0.0,0.0,0,0,0,0,0,0,0,0
TF,TUROP,62.541667,129.811667,0, ,0.0,0.0,0.0,0.0,2,7000,0,0,0,0,0,0

SID,TUROP1,05,2
CA,0,53.0,2,980,0,0,0,0,0,0
CF,TUROP,62.541667,129.811667,0,UTS,17.6,27.0,14.0,25.0,0,0,0,0,0,0,0,0

SID,TUROP3,23,2
CF,D233E,62.016761,129.652267,0,UTS,235.4,5.9,233.0,6.0,2,2290,0,0,0,0,0,1
CF,TUROP,62.541667,129.811667,2,UTS,17.6,27.0,30.0,31.0,0,0,0,0,0,0,0,0

STAR,ABGU2A,05,2
IF,ABGUR,62.171667,128.828333, ,0.0,0.0,2,7000,0,0,0,0,0,0
TF,D242L,61.958333,129.480000,0, ,0.0,0.0,0.0,0.0,1,2620,0,0,0,0,0,1
CF,FN05,61.991667,129.612500,0,UTS,234.8,7.9,52.0,3.0,1,2620,0,0,0,0,0,0

STAR,ABGU4A,23,2
IF,ABGUR,62.171667,128.828333, ,0.0,0.0,2,7000,0,0,0,0,0,0
TF,D031K,62.270000,129.893333,0, ,0.0,0.0,0.0,0.0,1,2620,0,0,0,0,0,1
CF,D047J,62.235000,129.971667,2,UTS,47.5,10.1,187.0,1.0,1,2620,0,0,0,0,0,1
CF,CF23,62.199122,129.945058,0,UTS,50.4,6.0,232.0,3.0,1,1630,0,0,0,0,0,0

STAR,ABGU4B,23,2
IF,ABGUR,62.171667,128.828333, ,0.0,0.0,2,7000,0,0,0,0,0,0
TF,BS,62.235278,129.816667,0, ,0.0,0.0,0.0,0.0,0,0,0,0,0,0,0,0
TF,D027E,62.208333,129.873333,0, ,0.0,0.0,0.0,0.0,1,1630,0,0,0,0,0,1
CF,CF23,62.199122,129.945058,0,UTS,50.4,6.0,232.0,1.0,1,1630,0,0,0,0,0,0

STAR,ABGU6C,05,5
IF,ABGUR,62.171667,128.828333, ,0.0,0.0,2,7000,0,0,0,0,0,0
TF,EE026,62.097389,129.031667,0, ,0.0,0.0,0.0,0.0,0,0,0,0,0,0,0,0
TF,EE003,61.985139,129.335556,0, ,0.0,0.0,0.0,0.0,2,2950,0,0,0,0,0,0

STAR,ABGU6D,23,5
IF,ABGUR,62.171667,128.828333, ,0.0,0.0,2,7000,0,0,0,0,0,0
TF,EE086,62.301222,129.406917,0, ,0.0,0.0,0.0,0.0,0,0,0,0,0,0,0,0
TF,EE082,62.299417,129.837250,0, ,0.0,0.0,0.0,0.0,2,2940,0,0,0,0,0,0

STAR,AGMA2A,05,2
IF,AGMAT,62.206667,130.700000, ,0.0,0.0,2,7000,0,0,0,0,0,0
TF,D216L,61.905000,129.631667,0, ,0.0,0.0,0.0,0.0,1,2620,0,0,0,0,0,0
TF,D226L,61.925000,129.571667,0, ,0.0,0.0,0.0,0.0,1,2620,0,0,0,0,0,1
CF,FN05,61.991667,129.612500,2,UTS,234.8,7.9,52.0,2.0,1,2620,0,0,0,0,0,0

STAR,AGMA4A,23,2
IF,AGMAT,62.206667,130.700000, ,0.0,0.0,2,7000,0,0,0,0,0,0
TF,D066K,62.208333,130.093333,0, ,0.0,0.0,0.0,0.0,1,1630,0,0,0,0,0,0
CF,D053I,62.206667,129.976667,0,UTS,54.1,8.7,277.0,3.0,1,1630,0,0,0,0,0,1
CF,CF23,62.199122,129.945058,0,UTS,50.4,6.0,232.0,2.0,1,1630,0,0,0,0,0,0

STAR,AGMA6C,05,5
IF,AGMAT,62.206667,130.700000, ,0.0,0.0,2,6000,0,0,0,0,0,0
TF,EE022,62.048111,130.068528,0, ,0.0,0.0,0.0,0.0,0,0,0,0,0,0,0,0
TF,EE001,61.864472,129.676556,0, ,0.0,0.0,0.0,0.0,2,2950,0,0,0,0,0,0

STAR,AGMA6D,23,5
IF,AGMAT,62.206667,130.700000, ,0.0,0.0,2,6000,0,0,0,0,0,0
TF,EE087,62.240083,130.400889,0, ,0.0,0.0,0.0,0.0,0,0,0,0,0,0,0,0
TF,EE084,62.178139,130.181028,0, ,0.0,0.0,0.0,0.0,2,2940,0,0,0,0,0,0

STAR,BAGU2A,05,2
IF,BAGUS,62.228333,128.856667, ,0.0,0.0,2,7000,0,0,0,0,0,0
TF,D242L,61.958333,129.480000,0, ,0.0,0.0,0.0,0.0,1,2620,0,0,0,0,0,1
CF,FN05,61.991667,129.612500,1,UTS,234.8,7.9,52.0,2.0,1,2620,0,0,0,0,0,0

STAR,BAGU4A,23,2
IF,BAGUS,62.228333,128.856667, ,0.0,0.0,2,7000,0,0,0,0,0,0
TF,D033L,62.273333,129.911667,0, ,0.0,0.0,0.0,0.0,1,2620,0,0,0,0,0,1
CF,D047J,62.235000,129.971667,0,UTS,47.5,10.1,187.0,2.0,1,2620,0,0,0,0,0,1
CF,CF23,62.199122,129.945058,0,UTS,50.4,6.0,232.0,3.0,1,1630,0,0,0,0,0,0

STAR,BAGU4B,23,2
IF,BAGUS,62.228333,128.856667, ,0.0,0.0,2,7000,0,0,0,0,0,0
TF,BS,62.235278,129.816667,0, ,0.0,0.0,0.0,0.0,0,0,0,0,0,0,0,0
TF,D027E,62.208333,129.873333,0, ,0.0,0.0,0.0,0.0,1,1630,0,0,0,0,0,1
CF,CF23,62.199122,129.945058,0,UTS,50.4,6.0,232.0,1.0,1,1630,0,0,0,0,0,0

STAR,BAGU6C,05,5
IF,BAGUS,62.228333,128.856667, ,0.0,0.0,2,6000,0,0,0,0,0,0
TF,EE026,62.097389,129.031667,0, ,0.0,0.0,0.0,0.0,0,0,0,0,0,0,0,0
TF,EE003,61.985139,129.335556,0, ,0.0,0.0,0.0,0.0,2,2950,0,0,0,0,0,0

STAR,BAGU6D,23,5
IF,BAGUS,62.228333,128.856667, ,0.0,0.0,2,6000,0,0,0,0,0,0
TF,EE085,62.301667,129.160361,0, ,0.0,0.0,0.0,0.0,0,0,0,0,0,0,0,0
TF,EE086,62.301222,129.406917,0, ,0.0,0.0,0.0,0.0,0,0,0,0,0,0,0,0
TF,EE082,62.299417,129.837250,0, ,0.0,0.0,0.0,0.0,2,2940,0,0,0,0,0,0

STAR,BESI2A,05,2
IF,BESIB,61.963333,130.683333, ,0.0,0.0,2,7000,0,0,0,0,0,0
TF,D216L,61.905000,129.631667,0, ,0.0,0.0,0.0,0.0,1,2620,0,0,0,0,0,0
TF,D226L,61.925000,129.571667,0, ,0.0,0.0,0.0,0.0,1,2620,0,0,0,0,0,1
CF,FN05,61.991667,129.612500,2,UTS,234.8,7.9,52.0,2.0,1,2620,0,0,0,0,0,0

STAR,BESI4A,23,2
IF,BESIB,61.963333,130.683333, ,0.0,0.0,2,7000,0,0,0,0,0,0
TF,D066K,62.208333,130.093333,0, ,0.0,0.0,0.0,0.0,1,1630,0,0,0,0,0,1
CF,D053I,62.206667,129.976667,0,UTS,54.1,8.7,277.0,3.0,1,1630,0,0,0,0,0,1
CF,CF23,62.199122,129.945058,0,UTS,50.4,6.0,232.0,2.0,1,1630,0,0,0,0,0,0

STAR,BESI6C,05,5
IF,BESIB,61.963333,130.683333, ,0.0,0.0,2,7000,0,0,0,0,0,0
TF,EE021,62.046556,130.470639,0, ,0.0,0.0,0.0,0.0,0,0,0,0,0,0,0,0
TF,EE022,62.048111,130.068528,0, ,0.0,0.0,0.0,0.0,0,0,0,0,0,0,0,0
TF,EE001,61.864472,129.676556,0, ,0.0,0.0,0.0,0.0,2,2950,0,0,0,0,0,0

STAR,BESI6D,23,5
IF,BESIB,61.963333,130.683333, ,0.0,0.0,2,7000,0,0,0,0,0,0
TF,EE088,62.103722,130.484806,0, ,0.0,0.0,0.0,0.0,0,0,0,0,0,0,0,0
TF,EE084,62.178139,130.181028,0, ,0.0,0.0,0.0,0.0,2,2940,0,0,0,0,0,0

STAR,DENI2A,05,2
IF,DENIB,61.662222,129.521389, ,0.0,0.0,2,7000,0,0,0,0,0,0
TF,D232K,61.946667,129.550000,0, ,0.0,0.0,0.0,0.0,1,2620,0,0,0,0,0,1
CF,FN05,61.991667,129.612500,0,UTS,234.8,7.9,52.0,3.0,1,2620,0,0,0,0,0,0

STAR,DENI4A,23,2
IF,DENIB,61.662222,129.521389, ,0.0,0.0,2,7000,0,0,0,0,0,0
TF,D076J,62.176667,130.103333,0, ,0.0,0.0,0.0,0.0,1,1630,0,0,0,0,0,1
CF,D053I,62.206667,129.976667,1,UTS,54.1,8.7,277.0,2.0,1,1630,0,0,0,0,0,1
CF,CF23,62.199122,129.945058,0,UTS,50.4,6.0,232.0,2.0,1,1630,0,0,0,0,0,0

STAR,DENI6C,05,5
IF,DENIB,61.662222,129.521389, ,0.0,0.0,2,7000,0,0,0,0,0,0
TF,EE002,61.844472,129.378694,0, ,0.0,0.0,0.0,0.0,2,2950,0,0,0,0,0,0

STAR,DENI6D,23,5
IF,DENIB,61.662222,129.521389, ,0.0,0.0,2,7000,0,0,0,0,0,0
TF,EE089,61.905778,129.829500,0, ,0.0,0.0,0.0,0.0,0,0,0,0,0,0,0,0
TF,EE090,61.999694,129.949889,0, ,0.0,0.0,0.0,0.0,0,0,0,0,0,0,0,0
TF,EE084,62.178139,130.181028,0, ,0.0,0.0,0.0,0.0,2,2940,0,0,0,0,0,0

STAR,DIRO2A,05,2
IF,DIROM,61.720000,129.246667, ,0.0,0.0,2,7000,0,0,0,0,0,0
TF,D233J,61.958333,129.558333,0, ,0.0,0.0,0.0,0.0,1,2620,0,0,0,0,0,0
TF,FN05,61.991667,129.612500,0, ,0.0,0.0,0.0,0.0,1,2620,0,0,0,0,0,0

STAR,DIRO4A,23,2
IF,DIROM,61.720000,129.246667, ,0.0,0.0,2,7000,0,0,0,0,0,0
TF,D105E,62.091667,129.958333,0, ,0.0,0.0,0.0,0.0,1,2620,0,0,0,0,0,0
TF,D076J,62.176667,130.103333,0, ,0.0,0.0,0.0,0.0,1,1630,0,0,0,0,0,1
CF,D053I,62.206667,129.976667,1,UTS,54.1,8.7,277.0,2.0,1,1630,0,0,0,0,0,1
CF,CF23,62.199122,129.945058,0,UTS,50.4,6.0,232.0,2.0,1,1630,0,0,0,0,0,0

STAR,DIRO6C,05,5
IF,DIROM,61.720000,129.246667, ,0.0,0.0,2,7000,0,0,0,0,0,0
TF,EE002,61.844472,129.378694,0, ,0.0,0.0,0.0,0.0,2,2950,0,0,0,0,0,0

STAR,DIRO6D,23,5
IF,DIROM,61.720000,129.246667, ,0.0,0.0,2,7000,0,0,0,0,0,0
TF,EE090,61.999694,129.949889,0, ,0.0,0.0,0.0,0.0,0,0,0,0,0,0,0,0
TF,EE084,62.178139,130.181028,0, ,0.0,0.0,0.0,0.0,2,2940,0,0,0,0,0,0

STAR,DOBU2A,05,2
IF,DOBUS,62.301667,130.621667, ,0.0,0.0,2,7000,0,0,0,0,0,0
TF,D216L,61.905000,129.631667,0, ,0.0,0.0,0.0,0.0,1,2620,0,0,0,0,0,0
TF,D226L,61.925000,129.571667,0, ,0.0,0.0,0.0,0.0,1,2620,0,0,0,0,0,1
CF,FN05,61.991667,129.612500,2,UTS,234.8,7.9,52.0,2.0,1,2620,0,0,0,0,0,0

STAR,DOBU4A,23,2
IF,DOBUS,62.301667,130.621667, ,0.0,0.0,2,7000,0,0,0,0,0,0
TF,D053I,62.206667,129.976667,0, ,0.0,0.0,0.0,0.0,1,1630,0,0,0,0,0,1
CF,CF23,62.199122,129.945058,0,UTS,50.4,6.0,232.0,2.0,1,1630,0,0,0,0,0,0

STAR,DOBU6C,05,5
IF,DOBUS,62.301667,130.621667, ,0.0,0.0,2,7000,0,0,0,0,0,0
TF,EE020,62.169583,130.331750,0, ,0.0,0.0,0.0,0.0,0,0,0,0,0,0,0,0
TF,EE022,62.048111,130.068528,0, ,0.0,0.0,0.0,0.0,0,0,0,0,0,0,0,0
TF,EE001,61.864472,129.676556,0, ,0.0,0.0,0.0,0.0,2,2950,0,0,0,0,0,0

STAR,DOBU6D,23,5
IF,DOBUS,62.301667,130.621667, ,0.0,0.0,2,7000,0,0,0,0,0,0
TF,EE087,62.240083,130.400889,0, ,0.0,0.0,0.0,0.0,0,0,0,0,0,0,0,0
TF,EE084,62.178139,130.181028,0, ,0.0,0.0,0.0,0.0,2,2940,0,0,0,0,0,0

STAR,GIME2A,05,2
IF,GIMEK,62.518333,130.076667, ,0.0,0.0,2,7000,0,0,0,0,0,0
TF,V,62.073667,129.743528,0, ,0.0,0.0,0.0,0.0,1,2620,0,0,0,0,0,0
TF,D212K,61.918333,129.671667,0, ,0.0,0.0,0.0,0.0,1,2620,0,0,0,0,0,1
CF,D226L,61.925000,129.571667,2,UTS,227.0,11.8,322.0,2.0,1,2620,0,0,0,0,0,1
CF,FN05,61.991667,129.612500,0,UTS,234.8,7.9,52.0,3.0,1,2620,0,0,0,0,0,0

STAR,GIME4A,23,2
IF,GIMEK,62.518333,130.076667, ,0.0,0.0,2,7000,0,0,0,0,0,0
TF,D047J,62.235000,129.971667,0, ,0.0,0.0,0.0,0.0,1,2620,0,0,0,0,0,1
CF,CF23,62.199122,129.945058,0,UTS,50.4,6.0,232.0,3.0,1,1630,0,0,0,0,0,0

STAR,GIME6C,05,5
IF,GIMEK,62.518333,130.076667, ,0.0,0.0,2,7000,0,0,0,0,0,0
TF,EE018,62.402056,129.851000,0, ,0.0,0.0,0.0,0.0,0,0,0,0,0,0,0,0
TF,EE017,62.299250,129.722333,0, ,0.0,0.0,0.0,0.0,0,0,0,0,0,0,0,0
TF,EE016,62.182194,129.577083,0, ,0.0,0.0,0.0,0.0,0,0,0,0,0,0,0,0
TF,EE003,61.985139,129.335556,0, ,0.0,0.0,0.0,0.0,2,2950,0,0,0,0,0,0

STAR,GIME6D,23,5
IF,GIMEK,62.518333,130.076667, ,0.0,0.0,2,7000,0,0,0,0,0,0
TF,EE091,62.425722,130.072500,0, ,0.0,0.0,0.0,0.0,0,0,0,0,0,0,0,0
TF,EE083,62.319000,130.139833,0, ,0.0,0.0,0.0,0.0,2,2940,0,0,0,0,0,0

STAR,GOBO2A,05,2
IF,GOBON,62.542222,129.746389, ,0.0,0.0,2,7000,0,0,0,0,0,0
TF,V,62.073667,129.743528,0, ,0.0,0.0,0.0,0.0,1,2620,0,0,0,0,0,0
TF,D212K,61.918333,129.671667,0, ,0.0,0.0,0.0,0.0,1,2620,0,0,0,0,0,1
CF,D226L,61.925000,129.571667,2,UTS,227.0,11.8,322.0,2.0,1,2620,0,0,0,0,0,1
CF,FN05,61.991667,129.612500,0,UTS,234.8,7.9,52.0,3.0,1,2620,0,0,0,0,0,0

STAR,GOBO4A,23,2
IF,GOBON,62.542222,129.746389, ,0.0,0.0,2,7000,0,0,0,0,0,0
TF,D043K,62.258333,129.965000,0, ,0.0,0.0,0.0,0.0,1,2620,0,0,0,0,0,0
TF,D047J,62.235000,129.971667,0, ,0.0,0.0,0.0,0.0,1,2620,0,0,0,0,0,1
CF,CF23,62.199122,129.945058,0,UTS,50.4,6.0,232.0,3.0,1,1630,0,0,0,0,0,0

STAR,GOBO6C,05,5
IF,GOBON,62.542222,129.746389, ,0.0,0.0,2,7000,0,0,0,0,0,0
TF,EE017,62.299250,129.722333,0, ,0.0,0.0,0.0,0.0,0,0,0,0,0,0,0,0
TF,EE016,62.182194,129.577083,0, ,0.0,0.0,0.0,0.0,0,0,0,0,0,0,0,0
TF,EE003,61.985139,129.335556,0, ,0.0,0.0,0.0,0.0,2,2950,0,0,0,0,0,0

STAR,GOBO6D,23,5
IF,GOBON,62.542222,129.746389, ,0.0,0.0,2,7000,0,0,0,0,0,0
TF,EE092,62.462861,129.776250,0, ,0.0,0.0,0.0,0.0,0,0,0,0,0,0,0,0
TF,EE082,62.299417,129.837250,0, ,0.0,0.0,0.0,0.0,2,2940,0,0,0,0,0,0

STAR,IDES2A,05,2
IF,IDESA,62.471667,130.290000, ,0.0,0.0,2,7000,0,0,0,0,0,0
TF,V,62.073667,129.743528,0, ,0.0,0.0,0.0,0.0,1,2620,0,0,0,0,0,0
TF,D212K,61.918333,129.671667,0, ,0.0,0.0,0.0,0.0,1,2620,0,0,0,0,0,1
CF,D226L,61.925000,129.571667,2,UTS,227.0,11.8,322.0,2.0,1,2620,0,0,0,0,0,1
CF,FN05,61.991667,129.612500,0,UTS,234.8,7.9,52.0,3.0,1,2620,0,0,0,0,0,0

STAR,IDES4A,23,2
IF,IDESA,62.471667,130.290000, ,0.0,0.0,2,7000,0,0,0,0,0,0
TF,D050I,62.211667,129.963333,0, ,0.0,0.0,0.0,0.0,1,2620,0,0,0,0,0,0
TF,CF23,62.199122,129.945058,0, ,0.0,0.0,0.0,0.0,1,1630,0,0,0,0,0,0

STAR,IDES6C,05,5
IF,IDESA,62.471667,130.290000, ,0.0,0.0,2,7000,0,0,0,0,0,0
TF,EE019,62.389222,130.016778,0, ,0.0,0.0,0.0,0.0,0,0,0,0,0,0,0,0
TF,EE017,62.299250,129.722333,0, ,0.0,0.0,0.0,0.0,0,0,0,0,0,0,0,0
TF,EE016,62.182194,129.577083,0, ,0.0,0.0,0.0,0.0,0,0,0,0,0,0,0,0
TF,EE003,61.985139,129.335556,0, ,0.0,0.0,0.0,0.0,2,2950,0,0,0,0,0,0

STAR,IDES6D,23,5
IF,IDESA,62.471667,130.290000, ,0.0,0.0,2,7000,0,0,0,0,0,0
TF,EE093,62.402056,130.158722,0, ,0.0,0.0,0.0,0.0,0,0,0,0,0,0,0,0
TF,EE083,62.319000,130.139833,0, ,0.0,0.0,0.0,0.0,2,2940,0,0,0,0,0,0

STAR,KUTE2A,05,2
IF,KUTEG,62.045000,130.721667, ,0.0,0.0,2,7000,0,0,0,0,0,0
TF,D216L,61.905000,129.631667,0, ,0.0,0.0,0.0,0.0,1,2620,0,0,0,0,0,0
TF,D226L,61.925000,129.571667,0, ,0.0,0.0,0.0,0.0,1,2620,0,0,0,0,0,1
CF,FN05,61.991667,129.612500,2,UTS,234.8,7.9,52.0,2.0,1,2620,0,0,0,0,0,0

STAR,KUTE4A,23,2
IF,KUTEG,62.045000,130.721667, ,0.0,0.0,2,7000,0,0,0,0,0,0
TF,D066K,62.208333,130.093333,0, ,0.0,0.0,0.0,0.0,1,1630,0,0,0,0,0,1
CF,D053I,62.206667,129.976667,0,UTS,54.1,8.7,277.0,3.0,1,1630,0,0,0,0,0,1
CF,CF23,62.199122,129.945058,0,UTS,50.4,6.0,232.0,2.0,1,1630,0,0,0,0,0,0

STAR,KUTE6C,05,5
IF,KUTEG,62.045000,130.721667, ,0.0,0.0,2,7000,0,0,0,0,0,0
TF,EE021,62.046556,130.470639,0, ,0.0,0.0,0.0,0.0,0,0,0,0,0,0,0,0
TF,EE022,62.048111,130.068528,0, ,0.0,0.0,0.0,0.0,0,0,0,0,0,0,0,0
TF,EE001,61.864472,129.676556,0, ,0.0,0.0,0.0,0.0,2,2950,0,0,0,0,0,0

STAR,KUTE6D,23,5
IF,KUTEG,62.045000,130.721667, ,0.0,0.0,2,7000,0,0,0,0,0,0
TF,EE088,62.103722,130.484806,0, ,0.0,0.0,0.0,0.0,0,0,0,0,0,0,0,0
TF,EE084,62.178139,130.181028,0, ,0.0,0.0,0.0,0.0,2,2940,0,0,0,0,0,0

STAR,LEPR2A,05,2
IF,LEPRI,61.961667,128.860000, ,0.0,0.0,2,7000,0,0,0,0,0,0
TF,D238K,61.955000,129.508333,0, ,0.0,0.0,0.0,0.0,1,2620,0,0,0,0,0,0
CF,FN05,61.991667,129.612500,0,UTS,234.8,7.9,52.0,2.0,1,2620,0,0,0,0,0,0

STAR,LEPR4A,23,2
IF,LEPRI,61.961667,128.860000, ,0.0,0.0,2,7000,0,0,0,0,0,0
TF,D031K,62.270000,129.893333,0, ,0.0,0.0,0.0,0.0,1,2620,0,0,0,0,0,1
CF,D047J,62.235000,129.971667,2,UTS,47.5,10.1,187.0,2.0,1,2620,0,0,0,0,0,1
CF,CF23,62.199122,129.945058,0,UTS,50.4,6.0,232.0,3.0,1,1630,0,0,0,0,0,0

STAR,LEPR4B,23,2
IF,LEPRI,61.961667,128.860000, ,0.0,0.0,2,7000,0,0,0,0,0,0
TF,BS,62.235278,129.816667,0, ,0.0,0.0,0.0,0.0,0,0,0,0,0,0,0,0
TF,D027E,62.208333,129.873333,0, ,0.0,0.0,0.0,0.0,1,1630,0,0,0,0,0,1
CF,CF23,62.199122,129.945058,0,UTS,50.4,6.0,232.0,1.0,1,1630,0,0,0,0,0,0

STAR,LEPR6C,05,5
IF,LEPRI,61.961667,128.860000, ,0.0,0.0,2,6000,0,0,0,0,0,0
TF,EE025,61.973750,129.100694,0, ,0.0,0.0,0.0,0.0,0,0,0,0,0,0,0,0
TF,EE003,61.985139,129.335556,0, ,0.0,0.0,0.0,0.0,2,2950,0,0,0,0,0,0

STAR,LEPR6D,23,5
IF,LEPRI,61.961667,128.860000, ,0.0,0.0,2,6000,0,0,0,0,0,0
TF,EE047,62.003306,129.364500,0, ,0.0,0.0,0.0,0.0,0,0,0,0,0,0,0,0
TF,EE082,62.299417,129.837250,0, ,0.0,0.0,0.0,0.0,2,2940,0,0,0,0,0,0

STAR,NENA2A,05,2
IF,NENAL,62.378333,130.513333, ,0.0,0.0,2,7000,0,0,0,0,0,0
TF,V,62.073667,129.743528,0, ,0.0,0.0,0.0,0.0,1,2620,0,0,0,0,0,0
TF,D212K,61.918333,129.671667,0, ,0.0,0.0,0.0,0.0,1,2620,0,0,0,0,0,1
CF,D226L,61.925000,129.571667,2,UTS,227.0,11.8,322.0,2.0,1,2620,0,0,0,0,0,1
CF,FN05,61.991667,129.612500,0,UTS,234.8,7.9,52.0,3.0,1,2620,0,0,0,0,0,0

STAR,NENA4A,23,2
IF,NENAL,62.378333,130.513333, ,0.0,0.0,2,7000,0,0,0,0,0,0
TF,D050I,62.211667,129.963333,0, ,0.0,0.0,0.0,0.0,1,1630,0,0,0,0,0,0
TF,CF23,62.199122,129.945058,0, ,0.0,0.0,0.0,0.0,1,1630,0,0,0,0,0,0

STAR,NENA6C,05,5
IF,NENAL,62.378333,130.513333, ,0.0,0.0,2,7000,0,0,0,0,0,0
TF,EE020,62.169583,130.331750,0, ,0.0,0.0,0.0,0.0,0,0,0,0,0,0,0,0
TF,EE022,62.048111,130.068528,0, ,0.0,0.0,0.0,0.0,0,0,0,0,0,0,0,0
TF,EE001,61.864472,129.676556,0, ,0.0,0.0,0.0,0.0,2,2950,0,0,0,0,0,0

STAR,NENA6D,23,5
IF,NENAL,62.378333,130.513333, ,0.0,0.0,2,7000,0,0,0,0,0,0
TF,EE083,62.319000,130.139833,0, ,0.0,0.0,0.0,0.0,2,2940,0,0,0,0,0,0

STAR,NIBE6C,05,5
IF,NIBES,62.360556,129.001111, ,0.0,0.0,2,7000,0,0,0,0,0,0
TF,EE027,62.213361,128.968444,0, ,0.0,0.0,0.0,0.0,0,0,0,0,0,0,0,0
TF,EE026,62.097389,129.031667,0, ,0.0,0.0,0.0,0.0,0,0,0,0,0,0,0,0
TF,EE003,61.985139,129.335556,0, ,0.0,0.0,0.0,0.0,2,2950,0,0,0,0,0,0

STAR,NIBE6D,23,5
IF,NIBES,62.360556,129.001111, ,0.0,0.0,2,7000,0,0,0,0,0,0
TF,EE086,62.301222,129.406917,0, ,0.0,0.0,0.0,0.0,0,0,0,0,0,0,0,0
TF,EE082,62.299417,129.837250,0, ,0.0,0.0,0.0,0.0,2,2940,0,0,0,0,0,0

STAR,OGLI2A,05,2
IF,OGLIS,61.648333,129.900000, ,0.0,0.0,2,7000,0,0,0,0,0,0
TF,D229L,61.931667,129.556667,0, ,0.0,0.0,0.0,0.0,1,2620,0,0,0,0,0,1
CF,FN05,61.991667,129.612500,0,UTS,234.8,7.9,52.0,3.0,1,2620,0,0,0,0,0,0

STAR,OGLI4A,23,2
IF,OGLIS,61.648333,129.900000, ,0.0,0.0,2,7000,0,0,0,0,0,0
TF,D073K,62.186667,130.111667,0, ,0.0,0.0,0.0,0.0,1,1630,0,0,0,0,0,1
CF,D053I,62.206667,129.976667,1,UTS,54.1,8.7,277.0,2.0,1,1630,0,0,0,0,0,1
CF,CF23,62.199122,129.945058,0,UTS,50.4,6.0,232.0,2.0,1,1630,0,0,0,0,0,0

STAR,OGLI6C,05,5
IF,OGLIS,61.648333,129.900000, ,0.0,0.0,2,7000,0,0,0,0,0,0
TF,EE001,61.864472,129.676556,0, ,0.0,0.0,0.0,0.0,2,2950,0,0,0,0,0,0

STAR,OGLI6D,23,5
IF,OGLIS,61.648333,129.900000, ,0.0,0.0,2,7000,0,0,0,0,0,0
TF,EE089,61.905778,129.829500,0, ,0.0,0.0,0.0,0.0,0,0,0,0,0,0,0,0
TF,EE090,61.999694,129.949889,0, ,0.0,0.0,0.0,0.0,0,0,0,0,0,0,0,0
TF,EE084,62.178139,130.181028,0, ,0.0,0.0,0.0,0.0,2,2940,0,0,0,0,0,0

STAR,OKSI2A,05,2
IF,OKSIN,61.895000,128.916667, ,0.0,0.0,2,7000,0,0,0,0,0,0
TF,D238K,61.955000,129.508333,0, ,0.0,0.0,0.0,0.0,1,2620,0,0,0,0,0,1
CF,FN05,61.991667,129.612500,0,UTS,234.8,7.9,52.0,2.0,1,2620,0,0,0,0,0,0

STAR,OKSI4A,23,2
IF,OKSIN,61.895000,128.916667, ,0.0,0.0,2,7000,0,0,0,0,0,0
TF,D031K,62.270000,129.893333,0, ,0.0,0.0,0.0,0.0,1,2620,0,0,0,0,0,1
CF,D047J,62.235000,129.971667,2,UTS,47.5,10.1,187.0,2.0,1,2620,0,0,0,0,0,1
CF,CF23,62.199122,129.945058,0,UTS,50.4,6.0,232.0,3.0,1,1630,0,0,0,0,0,0

STAR,OKSI4B,23,2
IF,OKSIN,61.895000,128.916667, ,0.0,0.0,2,7000,0,0,0,0,0,0
TF,BS,62.235278,129.816667,0, ,0.0,0.0,0.0,0.0,0,0,0,0,0,0,0,0
TF,D027E,62.208333,129.873333,0, ,0.0,0.0,0.0,0.0,1,1630,0,0,0,0,0,1
CF,CF23,62.199122,129.945058,0,UTS,50.4,6.0,232.0,1.0,1,1630,0,0,0,0,0,0

STAR,OKSI6C,05,5
IF,OKSIN,61.895000,128.916667, ,0.0,0.0,2,6000,0,0,0,0,0,0
TF,EE003,61.985139,129.335556,0, ,0.0,0.0,0.0,0.0,2,2950,0,0,0,0,0,0

STAR,OKSI6D,23,5
IF,OKSIN,61.895000,128.916667, ,0.0,0.0,2,6000,0,0,0,0,0,0
TF,EE047,62.003306,129.364500,0, ,0.0,0.0,0.0,0.0,0,0,0,0,0,0,0,0
TF,EE082,62.299417,129.837250,0, ,0.0,0.0,0.0,0.0,2,2940,0,0,0,0,0,0

STAR,OKTU2A,05,2
IF,OKTUR,61.831667,130.543333, ,0.0,0.0,2,7000,0,0,0,0,0,0
TF,D216L,61.905000,129.631667,0, ,0.0,0.0,0.0,0.0,1,2620,0,0,0,0,0,0
TF,D226L,61.925000,129.571667,0, ,0.0,0.0,0.0,0.0,1,2620,0,0,0,0,0,1
CF,FN05,61.991667,129.612500,2,UTS,234.8,7.9,52.0,2.0,1,2620,0,0,0,0,0,0

STAR,OKTU4A,23,2
IF,OKTUR,61.831667,130.543333, ,0.0,0.0,2,7000,0,0,0,0,0,0
TF,D073K,62.186667,130.111667,0, ,0.0,0.0,0.0,0.0,1,1630,0,0,0,0,0,1
CF,D053I,62.206667,129.976667,0,UTS,54.1,8.7,277.0,3.0,1,1630,0,0,0,0,0,1
CF,CF23,62.199122,129.945058,0,UTS,50.4,6.0,232.0,2.0,1,1630,0,0,0,0,0,0

STAR,OKTU6C,05,5
IF,OKTUR,61.831667,130.543333, ,0.0,0.0,2,7000,0,0,0,0,0,0
TF,EE001,61.864472,129.676556,0, ,0.0,0.0,0.0,0.0,3,2950,0,0,0,0,0,0

STAR,OKTU6D,23,5
IF,OKTUR,61.831667,130.543333, ,0.0,0.0,2,7000,0,0,0,0,0,0
TF,EE084,62.178139,130.181028,0, ,0.0,0.0,0.0,0.0,2,2940,0,0,0,0,0,0

STAR,REDK2A,05,2
IF,REDKA,62.301667,128.920000, ,0.0,0.0,2,7000,0,0,0,0,0,0
TF,D242L,61.958333,129.480000,0, ,0.0,0.0,0.0,0.0,1,2620,0,0,0,0,0,1
CF,FN05,61.991667,129.612500,1,UTS,234.8,7.9,52.0,2.0,1,2620,0,0,0,0,0,0

STAR,REDK4A,23,2
IF,REDKA,62.301667,128.920000, ,0.0,0.0,2,7000,0,0,0,0,0,0
TF,D033L,62.273333,129.911667,0, ,0.0,0.0,0.0,0.0,1,2620,0,0,0,0,0,1
CF,D047J,62.235000,129.971667,0,UTS,47.5,10.1,187.0,2.0,1,2620,0,0,0,0,0,1
CF,CF23,62.199122,129.945058,0,UTS,50.4,6.0,232.0,3.0,1,1630,0,0,0,0,0,0

STAR,REDK4B,23,2
IF,REDKA,62.301667,128.920000, ,0.0,0.0,2,7000,0,0,0,0,0,0
TF,BS,62.235278,129.816667,0, ,0.0,0.0,0.0,0.0,0,0,0,0,0,0,0,0
TF,D027E,62.208333,129.873333,0, ,0.0,0.0,0.0,0.0,1,1630,0,0,0,0,0,1
CF,CF23,62.199122,129.945058,0,UTS,50.4,6.0,232.0,1.0,1,1630,0,0,0,0,0,0

STAR,REDK6C,05,5
IF,REDKA,62.301667,128.920000, ,0.0,0.0,2,6000,0,0,0,0,0,0
TF,EE027,62.213361,128.968444,0, ,0.0,0.0,0.0,0.0,0,0,0,0,0,0,0,0
TF,EE026,62.097389,129.031667,0, ,0.0,0.0,0.0,0.0,0,0,0,0,0,0,0,0
TF,EE003,61.985139,129.335556,0, ,0.0,0.0,0.0,0.0,2,2950,0,0,0,0,0,0

STAR,REDK6D,23,5
IF,REDKA,62.301667,128.920000, ,0.0,0.0,2,6000,0,0,0,0,0,0
TF,EE085,62.301667,129.160361,0, ,0.0,0.0,0.0,0.0,0,0,0,0,0,0,0,0
TF,EE086,62.301222,129.406917,0, ,0.0,0.0,0.0,0.0,0,0,0,0,0,0,0,0
TF,EE082,62.299417,129.837250,0, ,0.0,0.0,0.0,0.0,2,2940,0,0,0,0,0,0

STAR,RUTI2A,05,2
IF,RUTIK,62.056667,128.820000, ,0.0,0.0,2,7000,0,0,0,0,0,0
TF,D242L,61.958333,129.480000,0, ,0.0,0.0,0.0,0.0,1,2620,0,0,0,0,0,1
CF,FN05,61.991667,129.612500,0,UTS,234.8,7.9,52.0,3.0,1,2620,0,0,0,0,0,0

STAR,RUTI4A,23,2
IF,RUTIK,62.056667,128.820000, ,0.0,0.0,2,7000,0,0,0,0,0,0
TF,D031K,62.270000,129.893333,0, ,0.0,0.0,0.0,0.0,1,2620,0,0,0,0,0,1
CF,D047J,62.235000,129.971667,2,UTS,47.5,10.1,187.0,1.0,1,2620,0,0,0,0,0,1
CF,CF23,62.199122,129.945058,0,UTS,50.4,6.0,232.0,3.0,1,1630,0,0,0,0,0,0

STAR,RUTI4B,23,2
IF,RUTIK,62.056667,128.820000, ,0.0,0.0,2,7000,0,0,0,0,0,0
TF,BS,62.235278,129.816667,0, ,0.0,0.0,0.0,0.0,0,0,0,0,0,0,0,0
TF,D027E,62.208333,129.873333,0, ,0.0,0.0,0.0,0.0,1,1630,0,0,0,0,0,1
CF,CF23,62.199122,129.945058,0,UTS,50.4,6.0,232.0,1.0,1,1630,0,0,0,0,0,0

STAR,RUTI6C,05,5
IF,RUTIK,62.056667,128.820000, ,0.0,0.0,2,7000,0,0,0,0,0,0
TF,EE025,61.973750,129.100694,0, ,0.0,0.0,0.0,0.0,0,0,0,0,0,0,0,0
TF,EE003,61.985139,129.335556,0, ,0.0,0.0,0.0,0.0,2,2950,0,0,0,0,0,0

STAR,RUTI6D,23,5
IF,RUTIK,62.056667,128.820000, ,0.0,0.0,2,7000,0,0,0,0,0,0
TF,EE047,62.003306,129.364500,0, ,0.0,0.0,0.0,0.0,0,0,0,0,0,0,0,0
TF,EE082,62.299417,129.837250,0, ,0.0,0.0,0.0,0.0,2,2940,0,0,0,0,0,0

STAR,SORI2A,05,2
IF,SORIP,62.526667,130.008333, ,0.0,0.0,2,7000,0,0,0,0,0,0
TF,V,62.073667,129.743528,0, ,0.0,0.0,0.0,0.0,1,2620,0,0,0,0,0,0
TF,D212K,61.918333,129.671667,0, ,0.0,0.0,0.0,0.0,1,2620,0,0,0,0,0,1
CF,D226L,61.925000,129.571667,2,UTS,227.0,11.8,322.0,2.0,1,2620,0,0,0,0,0,1
CF,FN05,61.991667,129.612500,0,UTS,234.8,7.9,52.0,3.0,1,2620,0,0,0,0,0,0

STAR,SORI4A,23,2
IF,SORIP,62.526667,130.008333, ,0.0,0.0,2,7000,0,0,0,0,0,0
TF,D047J,62.235000,129.971667,0, ,0.0,0.0,0.0,0.0,1,2620,0,0,0,0,0,1
CF,CF23,62.199122,129.945058,0,UTS,50.4,6.0,232.0,3.0,1,1630,0,0,0,0,0,0

STAR,SORI6C,05,5
IF,SORIP,62.526667,130.008333, ,0.0,0.0,2,7000,0,0,0,0,0,0
TF,EE018,62.402056,129.851000,0, ,0.0,0.0,0.0,0.0,0,0,0,0,0,0,0,0
TF,EE017,62.299250,129.722333,0, ,0.0,0.0,0.0,0.0,0,0,0,0,0,0,0,0
TF,EE016,62.182194,129.577083,0, ,0.0,0.0,0.0,0.0,0,0,0,0,0,0,0,0
TF,EE003,61.985139,129.335556,0, ,0.0,0.0,0.0,0.0,2,2950,0,0,0,0,0,0

STAR,SORI6D,23,5
IF,SORIP,62.526667,130.008333, ,0.0,0.0,2,7000,0,0,0,0,0,0
TF,EE091,62.425722,130.072500,0, ,0.0,0.0,0.0,0.0,0,0,0,0,0,0,0,0
TF,EE083,62.319000,130.139833,0, ,0.0,0.0,0.0,0.0,2,2940,0,0,0,0,0,0

STAR,TEGM2A,05,2
IF,TEGMA,62.486667,129.308333, ,0.0,0.0,2,7000,0,0,0,0,0,0
TF,V,62.073667,129.743528,0, ,0.0,0.0,0.0,0.0,1,2620,0,0,0,0,0,0
TF,D212K,61.918333,129.671667,0, ,0.0,0.0,0.0,0.0,1,2620,0,0,0,0,0,1
CF,D226L,61.925000,129.571667,2,UTS,227.0,11.8,322.0,2.0,1,2620,0,0,0,0,0,1
CF,FN05,61.991667,129.612500,0,UTS,234.8,7.9,52.0,3.0,1,2620,0,0,0,0,0,0

STAR,TEGM4A,23,2
IF,TEGMA,62.486667,129.308333, ,0.0,0.0,2,7000,0,0,0,0,0,0
TF,D039L,62.268333,129.950000,0, ,0.0,0.0,0.0,0.0,1,2620,0,0,0,0,0,1
CF,D047J,62.235000,129.971667,0,UTS,47.5,10.1,187.0,2.0,1,2620,0,0,0,0,0,1
CF,CF23,62.199122,129.945058,0,UTS,50.4,6.0,232.0,3.0,1,1630,0,0,0,0,0,0

STAR,TEGM4B,23,2
IF,TEGMA,62.486667,129.308333, ,0.0,0.0,2,7000,0,0,0,0,0,0
TF,BS,62.235278,129.816667,0, ,0.0,0.0,0.0,0.0,0,0,0,0,0,0,0,0
TF,D027E,62.208333,129.873333,0, ,0.0,0.0,0.0,0.0,1,1630,0,0,0,0,0,1
CF,CF23,62.199122,129.945058,0,UTS,50.4,6.0,232.0,1.0,1,1630,0,0,0,0,0,0

STAR,TEGM6C,05,5
IF,TEGMA,62.486667,129.308333, ,0.0,0.0,2,6000,0,0,0,0,0,0
TF,EE016,62.182194,129.577083,0, ,0.0,0.0,0.0,0.0,0,0,0,0,0,0,0,0
TF,EE003,61.985139,129.335556,0, ,0.0,0.0,0.0,0.0,2,2950,0,0,0,0,0,0

STAR,TEGM6D,23,5
IF,TEGMA,62.486667,129.308333, ,0.0,0.0,2,6000,0,0,0,0,0,0
TF,EE082,62.299417,129.837250,0, ,0.0,0.0,0.0,0.0,2,2940,0,0,0,0,0,0

STAR,TEKD2A,05,2
IF,TEKDI,62.495000,130.180000, ,0.0,0.0,2,7000,0,0,0,0,0,0
TF,V,62.073667,129.743528,0, ,0.0,0.0,0.0,0.0,1,2620,0,0,0,0,0,0
TF,D212K,61.918333,129.671667,0, ,0.0,0.0,0.0,0.0,1,2620,0,0,0,0,0,1
CF,D226L,61.925000,129.571667,2,UTS,227.0,11.8,322.0,2.0,1,2620,0,0,0,0,0,1
CF,FN05,61.991667,129.612500,0,UTS,234.8,7.9,52.0,3.0,1,2620,0,0,0,0,0,0

STAR,TEKD4A,23,2
IF,TEKDI,62.495000,130.180000, ,0.0,0.0,2,7000,0,0,0,0,0,0
TF,D050I,62.211667,129.963333,0, ,0.0,0.0,0.0,0.0,1,2620,0,0,0,0,0,0
TF,CF23,62.199122,129.945058,0, ,0.0,0.0,0.0,0.0,1,1630,0,0,0,0,0,0

STAR,TEKD6C,05,5
IF,TEKDI,62.495000,130.180000, ,0.0,0.0,2,7000,0,0,0,0,0,0
TF,EE019,62.389222,130.016778,0, ,0.0,0.0,0.0,0.0,0,0,0,0,0,0,0,0
TF,EE017,62.299250,129.722333,0, ,0.0,0.0,0.0,0.0,0,0,0,0,0,0,0,0
TF,EE016,62.182194,129.577083,0, ,0.0,0.0,0.0,0.0,0,0,0,0,0,0,0,0
TF,EE003,61.985139,129.335556,0, ,0.0,0.0,0.0,0.0,2,2950,0,0,0,0,0,0

STAR,TEKD6D,23,5
IF,TEKDI,62.495000,130.180000, ,0.0,0.0,2,7000,0,0,0,0,0,0
TF,EE093,62.402056,130.158722,0, ,0.0,0.0,0.0,0.0,0,0,0,0,0,0,0,0
TF,EE083,62.319000,130.139833,0, ,0.0,0.0,0.0,0.0,2,2940,0,0,0,0,0,0

STAR,TURO2A,05,2
IF,TUROP,62.541667,129.811667, ,0.0,0.0,2,7000,0,0,0,0,0,0
TF,V,62.073667,129.743528,0, ,0.0,0.0,0.0,0.0,1,2620,0,0,0,0,0,0
TF,D212K,61.918333,129.671667,0, ,0.0,0.0,0.0,0.0,1,2620,0,0,0,0,0,1
CF,D226L,61.925000,129.571667,2,UTS,227.0,11.8,322.0,2.0,1,2620,0,0,0,0,0,1
CF,FN05,61.991667,129.612500,0,UTS,234.8,7.9,52.0,3.0,1,2620,0,0,0,0,0,0

STAR,TURO4A,23,2
IF,TUROP,62.541667,129.811667, ,0.0,0.0,2,7000,0,0,0,0,0,0
TF,D043K,62.258333,129.965000,0, ,0.0,0.0,0.0,0.0,1,2620,0,0,0,0,0,0
TF,D047J,62.235000,129.971667,0, ,0.0,0.0,0.0,0.0,1,2620,0,0,0,0,0,1
CF,CF23,62.199122,129.945058,0,UTS,50.4,6.0,232.0,3.0,1,1630,0,0,0,0,0,0

STAR,TURO6C,05,5
IF,TUROP,62.541667,129.811667, ,0.0,0.0,2,7000,0,0,0,0,0,0
TF,EE018,62.402056,129.851000,0, ,0.0,0.0,0.0,0.0,0,0,0,0,0,0,0,0
TF,EE017,62.299250,129.722333,0, ,0.0,0.0,0.0,0.0,0,0,0,0,0,0,0,0
TF,EE016,62.182194,129.577083,0, ,0.0,0.0,0.0,0.0,0,0,0,0,0,0,0,0
TF,EE003,61.985139,129.335556,0, ,0.0,0.0,0.0,0.0,2,2950,0,0,0,0,0,0

STAR,TURO6D,23,5
IF,TUROP,62.541667,129.811667, ,0.0,0.0,2,7000,0,0,0,0,0,0
TF,EE092,62.462861,129.776250,0, ,0.0,0.0,0.0,0.0,0,0,0,0,0,0,0,0
TF,EE082,62.299417,129.837250,0, ,0.0,0.0,0.0,0.0,2,2940,0,0,0,0,0,0

FINAL,I23,23,I,3
IF,CF23,62.199122,129.945058,IMF,52.9,9.4,1,1960,0,0,0,0,0,0
CF,FF23,62.172500,129.902222,0,IMF,52.9,7.4,233.0,2.0,1,1960,0,0,0,0,2,0
CF,RW23,62.106219,129.795611,0,IMF,52.9,2.4,233.0,5.0,1,370,0,0,0,0,3,0
CA,0,233.0,2,2290,0,0,0,0,0,0
VM,0,0,1,53.0,1,2620,0,0,0,0,0,0

APPTR,J05,05,EE001
IF,EE001,61.864472,129.676556, ,0.0,0.0,2,2950,0,0,0,0,1,0
TF,EE004,61.924917,129.506389,0,G05A,0.0,0.0,0.0,0.0,2,2950,0,0,0,0,1,0

APPTR,J05,05,EE002
IF,EE002,61.844472,129.378694, ,0.0,0.0,2,2950,0,0,0,0,1,0
TF,EE004,61.924917,129.506389,0,G05A,0.0,0.0,0.0,0.0,2,2950,0,0,0,0,1,0

APPTR,J05,05,EE003
IF,EE003,61.985139,129.335556, ,0.0,0.0,2,2950,0,0,0,0,1,0
TF,EE004,61.924917,129.506389,0,G05A,0.0,0.0,0.0,0.0,2,2950,0,0,0,0,1,0

FINAL,J05,05,G,3
IF,EE004,61.924917,129.506389,G05A,0.0,0.0,2,2950,0,0,0,0,0,0
TF,EE079,61.992444,129.614056,0,G05A,0.0,0.0,53.0,5.1,1,2620,0,0,0,0,2,0
TF,RW05,62.080386,129.754242,0,G05A,0.0,0.0,53.0,6.6,1,372,0,0,0,0,3,1
CA,0,53.0,2,1640,0,0,0,0,0,0
DF,EE008,61.931778,129.784444,2, ,0.0,0.0,0,0,0,0,0,0,0,0
TF,EE001,61.864472,129.676556,0, ,0.0,0.0,0.0,0.0,2,2950,0,0,0,0,0,0

APPTR,J23,23,EE082
IF,EE082,62.299417,129.837250, ,0.0,0.0,2,2940,0,0,0,0,1,0
TF,EE081,62.238889,130.009500,0,G23A,0.0,0.0,0.0,0.0,2,2780,0,0,0,0,1,0

APPTR,J23,23,EE083
IF,EE083,62.319000,130.139833, ,0.0,0.0,2,2940,0,0,0,0,1,0
TF,EE081,62.238889,130.009500,0,G23A,0.0,0.0,0.0,0.0,2,2780,0,0,0,0,1,0

APPTR,J23,23,EE084
IF,EE084,62.178139,130.181028, ,0.0,0.0,2,2940,0,0,0,0,1,0
TF,EE081,62.238889,130.009500,0,G23A,0.0,0.0,0.0,0.0,2,2780,0,0,0,0,1,0

FINAL,J23,23,G,3
IF,EE081,62.238889,130.009500,G23A,0.0,0.0,2,2780,0,0,0,0,0,0
TF,EE080,62.174417,129.905250,0,G23A,0.0,0.0,233.0,4.9,1,1960,0,0,0,0,2,0
TF,RW23,62.106219,129.795611,0,G23A,0.0,0.0,233.0,5.1,1,370,0,0,0,0,3,1
CA,0,233.0,2,1800,0,1,220,0,0,0
DF,EE073,62.114806,130.077778,1, ,0.0,0.0,0,0,0,0,0,0,0,0
TF,EE084,62.178139,130.181028,0, ,0.0,0.0,0.0,0.0,2,2940,0,0,0,0,0,0

FINAL,N05,05,N,3
IF,FN05,61.991667,129.612500,VD,0.0,0.0,1,2620,0,0,0,0,2,0
CF,VD,62.053333,129.710917,0,VD,0.0,0.0,53.0,4.6,1,1060,0,0,0,0,0,0
CF,MN05,62.062969,129.726394,0,VD,0.0,0.0,53.0,0.7,1,813,0,0,0,0,3,0
CA,0,53.0,2,980,0,0,0,0,0,0
VM,0,0,2,233.0,1,2620,0,0,0,0,0,0

FINAL,N23,23,N,4
IF,CF23,62.199122,129.945058,MF,0.0,0.0,1,1960,0,0,0,0,0,0
CF,FF23,62.172500,129.902222,0,MF,0.0,0.0,233.0,2.0,1,1960,0,0,0,0,2,0
CF,MF,62.134056,129.840778,0,MF,0.0,0.0,233.0,2.9,1,1040,0,0,0,0,0,0
CF,MN23,62.118342,129.815497,0,MF,0.0,0.0,233.0,1.2,1,663,0,0,0,0,3,0
CA,0,233.0,2,2290,0,0,0,0,0,0
VM,0,0,1,53.0,1,2620,0,0,0,0,0,0

APPTR,R05,05,EE001
IF,EE001,61.864472,129.676556, ,0.0,0.0,2,2950,0,0,0,0,1,0
TF,EE004,61.924917,129.506389,0, ,0.0,0.0,0.0,0.0,2,2950,0,0,0,0,1,0

APPTR,R05,05,EE002
IF,EE002,61.844472,129.378694, ,0.0,0.0,2,2950,0,0,0,0,1,0
TF,EE004,61.924917,129.506389,0, ,0.0,0.0,0.0,0.0,2,2950,0,0,0,0,1,0

APPTR,R05,05,EE003
IF,EE003,61.985139,129.335556, ,0.0,0.0,2,2950,0,0,0,0,1,0
TF,EE004,61.924917,129.506389,0, ,0.0,0.0,0.0,0.0,2,2950,0,0,0,0,1,0

FINAL,R05,05,R,3
IF,EE004,61.924917,129.506389, ,0.0,0.0,2,2950,0,0,0,0,0,0
TF,EE079,61.992444,129.614056,0, ,0.0,0.0,53.0,5.1,1,2620,0,0,0,0,2,0
TF,RW05,62.080386,129.754242,0, ,0.0,0.0,53.0,6.6,1,371,0,0,0,0,3,1
CA,0,53.0,2,1640,0,0,0,0,0,0
DF,EE008,61.931778,129.784444,2, ,0.0,0.0,0,0,0,0,0,0,0,0
TF,EE001,61.864472,129.676556,0, ,0.0,0.0,0.0,0.0,2,2950,0,0,0,0,0,0

APPTR,R23,23,EE082
IF,EE082,62.299417,129.837250, ,0.0,0.0,2,2940,0,0,0,0,1,0
TF,EE081,62.238889,130.009500,0, ,0.0,0.0,0.0,0.0,2,2780,0,0,0,0,1,0

APPTR,R23,23,EE083
IF,EE083,62.319000,130.139833, ,0.0,0.0,2,2940,0,0,0,0,1,0
TF,EE081,62.238889,130.009500,0, ,0.0,0.0,0.0,0.0,2,2780,0,0,0,0,1,0

APPTR,R23,23,EE084
IF,EE084,62.178139,130.181028, ,0.0,0.0,2,2940,0,0,0,0,1,0
TF,EE081,62.238889,130.009500,0, ,0.0,0.0,0.0,0.0,2,2780,0,0,0,0,1,0

FINAL,R23,23,R,3
IF,EE081,62.238889,130.009500, ,0.0,0.0,2,2780,0,0,0,0,0,0
TF,EE080,62.174417,129.905250,0, ,0.0,0.0,233.0,4.9,1,1960,0,0,0,0,2,0
TF,EE064,62.118639,129.815528,0, ,0.0,0.0,233.0,4.2,1,663,0,0,0,0,3,1
CA,0,233.0,2,1800,0,1,220,0,0,0
DF,EE073,62.114806,130.077778,1, ,0.0,0.0,0,0,0,0,0,0,0,0
TF,EE084,62.178139,130.181028,0, ,0.0,0.0,0.0,0.0,2,2940,0,0,0,0,0,0

