SID,ABNI1A,17,2
DF,WN,66.354417,112.063361,0, ,0.0,0.0,0,0,0,0,0,0,0,1
CA,0,173.0,2,2320,0,0,0,0,0,0
CF,ABNIS,66.186111,112.434167,0,PLR,152.4,16.6,147.0,13.0,2,6000,0,0,0,0,0,0

SID,ABNI1B,17,2
DF,W,66.377583,112.046444,0, ,0.0,0.0,0,0,0,0,0,0,0,1
CA,0,173.0,2,2320,0,0,0,0,0,0
CF,ABNIS,66.186111,112.434167,0,PLR,152.4,16.6,150.0,14.0,2,6000,0,0,0,0,0,0

SID,ABNI1C,17,2
CA,0,173.0,2,2320,0,0,0,0,0,0
CF,ABNIS,66.186111,112.434167,0,PLR,152.4,16.6,152.0,14.0,2,6000,0,0,0,0,0,0

SID,ABNI1D,35,2
CA,0,353.0,2,2300,0,0,0,0,0,0
CI,2, ,0.0,211.0,0,0,0,0,0,0,0,0
CF,ABNIS,66.186111,112.434167,0,PLR,152.4,16.6,150.0,12.0,2,6000,0,0,0,0,0,0

SID,ABNI1E,35,2
CA,0,353.0,2,2300,0,1,205,0,0,0
DF,WN,66.354417,112.063361,1, ,0.0,0.0,0,0,0,0,0,0,0,1
TF,ABNIS,66.186111,112.434167,0, ,0.0,0.0,0.0,0.0,2,6000,0,0,0,0,0,0

SID,ABNI1F,35,2
CA,0,353.0,2,2300,0,0,0,0,0,0
CI,2, ,0.0,204.0,0,0,0,0,0,0,0,0
CF,ABNIS,66.186111,112.434167,0,PLR,152.4,16.6,152.0,12.0,2,6000,0,0,0,0,0,0

SID,ABNI1G,17,5
CA,0,173.0,2,2320,0,0,0,0,0,0
DF,ABNIS,66.186111,112.434167,0, ,0.0,0.0,2,6000,0,0,0,0,0,0

SID,ABNI1H,35,5
CA,0,353.0,2,2300,0,0,0,0,0,0
DF,ABNIS,66.186111,112.434167,2, ,0.0,0.0,2,6000,0,0,0,0,0,0

SID,BAGO1A,17,2
DF,WN,66.354417,112.063361,0, ,0.0,0.0,0,0,0,0,0,0,0,1
CA,0,173.0,2,2320,0,0,0,0,0,0
CF,BAGOD,66.205833,112.491667,0,PLR,146.1,16.6,140.0,13.0,2,6000,0,0,0,0,0,0

SID,BAGO1B,17,2
DF,W,66.377583,112.046444,0, ,0.0,0.0,0,0,0,0,0,0,0,1
CA,0,173.0,2,2320,0,0,0,0,0,0
CF,BAGOD,66.205833,112.491667,0,PLR,146.1,16.6,143.0,14.0,2,6000,0,0,0,0,0,0

SID,BAGO1C,17,2
CA,0,173.0,2,2320,0,0,0,0,0,0
CF,BAGOD,66.205833,112.491667,0,PLR,146.1,16.6,146.0,14.0,2,6000,0,0,0,0,0,0

SID,BAGO1D,35,2
CA,0,353.0,2,2300,0,0,0,0,0,0
CI,2, ,0.0,211.0,0,0,0,0,0,0,0,0
CF,BAGOD,66.205833,112.491667,0,PLR,146.1,16.6,143.0,12.0,2,6000,0,0,0,0,0,0

SID,BAGO1E,35,2
CA,0,353.0,2,2300,0,1,205,0,0,0
DF,WN,66.354417,112.063361,1, ,0.0,0.0,0,0,0,0,0,0,0,1
TF,BAGOD,66.205833,112.491667,0, ,0.0,0.0,0.0,0.0,2,6000,0,0,0,0,0,0

SID,BAGO1F,35,2
CA,0,353.0,2,2300,0,0,0,0,0,0
CI,2, ,0.0,204.0,0,0,0,0,0,0,0,0
CF,BAGOD,66.205833,112.491667,0,PLR,146.1,16.6,146.0,12.0,2,6000,0,0,0,0,0,0

SID,BAGO1G,17,5
CA,0,173.0,2,2320,0,0,0,0,0,0
DF,BAGOD,66.205833,112.491667,0, ,0.0,0.0,2,6000,0,0,0,0,0,0

SID,BAGO1H,35,5
CA,0,353.0,2,2300,0,0,0,0,0,0
DF,BAGOD,66.205833,112.491667,2, ,0.0,0.0,2,6000,0,0,0,0,0,0

SID,BALU1A,17,2
DF,WN,66.354417,112.063361,0, ,0.0,0.0,0,0,0,0,0,0,0,1
CA,0,173.0,2,2320,0,0,0,0,0,0
CF,BALUS,66.144444,111.825000,0,PLR,206.2,16.6,214.0,13.0,2,6000,0,0,0,0,0,0

SID,BALU1B,17,2
DF,W,66.377583,112.046444,0, ,0.0,0.0,0,0,0,0,0,0,0,1
CA,0,173.0,2,2320,0,0,0,0,0,0
CF,BALUS,66.144444,111.825000,0,PLR,206.2,16.6,210.0,14.0,2,6000,0,0,0,0,0,0

SID,BALU1C,17,2
CA,0,173.0,2,2320,0,0,0,0,0,0
CF,BALUS,66.144444,111.825000,0,PLR,206.2,16.6,206.0,14.0,2,6000,0,0,0,0,0,0

SID,BALU1D,35,2
CA,0,353.0,2,2300,0,0,0,0,0,0
CI,1, ,0.0,141.0,0,0,0,0,0,0,0,0
CF,BALUS,66.144444,111.825000,0,PLR,206.2,16.6,210.0,12.0,2,6000,0,0,0,0,0,0

SID,BALU1E,35,2
CA,0,353.0,2,2300,0,1,205,0,0,0
DF,WN,66.354417,112.063361,2, ,0.0,0.0,0,0,0,0,0,0,0,1
TF,BALUS,66.144444,111.825000,0, ,0.0,0.0,0.0,0.0,2,6000,0,0,0,0,0,0

SID,BALU1F,35,2
CA,0,353.0,2,2300,0,0,0,0,0,0
CI,1, ,0.0,151.0,0,0,0,0,0,0,0,0
CF,BALUS,66.144444,111.825000,0,PLR,206.2,16.6,206.0,12.0,2,6000,0,0,0,0,0,0

SID,BALU1G,17,5
CA,0,173.0,2,2320,0,0,0,0,0,0
DF,BALUS,66.144444,111.825000,0, ,0.0,0.0,2,6000,0,0,0,0,0,0

SID,BALU1H,35,5
CA,0,353.0,2,2300,0,0,0,0,0,0
DF,BALUS,66.144444,111.825000,1, ,0.0,0.0,2,6000,0,0,0,0,0,0

SID,DEDO1A,17,2
DF,WN,66.354417,112.063361,0, ,0.0,0.0,0,0,0,0,0,0,0,1
CA,0,173.0,2,2320,0,0,0,0,0,0
CI,2, ,0.0,303.0,0,0,0,0,0,0,0,0
CF,DEDOR,66.324167,111.387778,0,PLR,261.1,16.3,273.0,9.0,2,6000,0,0,0,0,0,0

SID,DEDO1B,17,2
DF,W,66.377583,112.046444,0, ,0.0,0.0,0,0,0,0,0,0,0,1
CA,0,173.0,2,2320,0,0,0,0,0,0
CI,2, ,0.0,305.0,0,0,0,0,0,0,0,0
CF,DEDOR,66.324167,111.387778,0,PLR,261.1,16.3,268.0,10.0,2,6000,0,0,0,0,0,0

SID,DEDO1C,17,2
CA,0,173.0,2,2320,0,0,0,0,0,0
CI,2, ,0.0,315.0,0,0,0,0,0,0,0,0
CF,DEDOR,66.324167,111.387778,0,PLR,261.1,16.3,261.0,11.0,2,6000,0,0,0,0,0,0

SID,DEDO1D,35,2
CA,0,353.0,2,2300,0,0,0,0,0,0
CI,1, ,0.0,207.0,0,0,0,0,0,0,0,0
CF,DEDOR,66.324167,111.387778,0,PLR,261.1,16.3,268.0,11.0,2,6000,0,0,0,0,0,0

SID,DEDO1E,35,2
CA,0,353.0,2,2300,0,0,0,0,0,0
CI,1, ,0.0,195.0,0,0,0,0,0,0,0,0
CF,DEDOR,66.324167,111.387778,0,PLR,261.1,16.3,273.0,11.0,2,6000,0,0,0,0,0,0

SID,DEDO1F,35,2
CA,0,353.0,2,2300,0,0,0,0,0,0
CI,1, ,0.0,218.0,0,0,0,0,0,0,0,0
CF,DEDOR,66.324167,111.387778,0,PLR,261.1,16.3,261.0,11.0,2,6000,0,0,0,0,0,0

SID,DEDO1G,17,5
CA,0,173.0,2,2320,0,0,0,0,0,0
DF,DEDOR,66.324167,111.387778,2, ,0.0,0.0,2,6000,0,0,0,0,0,0

SID,DEDO1H,35,5
CA,0,353.0,2,2300,0,0,0,0,0,0
DF,DEDOR,66.324167,111.387778,1, ,0.0,0.0,2,6000,0,0,0,0,0,0

SID,FADR1A,17,2
DF,WN,66.354417,112.063361,0, ,0.0,0.0,0,0,0,0,0,0,0,1
CA,0,173.0,2,2320,0,0,0,0,0,0
CI,2, ,0.0,23.0,0,0,0,0,0,0,0,0
CF,FADRI,66.620556,111.641944,0,PLR,333.3,15.8,337.0,15.0,2,6000,0,0,0,0,0,0

SID,FADR1B,17,2
DF,W,66.377583,112.046444,0, ,0.0,0.0,0,0,0,0,0,0,0,1
CA,0,173.0,2,2320,0,0,0,0,0,0
CI,2, ,0.0,25.0,0,0,0,0,0,0,0,0
CF,FADRI,66.620556,111.641944,0,PLR,333.3,15.8,336.0,14.0,2,6000,0,0,0,0,0,0

SID,FADR1C,17,2
CA,0,173.0,2,2320,0,0,0,0,0,0
CI,2, ,0.0,31.0,0,0,0,0,0,0,0,0
CF,FADRI,66.620556,111.641944,0,PLR,333.3,15.8,333.0,12.0,2,6000,0,0,0,0,0,0

SID,FADR1D,35,2
CA,0,353.0,2,2300,0,0,0,0,0,0
CI,0, ,0.0,305.0,0,0,0,0,0,0,0,0
CF,FADRI,66.620556,111.641944,0,PLR,333.3,15.8,336.0,13.0,2,6000,0,0,0,0,0,0

SID,FADR1E,35,2
CA,0,353.0,2,2300,0,0,0,0,0,0
VI,0, ,0.0,307.0,0,0,0,0,0,0,0,0
CF,FADRI,66.620556,111.641944,0,PLR,333.3,15.8,337.0,13.0,2,6000,0,0,0,0,0,0

SID,FADR1F,35,2
CA,0,353.0,2,2300,0,0,0,0,0,0
CF,FADRI,66.620556,111.641944,0,PLR,333.3,15.8,333.0,14.0,2,6000,0,0,0,0,0,0

SID,FADR1G,17,5
CA,0,173.0,2,2320,0,0,0,0,0,0
DF,FADRI,66.620556,111.641944,2, ,0.0,0.0,2,6000,0,0,0,0,0,0

SID,FADR1H,35,5
CA,0,353.0,2,2300,0,0,0,0,0,0
DF,FADRI,66.620556,111.641944,0, ,0.0,0.0,2,6000,0,0,0,0,0,0

SID,GILA1A,17,2
DF,WN,66.354417,112.063361,0, ,0.0,0.0,0,0,0,0,0,0,0,1
CA,0,173.0,2,2320,0,0,0,0,0,0
CI,0, ,0.0,89.0,0,0,0,0,0,0,0,0
CF,GILAG,66.272778,112.619444,0,PLR,128.4,16.5,119.0,9.0,2,6000,0,0,0,0,0,0

SID,GILA1B,17,2
DF,W,66.377583,112.046444,0, ,0.0,0.0,0,0,0,0,0,0,0,1
CA,0,173.0,2,2320,0,0,0,0,0,0
CI,0, ,0.0,93.0,0,0,0,0,0,0,0,0
CF,GILAG,66.272778,112.619444,0,PLR,128.4,16.5,123.0,10.0,2,6000,0,0,0,0,0,0

SID,GILA1C,17,2
CA,0,173.0,2,2320,0,0,0,0,0,0
CI,0, ,0.0,99.0,0,0,0,0,0,0,0,0
CF,GILAG,66.272778,112.619444,0,PLR,128.4,16.5,128.0,12.0,2,6000,0,0,0,0,0,0

SID,GILA1D,35,2
CA,0,353.0,2,2300,0,0,0,0,0,0
CI,2, ,0.0,202.0,0,0,0,0,0,0,0,0
CF,GILAG,66.272778,112.619444,0,PLR,128.4,16.5,123.0,13.0,2,6000,0,0,0,0,0,0

SID,GILA1E,35,2
CA,0,353.0,2,2300,0,1,205,0,0,0
DF,WN,66.354417,112.063361,1, ,0.0,0.0,0,0,0,0,0,0,0,1
TF,GILAG,66.272778,112.619444,0, ,0.0,0.0,0.0,0.0,2,6000,0,0,0,0,0,0

SID,GILA1F,35,2
CA,0,353.0,2,2300,0,0,0,0,0,0
CI,2, ,0.0,190.0,0,0,0,0,0,0,0,0
CF,GILAG,66.272778,112.619444,0,PLR,128.4,16.5,128.0,12.0,2,6000,0,0,0,0,0,0

SID,GILA1G,17,5
CA,0,173.0,2,2320,0,0,0,0,0,0
DF,GILAG,66.272778,112.619444,0, ,0.0,0.0,2,6000,0,0,0,0,0,0

SID,GILA1H,35,5
CA,0,353.0,2,2300,0,0,0,0,0,0
DF,GILAG,66.272778,112.619444,2, ,0.0,0.0,2,6000,0,0,0,0,0,0

SID,INDI1A,17,2
DF,WN,66.354417,112.063361,0, ,0.0,0.0,0,0,0,0,0,0,0,1
CA,0,173.0,2,2320,0,0,0,0,0,0
CI,1, ,0.0,80.0,0,0,0,0,0,0,0,0
CF,INDIR,66.307778,112.659167,0,PLR,120.3,16.4,110.0,9.0,2,6000,0,0,0,0,0,0

SID,INDI1B,17,2
DF,W,66.377583,112.046444,0, ,0.0,0.0,0,0,0,0,0,0,0,1
CA,0,173.0,2,2320,0,0,0,0,0,0
CI,0, ,0.0,93.0,0,0,0,0,0,0,0,0
CF,INDIR,66.307778,112.659167,0,PLR,120.3,16.4,115.0,8.0,2,6000,0,0,0,0,0,0

SID,INDI1C,17,2
CA,0,173.0,2,2320,0,0,0,0,0,0
CI,0, ,0.0,87.0,0,0,0,0,0,0,0,0
CF,INDIR,66.307778,112.659167,0,PLR,120.3,16.4,120.0,12.0,2,6000,0,0,0,0,0,0

SID,INDI1D,35,2
CA,0,353.0,2,2300,0,0,0,0,0,0
CI,2, ,0.0,187.0,0,0,0,0,0,0,0,0
CF,INDIR,66.307778,112.659167,0,PLR,120.3,16.4,115.0,12.0,2,6000,0,0,0,0,0,0

SID,INDI1E,35,2
CA,0,353.0,2,2300,0,1,205,0,0,0
DF,WN,66.354417,112.063361,1, ,0.0,0.0,0,0,0,0,0,0,0,1
TF,INDIR,66.307778,112.659167,0, ,0.0,0.0,0.0,0.0,2,6000,0,0,0,0,0,0

SID,INDI1F,35,2
CA,0,353.0,2,2300,0,0,0,0,0,0
CI,2, ,0.0,173.0,0,0,0,0,0,0,0,0
CF,INDIR,66.307778,112.659167,0,PLR,120.3,16.4,120.0,12.0,2,6000,0,0,0,0,0,0

SID,INDI1G,17,5
CA,0,173.0,2,2320,0,0,0,0,0,0
DF,INDIR,66.307778,112.659167,0, ,0.0,0.0,2,6000,0,0,0,0,0,0

SID,INDI1H,35,5
CA,0,353.0,2,2300,0,0,0,0,0,0
DF,INDIR,66.307778,112.659167,2, ,0.0,0.0,2,6000,0,0,0,0,0,0

SID,NERD1A,17,2
DF,WN,66.354417,112.063361,0, ,0.0,0.0,0,0,0,0,0,0,0,1
CA,0,173.0,2,2320,0,0,0,0,0,0
CF,NERDA,66.156111,111.750556,0,PLR,212.9,16.6,222.0,13.0,2,6000,0,0,0,0,0,0

SID,NERD1B,17,2
DF,W,66.377583,112.046444,0, ,0.0,0.0,0,0,0,0,0,0,0,1
CA,0,173.0,2,2320,0,0,0,0,0,0
CF,NERDA,66.156111,111.750556,0,PLR,212.9,16.6,217.0,14.0,2,6000,0,0,0,0,0,0

SID,NERD1C,17,2
CA,0,173.0,2,2320,0,0,0,0,0,0
CF,NERDA,66.156111,111.750556,0,PLR,212.9,16.6,213.0,14.0,2,6000,0,0,0,0,0,0

SID,NERD1D,35,2
CA,0,353.0,2,2300,0,0,0,0,0,0
CI,1, ,0.0,141.0,0,0,0,0,0,0,0,0
CF,NERDA,66.156111,111.750556,0,PLR,212.9,16.6,217.0,13.0,2,6000,0,0,0,0,0,0

SID,NERD1E,35,2
CA,0,353.0,2,2300,0,1,205,0,0,0
DF,WN,66.354417,112.063361,2, ,0.0,0.0,0,0,0,0,0,0,0,1
TF,NERDA,66.156111,111.750556,0, ,0.0,0.0,0.0,0.0,2,6000,0,0,0,0,0,0

SID,NERD1F,35,2
CA,0,353.0,2,2300,0,0,0,0,0,0
CI,1, ,0.0,151.0,0,0,0,0,0,0,0,0
CF,NERDA,66.156111,111.750556,0,PLR,212.9,16.6,213.0,12.0,2,6000,0,0,0,0,0,0

SID,NERD1G,17,5
CA,0,173.0,2,2320,0,0,0,0,0,0
DF,NERDA,66.156111,111.750556,0, ,0.0,0.0,2,6000,0,0,0,0,0,0

SID,NERD1H,35,5
CA,0,353.0,2,2300,0,0,0,0,0,0
DF,NERDA,66.156111,111.750556,1, ,0.0,0.0,2,6000,0,0,0,0,0,0

SID,OGON1A,17,2
DF,WN,66.354417,112.063361,0, ,0.0,0.0,0,0,0,0,0,0,0,1
CA,0,173.0,2,2320,0,0,0,0,0,0
CF,OGONI,66.139167,112.189444,0,PLR,175.3,16.7,176.0,13.0,2,6000,0,0,0,0,0,0

SID,OGON1B,17,2
DF,W,66.377583,112.046444,0, ,0.0,0.0,0,0,0,0,0,0,0,1
CA,0,173.0,2,2320,0,0,0,0,0,0
CF,OGONI,66.139167,112.189444,0,PLR,175.3,16.7,175.0,14.0,2,6000,0,0,0,0,0,0

SID,OGON1C,17,2
CA,0,173.0,2,2320,0,0,0,0,0,0
CF,OGONI,66.139167,112.189444,0,PLR,175.3,16.7,175.0,14.0,2,6000,0,0,0,0,0,0

SID,OGON1D,35,2
CA,0,353.0,2,2300,0,1,205,0,0,0
DF,W,66.377583,112.046444,2, ,0.0,0.0,0,0,0,0,0,0,0,1
TF,OGONI,66.139167,112.189444,0, ,0.0,0.0,0.0,0.0,2,6000,0,0,0,0,0,0

SID,OGON1E,35,2
CA,0,353.0,2,2300,0,1,205,0,0,0
DF,WN,66.354417,112.063361,2, ,0.0,0.0,0,0,0,0,0,0,0,1
TF,OGONI,66.139167,112.189444,0, ,0.0,0.0,0.0,0.0,2,6000,0,0,0,0,0,0

SID,OGON1F,35,2
CD, ,0,0,0,PLR,0,0.0,353.0,3.8,0,0,0,1,205,0,0,0
DF,PLR,66.408333,112.027056,2, ,0.0,0.0,0,0,0,0,0,0,0,1
TF,OGONI,66.139167,112.189444,0, ,0.0,0.0,0.0,0.0,2,6000,0,0,0,0,0,0

SID,OGON1G,17,2
CA,0,173.0,2,2320,0,0,0,0,0,0
DF,OGONI,66.139167,112.189444,0, ,0.0,0.0,2,6000,0,0,0,0,0,0

SID,OGON1H,35,5
CA,0,353.0,2,2300,0,0,0,0,0,0
DF,OGONI,66.139167,112.189444,1, ,0.0,0.0,2,6000,0,0,0,0,0,0

SID,PELI1A,17,2
DF,WN,66.354417,112.063361,0, ,0.0,0.0,0,0,0,0,0,0,0,1
CA,0,173.0,2,2320,0,0,0,0,0,0
CI,1, ,0.0,325.0,0,0,0,0,0,0,0,0
CF,PELIM,66.668611,112.084722,0,PLR,14.0,15.7,11.0,15.0,2,6000,0,0,0,0,0,0

SID,PELI1B,17,2
DF,W,66.377583,112.046444,0, ,0.0,0.0,0,0,0,0,0,0,0,1
CA,0,173.0,2,2320,0,0,0,0,0,0
CI,1, ,0.0,323.0,0,0,0,0,0,0,0,0
CF,PELIM,66.668611,112.084722,0,PLR,14.0,15.7,12.0,14.0,2,6000,0,0,0,0,0,0

SID,PELI1C,17,2
CA,0,173.0,2,2320,0,0,0,0,0,0
CI,1, ,0.0,318.0,0,0,0,0,0,0,0,0
CF,PELIM,66.668611,112.084722,0,PLR,14.0,15.7,14.0,12.0,2,6000,0,0,0,0,0,0

SID,PELI1D,35,2
CA,0,353.0,2,2300,0,0,0,0,0,0
CI,0, ,0.0,42.0,0,0,0,0,0,0,0,0
CF,PELIM,66.668611,112.084722,0,PLR,14.0,15.7,12.0,14.0,2,6000,0,0,0,0,0,0

SID,PELI1E,35,2
CA,0,353.0,2,2300,0,0,0,0,0,0
CI,0, ,0.0,41.0,0,0,0,0,0,0,0,0
CF,PELIM,66.668611,112.084722,0,PLR,14.0,15.7,11.0,13.0,2,6000,0,0,0,0,0,0

SID,PELI1F,35,2
CA,0,353.0,2,2300,0,0,0,0,0,0
CI,0, ,0.0,44.0,0,0,0,0,0,0,0,0
CF,PELIM,66.668611,112.084722,0,PLR,14.0,15.7,14.0,14.0,2,6000,0,0,0,0,0,0

SID,PELI1G,17,5
CA,0,173.0,2,2320,0,0,0,0,0,0
DF,PELIM,66.668611,112.084722,1, ,0.0,0.0,2,6000,0,0,0,0,0,0

SID,PELI1H,35,5
CA,0,353.0,2,2300,0,0,0,0,0,0
DF,PELIM,66.668611,112.084722,0, ,0.0,0.0,2,6000,0,0,0,0,0,0

SID,PIRO1A,17,2
DF,WN,66.354417,112.063361,0, ,0.0,0.0,0,0,0,0,0,0,0,1
CA,0,173.0,2,2320,0,0,0,0,0,0
CI,1, ,0.0,49.0,0,0,0,0,0,0,0,0
CF,PIROD,66.445278,112.692778,0,PLR,90.8,16.2,79.0,9.0,2,6000,0,0,0,0,0,0

SID,PIRO1B,17,2
DF,W,66.377583,112.046444,0, ,0.0,0.0,0,0,0,0,0,0,0,1
CA,0,173.0,2,2320,0,0,0,0,0,0
CI,1, ,0.0,50.0,0,0,0,0,0,0,0,0
CF,PIROD,66.445278,112.692778,0,PLR,90.8,16.2,84.0,9.0,2,6000,0,0,0,0,0,0

SID,PIRO1C,17,2
CA,0,173.0,2,2320,0,0,0,0,0,0
CI,1, ,0.0,40.0,0,0,0,0,0,0,0,0
CF,PIROD,66.445278,112.692778,0,PLR,90.8,16.2,91.0,11.0,2,6000,0,0,0,0,0,0

SID,PIRO1D,35,2
CA,0,353.0,2,2300,0,0,0,0,0,0
CI,2, ,0.0,149.0,0,0,0,0,0,0,0,0
CF,PIROD,66.445278,112.692778,0,PLR,90.8,16.2,84.0,11.0,2,6000,0,0,0,0,0,0

SID,PIRO1E,35,2
CA,0,353.0,2,2300,0,0,0,0,0,0
CI,2, ,0.0,162.0,0,0,0,0,0,0,0,0
CF,PIROD,66.445278,112.692778,0,PLR,90.8,16.2,79.0,12.0,2,6000,0,0,0,0,0,0

SID,PIRO1F,35,2
CA,0,353.0,2,2300,0,0,0,0,0,0
CI,2, ,0.0,136.0,0,0,0,0,0,0,0,0
CF,PIROD,66.445278,112.692778,0,PLR,90.8,16.2,91.0,11.0,2,6000,0,0,0,0,0,0

SID,PIRO1G,17,5
CA,0,173.0,2,2320,0,0,0,0,0,0
DF,PIROD,66.445278,112.692778,1, ,0.0,0.0,2,6000,0,0,0,0,0,0

SID,PIRO1H,35,5
CA,0,353.0,2,2300,0,0,0,0,0,0
DF,PIROD,66.445278,112.692778,2, ,0.0,0.0,2,6000,0,0,0,0,0,0

SID,RUSE1A,17,2
DF,WN,66.354417,112.063361,0, ,0.0,0.0,0,0,0,0,0,0,0,1
CA,0,173.0,2,2320,0,0,0,0,0,0
CI,2, ,0.0,356.0,0,0,0,0,0,0,0,0
CF,RUSEB,66.529444,111.439444,0,PLR,306.6,15.9,314.0,13.0,2,6000,0,0,0,0,0,0

SID,RUSE1B,17,2
DF,W,66.377583,112.046444,0, ,0.0,0.0,0,0,0,0,0,0,0,1
CA,0,173.0,2,2320,0,0,0,0,0,0
CI,2, ,0.0,360.0,0,0,0,0,0,0,0,0
CF,RUSEB,66.529444,111.439444,0,PLR,306.6,15.9,311.0,12.0,2,6000,0,0,0,0,0,0

SID,RUSE1C,17,2
CA,0,173.0,2,2320,0,0,0,0,0,0
CI,2, ,0.0,11.0,0,0,0,0,0,0,0,0
CF,RUSEB,66.529444,111.439444,0,PLR,306.6,15.9,307.0,12.0,2,6000,0,0,0,0,0,0

SID,RUSE1D,35,2
CA,0,353.0,2,2300,0,0,0,0,0,0
CI,0, ,0.0,280.0,0,0,0,0,0,0,0,0
CF,RUSEB,66.529444,111.439444,0,PLR,306.6,15.9,311.0,11.0,2,6000,0,0,0,0,0,0

SID,RUSE1E,35,2
CA,0,353.0,2,2300,0,0,0,0,0,0
CI,0, ,0.0,277.0,0,0,0,0,0,0,0,0
CF,RUSEB,66.529444,111.439444,0,PLR,306.6,15.9,314.0,11.0,2,6000,0,0,0,0,0,0

SID,RUSE1F,35,2
CA,0,353.0,2,2300,0,0,0,0,0,0
CI,0, ,0.0,276.0,0,0,0,0,0,0,0,0
CF,RUSEB,66.529444,111.439444,0,PLR,306.6,15.9,307.0,13.0,2,6000,0,0,0,0,0,0

SID,RUSE1G,17,5
CA,0,173.0,2,2320,0,0,0,0,0,0
DF,RUSEB,66.529444,111.439444,2, ,0.0,0.0,2,6000,0,0,0,0,0,0

SID,RUSE1H,35,5
CA,0,353.0,2,2300,0,0,0,0,0,0
DF,RUSEB,66.529444,111.439444,0, ,0.0,0.0,2,6000,0,0,0,0,0,0

SID,SUGI1A,17,2
DF,WN,66.354417,112.063361,0, ,0.0,0.0,0,0,0,0,0,0,0,1
CA,0,173.0,2,2320,0,0,0,0,0,0
CF,SUGIP,66.241389,112.569722,0,PLR,136.2,16.5,128.0,13.0,2,6000,0,0,0,0,0,0

SID,SUGI1B,17,2
DF,W,66.377583,112.046444,0, ,0.0,0.0,0,0,0,0,0,0,0,1
CA,0,173.0,2,2320,0,0,0,0,0,0
CF,SUGIP,66.241389,112.569722,0,PLR,136.2,16.5,132.0,14.0,2,6000,0,0,0,0,0,0

SID,SUGI1C,17,2
CA,0,173.0,2,2320,0,0,0,0,0,0
CI,0, ,0.0,99.0,0,0,0,0,0,0,0,0
CF,SUGIP,66.241389,112.569722,0,PLR,136.2,16.5,136.0,13.0,2,6000,0,0,0,0,0,0

SID,SUGI1D,35,2
CA,0,353.0,2,2300,0,0,0,0,0,0
CI,2, ,0.0,202.0,0,0,0,0,0,0,0,0
CF,SUGIP,66.241389,112.569722,0,PLR,136.2,16.5,132.0,12.0,2,6000,0,0,0,0,0,0

SID,SUGI1E,35,2
CA,0,353.0,2,2300,0,1,205,0,0,0
DF,WN,66.354417,112.063361,1, ,0.0,0.0,0,0,0,0,0,0,0,1
TF,SUGIP,66.241389,112.569722,0, ,0.0,0.0,0.0,0.0,2,6000,0,0,0,0,0,0

SID,SUGI1F,35,2
CA,0,353.0,2,2300,0,0,0,0,0,0
CI,2, ,0.0,190.0,0,0,0,0,0,0,0,0
CF,SUGIP,66.241389,112.569722,0,PLR,136.2,16.5,136.0,12.0,2,6000,0,0,0,0,0,0

SID,SUGI1G,17,5
CA,0,173.0,2,2320,0,0,0,0,0,0
DF,SUGIP,66.241389,112.569722,0, ,0.0,0.0,2,6000,0,0,0,0,0,0

SID,SUGI1H,35,5
CA,0,353.0,2,2300,0,0,0,0,0,0
DF,SUGIP,66.241389,112.569722,2, ,0.0,0.0,2,6000,0,0,0,0,0,0

STAR,ABNI1J,35,2
IF,ABNIS,66.186111,112.434167, ,0.0,0.0,2,6000,0,0,0,0,0,0
TF,WN,66.354417,112.063361,0, ,0.0,0.0,0.0,0.0,2,3620,0,0,0,0,0,0

STAR,ABNI1K,ALL,2
IF,ABNIS,66.186111,112.434167, ,0.0,0.0,2,6000,0,0,0,0,0,0
TF,W,66.377583,112.046444,0, ,0.0,0.0,0.0,0.0,2,3650,0,0,0,0,0,0

STAR,ABNI1L,ALL,2
IF,ABNIS,66.186111,112.434167, ,0.0,0.0,2,6000,0,0,0,0,0,0
TF,PLR,66.408333,112.027056,0, ,0.0,0.0,0.0,0.0,2,3650,0,0,0,0,0,0

STAR,ABNI1M,17,5
IF,ABNIS,66.186111,112.434167, ,0.0,0.0,2,6000,0,0,0,0,0,0
TF,RP005,66.544583,112.243500,0, ,0.0,0.0,0.0,0.0,0,0,0,0,0,0,0,0
TF,RP004,66.609806,112.123972,0, ,0.0,0.0,0.0,0.0,2,2970,0,0,0,0,0,0

STAR,ABNI1N,35,5
IF,ABNIS,66.186111,112.434167, ,0.0,0.0,2,6000,0,0,0,0,0,0
TF,RP009,66.244111,112.386250,0, ,0.0,0.0,0.0,0.0,2,3290,0,0,0,0,0,0

STAR,BAGO1J,35,2
IF,BAGOD,66.205833,112.491667, ,0.0,0.0,2,6000,0,0,0,0,0,0
TF,WN,66.354417,112.063361,0, ,0.0,0.0,0.0,0.0,2,3620,0,0,0,0,0,0

STAR,BAGO1K,ALL,2
IF,BAGOD,66.205833,112.491667, ,0.0,0.0,2,6000,0,0,0,0,0,0
TF,W,66.377583,112.046444,0, ,0.0,0.0,0.0,0.0,2,3650,0,0,0,0,0,0

STAR,BAGO1L,ALL,2
IF,BAGOD,66.205833,112.491667, ,0.0,0.0,2,6000,0,0,0,0,0,0
TF,PLR,66.408333,112.027056,0, ,0.0,0.0,0.0,0.0,2,3650,0,0,0,0,0,0

STAR,BAGO1M,17,5
IF,BAGOD,66.205833,112.491667, ,0.0,0.0,2,6000,0,0,0,0,0,0
TF,RP005,66.544583,112.243500,0, ,0.0,0.0,0.0,0.0,0,0,0,0,0,0,0,0
TF,RP004,66.609806,112.123972,0, ,0.0,0.0,0.0,0.0,2,2970,0,0,0,0,0,0

STAR,BAGO1N,35,5
IF,BAGOD,66.205833,112.491667, ,0.0,0.0,2,6000,0,0,0,0,0,0
TF,RP009,66.244111,112.386250,0, ,0.0,0.0,0.0,0.0,2,3290,0,0,0,0,0,0

STAR,BALU1J,35,2
IF,BALUS,66.144444,111.825000, ,0.0,0.0,2,6000,0,0,0,0,0,0
TF,WN,66.354417,112.063361,0, ,0.0,0.0,0.0,0.0,2,3620,0,0,0,0,0,0

STAR,BALU1K,ALL,2
IF,BALUS,66.144444,111.825000, ,0.0,0.0,2,6000,0,0,0,0,0,0
TF,W,66.377583,112.046444,0, ,0.0,0.0,0.0,0.0,2,3650,0,0,0,0,0,0

STAR,BALU1L,ALL,2
IF,BALUS,66.144444,111.825000, ,0.0,0.0,2,6000,0,0,0,0,0,0
TF,PLR,66.408333,112.027056,0, ,0.0,0.0,0.0,0.0,2,3650,0,0,0,0,0,0

STAR,BALU1M,17,5
IF,BALUS,66.144444,111.825000, ,0.0,0.0,2,6000,0,0,0,0,0,0
TF,RP013,66.476000,111.657722,0, ,0.0,0.0,0.0,0.0,2,3630,0,0,0,0,0,0
TF,RP003,66.556639,111.668556,0, ,0.0,0.0,0.0,0.0,2,2970,0,0,0,0,0,0

STAR,BALU1N,35,5
IF,BALUS,66.144444,111.825000, ,0.0,0.0,2,6000,0,0,0,0,0,0
TF,RP010,66.191750,111.936833,0, ,0.0,0.0,0.0,0.0,2,3620,0,0,0,0,0,0

STAR,DEDO1J,35,2
IF,DEDOR,66.324167,111.387778, ,0.0,0.0,2,6000,0,0,0,0,0,0
TF,WN,66.354417,112.063361,0, ,0.0,0.0,0.0,0.0,2,3620,0,0,0,0,0,0

STAR,DEDO1K,ALL,2
IF,DEDOR,66.324167,111.387778, ,0.0,0.0,2,6000,0,0,0,0,0,0
TF,W,66.377583,112.046444,0, ,0.0,0.0,0.0,0.0,2,3650,0,0,0,0,0,0

STAR,DEDO1L,ALL,2
IF,DEDOR,66.324167,111.387778, ,0.0,0.0,2,6000,0,0,0,0,0,0
TF,PLR,66.408333,112.027056,0, ,0.0,0.0,0.0,0.0,2,3650,0,0,0,0,0,0

STAR,DEDO1M,17,5
IF,DEDOR,66.324167,111.387778, ,0.0,0.0,2,6000,0,0,0,0,0,0
TF,RP003,66.556639,111.668556,0, ,0.0,0.0,0.0,0.0,2,2970,0,0,0,0,0,0

STAR,DEDO1N,35,5
IF,DEDOR,66.324167,111.387778, ,0.0,0.0,2,6000,0,0,0,0,0,0
TF,RP010,66.191750,111.936833,0, ,0.0,0.0,0.0,0.0,2,3620,0,0,0,0,0,0

STAR,FADR1J,35,2
IF,FADRI,66.620556,111.641944, ,0.0,0.0,2,6000,0,0,0,0,0,0
TF,WN,66.354417,112.063361,0, ,0.0,0.0,0.0,0.0,2,3620,0,0,0,0,0,0

STAR,FADR1K,ALL,2
IF,FADRI,66.620556,111.641944, ,0.0,0.0,2,6000,0,0,0,0,0,0
TF,W,66.377583,112.046444,0, ,0.0,0.0,0.0,0.0,2,3650,0,0,0,0,0,0

STAR,FADR1L,ALL,2
IF,FADRI,66.620556,111.641944, ,0.0,0.0,2,6000,0,0,0,0,0,0
TF,PLR,66.408333,112.027056,0, ,0.0,0.0,0.0,0.0,2,3650,0,0,0,0,0,0

STAR,FADR1M,17,5
IF,FADRI,66.620556,111.641944, ,0.0,0.0,2,6000,0,0,0,0,0,0
TF,RP003,66.556639,111.668556,0, ,0.0,0.0,0.0,0.0,2,2970,0,0,0,0,0,0

STAR,FADR1N,35,5
IF,FADRI,66.620556,111.641944, ,0.0,0.0,2,6000,0,0,0,0,0,0
TF,RP014,66.256778,111.818250,0, ,0.0,0.0,0.0,0.0,0,0,0,0,0,0,0,0
TF,RP010,66.191750,111.936833,0, ,0.0,0.0,0.0,0.0,2,3620,0,0,0,0,0,0

STAR,GILA1J,35,2
IF,GILAG,66.272778,112.619444, ,0.0,0.0,2,6000,0,0,0,0,0,0
TF,WN,66.354417,112.063361,0, ,0.0,0.0,0.0,0.0,2,3620,0,0,0,0,0,0

STAR,GILA1K,ALL,2
IF,GILAG,66.272778,112.619444, ,0.0,0.0,2,6000,0,0,0,0,0,0
TF,W,66.377583,112.046444,0, ,0.0,0.0,0.0,0.0,2,3650,0,0,0,0,0,0

STAR,GILA1L,ALL,2
IF,GILAG,66.272778,112.619444, ,0.0,0.0,2,6000,0,0,0,0,0,0
TF,PLR,66.408333,112.027056,0, ,0.0,0.0,0.0,0.0,2,3650,0,0,0,0,0,0

STAR,GILA1M,17,2
IF,GILAG,66.272778,112.619444, ,0.0,0.0,2,6000,0,0,0,0,0,0
TF,RP005,66.544583,112.243500,0, ,0.0,0.0,0.0,0.0,0,0,0,0,0,0,0,0
TF,RP004,66.609806,112.123972,0, ,0.0,0.0,0.0,0.0,2,2970,0,0,0,0,0,0

STAR,GILA1N,35,5
IF,GILAG,66.272778,112.619444, ,0.0,0.0,2,6000,0,0,0,0,0,0
TF,RP009,66.244111,112.386250,0, ,0.0,0.0,0.0,0.0,2,3290,0,0,0,0,0,0

STAR,INDI1J,35,2
IF,INDIR,66.307778,112.659167, ,0.0,0.0,2,6000,0,0,0,0,0,0
TF,WN,66.354417,112.063361,0, ,0.0,0.0,0.0,0.0,2,3620,0,0,0,0,0,0

STAR,INDI1K,ALL,2
IF,INDIR,66.307778,112.659167, ,0.0,0.0,2,6000,0,0,0,0,0,0
TF,W,66.377583,112.046444,0, ,0.0,0.0,0.0,0.0,2,3650,0,0,0,0,0,0

STAR,INDI1L,ALL,2
IF,INDIR,66.307778,112.659167, ,0.0,0.0,2,6000,0,0,0,0,0,0
TF,PLR,66.408333,112.027056,0, ,0.0,0.0,0.0,0.0,2,3650,0,0,0,0,0,0

STAR,INDI1M,17,5
IF,INDIR,66.307778,112.659167, ,0.0,0.0,2,6000,0,0,0,0,0,0
TF,RP005,66.544583,112.243500,0, ,0.0,0.0,0.0,0.0,0,0,0,0,0,0,0,0
TF,RP004,66.609806,112.123972,0, ,0.0,0.0,0.0,0.0,2,2970,0,0,0,0,0,0

STAR,INDI1N,35,5
IF,INDIR,66.307778,112.659167, ,0.0,0.0,2,6000,0,0,0,0,0,0
TF,RP009,66.244111,112.386250,0, ,0.0,0.0,0.0,0.0,2,3290,0,0,0,0,0,0

STAR,NERD1J,35,2
IF,NERDA,66.156111,111.750556, ,0.0,0.0,2,6000,0,0,0,0,0,0
TF,WN,66.354417,112.063361,0, ,0.0,0.0,0.0,0.0,2,3620,0,0,0,0,0,0

STAR,NERD1K,ALL,2
IF,NERDA,66.156111,111.750556, ,0.0,0.0,2,6000,0,0,0,0,0,0
TF,W,66.377583,112.046444,0, ,0.0,0.0,0.0,0.0,2,3650,0,0,0,0,0,0

STAR,NERD1L,ALL,2
IF,NERDA,66.156111,111.750556, ,0.0,0.0,2,6000,0,0,0,0,0,0
TF,PLR,66.408333,112.027056,0, ,0.0,0.0,0.0,0.0,2,3650,0,0,0,0,0,0

STAR,NERD1M,17,2
IF,NERDA,66.156111,111.750556, ,0.0,0.0,2,6000,0,0,0,0,0,0
TF,RP013,66.476000,111.657722,0, ,0.0,0.0,0.0,0.0,2,3630,0,0,0,0,0,0
TF,RP003,66.556639,111.668556,0, ,0.0,0.0,0.0,0.0,2,2970,0,0,0,0,0,0

STAR,NERD1N,35,5
IF,NERDA,66.156111,111.750556, ,0.0,0.0,2,6000,0,0,0,0,0,0
TF,RP010,66.191750,111.936833,0, ,0.0,0.0,0.0,0.0,2,3620,0,0,0,0,0,0

STAR,OGON1J,35,2
IF,OGONI,66.139167,112.189444, ,0.0,0.0,2,6000,0,0,0,0,0,0
TF,WN,66.354417,112.063361,0, ,0.0,0.0,0.0,0.0,2,3620,0,0,0,0,0,0

STAR,OGON1K,ALL,2
IF,OGONI,66.139167,112.189444, ,0.0,0.0,2,6000,0,0,0,0,0,0
TF,W,66.377583,112.046444,0, ,0.0,0.0,0.0,0.0,2,3650,0,0,0,0,0,0

STAR,OGON1L,ALL,2
IF,OGONI,66.139167,112.189444, ,0.0,0.0,2,6000,0,0,0,0,0,0
TF,PLR,66.408333,112.027056,0, ,0.0,0.0,0.0,0.0,2,3650,0,0,0,0,0,0

STAR,OGON1M,17,5
IF,OGONI,66.139167,112.189444, ,0.0,0.0,2,6000,0,0,0,0,0,0
TF,RP013,66.476000,111.657722,0, ,0.0,0.0,0.0,0.0,2,3630,0,0,0,0,0,0
TF,RP003,66.556639,111.668556,0, ,0.0,0.0,0.0,0.0,2,2970,0,0,0,0,0,0

STAR,PELI1J,35,2
IF,PELIM,66.668611,112.084722, ,0.0,0.0,2,6000,0,0,0,0,0,0
TF,WN,66.354417,112.063361,0, ,0.0,0.0,0.0,0.0,2,3620,0,0,0,0,0,0

STAR,PELI1K,ALL,2
IF,PELIM,66.668611,112.084722, ,0.0,0.0,2,6000,0,0,0,0,0,0
TF,W,66.377583,112.046444,0, ,0.0,0.0,0.0,0.0,2,3650,0,0,0,0,0,0

STAR,PELI1L,ALL,2
IF,PELIM,66.668611,112.084722, ,0.0,0.0,2,6000,0,0,0,0,0,0
TF,PLR,66.408333,112.027056,0, ,0.0,0.0,0.0,0.0,2,3650,0,0,0,0,0,0

STAR,PELI1M,17,5
IF,PELIM,66.668611,112.084722, ,0.0,0.0,2,6000,0,0,0,0,0,0
TF,RP004,66.609806,112.123972,0, ,0.0,0.0,0.0,0.0,2,2970,0,0,0,0,0,0

STAR,PELI1N,35,5
IF,PELIM,66.668611,112.084722, ,0.0,0.0,2,6000,0,0,0,0,0,0
TF,RP012,66.324639,112.400639,0, ,0.0,0.0,0.0,0.0,0,0,0,0,0,0,0,0
TF,RP009,66.244111,112.386250,0, ,0.0,0.0,0.0,0.0,2,3290,0,0,0,0,0,0

STAR,PIRO1J,35,2
IF,PIROD,66.445278,112.692778, ,0.0,0.0,2,6000,0,0,0,0,0,0
TF,WN,66.354417,112.063361,0, ,0.0,0.0,0.0,0.0,2,3620,0,0,0,0,0,0

STAR,PIRO1K,ALL,2
IF,PIROD,66.445278,112.692778, ,0.0,0.0,2,6000,0,0,0,0,0,0
TF,W,66.377583,112.046444,0, ,0.0,0.0,0.0,0.0,2,3650,0,0,0,0,0,0

STAR,PIRO1L,ALL,2
IF,PIROD,66.445278,112.692778, ,0.0,0.0,2,6000,0,0,0,0,0,0
TF,PLR,66.408333,112.027056,0, ,0.0,0.0,0.0,0.0,2,3650,0,0,0,0,0,0

STAR,PIRO1M,17,5
IF,PIROD,66.445278,112.692778, ,0.0,0.0,2,6000,0,0,0,0,0,0
TF,RP004,66.609806,112.123972,0, ,0.0,0.0,0.0,0.0,2,2970,0,0,0,0,0,0

STAR,PIRO1N,35,5
IF,PIROD,66.445278,112.692778, ,0.0,0.0,2,6000,0,0,0,0,0,0
TF,RP009,66.244111,112.386250,0, ,0.0,0.0,0.0,0.0,2,3290,0,0,0,0,0,0

STAR,RUSE1J,35,2
IF,RUSEB,66.529444,111.439444, ,0.0,0.0,2,6000,0,0,0,0,0,0
TF,WN,66.354417,112.063361,0, ,0.0,0.0,0.0,0.0,2,3620,0,0,0,0,0,0

STAR,RUSE1K,ALL,2
IF,RUSEB,66.529444,111.439444, ,0.0,0.0,2,6000,0,0,0,0,0,0
TF,W,66.377583,112.046444,0, ,0.0,0.0,0.0,0.0,2,3650,0,0,0,0,0,0

STAR,RUSE1L,ALL,2
IF,RUSEB,66.529444,111.439444, ,0.0,0.0,2,6000,0,0,0,0,0,0
TF,PLR,66.408333,112.027056,0, ,0.0,0.0,0.0,0.0,2,3650,0,0,0,0,0,0

STAR,RUSE1M,17,5
IF,RUSEB,66.529444,111.439444, ,0.0,0.0,2,6000,0,0,0,0,0,0
TF,RP003,66.556639,111.668556,0, ,0.0,0.0,0.0,0.0,2,2970,0,0,0,0,0,0

STAR,RUSE1N,35,5
IF,RUSEB,66.529444,111.439444, ,0.0,0.0,2,6000,0,0,0,0,0,0
TF,RP014,66.256778,111.818250,0, ,0.0,0.0,0.0,0.0,0,0,0,0,0,0,0,0
TF,RP010,66.191750,111.936833,0, ,0.0,0.0,0.0,0.0,2,3620,0,0,0,0,0,0

STAR,SUGI1J,35,2
IF,SUGIP,66.241389,112.569722, ,0.0,0.0,2,6000,0,0,0,0,0,0
TF,WN,66.354417,112.063361,0, ,0.0,0.0,0.0,0.0,2,3620,0,0,0,0,0,0

STAR,SUGI1K,ALL,2
IF,SUGIP,66.241389,112.569722, ,0.0,0.0,2,6000,0,0,0,0,0,0
TF,W,66.377583,112.046444,0, ,0.0,0.0,0.0,0.0,2,3650,0,0,0,0,0,0

STAR,SUGI1L,ALL,2
IF,SUGIP,66.241389,112.569722, ,0.0,0.0,2,6000,0,0,0,0,0,0
TF,PLR,66.408333,112.027056,0, ,0.0,0.0,0.0,0.0,2,3650,0,0,0,0,0,0

STAR,SUGI1M,17,5
IF,SUGIP,66.241389,112.569722, ,0.0,0.0,2,6000,0,0,0,0,0,0
TF,RP005,66.544583,112.243500,0, ,0.0,0.0,0.0,0.0,0,0,0,0,0,0,0,0
TF,RP004,66.609806,112.123972,0, ,0.0,0.0,0.0,0.0,2,2970,0,0,0,0,0,0

STAR,SUGI1N,35,5
IF,SUGIP,66.241389,112.569722, ,0.0,0.0,2,6000,0,0,0,0,0,0
TF,RP009,66.244111,112.386250,0, ,0.0,0.0,0.0,0.0,2,3290,0,0,0,0,0,0

FINAL,D17,17,D,3
IF,CD17,66.603036,111.886564,PLR,353.0,12.2,2,3300,0,0,0,0,0,0
CF,FD17,66.502508,111.959386,0,PLR,353.0,5.9,173.0,6.3,1,3300,0,0,0,0,2,0
CF,RW17,66.413636,112.020389,0,PLR,342.3,0.4,173.0,5.6,1,1705,0,0,0,0,3,0
CF,PLR,66.408333,112.027056,0,PLR,0.0,0.0,173.0,0.4,0,0,0,0,0,0,0,1
CA,0,173.0,2,2650,0,0,0,0,0,0
DF,PLR,66.408333,112.027056,1, ,0.0,0.0,2,3300,0,0,0,0,0,0

FINAL,D35,35,D,3
IF,CD35,66.200719,112.174372,PLR,173.0,13.0,2,3290,0,0,0,0,0,0
CF,FD35,66.298156,112.105547,0,PLR,173.0,6.9,353.0,6.1,1,3290,0,0,0,0,2,0
CF,RW35,66.386947,112.039783,0,PLR,175.6,1.3,353.0,5.6,1,1696,0,0,0,0,3,0
CF,PLR,66.408333,112.027056,0,PLR,0.0,0.0,353.0,1.3,0,0,0,0,0,0,0,1
CA,0,353.0,2,2630,0,0,0,0,0,0
DF,PLR,66.408333,112.027056,2, ,0.0,0.0,2,3290,0,0,0,0,0,0

FINAL,I35-W,35,I,3
IF,CF35,66.273764,112.121542,IWN,172.8,9.0,2,3290,0,0,0,0,0,0
CF,FF35,66.298011,112.104089,0,IWN,172.8,7.5,353.0,1.5,1,3290,0,0,0,0,2,0
CF,RW35,66.386947,112.039783,0,IWN,172.8,1.9,353.0,5.6,1,1696,0,0,0,0,3,0
CF,PLR,66.408333,112.027056,0,PLR,0.0,0.0,353.0,1.3,0,0,0,0,0,0,0,0
CA,0,353.0,2,2630,0,0,0,0,0,0
DF,PLR,66.408333,112.027056,2, ,0.0,0.0,2,3290,0,0,0,0,0,0

FINAL,I35-X,35,I,3
IF,CF35,66.273764,112.121542,IWN,172.8,9.0,2,3290,0,0,0,0,0,0
CF,FF35,66.298011,112.104089,0,IWN,172.8,7.5,353.0,1.5,1,3290,0,0,0,0,2,0
CF,RW35,66.386947,112.039783,0,IWN,172.8,1.9,353.0,5.6,1,1696,0,0,0,0,3,0
CA,0,353.0,2,2630,0,0,0,0,0,0
DF,WN,66.354417,112.063361,2, ,0.0,0.0,2,3290,0,0,0,0,0,0

FINAL,I35-Y,35,I,3
IF,CF35,66.273764,112.121542,IWN,172.8,9.0,2,3450,0,0,0,0,0,0
CF,FF35,66.298011,112.104089,0,IWN,172.8,7.5,353.0,1.5,1,3290,0,0,0,0,2,0
CF,RW35,66.386947,112.039783,0,IWN,172.8,1.9,353.0,5.6,1,1696,0,0,0,0,3,0
CA,0,353.0,2,2630,0,0,0,0,0,0
DF,W,66.377583,112.046444,2, ,0.0,0.0,2,3450,0,0,0,0,0,0

APPTR,I35-Z,35,OGONI
IF,OGONI,66.139167,112.189444, ,0.0,0.0,2,6000,0,0,0,0,1,0
TF,RP008,66.251111,112.137667,0,IWN,0.0,0.0,0.0,0.0,2,3290,0,0,0,0,1,0

APPTR,I35-Z,35,RP009
IF,RP009,66.244111,112.386250, ,0.0,0.0,2,3290,0,0,0,0,1,0
TF,RP008,66.251111,112.137667,0,IWN,0.0,0.0,0.0,0.0,2,3290,0,0,0,0,1,0

APPTR,I35-Z,35,RP010
IF,RP010,66.191750,111.936833, ,0.0,0.0,2,3620,0,0,0,0,1,0
TF,RP008,66.251111,112.137667,0,IWN,0.0,0.0,0.0,0.0,2,3290,0,0,0,0,1,0

FINAL,I35-Z,35,I,3
IF,RP008,66.251111,112.137667,IWN,172.8,10.4,2,3290,0,0,0,0,0,0
CF,FI35Z,66.317153,112.090289,0,IWN,172.8,6.3,353.0,4.1,1,2960,0,0,0,0,2,0
CF,RW35,66.386947,112.039783,0,IWN,172.8,1.9,353.0,4.4,1,1696,0,0,0,0,3,0
CF,RP011,66.504444,111.954444,0,PLR,352.2,6.1,353.0,7.4,0,0,0,1,260,0,0,1
DF,RP012,66.324639,112.400639,2, ,0.0,0.0,0,0,0,0,0,0,0,0
TF,RP009,66.244111,112.386250,0, ,0.0,0.0,0.0,0.0,2,3290,0,0,0,0,0,0

APPTR,J17,17,RP003
IF,RP003,66.556639,111.668556, ,0.0,0.0,2,2970,0,0,0,0,1,0
TF,RP002,66.550417,111.920306,0,G17A,0.0,0.0,0.0,0.0,2,2970,0,0,0,0,1,0

APPTR,J17,17,RP004
IF,RP004,66.609806,112.123972, ,0.0,0.0,2,2970,0,0,0,0,1,0
TF,RP002,66.550417,111.920306,0,G17A,0.0,0.0,0.0,0.0,2,2970,0,0,0,0,1,0

FINAL,J17,17,G,3
IF,RP002,66.550417,111.920306,G17A,0.0,0.0,2,2970,0,0,0,0,0,0
TF,RP001,66.483944,111.969083,0,G17A,0.0,0.0,173.0,4.2,1,2970,0,0,0,0,2,0
TF,RW17,66.413636,112.020389,0,G17A,0.0,0.0,173.0,4.4,1,1705,0,0,0,0,3,1
CF,RP006,66.298222,112.104194,0,PLR,173.3,6.9,173.0,7.2,0,0,0,1,260,0,0,1
DF,RP005,66.544583,112.243500,1, ,0.0,0.0,0,0,0,0,0,0,0,0
TF,RP004,66.609806,112.123972,0, ,0.0,0.0,0.0,0.0,2,2970,0,0,0,0,0,0

APPTR,J35,35,OGONI
IF,OGONI,66.139167,112.189444, ,0.0,0.0,2,6000,0,0,0,0,1,0
TF,RP008,66.251111,112.137667,0,G35A,0.0,0.0,0.0,0.0,2,3290,0,0,0,0,1,0

APPTR,J35,35,RP009
IF,RP009,66.244111,112.386250, ,0.0,0.0,2,3290,0,0,0,0,1,0
TF,RP008,66.251111,112.137667,0,G35A,0.0,0.0,0.0,0.0,2,3290,0,0,0,0,1,0

APPTR,J35,35,RP010
IF,RP010,66.191750,111.936833, ,0.0,0.0,2,3620,0,0,0,0,1,0
TF,RP008,66.251111,112.137667,0,G35A,0.0,0.0,0.0,0.0,2,3290,0,0,0,0,1,0

FINAL,J35,35,G,3
IF,RP008,66.251111,112.137667,G35A,0.0,0.0,2,3290,0,0,0,0,0,0
TF,RP007,66.316611,112.090611,0,G35A,0.0,0.0,353.0,4.1,1,2960,0,0,0,0,2,0
TF,RW35,66.386947,112.039783,0,G35A,0.0,0.0,353.0,4.4,1,1696,0,0,0,0,3,1
CF,RP011,66.504444,111.954444,0,PLR,352.2,6.1,353.0,7.4,0,0,0,1,260,0,0,1
DF,RP012,66.324639,112.400639,2, ,0.0,0.0,0,0,0,0,0,0,0,0
TF,RP009,66.244111,112.386250,0, ,0.0,0.0,0.0,0.0,2,3290,0,0,0,0,0,0

FINAL,N35-X,35,N,2
IF,FN35X,66.307111,112.096672,W,0.0,0.0,2,3290,0,0,0,0,2,0
CF,W,66.377583,112.046444,0,W,0.0,0.0,353.0,4.4,1,1883,0,0,0,0,3,0
CA,0,353.0,2,3290,0,0,0,0,0,0
DF,W,66.377583,112.046444,2, ,0.0,0.0,0,0,0,0,0,0,0,0

FINAL,Q17,17,N,2
IF,FQ17,66.502217,111.956889,W,0.0,0.0,1,3300,0,0,0,0,2,0
CF,RW17,66.413636,112.020389,0,PLR,0.0,0.4,173.0,5.6,1,1705,0,0,0,0,3,0
CF,W,66.377583,112.046444,0,PLR,174.8,1.9,173.0,2.3,0,0,0,0,0,0,0,1
CA,0,173.0,2,2650,0,0,0,0,0,0
DF,W,66.377583,112.046444,1, ,0.0,0.0,2,3300,0,0,0,0,0,0

FINAL,Q35-Y,35,N,3
IF,CF35,66.273764,112.121542,WN,0.0,0.0,2,3450,0,0,0,0,0,0
CF,FF35,66.298011,112.104089,0,WN,0.0,0.0,353.0,1.5,1,3290,0,0,0,0,2,0
CF,RW35,66.386947,112.039783,0,PLR,0.0,1.3,353.0,5.6,1,1696,0,0,0,0,3,0
CA,0,353.0,2,2630,0,0,0,0,0,0
DF,WN,66.354417,112.063361,2, ,0.0,0.0,2,3450,0,0,0,0,0,0

FINAL,Q35-Z,35,N,3
IF,CF35,66.273764,112.121542,W,0.0,0.0,2,3450,0,0,0,0,0,0
CF,FF35,66.298011,112.104089,0,W,0.0,0.0,353.0,1.5,1,3290,0,0,0,0,2,0
CF,W,66.377583,112.046444,0,PLR,0.0,1.9,353.0,5.0,1,1864,0,0,0,0,3,0
CA,0,353.0,2,2630,0,0,0,0,0,0
DF,W,66.377583,112.046444,2, ,0.0,0.0,2,3450,0,0,0,0,0,0

APPTR,R17,17,RP003
IF,RP003,66.556639,111.668556, ,0.0,0.0,2,2970,0,0,0,0,1,0
TF,RP002,66.550417,111.920306,0, ,0.0,0.0,0.0,0.0,2,2970,0,0,0,0,1,0

APPTR,R17,17,RP004
IF,RP004,66.609806,112.123972, ,0.0,0.0,2,2970,0,0,0,0,1,0
TF,RP002,66.550417,111.920306,0, ,0.0,0.0,0.0,0.0,2,2970,0,0,0,0,1,0

FINAL,R17,17,R,3
IF,RP002,66.550417,111.920306, ,0.0,0.0,2,2970,0,0,0,0,0,0
TF,RP001,66.483944,111.969083,0, ,0.0,0.0,173.0,4.2,1,2970,0,0,0,0,2,0
TF,RW17,66.413636,112.020389,0, ,0.0,0.0,173.0,4.4,1,1705,0,0,0,0,3,1
CF,RP006,66.298222,112.104194,0,PLR,173.3,6.9,173.0,7.2,0,0,0,1,260,0,0,1
DF,RP005,66.544583,112.243500,1, ,0.0,0.0,0,0,0,0,0,0,0,0
TF,RP004,66.609806,112.123972,0, ,0.0,0.0,0.0,0.0,2,2970,0,0,0,0,0,0

APPTR,R35,35,OGONI
IF,OGONI,66.139167,112.189444, ,0.0,0.0,2,6000,0,0,0,0,1,0
TF,RP008,66.251111,112.137667,0, ,0.0,0.0,0.0,0.0,2,3290,0,0,0,0,1,0

APPTR,R35,35,RP009
IF,RP009,66.244111,112.386250, ,0.0,0.0,2,3290,0,0,0,0,1,0
TF,RP008,66.251111,112.137667,0, ,0.0,0.0,0.0,0.0,2,3290,0,0,0,0,1,0

APPTR,R35,35,RP010
IF,RP010,66.191750,111.936833, ,0.0,0.0,2,3620,0,0,0,0,1,0
TF,RP008,66.251111,112.137667,0, ,0.0,0.0,0.0,0.0,2,3290,0,0,0,0,1,0

FINAL,R35,35,R,3
IF,RP008,66.251111,112.137667, ,0.0,0.0,2,3290,0,0,0,0,0,0
TF,RP007,66.316611,112.090611,0, ,0.0,0.0,353.0,4.1,1,2960,0,0,0,0,2,0
TF,RW35,66.386947,112.039783,0, ,0.0,0.0,353.0,4.4,1,1695,0,0,0,0,3,1
CF,RP011,66.504444,111.954444,0,PLR,352.2,6.1,353.0,7.4,0,0,0,1,260,0,0,1
DF,RP012,66.324639,112.400639,2, ,0.0,0.0,0,0,0,0,0,0,0,0
TF,RP009,66.244111,112.386250,0, ,0.0,0.0,0.0,0.0,2,3290,0,0,0,0,0,0

