SID,AMER1F,18R,2
DF,DER18,50.413169,127.416486,0, ,0.0,0.0,0,0,0,0,0,0,0,1
CA,0,180.0,2,1100,0,1,205,0,0,0
CI,1, ,0.0,82.0,0,0,0,0,0,0,0,0
CF,AMERA,50.221944,128.145833,0,BLG,122.1,29.5,130.0,24.0,2,9000,0,0,0,0,0,0

SID,AMER1G,18R,2
DF,DER18,50.413169,127.416486,0, ,0.0,0.0,0,0,0,0,0,0,0,1
CA,0,180.0,2,1100,0,1,205,0,0,0
CI,0, ,0.0,92.0,0,0,0,0,0,0,0,0
CF,AMERA,50.221944,128.145833,0,BLG,122.1,29.5,127.0,24.0,2,9000,0,0,0,0,0,0

SID,AMER1H,18R,2
DF,L,50.399611,127.420889,0, ,0.0,0.0,0,0,0,0,0,0,0,1
CD, ,0,0,0,BLG,0,0.0,180.0,1.7,0,0,0,1,205,0,0,0
CI,0, ,0.0,97.0,0,0,0,0,0,0,0,0
CF,AMERA,50.221944,128.145833,0,BLG,122.1,29.5,122.0,22.0,2,9000,0,0,0,0,0,0

SID,AMER1J,18R,5
CF,BB011,50.349306,127.437167,0,BLG,184.1,2.7,181.0,4.0,0,0,0,1,215,0,0,1
DF,AMERA,50.221944,128.145833,0, ,0.0,0.0,2,9000,0,0,0,0,0,0

SID,AMER1P,36L,2
CA,0,360.0,2,1100,0,1,205,0,0,0
CI,2, ,0.0,178.0,0,0,0,0,0,0,0,0
CF,AMERA,50.221944,128.145833,0,BLG,122.1,29.5,120.0,25.0,2,9000,0,0,0,0,0,0

SID,AMER1Q,36L,2
CA,0,360.0,2,1100,0,1,205,0,0,0
CI,2, ,0.0,193.0,0,0,0,0,0,0,0,0
CF,AMERA,50.221944,128.145833,0,BLG,122.1,29.5,123.0,27.0,2,9000,0,0,0,0,0,0

SID,AMER1R,36L,2
CA,0,360.0,2,1100,0,1,205,0,0,0
CI,2, ,0.0,196.0,0,0,0,0,0,0,0,0
CF,AMERA,50.221944,128.145833,0,BLG,122.1,29.5,122.0,27.0,2,9000,0,0,0,0,0,0

SID,AMER1S,36L,5
CF,BB029,50.492389,127.390750,0,BLG,0.1,6.1,1.0,4.0,0,0,0,1,205,0,0,1
DF,BB030,50.746611,127.551083,0, ,0.0,0.0,0,0,0,1,205,0,0,0
TF,BB031,50.670361,127.884750,0, ,0.0,0.0,0.0,0.0,0,0,0,0,0,0,0,0
TF,AMERA,50.221944,128.145833,0, ,0.0,0.0,0.0,0.0,2,9000,0,0,0,0,0,0

SID,AMER1Z,36L,5
CF,BB029,50.492389,127.390750,0,BLG,0.1,6.1,1.0,4.0,0,0,0,1,205,0,0,1
DF,AMERA,50.221944,128.145833,2, ,0.0,0.0,2,9000,0,0,0,0,0,0

SID,AMER2C,18L,5
CF,BB101,50.349111,127.441250,0,BLG,180.9,2.7,181.0,4.0,0,0,0,0,0,0,0,1
DF,BB102,50.311361,127.641806,0, ,0.0,0.0,2,4000,0,0,0,0,0,0
TF,AMERA,50.221944,128.145833,0, ,0.0,0.0,0.0,0.0,2,9000,0,0,0,0,0,0

SID,AMER2D,36R,5
CF,BB108,50.492472,127.393806,0,BLG,1.1,6.1,1.0,4.0,0,0,0,0,0,0,0,1
DF,BB113,50.385083,127.782278,2, ,0.0,0.0,2,4000,0,0,0,0,0,0
TF,AMERA,50.221944,128.145833,0, ,0.0,0.0,0.0,0.0,2,9000,0,0,0,0,0,0

SID,AMER2Y,36R,5
CF,BB108,50.492472,127.393806,0,BLG,1.1,6.1,1.0,4.0,0,0,0,0,0,0,0,1
DF,BB109,50.746611,127.551083,0, ,0.0,0.0,2,4000,0,0,0,0,0,0
TF,BB110,50.669556,127.888167,0, ,0.0,0.0,0.0,0.0,0,0,0,0,0,0,0,0
TF,AMERA,50.221944,128.145833,0, ,0.0,0.0,0.0,0.0,2,9000,0,0,0,0,0,0

SID,RUNE1F,18R,2
DF,DER18,50.413169,127.416486,0, ,0.0,0.0,0,0,0,0,0,0,0,1
CA,0,180.0,2,1100,0,1,205,0,0,0
DF,BM,50.474861,127.396417,1, ,0.0,0.0,0,0,0,1,205,0,0,0
TF,RUNET,50.903333,127.556667,0, ,0.0,0.0,0.0,0.0,2,9000,0,0,0,0,0,0

SID,RUNE1G,18R,2
DF,DER18,50.413169,127.416486,0, ,0.0,0.0,0,0,0,0,0,0,0,1
CA,0,180.0,2,1100,0,1,205,0,0,0
CI,1, ,0.0,325.0,0,0,0,0,0,0,0,0
CF,RUNET,50.903333,127.556667,0,BLG,21.2,31.0,24.0,27.0,2,9000,0,0,0,0,0,0

SID,RUNE1H,18R,2
DF,L,50.399611,127.420889,0, ,0.0,0.0,0,0,0,0,0,0,0,1
CD, ,0,0,0,BLG,0,0.0,180.0,1.7,0,0,0,1,205,0,0,0
CI,1, ,0.0,337.0,0,0,0,0,0,0,0,0
CF,RUNET,50.903333,127.556667,0,BLG,21.2,31.0,21.0,28.0,2,9000,0,0,0,0,0,0

SID,RUNE1J,18R,5
CF,BB011,50.349306,127.437167,0,BLG,184.1,2.7,181.0,4.0,0,0,0,1,215,0,0,1
DF,RUNET,50.903333,127.556667,1, ,0.0,0.0,2,9000,0,0,0,0,0,0

SID,RUNE1P,36L,2
CA,0,360.0,2,1100,0,1,205,0,0,0
CI,0, ,0.0,40.0,0,0,0,0,0,0,0,0
CF,RUNET,50.903333,127.556667,0,BLG,21.2,31.0,21.0,25.0,2,9000,0,0,0,0,0,0

SID,RUNE1Q,36L,2
CA,0,360.0,2,1100,0,1,205,0,0,0
CI,0, ,0.0,37.0,0,0,0,0,0,0,0,0
CF,RUNET,50.903333,127.556667,0,BLG,21.2,31.0,22.0,26.0,2,9000,0,0,0,0,0,0

SID,RUNE1R,36L,2
CA,0,360.0,2,1100,0,1,205,0,0,0
CI,0, ,0.0,39.0,0,0,0,0,0,0,0,0
CF,RUNET,50.903333,127.556667,0,BLG,21.2,31.0,21.0,25.0,2,9000,0,0,0,0,0,0

SID,RUNE1S,36L,5
CF,BB029,50.492389,127.390750,0,BLG,0.1,6.1,1.0,4.0,0,0,0,1,205,0,0,1
TF,RUNET,50.903333,127.556667,0, ,0.0,0.0,0.0,0.0,2,9000,0,0,0,0,0,0

SID,RUNE1X,18R,5
CF,BB011,50.349306,127.437167,0,BLG,184.1,2.7,181.0,4.0,0,0,0,1,215,0,0,1
DF,BB015,50.441444,127.708278,1, ,0.0,0.0,0,0,0,0,0,0,0,0
TF,BB016,50.553639,127.896778,0, ,0.0,0.0,0.0,0.0,2,7000,0,0,0,0,0,0
TF,RUNET,50.903333,127.556667,0, ,0.0,0.0,0.0,0.0,2,9000,0,0,0,0,0,0

SID,RUNE2C,18L,5
CF,BB101,50.349111,127.441250,0,BLG,180.9,2.7,181.0,4.0,0,0,0,0,0,0,0,1
DF,RUNET,50.903333,127.556667,1, ,0.0,0.0,2,8000,0,0,0,0,0,0

SID,RUNE2D,36R,5
CF,BB108,50.492472,127.393806,0,BLG,1.1,6.1,1.0,4.0,0,0,0,0,0,0,0,1
DF,RUNET,50.903333,127.556667,0, ,0.0,0.0,2,8000,0,0,0,0,0,0

SID,RUNE2W,18L,5
CF,BB101,50.349111,127.441250,0,BLG,180.9,2.7,181.0,4.0,0,0,0,0,0,0,0,1
DF,BB107,50.473361,127.399389,1, ,0.0,0.0,0,0,0,0,0,0,0,0
TF,RUNET,50.903333,127.556667,0, ,0.0,0.0,0.0,0.0,2,8000,0,0,0,0,0,0

SID,RUNE2Y,18L,5
CF,BB101,50.349111,127.441250,0,BLG,180.9,2.7,181.0,4.0,0,0,0,0,0,0,0,1
DF,BB105,50.444861,127.717972,1, ,0.0,0.0,2,4000,0,0,0,0,0,0
TF,BB106,50.564583,127.916694,0, ,0.0,0.0,0.0,0.0,0,0,0,0,0,0,0,0
TF,RUNET,50.903333,127.556667,0, ,0.0,0.0,0.0,0.0,2,8000,0,0,0,0,0,0

SID,SIML1F,18R,2
DF,DER18,50.413169,127.416486,0, ,0.0,0.0,0,0,0,0,0,0,0,1
CA,0,180.0,2,1100,0,1,205,0,0,0
CF,SIMLI,50.290000,127.368333,0,BLG,211.8,6.6,214.0,6.0,2,6000,0,0,0,0,0,0

SID,SIML1H,18R,2
DF,L,50.399611,127.420889,0, ,0.0,0.0,0,0,0,0,0,0,0,1
CD, ,0,0,0,BLG,0,0.0,180.0,1.7,0,0,0,1,205,0,0,0
DF,BLG,50.393333,127.426444,1, ,0.0,0.0,0,0,0,1,205,0,0,0
TF,SIMLI,50.290000,127.368333,0, ,0.0,0.0,0.0,0.0,2,6000,0,0,0,0,0,0

SID,SIML1J,18R,5
CF,BB011,50.349306,127.437167,0,BLG,184.1,2.7,181.0,4.0,0,0,0,1,215,0,0,1
DF,BB012,50.311361,127.641806,0, ,0.0,0.0,0,0,0,0,0,0,0,0
TF,BB013,50.381000,127.685389,0, ,0.0,0.0,0.0,0.0,0,0,0,0,0,0,0,0
TF,BB014,50.441083,127.581806,0, ,0.0,0.0,0.0,0.0,0,0,0,1,215,0,0,0
TF,SIMLI,50.290000,127.368333,0, ,0.0,0.0,0.0,0.0,2,6000,0,0,0,0,0,0

SID,SIML1P,36L,2
DF,DER36,50.437814,127.408489,0, ,0.0,0.0,0,0,0,0,0,0,0,1
CA,0,360.0,2,1100,0,1,205,0,0,0
DF,LZ,50.374417,127.432500,2, ,0.0,0.0,0,0,0,1,205,0,0,0
TF,SIMLI,50.290000,127.368333,0, ,0.0,0.0,0.0,0.0,2,6000,0,0,0,0,0,0

SID,SIML1Q,36L,2
DF,DER36,50.437814,127.408489,0, ,0.0,0.0,0,0,0,0,0,0,0,1
CA,0,360.0,2,1100,0,1,205,0,0,0
DF,L,50.399611,127.420889,2, ,0.0,0.0,0,0,0,1,205,0,0,0
TF,SIMLI,50.290000,127.368333,0, ,0.0,0.0,0.0,0.0,2,6000,0,0,0,0,0,0

SID,SIML1R,36L,2
DF,DER36,50.437814,127.408489,0, ,0.0,0.0,0,0,0,0,0,0,0,1
CA,0,360.0,2,1100,0,1,205,0,0,0
DF,BLG,50.393333,127.426444,2, ,0.0,0.0,0,0,0,0,0,0,0,0
TF,SIMLI,50.290000,127.368333,0, ,0.0,0.0,0.0,0.0,2,6000,0,0,0,0,0,0

SID,SIML1S,36L,5
CF,BB029,50.492389,127.390750,0,BLG,0.1,6.1,1.0,4.0,0,0,0,1,205,0,0,1
DF,BB030,50.746611,127.551083,0, ,0.0,0.0,0,0,0,1,205,0,0,0
TF,BB031,50.670361,127.884750,0, ,0.0,0.0,0.0,0.0,0,0,0,0,0,0,0,0
TF,BB032,50.449639,127.797028,0, ,0.0,0.0,0.0,0.0,0,0,0,0,0,0,0,0
TF,SIMLI,50.290000,127.368333,0, ,0.0,0.0,0.0,0.0,2,6000,0,0,0,0,0,0

SID,SIML1Z,36L,5
CF,BB029,50.492389,127.390750,0,BLG,0.1,6.1,1.0,4.0,0,0,0,1,205,0,0,1
DF,SIMLI,50.290000,127.368333,2, ,0.0,0.0,2,6000,0,0,0,0,0,0

SID,SIML2C,18L,5
CF,BB101,50.349111,127.441250,0,BLG,180.9,2.7,181.0,4.0,0,0,0,0,0,0,0,1
DF,BB102,50.311361,127.641806,0, ,0.0,0.0,2,4000,0,0,0,0,0,0
TF,BB103,50.381000,127.685389,0, ,0.0,0.0,0.0,0.0,0,0,0,0,0,0,0,0
TF,BB104,50.441083,127.581806,0, ,0.0,0.0,0.0,0.0,0,0,0,1,220,0,0,0
TF,SIMLI,50.290000,127.368333,0, ,0.0,0.0,0.0,0.0,2,6000,0,0,0,0,0,0

SID,SIML2D,36R,5
CF,BB108,50.492472,127.393806,0,BLG,1.1,6.1,1.0,4.0,0,0,0,0,0,0,0,1
DF,SIMLI,50.290000,127.368333,2, ,0.0,0.0,2,6000,0,0,0,0,0,0

SID,SIML2Y,36R,5
CF,BB108,50.492472,127.393806,0,BLG,1.1,6.1,1.0,4.0,0,0,0,0,0,0,0,1
DF,BB109,50.746611,127.551083,0, ,0.0,0.0,2,4000,0,0,0,0,0,0
TF,BB110,50.669556,127.888167,0, ,0.0,0.0,0.0,0.0,0,0,0,0,0,0,0,0
TF,BB111,50.497972,127.767667,2, ,0.0,0.0,0.0,0.0,0,0,0,0,0,0,0,0
TF,SIMLI,50.290000,127.368333,0, ,0.0,0.0,0.0,0.0,2,6000,0,0,0,0,0,0

SID,WZ1F,18R,2
DF,DER18,50.413169,127.416486,0, ,0.0,0.0,0,0,0,0,0,0,0,1
CA,0,180.0,2,1100,0,1,205,0,0,0
CI,0, ,0.0,125.0,0,0,0,0,0,0,0,0
CF,WZ,50.635556,128.035278,0,BLG,69.8,27.5,57.0,26.0,2,8000,0,0,0,0,0,0

SID,WZ1J,18R,5
CF,BB011,50.349306,127.437167,0,BLG,184.1,2.7,181.0,4.0,0,0,0,1,215,0,0,1
DF,BB015,50.441444,127.708278,1, ,0.0,0.0,0,0,0,0,0,0,0,0
TF,BB016,50.553639,127.896778,0, ,0.0,0.0,0.0,0.0,2,7000,0,0,0,0,0,0
TF,WZ,50.635556,128.035278,0, ,0.0,0.0,0.0,0.0,2,8000,0,0,0,0,0,0

SID,WZ1P,36L,2
CA,0,360.0,2,1100,0,1,205,0,0,0
CF,WZ,50.635556,128.035278,0,BLG,69.8,27.5,83.0,26.0,2,8000,0,0,0,0,0,0

SID,WZ1S,36L,5
CF,BB029,50.492389,127.390750,0,BLG,0.1,6.1,1.0,4.0,0,0,0,1,205,0,0,1
DF,BB030,50.746611,127.551083,0, ,0.0,0.0,0,0,0,1,205,0,0,0
TF,BB031,50.670361,127.884750,0, ,0.0,0.0,0.0,0.0,0,0,0,0,0,0,0,0
TF,WZ,50.635556,128.035278,0, ,0.0,0.0,0.0,0.0,2,8000,0,0,0,0,0,0

SID,WZ1Z,36L,5
CF,BB029,50.492389,127.390750,0,BLG,0.1,6.1,1.0,4.0,0,0,0,1,205,0,0,1
DF,BB025,50.580778,127.779278,0, ,0.0,0.0,0,0,0,0,0,0,0,0
TF,WZ,50.635556,128.035278,0, ,0.0,0.0,0.0,0.0,2,8000,0,0,0,0,0,0

SID,WZ2C,18L,5
CF,BB101,50.349111,127.441250,0,BLG,180.9,2.7,181.0,4.0,0,0,0,0,0,0,0,1
DF,BB105,50.444861,127.717972,1, ,0.0,0.0,2,4000,0,0,0,0,0,0
TF,BB106,50.564583,127.916694,0, ,0.0,0.0,0.0,0.0,0,0,0,0,0,0,0,0
TF,WZ,50.635556,128.035278,0, ,0.0,0.0,0.0,0.0,2,8000,0,0,0,0,0,0

SID,WZ2D,36R,5
CF,BB108,50.492472,127.393806,0,BLG,1.1,6.1,1.0,4.0,0,0,0,0,0,0,0,1
DF,BB112,50.577083,127.701250,0, ,0.0,0.0,2,4000,0,0,0,0,0,0
TF,WZ,50.635556,128.035278,0, ,0.0,0.0,0.0,0.0,2,8000,0,0,0,0,0,0

SID,WZ2Y,36R,5
CF,BB108,50.492472,127.393806,0,BLG,1.1,6.1,1.0,4.0,0,0,0,0,0,0,0,1
DF,BB109,50.746611,127.551083,0, ,0.0,0.0,2,4000,0,0,0,0,0,0
TF,BB110,50.669556,127.888167,0, ,0.0,0.0,0.0,0.0,0,0,0,0,0,0,0,0
TF,WZ,50.635556,128.035278,0, ,0.0,0.0,0.0,0.0,2,8000,0,0,0,0,0,0

STAR,AMER1A,18R,2
IF,AMERA,50.221944,128.145833, ,0.0,0.0,2,8000,0,0,0,0,0,0
TF,D310Q,50.343722,127.787775,0, ,0.0,0.0,0.0,0.0,2,7000,0,0,0,0,0,0
TF,BM,50.474861,127.396417,0, ,0.0,0.0,0.0,0.0,4,3000,2100,0,0,0,0,0

STAR,AMER1B,18R,2
IF,AMERA,50.221944,128.145833, ,0.0,0.0,2,8000,0,0,0,0,0,0
TF,D308P,50.332917,127.781539,0, ,0.0,0.0,0.0,0.0,2,7000,0,0,0,0,0,0
TF,B,50.445611,127.405917,0, ,0.0,0.0,0.0,0.0,2,2100,0,0,0,0,0,0

STAR,AMER1C,18R,2
IF,AMERA,50.221944,128.145833, ,0.0,0.0,2,8000,0,0,0,0,0,0
TF,D123J,50.336706,127.668447,0, ,0.0,0.0,0.0,0.0,2,7000,0,0,0,0,0,0

STAR,AMER1E,18R,5
IF,AMERA,50.221944,128.145833, ,0.0,0.0,2,8000,0,0,0,0,0,0
TF,BB010,50.556750,127.902500,0, ,0.0,0.0,0.0,0.0,2,7000,0,0,0,0,0,0
TF,BB009,50.689778,127.804722,0, ,0.0,0.0,0.0,0.0,0,0,0,0,0,0,0,0
TF,BB008,50.733750,127.615889,0, ,0.0,0.0,0.0,0.0,2,7000,0,0,0,0,0,0
TF,BB003,50.664472,127.483389,0, ,0.0,0.0,0.0,0.0,2,2100,0,0,0,0,0,0

STAR,AMER1K,36L,2
IF,AMERA,50.221944,128.145833, ,0.0,0.0,2,8000,0,0,0,0,0,0
TF,D301M,50.304806,127.760994,0, ,0.0,0.0,0.0,0.0,2,7000,0,0,0,0,0,0
TF,LZ,50.374417,127.432500,0, ,0.0,0.0,0.0,0.0,2,2200,0,0,0,0,0,0

STAR,AMER1L,36L,2
IF,AMERA,50.221944,128.145833, ,0.0,0.0,2,8000,0,0,0,0,0,0
TF,D303N,50.314981,127.769189,0, ,0.0,0.0,0.0,0.0,2,7000,0,0,0,0,0,0
TF,L,50.399611,127.420889,0, ,0.0,0.0,0.0,0.0,2,2200,0,0,0,0,0,0

STAR,AMER1M,36L,2
IF,AMERA,50.221944,128.145833, ,0.0,0.0,2,8000,0,0,0,0,0,0
TF,D122N,50.311764,127.771797,0, ,0.0,0.0,0.0,0.0,2,7000,0,0,0,0,0,0
TF,BLG,50.393333,127.426444,0, ,0.0,0.0,0.0,0.0,2,2200,0,0,0,0,0,0

STAR,AMER1N,36L,5
IF,AMERA,50.221944,128.145833, ,0.0,0.0,2,8000,0,0,0,0,0,0
TF,BB023,50.344111,127.809500,0, ,0.0,0.0,0.0,0.0,2,7000,0,0,0,0,0,0

STAR,AMER1T,18R,5
IF,AMERA,50.221944,128.145833, ,0.0,0.0,2,8000,0,0,0,0,0,0
TF,BB034,50.558111,127.704639,0, ,0.0,0.0,0.0,0.0,2,7000,0,1,225,0,0,0
TF,BB007,50.633222,127.631000,0, ,0.0,0.0,0.0,0.0,0,0,0,0,0,0,0,0
TF,BB003,50.664472,127.483389,0, ,0.0,0.0,0.0,0.0,2,2100,0,0,0,0,0,0

STAR,AMER2G,18L,5
IF,AMERA,50.221944,128.145833, ,0.0,0.0,2,8000,0,0,0,0,0,0
TF,BB203,50.522000,127.789639,0, ,0.0,0.0,0.0,0.0,2,5000,0,0,0,0,0,0
TF,BB202,50.688944,127.825944,0, ,0.0,0.0,0.0,0.0,0,0,0,0,0,0,0,0
TF,BB201,50.737083,127.621222,0, ,0.0,0.0,0.0,0.0,2,4000,0,0,0,0,0,0
TF,BB301,50.671944,127.497250,0, ,0.0,0.0,0.0,0.0,2,3000,0,1,185,0,0,0

STAR,AMER2H,36R,5
IF,AMERA,50.221944,128.145833, ,0.0,0.0,2,8000,0,0,0,0,0,0
TF,BB206,50.299833,127.821889,0, ,0.0,0.0,0.0,0.0,2,4000,0,0,0,0,0,0
TF,BB307,50.348000,127.619139,0, ,0.0,0.0,0.0,0.0,2,3000,0,0,0,0,0,0

STAR,AMER2W,18L,5
IF,AMERA,50.221944,128.145833, ,0.0,0.0,2,8000,0,0,0,0,0,0
TF,BB203,50.522000,127.789639,0, ,0.0,0.0,0.0,0.0,2,5000,0,0,0,0,0,0
TF,BB301,50.671944,127.497250,0, ,0.0,0.0,0.0,0.0,2,3000,0,1,185,0,0,0

STAR,AMER2X,36R,5
IF,AMERA,50.221944,128.145833, ,0.0,0.0,2,8000,0,0,0,0,0,0
TF,BB206,50.299833,127.821889,0, ,0.0,0.0,0.0,0.0,2,4000,0,0,0,0,0,0
TF,BB306,50.268722,127.606556,0, ,0.0,0.0,0.0,0.0,2,3000,0,1,185,0,0,0

STAR,RUNE1A,18R,2
IF,RUNET,50.903333,127.556667, ,0.0,0.0,2,8000,0,0,0,0,0,0
TF,BM,50.474861,127.396417,0, ,0.0,0.0,0.0,0.0,4,3000,2100,0,0,0,0,0

STAR,RUNE1B,18R,2
IF,RUNET,50.903333,127.556667, ,0.0,0.0,2,8000,0,0,0,0,0,0
TF,B,50.445611,127.405917,0, ,0.0,0.0,0.0,0.0,2,2100,0,0,0,0,0,0

STAR,RUNE1C,18R,2
IF,RUNET,50.903333,127.556667, ,0.0,0.0,2,8000,0,0,0,0,0,0
TF,D022J,50.556122,127.466917,0, ,0.0,0.0,0.0,0.0,2,2100,0,0,0,0,0,0

STAR,RUNE1E,18R,5
IF,RUNET,50.903333,127.556667, ,0.0,0.0,2,8000,0,0,0,0,0,0
TF,BB003,50.664472,127.483389,0, ,0.0,0.0,0.0,0.0,2,2100,0,0,0,0,0,0

STAR,RUNE1K,36L,2
IF,RUNET,50.903333,127.556667, ,0.0,0.0,2,8000,0,0,0,0,0,0
TF,LZ,50.374417,127.432500,0, ,0.0,0.0,0.0,0.0,2,2200,0,0,0,0,0,0

STAR,RUNE1L,36L,2
IF,RUNET,50.903333,127.556667, ,0.0,0.0,2,8000,0,0,0,0,0,0
TF,L,50.399611,127.420889,0, ,0.0,0.0,0.0,0.0,2,2200,0,0,0,0,0,0

STAR,RUNE1M,36L,2
IF,RUNET,50.903333,127.556667, ,0.0,0.0,2,8000,0,0,0,0,0,0
TF,BLG,50.393333,127.426444,0, ,0.0,0.0,0.0,0.0,2,2200,0,0,0,0,0,0

STAR,RUNE1N,36L,5
IF,RUNET,50.903333,127.556667, ,0.0,0.0,2,8000,0,0,0,0,0,0
TF,BB028,50.509000,127.936861,0, ,0.0,0.0,0.0,0.0,0,0,0,0,0,0,0,0
TF,BB023,50.344111,127.809500,0, ,0.0,0.0,0.0,0.0,2,7000,0,0,0,0,0,0

STAR,RUNE1U,36L,5
IF,RUNET,50.903333,127.556667, ,0.0,0.0,2,8000,0,0,0,0,0,0
TF,BB035,50.628806,127.646278,0, ,0.0,0.0,0.0,0.0,0,0,0,0,0,0,0,0
TF,BB023,50.344111,127.809500,0, ,0.0,0.0,0.0,0.0,2,7000,0,0,0,0,0,0

STAR,RUNE2G,18L,5
IF,RUNET,50.903333,127.556667, ,0.0,0.0,2,8000,0,0,0,0,0,0
TF,BB301,50.671944,127.497250,0, ,0.0,0.0,0.0,0.0,2,3000,0,1,185,0,0,0

STAR,RUNE2H,36R,5
IF,RUNET,50.903333,127.556667, ,0.0,0.0,2,8000,0,0,0,0,0,0
TF,BB307,50.348000,127.619139,0, ,0.0,0.0,0.0,0.0,2,3000,0,0,0,0,0,0

STAR,RUNE2X,36R,5
IF,RUNET,50.903333,127.556667, ,0.0,0.0,2,8000,0,0,0,0,0,0
TF,BB204,50.537278,127.892250,0, ,0.0,0.0,0.0,0.0,0,0,0,0,0,0,0,0
TF,BB205,50.452806,127.769972,0, ,0.0,0.0,0.0,0.0,2,4000,0,0,0,0,0,0
TF,BB307,50.348000,127.619139,0, ,0.0,0.0,0.0,0.0,2,3000,0,0,0,0,0,0

STAR,SIML1A,18R,2
IF,SIMLI,50.290000,127.368333, ,0.0,0.0,2,5000,0,1,215,0,0,0
TF,D152H,50.373925,127.528750,0, ,0.0,0.0,0.0,0.0,0,0,0,0,0,0,0,1
CF,BM,50.474861,127.396417,1,BLG,358.8,5.0,310.0,6.0,4,3000,2100,0,0,0,0,0

STAR,SIML1B,18R,2
IF,SIMLI,50.290000,127.368333, ,0.0,0.0,2,5000,0,1,215,0,0,0
TF,D156F,50.360342,127.502714,0, ,0.0,0.0,0.0,0.0,0,0,0,0,0,0,0,1
CF,B,50.445611,127.405917,1,BLG,357.9,3.2,308.0,4.0,2,2100,0,0,0,0,0,0

STAR,SIML1C,18R,2
IF,SIMLI,50.290000,127.368333, ,0.0,0.0,2,5000,0,1,215,0,0,0
TF,BLG,50.393333,127.426444,0, ,0.0,0.0,0.0,0.0,0,0,0,0,0,0,0,0
TF,D033J,50.548183,127.514919,0, ,0.0,0.0,0.0,0.0,2,2000,0,0,0,0,0,0

STAR,SIML1E,18R,5
IF,SIMLI,50.290000,127.368333, ,0.0,0.0,2,7000,0,0,0,0,0,0
TF,BB010,50.556750,127.902500,0, ,0.0,0.0,0.0,0.0,2,7000,0,0,0,0,0,0
TF,BB009,50.689778,127.804722,0, ,0.0,0.0,0.0,0.0,0,0,0,0,0,0,0,0
TF,BB008,50.733750,127.615889,0, ,0.0,0.0,0.0,0.0,2,7000,0,0,0,0,0,0
TF,BB003,50.664472,127.483389,0, ,0.0,0.0,0.0,0.0,2,2100,0,0,0,0,0,0

STAR,SIML1K,36L,2
IF,SIMLI,50.290000,127.368333, ,0.0,0.0,2,5000,0,0,0,0,0,0
TF,LZ,50.374417,127.432500,0, ,0.0,0.0,0.0,0.0,2,2200,0,0,0,0,0,0

STAR,SIML1L,36L,2
IF,SIMLI,50.290000,127.368333, ,0.0,0.0,2,5000,0,0,0,0,0,0
TF,L,50.399611,127.420889,0, ,0.0,0.0,0.0,0.0,2,2200,0,0,0,0,0,0

STAR,SIML1M,36L,2
IF,SIMLI,50.290000,127.368333, ,0.0,0.0,2,5000,0,0,0,0,0,0
TF,BLG,50.393333,127.426444,0, ,0.0,0.0,0.0,0.0,2,2200,0,0,0,0,0,0

STAR,SIML1N,36L,5
IF,SIMLI,50.290000,127.368333, ,0.0,0.0,2,7000,0,0,0,0,0,0
TF,BB023,50.344111,127.809500,0, ,0.0,0.0,0.0,0.0,2,7000,0,0,0,0,0,0

STAR,SIML1T,18R,5
IF,SIMLI,50.290000,127.368333, ,0.0,0.0,2,5000,0,0,0,0,0,0
TF,BB033,50.555472,127.612167,0, ,0.0,0.0,0.0,0.0,0,0,0,1,205,0,0,0
TF,BB007,50.633222,127.631000,0, ,0.0,0.0,0.0,0.0,0,0,0,0,0,0,0,0
TF,BB003,50.664472,127.483389,0, ,0.0,0.0,0.0,0.0,2,2100,0,0,0,0,0,0

STAR,SIML2G,18L,5
IF,SIMLI,50.290000,127.368333, ,0.0,0.0,2,5000,0,0,0,0,0,0
TF,BB307,50.348000,127.619139,0, ,0.0,0.0,0.0,0.0,0,0,0,0,0,0,0,0
TF,BB203,50.522000,127.789639,0, ,0.0,0.0,0.0,0.0,2,5000,0,0,0,0,0,0
TF,BB202,50.688944,127.825944,0, ,0.0,0.0,0.0,0.0,0,0,0,0,0,0,0,0
TF,BB201,50.737083,127.621222,0, ,0.0,0.0,0.0,0.0,2,4000,0,0,0,0,0,0
TF,BB301,50.671944,127.497250,0, ,0.0,0.0,0.0,0.0,2,3000,0,1,185,0,0,0

STAR,SIML2H,36R,5
IF,SIMLI,50.290000,127.368333, ,0.0,0.0,2,5000,0,0,0,0,0,0
TF,BB307,50.348000,127.619139,0, ,0.0,0.0,0.0,0.0,2,3000,0,0,0,0,0,0

STAR,SIML2W,18L,5
IF,SIMLI,50.290000,127.368333, ,0.0,0.0,2,5000,0,0,0,0,0,0
TF,BB307,50.348000,127.619139,0, ,0.0,0.0,0.0,0.0,0,0,0,0,0,0,0,0
TF,BB203,50.522000,127.789639,0, ,0.0,0.0,0.0,0.0,2,5000,0,0,0,0,0,0
TF,BB301,50.671944,127.497250,0, ,0.0,0.0,0.0,0.0,2,3000,0,1,185,0,0,0

STAR,WZ1A,18R,2
IF,WZ,50.635556,128.035278, ,0.0,0.0,2,8000,0,0,0,0,0,0
TF,D122M,50.402164,127.707131,0, ,0.0,0.0,0.0,0.0,2,7000,0,0,0,0,0,1
CF,BM,50.474861,127.396417,0,BLG,358.8,5.0,310.0,12.0,4,3000,2100,0,0,0,0,0

STAR,WZ1B,18R,2
IF,WZ,50.635556,128.035278, ,0.0,0.0,2,8000,0,0,0,0,0,0
TF,D119K,50.389772,127.689831,0, ,0.0,0.0,0.0,0.0,2,7000,0,0,0,0,0,1
CF,B,50.445611,127.405917,0,BLG,357.9,3.2,308.0,10.0,2,2100,0,0,0,0,0,0

STAR,WZ1C,18R,2
IF,WZ,50.635556,128.035278, ,0.0,0.0,2,8000,0,0,0,0,0,0
TF,D071J,50.480472,127.645508,0, ,0.0,0.0,0.0,0.0,2,7000,0,0,0,0,0,0

STAR,WZ1E,18R,5
IF,WZ,50.635556,128.035278, ,0.0,0.0,2,8000,0,0,0,0,0,0
TF,BB009,50.689778,127.804722,0, ,0.0,0.0,0.0,0.0,0,0,0,0,0,0,0,0
TF,BB008,50.733750,127.615889,0, ,0.0,0.0,0.0,0.0,2,7000,0,0,0,0,0,0
TF,BB003,50.664472,127.483389,0, ,0.0,0.0,0.0,0.0,2,2100,0,0,0,0,0,0

STAR,WZ1K,36L,2
IF,WZ,50.635556,128.035278, ,0.0,0.0,2,8000,0,0,0,0,0,0
TF,D111H,50.353556,127.639353,0, ,0.0,0.0,0.0,0.0,2,7000,0,0,0,0,0,1
CF,LZ,50.374417,127.432500,0,BLG,181.4,1.2,301.0,7.0,2,2200,0,0,0,0,0,0

STAR,WZ1L,36L,2
IF,WZ,50.635556,128.035278, ,0.0,0.0,2,8000,0,0,0,0,0,0
TF,D114I,50.367100,127.658219,0, ,0.0,0.0,0.0,0.0,2,7000,0,0,0,0,0,0
CF,L,50.399611,127.420889,0,BLG,342.5,0.4,303.0,8.0,2,2200,0,0,0,0,0,0

STAR,WZ1M,36L,2
IF,WZ,50.635556,128.035278, ,0.0,0.0,2,8000,0,0,0,0,0,0
TF,D113I,50.364706,127.654881,0, ,0.0,0.0,0.0,0.0,2,7000,0,0,0,0,0,0
CF,BLG,50.393333,127.426444,0,BLG,0.0,0.0,302.0,8.0,2,2200,0,0,0,0,0,0

STAR,WZ1N,36L,5
IF,WZ,50.635556,128.035278, ,0.0,0.0,2,8000,0,0,0,0,0,0
TF,BB028,50.509000,127.936861,0, ,0.0,0.0,0.0,0.0,0,0,0,0,0,0,0,0
TF,BB023,50.344111,127.809500,0, ,0.0,0.0,0.0,0.0,2,7000,0,0,0,0,0,0

STAR,WZ1T,18R,5
IF,WZ,50.635556,128.035278, ,0.0,0.0,2,8000,0,0,0,0,0,0
TF,BB034,50.558111,127.704639,0, ,0.0,0.0,0.0,0.0,2,7000,0,1,225,0,0,0
TF,BB007,50.633222,127.631000,0, ,0.0,0.0,0.0,0.0,0,0,0,0,0,0,0,0
TF,BB003,50.664472,127.483389,0, ,0.0,0.0,0.0,0.0,2,2100,0,0,0,0,0,0

STAR,WZ2G,18L,5
IF,WZ,50.635556,128.035278, ,0.0,0.0,2,8000,0,0,0,0,0,0
TF,BB202,50.688944,127.825944,0, ,0.0,0.0,0.0,0.0,0,0,0,0,0,0,0,0
TF,BB201,50.737083,127.621222,0, ,0.0,0.0,0.0,0.0,2,4000,0,0,0,0,0,0
TF,BB301,50.671944,127.497250,0, ,0.0,0.0,0.0,0.0,2,3000,0,1,185,0,0,0

STAR,WZ2H,36R,5
IF,WZ,50.635556,128.035278, ,0.0,0.0,2,8000,0,0,0,0,0,0
TF,BB204,50.537278,127.892250,0, ,0.0,0.0,0.0,0.0,0,0,0,0,0,0,0,0
TF,BB205,50.452806,127.769972,0, ,0.0,0.0,0.0,0.0,2,4000,0,0,0,0,0,0
TF,BB307,50.348000,127.619139,0, ,0.0,0.0,0.0,0.0,2,3000,0,0,0,0,0,0

STAR,WZ2W,18L,5
IF,WZ,50.635556,128.035278, ,0.0,0.0,2,8000,0,0,0,0,0,0
TF,BB203,50.522000,127.789639,0, ,0.0,0.0,0.0,0.0,2,5000,0,0,0,0,0,0
TF,BB301,50.671944,127.497250,0, ,0.0,0.0,0.0,0.0,2,3000,0,1,185,0,0,0

APPTR,D18L,18L,D022Q
IF,D022Q,50.671944,127.497222, ,0.0,0.0,2,3000,0,1,185,0,1,0
FD,D022Q,50.671944,127.497222,0,BLG,22.2,12.4,202.0,12.4,0,0,0,0,0,0,0,0
CI,0, ,0.0,243.0,0,0,0,0,0,0,0,0
CF,D009K,50.570486,127.406992,0,BLG,9.0,10.7,273.0,3.0,0,0,0,0,0,0,0,1
CF,CF18L,50.537222,127.379722,1,BLG,1.3,8.8,181.0,1.0,2,2000,0,0,0,0,1,0

APPTR,D18L,18L,D123H
IF,D123H,50.348056,127.619167, ,0.0,0.0,2,3000,0,0,0,0,1,0
CR,0,BLG,143.0,236.0,0,0,0,0,0,0,0,0
CF,BLG,50.393333,127.426444,2,BLG,0.0,0.0,348.0,5.0,2,3000,0,0,0,0,0,0
FD,BLG,50.393333,127.426444,0,BLG,0.0,8.9,18.0,8.9,0,0,0,1,185,0,0,0
CF,CF18L,50.537222,127.379722,1,BLG,1.3,8.8,181.0,1.0,2,2000,0,0,0,0,1,0

APPTR,D18L,18L,SIMLI
IF,SIMLI,50.290000,127.368333, ,0.0,0.0,2,5000,0,0,0,0,1,0
CF,BLG,50.393333,127.426444,0,BLG,0.0,0.0,33.0,6.6,2,3000,0,0,0,0,0,0
FD,BLG,50.393333,127.426444,0,BLG,0.0,8.9,18.0,8.9,0,0,0,1,185,0,0,0
CF,CF18L,50.537222,127.379722,1,BLG,1.3,8.8,181.0,1.0,2,2000,0,0,0,0,1,0

FINAL,D18L,18L,D,3
IF,CF18L,50.537222,127.379722,BLG,1.3,8.8,2,2000,0,0,0,0,0,0
CF,FF18L,50.491111,127.394722,0,BLG,1.3,6.0,181.0,2.8,2,1600,0,0,0,0,2,0
CF,RW18L,50.440022,127.411297,0,BLG,1.3,2.9,181.0,3.1,1,605,0,0,0,0,3,0
CF,BLG,50.393333,127.426444,0,BLG,0.0,0.0,181.0,2.9,0,0,0,0,0,0,0,1
FD,BLG,50.393333,127.426444,0,BLG,0.0,1.2,181.0,1.2,0,0,0,0,0,0,0,0
CI,0, ,0.0,93.0,0,0,0,1,185,0,0,0
CF,D123H,50.348056,127.619167,0,BLG,123.1,7.9,123.0,3.0,2,3000,0,0,0,0,0,0

APPTR,D18R,18R,D022J
IF,D022J,50.556122,127.466917, ,0.0,0.0,2,2100,0,0,0,0,1,0
AF,CD18R,50.553919,127.368244,1,BLG,360.0,9.9,22.0,2,2000,0,0,0,0,1,0

APPTR,D18R,18R,D033J
IF,D033J,50.548183,127.514919, ,0.0,0.0,2,2000,0,0,0,0,1,0
AF,CD18R,50.553919,127.368244,1,BLG,360.0,9.9,33.0,2,2000,0,0,0,0,1,0

APPTR,D18R,18R,D071J
IF,D071J,50.480472,127.645508, ,0.0,0.0,2,7000,0,0,0,0,1,0
AF,CD18R,50.553919,127.368244,1,BLG,360.0,9.9,71.0,2,2000,0,0,0,0,1,0

APPTR,D18R,18R,D123J
IF,D123J,50.336706,127.668447, ,0.0,0.0,2,7000,0,0,0,0,1,0
AF,CD18R,50.553919,127.368244,1,BLG,360.0,9.9,123.0,2,2000,0,0,0,0,1,0

FINAL,D18R,18R,D,3
IF,CD18R,50.553919,127.368244,BLG,360.0,9.9,2,2000,0,0,0,0,0,0
CF,FF18R,50.487417,127.392394,0,BLG,360.0,5.8,180.0,4.1,1,1600,0,0,0,0,2,0
CF,RW18R,50.437814,127.408489,0,BLG,358.5,2.8,180.0,3.0,1,615,0,0,0,0,3,0
CF,BLG,50.393333,127.426444,0,BLG,0.0,0.0,180.0,2.8,0,0,0,1,185,0,0,1
CI,1, ,0.0,349.0,0,0,0,0,0,0,0,0
CF,D033J,50.548183,127.514919,0,BLG,33.0,9.9,33.0,5.0,2,2000,0,0,0,0,0,0

FINAL,D36L,36L,D,3
IF,CD36L,50.310239,127.492542,BLG,166.0,5.6,2,2200,0,0,0,0,0,0
CF,FF36L,50.356242,127.455981,0,BLG,166.0,2.5,346.0,3.1,1,1900,0,0,0,0,2,0
CF,MD36L,50.406683,127.415797,0,BLG,346.0,0.9,346.0,3.4,1,802,0,0,0,0,3,0
CA,0,346.0,2,1050,0,0,0,0,0,0
CA,2,166.0,2,2000,0,1,185,0,0,0
DF,BLG,50.393333,127.426444,2, ,0.0,0.0,2,2200,0,0,0,0,0,0

APPTR,D36R,36R,BLG
IF,BLG,50.393333,127.426444, ,0.0,0.0,2,3000,0,1,185,0,1,0
FD,BLG,50.393333,127.426444,0,BLG,0.0,6.4,158.0,6.4,0,0,0,0,0,0,0,0
CF,CF36R,50.290278,127.459722,2,BLG,181.3,6.3,1.0,1.0,2,2300,0,0,0,0,1,0

APPTR,D36R,36R,D123H
IF,D123H,50.348056,127.619167, ,0.0,0.0,2,3000,0,0,0,0,1,0
CR,0,BLG,165.0,236.0,0,0,0,1,185,0,0,0
CF,CF36R,50.290278,127.459722,2,BLG,181.3,6.3,1.0,1.0,2,2300,0,0,0,0,1,0

FINAL,D36R,36R,D,4
IF,CF36R,50.290278,127.459722,BLG,181.3,6.3,2,2300,0,0,0,0,0,0
CF,FF36R,50.336667,127.444722,0,BLG,181.3,3.5,1.0,2.9,2,2200,0,0,0,0,2,0
CF,22LOC,50.382864,127.429881,0,BLG,181.2,0.6,1.0,2.8,2,1300,0,0,0,0,0,0
CF,RW36R,50.413617,127.419861,0,BLG,1.3,1.2,1.0,1.9,1,698,0,0,0,0,3,0
FD,RW36R,50.413617,127.419861,0,BLG,1.3,3.5,1.0,3.5,0,0,0,0,0,0,0,0
CR,2,BLG,123.0,181.0,0,0,0,1,185,0,0,0
CF,D123H,50.348056,127.619167,0,BLG,123.1,7.9,123.0,4.0,2,3000,0,0,0,0,0,0

APPTR,I18LY,18L,D022Q
IF,D022Q,50.671944,127.497222, ,0.0,0.0,2,3000,0,1,185,0,1,0
FD,D022Q,50.671944,127.497222,0,BLG,22.2,12.4,202.0,12.4,0,0,0,0,0,0,0,0
CI,0, ,0.0,243.0,0,0,0,0,0,0,0,0
CF,D009K,50.570486,127.406992,0,BLG,9.0,10.7,273.0,3.0,0,0,0,0,0,0,0,1
CF,CF18L,50.537222,127.379722,1,ILZ,1.3,7.8,181.0,1.0,2,2000,0,0,0,0,1,0

APPTR,I18LY,18L,D123H
IF,D123H,50.348056,127.619167, ,0.0,0.0,2,3000,0,0,0,0,1,0
CR,0,BLG,143.0,236.0,0,0,0,0,0,0,0,0
CF,BLG,50.393333,127.426444,2,BLG,0.0,0.0,348.0,5.0,2,3000,0,0,0,0,0,0
FD,BLG,50.393333,127.426444,0,BLG,0.0,8.9,18.0,8.9,0,0,0,1,185,0,0,0
CF,CF18L,50.537222,127.379722,1,ILZ,1.3,7.8,181.0,1.0,2,2000,0,0,0,0,1,0

APPTR,I18LY,18L,SIMLI
IF,SIMLI,50.290000,127.368333, ,0.0,0.0,2,5000,0,0,0,0,1,0
CF,BLG,50.393333,127.426444,0,BLG,0.0,0.0,33.0,6.6,2,3000,0,0,0,0,0,0
FD,BLG,50.393333,127.426444,0,BLG,0.0,8.9,18.0,8.9,0,0,0,1,185,0,0,0
CF,CF18L,50.537222,127.379722,1,ILZ,1.3,7.8,181.0,1.0,2,2000,0,0,0,0,1,0

FINAL,I18LY,18L,I,3
IF,CF18L,50.537222,127.379722,ILZ,1.3,7.8,2,2000,0,0,0,0,0,0
CF,FF18L,50.491111,127.394722,0,ILZ,1.3,5.0,181.0,2.8,1,1600,0,0,0,0,2,0
CF,RW18L,50.440022,127.411297,0,ILZ,1.4,1.8,181.0,3.1,1,605,0,0,0,0,3,0
CF,BLG,50.393333,127.426444,0,BLG,0.0,0.0,181.0,2.9,0,0,0,0,0,0,0,1
FD,BLG,50.393333,127.426444,0,BLG,0.0,1.2,181.0,1.2,0,0,0,0,0,0,0,0
CI,0, ,0.0,93.0,0,0,0,1,185,0,0,0
CF,D123H,50.348056,127.619167,0,BLG,123.1,7.9,123.0,3.0,2,3000,0,0,0,0,0,0

APPTR,I18LZ,18L,BB301
IF,BB301,50.671944,127.497250, ,0.0,0.0,2,3000,0,1,185,0,1,0
TF,BB302,50.631056,127.428278,0, ,0.0,0.0,0.0,0.0,0,0,0,0,0,0,0,0
TF,BB303,50.537333,127.379639,0,ILZ,0.0,0.0,0.0,0.0,2,2000,0,0,0,0,1,0

FINAL,I18LZ,18L,I,3
IF,BB303,50.537333,127.379639,ILZ,1.3,7.8,2,2000,0,0,0,0,0,0
CF,FF18L,50.491111,127.394722,0,ILZ,1.3,5.0,181.0,2.8,1,1600,0,0,0,0,2,0
CF,RW18L,50.440022,127.411297,0,ILZ,1.4,1.8,181.0,3.1,1,605,0,0,0,0,3,0
TF,BB305,50.370417,127.433861,0, ,0.0,0.0,0.0,0.0,0,0,0,0,0,0,0,1
DF,BB307,50.348000,127.619139,1, ,0.0,0.0,2,3000,0,1,205,0,0,0

APPTR,I36RY,36R,BLG
IF,BLG,50.393333,127.426444, ,0.0,0.0,2,3000,0,1,185,0,1,0
FD,BLG,50.393333,127.426444,0,BLG,0.0,6.4,158.0,6.4,0,0,0,0,0,0,0,0
CF,CF36R,50.290278,127.459722,2,IBM,181.3,9.4,1.0,1.0,2,2300,0,0,0,0,1,0

APPTR,I36RY,36R,D123H
IF,D123H,50.348056,127.619167, ,0.0,0.0,2,3000,0,0,0,0,1,0
CR,0,BLG,165.0,236.0,0,0,0,1,185,0,0,0
CF,CF36R,50.290278,127.459722,2,IBM,181.3,9.4,1.0,1.0,2,2300,0,0,0,0,1,0

FINAL,I36RY,36R,I,3
IF,CF36R,50.290278,127.459722,IBM,181.3,9.4,2,2300,0,0,0,0,0,0
CF,FF36R,50.336667,127.444722,0,IBM,181.3,6.6,1.0,2.9,1,2200,0,0,0,0,2,0
CF,RW36R,50.413617,127.419861,0,IBM,181.2,1.8,1.0,4.7,1,698,0,0,0,0,3,0
FD,RW36R,50.413617,127.419861,0,BLG,1.3,3.5,1.0,3.5,0,0,0,0,0,0,0,0
CR,2,BLG,123.0,181.0,0,0,0,1,185,0,0,0
CF,D123H,50.348056,127.619167,0,BLG,123.1,7.9,123.0,4.0,2,3000,0,0,0,0,0,0

APPTR,I36RZ,36R,BB306
IF,BB306,50.268722,127.606556, ,0.0,0.0,2,3000,0,1,185,0,1,0
TF,BB308,50.266861,127.528667,0, ,0.0,0.0,0.0,0.0,2,2500,0,0,0,0,0,0
TF,BB309,50.290222,127.459750,0,IBM,0.0,0.0,0.0,0.0,2,2300,0,0,0,0,1,0

APPTR,I36RZ,36R,BB307
IF,BB307,50.348000,127.619139, ,0.0,0.0,2,3000,0,0,0,0,1,0
TF,BB306,50.268722,127.606556,0, ,0.0,0.0,0.0,0.0,2,3000,0,1,185,0,0,0
TF,BB308,50.266861,127.528667,0, ,0.0,0.0,0.0,0.0,2,2500,0,0,0,0,0,0
TF,BB309,50.290222,127.459750,0,IBM,0.0,0.0,0.0,0.0,2,2300,0,0,0,0,1,0

FINAL,I36RZ,36R,I,3
IF,BB309,50.290222,127.459750,IBM,181.3,9.4,2,2300,0,0,0,0,0,0
CF,FF36R,50.336667,127.444722,0,IBM,181.3,6.6,1.0,2.9,1,2200,0,0,0,0,2,0
CF,RW36R,50.413617,127.419861,0,IBM,181.2,1.8,1.0,4.7,1,698,0,0,0,0,3,0
TF,BB311,50.449417,127.408278,0, ,0.0,0.0,0.0,0.0,0,0,0,0,0,0,0,1
DF,BB307,50.348000,127.619139,2, ,0.0,0.0,2,3000,0,1,185,0,0,0

FINAL,N18RA,18R,N,2
IF,FN18R,50.513703,127.383217,B,0.0,0.0,2,2100,0,0,0,0,2,0
CF,B,50.445611,127.405917,0,B,0.0,0.0,181.0,4.2,1,768,0,0,0,0,3,0
CA,0,181.0,2,1300,0,1,185,0,0,0
DF,B,50.445611,127.405917,1, ,0.0,0.0,2,2100,0,0,0,0,0,0

FINAL,N36LX,36L,N,2
IF,FN36X,50.335958,127.442025,L,0.0,0.0,2,2200,0,0,0,0,2,0
CF,L,50.399611,127.420889,0,L,0.0,0.0,1.0,3.9,1,953,0,0,0,0,3,0
CA,0,1.0,2,1500,0,1,185,0,0,0
CA,2,181.0,2,2000,0,1,185,0,0,0
DF,L,50.399611,127.420889,2, ,0.0,0.0,2,2200,0,0,0,0,0,0

APPTR,Q18L,18L,D022Q
IF,D022Q,50.671944,127.497222, ,0.0,0.0,2,3000,0,1,185,0,1,0
FD,D022Q,50.671944,127.497222,0,BLG,22.2,12.4,202.0,12.4,0,0,0,0,0,0,0,0
CI,0, ,0.0,243.0,0,0,0,0,0,0,0,0
CF,D009K,50.570486,127.406992,0,BLG,9.0,10.7,273.0,3.0,0,0,0,0,0,0,0,1
CF,CF18L,50.537222,127.379722,1,BLG,1.3,8.8,181.0,1.0,2,2000,0,0,0,0,1,0

APPTR,Q18L,18L,D121G
IF,D121G,50.338056,127.605000, ,0.0,0.0,2,3000,0,0,0,0,1,0
CF,D318F,50.318103,127.557956,0,BLG,144.8,6.8,236.0,2.2,0,0,0,0,0,0,0,1
CF,LZ,50.374417,127.432500,2,BLG,181.4,1.2,345.0,5.0,2,3000,0,0,0,0,0,0
FD,LZ,50.374417,127.432500,0,BLG,181.4,8.9,17.0,8.9,0,0,0,1,185,0,0,0
CF,CF18L,50.537222,127.379722,1,BLG,1.3,8.8,181.0,1.0,2,2000,0,0,0,0,1,0

APPTR,Q18L,18L,SIMLI
IF,SIMLI,50.290000,127.368333, ,0.0,0.0,2,5000,0,0,0,0,1,0
CF,LZ,50.374417,127.432500,0,BLG,181.4,1.2,39.0,5.6,2,3000,0,0,0,0,0,0
FD,LZ,50.374417,127.432500,0,BLG,181.4,8.9,17.0,8.9,0,0,0,1,185,0,0,0
CF,CF18L,50.537222,127.379722,1,BLG,1.3,8.8,181.0,1.0,2,2000,0,0,0,0,1,0

FINAL,Q18L,18L,N,3
IF,CF18L,50.537222,127.379722,LZ,0.0,0.0,2,2000,0,0,0,0,0,0
CF,FF18L,50.491111,127.394722,0,LZ,0.0,0.0,181.0,2.8,2,1600,0,0,0,0,2,0
CF,RW18L,50.440022,127.411297,0,BLG,0.0,2.9,181.0,3.1,1,605,0,0,0,0,3,0
CF,LZ,50.374417,127.432500,0,BLG,181.4,1.2,181.0,4.0,0,0,0,0,0,0,0,1
CI,0, ,0.0,91.0,0,0,0,1,185,0,0,0
CF,D121G,50.338056,127.605000,0,BLG,128.8,7.6,121.0,4.0,2,3000,0,0,0,0,0,0

FINAL,Q18RY,18R,N,3
IF,FF18R,50.487417,127.392394,BM,0.0,0.0,1,1600,0,0,0,0,2,0
CF,BM,50.474861,127.396417,0,BM,0.0,0.0,181.0,0.8,1,1340,0,0,0,0,0,0
CF,RW18R,50.437814,127.408489,0,BLG,0.0,2.8,181.0,2.3,1,615,0,0,0,0,3,0
CA,0,181.0,2,1300,0,1,185,0,0,0
DF,BM,50.474861,127.396417,1, ,0.0,0.0,2,2100,0,0,0,0,0,0

FINAL,Q18RZ,18R,N,2
IF,FF18R,50.487417,127.392394,B,0.0,0.0,1,1600,0,0,0,0,2,0
CF,RW18R,50.437814,127.408489,0,BLG,0.0,2.8,181.0,3.0,1,615,0,0,0,0,3,0
CA,0,181.0,2,1300,0,1,185,0,0,0
DF,B,50.445611,127.405917,1, ,0.0,0.0,2,2100,0,0,0,0,0,0

FINAL,Q36LZ,36L,N,2
IF,FN36L,50.352222,127.436631,L,0.0,0.0,1,1900,0,0,0,0,2,0
CF,L,50.399611,127.420889,0,BLG,0.0,0.4,1.0,2.9,1,962,0,0,0,0,3,0
CA,0,1.0,2,1200,0,1,185,0,0,0
CA,2,181.0,2,2000,0,1,185,0,0,0
DF,L,50.399611,127.420889,2, ,0.0,0.0,2,2200,0,0,0,0,0,0

APPTR,Q36R,36R,D121G
IF,D121G,50.338056,127.605000, ,0.0,0.0,2,3000,0,0,0,0,1,0
CF,D342F,50.288142,127.513383,0,BLG,165.1,7.2,236.0,4.6,0,0,0,1,185,0,0,1
CF,CF36R,50.290278,127.459722,2,BLG,181.3,6.3,1.0,1.0,2,2300,0,0,0,0,1,0

APPTR,Q36R,36R,LZ
IF,LZ,50.374417,127.432500, ,0.0,0.0,2,3000,0,1,185,0,1,0
FD,LZ,50.374417,127.432500,0,BLG,181.4,6.3,153.0,6.3,0,0,0,0,0,0,0,0
CF,CF36R,50.290278,127.459722,2,BLG,181.3,6.3,1.0,1.0,2,2300,0,0,0,0,1,0

FINAL,Q36R,36R,N,4
IF,CF36R,50.290278,127.459722,LZ,0.0,0.0,2,2300,0,0,0,0,0,0
CF,FF36R,50.336667,127.444722,0,LZ,0.0,0.0,1.0,2.9,2,2200,0,0,0,0,2,0
CF,LZ,50.374417,127.432500,0,LZ,0.0,0.0,1.0,2.3,1,1470,0,0,0,0,0,0
CF,RW36R,50.413617,127.419861,0,BLG,0.0,1.2,1.0,2.4,1,698,0,0,0,0,3,0
FD,RW36R,50.413617,127.419861,0,BLG,1.3,3.5,1.0,3.5,0,0,0,0,0,0,0,0
CI,2, ,0.0,181.0,0,0,0,1,185,0,0,0
CF,D121G,50.338056,127.605000,0,BLG,128.8,7.6,121.0,3.0,2,3000,0,0,0,0,0,0

APPTR,R18L,18L,BB301
IF,BB301,50.671944,127.497250, ,0.0,0.0,2,3000,0,1,185,0,1,0
TF,BB302,50.631056,127.428278,0, ,0.0,0.0,0.0,0.0,0,0,0,0,0,0,0,0
TF,BB303,50.537333,127.379639,0, ,0.0,0.0,0.0,0.0,2,2000,0,0,0,0,1,0

FINAL,R18L,18L,R,3
IF,BB303,50.537333,127.379639, ,0.0,0.0,2,2000,0,0,0,0,0,0
TF,BB304,50.490972,127.394750,0, ,0.0,0.0,181.0,2.8,2,1600,0,0,0,0,2,0
TF,RW18L,50.440022,127.411297,0, ,0.0,0.0,181.0,3.1,1,605,0,0,0,0,3,1
TF,BB305,50.370417,127.433861,0, ,0.0,0.0,0.0,0.0,0,0,0,0,0,0,0,1
DF,BB307,50.348000,127.619139,1, ,0.0,0.0,2,3000,0,1,205,0,0,0

APPTR,R18R,18R,BB003
IF,BB003,50.664472,127.483389, ,0.0,0.0,2,2100,0,0,0,0,1,0
TF,BB002,50.568889,127.433611,0, ,0.0,0.0,0.0,0.0,2,2000,0,0,0,0,1,0

FINAL,R18R,18R,R,3
IF,BB002,50.568889,127.433611, ,0.0,0.0,2,2000,0,0,0,0,0,0
TF,BB001,50.488667,127.391972,0, ,0.0,0.0,211.0,5.1,1,1600,0,0,0,0,2,0
TF,RW18R,50.437814,127.408489,0, ,0.0,0.0,181.0,3.1,1,615,0,0,0,0,3,1
CA,0,181.0,2,1300,0,1,185,0,0,0
DF,BB004,50.441861,127.659667,1, ,0.0,0.0,0,0,0,0,0,0,0,0
TF,WZ,50.635556,128.035278,0, ,0.0,0.0,0.0,0.0,2,8000,0,0,0,0,0,0

APPTR,R36L,36L,BB023
IF,BB023,50.344111,127.809500, ,0.0,0.0,2,7000,0,0,0,0,1,0
TF,BB022,50.283222,127.711889,0, ,0.0,0.0,0.0,0.0,0,0,0,0,0,0,0,0
TF,BB021,50.289389,127.570278,0, ,0.0,0.0,0.0,0.0,0,0,0,0,0,0,0,0
TF,BB020,50.309722,127.469944,0, ,0.0,0.0,0.0,0.0,2,2200,0,1,185,0,1,0

FINAL,R36L,36L,R,4
IF,BB020,50.309722,127.469944, ,0.0,0.0,2,2200,0,1,185,0,0,0
TF,BB019,50.352944,127.436000,0, ,0.0,0.0,346.0,2.9,1,1900,0,0,0,0,2,0
TF,1NM,50.383928,127.425956,0, ,0.0,0.0,1.0,1.9,1,1270,0,0,0,0,0,0
TF,BB018,50.401861,127.420139,0, ,0.0,0.0,1.0,1.1,1,917,0,0,0,0,3,1
CA,0,1.0,2,1100,0,1,185,0,0,0
DF,BB024,50.382028,127.686611,2, ,0.0,0.0,0,0,0,0,0,0,0,0
TF,BB023,50.344111,127.809500,0, ,0.0,0.0,0.0,0.0,2,2200,0,0,0,0,0,0

APPTR,R36R,36R,BB306
IF,BB306,50.268722,127.606556, ,0.0,0.0,2,3000,0,1,185,0,1,0
TF,BB308,50.266861,127.528667,0, ,0.0,0.0,0.0,0.0,2,2500,0,0,0,0,0,0
TF,BB309,50.290222,127.459750,0, ,0.0,0.0,0.0,0.0,2,2300,0,0,0,0,1,0

APPTR,R36R,36R,BB307
IF,BB307,50.348000,127.619139, ,0.0,0.0,2,3000,0,0,0,0,1,0
TF,BB306,50.268722,127.606556,0, ,0.0,0.0,0.0,0.0,2,3000,0,1,185,0,0,0
TF,BB308,50.266861,127.528667,0, ,0.0,0.0,0.0,0.0,2,2500,0,0,0,0,0,0
TF,BB309,50.290222,127.459750,0, ,0.0,0.0,0.0,0.0,2,2300,0,0,0,0,1,0

FINAL,R36R,36R,R,3
IF,BB309,50.290222,127.459750, ,0.0,0.0,2,2300,0,0,0,0,0,0
TF,BB310,50.336722,127.444750,0, ,0.0,0.0,1.0,2.9,2,2200,0,0,0,0,2,0
TF,RW36R,50.413617,127.419861,0, ,0.0,0.0,1.0,4.7,1,698,0,0,0,0,3,1
TF,BB311,50.449417,127.408278,0, ,0.0,0.0,0.0,0.0,0,0,0,0,0,0,0,1
DF,BB307,50.348000,127.619139,2, ,0.0,0.0,2,3000,0,1,185,0,0,0

