SID,ABDE1A,01,2
CF,D013O,64.991819,177.893428,0,PWK,150.3,335.0,13.0,15.0,2,3100,0,0,0,0,0,1
TF,ABDER,65.345000,178.103333,0, ,0.0,0.0,0.0,0.0,2,5000,0,0,0,0,0,0

SID,ABDE1B,19,2
CF,D193K,64.615881,177.673044,0,PWK,152.8,352.9,193.0,7.0,2,1510,0,0,0,0,0,1
CF,UX,64.785028,177.772583,2,PWK,151.7,344.8,41.0,10.0,0,0,0,0,0,0,0,0
TF,ABDER,65.345000,178.103333,0, ,0.0,0.0,0.0,0.0,2,5000,0,0,0,0,0,0

SID,DANU1A,01,2
CF,D013E,64.828439,177.796869,0,PWK,151.4,342.7,13.0,5.0,2,1130,0,0,0,0,0,1
CI,1, ,0.0,193.0,0,0,0,0,0,0,0,0
CF,DANUB,64.595000,175.886111,0,PWK,160.0,336.8,263.0,44.0,2,10000,0,0,0,0,0,0

SID,DANU1B,19,2
CF,D193K,64.615881,177.673044,0,PWK,152.8,352.9,193.0,7.0,2,1510,0,0,0,0,0,1
CI,2, ,0.0,313.0,0,0,0,0,0,0,0,0
CF,DANUB,64.595000,175.886111,0,PWK,160.0,336.8,256.0,37.0,2,10000,0,0,0,0,0,0

SID,DILD1A,01,2
CF,D013O,64.991819,177.893428,0,PWK,150.3,335.0,13.0,15.0,2,3100,0,0,0,0,0,1
CI,2, ,0.0,103.0,0,0,0,0,0,0,0,0
CF,DILDU,65.228333,178.655000,0,PWK,146.2,331.7,36.0,20.0,2,7000,0,0,0,0,0,0

SID,DILD1B,19,2
CF,D193K,64.615881,177.673044,0,PWK,152.8,352.9,193.0,7.0,2,1510,0,0,0,0,0,1
CF,UX,64.785028,177.772583,2,PWK,151.7,344.8,41.0,10.0,0,0,0,0,0,0,0,0
TF,DILDU,65.228333,178.655000,0, ,0.0,0.0,0.0,0.0,2,7000,0,0,0,0,0,0

SID,GETK1A,01,2
CF,D013E,64.828439,177.796869,0,PWK,151.4,342.7,13.0,5.0,2,1130,0,0,0,0,0,1
CF,KB,64.689750,177.713889,1,PWK,152.3,349.3,160.0,8.0,0,0,0,0,0,0,0,1
TF,GETKA,64.701667,179.206389,0, ,0.0,0.0,0.0,0.0,2,11000,0,0,0,0,0,0

SID,GETK1B,19,2
CF,D193K,64.615881,177.673044,0,PWK,152.8,352.9,193.0,7.0,2,1510,0,0,0,0,0,1
CF,UX,64.785028,177.772583,2,PWK,151.7,344.8,41.0,10.0,0,0,0,0,0,0,0,1
TF,GETKA,64.701667,179.206389,0, ,0.0,0.0,0.0,0.0,2,11000,0,0,0,0,0,0

SID,IBMI1A,01,2
CF,D013E,64.828439,177.796869,0,PWK,151.4,342.7,13.0,5.0,2,1130,0,0,0,0,0,1
CF,KB,64.689750,177.713889,1,PWK,152.3,349.3,160.0,8.0,0,0,0,0,0,0,0,0
TF,IBMIT,64.155000,178.293333,0, ,0.0,0.0,0.0,0.0,2,7000,0,0,0,0,0,0

SID,IBMI1B,19,2
CF,D193K,64.615881,177.673044,0,PWK,152.8,352.9,193.0,7.0,2,1510,0,0,0,0,0,1
CI,0, ,0.0,103.0,0,0,0,0,0,0,0,0
CF,IBMIT,64.155000,178.293333,0,PWK,152.3,384.8,159.0,27.0,2,7000,0,0,0,0,0,0

SID,KEKO1A,01,2
CF,D013E,64.828439,177.796869,0,PWK,151.4,342.7,13.0,5.0,2,1130,0,0,0,0,0,1
CI,1, ,0.0,193.0,2,3100,0,0,0,0,0,0
CF,KEKOP,64.385000,176.528333,0,PWK,158.1,354.3,238.0,31.0,2,10000,0,0,0,0,0,0

SID,KEKO1B,19,2
CF,D193K,64.615881,177.673044,0,PWK,152.8,352.9,193.0,7.0,2,1510,0,0,0,0,0,1
CI,0, ,0.0,263.0,0,0,0,0,0,0,0,0
CF,KEKOP,64.385000,176.528333,0,PWK,158.1,354.3,232.0,20.0,2,10000,0,0,0,0,0,0

SID,KOGO1A,01,2
CF,D013E,64.828439,177.796869,0,PWK,151.4,342.7,13.0,5.0,2,1130,0,0,0,0,0,1
CF,KB,64.689750,177.713889,1,PWK,152.3,349.3,160.0,8.0,0,0,0,0,0,0,0,1
TF,KOGOR,64.651667,179.194722,0, ,0.0,0.0,0.0,0.0,2,11000,0,0,0,0,0,0

SID,KOGO1B,19,2
CF,D193K,64.615881,177.673044,0,PWK,152.8,352.9,193.0,7.0,2,1510,0,0,0,0,0,1
CF,UX,64.785028,177.772583,2,PWK,151.7,344.8,41.0,10.0,0,0,0,0,0,0,0,1
TF,KOGOR,64.651667,179.194722,0, ,0.0,0.0,0.0,0.0,2,11000,0,0,0,0,0,0

SID,LAMK1A,01,2
CF,D013E,64.828439,177.796869,0,PWK,151.4,342.7,13.0,5.0,2,1130,0,0,0,0,0,1
CI,1, ,0.0,193.0,0,0,0,0,0,0,0,0
CF,LAMKU,64.750000,176.270000,0,PWK,157.9,331.4,275.0,34.0,2,10000,0,0,0,0,0,0

SID,LAMK1B,19,2
CF,D193K,64.615881,177.673044,0,PWK,152.8,352.9,193.0,7.0,2,1510,0,0,0,0,0,1
CI,2, ,0.0,313.0,0,0,0,0,0,0,0,0
CF,LAMKU,64.750000,176.270000,0,PWK,157.9,331.4,266.0,23.0,2,10000,0,0,0,0,0,0

SID,OBOD1A,01,2
CF,D013E,64.828439,177.796869,0,PWK,151.4,342.7,13.0,5.0,2,1130,0,0,0,0,0,1
CI,1, ,0.0,283.0,0,0,0,0,0,0,0,0
CF,OBODO,65.125000,176.578333,0,PWK,155.1,313.5,311.0,18.0,2,10000,0,0,0,0,0,0

SID,OBOD1B,19,2
CF,D193K,64.615881,177.673044,0,PWK,152.8,352.9,193.0,7.0,2,1510,0,0,0,0,0,1
CI,2, ,0.0,13.0,0,0,0,0,0,0,0,0
CF,OBODO,65.125000,176.578333,0,PWK,155.1,313.5,303.0,34.0,2,10000,0,0,0,0,0,0

SID,OLKI1A,01,2
CF,D013O,64.991819,177.893428,0,PWK,150.3,335.0,13.0,15.0,2,3100,0,0,0,0,0,1
CI,2, ,0.0,103.0,0,0,0,0,0,0,0,0
CF,OLKIP,65.075000,178.981667,0,PWK,145.8,343.9,54.0,14.0,2,5000,0,0,0,0,0,0

SID,OLKI1B,19,2
CF,D193K,64.615881,177.673044,0,PWK,152.8,352.9,193.0,7.0,2,1510,0,0,0,0,0,1
CF,UX,64.785028,177.772583,2,PWK,151.7,344.8,41.0,10.0,0,0,0,0,0,0,0,1
TF,OLKIP,65.075000,178.981667,0, ,0.0,0.0,0.0,0.0,2,5000,0,0,0,0,0,0

SID,RORN1A,01,2
CF,D013E,64.828439,177.796869,0,PWK,151.4,342.7,13.0,5.0,2,1130,0,0,0,0,0,1
CI,1, ,0.0,283.0,0,0,0,0,0,0,0,0
CF,RORNO,65.300000,177.091667,0,PWK,152.1,309.3,336.0,28.0,2,8000,0,0,0,0,0,0

SID,RORN1B,19,2
CF,D193K,64.615881,177.673044,0,PWK,152.8,352.9,193.0,7.0,2,1510,0,0,0,0,0,1
CI,2, ,0.0,13.0,0,0,0,0,0,0,0,0
CF,RORNO,65.300000,177.091667,0,PWK,152.1,309.3,330.0,31.0,2,8000,0,0,0,0,0,0

STAR,ABDE1C,01,2
IF,ABDER,65.345000,178.103333, ,0.0,0.0,2,6000,0,0,0,0,0,0
TF,KB,64.689750,177.713889,0, ,0.0,0.0,0.0,0.0,2,5390,0,0,0,0,0,0

STAR,ABDE1D,19,2
IF,ABDER,65.345000,178.103333, ,0.0,0.0,2,6000,0,0,0,0,0,0
TF,UX,64.785028,177.772583,0, ,0.0,0.0,0.0,0.0,2,5450,0,0,0,0,0,0

STAR,DANU1C,01,2
IF,DANUB,64.595000,175.886111, ,0.0,0.0,2,9000,0,0,0,0,0,0
TF,KB,64.689750,177.713889,0, ,0.0,0.0,0.0,0.0,2,5390,0,0,0,0,0,0

STAR,DANU1D,19,2
IF,DANUB,64.595000,175.886111, ,0.0,0.0,2,9000,0,0,0,0,0,0
TF,UX,64.785028,177.772583,0, ,0.0,0.0,0.0,0.0,2,5450,0,0,0,0,0,0

STAR,DILD1C,01,2
IF,DILDU,65.228333,178.655000, ,0.0,0.0,2,8000,0,0,0,0,0,0
TF,KB,64.689750,177.713889,0, ,0.0,0.0,0.0,0.0,2,5390,0,0,0,0,0,0

STAR,DILD1D,19,2
IF,DILDU,65.228333,178.655000, ,0.0,0.0,2,8000,0,0,0,0,0,0
TF,UX,64.785028,177.772583,0, ,0.0,0.0,0.0,0.0,2,5450,0,0,0,0,0,0

STAR,GETK1C,01,2
IF,GETKA,64.701667,179.206389, ,0.0,0.0,2,10000,0,0,0,0,0,0
TF,KB,64.689750,177.713889,0, ,0.0,0.0,0.0,0.0,2,5390,0,0,0,0,0,0

STAR,GETK1D,19,2
IF,GETKA,64.701667,179.206389, ,0.0,0.0,2,10000,0,0,0,0,0,0
TF,UX,64.785028,177.772583,0, ,0.0,0.0,0.0,0.0,2,5450,0,0,0,0,0,0

STAR,IBMI1C,01,2
IF,IBMIT,64.155000,178.293333, ,0.0,0.0,2,6000,0,0,0,0,0,0
TF,KB,64.689750,177.713889,0, ,0.0,0.0,0.0,0.0,2,5390,0,0,0,0,0,0

STAR,IBMI1D,19,2
IF,IBMIT,64.155000,178.293333, ,0.0,0.0,2,6000,0,0,0,0,0,0
TF,UX,64.785028,177.772583,0, ,0.0,0.0,0.0,0.0,2,5450,0,0,0,0,0,0

STAR,KEKO1C,01,2
IF,KEKOP,64.385000,176.528333, ,0.0,0.0,2,11000,0,0,0,0,0,0
TF,KB,64.689750,177.713889,0, ,0.0,0.0,0.0,0.0,2,5390,0,0,0,0,0,0

STAR,KEKO1D,19,2
IF,KEKOP,64.385000,176.528333, ,0.0,0.0,2,11000,0,0,0,0,0,0
TF,UX,64.785028,177.772583,0, ,0.0,0.0,0.0,0.0,2,5450,0,0,0,0,0,0

STAR,KOGO1C,01,2
IF,KOGOR,64.651667,179.194722, ,0.0,0.0,2,10000,0,0,0,0,0,0
TF,KB,64.689750,177.713889,0, ,0.0,0.0,0.0,0.0,2,5390,0,0,0,0,0,0

STAR,KOGO1D,19,2
IF,KOGOR,64.651667,179.194722, ,0.0,0.0,2,10000,0,0,0,0,0,0
TF,UX,64.785028,177.772583,0, ,0.0,0.0,0.0,0.0,2,5450,0,0,0,0,0,0

STAR,LAMK1C,01,2
IF,LAMKU,64.750000,176.270000, ,0.0,0.0,2,11000,0,0,0,0,0,0
TF,KB,64.689750,177.713889,0, ,0.0,0.0,0.0,0.0,2,5390,0,0,0,0,0,0

STAR,LAMK1D,19,2
IF,LAMKU,64.750000,176.270000, ,0.0,0.0,2,11000,0,0,0,0,0,0
TF,UX,64.785028,177.772583,0, ,0.0,0.0,0.0,0.0,2,5450,0,0,0,0,0,0

STAR,OBOD1C,01,2
IF,OBODO,65.125000,176.578333, ,0.0,0.0,2,9000,0,0,0,0,0,0
TF,KB,64.689750,177.713889,0, ,0.0,0.0,0.0,0.0,2,5390,0,0,0,0,0,0

STAR,OBOD1D,19,2
IF,OBODO,65.125000,176.578333, ,0.0,0.0,2,9000,0,0,0,0,0,0
TF,UX,64.785028,177.772583,0, ,0.0,0.0,0.0,0.0,2,5450,0,0,0,0,0,0

STAR,OLKI1C,01,2
IF,OLKIP,65.075000,178.981667, ,0.0,0.0,2,6000,0,0,0,0,0,0
TF,KB,64.689750,177.713889,0, ,0.0,0.0,0.0,0.0,2,5390,0,0,0,0,0,0

STAR,OLKI1D,19,2
IF,OLKIP,65.075000,178.981667, ,0.0,0.0,2,6000,0,0,0,0,0,0
TF,UX,64.785028,177.772583,0, ,0.0,0.0,0.0,0.0,2,5450,0,0,0,0,0,0

STAR,RORN1C,01,2
IF,RORNO,65.300000,177.091667, ,0.0,0.0,2,7000,0,0,0,0,0,0
TF,KB,64.689750,177.713889,0, ,0.0,0.0,0.0,0.0,2,5390,0,0,0,0,0,0

STAR,RORN1D,19,2
IF,RORNO,65.300000,177.091667, ,0.0,0.0,2,7000,0,0,0,0,0,0
TF,UX,64.785028,177.772583,0, ,0.0,0.0,0.0,0.0,2,5450,0,0,0,0,0,0

APPTR,I01,01,KB1
IF,KB,64.689750,177.713889, ,0.0,0.0,2,5390,0,0,0,0,1,0
FC,KB,64.689750,177.713889,0,PWK,0.0,0.0,220.0,7.0,2,3420,0,0,0,0,0,1
CF,CF01,64.558406,177.633617,1,IKB,193.8,12.5,13.0,1.0,1,2770,0,0,0,0,0,0

APPTR,I01,01,KB2
IF,KB,64.689750,177.713889, ,0.0,0.0,2,5390,0,0,0,0,1,0
FC,KB,64.689750,177.713889,0,PWK,0.0,0.0,210.0,7.0,2,3420,0,0,0,0,0,1
CF,CF01,64.558406,177.633617,1,IKB,193.8,12.5,13.0,1.0,1,2770,0,0,0,0,0,0

FINAL,I01,01,I,3
IF,CF01,64.558406,177.633617,IKB,193.8,12.5,1,2770,0,0,0,0,0,0
CF,FF01,64.590547,177.653183,0,IKB,193.8,10.5,13.0,2.0,1,2770,0,0,0,0,2,0
CF,RW01,64.719758,177.732322,0,IKB,193.8,2.5,13.0,8.0,1,193,0,0,0,0,3,0
CA,0,13.0,2,640,0,0,0,0,0,0
DF,KB,64.689750,177.713889,1, ,0.0,0.0,1,3100,0,0,0,0,0,0

APPTR,I19,19,UX1
IF,UX,64.785028,177.772583, ,0.0,0.0,2,5450,0,0,0,0,1,0
FC,UX,64.785028,177.772583,0,PWK,0.0,0.0,348.0,7.0,2,3480,0,0,0,0,0,1
CF,CF19,64.897292,177.841197,2,IUR,13.6,11.3,193.0,1.0,1,2830,0,0,0,0,0,0

APPTR,I19,19,UX2
IF,UX,64.785028,177.772583, ,0.0,0.0,2,5450,0,0,0,0,1,0
FC,UX,64.785028,177.772583,0,PWK,0.0,0.0,358.0,7.0,2,3480,0,0,0,0,0,1
CF,CF19,64.897292,177.841197,2,IUR,13.6,11.3,193.0,1.0,1,2830,0,0,0,0,0,0

FINAL,I19,19,I,3
IF,CF19,64.897292,177.841197,IUR,13.6,11.3,1,2830,0,0,0,0,0,0
CF,FF19,64.879703,177.829583,0,IUR,13.5,10.2,193.0,1.1,1,2830,0,0,0,0,2,0
CF,RW19,64.750119,177.751011,0,IUR,13.7,2.1,193.0,8.1,1,247,0,0,0,0,3,0
CA,0,193.0,2,860,0,0,0,0,0,0
DF,UX,64.785028,177.772583,2, ,0.0,0.0,1,3150,0,0,0,0,0,0

APPTR,N01,01,KB1
IF,KB,64.689750,177.713889, ,0.0,0.0,2,5390,0,0,0,0,1,0
FC,KB,64.689750,177.713889,0,PWK,0.0,0.0,220.0,7.0,2,3420,0,0,0,0,0,1
CF,CF01,64.558406,177.633617,1,PWK,153.2,355.6,13.0,1.0,1,2770,0,0,0,0,0,0

APPTR,N01,01,KB2
IF,KB,64.689750,177.713889, ,0.0,0.0,2,5390,0,0,0,0,1,0
FC,KB,64.689750,177.713889,0,PWK,0.0,0.0,210.0,7.0,2,3420,0,0,0,0,0,1
CF,CF01,64.558406,177.633617,1,PWK,153.2,355.6,13.0,1.0,1,2770,0,0,0,0,0,0

FINAL,N01,01,N,4
IF,CF01,64.558406,177.633617,KB,0.0,0.0,1,2770,0,0,0,0,0,0
CF,FF01,64.590547,177.653183,0,KB,0.0,0.0,13.0,2.0,1,2770,0,0,0,0,2,0
CF,KB,64.689750,177.713889,0,KB,0.0,0.0,13.0,6.2,1,800,0,0,0,0,0,0
CF,K,64.710639,177.726722,0,KB,0.0,0.0,13.0,1.3,1,374,0,0,0,0,3,0
CA,0,13.0,2,640,0,0,0,0,0,0
DF,KB,64.689750,177.713889,1, ,0.0,0.0,1,3100,0,0,0,0,0,0

APPTR,N19,19,UX1
IF,UX,64.785028,177.772583, ,0.0,0.0,2,5450,0,0,0,0,1,0
FC,UX,64.785028,177.772583,0,PWK,0.0,0.0,348.0,7.0,2,3480,0,0,0,0,0,1
CF,CF19,64.897292,177.841197,2,PWK,150.9,339.4,193.0,1.0,1,2830,0,0,0,0,0,0

APPTR,N19,19,UX2
IF,UX,64.785028,177.772583, ,0.0,0.0,2,5450,0,0,0,0,1,0
FC,UX,64.785028,177.772583,0,PWK,0.0,0.0,358.0,7.0,2,3480,0,0,0,0,0,1
CF,CF19,64.897292,177.841197,2,PWK,150.9,339.4,193.0,1.0,1,2830,0,0,0,0,0,0

FINAL,N19,19,N,4
IF,CF19,64.897292,177.841197,UX,0.0,0.0,1,2830,0,0,0,0,0,0
CF,FF19,64.879703,177.829583,0,UX,0.0,0.0,193.0,1.1,1,2830,0,0,0,0,2,0
CF,UX,64.785028,177.772583,0,UX,0.0,0.0,193.0,5.9,1,940,0,0,0,0,0,0
CF,U,64.759583,177.756861,0,UX,0.0,0.0,193.0,1.5,1,435,0,0,0,0,3,0
CA,0,193.0,2,860,0,0,0,0,0,0
DF,UX,64.785028,177.772583,2, ,0.0,0.0,1,3150,0,0,0,0,0,0

