SID,ABME2A,12,2
CF,CI,56.836750,105.807583,0,BRT,78.7,139.5,121.0,3.0,0,0,0,0,0,0,0,1
CA,0,121.0,2,2710,0,0,0,0,0,0
CI,2, ,0.0,225.0,0,0,0,0,0,0,0,0
CF,ABMEN,56.409167,105.661111,0,BRT,89.4,132.6,195.0,20.0,2,6000,0,0,0,0,0,0
TF,OKDIR,55.900278,105.493333,0, ,0.0,0.0,0.0,0.0,0,0,0,0,0,0,0,0

SID,ABME2B,30,2
CA,0,301.0,2,2710,0,0,0,0,0,0
CI,1, ,0.0,155.0,0,0,0,0,0,0,0,0
CF,ABMEN,56.409167,105.661111,0,BRT,89.4,132.6,195.0,19.0,2,6000,0,0,0,0,0,0
TF,OKDIR,55.900278,105.493333,0, ,0.0,0.0,0.0,0.0,0,0,0,0,0,0,0,0

SID,ATME2A,12,2
CF,CI,56.836750,105.807583,0,BRT,78.7,139.5,121.0,3.0,0,0,0,0,0,0,0,1
CA,0,121.0,2,2710,0,0,0,0,0,0
CI,0, ,0.0,62.0,0,0,0,0,0,0,0,0
CF,ATMER,56.958889,106.520556,0,BRT,77.6,163.9,77.0,18.0,2,6000,0,0,0,0,0,0
TF,INTAK,57.643889,111.208889,0, ,0.0,0.0,0.0,0.0,0,0,0,0,0,0,0,0

SID,ATME2B,30,2
CA,0,301.0,2,2710,0,0,0,0,0,0
CI,2, ,0.0,107.0,0,0,0,0,0,0,0,0
CF,ATMER,56.958889,106.520556,0,BRT,77.6,163.9,77.0,16.0,2,6000,0,0,0,0,0,0
TF,INTAK,57.643889,111.208889,0, ,0.0,0.0,0.0,0.0,0,0,0,0,0,0,0,0

SID,BERI2A,12,2
CF,CI,56.836750,105.807583,0,BRT,78.7,139.5,121.0,3.0,0,0,0,0,0,0,0,1
CA,0,121.0,2,2710,0,0,0,0,0,0
CI,2, ,0.0,286.0,0,0,0,0,0,0,0,0
CF,BERIT,56.683333,104.975833,0,BRT,80.9,110.9,256.0,22.0,2,6000,0,0,0,0,0,0
TF,GORSK,56.500556,104.200000,0, ,0.0,0.0,0.0,0.0,0,0,0,0,0,0,0,0

SID,BERI2B,30,2
CA,0,301.0,2,2710,0,0,0,0,0,0
CI,0, ,0.0,226.0,0,0,0,0,0,0,0,0
CF,BERIT,56.683333,104.975833,0,BRT,80.9,110.9,256.0,20.0,2,6000,0,0,0,0,0,0
TF,GORSK,56.500556,104.200000,0, ,0.0,0.0,0.0,0.0,0,0,0,0,0,0,0,0

SID,ERMI2A,12,2
CF,CI,56.836750,105.807583,0,BRT,78.7,139.5,121.0,3.0,0,0,0,0,0,0,0,0
CA,0,121.0,2,2710,0,0,0,0,0,0
CF,ERMIK,56.639722,106.445556,0,BRT,84.2,159.0,123.0,24.0,2,6000,0,0,0,0,0,0
TF,SUBAD,56.283889,107.566944,0, ,0.0,0.0,0.0,0.0,0,0,0,0,0,0,0,0

SID,ERMI2B,30,2
CA,0,301.0,2,2710,0,0,0,0,0,0
CI,1, ,0.0,103.0,0,0,0,0,0,0,0,0
CF,ERMIK,56.639722,106.445556,0,BRT,84.2,159.0,123.0,18.0,2,6000,0,0,0,0,0,0
TF,SUBAD,56.283889,107.566944,0, ,0.0,0.0,0.0,0.0,0,0,0,0,0,0,0,0

SID,KUDU2A,12,2
CF,CI,56.836750,105.807583,0,BRT,78.7,139.5,121.0,3.0,0,0,0,0,0,0,0,1
CA,0,121.0,2,2710,0,0,0,0,0,0
CI,1, ,0.0,26.0,0,0,0,0,0,0,0,0
CF,KUDUM,57.099722,106.421389,0,BRT,74.4,162.5,56.0,20.0,2,6000,0,0,0,0,0,0
TF,KRN,57.771944,108.067500,0, ,0.0,0.0,0.0,0.0,0,0,0,0,0,0,0,0

SID,KUDU2B,30,2
CA,0,301.0,2,2710,0,0,0,0,0,0
CI,2, ,0.0,91.0,0,0,0,0,0,0,0,0
CF,KUDUM,57.099722,106.421389,0,BRT,74.4,162.5,56.0,18.0,2,6000,0,0,0,0,0,0
TF,KRN,57.771944,108.067500,0, ,0.0,0.0,0.0,0.0,0,0,0,0,0,0,0,0

SID,NONL2A,12,2
CF,CI,56.836750,105.807583,0,BRT,78.7,139.5,121.0,3.0,0,0,0,0,0,0,0,1
CA,0,121.0,2,2710,0,0,0,0,0,0
CI,1, ,0.0,283.0,0,0,0,0,0,0,0,0
CF,NONLI,57.151111,105.085000,0,BRT,67.9,121.6,312.0,24.0,2,6000,0,0,0,0,0,0
TF,LIMKI,58.150556,102.641667,0, ,0.0,0.0,0.0,0.0,0,0,0,0,0,0,0,0

SID,NONL2B,30,2
CA,0,301.0,2,2710,0,0,0,0,0,0
CI,0, ,0.0,328.0,0,0,0,0,0,0,0,0
CF,NONLI,57.151111,105.085000,0,BRT,67.9,121.6,312.0,24.0,2,6000,0,0,0,0,0,0
TF,LIMKI,58.150556,102.641667,0, ,0.0,0.0,0.0,0.0,0,0,0,0,0,0,0,0

SID,OMAK2A,12,2
CF,CI,56.836750,105.807583,0,BRT,78.7,139.5,121.0,3.0,0,0,0,0,0,0,0,1
CA,0,121.0,2,2710,0,0,0,0,0,0
CI,1, ,0.0,334.0,0,0,0,0,0,0,0,0
CF,OMAKA,57.303889,105.802500,0,BRT,66.9,146.8,4.0,20.0,2,6000,0,0,0,0,0,0
TF,BIPLU,58.376944,106.849722,0, ,0.0,0.0,0.0,0.0,0,0,0,0,0,0,0,0

SID,OMAK2B,30,2
CA,0,301.0,2,2710,0,0,0,0,0,0
CI,2, ,0.0,34.0,0,0,0,0,0,0,0,0
CF,OMAKA,57.303889,105.802500,0,BRT,67.9,146.8,4.0,19.0,2,6000,0,0,0,0,0,0
TF,BIPLU,58.376944,106.849722,0, ,0.0,0.0,0.0,0.0,0,0,0,0,0,0,0,0

SID,RUDE2A,12,2
CF,CI,56.836750,105.807583,0,BRT,78.7,139.5,121.0,3.0,0,0,0,0,0,0,0,1
CA,0,121.0,2,2710,0,0,0,0,0,0
CI,1, ,0.0,354.0,0,0,0,0,0,0,0,0
CF,RUDTI,57.261944,106.085000,0,BRT,69.9,154.6,24.0,19.0,2,6000,0,0,0,0,0,0
TF,BIPLU,58.376944,106.849722,0, ,0.0,0.0,0.0,0.0,0,0,0,0,0,0,0,0

SID,RUDE2B,30,2
CA,0,301.0,2,2710,0,0,0,0,0,0
CI,2, ,0.0,59.0,0,0,0,0,0,0,0,0
CF,RUDTI,57.261944,106.085000,0,BRT,69.9,154.6,24.0,18.0,2,6000,0,0,0,0,0,0
TF,BIPLU,58.376944,106.849722,0, ,0.0,0.0,0.0,0.0,0,0,0,0,0,0,0,0

STAR,ABME2C,ALL,2
IF,OKDIR,55.900278,105.493333, ,0.0,0.0,0,0,0,0,0,0,0,0
TF,ABMEN,56.409167,105.661111,0, ,0.0,0.0,0.0,0.0,2,6000,0,0,0,0,0,0
TF,CI,56.836750,105.807583,0, ,0.0,0.0,0.0,0.0,1,4490,0,0,0,0,0,0

STAR,ATME2C,ALL,2
IF,INTAK,57.643889,111.208889, ,0.0,0.0,0,0,0,0,0,0,0,0
TF,ATMER,56.958889,106.520556,0, ,0.0,0.0,0.0,0.0,2,6000,0,0,0,0,0,0
TF,CI,56.836750,105.807583,0, ,0.0,0.0,0.0,0.0,1,4490,0,0,0,0,0,0

STAR,BERI2C,ALL,2
IF,GORSK,56.500556,104.200000, ,0.0,0.0,0,0,0,0,0,0,0,0
TF,BERIT,56.683333,104.975833,0, ,0.0,0.0,0.0,0.0,2,6000,0,0,0,0,0,0
TF,CI,56.836750,105.807583,0, ,0.0,0.0,0.0,0.0,1,4490,0,0,0,0,0,0

STAR,ERMI2C,ALL,2
IF,SUBAD,56.283889,107.566944, ,0.0,0.0,0,0,0,0,0,0,0,0
TF,ERMIK,56.639722,106.445556,0, ,0.0,0.0,0.0,0.0,2,6000,0,0,0,0,0,0
TF,CI,56.836750,105.807583,0, ,0.0,0.0,0.0,0.0,1,4490,0,0,0,0,0,0

STAR,KUDU2C,ALL,2
IF,KRN,57.771944,108.067500, ,0.0,0.0,0,0,0,0,0,0,0,0
TF,KUDUM,57.099722,106.421389,0, ,0.0,0.0,0.0,0.0,2,6000,0,0,0,0,0,0
TF,CI,56.836750,105.807583,0, ,0.0,0.0,0.0,0.0,1,4490,0,0,0,0,0,0

STAR,NONL2C,ALL,2
IF,LIMKI,58.150556,102.641667, ,0.0,0.0,0,0,0,0,0,0,0,0
TF,NONLI,57.151111,105.085000,0, ,0.0,0.0,0.0,0.0,2,6000,0,0,0,0,0,0
TF,CI,56.836750,105.807583,0, ,0.0,0.0,0.0,0.0,1,4490,0,0,0,0,0,0

STAR,OMAK2C,ALL,2
IF,BIPLU,58.376944,106.849722, ,0.0,0.0,0,0,0,0,0,0,0,0
TF,OMAKA,57.303889,105.802500,0, ,0.0,0.0,0.0,0.0,2,6000,0,0,0,0,0,0
TF,CI,56.836750,105.807583,0, ,0.0,0.0,0.0,0.0,1,4490,0,0,0,0,0,0

STAR,RUDE2C,ALL,2
IF,BIPLU,58.376944,106.849722, ,0.0,0.0,0,0,0,0,0,0,0,0
TF,RUDTI,57.261944,106.085000,0, ,0.0,0.0,0.0,0.0,2,6000,0,0,0,0,0,0
TF,CI,56.836750,105.807583,0, ,0.0,0.0,0.0,0.0,1,4490,0,0,0,0,0,0

APPTR,I30,30,CI1
IF,CI,56.836750,105.807583, ,0.0,0.0,1,4490,0,0,0,0,1,0
TF,D264G,56.856111,106.002222,0, ,0.0,0.0,0.0,0.0,1,4150,0,0,0,0,0,1
CF,CI30,56.786111,105.989167,2,ICI,120.6,10.9,301.0,1.0,1,4150,0,0,0,0,0,0

APPTR,I30,30,CI2
IF,CI,56.836750,105.807583, ,0.0,0.0,1,4490,0,0,0,0,1,0
TF,D287G,56.811111,106.015000,0, ,0.0,0.0,0.0,0.0,1,4150,0,0,0,0,0,1
CF,CI30,56.786111,105.989167,2,ICI,120.6,10.9,301.0,1.0,1,4150,0,0,0,0,0,0

FINAL,I30,30,I,3
IF,CI30,56.786111,105.989167,ICI,120.6,10.9,1,4150,0,0,0,0,0,0
CF,FF30,56.803056,105.927500,0,ICI,120.7,8.6,301.0,2.3,1,4150,0,0,0,0,2,0
CF,RW30,56.853542,105.745547,0,ICI,120.5,1.9,301.0,6.7,1,2228,0,0,0,0,3,0
CA,0,301.0,2,2900,0,0,0,0,0,0
VM,0,0,1,121.0,1,4150,0,0,0,0,0,0

APPTR,N12,12,CI1
IF,CI,56.836750,105.807583, ,0.0,0.0,1,4490,0,0,0,0,1,0
TF,D140M,56.991667,105.529444,0, ,0.0,0.0,0.0,0.0,1,4160,0,0,0,0,0,1
CF,FN12,56.907778,105.551944,1,CI,301.0,9.4,121.0,4.0,1,4160,0,0,0,0,0,0

APPTR,N12,12,CI2
IF,CI,56.836750,105.807583, ,0.0,0.0,1,4490,0,0,0,0,1,0
TF,D129M,56.956944,105.492222,0, ,0.0,0.0,0.0,0.0,1,4160,0,0,0,0,0,1
CF,FN12,56.907778,105.551944,1,CI,301.0,9.4,121.0,4.0,1,4160,0,0,0,0,0,0

FINAL,N12,12,N,2
IF,FN12,56.907778,105.551944,CI,0.0,0.0,1,4160,0,0,0,0,2,0
CF,RW12,56.861528,105.716422,0,CI,0.0,0.0,121.0,6.1,1,2234,0,0,0,0,3,0
CA,0,121.0,2,3300,0,0,0,0,0,0
VM,0,0,2,301.0,1,4160,0,0,0,0,0,0

APPTR,N30,30,CI1
IF,CI,56.836750,105.807583, ,0.0,0.0,1,4490,0,0,0,0,1,0
TF,D264G,56.856111,106.002222,0, ,0.0,0.0,0.0,0.0,1,4150,0,0,0,0,0,1
CF,FF30,56.803056,105.927500,2,KRN,237.0,90.8,301.0,2.0,1,4150,0,0,0,0,0,0

APPTR,N30,30,CI2
IF,CI,56.836750,105.807583, ,0.0,0.0,1,4490,0,0,0,0,1,0
TF,D287G,56.811111,106.015000,0, ,0.0,0.0,0.0,0.0,1,4150,0,0,0,0,0,1
CF,FF30,56.803056,105.927500,2,KRN,237.0,90.8,301.0,3.0,1,4150,0,0,0,0,0,0

FINAL,N30,30,N,4
IF,FF30,56.803056,105.927500,CI,0.0,0.0,1,4150,0,0,0,0,2,0
CF,CI,56.836750,105.807583,0,CI,0.0,0.0,301.0,4.5,1,2870,0,0,0,0,0,0
CF,C,56.848861,105.762139,0,CI,0.0,0.0,301.0,1.7,1,2400,0,0,0,0,0,0
CF,RW30,56.853542,105.745547,0,CI,0.0,0.0,301.0,0.6,1,2228,0,0,0,0,3,0
CA,0,301.0,2,2900,0,0,0,0,0,0
VM,0,0,1,121.0,1,4150,0,0,0,0,0,0

