SID,BEPU2A,01,2
DF,N,57.801611,28.406278,0, ,0.0,0.0,0,0,0,0,0,0,0,1
CA,0,9.0,2,810,0,0,0,0,0,0
CI,2, ,0.0,117.0,0,0,0,0,0,0,0,0
CF,BEPUT,57.745556,29.144167,0,SPB,185.4,128.9,88.0,16.0,4,13000,7000,0,0,0,0,0

SID,BEPU2D,19,2
CA,0,189.0,2,820,0,0,0,0,0,0
CI,1, ,0.0,6.0,0,0,0,0,0,0,0,0
CF,BEPUT,57.745556,29.144167,0,SPB,185.4,128.9,92.0,21.0,4,13000,7000,0,0,0,0,0

SID,BEPU2J,01,5
DF,OO115,57.843333,28.431611,0, ,0.0,0.0,0,0,0,0,0,0,0,1
DF,BEPUT,57.745556,29.144167,2, ,0.0,0.0,4,13000,7000,0,0,0,0,0

SID,BEPU2K,19,5
CA,0,189.0,2,820,0,0,0,0,0,0
DF,BEPUT,57.745556,29.144167,1, ,0.0,0.0,4,13000,7000,0,0,0,0,0

SID,IRBU2A,01,2
DF,N,57.801611,28.406278,0, ,0.0,0.0,0,0,0,0,0,0,0,1
CA,0,9.0,2,810,0,0,0,0,0,0
DF,IRBUG,58.108889,28.801111,0, ,0.0,0.0,4,14000,6000,0,0,0,0,0

SID,IRBU2D,19,2
CA,0,189.0,2,820,0,0,0,0,0,0
DF,NP,57.826806,28.421750,1, ,0.0,0.0,0,0,0,0,0,0,0,0
TF,IRBUG,58.108889,28.801111,0, ,0.0,0.0,0.0,0.0,4,14000,6000,0,0,0,0,0

SID,IRBU2J,01,5
DF,OO115,57.843333,28.431611,0, ,0.0,0.0,0,0,0,0,0,0,0,1
TF,IRBUG,58.108889,28.801111,0, ,0.0,0.0,0.0,0.0,4,14000,6000,0,0,0,0,0

SID,IRBU2K,19,5
CA,0,189.0,2,820,0,0,0,0,0,0
DF,IRBUG,58.108889,28.801111,1, ,0.0,0.0,4,14000,6000,0,0,0,0,0

SID,ORTO2A,01,2
DF,N,57.801611,28.406278,0, ,0.0,0.0,0,0,0,0,0,0,0,1
CA,0,9.0,2,810,0,0,0,0,0,0
CI,1, ,0.0,224.0,0,0,0,0,0,0,0,0
CF,ORTOK,57.816389,27.597778,0,SPB,205.1,146.0,262.0,21.0,4,14000,6000,0,0,0,0,0

SID,ORTO2D,19,2
CA,0,189.0,2,820,0,0,0,0,0,0
DF,NP,57.826806,28.421750,1, ,0.0,0.0,0,0,0,0,0,0,0,0
TF,ORTOK,57.816389,27.597778,0, ,0.0,0.0,0.0,0.0,4,14000,6000,0,0,0,0,0

SID,ORTO2J,01,5
DF,OO115,57.843333,28.431611,0, ,0.0,0.0,0,0,0,0,0,0,0,1
DF,OO112,57.797750,27.795139,1, ,0.0,0.0,0,0,0,0,0,0,0,0
TF,ORTOK,57.816389,27.597778,0, ,0.0,0.0,0.0,0.0,4,14000,6000,0,0,0,0,0

SID,ORTO2K,19,5
CA,0,189.0,2,820,0,0,0,0,0,0
DF,ORTOK,57.816389,27.597778,0, ,0.0,0.0,4,14000,6000,0,0,0,0,0

SID,ORTO2Z,19,2
CA,0,189.0,2,820,0,0,0,0,0,0
CI,2, ,0.0,327.0,0,0,0,0,0,0,0,0
CF,ORTOK,57.816389,27.597778,0,SPB,205.1,146.0,259.0,21.0,4,14000,6000,0,0,0,0,0

STAR,ABMI2F,19,2
IF,ABMIS,57.957500,28.945000, ,0.0,0.0,4,10000,6000,0,0,0,0,0
TF,NP,57.826806,28.421750,0, ,0.0,0.0,0.0,0.0,2,5000,0,0,0,0,0,0

STAR,ABMI2G,01,5
IF,ABMIS,57.957500,28.945000, ,0.0,0.0,4,10000,6000,0,0,0,0,0
TF,OO105,57.631444,28.489639,0, ,0.0,0.0,0.0,0.0,2,1790,0,0,0,0,0,0

STAR,ABMI2H,19,5
IF,ABMIS,57.957500,28.945000, ,0.0,0.0,4,10000,6000,0,0,0,0,0
TF,OO107,57.951861,28.497972,0, ,0.0,0.0,0.0,0.0,2,1800,0,0,0,0,0,0

STAR,ABMI2L,ALL,2
IF,ABMIS,57.957500,28.945000, ,0.0,0.0,4,10000,6000,0,0,0,0,0
TF,N,57.801611,28.406278,0, ,0.0,0.0,0.0,0.0,2,1960,0,0,0,0,0,0

STAR,BEPU2F,19,2
IF,BEPUT,57.745556,29.144167, ,0.0,0.0,4,14000,6000,0,0,0,0,0
TF,NP,57.826806,28.421750,0, ,0.0,0.0,0.0,0.0,2,5000,0,0,0,0,0,0

STAR,BEPU2G,01,5
IF,BEPUT,57.745556,29.144167, ,0.0,0.0,4,14000,6000,0,0,0,0,0
TF,OO105,57.631444,28.489639,0, ,0.0,0.0,0.0,0.0,2,1790,0,0,0,0,0,0

STAR,BEPU2H,19,5
IF,BEPUT,57.745556,29.144167, ,0.0,0.0,4,14000,6000,0,0,0,0,0
TF,OO108,57.920667,28.677722,0, ,0.0,0.0,0.0,0.0,2,1800,0,0,0,0,0,0

STAR,BEPU2L,ALL,2
IF,BEPUT,57.745556,29.144167, ,0.0,0.0,4,14000,6000,0,0,0,0,0
TF,N,57.801611,28.406278,0, ,0.0,0.0,0.0,0.0,2,1960,0,0,0,0,0,0

STAR,ORTO2F,19,2
IF,ORTOK,57.816389,27.597778, ,0.0,0.0,4,13000,7000,0,0,0,0,0
TF,NP,57.826806,28.421750,0, ,0.0,0.0,0.0,0.0,2,5000,0,0,0,0,0,0

STAR,ORTO2G,01,5
IF,ORTOK,57.816389,27.597778, ,0.0,0.0,4,13000,7000,0,0,0,0,0
TF,OO103,57.666583,28.126806,0, ,0.0,0.0,0.0,0.0,2,1790,0,0,0,0,0,0

STAR,ORTO2H,19,5
IF,ORTOK,57.816389,27.597778, ,0.0,0.0,4,13000,7000,0,0,0,0,0
TF,OO112,57.797750,27.795139,0, ,0.0,0.0,0.0,0.0,0,0,0,0,0,0,0,0
TF,OO109,57.982833,28.317917,0, ,0.0,0.0,0.0,0.0,2,1800,0,0,0,0,0,0

STAR,ORTO2L,ALL,2
IF,ORTOK,57.816389,27.597778, ,0.0,0.0,4,13000,7000,0,0,0,0,0
TF,N,57.801611,28.406278,0, ,0.0,0.0,0.0,0.0,2,1960,0,0,0,0,0,0

APPTR,J01,01,OO103
IF,OO103,57.666583,28.126806, ,0.0,0.0,2,1790,0,0,0,0,1,0
TF,OO102,57.635639,28.305278,0,G01A,0.0,0.0,0.0,0.0,2,1790,0,0,0,0,1,0

APPTR,J01,01,OO105
IF,OO105,57.631444,28.489639, ,0.0,0.0,2,1790,0,0,0,0,1,0
TF,OO104,57.623972,28.372139,0, ,0.0,0.0,0.0,0.0,0,0,0,1,185,0,0,0
TF,OO102,57.635639,28.305278,0,G01A,0.0,0.0,0.0,0.0,2,1790,0,0,0,0,1,0

FINAL,J01,01,G,3
IF,OO102,57.635639,28.305278,G01A,0.0,0.0,2,1790,0,0,0,0,0,0
TF,OO101,57.692000,28.339444,0,G01A,0.0,0.0,9.0,3.6,1,1790,0,0,0,0,2,0
TF,RW01,57.771042,28.387472,0,G01A,0.0,0.0,9.0,5.0,1,203,0,0,0,0,3,1
TF,OO114,57.834306,28.425972,0, ,0.0,0.0,0.0,0.0,0,0,0,1,225,0,0,1
DF,OO113,57.692472,28.526972,2, ,0.0,0.0,0,0,0,0,0,0,0,0
TF,OO105,57.631444,28.489639,0, ,0.0,0.0,0.0,0.0,2,1790,0,0,0,0,0,0

APPTR,J19,19,OO108
IF,OO108,57.920667,28.677722, ,0.0,0.0,2,1800,0,0,0,0,1,0
TF,OO107,57.951861,28.497972,0,G19A,0.0,0.0,0.0,0.0,2,1800,0,0,0,0,1,0

APPTR,J19,19,OO109
IF,OO109,57.982833,28.317917, ,0.0,0.0,2,1800,0,0,0,0,1,0
TF,OO107,57.951861,28.497972,0,G19A,0.0,0.0,0.0,0.0,2,1800,0,0,0,0,1,0

FINAL,J19,19,G,3
IF,OO107,57.951861,28.497972,G19A,0.0,0.0,2,1800,0,0,0,0,1,0
TF,OO106,57.871611,28.448917,0,G19A,0.0,0.0,189.0,5.1,1,1800,0,0,0,0,2,0
TF,RW19,57.792594,28.400608,0,G19A,0.0,0.0,189.0,5.0,1,205,0,0,0,0,3,1
TF,OO111,57.745167,28.371639,0, ,0.0,0.0,0.0,0.0,0,0,0,0,0,0,0,1
DF,OO110,57.840417,28.628306,1, ,0.0,0.0,0,0,0,0,0,0,0,0
TF,OO108,57.920667,28.677722,0, ,0.0,0.0,0.0,0.0,2,1800,0,0,0,0,0,0

APPTR,N01,01,N1
IF,N,57.801611,28.406278, ,0.0,0.0,2,1960,0,1,185,0,1,0
FC,N,57.801611,28.406278,0,LBN,0.0,0.0,167.0,6.2,2,1470,0,0,0,0,0,1
CF,FN01,57.707892,28.349394,2,LBN,42.5,86.0,9.0,1.0,1,1470,0,0,0,0,0,0

APPTR,N01,01,N2
IF,N,57.801611,28.406278, ,0.0,0.0,2,1960,0,1,185,0,1,0
FC,N,57.801611,28.406278,0,LBN,0.0,0.0,175.0,7.7,2,1470,0,0,0,0,0,1
CF,FN01,57.707892,28.349394,2,LBN,42.5,86.0,9.0,2.0,1,1470,0,0,0,0,0,0

FINAL,N01,01,N,2
IF,FN01,57.707892,28.349394,N,0.0,0.0,1,1470,0,0,0,0,2,0
CF,RW01,57.771042,28.387472,0,N,0.0,0.0,9.0,4.0,1,203,0,0,0,0,3,0
CF,N,57.801611,28.406278,0,LBN,40.5,91.1,9.0,1.9,0,0,0,0,0,0,0,1
CA,0,9.0,2,1300,0,0,0,0,0,0
DF,N,57.801611,28.406278,2, ,0.0,0.0,2,1960,0,0,0,0,0,0

FINAL,N19-Y,19,N,2
IF,FN19,57.871667,28.448889,N,0.0,0.0,1,1800,0,0,0,0,2,0
CF,N,57.801611,28.406278,0,N,0.0,0.0,189.0,4.4,1,388,0,0,0,0,3,0
CA,0,189.0,2,1140,0,1,255,0,0,0
DF,N,57.801611,28.406278,1, ,0.0,0.0,2,1960,0,0,0,0,0,0

FINAL,N19-Z,19,N,3
IF,FN19,57.871667,28.448889,NP,0.0,0.0,1,1800,0,0,0,0,2,0
CF,NP,57.826806,28.421750,0,NP,0.0,0.0,189.0,2.8,1,900,0,0,0,0,0,0
CF,N,57.801611,28.406278,0,NP,0.0,0.0,189.0,1.6,1,388,0,0,0,0,3,0
CA,0,189.0,2,1140,0,1,255,0,0,0
DF,NP,57.826806,28.421750,1, ,0.0,0.0,2,1960,0,0,0,0,0,0

APPTR,R01,01,OO103
IF,OO103,57.666583,28.126806, ,0.0,0.0,2,1790,0,0,0,0,1,0
TF,OO102,57.635639,28.305278,0, ,0.0,0.0,0.0,0.0,2,1790,0,0,0,0,1,0

APPTR,R01,01,OO105
IF,OO105,57.631444,28.489639, ,0.0,0.0,2,1790,0,0,0,0,1,0
TF,OO104,57.623972,28.372139,0, ,0.0,0.0,0.0,0.0,0,0,0,1,185,0,0,0
TF,OO102,57.635639,28.305278,0, ,0.0,0.0,0.0,0.0,2,1790,0,0,0,0,1,0

FINAL,R01,01,R,3
IF,OO102,57.635639,28.305278, ,0.0,0.0,2,1790,0,0,0,0,0,0
TF,OO101,57.692000,28.339444,0, ,0.0,0.0,9.0,3.6,1,1790,0,0,0,0,2,0
TF,RW01,57.771042,28.387472,0, ,0.0,0.0,9.0,5.0,1,203,0,0,0,0,3,1
TF,OO114,57.834306,28.425972,0, ,0.0,0.0,0.0,0.0,0,0,0,1,225,0,0,1
DF,OO113,57.692472,28.526972,2, ,0.0,0.0,0,0,0,0,0,0,0,0
TF,OO105,57.631444,28.489639,0, ,0.0,0.0,0.0,0.0,2,1790,0,0,0,0,0,0

APPTR,R19,19,OO108
IF,OO108,57.920667,28.677722, ,0.0,0.0,2,1800,0,0,0,0,1,0
TF,OO107,57.951861,28.497972,0, ,0.0,0.0,0.0,0.0,2,1800,0,0,0,0,1,0

APPTR,R19,19,OO109
IF,OO109,57.982833,28.317917, ,0.0,0.0,2,1800,0,0,0,0,1,0
TF,OO107,57.951861,28.497972,0, ,0.0,0.0,0.0,0.0,2,1800,0,0,0,0,1,0

FINAL,R19,19,R,3
IF,OO107,57.951861,28.497972, ,0.0,0.0,2,1800,0,0,0,0,1,0
TF,OO106,57.871611,28.448917,0, ,0.0,0.0,189.0,5.1,1,1800,0,0,0,0,2,0
TF,RW19,57.792594,28.400608,0, ,0.0,0.0,189.0,5.0,1,205,0,0,0,0,3,1
TF,OO111,57.745167,28.371639,0, ,0.0,0.0,0.0,0.0,0,0,0,0,0,0,0,1
DF,OO110,57.840417,28.628306,1, ,0.0,0.0,0,0,0,0,0,0,0,0
TF,OO108,57.920667,28.677722,0, ,0.0,0.0,0.0,0.0,2,1800,0,0,0,0,0,0

