SID,AD1,02,2
CF,D022B,53.784603,91.420156,0,XFY,6.1,426.0,22.0,3.0,2,1820,0,0,0,0,0,1
CF,ADIRA,53.778889,91.709722,0,XFY,7.4,427.6,93.0,10.0,2,7000,0,0,0,0,0,0

SID,AD3,20,2
CA,0,202.0,2,1810,0,0,0,0,0,0
CF,ADIRA,53.778889,91.709722,1,XFY,7.4,427.6,54.0,13.0,2,7000,0,0,0,0,0,0

SID,DR1,02,2
CF,D022B,53.784603,91.420156,0,XFY,6.1,426.0,22.0,3.0,2,1820,0,0,0,0,0,1
CF,DOREM,53.938889,90.701389,1,XFY,2.5,431.4,282.0,26.0,2,9000,0,0,0,0,0,0

SID,DR3,20,2
CA,0,202.0,2,1810,0,0,0,0,0,0
CF,DOREM,53.938889,90.701389,2,XFY,2.5,431.4,304.0,26.0,2,9000,0,0,0,0,0,0

SID,IN1,02,2
CF,D022B,53.784603,91.420156,0,XFY,6.1,426.0,22.0,3.0,2,1820,0,0,0,0,0,1
CF,INBER,53.512222,91.816389,2,XFY,8.4,412.8,140.0,21.0,2,7000,0,0,0,0,0,0

SID,IN3,20,2
CA,0,202.0,2,1810,0,0,0,0,0,0
CF,INBER,53.512222,91.816389,0,XFY,8.4,412.8,115.0,19.0,2,7000,0,0,0,0,0,0

SID,KR1,02,2
CF,D022B,53.784603,91.420156,0,XFY,6.1,426.0,22.0,3.0,2,1820,0,0,0,0,0,1
CF,KERAL,53.765556,90.628056,1,XFY,2.3,420.7,259.0,27.0,2,9000,0,0,0,0,0,0

SID,KR3,20,2
CA,0,202.0,2,1810,0,0,0,0,0,0
VI,0, ,0.0,250.0,0,0,0,0,0,0,0,0
CF,KERAL,53.765556,90.628056,0,XFY,2.3,420.7,280.0,24.0,2,9000,0,0,0,0,0,0

SID,LG1,02,2
CF,D022B,53.784603,91.420156,0,XFY,6.1,426.0,22.0,3.0,2,1820,0,0,0,0,0,1
CF,LEGNI,54.105556,90.938056,0,XFY,3.4,442.3,312.0,25.0,2,8000,0,0,0,0,0,0

SID,LG3,20,2
CA,0,202.0,2,1810,0,0,0,0,0,0
CF,LEGNI,54.105556,90.938056,2,XFY,3.4,442.3,332.0,27.0,2,8000,0,0,0,0,0,0

SID,NB1,02,2
CF,D022B,53.784603,91.420156,0,XFY,6.1,426.0,22.0,3.0,2,1820,0,0,0,0,0,1
CF,NEBON,53.602222,90.666389,1,XFY,2.6,411.1,239.0,28.0,2,9000,0,0,0,0,0,0

SID,NB3,20,2
CA,0,202.0,2,1810,0,0,0,0,0,0
VI,0, ,0.0,228.0,0,0,0,0,0,0,0,0
CF,NEBON,53.602222,90.666389,0,XFY,2.6,411.1,258.0,23.0,2,9000,0,0,0,0,0,0

SID,NR1,02,2
CF,D022B,53.784603,91.420156,0,XFY,6.1,426.0,22.0,3.0,2,1820,0,0,0,0,0,1
CF,NARBI,53.290556,91.391389,2,XFY,6.7,396.6,183.0,30.0,2,9000,0,0,0,0,0,0

SID,NR3,20,2
CA,0,202.0,2,1810,0,0,0,0,0,0
CF,NARBI,53.290556,91.391389,0,XFY,6.7,396.6,170.0,23.0,2,9000,0,0,0,0,0,0

SID,ST1,02,2
CF,D022B,53.784603,91.420156,0,XFY,6.1,426.0,22.0,3.0,2,1820,0,0,0,0,0,1
TF,SELTI,54.188889,91.454722,0, ,0.0,0.0,0.0,0.0,2,7000,0,0,0,0,0,0

SID,ST3,20,2
CA,0,202.0,2,1810,0,0,0,0,0,0
CF,SELTI,54.188889,91.454722,2,XFY,5.7,450.1,8.0,30.0,2,7000,0,0,0,0,0,0

STAR,DR2,02,2
IF,DOREM,53.938889,90.701389, ,0.0,0.0,2,9000,0,0,0,0,0,0
TF,D234H,53.634167,91.175000,0, ,0.0,0.0,0.0,0.0,0,0,0,0,0,0,0,0
CF,D218G,53.613333,91.223889,0,XFY,5.4,414.6,112.0,1.0,1,2480,0,0,0,0,0,0
CF,CF02,53.631822,91.301258,0,XFY,5.7,416.2,22.0,2.0,1,2480,0,0,0,0,0,0

STAR,DR4,20,2
IF,DOREM,53.938889,90.701389, ,0.0,0.0,2,9000,0,0,0,0,0,0
TF,D003M,53.930000,91.418056,0, ,0.0,0.0,0.0,0.0,1,3450,0,0,0,0,0,1
CF,D015L,53.917222,91.482222,0,XFY,6.2,434.2,112.0,1.0,1,3450,0,0,0,0,0,0
CF,CF20,53.881219,91.495214,0,XFY,6.3,432.2,202.0,1.0,1,3130,0,0,0,0,0,0

STAR,IN2,02,2
IF,INBER,53.512222,91.816389, ,0.0,0.0,2,7000,0,0,0,0,0,0
TF,D175H,53.574722,91.357222,0, ,0.0,0.0,0.0,0.0,0,0,0,0,0,0,0,0
TF,D190G,53.588056,91.308056,0, ,0.0,0.0,0.0,0.0,1,2480,0,0,0,0,0,0
CF,CF02,53.631822,91.301258,2,XFY,5.7,416.2,22.0,2.0,1,2480,0,0,0,0,0,0

STAR,IN4A,20,2
IF,INBER,53.512222,91.816389, ,0.0,0.0,2,7000,0,0,0,0,0,0
TF,D042L,53.866667,91.621667,0, ,0.0,0.0,0.0,0.0,1,3450,0,0,0,0,0,1
CF,D029L,53.893333,91.558333,0,XFY,6.5,433.3,292.0,2.0,0,0,0,0,0,0,0,0
CF,CF20,53.881219,91.495214,0,XFY,6.3,432.2,202.0,1.0,1,3130,0,0,0,0,0,0

STAR,IN4B,20,2
IF,INBER,53.512222,91.816389, ,0.0,0.0,2,7000,0,0,0,0,0,0
TF,ABK,53.744639,91.385528,0, ,0.0,0.0,0.0,0.0,1,5430,0,0,0,0,0,0
TF,D001L,53.916667,91.398333,0, ,0.0,0.0,0.0,0.0,0,0,0,0,0,0,0,1
CF,D015L,53.917222,91.482222,2,XFY,6.2,434.2,112.0,2.0,1,3450,0,0,0,0,0,0
CF,CF20,53.881219,91.495214,0,XFY,6.3,432.2,202.0,1.0,1,3130,0,0,0,0,0,0

STAR,KR2,02,2
IF,KERAL,53.765556,90.628056, ,0.0,0.0,2,9000,0,0,0,0,0,0
TF,D229H,53.623889,91.184722,0, ,0.0,0.0,0.0,0.0,0,0,0,0,0,0,0,0
TF,D218G,53.613333,91.223889,0, ,0.0,0.0,0.0,0.0,1,2480,0,0,0,0,0,0
CF,CF02,53.631822,91.301258,0,XFY,5.7,416.2,22.0,2.0,1,2480,0,0,0,0,0,0

STAR,KR4,20,2
IF,KERAL,53.765556,90.628056, ,0.0,0.0,2,9000,0,0,0,0,0,0
TF,D181K,53.923889,91.398889,0, ,0.0,0.0,0.0,0.0,0,0,0,0,0,0,0,1
CF,D015L,53.917222,91.482222,0,XFY,6.2,434.2,112.0,2.0,1,3450,0,0,0,0,0,0
CF,CF20,53.881219,91.495214,0,XFY,6.3,432.2,202.0,1.0,1,3130,0,0,0,0,0,0

STAR,LG2,02,2
IF,LEGNI,54.105556,90.938056, ,0.0,0.0,2,8000,0,0,0,0,0,0
TF,D234H,53.634167,91.175000,0, ,0.0,0.0,0.0,0.0,0,0,0,0,0,0,0,1
CF,D218G,53.613333,91.223889,0,XFY,5.4,414.6,112.0,1.0,1,2480,0,0,0,0,0,0
CF,CF02,53.631822,91.301258,0,XFY,5.7,416.2,22.0,2.0,1,2480,0,0,0,0,0,0

STAR,LG4,20,2
IF,LEGNI,54.105556,90.938056, ,0.0,0.0,2,8000,0,0,0,0,0,0
TF,D015L,53.917222,91.482222,0, ,0.0,0.0,0.0,0.0,1,3450,0,0,0,0,0,0
CF,CF20,53.881219,91.495214,0,XFY,6.3,432.2,202.0,1.0,1,3130,0,0,0,0,0,0

STAR,MK2,02,2
IF,MIKET,54.433889,92.066389, ,0.0,0.0,2,9000,0,0,0,0,0,0
TF,D039M,53.857222,91.603056,0, ,0.0,0.0,0.0,0.0,2,4770,0,0,0,0,0,0
TF,D166G,53.584722,91.390556,0, ,0.0,0.0,0.0,0.0,1,2800,0,0,0,0,0,1
CF,D190G,53.588056,91.308056,0,XFY,5.8,413.6,291.0,2.0,1,2480,0,0,0,0,0,0
CF,CF02,53.631822,91.301258,2,XFY,5.7,416.2,22.0,2.0,1,2480,0,0,0,0,0,0

STAR,NB2,02,2
IF,NEBON,53.602222,90.666389, ,0.0,0.0,2,9000,0,0,0,0,0,0
TF,D212G,53.610556,91.243889,0, ,0.0,0.0,0.0,0.0,0,0,0,0,0,0,0,0
CF,CF02,53.631822,91.301258,0,XFY,5.7,416.2,22.0,1.0,1,2480,0,0,0,0,0,0

STAR,NB4,20,2
IF,NEBON,53.602222,90.666389, ,0.0,0.0,2,9000,0,0,0,0,0,0
TF,D181K,53.923889,91.398889,0, ,0.0,0.0,0.0,0.0,0,0,0,0,0,0,0,1
CF,D015L,53.917222,91.482222,0,XFY,6.2,434.2,112.0,2.0,1,3450,0,0,0,0,0,0
CF,CF20,53.881219,91.495214,0,XFY,6.3,432.2,202.0,1.0,1,3130,0,0,0,0,0,0

STAR,NR2,02,2
IF,NARBI,53.290556,91.391389, ,0.0,0.0,2,9000,0,0,0,0,0,0
TF,D199F,53.603056,91.286389,0, ,0.0,0.0,0.0,0.0,0,0,0,0,0,0,0,0
CF,CF02,53.631822,91.301258,0,XFY,5.7,416.2,22.0,1.0,1,2480,0,0,0,0,0,0

STAR,NR4,20,2
IF,NARBI,53.290556,91.391389, ,0.0,0.0,2,9000,0,0,0,0,0,0
TF,D042L,53.866667,91.621667,0, ,0.0,0.0,0.0,0.0,1,3450,0,0,0,0,0,1
CF,D029L,53.893333,91.558333,0,XFY,6.5,433.3,292.0,2.0,0,0,0,0,0,0,0,0
CF,CF20,53.881219,91.495214,0,XFY,6.3,432.2,202.0,1.0,1,3130,0,0,0,0,0,0

STAR,RN2,02,2
IF,RINAG,54.130556,91.769722, ,0.0,0.0,2,7000,0,0,0,0,0,0
TF,A,53.723417,91.372222,0, ,0.0,0.0,0.0,0.0,1,5430,0,0,0,0,0,0
TF,D238G,53.646667,91.184722,0, ,0.0,0.0,0.0,0.0,1,2800,0,0,0,0,0,1
CF,D218G,53.613333,91.223889,1,XFY,5.4,414.6,112.0,2.0,1,2480,0,0,0,0,0,0
CF,CF02,53.631822,91.301258,0,XFY,5.7,416.2,22.0,2.0,1,2480,0,0,0,0,0,0

STAR,RN4,20,2
IF,RINAG,54.130556,91.769722, ,0.0,0.0,2,7000,0,0,0,0,0,0
TF,D022K,53.885000,91.503333,0, ,0.0,0.0,0.0,0.0,1,3130,0,0,0,0,0,0
TF,CF20,53.881219,91.495214,0, ,0.0,0.0,0.0,0.0,1,3130,0,0,0,0,0,0

FINAL,I02,02,I,3
IF,CF02,53.631822,91.301258,IAB,201.8,8.2,1,2480,0,0,0,0,0,0
CF,FF02,53.646944,91.312778,0,IAB,201.8,7.2,22.0,1.0,1,2480,0,0,0,0,2,0
CF,RW02,53.730822,91.378047,0,IAB,201.8,1.6,22.0,5.5,1,885,0,0,0,0,3,0
CA,0,22.0,2,1820,0,0,0,0,0,0
CF,D058J,53.645556,91.174722,1,KRS,193.9,158.5,202.0,10.0,1,3130,0,0,0,0,0,0

FINAL,I20,20,I,3
IF,CF20,53.881219,91.495214,IAK,21.7,10.4,1,3130,0,0,0,0,0,0
CF,FF20,53.852500,91.472778,0,IAK,21.7,8.5,202.0,1.9,1,3130,0,0,0,0,2,0
CF,RW20,53.751322,91.393967,0,IAK,21.7,1.8,202.0,6.7,1,878,0,0,0,0,3,0
CA,0,202.0,2,1810,0,0,0,0,0,0
CF,D181K,53.923889,91.398889,2,KRS,192.7,140.2,22.0,12.0,1,3450,0,0,0,0,0,0

FINAL,Q02,02,N,4
IF,CF02,53.631822,91.301258,AB,0.0,0.0,1,2480,0,0,0,0,0,0
CF,FF02,53.646944,91.312778,0,AB,0.0,0.0,22.0,1.0,1,2480,0,0,0,0,2,0
CF,AB,53.701417,91.355194,0,AB,0.0,0.0,22.0,3.6,1,1460,0,0,0,0,0,0
CF,A,53.723417,91.372222,0,ABK,0.0,1.4,22.0,1.5,1,1030,0,0,0,0,3,0
CA,0,22.0,2,1820,0,0,0,0,0,0
CF,D058J,53.645556,91.174722,1,KRS,193.9,158.5,202.0,10.0,1,3130,0,0,0,0,0,0

FINAL,Q20,20,N,4
IF,CF20,53.881219,91.495214,A,0.0,0.0,1,3130,0,0,0,0,0,0
CF,FF20,53.852500,91.472778,0,A,0.0,0.0,202.0,1.9,1,3130,0,0,0,0,2,0
CF,27DME,53.784608,91.420456,0,A,0.0,0.0,202.0,4.5,1,1620,0,0,0,0,0,0
CF,OM20,53.759500,91.400944,0,ABK,0.0,0.0,202.0,1.7,1,1064,0,0,0,0,3,0
CA,0,202.0,2,1810,0,0,0,0,0,0
CF,D181K,53.923889,91.398889,2,KRS,192.7,140.2,22.0,12.0,1,3450,0,0,0,0,0,0

