SID,BAMEN1,17,2
CD, ,0,0,0,ENS,0,0.0,165.0,2.2,1,910,0,0,0,0,0,0
CF,BAMEN,58.900278,91.847778,1,KRS,348.6,166.1,330.0,30.0,2,7000,0,0,0,0,0,0

SID,BAMEN3,35,2
CA,0,345.0,2,910,0,0,0,0,0,0
CF,BAMEN,58.900278,91.847778,0,KRS,348.6,166.1,336.0,25.0,2,7000,0,0,0,0,0,0

SID,BORKI1,17,2
CA,0,165.0,2,910,0,0,0,0,0,0
CF,BORKI,58.030278,92.249444,0,KRS,351.3,112.7,165.0,25.0,2,7000,0,0,0,0,0,0

SID,BORKI3,35,2
CA,0,345.0,2,910,0,0,0,0,0,0
CF,BORKI,58.030278,92.249444,1,KRS,351.3,112.7,158.0,29.0,2,7000,0,0,0,0,0,0

SID,DOBAL1,17,2
CD, ,0,0,0,ENS,0,0.0,165.0,2.2,1,910,0,0,0,0,0,0
CF,DOBAL,58.908611,92.323333,1,KRS,353.7,165.3,359.0,29.0,2,7000,0,0,0,0,0,0

SID,DOBAL3,35,2
CA,0,345.0,2,910,0,0,0,0,0,0
CF,DOBAL,58.908611,92.323333,0,KRS,353.7,165.3,10.0,24.0,2,7000,0,0,0,0,0,0

SID,EKSEL1,17,2
CA,0,165.0,2,910,0,0,0,0,0,0
CF,EKSEL,58.508889,91.258611,2,KRS,340.1,147.1,280.0,26.0,2,7000,0,0,0,0,0,0

SID,EKSEL3,35,2
CA,0,345.0,2,910,0,0,0,0,0,0
CF,EKSEL,58.508889,91.258611,0,KRS,340.1,147.1,263.0,26.0,2,7000,0,0,0,0,0,0

SID,GORIP1,17,2
CA,0,165.0,2,910,0,0,0,0,0,0
CF,GORIP,58.037222,91.910833,0,KRS,346.0,114.5,191.0,24.0,2,7000,0,0,0,0,0,0

SID,GORIP3,35,2
CA,0,345.0,2,910,0,0,0,0,0,0
CF,GORIP,58.037222,91.910833,1,KRS,346.0,114.5,180.0,28.0,2,7000,0,0,0,0,0,0

SID,KORON1,17,2
CD, ,0,0,0,ENS,0,0.0,165.0,2.2,1,910,0,0,0,0,0,0
CF,KORON,58.468611,92.970278,0,KRS,1.6,139.4,75.0,25.0,2,7000,0,0,0,0,0,0

SID,KORON3,35,2
CA,0,345.0,2,910,0,0,0,0,0,0
CF,KORON,58.468611,92.970278,2,KRS,1.6,139.4,93.0,25.0,2,7000,0,0,0,0,0,0

SID,MOLUR1,17,2
CA,0,165.0,2,910,0,0,0,0,0,0
CF,MOLUR,58.265556,91.355833,0,KRS,339.6,132.2,246.0,25.0,2,7000,0,0,0,0,0,0

SID,MOLUR3,35,2
CA,0,345.0,2,910,0,0,0,0,0,0
CF,MOLUR,58.265556,91.355833,1,KRS,339.6,132.2,229.0,26.0,2,7000,0,0,0,0,0,0

SID,NERIM1,17,2
CD, ,0,0,0,ENS,0,0.0,165.0,2.2,1,910,0,0,0,0,0,0
CF,NERIM,58.868889,91.705556,1,KRS,347.0,164.9,321.0,30.0,2,7000,0,0,0,0,0,0

SID,NERIM3,35,2
CA,0,345.0,2,910,0,0,0,0,0,0
CF,NERIM,58.868889,91.705556,0,KRS,347.0,164.9,325.0,25.0,2,7000,0,0,0,0,0,0

SID,SUPIT1,17,2
CD, ,0,0,0,ENS,0,0.0,165.0,2.2,1,910,0,0,0,0,0,0
CF,SUPIT,58.650556,92.902500,1,KRS,0.4,150.1,50.0,26.0,2,7000,0,0,0,0,0,0

SID,SUPIT3,35,2
CA,0,345.0,2,910,0,0,0,0,0,0
CF,SUPIT,58.650556,92.902500,0,KRS,0.4,150.1,67.0,26.0,2,7000,0,0,0,0,0,0

STAR,BAMEN2,ALL,2
IF,BAMEN,58.900278,91.847778, ,0.0,0.0,2,7000,0,0,0,0,0,0
TF,RD,58.493889,92.105833,0, ,0.0,0.0,0.0,0.0,1,4000,0,0,0,0,0,0

STAR,DOBAL2,ALL,2
IF,DOBAL,58.908611,92.323333, ,0.0,0.0,2,7000,0,0,0,0,0,0
TF,RD,58.493889,92.105833,0, ,0.0,0.0,0.0,0.0,1,4000,0,0,0,0,0,0

STAR,EKSEL2,ALL,2
IF,EKSEL,58.508889,91.258611, ,0.0,0.0,2,7000,0,0,0,0,0,0
TF,RD,58.493889,92.105833,0, ,0.0,0.0,0.0,0.0,1,4000,0,0,0,0,0,0

STAR,GORIP2,ALL,2
IF,GORIP,58.037222,91.910833, ,0.0,0.0,2,7000,0,0,0,0,0,0
TF,RD,58.493889,92.105833,0, ,0.0,0.0,0.0,0.0,1,4000,0,0,0,0,0,0

STAR,KORON2,ALL,2
IF,KORON,58.468611,92.970278, ,0.0,0.0,2,7000,0,0,0,0,0,0
TF,RD,58.493889,92.105833,0, ,0.0,0.0,0.0,0.0,1,4000,0,0,0,0,0,0

STAR,MOLUR2,ALL,2
IF,MOLUR,58.265556,91.355833, ,0.0,0.0,2,7000,0,0,0,0,0,0
TF,RD,58.493889,92.105833,0, ,0.0,0.0,0.0,0.0,1,4000,0,0,0,0,0,0

STAR,NERIM2,ALL,2
IF,NERIM,58.868889,91.705556, ,0.0,0.0,2,7000,0,0,0,0,0,0
TF,RD,58.493889,92.105833,0, ,0.0,0.0,0.0,0.0,1,4000,0,0,0,0,0,0

STAR,SUPIT2,ALL,2
IF,SUPIT,58.650556,92.902500, ,0.0,0.0,2,7000,0,0,0,0,0,0
TF,RD,58.493889,92.105833,0, ,0.0,0.0,0.0,0.0,1,4000,0,0,0,0,0,0

FINAL,N17,17,N,2
IF,FN17,58.542778,92.089444,RD,0.0,0.0,1,1570,0,0,0,0,2,0
CF,MN17,58.509933,92.100425,0,RD,0.0,0.0,165.0,2.0,1,855,0,0,0,0,3,0
CA,0,165.0,2,910,0,0,0,0,0,0
CF,D255D,58.504269,92.243375,1,KRS,352.3,141.1,345.0,1.0,1,1900,0,0,0,0,0,0
CF,D017H,58.586667,92.216667,0,KRS,352.1,146.1,345.0,5.0,1,1900,0,0,0,0,0,0

FINAL,N35,35,N,2
IF,FN35,58.390000,92.138333,RD,0.0,0.0,1,1570,0,0,0,0,2,0
CF,MN35,58.429697,92.127411,0,RD,0.0,0.0,345.0,2.4,1,911,0,0,0,0,3,0
CA,0,345.0,2,911,0,0,0,0,0,0
CF,D013I,58.345556,92.013333,1,KRS,348.8,132.3,165.0,7.0,1,1890,0,0,0,0,0,0

