SID,APRU2G,11,2
CA,0,109.0,2,2000,0,0,0,0,0,0
DF,UJ,55.947389,92.488222,2, ,0.0,0.0,2,5000,0,0,0,0,0,0
TF,APRUS,55.983889,91.233056,0, ,0.0,0.0,0.0,0.0,0,0,0,0,0,0,0,0

SID,APRU2H,29,2
CA,0,289.0,2,2000,0,0,0,0,0,0
CI,0, ,0.0,217.0,0,0,0,0,0,0,0,0
CF,APRUS,55.983889,91.233056,0,KRS,252.7,45.1,253.0,39.0,0,0,0,0,0,0,0,0

SID,APRU2J,11,2
CD, ,0,0,0,KRS,0,0.0,109.0,5.9,0,0,0,0,0,0,0,0
DF,UJ,55.947389,92.488222,2, ,0.0,0.0,2,5000,0,0,0,0,0,0
TF,APRUS,55.983889,91.233056,0, ,0.0,0.0,0.0,0.0,0,0,0,0,0,0,0,0

SID,APRU2K,29,2
CD, ,0,0,0,KRS,0,0.0,289.0,6.7,0,0,0,0,0,0,0,0
CI,0, ,0.0,217.0,0,0,0,0,0,0,0,0
CF,APRUS,55.983889,91.233056,0,KRS,252.7,45.1,253.0,32.0,0,0,0,0,0,0,0,0

SID,APRU2L,11,5
CF,KL008,56.144333,92.684806,0,KRS,98.6,5.1,109.0,5.0,0,0,0,0,0,0,0,1
DF,UJ,55.947389,92.488222,2, ,0.0,0.0,4,8000,5000,0,0,0,0,0
TF,APRUS,55.983889,91.233056,0, ,0.0,0.0,0.0,0.0,0,0,0,0,0,0,0,0

SID,APRU2M,29,5
CF,KL009,56.220972,92.363222,0,KRS,297.1,6.8,289.0,7.0,0,0,0,0,0,0,0,1
DF,APRUS,55.983889,91.233056,0, ,0.0,0.0,0,0,0,0,0,0,0,0

SID,ATRE2G,11,2
CA,0,109.0,2,2000,0,0,0,0,0,0
DF,UJ,55.947389,92.488222,2, ,0.0,0.0,2,5000,0,0,0,0,0,0
TF,ATREG,55.745556,93.399722,0, ,0.0,0.0,0.0,0.0,0,0,0,0,0,0,0,0

SID,ATRE2H,29,2
CA,0,289.0,2,2000,0,0,0,0,0,0
DF,UJ,55.947389,92.488222,1, ,0.0,0.0,2,5000,0,0,0,0,0,0
TF,ATREG,55.745556,93.399722,0, ,0.0,0.0,0.0,0.0,0,0,0,0,0,0,0,0

SID,ATRE2J,11,2
CD, ,0,0,0,KRS,0,0.0,109.0,5.9,0,0,0,0,0,0,0,0
DF,UJ,55.947389,92.488222,2, ,0.0,0.0,2,5000,0,0,0,0,0,0
TF,ATREG,55.745556,93.399722,1, ,0.0,0.0,0.0,0.0,0,0,0,0,0,0,0,0

SID,ATRE2K,29,2
CD, ,0,0,0,KRS,0,0.0,289.0,6.7,0,0,0,0,0,0,0,0
DF,UJ,55.947389,92.488222,1, ,0.0,0.0,2,5000,0,0,0,0,0,0
TF,ATREG,55.745556,93.399722,0, ,0.0,0.0,0.0,0.0,0,0,0,0,0,0,0,0

SID,ATRE2L,11,5
CF,KL008,56.144333,92.684806,0,KRS,98.6,5.1,109.0,5.0,0,0,0,0,0,0,0,1
DF,UJ,55.947389,92.488222,2, ,0.0,0.0,4,8000,5000,0,0,0,0,0
TF,KL002,55.809750,93.114278,1, ,0.0,0.0,0.0,0.0,0,0,0,0,0,0,0,0
TF,ATREG,55.745556,93.399722,0, ,0.0,0.0,0.0,0.0,0,0,0,0,0,0,0,0

SID,ATRE2M,29,5
CF,KL009,56.220972,92.363222,0,KRS,297.1,6.8,289.0,7.0,0,0,0,0,0,0,0,1
DF,UJ,55.947389,92.488222,1, ,0.0,0.0,4,9000,5000,0,0,0,0,0
TF,ATREG,55.745556,93.399722,0, ,0.0,0.0,0.0,0.0,0,0,0,0,0,0,0,0

SID,ATRE2U,11,5
CF,KL008,56.144333,92.684806,0,KRS,98.6,5.1,109.0,5.0,0,0,0,0,0,0,0,1
DF,KL002,55.809750,93.114278,0, ,0.0,0.0,0,0,0,0,0,0,0,0
TF,ATREG,55.745556,93.399722,0, ,0.0,0.0,0.0,0.0,0,0,0,0,0,0,0,0

SID,ATRE2V,11,2
CD, ,0,0,0,KRS,0,0.0,109.0,5.9,0,0,0,0,0,0,0,0
CI,0, ,0.0,156.0,0,0,0,0,0,0,0,0
CF,ATREG,55.745556,93.399722,0,KRS,126.4,38.5,126.0,27.0,0,0,0,0,0,0,0,0

SID,ATRE2W,11,2
CA,0,109.0,2,2000,0,0,0,0,0,0
CI,0, ,0.0,160.0,0,0,0,0,0,0,0,0
CF,ATREG,55.745556,93.399722,0,KRS,126.4,38.5,127.0,34.0,0,0,0,0,0,0,0,0

SID,BASE2G,11,2
CA,0,109.0,2,2000,0,0,0,0,0,0
DF,GO,56.641111,92.653611,1, ,0.0,0.0,0,0,0,0,0,0,0,0
TF,BASEL,56.750556,91.716389,0, ,0.0,0.0,0.0,0.0,0,0,0,0,0,0,0,0

SID,BASE2H,29,2
CA,0,289.0,2,2000,0,0,0,0,0,0
CI,0, ,0.0,349.0,0,0,0,0,0,0,0,0
CF,BASEL,56.750556,91.716389,0,KRS,318.7,44.6,317.0,40.0,0,0,0,0,0,0,0,0

SID,BASE2J,11,2
CD, ,0,0,0,KRS,0,0.0,109.0,5.9,0,0,0,0,0,0,0,0
DF,GO,56.641111,92.653611,1, ,0.0,0.0,0,0,0,0,0,0,0,0
TF,BASEL,56.750556,91.716389,0, ,0.0,0.0,0.0,0.0,0,0,0,0,0,0,0,0

SID,BASE2K,29,2
CD, ,0,0,0,KRS,0,0.0,289.0,6.7,0,0,0,0,0,0,0,0
CI,0, ,0.0,349.0,0,0,0,0,0,0,0,0
CF,BASEL,56.750556,91.716389,0,KRS,318.7,44.6,319.0,34.0,0,0,0,0,0,0,0,0

SID,BASE2L,11,5
CF,KL008,56.144333,92.684806,0,KRS,98.6,5.1,109.0,5.0,0,0,0,0,0,0,0,1
DF,KL003,56.273972,92.890028,0, ,0.0,0.0,3,9000,0,0,0,0,0,0
TF,KL005,56.450194,92.462639,0, ,0.0,0.0,0.0,0.0,0,0,0,0,0,0,0,0
TF,BASEL,56.750556,91.716389,0, ,0.0,0.0,0.0,0.0,0,0,0,0,0,0,0,0

SID,BASE2M,29,5
CF,KL009,56.220972,92.363222,0,KRS,297.1,6.8,289.0,7.0,0,0,0,0,0,0,0,1
DF,KL007,56.375333,92.245194,0, ,0.0,0.0,3,9000,0,0,0,0,0,0
TF,BASEL,56.750556,91.716389,0, ,0.0,0.0,0.0,0.0,0,0,0,0,0,0,0,0

SID,BASE2V,11,2
CD, ,0,0,0,KRS,0,0.0,109.0,5.9,0,0,0,0,0,0,0,0
DF,KRS,56.163000,92.536167,2, ,0.0,0.0,0,0,0,0,0,0,0,0
TF,BASEL,56.750556,91.716389,0, ,0.0,0.0,0.0,0.0,0,0,0,0,0,0,0,0

SID,BASE2W,11,2
CA,0,109.0,2,2000,0,0,0,0,0,0
DF,KP,56.184556,92.516722,2, ,0.0,0.0,0,0,0,0,0,0,0,0
TF,BASEL,56.750556,91.716389,0, ,0.0,0.0,0.0,0.0,0,0,0,0,0,0,0,0

SID,BASE2X,11,5
CF,KL008,56.144333,92.684806,0,KRS,98.6,5.1,109.0,5.0,0,0,0,0,0,0,0,1
DF,KL005,56.450194,92.462639,1, ,0.0,0.0,0,0,0,0,0,0,0,0
TF,BASEL,56.750556,91.716389,0, ,0.0,0.0,0.0,0.0,0,0,0,0,0,0,0,0

SID,IVRA2G,11,2
CA,0,109.0,2,2000,0,0,0,0,0,0
DF,UJ,55.947389,92.488222,2, ,0.0,0.0,2,5000,0,0,0,0,0,0
TF,IVRAS,55.383889,92.466389,0, ,0.0,0.0,0.0,0.0,0,0,0,0,0,0,0,0

SID,IVRA2H,29,2
CA,0,289.0,2,2000,0,0,0,0,0,0
DF,UJ,55.947389,92.488222,1, ,0.0,0.0,2,5000,0,0,0,0,0,0
TF,IVRAS,55.383889,92.466389,0, ,0.0,0.0,0.0,0.0,0,0,0,0,0,0,0,0

SID,IVRA2J,11,2
CD, ,0,0,0,KRS,0,0.0,109.0,5.9,0,0,0,0,0,0,0,0
DF,UJ,55.947389,92.488222,2, ,0.0,0.0,2,5000,0,0,0,0,0,0
TF,IVRAS,55.383889,92.466389,0, ,0.0,0.0,0.0,0.0,0,0,0,0,0,0,0,0

SID,IVRA2K,29,2
CD, ,0,0,0,KRS,0,0.0,289.0,6.7,0,0,0,0,0,0,0,0
DF,UJ,55.947389,92.488222,1, ,0.0,0.0,2,5000,0,0,0,0,0,0
TF,IVRAS,55.383889,92.466389,0, ,0.0,0.0,0.0,0.0,0,0,0,0,0,0,0,0

SID,IVRA2L,11,5
CF,KL008,56.144333,92.684806,0,KRS,98.6,5.1,109.0,5.0,0,0,0,0,0,0,0,1
DF,UJ,55.947389,92.488222,2, ,0.0,0.0,4,8000,5000,0,0,0,0,0
TF,IVRAS,55.383889,92.466389,0, ,0.0,0.0,0.0,0.0,0,0,0,0,0,0,0,0

SID,IVRA2M,29,5
CF,KL009,56.220972,92.363222,0,KRS,297.1,6.8,289.0,7.0,0,0,0,0,0,0,0,1
DF,UJ,55.947389,92.488222,1, ,0.0,0.0,4,9000,5000,0,0,0,0,0
TF,IVRAS,55.383889,92.466389,0, ,0.0,0.0,0.0,0.0,0,0,0,0,0,0,0,0

SID,KETE2G,11,2
CA,0,109.0,2,2000,0,0,0,0,0,0
DF,UJ,55.947389,92.488222,2, ,0.0,0.0,2,5000,0,0,0,0,0,0
TF,KETEM,55.348889,92.991389,0, ,0.0,0.0,0.0,0.0,0,0,0,0,0,0,0,0

SID,KETE2H,29,2
CA,0,289.0,2,2000,0,0,0,0,0,0
DF,UJ,55.947389,92.488222,1, ,0.0,0.0,2,5000,0,0,0,0,0,0
TF,KETEM,55.348889,92.991389,0, ,0.0,0.0,0.0,0.0,0,0,0,0,0,0,0,0

SID,KETE2J,11,2
CD, ,0,0,0,KRS,0,0.0,109.0,5.9,0,0,0,0,0,0,0,0
DF,UJ,55.947389,92.488222,2, ,0.0,0.0,2,5000,0,0,0,0,0,0
TF,KETEM,55.348889,92.991389,0, ,0.0,0.0,0.0,0.0,0,0,0,0,0,0,0,0

SID,KETE2K,29,2
CD, ,0,0,0,KRS,0,0.0,289.0,6.7,0,0,0,0,0,0,0,0
DF,UJ,55.947389,92.488222,1, ,0.0,0.0,2,5000,0,0,0,0,0,0
TF,KETEM,55.348889,92.991389,0, ,0.0,0.0,0.0,0.0,0,0,0,0,0,0,0,0

SID,KETE2L,11,5
CF,KL008,56.144333,92.684806,0,KRS,98.6,5.1,109.0,5.0,0,0,0,0,0,0,0,1
DF,UJ,55.947389,92.488222,2, ,0.0,0.0,4,8000,5000,0,0,0,0,0
TF,KETEM,55.348889,92.991389,0, ,0.0,0.0,0.0,0.0,0,0,0,0,0,0,0,0

SID,KETE2M,29,5
CF,KL009,56.220972,92.363222,0,KRS,297.1,6.8,289.0,7.0,0,0,0,0,0,0,0,1
DF,UJ,55.947389,92.488222,1, ,0.0,0.0,4,9000,5000,0,0,0,0,0
TF,KETEM,55.348889,92.991389,0, ,0.0,0.0,0.0,0.0,0,0,0,0,0,0,0,0

SID,KETE2V,11,2
CD, ,0,0,0,KRS,0,0.0,109.0,5.9,0,0,0,0,0,0,0,0
CI,0, ,0.0,188.0,0,0,0,0,0,0,0,0
CF,KETEM,55.348889,92.991389,0,KRS,158.3,51.3,158.0,37.0,0,0,0,0,0,0,0,0

SID,KETE2Y,11,5
CF,KL008,56.144333,92.684806,0,KRS,98.6,5.1,109.0,5.0,0,0,0,0,0,0,0,1
DF,KETEM,55.348889,92.991389,0, ,0.0,0.0,0,0,0,0,0,0,0,0

SID,PENA2G,11,2
CA,0,109.0,2,2000,0,0,0,0,0,0
VI,1, ,0.0,353.0,0,0,0,0,0,0,0,0
CF,KP033,56.675469,92.971844,0,KRS,21.1,34.1,23.0,24.0,0,0,0,0,0,0,0,0
CF,PENAP,56.735833,93.552222,0,KRS,40.1,48.3,75.0,19.0,0,0,0,0,0,0,0,0

SID,PENA2H,29,2
CA,0,289.0,2,2000,0,0,0,0,0,0
DF,GO,56.641111,92.653611,2, ,0.0,0.0,0,0,0,0,0,0,0,0
TF,PENAP,56.735833,93.552222,0, ,0.0,0.0,0.0,0.0,0,0,0,0,0,0,0,0

SID,PENA2J,11,2
CD, ,0,0,0,KRS,0,0.0,109.0,5.9,0,0,0,0,0,0,0,0
CI,1, ,0.0,3.0,0,0,0,0,0,0,0,0
CF,PENAP,56.735833,93.552222,0,KRS,40.1,48.3,40.0,37.0,0,0,0,0,0,0,0,0

SID,PENA2K,29,2
CD, ,0,0,0,KRS,0,0.0,289.0,6.7,0,0,0,0,0,0,0,0
DF,GO,56.641111,92.653611,2, ,0.0,0.0,0,0,0,0,0,0,0,0
TF,PENAP,56.735833,93.552222,0, ,0.0,0.0,0.0,0.0,0,0,0,0,0,0,0,0

SID,PENA2L,11,5
CF,KL008,56.144333,92.684806,0,KRS,98.6,5.1,109.0,5.0,0,0,0,0,0,0,0,1
DF,KL003,56.273972,92.890028,0, ,0.0,0.0,3,9000,0,0,0,0,0,0
TF,KL004,56.479722,93.092500,0, ,0.0,0.0,0.0,0.0,0,0,0,0,0,0,0,0
TF,PENAP,56.735833,93.552222,0, ,0.0,0.0,0.0,0.0,0,0,0,0,0,0,0,0

SID,PENA2M,29,5
CF,KL009,56.220972,92.363222,0,KRS,297.1,6.8,289.0,7.0,0,0,0,0,0,0,0,1
DF,KL007,56.375333,92.245194,0, ,0.0,0.0,3,9000,0,0,0,0,0,0
TF,PENAP,56.735833,93.552222,0, ,0.0,0.0,0.0,0.0,0,0,0,0,0,0,0,0

SID,ROVN2G,11,2
CA,0,109.0,2,2000,0,0,0,0,0,0
DF,UJ,55.947389,92.488222,2, ,0.0,0.0,2,5000,0,0,0,0,0,0
TF,ROVNO,55.517222,91.116389,0, ,0.0,0.0,0.0,0.0,0,0,0,0,0,0,0,0

SID,ROVN2H,29,2
CA,0,289.0,2,2000,0,0,0,0,0,0
VI,0, ,0.0,247.0,0,0,0,0,0,0,0,0
CF,D238Y,55.750811,91.851353,0,KRS,219.3,33.9,202.0,28.0,0,0,0,0,0,0,0,0
TF,ROVNO,55.517222,91.116389,0, ,0.0,0.0,0.0,0.0,0,0,0,0,0,0,0,0

SID,ROVN2J,11,2
CD, ,0,0,0,KRS,0,0.0,109.0,5.9,0,0,0,0,0,0,0,0
DF,UJ,55.947389,92.488222,2, ,0.0,0.0,2,5000,0,0,0,0,0,0
TF,ROVNO,55.517222,91.116389,0, ,0.0,0.0,0.0,0.0,0,0,0,0,0,0,0,0

SID,ROVN2K,29,2
CD, ,0,0,0,KRS,0,0.0,289.0,6.7,0,0,0,0,0,0,0,0
VI,0, ,0.0,232.0,0,0,0,0,0,0,0,0
CF,D228W,55.931408,92.010672,0,KRS,228.0,22.5,202.0,19.0,0,0,0,0,0,0,0,0
TF,ROVNO,55.517222,91.116389,0, ,0.0,0.0,0.0,0.0,0,0,0,0,0,0,0,0

SID,ROVN2L,11,5
CF,KL008,56.144333,92.684806,0,KRS,98.6,5.1,109.0,5.0,0,0,0,0,0,0,0,1
DF,UJ,55.947389,92.488222,2, ,0.0,0.0,4,8000,5000,0,0,0,0,0
TF,ROVNO,55.517222,91.116389,0, ,0.0,0.0,0.0,0.0,0,0,0,0,0,0,0,0

SID,ROVN2M,29,5
CF,KL009,56.220972,92.363222,0,KRS,297.1,6.8,289.0,7.0,0,0,0,0,0,0,0,1
DF,ROVNO,55.517222,91.116389,0, ,0.0,0.0,0,0,0,0,0,0,0,0

STAR,DEB2YA,ALL,2
IF,DEBAR,57.050556,92.533056, ,0.0,0.0,2,9000,0,0,0,0,0,0
TF,GO,56.641111,92.653611,0, ,0.0,0.0,0.0,0.0,2,7000,0,0,0,0,0,0
TF,KRS,56.163000,92.536167,0, ,0.0,0.0,0.0,0.0,2,5000,0,0,0,0,0,0

STAR,DEBA2N,11,2
IF,DEBAR,57.050556,92.533056, ,0.0,0.0,2,9000,0,0,0,0,0,0
TF,GO,56.641111,92.653611,0, ,0.0,0.0,0.0,0.0,2,7000,0,0,0,0,0,0
TF,AJ,56.183472,92.448944,0, ,0.0,0.0,0.0,0.0,2,5000,0,0,0,0,0,0

STAR,DEBA2P,29,2
IF,DEBAR,57.050556,92.533056, ,0.0,0.0,2,9000,0,0,0,0,0,0
TF,GO,56.641111,92.653611,0, ,0.0,0.0,0.0,0.0,2,7000,0,0,0,0,0,0
TF,B,56.163333,92.533806,0, ,0.0,0.0,0.0,0.0,2,5000,0,0,0,0,0,0

STAR,DEBA2R,11,5
IF,DEBAR,57.050556,92.533056, ,0.0,0.0,2,9000,0,0,0,0,0,0
TF,GO,56.641111,92.653611,0, ,0.0,0.0,0.0,0.0,2,7000,0,0,0,0,0,0
TF,KL041,56.378056,92.548000,0, ,0.0,0.0,0.0,0.0,0,0,0,0,0,0,0,0
TF,KL010,56.307278,92.493528,0, ,0.0,0.0,0.0,0.0,2,4000,0,0,0,0,0,0

STAR,DEBA2S,29,5
IF,DEBAR,57.050556,92.533056, ,0.0,0.0,2,9000,0,0,0,0,0,0
TF,GO,56.641111,92.653611,0, ,0.0,0.0,0.0,0.0,2,7000,0,0,0,0,0,0
TF,KL023,56.264167,92.674583,0, ,0.0,0.0,0.0,0.0,2,4000,0,0,0,0,0,0

STAR,LAL2YA,ALL,2
IF,LALOM,55.907222,93.824722, ,0.0,0.0,2,10000,0,0,0,0,0,0
TF,D105Y,56.025106,93.241364,0, ,0.0,0.0,0.0,0.0,0,0,0,0,0,0,0,0
TF,KRS,56.163000,92.536167,0, ,0.0,0.0,0.0,0.0,2,5000,0,0,0,0,0,0

STAR,LALO2N,11,2
IF,LALOM,55.907222,93.824722, ,0.0,0.0,2,10000,0,0,0,0,0,0
TF,D089T,55.930975,93.087106,0, ,0.0,0.0,0.0,0.0,0,0,0,0,0,0,0,0
TF,AJ,56.183472,92.448944,0, ,0.0,0.0,0.0,0.0,2,5000,0,0,0,0,0,0

STAR,LALO2P,29,2
IF,LALOM,55.907222,93.824722, ,0.0,0.0,2,10000,0,0,0,0,0,0
TF,D123W,55.931494,93.079011,0, ,0.0,0.0,0.0,0.0,0,0,0,0,0,0,0,0
TF,B,56.163333,92.533806,0, ,0.0,0.0,0.0,0.0,2,5000,0,0,0,0,0,0

STAR,LALO2R,11,5
IF,LALOM,55.907222,93.824722, ,0.0,0.0,2,10000,0,0,0,0,0,0
TF,NEMUR,56.021667,93.259167,0, ,0.0,0.0,0.0,0.0,0,0,0,0,0,0,0,0
TF,KL039,56.220222,92.857278,0, ,0.0,0.0,0.0,0.0,2,10000,0,0,0,0,0,0
TF,KL040,56.262111,92.683139,0, ,0.0,0.0,0.0,0.0,0,0,0,0,0,0,0,0
TF,KL010,56.307278,92.493528,0, ,0.0,0.0,0.0,0.0,2,4000,0,0,0,0,0,0

STAR,LALO2S,29,5
IF,LALOM,55.907222,93.824722, ,0.0,0.0,2,10000,0,0,0,0,0,0
TF,NEMUR,56.021667,93.259167,0, ,0.0,0.0,0.0,0.0,2,7000,0,0,0,0,0,0
TF,KL052,56.076000,92.967417,0, ,0.0,0.0,0.0,0.0,2,4000,0,0,0,0,0,0

STAR,LALO2Z,11,5
IF,LALOM,55.907222,93.824722, ,0.0,0.0,2,10000,0,0,0,0,0,0
TF,NEMUR,56.021667,93.259167,0, ,0.0,0.0,0.0,0.0,0,0,0,0,0,0,0,0
TF,KL037,56.002972,92.712917,0, ,0.0,0.0,0.0,0.0,0,0,0,0,0,0,0,0
TF,KL038,56.049389,92.519639,0, ,0.0,0.0,0.0,0.0,2,9000,0,0,0,0,0,0
TF,KL019,56.094306,92.331000,0, ,0.0,0.0,0.0,0.0,2,4000,0,0,0,0,0,0

STAR,OKR2YA,ALL,2
IF,OKRIM,56.900556,93.166389, ,0.0,0.0,2,10000,0,0,0,0,0,0
TF,GO,56.641111,92.653611,0, ,0.0,0.0,0.0,0.0,2,7000,0,0,0,0,0,0
TF,KRS,56.163000,92.536167,0, ,0.0,0.0,0.0,0.0,2,5000,0,0,0,0,0,0

STAR,OKRI2N,11,2
IF,OKRIM,56.900556,93.166389, ,0.0,0.0,2,10000,0,0,0,0,0,0
TF,GO,56.641111,92.653611,0, ,0.0,0.0,0.0,0.0,2,7000,0,0,0,0,0,0
TF,AJ,56.183472,92.448944,0, ,0.0,0.0,0.0,0.0,2,5000,0,0,0,0,0,0

STAR,OKRI2P,29,2
IF,OKRIM,56.900556,93.166389, ,0.0,0.0,2,10000,0,0,0,0,0,0
TF,GO,56.641111,92.653611,0, ,0.0,0.0,0.0,0.0,2,7000,0,0,0,0,0,0
TF,B,56.163333,92.533806,0, ,0.0,0.0,0.0,0.0,2,5000,0,0,0,0,0,0

STAR,OKRI2R,11,5
IF,OKRIM,56.900556,93.166389, ,0.0,0.0,2,10000,0,0,0,0,0,0
TF,GO,56.641111,92.653611,0, ,0.0,0.0,0.0,0.0,2,7000,0,0,0,0,0,0
TF,KL041,56.378056,92.548000,0, ,0.0,0.0,0.0,0.0,0,0,0,0,0,0,0,0
TF,KL010,56.307278,92.493528,0, ,0.0,0.0,0.0,0.0,2,4000,0,0,0,0,0,0

STAR,OKRI2S,29,5
IF,OKRIM,56.900556,93.166389, ,0.0,0.0,2,10000,0,0,0,0,0,0
TF,GO,56.641111,92.653611,0, ,0.0,0.0,0.0,0.0,2,7000,0,0,0,0,0,0
TF,KL023,56.264167,92.674583,0, ,0.0,0.0,0.0,0.0,2,4000,0,0,0,0,0,0

STAR,RAN2YA,ALL,2
IF,RANET,56.283889,91.133056, ,0.0,0.0,2,9000,0,0,0,0,0,0
TF,KRS28,56.236572,91.705603,0, ,0.0,0.0,0.0,0.0,0,0,0,0,0,0,0,0
TF,KRS,56.163000,92.536167,0, ,0.0,0.0,0.0,0.0,2,5000,0,0,0,0,0,0

STAR,RANE2N,11,2
IF,RANET,56.283889,91.133056, ,0.0,0.0,2,9000,0,0,0,0,0,0
TF,KR27A,56.239219,91.742058,0, ,0.0,0.0,0.0,0.0,0,0,0,0,0,0,0,0
TF,AJ,56.183472,92.448944,0, ,0.0,0.0,0.0,0.0,2,5000,0,0,0,0,0,0

STAR,RANE2P,29,2
IF,RANET,56.283889,91.133056, ,0.0,0.0,2,9000,0,0,0,0,0,0
TF,GO34,56.419358,91.725503,0, ,0.0,0.0,0.0,0.0,0,0,0,0,0,0,0,0
TF,D27A,56.385244,91.834808,0, ,0.0,0.0,0.0,0.0,0,0,0,0,0,0,0,0
TF,B,56.163333,92.533806,0, ,0.0,0.0,0.0,0.0,2,5000,0,0,0,0,0,0

STAR,RANE2R,11,5
IF,RANET,56.283889,91.133056, ,0.0,0.0,2,9000,0,0,0,0,0,0
TF,KL045,56.272111,91.740056,0, ,0.0,0.0,0.0,0.0,2,7000,0,0,0,0,0,0
TF,KL014,56.263500,92.109361,0, ,0.0,0.0,0.0,0.0,2,3100,0,0,0,0,0,0

STAR,RANE2S,29,5
IF,RANET,56.283889,91.133056, ,0.0,0.0,2,9000,0,0,0,0,0,0
TF,LAGEP,56.238056,91.688333,0, ,0.0,0.0,0.0,0.0,0,0,0,0,0,0,0,0
TF,KL042,56.314917,91.869444,0, ,0.0,0.0,0.0,0.0,0,0,0,0,0,0,0,0
TF,KL043,56.281417,92.410111,0, ,0.0,0.0,0.0,0.0,2,10000,0,0,0,0,0,0
TF,KL023,56.264167,92.674583,0, ,0.0,0.0,0.0,0.0,2,4000,0,0,0,0,0,0

STAR,RANE2Z,29,5
IF,RANET,56.283889,91.133056, ,0.0,0.0,2,9000,0,0,0,0,0,0
TF,LAGEP,56.238056,91.688333,0, ,0.0,0.0,0.0,0.0,2,7000,0,0,0,0,0,0
TF,KL034,56.051389,92.511250,0, ,0.0,0.0,0.0,0.0,2,5000,0,0,0,0,0,0

STAR,ROG2YA,ALL,2
IF,ROGMA,55.417222,91.549722, ,0.0,0.0,2,9000,0,0,0,0,0,0
TF,KRS27,55.803183,92.054206,0, ,0.0,0.0,0.0,0.0,0,0,0,0,0,0,0,0
TF,KRS,56.163000,92.536167,0, ,0.0,0.0,0.0,0.0,2,5000,0,0,0,0,0,0

STAR,ROGM2N,11,2
IF,ROGMA,55.417222,91.549722, ,0.0,0.0,2,9000,0,0,0,0,0,0
TF,D202X,55.805953,92.234033,0, ,0.0,0.0,0.0,0.0,0,0,0,0,0,0,0,0
TF,AJ,56.183472,92.448944,0, ,0.0,0.0,0.0,0.0,2,5000,0,0,0,0,0,0

STAR,ROGM2P,29,2
IF,ROGMA,55.417222,91.549722, ,0.0,0.0,2,9000,0,0,0,0,0,0
TF,D201X,55.806736,92.238833,0, ,0.0,0.0,0.0,0.0,0,0,0,0,0,0,0,0
TF,B,56.163333,92.533806,0, ,0.0,0.0,0.0,0.0,2,5000,0,0,0,0,0,0

STAR,ROGM2R,11,5
IF,ROGMA,55.417222,91.549722, ,0.0,0.0,2,9000,0,0,0,0,0,0
TF,LOKSI,55.757972,92.161611,0, ,0.0,0.0,0.0,0.0,2,7000,0,0,0,0,0,0
TF,KL019,56.094306,92.331000,0, ,0.0,0.0,0.0,0.0,2,4000,0,0,0,0,0,0

STAR,ROGM2S,29,5
IF,ROGMA,55.417222,91.549722, ,0.0,0.0,2,9000,0,0,0,0,0,0
TF,LOKSI,55.757972,92.161611,0, ,0.0,0.0,0.0,0.0,0,0,0,0,0,0,0,0
TF,KL034,56.051389,92.511250,0, ,0.0,0.0,0.0,0.0,0,0,0,0,0,0,0,0
TF,KL044,56.127083,92.569139,0, ,0.0,0.0,0.0,0.0,2,10000,0,0,0,0,0,0
TF,KL023,56.264167,92.674583,0, ,0.0,0.0,0.0,0.0,2,4000,0,0,0,0,0,0

STAR,ROGM2Z,29,5
IF,ROGMA,55.417222,91.549722, ,0.0,0.0,2,9000,0,0,0,0,0,0
TF,LOKSI,55.757972,92.161611,0, ,0.0,0.0,0.0,0.0,2,7000,0,0,0,0,0,0
TF,KL034,56.051389,92.511250,0, ,0.0,0.0,0.0,0.0,2,5000,0,0,0,0,0,0

APPTR,I29-Y,29,KRS1
IF,KRS,56.163000,92.536167, ,0.0,0.0,2,5000,0,0,0,0,1,0
FD,KRS,56.163000,92.536167,0,KRS,0.0,10.2,65.0,10.2,2,4000,0,0,0,0,0,0
CF,CF291,56.110469,92.824997,2,IRL,109.2,11.2,289.0,1.0,2,3000,0,0,0,0,0,0

APPTR,I29-Y,29,KRS2
IF,KRS,56.163000,92.536167, ,0.0,0.0,2,5000,0,0,0,0,1,0
FD,KRS,56.163000,92.536167,0,KRS,0.0,10.2,93.0,10.2,2,4000,0,0,0,0,0,0
CF,CF291,56.110469,92.824997,2,IRL,109.2,11.2,289.0,1.0,2,3000,0,0,0,0,0,0

FINAL,I29-Y,29,I,3
IF,CF291,56.110469,92.824997,IRL,109.2,11.2,2,3000,0,0,0,0,0,0
CF,FF291,56.140086,92.702247,0,IRL,109.2,6.7,289.0,4.5,1,2500,0,0,0,0,2,0
CF,RW29,56.174186,92.560047,0,IRL,109.1,1.5,289.0,5.2,1,846,0,0,0,0,3,0
CA,0,289.0,2,1200,0,0,0,0,0,0
CD, ,0,0,0,KRS,0,0.0,304.0,5.2,0,0,0,0,0,0,0,0
DF,KRS,56.163000,92.536167,2, ,0.0,0.0,2,4000,0,0,0,0,0,0

APPTR,I29-Z,29,K0231
IF,KL023,56.264167,92.674583, ,0.0,0.0,2,4000,0,0,0,0,1,0
TF,KL024,56.228583,92.822778,0, ,0.0,0.0,0.0,0.0,2,4000,0,0,0,0,0,0
TF,KL025,56.210722,92.896778,0, ,0.0,0.0,0.0,0.0,2,4000,0,0,0,0,0,0
TF,KL026,56.192833,92.970694,0, ,0.0,0.0,0.0,0.0,2,4000,0,0,0,0,0,0
TF,KL027,56.174889,93.044528,0, ,0.0,0.0,0.0,0.0,2,4000,0,0,0,0,0,0
TF,KL052,56.076000,92.967417,0, ,0.0,0.0,0.0,0.0,2,4000,0,0,0,0,0,0
TF,KL053,56.093889,92.893722,0, ,0.0,0.0,0.0,0.0,0,0,0,0,0,0,0,0
TF,KL054,56.111750,92.819972,0,IRL,0.0,0.0,0.0,0.0,2,3000,0,0,0,0,1,0

APPTR,I29-Z,29,K0232
IF,KL023,56.264167,92.674583, ,0.0,0.0,2,4000,0,0,0,0,1,0
TF,KL024,56.228583,92.822778,0, ,0.0,0.0,0.0,0.0,2,4000,0,0,0,0,0,0
TF,KL025,56.210722,92.896778,0, ,0.0,0.0,0.0,0.0,2,4000,0,0,0,0,0,0
TF,KL054,56.111750,92.819972,0,IRL,0.0,0.0,0.0,0.0,2,3000,0,0,0,0,1,0

APPTR,I29-Z,29,KL034
IF,KL034,56.051389,92.511250, ,0.0,0.0,2,5000,0,0,0,0,1,0
TF,KL036,55.998278,92.732417,0, ,0.0,0.0,0.0,0.0,2,4000,0,0,0,0,0,0
TF,KL054,56.111750,92.819972,0,IRL,0.0,0.0,0.0,0.0,2,3000,0,0,0,0,1,0

APPTR,I29-Z,29,KL052
IF,KL052,56.076000,92.967417, ,0.0,0.0,2,4000,0,0,0,0,1,0
TF,KL053,56.093889,92.893722,0, ,0.0,0.0,0.0,0.0,0,0,0,0,0,0,0,0
TF,KL054,56.111750,92.819972,0,IRL,0.0,0.0,0.0,0.0,2,3000,0,0,0,0,1,0

FINAL,I29-Z,29,I,3
IF,KL054,56.111750,92.819972,IRL,109.1,11.0,2,3000,0,0,0,0,0,0
CF,FF291,56.140086,92.702247,0,IRL,109.2,6.7,289.0,4.3,1,2500,0,0,0,0,2,0
CF,RW29,56.174186,92.560047,0,IRL,109.1,1.5,289.0,5.2,1,846,0,0,0,0,3,0
CA,0,304.0,2,2100,0,0,0,0,0,0
DF,KL023,56.264167,92.674583,2, ,0.0,0.0,2,4000,0,0,0,0,0,0

APPTR,N29-Y,29,B1
IF,B,56.163333,92.533806, ,0.0,0.0,2,5000,0,0,0,0,1,0
FC,B,56.163333,92.533806,0,KRS,0.0,0.0,65.0,8.8,2,4000,0,0,0,0,0,1
CF,FN29,56.130106,92.745372,2,KRS,101.6,7.3,289.0,2.0,2,3000,0,0,0,0,0,0

APPTR,N29-Y,29,B2
IF,B,56.163333,92.533806, ,0.0,0.0,2,5000,0,0,0,0,1,0
FC,B,56.163333,92.533806,0,KRS,0.0,0.0,93.0,8.8,2,4000,0,0,0,0,0,1
CF,FN29,56.130106,92.745372,2,KRS,101.6,7.3,289.0,2.0,2,3000,0,0,0,0,0,0

FINAL,N29-Y,29,N,2
IF,FN29,56.130106,92.745372,R,0.0,0.0,2,3000,0,0,0,0,2,0
CF,R,56.169889,92.578028,0,R,0.0,0.0,289.0,6.1,1,1054,0,0,0,0,3,0
CA,0,304.0,2,2500,0,0,0,0,0,0
DF,B,56.163333,92.533806,2, ,0.0,0.0,2,4000,0,0,0,0,0,0

APPTR,Q11-W,11,AJ1
IF,AJ,56.183472,92.448944, ,0.0,0.0,2,5000,0,0,0,0,1,0
FD,AJ,56.183472,92.448944,0,KRS,288.9,10.4,260.0,10.4,2,4000,0,0,0,0,0,0
CF,CQ11,56.244158,92.262103,2,KRS,294.1,10.4,109.0,1.0,2,3000,0,0,0,0,0,0

APPTR,Q11-W,11,AJ2
IF,AJ,56.183472,92.448944, ,0.0,0.0,2,5000,0,0,0,0,1,0
FD,AJ,56.183472,92.448944,0,KRS,288.9,10.4,277.0,10.4,2,4000,0,0,0,0,0,0
CF,CQ11,56.244158,92.262103,2,KRS,294.1,10.4,109.0,1.0,2,3000,0,0,0,0,0,0

FINAL,Q11-W,11,N,4
IF,CQ11,56.244158,92.262103,R,0.0,0.0,2,3000,0,0,0,0,0,0
CF,FQ11,56.212994,92.395231,0,R,0.0,0.0,109.0,4.8,1,2500,0,0,0,0,2,0
CF,29DME,56.195047,92.471533,0,R,0.0,0.0,109.0,2.8,1,1580,0,0,0,0,0,0
CF,RW11,56.180544,92.533400,0,KRS,0.0,1.1,109.0,2.3,1,883,0,0,0,0,3,0
CF,R,56.169889,92.578028,0,KRS,69.6,1.5,109.0,1.6,0,0,0,0,0,0,0,1
CA,0,94.0,2,2100,0,0,0,0,0,0
DF,AJ,56.183472,92.448944,1, ,0.0,0.0,2,4000,0,0,0,0,0,0

APPTR,Q11-Y,11,AJ1
IF,AJ,56.183472,92.448944, ,0.0,0.0,2,5000,0,0,0,0,1,0
FD,AJ,56.183472,92.448944,0,KRS,288.9,10.4,260.0,10.4,2,4000,0,0,0,0,0,0
CF,FQ11Y,56.223703,92.350697,2,KRS,296.5,7.2,109.0,3.0,2,3000,0,0,0,0,0,0

APPTR,Q11-Y,11,AJ2
IF,AJ,56.183472,92.448944, ,0.0,0.0,2,5000,0,0,0,0,1,0
FD,AJ,56.183472,92.448944,0,KRS,288.9,10.4,277.0,10.4,2,4000,0,0,0,0,0,0
CF,FQ11Y,56.223703,92.350697,2,KRS,296.5,7.2,109.0,3.0,2,3000,0,0,0,0,0,0

FINAL,Q11-Y,11,N,2
IF,FQ11Y,56.223703,92.350697,KP,0.0,0.0,2,3000,0,0,0,0,2,0
CF,KP,56.184556,92.516722,0,KRS,0.0,1.5,109.0,6.0,1,1077,0,0,0,0,3,0
CA,0,94.0,2,2100,0,0,0,0,0,0
DF,AJ,56.183472,92.448944,1, ,0.0,0.0,2,4000,0,0,0,0,0,0

APPTR,Q11-Z,11,AJ1
IF,AJ,56.183472,92.448944, ,0.0,0.0,2,5000,0,0,0,0,1,0
FD,AJ,56.183472,92.448944,0,KRS,288.9,10.4,260.0,10.4,2,4000,0,0,0,0,0,0
CF,CQ11,56.244158,92.262103,2,KRS,294.1,10.4,109.0,1.0,2,3000,0,0,0,0,0,0

APPTR,Q11-Z,11,AJ2
IF,AJ,56.183472,92.448944, ,0.0,0.0,2,5000,0,0,0,0,1,0
FD,AJ,56.183472,92.448944,0,KRS,288.9,10.4,277.0,10.4,2,4000,0,0,0,0,0,0
CF,CQ11,56.244158,92.262103,2,KRS,294.1,10.4,109.0,1.0,2,3000,0,0,0,0,0,0

FINAL,Q11-Z,11,N,3
IF,CQ11,56.244158,92.262103,KP,0.0,0.0,2,3000,0,0,0,0,0,0
CF,FQ11,56.212994,92.395231,0,KP,0.0,0.0,109.0,4.8,1,2500,0,0,0,0,2,0
CF,KP,56.184556,92.516722,0,KRS,0.0,1.5,109.0,4.4,1,1077,0,0,0,0,3,0
CA,0,94.0,2,2100,0,0,0,0,0,0
DF,AJ,56.183472,92.448944,1, ,0.0,0.0,2,4000,0,0,0,0,0,0

APPTR,Q29-Z,29,B1
IF,B,56.163333,92.533806, ,0.0,0.0,2,5000,0,0,0,0,1,0
FD,B,56.163333,92.533806,0,KRS,280.2,10.2,65.0,10.2,2,4000,0,0,0,0,0,0
CF,CF291,56.110469,92.824997,2,KRS,103.9,10.2,289.0,1.0,2,3000,0,0,0,0,0,0

APPTR,Q29-Z,29,B2
IF,B,56.163333,92.533806, ,0.0,0.0,2,5000,0,0,0,0,1,0
FD,B,56.163333,92.533806,0,KRS,280.2,10.2,93.0,10.2,2,4000,0,0,0,0,0,0
CF,CF291,56.110469,92.824997,2,KRS,103.9,10.2,289.0,1.0,2,3000,0,0,0,0,0,0

FINAL,Q29-Z,29,N,4
IF,CF291,56.110469,92.824997,R,0.0,0.0,2,3000,0,0,0,0,0,0
CF,FF291,56.140086,92.702247,0,R,0.0,0.0,289.0,4.5,1,2500,0,0,0,0,2,0
CF,31DME,56.158019,92.628094,0,R,0.0,0.0,289.0,2.7,1,1620,0,0,0,0,0,0
CF,R,56.169889,92.578028,0,KRS,0.0,1.5,289.0,1.8,1,1054,0,0,0,0,3,0
CA,0,304.0,2,2500,0,0,0,0,0,0
DF,B,56.163333,92.533806,2, ,0.0,0.0,2,4000,0,0,0,0,0,0

APPTR,R11,11,K0101
IF,KL010,56.307278,92.493528, ,0.0,0.0,2,4000,0,0,0,0,1,0
TF,KL011,56.342444,92.344750,0, ,0.0,0.0,0.0,0.0,2,4000,0,0,0,0,0,0
TF,KL012,56.359972,92.270250,0, ,0.0,0.0,0.0,0.0,2,4000,0,0,0,0,0,0
TF,KL013,56.377444,92.195694,0, ,0.0,0.0,0.0,0.0,2,4000,0,0,0,0,0,0
TF,KL014,56.263500,92.109361,0, ,0.0,0.0,0.0,0.0,2,3100,0,0,0,0,0,0
TF,KL049,56.260667,92.194778,1, ,0.0,0.0,0.0,0.0,0,0,0,0,0,0,0,0
TF,KL050,56.243167,92.269111,0, ,0.0,0.0,0.0,0.0,1,3000,0,0,0,0,1,0

APPTR,R11,11,K0102
IF,KL010,56.307278,92.493528, ,0.0,0.0,2,4000,0,0,0,0,1,0
TF,KL011,56.342444,92.344750,0, ,0.0,0.0,0.0,0.0,2,4000,0,0,0,0,0,0
TF,KL050,56.243167,92.269111,0, ,0.0,0.0,0.0,0.0,1,3000,0,0,0,0,1,0

APPTR,R11,11,K0191
IF,KL019,56.094306,92.331000, ,0.0,0.0,2,5000,0,0,0,0,1,0
TF,KL020,56.129278,92.182889,0, ,0.0,0.0,0.0,0.0,2,4000,0,0,0,0,0,0
TF,KL021,56.146722,92.108722,0, ,0.0,0.0,0.0,0.0,2,4000,0,0,0,0,0,0
TF,KL022,56.164083,92.034500,0, ,0.0,0.0,0.0,0.0,2,4000,0,0,0,0,0,0
TF,KL014,56.263500,92.109361,0, ,0.0,0.0,0.0,0.0,2,3100,0,0,0,0,0,0
TF,KL049,56.260667,92.194778,0, ,0.0,0.0,0.0,0.0,0,0,0,0,0,0,0,0
TF,KL050,56.243167,92.269111,0, ,0.0,0.0,0.0,0.0,1,3000,0,0,0,0,1,0

APPTR,R11,11,K0192
IF,KL019,56.094306,92.331000, ,0.0,0.0,2,5000,0,0,0,0,1,0
TF,KL020,56.129278,92.182889,0, ,0.0,0.0,0.0,0.0,2,4000,0,0,0,0,0,0
TF,KL050,56.243167,92.269111,0, ,0.0,0.0,0.0,0.0,1,3000,0,0,0,0,1,0

APPTR,R11,11,KL014
IF,KL014,56.263500,92.109361, ,0.0,0.0,2,3100,0,0,0,0,1,0
TF,KL049,56.260667,92.194778,0, ,0.0,0.0,0.0,0.0,0,0,0,0,0,0,0,0
TF,KL050,56.243167,92.269111,0, ,0.0,0.0,0.0,0.0,1,3000,0,0,0,0,1,0

FINAL,R11,11,R,3
IF,KL050,56.243167,92.269111, ,0.0,0.0,1,3000,0,0,0,0,0,0
TF,KL051,56.213694,92.393972,0, ,0.0,0.0,109.0,4.5,1,2500,0,0,0,0,2,0
TF,RW11,56.180544,92.533400,0, ,0.0,0.0,109.0,5.1,1,883,0,0,0,0,3,1
CA,0,94.0,2,2100,0,0,0,0,0,0
DF,KL010,56.307278,92.493528,1, ,0.0,0.0,2,4000,0,0,0,0,0,0

APPTR,R29,29,K0231
IF,KL023,56.264167,92.674583, ,0.0,0.0,2,4000,0,0,0,0,1,0
TF,KL024,56.228583,92.822778,0, ,0.0,0.0,0.0,0.0,2,4000,0,0,0,0,0,0
TF,KL025,56.210722,92.896778,0, ,0.0,0.0,0.0,0.0,2,4000,0,0,0,0,0,0
TF,KL026,56.192833,92.970694,0, ,0.0,0.0,0.0,0.0,2,4000,0,0,0,0,0,0
TF,KL027,56.174889,93.044528,0, ,0.0,0.0,0.0,0.0,2,4000,0,0,0,0,0,0
TF,KL052,56.076000,92.967417,0, ,0.0,0.0,0.0,0.0,2,4000,0,0,0,0,0,0
TF,KL053,56.093889,92.893722,0, ,0.0,0.0,0.0,0.0,0,0,0,0,0,0,0,0
TF,KL054,56.111750,92.819972,0, ,0.0,0.0,0.0,0.0,2,3000,0,0,0,0,1,0

APPTR,R29,29,K0232
IF,KL023,56.264167,92.674583, ,0.0,0.0,2,4000,0,0,0,0,1,0
TF,KL024,56.228583,92.822778,0, ,0.0,0.0,0.0,0.0,2,4000,0,0,0,0,0,0
TF,KL025,56.210722,92.896778,0, ,0.0,0.0,0.0,0.0,2,4000,0,0,0,0,0,0
TF,KL054,56.111750,92.819972,0, ,0.0,0.0,0.0,0.0,2,3000,0,0,0,0,1,0

APPTR,R29,29,KL034
IF,KL034,56.051389,92.511250, ,0.0,0.0,2,5000,0,0,0,0,1,0
TF,KL036,55.998278,92.732417,0, ,0.0,0.0,0.0,0.0,2,4000,0,0,0,0,0,0
TF,KL054,56.111750,92.819972,0, ,0.0,0.0,0.0,0.0,2,3000,0,0,0,0,1,0

APPTR,R29,29,KL052
IF,KL052,56.076000,92.967417, ,0.0,0.0,2,4000,0,0,0,0,1,0
TF,KL053,56.093889,92.893722,0, ,0.0,0.0,0.0,0.0,0,0,0,0,0,0,0,0
TF,KL054,56.111750,92.819972,0, ,0.0,0.0,0.0,0.0,2,3000,0,0,0,0,1,0

FINAL,R29,29,R,3
IF,KL054,56.111750,92.819972, ,0.0,0.0,2,3000,0,0,0,0,0,0
TF,KL055,56.140056,92.702556,0, ,0.0,0.0,289.0,4.3,1,2500,0,0,0,0,2,0
TF,KL056,56.170083,92.577250,0, ,0.0,0.0,289.0,4.6,1,1046,0,0,0,0,3,1
CA,0,304.0,2,2100,0,0,0,0,0,0
DF,KL023,56.264167,92.674583,2, ,0.0,0.0,2,4000,0,0,0,0,0,0

