SID,BN15U,15,2
CA,0,148.0,2,830,0,0,0,0,0,0
CF,BUNAT,60.928889,77.610556,1,NWK,75.0,33.5,329.0,15.0,4,15000,6000,0,0,0,0,0

SID,BN33U,33,2
CA,0,328.0,2,820,0,0,0,0,0,0
CF,BUNAT,60.928889,77.610556,0,NWK,75.0,33.5,340.0,12.0,4,15000,6000,0,0,0,0,0

SID,LL15U,15,2
CA,0,148.0,2,830,0,0,0,0,0,0
CF,LOLTA,59.945556,78.668333,0,NWK,116.6,88.8,131.0,52.0,4,15000,6000,0,0,0,0,0
TF,LADOV,58.802222,80.075833,0, ,0.0,0.0,0.0,0.0,0,0,0,0,0,0,0,0

SID,LL33U,33,2
CA,0,328.0,2,820,0,0,0,0,0,0
CF,LOLTA,59.945556,78.668333,2,NWK,116.6,88.8,134.0,55.0,4,15000,6000,0,0,0,0,0
TF,LADOV,58.802222,80.075833,0, ,0.0,0.0,0.0,0.0,0,0,0,0,0,0,0,0

SID,MG15U,15,2
CA,0,148.0,2,830,0,0,0,0,0,0
CF,MAGOM,60.155278,79.000000,0,NWK,105.2,88.8,113.0,49.0,4,15000,6000,0,0,0,0,0
TF,TOGBA,59.395556,80.715833,0, ,0.0,0.0,0.0,0.0,0,0,0,0,0,0,0,0

SID,MG33U,33,2
CA,0,328.0,2,820,0,0,0,0,0,0
CF,MAGOM,60.155278,79.000000,2,NWK,105.2,88.8,118.0,52.0,4,15000,6000,0,0,0,0,0
TF,TOGBA,59.395556,80.715833,0, ,0.0,0.0,0.0,0.0,0,0,0,0,0,0,0,0

SID,MN15U,15,2
CA,0,148.0,2,830,0,0,0,0,0,0
CF,MANUD,59.836944,77.163333,0,NWK,146.4,69.8,182.0,52.0,4,15000,6000,0,0,0,0,0
TF,GEMRI,59.483889,76.970556,0, ,0.0,0.0,0.0,0.0,0,0,0,0,0,0,0,0

SID,MN33U,33,2
CA,0,328.0,2,820,0,0,0,0,0,0
CF,MANUD,59.836944,77.163333,1,NWK,146.4,69.8,178.0,55.0,4,15000,6000,0,0,0,0,0
TF,GEMRI,59.483889,76.970556,0, ,0.0,0.0,0.0,0.0,0,0,0,0,0,0,0,0

SID,PR15U,15,2
CA,0,148.0,2,830,0,0,0,0,0,0
CF,PAROM,60.833889,77.033889,2,NWK,95.5,17.9,286.0,20.0,4,15000,6000,0,0,0,0,0

SID,PR33U,33,2
CA,0,328.0,2,820,0,0,0,0,0,0
CF,PAROM,60.833889,77.033889,0,NWK,95.5,17.9,272.0,18.0,4,15000,6000,0,0,0,0,0

SID,UO15U,15,2
CA,0,148.0,2,830,0,0,0,0,0,0
CF,UROBA,60.601944,76.871111,2,NWK,134.9,23.8,246.0,22.0,4,15000,6000,0,0,0,0,0
TF,KUBET,60.450556,75.832222,0, ,0.0,0.0,0.0,0.0,0,0,0,0,0,0,0,0

SID,UO33U,33,2
CA,0,328.0,2,820,0,0,0,0,0,0
CF,UROBA,60.601944,76.871111,1,NWK,134.9,23.8,233.0,22.0,4,15000,6000,0,0,0,0,0
TF,KUBET,60.450556,75.832222,0, ,0.0,0.0,0.0,0.0,0,0,0,0,0,0,0,0

STAR,BN15A,15,2
IF,BUNAT,60.928889,77.610556, ,0.0,0.0,0,0,0,0,0,0,0,0
TF,D327E,60.831667,77.583333,0, ,0.0,0.0,0.0,0.0,1,1810,0,0,0,0,0,0
CF,CF15,60.809800,77.598703,0,NWK,87.2,34.2,148.0,1.0,1,1480,0,0,0,0,0,0

STAR,BN15C,15,2
IF,BUNAT,60.928889,77.610556, ,0.0,0.0,0,0,0,0,0,0,0,0
TF,D328F,60.853333,77.571667,0, ,0.0,0.0,0.0,0.0,1,1810,0,0,0,0,0,1
TF,CF15,60.809800,77.598703,0, ,0.0,0.0,0.0,0.0,1,1480,0,0,0,0,0,0

STAR,BN33A,33,2
IF,BUNAT,60.928889,77.610556, ,0.0,0.0,0,0,0,0,0,0,0,0
TF,D058B,60.736667,77.720000,0, ,0.0,0.0,0.0,0.0,0,0,0,0,0,0,0,0
TF,D131H,60.621667,77.791667,0, ,0.0,0.0,0.0,0.0,1,1810,0,0,0,0,0,1
CF,D144H,60.605000,77.750000,0,NWK,101.8,42.9,238.0,1.0,1,1810,0,0,0,0,0,1
CF,FN33,60.628333,77.711667,0,NWK,100.9,41.2,328.0,1.0,1,1480,0,0,0,0,0,0

STAR,BN33C,33,2
IF,BUNAT,60.928889,77.610556, ,0.0,0.0,0,0,0,0,0,0,0,0
TF,D122J,60.605000,77.878333,0, ,0.0,0.0,0.0,0.0,1,1810,0,0,0,0,0,1
CF,D138J,60.575000,77.808333,2,NWK,102.8,45.3,238.0,2.0,1,1810,0,0,0,0,0,1
CF,FN33,60.628333,77.711667,0,NWK,100.9,41.2,328.0,3.0,1,1480,0,0,0,0,0,0

STAR,LL15A,15,2
IF,LADOV,58.802222,80.075833, ,0.0,0.0,0,0,0,0,0,0,0,0
TF,LOLTA,59.945556,78.668333,0, ,0.0,0.0,0.0,0.0,0,0,0,0,0,0,0,0
TF,D360D,60.816667,77.671667,0, ,0.0,0.0,0.0,0.0,1,1810,0,0,0,0,0,1
CF,D337D,60.818333,77.615000,0,NWK,87.2,34.5,238.0,1.0,1,1810,0,0,0,0,0,0
CF,CF15,60.809800,77.598703,0,NWK,88.2,34.1,148.0,1.0,1,1480,0,0,0,0,0,0

STAR,LL33A,33,2
IF,LADOV,58.802222,80.075833, ,0.0,0.0,0,0,0,0,0,0,0,0
TF,LOLTA,59.945556,78.668333,0, ,0.0,0.0,0.0,0.0,0,0,0,0,0,0,0,0
TF,D148H,60.595000,77.733333,0, ,0.0,0.0,0.0,0.0,1,1810,0,0,0,0,0,0
TF,FN33,60.628333,77.711667,0, ,0.0,0.0,0.0,0.0,1,1480,0,0,0,0,0,0

STAR,LL33C,33,2
IF,LADOV,58.802222,80.075833, ,0.0,0.0,0,0,0,0,0,0,0,0
TF,LOLTA,59.945556,78.668333,0, ,0.0,0.0,0.0,0.0,0,0,0,0,0,0,0,0
TF,D148J,60.566667,77.748333,0, ,0.0,0.0,0.0,0.0,1,1810,0,0,0,0,0,0
TF,FN33,60.628333,77.711667,0, ,0.0,0.0,0.0,0.0,1,1480,0,0,0,0,0,0

STAR,MG15A,15,2
IF,TOGBA,59.395556,80.715833, ,0.0,0.0,0,0,0,0,0,0,0,0
TF,MAGOM,60.155278,79.000000,0, ,0.0,0.0,0.0,0.0,0,0,0,0,0,0,0,0
TF,D360D,60.816667,77.671667,0, ,0.0,0.0,0.0,0.0,1,1810,0,0,0,0,0,1
CF,D337D,60.818333,77.615000,0,NWK,86.1,34.5,238.0,1.0,1,1810,0,0,0,0,0,1
CF,CF15,60.809800,77.598703,0,NWK,87.2,34.2,148.0,1.0,1,1480,0,0,0,0,0,0

STAR,MG33A,33,2
IF,TOGBA,59.395556,80.715833, ,0.0,0.0,0,0,0,0,0,0,0,0
TF,MAGOM,60.155278,79.000000,0, ,0.0,0.0,0.0,0.0,0,0,0,0,0,0,0,0
TF,D148H,60.595000,77.733333,0, ,0.0,0.0,0.0,0.0,1,1810,0,0,0,0,0,0
TF,FN33,60.628333,77.711667,0, ,0.0,0.0,0.0,0.0,1,1480,0,0,0,0,0,0

STAR,MG33C,33,2
IF,TOGBA,59.395556,80.715833, ,0.0,0.0,0,0,0,0,0,0,0,0
TF,MAGOM,60.155278,79.000000,0, ,0.0,0.0,0.0,0.0,0,0,0,0,0,0,0,0
TF,D145K,60.593589,77.748253,0, ,0.0,0.0,0.0,0.0,1,1810,0,0,0,0,0,0
CF,FN33,60.628333,77.711667,0,NWK,100.9,41.2,328.0,2.0,1,1480,0,0,0,0,0,0

STAR,MN15A,15,2
IF,GEMRI,59.483889,76.970556, ,0.0,0.0,0,0,0,0,0,0,0,0
TF,MANUD,59.836944,77.163333,0, ,0.0,0.0,0.0,0.0,0,0,0,0,0,0,0,0
TF,MP,60.752778,77.633889,0, ,0.0,0.0,0.0,0.0,0,0,0,0,0,0,0,0
TF,D001C,60.808333,77.668333,0, ,0.0,0.0,0.0,0.0,1,1810,0,0,0,0,0,1
CF,D337D,60.818333,77.615000,1,NWK,86.1,34.5,238.0,1.0,1,1810,0,0,0,0,0,1
CF,CF15,60.809800,77.598703,0,NWK,87.2,34.2,148.0,1.0,1,1480,0,0,0,0,0,0

STAR,MN33A,33,2
IF,GEMRI,59.483889,76.970556, ,0.0,0.0,0,0,0,0,0,0,0,0
TF,MANUD,59.836944,77.163333,0, ,0.0,0.0,0.0,0.0,0,0,0,0,0,0,0,0
TF,D148H,60.595000,77.733333,0, ,0.0,0.0,0.0,0.0,1,1810,0,0,0,0,0,0
TF,FN33,60.628333,77.711667,0, ,0.0,0.0,0.0,0.0,1,1480,0,0,0,0,0,0

STAR,MN33C,33,2
IF,GEMRI,59.483889,76.970556, ,0.0,0.0,0,0,0,0,0,0,0,0
TF,MANUD,59.836944,77.163333,0, ,0.0,0.0,0.0,0.0,0,0,0,0,0,0,0,0
TF,D152H,60.598333,77.713333,0, ,0.0,0.0,0.0,0.0,1,1810,0,0,0,0,0,1
CF,FN33,60.628333,77.711667,0,NWK,100.9,41.2,328.0,1.0,1,1480,0,0,0,0,0,0

STAR,PR15A,15,2
IF,PAROM,60.833889,77.033889, ,0.0,0.0,0,0,0,0,0,0,0,0
TF,D322D,60.813333,77.583333,0, ,0.0,0.0,0.0,0.0,1,1810,0,0,0,0,0,1
CF,CF15,60.809800,77.598703,0,NWK,87.2,34.2,148.0,1.0,1,1480,0,0,0,0,0,0

STAR,PR15C,15,2
IF,PAROM,60.833889,77.033889, ,0.0,0.0,0,0,0,0,0,0,0,0
TF,D314H,60.859886,77.501853,0, ,0.0,0.0,0.0,0.0,1,1810,0,0,0,0,0,1
CF,CF15,60.809800,77.598703,0,NWK,87.2,34.2,148.0,3.0,1,1480,0,0,0,0,0,0

STAR,PR33A,33,2
IF,PAROM,60.833889,77.033889, ,0.0,0.0,0,0,0,0,0,0,0,0
TF,D163H,60.596667,77.658333,0, ,0.0,0.0,0.0,0.0,1,1810,0,0,0,0,0,1
CF,D152H,60.598333,77.713333,0,NWK,103.0,42.2,58.0,1.0,1,1810,0,0,0,0,0,1
CF,FN33,60.628333,77.711667,0,NWK,100.9,41.2,328.0,1.0,1,1480,0,0,0,0,0,0

FINAL,I15,15,I,3
IF,CF15,60.809800,77.598703,IMP,328.3,7.0,1,1480,0,0,0,0,0,0
CF,FF15,60.789908,77.610972,0,IMP,328.3,5.8,148.0,1.3,1,1480,0,0,0,0,2,0
CF,RW15,60.718272,77.655031,0,IMP,328.3,1.3,148.0,4.5,1,216,0,0,0,0,3,0
CA,0,148.0,2,830,0,0,0,0,0,0
VM,0,0,1,328.0,1,1810,0,0,0,0,0,0

FINAL,N15,15,N,4
IF,CF15,60.809800,77.598703,MP,0.0,0.0,1,1480,0,0,0,0,0,0
CF,FF15,60.789908,77.610972,0,MP,0.0,0.0,148.0,1.3,1,1480,0,0,0,0,2,0
CF,MP,60.752778,77.633889,0,MP,0.0,0.0,148.0,2.3,2,830,0,0,0,0,0,0
CF,MN15,60.735608,77.644606,0,MP,0.0,0.0,148.0,1.1,1,523,0,0,0,0,3,0
CA,0,148.0,2,830,0,0,0,0,0,0
VM,0,0,1,328.0,1,1810,0,0,0,0,0,0

FINAL,N33,33,N,2
IF,FN33,60.628333,77.711667,M,0.0,0.0,1,1480,0,0,0,0,2,0
CF,MN33,60.647539,77.699092,0,M,0.0,0.0,328.0,1.2,1,1168,0,0,0,0,3,0
CA,0,328.0,2,1810,0,0,0,0,0,0
CF,M,60.726389,77.650000,0,M,0.0,0.0,328.0,3.0,1,1810,0,0,0,0,0,1
VM,0,0,2,148.0,0,0,0,0,0,0,0,0

