SID,AGERU1,01,2
CA,0,14.0,2,1990,0,0,0,0,0,0
CF,AGERU,54.243056,86.648611,0,BAN,55.2,121.1,331.0,24.0,2,7000,0,0,0,0,0,0

SID,AGERU3,19,2
CA,0,194.0,2,1990,0,0,0,0,0,0
CF,AGERU,54.243056,86.648611,2,BAN,55.2,121.1,347.0,28.0,2,7000,0,0,0,0,0,0

SID,BAKM5C,01,5
DF,DER01,53.823272,86.885308,0, ,0.0,0.0,0,0,0,0,0,0,0,1
CA,0,14.0,2,1990,0,0,0,0,0,0
DF,WW069,54.084389,87.484222,0, ,0.0,0.0,2,7000,0,0,0,0,0,0
TF,WW019,54.141722,87.659639,0, ,0.0,0.0,0.0,0.0,2,10000,0,0,0,0,0,0
TF,BAKMI,54.470556,88.691111,0, ,0.0,0.0,0.0,0.0,2,11000,0,0,0,0,0,0

SID,BAKM5D,19,5
DF,DER19,53.800639,86.871458,0, ,0.0,0.0,0,0,0,0,0,0,0,1
CA,0,194.0,2,1990,0,0,0,0,0,0
DF,WW032,54.018194,87.554667,1, ,0.0,0.0,2,7000,0,0,0,0,0,0
TF,WW033,54.072222,87.687667,0, ,0.0,0.0,0.0,0.0,2,10000,0,0,0,0,0,0
TF,BAKMI,54.470556,88.691111,0, ,0.0,0.0,0.0,0.0,2,11000,0,0,0,0,0,0

SID,BATL5C,01,5
DF,DER01,53.823272,86.885308,0, ,0.0,0.0,0,0,0,0,0,0,0,1
CA,0,14.0,2,1990,0,0,0,0,0,0
DF,WW014,54.074806,86.754083,0, ,0.0,0.0,0,0,0,0,0,0,0,0
TF,WW028,54.185028,86.453111,0, ,0.0,0.0,0.0,0.0,2,7000,0,0,0,0,0,0
TF,BATLA,54.442222,85.736111,0, ,0.0,0.0,0.0,0.0,2,8000,0,0,0,0,0,0

SID,BATL5D,19,5
DF,DER19,53.800639,86.871458,0, ,0.0,0.0,0,0,0,0,0,0,0,1
CA,0,194.0,2,1990,0,0,0,0,0,0
DF,WW042,54.085167,86.273472,2, ,0.0,0.0,2,7000,0,0,0,0,0,0
TF,BATLA,54.442222,85.736111,0, ,0.0,0.0,0.0,0.0,2,8000,0,0,0,0,0,0

SID,BATL5E,01,5
DF,DER01,53.823272,86.885308,0, ,0.0,0.0,0,0,0,0,0,0,0,1
CA,0,14.0,2,1990,0,0,0,0,0,0
DF,WW076,54.149306,86.374667,0, ,0.0,0.0,2,7000,0,0,0,0,0,0
TF,BATLA,54.442222,85.736111,0, ,0.0,0.0,0.0,0.0,2,8000,0,0,0,0,0,0

SID,DEDIR1,01,2
CA,0,14.0,2,1990,0,0,0,0,0,0
CF,DEDIR,54.051667,87.525556,0,BAN,64.3,146.5,56.0,25.0,2,7000,0,0,0,0,0,0

SID,DEDIR3,19,2
CA,0,194.0,2,1990,0,0,0,0,0,0
CF,DEDIR,54.051667,87.525556,1,BAN,64.3,146.5,40.0,28.0,2,7000,0,0,0,0,0,0

SID,DEKA5C,01,5
DF,DER01,53.823272,86.885308,0, ,0.0,0.0,0,0,0,0,0,0,0,1
CA,0,14.0,2,1990,0,0,0,0,0,0
DF,WW024,53.728972,87.623917,0, ,0.0,0.0,2,7000,0,0,0,0,0,0
TF,WW025,53.647556,87.942250,0, ,0.0,0.0,0.0,0.0,2,10000,0,0,0,0,0,0
TF,DEKAN,53.387222,88.931111,0, ,0.0,0.0,0.0,0.0,2,17000,0,0,0,0,0,0

SID,DEKA5D,19,5
DF,DER19,53.800639,86.871458,0, ,0.0,0.0,0,0,0,0,0,0,0,1
CA,0,194.0,2,1990,0,0,0,0,0,0
DF,WW043,53.605472,87.551167,1, ,0.0,0.0,2,7000,0,0,0,0,0,0
TF,WW044,53.579889,87.719028,0, ,0.0,0.0,0.0,0.0,2,10000,0,0,0,0,0,0
TF,DEKAN,53.387222,88.931111,0, ,0.0,0.0,0.0,0.0,2,17000,0,0,0,0,0,0

SID,DILA5C,01,5
DF,DER01,53.823272,86.885308,0, ,0.0,0.0,0,0,0,0,0,0,0,1
CA,0,14.0,2,1990,0,0,0,0,0,0
DF,WW027,53.519444,87.452889,2, ,0.0,0.0,2,7000,0,0,0,0,0,0
TF,WW017,53.471667,87.516972,0, ,0.0,0.0,0.0,0.0,2,10000,0,0,0,0,0,0
TF,DILAT,52.463889,88.826111,0, ,0.0,0.0,0.0,0.0,2,17000,0,0,0,0,0,0

SID,DILA5D,19,5
DF,DER19,53.800639,86.871458,0, ,0.0,0.0,0,0,0,0,0,0,0,1
CA,0,194.0,2,1990,0,0,0,0,0,0
DF,WW035,53.433056,87.284889,0, ,0.0,0.0,2,7000,0,0,0,0,0,0
TF,WW036,53.350639,87.419917,0, ,0.0,0.0,0.0,0.0,2,10000,0,0,0,0,0,0
TF,DILAT,52.463889,88.826111,0, ,0.0,0.0,0.0,0.0,2,17000,0,0,0,0,0,0

SID,GIMUK1,01,2
CA,0,14.0,2,1990,0,0,0,0,0,0
CF,GIMUK,53.932500,86.145000,1,BAN,60.8,97.6,268.0,26.0,2,7000,0,0,0,0,0,0

SID,GIMUK3,19,2
CA,0,194.0,2,1990,0,0,0,0,0,0
CF,GIMUK,53.932500,86.145000,2,BAN,60.8,97.6,290.0,25.0,2,7000,0,0,0,0,0,0

SID,INDI5C,01,5
DF,DER01,53.823272,86.885308,0, ,0.0,0.0,0,0,0,0,0,0,0,1
CA,0,14.0,2,1990,0,1,215,0,0,0
DF,WW015,53.719111,87.145056,2, ,0.0,0.0,0,0,0,0,0,0,0,0
TF,WW021,53.393056,86.604611,0, ,0.0,0.0,0.0,0.0,2,7000,0,0,0,0,0,0
TF,INDIT,52.985556,85.946111,0, ,0.0,0.0,0.0,0.0,2,8000,0,0,0,0,0,0

SID,INDI5D,19,5
DF,DER19,53.800639,86.871458,0, ,0.0,0.0,0,0,0,0,0,0,0,1
CA,0,194.0,2,1990,0,0,0,0,0,0
DF,WW037,53.431528,86.475806,0, ,0.0,0.0,2,7000,0,0,0,0,0,0
TF,INDIT,52.985556,85.946111,0, ,0.0,0.0,0.0,0.0,2,8000,0,0,0,0,0,0

SID,INDI5E,01,5
DF,DER01,53.823272,86.885308,0, ,0.0,0.0,0,0,0,0,0,0,0,1
CA,0,14.0,2,1990,0,0,0,0,0,0
DF,WW072,53.471389,86.384833,1, ,0.0,0.0,2,7000,0,0,0,0,0,0
TF,INDIT,52.985556,85.946111,0, ,0.0,0.0,0.0,0.0,2,8000,0,0,0,0,0,0

SID,KUBEM1,01,2
CA,0,14.0,2,1990,0,0,0,0,0,0
CF,KUBEM,53.476667,87.376667,2,BAN,77.9,136.5,144.0,27.0,2,7000,0,0,0,0,0,0

SID,KUBEM3,19,2
CA,0,194.0,2,1990,0,0,0,0,0,0
CF,KUBEM,53.476667,87.376667,0,BAN,77.9,136.5,124.0,25.0,2,7000,0,0,0,0,0,0

SID,LOGR5C,01,5
DF,DER01,53.823272,86.885308,0, ,0.0,0.0,0,0,0,0,0,0,0,1
CA,0,14.0,2,1990,0,0,0,0,0,0
DF,WW026,53.869389,87.631972,2, ,0.0,0.0,2,7000,0,0,0,0,0,0
TF,WW016,53.855417,87.910389,0, ,0.0,0.0,0.0,0.0,2,10000,0,0,0,0,0,0
TF,LOGRU,53.803889,88.841111,0, ,0.0,0.0,0.0,0.0,2,13000,0,0,0,0,0,0

SID,LOGR5D,19,5
DF,DER19,53.800639,86.871458,0, ,0.0,0.0,0,0,0,0,0,0,0,1
CA,0,194.0,2,1990,0,0,0,0,0,0
DF,WW040,53.754250,87.630889,1, ,0.0,0.0,2,7000,0,0,0,0,0,0
TF,WW041,53.771639,88.021833,0, ,0.0,0.0,0.0,0.0,2,10000,0,0,0,0,0,0
TF,LOGRU,53.803889,88.841111,0, ,0.0,0.0,0.0,0.0,2,13000,0,0,0,0,0,0

SID,MEDEN1,01,2
CA,0,14.0,2,1990,0,0,0,0,0,0
CF,MEDEN,53.441944,86.456389,1,BAN,78.6,103.4,198.0,29.0,2,7000,0,0,0,0,0,0

SID,MEDEN3,19,2
CA,0,194.0,2,1990,0,0,0,0,0,0
CF,MEDEN,53.441944,86.456389,0,BAN,78.6,103.4,210.0,24.0,2,7000,0,0,0,0,0,0

SID,MOTO5C,01,5
DF,DER01,53.823272,86.885308,0, ,0.0,0.0,0,0,0,0,0,0,0,1
CA,0,14.0,2,1990,0,0,0,0,0,0
DF,WW018,54.247389,86.689694,0, ,0.0,0.0,2,7000,0,0,0,0,0,0
TF,MOTOK,54.492222,86.514444,0, ,0.0,0.0,0.0,0.0,2,8000,0,0,0,0,0,0

SID,MOTO5D,19,5
DF,DER19,53.800639,86.871458,0, ,0.0,0.0,0,0,0,0,0,0,0,1
CA,0,194.0,2,1990,0,0,0,0,0,0
DF,WW031,54.234083,86.616639,2, ,0.0,0.0,2,7000,0,0,0,0,0,0
TF,MOTOK,54.492222,86.514444,0, ,0.0,0.0,0.0,0.0,2,8000,0,0,0,0,0,0

SID,NILA5C,01,5
DF,DER01,53.823272,86.885308,0, ,0.0,0.0,0,0,0,0,0,0,0,1
CA,0,14.0,2,1990,0,0,0,0,0,0
DF,WW014,54.074806,86.754083,0, ,0.0,0.0,0,0,0,0,0,0,0,0
TF,WW020,54.086333,86.274972,0, ,0.0,0.0,0.0,0.0,2,7000,0,0,0,0,0,0
TF,NILAN,54.107222,85.036111,0, ,0.0,0.0,0.0,0.0,2,20000,0,0,0,0,0,0

SID,NILA5D,19,5
DF,DER19,53.800639,86.871458,0, ,0.0,0.0,0,0,0,0,0,0,0,1
CA,0,194.0,2,1990,0,0,0,0,0,0
DF,WW034,53.871056,86.125056,2, ,0.0,0.0,2,7000,0,0,0,0,0,0
TF,NILAN,54.107222,85.036111,0, ,0.0,0.0,0.0,0.0,2,20000,0,0,0,0,0,0

SID,NILA5E,01,5
DF,DER01,53.823272,86.885308,0, ,0.0,0.0,0,0,0,0,0,0,0,1
CA,0,14.0,2,1990,0,0,0,0,0,0
DF,WW074,53.991389,86.180639,1, ,0.0,0.0,2,7000,0,0,0,0,0,0
TF,NILAN,54.107222,85.036111,0, ,0.0,0.0,0.0,0.0,2,20000,0,0,0,0,0,0

SID,NIREG1,01,2
CA,0,14.0,2,1990,0,0,0,0,0,0
CF,NIREG,53.719722,86.136944,1,BAN,68.2,93.9,240.0,27.0,2,7000,0,0,0,0,0,0

SID,NIREG3,19,2
CA,0,194.0,2,1990,0,0,0,0,0,0
CF,NIREG,53.719722,86.136944,0,BAN,68.2,93.9,260.0,25.0,2,7000,0,0,0,0,0,0

SID,OGNOR1,01,2
CA,0,14.0,2,1990,0,0,0,0,0,0
CF,OGNOR,54.008056,86.191667,1,BAN,58.7,100.7,279.0,25.0,2,7000,0,0,0,0,0,0

SID,OGNOR3,19,2
CA,0,194.0,2,1990,0,0,0,0,0,0
CF,OGNOR,54.008056,86.191667,2,BAN,58.7,100.7,301.0,26.0,2,7000,0,0,0,0,0,0

SID,PEMOD1,01,2
CA,0,14.0,2,1990,0,0,0,0,0,0
CF,PEMOD,53.811389,87.637778,0,BAN,70.1,147.5,93.0,25.0,2,7000,0,0,0,0,0,0

SID,PEMOD3,19,2
CA,0,194.0,2,1990,0,0,0,0,0,0
CF,PEMOD,53.811389,87.637778,1,BAN,70.1,147.5,71.0,26.0,2,7000,0,0,0,0,0,0

SID,REGU5C,01,5
DF,DER01,53.823272,86.885308,0, ,0.0,0.0,0,0,0,0,0,0,0,1
CA,0,14.0,2,1990,0,0,0,0,0,0
DF,WW029,53.967139,87.592306,0, ,0.0,0.0,2,7000,0,0,0,0,0,0
TF,WW030,53.981444,87.741611,0, ,0.0,0.0,0.0,0.0,2,10000,0,0,0,0,0,0
TF,REGUL,54.075556,88.779444,0, ,0.0,0.0,0.0,0.0,2,13000,0,0,0,0,0,0

SID,REGU5D,19,5
DF,DER19,53.800639,86.871458,0, ,0.0,0.0,0,0,0,0,0,0,0,0
CA,0,194.0,2,1990,0,0,0,0,0,0
DF,WW045,53.868667,87.632139,1, ,0.0,0.0,2,7000,0,0,0,0,0,0
TF,WW046,53.907306,87.841056,0, ,0.0,0.0,0.0,0.0,2,10000,0,0,0,0,0,0
TF,REGUL,54.075556,88.779444,0, ,0.0,0.0,0.0,0.0,2,13000,0,0,0,0,0,0

SID,RODMI1,01,2
CA,0,14.0,2,1990,0,0,0,0,0,0
VI,0, ,0.0,322.0,0,0,0,0,0,0,0,0
CF,RODMI,54.120000,86.325278,0,BAN,56.3,107.6,292.0,21.0,2,7000,0,0,0,0,0,0

SID,RODMI3,19,2
CA,0,194.0,2,1990,0,0,0,0,0,0
CF,RODMI,54.120000,86.325278,2,BAN,56.3,107.6,314.0,28.0,2,7000,0,0,0,0,0,0

SID,SAMB5C,01,5
DF,DER01,53.823272,86.885308,0, ,0.0,0.0,0,0,0,0,0,0,0,1
CA,0,14.0,2,1990,0,0,0,0,0,0
DF,WW014,54.074806,86.754083,0, ,0.0,0.0,0,0,0,0,0,0,0,0
TF,WW023,54.125528,86.332417,0, ,0.0,0.0,0.0,0.0,2,7000,0,0,0,0,0,0
TF,SAMBA,54.233889,85.382778,0, ,0.0,0.0,0.0,0.0,2,8000,0,0,0,0,0,0

SID,SAMB5D,19,5
DF,DER19,53.800639,86.871458,0, ,0.0,0.0,0,0,0,0,0,0,0,1
CA,0,194.0,2,1990,0,0,0,0,0,0
DF,WW039,53.956861,86.158306,2, ,0.0,0.0,2,7000,0,0,0,0,0,0
TF,SAMBA,54.233889,85.382778,0, ,0.0,0.0,0.0,0.0,2,8000,0,0,0,0,0,0

SID,SAMB5E,01,5
DF,DER01,53.823272,86.885308,0, ,0.0,0.0,0,0,0,0,0,0,0,1
CA,0,14.0,2,1990,0,0,0,0,0,0
DF,WW075,54.053722,86.236389,0, ,0.0,0.0,2,7000,0,0,0,0,0,0
TF,SAMBA,54.233889,85.382778,0, ,0.0,0.0,0.0,0.0,2,8000,0,0,0,0,0,0

SID,SURUB1,01,2
CA,0,14.0,2,1990,0,0,0,0,0,0
CF,SURUB,53.667778,87.594444,2,BAN,73.4,144.9,113.0,25.0,2,7000,0,0,0,0,0,0

SID,SURUB3,19,2
CA,0,194.0,2,1990,0,0,0,0,0,0
CF,SURUB,53.667778,87.594444,1,BAN,73.4,144.9,91.0,25.0,2,7000,0,0,0,0,0,0

SID,TEDRI1,01,2
CA,0,14.0,2,1990,0,0,0,0,0,0
CF,TEDRI,53.917500,87.618333,0,BAN,67.6,147.9,78.0,24.0,2,7000,0,0,0,0,0,0

SID,TEDRI3,19,2
CA,0,194.0,2,1990,0,0,0,0,0,0
CF,TEDRI,53.917500,87.618333,1,BAN,67.6,147.9,58.0,27.0,2,7000,0,0,0,0,0,0

SID,TODK5C,01,5
DF,DER01,53.823272,86.885308,0, ,0.0,0.0,0,0,0,0,0,0,0,1
CA,0,14.0,2,1990,0,0,0,0,0,0
DF,WW014,54.074806,86.754083,0, ,0.0,0.0,0,0,0,0,0,0,0,0
TF,WW022,53.886250,86.128778,0, ,0.0,0.0,0.0,0.0,2,7000,0,0,0,0,0,0
TF,TODKI,53.598889,85.206111,0, ,0.0,0.0,0.0,0.0,2,8000,0,0,0,0,0,0

SID,TODK5D,19,5
DF,DER19,53.800639,86.871458,0, ,0.0,0.0,0,0,0,0,0,0,0,1
CA,0,194.0,2,1990,0,0,0,0,0,0
DF,WW038,53.669639,86.159278,0, ,0.0,0.0,2,7000,0,0,0,0,0,0
TF,TODKI,53.598889,85.206111,0, ,0.0,0.0,0.0,0.0,2,8000,0,0,0,0,0,0

SID,TODK5E,01,5
DF,DER01,53.823272,86.885308,0, ,0.0,0.0,0,0,0,0,0,0,0,1
CA,0,14.0,2,1990,0,0,0,0,0,0
DF,WW073,53.782222,86.120917,1, ,0.0,0.0,2,7000,0,0,0,0,0,0
TF,TODKI,53.598889,85.206111,0, ,0.0,0.0,0.0,0.0,2,8000,0,0,0,0,0,0

STAR,AGERU2,01,2
IF,AGERU,54.243056,86.648611, ,0.0,0.0,2,7000,0,0,0,0,0,0
TF,D216K,53.692778,86.675278,0, ,0.0,0.0,0.0,0.0,1,2980,0,0,0,0,0,1
CF,D202K,53.666389,86.737500,0,BAN,71.9,114.5,104.0,2.0,1,2650,0,0,0,0,0,1
CF,FN01,53.722222,86.823333,0,BAN,70.5,118.0,14.0,3.0,1,2650,0,0,0,0,0,0

STAR,AGERU4,19,2
IF,AGERU,54.243056,86.648611, ,0.0,0.0,2,7000,0,0,0,0,0,0
TF,D356H,53.985833,86.916111,0, ,0.0,0.0,0.0,0.0,1,2970,0,0,0,0,0,0
TF,D008F,53.947500,86.946667,0, ,0.0,0.0,0.0,0.0,1,2650,0,0,0,0,0,1
CF,CF19,53.933036,86.952894,0,BAN,65.0,125.1,194.0,1.0,1,2650,0,0,0,0,0,0

STAR,BAKM5A,01,5
IF,BAKMI,54.470556,88.691111, ,0.0,0.0,2,10000,0,0,0,0,0,0
TF,WW049,53.944083,87.605278,0, ,0.0,0.0,0.0,0.0,2,10000,0,0,0,0,0,0
TF,WW001,53.606389,86.933250,0, ,0.0,0.0,0.0,0.0,2,2980,0,0,0,0,0,0

STAR,BAKM5B,19,5
IF,BAKMI,54.470556,88.691111, ,0.0,0.0,2,10000,0,0,0,0,0,0
TF,WW060,54.157361,87.366139,0, ,0.0,0.0,0.0,0.0,2,10000,0,0,0,0,0,0
TF,WW010,54.077806,87.042167,0, ,0.0,0.0,0.0,0.0,2,2650,0,0,0,0,0,0

STAR,BATL5A,01,5
IF,BATLA,54.442222,85.736111, ,0.0,0.0,2,7000,0,0,0,0,0,0
TF,WW057,54.030111,86.212722,0, ,0.0,0.0,0.0,0.0,2,7000,0,0,0,0,0,0
TF,WW004,53.674667,86.614500,0, ,0.0,0.0,0.0,0.0,2,2980,0,0,0,0,0,0

STAR,BATL5B,19,5
IF,BATLA,54.442222,85.736111, ,0.0,0.0,2,7000,0,0,0,0,0,0
TF,WW066,54.174306,86.427278,0, ,0.0,0.0,0.0,0.0,2,7000,0,0,0,0,0,0
TF,WW009,54.017528,86.823000,0, ,0.0,0.0,0.0,0.0,2,2810,0,0,0,0,0,0

STAR,DEDIR2,01,2
IF,DEDIR,54.051667,87.525556, ,0.0,0.0,2,7000,0,0,0,0,0,0
TF,D174K,53.641111,86.890278,0, ,0.0,0.0,0.0,0.0,1,2980,0,0,0,0,0,1
CF,D185K,53.646667,86.827500,0,BAN,72.7,117.5,284.0,1.0,1,2650,0,0,0,0,0,1
CF,FN01,53.722222,86.823333,0,BAN,70.5,118.0,14.0,3.0,1,2650,0,0,0,0,0,0

STAR,DEDIR4,19,2
IF,DEDIR,54.051667,87.525556, ,0.0,0.0,2,7000,0,0,0,0,0,0
TF,D031H,53.959167,87.039444,0, ,0.0,0.0,0.0,0.0,1,2970,0,0,0,0,0,0
TF,D019F,53.941667,86.974722,0, ,0.0,0.0,0.0,0.0,1,2650,0,0,0,0,0,1
CF,CF19,53.933036,86.952894,0,BAN,65.0,125.1,194.0,1.0,1,2650,0,0,0,0,0,0

STAR,DEKA5A,01,5
IF,DEKAN,53.387222,88.931111, ,0.0,0.0,2,16000,0,0,0,0,0,0
TF,WW056,53.548694,87.491861,0, ,0.0,0.0,0.0,0.0,2,10000,0,0,0,0,0,0
TF,WW001,53.606389,86.933250,0, ,0.0,0.0,0.0,0.0,2,2980,0,0,0,0,0,0

STAR,DEKA5B,19,5
IF,DEKAN,53.387222,88.931111, ,0.0,0.0,2,16000,0,0,0,0,0,0
TF,WW067,53.797889,87.637194,0, ,0.0,0.0,0.0,0.0,2,10000,0,0,0,0,0,0
TF,WW011,53.948694,87.144000,0, ,0.0,0.0,0.0,0.0,2,2970,0,0,0,0,0,0

STAR,DILA5A,01,5
IF,DILAT,52.463889,88.826111, ,0.0,0.0,2,16000,0,0,0,0,0,0
TF,WW051,53.420917,87.250917,0, ,0.0,0.0,0.0,0.0,2,10000,0,0,0,0,0,0
TF,WW052,53.483917,87.143500,0, ,0.0,0.0,0.0,0.0,2,6000,0,0,0,0,0,0
TF,WW001,53.606389,86.933250,0, ,0.0,0.0,0.0,0.0,2,2980,0,0,0,0,0,0

STAR,DILA5B,19,5
IF,DILAT,52.463889,88.826111, ,0.0,0.0,2,16000,0,0,0,0,0,0
TF,WW062,53.602806,87.548806,0, ,0.0,0.0,0.0,0.0,2,10000,0,0,0,0,0,0
TF,WW011,53.948694,87.144000,0, ,0.0,0.0,0.0,0.0,2,2970,0,0,0,0,0,0

STAR,GIMUK2,01,2
IF,GIMUK,53.932500,86.145000, ,0.0,0.0,2,7000,0,0,0,0,0,0
TF,D211L,53.678056,86.687778,0, ,0.0,0.0,0.0,0.0,1,2980,0,0,0,0,0,1
CF,D202K,53.666389,86.737500,0,BAN,71.9,114.5,104.0,1.0,1,2650,0,0,0,0,0,1
CF,FN01,53.722222,86.823333,0,BAN,70.5,118.0,14.0,3.0,1,2650,0,0,0,0,0,0

STAR,GIMUK4,19,2
IF,GIMUK,53.932500,86.145000, ,0.0,0.0,2,7000,0,0,0,0,0,0
TF,D350H,53.991667,86.891389,0, ,0.0,0.0,0.0,0.0,1,2970,0,0,0,0,0,1
CF,D008F,53.947500,86.946667,0,BAN,64.6,125.1,149.0,3.0,1,2650,0,0,0,0,0,1
CF,CF19,53.933036,86.952894,0,BAN,65.0,125.1,194.0,1.0,1,2650,0,0,0,0,0,0

STAR,INDI5A,01,5
IF,INDIT,52.985556,85.946111, ,0.0,0.0,2,7000,0,0,0,0,0,0
TF,WW048,53.412750,86.531111,0, ,0.0,0.0,0.0,0.0,2,7000,0,0,0,0,0,0
TF,WW003,53.545917,86.716667,0, ,0.0,0.0,0.0,0.0,2,2810,0,0,0,0,0,0

STAR,INDI5B,19,5
IF,INDIT,52.985556,85.946111, ,0.0,0.0,2,7000,0,0,0,0,0,0
TF,WW013,53.483056,86.362861,0, ,0.0,0.0,0.0,0.0,2,7000,0,0,0,0,0,0
TF,WW009,54.017528,86.823000,0, ,0.0,0.0,0.0,0.0,2,2810,0,0,0,0,0,0

STAR,KUBEM2,01,2
IF,KUBEM,53.476667,87.376667, ,0.0,0.0,2,7000,0,0,0,0,0,0
TF,D186K,53.648056,86.821944,0, ,0.0,0.0,0.0,0.0,1,2650,0,0,0,0,0,1
CF,FN01,53.722222,86.823333,0,BAN,70.5,118.0,14.0,3.0,1,2650,0,0,0,0,0,0

STAR,KUBEM4,19,2
IF,KUBEM,53.476667,87.376667, ,0.0,0.0,2,7000,0,0,0,0,0,0
TF,D041H,53.949167,87.073611,0, ,0.0,0.0,0.0,0.0,1,2970,0,0,0,0,0,1
CF,D019F,53.941667,86.974722,1,BAN,64.9,125.9,239.0,3.0,1,2650,0,0,0,0,0,1
CF,CF19,53.933036,86.952894,0,BAN,65.0,125.1,194.0,1.0,1,2650,0,0,0,0,0,0

STAR,LOGR5A,01,5
IF,LOGRU,53.803889,88.841111, ,0.0,0.0,2,13000,0,0,0,0,0,0
TF,WW055,53.679389,87.602778,0, ,0.0,0.0,0.0,0.0,2,10000,0,0,0,0,0,0
TF,WW001,53.606389,86.933250,0, ,0.0,0.0,0.0,0.0,2,2980,0,0,0,0,0,0

STAR,LOGR5B,19,5
IF,LOGRU,53.803889,88.841111, ,0.0,0.0,2,13000,0,0,0,0,0,0
TF,WW065,53.910583,87.620056,0, ,0.0,0.0,0.0,0.0,2,10000,0,0,0,0,0,0
TF,WW011,53.948694,87.144000,0, ,0.0,0.0,0.0,0.0,2,2970,0,0,0,0,0,0

STAR,MEDEN2,01,2
IF,MEDEN,53.441944,86.456389, ,0.0,0.0,2,7000,0,0,0,0,0,0
TF,D195J,53.674444,86.790556,0, ,0.0,0.0,0.0,0.0,1,2650,0,0,0,0,0,1
CF,FN01,53.722222,86.823333,0,BAN,70.5,118.0,14.0,3.0,1,2650,0,0,0,0,0,0

STAR,MEDEN4,19,2
IF,MEDEN,53.441944,86.456389, ,0.0,0.0,2,7000,0,0,0,0,0,0
TF,D284D,53.833889,87.008333,0, ,0.0,0.0,0.0,0.0,1,2970,0,0,0,0,0,0
TF,D224H,53.937500,87.073056,0, ,0.0,0.0,0.0,0.0,1,2970,0,0,0,0,0,1
CF,D019F,53.941667,86.974722,1,BAN,64.9,125.9,239.0,3.0,1,2650,0,0,0,0,0,1
CF,CF19,53.933036,86.952894,0,BAN,65.0,125.1,194.0,1.0,1,2650,0,0,0,0,0,0

STAR,MOTO5A,01,5
IF,MOTOK,54.492222,86.514444, ,0.0,0.0,2,7000,0,0,0,0,0,0
TF,WW047,54.217194,86.548556,0, ,0.0,0.0,0.0,0.0,2,7000,0,0,0,0,0,0
TF,WW004,53.674667,86.614500,0, ,0.0,0.0,0.0,0.0,2,2980,0,0,0,0,0,0

STAR,MOTO5B,19,5
IF,MOTOK,54.492222,86.514444, ,0.0,0.0,2,7000,0,0,0,0,0,0
TF,WW059,54.259639,86.812278,0, ,0.0,0.0,0.0,0.0,2,7000,0,0,0,0,0,0
TF,WW010,54.077806,87.042167,0, ,0.0,0.0,0.0,0.0,2,2650,0,0,0,0,0,0

STAR,NILA5A,01,5
IF,NILAN,54.107222,85.036111, ,0.0,0.0,2,21000,0,0,0,0,0,0
TF,WW050,53.813694,86.118972,0, ,0.0,0.0,0.0,0.0,2,7000,0,0,0,0,0,0
TF,WW004,53.674667,86.614500,0, ,0.0,0.0,0.0,0.0,2,2980,0,0,0,0,0,0

STAR,NILA5B,19,5
IF,NILAN,54.107222,85.036111, ,0.0,0.0,2,21000,0,0,0,0,0,0
TF,WW061,54.050139,86.232583,0, ,0.0,0.0,0.0,0.0,2,7000,0,0,0,0,0,0
TF,WW009,54.017528,86.823000,0, ,0.0,0.0,0.0,0.0,2,2810,0,0,0,0,0,0

STAR,NIREG2,01,2
IF,NIREG,53.719722,86.136944, ,0.0,0.0,2,7000,0,0,0,0,0,0
TF,D201K,53.665000,86.746667,0, ,0.0,0.0,0.0,0.0,1,2650,0,0,0,0,0,1
CF,FN01,53.722222,86.823333,0,BAN,70.5,118.0,14.0,3.0,1,2650,0,0,0,0,0,0

STAR,NIREG4,19,2
IF,NIREG,53.719722,86.136944, ,0.0,0.0,2,7000,0,0,0,0,0,0
TF,D347H,53.990833,86.880000,0, ,0.0,0.0,0.0,0.0,1,2970,0,0,0,0,0,1
CF,D008F,53.947500,86.946667,2,BAN,64.6,125.1,149.0,3.0,1,2650,0,0,0,0,0,1
CF,CF19,53.933036,86.952894,0,BAN,65.0,125.1,194.0,1.0,1,2650,0,0,0,0,0,0

STAR,OGNOR2,01,2
IF,OGNOR,54.008056,86.191667, ,0.0,0.0,2,7000,0,0,0,0,0,0
TF,D212L,53.680278,86.683889,0, ,0.0,0.0,0.0,0.0,1,2980,0,0,0,0,0,1
CF,D202K,53.666389,86.737500,0,BAN,71.9,114.5,104.0,2.0,1,2650,0,0,0,0,0,1
CF,FN01,53.722222,86.823333,0,BAN,70.5,118.0,14.0,3.0,1,2650,0,0,0,0,0,0

STAR,OGNOR4,19,2
IF,OGNOR,54.008056,86.191667, ,0.0,0.0,2,7000,0,0,0,0,0,0
TF,D350H,53.991667,86.891389,0, ,0.0,0.0,0.0,0.0,1,2970,0,0,0,0,0,1
CF,D008F,53.947500,86.946667,0,BAN,64.6,125.1,149.0,3.0,1,2650,0,0,0,0,0,1
CF,CF19,53.933036,86.952894,0,BAN,65.0,125.1,194.0,1.0,1,2650,0,0,0,0,0,0

STAR,PEMOD2,01,2
IF,PEMOD,53.811389,87.637778, ,0.0,0.0,2,7000,0,0,0,0,0,0
TF,D174K,53.641111,86.890278,0, ,0.0,0.0,0.0,0.0,1,2980,0,0,0,0,0,1
CF,D185K,53.646667,86.827500,0,BAN,72.7,117.5,284.0,1.0,1,2650,0,0,0,0,0,1
CF,FN01,53.722222,86.823333,0,BAN,70.5,118.0,14.0,3.0,1,2650,0,0,0,0,0,0

STAR,PEMOD4,19,2
IF,PEMOD,53.811389,87.637778, ,0.0,0.0,2,7000,0,0,0,0,0,0
TF,D033H,53.959722,87.050278,0, ,0.0,0.0,0.0,0.0,1,2970,0,0,0,0,0,0
CF,D019F,53.941667,86.974722,0,BAN,64.9,125.9,239.0,2.0,1,2650,0,0,0,0,0,0
CF,CF19,53.933036,86.952894,0,BAN,65.0,125.1,194.0,1.0,1,2650,0,0,0,0,0,0

STAR,REGU5A,01,5
IF,REGUL,54.075556,88.779444, ,0.0,0.0,2,12000,0,0,0,0,0,0
TF,WW058,53.789722,87.636556,0, ,0.0,0.0,0.0,0.0,2,10000,0,0,0,0,0,0
TF,WW001,53.606389,86.933250,0, ,0.0,0.0,0.0,0.0,2,2980,0,0,0,0,0,0

STAR,REGU5B,19,5
IF,REGUL,54.075556,88.779444, ,0.0,0.0,2,12000,0,0,0,0,0,0
TF,WW068,53.984833,87.580694,0, ,0.0,0.0,0.0,0.0,2,10000,0,0,0,0,0,0
TF,WW011,53.948694,87.144000,0, ,0.0,0.0,0.0,0.0,2,2970,0,0,0,0,0,0

STAR,RODMI2,01,2
IF,RODMI,54.120000,86.325278, ,0.0,0.0,2,7000,0,0,0,0,0,0
TF,D214L,53.684167,86.679167,0, ,0.0,0.0,0.0,0.0,1,2980,0,0,0,0,0,1
CF,D202K,53.666389,86.737500,0,BAN,71.9,114.5,104.0,2.0,1,2650,0,0,0,0,0,1
CF,FN01,53.722222,86.823333,0,BAN,70.5,118.0,14.0,3.0,1,2650,0,0,0,0,0,0

STAR,RODMI4,19,2
IF,RODMI,54.120000,86.325278, ,0.0,0.0,2,7000,0,0,0,0,0,0
TF,D353H,53.992500,86.901944,0, ,0.0,0.0,0.0,0.0,1,2970,0,0,0,0,0,1
CF,D008F,53.947500,86.946667,0,BAN,64.6,125.1,149.0,3.0,1,2650,0,0,0,0,0,1
CF,CF19,53.933036,86.952894,0,BAN,65.0,125.1,194.0,1.0,1,2650,0,0,0,0,0,0

STAR,SAMB5A,01,5
IF,SAMBA,54.233889,85.382778, ,0.0,0.0,2,7000,0,0,0,0,0,0
TF,WW054,53.897056,86.131972,0, ,0.0,0.0,0.0,0.0,2,7000,0,0,0,0,0,0
TF,WW004,53.674667,86.614500,0, ,0.0,0.0,0.0,0.0,2,2980,0,0,0,0,0,0

STAR,SAMB5B,19,5
IF,SAMBA,54.233889,85.382778, ,0.0,0.0,2,7000,0,0,0,0,0,0
TF,WW064,54.099472,86.292722,0, ,0.0,0.0,0.0,0.0,2,7000,0,0,0,0,0,0
TF,WW009,54.017528,86.823000,0, ,0.0,0.0,0.0,0.0,2,2810,0,0,0,0,0,0

STAR,SURUB2,01,2
IF,SURUB,53.667778,87.594444, ,0.0,0.0,2,7000,0,0,0,0,0,0
TF,D176L,53.638333,86.875000,0, ,0.0,0.0,0.0,0.0,1,2980,0,0,0,0,0,1
CF,D185K,53.646667,86.827500,0,BAN,72.7,117.5,284.0,1.0,1,2650,0,0,0,0,0,1
CF,FN01,53.722222,86.823333,0,BAN,70.5,118.0,14.0,3.0,1,2650,0,0,0,0,0,0

STAR,SURUB4,19,2
IF,SURUB,53.667778,87.594444, ,0.0,0.0,2,7000,0,0,0,0,0,0
TF,D037H,53.955556,87.066111,0, ,0.0,0.0,0.0,0.0,1,2970,0,0,0,0,0,1
CF,D019F,53.941667,86.974722,0,BAN,64.9,125.9,239.0,3.0,1,2650,0,0,0,0,0,1
CF,CF19,53.933036,86.952894,0,BAN,65.0,125.1,194.0,1.0,1,2650,0,0,0,0,0,0

STAR,TEDRI2,01,2
IF,TEDRI,53.917500,87.618333, ,0.0,0.0,2,7000,0,0,0,0,0,0
TF,D174K,53.641111,86.890278,0, ,0.0,0.0,0.0,0.0,1,2980,0,0,0,0,0,1
CF,D185K,53.646667,86.827500,0,BAN,72.7,117.5,284.0,1.0,1,2650,0,0,0,0,0,1
CF,FN01,53.722222,86.823333,0,BAN,70.5,118.0,14.0,3.0,1,2650,0,0,0,0,0,0

STAR,TEDRI4,19,2
IF,TEDRI,53.917500,87.618333, ,0.0,0.0,2,7000,0,0,0,0,0,0
TF,D033H,53.959722,87.050278,0, ,0.0,0.0,0.0,0.0,1,2970,0,0,0,0,0,1
CF,D019F,53.941667,86.974722,0,BAN,64.9,125.9,239.0,2.0,1,2650,0,0,0,0,0,1
CF,CF19,53.933036,86.952894,0,BAN,65.0,125.1,194.0,1.0,1,2650,0,0,0,0,0,0

STAR,TODK5A,01,5
IF,TODKI,53.598889,85.206111, ,0.0,0.0,2,7000,0,0,0,0,0,0
TF,WW053,53.652556,86.169694,0, ,0.0,0.0,0.0,0.0,2,7000,0,0,0,0,0,0
TF,WW004,53.674667,86.614500,0, ,0.0,0.0,0.0,0.0,2,2980,0,0,0,0,0,0

STAR,TODK5B,19,5
IF,TODKI,53.598889,85.206111, ,0.0,0.0,2,7000,0,0,0,0,0,0
TF,WW063,53.839250,86.120139,0, ,0.0,0.0,0.0,0.0,2,7000,0,0,0,0,0,0
TF,WW009,54.017528,86.823000,0, ,0.0,0.0,0.0,0.0,2,2810,0,0,0,0,0,0

FINAL,I19,19,I,3
IF,CF19,53.933036,86.952894,IUF,13.9,8.7,1,2650,0,0,0,0,0,0
CF,FF19,53.901667,86.933611,0,IUF,14.0,6.7,194.0,2.0,1,2650,0,0,0,0,2,0
CF,RW19,53.823272,86.885308,0,IUF,13.9,1.7,194.0,5.0,1,1051,0,0,0,0,3,0
CA,0,194.0,2,1660,0,0,0,0,0,0
VM,0,0,1,14.0,1,2970,0,0,0,0,0,0

APPTR,J01,01,WW001
IF,WW001,53.606389,86.933250, ,0.0,0.0,2,2980,0,0,0,0,1,0
TF,WW002,53.640639,86.774000,0,G01A,0.0,0.0,0.0,0.0,2,2810,0,0,0,0,1,0

APPTR,J01,01,WW003
IF,WW003,53.545917,86.716667, ,0.0,0.0,2,2810,0,0,0,0,1,0
TF,WW002,53.640639,86.774000,0,G01A,0.0,0.0,0.0,0.0,2,2810,0,0,0,0,1,0

APPTR,J01,01,WW004
IF,WW004,53.674667,86.614500, ,0.0,0.0,2,2980,0,0,0,0,1,0
TF,WW002,53.640639,86.774000,0,G01A,0.0,0.0,0.0,0.0,2,2810,0,0,0,0,1,0

FINAL,J01,01,G,3
IF,WW002,53.640639,86.774000,G01A,0.0,0.0,2,2810,0,0,0,0,0,0
TF,WW005,53.721806,86.823333,0,G01A,0.0,0.0,14.0,5.2,1,2650,0,0,0,0,2,0
TF,RW01,53.800639,86.871458,0,G01A,0.0,0.0,14.0,5.0,1,1054,0,0,0,0,3,1
CA,0,14.0,2,1400,0,0,0,0,0,0
DF,WW006,53.910444,86.938667,0, ,0.0,0.0,0,0,0,0,0,0,0,1
DF,WW070,53.687500,86.982833,2, ,0.0,0.0,0,0,0,0,0,0,0,0
TF,WW001,53.606389,86.933250,0, ,0.0,0.0,0.0,0.0,2,2980,0,0,0,0,0,0

APPTR,J19,19,WW009
IF,WW009,54.017528,86.823000, ,0.0,0.0,2,2810,0,0,0,0,1,0
TF,WW008,53.983222,86.983639,0,G19A,0.0,0.0,0.0,0.0,2,2650,0,0,0,0,1,0

APPTR,J19,19,WW010
IF,WW010,54.077806,87.042167, ,0.0,0.0,2,2650,0,0,0,0,1,0
TF,WW008,53.983222,86.983639,0,G19A,0.0,0.0,0.0,0.0,2,2650,0,0,0,0,1,0

APPTR,J19,19,WW011
IF,WW011,53.948694,87.144000, ,0.0,0.0,2,2970,0,0,0,0,1,0
TF,WW008,53.983222,86.983639,0,G19A,0.0,0.0,0.0,0.0,2,2650,0,0,0,0,1,0

FINAL,J19,19,G,3
IF,WW008,53.983222,86.983639,G19A,0.0,0.0,2,2650,0,0,0,0,0,0
TF,WW007,53.902111,86.933694,0,G19A,0.0,0.0,194.0,5.2,1,2650,0,0,0,0,2,0
TF,RW19,53.823272,86.885308,0,G19A,0.0,0.0,194.0,5.0,1,1050,0,0,0,0,3,1
CA,0,194.0,2,1400,0,0,0,0,0,0
DF,WW012,53.744861,86.837389,0, ,0.0,0.0,0,0,0,0,0,0,0,1
DF,WW071,53.867667,87.093778,1, ,0.0,0.0,0,0,0,0,0,0,0,0
TF,WW011,53.948694,87.144000,0, ,0.0,0.0,0.0,0.0,2,2970,0,0,0,0,0,0

FINAL,N01,01,N,2
IF,FN01,53.722222,86.823333,U,0.0,0.0,1,2650,0,0,0,0,2,0
CF,MN01,53.767325,86.850967,0,U,0.0,0.0,14.0,2.9,1,1733,0,0,0,0,3,0
CA,0,14.0,2,1733,0,0,0,0,0,0
CF,D351K,53.648889,86.903056,2,U,171.7,11.0,194.0,8.0,1,2980,0,0,0,0,0,0

FINAL,N19,19,N,4
IF,CF19,53.933036,86.952894,UF,0.0,0.0,1,2650,0,0,0,0,0,0
CF,FF19,53.901667,86.933611,0,UF,0.0,0.0,194.0,2.0,1,2650,0,0,0,0,2,0
CF,UF,53.856528,86.905639,0,UF,0.0,0.0,194.0,2.9,1,1730,0,0,0,0,0,0
CF,MN19,53.842628,86.897364,0,UF,0.0,0.0,194.0,0.9,1,1446,0,0,0,0,3,0
CA,0,194.0,2,1660,0,0,0,0,0,0
CF,D284D,53.833889,87.008333,1,UF,104.4,3.9,14.0,4.0,1,2970,0,0,0,0,0,0
CF,D224H,53.937500,87.073056,0,UF,44.6,7.7,14.0,6.6,1,2970,0,0,0,0,0,0

APPTR,R01,01,WW001
IF,WW001,53.606389,86.933250, ,0.0,0.0,2,2980,0,0,0,0,1,0
TF,WW002,53.640639,86.774000,0, ,0.0,0.0,0.0,0.0,2,2810,0,0,0,0,1,0

APPTR,R01,01,WW003
IF,WW003,53.545917,86.716667, ,0.0,0.0,2,2810,0,0,0,0,1,0
TF,WW002,53.640639,86.774000,0, ,0.0,0.0,0.0,0.0,2,2810,0,0,0,0,1,0

APPTR,R01,01,WW004
IF,WW004,53.674667,86.614500, ,0.0,0.0,2,2980,0,0,0,0,1,0
TF,WW002,53.640639,86.774000,0, ,0.0,0.0,0.0,0.0,2,2810,0,0,0,0,1,0

FINAL,R01,01,R,4
IF,WW002,53.640639,86.774000, ,0.0,0.0,2,2810,0,0,0,0,0,0
TF,WW005,53.721806,86.823333,0, ,0.0,0.0,14.0,5.2,1,2650,0,0,0,0,2,0
TF,25THR,53.761522,86.847553,0, ,0.0,0.0,14.0,2.5,1,1810,0,0,0,0,0,0
TF,RW01,53.800639,86.871458,0, ,0.0,0.0,14.0,2.5,1,1054,0,0,0,0,3,1
CA,0,14.0,2,1400,0,0,0,0,0,0
DF,WW006,53.910444,86.938667,0, ,0.0,0.0,0,0,0,0,0,0,0,1
DF,WW070,53.687500,86.982833,2, ,0.0,0.0,0,0,0,0,0,0,0,0
TF,WW001,53.606389,86.933250,0, ,0.0,0.0,0.0,0.0,2,2980,0,0,0,0,0,0

APPTR,R19,19,WW009
IF,WW009,54.017528,86.823000, ,0.0,0.0,2,2810,0,0,0,0,1,0
TF,WW008,53.983222,86.983639,0, ,0.0,0.0,0.0,0.0,2,2650,0,0,0,0,1,0

APPTR,R19,19,WW010
IF,WW010,54.077806,87.042167, ,0.0,0.0,2,2650,0,0,0,0,1,0
TF,WW008,53.983222,86.983639,0, ,0.0,0.0,0.0,0.0,2,2650,0,0,0,0,1,0

APPTR,R19,19,WW011
IF,WW011,53.948694,87.144000, ,0.0,0.0,2,2970,0,0,0,0,1,0
TF,WW008,53.983222,86.983639,0, ,0.0,0.0,0.0,0.0,2,2650,0,0,0,0,1,0

FINAL,R19,19,R,4
IF,WW008,53.983222,86.983639, ,0.0,0.0,2,2650,0,0,0,0,0,0
TF,WW007,53.902111,86.933694,0, ,0.0,0.0,194.0,5.2,1,2650,0,0,0,0,2,0
TF,17THR,53.849864,86.901631,0, ,0.0,0.0,194.0,3.3,1,1580,0,0,0,0,0,0
TF,RW19,53.823272,86.885308,0, ,0.0,0.0,194.0,1.7,1,1050,0,0,0,0,3,1
CA,0,194.0,2,1400,0,0,0,0,0,0
DF,WW012,53.744861,86.837389,0, ,0.0,0.0,0,0,0,0,0,0,0,1
DF,WW071,53.867667,87.093778,1, ,0.0,0.0,0,0,0,0,0,0,0,0
TF,WW011,53.948694,87.144000,0, ,0.0,0.0,0.0,0.0,2,2970,0,0,0,0,0,0

