SID,ABEL5G,12,2
DF,DER12,44.217458,43.103669,0, ,0.0,0.0,0,0,0,0,0,0,0,1
CA,0,115.0,2,2000,0,0,0,0,0,0
DF,MD,44.260306,43.008944,1, ,0.0,0.0,0,0,0,0,0,0,0,1
TF,ABELA,44.191389,42.600278,0, ,0.0,0.0,0.0,0.0,2,8000,0,0,0,0,0,0

SID,ABEL5H,30,2
DF,MD,44.260306,43.008944,0, ,0.0,0.0,0,0,0,0,0,0,0,1
CF,ABELA,44.191389,42.600278,0,MNW,254.7,19.8,250.0,17.0,2,8000,0,0,0,0,0,0

SID,ABEL5J,12,2
CD, ,0,0,0,MNW,0,0.0,115.0,6.5,0,0,0,0,0,0,0,0
DF,MNW,44.239611,43.053556,1, ,0.0,0.0,0,0,0,0,0,0,0,0
TF,ABELA,44.191389,42.600278,0, ,0.0,0.0,0.0,0.0,2,8000,0,0,0,0,0,0

SID,ABEL5K,30,2
DF,DER30,44.236153,43.062369,0, ,0.0,0.0,0,0,0,0,0,0,0,1
CD, ,0,0,0,MNW,0,0.0,295.0,2.3,0,0,0,0,0,0,0,0
CI,0, ,0.0,225.0,0,0,0,0,0,0,0,0
CF,ABELA,44.191389,42.600278,0,MNW,254.7,19.8,255.0,13.0,2,8000,0,0,0,0,0,0

SID,ABEL5L,12,5
CF,MM018,44.161306,43.227333,0,MNW,115.0,8.9,115.0,7.0,0,0,0,1,250,0,0,1
DF,MM019,44.309833,43.157611,1, ,0.0,0.0,0,0,0,0,0,0,0,0
TF,MM020,44.272694,42.981389,0, ,0.0,0.0,0.0,0.0,2,8000,0,0,0,0,0,0
TF,ABELA,44.191389,42.600278,0, ,0.0,0.0,0.0,0.0,2,8000,0,0,0,0,0,0

SID,ABEL5M,30,5
CF,MM029,44.329722,42.854611,0,MNW,295.3,10.1,295.0,11.0,0,0,0,1,250,0,0,0
TF,MM030,44.267639,42.740028,0, ,0.0,0.0,0.0,0.0,0,0,0,0,0,0,0,0
TF,ABELA,44.191389,42.600278,0, ,0.0,0.0,0.0,0.0,4,14000,8000,0,0,0,0,0

SID,LARI5G,12,2
DF,DER12,44.217458,43.103669,0, ,0.0,0.0,0,0,0,0,0,0,0,1
CA,0,115.0,2,2000,0,0,0,0,0,0
DF,MD,44.260306,43.008944,1, ,0.0,0.0,0,0,0,0,0,0,0,1
VI,2, ,0.0,24.0,0,0,0,0,0,0,0,0
CF,LARIN,44.599722,43.018611,0,MNW,349.0,21.7,354.0,15.0,2,8000,0,0,0,0,0,0

SID,LARI5H,30,2
DF,MD,44.260306,43.008944,0, ,0.0,0.0,0,0,0,0,0,0,0,1
CF,LARIN,44.599722,43.018611,0,MNW,349.0,21.7,354.0,20.0,2,8000,0,0,0,0,0,0

SID,LARI5J,12,2
CD, ,0,0,0,MNW,0,0.0,115.0,6.5,0,0,0,0,0,0,0,0
DF,MNW,44.239611,43.053556,1, ,0.0,0.0,0,0,0,0,0,0,0,1
TF,LARIN,44.599722,43.018611,0, ,0.0,0.0,0.0,0.0,2,8000,0,0,0,0,0,0

SID,LARI5K,30,2
DF,DER30,44.236153,43.062369,0, ,0.0,0.0,0,0,0,0,0,0,0,1
CD, ,0,0,0,MNW,0,0.0,295.0,2.3,0,0,0,0,0,0,0,0
CI,0, ,0.0,19.0,0,0,0,0,0,0,0,0
CF,LARIN,44.599722,43.018611,0,MNW,349.0,21.7,349.0,14.0,2,8000,0,0,0,0,0,0

SID,LARI5L,12,5
CF,MM018,44.161306,43.227333,0,MNW,115.0,8.9,115.0,7.0,0,0,0,1,250,0,0,1
DF,MM019,44.309833,43.157611,1, ,0.0,0.0,0,0,0,0,0,0,0,0
TF,MM021,44.367250,43.030167,0, ,0.0,0.0,0.0,0.0,2,12000,0,0,0,0,0,0
TF,LARIN,44.599722,43.018611,0, ,0.0,0.0,0.0,0.0,2,12000,0,0,0,0,0,0

SID,LARI5M,30,5
CF,MM026,44.295028,42.931806,0,MNW,295.4,6.2,295.0,7.0,0,0,0,1,250,0,0,1
DF,LARIN,44.599722,43.018611,0, ,0.0,0.0,4,9000,8000,0,0,0,0,0

SID,LARI5U,12,2
CD, ,0,0,0,MNW,0,0.0,115.0,6.5,0,0,0,0,0,0,0,0
DF,MNW,44.239611,43.053556,2, ,0.0,0.0,0,0,0,0,0,0,0,0
TF,LARIN,44.599722,43.018611,0, ,0.0,0.0,0.0,0.0,2,8000,0,0,0,0,0,0

SID,MOZA5G,12,2
DF,DER12,44.217458,43.103669,0, ,0.0,0.0,0,0,0,0,0,0,0,1
CA,0,115.0,2,2000,0,0,0,0,0,0
DF,MD,44.260306,43.008944,1, ,0.0,0.0,0,0,0,0,0,0,0,1
VI,1, ,0.0,118.0,0,0,0,0,0,0,0,0
CF,MOZAT,43.728889,43.143611,0,MNW,165.7,30.9,163.0,28.0,2,11000,0,0,0,0,0,0

SID,MOZA5H,30,2
DF,MD,44.260306,43.008944,0, ,0.0,0.0,0,0,0,0,0,0,0,1
CI,1, ,0.0,130.0,0,0,0,0,0,0,0,0
CF,MOZAT,43.728889,43.143611,0,MNW,165.7,30.9,163.0,26.0,2,11000,0,0,0,0,0,0

SID,MOZA5J,12,2
CD, ,0,0,0,MNW,0,0.0,115.0,6.5,0,0,0,0,0,0,0,0
CI,2, ,0.0,227.0,0,0,0,0,0,0,0,0
CF,MOZAT,43.728889,43.143611,0,MNW,165.7,30.9,166.0,22.0,2,11000,0,0,0,0,0,0

SID,MOZA5K,30,2
DF,DER30,44.236153,43.062369,0, ,0.0,0.0,0,0,0,0,0,0,0,1
CD, ,0,0,0,MNW,0,0.0,295.0,2.3,0,0,0,0,0,0,0,0
CI,1, ,0.0,115.0,0,0,0,0,0,0,0,0
CF,MOZAT,43.728889,43.143611,0,MNW,165.7,30.9,166.0,26.0,2,11000,0,0,0,0,0,0

SID,MOZA5L,12,5
CF,MM025,44.118806,43.320611,0,MNW,115.1,13.6,115.0,12.0,0,0,0,0,0,0,0,0
TF,MOZAT,43.728889,43.143611,0, ,0.0,0.0,0.0,0.0,2,11000,0,0,0,0,0,0

SID,MOZA5M,30,5
CF,MM029,44.329722,42.854611,0,MNW,295.3,10.1,295.0,11.0,0,0,0,1,250,0,0,0
TF,MM030,44.267639,42.740028,0, ,0.0,0.0,0.0,0.0,0,0,0,0,0,0,0,0
TF,MM031,44.075472,42.884972,0, ,0.0,0.0,0.0,0.0,4,14000,12000,0,0,0,0,0
TF,MOZAT,43.728889,43.143611,0, ,0.0,0.0,0.0,0.0,2,13000,0,0,0,0,0,0

SID,MOZA5V,12,2
DF,DER12,44.217458,43.103669,0, ,0.0,0.0,0,0,0,0,0,0,0,1
CA,0,115.0,2,2500,0,0,0,0,0,0
CI,2, ,0.0,240.0,0,0,0,0,0,0,0,0
CF,MOZAT,43.728889,43.143611,0,MNW,165.7,30.9,163.0,23.0,2,11000,0,0,0,0,0,0

SID,OGEM5G,12,2
DF,DER12,44.217458,43.103669,0, ,0.0,0.0,0,0,0,0,0,0,0,1
CA,0,115.0,2,2000,0,0,0,0,0,0
CI,1, ,0.0,339.0,0,0,0,0,0,0,0,0
CF,OGEMO,44.467778,43.614444,0,MNW,53.3,27.8,57.0,21.0,2,11000,0,0,0,0,0,0

SID,OGEM5H,30,2
DF,MD,44.260306,43.008944,0, ,0.0,0.0,0,0,0,0,0,0,0,1
CI,2, ,0.0,87.0,0,0,0,0,0,0,0,0
CF,OGEMO,44.467778,43.614444,0,MNW,53.3,27.8,57.0,22.0,2,11000,0,0,0,0,0,0

SID,OGEM5J,12,2
CD, ,0,0,0,MNW,0,0.0,115.0,6.5,0,0,0,0,0,0,0,0
CI,1, ,0.0,338.0,0,0,0,0,0,0,0,0
CF,OGEMO,44.467778,43.614444,0,MNW,53.3,27.8,53.0,20.0,2,11000,0,0,0,0,0,0

SID,OGEM5K,30,2
DF,DER30,44.236153,43.062369,0, ,0.0,0.0,0,0,0,0,0,0,0,1
CD, ,0,0,0,MNW,0,0.0,295.0,2.3,0,0,0,0,0,0,0,0
CI,2, ,0.0,103.0,0,0,0,0,0,0,0,0
CF,OGEMO,44.467778,43.614444,0,MNW,53.3,27.8,53.0,22.0,2,11000,0,0,0,0,0,0

SID,OGEM5L,12,5
CF,MM018,44.161306,43.227333,0,MNW,115.0,8.9,115.0,7.0,0,0,0,1,250,0,0,1
DF,MM023,44.368028,43.511528,0, ,0.0,0.0,3,9000,0,0,0,0,0,0
TF,OGEMO,44.467778,43.614444,0, ,0.0,0.0,0.0,0.0,2,11000,0,0,0,0,0,0

SID,OGEM5M,30,5
CF,MM026,44.295028,42.931806,0,MNW,295.4,6.2,295.0,7.0,0,0,0,1,250,0,0,1
DF,MM027,44.278611,43.233694,2, ,0.0,0.0,2,12000,0,0,0,0,0,0
TF,OGEMO,44.467778,43.614444,0, ,0.0,0.0,0.0,0.0,2,13000,0,0,0,0,0,0

SID,OKAR5G,12,2
DF,DER12,44.217458,43.103669,0, ,0.0,0.0,0,0,0,0,0,0,0,1
CA,0,115.0,2,2500,0,0,0,0,0,0
CI,0, ,0.0,148.0,0,0,0,0,0,0,0,0
CF,OKARU,43.846667,43.811944,0,MNW,118.4,40.4,118.0,33.0,2,11000,0,0,0,0,0,0

SID,OKAR5H,30,2
DF,MD,44.260306,43.008944,0, ,0.0,0.0,0,0,0,0,0,0,0,1
CI,2, ,0.0,157.0,0,0,0,0,0,0,0,0
CF,OKARU,43.846667,43.811944,0,MNW,118.4,40.4,118.0,37.0,2,11000,0,0,0,0,0,0

SID,OKAR5J,12,2
CD, ,0,0,0,MNW,0,0.0,115.0,6.5,0,0,0,0,0,0,0,0
CF,OKARU,43.846667,43.811944,0,MNW,118.4,40.4,118.0,34.0,2,11000,0,0,0,0,0,0

SID,OKAR5K,30,2
CD, ,0,0,0,MNW,0,0.0,295.0,5.4,0,0,0,0,0,0,0,0
DF,MNW,44.239611,43.053556,2, ,0.0,0.0,0,0,0,0,0,0,0,0
TF,OKARU,43.846667,43.811944,0, ,0.0,0.0,0.0,0.0,2,11000,0,0,0,0,0,0

SID,OKAR5L,12,5
CF,MM025,44.118806,43.320611,0,MNW,115.1,13.6,115.0,12.0,0,0,0,0,0,0,0,0
TF,OKARU,43.846667,43.811944,0, ,0.0,0.0,0.0,0.0,2,11000,0,0,0,0,0,0

SID,OKAR5M,30,5
CF,MM026,44.295028,42.931806,0,MNW,295.4,6.2,295.0,7.0,0,0,0,1,250,0,0,1
DF,MM027,44.278611,43.233694,2, ,0.0,0.0,2,12000,0,0,0,0,0,0
TF,OKARU,43.846667,43.811944,0, ,0.0,0.0,0.0,0.0,2,13000,0,0,0,0,0,0

SID,RESL5G,12,2
DF,DER12,44.217458,43.103669,0, ,0.0,0.0,0,0,0,0,0,0,0,1
CA,0,115.0,2,2000,0,0,0,0,0,0
DF,MD,44.260306,43.008944,1, ,0.0,0.0,0,0,0,0,0,0,0,1
CF,RESLO,43.950000,42.625000,0,MNW,220.0,25.4,215.0,24.0,2,12000,0,0,0,0,0,0

SID,RESL5H,30,2
DF,MD,44.260306,43.008944,0, ,0.0,0.0,0,0,0,0,0,0,0,1
CF,RESLO,43.950000,42.625000,1,MNW,220.0,25.4,215.0,23.0,2,12000,0,0,0,0,0,0

SID,RESL5J,12,2
CD, ,0,0,0,MNW,0,0.0,115.0,6.5,0,0,0,0,0,0,0,0
DF,MNW,44.239611,43.053556,1, ,0.0,0.0,0,0,0,0,0,0,0,1
TF,RESLO,43.950000,42.625000,0, ,0.0,0.0,0.0,0.0,2,12000,0,0,0,0,0,0

SID,RESL5K,30,2
DF,DER30,44.236153,43.062369,0, ,0.0,0.0,0,0,0,0,0,0,0,1
CD, ,0,0,0,MNW,0,0.0,295.0,2.3,0,0,0,0,0,0,0,0
CI,1, ,0.0,175.0,0,0,0,0,0,0,0,0
CF,RESLO,43.950000,42.625000,0,MNW,220.0,25.4,220.0,19.0,2,12000,0,0,0,0,0,0

SID,RESL5L,12,5
CF,MM018,44.161306,43.227333,0,MNW,115.0,8.9,115.0,7.0,0,0,0,1,250,0,0,1
DF,MM019,44.309833,43.157611,1, ,0.0,0.0,0,0,0,0,0,0,0,0
TF,MM020,44.272694,42.981389,0, ,0.0,0.0,0.0,0.0,2,8000,0,0,0,0,0,0
TF,RESLO,43.950000,42.625000,0, ,0.0,0.0,0.0,0.0,2,12000,0,0,0,0,0,0

SID,RESL5M,30,5
CF,MM029,44.329722,42.854611,0,MNW,295.3,10.1,295.0,11.0,0,0,0,1,250,0,0,0
TF,MM030,44.267639,42.740028,0, ,0.0,0.0,0.0,0.0,0,0,0,0,0,0,0,0
TF,RESLO,43.950000,42.625000,0, ,0.0,0.0,0.0,0.0,4,14000,12000,0,0,0,0,0

SID,SULO5G,12,2
DF,DER12,44.217458,43.103669,0, ,0.0,0.0,0,0,0,0,0,0,0,1
CA,0,115.0,2,2000,0,0,0,0,0,0
DF,MD,44.260306,43.008944,1, ,0.0,0.0,0,0,0,0,0,0,0,1
CF,SULOD,44.591389,42.665278,0,MNW,314.8,26.9,316.0,25.0,2,8000,0,0,0,0,0,0

SID,SULO5H,30,2
DF,MD,44.260306,43.008944,0, ,0.0,0.0,0,0,0,0,0,0,0,1
TF,SULOD,44.591389,42.665278,0, ,0.0,0.0,0.0,0.0,2,8000,0,0,0,0,0,0

SID,SULO5J,12,2
CD, ,0,0,0,MNW,0,0.0,115.0,6.5,0,0,0,0,0,0,0,0
DF,MNW,44.239611,43.053556,1, ,0.0,0.0,0,0,0,0,0,0,0,1
TF,SULOD,44.591389,42.665278,0, ,0.0,0.0,0.0,0.0,2,8000,0,0,0,0,0,0

SID,SULO5K,30,2
DF,DER30,44.236153,43.062369,0, ,0.0,0.0,0,0,0,0,0,0,0,1
CD, ,0,0,0,MNW,0,0.0,295.0,2.3,0,0,0,0,0,0,0,0
CF,SULOD,44.591389,42.665278,0,MNW,314.8,26.9,315.0,24.0,2,8000,0,0,0,0,0,0

SID,SULO5L,12,5
CF,MM018,44.161306,43.227333,0,MNW,115.0,8.9,115.0,7.0,0,0,0,1,250,0,0,1
DF,MM019,44.309833,43.157611,1, ,0.0,0.0,0,0,0,0,0,0,0,0
TF,MM021,44.367250,43.030167,0, ,0.0,0.0,0.0,0.0,2,12000,0,0,0,0,0,0
TF,MM022,44.469556,42.801333,0, ,0.0,0.0,0.0,0.0,0,0,0,0,0,0,0,0
TF,SULOD,44.591389,42.665278,0, ,0.0,0.0,0.0,0.0,2,12000,0,0,0,0,0,0

SID,SULO5M,30,5
CF,MM029,44.329722,42.854611,0,MNW,295.3,10.1,295.0,11.0,0,0,0,1,250,0,0,0
TF,SULOD,44.591389,42.665278,0, ,0.0,0.0,0.0,0.0,4,9000,8000,0,0,0,0,0

SID,UGBE5G,12,2
DF,DER12,44.217458,43.103669,0, ,0.0,0.0,0,0,0,0,0,0,0,1
CA,0,115.0,2,2000,0,0,0,0,0,0
DF,MD,44.260306,43.008944,1, ,0.0,0.0,0,0,0,0,0,0,0,1
VI,2, ,0.0,60.0,0,0,0,0,0,0,0,0
CF,UGBES,44.751111,43.523333,0,MNW,26.2,36.7,30.0,30.0,2,8000,0,0,0,0,0,0

SID,UGBE5H,30,2
DF,MD,44.260306,43.008944,0, ,0.0,0.0,0,0,0,0,0,0,0,1
CI,2, ,0.0,60.0,0,0,0,0,0,0,0,0
CF,UGBES,44.751111,43.523333,0,MNW,26.2,36.7,30.0,31.0,2,8000,0,0,0,0,0,0

SID,UGBE5J,12,2
CD, ,0,0,0,MNW,0,0.0,115.0,4.9,0,0,0,0,0,0,0,0
CI,1, ,0.0,307.0,0,0,0,0,0,0,0,0
CF,UGBES,44.751111,43.523333,0,MNW,26.2,36.7,26.0,32.0,2,8000,0,0,0,0,0,0

SID,UGBE5K,30,2
DF,DER30,44.236153,43.062369,0, ,0.0,0.0,0,0,0,0,0,0,0,1
CD, ,0,0,0,MNW,0,0.0,295.0,2.3,0,0,0,0,0,0,0,0
CI,2, ,0.0,71.0,0,0,0,0,0,0,0,0
CF,UGBES,44.751111,43.523333,0,MNW,26.2,36.7,26.0,30.0,2,8000,0,0,0,0,0,0

SID,UGBE5L,12,5
CF,MM018,44.161306,43.227333,0,MNW,115.0,8.9,115.0,7.0,0,0,0,1,250,0,0,1
DF,MM024,44.569000,43.457500,1, ,0.0,0.0,3,9000,0,0,0,0,0,0
TF,UGBES,44.751111,43.523333,0, ,0.0,0.0,0.0,0.0,2,8000,0,0,0,0,0,0

SID,UGBE5M,30,5
CF,MM026,44.295028,42.931806,0,MNW,295.4,6.2,295.0,7.0,0,0,0,1,250,0,0,1
DF,MM028,44.550167,43.207583,2, ,0.0,0.0,3,9000,0,0,0,0,0,0
TF,UGBES,44.751111,43.523333,0, ,0.0,0.0,0.0,0.0,2,8000,0,0,0,0,0,0

SID,URIL5G,12,2
DF,DER12,44.217458,43.103669,0, ,0.0,0.0,0,0,0,0,0,0,0,1
CA,0,115.0,2,2000,0,0,0,0,0,0
CI,0, ,0.0,63.0,0,0,0,0,0,0,0,0
CF,URILU,44.167778,43.710278,0,MNW,91.4,28.7,93.0,20.0,2,11000,0,0,0,0,0,0

SID,URIL5H,30,2
DF,MD,44.260306,43.008944,0, ,0.0,0.0,0,0,0,0,0,0,0,1
CI,2, ,0.0,130.0,0,0,0,0,0,0,0,0
CF,URILU,44.167778,43.710278,0,MNW,91.4,28.7,93.0,24.0,2,11000,0,0,0,0,0,0

SID,URIL5J,12,2
CD, ,0,0,0,MNW,0,0.0,115.0,6.5,0,0,0,0,0,0,0,0
CI,0, ,0.0,62.0,0,0,0,0,0,0,0,0
CF,URILU,44.167778,43.710278,0,MNW,91.4,28.7,91.0,18.0,2,11000,0,0,0,0,0,0

SID,URIL5K,30,2
DF,DER30,44.236153,43.062369,0, ,0.0,0.0,0,0,0,0,0,0,0,1
CD, ,0,0,0,MNW,0,0.0,295.0,2.3,0,0,0,0,0,0,0,0
CI,2, ,0.0,139.0,0,0,0,0,0,0,0,0
CF,URILU,44.167778,43.710278,0,MNW,91.4,28.7,91.0,25.0,2,11000,0,0,0,0,0,0

SID,URIL5L,12,5
CF,MM025,44.118806,43.320611,0,MNW,115.1,13.6,115.0,12.0,0,0,0,0,0,0,0,0
TF,URILU,44.167778,43.710278,0, ,0.0,0.0,0.0,0.0,4,13000,11000,0,0,0,0,0

SID,URIL5M,30,5
CF,MM026,44.295028,42.931806,0,MNW,295.4,6.2,295.0,7.0,0,0,0,1,250,0,0,1
DF,MM027,44.278611,43.233694,2, ,0.0,0.0,2,12000,0,0,0,0,0,0
TF,URILU,44.167778,43.710278,0, ,0.0,0.0,0.0,0.0,2,13000,0,0,0,0,0,0

STAR,ABEL5A,12,5
IF,ABELA,44.191389,42.600278, ,0.0,0.0,2,7000,0,0,0,0,0,0
TF,MM001,44.243722,42.765667,0, ,0.0,0.0,0.0,0.0,2,6500,0,0,0,0,0,0

STAR,ABEL5B,30,5
IF,ABELA,44.191389,42.600278, ,0.0,0.0,2,15000,0,0,0,0,0,0
TF,MM032,44.316667,42.863806,0, ,0.0,0.0,0.0,0.0,0,0,0,0,0,0,0,0
TF,MM033,44.381111,43.000278,0, ,0.0,0.0,0.0,0.0,2,15000,0,0,0,0,0,0
TF,MM034,44.441361,43.128472,0, ,0.0,0.0,0.0,0.0,0,0,0,0,0,0,0,0
TF,MM035,44.391806,43.240778,0, ,0.0,0.0,0.0,0.0,4,11000,10000,0,0,0,0,0
TF,MM036,44.287528,43.475583,0, ,0.0,0.0,0.0,0.0,0,0,0,0,0,0,0,0
TF,MM011,44.202194,43.400139,0, ,0.0,0.0,0.0,0.0,2,4500,0,0,0,0,0,0

STAR,ABEL5E,ALL,2
IF,ABELA,44.191389,42.600278, ,0.0,0.0,2,8000,0,0,0,0,0,0
TF,MNW,44.239611,43.053556,0, ,0.0,0.0,0.0,0.0,2,7000,0,0,0,0,0,0

STAR,ABEL5F,ALL,2
IF,ABELA,44.191389,42.600278, ,0.0,0.0,2,8000,0,0,0,0,0,0
TF,MD,44.260306,43.008944,0, ,0.0,0.0,0.0,0.0,2,7000,0,0,0,0,0,0

STAR,ABEL5W,30,2
IF,ABELA,44.191389,42.600278, ,0.0,0.0,2,8000,0,0,0,0,0,0
TF,MNW,44.239611,43.053556,0, ,0.0,0.0,0.0,0.0,2,7000,0,0,0,0,0,0
TF,D091H,44.221036,43.226869,0, ,0.0,0.0,0.0,0.0,2,6000,0,0,0,0,0,0
TF,MM011,44.202194,43.400139,0, ,0.0,0.0,0.0,0.0,2,4500,0,0,0,0,0,0

STAR,DEPS5A,12,5
IF,DEPSO,44.520000,43.379167, ,0.0,0.0,2,10000,0,0,0,0,0,0
TF,MM015,44.491972,43.258972,0, ,0.0,0.0,0.0,0.0,4,11000,10000,0,0,0,0,0
TF,MM008,44.510778,42.970056,0, ,0.0,0.0,0.0,0.0,0,0,0,0,0,0,0,0
TF,MM003,44.424167,42.922944,0, ,0.0,0.0,0.0,0.0,2,5000,0,0,0,0,0,0

STAR,DEPS5B,30,5
IF,DEPSO,44.520000,43.379167, ,0.0,0.0,4,10000,6000,0,0,0,0,0
TF,MM036,44.287528,43.475583,0, ,0.0,0.0,0.0,0.0,0,0,0,0,0,0,0,0
TF,MM011,44.202194,43.400139,0, ,0.0,0.0,0.0,0.0,2,4500,0,0,0,0,0,0

STAR,DEPS5C,12,2
IF,DEPSO,44.520000,43.379167, ,0.0,0.0,2,6000,0,0,0,0,0,0
TF,D033L,44.398772,43.237872,0, ,0.0,0.0,0.0,0.0,0,0,0,0,0,0,0,0
AF,MM003,44.424167,42.922944,1,MNW,326.1,12.4,33.0,2,5000,0,0,0,0,0,0

STAR,DEPS5D,30,2
IF,DEPSO,44.520000,43.379167, ,0.0,0.0,2,8000,0,0,0,0,0,0
TF,D033O,44.433333,43.278072,0, ,0.0,0.0,0.0,0.0,0,0,0,0,0,0,0,0
AF,MM011,44.202194,43.400139,2,MNW,91.4,15.1,33.0,2,4500,0,0,0,0,0,0

STAR,DEPS5E,ALL,2
IF,DEPSO,44.520000,43.379167, ,0.0,0.0,2,8000,0,0,0,0,0,0
TF,MNW,44.239611,43.053556,0, ,0.0,0.0,0.0,0.0,2,7000,0,0,0,0,0,0

STAR,DEPS5F,ALL,2
IF,DEPSO,44.520000,43.379167, ,0.0,0.0,2,8000,0,0,0,0,0,0
TF,MD,44.260306,43.008944,0, ,0.0,0.0,0.0,0.0,2,7000,0,0,0,0,0,0

STAR,LARI5A,12,5
IF,LARIN,44.599722,43.018611, ,0.0,0.0,2,6000,0,0,0,0,0,0
TF,MM008,44.510778,42.970056,0, ,0.0,0.0,0.0,0.0,0,0,0,0,0,0,0,0
TF,MM003,44.424167,42.922944,0, ,0.0,0.0,0.0,0.0,2,5000,0,0,0,0,0,0

STAR,LARI5B,30,5
IF,LARIN,44.599722,43.018611, ,0.0,0.0,2,10000,0,0,0,0,0,0
TF,MM034,44.441361,43.128472,0, ,0.0,0.0,0.0,0.0,0,0,0,0,0,0,0,0
TF,MM035,44.391806,43.240778,0, ,0.0,0.0,0.0,0.0,4,11000,10000,0,0,0,0,0
TF,MM036,44.287528,43.475583,0, ,0.0,0.0,0.0,0.0,0,0,0,0,0,0,0,0
TF,MM011,44.202194,43.400139,0, ,0.0,0.0,0.0,0.0,2,4500,0,0,0,0,0,0

STAR,LARI5C,12,2
IF,LARIN,44.599722,43.018611, ,0.0,0.0,2,6000,0,0,0,0,0,0
TF,D349L,44.446097,43.033569,0, ,0.0,0.0,0.0,0.0,0,0,0,0,0,0,0,0
AF,MM003,44.424167,42.922944,1,MNW,326.1,12.4,349.0,2,5000,0,0,0,0,0,0

STAR,LARI5D,30,2
IF,LARIN,44.599722,43.018611, ,0.0,0.0,2,8000,0,0,0,0,0,0
TF,D349O,44.490986,43.029206,0, ,0.0,0.0,0.0,0.0,0,0,0,0,0,0,0,0
AF,MM011,44.202194,43.400139,2,MNW,91.4,15.1,349.0,2,4500,0,0,0,0,0,0

STAR,LARI5E,ALL,2
IF,LARIN,44.599722,43.018611, ,0.0,0.0,2,8000,0,0,0,0,0,0
TF,MNW,44.239611,43.053556,0, ,0.0,0.0,0.0,0.0,2,7000,0,0,0,0,0,0

STAR,LARI5F,ALL,2
IF,LARIN,44.599722,43.018611, ,0.0,0.0,2,8000,0,0,0,0,0,0
TF,MD,44.260306,43.008944,0, ,0.0,0.0,0.0,0.0,2,7000,0,0,0,0,0,0

STAR,OGEM5A,12,5
IF,OGEMO,44.467778,43.614444, ,0.0,0.0,2,10000,0,0,0,0,0,0
TF,MM015,44.491972,43.258972,0, ,0.0,0.0,0.0,0.0,4,11000,10000,0,0,0,0,0
TF,MM008,44.510778,42.970056,0, ,0.0,0.0,0.0,0.0,0,0,0,0,0,0,0,0
TF,MM003,44.424167,42.922944,0, ,0.0,0.0,0.0,0.0,2,5000,0,0,0,0,0,0

STAR,OGEM5B,30,5
IF,OGEMO,44.467778,43.614444, ,0.0,0.0,4,11000,10000,0,0,0,0,0
TF,MM036,44.287528,43.475583,0, ,0.0,0.0,0.0,0.0,0,0,0,0,0,0,0,0
TF,MM011,44.202194,43.400139,0, ,0.0,0.0,0.0,0.0,2,4500,0,0,0,0,0,0

STAR,OGEM5C,12,2
IF,OGEMO,44.467778,43.614444, ,0.0,0.0,2,10000,0,0,0,0,0,0
TF,D053L,44.342039,43.303969,0, ,0.0,0.0,0.0,0.0,0,0,0,0,0,0,0,0
AF,MM003,44.424167,42.922944,1,MNW,326.1,12.4,53.0,2,5000,0,0,0,0,0,0

STAR,OGEM5D,30,2
IF,OGEMO,44.467778,43.614444, ,0.0,0.0,2,10000,0,0,0,0,0,0
TF,D053O,44.364231,43.358522,0, ,0.0,0.0,0.0,0.0,0,0,0,0,0,0,0,0
AF,MM011,44.202194,43.400139,2,MNW,91.4,15.1,53.0,2,4500,0,0,0,0,0,0

STAR,OGEM5E,ALL,2
IF,OGEMO,44.467778,43.614444, ,0.0,0.0,2,10000,0,0,0,0,0,0
TF,MNW,44.239611,43.053556,0, ,0.0,0.0,0.0,0.0,2,7000,0,0,0,0,0,0

STAR,OGEM5F,ALL,2
IF,OGEMO,44.467778,43.614444, ,0.0,0.0,2,10000,0,0,0,0,0,0
TF,MD,44.260306,43.008944,0, ,0.0,0.0,0.0,0.0,2,7000,0,0,0,0,0,0

STAR,OKAR5A,12,5
IF,OKARU,43.846667,43.811944, ,0.0,0.0,2,14000,0,0,0,0,0,0
TF,MM017,44.271000,43.489500,0, ,0.0,0.0,0.0,0.0,2,14000,0,0,0,0,0,0
TF,MM016,44.399306,43.212722,0, ,0.0,0.0,0.0,0.0,4,11000,10000,0,0,0,0,0
TF,MM008,44.510778,42.970056,0, ,0.0,0.0,0.0,0.0,0,0,0,0,0,0,0,0
TF,MM003,44.424167,42.922944,0, ,0.0,0.0,0.0,0.0,2,5000,0,0,0,0,0,0

STAR,OKAR5B,30,5
IF,OKARU,43.846667,43.811944, ,0.0,0.0,2,8000,0,0,0,0,0,0
TF,MM010,44.116833,43.324917,0, ,0.0,0.0,0.0,0.0,2,4000,0,0,0,0,0,0

STAR,OKAR5C,12,2
IF,OKARU,43.846667,43.811944, ,0.0,0.0,2,8000,0,0,0,0,0,0
TF,D118L,44.119386,43.287694,0, ,0.0,0.0,0.0,0.0,0,0,0,0,0,0,0,0
AF,MM003,44.424167,42.922944,1,MNW,326.1,12.4,118.0,2,5000,0,0,0,0,0,0

STAR,OKAR5D,30,2
IF,OKARU,43.846667,43.811944, ,0.0,0.0,2,8000,0,0,0,0,0,0
TF,D118V,44.032378,43.462336,0, ,0.0,0.0,0.0,0.0,2,5000,0,0,0,0,0,0

STAR,OKAR5E,ALL,2
IF,OKARU,43.846667,43.811944, ,0.0,0.0,2,8000,0,0,0,0,0,0
TF,MNW,44.239611,43.053556,0, ,0.0,0.0,0.0,0.0,2,7000,0,0,0,0,0,0

STAR,OKAR5F,ALL,2
IF,OKARU,43.846667,43.811944, ,0.0,0.0,2,8000,0,0,0,0,0,0
TF,MD,44.260306,43.008944,0, ,0.0,0.0,0.0,0.0,2,7000,0,0,0,0,0,0

STAR,OKAR5X,12,2
IF,OKARU,43.846667,43.811944, ,0.0,0.0,2,8000,0,0,0,0,0,0
TF,MNW,44.239611,43.053556,0, ,0.0,0.0,0.0,0.0,2,5500,0,0,0,0,0,0
TF,MM003,44.424167,42.922944,0, ,0.0,0.0,0.0,0.0,2,5000,0,0,0,0,0,0

STAR,RESL5A,12,5
IF,RESLO,43.950000,42.625000, ,0.0,0.0,2,11000,0,0,0,0,0,0
TF,MM001,44.243722,42.765667,0, ,0.0,0.0,0.0,0.0,2,6500,0,0,0,0,0,0

STAR,RESL5B,30,5
IF,RESLO,43.950000,42.625000, ,0.0,0.0,2,15000,0,0,0,0,0,0
TF,MM032,44.316667,42.863806,0, ,0.0,0.0,0.0,0.0,0,0,0,0,0,0,0,0
TF,MM033,44.381111,43.000278,0, ,0.0,0.0,0.0,0.0,2,15000,0,0,0,0,0,0
TF,MM034,44.441361,43.128472,0, ,0.0,0.0,0.0,0.0,0,0,0,0,0,0,0,0
TF,MM035,44.391806,43.240778,0, ,0.0,0.0,0.0,0.0,4,11000,10000,0,0,0,0,0
TF,MM036,44.287528,43.475583,0, ,0.0,0.0,0.0,0.0,0,0,0,0,0,0,0,0
TF,MM011,44.202194,43.400139,0, ,0.0,0.0,0.0,0.0,2,4500,0,0,0,0,0,0

STAR,RESL5C,12,2
IF,RESLO,43.950000,42.625000, ,0.0,0.0,2,11000,0,0,0,0,0,0
TF,D220S,44.024303,42.734325,0, ,0.0,0.0,0.0,0.0,2,7000,0,0,0,0,0,0
TF,D220L,44.098225,42.843514,0, ,0.0,0.0,0.0,0.0,0,0,0,0,0,0,0,0
AF,MM001,44.243722,42.765667,2,MNW,264.2,12.4,220.0,2,5000,0,0,0,0,0,0

STAR,RESL5D,30,2
IF,RESLO,43.950000,42.625000, ,0.0,0.0,2,11000,0,0,0,0,0,0
TF,D220O,44.067436,42.797986,0, ,0.0,0.0,0.0,0.0,0,0,0,0,0,0,0,0
AF,D170O,43.987961,43.071822,1,MNW,170.0,15.1,220.0,2,7000,0,0,0,0,0,0
AF,MM013,44.030667,43.249250,1,MNW,138.9,15.1,170.0,2,5000,0,0,0,0,0,0

STAR,RESL5E,ALL,2
IF,RESLO,43.950000,42.625000, ,0.0,0.0,2,11000,0,0,0,0,0,0
TF,MNW,44.239611,43.053556,0, ,0.0,0.0,0.0,0.0,2,7000,0,0,0,0,0,0

STAR,RESL5F,ALL,2
IF,RESLO,43.950000,42.625000, ,0.0,0.0,2,11000,0,0,0,0,0,0
TF,MD,44.260306,43.008944,0, ,0.0,0.0,0.0,0.0,2,7000,0,0,0,0,0,0

STAR,RESL5W,30,2
IF,RESLO,43.950000,42.625000, ,0.0,0.0,2,11000,0,0,0,0,0,0
TF,MNW,44.239611,43.053556,0, ,0.0,0.0,0.0,0.0,2,7000,0,0,0,0,0,0
TF,D091H,44.221036,43.226869,0, ,0.0,0.0,0.0,0.0,2,6000,0,0,0,0,0,0
TF,MM011,44.202194,43.400139,0, ,0.0,0.0,0.0,0.0,2,4500,0,0,0,0,0,0

STAR,RESL5Z,30,5
IF,RESLO,43.950000,42.625000, ,0.0,0.0,2,15000,0,0,0,0,0,0
TF,MM037,43.975361,42.818306,0, ,0.0,0.0,0.0,0.0,3,11000,0,0,0,0,0,0
TF,MM013,44.030667,43.249250,0, ,0.0,0.0,0.0,0.0,2,6500,0,0,0,0,0,0

STAR,SULO5A,12,5
IF,SULOD,44.591389,42.665278, ,0.0,0.0,2,7000,0,0,0,0,0,0
TF,MM002,44.423000,42.763472,0, ,0.0,0.0,0.0,0.0,2,5000,0,0,0,0,0,0

STAR,SULO5B,30,5
IF,SULOD,44.591389,42.665278, ,0.0,0.0,2,11000,0,0,0,0,0,0
TF,MM034,44.441361,43.128472,0, ,0.0,0.0,0.0,0.0,0,0,0,0,0,0,0,0
TF,MM035,44.391806,43.240778,0, ,0.0,0.0,0.0,0.0,4,11000,10000,0,0,0,0,0
TF,MM036,44.287528,43.475583,0, ,0.0,0.0,0.0,0.0,0,0,0,0,0,0,0,0
TF,MM011,44.202194,43.400139,0, ,0.0,0.0,0.0,0.0,2,4500,0,0,0,0,0,0

STAR,SULO5C,12,2
IF,SULOD,44.591389,42.665278, ,0.0,0.0,2,8000,0,0,0,0,0,0
TF,D315L,44.402594,42.875783,0, ,0.0,0.0,0.0,0.0,2,5000,0,0,0,0,0,0

STAR,SULO5D,30,2
IF,SULOD,44.591389,42.665278, ,0.0,0.0,2,8000,0,0,0,0,0,0
TF,D315O,44.437392,42.836006,0, ,0.0,0.0,0.0,0.0,0,0,0,0,0,0,0,0
AF,MM011,44.202194,43.400139,2,MNW,91.4,15.1,315.0,2,4500,0,0,0,0,0,0

STAR,SULO5E,ALL,2
IF,SULOD,44.591389,42.665278, ,0.0,0.0,2,8000,0,0,0,0,0,0
TF,MNW,44.239611,43.053556,0, ,0.0,0.0,0.0,0.0,2,7000,0,0,0,0,0,0

STAR,SULO5F,ALL,2
IF,SULOD,44.591389,42.665278, ,0.0,0.0,2,8000,0,0,0,0,0,0
TF,MD,44.260306,43.008944,0, ,0.0,0.0,0.0,0.0,2,7000,0,0,0,0,0,0

STAR,SULO5W,30,2
IF,SULOD,44.591389,42.665278, ,0.0,0.0,2,8000,0,0,0,0,0,0
TF,MNW,44.239611,43.053556,0, ,0.0,0.0,0.0,0.0,2,7000,0,0,0,0,0,0
TF,D091H,44.221036,43.226869,0, ,0.0,0.0,0.0,0.0,2,6000,0,0,0,0,0,0
TF,MM011,44.202194,43.400139,0, ,0.0,0.0,0.0,0.0,2,4500,0,0,0,0,0,0

STAR,URIL5A,12,5
IF,URILU,44.167778,43.710278, ,0.0,0.0,2,14000,0,0,0,0,0,0
TF,MM017,44.271000,43.489500,0, ,0.0,0.0,0.0,0.0,2,14000,0,0,0,0,0,0
TF,MM016,44.399306,43.212722,0, ,0.0,0.0,0.0,0.0,4,11000,10000,0,0,0,0,0
TF,MM008,44.510778,42.970056,0, ,0.0,0.0,0.0,0.0,0,0,0,0,0,0,0,0
TF,MM003,44.424167,42.922944,0, ,0.0,0.0,0.0,0.0,2,5000,0,0,0,0,0,0

STAR,URIL5B,30,5
IF,URILU,44.167778,43.710278, ,0.0,0.0,4,11000,10000,0,0,0,0,0
TF,MM010,44.116833,43.324917,0, ,0.0,0.0,0.0,0.0,2,4000,0,0,0,0,0,0

STAR,URIL5C,12,2
IF,URILU,44.167778,43.710278, ,0.0,0.0,2,10000,0,0,0,0,0,0
TF,D091L,44.208956,43.338228,0, ,0.0,0.0,0.0,0.0,0,0,0,0,0,0,0,0
AF,MM003,44.424167,42.922944,1,MNW,326.1,12.4,91.0,2,5000,0,0,0,0,0,0

STAR,URIL5D,30,2
IF,URILU,44.167778,43.710278, ,0.0,0.0,2,10000,0,0,0,0,0,0
TF,MM011,44.202194,43.400139,0, ,0.0,0.0,0.0,0.0,2,4500,0,0,0,0,0,0

STAR,URIL5E,ALL,2
IF,URILU,44.167778,43.710278, ,0.0,0.0,2,10000,0,0,0,0,0,0
TF,MNW,44.239611,43.053556,0, ,0.0,0.0,0.0,0.0,2,7000,0,0,0,0,0,0

STAR,URIL5F,ALL,2
IF,URILU,44.167778,43.710278, ,0.0,0.0,2,10000,0,0,0,0,0,0
TF,MD,44.260306,43.008944,0, ,0.0,0.0,0.0,0.0,2,7000,0,0,0,0,0,0

STAR,URIL5X,12,2
IF,URILU,44.167778,43.710278, ,0.0,0.0,2,10000,0,0,0,0,0,0
TF,MNW,44.239611,43.053556,0, ,0.0,0.0,0.0,0.0,2,5500,0,0,0,0,0,0
TF,MM003,44.424167,42.922944,0, ,0.0,0.0,0.0,0.0,2,5000,0,0,0,0,0,0

APPTR,D12-Z,12,ABELA
IF,ABELA,44.191389,42.600278, ,0.0,0.0,2,7000,0,0,0,0,1,0
TF,D255L,44.210444,42.768547,0, ,0.0,0.0,0.0,0.0,0,0,0,0,0,0,0,0
AF,MM001,44.243722,42.765667,2,MNW,264.2,12.4,255.0,2,5000,0,0,0,0,0,0
AF,CS12Z,44.349044,42.808906,2,MNW,295.0,12.4,264.0,2,4000,0,0,0,0,1,0

APPTR,D12-Z,12,D315L
IF,D315L,44.402594,42.875783, ,0.0,0.0,2,5000,0,0,0,0,1,0
AF,CS12Z,44.349044,42.808906,1,MNW,295.0,12.4,315.0,2,4000,0,0,0,0,1,0

APPTR,D12-Z,12,MM001
IF,MM001,44.243722,42.765667, ,0.0,0.0,2,5000,0,0,0,0,1,0
AF,CS12Z,44.349044,42.808906,2,MNW,295.0,12.4,264.0,2,4000,0,0,0,0,1,0

APPTR,D12-Z,12,MM003
IF,MM003,44.424167,42.922944, ,0.0,0.0,2,5000,0,0,0,0,1,0
AF,CS12Z,44.349044,42.808906,1,MNW,295.0,12.4,326.0,2,4000,0,0,0,0,1,0

FINAL,D12-Z,12,D,4
IF,CS12Z,44.349044,42.808906,MNW,295.0,12.4,2,4000,0,0,0,0,0,0
CF,FS12Z,44.289194,42.942964,0,MNW,295.0,5.6,115.0,6.8,1,3000,0,0,0,0,2,0
CF,25VOR,44.261503,43.004775,0,MNW,295.0,2.5,115.0,3.1,1,2000,0,0,0,0,0,0
CF,MNW,44.239611,43.053556,0,MNW,0.0,0.0,115.0,2.5,1,1227,0,0,0,0,3,0
CF,D115E,44.196644,43.149039,0,MNW,115.0,4.9,115.0,4.9,0,0,0,0,0,0,0,0
CA,0,115.0,2,3500,0,0,0,0,0,0
CI,1, ,0.0,281.0,0,0,0,0,0,0,0,0
CF,MM003,44.424167,42.922944,0,MNW,326.1,12.4,326.0,10.0,2,5000,0,0,0,0,0,0

APPTR,D30-Z,30,D118V
IF,D118V,44.032378,43.462336, ,0.0,0.0,2,5000,0,0,0,0,1,0
CI,0, ,0.0,325.0,0,0,0,0,0,0,0,0
CF,CS30Z,44.105678,43.350161,0,MNW,115.0,15.1,295.0,5.0,2,4000,0,0,0,0,1,0

APPTR,D30-Z,30,MM011
IF,MM011,44.202194,43.400139, ,0.0,0.0,2,4500,0,0,0,0,1,0
AF,CS30Z,44.105678,43.350161,2,MNW,115.0,15.1,91.0,2,4000,0,0,0,0,1,0

APPTR,D30-Z,30,MM013
IF,MM013,44.030667,43.249250, ,0.0,0.0,2,5000,0,0,0,0,1,0
AF,CS30Z,44.105678,43.350161,1,MNW,115.0,15.1,139.0,2,4000,0,0,0,0,1,0

FINAL,D30-Z,30,D,4
IF,CS30Z,44.105678,43.350161,MNW,115.0,15.1,2,4000,0,0,0,0,0,0
CF,FS30Z,44.164147,43.221053,0,MNW,115.0,8.5,295.0,6.6,1,3000,0,0,0,0,2,0
CF,57VOR,44.189033,43.165922,0,MNW,115.0,5.7,295.0,2.8,1,2100,0,0,0,0,0,0
CF,RW30,44.217458,43.103669,0,MNW,114.6,2.5,295.0,3.2,1,1101,0,0,0,0,3,0
CF,MNW,44.239611,43.053556,0,MNW,0.0,0.0,295.0,2.5,0,0,0,0,0,0,0,1
TF,D295C,44.263806,43.000764,0, ,0.0,0.0,0.0,0.0,0,0,0,0,0,0,0,0
CA,0,295.0,2,2800,0,0,0,0,0,0
CI,2, ,0.0,136.0,0,0,0,0,0,0,0,0
CF,MM011,44.202194,43.400139,0,MNW,91.4,15.1,91.0,13.0,2,4500,0,0,0,0,0,0

FINAL,I12-X,12,I,3
IF,CI12,44.307325,42.904658,IMD,295.2,10.5,1,3000,0,0,0,0,0,0
CF,FF12,44.289614,42.943981,0,IMD,295.2,8.5,115.0,2.0,1,3000,0,0,0,0,2,0
CF,RW12,44.236153,43.062369,0,IMD,295.2,2.4,115.0,6.0,1,1089,0,0,0,0,3,0
CA,0,115.0,2,3500,0,0,0,0,0,0
DF,MD,44.260306,43.008944,1, ,0.0,0.0,2,5300,0,0,0,0,0,0

APPTR,I12-Y,12,ABELA
IF,ABELA,44.191389,42.600278, ,0.0,0.0,2,7000,0,0,0,0,1,0
TF,D255L,44.210444,42.768547,0, ,0.0,0.0,0.0,0.0,0,0,0,0,0,0,0,0
AF,MM001,44.243722,42.765667,2,MNW,264.2,12.4,255.0,2,5000,0,0,0,0,0,0
AF,D285L,44.316844,42.786222,2,MNW,285.0,12.4,264.0,2,4000,0,0,0,0,0,0
CI,0,IMD,0.0,85.0,0,0,0,0,0,0,0,0

APPTR,I12-Y,12,D315L
IF,D315L,44.402594,42.875783, ,0.0,0.0,2,5000,0,0,0,0,1,0
AF,D305L,44.377922,42.839064,1,MNW,305.0,12.4,315.0,2,4000,0,0,0,0,0,0
CI,0,IMD,0.0,145.0,0,0,0,0,0,0,0,0

APPTR,I12-Y,12,MM001
IF,MM001,44.243722,42.765667, ,0.0,0.0,2,5000,0,0,0,0,1,0
AF,D285L,44.316844,42.786222,2,MNW,285.0,12.4,264.0,2,4000,0,0,0,0,0,0
CI,0,IMD,0.0,85.0,0,0,0,0,0,0,0,0

APPTR,I12-Y,12,MM003
IF,MM003,44.424167,42.922944, ,0.0,0.0,2,5000,0,0,0,0,1,0
AF,D305L,44.377922,42.839064,1,MNW,305.0,12.4,326.0,2,4000,0,0,0,0,0,0
CI,0,IMD,0.0,145.0,0,0,0,0,0,0,0,0

FINAL,I12-Y,12,I,3
IF,CF12,44.349947,42.809792,IMD,295.2,15.3,2,4000,0,0,0,0,0,0
CF,FF12,44.289614,42.943981,0,IMD,295.2,8.5,115.0,6.8,1,3000,0,0,0,0,2,0
CF,RW12,44.236153,43.062369,0,IMD,295.2,2.4,115.0,6.0,1,1089,0,0,0,0,3,0
CF,D115E,44.196644,43.149039,0,MNW,115.0,4.9,115.0,4.4,0,0,0,0,0,0,0,0
CA,0,115.0,2,3500,0,0,0,0,0,0
CI,1, ,0.0,281.0,0,0,0,0,0,0,0,0
CF,MM003,44.424167,42.922944,0,MNW,326.1,12.4,326.0,10.0,2,5000,0,0,0,0,0,0

APPTR,I12-Z,12,MM001
IF,MM001,44.243722,42.765667, ,0.0,0.0,2,6500,0,0,0,0,1,0
TF,MM004,44.334333,42.844500,0,IMD,0.0,0.0,0.0,0.0,2,4000,0,0,0,0,1,0

APPTR,I12-Z,12,MM002
IF,MM002,44.423000,42.763472, ,0.0,0.0,2,5000,0,0,0,0,1,0
TF,MM004,44.334333,42.844500,0,IMD,0.0,0.0,0.0,0.0,2,4000,0,0,0,0,1,0

APPTR,I12-Z,12,MM003
IF,MM003,44.424167,42.922944, ,0.0,0.0,2,5000,0,0,0,0,1,0
TF,MM004,44.334333,42.844500,0,IMD,0.0,0.0,0.0,0.0,2,4000,0,0,0,0,1,0

FINAL,I12-Z,12,I,3
IF,MM004,44.334333,42.844500,IMD,295.2,13.5,2,4000,0,0,0,0,0,0
CF,FF12,44.289614,42.943981,0,IMD,295.2,8.5,115.0,5.1,1,3000,0,0,0,0,2,0
CF,RW12,44.236153,43.062369,0,IMD,295.2,2.4,115.0,6.0,1,1089,0,0,0,0,3,0
CF,MM006,44.182528,43.181056,0,MNW,114.9,6.5,115.0,6.0,0,0,0,0,0,0,0,1
DF,MM007,44.368222,43.047167,1, ,0.0,0.0,0,0,0,0,0,0,0,0
TF,MM003,44.424167,42.922944,0, ,0.0,0.0,0.0,0.0,2,5000,0,0,0,0,0,0

APPTR,I30-X,30,MD1
IF,MD,44.260306,43.008944, ,0.0,0.0,2,7000,0,0,0,0,1,0
FC,MD,44.260306,43.008944,0,MNW,0.0,0.0,106.0,20.5,2,5200,0,1,205,0,0,1
CF,CI30,44.146383,43.260247,2,IMW,115.2,10.4,295.0,7.7,1,3000,0,0,0,0,0,0

APPTR,I30-X,30,MD2
IF,MD,44.260306,43.008944, ,0.0,0.0,2,7000,0,0,0,0,1,0
FC,MD,44.260306,43.008944,0,MNW,0.0,0.0,111.0,20.5,2,5200,0,1,205,0,0,1
CF,CI30,44.146383,43.260247,2,IMW,115.2,10.4,295.0,7.7,1,3000,0,0,0,0,0,0

FINAL,I30-X,30,I,3
IF,CI30,44.146383,43.260247,IMW,115.2,10.4,1,3000,0,0,0,0,0,0
CF,FF30,44.164186,43.221103,0,IMW,115.2,8.4,295.0,2.0,1,3000,0,0,0,0,2,0
CF,RW30,44.217458,43.103669,0,IMW,115.2,2.4,295.0,6.0,1,1101,0,0,0,0,3,0
CA,0,295.0,2,3600,0,0,0,0,0,0
DF,MD,44.260306,43.008944,2, ,0.0,0.0,2,5400,0,0,0,0,0,0

APPTR,I30-Y,30,D118V
IF,D118V,44.032378,43.462336, ,0.0,0.0,2,5000,0,0,0,0,1,0
CI,0, ,0.0,325.0,0,0,0,0,0,0,0,0
CF,CF30,44.105469,43.349994,0,IMW,115.2,15.0,295.0,5.0,2,4000,0,0,0,0,1,0

APPTR,I30-Y,30,MM011
IF,MM011,44.202194,43.400139, ,0.0,0.0,2,4500,0,0,0,0,1,0
AF,D107O,44.136658,43.373236,2,MNW,107.0,15.1,91.0,2,4000,0,0,0,0,0,0
CI,0,IMW,0.0,265.0,0,0,0,0,0,0,0,0

APPTR,I30-Y,30,MM013
IF,MM013,44.030667,43.249250, ,0.0,0.0,2,5000,0,0,0,0,1,0
AF,D123O,44.077306,43.321353,1,MNW,123.0,15.1,139.0,2,4000,0,0,0,0,0,0
CI,0,IMW,0.0,325.0,0,0,0,0,0,0,0,0

FINAL,I30-Y,30,I,3
IF,CF30,44.105469,43.349994,IMW,115.2,15.0,2,4000,0,0,0,0,0,0
CF,FF30,44.164186,43.221103,0,IMW,115.2,8.4,295.0,6.6,1,3000,0,0,0,0,2,0
CF,RW30,44.217458,43.103669,0,IMW,115.2,2.4,295.0,6.0,1,1101,0,0,0,0,3,0
CF,D295C,44.263806,43.000764,0,MNW,295.5,2.7,295.0,5.2,0,0,0,0,0,0,0,0
CA,0,295.0,2,2800,0,0,0,0,0,0
CI,2, ,0.0,136.0,0,0,0,0,0,0,0,0
CF,MM011,44.202194,43.400139,0,MNW,91.4,15.1,91.0,13.0,2,4500,0,0,0,0,0,0

APPTR,I30-Z,30,MM011
IF,MM011,44.202194,43.400139, ,0.0,0.0,2,4500,0,0,0,0,1,0
TF,MM010,44.116833,43.324917,0,IMW,0.0,0.0,0.0,0.0,2,4000,0,0,0,0,1,0

APPTR,I30-Z,30,MM013
IF,MM013,44.030667,43.249250, ,0.0,0.0,2,6500,0,0,0,0,1,0
TF,MM010,44.116833,43.324917,0,IMW,0.0,0.0,0.0,0.0,2,4000,0,0,0,0,1,0

FINAL,I30-Z,30,I,3
IF,MM010,44.116833,43.324917,IMW,115.2,13.7,2,4000,0,0,0,0,1,0
CF,FF30,44.164186,43.221103,0,IMW,115.2,8.4,295.0,5.3,1,3000,0,0,0,0,2,0
CF,RW30,44.217458,43.103669,0,IMW,115.2,2.4,295.0,6.0,1,1101,0,0,0,0,3,0
CF,MM012,44.260389,43.009028,0,MNW,296.0,2.3,295.0,4.8,0,0,0,0,0,0,0,1
DF,MM014,44.249639,43.296083,2, ,0.0,0.0,0,0,0,0,0,0,0,0
TF,MM011,44.202194,43.400139,0, ,0.0,0.0,0.0,0.0,2,4500,0,0,0,0,0,0

APPTR,J12,12,MM001
IF,MM001,44.243722,42.765667, ,0.0,0.0,2,6500,0,0,0,0,1,0
TF,MM004,44.334333,42.844500,0,G12A,0.0,0.0,0.0,0.0,2,4000,0,0,0,0,1,0

APPTR,J12,12,MM002
IF,MM002,44.423000,42.763472, ,0.0,0.0,2,5000,0,0,0,0,1,0
TF,MM004,44.334333,42.844500,0,G12A,0.0,0.0,0.0,0.0,2,4000,0,0,0,0,1,0

APPTR,J12,12,MM003
IF,MM003,44.424167,42.922944, ,0.0,0.0,2,5000,0,0,0,0,1,0
TF,MM004,44.334333,42.844500,0,G12A,0.0,0.0,0.0,0.0,2,4000,0,0,0,0,1,0

FINAL,J12,12,G,3
IF,MM004,44.334333,42.844500,G12A,0.0,0.0,2,4000,0,0,0,0,0,0
TF,MM005,44.289361,42.944500,0,G12A,0.0,0.0,115.0,5.1,1,3000,0,0,0,0,2,0
TF,RW12,44.236153,43.062369,0,G12A,0.0,0.0,115.0,6.0,1,1089,0,0,0,0,3,1
TF,MM006,44.182528,43.181056,0, ,0.0,0.0,0.0,0.0,0,0,0,0,0,0,0,1
DF,MM007,44.368222,43.047167,1, ,0.0,0.0,0,0,0,0,0,0,0,0
TF,MM003,44.424167,42.922944,0, ,0.0,0.0,0.0,0.0,2,5000,0,0,0,0,0,0

APPTR,J30,30,MM011
IF,MM011,44.202194,43.400139, ,0.0,0.0,2,4500,0,0,0,0,1,0
TF,MM010,44.116833,43.324917,0,G30A,0.0,0.0,0.0,0.0,2,4000,0,0,0,0,1,0

APPTR,J30,30,MM013
IF,MM013,44.030667,43.249250, ,0.0,0.0,2,6500,0,0,0,0,1,0
TF,MM010,44.116833,43.324917,0,G30A,0.0,0.0,0.0,0.0,2,4000,0,0,0,0,1,0

FINAL,J30,30,G,3
IF,MM010,44.116833,43.324917,G30A,0.0,0.0,2,4000,0,0,0,0,1,0
TF,MM009,44.164417,43.220528,0,G30A,0.0,0.0,295.0,5.4,1,3000,0,0,0,0,2,0
TF,RW30,44.217458,43.103669,0,G30A,0.0,0.0,295.0,5.9,1,1101,0,0,0,0,3,1
TF,MM012,44.260389,43.009028,0, ,0.0,0.0,0.0,0.0,0,0,0,0,0,0,0,1
DF,MM014,44.249639,43.296083,2, ,0.0,0.0,0,0,0,0,0,0,0,0
TF,MM011,44.202194,43.400139,0, ,0.0,0.0,0.0,0.0,2,4500,0,0,0,0,0,0

FINAL,N12-A,12,N,2
IF,FF115,44.328214,42.857317,MD,0.0,0.0,2,4700,0,0,0,0,2,0
CF,MD,44.260306,43.008944,0,MD,0.0,0.0,115.0,7.7,1,2330,0,0,0,0,3,0
CA,0,100.0,2,3600,0,0,0,0,0,0
DF,MD,44.260306,43.008944,1, ,0.0,0.0,2,5300,0,0,0,0,0,0

APPTR,N12-B,12,MD1
IF,MD,44.260306,43.008944, ,0.0,0.0,2,7000,0,0,0,0,1,0
FC,MD,44.260306,43.008944,0,MNW,0.0,0.0,327.0,7.0,2,3900,0,0,0,0,0,1
CF,D295G,44.322047,42.871122,1,MNW,295.2,9.3,115.0,1.0,2,3900,0,0,0,0,0,0
CF,FN115,44.300544,42.919194,0,MNW,295.3,6.9,115.0,2.4,2,3700,0,0,0,0,0,0

APPTR,N12-B,12,MD2
IF,MD,44.260306,43.008944, ,0.0,0.0,2,7000,0,0,0,0,1,0
FC,MD,44.260306,43.008944,0,MNW,0.0,0.0,307.0,7.0,2,3700,0,0,0,0,0,1
CF,D295G,44.322047,42.871122,1,MNW,295.2,9.3,115.0,1.0,2,3700,0,0,0,0,0,0
CF,FN115,44.300544,42.919194,0,MNW,295.3,6.9,115.0,2.4,2,3700,0,0,0,0,0,0

FINAL,N12-B,12,N,2
IF,FN115,44.300544,42.919194,MD,0.0,0.0,2,3700,0,0,0,0,2,0
CF,MD,44.260306,43.008944,0,MD,0.0,0.0,115.0,4.6,1,2330,0,0,0,0,3,0
CA,0,100.0,2,3600,0,0,0,0,0,0
DF,MD,44.260306,43.008944,1, ,0.0,0.0,2,5400,0,0,0,0,0,0

FINAL,N30-A,30,N,2
IF,FF115,44.328214,42.857317,MD,0.0,0.0,2,4700,0,0,0,0,2,0
CF,MD,44.260306,43.008944,0,MD,0.0,0.0,115.0,7.7,1,2330,0,0,0,0,3,0
CA,0,100.0,2,3600,0,0,0,0,0,0
DF,MD,44.260306,43.008944,1, ,0.0,0.0,2,5300,0,0,0,0,0,0

APPTR,N30-B,30,MD1
IF,MD,44.260306,43.008944, ,0.0,0.0,2,7000,0,0,0,0,1,0
FC,MD,44.260306,43.008944,0,MNW,0.0,0.0,327.0,7.0,2,3900,0,0,0,0,0,1
CF,D295G,44.322047,42.871122,1,MNW,295.2,9.3,115.0,1.0,2,3900,0,0,0,0,0,0
CF,FN115,44.300544,42.919194,0,MNW,295.3,6.9,115.0,2.4,2,3700,0,0,0,0,0,0

APPTR,N30-B,30,MD2
IF,MD,44.260306,43.008944, ,0.0,0.0,2,7000,0,0,0,0,1,0
FC,MD,44.260306,43.008944,0,MNW,0.0,0.0,307.0,7.0,2,3700,0,0,0,0,0,1
CF,D295G,44.322047,42.871122,1,MNW,295.2,9.3,115.0,1.0,2,3700,0,0,0,0,0,0
CF,FN115,44.300544,42.919194,0,MNW,295.3,6.9,115.0,2.4,2,3700,0,0,0,0,0,0

FINAL,N30-B,30,N,2
IF,FN115,44.300544,42.919194,MD,0.0,0.0,2,3700,0,0,0,0,2,0
CF,MD,44.260306,43.008944,0,MD,0.0,0.0,115.0,4.6,1,2330,0,0,0,0,3,0
CA,0,100.0,2,3600,0,0,0,0,0,0
DF,MD,44.260306,43.008944,1, ,0.0,0.0,2,5400,0,0,0,0,0,0

APPTR,Q12-C,12,MD1
IF,MD,44.260306,43.008944, ,0.0,0.0,2,7000,0,0,0,0,1,0
FC,MD,44.260306,43.008944,0,MNW,0.0,0.0,90.0,17.5,2,4200,0,0,0,0,0,1
CF,FF283,44.198164,43.245322,2,MNW,99.7,8.6,283.0,7.0,1,3000,0,0,0,0,0,0

APPTR,Q12-C,12,MD2
IF,MD,44.260306,43.008944, ,0.0,0.0,2,7000,0,0,0,0,1,0
FC,MD,44.260306,43.008944,0,MNW,0.0,0.0,98.0,17.5,2,4200,0,0,0,0,0,1
CF,FF283,44.198164,43.245322,2,MNW,99.7,8.6,283.0,7.0,1,3000,0,0,0,0,0,0

FINAL,Q12-C,12,N,2
IF,FF283,44.198164,43.245322,MD,0.0,0.0,1,3000,0,0,0,0,2,0
CF,MD,44.260306,43.008944,0,MNW,0.0,2.3,283.0,10.9,1,2330,0,0,0,0,3,0
CA,0,283.0,2,3600,0,0,0,0,0,0
DF,MD,44.260306,43.008944,2, ,0.0,0.0,2,5400,0,0,0,0,0,0

APPTR,Q12-Y,12,MD1
IF,MD,44.260306,43.008944, ,0.0,0.0,2,7000,0,0,0,0,1,0
FC,MD,44.260306,43.008944,0,MNW,0.0,0.0,327.0,7.0,2,3900,0,0,0,0,0,1
CF,D295G,44.322047,42.871122,1,MNW,295.2,9.3,115.0,1.0,2,3900,0,0,0,0,0,0
CF,FF12,44.289614,42.943981,0,MNW,295.5,5.6,115.0,3.7,1,3000,0,0,0,0,0,0

APPTR,Q12-Y,12,MD2
IF,MD,44.260306,43.008944, ,0.0,0.0,2,7000,0,0,0,0,1,0
FC,MD,44.260306,43.008944,0,MNW,0.0,0.0,307.0,7.0,2,3700,0,0,0,0,0,1
CF,D295G,44.322047,42.871122,1,MNW,295.2,9.3,115.0,1.0,2,3700,0,0,0,0,0,0
CF,FF12,44.289614,42.943981,0,MNW,295.5,5.6,115.0,3.7,1,3000,0,0,0,0,0,0

FINAL,Q12-Y,12,N,2
IF,FF12,44.289614,42.943981,MD,0.0,0.0,1,3000,0,0,0,0,2,0
CF,MD,44.260306,43.008944,0,MNW,0.0,2.3,115.0,3.3,1,1956,0,0,0,0,3,0
CA,0,100.0,2,3500,0,0,0,0,0,0
DF,MD,44.260306,43.008944,1, ,0.0,0.0,2,5400,0,0,0,0,0,0

FINAL,Q12-Z,12,N,2
IF,FF12,44.289614,42.943981,MD,0.0,0.0,1,3000,0,0,0,0,2,0
CF,MD,44.260306,43.008944,0,MNW,0.0,2.3,115.0,3.3,1,1956,0,0,0,0,3,0
CA,0,100.0,2,3500,0,0,0,0,0,0
DF,MD,44.260306,43.008944,1, ,0.0,0.0,2,5300,0,0,0,0,0,0

APPTR,Q30-C,30,MD1
IF,MD,44.260306,43.008944, ,0.0,0.0,2,7000,0,0,0,0,1,0
FC,MD,44.260306,43.008944,0,MNW,0.0,0.0,90.0,17.5,2,4200,0,0,0,0,0,1
CF,FF283,44.198164,43.245322,2,MNW,99.7,8.6,283.0,7.0,1,3000,0,0,0,0,0,0

APPTR,Q30-C,30,MD2
IF,MD,44.260306,43.008944, ,0.0,0.0,2,7000,0,0,0,0,1,0
FC,MD,44.260306,43.008944,0,MNW,0.0,0.0,98.0,17.5,2,4200,0,0,0,0,0,1
CF,FF283,44.198164,43.245322,2,MNW,99.7,8.6,283.0,7.0,1,3000,0,0,0,0,0,0

FINAL,Q30-C,30,N,2
IF,FF283,44.198164,43.245322,MD,0.0,0.0,1,3000,0,0,0,0,2,0
CF,MD,44.260306,43.008944,0,MNW,0.0,2.3,283.0,10.9,1,2330,0,0,0,0,3,0
CA,0,283.0,2,3600,0,0,0,0,0,0
DF,MD,44.260306,43.008944,2, ,0.0,0.0,2,5400,0,0,0,0,0,0

APPTR,R12,12,MM001
IF,MM001,44.243722,42.765667, ,0.0,0.0,2,6500,0,0,0,0,1,0
TF,MM004,44.334333,42.844500,0, ,0.0,0.0,0.0,0.0,2,4000,0,0,0,0,1,0

APPTR,R12,12,MM002
IF,MM002,44.423000,42.763472, ,0.0,0.0,2,5000,0,0,0,0,1,0
TF,MM004,44.334333,42.844500,0, ,0.0,0.0,0.0,0.0,2,4000,0,0,0,0,1,0

APPTR,R12,12,MM003
IF,MM003,44.424167,42.922944, ,0.0,0.0,2,5000,0,0,0,0,1,0
TF,MM004,44.334333,42.844500,0, ,0.0,0.0,0.0,0.0,2,4000,0,0,0,0,1,0

FINAL,R12,12,R,3
IF,MM004,44.334333,42.844500, ,0.0,0.0,2,4000,0,0,0,0,0,0
TF,MM005,44.289361,42.944500,0, ,0.0,0.0,115.0,5.1,1,3000,0,0,0,0,2,0
TF,RW12,44.236153,43.062369,0, ,0.0,0.0,115.0,6.0,1,1087,0,0,0,0,3,1
TF,MM006,44.182528,43.181056,0, ,0.0,0.0,0.0,0.0,0,0,0,0,0,0,0,1
DF,MM007,44.368222,43.047167,1, ,0.0,0.0,0,0,0,0,0,0,0,0
TF,MM003,44.424167,42.922944,0, ,0.0,0.0,0.0,0.0,2,5000,0,0,0,0,0,0

APPTR,R30,30,MM011
IF,MM011,44.202194,43.400139, ,0.0,0.0,2,4500,0,0,0,0,1,0
TF,MM010,44.116833,43.324917,0, ,0.0,0.0,0.0,0.0,2,4000,0,0,0,0,1,0

APPTR,R30,30,MM013
IF,MM013,44.030667,43.249250, ,0.0,0.0,2,6500,0,0,0,0,1,0
TF,MM010,44.116833,43.324917,0, ,0.0,0.0,0.0,0.0,2,4000,0,0,0,0,1,0

FINAL,R30,30,R,4
IF,MM010,44.116833,43.324917, ,0.0,0.0,2,4000,0,0,0,0,1,0
TF,MM009,44.164417,43.220528,0, ,0.0,0.0,295.0,5.3,1,3000,0,0,0,0,2,0
TF,31THR,44.189636,43.165019,0, ,0.0,0.0,295.0,2.8,1,2100,0,0,0,0,0,0
TF,RW30,44.217458,43.103669,0, ,0.0,0.0,295.0,3.1,1,1094,0,0,0,0,3,1
TF,MM012,44.260389,43.009028,0, ,0.0,0.0,0.0,0.0,0,0,0,0,0,0,0,1
DF,MM014,44.249639,43.296083,2, ,0.0,0.0,0,0,0,0,0,0,0,0
TF,MM011,44.202194,43.400139,0, ,0.0,0.0,0.0,0.0,2,4500,0,0,0,0,0,0

FINAL,S12-Y,12,D,2
IF,FS12Y,44.352311,42.801572,MNW,295.0,12.8,2,5300,0,0,0,0,2,0
CF,MNW,44.239611,43.053556,0,MNW,0.0,0.0,115.0,12.8,1,1226,0,0,0,0,3,0
CA,0,115.0,2,4200,0,0,0,0,0,0
DF,MNW,44.239611,43.053556,1, ,0.0,0.0,2,5300,0,0,0,0,0,0

APPTR,S30-Y,30,MNW1
IF,MNW,44.239611,43.053556, ,0.0,0.0,2,7000,0,0,0,0,1,0
FC,MNW,44.239611,43.053556,0,MNW,0.0,0.0,101.0,15.8,2,4700,0,0,0,0,0,1
CF,D115P,44.099636,43.363469,2,MNW,115.0,15.8,295.0,1.0,2,4700,0,0,0,0,0,0
CF,FS30Y,44.117047,43.325100,0,MNW,115.0,13.8,295.0,2.0,2,4700,0,0,0,0,0,0

APPTR,S30-Y,30,MNW2
IF,MNW,44.239611,43.053556, ,0.0,0.0,2,7000,0,0,0,0,1,0
FC,MNW,44.239611,43.053556,0,MNW,0.0,0.0,110.0,15.8,2,5200,0,0,0,0,0,1
CF,D115P,44.099636,43.363469,2,MNW,115.0,15.8,295.0,1.0,2,5200,0,0,0,0,0,0
CF,FS30Y,44.117047,43.325100,0,MNW,115.0,13.8,295.0,2.0,2,4700,0,0,0,0,0,0

FINAL,S30-Y,30,D,2
IF,FS30Y,44.117047,43.325100,MNW,115.0,13.8,2,4700,0,0,0,0,2,0
CF,RW30,44.217458,43.103669,0,MNW,114.6,2.5,295.0,11.3,1,1101,0,0,0,0,3,0
CF,MNW,44.239611,43.053556,0,MNW,0.0,0.0,295.0,2.5,0,0,0,0,0,0,0,1
CA,0,295.0,2,4200,0,0,0,0,0,0
DF,MNW,44.239611,43.053556,2, ,0.0,0.0,2,6600,0,0,0,0,0,0

