SID,AMLU5E,09,2
CA,0,88.0,2,3000,0,0,0,0,0,0
DF,SC,43.328333,44.945528,2, ,0.0,0.0,0,0,0,1,245,0,0,1
TF,AMLUG,43.476111,45.215278,0, ,0.0,0.0,0.0,0.0,2,9000,0,0,0,0,0,0

SID,AMLU5F,27,2
CF,D268E,43.332953,44.889592,0,WLK,47.2,13.6,268.0,5.0,0,0,0,1,245,0,0,1
CI,2, ,0.0,95.0,0,0,0,0,0,0,0,0
CF,AMLUG,43.476111,45.215278,0,WLK,49.6,30.2,45.0,11.0,2,9000,0,0,0,0,0,0

SID,AMLU5G,09,2
CA,0,88.0,2,3000,0,0,0,0,0,0
DF,S,43.325972,44.979417,2, ,0.0,0.0,0,0,0,1,245,0,0,1
TF,AMLUG,43.476111,45.215278,0, ,0.0,0.0,0.0,0.0,2,9000,0,0,0,0,0,0

SID,AMLU5H,27,2
CF,D268E,43.332953,44.889592,0,WLK,47.2,13.6,268.0,5.0,0,0,0,1,245,0,0,1
CI,2, ,0.0,104.0,0,0,0,0,0,0,0,0
CF,AMLUG,43.476111,45.215278,0,WLK,49.6,30.2,41.0,11.0,2,9000,0,0,0,0,0,0

SID,AMLU5J,09,5
CA,0,88.0,2,1610,0,0,0,0,0,0
DF,MS012,43.309750,45.193000,0, ,0.0,0.0,0,0,0,1,215,0,0,1
DF,AMLUG,43.476111,45.215278,1, ,0.0,0.0,2,9000,0,0,0,0,0,0

SID,AMLU5K,27,5
CA,0,268.0,2,1610,0,0,0,0,0,0
DF,MS015,43.336361,44.839944,0, ,0.0,0.0,0,0,0,1,190,0,0,1
DF,MS011,43.429556,44.864139,2, ,0.0,0.0,0,0,0,0,0,0,0,0
TF,AMLUG,43.476111,45.215278,0, ,0.0,0.0,0.0,0.0,2,9000,0,0,0,0,0,0

SID,ATMA5E,09,2
CA,0,88.0,2,3000,0,0,0,0,0,0
DF,SC,43.328333,44.945528,2, ,0.0,0.0,0,0,0,1,245,0,0,1
TF,ATMAG,43.434167,44.784722,0, ,0.0,0.0,0.0,0.0,2,8000,0,0,0,0,0,0

SID,ATMA5F,27,2
CF,D268E,43.332953,44.889592,0,WLK,47.2,13.6,268.0,5.0,0,0,0,1,245,0,0,1
CI,0, ,0.0,334.0,0,0,0,0,0,0,0,0
CF,ATMAG,43.434167,44.784722,0,MNW,115.1,89.4,304.0,5.0,2,8000,0,0,0,0,0,0

SID,ATMA5G,09,2
CA,0,88.0,2,3000,0,0,0,0,0,0
DF,S,43.325972,44.979417,2, ,0.0,0.0,0,0,0,1,245,0,0,1
TF,ATMAG,43.434167,44.784722,0, ,0.0,0.0,0.0,0.0,2,8000,0,0,0,0,0,0

SID,ATMA5H,27,2
CF,D268E,43.332953,44.889592,0,WLK,47.2,13.6,268.0,5.0,0,0,0,1,245,0,0,1
CI,0, ,0.0,344.0,0,0,0,0,0,0,0,0
CF,ATMAG,43.434167,44.784722,0,MNW,115.1,89.4,299.0,5.0,2,8000,0,0,0,0,0,0

SID,ATMA5J,09,5
CA,0,88.0,2,1610,0,0,0,0,0,0
DF,MS012,43.309750,45.193000,0, ,0.0,0.0,0,0,0,1,215,0,0,1
DF,MS013,43.395972,45.057611,1, ,0.0,0.0,0,0,0,0,0,0,0,0
TF,ATMAG,43.434167,44.784722,0, ,0.0,0.0,0.0,0.0,2,8000,0,0,0,0,0,0

SID,ATMA5K,27,5
CA,0,268.0,2,1610,0,0,0,0,0,0
DF,MS015,43.336361,44.839944,0, ,0.0,0.0,0,0,0,1,215,0,0,1
DF,ATMAG,43.434167,44.784722,2, ,0.0,0.0,2,8000,0,0,0,0,0,0

SID,WLK5E,09,2
CA,0,88.0,2,3000,0,0,0,0,0,0
DF,SC,43.328333,44.945528,2, ,0.0,0.0,0,0,0,1,245,0,0,1
TF,WLK,43.200417,44.637361,0, ,0.0,0.0,0.0,0.0,2,8000,0,0,0,0,0,0

SID,WLK5F,27,2
CF,D268E,43.332953,44.889592,0,WLK,47.2,13.6,268.0,5.0,0,0,0,1,245,0,0,1
CI,0, ,0.0,206.0,0,0,0,0,0,0,0,0
CF,WLK,43.200417,44.637361,0,MNW,124.6,92.9,233.0,11.0,2,8000,0,0,0,0,0,0

SID,WLK5G,09,2
CA,0,88.0,2,3000,0,0,0,0,0,0
DF,S,43.325972,44.979417,2, ,0.0,0.0,0,0,0,1,245,0,0,1
TF,WLK,43.200417,44.637361,0, ,0.0,0.0,0.0,0.0,2,8000,0,0,0,0,0,0

SID,WLK5H,27,2
CF,D268E,43.332953,44.889592,0,WLK,47.2,13.6,268.0,5.0,0,0,0,1,245,0,0,1
CI,0, ,0.0,208.0,0,0,0,0,0,0,0,0
CF,WLK,43.200417,44.637361,0,MNW,124.6,92.9,235.0,10.0,2,8000,0,0,0,0,0,0

SID,WLK5J,09,5
CA,0,88.0,2,1610,0,0,0,0,0,0
DF,MS012,43.309750,45.193000,0, ,0.0,0.0,0,0,0,1,215,0,0,1
DF,MS014,43.255750,44.952667,2, ,0.0,0.0,0,0,0,0,0,0,0,0
TF,WLK,43.200417,44.637361,0, ,0.0,0.0,0.0,0.0,2,8000,0,0,0,0,0,0

SID,WLK5K,27,5
CA,0,268.0,2,1610,0,0,0,0,0,0
DF,MS015,43.336361,44.839944,0, ,0.0,0.0,0,0,0,0,0,0,0,1
DF,WLK,43.200417,44.637361,1, ,0.0,0.0,2,8000,0,0,0,0,0,0

STAR,AMLU5A,09,2
IF,AMLUG,43.476111,45.215278, ,0.0,0.0,2,8000,0,0,0,0,0,0
TF,SC,43.328333,44.945528,0, ,0.0,0.0,0.0,0.0,2,6000,0,0,0,0,0,0

STAR,AMLU5B,ALL,2
IF,AMLUG,43.476111,45.215278, ,0.0,0.0,2,8000,0,0,0,0,0,0
TF,S,43.325972,44.979417,0, ,0.0,0.0,0.0,0.0,2,6000,0,0,0,0,0,0

STAR,AMLU5C,09,5
IF,AMLUG,43.476111,45.215278, ,0.0,0.0,2,8000,0,0,0,0,0,0
TF,MS018,43.190778,44.799778,0, ,0.0,0.0,0.0,0.0,0,0,0,0,0,0,0,0
TF,MS005,43.259972,44.655694,0, ,0.0,0.0,0.0,0.0,2,6000,0,0,0,0,0,0
TF,MS002,43.344306,44.731472,0, ,0.0,0.0,0.0,0.0,2,4400,0,0,0,0,0,0

STAR,AMLU5D,27,5
IF,AMLUG,43.476111,45.215278, ,0.0,0.0,2,10000,0,0,0,0,0,0
TF,MS006,43.404972,45.277000,0, ,0.0,0.0,0.0,0.0,2,5000,0,0,0,0,0,0

STAR,AMLU5X,27,5
IF,AMLUG,43.476111,45.215278, ,0.0,0.0,2,10000,0,0,0,0,0,0
TF,MS016,43.204361,45.248278,0, ,0.0,0.0,0.0,0.0,2,6000,0,0,0,0,0,0

STAR,ATMA5A,09,2
IF,ATMAG,43.434167,44.784722, ,0.0,0.0,2,9000,0,0,0,0,0,0
TF,SC,43.328333,44.945528,0, ,0.0,0.0,0.0,0.0,2,6000,0,0,0,0,0,0

STAR,ATMA5B,ALL,2
IF,ATMAG,43.434167,44.784722, ,0.0,0.0,2,9000,0,0,0,0,0,0
TF,S,43.325972,44.979417,0, ,0.0,0.0,0.0,0.0,2,6000,0,0,0,0,0,0

STAR,ATMA5D,27,5
IF,ATMAG,43.434167,44.784722, ,0.0,0.0,2,9000,0,0,0,0,0,0
TF,MS006,43.404972,45.277000,0, ,0.0,0.0,0.0,0.0,2,5000,0,0,0,0,0,0

STAR,RATK5C,09,5
IF,RATKI,43.666667,44.300000, ,0.0,0.0,2,9000,0,0,0,0,0,0
TF,MS001,43.444750,44.719083,0, ,0.0,0.0,0.0,0.0,2,6000,0,0,0,0,0,0

STAR,WLK5A,09,2
IF,WLK,43.200417,44.637361, ,0.0,0.0,2,9000,0,0,0,0,0,0
TF,SC,43.328333,44.945528,0, ,0.0,0.0,0.0,0.0,2,6000,0,0,0,0,0,0

STAR,WLK5B,ALL,2
IF,WLK,43.200417,44.637361, ,0.0,0.0,2,9000,0,0,0,0,0,0
TF,S,43.325972,44.979417,0, ,0.0,0.0,0.0,0.0,2,6000,0,0,0,0,0,0

STAR,WLK5C,09,5
IF,WLK,43.200417,44.637361, ,0.0,0.0,2,9000,0,0,0,0,0,0
TF,MS005,43.259972,44.655694,0, ,0.0,0.0,0.0,0.0,2,6000,0,0,0,0,0,0
TF,MS002,43.344306,44.731472,0, ,0.0,0.0,0.0,0.0,2,4400,0,0,0,0,0,0

STAR,WLK5D,27,5
IF,WLK,43.200417,44.637361, ,0.0,0.0,2,9000,0,0,0,0,0,0
TF,MS016,43.204361,45.248278,0, ,0.0,0.0,0.0,0.0,2,6000,0,0,0,0,0,0

APPTR,I09-Y,09,SC1
IF,SC,43.328333,44.945528, ,0.0,0.0,2,6000,0,0,0,0,1,0
FC,SC,43.328333,44.945528,0,MNW,0.0,0.0,250.0,10.3,2,4900,0,1,205,0,0,1
CF,CF09,43.346592,44.700756,2,ISC,267.9,14.7,88.0,1.0,2,4900,0,0,0,0,0,0

APPTR,I09-Y,09,SC2
IF,SC,43.328333,44.945528, ,0.0,0.0,2,6000,0,0,0,0,1,0
FC,SC,43.328333,44.945528,0,MNW,0.0,0.0,259.0,10.3,2,4900,0,1,205,0,0,1
CF,CF09,43.346592,44.700756,2,ISC,267.9,14.7,88.0,1.0,2,4900,0,0,0,0,0,0

APPTR,I09-Y,09,SC3
IF,SC,43.328333,44.945528, ,0.0,0.0,2,6000,0,0,0,0,1,0
FC,SC,43.328333,44.945528,0,MNW,0.0,0.0,261.0,10.3,2,4900,0,1,205,0,0,1
CF,CF09,43.346592,44.700756,2,ISC,267.9,14.7,88.0,1.0,2,4900,0,0,0,0,0,0

FINAL,I09-Y,09,I,3
IF,CF09,43.346592,44.700756,ISC,267.9,14.7,2,4900,0,0,0,0,0,0
CF,FF09,43.335753,44.848467,0,ISC,267.9,8.2,88.0,6.5,1,3300,0,0,0,0,2,0
CF,RW09,43.324903,44.993775,0,ISC,267.9,1.8,88.0,6.4,1,1265,0,0,0,0,3,0
CA,0,88.0,2,3700,0,0,0,0,0,0
DF,SC,43.328333,44.945528,2, ,0.0,0.0,2,4900,0,0,0,0,0,0

APPTR,I09-Z,09,MS001
IF,MS001,43.444750,44.719083, ,0.0,0.0,2,6000,0,0,0,0,1,0
TF,MS002,43.344306,44.731472,0,ISC,0.0,0.0,0.0,0.0,2,4400,0,0,0,0,1,0

FINAL,I09-Z,09,I,3
IF,MS002,43.344306,44.731472,ISC,267.9,13.3,2,4400,0,0,0,0,1,0
CF,FF09,43.335753,44.848467,0,ISC,267.9,8.2,88.0,5.2,1,3300,0,0,0,0,2,0
CF,RW09,43.324903,44.993775,0,ISC,267.9,1.8,88.0,6.4,1,1265,0,0,0,0,3,0
CA,0,88.0,2,1610,0,0,0,0,0,0
DF,MS004,43.316472,45.107333,0, ,0.0,0.0,0,0,0,1,215,0,0,1
DF,MS018,43.190778,44.799778,2, ,0.0,0.0,0,0,0,0,0,0,0,0
TF,MS005,43.259972,44.655694,0, ,0.0,0.0,0.0,0.0,0,0,0,0,0,0,0,0
TF,MS002,43.344306,44.731472,0, ,0.0,0.0,0.0,0.0,2,4400,0,0,0,0,0,0

APPTR,J09,09,MS001
IF,MS001,43.444750,44.719083, ,0.0,0.0,2,6000,0,0,0,0,1,0
TF,MS002,43.344306,44.731472,0,G09A,0.0,0.0,0.0,0.0,2,4400,0,0,0,0,1,0

FINAL,J09,09,G,3
IF,MS002,43.344306,44.731472,G09A,0.0,0.0,2,4400,0,0,0,0,1,0
TF,MS003,43.335750,44.847944,0,G09A,0.0,0.0,88.0,5.1,1,3300,0,0,0,0,2,0
TF,RW09,43.324903,44.993775,0,G09A,0.0,0.0,88.0,6.4,1,1262,0,0,0,0,3,1
CA,0,88.0,2,1610,0,1,215,0,0,0
DF,MS004,43.316472,45.107333,0, ,0.0,0.0,0,0,0,0,0,0,0,1
DF,MS018,43.190778,44.799778,2, ,0.0,0.0,0,0,0,0,0,0,0,0
TF,MS005,43.259972,44.655694,0, ,0.0,0.0,0.0,0.0,0,0,0,0,0,0,0,0
TF,MS002,43.344306,44.731472,0, ,0.0,0.0,0.0,0.0,2,4400,0,0,0,0,0,0

APPTR,J27,27,MS006
IF,MS006,43.404972,45.277000, ,0.0,0.0,2,5000,0,0,0,0,1,0
TF,MS007,43.304667,45.262611,0,G27A,0.0,0.0,0.0,0.0,2,3800,0,0,0,0,1,0

APPTR,J27,27,MS016
IF,MS016,43.204361,45.248278, ,0.0,0.0,2,6000,0,0,0,0,1,0
TF,MS007,43.304667,45.262611,0,G27A,0.0,0.0,0.0,0.0,2,3800,0,0,0,0,1,0

FINAL,J27,27,G,3
IF,MS007,43.304667,45.262611,G27A,0.0,0.0,2,3800,0,0,0,0,0,0
TF,MS008,43.313500,45.146444,0,G27A,0.0,0.0,268.0,5.1,1,2800,0,0,0,0,2,0
TF,RW27,43.322133,45.030564,0,G27A,0.0,0.0,268.0,5.1,1,1176,0,0,0,0,3,1
CA,0,268.0,2,1610,0,0,0,0,0,0
DF,MS010,43.330611,44.917000,0, ,0.0,0.0,0,0,0,0,0,0,0,1
DF,MS017,43.213667,45.125833,1, ,0.0,0.0,0,0,0,0,0,0,0,0
TF,MS016,43.204361,45.248278,0, ,0.0,0.0,0.0,0.0,2,6000,0,0,0,0,0,0

APPTR,N09-Y,09,SC1
IF,SC,43.328333,44.945528, ,0.0,0.0,2,6000,0,0,0,0,1,0
FC,SC,43.328333,44.945528,0,MNW,0.0,0.0,250.0,10.3,2,4900,0,1,205,0,0,1
CF,CF09,43.346592,44.700756,2,MNW,119.2,89.4,88.0,1.0,2,4900,0,0,0,0,0,0

APPTR,N09-Y,09,SC2
IF,SC,43.328333,44.945528, ,0.0,0.0,2,6000,0,0,0,0,1,0
FC,SC,43.328333,44.945528,0,MNW,0.0,0.0,259.0,10.3,2,4900,0,1,205,0,0,1
CF,CF09,43.346592,44.700756,2,MNW,119.2,89.4,88.0,1.0,2,4900,0,0,0,0,0,0

APPTR,N09-Y,09,SC3
IF,SC,43.328333,44.945528, ,0.0,0.0,2,6000,0,0,0,0,1,0
FC,SC,43.328333,44.945528,0,MNW,0.0,0.0,261.0,10.3,2,4900,0,1,205,0,0,1
CF,CF09,43.346592,44.700756,2,MNW,119.2,89.4,88.0,1.0,2,4900,0,0,0,0,0,0

FINAL,N09-Y,09,N,3
IF,CF09,43.346592,44.700756,SC,0.0,0.0,2,4900,0,0,0,0,0,0
CF,FF09,43.335753,44.848467,0,SC,0.0,0.0,88.0,6.5,1,3300,0,0,0,0,2,0
CF,S,43.325972,44.979417,0,SC,0.0,0.0,88.0,5.8,1,1467,0,0,0,0,3,0
CA,0,88.0,2,4000,0,1,205,0,0,0
DF,SC,43.328333,44.945528,2, ,0.0,0.0,2,4900,0,0,0,0,0,0

APPTR,N09-Z,09,S1
IF,S,43.325972,44.979417, ,0.0,0.0,2,6000,0,0,0,0,1,0
FC,S,43.325972,44.979417,0,MNW,0.0,0.0,254.0,11.4,2,4900,0,1,195,0,0,1
CF,CF09,43.346592,44.700756,2,MNW,119.2,89.4,88.0,1.0,2,4900,0,0,0,0,0,0

APPTR,N09-Z,09,S2
IF,S,43.325972,44.979417, ,0.0,0.0,2,6000,0,0,0,0,1,0
FC,S,43.325972,44.979417,0,MNW,0.0,0.0,260.0,11.4,2,4900,0,1,195,0,0,1
CF,CF09,43.346592,44.700756,2,MNW,119.2,89.4,88.0,1.0,2,4900,0,0,0,0,0,0

APPTR,N09-Z,09,S3
IF,S,43.325972,44.979417, ,0.0,0.0,2,6000,0,0,0,0,1,0
FC,S,43.325972,44.979417,0,MNW,0.0,0.0,262.0,11.4,2,4900,0,1,195,0,0,1
CF,CF09,43.346592,44.700756,2,MNW,119.2,89.4,88.0,1.0,2,4900,0,0,0,0,0,0

FINAL,N09-Z,09,N,3
IF,CF09,43.346592,44.700756,S,0.0,0.0,2,4900,0,0,0,0,0,0
CF,FF09,43.335753,44.848467,0,S,0.0,0.0,88.0,6.5,1,3300,0,0,0,0,2,0
CF,S,43.325972,44.979417,0,S,0.0,0.0,88.0,5.8,1,1467,0,0,0,0,3,0
CA,0,88.0,2,4000,0,1,195,0,0,0
DF,S,43.325972,44.979417,2, ,0.0,0.0,2,4900,0,0,0,0,0,0

FINAL,N27,27,N,2
IF,FN27,43.312861,45.148600,S,0.0,0.0,1,2800,0,0,0,0,2,0
CF,RW27,43.322133,45.030564,0,S,0.0,0.0,268.0,5.2,1,1176,0,0,0,0,3,0
CF,S,43.325972,44.979417,0,MNW,115.6,100.1,268.0,2.3,0,0,0,0,0,0,0,1
CA,0,268.0,2,3600,0,1,205,0,0,0
DF,S,43.325972,44.979417,2, ,0.0,0.0,2,4900,0,0,0,0,0,0

APPTR,R09,09,MS001
IF,MS001,43.444750,44.719083, ,0.0,0.0,2,6000,0,0,0,0,1,0
TF,MS002,43.344306,44.731472,0, ,0.0,0.0,0.0,0.0,2,4400,0,0,0,0,1,0

FINAL,R09,09,R,3
IF,MS002,43.344306,44.731472, ,0.0,0.0,2,4400,0,0,0,0,1,0
TF,MS003,43.335750,44.847944,0, ,0.0,0.0,88.0,5.1,1,3300,0,0,0,0,2,0
TF,RW09,43.324903,44.993775,0, ,0.0,0.0,88.0,6.4,1,1256,0,0,0,0,3,1
CA,0,88.0,2,1610,0,1,215,0,0,0
DF,MS004,43.316472,45.107333,0, ,0.0,0.0,0,0,0,0,0,0,0,1
DF,MS018,43.190778,44.799778,2, ,0.0,0.0,0,0,0,0,0,0,0,0
TF,MS005,43.259972,44.655694,0, ,0.0,0.0,0.0,0.0,0,0,0,0,0,0,0,0
TF,MS002,43.344306,44.731472,0, ,0.0,0.0,0.0,0.0,2,4400,0,0,0,0,0,0

APPTR,R27,27,MS006
IF,MS006,43.404972,45.277000, ,0.0,0.0,2,5000,0,0,0,0,1,0
TF,MS007,43.304667,45.262611,0, ,0.0,0.0,0.0,0.0,2,3800,0,0,0,0,1,0

APPTR,R27,27,MS016
IF,MS016,43.204361,45.248278, ,0.0,0.0,2,6000,0,0,0,0,1,0
TF,MS007,43.304667,45.262611,0, ,0.0,0.0,0.0,0.0,2,3800,0,0,0,0,1,0

FINAL,R27,27,R,3
IF,MS007,43.304667,45.262611, ,0.0,0.0,2,3800,0,0,0,0,0,0
TF,MS008,43.313500,45.146444,0, ,0.0,0.0,268.0,5.1,1,2800,0,0,0,0,2,0
TF,MS009,43.320333,45.055111,0, ,0.0,0.0,268.0,4.0,1,1521,0,0,0,0,3,1
CA,0,268.0,2,1610,0,0,0,0,0,0
DF,MS010,43.330611,44.917000,0, ,0.0,0.0,0,0,0,0,0,0,0,1
DF,MS017,43.213667,45.125833,1, ,0.0,0.0,0,0,0,0,0,0,0,0
TF,MS016,43.204361,45.248278,0, ,0.0,0.0,0.0,0.0,2,6000,0,0,0,0,0,0

