SID,BASK1A,09,2
CA,0,88.0,2,590,0,0,0,0,0,0
DF,GV,46.288694,47.940361,2, ,0.0,0.0,0,0,0,0,0,0,0,0
TF,BASKO,46.200000,46.848611,0, ,0.0,0.0,0.0,0.0,2,12000,0,0,0,0,0,0

SID,BASK1B,09,2
CA,0,88.0,2,590,0,0,0,0,0,0
VI,2, ,0.0,232.0,0,0,0,0,0,0,0,0
CF,BASKO,46.200000,46.848611,0,AST,256.7,48.6,262.0,49.0,2,12000,0,0,0,0,0,0

SID,BASK3A,27,2
CA,0,268.0,2,590,0,0,0,0,0,0
CF,BASKO,46.200000,46.848611,0,AST,256.7,48.6,256.0,46.0,2,12000,0,0,0,0,0,0

SID,OMIR1A,09,2
CA,0,88.0,2,590,0,0,0,0,0,0
DF,GV,46.288694,47.940361,2, ,0.0,0.0,0,0,0,0,0,0,0,0
TF,OMIRA,46.695000,47.071944,0, ,0.0,0.0,0.0,0.0,2,6000,0,0,0,0,0,0

SID,OMIR3A,27,2
CA,0,268.0,2,590,0,0,0,0,0,0
CF,OMIRA,46.695000,47.071944,0,AST,294.9,46.1,295.0,44.0,2,6000,0,0,0,0,0,0

SID,OMIR3B,27,2
CA,0,268.0,2,590,0,0,0,0,0,0
VI,0, ,0.0,267.0,0,0,0,0,0,0,0,0
CF,OMIRA,46.695000,47.071944,0,AST,294.9,46.1,297.0,43.0,2,6000,0,0,0,0,0,0

SID,UP1A,09,2
CA,0,88.0,2,590,0,0,0,0,0,0
CI,2, ,0.0,268.0,0,0,0,0,0,0,0,0
CF,UP,45.927222,47.060278,0,AST,234.1,45.0,231.0,38.0,2,6000,0,0,0,0,0,0

SID,UP1B,09,2
CA,0,88.0,2,590,0,0,0,0,0,0
VI,2, ,0.0,212.0,0,0,0,0,0,0,0,0
CF,UP,45.927222,47.060278,0,AST,234.1,45.0,242.0,43.0,2,6000,0,0,0,0,0,0

SID,UP3A,27,2
CA,0,268.0,2,590,0,0,0,0,0,0
CF,UP,45.927222,47.060278,0,AST,234.1,45.0,232.0,42.0,2,6000,0,0,0,0,0,0

SID,ZG1A,09,2
CA,0,88.0,2,590,0,0,0,0,0,0
CF,ZG,46.190000,48.600833,0,AST,94.3,25.2,95.0,23.0,2,7000,0,0,0,0,0,0

SID,ZG3A,27,2
CA,0,268.0,2,590,0,0,0,0,0,0
CF,ZG,46.190000,48.600833,1,AST,94.3,25.2,85.0,27.0,2,7000,0,0,0,0,0,0

STAR,OMIR2A,27,2
IF,OMIRA,46.695000,47.071944, ,0.0,0.0,0,0,0,0,0,0,0,0
TF,D294V,46.475000,47.568333,0, ,0.0,0.0,0.0,0.0,4,13000,5000,0,0,0,0,0
TF,G,46.285556,47.978472,0, ,0.0,0.0,0.0,0.0,1,5000,0,0,0,0,0,0

STAR,OMIR2B,27,2
IF,OMIRA,46.695000,47.071944, ,0.0,0.0,0,0,0,0,0,0,0,0
TF,D294V,46.475000,47.568333,0, ,0.0,0.0,0.0,0.0,4,13000,5000,0,0,0,0,0
TF,G,46.285556,47.978472,0, ,0.0,0.0,0.0,0.0,0,0,0,0,0,0,0,0
TF,D143E,46.203333,48.070000,0, ,0.0,0.0,0.0,0.0,1,1900,0,0,0,0,0,1
CF,D120I,46.183333,48.183333,0,AST,120.9,9.3,88.0,4.0,1,1900,0,0,0,0,0,1
CF,D098J,46.233333,48.235000,0,AST,98.9,9.8,358.0,3.0,1,1580,0,0,0,0,0,1
CF,CF27,46.269358,48.172661,0,AST,87.9,6.8,268.0,2.0,1,1250,0,0,0,0,0,0

STAR,OMIR4A,09,2
IF,OMIRA,46.695000,47.071944, ,0.0,0.0,0,0,0,0,0,0,0,0
TF,D294V,46.475000,47.568333,0, ,0.0,0.0,0.0,0.0,4,13000,5000,0,0,0,0,0
TF,GV,46.288694,47.940361,0, ,0.0,0.0,0.0,0.0,1,5000,0,0,0,0,0,0

STAR,OMIR4B,09,2
IF,OMIRA,46.695000,47.071944, ,0.0,0.0,0,0,0,0,0,0,0,0
TF,D294V,46.475000,47.568333,0, ,0.0,0.0,0.0,0.0,4,7000,5000,0,0,0,0,0
TF,D271I,46.306667,47.796667,0, ,0.0,0.0,0.0,0.0,1,1570,0,0,0,0,0,1
CF,CF09,46.295331,47.847156,0,AST,269.7,6.8,88.0,2.0,1,1250,0,0,0,0,0,0

STAR,UP2A,27,2
IF,UP,45.927222,47.060278, ,0.0,0.0,4,20000,5000,0,0,0,0,0
TF,G,46.285556,47.978472,0, ,0.0,0.0,0.0,0.0,1,5000,0,0,0,0,0,0

STAR,UP2B,27,2
IF,UP,45.927222,47.060278, ,0.0,0.0,4,20000,5000,0,0,0,0,0
TF,D116J,46.185000,48.203889,0, ,0.0,0.0,0.0,0.0,1,1900,0,0,0,0,0,1
CF,D098J,46.233333,48.235000,0,AST,98.9,9.8,358.0,2.0,1,1580,0,0,0,0,0,1
CF,CF27,46.269358,48.172661,0,AST,87.9,6.8,268.0,2.0,1,1250,0,0,0,0,0,0

STAR,UP4A,09,2
IF,UP,45.927222,47.060278, ,0.0,0.0,4,20000,5000,0,0,0,0,0
TF,GV,46.288694,47.940361,0, ,0.0,0.0,0.0,0.0,1,5000,0,0,0,0,0,0

STAR,UP4B,09,2
IF,UP,45.927222,47.060278, ,0.0,0.0,4,18000,5000,0,0,0,0,0
TF,D266I,46.293333,47.793333,0, ,0.0,0.0,0.0,0.0,1,1570,0,0,0,0,0,1
CF,CF09,46.295331,47.847156,0,AST,269.7,6.8,88.0,2.0,1,1250,0,0,0,0,0,0

STAR,ZG2A,27,2
IF,ZG,46.190000,48.600833, ,0.0,0.0,4,9000,5000,0,0,0,0,0
TF,D087I,46.265000,48.228333,0, ,0.0,0.0,0.0,0.0,1,1900,0,0,0,0,0,0
TF,CF27,46.269358,48.172661,0, ,0.0,0.0,0.0,0.0,1,1250,0,0,0,0,0,0

STAR,ZG2B,27,2
IF,ZG,46.190000,48.600833, ,0.0,0.0,4,9000,5000,0,0,0,0,0
TF,D087I,46.265000,48.228333,0, ,0.0,0.0,0.0,0.0,1,1580,0,0,0,0,0,0
TF,CF27,46.269358,48.172661,0, ,0.0,0.0,0.0,0.0,1,1250,0,0,0,0,0,0

STAR,ZG4A,09,2
IF,ZG,46.190000,48.600833, ,0.0,0.0,4,17000,5000,0,0,0,0,0
TF,GV,46.288694,47.940361,0, ,0.0,0.0,0.0,0.0,1,5000,0,0,0,0,0,0

STAR,ZG4B,09,2
IF,ZG,46.190000,48.600833, ,0.0,0.0,4,17000,5000,0,0,0,0,0
TF,D239I,46.226667,47.810000,0, ,0.0,0.0,0.0,0.0,1,1900,0,0,0,0,0,1
CF,D258J,46.271667,47.775000,2,AST,258.7,9.8,358.0,2.0,1,1570,0,0,0,0,0,1
CF,CF09,46.295331,47.847156,0,AST,269.7,6.8,88.0,2.0,1,1250,0,0,0,0,0,0

APPTR,Q09-X,09,GV1
IF,GV,46.288694,47.940361, ,0.0,0.0,1,5000,0,0,0,0,1,0
CF,D255G,46.273325,47.761500,0,AST,259.5,10.3,255.0,7.5,2,1900,0,0,0,0,0,1
CF,D268G,46.300761,47.773008,2,AST,268.9,9.9,88.0,1.0,2,1900,0,0,0,0,0,0
CF,FF09,46.291667,47.895000,0,AST,269.6,4.8,88.0,5.1,1,1250,0,0,0,0,0,0

FINAL,Q09-X,09,N,3
IF,FF09,46.291667,47.895000,GV,0.0,0.0,1,1250,0,0,0,0,2,0
CF,GV,46.288694,47.940361,0,GV,0.0,0.0,88.0,1.9,1,650,0,0,0,0,0,0
CF,G,46.285556,47.978472,0,AST,0.0,1.3,88.0,1.6,1,134,0,0,0,0,3,0
CA,0,88.0,2,590,0,0,0,0,0,0
DF,ZG,46.190000,48.600833,0, ,0.0,0.0,1,5000,0,0,0,0,0,0

APPTR,Q09-Y,09,GV1
IF,GV,46.288694,47.940361, ,0.0,0.0,1,5000,0,0,0,0,1,0
CF,D244G,46.252542,47.780464,0,AST,251.8,9.7,244.0,7.0,2,1900,0,0,0,0,0,1
CF,D268G,46.300761,47.773008,2,AST,268.9,9.9,88.0,1.0,2,1900,0,0,0,0,0,0
CF,FF09,46.291667,47.895000,0,AST,269.6,4.8,88.0,5.1,1,1250,0,0,0,0,0,0

FINAL,Q09-Y,09,N,3
IF,FF09,46.291667,47.895000,GV,0.0,0.0,1,1250,0,0,0,0,2,0
CF,GV,46.288694,47.940361,0,GV,0.0,0.0,88.0,1.9,1,650,0,0,0,0,0,0
CF,G,46.285556,47.978472,0,AST,0.0,1.3,88.0,1.6,1,134,0,0,0,0,3,0
CA,0,88.0,2,590,0,0,0,0,0,0
DF,ZG,46.190000,48.600833,0, ,0.0,0.0,1,5000,0,0,0,0,0,0

APPTR,Q09-Z,09,D239I
IF,D239I,46.226667,47.810000, ,0.0,0.0,1,1900,0,0,0,0,0,0
CF,D258J,46.271667,47.775000,2,AST,258.7,9.8,358.0,3.0,1,1570,0,0,0,0,0,1
CF,FF09,46.291667,47.895000,2,AST,269.6,4.8,88.0,3.0,1,1250,0,0,0,0,0,0

FINAL,Q09-Z,09,N,3
IF,FF09,46.291667,47.895000,GV,0.0,0.0,1,1250,0,0,0,0,2,0
CF,GV,46.288694,47.940361,0,GV,0.0,0.0,88.0,1.9,1,650,0,0,0,0,0,0
CF,G,46.285556,47.978472,0,AST,0.0,1.3,88.0,1.6,1,134,0,0,0,0,3,0
CA,0,88.0,2,590,0,0,0,0,0,0
CA,2,268.0,2,1900,0,0,0,0,0,0
VM,0,0,0,268.0,0,0,0,0,0,0,0,0

