SID,BEDO2E,09,5
CA,0,90.0,2,1500,0,0,0,0,0,0
DF,CC508,55.343753,61.257822,1, ,0.0,0.0,2,10000,0,0,0,0,0,0
TF,CC509,55.323353,61.024156,0, ,0.0,0.0,0.0,0.0,2,12000,0,0,0,0,0,0
TF,BEDOT,55.240278,60.123056,0, ,0.0,0.0,0.0,0.0,2,12000,0,0,0,0,0,0

SID,BEDO2F,27,5
CA,0,270.0,2,1500,0,0,0,0,0,0
DF,CC519,55.419594,61.226378,0, ,0.0,0.0,0,0,0,0,0,0,0,0
TF,CC514,55.414364,60.827992,0, ,0.0,0.0,0.0,0.0,1,9000,0,0,0,0,0,0
TF,BEDOT,55.240278,60.123056,0, ,0.0,0.0,0.0,0.0,2,12000,0,0,0,0,0,0

SID,BEDO2G,09,2
CD, ,0,0,0,LBN,0,0.0,90.0,8.6,0,0,0,0,0,0,0,0
DF,LBN,55.306972,61.517639,1, ,0.0,0.0,2,8000,0,1,225,0,0,0
TF,BEDOT,55.240278,60.123056,0, ,0.0,0.0,0.0,0.0,2,10000,0,0,0,0,0,0

SID,BEDO2K,27,2
CA,0,270.0,2,1500,0,0,0,0,0,0
CF,D096U,55.413944,61.002217,0,LBN,276.2,18.8,276.0,17.0,0,0,0,0,0,0,0,1
CI,1, ,0.0,170.0,0,0,0,0,0,0,0,0
CF,BEDOT,55.240278,60.123056,0,LBN,251.8,48.0,253.0,28.0,2,10000,0,0,0,0,0,0

SID,BEDO2M,09,2
CA,0,90.0,2,2000,0,0,0,0,0,0
DF,LB,55.317444,61.420000,1, ,0.0,0.0,2,8000,0,0,0,0,0,0
TF,BEDOT,55.240278,60.123056,0, ,0.0,0.0,0.0,0.0,2,10000,0,0,0,0,0,0

SID,BEDO2N,27,2
CD, ,0,0,0,LBN,0,0.0,270.0,4.3,0,0,0,0,0,0,0,0
CF,D275S,55.407636,60.998181,0,LBN,275.0,18.8,275.0,14.0,0,0,0,0,0,0,0,1
CI,1, ,0.0,175.0,0,0,0,0,0,0,0,0
CF,BEDOT,55.240278,60.123056,0,LBN,251.8,48.0,252.0,27.0,2,10000,0,0,0,0,0,0

SID,GERS2E,09,5
CF,CC501,55.273128,61.742867,0,LBN,90.7,8.0,90.0,7.0,0,0,0,0,0,0,0,0
TF,CC505,55.094311,61.656647,0, ,0.0,0.0,0.0,0.0,2,6000,0,0,0,0,0,0
TF,GERSI,54.735278,60.573611,0, ,0.0,0.0,0.0,0.0,2,10000,0,0,0,0,0,0

SID,GERS2F,27,5
CA,0,270.0,2,1500,0,0,0,0,0,0
DF,CC519,55.419594,61.226378,0, ,0.0,0.0,0,0,0,0,0,0,0,0
TF,CC514,55.414364,60.827992,0, ,0.0,0.0,0.0,0.0,1,9000,0,0,0,0,0,0
TF,CC516,55.065619,60.965344,1, ,0.0,0.0,0.0,0.0,0,0,0,0,0,0,0,0
TF,GERSI,54.735278,60.573611,0, ,0.0,0.0,0.0,0.0,2,12000,0,0,0,0,0,0

SID,GERS2G,09,2
CD, ,0,0,0,LBN,0,0.0,90.0,8.6,0,0,0,0,0,0,0,0
DF,LBN,55.306972,61.517639,1, ,0.0,0.0,2,8000,0,1,225,0,0,0
TF,GERSI,54.735278,60.573611,0, ,0.0,0.0,0.0,0.0,2,10000,0,0,0,0,0,0

SID,GERS2K,27,2
CA,0,270.0,2,2400,0,0,0,0,0,0
DF,KS,55.294250,61.587056,2, ,0.0,0.0,2,8000,0,1,225,0,0,1
VI,2, ,0.0,243.0,0,0,0,0,0,0,0,0
CF,GERSI,54.735278,60.573611,0,LBN,209.9,47.4,213.0,45.0,2,10000,0,0,0,0,0,0

SID,GERS2M,09,2
CA,0,90.0,2,2000,0,0,0,0,0,0
DF,LB,55.317444,61.420000,1, ,0.0,0.0,2,8000,0,0,0,0,0,0
TF,GERSI,54.735278,60.573611,0, ,0.0,0.0,0.0,0.0,2,10000,0,0,0,0,0,0

SID,GERS2N,27,2
CD, ,0,0,0,LBN,0,0.0,270.0,7.0,0,0,0,0,0,0,0,0
DF,LBN,55.306972,61.517639,2, ,0.0,0.0,2,8000,0,1,225,0,0,1
VI,2, ,0.0,240.0,0,0,0,0,0,0,0,0
CF,GERSI,54.735278,60.573611,0,LBN,209.9,47.4,210.0,44.0,2,10000,0,0,0,0,0,0

SID,GERS2Y,27,5
CA,0,270.0,2,1500,0,0,0,0,0,0
DF,CC513,55.459161,61.824703,2, ,0.0,0.0,2,9000,0,0,0,0,0,0
TF,CC518,55.026939,61.939608,2, ,0.0,0.0,0.0,0.0,2,12000,0,0,0,0,0,0
TF,GERSI,54.735278,60.573611,0, ,0.0,0.0,0.0,0.0,2,12000,0,0,0,0,0,0

SID,LERD2E,09,5
CA,0,90.0,2,1500,0,0,0,0,0,0
DF,CC507,55.528592,62.180294,0, ,0.0,0.0,0,0,0,0,0,0,0,0
TF,LERDA,55.728056,62.370833,0, ,0.0,0.0,0.0,0.0,2,8000,0,0,0,0,0,0

SID,LERD2F,27,5
CA,0,270.0,2,1500,0,0,0,0,0,0
DF,CC513,55.459161,61.824703,2, ,0.0,0.0,2,9000,0,0,0,0,0,0
TF,CC512,55.709208,62.148294,0, ,0.0,0.0,0.0,0.0,0,0,0,0,0,0,0,0
TF,LERDA,55.728056,62.370833,0, ,0.0,0.0,0.0,0.0,2,9000,0,0,0,0,0,0

SID,LERD2G,09,2
CD, ,0,0,0,LBN,0,0.0,90.0,4.6,0,0,0,0,0,0,0,0
CI,1, ,0.0,343.0,0,0,0,0,0,0,0,0
CF,LERDA,55.728056,62.370833,0,LBN,34.6,38.6,35.0,31.0,2,8000,0,0,0,0,0,0

SID,LERD2K,27,2
CA,0,270.0,2,1500,0,0,0,0,0,0
DF,KS,55.294250,61.587056,2, ,0.0,0.0,0,0,0,1,225,0,0,1
VI,1, ,0.0,1.0,0,0,0,0,0,0,0,0
CF,LERDA,55.728056,62.370833,0,LBN,34.6,38.6,31.0,32.0,2,8000,0,0,0,0,0,0

SID,LERD2M,09,2
CA,0,90.0,2,1500,0,0,0,0,0,0
CI,1, ,0.0,324.0,0,0,0,0,0,0,0,0
CF,LERDA,55.728056,62.370833,0,LBN,34.6,38.6,38.0,36.0,2,8000,0,0,0,0,0,0

SID,LERD2N,27,2
CD, ,0,0,0,LBN,0,0.0,270.0,4.3,0,0,0,0,0,0,0,0
CI,2, ,0.0,112.0,0,0,0,0,0,0,0,0
CF,LERDA,55.728056,62.370833,0,LBN,34.6,38.6,35.0,37.0,2,8000,0,0,0,0,0,0

SID,LERT2E,09,5
CF,CC501,55.273128,61.742867,0,LBN,90.7,8.0,90.0,7.0,0,0,0,0,0,0,0,0
TF,CC506,54.892225,61.935153,0, ,0.0,0.0,0.0,0.0,4,11000,7000,0,0,0,0,0
TF,LERTU,54.665000,62.118889,0, ,0.0,0.0,0.0,0.0,2,8000,0,0,0,0,0,0

SID,LERT2F,27,5
CA,0,270.0,2,1500,0,0,0,0,0,0
DF,CC513,55.459161,61.824703,2, ,0.0,0.0,2,9000,0,0,0,0,0,0
TF,CC518,55.026939,61.939608,2, ,0.0,0.0,0.0,0.0,2,12000,0,0,0,0,0,0
TF,CC517,54.850106,61.984275,0, ,0.0,0.0,0.0,0.0,0,0,0,0,0,0,0,0
TF,LERTU,54.665000,62.118889,0, ,0.0,0.0,0.0,0.0,2,12000,0,0,0,0,0,0

SID,LERT2G,09,2
CD, ,0,0,0,LBN,0,0.0,90.0,4.6,0,0,0,0,0,0,0,0
CI,2, ,0.0,181.0,0,0,0,0,0,0,0,0
CF,LERTU,54.665000,62.118889,0,LBN,137.5,43.8,137.0,34.0,2,8000,0,0,0,0,0,0

SID,LERT2K,27,2
CA,0,270.0,2,1500,0,0,0,0,0,0
DF,KS,55.294250,61.587056,2, ,0.0,0.0,0,0,0,1,225,0,0,0
TF,LERTU,54.665000,62.118889,0, ,0.0,0.0,0.0,0.0,2,8000,0,0,0,0,0,0

SID,LERT2M,09,2
CA,0,90.0,2,1500,0,0,0,0,0,0
CI,2, ,0.0,198.0,0,0,0,0,0,0,0,0
CF,LERTU,54.665000,62.118889,0,LBN,137.5,43.8,134.0,40.0,2,8000,0,0,0,0,0,0

SID,LERT2N,27,2
CD, ,0,0,0,LBN,0,0.0,270.0,7.0,0,0,0,0,0,0,0,0
DF,LBN,55.306972,61.517639,2, ,0.0,0.0,0,0,0,1,225,0,0,0
TF,LERTU,54.665000,62.118889,0, ,0.0,0.0,0.0,0.0,2,8000,0,0,0,0,0,0

SID,NOMG2E,09,5
CA,0,90.0,2,1500,0,0,0,0,0,0
DF,CC507,55.528592,62.180294,0, ,0.0,0.0,0,0,0,0,0,0,0,0
TF,NOMGU,55.666389,62.844167,0, ,0.0,0.0,0.0,0.0,2,9000,0,0,0,0,0,0

SID,NOMG2F,27,5
CA,0,270.0,2,1500,0,0,0,0,0,0
DF,CC513,55.459161,61.824703,2, ,0.0,0.0,2,9000,0,0,0,0,0,0
TF,NOMGU,55.666389,62.844167,0, ,0.0,0.0,0.0,0.0,2,9000,0,0,0,0,0,0

SID,NOMG2G,09,2
CD, ,0,0,0,LBN,0,0.0,90.0,4.6,0,0,0,0,0,0,0,0
CI,0, ,0.0,13.0,0,0,0,0,0,0,0,0
CF,NOMGU,55.666389,62.844167,0,LBN,50.0,50.2,50.0,42.0,2,9000,0,0,0,0,0,0

SID,NOMG2K,27,2
CA,0,270.0,2,1500,0,0,0,0,0,0
DF,KS,55.294250,61.587056,2, ,0.0,0.0,0,0,0,1,225,0,0,1
CF,NOMGU,55.666389,62.844167,1,LBN,50.0,50.2,48.0,47.0,2,9000,0,0,0,0,0,0

SID,NOMG2M,09,2
CA,0,90.0,2,1500,0,0,0,0,0,0
CI,1, ,0.0,360.0,0,0,0,0,0,0,0,0
CF,NOMGU,55.666389,62.844167,0,LBN,50.0,50.2,52.0,47.0,2,9000,0,0,0,0,0,0

SID,NOMG2N,27,2
CD, ,0,0,0,LBN,0,0.0,270.0,7.0,0,0,0,0,0,0,0,0
DF,LBN,55.306972,61.517639,2, ,0.0,0.0,0,0,0,1,225,0,0,1
VI,1, ,0.0,20.0,0,0,0,0,0,0,0,0
CF,NOMGU,55.666389,62.844167,0,LBN,50.0,50.2,50.0,46.0,2,9000,0,0,0,0,0,0

SID,PESA2E,09,5
CA,0,90.0,2,1500,0,0,0,0,0,0
DF,PESAM,55.906111,61.319444,1, ,0.0,0.0,2,8000,0,0,0,0,0,0

SID,PESA2F,27,5
CA,0,270.0,2,1500,0,0,0,0,0,0
DF,CC510,55.536358,61.530789,2, ,0.0,0.0,0,0,0,0,0,0,0,0
TF,PESAM,55.906111,61.319444,0, ,0.0,0.0,0.0,0.0,2,8000,0,0,0,0,0,0

SID,PESA2G,09,2
CD, ,0,0,0,LBN,0,0.0,90.0,4.6,0,0,0,0,0,0,0,0
CI,1, ,0.0,246.0,0,0,0,0,0,0,0,0
CF,D336S,55.618664,61.415300,0,LBN,335.5,19.1,336.0,18.0,2,5700,0,1,225,0,0,0
TF,PESAM,55.906111,61.319444,0, ,0.0,0.0,0.0,0.0,2,8000,0,0,0,0,0,0

SID,PESA2K,27,2
CA,0,270.0,2,1500,0,0,0,0,0,0
CI,2, ,0.0,56.0,0,0,0,0,0,0,0,0
CF,D152U,55.632456,61.437961,0,LBN,338.1,19.8,332.0,16.0,2,5600,0,1,225,0,0,0
TF,PESAM,55.906111,61.319444,0, ,0.0,0.0,0.0,0.0,2,8000,0,0,0,0,0,0

SID,PESA2M,09,2
CA,0,90.0,2,1200,0,0,0,0,0,0
CI,1, ,0.0,270.0,0,0,0,0,0,0,0,0
CF,D161P,55.579831,61.379475,0,LBN,330.0,17.1,341.0,12.0,2,5700,0,1,225,0,0,0
TF,PESAM,55.906111,61.319444,0, ,0.0,0.0,0.0,0.0,2,8000,0,0,0,0,0,0

SID,PESA2N,27,2
CD, ,0,0,0,LBN,0,0.0,270.0,4.3,0,0,0,0,0,0,0,0
CI,2, ,0.0,31.0,0,0,0,0,0,0,0,0
CF,D336T,55.631906,61.410917,0,LBN,335.5,19.9,336.0,13.0,2,5700,0,1,225,0,0,0
TF,PESAM,55.906111,61.319444,0, ,0.0,0.0,0.0,0.0,2,8000,0,0,0,0,0,0

STAR,ASLI2C,09,5
IF,ASLIM,55.900278,61.731944, ,0.0,0.0,2,8000,0,0,0,0,0,0
TF,CC214,55.473022,61.337153,0, ,0.0,0.0,0.0,0.0,2,6000,0,0,0,0,0,0
TF,CC203,55.423431,61.184978,0, ,0.0,0.0,0.0,0.0,2,4100,0,0,0,0,0,0

STAR,ASLI2D,27,5
IF,ASLIM,55.900278,61.731944, ,0.0,0.0,2,8000,0,0,0,0,0,0
TF,CC217,55.442525,61.999092,0, ,0.0,0.0,0.0,0.0,2,5500,0,0,0,0,0,0
TF,CC216,55.349139,61.881056,0, ,0.0,0.0,0.0,0.0,2,4500,0,0,0,0,0,0

STAR,ASLI2H,ALL,2
IF,ASLIM,55.900278,61.731944, ,0.0,0.0,2,8000,0,0,0,0,0,0
TF,LBN,55.306972,61.517639,0, ,0.0,0.0,0.0,0.0,4,4000,3000,0,0,0,0,0

STAR,ASLI2J,27,2
IF,ASLIM,55.900278,61.731944, ,0.0,0.0,2,8000,0,0,0,0,0,0
TF,KS,55.294250,61.587056,0, ,0.0,0.0,0.0,0.0,4,4000,3000,0,0,0,0,0

STAR,ASLI2L,09,2
IF,ASLIM,55.900278,61.731944, ,0.0,0.0,2,8000,0,0,0,0,0,0
TF,LB,55.317444,61.420000,0, ,0.0,0.0,0.0,0.0,4,4000,3000,0,0,0,0,0

STAR,GERS2C,09,5
IF,GERSI,54.735278,60.573611, ,0.0,0.0,2,12000,0,0,0,0,0,0
TF,CC215,55.102044,60.979250,0, ,0.0,0.0,0.0,0.0,2,11000,0,0,0,0,0,0
TF,CC210,55.407472,60.815825,0, ,0.0,0.0,0.0,0.0,1,8000,0,0,0,0,0,0
TF,CC203,55.423431,61.184978,0, ,0.0,0.0,0.0,0.0,2,4100,0,0,0,0,0,0

STAR,GERS2D,27,5
IF,GERSI,54.735278,60.573611, ,0.0,0.0,2,10000,0,0,0,0,0,0
TF,CC218,54.929167,61.886667,0, ,0.0,0.0,0.0,0.0,4,11000,8000,0,0,0,0,0
TF,CC205,55.268000,61.779139,0, ,0.0,0.0,0.0,0.0,2,3000,0,0,0,0,0,0

STAR,GERS2H,ALL,2
IF,GERSI,54.735278,60.573611, ,0.0,0.0,2,10000,0,0,0,0,0,0
TF,LBN,55.306972,61.517639,0, ,0.0,0.0,0.0,0.0,1,8000,0,0,0,0,0,0

STAR,GERS2J,27,2
IF,GERSI,54.735278,60.573611, ,0.0,0.0,2,10000,0,0,0,0,0,0
TF,KS,55.294250,61.587056,0, ,0.0,0.0,0.0,0.0,1,8000,0,0,0,0,0,0

STAR,GERS2L,09,2
IF,GERSI,54.735278,60.573611, ,0.0,0.0,2,10000,0,0,0,0,0,0
TF,LB,55.317444,61.420000,0, ,0.0,0.0,0.0,0.0,1,8000,0,0,0,0,0,0

STAR,LERD2C,09,5
IF,LERDA,55.728056,62.370833, ,0.0,0.0,2,8000,0,0,0,0,0,0
TF,CC214,55.473022,61.337153,0, ,0.0,0.0,0.0,0.0,2,6000,0,0,0,0,0,0
TF,CC203,55.423431,61.184978,0, ,0.0,0.0,0.0,0.0,2,4100,0,0,0,0,0,0

STAR,LERD2D,27,5
IF,LERDA,55.728056,62.370833, ,0.0,0.0,2,8000,0,0,0,0,0,0
TF,CC217,55.442525,61.999092,0, ,0.0,0.0,0.0,0.0,2,5500,0,0,0,0,0,0
TF,CC216,55.349139,61.881056,0, ,0.0,0.0,0.0,0.0,2,4500,0,0,0,0,0,0

STAR,LERD2H,ALL,2
IF,LERDA,55.728056,62.370833, ,0.0,0.0,2,8000,0,0,0,0,0,0
TF,LBN,55.306972,61.517639,0, ,0.0,0.0,0.0,0.0,4,4000,3000,0,0,0,0,0

STAR,LERD2J,27,2
IF,LERDA,55.728056,62.370833, ,0.0,0.0,2,8000,0,0,0,0,0,0
TF,KS,55.294250,61.587056,0, ,0.0,0.0,0.0,0.0,4,4000,3000,0,0,0,0,0

STAR,LERD2L,09,2
IF,LERDA,55.728056,62.370833, ,0.0,0.0,2,8000,0,0,0,0,0,0
TF,LB,55.317444,61.420000,0, ,0.0,0.0,0.0,0.0,4,4000,3000,0,0,0,0,0

STAR,LERT2C,09,5
IF,LERTU,54.665000,62.118889, ,0.0,0.0,2,12000,0,0,0,0,0,0
TF,CC212,54.850317,61.988478,0, ,0.0,0.0,0.0,0.0,0,0,0,0,0,0,0,0
TF,CC211,55.144425,61.790800,0, ,0.0,0.0,0.0,0.0,2,12000,0,0,0,0,0,0
TF,CC213,55.415250,61.594389,0, ,0.0,0.0,0.0,0.0,2,8000,0,0,0,0,0,0
TF,CC214,55.473022,61.337153,0, ,0.0,0.0,0.0,0.0,2,6000,0,0,0,0,0,0
TF,CC203,55.423431,61.184978,0, ,0.0,0.0,0.0,0.0,2,4100,0,0,0,0,0,0

STAR,LERT2D,27,5
IF,LERTU,54.665000,62.118889, ,0.0,0.0,2,8000,0,0,0,0,0,0
TF,CC218,54.929167,61.886667,0, ,0.0,0.0,0.0,0.0,4,11000,8000,0,0,0,0,0
TF,CC205,55.268000,61.779139,0, ,0.0,0.0,0.0,0.0,2,3000,0,0,0,0,0,0

STAR,LERT2H,ALL,2
IF,LERTU,54.665000,62.118889, ,0.0,0.0,2,8000,0,0,0,0,0,0
TF,D137V,54.990850,61.822031,0, ,0.0,0.0,0.0,0.0,2,8000,0,0,0,0,0,0

STAR,LERT2J,27,2
IF,LERTU,54.665000,62.118889, ,0.0,0.0,2,8000,0,0,0,0,0,0
TF,D320V,54.996539,61.839408,0, ,0.0,0.0,0.0,0.0,2,8000,0,0,0,0,0,0

STAR,LERT2L,09,2
IF,LERTU,54.665000,62.118889, ,0.0,0.0,2,8000,0,0,0,0,0,0
TF,D315V,54.977369,61.774725,0, ,0.0,0.0,0.0,0.0,2,8000,0,0,0,0,0,0

STAR,LERT2V,27,2
IF,LERTU,54.665000,62.118889, ,0.0,0.0,2,8000,0,0,0,0,0,0
TF,KS,55.294250,61.587056,0, ,0.0,0.0,0.0,0.0,4,4000,3000,0,0,0,0,0

STAR,LERT2W,ALL,2
IF,LERTU,54.665000,62.118889, ,0.0,0.0,2,8000,0,0,0,0,0,0
TF,LBN,55.306972,61.517639,0, ,0.0,0.0,0.0,0.0,4,4000,3000,0,0,0,0,0

STAR,LERT2X,09,2
IF,LERTU,54.665000,62.118889, ,0.0,0.0,2,8000,0,0,0,0,0,0
TF,LB,55.317444,61.420000,0, ,0.0,0.0,0.0,0.0,4,4000,3000,0,0,0,0,0

STAR,LUTA2C,09,5
IF,LUTAT,55.403333,60.165833, ,0.0,0.0,2,11000,0,0,0,0,0,0
TF,CC210,55.407472,60.815825,0, ,0.0,0.0,0.0,0.0,1,8000,0,0,0,0,0,0
TF,CC203,55.423431,61.184978,0, ,0.0,0.0,0.0,0.0,2,4100,0,0,0,0,0,0

STAR,LUTA2D,27,5
IF,LUTAT,55.403333,60.165833, ,0.0,0.0,2,11000,0,0,0,0,0,0
TF,CC210,55.407472,60.815825,0, ,0.0,0.0,0.0,0.0,2,11000,0,0,0,0,0,0
TF,CC213,55.415250,61.594389,0, ,0.0,0.0,0.0,0.0,2,8000,0,0,0,0,0,0
TF,CC216,55.349139,61.881056,0, ,0.0,0.0,0.0,0.0,2,4500,0,0,0,0,0,0

STAR,LUTA2H,ALL,2
IF,LUTAT,55.403333,60.165833, ,0.0,0.0,2,9000,0,0,0,0,0,0
TF,D264V,55.356250,60.881486,0, ,0.0,0.0,0.0,0.0,2,8000,0,0,0,0,0,0

STAR,LUTA2J,27,2
IF,LUTAT,55.403333,60.165833, ,0.0,0.0,2,9000,0,0,0,0,0,0
TF,D083V,55.341767,60.878664,0, ,0.0,0.0,0.0,0.0,2,8000,0,0,0,0,0,0

STAR,LUTA2L,09,2
IF,LUTAT,55.403333,60.165833, ,0.0,0.0,2,9000,0,0,0,0,0,0
TF,D083W,55.353964,60.880972,0, ,0.0,0.0,0.0,0.0,2,8000,0,0,0,0,0,0

STAR,LUTA2V,27,2
IF,LUTAT,55.403333,60.165833, ,0.0,0.0,2,9000,0,0,0,0,0,0
TF,KS,55.294250,61.587056,0, ,0.0,0.0,0.0,0.0,4,4000,3000,0,0,0,0,0

STAR,LUTA2W,ALL,2
IF,LUTAT,55.403333,60.165833, ,0.0,0.0,2,9000,0,0,0,0,0,0
TF,LBN,55.306972,61.517639,0, ,0.0,0.0,0.0,0.0,4,4000,3000,0,0,0,0,0

STAR,LUTA2X,09,2
IF,LUTAT,55.403333,60.165833, ,0.0,0.0,2,9000,0,0,0,0,0,0
TF,LB,55.317444,61.420000,0, ,0.0,0.0,0.0,0.0,4,4000,3000,0,0,0,0,0

STAR,UTAB2C,09,5
IF,UTABI,55.466944,63.015278, ,0.0,0.0,2,8000,0,0,0,0,0,0
TF,CC213,55.415250,61.594389,0, ,0.0,0.0,0.0,0.0,2,8000,0,0,0,0,0,0
TF,CC214,55.473022,61.337153,0, ,0.0,0.0,0.0,0.0,2,6000,0,0,0,0,0,0
TF,CC203,55.423431,61.184978,0, ,0.0,0.0,0.0,0.0,2,4100,0,0,0,0,0,0

STAR,UTAB2D,27,5
IF,UTABI,55.466944,63.015278, ,0.0,0.0,2,8000,0,0,0,0,0,0
TF,CC217,55.442525,61.999092,0, ,0.0,0.0,0.0,0.0,2,5500,0,0,0,0,0,0
TF,CC216,55.349139,61.881056,0, ,0.0,0.0,0.0,0.0,2,4500,0,0,0,0,0,0

STAR,UTAB2H,ALL,2
IF,UTABI,55.466944,63.015278, ,0.0,0.0,2,8000,0,0,0,0,0,0
TF,LBN,55.306972,61.517639,0, ,0.0,0.0,0.0,0.0,4,4000,3000,0,0,0,0,0

STAR,UTAB2J,27,2
IF,UTABI,55.466944,63.015278, ,0.0,0.0,2,8000,0,0,0,0,0,0
TF,KS,55.294250,61.587056,0, ,0.0,0.0,0.0,0.0,4,4000,3000,0,0,0,0,0

STAR,UTAB2L,09,2
IF,UTABI,55.466944,63.015278, ,0.0,0.0,2,8000,0,0,0,0,0,0
TF,LB,55.317444,61.420000,0, ,0.0,0.0,0.0,0.0,4,4000,3000,0,0,0,0,0

APPTR,D09,09,D1371
IF,D137V,54.990850,61.822031, ,0.0,0.0,2,8000,0,0,0,0,1,0
AF,D123V,55.042094,61.946619,1,LBN,123.0,21.7,137.0,2,8000,0,0,0,0,0,0
CF,LBN,55.306972,61.517639,0,LBN,0.0,0.0,303.0,21.7,4,4000,3000,1,195,0,0,0
CF,D295H,55.390214,61.339317,0,LBN,295.4,7.9,295.0,7.9,2,2300,0,1,195,0,0,1
CF,CD09,55.326269,61.301611,1,LBN,265.0,7.5,85.0,1.0,2,2300,0,0,0,0,0,0

APPTR,D09,09,D1372
IF,D137V,54.990850,61.822031, ,0.0,0.0,2,8000,0,0,0,0,1,0
AF,D123V,55.042094,61.946619,1,LBN,123.0,21.7,137.0,2,8000,0,0,0,0,0,0
CF,LBN,55.306972,61.517639,0,LBN,0.0,0.0,303.0,21.7,4,4000,3000,1,195,0,0,0
CF,D287H,55.371328,61.326675,0,LBN,286.7,7.6,287.0,7.6,2,2300,0,0,0,0,0,1
CF,CD09,55.326269,61.301611,1,LBN,265.0,7.5,85.0,1.0,2,2300,0,0,0,0,0,0

APPTR,D09,09,D2641
IF,D264V,55.356250,60.881486, ,0.0,0.0,2,8000,0,0,0,0,1,0
AF,D274V,55.418536,60.905717,2,LBN,274.0,22.0,264.0,2,8000,0,0,0,0,0,0
CF,LBN,55.306972,61.517639,0,LBN,0.0,0.0,94.0,22.0,4,4000,3000,1,195,0,0,1
CF,D295H,55.390214,61.339317,1,LBN,295.4,7.9,265.0,7.0,2,2300,0,1,195,0,0,1
CF,CD09,55.326269,61.301611,1,LBN,265.0,7.5,85.0,1.0,2,2300,0,0,0,0,0,0

APPTR,D09,09,D2642
IF,D264V,55.356250,60.881486, ,0.0,0.0,2,8000,0,0,0,0,1,0
AF,D274V,55.418536,60.905717,2,LBN,274.0,22.0,264.0,2,8000,0,0,0,0,0,0
CF,LBN,55.306972,61.517639,0,LBN,0.0,0.0,94.0,22.0,4,4000,3000,1,195,0,0,1
CF,D287H,55.371328,61.326675,1,LBN,286.7,7.6,265.0,7.0,2,2300,0,0,0,0,0,1
CF,CD09,55.326269,61.301611,1,LBN,265.0,7.5,85.0,1.0,2,2300,0,0,0,0,0,0

FINAL,D09,09,D,3
IF,CD09,55.326269,61.301611,LBN,265.0,7.5,2,2300,0,0,0,0,0,0
CF,FD09,55.319167,61.370278,0,LBN,264.3,5.1,85.0,2.4,1,2000,0,0,0,0,2,0
CF,RW09,55.309167,61.479006,0,LBN,261.7,1.3,85.0,3.8,1,811,0,0,0,0,3,0
CD, ,0,0,0,LBN,0,0.0,85.0,4.9,0,0,0,0,0,0,0,0
DF,LBN,55.306972,61.517639,1, ,0.0,0.0,2,3000,0,0,0,0,0,0

APPTR,D27,27,D1371
IF,D137V,54.990850,61.822031, ,0.0,0.0,2,8000,0,0,0,0,1,0
AF,D123V,55.042094,61.946619,1,LBN,123.0,21.7,137.0,2,8000,0,0,0,0,0,0
CF,LBN,55.306972,61.517639,0,LBN,0.0,0.0,303.0,21.7,4,4000,3000,0,0,0,0,1
CF,D076J,55.305439,61.820917,2,LBN,76.4,10.4,99.0,9.0,2,2500,0,1,195,0,0,1
CF,CD27,55.244300,61.774947,2,LBN,99.0,9.6,279.0,1.0,2,2500,0,0,0,0,0,0

APPTR,D27,27,D1372
IF,D137V,54.990850,61.822031, ,0.0,0.0,2,8000,0,0,0,0,1,0
AF,D123V,55.042094,61.946619,1,LBN,123.0,21.7,137.0,2,8000,0,0,0,0,0,0
CF,LBN,55.306972,61.517639,0,LBN,0.0,0.0,303.0,21.7,4,4000,3000,0,0,0,0,1
CF,D082J,55.289858,61.795942,2,LBN,82.0,9.6,99.0,9.0,2,2500,0,0,0,0,0,1
CF,CD27,55.244300,61.774947,2,LBN,99.0,9.6,279.0,1.0,2,2500,0,0,0,0,0,0

APPTR,D27,27,D2641
IF,D264V,55.356250,60.881486, ,0.0,0.0,2,8000,0,0,0,0,1,0
AF,D274V,55.418536,60.905717,2,LBN,274.0,22.0,264.0,2,8000,0,0,0,0,0,0
CF,LBN,55.306972,61.517639,0,LBN,0.0,0.0,94.0,22.0,4,4000,3000,0,0,0,0,0
CF,D076J,55.305439,61.820917,0,LBN,76.4,10.4,76.0,10.4,2,2500,0,1,195,0,0,1
CF,CD27,55.244300,61.774947,2,LBN,99.0,9.6,279.0,1.0,2,2500,0,0,0,0,0,0

APPTR,D27,27,D2642
IF,D264V,55.356250,60.881486, ,0.0,0.0,2,8000,0,0,0,0,1,0
AF,D274V,55.418536,60.905717,2,LBN,274.0,22.0,264.0,2,8000,0,0,0,0,0,0
CF,LBN,55.306972,61.517639,0,LBN,0.0,0.0,94.0,22.0,4,4000,3000,0,0,0,0,0
CF,D082J,55.289858,61.795942,0,LBN,82.0,9.6,82.0,9.6,2,2500,0,0,0,0,0,1
CF,CD27,55.244300,61.774947,2,LBN,99.0,9.6,279.0,1.0,2,2500,0,0,0,0,0,0

FINAL,D27,27,D,3
IF,CD27,55.244300,61.774947,LBN,99.0,9.6,2,2500,0,0,0,0,0,0
CF,FD27,55.280278,61.632778,0,LBN,98.1,4.3,279.0,5.3,1,2000,0,0,0,0,2,0
CF,RW27,55.302408,61.527981,0,LBN,113.7,0.5,279.0,3.8,1,789,0,0,0,0,3,0
CD, ,0,0,0,LBN,0,0.0,279.0,4.3,0,0,0,0,0,0,0,0
DF,LBN,55.306972,61.517639,2, ,0.0,0.0,2,3000,0,1,205,0,0,0

APPTR,I09-X,09,D0831
IF,D083W,55.353964,60.880972, ,0.0,0.0,2,8000,0,0,0,0,1,0
AF,D094V,55.411914,60.903025,2,LBN,272.9,22.0,264.0,2,8000,0,0,0,0,0,0
CF,LB,55.317444,61.420000,0,LBN,266.7,3.4,94.0,18.6,4,4000,3000,0,0,0,0,1
CF,D297I,55.402586,61.326942,1,LBN,297.4,8.7,270.0,5.0,2,2200,0,1,215,0,0,1
CF,CF09,55.335356,61.287528,1,ILB,269.6,8.8,90.0,1.0,2,2200,0,0,0,0,0,0

APPTR,I09-X,09,D0832
IF,D083W,55.353964,60.880972, ,0.0,0.0,2,8000,0,0,0,0,1,0
AF,D094V,55.411914,60.903025,2,LBN,272.9,22.0,264.0,2,8000,0,0,0,0,0,0
CF,LB,55.317444,61.420000,0,LBN,266.7,3.4,94.0,18.6,4,4000,3000,0,0,0,0,1
CF,D289I,55.384400,61.309992,1,LBN,289.3,8.5,270.0,5.0,2,2200,0,0,0,0,0,1
CF,CF09,55.335356,61.287528,1,ILB,269.6,8.8,90.0,1.0,2,2200,0,0,0,0,0,0

APPTR,I09-X,09,D3151
IF,D315V,54.977369,61.774725, ,0.0,0.0,2,8000,0,0,0,0,1,0
AF,D298V,55.043181,61.948242,1,LBN,122.8,21.7,142.0,2,8000,0,0,0,0,0,0
CF,LB,55.317444,61.420000,0,LBN,266.7,3.4,298.0,24.5,4,4000,3000,0,0,0,0,0
CF,D297I,55.402586,61.326942,0,LBN,297.4,8.7,314.0,6.0,2,2200,0,1,215,0,0,1
CF,CF09,55.335356,61.287528,1,ILB,269.6,8.8,90.0,2.0,2,2200,0,0,0,0,0,0

APPTR,I09-X,09,D3152
IF,D315V,54.977369,61.774725, ,0.0,0.0,2,8000,0,0,0,0,1,0
AF,D298V,55.043181,61.948242,1,LBN,122.8,21.7,142.0,2,8000,0,0,0,0,0,0
CF,LB,55.317444,61.420000,0,LBN,266.7,3.4,298.0,24.5,4,4000,3000,0,0,0,0,0
CF,D289I,55.384400,61.309992,0,LBN,289.3,8.5,303.0,5.5,2,2200,0,0,0,0,0,1
CF,CF09,55.335356,61.287528,1,ILB,269.6,8.8,90.0,2.0,2,2200,0,0,0,0,0,0

FINAL,I09-X,09,I,3
IF,CF09,55.335356,61.287528,ILB,269.6,8.8,2,2200,0,0,0,0,0,0
CF,FI09,55.323611,61.373056,0,ILB,269.6,5.8,90.0,3.0,1,2000,0,0,0,0,2,0
CF,RW09,55.309167,61.479006,0,ILB,269.6,2.0,90.0,3.7,1,811,0,0,0,0,3,0
CA,0,90.0,2,1700,0,0,0,0,0,0
DF,LB,55.317444,61.420000,1, ,0.0,0.0,2,3000,0,0,0,0,0,0

APPTR,I09-Y,09,D1371
IF,D137V,54.990850,61.822031, ,0.0,0.0,2,8000,0,0,0,0,1,0
AF,D123V,55.042094,61.946619,1,LBN,123.0,21.7,137.0,2,8000,0,0,0,0,0,0
TF,LBN,55.306972,61.517639,0, ,0.0,0.0,0.0,0.0,4,4000,3000,0,0,0,0,0
CF,D297I,55.402586,61.326942,0,LBN,297.4,8.7,297.0,8.7,2,2300,0,1,195,0,0,1
CF,CI09Y,55.336319,61.280431,1,ILB,269.6,9.0,90.0,1.0,2,2300,0,0,0,0,1,0

APPTR,I09-Y,09,D1372
IF,D137V,54.990850,61.822031, ,0.0,0.0,2,8000,0,0,0,0,1,0
AF,D123V,55.042094,61.946619,1,LBN,123.0,21.7,137.0,2,8000,0,0,0,0,0,0
TF,LBN,55.306972,61.517639,0, ,0.0,0.0,0.0,0.0,4,4000,3000,0,0,0,0,0
CF,D289I,55.384400,61.309992,0,LBN,289.3,8.5,289.0,8.5,2,2300,0,0,0,0,0,1
CF,CI09Y,55.336319,61.280431,1,ILB,269.6,9.0,90.0,1.0,2,2300,0,0,0,0,1,0

APPTR,I09-Y,09,D2641
IF,D264V,55.356250,60.881486, ,0.0,0.0,2,8000,0,0,0,0,1,0
AF,D274V,55.418536,60.905717,2,LBN,274.0,22.0,264.0,2,8000,0,0,0,0,0,0
TF,LBN,55.306972,61.517639,0, ,0.0,0.0,0.0,0.0,4,4000,3000,0,0,0,0,1
CF,D297I,55.402586,61.326942,1,LBN,297.4,8.7,270.0,8.0,2,2300,0,1,195,0,0,1
CF,CI09Y,55.336319,61.280431,1,ILB,269.6,9.0,90.0,1.0,2,2300,0,0,0,0,1,0

APPTR,I09-Y,09,D2642
IF,D264V,55.356250,60.881486, ,0.0,0.0,2,8000,0,0,0,0,1,0
AF,D274V,55.418536,60.905717,2,LBN,274.0,22.0,264.0,2,8000,0,0,0,0,0,0
TF,LBN,55.306972,61.517639,0, ,0.0,0.0,0.0,0.0,4,4000,3000,0,0,0,0,1
CF,D289I,55.384400,61.309992,1,LBN,289.3,8.5,270.0,8.0,2,2300,0,0,0,0,0,1
CF,CI09Y,55.336319,61.280431,1,ILB,269.6,9.0,90.0,1.0,2,2300,0,0,0,0,1,0

FINAL,I09-Y,09,I,3
IF,CI09Y,55.336319,61.280431,ILB,269.6,9.0,2,2300,0,0,0,0,0,0
CF,FI09,55.323611,61.373056,0,ILB,269.6,5.8,90.0,3.3,1,2000,0,0,0,0,2,0
CF,RW09,55.309167,61.479006,0,ILB,269.6,2.0,90.0,3.7,1,811,0,0,0,0,3,0
CD, ,0,0,0,LBN,0,0.0,90.0,4.0,0,0,0,0,0,0,0,0
DF,LBN,55.306972,61.517639,1, ,0.0,0.0,2,3000,0,1,205,0,0,0

APPTR,I09-Z,09,CC203
IF,CC203,55.423431,61.184978, ,0.0,0.0,2,4100,0,0,0,0,1,0
TF,CC202,55.337556,61.272472,0,ILB,0.0,0.0,0.0,0.0,2,2600,0,1,185,0,1,0

FINAL,I09-Z,09,I,3
IF,CC202,55.337556,61.272472,ILB,269.7,9.3,2,2600,0,1,185,0,0,0
CF,FI09,55.323611,61.373056,0,ILB,269.6,5.8,90.0,3.6,1,2000,0,0,0,0,2,0
CF,RW09,55.309167,61.479006,0,ILB,269.6,2.0,90.0,3.7,1,811,0,0,0,0,3,0
CA,0,90.0,2,1500,0,0,0,0,0,0
DF,CC213,55.415250,61.594389,1, ,0.0,0.0,2,2800,0,1,185,0,0,0
TF,CC214,55.473022,61.337153,0, ,0.0,0.0,0.0,0.0,0,0,0,0,0,0,0,0
TF,CC203,55.423431,61.184978,0, ,0.0,0.0,0.0,0.0,2,4100,0,0,0,0,0,0

APPTR,I27-X,27,D0831
IF,D083V,55.341767,60.878664, ,0.0,0.0,2,8000,0,0,0,0,1,0
AF,D093V,55.411494,60.901950,2,LBN,272.9,22.0,262.0,2,8000,0,0,0,0,0,0
CF,KS,55.294250,61.587056,0,LBN,93.8,2.5,93.0,24.5,4,4000,3000,0,0,0,0,0
CF,D239H,55.332292,61.800481,0,LBN,67.0,9.8,59.0,7.7,2,2100,0,1,205,0,0,1
CF,CF27,55.268483,61.771375,2,IKS,89.6,10.8,270.0,1.0,2,2100,0,0,0,0,0,0

APPTR,I27-X,27,D0832
IF,D083V,55.341767,60.878664, ,0.0,0.0,2,8000,0,0,0,0,1,0
AF,D093V,55.411494,60.901950,2,LBN,272.9,22.0,262.0,2,8000,0,0,0,0,0,0
CF,KS,55.294250,61.587056,0,LBN,93.8,2.5,93.0,24.5,4,4000,3000,0,0,0,0,0
CF,D247G,55.312514,61.795025,0,LBN,73.9,9.5,67.0,7.2,2,2100,0,0,0,0,0,1
CF,CF27,55.268483,61.771375,2,IKS,89.6,10.8,270.0,1.0,2,2100,0,0,0,0,0,0

APPTR,I27-X,27,D3201
IF,D320V,54.996539,61.839408, ,0.0,0.0,2,8000,0,0,0,0,1,0
AF,D307V,55.040797,61.943725,1,LBN,123.3,21.7,135.0,2,8000,0,0,0,0,0,0
CF,KS,55.294250,61.587056,0,LBN,93.8,2.5,307.0,19.6,4,4000,3000,0,0,0,0,1
CF,D239H,55.332292,61.800481,2,LBN,67.0,9.8,90.0,6.0,2,2100,0,1,205,0,0,1
CF,CF27,55.268483,61.771375,2,IKS,89.6,10.8,270.0,1.0,2,2100,0,0,0,0,0,0

APPTR,I27-X,27,D3202
IF,D320V,54.996539,61.839408, ,0.0,0.0,2,8000,0,0,0,0,1,0
AF,D307V,55.040797,61.943725,1,LBN,123.3,21.7,135.0,2,8000,0,0,0,0,0,0
CF,KS,55.294250,61.587056,0,LBN,93.8,2.5,307.0,19.6,4,4000,3000,0,0,0,0,1
CF,D247G,55.312514,61.795025,2,LBN,73.9,9.5,90.0,6.0,2,2100,0,0,0,0,0,1
CF,CF27,55.268483,61.771375,2,IKS,89.6,10.8,270.0,1.0,2,2100,0,0,0,0,0,0

FINAL,I27-X,27,I,3
IF,CF27,55.268483,61.771375,IKS,89.6,10.8,2,2100,0,0,0,0,0,0
CF,FI27,55.287778,61.636111,0,IKS,89.4,6.0,270.0,4.8,1,2000,0,0,0,0,2,0
CF,RW27,55.302408,61.527981,0,IKS,89.6,2.2,270.0,3.8,1,789,0,0,0,0,3,0
CA,0,270.0,2,1700,0,0,0,0,0,0
DF,KS,55.294250,61.587056,2, ,0.0,0.0,2,3000,0,0,0,0,0,0

APPTR,I27-Y,27,D1371
IF,D137V,54.990850,61.822031, ,0.0,0.0,2,8000,0,0,0,0,1,0
AF,D123V,55.042094,61.946619,1,LBN,123.0,21.7,137.0,2,8000,0,0,0,0,0,0
CF,LBN,55.306972,61.517639,0,LBN,0.0,0.0,303.0,21.7,4,4000,3000,0,0,0,0,1
CF,D070K,55.325497,61.825106,2,LBN,69.8,10.6,92.0,9.0,2,2600,0,0,0,0,0,1
CF,D090K,55.266933,61.782408,2,LBN,90.7,9.4,270.0,1.0,2,2600,0,0,0,0,1,0
CF,CI27Y,55.279586,61.692136,0,IKS,89.6,8.0,270.0,3.2,2,2000,0,0,0,0,0,0

APPTR,I27-Y,27,D1372
IF,D137V,54.990850,61.822031, ,0.0,0.0,2,8000,0,0,0,0,1,0
AF,D123V,55.042094,61.946619,1,LBN,123.0,21.7,137.0,2,8000,0,0,0,0,0,0
CF,LBN,55.306972,61.517639,0,LBN,0.0,0.0,303.0,21.7,4,4000,3000,0,0,0,0,1
CF,D075J,55.309289,61.797569,2,LBN,75.1,9.6,92.0,9.0,2,2100,0,0,0,0,0,1
CF,D090K,55.266933,61.782408,2,LBN,90.7,9.4,270.0,1.0,2,2100,0,0,0,0,1,0
CF,CI27Y,55.279586,61.692136,0,IKS,89.6,8.0,270.0,3.2,2,2000,0,0,0,0,0,0

APPTR,I27-Y,27,D2641
IF,D264V,55.356250,60.881486, ,0.0,0.0,2,8000,0,0,0,0,1,0
AF,D274V,55.418536,60.905717,2,LBN,274.0,22.0,264.0,2,8000,0,0,0,0,0,0
CF,LBN,55.306972,61.517639,0,LBN,0.0,0.0,94.0,22.0,4,4000,3000,0,0,0,0,0
CF,D070K,55.325497,61.825106,0,LBN,69.8,10.6,70.0,10.6,2,2600,0,0,0,0,0,1
CF,D090K,55.266933,61.782408,2,LBN,90.7,9.4,270.0,2.0,2,2600,0,0,0,0,1,0
CF,CI27Y,55.279586,61.692136,0,IKS,89.6,8.0,270.0,3.2,2,2000,0,0,0,0,0,0

APPTR,I27-Y,27,D2642
IF,D264V,55.356250,60.881486, ,0.0,0.0,2,8000,0,0,0,0,1,0
AF,D274V,55.418536,60.905717,2,LBN,274.0,22.0,264.0,2,8000,0,0,0,0,0,0
CF,LBN,55.306972,61.517639,0,LBN,0.0,0.0,94.0,22.0,4,4000,3000,0,0,0,0,0
CF,D075J,55.309289,61.797569,0,LBN,75.1,9.6,75.0,9.6,2,2100,0,0,0,0,0,1
CF,D090K,55.266933,61.782408,2,LBN,90.7,9.4,270.0,1.0,2,2100,0,0,0,0,1,0
CF,CI27Y,55.279586,61.692136,0,IKS,89.6,8.0,270.0,3.2,2,2000,0,0,0,0,0,0

FINAL,I27-Y,27,I,3
IF,CI27Y,55.279586,61.692136,IKS,89.6,8.0,2,2000,0,0,0,0,0,0
CF,FI27,55.287778,61.636111,0,IKS,89.4,6.0,270.0,2.0,1,2000,0,0,0,0,2,0
CF,RW27,55.302408,61.527981,0,IKS,89.6,2.2,270.0,3.8,1,789,0,0,0,0,3,0
FD,RW27,55.302408,61.527981,0,LBN,113.7,4.6,270.0,4.6,0,0,0,0,0,0,0,0
DF,LBN,55.306972,61.517639,2, ,0.0,0.0,2,3000,0,0,0,0,0,0

APPTR,I27-Z,27,CC216
IF,CC216,55.349139,61.881056, ,0.0,0.0,2,4500,0,0,0,0,1,0
TF,CC205,55.268000,61.779139,0,IKS,0.0,0.0,0.0,0.0,2,3000,0,0,0,0,1,0

FINAL,I27-Z,27,I,3
IF,CC205,55.268000,61.779139,IKS,89.4,11.1,2,3000,0,0,0,0,1,0
CF,FI27,55.287778,61.636111,0,IKS,89.4,6.0,270.0,5.1,1,2000,0,0,0,0,2,0
CF,RW27,55.302408,61.527981,0,IKS,89.6,2.2,270.0,3.8,1,789,0,0,0,0,3,0
CA,0,270.0,2,1500,0,0,0,0,0,0
DF,CC213,55.415250,61.594389,2, ,0.0,0.0,0,0,0,1,210,0,0,0
TF,CC216,55.349139,61.881056,0, ,0.0,0.0,0.0,0.0,2,4500,0,0,0,0,0,0

APPTR,J09,09,CC203
IF,CC203,55.423431,61.184978, ,0.0,0.0,2,4100,0,0,0,0,1,0
TF,CC202,55.337556,61.272472,0,G09A,0.0,0.0,0.0,0.0,2,2600,0,1,185,0,1,0

FINAL,J09,09,G,3
IF,CC202,55.337556,61.272472,G09A,0.0,0.0,2,2600,0,1,185,0,0,0
TF,CC206,55.323722,61.372944,0,G09A,0.0,0.0,90.0,3.5,1,2000,0,0,0,0,2,0
TF,RW09,55.309167,61.479006,0,G09A,0.0,0.0,90.0,3.7,1,811,0,0,0,0,3,1
CA,0,90.0,2,1500,0,0,0,0,0,0
DF,CC213,55.415250,61.594389,1, ,0.0,0.0,2,2800,0,1,185,0,0,0
TF,CC214,55.473022,61.337153,0, ,0.0,0.0,0.0,0.0,0,0,0,0,0,0,0,0
TF,CC203,55.423431,61.184978,0, ,0.0,0.0,0.0,0.0,2,4100,0,0,0,0,0,0

APPTR,J27,27,CC216
IF,CC216,55.349139,61.881056, ,0.0,0.0,2,4500,0,0,0,0,1,0
TF,CC205,55.268000,61.779139,0,G27A,0.0,0.0,0.0,0.0,2,3000,0,0,0,0,1,0

FINAL,J27,27,G,3
IF,CC205,55.268000,61.779139,G27A,0.0,0.0,2,3000,0,0,0,0,1,0
TF,CC037,55.287694,61.636111,0,G27A,0.0,0.0,270.0,5.1,1,2000,0,0,0,0,2,0
TF,RW27,55.302408,61.527981,0,G27A,0.0,0.0,270.0,3.8,1,790,0,0,0,0,3,1
CA,0,270.0,2,1500,0,0,0,0,0,0
DF,CC213,55.415250,61.594389,2, ,0.0,0.0,0,0,0,1,210,0,0,0
TF,CC216,55.349139,61.881056,0, ,0.0,0.0,0.0,0.0,2,4500,0,0,0,0,0,0

APPTR,N09,09,D0831
IF,D083W,55.353964,60.880972, ,0.0,0.0,2,8000,0,0,0,0,1,0
AF,D094V,55.411914,60.903025,2,LBN,272.9,22.0,264.0,2,8000,0,0,0,0,0,0
CF,LB,55.317444,61.420000,0,LBN,266.7,3.4,94.0,18.6,4,4000,3000,1,225,0,0,1
CF,D297I,55.402586,61.326942,1,LBN,297.4,8.7,270.0,5.0,2,2200,0,1,195,0,0,1
CF,CF09,55.335356,61.287528,1,LBN,268.3,8.1,90.0,1.0,2,2200,0,0,0,0,0,0

APPTR,N09,09,D0832
IF,D083W,55.353964,60.880972, ,0.0,0.0,2,8000,0,0,0,0,1,0
AF,D094V,55.411914,60.903025,2,LBN,272.9,22.0,264.0,2,8000,0,0,0,0,0,0
CF,LB,55.317444,61.420000,0,LBN,266.7,3.4,94.0,18.6,4,4000,3000,1,225,0,0,1
CF,D289I,55.384400,61.309992,1,LBN,289.3,8.5,270.0,5.0,2,2200,0,0,0,0,0,1
CF,CF09,55.335356,61.287528,1,LBN,268.3,8.1,90.0,1.0,2,2200,0,0,0,0,0,0

APPTR,N09,09,D3151
IF,D315V,54.977369,61.774725, ,0.0,0.0,2,8000,0,0,0,0,1,0
AF,D298V,55.043181,61.948242,1,LBN,122.8,21.7,142.0,2,8000,0,0,0,0,0,0
CF,LB,55.317444,61.420000,0,LBN,266.7,3.4,298.0,24.6,4,4000,3000,1,225,0,0,0
CF,D297I,55.402586,61.326942,0,LBN,297.4,8.7,314.0,6.0,2,2200,0,1,195,0,0,1
CF,CF09,55.335356,61.287528,1,LBN,268.3,8.1,90.0,1.0,2,2200,0,0,0,0,0,0

APPTR,N09,09,D3152
IF,D315V,54.977369,61.774725, ,0.0,0.0,2,8000,0,0,0,0,1,0
AF,D298V,55.043181,61.948242,1,LBN,122.8,21.7,142.0,2,8000,0,0,0,0,0,0
CF,LB,55.317444,61.420000,0,LBN,266.7,3.4,298.0,24.6,4,4000,3000,1,225,0,0,0
CF,D289I,55.384400,61.309992,0,LBN,289.3,8.5,302.0,5.7,2,2200,0,0,0,0,0,1
CF,CF09,55.335356,61.287528,1,LBN,268.3,8.1,90.0,1.0,2,2200,0,0,0,0,0,0

FINAL,N09,09,N,3
IF,CF09,55.335356,61.287528,LB,0.0,0.0,2,2200,0,0,0,0,0,0
CF,FN09,55.323889,61.371944,0,LB,0.0,0.0,90.0,3.0,1,2000,0,0,0,0,2,0
CF,RW09,55.309167,61.479006,0,LB,0.0,0.0,90.0,3.8,1,811,0,0,0,0,3,0
CA,0,90.0,2,1700,0,0,0,0,0,0
DF,LB,55.317444,61.420000,1, ,0.0,0.0,2,3000,0,0,0,0,0,0

APPTR,N27,27,D0831
IF,D083V,55.341767,60.878664, ,0.0,0.0,2,8000,0,0,0,0,1,0
AF,D093V,55.411494,60.901950,2,LBN,272.9,22.0,262.0,2,8000,0,0,0,0,0,0
CF,KS,55.294250,61.587056,0,LBN,93.8,2.5,93.0,24.5,4,4000,3000,0,0,0,0,0
CF,D239H,55.332292,61.800481,0,LBN,67.0,9.8,59.0,7.7,2,2100,0,1,205,0,0,1
CF,CF27,55.268483,61.771375,2,LBN,90.8,9.0,270.0,1.0,2,2100,0,0,0,0,0,0

APPTR,N27,27,D0832
IF,D083V,55.341767,60.878664, ,0.0,0.0,2,8000,0,0,0,0,1,0
AF,D093V,55.411494,60.901950,2,LBN,272.9,22.0,262.0,2,8000,0,0,0,0,0,0
CF,KS,55.294250,61.587056,0,LBN,93.8,2.5,93.0,24.5,4,4000,3000,0,0,0,0,0
CF,D247G,55.312514,61.795025,0,LBN,73.9,9.5,67.0,7.2,2,2100,0,0,0,0,0,1
CF,CF27,55.268483,61.771375,2,LBN,90.8,9.0,270.0,1.0,2,2100,0,0,0,0,0,0

APPTR,N27,27,D3201
IF,D320V,54.996539,61.839408, ,0.0,0.0,2,8000,0,0,0,0,1,0
AF,D307V,55.040797,61.943725,1,LBN,123.3,21.7,135.0,2,8000,0,0,0,0,0,0
CF,KS,55.294250,61.587056,0,LBN,93.8,2.5,307.0,19.6,4,4000,3000,0,0,0,0,1
CF,D239H,55.332292,61.800481,2,LBN,67.0,9.8,90.0,6.0,2,2100,0,1,205,0,0,1
CF,CF27,55.268483,61.771375,2,LBN,90.8,9.0,270.0,1.0,2,2100,0,0,0,0,0,0

APPTR,N27,27,D3202
IF,D320V,54.996539,61.839408, ,0.0,0.0,2,8000,0,0,0,0,1,0
AF,D307V,55.040797,61.943725,1,LBN,123.3,21.7,135.0,2,8000,0,0,0,0,0,0
CF,KS,55.294250,61.587056,0,LBN,93.8,2.5,307.0,19.6,4,4000,3000,0,0,0,0,1
CF,D247G,55.312514,61.795025,2,LBN,73.9,9.5,90.0,6.0,2,2100,0,0,0,0,0,1
CF,CF27,55.268483,61.771375,2,LBN,90.8,9.0,270.0,1.0,2,2100,0,0,0,0,0,0

FINAL,N27,27,N,3
IF,CF27,55.268483,61.771375,KS,0.0,0.0,2,2100,0,0,0,0,0,0
CF,FN27,55.287500,61.636944,0,KS,0.0,0.0,270.0,4.8,1,2000,0,0,0,0,2,0
CF,RW27,55.302408,61.527981,0,KS,0.0,0.0,270.0,3.8,1,789,0,0,0,0,3,0
CA,0,270.0,2,1700,0,0,0,0,0,0
DF,KS,55.294250,61.587056,2, ,0.0,0.0,2,3000,0,1,205,0,0,0

APPTR,R09,09,CC203
IF,CC203,55.423431,61.184978, ,0.0,0.0,2,4100,0,0,0,0,1,0
TF,CC202,55.337556,61.272472,0, ,0.0,0.0,0.0,0.0,2,2600,0,1,185,0,1,0

FINAL,R09,09,R,3
IF,CC202,55.337556,61.272472, ,0.0,0.0,2,2600,0,1,185,0,0,0
TF,CC201,55.323861,61.371972,0, ,0.0,0.0,90.0,3.5,1,2000,0,0,0,0,2,0
TF,RW09,55.309167,61.479006,0, ,0.0,0.0,90.0,3.8,1,809,0,0,0,0,3,1
CA,0,90.0,2,1500,0,0,0,0,0,0
DF,CC213,55.415250,61.594389,1, ,0.0,0.0,2,2800,0,1,185,0,0,0
TF,CC214,55.473022,61.337153,0, ,0.0,0.0,0.0,0.0,0,0,0,0,0,0,0,0
TF,CC203,55.423431,61.184978,0, ,0.0,0.0,0.0,0.0,2,4100,0,0,0,0,0,0

APPTR,R27,27,CC216
IF,CC216,55.349139,61.881056, ,0.0,0.0,2,4500,0,0,0,0,1,0
TF,CC205,55.268000,61.779139,0, ,0.0,0.0,0.0,0.0,2,3000,0,0,0,0,1,0

FINAL,R27,27,R,3
IF,CC205,55.268000,61.779139, ,0.0,0.0,2,3000,0,0,0,0,1,0
TF,CC204,55.287583,61.636972,0, ,0.0,0.0,270.0,5.0,1,2000,0,0,0,0,2,0
TF,RW27,55.302408,61.527981,0, ,0.0,0.0,270.0,3.8,1,787,0,0,0,0,3,1
CA,0,270.0,2,1500,0,0,0,0,0,0
DF,CC213,55.415250,61.594389,2, ,0.0,0.0,0,0,0,1,210,0,0,0
TF,CC216,55.349139,61.881056,0, ,0.0,0.0,0.0,0.0,2,4500,0,0,0,0,0,0

