SID,ABIP2A,12,2
CA,0,123.0,2,1000,0,0,0,0,0,0
CI,2, ,0.0,303.0,0,0,0,0,0,0,0,0
CF,ABIPA,61.170278,62.730000,0,LKN,89.0,511.6,237.0,24.0,2,8000,0,0,0,0,0,0

SID,ABIP2B,30,2
CA,0,303.0,2,1000,0,0,0,0,0,0
CI,1, ,0.0,165.0,0,0,0,0,0,0,0,0
CF,ABIPA,61.170278,62.730000,0,LKN,89.0,511.6,237.0,22.0,2,8000,0,0,0,0,0,0

SID,ABIP2C,12,2
CA,0,123.0,2,1000,0,0,0,0,0,0
CI,2, ,0.0,303.0,0,0,0,0,0,0,0,0
CF,ABIPA,61.170278,62.730000,0,LKN,89.0,511.6,234.0,24.0,2,8000,0,0,0,0,0,0

SID,ABIP2D,30,2
CA,0,303.0,2,1000,0,0,0,0,0,0
CI,1, ,0.0,165.0,0,0,0,0,0,0,0,0
CF,ABIPA,61.170278,62.730000,0,LKN,89.0,511.6,234.0,22.0,2,8000,0,0,0,0,0,0

SID,ABIP2L,12,5
CF,HS006,61.271506,63.689672,0,LKN,86.8,531.7,123.0,4.0,0,0,0,0,0,0,0,1
DF,ABIPA,61.170278,62.730000,2, ,0.0,0.0,2,8000,0,0,0,0,0,0

SID,ABIP2M,30,5
CF,HS014,61.377333,63.518808,0,LKN,86.5,524.2,303.0,4.0,0,0,0,0,0,0,0,1
DF,ABIPA,61.170278,62.730000,0, ,0.0,0.0,2,8000,0,0,0,0,0,0

SID,BEDM2A,12,2
CA,0,123.0,2,1000,0,0,0,0,0,0
CI,1, ,0.0,330.0,0,0,0,0,0,0,0,0
CF,BEDMI,61.630000,64.291389,0,LKN,83.9,535.6,22.0,24.0,2,6000,0,0,0,0,0,0

SID,BEDM2B,30,2
CA,0,303.0,2,1000,0,0,0,0,0,0
CI,2, ,0.0,100.0,0,0,0,0,0,0,0,0
CF,BEDMI,61.630000,64.291389,0,LKN,83.9,535.6,22.0,23.0,2,6000,0,0,0,0,0,0

SID,BEDM2C,12,2
CA,0,123.0,2,1000,0,0,0,0,0,0
CI,1, ,0.0,330.0,0,0,0,0,0,0,0,0
CF,BEDMI,61.630000,64.291389,0,LKN,83.9,535.6,25.0,24.0,2,6000,0,0,0,0,0,0

SID,BEDM2D,30,2
CA,0,303.0,2,1000,0,0,0,0,0,0
CI,2, ,0.0,100.0,0,0,0,0,0,0,0,0
CF,BEDMI,61.630000,64.291389,0,LKN,83.9,535.6,25.0,23.0,2,6000,0,0,0,0,0,0

SID,BEDM2L,12,5
CF,HS006,61.271506,63.689672,0,LKN,86.8,531.7,123.0,4.0,0,0,0,0,0,0,0,1
DF,BEDMI,61.630000,64.291389,1, ,0.0,0.0,2,6000,0,0,0,0,0,0

SID,BEDM2M,30,5
CF,HS014,61.377333,63.518808,0,LKN,86.5,524.2,303.0,4.0,0,0,0,0,0,0,0,1
DF,BEDMI,61.630000,64.291389,2, ,0.0,0.0,2,6000,0,0,0,0,0,0

SID,DINR2A,12,2
CA,0,123.0,2,1000,0,0,0,0,0,0
CF,DINRA,61.178889,64.485556,0,LKN,86.0,554.2,86.0,25.0,2,6000,0,0,0,0,0,0

SID,DINR2B,30,2
CA,0,303.0,2,1000,0,0,0,0,0,0
DF,UY,61.287750,63.663611,1, ,0.0,0.0,0,0,0,0,0,0,0,0
TF,DINRA,61.178889,64.485556,0, ,0.0,0.0,0.0,0.0,2,6000,0,0,0,0,0,0

SID,DINR2C,12,2
CA,0,123.0,2,1000,0,0,0,0,0,0
CI,0, ,0.0,60.0,0,0,0,0,0,0,0,0
CF,DINRA,61.178889,64.485556,0,LKN,86.0,554.2,88.0,24.0,2,6000,0,0,0,0,0,0

SID,DINR2D,30,2
CA,0,303.0,2,1000,0,0,0,0,0,0
DF,U,61.308167,63.630694,1, ,0.0,0.0,0,0,0,0,0,0,0,0
TF,DINRA,61.178889,64.485556,0, ,0.0,0.0,0.0,0.0,2,6000,0,0,0,0,0,0

SID,DINR2L,12,5
CF,HS006,61.271506,63.689672,0,LKN,86.8,531.7,123.0,4.0,0,0,0,0,0,0,0,1
DF,DINRA,61.178889,64.485556,0, ,0.0,0.0,2,6000,0,0,0,0,0,0

SID,DINR2M,30,5
CF,HS014,61.377333,63.518808,0,LKN,86.5,524.2,303.0,4.0,0,0,0,0,0,0,0,1
DF,DINRA,61.178889,64.485556,2, ,0.0,0.0,2,6000,0,0,0,0,0,0

SID,INSU2A,12,2
CA,0,123.0,2,1000,0,0,0,0,0,0
CI,1, ,0.0,283.0,0,0,0,0,0,0,0,0
CF,INSUD,61.760278,63.828333,0,LKN,83.8,520.3,350.0,25.0,2,6000,0,0,0,0,0,0

SID,INSU2B,30,2
CA,0,303.0,2,1000,0,0,0,0,0,0
CI,2, ,0.0,50.0,0,0,0,0,0,0,0,0
CF,INSUD,61.760278,63.828333,0,LKN,83.8,520.3,350.0,22.0,2,6000,0,0,0,0,0,0

SID,INSU2C,12,2
CA,0,123.0,2,1000,0,0,0,0,0,0
CI,1, ,0.0,283.0,0,0,0,0,0,0,0,0
CF,INSUD,61.760278,63.828333,0,LKN,83.8,520.3,353.0,25.0,2,6000,0,0,0,0,0,0

SID,INSU2D,30,2
CA,0,303.0,2,1000,0,0,0,0,0,0
CI,2, ,0.0,50.0,0,0,0,0,0,0,0,0
CF,INSUD,61.760278,63.828333,0,LKN,83.8,520.3,353.0,23.0,2,6000,0,0,0,0,0,0

SID,INSU2L,12,5
CF,HS006,61.271506,63.689672,0,LKN,86.8,531.7,123.0,4.0,0,0,0,0,0,0,0,1
DF,INSUD,61.760278,63.828333,1, ,0.0,0.0,2,6000,0,0,0,0,0,0

SID,INSU2M,30,5
CF,HS014,61.377333,63.518808,0,LKN,86.5,524.2,303.0,4.0,0,0,0,0,0,0,0,1
DF,INSUD,61.760278,63.828333,0, ,0.0,0.0,2,6000,0,0,0,0,0,0

SID,LUTE2A,12,2
CA,0,123.0,2,1000,0,0,0,0,0,0
CI,1, ,0.0,20.0,0,0,0,0,0,0,0,0
CF,LUTEP,61.395556,64.527222,0,LKN,84.8,548.5,56.0,24.0,2,6000,0,0,0,0,0,0

SID,LUTE2B,30,2
CA,0,303.0,2,1000,0,0,0,0,0,0
DF,UY,61.287750,63.663611,1, ,0.0,0.0,0,0,0,0,0,0,0,0
TF,LUTEP,61.395556,64.527222,0, ,0.0,0.0,0.0,0.0,2,6000,0,0,0,0,0,0

SID,LUTE2C,12,2
CA,0,123.0,2,1000,0,0,0,0,0,0
CI,1, ,0.0,20.0,0,0,0,0,0,0,0,0
CF,LUTEP,61.395556,64.527222,0,LKN,84.8,548.5,59.0,23.0,2,6000,0,0,0,0,0,0

SID,LUTE2D,30,2
CA,0,303.0,2,1000,0,0,0,0,0,0
DF,U,61.308167,63.630694,1, ,0.0,0.0,0,0,0,0,0,0,0,0
TF,LUTEP,61.395556,64.527222,0, ,0.0,0.0,0.0,0.0,2,6000,0,0,0,0,0,0

SID,LUTE2L,12,5
CF,HS006,61.271506,63.689672,0,LKN,86.8,531.7,123.0,4.0,0,0,0,0,0,0,0,1
DF,LUTEP,61.395556,64.527222,0, ,0.0,0.0,2,6000,0,0,0,0,0,0

SID,LUTE2M,30,5
CF,HS014,61.377333,63.518808,0,LKN,86.5,524.2,303.0,4.0,0,0,0,0,0,0,0,1
DF,LUTEP,61.395556,64.527222,2, ,0.0,0.0,2,6000,0,0,0,0,0,0

SID,NIGO2A,12,2
CA,0,123.0,2,1000,0,0,0,0,0,0
CI,2, ,0.0,333.0,0,0,0,0,0,0,0,0
CF,NIGOK,61.369722,62.673889,0,LKN,88.0,503.8,261.0,25.0,2,7000,0,0,0,0,0,0

SID,NIGO2B,30,2
CA,0,303.0,2,1000,0,0,0,0,0,0
CI,1, ,0.0,200.0,0,0,0,0,0,0,0,0
CF,NIGOK,61.369722,62.673889,0,LKN,88.0,503.8,261.0,22.0,2,7000,0,0,0,0,0,0

SID,NIGO2C,12,2
CA,0,123.0,2,1000,0,0,0,0,0,0
CI,2, ,0.0,333.0,0,0,0,0,0,0,0,0
CF,NIGOK,61.369722,62.673889,0,LKN,88.0,503.8,259.0,25.0,2,7000,0,0,0,0,0,0

SID,NIGO2D,30,2
CA,0,303.0,2,1000,0,0,0,0,0,0
CI,1, ,0.0,200.0,0,0,0,0,0,0,0,0
CF,NIGOK,61.369722,62.673889,0,LKN,88.0,503.8,259.0,23.0,2,7000,0,0,0,0,0,0

SID,NIGO2L,12,5
CF,HS006,61.271506,63.689672,0,LKN,86.8,531.7,123.0,4.0,0,0,0,0,0,0,0,1
DF,NIGOK,61.369722,62.673889,2, ,0.0,0.0,2,7000,0,0,0,0,0,0

SID,NIGO2M,30,5
CF,HS014,61.377333,63.518808,0,LKN,86.5,524.2,303.0,4.0,0,0,0,0,0,0,0,1
DF,NIGOK,61.369722,62.673889,0, ,0.0,0.0,2,7000,0,0,0,0,0,0

SID,OBON2A,12,2
CA,0,123.0,2,1000,0,0,0,0,0,0
CI,0, ,0.0,200.0,0,0,0,0,0,0,0,0
CF,OBONI,60.881111,63.457778,0,LKN,89.3,538.8,175.0,23.0,2,7000,0,0,0,0,0,0

SID,OBON2B,30,2
CA,0,303.0,2,1000,0,0,0,0,0,0
DF,UY,61.287750,63.663611,2, ,0.0,0.0,0,0,0,0,0,0,0,0
TF,OBONI,60.881111,63.457778,0, ,0.0,0.0,0.0,0.0,2,7000,0,0,0,0,0,0

SID,OBON2C,12,2
CA,0,123.0,2,1000,0,0,0,0,0,0
CI,0, ,0.0,200.0,0,0,0,0,0,0,0,0
CF,OBONI,60.881111,63.457778,0,LKN,89.3,538.8,172.0,23.0,2,7000,0,0,0,0,0,0

SID,OBON2D,30,2
CA,0,303.0,2,1000,0,0,0,0,0,0
DF,U,61.308167,63.630694,2, ,0.0,0.0,0,0,0,0,0,0,0,0
TF,OBONI,60.881111,63.457778,0, ,0.0,0.0,0.0,0.0,2,7000,0,0,0,0,0,0

SID,OBON2L,12,5
CF,HS006,61.271506,63.689672,0,LKN,86.8,531.7,123.0,4.0,0,0,0,0,0,0,0,1
DF,OBONI,60.881111,63.457778,0, ,0.0,0.0,2,7000,0,0,0,0,0,0

SID,OBON2M,30,5
CF,HS014,61.377333,63.518808,0,LKN,86.5,524.2,303.0,4.0,0,0,0,0,0,0,0,1
DF,OBONI,60.881111,63.457778,1, ,0.0,0.0,2,7000,0,0,0,0,0,0

SID,OLEM2A,12,2
CA,0,123.0,2,1000,0,0,0,0,0,0
CF,OLEMI,60.926111,64.031389,0,LKN,88.1,551.3,135.0,26.0,2,6000,0,0,0,0,0,0

SID,OLEM2B,30,2
CA,0,303.0,2,1000,0,0,0,0,0,0
DF,UY,61.287750,63.663611,2, ,0.0,0.0,0,0,0,0,0,0,0,0
TF,OLEMI,60.926111,64.031389,0, ,0.0,0.0,0.0,0.0,2,6000,0,0,0,0,0,0

SID,OLEM2C,12,2
CA,0,123.0,2,1000,0,0,0,0,0,0
CF,OLEMI,60.926111,64.031389,0,LKN,88.1,551.3,134.0,25.0,2,6000,0,0,0,0,0,0

SID,OLEM2D,30,2
CA,0,303.0,2,1000,0,0,0,0,0,0
DF,U,61.308167,63.630694,2, ,0.0,0.0,0,0,0,0,0,0,0,0
TF,OLEMI,60.926111,64.031389,0, ,0.0,0.0,0.0,0.0,2,6000,0,0,0,0,0,0

SID,OLEM2L,12,5
CF,HS006,61.271506,63.689672,0,LKN,86.8,531.7,123.0,4.0,0,0,0,0,0,0,0,1
DF,OLEMI,60.926111,64.031389,0, ,0.0,0.0,2,6000,0,0,0,0,0,0

SID,OLEM2M,30,5
CF,HS014,61.377333,63.518808,0,LKN,86.5,524.2,303.0,4.0,0,0,0,0,0,0,0,1
DF,HS016,61.162394,63.535392,1, ,0.0,0.0,2,2310,0,0,0,0,0,0
TF,OLEMI,60.926111,64.031389,0, ,0.0,0.0,0.0,0.0,2,6000,0,0,0,0,0,0

SID,TIRA2A,12,2
CA,0,123.0,2,1000,0,0,0,0,0,0
CF,TIRAR,61.263333,64.528611,0,LKN,85.5,552.6,74.0,25.0,2,6000,0,0,0,0,0,0

SID,TIRA2B,30,2
CA,0,303.0,2,1000,0,0,0,0,0,0
DF,UY,61.287750,63.663611,1, ,0.0,0.0,0,0,0,0,0,0,0,0
TF,TIRAR,61.263333,64.528611,0, ,0.0,0.0,0.0,0.0,2,6000,0,0,0,0,0,0

SID,TIRA2C,12,2
CA,0,123.0,2,1000,0,0,0,0,0,0
CI,1, ,0.0,30.0,0,0,0,0,0,0,0,0
CF,TIRAR,61.263333,64.528611,0,LKN,85.5,552.6,77.0,23.0,2,6000,0,0,0,0,0,0

SID,TIRA2D,30,2
CA,0,303.0,2,1000,0,0,0,0,0,0
DF,U,61.308167,63.630694,1, ,0.0,0.0,0,0,0,0,0,0,0,0
TF,TIRAR,61.263333,64.528611,0, ,0.0,0.0,0.0,0.0,2,6000,0,0,0,0,0,0

SID,TIRA2L,12,5
CF,HS006,61.271506,63.689672,0,LKN,86.8,531.7,123.0,4.0,0,0,0,0,0,0,0,1
DF,TIRAR,61.263333,64.528611,0, ,0.0,0.0,2,6000,0,0,0,0,0,0

SID,TIRA2M,30,5
CF,HS014,61.377333,63.518808,0,LKN,86.5,524.2,303.0,4.0,0,0,0,0,0,0,0,1
DF,TIRAR,61.263333,64.528611,2, ,0.0,0.0,2,6000,0,0,0,0,0,0

STAR,ARKI2G,ALL,2
IF,ARKIM,61.290000,62.674167, ,0.0,0.0,2,7000,0,0,0,0,0,0
TF,UY,61.287750,63.663611,0, ,0.0,0.0,0.0,0.0,2,2320,0,0,0,0,0,0

STAR,ARKI2H,ALL,2
IF,ARKIM,61.290000,62.674167, ,0.0,0.0,2,7000,0,0,0,0,0,0
TF,U,61.308167,63.630694,0, ,0.0,0.0,0.0,0.0,2,2320,0,0,0,0,0,0

STAR,ARKI2J,12,5
IF,ARKIM,61.290000,62.674167, ,0.0,0.0,2,7000,0,0,0,0,0,0
TF,HS004,61.426583,63.190564,0, ,0.0,0.0,0.0,0.0,2,2320,0,0,0,0,0,0

STAR,ARKI2K,30,5
IF,ARKIM,61.290000,62.674167, ,0.0,0.0,2,7000,0,0,0,0,0,0
TF,HS016,61.162394,63.535392,0, ,0.0,0.0,0.0,0.0,2,2310,0,0,0,0,0,0
TF,HS011,61.098356,63.721872,0, ,0.0,0.0,0.0,0.0,2,2310,0,0,0,0,0,0

STAR,BEDM2G,ALL,2
IF,BEDMI,61.630000,64.291389, ,0.0,0.0,2,6000,0,0,0,0,0,0
TF,UY,61.287750,63.663611,0, ,0.0,0.0,0.0,0.0,2,2320,0,0,0,0,0,0

STAR,BEDM2H,ALL,2
IF,BEDMI,61.630000,64.291389, ,0.0,0.0,2,6000,0,0,0,0,0,0
TF,U,61.308167,63.630694,0, ,0.0,0.0,0.0,0.0,2,2320,0,0,0,0,0,0

STAR,BEDM2J,12,5
IF,BEDMI,61.630000,64.291389, ,0.0,0.0,2,6000,0,0,0,0,0,0
TF,HS003,61.541922,63.498947,0, ,0.0,0.0,0.0,0.0,2,2320,0,0,0,0,0,0

STAR,BEDM2K,30,5
IF,BEDMI,61.630000,64.291389, ,0.0,0.0,2,6000,0,0,0,0,0,0
TF,HS012,61.212500,64.028969,0, ,0.0,0.0,0.0,0.0,2,2310,0,0,0,0,0,0

STAR,DINR2G,ALL,2
IF,DINRA,61.178889,64.485556, ,0.0,0.0,2,6000,0,0,0,0,0,0
TF,UY,61.287750,63.663611,0, ,0.0,0.0,0.0,0.0,2,2320,0,0,0,0,0,0

STAR,DINR2H,ALL,2
IF,DINRA,61.178889,64.485556, ,0.0,0.0,2,6000,0,0,0,0,0,0
TF,U,61.308167,63.630694,0, ,0.0,0.0,0.0,0.0,2,2320,0,0,0,0,0,0

STAR,DINR2J,12,5
IF,DINRA,61.178889,64.485556, ,0.0,0.0,2,6000,0,0,0,0,0,0
TF,HS003,61.541922,63.498947,0, ,0.0,0.0,0.0,0.0,2,2320,0,0,0,0,0,0

STAR,DINR2K,30,5
IF,DINRA,61.178889,64.485556, ,0.0,0.0,2,6000,0,0,0,0,0,0
TF,HS012,61.212500,64.028969,0, ,0.0,0.0,0.0,0.0,2,2310,0,0,0,0,0,0

STAR,INSU2G,ALL,2
IF,INSUD,61.760278,63.828333, ,0.0,0.0,2,6000,0,0,0,0,0,0
TF,UY,61.287750,63.663611,0, ,0.0,0.0,0.0,0.0,2,2320,0,0,0,0,0,0

STAR,INSU2H,ALL,2
IF,INSUD,61.760278,63.828333, ,0.0,0.0,2,6000,0,0,0,0,0,0
TF,U,61.308167,63.630694,0, ,0.0,0.0,0.0,0.0,2,2320,0,0,0,0,0,0

STAR,INSU2J,12,5
IF,INSUD,61.760278,63.828333, ,0.0,0.0,2,6000,0,0,0,0,0,0
TF,HS003,61.541922,63.498947,0, ,0.0,0.0,0.0,0.0,2,2320,0,0,0,0,0,0

STAR,INSU2K,30,5
IF,INSUD,61.760278,63.828333, ,0.0,0.0,2,6000,0,0,0,0,0,0
TF,HS012,61.212500,64.028969,0, ,0.0,0.0,0.0,0.0,2,2310,0,0,0,0,0,0

STAR,LUTE2G,ALL,2
IF,LUTEP,61.395556,64.527222, ,0.0,0.0,2,6000,0,0,0,0,0,0
TF,UY,61.287750,63.663611,0, ,0.0,0.0,0.0,0.0,2,2320,0,0,0,0,0,0

STAR,LUTE2H,ALL,2
IF,LUTEP,61.395556,64.527222, ,0.0,0.0,2,6000,0,0,0,0,0,0
TF,U,61.308167,63.630694,0, ,0.0,0.0,0.0,0.0,2,2320,0,0,0,0,0,0

STAR,LUTE2J,12,5
IF,LUTEP,61.395556,64.527222, ,0.0,0.0,2,6000,0,0,0,0,0,0
TF,HS003,61.541922,63.498947,0, ,0.0,0.0,0.0,0.0,2,2320,0,0,0,0,0,0

STAR,LUTE2K,30,5
IF,LUTEP,61.395556,64.527222, ,0.0,0.0,2,6000,0,0,0,0,0,0
TF,HS012,61.212500,64.028969,0, ,0.0,0.0,0.0,0.0,2,2310,0,0,0,0,0,0

STAR,NIGO2G,ALL,2
IF,NIGOK,61.369722,62.673889, ,0.0,0.0,2,7000,0,0,0,0,0,0
TF,UY,61.287750,63.663611,0, ,0.0,0.0,0.0,0.0,2,2320,0,0,0,0,0,0

STAR,NIGO2H,ALL,2
IF,NIGOK,61.369722,62.673889, ,0.0,0.0,2,7000,0,0,0,0,0,0
TF,U,61.308167,63.630694,0, ,0.0,0.0,0.0,0.0,2,2320,0,0,0,0,0,0

STAR,NIGO2J,12,5
IF,NIGOK,61.369722,62.673889, ,0.0,0.0,2,7000,0,0,0,0,0,0
TF,HS004,61.426583,63.190564,0, ,0.0,0.0,0.0,0.0,2,2320,0,0,0,0,0,0

STAR,NIGO2K,30,5
IF,NIGOK,61.369722,62.673889, ,0.0,0.0,2,7000,0,0,0,0,0,0
TF,HS016,61.162394,63.535392,0, ,0.0,0.0,0.0,0.0,2,2310,0,0,0,0,0,0
TF,HS011,61.098356,63.721872,0, ,0.0,0.0,0.0,0.0,2,2310,0,0,0,0,0,0

STAR,OBON2G,ALL,2
IF,OBONI,60.881111,63.457778, ,0.0,0.0,2,7000,0,0,0,0,0,0
TF,UY,61.287750,63.663611,0, ,0.0,0.0,0.0,0.0,2,2320,0,0,0,0,0,0

STAR,OBON2H,ALL,2
IF,OBONI,60.881111,63.457778, ,0.0,0.0,2,7000,0,0,0,0,0,0
TF,U,61.308167,63.630694,0, ,0.0,0.0,0.0,0.0,2,2320,0,0,0,0,0,0

STAR,OBON2J,12,5
IF,OBONI,60.881111,63.457778, ,0.0,0.0,2,7000,0,0,0,0,0,0
TF,HS007,61.323536,63.274286,0, ,0.0,0.0,0.0,0.0,2,2320,0,0,0,0,0,0
TF,HS004,61.426583,63.190564,0, ,0.0,0.0,0.0,0.0,2,2320,0,0,0,0,0,0

STAR,OBON2K,30,5
IF,OBONI,60.881111,63.457778, ,0.0,0.0,2,7000,0,0,0,0,0,0
TF,HS011,61.098356,63.721872,0, ,0.0,0.0,0.0,0.0,2,2310,0,0,0,0,0,0

STAR,OLEM2G,ALL,2
IF,OLEMI,60.926111,64.031389, ,0.0,0.0,2,6000,0,0,0,0,0,0
TF,UY,61.287750,63.663611,0, ,0.0,0.0,0.0,0.0,2,2320,0,0,0,0,0,0

STAR,OLEM2H,ALL,2
IF,OLEMI,60.926111,64.031389, ,0.0,0.0,2,6000,0,0,0,0,0,0
TF,U,61.308167,63.630694,0, ,0.0,0.0,0.0,0.0,2,2320,0,0,0,0,0,0

STAR,OLEM2J,12,5
IF,OLEMI,60.926111,64.031389, ,0.0,0.0,2,6000,0,0,0,0,0,0
TF,HS007,61.323536,63.274286,0, ,0.0,0.0,0.0,0.0,2,2320,0,0,0,0,0,0
TF,HS004,61.426583,63.190564,0, ,0.0,0.0,0.0,0.0,2,2320,0,0,0,0,0,0

STAR,OLEM2K,30,5
IF,OLEMI,60.926111,64.031389, ,0.0,0.0,2,6000,0,0,0,0,0,0
TF,HS013,61.103539,63.957714,0, ,0.0,0.0,0.0,0.0,2,2310,0,0,0,0,0,0

STAR,TIRA2G,ALL,2
IF,TIRAR,61.263333,64.528611, ,0.0,0.0,2,6000,0,0,0,0,0,0
TF,UY,61.287750,63.663611,0, ,0.0,0.0,0.0,0.0,2,2320,0,0,0,0,0,0

STAR,TIRA2H,ALL,2
IF,TIRAR,61.263333,64.528611, ,0.0,0.0,2,6000,0,0,0,0,0,0
TF,U,61.308167,63.630694,0, ,0.0,0.0,0.0,0.0,2,2320,0,0,0,0,0,0

STAR,TIRA2J,12,5
IF,TIRAR,61.263333,64.528611, ,0.0,0.0,2,6000,0,0,0,0,0,0
TF,HS003,61.541922,63.498947,0, ,0.0,0.0,0.0,0.0,2,2320,0,0,0,0,0,0

STAR,TIRA2K,30,5
IF,TIRAR,61.263333,64.528611, ,0.0,0.0,2,6000,0,0,0,0,0,0
TF,HS012,61.212500,64.028969,0, ,0.0,0.0,0.0,0.0,2,2310,0,0,0,0,0,0

FINAL,N12-Y,12,N,2
IF,FN12,61.398583,63.483225,UY,0.0,0.0,1,1990,0,0,0,0,2,0
CF,RW12,61.333303,63.590022,0,UY,0.0,0.0,123.0,5.0,1,391,0,0,0,0,3,0
CF,UY,61.287750,63.663611,0,UY,0.0,0.0,123.0,3.5,0,0,0,0,0,0,0,1
CA,0,123.0,2,1660,0,0,0,0,0,0
DF,UY,61.287750,63.663611,2, ,0.0,0.0,2,2320,0,1,215,0,0,0

FINAL,N12-Z,12,N,2
IF,FN12,61.398583,63.483225,U,0.0,0.0,1,1990,0,0,0,0,2,0
CF,RW12,61.333303,63.590022,0,U,0.0,0.0,123.0,5.0,1,391,0,0,0,0,3,0
CF,U,61.308167,63.630694,0,U,0.0,0.0,123.0,1.9,0,0,0,0,0,0,0,1
CA,0,123.0,2,1660,0,0,0,0,0,0
DF,U,61.308167,63.630694,2, ,0.0,0.0,2,2320,0,1,215,0,0,0

FINAL,N30-X,30,N,2
IF,FN30X,61.227608,63.761147,U,0.0,0.0,1,2310,0,0,0,0,2,0
CF,U,61.308167,63.630694,0,U,0.0,0.0,303.0,6.2,1,547,0,0,0,0,3,0
CA,0,303.0,2,1330,0,0,0,0,0,0
DF,U,61.308167,63.630694,1, ,0.0,0.0,2,2310,0,1,215,0,0,0

FINAL,N30-Y,30,N,3
IF,FN30,61.241581,63.738581,UY,0.0,0.0,1,1980,0,0,0,0,2,0
CF,UY,61.287750,63.663611,0,UY,0.0,0.0,303.0,3.5,1,1000,0,0,0,0,0,0
CF,RW30,61.315561,63.618664,0,UY,0.0,0.0,303.0,2.1,1,387,0,0,0,0,3,0
CA,0,303.0,2,1330,0,0,0,0,0,0
DF,UY,61.287750,63.663611,1, ,0.0,0.0,2,2310,0,1,215,0,0,0

FINAL,N30-Z,30,N,2
IF,FN30,61.241581,63.738581,U,0.0,0.0,1,1980,0,0,0,0,2,0
CF,RW30,61.315561,63.618664,0,U,0.0,0.0,303.0,5.7,1,387,0,0,0,0,3,0
CA,0,303.0,2,1330,0,0,0,0,0,0
DF,U,61.308167,63.630694,1, ,0.0,0.0,2,2310,0,1,215,0,0,0

APPTR,R12,12,HS003
IF,HS003,61.541922,63.498947, ,0.0,0.0,2,2320,0,0,0,0,1,0
TF,HS002,61.457500,63.388333,0, ,0.0,0.0,0.0,0.0,2,2320,0,0,0,0,1,0

APPTR,R12,12,HS004
IF,HS004,61.426583,63.190564, ,0.0,0.0,2,2320,0,0,0,0,1,0
TF,HS002,61.457500,63.388333,0, ,0.0,0.0,0.0,0.0,2,2320,0,0,0,0,1,0

FINAL,R12,12,R,3
IF,HS002,61.457500,63.388333, ,0.0,0.0,2,2320,0,0,0,0,0,0
TF,HS001,61.398861,63.483819,0, ,0.0,0.0,123.0,4.5,1,1990,0,0,0,0,2,0
TF,RW12,61.333303,63.590022,0, ,0.0,0.0,123.0,5.0,1,391,0,0,0,0,3,1
TF,HS006,61.271506,63.689672,0, ,0.0,0.0,0.0,0.0,0,0,0,0,0,0,0,1
DF,HS007,61.323536,63.274286,2, ,0.0,0.0,2,2320,0,0,0,0,0,0
TF,HS004,61.426583,63.190564,0, ,0.0,0.0,0.0,0.0,2,2320,0,0,0,0,0,0

APPTR,R30,30,HS011
IF,HS011,61.098356,63.721872, ,0.0,0.0,2,2310,0,0,0,0,1,0
TF,HS009,61.182514,63.832117,0, ,0.0,0.0,0.0,0.0,2,2310,0,0,0,0,1,0

APPTR,R30,30,HS012
IF,HS012,61.212500,64.028969, ,0.0,0.0,2,2310,0,0,0,0,1,0
TF,HS009,61.182514,63.832117,0, ,0.0,0.0,0.0,0.0,2,2310,0,0,0,0,1,0

APPTR,R30,30,HS013
IF,HS013,61.103539,63.957714, ,0.0,0.0,2,2310,0,0,0,0,1,0
TF,HS009,61.182514,63.832117,0, ,0.0,0.0,0.0,0.0,2,2310,0,0,0,0,1,0

FINAL,R30,30,R,3
IF,HS009,61.182514,63.832117, ,0.0,0.0,2,2310,0,0,0,0,0,0
TF,HS008,61.241644,63.737539,0, ,0.0,0.0,303.0,4.5,1,1980,0,0,0,0,2,0
TF,RW30,61.315561,63.618664,0, ,0.0,0.0,303.0,5.6,1,387,0,0,0,0,3,1
TF,HS014,61.377333,63.518808,0, ,0.0,0.0,0.0,0.0,0,0,0,0,0,0,0,1
DF,HS016,61.162394,63.535392,1, ,0.0,0.0,2,2310,0,0,0,0,0,0
TF,HS011,61.098356,63.721872,0, ,0.0,0.0,0.0,0.0,2,2310,0,0,0,0,0,0

