SID,BANIL1,14,2
CA,0,136.0,2,710,0,0,0,0,0,0
CF,BANIL,65.380278,73.747222,0,BZW,43.8,240.8,74.0,24.0,2,6000,0,0,0,0,0,0

SID,BANIL3,32,2
CA,0,316.0,2,710,0,0,0,0,0,0
CF,BANIL,65.380278,73.747222,2,BZW,43.8,240.8,94.0,26.0,2,6000,0,0,0,0,0,0

SID,DIGLU1,14,2
CA,0,136.0,2,710,0,0,0,0,0,0
VI,0, ,0.0,136.0,0,0,0,0,0,0,0,0
CF,DIGLU,64.971389,72.799722,0,BZW,48.1,211.0,160.0,25.0,2,6000,0,0,0,0,0,0

SID,DIGLU3,32,2
CA,0,316.0,2,710,0,0,0,0,0,0
CF,DIGLU,64.971389,72.799722,1,BZW,48.1,211.0,145.0,32.0,2,6000,0,0,0,0,0,0

SID,DITUL1,14,2
CA,0,136.0,2,710,0,0,0,0,0,0
CF,DITUL,65.186944,71.891111,0,BZW,42.7,192.8,217.0,25.0,2,6000,0,0,0,0,0,0

SID,DITUL3,32,2
CA,0,316.0,2,710,0,0,0,0,0,0
VI,1, ,0.0,224.0,0,0,0,0,0,0,0,0
CF,DITUL,65.186944,71.891111,0,BZW,42.7,192.8,194.0,24.0,2,6000,0,0,0,0,0,0

SID,GISOM1,14,2
CA,0,136.0,2,710,0,0,0,0,0,0
CF,GISOM,65.682222,73.640833,1,BZW,39.5,244.4,30.0,25.0,2,6000,0,0,0,0,0,0

SID,GISOM3,32,2
CA,0,316.0,2,710,0,0,0,0,0,0
CF,GISOM,65.682222,73.640833,2,BZW,39.5,244.4,52.0,25.0,2,6000,0,0,0,0,0,0

SID,MONIB1,14,2
CA,0,136.0,2,710,0,0,0,0,0,0
CF,MONIB,65.840833,72.049167,2,BZW,33.1,213.0,308.0,27.0,2,6000,0,0,0,0,0,0

SID,MONIB3,32,2
CA,0,316.0,2,710,0,0,0,0,0,0
CF,MONIB,65.840833,72.049167,0,BZW,33.1,213.0,298.0,22.0,2,6000,0,0,0,0,0,0

SID,NESAT1,14,2
CA,0,136.0,2,710,0,0,0,0,0,0
CF,NESAT,65.081944,73.180556,0,BZW,47.1,222.1,130.0,24.0,2,6000,0,0,0,0,0,0

SID,NESAT3,32,2
CA,0,316.0,2,710,0,0,0,0,0,0
CF,NESAT,65.081944,73.180556,2,BZW,47.1,222.1,142.0,28.0,2,6000,0,0,0,0,0,0

SID,OGLES1,14,2
CA,0,136.0,2,710,0,0,0,0,0,0
CF,OGLES,65.578056,71.643889,2,BZW,35.6,196.6,272.0,26.0,2,6000,0,0,0,0,0,0

SID,OGLES3,32,2
CA,0,316.0,2,710,0,0,0,0,0,0
VI,0, ,0.0,281.0,0,0,0,0,0,0,0,0
CF,OGLES,65.578056,71.643889,0,BZW,35.6,196.6,251.0,22.0,2,6000,0,0,0,0,0,0

SID,OKLIN1,14,2
CA,0,136.0,2,710,0,0,0,0,0,0
CF,OKLIN,65.818889,73.591944,1,BZW,37.6,246.4,15.0,29.0,2,6000,0,0,0,0,0,0

SID,OKLIN3,32,2
CA,0,316.0,2,710,0,0,0,0,0,0
CF,OKLIN,65.818889,73.591944,0,BZW,37.6,246.4,36.0,28.0,2,6000,0,0,0,0,0,0

SID,RAKOT1,14,2
CA,0,136.0,2,710,0,0,0,0,0,0
CF,RAKOT,65.929722,72.770556,1,BZW,34.1,231.1,332.0,28.0,2,6000,0,0,0,0,0,0

SID,RAKOT3,32,2
CA,0,316.0,2,710,0,0,0,0,0,0
CF,RAKOT,65.929722,72.770556,0,BZW,34.1,231.1,348.0,23.0,2,6000,0,0,0,0,0,0

STAR,BANIL2,14,2
IF,BANIL,65.380278,73.747222, ,0.0,0.0,0,0,0,0,0,0,0,0
TF,D345H,65.660000,72.693333,0, ,0.0,0.0,0.0,0.0,1,1690,0,0,0,0,0,1
CF,D330H,65.655000,72.606667,0,BZW,37.4,220.1,226.0,1.0,1,1690,0,0,0,0,0,1
CF,CF14,65.609392,72.569356,0,BZW,37.9,218.1,136.0,2.0,1,1690,0,0,0,0,0,0

STAR,BANIL4,32,2
IF,BANIL,65.380278,73.747222, ,0.0,0.0,0,0,0,0,0,0,0,0
TF,D124H,65.326667,72.930000,0, ,0.0,0.0,0.0,0.0,1,1690,0,0,0,0,0,1
CF,CF32,65.356669,72.824581,0,BZW,42.3,218.4,316.0,2.0,1,1690,0,0,0,0,0,0

STAR,DIGLU2,14,2
IF,DIGLU,64.971389,72.799722, ,0.0,0.0,0,0,0,0,0,0,0,0
TF,NO,65.524611,72.655417,0, ,0.0,0.0,0.0,0.0,0,0,0,0,0,0,0,0
TF,D352F,65.629444,72.714722,0, ,0.0,0.0,0.0,0.0,0,0,0,0,0,0,0,1
DF,D345H,65.660000,72.693333,0, ,0.0,0.0,1,1690,0,0,0,0,0,1
CF,D330H,65.655000,72.606667,0,BZW,37.4,220.1,226.0,1.0,1,1690,0,0,0,0,0,1
CF,CF14,65.609392,72.569356,0,BZW,37.9,218.1,136.0,2.0,1,1690,0,0,0,0,0,0

STAR,DIGLU4,32,2
IF,DIGLU,64.971389,72.799722, ,0.0,0.0,0,0,0,0,0,0,0,0
TF,CF32,65.356669,72.824581,0, ,0.0,0.0,0.0,0.0,1,1690,0,0,0,0,0,0

STAR,DITUL2,14,2
IF,DITUL,65.186944,71.891111, ,0.0,0.0,0,0,0,0,0,0,0,0
TF,D293G,65.608333,72.451667,0, ,0.0,0.0,0.0,0.0,1,2020,0,0,0,0,0,1
CF,CF14,65.609392,72.569356,2,BZW,37.9,218.1,136.0,1.0,1,1690,0,0,0,0,0,0

STAR,DITUL4,32,2
IF,DITUL,65.186944,71.891111, ,0.0,0.0,0,0,0,0,0,0,0,0
TF,D151H,65.310000,72.783333,0, ,0.0,0.0,0.0,0.0,1,1690,0,0,0,0,0,1
CF,CF32,65.356669,72.824581,1,BZW,42.3,218.4,316.0,1.0,1,1690,0,0,0,0,0,0

STAR,GISOM2,14,2
IF,GISOM,65.682222,73.640833, ,0.0,0.0,0,0,0,0,0,0,0,0
TF,D339H,65.663333,72.661667,0, ,0.0,0.0,0.0,0.0,1,1690,0,0,0,0,0,1
CF,D330H,65.655000,72.606667,0,BZW,37.4,220.1,226.0,1.0,1,1690,0,0,0,0,0,1
CF,CF14,65.609392,72.569356,0,BZW,37.9,218.1,136.0,2.0,1,1690,0,0,0,0,0,0

STAR,GISOM4,32,2
IF,GISOM,65.682222,73.640833, ,0.0,0.0,0,0,0,0,0,0,0,0
TF,D111I,65.341667,72.998333,0, ,0.0,0.0,0.0,0.0,1,1690,0,0,0,0,0,1
CF,D124H,65.326667,72.930000,0,BZW,42.9,220.3,226.0,1.0,1,1690,0,0,0,0,0,1
CF,CF32,65.356669,72.824581,0,BZW,42.3,218.4,316.0,2.0,1,1690,0,0,0,0,0,0

STAR,MONIB2,14,2
IF,MONIB,65.840833,72.049167, ,0.0,0.0,0,0,0,0,0,0,0,0
TF,D315F,65.618333,72.556667,0, ,0.0,0.0,0.0,0.0,1,2020,0,0,0,0,0,1
CF,CF14,65.609392,72.569356,0,BZW,37.9,218.1,136.0,1.0,1,1690,0,0,0,0,0,0

STAR,MONIB4,32,2
IF,MONIB,65.840833,72.049167, ,0.0,0.0,0,0,0,0,0,0,0,0
TF,D171G,65.328333,72.685000,0, ,0.0,0.0,0.0,0.0,1,1690,0,0,0,0,0,1
CF,CF32,65.356669,72.824581,1,BZW,42.3,218.4,316.0,1.0,1,1690,0,0,0,0,0,0

STAR,NESAT2,14,2
IF,NESAT,65.081944,73.180556, ,0.0,0.0,0,0,0,0,0,0,0,0
TF,NO,65.524611,72.655417,0, ,0.0,0.0,0.0,0.0,0,0,0,0,0,0,0,0
TF,D352F,65.629444,72.714722,0, ,0.0,0.0,0.0,0.0,0,0,0,0,0,0,0,1
DF,D345H,65.660000,72.693333,0, ,0.0,0.0,1,1690,0,0,0,0,0,1
CF,D330H,65.655000,72.606667,0,BZW,37.4,220.1,226.0,1.0,1,1690,0,0,0,0,0,1
CF,CF14,65.609392,72.569356,0,BZW,37.9,218.1,136.0,2.0,1,1690,0,0,0,0,0,0

STAR,NESAT4,32,2
IF,NESAT,65.081944,73.180556, ,0.0,0.0,0,0,0,0,0,0,0,0
TF,CF32,65.356669,72.824581,0, ,0.0,0.0,0.0,0.0,1,1690,0,0,0,0,0,0

STAR,OGLES2,14,2
IF,OGLES,65.578056,71.643889, ,0.0,0.0,0,0,0,0,0,0,0,0
TF,D307G,65.626667,72.505000,0, ,0.0,0.0,0.0,0.0,1,2020,0,0,0,0,0,1
CF,CF14,65.609392,72.569356,0,BZW,37.9,218.1,136.0,1.0,1,1690,0,0,0,0,0,0

STAR,OGLES4,32,2
IF,OGLES,65.578056,71.643889, ,0.0,0.0,0,0,0,0,0,0,0,0
TF,D171G,65.328333,72.685000,0, ,0.0,0.0,0.0,0.0,1,1690,0,0,0,0,0,1
CF,CF32,65.356669,72.824581,1,BZW,42.3,218.4,316.0,1.0,1,1690,0,0,0,0,0,0

STAR,OKLIN2,14,2
IF,OKLIN,65.818889,73.591944, ,0.0,0.0,0,0,0,0,0,0,0,0
TF,D339H,65.663333,72.661667,0, ,0.0,0.0,0.0,0.0,1,1690,0,0,0,0,0,1
CF,D330H,65.655000,72.606667,0,BZW,37.4,220.1,226.0,1.0,1,1690,0,0,0,0,0,1
CF,CF14,65.609392,72.569356,0,BZW,37.9,218.1,136.0,2.0,1,1690,0,0,0,0,0,0

STAR,OKLIN4,32,2
IF,OKLIN,65.818889,73.591944, ,0.0,0.0,0,0,0,0,0,0,0,0
TF,D111I,65.341667,72.998333,0, ,0.0,0.0,0.0,0.0,1,1690,0,0,0,0,0,1
CF,D124H,65.326667,72.930000,0,BZW,42.9,220.3,226.0,1.0,1,1690,0,0,0,0,0,1
CF,CF32,65.356669,72.824581,0,BZW,42.3,218.4,316.0,2.0,1,1690,0,0,0,0,0,0

STAR,RAKOT2,14,2
IF,RAKOT,65.929722,72.770556, ,0.0,0.0,0,0,0,0,0,0,0,0
TF,D319G,65.633333,72.561667,0, ,0.0,0.0,0.0,0.0,1,1690,0,0,0,0,0,1
CF,CF14,65.609392,72.569356,0,BZW,37.9,218.1,136.0,1.0,1,1690,0,0,0,0,0,0

STAR,RAKOT4,32,2
IF,RAKOT,65.929722,72.770556, ,0.0,0.0,0,0,0,0,0,0,0,0
TF,D045D,65.468333,72.903333,0, ,0.0,0.0,0.0,0.0,1,1690,0,0,0,0,0,0
TF,D103H,65.365000,73.006667,0, ,0.0,0.0,0.0,0.0,1,1690,0,0,0,0,0,1
CF,D124H,65.326667,72.930000,0,BZW,42.9,220.3,226.0,2.0,1,1690,0,0,0,0,0,1
CF,CF32,65.356669,72.824581,0,BZW,42.3,218.4,316.0,2.0,1,1690,0,0,0,0,0,0

STAR,RIKBI2,14,2
IF,RIKBI,65.096111,72.153333, ,0.0,0.0,0,0,0,0,0,0,0,0
TF,D293G,65.608333,72.451667,0, ,0.0,0.0,0.0,0.0,1,2020,0,0,0,0,0,1
CF,CF14,65.609392,72.569356,2,BZW,37.9,218.1,136.0,1.0,1,1690,0,0,0,0,0,0

STAR,RIKBI4,32,2
IF,RIKBI,65.096111,72.153333, ,0.0,0.0,0,0,0,0,0,0,0,0
TF,D151H,65.310000,72.783333,0, ,0.0,0.0,0.0,0.0,1,1690,0,0,0,0,0,1
CF,CF32,65.356669,72.824581,0,BZW,42.3,218.4,316.0,1.0,1,1690,0,0,0,0,0,0

APPTR,D14,14,NDM1
FD,NDM,65.480167,72.706333,0,NDM,0.0,12.6,333.0,12.6,2,1860,0,0,0,0,1,0
CF,FD14,65.576317,72.587928,1,NDM,311.0,6.5,131.0,6.0,1,1690,0,0,0,0,0,0

APPTR,D14,14,NDM2
FD,NDM,65.480167,72.706333,0,NDM,0.0,12.6,331.0,12.6,2,1860,0,0,0,0,1,0
CF,FD14,65.576317,72.587928,1,NDM,311.0,6.5,131.0,6.0,1,1690,0,0,0,0,0,0

APPTR,D14,14,NDM3
FD,NDM,65.480167,72.706333,0,NDM,0.0,12.6,318.0,12.6,2,1860,0,0,0,0,1,0
CF,FD14,65.576317,72.587928,1,NDM,311.0,6.5,131.0,6.0,1,1690,0,0,0,0,0,0

APPTR,D14,14,NDM4
FD,NDM,65.480167,72.706333,0,NDM,0.0,12.6,317.0,12.6,2,1860,0,0,0,0,1,0
CF,FD14,65.576317,72.587928,1,NDM,311.0,6.5,131.0,6.0,1,1690,0,0,0,0,0,0

FINAL,D14,14,D,2
IF,FD14,65.576317,72.587928,NDM,311.0,6.5,1,1690,0,0,0,0,2,0
CF,RW14,65.493242,72.687314,0,NDM,306.9,0.9,131.0,5.6,1,100,0,0,0,0,3,0
CA,0,131.0,2,1370,0,0,0,0,0,0
DF,NDM,65.480167,72.706333,1, ,0.0,0.0,2,1860,0,0,0,0,0,0

APPTR,D32,32,NDM1
FD,NDM,65.480167,72.706333,0,NDM,0.0,12.1,164.0,12.1,2,1860,0,0,0,0,1,0
CF,FD32,65.384842,72.776206,1,NDM,141.0,6.0,321.0,6.0,1,1690,0,0,0,0,0,0

APPTR,D32,32,NDM2
FD,NDM,65.480167,72.706333,0,NDM,0.0,12.1,163.0,12.1,2,1860,0,0,0,0,1,0
CF,FD32,65.384842,72.776206,1,NDM,141.0,6.0,321.0,6.0,1,1690,0,0,0,0,0,0

APPTR,D32,32,NDM3
FD,NDM,65.480167,72.706333,0,NDM,0.0,12.1,149.0,12.1,2,1860,0,0,0,0,1,0
CF,FD32,65.384842,72.776206,1,NDM,141.0,6.0,321.0,6.0,1,1690,0,0,0,0,0,0

APPTR,D32,32,NDM4
FD,NDM,65.480167,72.706333,0,NDM,0.0,12.1,147.0,12.1,2,1860,0,0,0,0,1,0
CF,FD32,65.384842,72.776206,1,NDM,141.0,6.0,321.0,6.0,1,1690,0,0,0,0,0,0

FINAL,D32,32,D,3
IF,FD32,65.384842,72.776206,NDM,141.0,6.0,1,1690,0,0,0,0,2,0
CF,24VOR,65.442042,72.734342,0,NDM,141.0,2.4,321.0,3.6,1,640,0,0,0,0,0,0
CF,RW32,65.471281,72.709483,0,NDM,149.6,0.5,321.0,1.9,1,101,0,0,0,0,3,0
CA,0,321.0,2,1370,0,0,0,0,0,0
DF,NDM,65.480167,72.706333,2, ,0.0,0.0,2,1860,0,0,0,0,0,0

APPTR,I14-X,14,NDM1
FD,NDM,65.480167,72.706333,0,NDM,0.0,12.6,338.0,12.6,2,1860,0,0,0,0,1,0
CF,CF14,65.609392,72.569356,1,INO,315.3,9.3,135.0,4.0,1,1690,0,0,0,0,0,0

APPTR,I14-X,14,NDM2
FD,NDM,65.480167,72.706333,0,NDM,0.0,12.6,336.0,12.6,2,1860,0,0,0,0,1,0
CF,CF14,65.609392,72.569356,1,INO,315.3,9.3,135.0,4.0,1,1690,0,0,0,0,0,0

APPTR,I14-X,14,NDM3
FD,NDM,65.480167,72.706333,0,NDM,0.0,12.6,323.0,12.6,2,1860,0,0,0,0,1,0
CF,CF14,65.609392,72.569356,1,INO,315.3,9.3,135.0,4.0,1,1690,0,0,0,0,0,0

APPTR,I14-X,14,NDM4
FD,NDM,65.480167,72.706333,0,NDM,0.0,12.6,321.0,12.6,2,1860,0,0,0,0,1,0
CF,CF14,65.609392,72.569356,1,INO,315.3,9.3,135.0,4.0,1,1690,0,0,0,0,0,0

FINAL,I14-X,14,I,3
IF,CF14,65.609392,72.569356,INO,315.3,9.3,1,1690,0,0,0,0,0,0
CF,FF14,65.578781,72.600553,0,INO,315.3,7.3,135.0,2.0,1,1690,0,0,0,0,2,0
CF,RW14,65.493242,72.687314,0,INO,315.3,1.7,135.0,5.6,1,100,0,0,0,0,3,0
CA,0,135.0,2,1370,0,0,0,0,0,0
DF,NDM,65.480167,72.706333,1, ,0.0,0.0,2,1860,0,0,0,0,0,0

APPTR,I14-Y,14,NO1
FD,NO,65.524611,72.655417,0,NDM,312.6,12.6,343.0,12.6,2,1860,0,0,0,0,1,0
CF,CF14,65.609392,72.569356,1,INO,315.3,9.3,135.0,4.0,1,1690,0,0,0,0,0,0

APPTR,I14-Y,14,NO2
FD,NO,65.524611,72.655417,0,NDM,312.6,12.6,341.0,12.6,2,1860,0,0,0,0,1,0
CF,CF14,65.609392,72.569356,1,INO,315.3,9.3,135.0,4.0,1,1690,0,0,0,0,0,0

APPTR,I14-Y,14,NO3
FD,NO,65.524611,72.655417,0,NDM,312.6,12.6,325.0,12.6,2,1860,0,0,0,0,1,0
CF,CF14,65.609392,72.569356,1,INO,315.3,9.3,135.0,4.0,1,1690,0,0,0,0,0,0

APPTR,I14-Y,14,NO4
FD,NO,65.524611,72.655417,0,NDM,312.6,12.6,323.0,12.6,2,1860,0,0,0,0,1,0
CF,CF14,65.609392,72.569356,1,INO,315.3,9.3,135.0,4.0,1,1690,0,0,0,0,0,0

FINAL,I14-Y,14,I,3
IF,CF14,65.609392,72.569356,INO,315.3,9.3,1,1690,0,0,0,0,0,0
CF,FF14,65.578781,72.600553,0,INO,315.3,7.3,135.0,2.0,1,1690,0,0,0,0,2,0
CF,RW14,65.493242,72.687314,0,INO,315.3,1.7,135.0,5.6,1,100,0,0,0,0,3,0
CA,0,135.0,2,1370,0,0,0,0,0,0
DF,NO,65.524611,72.655417,1, ,0.0,0.0,2,1860,0,0,0,0,0,0

APPTR,I14-Z,14,MM105
IF,MM105,65.616611,72.297944, ,0.0,0.0,2,1690,0,0,0,0,1,0
TF,MM104,65.655889,72.521833,0,INO,0.0,0.0,0.0,0.0,2,1690,0,0,0,0,1,0

APPTR,I14-Z,14,MM106
IF,MM106,65.694833,72.746417, ,0.0,0.0,2,1690,0,0,0,0,1,0
TF,MM104,65.655889,72.521833,0,INO,0.0,0.0,0.0,0.0,2,1690,0,0,0,0,1,0

FINAL,I14-Z,14,I,3
IF,MM104,65.655889,72.521833,INO,315.3,12.3,2,1690,0,0,0,0,0,0
CF,FF14,65.578781,72.600553,0,INO,315.3,7.3,135.0,5.0,1,1690,0,0,0,0,2,0
CF,RW14,65.493242,72.687314,0,INO,315.3,1.7,135.0,5.6,1,100,0,0,0,0,3,0
CF,MM107,65.410500,72.770639,0,NDM,137.0,4.5,135.0,5.4,0,0,0,0,0,0,0,1
DF,MM108,65.616972,72.824861,1, ,0.0,0.0,0,0,0,0,0,0,0,0
TF,MM106,65.694833,72.746417,0, ,0.0,0.0,0.0,0.0,2,1690,0,0,0,0,0,0

APPTR,I32-X,32,NDM1
FD,NDM,65.480167,72.706333,0,NDM,0.0,12.1,158.0,12.1,2,1860,0,0,0,0,1,0
CF,CF32,65.356669,72.824581,1,IPZ,135.2,9.3,315.0,4.0,1,1690,0,0,0,0,0,0

APPTR,I32-X,32,NDM2
FD,NDM,65.480167,72.706333,0,NDM,0.0,12.1,157.0,12.1,2,1860,0,0,0,0,1,0
CF,CF32,65.356669,72.824581,1,IPZ,135.2,9.3,315.0,4.0,1,1690,0,0,0,0,0,0

APPTR,I32-X,32,NDM3
FD,NDM,65.480167,72.706333,0,NDM,0.0,12.1,143.0,12.1,2,1860,0,0,0,0,1,0
CF,CF32,65.356669,72.824581,1,IPZ,135.2,9.3,315.0,4.0,1,1690,0,0,0,0,0,0

APPTR,I32-X,32,NDM4
FD,NDM,65.480167,72.706333,0,NDM,0.0,12.1,141.0,12.1,2,1860,0,0,0,0,1,0
CF,CF32,65.356669,72.824581,1,IPZ,135.2,9.3,315.0,4.0,1,1690,0,0,0,0,0,0

FINAL,I32-X,32,I,3
IF,CF32,65.356669,72.824581,IPZ,135.2,9.3,1,1690,0,0,0,0,0,0
CF,FF32,65.387325,72.793900,0,IPZ,135.2,7.3,315.0,2.0,1,1690,0,0,0,0,2,0
CF,RW32,65.471281,72.709483,0,IPZ,135.2,1.9,315.0,5.5,1,101,0,0,0,0,3,0
CA,0,315.0,2,1370,0,0,0,0,0,0
DF,NDM,65.480167,72.706333,2, ,0.0,0.0,2,1860,0,0,0,0,0,0

APPTR,I32-Y,32,PZ1
IF,PZ,65.439167,72.741667, ,0.0,0.0,2,1860,0,0,0,0,1,0
FD,PZ,65.439167,72.741667,0,NDM,138.3,12.1,165.0,12.1,2,1690,0,0,0,0,0,0
CF,CF32,65.356669,72.824581,1,IPZ,135.2,9.3,315.0,4.0,1,1690,0,0,0,0,0,0

APPTR,I32-Y,32,PZ2
IF,PZ,65.439167,72.741667, ,0.0,0.0,2,1860,0,0,0,0,1,0
FD,PZ,65.439167,72.741667,0,NDM,138.3,12.1,162.0,12.1,2,1690,0,0,0,0,0,0
CF,CF32,65.356669,72.824581,1,IPZ,135.2,9.3,315.0,4.0,1,1690,0,0,0,0,0,0

APPTR,I32-Y,32,PZ3
IF,PZ,65.439167,72.741667, ,0.0,0.0,2,1860,0,0,0,0,1,0
FD,PZ,65.439167,72.741667,0,NDM,138.3,12.1,145.0,12.1,2,1690,0,0,0,0,0,0
CF,CF32,65.356669,72.824581,1,IPZ,135.2,9.3,315.0,4.0,1,1690,0,0,0,0,0,0

APPTR,I32-Y,32,PZ4
IF,PZ,65.439167,72.741667, ,0.0,0.0,2,1860,0,0,0,0,1,0
FD,PZ,65.439167,72.741667,0,NDM,138.3,12.1,143.0,12.1,2,1690,0,0,0,0,0,0
CF,CF32,65.356669,72.824581,1,IPZ,135.2,9.3,315.0,4.0,1,1690,0,0,0,0,0,0

FINAL,I32-Y,32,I,3
IF,CF32,65.356669,72.824581,IPZ,135.2,9.3,1,1690,0,0,0,0,0,0
CF,FF32,65.387325,72.793900,0,IPZ,135.2,7.3,315.0,2.0,1,1690,0,0,0,0,2,0
CF,RW32,65.471281,72.709483,0,IPZ,135.2,1.9,315.0,5.5,1,101,0,0,0,0,3,0
CA,0,315.0,2,1370,0,0,0,0,0,0
DF,PZ,65.439167,72.741667,2, ,0.0,0.0,2,1690,0,0,0,0,0,0

APPTR,I32-Z,32,MM114
IF,MM114,65.346889,73.094722, ,0.0,0.0,2,1690,0,0,0,0,1,0
TF,MM113,65.308472,72.872583,0,IPZ,0.0,0.0,0.0,0.0,2,1690,0,0,0,0,1,0

APPTR,I32-Z,32,MM115
IF,MM115,65.269694,72.651083, ,0.0,0.0,2,1690,0,0,0,0,1,0
TF,MM113,65.308472,72.872583,0,IPZ,0.0,0.0,0.0,0.0,2,1690,0,0,0,0,1,0

FINAL,I32-Z,32,I,3
IF,MM113,65.308472,72.872583,IPZ,135.2,12.5,2,1690,0,0,0,0,0,0
CF,FF32,65.387325,72.793900,0,IPZ,135.2,7.3,315.0,5.1,1,1690,0,0,0,0,2,0
CF,RW32,65.471281,72.709483,0,IPZ,135.2,1.9,315.0,5.5,1,101,0,0,0,0,3,0
CF,MM116,65.537444,72.642556,0,NDM,313.2,3.8,315.0,4.3,0,0,0,0,0,0,0,1
DF,MM117,65.424861,73.017556,2, ,0.0,0.0,0,0,0,0,0,0,0,0
TF,MM114,65.346889,73.094722,0, ,0.0,0.0,0.0,0.0,2,1690,0,0,0,0,0,0

APPTR,J14,14,MM105
IF,MM105,65.616611,72.297944, ,0.0,0.0,2,1690,0,0,0,0,1,0
TF,MM104,65.655889,72.521833,0,G14A,0.0,0.0,0.0,0.0,2,1690,0,0,0,0,1,0

APPTR,J14,14,MM106
IF,MM106,65.694833,72.746417, ,0.0,0.0,2,1690,0,0,0,0,1,0
TF,MM104,65.655889,72.521833,0,G14A,0.0,0.0,0.0,0.0,2,1690,0,0,0,0,1,0

FINAL,J14,14,G,3
IF,MM104,65.655889,72.521833,G14A,0.0,0.0,2,1690,0,0,0,0,0,0
TF,MM103,65.578222,72.601139,0,G14A,0.0,0.0,135.0,5.1,1,1690,0,0,0,0,2,0
TF,RW14,65.493242,72.687314,0,G14A,0.0,0.0,135.0,5.6,1,100,0,0,0,0,3,1
CF,MM107,65.410500,72.770639,0,NDM,137.0,4.5,135.0,5.4,0,0,0,0,0,0,0,1
DF,MM108,65.616972,72.824861,1, ,0.0,0.0,0,0,0,0,0,0,0,0
TF,MM106,65.694833,72.746417,0, ,0.0,0.0,0.0,0.0,2,1690,0,0,0,0,0,0

APPTR,J32,32,MM114
IF,MM114,65.346889,73.094722, ,0.0,0.0,2,1690,0,0,0,0,1,0
TF,MM113,65.308472,72.872583,0,G32A,0.0,0.0,0.0,0.0,2,1690,0,0,0,0,1,0

APPTR,J32,32,MM115
IF,MM115,65.269694,72.651083, ,0.0,0.0,2,1690,0,0,0,0,1,0
TF,MM113,65.308472,72.872583,0,G32A,0.0,0.0,0.0,0.0,2,1690,0,0,0,0,1,0

FINAL,J32,32,G,3
IF,MM113,65.308472,72.872583,G32A,0.0,0.0,2,1690,0,0,0,0,0,0
TF,MM112,65.386306,72.794889,0,G32A,0.0,0.0,315.0,5.1,1,1690,0,0,0,0,2,0
TF,RW32,65.471281,72.709483,0,G32A,0.0,0.0,315.0,5.6,1,101,0,0,0,0,3,1
CF,MM116,65.537444,72.642556,0,NDM,313.2,3.8,315.0,4.3,0,0,0,0,0,0,0,1
DF,MM117,65.424861,73.017556,2, ,0.0,0.0,0,0,0,0,0,0,0,0
TF,MM114,65.346889,73.094722,0, ,0.0,0.0,0.0,0.0,2,1690,0,0,0,0,0,0

APPTR,N14-X,14,N1
FC,N,65.500556,72.679944,0,NDM,0.0,0.0,346.0,7.0,2,1860,0,0,0,0,1,1
CF,FN14X,65.577786,72.600722,1,NDM,313.9,6.4,135.0,2.0,2,1860,0,0,0,0,0,0

APPTR,N14-X,14,N2
FC,N,65.500556,72.679944,0,NDM,0.0,0.0,330.0,7.0,2,1860,0,0,0,0,1,1
CF,FN14X,65.577786,72.600722,1,NDM,313.9,6.4,135.0,2.0,2,1860,0,0,0,0,0,0

FINAL,N14-X,14,N,3
IF,FN14X,65.577786,72.600722,N,0.0,0.0,2,1860,0,0,0,0,2,0
CF,NO,65.524611,72.655417,0,N,0.0,0.0,135.0,3.5,2,640,0,0,0,0,0,0
CF,N,65.500556,72.679944,0,N,0.0,0.0,135.0,1.6,1,252,0,0,0,0,3,0
CA,0,135.0,2,1370,0,0,0,0,0,0
DF,N,65.500556,72.679944,1, ,0.0,0.0,2,1860,0,0,0,0,0,0

APPTR,N32-X,32,P1
IF,P,65.463583,72.717250, ,0.0,0.0,2,1860,0,0,0,0,1,0
FC,P,65.463583,72.717250,0,NDM,0.0,0.0,176.0,5.3,2,1690,0,0,0,0,0,1
CF,FN32X,65.394953,72.787117,1,NDM,136.4,5.5,315.0,1.0,2,1690,0,0,0,0,0,0

APPTR,N32-X,32,P2
IF,P,65.463583,72.717250, ,0.0,0.0,2,1860,0,0,0,0,1,0
FC,P,65.463583,72.717250,0,NDM,0.0,0.0,150.0,5.3,2,1690,0,0,0,0,0,1
CF,FN32X,65.394953,72.787117,1,NDM,136.4,5.5,315.0,1.0,2,1690,0,0,0,0,0,0

FINAL,N32-X,32,N,3
IF,FN32X,65.394953,72.787117,P,0.0,0.0,2,1690,0,0,0,0,2,0
CF,PZ,65.439167,72.741667,0,P,0.0,0.0,315.0,2.9,2,560,0,0,0,0,0,0
CF,P,65.463583,72.717250,0,P,0.0,0.0,315.0,1.6,1,261,0,0,0,0,3,0
CA,0,315.0,2,1370,0,0,0,0,0,0
DF,P,65.463583,72.717250,2, ,0.0,0.0,2,1690,0,0,0,0,0,0

APPTR,Q14-Y,14,N1
FD,N,65.500556,72.679944,0,NDM,309.8,12.6,340.0,12.6,2,1860,0,0,0,0,1,0
CF,CF14,65.609392,72.569356,1,NDM,314.4,8.5,135.0,4.0,1,1690,0,0,0,0,0,0

APPTR,Q14-Y,14,N2
FD,N,65.500556,72.679944,0,NDM,309.8,12.6,338.0,12.6,2,1860,0,0,0,0,1,0
CF,CF14,65.609392,72.569356,1,NDM,314.4,8.5,135.0,4.0,1,1690,0,0,0,0,0,0

APPTR,Q14-Y,14,N3
FD,N,65.500556,72.679944,0,NDM,309.8,12.6,324.0,12.6,2,1860,0,0,0,0,1,0
CF,CF14,65.609392,72.569356,1,NDM,314.4,8.5,135.0,4.0,1,1690,0,0,0,0,0,0

APPTR,Q14-Y,14,N4
FD,N,65.500556,72.679944,0,NDM,309.8,12.6,322.0,12.6,2,1860,0,0,0,0,1,0
CF,CF14,65.609392,72.569356,1,NDM,314.4,8.5,135.0,4.0,1,1690,0,0,0,0,0,0

FINAL,Q14-Y,14,N,4
IF,CF14,65.609392,72.569356,N,0.0,0.0,1,1690,0,0,0,0,0,0
CF,FF14,65.578781,72.600553,0,N,0.0,0.0,135.0,2.0,1,1690,0,0,0,0,2,0
CF,NO,65.524611,72.655417,0,N,0.0,0.0,135.0,3.5,1,690,0,0,0,0,0,0
CF,N,65.500556,72.679944,0,NDM,0.0,1.4,135.0,1.6,1,237,0,0,0,0,3,0
CA,0,135.0,2,1370,0,0,0,0,0,0
DF,N,65.500556,72.679944,1, ,0.0,0.0,2,1860,0,0,0,0,0,0

APPTR,Q14-Z,14,NO1
FD,NO,65.524611,72.655417,0,NDM,312.6,12.6,343.0,12.6,2,1860,0,0,0,0,1,0
CF,CF14,65.609392,72.569356,1,NDM,314.4,8.5,135.0,4.0,1,1690,0,0,0,0,0,0

APPTR,Q14-Z,14,NO2
FD,NO,65.524611,72.655417,0,NDM,312.6,12.6,341.0,12.6,2,1860,0,0,0,0,1,0
CF,CF14,65.609392,72.569356,1,NDM,314.4,8.5,135.0,4.0,1,1690,0,0,0,0,0,0

APPTR,Q14-Z,14,NO3
FD,NO,65.524611,72.655417,0,NDM,312.6,12.6,325.0,12.6,2,1860,0,0,0,0,1,0
CF,CF14,65.609392,72.569356,1,NDM,314.4,8.5,135.0,4.0,1,1690,0,0,0,0,0,0

APPTR,Q14-Z,14,NO4
FD,NO,65.524611,72.655417,0,NDM,312.6,12.6,323.0,12.6,2,1860,0,0,0,0,1,0
CF,CF14,65.609392,72.569356,1,NDM,314.4,8.5,135.0,4.0,1,1690,0,0,0,0,0,0

FINAL,Q14-Z,14,N,4
IF,CF14,65.609392,72.569356,NO,0.0,0.0,1,1690,0,0,0,0,0,0
CF,FF14,65.578781,72.600553,0,NO,0.0,0.0,135.0,2.0,1,1690,0,0,0,0,2,0
CF,NO,65.524611,72.655417,0,NO,0.0,0.0,135.0,3.5,1,690,0,0,0,0,0,0
CF,N,65.500556,72.679944,0,NDM,0.0,1.4,135.0,1.6,1,237,0,0,0,0,3,0
CA,0,135.0,2,1370,0,0,0,0,0,0
DF,NO,65.524611,72.655417,1, ,0.0,0.0,2,1860,0,0,0,0,0,0

APPTR,Q32-Y,32,PZ1
IF,PZ,65.439167,72.741667, ,0.0,0.0,2,1860,0,0,0,0,1,0
FD,PZ,65.439167,72.741667,0,NDM,138.3,12.1,165.0,12.1,2,1690,0,0,0,0,0,0
CF,CF32,65.356669,72.824581,1,NDM,136.2,8.0,315.0,4.0,1,1690,0,0,0,0,0,0

APPTR,Q32-Y,32,PZ2
IF,PZ,65.439167,72.741667, ,0.0,0.0,2,1860,0,0,0,0,1,0
FD,PZ,65.439167,72.741667,0,NDM,138.3,12.1,162.0,12.1,2,1690,0,0,0,0,0,0
CF,CF32,65.356669,72.824581,1,NDM,136.2,8.0,315.0,4.0,1,1690,0,0,0,0,0,0

APPTR,Q32-Y,32,PZ3
IF,PZ,65.439167,72.741667, ,0.0,0.0,2,1860,0,0,0,0,1,0
FD,PZ,65.439167,72.741667,0,NDM,138.3,12.1,145.0,12.1,2,1690,0,0,0,0,0,0
CF,CF32,65.356669,72.824581,1,NDM,136.2,8.0,315.0,4.0,1,1690,0,0,0,0,0,0

APPTR,Q32-Y,32,PZ4
IF,PZ,65.439167,72.741667, ,0.0,0.0,2,1860,0,0,0,0,1,0
FD,PZ,65.439167,72.741667,0,NDM,138.3,12.1,143.0,12.1,2,1690,0,0,0,0,0,0
CF,CF32,65.356669,72.824581,1,NDM,136.2,8.0,315.0,4.0,1,1690,0,0,0,0,0,0

FINAL,Q32-Y,32,N,4
IF,CF32,65.356669,72.824581,PZ,0.0,0.0,1,1690,0,0,0,0,0,0
CF,FF32,65.387325,72.793900,0,PZ,0.0,0.0,315.0,2.0,1,1690,0,0,0,0,2,0
CF,PZ,65.439167,72.741667,0,PZ,0.0,0.0,315.0,3.4,1,710,0,0,0,0,0,0
CF,P,65.463583,72.717250,0,NDM,0.0,0.0,315.0,1.6,1,245,0,0,0,0,3,0
CA,0,315.0,2,1370,0,0,0,0,0,0
DF,PZ,65.439167,72.741667,2, ,0.0,0.0,2,1690,0,0,0,0,0,0

APPTR,Q32-Z,32,P1
IF,P,65.463583,72.717250, ,0.0,0.0,2,1860,0,0,0,0,1,0
FD,P,65.463583,72.717250,0,NDM,142.7,12.1,160.0,12.1,2,1690,0,0,0,0,0,0
CF,CF32,65.356669,72.824581,1,NDM,136.2,8.0,315.0,4.0,1,1690,0,0,0,0,0,0

APPTR,Q32-Z,32,P2
IF,P,65.463583,72.717250, ,0.0,0.0,2,1860,0,0,0,0,1,0
FD,P,65.463583,72.717250,0,NDM,142.7,12.1,158.0,12.1,2,1690,0,0,0,0,0,0
CF,CF32,65.356669,72.824581,1,NDM,136.2,8.0,315.0,4.0,1,1690,0,0,0,0,0,0

APPTR,Q32-Z,32,P3
IF,P,65.463583,72.717250, ,0.0,0.0,2,1860,0,0,0,0,1,0
FD,P,65.463583,72.717250,0,NDM,142.7,12.1,144.0,12.1,2,1690,0,0,0,0,0,0
CF,CF32,65.356669,72.824581,1,NDM,136.2,8.0,315.0,4.0,1,1690,0,0,0,0,0,0

APPTR,Q32-Z,32,P4
IF,P,65.463583,72.717250, ,0.0,0.0,2,1860,0,0,0,0,1,0
FD,P,65.463583,72.717250,0,NDM,142.7,12.1,142.0,12.1,2,1690,0,0,0,0,0,0
CF,CF32,65.356669,72.824581,1,NDM,136.2,8.0,315.0,4.0,1,1690,0,0,0,0,0,0

FINAL,Q32-Z,32,N,4
IF,CF32,65.356669,72.824581,P,0.0,0.0,1,1690,0,0,0,0,0,0
CF,FF32,65.387325,72.793900,0,P,0.0,0.0,315.0,2.0,1,1690,0,0,0,0,2,0
CF,PZ,65.439167,72.741667,0,P,0.0,0.0,315.0,3.4,1,710,0,0,0,0,0,0
CF,P,65.463583,72.717250,0,NDM,0.0,0.0,315.0,1.6,1,245,0,0,0,0,3,0
CA,0,315.0,2,1370,0,0,0,0,0,0
DF,P,65.463583,72.717250,2, ,0.0,0.0,2,1690,0,0,0,0,0,0

APPTR,R14,14,MM105
IF,MM105,65.616611,72.297944, ,0.0,0.0,2,1690,0,0,0,0,1,0
TF,MM104,65.655889,72.521833,0, ,0.0,0.0,0.0,0.0,2,1690,0,0,0,0,1,0

APPTR,R14,14,MM106
IF,MM106,65.694833,72.746417, ,0.0,0.0,2,1690,0,0,0,0,1,0
TF,MM104,65.655889,72.521833,0, ,0.0,0.0,0.0,0.0,2,1690,0,0,0,0,1,0

FINAL,R14,14,R,3
IF,MM104,65.655889,72.521833, ,0.0,0.0,2,1690,0,0,0,0,0,0
TF,MM103,65.578222,72.601139,0, ,0.0,0.0,135.0,5.1,1,1690,0,0,0,0,2,0
TF,RW14,65.493242,72.687314,0, ,0.0,0.0,135.0,5.6,1,98,0,0,0,0,3,1
CF,MM107,65.410500,72.770639,0,NDM,137.0,4.5,135.0,5.4,0,0,0,0,0,0,0,1
DF,MM108,65.616972,72.824861,1, ,0.0,0.0,0,0,0,0,0,0,0,0
TF,MM106,65.694833,72.746417,0, ,0.0,0.0,0.0,0.0,2,1690,0,0,0,0,0,0

APPTR,R32,32,MM114
IF,MM114,65.346889,73.094722, ,0.0,0.0,2,1690,0,0,0,0,1,0
TF,MM113,65.308472,72.872583,0, ,0.0,0.0,0.0,0.0,2,1690,0,0,0,0,1,0

APPTR,R32,32,MM115
IF,MM115,65.269694,72.651083, ,0.0,0.0,2,1690,0,0,0,0,1,0
TF,MM113,65.308472,72.872583,0, ,0.0,0.0,0.0,0.0,2,1690,0,0,0,0,1,0

FINAL,R32,32,R,4
IF,MM113,65.308472,72.872583, ,0.0,0.0,2,1690,0,0,0,0,0,0
TF,MM112,65.386306,72.794889,0, ,0.0,0.0,315.0,5.1,1,1690,0,0,0,0,2,0
TF,15THR,65.448300,72.732636,0, ,0.0,0.0,315.0,4.1,1,550,0,0,0,0,0,0
TF,RW32,65.471281,72.709483,0, ,0.0,0.0,315.0,1.5,1,98,0,0,0,0,3,1
CF,MM116,65.537444,72.642556,0,NDM,313.2,3.8,315.0,4.3,0,0,0,0,0,0,0,1
DF,MM117,65.424861,73.017556,2, ,0.0,0.0,0,0,0,0,0,0,0,0
TF,MM114,65.346889,73.094722,0, ,0.0,0.0,0.0,0.0,2,1690,0,0,0,0,0,0

