SID,DILR3A,26,2
CA,0,258.0,2,3370,0,0,0,0,0,0
CF,D178D,40.151669,69.718175,1,NMA,236.0,97.9,78.0,5.0,0,0,0,0,0,0,0,1
DF,V,40.218333,69.721667,1, ,0.0,0.0,1,6380,0,0,0,0,0,0
TF,D299J,40.304472,69.520725,0, ,0.0,0.0,0.0,0.0,2,9000,0,0,0,0,0,0
TF,DILRO,40.408333,69.276667,0, ,0.0,0.0,0.0,0.0,2,10000,0,0,0,0,0,0

SID,DILRO1,08,2
CA,0,78.0,2,3420,0,0,0,0,0,0
CF,D292J,40.287683,69.500761,2,NMA,242.8,102.9,300.0,15.0,2,9000,0,0,0,0,0,0
TF,DILRO,40.408333,69.276667,0, ,0.0,0.0,0.0,0.0,2,10000,0,0,0,0,0,0

SID,DILRO3,26,2
CA,0,258.0,2,3370,0,0,0,0,0,0
CF,D258M,40.188236,69.438881,0,NMA,240.6,108.0,258.0,8.0,1,6380,0,0,0,0,0,0
TF,DILRO,40.408333,69.276667,0, ,0.0,0.0,0.0,0.0,2,10000,0,0,0,0,0,0

SID,KEGIB1,08,2
CA,0,78.0,2,3420,0,0,0,0,0,0
CF,AR29A,40.328331,70.301494,0,NMA,232.1,69.6,72.0,24.0,2,11000,0,0,0,0,0,0
TF,KEGIB,40.350000,70.420000,0, ,0.0,0.0,0.0,0.0,2,11000,0,0,0,0,0,0

SID,KEGIB3,26,2
CA,0,258.0,2,3370,0,0,0,0,0,0
CF,ARP29,40.320406,70.304006,1,NMA,231.8,69.8,67.0,34.0,2,11000,0,0,0,0,0,0
TF,KEGIB,40.350000,70.420000,0, ,0.0,0.0,0.0,0.0,2,11000,0,0,0,0,0,0

SID,PF1,08,2
CA,0,78.0,2,3420,0,0,0,0,0,0
CF,D168E,40.132375,69.650572,2,NMA,236.4,101.1,258.0,7.0,2,9000,0,0,0,0,0,0
TF,D077P,40.090903,69.293153,0, ,0.0,0.0,0.0,0.0,2,9000,0,0,0,0,0,0
TF,PF,40.060556,68.945556,0, ,0.0,0.0,0.0,0.0,2,10000,0,0,0,0,0,0

SID,PF3,26,2
CA,0,258.0,2,3370,0,0,0,0,0,0
CF,PF,40.060556,68.945556,0,NMA,242.1,131.8,249.0,32.0,2,10000,0,0,0,0,0,0

SID,PF3A,26,2
CA,0,258.0,2,3370,0,0,0,0,0,0
CF,HV04,40.155550,69.769983,1,NMA,235.4,95.7,78.0,7.0,0,0,0,0,0,0,0,1
DF,HV,40.221667,69.758333,1, ,0.0,0.0,2,9000,0,0,0,0,0,0
TF,V,40.218333,69.721667,0, ,0.0,0.0,0.0,0.0,0,0,0,0,0,0,0,0
TF,PF,40.060556,68.945556,0, ,0.0,0.0,0.0,0.0,2,10000,0,0,0,0,0,0

STAR,DILR2A,08,2
IF,DILRO,40.408333,69.276667, ,0.0,0.0,2,11000,0,0,0,0,0,0
TF,HD,40.208333,69.636667,0, ,0.0,0.0,0.0,0.0,1,8000,0,0,0,0,0,0
VI,2, ,0.0,213.0,0,0,0,0,0,0,0,0
CF,D224H,40.118333,69.505000,0,NMA,236.8,107.3,258.0,6.0,1,6380,0,0,0,0,0,1
CF,D253F,40.185000,69.490000,2,NMA,238.9,106.0,33.0,2.0,1,4080,0,0,0,0,0,1
CF,CF08,40.194931,69.500050,0,NMA,239.1,105.3,78.0,1.0,1,3420,0,0,0,0,0,0

STAR,DILRO2,08,2
IF,DILRO,40.408333,69.276667, ,0.0,0.0,2,11000,0,0,0,0,0,0
TF,D266P,40.211667,69.291667,0, ,0.0,0.0,0.0,0.0,1,7360,0,0,0,0,0,0
VI,0, ,0.0,108.0,1,6380,0,0,0,0,0,0
CF,CF08,40.194931,69.500050,0,NMA,239.1,105.3,78.0,9.0,1,3420,0,0,0,0,0,0

STAR,DILRO4,26,2
IF,DILRO,40.408333,69.276667, ,0.0,0.0,2,11000,0,0,0,0,0,0
TF,HV,40.221667,69.758333,0, ,0.0,0.0,0.0,0.0,1,8000,0,0,0,0,0,0
TF,D104I,40.176667,69.940000,0, ,0.0,0.0,0.0,0.0,1,6380,0,0,0,0,0,1
CF,D080G,40.231667,69.901667,1,NMA,234.9,88.2,303.0,3.0,1,4360,0,0,0,0,0,1
CF,CF26,40.235506,69.889422,0,NMA,235.2,88.5,258.0,1.0,1,3370,0,0,0,0,0,0

STAR,KEGI2A,08,2
IF,KEGIB,40.350000,70.420000, ,0.0,0.0,2,12000,0,0,0,0,0,0
TF,HD,40.208333,69.636667,0, ,0.0,0.0,0.0,0.0,1,8000,0,0,0,0,0,1
CF,D224H,40.118333,69.505000,0,NMA,236.8,107.3,220.0,7.0,1,6380,0,0,0,0,0,1
CF,D253F,40.185000,69.490000,2,NMA,238.9,106.0,33.0,3.0,1,4080,0,0,0,0,0,1
CF,CF08,40.194931,69.500050,0,NMA,239.1,105.3,78.0,1.0,1,3420,0,0,0,0,0,0

STAR,KEGI4A,26,2
IF,KEGIB,40.350000,70.420000, ,0.0,0.0,2,12000,0,0,0,0,0,0
TF,D073S,40.298939,70.154103,0, ,0.0,0.0,0.0,0.0,2,8000,0,0,0,0,0,0
TF,HV,40.221667,69.758333,0, ,0.0,0.0,0.0,0.0,1,8000,0,0,0,0,0,1
DF,PF38,40.157772,69.767925,1, ,0.0,0.0,1,8000,0,0,0,0,0,0
TF,D104I,40.176667,69.940000,0, ,0.0,0.0,0.0,0.0,1,6380,0,0,0,0,0,1
CF,D080G,40.231667,69.901667,1,NMA,234.9,88.2,303.0,3.0,1,4360,0,0,0,0,0,1
CF,CF26,40.235506,69.889422,0,NMA,235.2,88.5,258.0,1.0,1,3370,0,0,0,0,0,0

STAR,KEGIB2,08,2
IF,KEGIB,40.350000,70.420000, ,0.0,0.0,2,12000,0,0,0,0,0,0
TF,D168D,40.140117,69.647017,0, ,0.0,0.0,0.0,0.0,0,0,0,0,0,0,0,1
CF,D224H,40.118333,69.505000,0,NMA,236.8,107.3,258.0,6.0,1,6380,0,0,0,0,0,1
CF,D253F,40.185000,69.490000,2,NMA,238.9,106.0,33.0,2.0,1,4080,0,0,0,0,0,1
CF,CF08,40.194931,69.500050,0,NMA,239.1,105.3,78.0,1.0,1,3420,0,0,0,0,0,0

STAR,KEGIB4,26,2
IF,KEGIB,40.350000,70.420000, ,0.0,0.0,2,12000,0,0,0,0,0,0
TF,D072S,40.293097,70.155919,0, ,0.0,0.0,0.0,0.0,2,8000,0,0,0,0,0,0
TF,CF26,40.235506,69.889422,0, ,0.0,0.0,0.0,0.0,1,3370,0,0,0,0,0,0

STAR,PF2,08,2
IF,PF,40.060556,68.945556, ,0.0,0.0,2,11000,0,0,0,0,0,0
TF,D067P,40.135297,69.274464,0, ,0.0,0.0,0.0,0.0,2,9000,0,0,0,0,0,0
TF,CF08,40.194931,69.500050,0, ,0.0,0.0,0.0,0.0,1,3420,0,0,0,0,0,0

STAR,PF2A,08,2
IF,PF,40.060556,68.945556, ,0.0,0.0,2,11000,0,0,0,0,0,0
TF,D069P,40.126392,69.271372,0, ,0.0,0.0,0.0,0.0,2,9000,0,0,0,0,0,0
TF,HD,40.208333,69.636667,0, ,0.0,0.0,0.0,0.0,1,8000,0,0,0,0,0,1
DF,D168E,40.132375,69.650572,2, ,0.0,0.0,1,8000,0,0,0,0,0,0
TF,D224H,40.118333,69.505000,0, ,0.0,0.0,0.0,0.0,1,6380,0,0,0,0,0,1
CF,D253F,40.185000,69.490000,2,NMA,238.9,106.0,33.0,2.0,1,4080,0,0,0,0,0,1
CF,CF08,40.194931,69.500050,0,NMA,239.1,105.3,78.0,1.0,1,3420,0,0,0,0,0,0

STAR,PF4,26,2
IF,PF,40.060556,68.945556, ,0.0,0.0,2,11000,0,0,0,0,0,0
TF,PF38,40.157772,69.767925,0, ,0.0,0.0,0.0,0.0,1,8000,0,0,0,0,0,0
TF,D104I,40.176667,69.940000,0, ,0.0,0.0,0.0,0.0,1,6380,0,0,0,0,0,1
CF,D080G,40.231667,69.901667,1,NMA,234.9,88.2,303.0,3.0,1,4360,0,0,0,0,0,0
CF,CF26,40.235506,69.889422,0,NMA,235.2,88.5,258.0,1.0,1,3370,0,0,0,0,0,0

STAR,PF4A,26,2
IF,PF,40.060556,68.945556, ,0.0,0.0,2,11000,0,0,0,0,0,0
TF,HV,40.221667,69.758333,0, ,0.0,0.0,0.0,0.0,1,8000,0,0,0,0,0,0
TF,D046H,40.303333,69.881667,0, ,0.0,0.0,0.0,0.0,1,6380,0,0,0,0,0,1
CF,D073G,40.250000,69.911667,2,NMA,235.3,87.2,213.0,2.0,1,4360,0,0,0,0,0,1
CF,CF26,40.235506,69.889422,0,NMA,235.2,88.5,258.0,1.0,1,3370,0,0,0,0,0,0

FINAL,I08,08,I,3
IF,CF08,40.194931,69.500050,IHD,258.3,10.1,1,3420,0,0,0,0,0,0
CF,FI08,40.199928,69.547456,0,IHD,258.3,7.9,78.0,2.2,1,3420,0,0,0,0,2,0
CF,RW08,40.213467,69.676819,0,IHD,258.3,1.9,78.0,6.0,1,1502,0,0,0,0,3,0
CA,0,78.0,2,3420,0,0,0,0,0,0
VM,0,0,2,258.0,1,6350,0,0,0,0,0,0

FINAL,I26,26,I,3
IF,CF26,40.235506,69.889422,IHV,78.2,10.1,1,3370,0,0,0,0,0,0
CF,FI26,40.232178,69.857069,0,IHV,78.2,8.6,258.0,1.5,1,3370,0,0,0,0,2,0
CF,RW26,40.216972,69.710447,0,IHV,78.2,1.8,258.0,6.8,1,1450,0,0,0,0,3,0
CA,0,258.0,2,3370,0,0,0,0,0,0
VM,0,0,1,78.0,1,6350,0,0,0,0,0,0

FINAL,N08,08,N,4
IF,CF08,40.194931,69.500050,HD,0.0,0.0,1,3420,0,0,0,0,0,0
CF,FN08,40.201667,69.558333,0,HD,0.0,0.0,78.0,2.7,1,3420,0,0,0,0,2,0
CF,HD,40.208333,69.636667,0,HD,0.0,0.0,78.0,3.6,1,2210,0,0,0,0,0,0
CF,MN08,40.209517,69.647653,0,HD,0.0,0.0,78.0,0.5,1,2018,0,0,0,0,3,0
CA,0,78.0,2,3420,0,0,0,0,0,0
VM,0,0,2,258.0,1,6350,0,0,0,0,0,0

FINAL,N26,26,N,4
IF,CF26,40.235506,69.889422,HV,0.0,0.0,1,3370,0,0,0,0,0,0
CF,FN26,40.231667,69.856667,0,HV,0.0,0.0,258.0,1.5,1,3370,0,0,0,0,2,0
CF,HV,40.221667,69.758333,0,HV,0.0,0.0,258.0,4.6,1,2060,0,0,0,0,0,0
CF,MN26,40.218947,69.733122,0,HV,0.0,0.0,258.0,1.1,1,1748,0,0,0,0,3,0
CA,0,258.0,2,3370,0,0,0,0,0,0
VM,0,0,1,78.0,1,6350,0,0,0,0,0,0

