SID,INDU2E,16,2
CA,0,159.0,2,1900,0,0,0,0,0,0
CF,D069D,38.830381,65.674211,2,NVI,158.1,80.4,339.0,5.0,0,0,0,0,0,0,0,1
DF,JP,38.848806,65.756222,2, ,0.0,0.0,2,7000,0,0,0,0,0,0
TF,INDUD,38.618333,66.238333,0, ,0.0,0.0,0.0,0.0,2,10000,0,0,0,0,0,0

SID,INDU2F,34,2
CA,0,339.0,2,1900,0,0,0,0,0,0
CF,K,38.780519,65.781183,1,NVI,155.5,84.8,116.0,4.0,2,7000,0,0,0,0,0,0
TF,INDUD,38.618333,66.238333,0, ,0.0,0.0,0.0,0.0,2,10000,0,0,0,0,0,0

SID,NIBT2E,16,2
CA,0,159.0,2,1900,0,0,0,0,0,0
DF,JP,38.848806,65.756222,2, ,0.0,0.0,2,6000,0,0,0,0,0,0
TF,NIBTI,39.559778,66.185167,0, ,0.0,0.0,0.0,0.0,2,7000,0,0,0,0,0,0

SID,NIBT2F,34,2
CA,0,339.0,2,1900,0,0,0,0,0,0
CF,D069E,38.762094,65.699250,1,NVI,158.2,84.7,159.0,4.0,0,0,0,0,0,0,0,1
DF,K,38.780519,65.781183,1, ,0.0,0.0,2,6000,0,0,0,0,0,0
TF,NIBTI,39.559778,66.185167,0, ,0.0,0.0,0.0,0.0,2,7000,0,0,0,0,0,0

SID,YU2E,16,2
CA,0,159.0,2,1900,0,0,0,0,0,0
CF,D069D,38.830381,65.674211,2,NVI,158.1,80.4,339.0,5.0,2,5000,0,0,0,0,0,1
CI,0, ,0.0,360.0,0,0,0,0,0,0,0,0
CF,YU,39.050972,65.584667,0,NVI,158.3,66.5,322.0,10.0,2,6000,0,0,0,0,0,0

SID,YU2F,34,2
CA,0,339.0,2,1900,0,0,0,0,0,0
CF,D069E,38.762094,65.699250,1,NVI,158.2,84.7,159.0,4.0,0,0,0,0,0,0,0,1
DF,K,38.780519,65.781183,1, ,0.0,0.0,2,5000,0,0,0,0,0,0
TF,YU,39.050972,65.584667,0, ,0.0,0.0,0.0,0.0,2,6000,0,0,0,0,0,0

STAR,INDU1A,16,2
IF,INDUD,38.618333,66.238333, ,0.0,0.0,2,10000,0,0,0,0,0,0
TF,JP,38.848806,65.756222,0, ,0.0,0.0,0.0,0.0,2,7000,0,0,0,0,0,0

STAR,INDU1C,34,2
IF,INDUD,38.618333,66.238333, ,0.0,0.0,2,10000,0,0,0,0,0,0
TF,K,38.780519,65.781183,0, ,0.0,0.0,0.0,0.0,2,7000,0,0,0,0,0,1
CF,D190G,38.660000,65.743333,1,NVI,158.0,91.1,159.0,5.0,2,2600,0,0,0,0,0,1
CF,D165G,38.673333,65.806667,1,NVI,156.1,91.2,25.0,2.0,2,2600,0,0,0,0,0,1
CF,FN34,38.728333,65.801667,0,NVI,155.5,88.1,339.0,2.0,1,2600,0,0,0,0,0,0

STAR,NIBT1A,16,2
IF,NIBTI,39.559778,66.185167, ,0.0,0.0,2,7000,0,0,0,0,0,0
TF,JP,38.848806,65.756222,0, ,0.0,0.0,0.0,0.0,2,7000,0,0,0,0,0,0

STAR,NIBT1C,34,2
IF,NIBTI,39.559778,66.185167, ,0.0,0.0,2,7000,0,0,0,0,0,0
TF,K,38.780519,65.781183,0, ,0.0,0.0,0.0,0.0,2,7000,0,0,0,0,0,0
TF,D191G,38.671667,65.743333,0, ,0.0,0.0,0.0,0.0,2,2600,0,0,0,0,0,1
CF,D165G,38.673333,65.806667,1,NVI,156.1,91.2,25.0,2.0,2,2600,0,0,0,0,0,1
CF,FN34,38.728333,65.801667,0,NVI,155.5,88.1,339.0,2.0,1,2600,0,0,0,0,0,0

STAR,PABD1A,16,2
IF,PABDI,39.113333,65.658333, ,0.0,0.0,2,4900,0,0,0,0,0,0
TF,APTER,38.963333,65.715000,0, ,0.0,0.0,0.0,0.0,2,2600,0,0,0,0,0,0

STAR,YU1A,16,2
IF,YU,39.050972,65.584667, ,0.0,0.0,2,4600,0,0,0,0,0,0
TF,APTER,38.963333,65.715000,0, ,0.0,0.0,0.0,0.0,2,2600,0,0,0,0,0,0

STAR,YU1B,16,2
IF,YU,39.050972,65.584667, ,0.0,0.0,2,7000,0,0,0,0,0,0
TF,JP,38.848806,65.756222,0, ,0.0,0.0,0.0,0.0,2,7000,0,0,0,0,0,0

STAR,YU1C,34,2
IF,YU,39.050972,65.584667, ,0.0,0.0,2,7000,0,0,0,0,0,0
TF,K,38.780519,65.781183,0, ,0.0,0.0,0.0,0.0,2,7000,0,0,0,0,0,0
TF,D191G,38.671667,65.743333,0, ,0.0,0.0,0.0,0.0,2,2600,0,0,0,0,0,1
CF,D165G,38.673333,65.806667,1,NVI,156.1,91.2,25.0,2.0,2,2600,0,0,0,0,0,1
CF,FN34,38.728333,65.801667,0,NVI,155.5,88.1,339.0,2.0,1,2600,0,0,0,0,0,0

STAR,YU1D,34,2
IF,YU,39.050972,65.584667, ,0.0,0.0,2,7000,0,0,0,0,0,0
TF,D190G,38.660000,65.743333,0, ,0.0,0.0,0.0,0.0,2,2600,0,0,0,0,0,1
CF,D165G,38.673333,65.806667,1,NVI,156.1,91.2,25.0,2.0,2,2600,0,0,0,0,0,1
CF,FN34,38.728333,65.801667,0,NVI,155.5,88.1,339.0,2.0,1,2600,0,0,0,0,0,0

APPTR,I16,16,APTER
IF,APTER,38.963333,65.715000, ,0.0,0.0,2,2600,0,0,0,0,0,0
CF,CF16,38.916072,65.731247,0,IJP,339.0,8.1,159.0,2.9,1,2600,0,0,0,0,0,0

APPTR,I16,16,JP1
IF,JP,38.848806,65.756222, ,0.0,0.0,0,0,0,0,0,0,0,0
TF,D300F,38.900000,65.660000,0, ,0.0,0.0,0.0,0.0,1,2600,0,0,0,0,0,1
DF,D151E,38.925000,65.713333,2, ,0.0,0.0,1,2600,0,0,0,0,0,0
CF,CF16,38.916072,65.731247,0,IJP,339.0,8.1,115.0,1.0,1,2600,0,0,0,0,0,0

APPTR,I16,16,JP2
IF,JP,38.848806,65.756222, ,0.0,0.0,0,0,0,0,0,0,0,0
TF,D069D,38.830381,65.674211,0, ,0.0,0.0,0.0,0.0,1,2600,0,0,0,0,0,0
TF,D122F,38.911667,65.650000,0, ,0.0,0.0,0.0,0.0,1,2600,0,0,0,0,0,1
DF,D151E,38.925000,65.713333,2, ,0.0,0.0,1,2600,0,0,0,0,0,0
CF,CF16,38.916072,65.731247,0,IJP,339.0,8.1,115.0,1.0,1,2600,0,0,0,0,0,0

FINAL,I16,16,I,3
IF,CF16,38.916072,65.731247,IJP,339.0,8.1,1,2600,0,0,0,0,0,0
CF,FF16,38.878333,65.746667,0,IJP,339.6,5.7,159.0,2.4,1,2600,0,0,0,0,2,0
CF,RW16,38.814539,65.768656,0,IJP,339.0,1.7,159.0,4.0,1,1285,0,0,0,0,3,0
CA,0,159.0,2,1900,0,0,0,0,0,0
VM,0,0,2,339.0,1,2600,0,0,0,0,0,0

APPTR,N16,16,APTER
IF,APTER,38.963333,65.715000, ,0.0,0.0,2,2600,0,0,0,0,0,0
TF,CF16,38.916072,65.731247,0, ,0.0,0.0,0.0,0.0,1,2600,0,0,0,0,0,0

APPTR,N16,16,JP1
IF,JP,38.848806,65.756222, ,0.0,0.0,0,0,0,0,0,0,0,0
TF,D300F,38.900000,65.660000,0, ,0.0,0.0,0.0,0.0,1,2600,0,0,0,0,0,1
DF,D151E,38.925000,65.713333,2, ,0.0,0.0,1,2600,0,0,0,0,0,0
TF,CF16,38.916072,65.731247,0, ,0.0,0.0,0.0,0.0,1,2600,0,0,0,0,0,0

APPTR,N16,16,JP2
IF,JP,38.848806,65.756222, ,0.0,0.0,0,0,0,0,0,0,0,0
TF,D069D,38.830381,65.674211,0, ,0.0,0.0,0.0,0.0,1,2600,0,0,0,0,0,0
TF,D122F,38.911667,65.650000,0, ,0.0,0.0,0.0,0.0,1,2600,0,0,0,0,0,1
DF,D151E,38.925000,65.713333,2, ,0.0,0.0,1,2600,0,0,0,0,0,0
TF,CF16,38.916072,65.731247,0, ,0.0,0.0,0.0,0.0,1,2600,0,0,0,0,0,0

FINAL,N16,16,N,4
IF,CF16,38.916072,65.731247,JP,0.0,0.0,1,2600,0,0,0,0,0,0
CF,FF16,38.878333,65.746667,0,JP,0.0,0.0,159.0,2.4,1,2600,0,0,0,0,2,0
CF,JP,38.848806,65.756222,0,JP,0.0,0.0,159.0,1.8,1,1970,0,0,0,0,0,0
CF,J,38.822975,65.765528,0,JP,0.0,0.0,159.0,1.6,1,1453,0,0,0,0,3,0
CA,0,159.0,2,1900,0,0,0,0,0,0
VM,0,0,2,339.0,1,2600,0,0,0,0,0,0

APPTR,N34,34,RIMRU
IF,RIMRU,38.650000,65.830000, ,0.0,0.0,1,3200,0,0,0,0,0,0
TF,FN34,38.728333,65.801667,0, ,0.0,0.0,0.0,0.0,1,2600,0,0,0,0,0,0

FINAL,N34,34,N,2
IF,FN34,38.728333,65.801667,K,0.0,0.0,1,2600,0,0,0,0,2,0
CF,K,38.780519,65.781183,0,K,0.0,0.0,339.0,3.3,1,1494,0,0,0,0,3,0
CA,0,339.0,2,1900,0,0,0,0,0,0
VM,0,0,1,159.0,1,2600,0,0,0,0,0,0

