SID,ISKO1A,05,2
CF,RG,57.582306,40.238750,0,RT,16.5,140.5,51.0,3.0,0,0,0,0,0,0,0,1
CI,0, ,0.0,2.0,0,0,0,0,0,0,0,0
CF,ISKOR,57.800000,40.447778,0,RT,16.2,155.2,15.0,13.0,4,9000,7000,0,0,0,0,0

SID,ISKO1B,23,2
DF,DER23,57.554572,40.134894,0, ,0.0,0.0,0,0,0,0,0,0,0,1
CA,0,231.0,2,800,0,0,0,0,0,0
DF,RG,57.582306,40.238750,1, ,0.0,0.0,0,0,0,1,210,0,0,0
TF,ISKOR,57.800000,40.447778,0, ,0.0,0.0,0.0,0.0,4,9000,7000,0,0,0,0,0

SID,ISKO1L,05,5
CF,DL051,57.592100,40.274783,0,RT,16.8,141.6,51.0,4.0,0,0,0,1,205,0,0,0
TF,ISKOR,57.800000,40.447778,0, ,0.0,0.0,0.0,0.0,4,9000,7000,0,0,0,0,0

SID,ISKO1M,23,5
CF,DL231,57.531000,40.047408,0,RT,14.9,134.8,231.0,4.0,0,0,0,1,230,0,0,1
DF,DL051,57.592100,40.274783,1, ,0.0,0.0,0,0,0,1,230,0,0,0
TF,ISKOR,57.800000,40.447778,0, ,0.0,0.0,0.0,0.0,4,9000,7000,0,0,0,0,0

SID,LIRB1A,05,2
CF,RG,57.582306,40.238750,0,RT,16.5,140.5,51.0,3.0,0,0,0,0,0,0,0,1
CI,0, ,0.0,321.0,0,0,0,0,0,0,0,0
CF,LIRBA,58.103333,40.201111,0,RT,10.8,167.8,346.0,28.0,2,7000,0,0,0,0,0,0

SID,LIRB1B,23,2
DF,DER23,57.554572,40.134894,0, ,0.0,0.0,0,0,0,0,0,0,0,1
CA,0,231.0,2,800,0,0,0,0,0,0
DF,RG,57.582306,40.238750,1, ,0.0,0.0,0,0,0,1,210,0,0,0
TF,LIRBA,58.103333,40.201111,0, ,0.0,0.0,0.0,0.0,2,7000,0,0,0,0,0,0

SID,LIRB1L,05,5
CF,DL052,57.610014,40.341853,0,RT,17.4,143.7,51.0,6.0,0,0,0,1,210,0,0,0
TF,DL053,57.697989,40.231339,1, ,0.0,0.0,0.0,0.0,0,0,0,0,0,0,0,0
TF,LIRBA,58.103333,40.201111,0, ,0.0,0.0,0.0,0.0,2,7000,0,0,0,0,0,0

SID,LIRB1M,23,5
CF,DL231,57.531000,40.047408,0,RT,14.9,134.8,231.0,4.0,0,0,0,1,210,0,0,1
DF,DL052,57.610014,40.341853,1, ,0.0,0.0,0,0,0,1,230,0,0,0
TF,LIRBA,58.103333,40.201111,0, ,0.0,0.0,0.0,0.0,2,7000,0,0,0,0,0,0

SID,MAGO1A,05,2
CF,RG,57.582306,40.238750,0,RT,16.5,140.5,51.0,3.0,0,0,0,0,0,0,0,1
CI,1, ,0.0,286.0,0,0,0,0,0,0,0,0
CF,MAGOK,58.043333,39.791111,0,RT,7.0,159.5,320.0,27.0,2,7000,0,0,0,0,0,0

SID,MAGO1B,23,2
DF,DER23,57.554572,40.134894,0, ,0.0,0.0,0,0,0,0,0,0,0,1
CA,0,231.0,2,800,0,0,0,0,0,0
DF,RG,57.582306,40.238750,1, ,0.0,0.0,0,0,0,1,210,0,0,0
TF,MAGOK,58.043333,39.791111,0, ,0.0,0.0,0.0,0.0,2,7000,0,0,0,0,0,0

SID,MAGO1L,05,5
CF,DL052,57.610014,40.341853,0,RT,17.4,143.7,51.0,6.0,0,0,0,1,210,0,0,0
TF,DL053,57.697989,40.231339,1, ,0.0,0.0,0.0,0.0,0,0,0,0,0,0,0,0
TF,MAGOK,58.043333,39.791111,0, ,0.0,0.0,0.0,0.0,2,7000,0,0,0,0,0,0

SID,MAGO1M,23,5
CF,DL231,57.531000,40.047408,0,RT,14.9,134.8,231.0,4.0,0,0,0,1,210,0,0,1
DF,DL052,57.610014,40.341853,1, ,0.0,0.0,0,0,0,1,230,0,0,0
TF,MAGOK,58.043333,39.791111,0, ,0.0,0.0,0.0,0.0,2,7000,0,0,0,0,0,0

SID,POGA1A,05,2
CF,RG,57.582306,40.238750,0,RT,16.5,140.5,51.0,3.0,0,0,0,0,0,0,0,1
CI,2, ,0.0,226.0,0,0,0,0,0,0,0,0
CF,POGAS,57.340000,40.136389,0,RT,18.6,126.4,181.0,11.0,4,9000,7000,0,0,0,0,0

SID,POGA1B,23,2
CA,0,231.0,2,800,0,0,0,0,0,0
CI,1, ,0.0,131.0,0,0,0,1,210,0,0,0
CF,POGAS,57.340000,40.136389,0,RT,18.6,126.4,181.0,9.0,4,9000,7000,0,0,0,0,0

SID,POGA1D,05,5
CF,DL051,57.592100,40.274783,0,RT,16.8,141.6,51.0,4.0,0,0,0,1,205,0,0,1
DF,POGAS,57.340000,40.136389,2, ,0.0,0.0,4,9000,7000,0,0,0,0,0

SID,POGA1E,05,2
CF,RG,57.582306,40.238750,0,RT,16.5,140.5,51.0,3.0,0,0,0,0,0,0,0,1
HA,RG,57.582306,40.238750,2, ,0.0,0.0,51.0,04.3,2,4900,0,1,230,0,0,0,0
CI,2, ,0.0,226.0,0,0,0,0,0,0,0,0
CF,POGAS,57.340000,40.136389,0,RT,18.6,126.4,181.0,11.0,4,9000,7000,0,0,0,0,0

SID,POGA1F,23,2
CA,0,231.0,2,800,0,0,0,0,0,0
DF,RG,57.582306,40.238750,1, ,0.0,0.0,0,0,0,1,210,0,0,0
HA,RG,57.582306,40.238750,2, ,0.0,0.0,51.0,04.3,2,4900,0,1,230,0,0,0,0
CI,2, ,0.0,226.0,0,0,0,0,0,0,0,0
CF,POGAS,57.340000,40.136389,0,RT,18.6,126.4,181.0,11.0,4,9000,7000,0,0,0,0,0

SID,POGA1L,05,5
CF,DL051,57.592100,40.274783,0,RT,16.8,141.6,51.0,4.0,0,0,0,1,205,0,0,1
DF,DL231,57.531000,40.047408,1, ,0.0,0.0,0,0,0,1,230,0,0,0
TF,POGAS,57.340000,40.136389,0, ,0.0,0.0,0.0,0.0,4,9000,7000,0,0,0,0,0

SID,POGA1M,23,5
CF,DL233,57.461717,39.792539,0,RT,12.6,127.3,231.0,13.0,0,0,0,1,225,0,0,0
TF,POGAS,57.340000,40.136389,1, ,0.0,0.0,0.0,0.0,4,9000,7000,0,0,0,0,0

SID,RIRA1A,05,2
CF,RG,57.582306,40.238750,0,RT,16.5,140.5,51.0,3.0,0,0,0,0,0,0,0,0
HA,RG,57.582306,40.238750,2, ,0.0,0.0,51.0,04.3,2,4900,0,1,230,0,0,0,0
CI,1, ,0.0,231.0,0,0,0,0,0,0,0,0
CF,RIRAT,57.752778,39.234167,0,RT,2.6,137.4,275.0,30.0,2,7000,0,0,0,0,0,0

SID,RIRA1B,23,2
CA,0,231.0,2,800,0,0,0,0,0,0
DF,RG,57.582306,40.238750,1, ,0.0,0.0,0,0,0,1,210,0,0,0
HA,RG,57.582306,40.238750,2, ,0.0,0.0,51.0,04.3,2,4900,0,1,230,0,0,0,0
CI,1, ,0.0,231.0,0,0,0,0,0,0,0,0
CF,RIRAT,57.752778,39.234167,0,RT,2.6,137.4,275.0,31.0,2,7000,0,0,0,0,0,0

SID,RIRA1D,05,5
CF,DL051,57.592100,40.274783,0,RT,16.8,141.6,51.0,4.0,0,0,0,1,205,0,0,1
DF,DL234,57.491142,40.023292,2, ,0.0,0.0,0,0,0,0,0,0,0,0
TF,RIRAT,57.752778,39.234167,0, ,0.0,0.0,0.0,0.0,2,7000,0,0,0,0,0,0

SID,RIRA1L,05,5
CF,DL052,57.610014,40.341853,0,RT,17.4,143.7,51.0,6.0,0,0,0,1,210,0,0,0
TF,DL053,57.697989,40.231339,1, ,0.0,0.0,0.0,0.0,0,0,0,0,0,0,0,0
TF,DL054,57.842389,39.720928,0, ,0.0,0.0,0.0,0.0,0,0,0,0,0,0,0,0
TF,RIRAT,57.752778,39.234167,0, ,0.0,0.0,0.0,0.0,2,7000,0,0,0,0,0,0

SID,RIRA1M,23,5
CF,DL232,57.509606,39.968456,0,RT,14.2,132.5,231.0,6.0,0,0,0,0,0,0,0,0
TF,RIRAT,57.752778,39.234167,0, ,0.0,0.0,0.0,0.0,2,7000,0,0,0,0,0,0

STAR,ISKO1G,23,2
IF,ISKOR,57.800000,40.447778, ,0.0,0.0,2,11000,0,0,0,0,0,0
TF,R,57.570083,40.192722,0, ,0.0,0.0,0.0,0.0,4,4570,2600,0,0,0,0,0

STAR,ISKO1N,05,5
IF,ISKOR,57.800000,40.447778, ,0.0,0.0,2,11000,0,0,0,0,0,0
TF,DL705,57.458836,40.192697,0, ,0.0,0.0,0.0,0.0,0,0,0,0,0,0,0,0
TF,DL605,57.421606,40.054758,0, ,0.0,0.0,0.0,0.0,0,0,0,0,0,0,0,0
TF,DL505,57.384225,39.917103,0, ,0.0,0.0,0.0,0.0,2,2590,0,0,0,0,0,0

STAR,ISKO1P,23,5
IF,ISKOR,57.800000,40.447778, ,0.0,0.0,2,11000,0,0,0,0,0,0
TF,DL723,57.575736,40.143214,0, ,0.0,0.0,0.0,0.0,0,0,0,0,0,0,0,0
TF,DL623,57.471122,40.240981,0, ,0.0,0.0,0.0,0.0,0,0,0,0,0,0,0,0
TF,DL523,57.504939,40.366414,0, ,0.0,0.0,0.0,0.0,0,0,0,0,0,0,0,0
TF,DL423,57.542022,40.504778,0, ,0.0,0.0,0.0,0.0,2,2600,0,0,0,0,0,0

STAR,MAGO1G,23,2
IF,MAGOK,58.043333,39.791111, ,0.0,0.0,2,7000,0,0,0,0,0,0
TF,R,57.570083,40.192722,0, ,0.0,0.0,0.0,0.0,4,4570,2600,0,0,0,0,0

STAR,MAGO1H,23,5
IF,MAGOK,58.043333,39.791111, ,0.0,0.0,2,7000,0,0,0,0,0,0
TF,DL723,57.575736,40.143214,0, ,0.0,0.0,0.0,0.0,0,0,0,0,0,0,0,0
TF,DL623,57.471122,40.240981,0, ,0.0,0.0,0.0,0.0,0,0,0,0,0,0,0,0
TF,DL523,57.504939,40.366414,0, ,0.0,0.0,0.0,0.0,0,0,0,0,0,0,0,0
TF,DL423,57.542022,40.504778,0, ,0.0,0.0,0.0,0.0,2,2600,0,0,0,0,0,0

STAR,MAGO1K,05,5
IF,MAGOK,58.043333,39.791111, ,0.0,0.0,2,7000,0,0,0,0,0,0
TF,DL405,57.479358,39.636411,0, ,0.0,0.0,0.0,0.0,2,2590,0,0,0,0,0,0

STAR,MAGO1N,05,5
IF,MAGOK,58.043333,39.791111, ,0.0,0.0,2,7000,0,0,0,0,0,0
TF,DL705,57.458836,40.192697,0, ,0.0,0.0,0.0,0.0,0,0,0,0,0,0,0,0
TF,DL605,57.421606,40.054758,0, ,0.0,0.0,0.0,0.0,0,0,0,0,0,0,0,0
TF,DL505,57.384225,39.917103,0, ,0.0,0.0,0.0,0.0,2,2590,0,0,0,0,0,0

STAR,MAGO1P,23,5
IF,MAGOK,58.043333,39.791111, ,0.0,0.0,2,7000,0,0,0,0,0,0
TF,DL323,57.719939,40.338500,0, ,0.0,0.0,0.0,0.0,2,2600,0,0,0,0,0,0

STAR,POGA1G,23,2
IF,POGAS,57.340000,40.136389, ,0.0,0.0,2,7000,0,0,0,0,0,0
TF,R,57.570083,40.192722,0, ,0.0,0.0,0.0,0.0,4,4570,2600,0,0,0,0,0

STAR,POGA1K,05,5
IF,POGAS,57.340000,40.136389, ,0.0,0.0,2,7000,0,0,0,0,0,0
TF,DL405,57.479358,39.636411,0, ,0.0,0.0,0.0,0.0,2,2590,0,0,0,0,0,0

STAR,POGA1N,05,5
IF,POGAS,57.340000,40.136389, ,0.0,0.0,2,7000,0,0,0,0,0,0
TF,DL505,57.384225,39.917103,0, ,0.0,0.0,0.0,0.0,2,2590,0,0,0,0,0,0

STAR,POGA1P,23,5
IF,POGAS,57.340000,40.136389, ,0.0,0.0,2,7000,0,0,0,0,0,0
TF,DL423,57.542022,40.504778,0, ,0.0,0.0,0.0,0.0,2,2600,0,0,0,0,0,0

STAR,RANT1G,23,2
IF,RANTO,57.486111,39.249444, ,0.0,0.0,2,7000,0,0,0,0,0,0
TF,R,57.570083,40.192722,0, ,0.0,0.0,0.0,0.0,4,4570,2600,0,0,0,0,0

STAR,RANT1N,05,5
IF,RANTO,57.486111,39.249444, ,0.0,0.0,2,7000,0,0,0,0,0,0
TF,DL405,57.479358,39.636411,0, ,0.0,0.0,0.0,0.0,2,2590,0,0,0,0,0,0

STAR,RANT1P,23,5
IF,RANTO,57.486111,39.249444, ,0.0,0.0,2,7000,0,0,0,0,0,0
TF,DL623,57.471122,40.240981,0, ,0.0,0.0,0.0,0.0,0,0,0,0,0,0,0,0
TF,DL523,57.504939,40.366414,0, ,0.0,0.0,0.0,0.0,0,0,0,0,0,0,0,0
TF,DL423,57.542022,40.504778,0, ,0.0,0.0,0.0,0.0,2,2600,0,0,0,0,0,0

APPTR,I23-X,23,R1
IF,R,57.570083,40.192722, ,0.0,0.0,4,4570,2600,1,205,0,1,0
FC,R,57.570083,40.192722,0,WGD,0.0,0.0,78.0,6.8,2,2270,0,0,0,0,0,1
CF,CF23,57.620497,40.381236,1,IRG,51.4,9.1,231.0,1.0,2,2270,0,0,0,0,0,0

APPTR,I23-X,23,R2
IF,R,57.570083,40.192722, ,0.0,0.0,4,4570,2600,1,205,0,1,0
FC,R,57.570083,40.192722,0,WGD,0.0,0.0,65.0,6.8,2,2270,0,0,0,0,0,1
CF,CF23,57.620497,40.381236,1,IRG,51.4,9.1,231.0,1.0,2,2270,0,0,0,0,0,0

FINAL,I23-X,23,I,3
IF,CF23,57.620497,40.381236,IRG,51.4,9.1,2,2270,0,0,0,0,0,0
CF,FF23,57.596111,40.289722,0,IRG,51.4,5.8,231.0,3.3,1,1620,0,0,0,0,2,0
CF,RW23,57.566658,40.179881,0,IRG,51.4,1.9,231.0,4.0,1,352,0,0,0,0,3,0
CA,0,231.0,2,1620,0,0,0,0,0,0
DF,R,57.570083,40.192722,1, ,0.0,0.0,2,2600,0,1,205,0,0,0

APPTR,I23-Y,23,DL323
IF,DL323,57.719939,40.338500, ,0.0,0.0,2,2600,0,0,0,0,1,0
TF,DL223,57.631528,40.421225,0,IRG,0.0,0.0,0.0,0.0,3,2270,0,1,205,0,1,0

APPTR,I23-Y,23,DL423
IF,DL423,57.542022,40.504778, ,0.0,0.0,2,2600,0,0,0,0,1,0
TF,DL223,57.631528,40.421225,0,IRG,0.0,0.0,0.0,0.0,3,2270,0,1,205,0,1,0

FINAL,I23-Y,23,I,3
IF,DL223,57.631528,40.421225,IRG,51.3,10.6,2,1620,0,1,205,0,0,0
CF,FF23,57.596111,40.289722,0,IRG,51.4,5.8,231.0,4.8,1,1620,0,0,0,0,2,0
CF,RW23,57.566658,40.179881,0,IRG,51.4,1.9,231.0,4.0,1,352,0,0,0,0,3,1
CA,0,231.0,2,1620,0,0,0,0,0,0
DF,DL523,57.504939,40.366414,1, ,0.0,0.0,4,3260,2270,1,215,0,0,0
TF,DL423,57.542022,40.504778,0, ,0.0,0.0,0.0,0.0,2,2600,0,0,0,0,0,0

APPTR,J05,05,DL405
IF,DL405,57.479358,39.636411, ,0.0,0.0,2,2590,0,0,0,0,1,0
TF,DL305,57.473081,39.833892,0,G05A,0.0,0.0,0.0,0.0,2,2260,0,0,0,0,1,0

APPTR,J05,05,DL505
IF,DL505,57.384225,39.917103, ,0.0,0.0,2,2590,0,0,0,0,1,0
TF,DL305,57.473081,39.833892,0,G05A,0.0,0.0,0.0,0.0,2,2260,0,0,0,0,1,0

FINAL,J05,05,G,3
IF,DL305,57.473081,39.833892,G05A,0.0,0.0,2,2260,0,0,0,0,0,0
TF,DL205,57.509264,39.967042,0,G05A,0.0,0.0,51.0,4.8,1,2260,0,0,0,0,2,0
TF,RW05,57.554572,40.134894,0,G05A,0.0,0.0,51.0,6.1,1,339,0,0,0,0,3,1
TF,DL051,57.592100,40.274783,0, ,0.0,0.0,0.0,0.0,0,0,0,1,215,0,0,1
DF,DL705,57.458836,40.192697,2, ,0.0,0.0,4,3240,2590,1,220,0,0,0
TF,DL505,57.384225,39.917103,0, ,0.0,0.0,0.0,0.0,2,2590,0,0,0,0,0,0

APPTR,N23-Y,23,R1
IF,R,57.570083,40.192722, ,0.0,0.0,4,4570,2600,1,215,0,1,0
FC,R,57.570083,40.192722,0,R,0.0,0.0,77.0,7.2,2,2270,0,0,0,0,0,1
CF,FN23Y,57.611964,40.346219,1,R,51.0,5.6,231.0,2.0,2,2270,0,0,0,0,0,0

APPTR,N23-Y,23,R2
IF,R,57.570083,40.192722, ,0.0,0.0,4,4570,2600,1,215,0,1,0
FC,R,57.570083,40.192722,0,R,0.0,0.0,64.0,7.2,2,2270,0,0,0,0,0,1
CF,FN23Y,57.611964,40.346219,1,R,51.0,5.6,231.0,2.0,2,2270,0,0,0,0,0,0

FINAL,N23-Y,23,N,2
IF,FN23Y,57.611964,40.346219,R,0.0,0.0,2,2270,0,0,0,0,2,0
CF,R,57.570083,40.192722,0,R,0.0,0.0,231.0,5.6,1,500,0,0,0,0,3,0
CA,0,231.0,2,1620,0,0,0,0,0,0
DF,R,57.570083,40.192722,1, ,0.0,0.0,2,2600,0,1,215,0,0,0

APPTR,R05,05,DL405
IF,DL405,57.479358,39.636411, ,0.0,0.0,2,2590,0,0,0,0,1,0
TF,DL305,57.473081,39.833892,0, ,0.0,0.0,0.0,0.0,2,2260,0,0,0,0,1,0

APPTR,R05,05,DL505
IF,DL505,57.384225,39.917103, ,0.0,0.0,2,2590,0,0,0,0,1,0
TF,DL305,57.473081,39.833892,0, ,0.0,0.0,0.0,0.0,2,2260,0,0,0,0,1,0

FINAL,R05,05,R,3
IF,DL305,57.473081,39.833892, ,0.0,0.0,2,2260,0,0,0,0,0,0
TF,DL205,57.509264,39.967042,0, ,0.0,0.0,51.0,4.8,1,2260,0,0,0,0,2,0
TF,RW05,57.554572,40.134894,0, ,0.0,0.0,51.0,6.1,1,336,0,0,0,0,3,1
TF,DL051,57.592100,40.274783,0, ,0.0,0.0,0.0,0.0,0,0,0,1,215,0,0,1
DF,DL705,57.458836,40.192697,2, ,0.0,0.0,4,3240,2590,1,220,0,0,0
TF,DL505,57.384225,39.917103,0, ,0.0,0.0,0.0,0.0,2,2590,0,0,0,0,0,0

APPTR,R23,23,DL323
IF,DL323,57.719939,40.338500, ,0.0,0.0,2,2600,0,0,0,0,1,0
TF,DL223,57.631528,40.421225,0, ,0.0,0.0,0.0,0.0,3,2270,0,1,205,0,1,0

APPTR,R23,23,DL423
IF,DL423,57.542022,40.504778, ,0.0,0.0,2,2600,0,0,0,0,1,0
TF,DL223,57.631528,40.421225,0, ,0.0,0.0,0.0,0.0,3,2270,0,1,205,0,1,0

FINAL,R23,23,R,3
IF,DL223,57.631528,40.421225, ,0.0,0.0,2,1620,0,1,205,0,0,0
TF,DL023,57.596314,40.290647,0, ,0.0,0.0,231.0,4.7,1,1620,0,0,0,0,2,0
TF,RW23,57.566658,40.179881,0, ,0.0,0.0,231.0,4.0,1,352,0,0,0,0,3,1
CA,0,231.0,2,1620,0,0,0,0,0,0
DF,DL523,57.504939,40.366414,1, ,0.0,0.0,4,3260,2270,1,215,0,0,0
TF,DL423,57.542022,40.504778,0, ,0.0,0.0,0.0,0.0,2,2600,0,0,0,0,0,0

