SID,LAMK1E,14,2
CA,0,142.0,2,900,0,1,225,0,0,0
CI,1, ,0.0,274.0,0,0,0,0,0,0,0,0
CF,LAMKO,53.226667,41.268056,0,PNZ,263.4,135.6,334.0,24.0,2,8000,0,0,0,0,0,0

SID,LAMK1F,32,2
CA,0,322.0,2,900,0,1,225,0,0,0
CI,0, ,0.0,351.0,0,0,0,0,0,0,0,0
CF,LAMKO,53.226667,41.268056,0,PNZ,263.4,135.6,331.0,24.0,2,8000,0,0,0,0,0,0

SID,TAMA1E,14,2
CA,0,142.0,2,900,0,1,225,0,0,0
CI,1, ,0.0,319.0,0,0,0,0,0,0,0,0
CF,TAMAD,53.168333,42.053056,0,PNZ,261.9,107.2,39.0,26.0,2,7000,0,0,0,0,0,0

SID,TAMA1F,32,2
CA,0,322.0,2,900,0,1,225,0,0,0
CI,2, ,0.0,87.0,0,0,0,0,0,0,0,0
CF,TAMAD,53.168333,42.053056,0,PNZ,261.9,107.2,27.0,25.0,2,7000,0,0,0,0,0,0

SID,UMRA1E,14,2
CA,0,142.0,2,900,0,1,225,0,0,0
CI,0, ,0.0,58.0,0,0,0,0,0,0,0,0
CF,D103Q,52.734033,41.880444,0,PNZ,248.9,116.2,103.0,10.0,0,0,0,0,0,0,0,0
TF,UMRAL,52.371667,41.955000,0, ,0.0,0.0,0.0,0.0,2,7000,0,0,0,0,0,0

SID,UMRA1F,32,2
CA,0,322.0,2,900,0,1,225,0,0,0
CI,2, ,0.0,170.0,0,0,0,0,0,0,0,0
CF,D090N,52.718975,41.883569,0,PNZ,248.5,116.3,90.0,12.0,0,0,0,0,0,0,0,0
TF,UMRAL,52.371667,41.955000,0, ,0.0,0.0,0.0,0.0,2,7000,0,0,0,0,0,0

SID,UMRA1Y,32,2
CA,0,322.0,2,900,0,1,225,0,0,0
CI,2, ,0.0,195.0,0,0,0,0,0,0,0,0
CF,UMRAL,52.371667,41.955000,0,PNZ,238.5,120.2,135.0,29.0,2,7000,0,0,0,0,0,0

SID,UMRA1Z,14,2
CA,0,142.0,2,900,0,1,225,0,0,0
CI,0, ,0.0,116.0,0,0,0,0,0,0,0,0
CF,UMRAL,52.371667,41.955000,0,PNZ,238.5,120.2,136.0,30.0,2,7000,0,0,0,0,0,0

STAR,LAMK1G,14,2
IF,LAMKO,53.226667,41.268056, ,0.0,0.0,2,7000,0,0,0,0,0,0
TF,F,52.821528,41.469889,0, ,0.0,0.0,0.0,0.0,2,3000,0,0,0,0,0,0

STAR,LAMK1H,32,2
IF,LAMKO,53.226667,41.268056, ,0.0,0.0,2,7000,0,0,0,0,0,0
TF,X,52.790583,41.496000,0, ,0.0,0.0,0.0,0.0,2,3000,0,0,0,0,0,0

STAR,TAMA1G,14,2
IF,TAMAD,53.168333,42.053056, ,0.0,0.0,2,8000,0,0,0,0,0,0
TF,F,52.821528,41.469889,0, ,0.0,0.0,0.0,0.0,2,3000,0,0,0,0,0,0

STAR,TAMA1H,32,2
IF,TAMAD,53.168333,42.053056, ,0.0,0.0,2,8000,0,0,0,0,0,0
TF,X,52.790583,41.496000,0, ,0.0,0.0,0.0,0.0,2,3000,0,0,0,0,0,0

STAR,UMRA1G,14,2
IF,UMRAL,52.371667,41.955000, ,0.0,0.0,2,8000,0,0,0,0,0,0
CI,0, ,0.0,342.0,0,0,0,0,0,0,0,0
CF,F,52.821528,41.469889,0,PNZ,252.7,129.9,279.0,16.0,2,3000,0,0,0,0,0,0

STAR,UMRA1H,32,2
IF,UMRAL,52.371667,41.955000, ,0.0,0.0,2,8000,0,0,0,0,0,0
CI,0, ,0.0,342.0,0,0,0,0,0,0,0,0
CF,X,52.790583,41.496000,0,PNZ,251.8,129.3,275.0,16.0,2,3000,0,0,0,0,0,0

STAR,UMRA1W,32,2
IF,UMRAL,52.371667,41.955000, ,0.0,0.0,2,8000,0,0,0,0,0,0
TF,X,52.790583,41.496000,0, ,0.0,0.0,0.0,0.0,2,3000,0,0,0,0,0,0

STAR,UMRA1X,14,2
IF,UMRAL,52.371667,41.955000, ,0.0,0.0,2,8000,0,0,0,0,0,0
TF,F,52.821528,41.469889,0, ,0.0,0.0,0.0,0.0,2,3000,0,0,0,0,0,0

APPTR,N14-Y,14,F
IF,F,52.821528,41.469889, ,0.0,0.0,2,3000,0,0,0,0,1,0
CF,D154I,52.966186,41.405681,0,F,334.0,9.0,334.0,9.0,2,2800,0,0,0,0,0,1
CF,FN14,52.924700,41.382875,1,F,322.0,7.0,142.0,2.0,2,2800,0,0,0,0,0,0

FINAL,N14-Y,14,N,2
IF,FN14,52.924700,41.382875,F,0.0,0.0,2,2800,0,0,0,0,2,0
CF,F,52.821528,41.469889,0,F,0.0,0.0,142.0,7.0,1,586,0,0,0,0,3,0
CA,0,142.0,2,1500,0,0,0,0,0,0
DF,F,52.821528,41.469889,1, ,0.0,0.0,2,3000,0,0,0,0,0,0

APPTR,N14-Z,14,F
IF,F,52.821528,41.469889, ,0.0,0.0,2,3000,0,1,225,0,1,0
CF,D168H,52.946325,41.466281,0,PNZ,256.0,129.0,348.0,7.5,2,2800,0,0,0,0,0,1
CF,FN14,52.924700,41.382875,1,PNZ,255.5,132.2,142.0,1.0,2,2800,0,0,0,0,0,0

FINAL,N14-Z,14,N,2
IF,FN14,52.924700,41.382875,F,0.0,0.0,2,2800,0,0,0,0,2,0
CF,F,52.821528,41.469889,0,F,0.0,0.0,142.0,7.0,1,586,0,0,0,0,3,0
CA,0,142.0,2,1500,0,0,0,0,0,0
DF,F,52.821528,41.469889,1, ,0.0,0.0,2,3000,0,0,0,0,0,0

APPTR,N32-Y,32,X
IF,X,52.790583,41.496000, ,0.0,0.0,2,3000,0,0,0,0,1,0
CF,D310I,52.674075,41.651075,0,X,130.0,9.0,130.0,9.0,2,2800,0,0,0,0,0,1
CF,FN32,52.688975,41.581175,2,X,142.0,6.9,322.0,3.0,2,2800,0,0,0,0,0,0

FINAL,N32-Y,32,N,2
IF,FN32,52.688975,41.581175,X,0.0,0.0,2,2800,0,0,0,0,2,0
CF,X,52.790583,41.496000,0,X,0.0,0.0,322.0,6.9,1,620,0,0,0,0,3,0
CA,0,322.0,2,1500,0,0,0,0,0,0
DF,X,52.790583,41.496000,2, ,0.0,0.0,2,3000,0,0,0,0,0,0

APPTR,N32-Z,32,X
IF,X,52.790583,41.496000, ,0.0,0.0,2,3000,0,1,225,0,1,0
CF,D296H,52.715350,41.660153,0,PNZ,249.2,124.2,116.0,7.5,2,2800,0,0,0,0,0,1
CF,FN32,52.688975,41.581175,2,PNZ,248.8,127.4,322.0,1.0,2,2800,0,0,0,0,0,0

FINAL,N32-Z,32,N,2
IF,FN32,52.688975,41.581175,X,0.0,0.0,2,2800,0,0,0,0,2,0
CF,X,52.790583,41.496000,0,X,0.0,0.0,322.0,6.9,1,620,0,0,0,0,3,0
CA,0,322.0,2,1500,0,0,0,0,0,0
DF,X,52.790583,41.496000,2, ,0.0,0.0,2,3000,0,0,0,0,0,0

