SID,AGID2A,35,2
DF,DER35,63.578358,53.811650,0, ,0.0,0.0,0,0,0,0,0,0,0,1
CA,0,354.0,2,1000,0,0,0,0,0,0
DF,BF,63.522167,53.776722,2, ,0.0,0.0,0,0,0,0,0,0,0,0
TF,AGIDI,63.396667,52.245278,0, ,0.0,0.0,0.0,0.0,2,6000,0,0,0,0,0,0

SID,AGID2B,35,2
DF,DER35,63.578358,53.811650,0, ,0.0,0.0,0,0,0,0,0,0,0,1
CA,0,354.0,2,1000,0,0,0,0,0,0
DF,UHT,63.560361,53.793472,2, ,0.0,0.0,2,5000,0,0,0,0,0,1
TF,AGIDI,63.396667,52.245278,0, ,0.0,0.0,0.0,0.0,2,6000,0,0,0,0,0,0

SID,AGID2C,17,2
DF,DER17,63.555450,53.797456,0, ,0.0,0.0,0,0,0,0,0,0,0,1
CA,0,174.0,2,1000,0,0,0,0,0,0
CI,2, ,0.0,267.0,0,0,0,0,0,0,0,0
CF,AGIDI,63.396667,52.245278,0,UHT,237.4,42.8,237.0,38.0,2,6000,0,0,0,0,0,0

SID,AGID2D,17,2
DF,DER17,63.555450,53.797456,0, ,0.0,0.0,0,0,0,0,0,0,0,1
CA,0,174.0,2,1000,0,0,0,0,0,0
DF,DP,63.611722,53.831833,1, ,0.0,0.0,0,0,0,0,0,0,0,1
CI,1, ,0.0,195.0,0,0,0,0,0,0,0,0
CF,AGIDI,63.396667,52.245278,0,UHT,237.4,42.8,234.0,40.0,2,6000,0,0,0,0,0,0

SID,AGID2M,17,5
CF,YH001,63.509889,53.769306,0,UHT,172.1,3.1,174.0,3.0,0,0,0,0,0,0,0,1
DF,AGIDI,63.396667,52.245278,0, ,0.0,0.0,2,6000,0,0,0,0,0,0

SID,AGID2Q,35,5
CF,YH029,63.626028,53.841278,0,UHT,357.9,4.2,354.0,3.0,0,0,0,1,265,0,0,1
DF,YH030,63.676333,53.395639,1, ,0.0,0.0,0,0,0,0,0,0,0,0
TF,AGIDI,63.396667,52.245278,0, ,0.0,0.0,0.0,0.0,2,6000,0,0,0,0,0,0

SID,GAPR2A,35,2
DF,DER35,63.578358,53.811650,0, ,0.0,0.0,0,0,0,0,0,0,0,1
CA,0,354.0,2,1000,0,0,0,0,0,0
DF,BF,63.522167,53.776722,2, ,0.0,0.0,0,0,0,0,0,0,0,1
TF,GAPRA,62.988056,52.862778,0, ,0.0,0.0,0.0,0.0,2,6000,0,0,0,0,0,0

SID,GAPR2B,35,2
DF,DER35,63.578358,53.811650,0, ,0.0,0.0,0,0,0,0,0,0,0,1
CA,0,354.0,2,1000,0,0,0,0,0,0
DF,UHT,63.560361,53.793472,2, ,0.0,0.0,2,5000,0,0,0,0,0,1
TF,GAPRA,62.988056,52.862778,0, ,0.0,0.0,0.0,0.0,2,6000,0,0,0,0,0,0

SID,GAPR2C,17,2
DF,DER17,63.555450,53.797456,0, ,0.0,0.0,0,0,0,0,0,0,0,1
CA,0,174.0,2,1000,0,0,0,0,0,0
CI,0, ,0.0,206.0,0,0,0,0,0,0,0,0
CF,GAPRA,62.988056,52.862778,0,UHT,196.6,42.7,197.0,40.0,2,6000,0,0,0,0,0,0

SID,GAPR2D,17,2
DF,DER17,63.555450,53.797456,0, ,0.0,0.0,0,0,0,0,0,0,0,1
CA,0,174.0,2,1000,0,0,0,0,0,0
CI,0, ,0.0,214.0,0,0,0,0,0,0,0,0
CF,GAPRA,62.988056,52.862778,0,UHT,196.6,42.7,195.0,38.0,2,6000,0,0,0,0,0,0

SID,GAPR2M,17,5
CF,YH001,63.509889,53.769306,0,UHT,172.1,3.1,174.0,3.0,0,0,0,0,0,0,0,1
DF,GAPRA,62.988056,52.862778,0, ,0.0,0.0,2,6000,0,0,0,0,0,0

SID,GAPR2Q,35,5
CF,YH029,63.626028,53.841278,0,UHT,357.9,4.2,354.0,3.0,0,0,0,1,265,0,0,1
DF,YH030,63.676333,53.395639,1, ,0.0,0.0,0,0,0,0,0,0,0,0
TF,GAPRA,62.988056,52.862778,0, ,0.0,0.0,0.0,0.0,2,6000,0,0,0,0,0,0

SID,GIPA2A,35,2
DF,DER35,63.578358,53.811650,0, ,0.0,0.0,0,0,0,0,0,0,0,1
CA,0,354.0,2,1000,0,0,0,0,0,0
CI,0, ,0.0,23.0,0,0,0,0,0,0,0,0
CF,GIPAT,64.183333,54.636944,0,UHT,10.5,43.7,9.0,35.0,2,6000,0,0,0,0,0,0

SID,GIPA2B,35,2
DF,DER35,63.578358,53.811650,0, ,0.0,0.0,0,0,0,0,0,0,0,1
CA,0,354.0,2,1000,0,0,0,0,0,0
CI,0, ,0.0,17.0,0,0,0,0,0,0,0,0
CF,GIPAT,64.183333,54.636944,0,UHT,10.5,43.7,10.0,33.0,2,6000,0,0,0,0,0,0

SID,GIPA2C,17,2
DF,DER17,63.555450,53.797456,0, ,0.0,0.0,0,0,0,0,0,0,0,1
CD, ,0,0,0,UHT,0,0.0,174.0,5.7,0,0,0,0,0,0,0,0
DF,UHT,63.560361,53.793472,1, ,0.0,0.0,0,0,0,0,0,0,0,1
TF,GIPAT,64.183333,54.636944,0, ,0.0,0.0,0.0,0.0,2,6000,0,0,0,0,0,0

SID,GIPA2D,17,2
DF,DER17,63.555450,53.797456,0, ,0.0,0.0,0,0,0,0,0,0,0,1
CA,0,174.0,2,1000,0,0,0,0,0,0
DF,DP,63.611722,53.831833,1, ,0.0,0.0,0,0,0,0,0,0,0,1
TF,GIPAT,64.183333,54.636944,0, ,0.0,0.0,0.0,0.0,2,6000,0,0,0,0,0,0

SID,GIPA2M,17,5
CF,YH001,63.509889,53.769306,0,UHT,172.1,3.1,174.0,3.0,0,0,0,0,0,0,0,1
DF,GIPAT,64.183333,54.636944,1, ,0.0,0.0,2,6000,0,0,0,0,0,0

SID,GIPA2Q,35,5
CF,YH029,63.626028,53.841278,0,UHT,357.9,4.2,354.0,3.0,0,0,0,0,0,0,0,1
DF,GIPAT,64.183333,54.636944,0, ,0.0,0.0,2,6000,0,0,0,0,0,0

SID,INRO2A,35,2
DF,DER35,63.578358,53.811650,0, ,0.0,0.0,0,0,0,0,0,0,0,1
CA,0,354.0,2,1000,0,0,0,0,0,0
DF,BF,63.522167,53.776722,2, ,0.0,0.0,0,0,0,0,0,0,0,0
TF,INROR,63.088333,52.615000,0, ,0.0,0.0,0.0,0.0,2,6000,0,0,0,0,0,0

SID,INRO2B,35,2
DF,DER35,63.578358,53.811650,0, ,0.0,0.0,0,0,0,0,0,0,0,1
CA,0,354.0,2,1000,0,0,0,0,0,0
DF,UHT,63.560361,53.793472,2, ,0.0,0.0,2,5000,0,0,0,0,0,1
TF,INROR,63.088333,52.615000,0, ,0.0,0.0,0.0,0.0,2,6000,0,0,0,0,0,0

SID,INRO2C,17,2
DF,DER17,63.555450,53.797456,0, ,0.0,0.0,0,0,0,0,0,0,0,1
CA,0,174.0,2,1000,0,0,0,0,0,0
CI,0, ,0.0,223.0,0,0,0,0,0,0,0,0
CF,INROR,63.088333,52.615000,0,UHT,208.8,42.7,209.0,40.0,2,6000,0,0,0,0,0,0

SID,INRO2D,17,2
DF,DER17,63.555450,53.797456,0, ,0.0,0.0,0,0,0,0,0,0,0,1
CA,0,174.0,2,1000,0,0,0,0,0,0
CI,0, ,0.0,235.0,0,0,0,0,0,0,0,0
CF,INROR,63.088333,52.615000,0,UHT,208.8,42.7,207.0,38.0,2,6000,0,0,0,0,0,0

SID,INRO2M,17,5
CF,YH001,63.509889,53.769306,0,UHT,172.1,3.1,174.0,3.0,0,0,0,0,0,0,0,1
DF,INROR,63.088333,52.615000,0, ,0.0,0.0,2,6000,0,0,0,0,0,0

SID,INRO2Q,35,5
CF,YH029,63.626028,53.841278,0,UHT,357.9,4.2,354.0,3.0,0,0,0,1,265,0,0,1
DF,YH030,63.676333,53.395639,1, ,0.0,0.0,0,0,0,0,0,0,0,0
TF,INROR,63.088333,52.615000,0, ,0.0,0.0,0.0,0.0,2,6000,0,0,0,0,0,0

SID,LAML2A,35,2
DF,DER35,63.578358,53.811650,0, ,0.0,0.0,0,0,0,0,0,0,0,1
CA,0,354.0,2,1000,0,0,0,0,0,0
DF,BF,63.522167,53.776722,2, ,0.0,0.0,0,0,0,0,0,0,0,1
TF,LAMLI,62.850000,53.745556,0, ,0.0,0.0,0.0,0.0,2,10000,0,0,0,0,0,0

SID,LAML2B,35,2
DF,DER35,63.578358,53.811650,0, ,0.0,0.0,0,0,0,0,0,0,0,1
CA,0,354.0,2,1000,0,0,0,0,0,0
DF,UHT,63.560361,53.793472,2, ,0.0,0.0,2,5000,0,0,0,0,0,1
CI,1, ,0.0,134.0,0,0,0,0,0,0,0,0
CF,LAMLI,62.850000,53.745556,0,UHT,161.8,42.8,162.0,37.0,2,10000,0,0,0,0,0,0

SID,LAML2C,17,2
DF,DER17,63.555450,53.797456,0, ,0.0,0.0,0,0,0,0,0,0,0,1
CA,0,174.0,2,1000,0,0,0,0,0,0
CI,0, ,0.0,159.0,0,0,0,0,0,0,0,0
CF,LAMLI,62.850000,53.745556,0,UHT,161.8,42.8,162.0,35.0,2,10000,0,0,0,0,0,0

SID,LAML2D,17,2
DF,DER17,63.555450,53.797456,0, ,0.0,0.0,0,0,0,0,0,0,0,1
CA,0,174.0,2,1000,0,0,0,0,0,0
CI,0, ,0.0,152.0,0,0,0,0,0,0,0,0
CF,LAMLI,62.850000,53.745556,0,UHT,161.8,42.8,163.0,37.0,2,10000,0,0,0,0,0,0

SID,LAML2M,17,5
CF,YH001,63.509889,53.769306,0,UHT,172.1,3.1,174.0,3.0,0,0,0,0,0,0,0,1
DF,LAMLI,62.850000,53.745556,0, ,0.0,0.0,2,10000,0,0,0,0,0,0

SID,LAML2Q,35,5
CF,YH029,63.626028,53.841278,0,UHT,357.9,4.2,354.0,3.0,0,0,0,0,0,0,0,1
DF,LAMLI,62.850000,53.745556,2, ,0.0,0.0,2,10000,0,0,0,0,0,0

SID,LIDL2A,35,2
DF,DER35,63.578358,53.811650,0, ,0.0,0.0,0,0,0,0,0,0,0,1
CA,0,354.0,2,1000,0,0,0,0,0,0
CI,0, ,0.0,320.0,0,0,0,0,0,0,0,0
CF,LIDLA,64.282500,53.685556,0,UHT,336.3,43.6,337.0,37.0,2,6000,0,0,0,0,0,0

SID,LIDL2B,35,2
DF,DER35,63.578358,53.811650,0, ,0.0,0.0,0,0,0,0,0,0,0,1
CA,0,354.0,2,1000,0,0,0,0,0,0
CI,0, ,0.0,324.0,0,0,0,0,0,0,0,0
CF,LIDLA,64.282500,53.685556,0,UHT,336.3,43.6,336.0,38.0,2,6000,0,0,0,0,0,0

SID,LIDL2C,17,2
DF,DER17,63.555450,53.797456,0, ,0.0,0.0,0,0,0,0,0,0,0,1
CD, ,0,0,0,UHT,0,0.0,174.0,5.7,0,0,0,0,0,0,0,0
DF,UHT,63.560361,53.793472,1, ,0.0,0.0,0,0,0,0,0,0,0,1
TF,LIDLA,64.282500,53.685556,0, ,0.0,0.0,0.0,0.0,2,6000,0,0,0,0,0,0

SID,LIDL2D,17,2
DF,DER17,63.555450,53.797456,0, ,0.0,0.0,0,0,0,0,0,0,0,1
CA,0,174.0,2,1000,0,0,0,0,0,0
DF,DP,63.611722,53.831833,1, ,0.0,0.0,0,0,0,0,0,0,0,0
TF,LIDLA,64.282500,53.685556,0, ,0.0,0.0,0.0,0.0,2,6000,0,0,0,0,0,0

SID,LIDL2M,17,5
CF,YH001,63.509889,53.769306,0,UHT,172.1,3.1,174.0,3.0,0,0,0,1,250,0,0,1
DF,YH003,63.560083,53.376278,2, ,0.0,0.0,0,0,0,0,0,0,0,0
TF,LIDLA,64.282500,53.685556,0, ,0.0,0.0,0.0,0.0,2,6000,0,0,0,0,0,0

SID,LIDL2Q,35,5
CF,YH029,63.626028,53.841278,0,UHT,357.9,4.2,354.0,3.0,0,0,0,0,0,0,0,1
DF,LIDLA,64.282500,53.685556,0, ,0.0,0.0,2,6000,0,0,0,0,0,0

SID,MARA2A,35,2
DF,DER35,63.578358,53.811650,0, ,0.0,0.0,0,0,0,0,0,0,0,1
CA,0,354.0,2,1000,0,0,0,0,0,0
CI,0, ,0.0,68.0,0,0,0,0,0,0,0,0
CF,MARAM,63.970000,55.146667,0,UHT,35.0,43.7,33.0,36.0,2,6000,0,0,0,0,0,0

SID,MARA2B,35,2
DF,DER35,63.578358,53.811650,0, ,0.0,0.0,0,0,0,0,0,0,0,1
CA,0,354.0,2,1000,0,0,0,0,0,0
CI,0, ,0.0,56.0,0,0,0,0,0,0,0,0
CF,MARAM,63.970000,55.146667,0,UHT,35.0,43.7,35.0,36.0,2,6000,0,0,0,0,0,0

SID,MARA2C,17,2
DF,DER17,63.555450,53.797456,0, ,0.0,0.0,0,0,0,0,0,0,0,1
CD, ,0,0,0,UHT,0,0.0,174.0,5.7,0,0,0,0,0,0,0,0
DF,UHT,63.560361,53.793472,1, ,0.0,0.0,0,0,0,0,0,0,0,1
CI,2, ,0.0,72.0,0,0,0,0,0,0,0,0
CF,MARAM,63.970000,55.146667,0,UHT,35.0,43.7,35.0,40.0,2,6000,0,0,0,0,0,0

SID,MARA2D,17,2
DF,DER17,63.555450,53.797456,0, ,0.0,0.0,0,0,0,0,0,0,0,1
CA,0,174.0,2,1000,0,0,0,0,0,0
DF,DP,63.611722,53.831833,1, ,0.0,0.0,0,0,0,0,0,0,0,1
CI,2, ,0.0,73.0,0,0,0,0,0,0,0,0
CF,MARAM,63.970000,55.146667,0,UHT,35.0,43.7,38.0,36.0,2,6000,0,0,0,0,0,0

SID,MARA2M,17,5
CF,YH001,63.509889,53.769306,0,UHT,172.1,3.1,174.0,3.0,0,0,0,0,0,0,0,1
DF,MARAM,63.970000,55.146667,1, ,0.0,0.0,2,6000,0,0,0,0,0,0

SID,MARA2Q,35,5
CF,YH029,63.626028,53.841278,0,UHT,357.9,4.2,354.0,3.0,0,0,0,0,0,0,0,1
DF,MARAM,63.970000,55.146667,0, ,0.0,0.0,2,6000,0,0,0,0,0,0

SID,OKRA2A,35,2
DF,DER35,63.578358,53.811650,0, ,0.0,0.0,0,0,0,0,0,0,0,1
CA,0,354.0,2,1000,0,0,0,0,0,0
CI,2, ,0.0,144.0,0,0,0,0,0,0,0,0
CF,OKRAN,63.480000,55.400000,0,UHT,75.7,43.4,73.0,38.0,2,6000,0,0,0,0,0,0

SID,OKRA2B,35,2
DF,DER35,63.578358,53.811650,0, ,0.0,0.0,0,0,0,0,0,0,0,1
CA,0,354.0,2,1000,0,0,0,0,0,0
CI,2, ,0.0,121.0,0,0,0,0,0,0,0,0
CF,OKRAN,63.480000,55.400000,0,UHT,75.7,43.4,76.0,37.0,2,6000,0,0,0,0,0,0

SID,OKRA2C,17,2
DF,DER17,63.555450,53.797456,0, ,0.0,0.0,0,0,0,0,0,0,0,1
CA,0,174.0,2,1000,0,0,0,0,0,0
CI,1, ,0.0,32.0,0,0,0,0,0,0,0,0
CF,OKRAN,63.480000,55.400000,0,UHT,75.7,43.4,76.0,38.0,2,6000,0,0,0,0,0,0

SID,OKRA2D,17,2
DF,DER17,63.555450,53.797456,0, ,0.0,0.0,0,0,0,0,0,0,0,1
CA,0,174.0,2,1000,0,0,0,0,0,0
CI,1, ,0.0,350.0,0,0,0,0,0,0,0,0
CF,OKRAN,63.480000,55.400000,0,UHT,75.7,43.4,80.0,40.0,2,6000,0,0,0,0,0,0

SID,OKRA2M,17,5
CF,YH001,63.509889,53.769306,0,UHT,172.1,3.1,174.0,3.0,0,0,0,0,0,0,0,1
DF,OKRAN,63.480000,55.400000,1, ,0.0,0.0,2,6000,0,0,0,0,0,0

SID,OKRA2Q,35,5
CF,YH029,63.626028,53.841278,0,UHT,357.9,4.2,354.0,3.0,0,0,0,0,0,0,0,1
DF,OKRAN,63.480000,55.400000,2, ,0.0,0.0,2,6000,0,0,0,0,0,0

SID,OSLI2A,35,2
DF,DER35,63.578358,53.811650,0, ,0.0,0.0,0,0,0,0,0,0,0,1
CA,0,354.0,2,1000,0,0,0,0,0,0
CI,2, ,0.0,112.0,0,0,0,0,0,0,0,0
CF,OSLIM,63.695000,55.391667,0,UHT,58.6,43.6,56.0,37.0,2,6000,0,0,0,0,0,0

SID,OSLI2B,35,2
DF,DER35,63.578358,53.811650,0, ,0.0,0.0,0,0,0,0,0,0,0,1
CA,0,354.0,2,1000,0,0,0,0,0,0
CI,2, ,0.0,94.0,0,0,0,0,0,0,0,0
CF,OSLIM,63.695000,55.391667,0,UHT,58.6,43.6,59.0,37.0,2,6000,0,0,0,0,0,0

SID,OSLI2C,17,2
DF,DER17,63.555450,53.797456,0, ,0.0,0.0,0,0,0,0,0,0,0,1
CA,0,174.0,2,1000,0,0,0,0,0,0
CI,1, ,0.0,9.0,0,0,0,0,0,0,0,0
CF,OSLIM,63.695000,55.391667,0,UHT,58.6,43.6,59.0,39.0,2,6000,0,0,0,0,0,0

SID,OSLI2D,17,2
DF,DER17,63.555450,53.797456,0, ,0.0,0.0,0,0,0,0,0,0,0,1
CA,0,174.0,2,1000,0,0,0,0,0,0
DF,DP,63.611722,53.831833,1, ,0.0,0.0,0,0,0,0,0,0,0,1
CI,2, ,0.0,99.0,0,0,0,0,0,0,0,0
CF,OSLIM,63.695000,55.391667,0,UHT,58.6,43.6,62.0,36.0,2,6000,0,0,0,0,0,0

SID,OSLI2M,17,5
CF,YH001,63.509889,53.769306,0,UHT,172.1,3.1,174.0,3.0,0,0,0,0,0,0,0,1
DF,OSLIM,63.695000,55.391667,1, ,0.0,0.0,2,6000,0,0,0,0,0,0

SID,OSLI2Q,35,5
CF,YH029,63.626028,53.841278,0,UHT,357.9,4.2,354.0,3.0,0,0,0,0,0,0,0,1
DF,OSLIM,63.695000,55.391667,0, ,0.0,0.0,2,6000,0,0,0,0,0,0

SID,SUKA2A,35,2
DF,DER35,63.578358,53.811650,0, ,0.0,0.0,0,0,0,0,0,0,0,1
CA,0,354.0,2,1000,0,0,0,0,0,0
CI,0, ,0.0,43.0,0,0,0,0,0,0,0,0
CF,SUKAB,64.101389,54.888889,0,UHT,21.3,43.7,20.0,36.0,2,6000,0,0,0,0,0,0

SID,SUKA2B,35,2
DF,DER35,63.578358,53.811650,0, ,0.0,0.0,0,0,0,0,0,0,0,1
CA,0,354.0,2,1000,0,0,0,0,0,0
CI,0, ,0.0,34.0,0,0,0,0,0,0,0,0
CF,SUKAB,64.101389,54.888889,0,UHT,21.3,43.7,21.0,34.0,2,6000,0,0,0,0,0,0

SID,SUKA2C,17,2
DF,DER17,63.555450,53.797456,0, ,0.0,0.0,0,0,0,0,0,0,0,1
CD, ,0,0,0,UHT,0,0.0,174.0,5.7,0,0,0,0,0,0,0,0
DF,UHT,63.560361,53.793472,1, ,0.0,0.0,0,0,0,0,0,0,0,1
TF,SUKAB,64.101389,54.888889,0, ,0.0,0.0,0.0,0.0,2,6000,0,0,0,0,0,0

SID,SUKA2D,17,2
DF,DER17,63.555450,53.797456,0, ,0.0,0.0,0,0,0,0,0,0,0,1
CA,0,174.0,2,1000,0,0,0,0,0,0
DF,DP,63.611722,53.831833,1, ,0.0,0.0,0,0,0,0,0,0,0,1
TF,SUKAB,64.101389,54.888889,0, ,0.0,0.0,0.0,0.0,2,6000,0,0,0,0,0,0

SID,SUKA2M,17,5
CF,YH001,63.509889,53.769306,0,UHT,172.1,3.1,174.0,3.0,0,0,0,0,0,0,0,1
DF,SUKAB,64.101389,54.888889,1, ,0.0,0.0,2,6000,0,0,0,0,0,0

SID,SUKA2Q,35,5
CF,YH029,63.626028,53.841278,0,UHT,357.9,4.2,354.0,3.0,0,0,0,0,0,0,0,1
DF,SUKAB,64.101389,54.888889,0, ,0.0,0.0,2,6000,0,0,0,0,0,0

SID,TIKR2A,35,2
DF,DER35,63.578358,53.811650,0, ,0.0,0.0,0,0,0,0,0,0,0,1
CA,0,354.0,2,1000,0,0,0,0,0,0
CI,0, ,0.0,291.0,0,0,0,0,0,0,0,0
CF,TIKRI,64.240278,53.241667,0,UHT,320.6,43.5,322.0,36.0,2,6000,0,0,0,0,0,0

SID,TIKR2B,35,2
DF,DER35,63.578358,53.811650,0, ,0.0,0.0,0,0,0,0,0,0,0,1
CA,0,354.0,2,1000,0,0,0,0,0,0
CI,0, ,0.0,299.0,0,0,0,0,0,0,0,0
CF,TIKRI,64.240278,53.241667,0,UHT,320.6,43.5,321.0,36.0,2,6000,0,0,0,0,0,0

SID,TIKR2C,17,2
DF,DER17,63.555450,53.797456,0, ,0.0,0.0,0,0,0,0,0,0,0,1
CD, ,0,0,0,UHT,0,0.0,174.0,5.7,0,0,0,0,0,0,0,0
DF,UHT,63.560361,53.793472,1, ,0.0,0.0,0,0,0,0,0,0,0,0
TF,TIKRI,64.240278,53.241667,0, ,0.0,0.0,0.0,0.0,2,6000,0,0,0,0,0,0

SID,TIKR2D,17,2
DF,DER17,63.555450,53.797456,0, ,0.0,0.0,0,0,0,0,0,0,0,1
CA,0,174.0,2,1000,0,0,0,0,0,0
DF,DP,63.611722,53.831833,1, ,0.0,0.0,0,0,0,0,0,0,0,0
TF,TIKRI,64.240278,53.241667,0, ,0.0,0.0,0.0,0.0,2,6000,0,0,0,0,0,0

SID,TIKR2M,17,5
CF,YH001,63.509889,53.769306,0,UHT,172.1,3.1,174.0,3.0,0,0,0,1,250,0,0,1
DF,YH003,63.560083,53.376278,2, ,0.0,0.0,0,0,0,0,0,0,0,0
TF,TIKRI,64.240278,53.241667,0, ,0.0,0.0,0.0,0.0,2,6000,0,0,0,0,0,0

SID,TIKR2Q,35,5
CF,YH029,63.626028,53.841278,0,UHT,357.9,4.2,354.0,3.0,0,0,0,0,0,0,0,1
DF,TIKRI,64.240278,53.241667,0, ,0.0,0.0,2,6000,0,0,0,0,0,0

SID,UTUK2A,35,2
DF,DER35,63.578358,53.811650,0, ,0.0,0.0,0,0,0,0,0,0,0,1
CA,0,354.0,2,1000,0,0,0,0,0,0
DF,BF,63.522167,53.776722,2, ,0.0,0.0,0,0,0,0,0,0,0,1
TF,UTUKA,63.850000,52.318333,0, ,0.0,0.0,0.0,0.0,2,6000,0,0,0,0,0,0

SID,UTUK2B,35,2
DF,DER35,63.578358,53.811650,0, ,0.0,0.0,0,0,0,0,0,0,0,1
CA,0,354.0,2,1000,0,0,0,0,0,0
DF,UHT,63.560361,53.793472,2, ,0.0,0.0,2,5000,0,0,0,0,0,0
TF,UTUKA,63.850000,52.318333,0, ,0.0,0.0,0.0,0.0,2,6000,0,0,0,0,0,0

SID,UTUK2C,17,2
DF,DER17,63.555450,53.797456,0, ,0.0,0.0,0,0,0,0,0,0,0,1
CD, ,0,0,0,UHT,0,0.0,174.0,5.7,0,0,0,0,0,0,0,0
DF,UHT,63.560361,53.793472,1, ,0.0,0.0,0,0,0,0,0,0,0,1
TF,UTUKA,63.850000,52.318333,0, ,0.0,0.0,0.0,0.0,2,6000,0,0,0,0,0,0

SID,UTUK2D,17,2
DF,DER17,63.555450,53.797456,0, ,0.0,0.0,0,0,0,0,0,0,0,1
CA,0,174.0,2,1000,0,0,0,0,0,0
DF,DP,63.611722,53.831833,1, ,0.0,0.0,0,0,0,0,0,0,0,1
TF,UTUKA,63.850000,52.318333,0, ,0.0,0.0,0.0,0.0,2,6000,0,0,0,0,0,0

SID,UTUK2M,17,5
CF,YH001,63.509889,53.769306,0,UHT,172.1,3.1,174.0,3.0,0,0,0,1,250,0,0,1
DF,YH003,63.560083,53.376278,2, ,0.0,0.0,0,0,0,0,0,0,0,0
TF,UTUKA,63.850000,52.318333,0, ,0.0,0.0,0.0,0.0,2,6000,0,0,0,0,0,0

SID,UTUK2Q,35,5
CF,YH029,63.626028,53.841278,0,UHT,357.9,4.2,354.0,3.0,0,0,0,0,0,0,0,1
DF,UTUKA,63.850000,52.318333,0, ,0.0,0.0,2,6000,0,0,0,0,0,0

STAR,AGID2E,17,2
IF,AGIDI,63.396667,52.245278, ,0.0,0.0,2,6000,0,0,0,0,0,0
TF,D241U,63.503181,53.011919,0, ,0.0,0.0,0.0,0.0,2,6000,0,0,0,0,0,0
TF,DP,63.611722,53.831833,0, ,0.0,0.0,0.0,0.0,2,3000,0,0,0,0,0,0

STAR,AGID2G,ALL,2
IF,AGIDI,63.396667,52.245278, ,0.0,0.0,2,6000,0,0,0,0,0,0
TF,D237U,63.481111,53.021947,0, ,0.0,0.0,0.0,0.0,2,6000,0,0,0,0,0,0
TF,UHT,63.560361,53.793472,0, ,0.0,0.0,0.0,0.0,2,3000,0,0,0,0,0,0

STAR,AGID2H,35,2
IF,AGIDI,63.396667,52.245278, ,0.0,0.0,2,6000,0,0,0,0,0,0
TF,D234U,63.463681,53.036394,0, ,0.0,0.0,0.0,0.0,2,6000,0,0,0,0,0,0
TF,BF,63.522167,53.776722,0, ,0.0,0.0,0.0,0.0,2,3000,0,0,0,0,0,0

STAR,AGID2N,17,5
IF,AGIDI,63.396667,52.245278, ,0.0,0.0,2,6000,0,0,0,0,0,0
TF,YH012,63.455778,53.040139,0, ,0.0,0.0,0.0,0.0,2,6000,0,0,0,0,0,0
TF,YH005,63.762194,53.692333,0, ,0.0,0.0,0.0,0.0,2,2000,0,1,215,0,0,0

STAR,AGID2P,35,5
IF,AGIDI,63.396667,52.245278, ,0.0,0.0,2,6000,0,0,0,0,0,0
TF,YH024,63.496583,53.015722,0, ,0.0,0.0,0.0,0.0,2,6000,0,0,0,0,0,0
TF,YH016,63.426444,53.487333,0, ,0.0,0.0,0.0,0.0,2,2000,0,1,210,0,0,0

STAR,GAPR2E,17,2
IF,GAPRA,62.988056,52.862778, ,0.0,0.0,2,6000,0,0,0,0,0,0
TF,D198U,63.283647,53.315564,0, ,0.0,0.0,0.0,0.0,2,6000,0,0,0,0,0,0
TF,DP,63.611722,53.831833,0, ,0.0,0.0,0.0,0.0,2,3000,0,0,0,0,0,0

STAR,GAPR2G,ALL,2
IF,GAPRA,62.988056,52.862778, ,0.0,0.0,2,6000,0,0,0,0,0,0
TF,D197U,63.278839,53.329803,0, ,0.0,0.0,0.0,0.0,2,6000,0,0,0,0,0,0
TF,UHT,63.560361,53.793472,0, ,0.0,0.0,0.0,0.0,2,3000,0,0,0,0,0,0

STAR,GAPR2H,35,2
IF,GAPRA,62.988056,52.862778, ,0.0,0.0,2,6000,0,0,0,0,0,0
TF,D195U,63.273639,53.345994,0, ,0.0,0.0,0.0,0.0,2,6000,0,0,0,0,0,0
TF,BF,63.522167,53.776722,0, ,0.0,0.0,0.0,0.0,2,3000,0,0,0,0,0,0

STAR,GAPR2N,17,5
IF,GAPRA,62.988056,52.862778, ,0.0,0.0,2,6000,0,0,0,0,0,0
TF,YH012,63.455778,53.040139,0, ,0.0,0.0,0.0,0.0,2,6000,0,0,0,0,0,0
TF,YH005,63.762194,53.692333,0, ,0.0,0.0,0.0,0.0,2,2000,0,1,215,0,0,0

STAR,GAPR2P,35,5
IF,GAPRA,62.988056,52.862778, ,0.0,0.0,2,6000,0,0,0,0,0,0
TF,YH023,63.287139,53.301861,0, ,0.0,0.0,0.0,0.0,2,6000,0,0,0,0,0,0
TF,YH017,63.400139,53.701861,0, ,0.0,0.0,0.0,0.0,2,2000,0,1,210,0,0,0

STAR,GIPA2E,17,2
IF,GIPAT,64.183333,54.636944, ,0.0,0.0,2,6000,0,0,0,0,0,0
TF,D010W,63.879825,54.204589,0, ,0.0,0.0,0.0,0.0,2,6000,0,0,0,0,0,0
TF,DP,63.611722,53.831833,0, ,0.0,0.0,0.0,0.0,2,3000,0,0,0,0,0,0

STAR,GIPA2G,ALL,2
IF,GIPAT,64.183333,54.636944, ,0.0,0.0,2,6000,0,0,0,0,0,0
TF,D010V,63.876781,54.216381,0, ,0.0,0.0,0.0,0.0,2,6000,0,0,0,0,0,0
TF,UHT,63.560361,53.793472,0, ,0.0,0.0,0.0,0.0,2,3000,0,0,0,0,0,0

STAR,GIPA2H,35,2
IF,GIPAT,64.183333,54.636944, ,0.0,0.0,2,6000,0,0,0,0,0,0
TF,D011V,63.873631,54.228128,0, ,0.0,0.0,0.0,0.0,2,6000,0,0,0,0,0,0
TF,BF,63.522167,53.776722,0, ,0.0,0.0,0.0,0.0,2,3000,0,0,0,0,0,0

STAR,GIPA2N,17,5
IF,GIPAT,64.183333,54.636944, ,0.0,0.0,2,6000,0,0,0,0,0,0
TF,YH009,63.865583,54.252361,0, ,0.0,0.0,0.0,0.0,2,6000,0,0,0,0,0,0
TF,YH004,63.735889,53.909444,0, ,0.0,0.0,0.0,0.0,2,2000,0,1,215,0,0,0

STAR,GIPA2P,35,5
IF,GIPAT,64.183333,54.636944, ,0.0,0.0,2,6000,0,0,0,0,0,0
TF,YH026,63.780778,54.453000,0, ,0.0,0.0,0.0,0.0,2,6000,0,0,0,0,0,0
TF,YH018,63.373694,53.916139,0, ,0.0,0.0,0.0,0.0,2,2000,0,1,210,0,0,0

STAR,LALP2E,17,2
IF,LALPA,62.868889,54.171944, ,0.0,0.0,2,10000,0,0,0,0,0,0
TF,D144U,63.220886,54.013006,0, ,0.0,0.0,0.0,0.0,2,6000,0,0,0,0,0,0
TF,DP,63.611722,53.831833,0, ,0.0,0.0,0.0,0.0,2,3000,0,0,0,0,0,0

STAR,LALP2G,ALL,2
IF,LALPA,62.868889,54.171944, ,0.0,0.0,2,10000,0,0,0,0,0,0
TF,D146U,63.217331,53.983558,0, ,0.0,0.0,0.0,0.0,2,6000,0,0,0,0,0,0
TF,UHT,63.560361,53.793472,0, ,0.0,0.0,0.0,0.0,2,3000,0,0,0,0,0,0

STAR,LALP2H,35,2
IF,LALPA,62.868889,54.171944, ,0.0,0.0,2,10000,0,0,0,0,0,0
TF,D147U,63.215336,53.964656,0, ,0.0,0.0,0.0,0.0,2,6000,0,0,0,0,0,0
TF,BF,63.522167,53.776722,0, ,0.0,0.0,0.0,0.0,2,3000,0,0,0,0,0,0

STAR,LALP2N,17,5
IF,LALPA,62.868889,54.171944, ,0.0,0.0,2,10000,0,0,0,0,0,0
TF,YH011,63.222528,54.031611,0, ,0.0,0.0,0.0,0.0,2,6000,0,0,0,0,0,0
TF,YH006,63.709417,54.126222,0, ,0.0,0.0,0.0,0.0,2,2000,0,1,215,0,0,0

STAR,LALP2P,35,5
IF,LALPA,62.868889,54.171944, ,0.0,0.0,2,10000,0,0,0,0,0,0
TF,YH028,63.207806,53.792833,0, ,0.0,0.0,0.0,0.0,2,6000,0,0,0,0,0,0
TF,YH017,63.400139,53.701861,0, ,0.0,0.0,0.0,0.0,2,2000,0,1,210,0,0,0

STAR,LAML2E,17,2
IF,LAMLI,62.850000,53.745556, ,0.0,0.0,2,10000,0,0,0,0,0,0
TF,D161U,63.208706,53.785617,0, ,0.0,0.0,0.0,0.0,2,6000,0,0,0,0,0,0
TF,DP,63.611722,53.831833,0, ,0.0,0.0,0.0,0.0,2,3000,0,0,0,0,0,0

STAR,LAML2G,ALL,2
IF,LAMLI,62.850000,53.745556, ,0.0,0.0,2,10000,0,0,0,0,0,0
TF,D162U,63.208853,53.769467,0, ,0.0,0.0,0.0,0.0,2,6000,0,0,0,0,0,0
TF,UHT,63.560361,53.793472,0, ,0.0,0.0,0.0,0.0,2,3000,0,0,0,0,0,0

STAR,LAML2H,35,2
IF,LAMLI,62.850000,53.745556, ,0.0,0.0,2,10000,0,0,0,0,0,0
TF,D162V,63.208972,53.762019,0, ,0.0,0.0,0.0,0.0,2,6000,0,0,0,0,0,0
TF,BF,63.522167,53.776722,0, ,0.0,0.0,0.0,0.0,2,3000,0,0,0,0,0,0

STAR,LAML2N,17,5
IF,LAMLI,62.850000,53.745556, ,0.0,0.0,2,10000,0,0,0,0,0,0
TF,YH011,63.222528,54.031611,0, ,0.0,0.0,0.0,0.0,2,6000,0,0,0,0,0,0
TF,YH006,63.709417,54.126222,0, ,0.0,0.0,0.0,0.0,2,2000,0,1,215,0,0,0

STAR,LAML2P,35,5
IF,LAMLI,62.850000,53.745556, ,0.0,0.0,2,10000,0,0,0,0,0,0
TF,YH028,63.207806,53.792833,0, ,0.0,0.0,0.0,0.0,2,6000,0,0,0,0,0,0
TF,YH017,63.400139,53.701861,0, ,0.0,0.0,0.0,0.0,2,2000,0,1,210,0,0,0

STAR,LIDL2E,17,2
IF,LIDLA,64.282500,53.685556, ,0.0,0.0,2,6000,0,0,0,0,0,0
TF,D338V,63.926136,53.764144,0, ,0.0,0.0,0.0,0.0,2,6000,0,0,0,0,0,0
TF,DP,63.611722,53.831833,0, ,0.0,0.0,0.0,0.0,2,3000,0,0,0,0,0,0

STAR,LIDL2G,ALL,2
IF,LIDLA,64.282500,53.685556, ,0.0,0.0,2,6000,0,0,0,0,0,0
TF,D336V,63.923797,53.739856,0, ,0.0,0.0,0.0,0.0,2,6000,0,0,0,0,0,0
TF,UHT,63.560361,53.793472,0, ,0.0,0.0,0.0,0.0,2,3000,0,0,0,0,0,0

STAR,LIDL2H,35,2
IF,LIDLA,64.282500,53.685556, ,0.0,0.0,2,6000,0,0,0,0,0,0
TF,D336W,63.923458,53.729222,0, ,0.0,0.0,0.0,0.0,2,6000,0,0,0,0,0,0
TF,BF,63.522167,53.776722,0, ,0.0,0.0,0.0,0.0,2,3000,0,0,0,0,0,0

STAR,LIDL2N,17,5
IF,LIDLA,64.282500,53.685556, ,0.0,0.0,2,6000,0,0,0,0,0,0
TF,YH008,63.924861,53.753500,0, ,0.0,0.0,0.0,0.0,2,6000,0,0,0,0,0,0
TF,YH004,63.735889,53.909444,0, ,0.0,0.0,0.0,0.0,2,2000,0,1,215,0,0,0

STAR,LIDL2P,35,5
IF,LIDLA,64.282500,53.685556, ,0.0,0.0,2,6000,0,0,0,0,0,0
TF,YH025,63.865611,53.356500,0, ,0.0,0.0,0.0,0.0,2,6000,0,0,0,0,0,0
TF,YH016,63.426444,53.487333,0, ,0.0,0.0,0.0,0.0,2,2000,0,1,210,0,0,0

STAR,MARA2E,17,2
IF,MARAM,63.970000,55.146667, ,0.0,0.0,2,6000,0,0,0,0,0,0
TF,D032V,63.782417,54.448625,0, ,0.0,0.0,0.0,0.0,2,6000,0,0,0,0,0,0
TF,DP,63.611722,53.831833,0, ,0.0,0.0,0.0,0.0,2,3000,0,0,0,0,0,0

STAR,MARA2G,ALL,2
IF,MARAM,63.970000,55.146667, ,0.0,0.0,2,6000,0,0,0,0,0,0
TF,D035V,63.768569,54.471119,0, ,0.0,0.0,0.0,0.0,2,6000,0,0,0,0,0,0
TF,UHT,63.560361,53.793472,0, ,0.0,0.0,0.0,0.0,2,3000,0,0,0,0,0,0

STAR,MARA2H,35,2
IF,MARAM,63.970000,55.146667, ,0.0,0.0,2,6000,0,0,0,0,0,0
TF,D037V,63.757797,54.487139,0, ,0.0,0.0,0.0,0.0,2,6000,0,0,0,0,0,0
TF,BF,63.522167,53.776722,0, ,0.0,0.0,0.0,0.0,2,3000,0,0,0,0,0,0

STAR,MARA2N,17,5
IF,MARAM,63.970000,55.146667, ,0.0,0.0,2,6000,0,0,0,0,0,0
TF,YH009,63.865583,54.252361,0, ,0.0,0.0,0.0,0.0,2,6000,0,0,0,0,0,0
TF,YH004,63.735889,53.909444,0, ,0.0,0.0,0.0,0.0,2,2000,0,1,215,0,0,0

STAR,MARA2P,35,5
IF,MARAM,63.970000,55.146667, ,0.0,0.0,2,6000,0,0,0,0,0,0
TF,YH026,63.780778,54.453000,0, ,0.0,0.0,0.0,0.0,2,6000,0,0,0,0,0,0
TF,YH018,63.373694,53.916139,0, ,0.0,0.0,0.0,0.0,2,2000,0,1,210,0,0,0

STAR,OKRA2E,17,2
IF,OKRAN,63.480000,55.400000, ,0.0,0.0,2,6000,0,0,0,0,0,0
TF,D072V,63.548667,54.609806,0, ,0.0,0.0,0.0,0.0,2,6000,0,0,0,0,0,0
TF,DP,63.611722,53.831833,0, ,0.0,0.0,0.0,0.0,2,3000,0,0,0,0,0,0

STAR,OKRA2G,ALL,2
IF,OKRAN,63.480000,55.400000, ,0.0,0.0,2,6000,0,0,0,0,0,0
TF,D076V,63.522256,54.601325,0, ,0.0,0.0,0.0,0.0,2,6000,0,0,0,0,0,0
TF,UHT,63.560361,53.793472,0, ,0.0,0.0,0.0,0.0,2,3000,0,0,0,0,0,0

STAR,OKRA2H,35,2
IF,OKRAN,63.480000,55.400000, ,0.0,0.0,2,6000,0,0,0,0,0,0
TF,D079V,63.503214,54.595397,0, ,0.0,0.0,0.0,0.0,2,6000,0,0,0,0,0,0
TF,BF,63.522167,53.776722,0, ,0.0,0.0,0.0,0.0,2,3000,0,0,0,0,0,0

STAR,OKRA2N,17,5
IF,OKRAN,63.480000,55.400000, ,0.0,0.0,2,6000,0,0,0,0,0,0
TF,YH010,63.668833,54.577639,0, ,0.0,0.0,0.0,0.0,2,6000,0,0,0,0,0,0
TF,YH006,63.709417,54.126222,0, ,0.0,0.0,0.0,0.0,2,2000,0,1,215,0,0,0

STAR,OKRA2P,35,5
IF,OKRAN,63.480000,55.400000, ,0.0,0.0,2,6000,0,0,0,0,0,0
TF,YH027,63.420083,54.537444,0, ,0.0,0.0,0.0,0.0,2,6000,0,0,0,0,0,0
TF,YH018,63.373694,53.916139,0, ,0.0,0.0,0.0,0.0,2,2000,0,1,210,0,0,0

STAR,OSLI2E,17,2
IF,OSLIM,63.695000,55.391667, ,0.0,0.0,2,6000,0,0,0,0,0,0
TF,D055V,63.654278,54.588239,0, ,0.0,0.0,0.0,0.0,2,6000,0,0,0,0,0,0
TF,DP,63.611722,53.831833,0, ,0.0,0.0,0.0,0.0,2,3000,0,0,0,0,0,0

STAR,OSLI2G,ALL,2
IF,OSLIM,63.695000,55.391667, ,0.0,0.0,2,6000,0,0,0,0,0,0
TF,D059V,63.630361,54.596147,0, ,0.0,0.0,0.0,0.0,2,6000,0,0,0,0,0,0
TF,UHT,63.560361,53.793472,0, ,0.0,0.0,0.0,0.0,2,3000,0,0,0,0,0,0

STAR,OSLI2H,35,2
IF,OSLIM,63.695000,55.391667, ,0.0,0.0,2,6000,0,0,0,0,0,0
TF,D061V,63.613075,54.602539,0, ,0.0,0.0,0.0,0.0,2,6000,0,0,0,0,0,0
TF,BF,63.522167,53.776722,0, ,0.0,0.0,0.0,0.0,2,3000,0,0,0,0,0,0

STAR,OSLI2N,17,5
IF,OSLIM,63.695000,55.391667, ,0.0,0.0,2,6000,0,0,0,0,0,0
TF,YH010,63.668833,54.577639,0, ,0.0,0.0,0.0,0.0,2,6000,0,0,0,0,0,0
TF,YH006,63.709417,54.126222,0, ,0.0,0.0,0.0,0.0,2,2000,0,1,215,0,0,0

STAR,OSLI2P,35,5
IF,OSLIM,63.695000,55.391667, ,0.0,0.0,2,6000,0,0,0,0,0,0
TF,YH027,63.420083,54.537444,0, ,0.0,0.0,0.0,0.0,2,6000,0,0,0,0,0,0
TF,YH018,63.373694,53.916139,0, ,0.0,0.0,0.0,0.0,2,2000,0,1,210,0,0,0

STAR,RITU2E,17,2
IF,RITUM,63.176667,52.463333, ,0.0,0.0,2,6000,0,0,0,0,0,0
TF,D221U,63.385794,53.110844,0, ,0.0,0.0,0.0,0.0,2,6000,0,0,0,0,0,0
TF,DP,63.611722,53.831833,0, ,0.0,0.0,0.0,0.0,2,3000,0,0,0,0,0,0

STAR,RITU2G,ALL,2
IF,RITUM,63.176667,52.463333, ,0.0,0.0,2,6000,0,0,0,0,0,0
TF,D218U,63.371778,53.129908,0, ,0.0,0.0,0.0,0.0,2,6000,0,0,0,0,0,0
TF,UHT,63.560361,53.793472,0, ,0.0,0.0,0.0,0.0,2,3000,0,0,0,0,0,0

STAR,RITU2H,35,2
IF,RITUM,63.176667,52.463333, ,0.0,0.0,2,6000,0,0,0,0,0,0
TF,D215U,63.359428,53.148417,0, ,0.0,0.0,0.0,0.0,2,6000,0,0,0,0,0,0
TF,BF,63.522167,53.776722,0, ,0.0,0.0,0.0,0.0,2,3000,0,0,0,0,0,0

STAR,RITU2N,17,5
IF,RITUM,63.176667,52.463333, ,0.0,0.0,2,6000,0,0,0,0,0,0
TF,YH012,63.455778,53.040139,0, ,0.0,0.0,0.0,0.0,2,6000,0,0,0,0,0,0
TF,YH005,63.762194,53.692333,0, ,0.0,0.0,0.0,0.0,2,2000,0,1,215,0,0,0

STAR,RITU2P,35,5
IF,RITUM,63.176667,52.463333, ,0.0,0.0,2,6000,0,0,0,0,0,0
TF,YH023,63.287139,53.301861,0, ,0.0,0.0,0.0,0.0,2,6000,0,0,0,0,0,0
TF,YH017,63.400139,53.701861,0, ,0.0,0.0,0.0,0.0,2,2000,0,1,210,0,0,0

STAR,SUKA2E,17,2
IF,SUKAB,64.101389,54.888889, ,0.0,0.0,2,6000,0,0,0,0,0,0
TF,D020V,63.842911,54.324247,0, ,0.0,0.0,0.0,0.0,2,6000,0,0,0,0,0,0
TF,DP,63.611722,53.831833,0, ,0.0,0.0,0.0,0.0,2,3000,0,0,0,0,0,0

STAR,SUKA2G,ALL,2
IF,SUKAB,64.101389,54.888889, ,0.0,0.0,2,6000,0,0,0,0,0,0
TF,D021V,63.835592,54.343367,0, ,0.0,0.0,0.0,0.0,2,6000,0,0,0,0,0,0
TF,UHT,63.560361,53.793472,0, ,0.0,0.0,0.0,0.0,2,3000,0,0,0,0,0,0

STAR,SUKA2H,35,2
IF,SUKAB,64.101389,54.888889, ,0.0,0.0,2,6000,0,0,0,0,0,0
TF,D023V,63.829347,54.358789,0, ,0.0,0.0,0.0,0.0,2,6000,0,0,0,0,0,0
TF,BF,63.522167,53.776722,0, ,0.0,0.0,0.0,0.0,2,3000,0,0,0,0,0,0

STAR,SUKA2N,17,5
IF,SUKAB,64.101389,54.888889, ,0.0,0.0,2,6000,0,0,0,0,0,0
TF,YH009,63.865583,54.252361,0, ,0.0,0.0,0.0,0.0,2,6000,0,0,0,0,0,0
TF,YH004,63.735889,53.909444,0, ,0.0,0.0,0.0,0.0,2,2000,0,1,215,0,0,0

STAR,SUKA2P,35,5
IF,SUKAB,64.101389,54.888889, ,0.0,0.0,2,6000,0,0,0,0,0,0
TF,YH026,63.780778,54.453000,0, ,0.0,0.0,0.0,0.0,2,6000,0,0,0,0,0,0
TF,YH018,63.373694,53.916139,0, ,0.0,0.0,0.0,0.0,2,2000,0,1,210,0,0,0

STAR,TIKR2E,17,2
IF,TIKRI,64.240278,53.241667, ,0.0,0.0,2,6000,0,0,0,0,0,0
TF,D323V,63.909072,53.556222,0, ,0.0,0.0,0.0,0.0,2,6000,0,0,0,0,0,0
TF,DP,63.611722,53.831833,0, ,0.0,0.0,0.0,0.0,2,3000,0,0,0,0,0,0

STAR,TIKR2G,ALL,2
IF,TIKRI,64.240278,53.241667, ,0.0,0.0,2,6000,0,0,0,0,0,0
TF,D321V,63.903581,53.518478,0, ,0.0,0.0,0.0,0.0,2,6000,0,0,0,0,0,0
TF,UHT,63.560361,53.793472,0, ,0.0,0.0,0.0,0.0,2,3000,0,0,0,0,0,0

STAR,TIKR2H,35,2
IF,TIKRI,64.240278,53.241667, ,0.0,0.0,2,6000,0,0,0,0,0,0
TF,D319V,63.898608,53.499836,0, ,0.0,0.0,0.0,0.0,2,6000,0,0,0,0,0,0
TF,BF,63.522167,53.776722,0, ,0.0,0.0,0.0,0.0,2,3000,0,0,0,0,0,0

STAR,TIKR2N,17,5
IF,TIKRI,64.240278,53.241667, ,0.0,0.0,2,6000,0,0,0,0,0,0
TF,YH008,63.924861,53.753500,0, ,0.0,0.0,0.0,0.0,2,6000,0,0,0,0,0,0
TF,YH004,63.735889,53.909444,0, ,0.0,0.0,0.0,0.0,2,2000,0,1,215,0,0,0

STAR,TIKR2P,35,5
IF,TIKRI,64.240278,53.241667, ,0.0,0.0,2,6000,0,0,0,0,0,0
TF,YH025,63.865611,53.356500,0, ,0.0,0.0,0.0,0.0,2,6000,0,0,0,0,0,0
TF,YH016,63.426444,53.487333,0, ,0.0,0.0,0.0,0.0,2,2000,0,1,210,0,0,0

STAR,UTUK2E,17,2
IF,UTUKA,63.850000,52.318333, ,0.0,0.0,2,6000,0,0,0,0,0,0
TF,D279V,63.731275,53.088247,0, ,0.0,0.0,0.0,0.0,2,6000,0,0,0,0,0,0
TF,DP,63.611722,53.831833,0, ,0.0,0.0,0.0,0.0,2,3000,0,0,0,0,0,0

STAR,UTUK2G,ALL,2
IF,UTUKA,63.850000,52.318333, ,0.0,0.0,2,6000,0,0,0,0,0,0
TF,D275V,63.707497,53.057492,0, ,0.0,0.0,0.0,0.0,2,6000,0,0,0,0,0,0
TF,UHT,63.560361,53.793472,0, ,0.0,0.0,0.0,0.0,2,3000,0,0,0,0,0,0

STAR,UTUK2H,35,2
IF,UTUKA,63.850000,52.318333, ,0.0,0.0,2,6000,0,0,0,0,0,0
TF,D272V,63.689422,53.045103,0, ,0.0,0.0,0.0,0.0,2,6000,0,0,0,0,0,0
TF,BF,63.522167,53.776722,0, ,0.0,0.0,0.0,0.0,2,3000,0,0,0,0,0,0

STAR,UTUK2N,17,5
IF,UTUKA,63.850000,52.318333, ,0.0,0.0,2,6000,0,0,0,0,0,0
TF,YH007,63.796444,53.183389,0, ,0.0,0.0,0.0,0.0,2,6000,0,0,0,0,0,0
TF,YH005,63.762194,53.692333,0, ,0.0,0.0,0.0,0.0,2,2000,0,1,215,0,0,0

STAR,UTUK2P,35,5
IF,UTUKA,63.850000,52.318333, ,0.0,0.0,2,6000,0,0,0,0,0,0
TF,YH024,63.496583,53.015722,0, ,0.0,0.0,0.0,0.0,2,6000,0,0,0,0,0,0
TF,YH016,63.426444,53.487333,0, ,0.0,0.0,0.0,0.0,2,2000,0,1,210,0,0,0

APPTR,D17,17,UHT1
IF,UHT,63.560361,53.793472, ,0.0,0.0,2,3000,0,0,0,0,1,0
FD,UHT,63.560361,53.793472,0,UHT,0.0,11.0,336.0,11.0,0,0,0,0,0,0,0,0
CF,FD17,63.651839,53.876658,2,UHT,0.0,5.9,181.0,5.0,1,2000,0,0,0,0,0,0

APPTR,D17,17,UHT2
IF,UHT,63.560361,53.793472, ,0.0,0.0,2,3000,0,0,0,0,1,0
FD,UHT,63.560361,53.793472,0,UHT,0.0,11.0,338.0,11.0,0,0,0,0,0,0,0,0
CF,FD17,63.651839,53.876658,2,UHT,0.0,5.9,181.0,5.0,1,2000,0,0,0,0,0,0

APPTR,D17,17,UHT3
IF,UHT,63.560361,53.793472, ,0.0,0.0,2,3000,0,0,0,0,1,0
FD,UHT,63.560361,53.793472,0,UHT,0.0,11.0,352.0,11.0,0,0,0,0,0,0,0,0
CF,FD17,63.651839,53.876658,2,UHT,0.0,5.9,181.0,5.0,1,2000,0,0,0,0,0,0

APPTR,D17,17,UHT4
IF,UHT,63.560361,53.793472, ,0.0,0.0,2,3000,0,0,0,0,1,0
FD,UHT,63.560361,53.793472,0,UHT,0.0,11.0,354.0,11.0,0,0,0,0,0,0,0,0
CF,FD17,63.651839,53.876658,2,UHT,0.0,5.9,181.0,5.0,1,2000,0,0,0,0,0,0

FINAL,D17,17,D,3
IF,FD17,63.651839,53.876658,UHT,0.0,5.9,1,2000,0,0,0,0,2,0
CF,28VOR,63.603486,53.832617,0,UHT,0.0,2.8,181.0,3.1,1,1000,0,0,0,0,0,0
CF,RW17,63.578358,53.811650,0,UHT,3.2,1.2,181.0,1.6,1,484,0,0,0,0,3,0
CF,UHT,63.560361,53.793472,0,UHT,0.0,0.0,181.0,1.2,0,0,0,0,0,0,0,1
CA,0,181.0,2,1400,0,0,0,0,0,0
DF,UHT,63.560361,53.793472,1, ,0.0,0.0,2,1900,0,0,0,0,0,0

APPTR,D35,35,UHT1
IF,UHT,63.560361,53.793472, ,0.0,0.0,2,3000,0,0,0,0,1,0
FD,UHT,63.560361,53.793472,0,UHT,0.0,9.9,199.0,9.9,0,0,0,0,0,0,0,0
CF,FD35,63.481031,53.752508,1,UHT,172.0,4.9,352.0,5.0,1,2000,0,0,0,0,0,0

APPTR,D35,35,UHT2
IF,UHT,63.560361,53.793472, ,0.0,0.0,2,3000,0,0,0,0,1,0
FD,UHT,63.560361,53.793472,0,UHT,0.0,9.9,197.0,9.9,0,0,0,0,0,0,0,0
CF,FD35,63.481031,53.752508,1,UHT,172.0,4.9,352.0,5.0,1,2000,0,0,0,0,0,0

APPTR,D35,35,UHT3
IF,UHT,63.560361,53.793472, ,0.0,0.0,2,3000,0,0,0,0,1,0
FD,UHT,63.560361,53.793472,0,UHT,0.0,9.9,182.0,9.9,0,0,0,0,0,0,0,0
CF,FD35,63.481031,53.752508,1,UHT,172.0,4.9,352.0,5.0,1,2000,0,0,0,0,0,0

APPTR,D35,35,UHT4
IF,UHT,63.560361,53.793472, ,0.0,0.0,2,3000,0,0,0,0,1,0
FD,UHT,63.560361,53.793472,0,UHT,0.0,9.9,180.0,9.9,0,0,0,0,0,0,0,0
CF,FD35,63.481031,53.752508,1,UHT,172.0,4.9,352.0,5.0,1,2000,0,0,0,0,0,0

FINAL,D35,35,D,3
IF,FD35,63.481031,53.752508,UHT,172.0,4.9,1,2000,0,0,0,0,2,0
CF,ED35,63.556086,53.791258,0,UHT,172.0,0.3,352.0,4.6,1,524,0,0,0,0,0,1
CF,UHT,63.560361,53.793472,0,UHT,0.0,0.0,352.0,0.3,2,882,0,0,0,0,3,1
CA,0,352.0,2,1400,0,0,0,0,0,0
DF,UHT,63.560361,53.793472,2, ,0.0,0.0,2,1900,0,0,0,0,0,0

APPTR,I17-X,17,DP1
IF,DP,63.611722,53.831833, ,0.0,0.0,2,3000,0,0,0,0,1,0
FD,DP,63.611722,53.831833,0,UHT,357.4,10.5,321.0,10.5,0,0,0,0,0,0,0,0
CF,CF17,63.687208,53.879422,2,IDP,354.4,8.5,174.0,3.0,1,2000,0,0,0,0,0,0

APPTR,I17-X,17,DP2
IF,DP,63.611722,53.831833, ,0.0,0.0,2,3000,0,0,0,0,1,0
FD,DP,63.611722,53.831833,0,UHT,357.4,10.5,324.0,10.5,0,0,0,0,0,0,0,0
CF,CF17,63.687208,53.879422,2,IDP,354.4,8.5,174.0,3.0,1,2000,0,0,0,0,0,0

APPTR,I17-X,17,DP3
IF,DP,63.611722,53.831833, ,0.0,0.0,2,3000,0,0,0,0,1,0
FD,DP,63.611722,53.831833,0,UHT,357.4,10.5,343.0,10.5,0,0,0,0,0,0,0,0
CF,CF17,63.687208,53.879422,2,IDP,354.4,8.5,174.0,3.0,1,2000,0,0,0,0,0,0

APPTR,I17-X,17,DP4
IF,DP,63.611722,53.831833, ,0.0,0.0,2,3000,0,0,0,0,1,0
FD,DP,63.611722,53.831833,0,UHT,357.4,10.5,346.0,10.5,0,0,0,0,0,0,0,0
CF,CF17,63.687208,53.879422,2,IDP,354.4,8.5,174.0,3.0,1,2000,0,0,0,0,0,0

FINAL,I17-X,17,I,3
IF,CF17,63.687208,53.879422,IDP,354.4,8.5,1,2000,0,0,0,0,0,0
CF,FI17,63.655189,53.859428,0,IDP,354.4,6.5,174.0,2.0,1,2000,0,0,0,0,2,0
CF,RW17,63.578358,53.811650,0,IDP,354.4,1.7,174.0,4.8,1,484,0,0,0,0,3,0
CA,0,174.0,2,1400,0,0,0,0,0,0
DF,DP,63.611722,53.831833,1, ,0.0,0.0,2,1900,0,0,0,0,0,0

APPTR,I17-Y,17,UHT1
IF,UHT,63.560361,53.793472, ,0.0,0.0,2,3000,0,0,0,0,1,0
FD,UHT,63.560361,53.793472,0,UHT,0.0,11.0,336.0,11.0,0,0,0,0,0,0,0,0
CF,CF17,63.687208,53.879422,2,IDP,354.4,8.5,174.0,3.5,1,2000,0,0,0,0,0,0

APPTR,I17-Y,17,UHT2
IF,UHT,63.560361,53.793472, ,0.0,0.0,2,3000,0,0,0,0,1,0
FD,UHT,63.560361,53.793472,0,UHT,0.0,11.0,338.0,11.0,0,0,0,0,0,0,0,0
CF,CF17,63.687208,53.879422,2,IDP,354.4,8.5,174.0,3.5,1,2000,0,0,0,0,0,0

APPTR,I17-Y,17,UHT3
IF,UHT,63.560361,53.793472, ,0.0,0.0,2,3000,0,0,0,0,1,0
FD,UHT,63.560361,53.793472,0,UHT,0.0,11.0,352.0,11.0,0,0,0,0,0,0,0,0
CF,CF17,63.687208,53.879422,2,IDP,354.4,8.5,174.0,3.5,1,2000,0,0,0,0,0,0

APPTR,I17-Y,17,UHT4
IF,UHT,63.560361,53.793472, ,0.0,0.0,2,3000,0,0,0,0,1,0
FD,UHT,63.560361,53.793472,0,UHT,0.0,11.0,354.0,11.0,0,0,0,0,0,0,0,0
CF,CF17,63.687208,53.879422,2,IDP,354.4,8.5,174.0,3.5,1,2000,0,0,0,0,0,0

FINAL,I17-Y,17,I,3
IF,CF17,63.687208,53.879422,IDP,354.4,8.5,1,2000,0,0,0,0,0,0
CF,FI17,63.655189,53.859428,0,IDP,354.4,6.5,174.0,2.0,1,2000,0,0,0,0,2,0
CF,RW17,63.578358,53.811650,0,IDP,354.4,1.7,174.0,4.8,1,484,0,0,0,0,3,0
CA,0,174.0,2,1400,0,0,0,0,0,0
DF,UHT,63.560361,53.793472,1, ,0.0,0.0,2,1900,0,0,0,0,0,0

APPTR,I17-Z,17,YH005
IF,YH005,63.762194,53.692333, ,0.0,0.0,2,2000,0,1,215,0,1,0
TF,YH004,63.735889,53.909444,0,IDP,0.0,0.0,0.0,0.0,2,2000,0,1,215,0,1,0

APPTR,I17-Z,17,YH006
IF,YH006,63.709417,54.126222, ,0.0,0.0,2,2000,0,1,215,0,1,0
TF,YH004,63.735889,53.909444,0,IDP,0.0,0.0,0.0,0.0,2,2000,0,1,215,0,1,0

FINAL,I17-Z,17,I,3
IF,YH004,63.735889,53.909444,IDP,354.4,11.6,2,2000,0,1,215,0,0,0
CF,FI17,63.655189,53.859428,0,IDP,354.4,6.5,174.0,5.0,1,2000,0,0,0,0,2,0
CF,RW17,63.578358,53.811650,0,IDP,354.4,1.7,174.0,4.8,1,484,0,0,0,0,3,0
CA,0,174.0,2,1400,0,0,0,0,0,0
DF,YH006,63.709417,54.126222,1, ,0.0,0.0,2,2000,0,1,215,0,0,0

APPTR,I35-X,35,BF1
IF,BF,63.522167,53.776722, ,0.0,0.0,2,3000,0,0,0,0,1,0
FD,BF,63.522167,53.776722,0,UHT,170.1,9.5,211.0,9.5,0,0,0,0,0,0,0,0
CF,CF35,63.449803,53.732225,1,IBF,174.5,8.3,354.0,3.0,1,2000,0,0,0,0,0,0

APPTR,I35-X,35,BF2
IF,BF,63.522167,53.776722, ,0.0,0.0,2,3000,0,0,0,0,1,0
FD,BF,63.522167,53.776722,0,UHT,170.1,9.5,208.0,9.5,0,0,0,0,0,0,0,0
CF,CF35,63.449803,53.732225,1,IBF,174.5,8.3,354.0,3.0,1,2000,0,0,0,0,0,0

APPTR,I35-X,35,BF3
IF,BF,63.522167,53.776722, ,0.0,0.0,2,3000,0,0,0,0,1,0
FD,BF,63.522167,53.776722,0,UHT,170.1,9.5,188.0,9.5,0,0,0,0,0,0,0,0
CF,CF35,63.449803,53.732225,1,IBF,174.5,8.3,354.0,3.0,1,2000,0,0,0,0,0,0

APPTR,I35-X,35,BF4
IF,BF,63.522167,53.776722, ,0.0,0.0,2,3000,0,0,0,0,1,0
FD,BF,63.522167,53.776722,0,UHT,170.1,9.5,185.0,9.5,0,0,0,0,0,0,0,0
CF,CF35,63.449803,53.732225,1,IBF,174.5,8.3,354.0,3.0,1,2000,0,0,0,0,0,0

FINAL,I35-X,35,I,3
IF,CF35,63.449803,53.732225,IBF,174.5,8.3,1,2000,0,0,0,0,0,0
CF,FI35,63.481839,53.751953,0,IBF,174.5,6.3,354.0,2.0,1,2000,0,0,0,0,2,0
CF,RW35,63.555450,53.797456,0,IBF,174.5,1.7,354.0,4.6,1,524,0,0,0,0,3,0
CA,0,354.0,2,1400,0,0,0,0,0,0
DF,BF,63.522167,53.776722,2, ,0.0,0.0,2,1900,0,0,0,0,0,0

APPTR,I35-Y,35,UHT1
IF,UHT,63.560361,53.793472, ,0.0,0.0,2,3000,0,0,0,0,1,0
FD,UHT,63.560361,53.793472,0,UHT,0.0,9.9,199.0,9.9,0,0,0,0,0,0,0,0
CF,CF35,63.449803,53.732225,1,IBF,174.5,8.3,354.0,3.5,1,2000,0,0,0,0,0,0

APPTR,I35-Y,35,UHT2
IF,UHT,63.560361,53.793472, ,0.0,0.0,2,3000,0,0,0,0,1,0
FD,UHT,63.560361,53.793472,0,UHT,0.0,9.9,197.0,9.9,0,0,0,0,0,0,0,0
CF,CF35,63.449803,53.732225,1,IBF,174.5,8.3,354.0,3.5,1,2000,0,0,0,0,0,0

APPTR,I35-Y,35,UHT3
IF,UHT,63.560361,53.793472, ,0.0,0.0,2,3000,0,0,0,0,1,0
FD,UHT,63.560361,53.793472,0,UHT,0.0,9.9,182.0,9.9,0,0,0,0,0,0,0,0
CF,CF35,63.449803,53.732225,1,IBF,174.5,8.3,354.0,3.5,1,2000,0,0,0,0,0,0

APPTR,I35-Y,35,UHT4
IF,UHT,63.560361,53.793472, ,0.0,0.0,2,3000,0,0,0,0,1,0
FD,UHT,63.560361,53.793472,0,UHT,0.0,9.9,180.0,9.9,0,0,0,0,0,0,0,0
CF,CF35,63.449803,53.732225,1,IBF,174.5,8.3,354.0,3.5,1,2000,0,0,0,0,0,0

FINAL,I35-Y,35,I,3
IF,CF35,63.449803,53.732225,IBF,174.5,8.3,1,2000,0,0,0,0,0,0
CF,FI35,63.481839,53.751953,0,IBF,174.5,6.3,354.0,2.0,1,2000,0,0,0,0,2,0
CF,RW35,63.555450,53.797456,0,IBF,174.5,1.7,354.0,4.6,1,524,0,0,0,0,3,0
CA,0,354.0,2,1400,0,0,0,0,0,0
DF,UHT,63.560361,53.793472,2, ,0.0,0.0,2,1900,0,0,0,0,0,0

APPTR,I35-Z,35,YH016
IF,YH016,63.426444,53.487333, ,0.0,0.0,2,2000,0,1,210,0,1,0
TF,YH017,63.400139,53.701861,0,IBF,0.0,0.0,0.0,0.0,2,2000,0,1,210,0,1,0

APPTR,I35-Z,35,YH018
IF,YH018,63.373694,53.916139, ,0.0,0.0,2,2000,0,1,210,0,1,0
TF,YH017,63.400139,53.701861,0,IBF,0.0,0.0,0.0,0.0,2,2000,0,1,210,0,1,0

FINAL,I35-Z,35,I,3
IF,YH017,63.400139,53.701861,IBF,174.5,11.4,2,2000,0,1,210,0,0,0
CF,FI35,63.481839,53.751953,0,IBF,174.5,6.3,354.0,5.1,1,2000,0,0,0,0,2,0
CF,RW35,63.555450,53.797456,0,IBF,174.5,1.7,354.0,4.6,1,524,0,0,0,0,3,0
CA,0,354.0,2,1400,0,0,0,0,0,0
DF,YH018,63.373694,53.916139,2, ,0.0,0.0,2,2000,0,1,210,0,0,0

APPTR,J17,17,YH005
IF,YH005,63.762194,53.692333, ,0.0,0.0,2,2000,0,1,215,0,1,0
TF,YH004,63.735889,53.909444,0,G17A,0.0,0.0,0.0,0.0,2,2000,0,1,215,0,1,0

APPTR,J17,17,YH006
IF,YH006,63.709417,54.126222, ,0.0,0.0,2,2000,0,1,215,0,1,0
TF,YH004,63.735889,53.909444,0,G17A,0.0,0.0,0.0,0.0,2,2000,0,1,215,0,1,0

FINAL,J17,17,G,3
IF,YH004,63.735889,53.909444,G17A,0.0,0.0,2,2000,0,1,215,0,0,0
TF,YH021,63.654611,53.859083,0,G17A,0.0,0.0,174.0,5.1,1,2000,0,0,0,0,2,0
TF,RW17,63.578358,53.811650,0,G17A,0.0,0.0,174.0,4.8,1,484,0,0,0,0,3,1
CA,0,174.0,2,1400,0,0,0,0,0,0
DF,YH006,63.709417,54.126222,1, ,0.0,0.0,2,2000,0,1,215,0,0,0

APPTR,J35,35,YH016
IF,YH016,63.426444,53.487333, ,0.0,0.0,2,2000,0,1,210,0,1,0
TF,YH017,63.400139,53.701861,0,G35A,0.0,0.0,0.0,0.0,2,2000,0,1,210,0,1,0

APPTR,J35,35,YH018
IF,YH018,63.373694,53.916139, ,0.0,0.0,2,2000,0,1,210,0,1,0
TF,YH017,63.400139,53.701861,0,G35A,0.0,0.0,0.0,0.0,2,2000,0,1,210,0,1,0

FINAL,J35,35,G,3
IF,YH017,63.400139,53.701861,G35A,0.0,0.0,2,2000,0,1,210,0,0,0
TF,YH002,63.481194,53.751611,0,G35A,0.0,0.0,354.0,5.1,1,2000,0,0,0,0,2,0
TF,RW35,63.555450,53.797456,0,G35A,0.0,0.0,354.0,4.6,1,524,0,0,0,0,3,1
CA,0,354.0,2,1400,0,0,0,0,0,0
DF,YH018,63.373694,53.916139,2, ,0.0,0.0,2,2000,0,1,210,0,0,0

APPTR,Q17-Y,17,DP1
IF,DP,63.611722,53.831833, ,0.0,0.0,2,3000,0,0,0,0,1,0
TF,D046E,63.595000,53.967778,0, ,0.0,0.0,0.0,0.0,1,2400,0,0,0,0,0,0
TF,D018J,63.693333,54.030000,0, ,0.0,0.0,0.0,0.0,1,2400,0,0,0,0,0,1
CF,CQ17,63.692778,53.882778,1,UHT,355.7,8.3,174.0,1.0,1,2000,0,0,0,0,0,0

APPTR,Q17-Y,17,DP2
IF,DP,63.611722,53.831833, ,0.0,0.0,2,3000,0,0,0,0,1,0
TF,D031D,63.602222,53.909444,0, ,0.0,0.0,0.0,0.0,1,2400,0,0,0,0,0,0
TF,D011I,63.683056,53.960556,0, ,0.0,0.0,0.0,0.0,1,2400,0,0,0,0,0,1
CF,CQ17,63.692778,53.882778,1,UHT,355.7,8.3,174.0,1.0,1,2000,0,0,0,0,0,0

FINAL,Q17-Y,17,N,4
IF,CQ17,63.692778,53.882778,DP,0.0,0.0,1,2000,0,0,0,0,0,0
CF,FQ17,63.654722,53.859167,0,DP,0.0,0.0,174.0,2.4,1,2000,0,0,0,0,2,0
CF,DP,63.611722,53.831833,0,DP,0.0,0.0,174.0,2.7,1,1150,0,0,0,0,0,0
CF,D,63.586500,53.816750,0,UHT,0.0,1.7,174.0,1.6,1,646,0,0,0,0,3,0
CA,0,174.0,2,1400,0,0,0,0,0,0
VM,0,0,1,354.0,2,2000,0,0,0,0,0,0

APPTR,Q17-Z,17,DP1
IF,DP,63.611722,53.831833, ,0.0,0.0,2,3000,0,0,0,0,1,0
FD,DP,63.611722,53.831833,0,UHT,357.4,10.5,321.0,10.5,0,0,0,0,0,0,0,0
CF,FQ17,63.654722,53.859167,2,UHT,356.2,6.0,174.0,5.0,1,2000,0,0,0,0,0,0

APPTR,Q17-Z,17,DP2
IF,DP,63.611722,53.831833, ,0.0,0.0,2,3000,0,0,0,0,1,0
FD,DP,63.611722,53.831833,0,UHT,357.4,10.5,324.0,10.5,0,0,0,0,0,0,0,0
CF,FQ17,63.654722,53.859167,2,UHT,356.2,6.0,174.0,5.0,1,2000,0,0,0,0,0,0

APPTR,Q17-Z,17,DP3
IF,DP,63.611722,53.831833, ,0.0,0.0,2,3000,0,0,0,0,1,0
FD,DP,63.611722,53.831833,0,UHT,357.4,10.5,343.0,10.5,0,0,0,0,0,0,0,0
CF,FQ17,63.654722,53.859167,2,UHT,356.2,6.0,174.0,5.0,1,2000,0,0,0,0,0,0

APPTR,Q17-Z,17,DP4
IF,DP,63.611722,53.831833, ,0.0,0.0,2,3000,0,0,0,0,1,0
FD,DP,63.611722,53.831833,0,UHT,357.4,10.5,346.0,10.5,0,0,0,0,0,0,0,0
CF,FQ17,63.654722,53.859167,2,UHT,356.2,6.0,174.0,5.0,1,2000,0,0,0,0,0,0

FINAL,Q17-Z,17,N,3
IF,FQ17,63.654722,53.859167,DP,0.0,0.0,1,2000,0,0,0,0,2,0
CF,DP,63.611722,53.831833,0,DP,0.0,0.0,174.0,2.7,1,1150,0,0,0,0,0,0
CF,MQ18Z,63.586631,53.816739,0,UHT,0.0,1.7,174.0,1.6,1,649,0,0,0,0,3,0
CA,0,174.0,2,1400,0,0,0,0,0,0
DF,DP,63.611722,53.831833,1, ,0.0,0.0,2,1900,0,0,0,0,0,0

APPTR,Q35-Y,35,BF1
IF,BF,63.522167,53.776722, ,0.0,0.0,2,3000,0,0,0,0,1,0
TF,D116E,63.505278,53.912222,0, ,0.0,0.0,0.0,0.0,1,2400,0,0,0,0,0,0
TF,D150I,63.406944,53.851111,0, ,0.0,0.0,0.0,0.0,1,2400,0,0,0,0,0,1
CF,CQ35,63.441111,53.726944,2,UHT,173.0,7.4,354.0,1.0,1,2000,0,0,0,0,0,0

APPTR,Q35-Y,35,BF2
IF,BF,63.522167,53.776722, ,0.0,0.0,2,3000,0,0,0,0,1,0
TF,D130C,63.512500,53.854167,0, ,0.0,0.0,0.0,0.0,1,2400,0,0,0,0,0,0
TF,D158H,63.431389,53.803889,0, ,0.0,0.0,0.0,0.0,1,2400,0,0,0,0,0,1
CF,CQ35,63.441111,53.726944,2,UHT,173.0,7.4,354.0,1.0,1,2000,0,0,0,0,0,0

FINAL,Q35-Y,35,N,4
IF,CQ35,63.441111,53.726944,BF,0.0,0.0,1,2000,0,0,0,0,0,0
CF,FQ35,63.481111,53.751667,0,BF,0.0,0.0,354.0,2.5,1,2000,0,0,0,0,2,0
CF,BF,63.522167,53.776722,0,BF,0.0,0.0,354.0,2.6,1,1190,0,0,0,0,0,0
CF,B,63.547667,53.792639,0,UHT,0.0,0.8,354.0,1.6,1,679,0,0,0,0,3,0
CA,0,354.0,2,1400,0,0,0,0,0,0
VM,0,0,2,174.0,2,2000,0,0,0,0,0,0

APPTR,Q35-Z,35,BF1
IF,BF,63.522167,53.776722, ,0.0,0.0,2,3000,0,0,0,0,1,0
FD,BF,63.522167,53.776722,0,UHT,170.1,9.5,211.0,9.5,0,0,0,0,0,0,0,0
CF,FQ35,63.481111,53.751667,1,UHT,172.3,4.9,354.0,5.0,1,2000,0,0,0,0,0,0

APPTR,Q35-Z,35,BF2
IF,BF,63.522167,53.776722, ,0.0,0.0,2,3000,0,0,0,0,1,0
FD,BF,63.522167,53.776722,0,UHT,170.1,9.5,208.0,9.5,0,0,0,0,0,0,0,0
CF,FQ35,63.481111,53.751667,1,UHT,172.3,4.9,354.0,5.0,1,2000,0,0,0,0,0,0

APPTR,Q35-Z,35,BF3
IF,BF,63.522167,53.776722, ,0.0,0.0,2,3000,0,0,0,0,1,0
FD,BF,63.522167,53.776722,0,UHT,170.1,9.5,188.0,9.5,0,0,0,0,0,0,0,0
CF,FQ35,63.481111,53.751667,1,UHT,172.3,4.9,354.0,5.0,1,2000,0,0,0,0,0,0

APPTR,Q35-Z,35,BF4
IF,BF,63.522167,53.776722, ,0.0,0.0,2,3000,0,0,0,0,1,0
FD,BF,63.522167,53.776722,0,UHT,170.1,9.5,185.0,9.5,0,0,0,0,0,0,0,0
CF,FQ35,63.481111,53.751667,1,UHT,172.3,4.9,354.0,5.0,1,2000,0,0,0,0,0,0

FINAL,Q35-Z,35,N,3
IF,FQ35,63.481111,53.751667,BF,0.0,0.0,1,2000,0,0,0,0,2,0
CF,BF,63.522167,53.776722,0,BF,0.0,0.0,354.0,2.6,1,1190,0,0,0,0,0,0
CF,MQ36Z,63.547092,53.791694,0,UHT,0.0,0.8,354.0,1.6,1,692,0,0,0,0,3,0
CA,0,354.0,2,1400,0,0,0,0,0,0
DF,BF,63.522167,53.776722,2, ,0.0,0.0,2,1900,0,0,0,0,0,0

APPTR,R17,17,YH005
IF,YH005,63.762194,53.692333, ,0.0,0.0,2,2000,0,1,215,0,1,0
TF,YH004,63.735889,53.909444,0, ,0.0,0.0,0.0,0.0,2,2000,0,1,215,0,1,0

APPTR,R17,17,YH006
IF,YH006,63.709417,54.126222, ,0.0,0.0,2,2000,0,1,215,0,1,0
TF,YH004,63.735889,53.909444,0, ,0.0,0.0,0.0,0.0,2,2000,0,1,215,0,1,0

FINAL,R17,17,R,4
IF,YH004,63.735889,53.909444, ,0.0,0.0,2,2000,0,1,215,0,0,0
TF,YH013,63.654833,53.859222,0, ,0.0,0.0,174.0,5.1,1,2000,0,0,0,0,2,0
TF,16THR,63.604353,53.827297,0, ,0.0,0.0,174.0,3.2,1,1000,0,0,0,0,0,0
TF,RW17,63.578358,53.811650,0, ,0.0,0.0,174.0,1.6,1,480,0,0,0,0,3,1
CA,0,174.0,2,1400,0,0,0,0,0,0
DF,YH006,63.709417,54.126222,1, ,0.0,0.0,2,2000,0,1,215,0,0,0

APPTR,R35,35,YH016
IF,YH016,63.426444,53.487333, ,0.0,0.0,2,2000,0,1,210,0,1,0
TF,YH017,63.400139,53.701861,0, ,0.0,0.0,0.0,0.0,2,2000,0,1,210,0,1,0

APPTR,R35,35,YH018
IF,YH018,63.373694,53.916139, ,0.0,0.0,2,2000,0,1,210,0,1,0
TF,YH017,63.400139,53.701861,0, ,0.0,0.0,0.0,0.0,2,2000,0,1,210,0,1,0

FINAL,R35,35,R,3
IF,YH017,63.400139,53.701861, ,0.0,0.0,2,2000,0,1,210,0,0,0
TF,YH019,63.481167,53.751583,0, ,0.0,0.0,354.0,5.1,1,2000,0,0,0,0,2,0
TF,RW35,63.555450,53.797456,0, ,0.0,0.0,354.0,4.6,1,524,0,0,0,0,3,1
CA,0,354.0,2,1400,0,0,0,0,0,0
DF,YH018,63.373694,53.916139,2, ,0.0,0.0,2,2000,0,1,210,0,0,0

