SID,ADSA1A,10,2
CA,0,105.0,2,1100,0,0,0,0,0,0
CI,2, ,0.0,295.0,0,0,0,1,215,0,0,0
CF,ADSAT,53.054444,44.402222,0,PNZ,250.1,22.6,250.0,17.0,2,7000,0,0,0,0,0,0

SID,ADSA1B,28,2
CA,0,285.0,2,1000,0,0,0,0,0,0
CI,0, ,0.0,212.0,0,0,0,0,0,0,0,0
CF,ADSAT,53.054444,44.402222,0,PNZ,250.1,22.6,250.0,21.0,2,7000,0,0,0,0,0,0

SID,ADSA1C,10,2
CA,0,105.0,2,1100,0,0,0,0,0,0
CI,2, ,0.0,291.0,0,0,0,1,215,0,0,0
CF,ADSAT,53.054444,44.402222,0,PNZ,250.1,22.6,246.0,16.0,2,7000,0,0,0,0,0,0

SID,ADSA1D,10,2
CA,0,105.0,2,1100,0,0,0,0,0,0
CI,2, ,0.0,294.0,0,0,0,1,215,0,0,0
CF,ADSAT,53.054444,44.402222,0,PNZ,250.1,22.6,249.0,17.0,2,7000,0,0,0,0,0,0

SID,ADSA1E,28,2
CA,0,285.0,2,1000,0,0,0,0,0,0
CI,0, ,0.0,215.0,0,0,0,0,0,0,0,0
CF,ADSAT,53.054444,44.402222,0,PNZ,250.1,22.6,254.0,19.0,2,7000,0,0,0,0,0,0

SID,ADSA1F,28,2
CA,0,285.0,2,1000,0,0,0,0,0,0
CI,0, ,0.0,213.0,0,0,0,0,0,0,0,0
CF,ADSAT,53.054444,44.402222,0,PNZ,250.1,22.6,253.0,20.0,2,7000,0,0,0,0,0,0

SID,ADSA1L,28,5
CF,PP292,53.175550,44.800444,0,PNZ,284.4,8.7,285.0,9.0,0,0,0,0,0,0,0,0
TF,ADSAT,53.054444,44.402222,0, ,0.0,0.0,0.0,0.0,2,7000,0,0,0,0,0,0

SID,ADSA1P,10,5
CF,PP112,53.077475,45.133506,0,PNZ,106.5,4.7,105.0,4.0,0,0,0,0,0,0,0,1
DF,UNLAK,52.926389,44.978056,2, ,0.0,0.0,0,0,0,1,225,0,0,0
TF,ADSAT,53.054444,44.402222,0, ,0.0,0.0,0.0,0.0,2,7000,0,0,0,0,0,0

SID,BAMI1A,10,2
CD, ,0,0,0,PNZ,0,0.0,105.0,5.4,0,0,0,0,0,0,0,0
DF,PNZ,53.113833,45.017667,2, ,0.0,0.0,2,3000,0,1,230,0,0,1
CF,BAMIG,53.495556,45.127222,0,PNZ,358.7,23.3,358.0,24.0,2,7000,0,0,0,0,0,0

SID,BAMI1B,28,2
CD, ,0,0,0,PNZ,0,0.0,285.0,5.6,0,0,0,0,0,0,0,0
DF,PNZ,53.113833,45.017667,1, ,0.0,0.0,2,3000,0,1,230,0,0,0
CF,BAMIG,53.495556,45.127222,0,PNZ,358.7,23.3,358.0,23.0,2,7000,0,0,0,0,0,0

SID,BAMI1C,10,2
DF,RW29,53.103711,45.044867,0, ,0.0,0.0,0,0,0,0,0,0,0,1
CA,0,105.0,2,1500,0,0,0,0,0,0
DF,RN,53.129861,44.956250,2, ,0.0,0.0,2,3000,0,1,205,0,0,0
CF,BAMIG,53.495556,45.127222,0,PNZ,358.7,23.3,5.0,22.0,2,7000,0,0,0,0,0,0

SID,BAMI1E,28,2
DF,RW11,53.114792,45.007331,0, ,0.0,0.0,0,0,0,0,0,0,0,1
CA,0,285.0,2,1500,0,0,0,0,0,0
DF,WH,53.088111,45.097528,1, ,0.0,0.0,2,3000,0,1,210,0,0,1
CF,BAMIG,53.495556,45.127222,0,PNZ,358.7,23.3,351.0,24.0,2,7000,0,0,0,0,0,0

SID,BAMI1L,28,5
CF,PP292,53.175550,44.800444,0,PNZ,284.4,8.7,285.0,9.0,0,0,0,1,225,0,0,0
TF,BAMIG,53.495556,45.127222,2, ,0.0,0.0,0.0,0.0,2,7000,0,0,0,0,0,0

SID,BAMI1P,10,5
CF,PP112,53.077475,45.133506,0,PNZ,106.5,4.7,105.0,4.0,0,0,0,0,0,0,0,1
DF,RN,53.129861,44.956250,2, ,0.0,0.0,0,0,0,1,225,0,0,0
TF,BAMIG,53.495556,45.127222,0, ,0.0,0.0,0.0,0.0,2,7000,0,0,0,0,0,0

SID,IBSO1A,10,2
CA,0,105.0,2,1100,0,0,0,0,0,0
CI,2, ,0.0,223.0,0,0,0,0,0,0,0,0
CF,IBSOM,52.779167,44.934167,0,PNZ,177.6,20.3,177.0,16.0,2,7000,0,0,0,0,0,0

SID,IBSO1B,28,2
CA,0,285.0,2,1000,0,0,0,0,0,0
CI,1, ,0.0,133.0,0,0,0,1,220,0,0,0
CF,IBSOM,52.779167,44.934167,0,PNZ,177.6,20.3,177.0,17.0,2,7000,0,0,0,0,0,0

SID,IBSO1C,10,2
CA,0,105.0,2,1100,0,0,0,0,0,0
CI,2, ,0.0,216.0,0,0,0,0,0,0,0,0
CF,IBSOM,52.779167,44.934167,0,PNZ,177.6,20.3,171.0,14.0,2,7000,0,0,0,0,0,0

SID,IBSO1D,10,2
CA,0,105.0,2,1100,0,0,0,0,0,0
CI,2, ,0.0,220.0,0,0,0,0,0,0,0,0
CF,IBSOM,52.779167,44.934167,0,PNZ,177.6,20.3,175.0,15.0,2,7000,0,0,0,0,0,0

SID,IBSO1E,28,2
CA,0,285.0,2,1000,0,0,0,0,0,0
CI,1, ,0.0,132.0,0,0,0,1,220,0,0,0
CF,IBSOM,52.779167,44.934167,0,PNZ,177.6,20.3,187.0,14.0,2,7000,0,0,0,0,0,0

SID,IBSO1F,28,2
CA,0,285.0,2,1000,0,0,0,0,0,0
CI,1, ,0.0,137.0,0,0,0,1,220,0,0,0
CF,IBSOM,52.779167,44.934167,0,PNZ,177.6,20.3,182.0,14.0,2,7000,0,0,0,0,0,0

SID,IBSO1L,28,5
CF,PP291,53.137383,44.930614,0,PNZ,283.3,3.5,285.0,3.0,0,0,0,0,0,0,0,1
DF,UNLAK,52.926389,44.978056,1, ,0.0,0.0,0,0,0,1,225,0,0,0
TF,IBSOM,52.779167,44.934167,0, ,0.0,0.0,0.0,0.0,2,7000,0,0,0,0,0,0

SID,IBSO1P,10,5
CF,PP112,53.077475,45.133506,0,PNZ,106.5,4.7,105.0,4.0,0,0,0,0,0,0,0,1
DF,UNLAK,52.926389,44.978056,2, ,0.0,0.0,0,0,0,1,225,0,0,0
TF,IBSOM,52.779167,44.934167,0, ,0.0,0.0,0.0,0.0,2,7000,0,0,0,0,0,0

SID,LASB1A,10,2
CA,0,105.0,2,1100,0,0,0,0,0,0
CI,2, ,0.0,198.0,0,0,0,0,0,0,0,0
CF,LASBI,52.736667,45.140000,0,PNZ,157.9,23.1,157.0,19.0,2,7000,0,0,0,0,0,0

SID,LASB1B,28,2
CA,0,285.0,2,1000,0,0,0,0,0,0
CI,1, ,0.0,113.0,0,0,0,1,220,0,0,0
CF,LASBI,52.736667,45.140000,0,PNZ,157.9,23.1,157.0,18.0,2,7000,0,0,0,0,0,0

SID,LASB1C,10,2
CA,0,105.0,2,1100,0,0,0,0,0,0
CI,2, ,0.0,198.0,0,0,0,0,0,0,0,0
CF,LASBI,52.736667,45.140000,0,PNZ,157.9,23.1,153.0,18.0,2,7000,0,0,0,0,0,0

SID,LASB1D,10,2
CA,0,105.0,2,1100,0,0,0,0,0,0
CI,2, ,0.0,201.0,0,0,0,0,0,0,0,0
CF,LASBI,52.736667,45.140000,0,PNZ,157.9,23.1,156.0,19.0,2,7000,0,0,0,0,0,0

SID,LASB1E,28,2
CA,0,285.0,2,1000,0,0,0,0,0,0
CI,1, ,0.0,109.0,0,0,0,1,220,0,0,0
CF,LASBI,52.736667,45.140000,0,PNZ,157.9,23.1,165.0,17.0,2,7000,0,0,0,0,0,0

SID,LASB1F,28,2
CA,0,285.0,2,1000,0,0,0,0,0,0
CI,1, ,0.0,116.0,0,0,0,1,220,0,0,0
CF,LASBI,52.736667,45.140000,0,PNZ,157.9,23.1,161.0,17.0,2,7000,0,0,0,0,0,0

SID,LASB1L,28,5
CF,PP291,53.137383,44.930614,0,PNZ,283.3,3.5,285.0,3.0,0,0,0,0,0,0,0,1
DF,UNLAK,52.926389,44.978056,1, ,0.0,0.0,0,0,0,1,225,0,0,0
TF,LASBI,52.736667,45.140000,0, ,0.0,0.0,0.0,0.0,2,7000,0,0,0,0,0,0

SID,LASB1P,10,5
CF,PP112,53.077475,45.133506,0,PNZ,106.5,4.7,105.0,4.0,0,0,0,0,0,0,0,1
DF,PP114,52.933872,45.168592,0, ,0.0,0.0,0,0,0,1,225,0,0,0
TF,LASBI,52.736667,45.140000,0, ,0.0,0.0,0.0,0.0,2,7000,0,0,0,0,0,0

SID,ULSA1A,10,2
CA,0,105.0,2,1100,0,0,0,0,0,0
CI,0, ,0.0,56.0,0,0,0,0,0,0,0,0
CF,ULSAL,53.065000,45.625833,0,PNZ,86.4,22.2,86.0,20.0,2,7000,0,0,0,0,0,0

SID,ULSA1B,28,2
CA,0,285.0,2,1000,0,0,0,0,0,0
CI,1, ,0.0,41.0,0,0,0,1,220,0,0,0
CF,ULSAL,53.065000,45.625833,0,PNZ,86.4,22.2,86.0,18.0,2,7000,0,0,0,0,0,0

SID,ULSA1C,10,2
CA,0,105.0,2,1100,0,0,0,0,0,0
CI,0, ,0.0,53.0,0,0,0,0,0,0,0,0
CF,ULSAL,53.065000,45.625833,0,PNZ,86.4,22.2,88.0,19.0,2,7000,0,0,0,0,0,0

SID,ULSA1D,10,2
CA,0,105.0,2,1100,0,0,0,0,0,0
CI,0, ,0.0,55.0,0,0,0,0,0,0,0,0
CF,ULSAL,53.065000,45.625833,0,PNZ,86.4,22.2,87.0,20.0,2,7000,0,0,0,0,0,0

SID,ULSA1E,28,2
CA,0,285.0,2,1000,0,0,0,0,0,0
CI,1, ,0.0,53.0,0,0,0,1,220,0,0,0
CF,ULSAL,53.065000,45.625833,0,PNZ,86.4,22.2,83.0,18.0,2,7000,0,0,0,0,0,0

SID,ULSA1F,28,2
CA,0,285.0,2,1000,0,0,0,0,0,0
CI,1, ,0.0,64.0,0,0,0,1,205,0,0,0
CF,ULSAL,53.065000,45.625833,0,PNZ,86.4,22.2,85.0,14.0,2,7000,0,0,0,0,0,0

SID,ULSA1L,28,5
CF,PP291,53.137383,44.930614,0,PNZ,283.3,3.5,285.0,3.0,0,0,0,0,0,0,0,1
DF,PP293,52.964908,45.139544,1, ,0.0,0.0,0,0,0,1,225,0,0,0
TF,ULSAL,53.065000,45.625833,0, ,0.0,0.0,0.0,0.0,2,7000,0,0,0,0,0,0

SID,ULSA1P,10,5
CF,PP113,53.010344,45.358817,0,PNZ,105.6,13.8,105.0,13.0,0,0,0,0,0,0,0,0
TF,ULSAL,53.065000,45.625833,0, ,0.0,0.0,0.0,0.0,2,7000,0,0,0,0,0,0

STAR,BAMI1H,ALL,2
IF,BAMIG,53.495556,45.127222, ,0.0,0.0,2,7000,0,0,0,0,0,0
TF,PNZ,53.113833,45.017667,0, ,0.0,0.0,0.0,0.0,2,4000,0,0,0,0,0,0

STAR,BAMI1K,10,2
IF,BAMIG,53.495556,45.127222, ,0.0,0.0,2,7000,0,0,0,0,0,0
TF,RN,53.129861,44.956250,0, ,0.0,0.0,0.0,0.0,2,4000,0,0,0,0,0,0

STAR,BAMI1M,10,5
IF,BAMIG,53.495556,45.127222, ,0.0,0.0,2,7000,0,0,0,0,0,0
TF,PP511,53.278911,44.826772,0, ,0.0,0.0,0.0,0.0,2,2100,0,0,0,0,0,0

STAR,BAMI1N,28,5
IF,BAMIG,53.495556,45.127222, ,0.0,0.0,2,7000,0,0,0,0,0,0
TF,PP829,53.136128,45.106167,0, ,0.0,0.0,0.0,0.0,2,5000,0,0,0,0,0,0
TF,PP629,52.976864,45.096653,0, ,0.0,0.0,0.0,0.0,0,0,0,0,0,0,0,0
TF,PP529,52.938953,45.224889,0, ,0.0,0.0,0.0,0.0,2,2300,0,1,240,0,0,0

STAR,BAMI1R,10,2
IF,BAMIG,53.495556,45.127222, ,0.0,0.0,2,7000,0,0,0,0,0,0
TF,R,53.118778,44.993833,0, ,0.0,0.0,0.0,0.0,2,4000,0,0,0,0,0,0

STAR,BAMI1S,28,2
IF,BAMIG,53.495556,45.127222, ,0.0,0.0,2,7000,0,0,0,0,0,0
TF,WH,53.088111,45.097528,0, ,0.0,0.0,0.0,0.0,2,4000,0,0,0,0,0,0

STAR,BAMI1T,28,2
IF,BAMIG,53.495556,45.127222, ,0.0,0.0,2,7000,0,0,0,0,0,0
TF,W,53.099583,45.058667,0, ,0.0,0.0,0.0,0.0,2,4000,0,0,0,0,0,0

STAR,IBSO1H,ALL,2
IF,IBSOM,52.779167,44.934167, ,0.0,0.0,2,7000,0,0,0,0,0,0
TF,PNZ,53.113833,45.017667,0, ,0.0,0.0,0.0,0.0,4,4000,2500,0,0,0,0,0

STAR,IBSO1K,10,2
IF,IBSOM,52.779167,44.934167, ,0.0,0.0,2,7000,0,0,0,0,0,0
TF,RN,53.129861,44.956250,0, ,0.0,0.0,0.0,0.0,4,4000,2500,0,0,0,0,0

STAR,IBSO1M,10,5
IF,IBSOM,52.779167,44.934167, ,0.0,0.0,2,7000,0,0,0,0,0,0
TF,PP711,53.099425,44.681022,0, ,0.0,0.0,0.0,0.0,2,2100,0,0,0,0,0,0

STAR,IBSO1N,28,5
IF,IBSOM,52.779167,44.934167, ,0.0,0.0,2,7000,0,0,0,0,0,0
TF,PP529,52.938953,45.224889,0, ,0.0,0.0,0.0,0.0,2,2300,0,0,0,0,0,0

STAR,IBSO1R,10,2
IF,IBSOM,52.779167,44.934167, ,0.0,0.0,2,7000,0,0,0,0,0,0
TF,R,53.118778,44.993833,0, ,0.0,0.0,0.0,0.0,4,4000,2500,0,0,0,0,0

STAR,IBSO1S,28,2
IF,IBSOM,52.779167,44.934167, ,0.0,0.0,2,7000,0,0,0,0,0,0
TF,WH,53.088111,45.097528,0, ,0.0,0.0,0.0,0.0,4,4000,2500,0,0,0,0,0

STAR,IBSO1T,28,2
IF,IBSOM,52.779167,44.934167, ,0.0,0.0,2,7000,0,0,0,0,0,0
TF,W,53.099583,45.058667,0, ,0.0,0.0,0.0,0.0,4,4000,2500,0,0,0,0,0

STAR,INPI1H,ALL,2
IF,INPIT,52.848889,44.590278, ,0.0,0.0,2,7000,0,0,0,0,0,0
TF,PNZ,53.113833,45.017667,0, ,0.0,0.0,0.0,0.0,4,4000,2500,0,0,0,0,0

STAR,INPI1K,10,2
IF,INPIT,52.848889,44.590278, ,0.0,0.0,2,7000,0,0,0,0,0,0
TF,RN,53.129861,44.956250,0, ,0.0,0.0,0.0,0.0,4,4000,2500,0,0,0,0,0

STAR,INPI1M,10,5
IF,INPIT,52.848889,44.590278, ,0.0,0.0,2,7000,0,0,0,0,0,0
TF,PP711,53.099425,44.681022,0, ,0.0,0.0,0.0,0.0,2,2100,0,0,0,0,0,0

STAR,INPI1N,28,5
IF,INPIT,52.848889,44.590278, ,0.0,0.0,2,7000,0,0,0,0,0,0
TF,PP529,52.938953,45.224889,0, ,0.0,0.0,0.0,0.0,2,2300,0,0,0,0,0,0

STAR,INPI1R,10,2
IF,INPIT,52.848889,44.590278, ,0.0,0.0,2,7000,0,0,0,0,0,0
TF,R,53.118778,44.993833,0, ,0.0,0.0,0.0,0.0,4,4000,2500,0,0,0,0,0

STAR,INPI1S,28,2
IF,INPIT,52.848889,44.590278, ,0.0,0.0,2,7000,0,0,0,0,0,0
TF,WH,53.088111,45.097528,0, ,0.0,0.0,0.0,0.0,4,4000,2500,0,0,0,0,0

STAR,INPI1T,28,2
IF,INPIT,52.848889,44.590278, ,0.0,0.0,2,7000,0,0,0,0,0,0
TF,W,53.099583,45.058667,0, ,0.0,0.0,0.0,0.0,4,4000,2500,0,0,0,0,0

STAR,NERI1H,ALL,2
IF,NERIK,53.368333,44.550000, ,0.0,0.0,2,7000,0,0,0,0,0,0
TF,PNZ,53.113833,45.017667,0, ,0.0,0.0,0.0,0.0,4,4000,2500,0,0,0,0,0

STAR,NERI1K,10,2
IF,NERIK,53.368333,44.550000, ,0.0,0.0,2,7000,0,0,0,0,0,0
TF,RN,53.129861,44.956250,0, ,0.0,0.0,0.0,0.0,4,4000,2500,0,0,0,0,0

STAR,NERI1M,10,5
IF,NERIK,53.368333,44.550000, ,0.0,0.0,2,7000,0,0,0,0,0,0
TF,PP611,53.232867,44.604178,0, ,0.0,0.0,0.0,0.0,2,2100,0,0,0,0,0,0

STAR,NERI1N,28,5
IF,NERIK,53.368333,44.550000, ,0.0,0.0,2,7000,0,0,0,0,0,0
TF,PP729,53.014672,44.968075,0, ,0.0,0.0,0.0,0.0,0,0,0,0,0,0,0,0
TF,PP629,52.976864,45.096653,0, ,0.0,0.0,0.0,0.0,0,0,0,0,0,0,0,0
TF,PP529,52.938953,45.224889,0, ,0.0,0.0,0.0,0.0,2,2300,0,1,240,0,0,0

STAR,NERI1R,10,2
IF,NERIK,53.368333,44.550000, ,0.0,0.0,2,7000,0,0,0,0,0,0
TF,R,53.118778,44.993833,0, ,0.0,0.0,0.0,0.0,4,4000,2500,0,0,0,0,0

STAR,NERI1S,28,2
IF,NERIK,53.368333,44.550000, ,0.0,0.0,2,7000,0,0,0,0,0,0
TF,WH,53.088111,45.097528,0, ,0.0,0.0,0.0,0.0,4,4000,2500,0,0,0,0,0

STAR,NERI1T,28,2
IF,NERIK,53.368333,44.550000, ,0.0,0.0,2,7000,0,0,0,0,0,0
TF,W,53.099583,45.058667,0, ,0.0,0.0,0.0,0.0,4,4000,2500,0,0,0,0,0

STAR,ORTA1H,ALL,2
IF,ORTAT,52.815833,45.495833, ,0.0,0.0,2,7000,0,0,0,0,0,0
TF,PNZ,53.113833,45.017667,0, ,0.0,0.0,0.0,0.0,4,4000,2500,0,0,0,0,0

STAR,ORTA1K,10,2
IF,ORTAT,52.815833,45.495833, ,0.0,0.0,2,7000,0,0,0,0,0,0
TF,RN,53.129861,44.956250,0, ,0.0,0.0,0.0,0.0,4,4000,2500,0,0,0,0,0

STAR,ORTA1M,10,5
IF,ORTAT,52.815833,45.495833, ,0.0,0.0,2,7000,0,0,0,0,0,0
TF,PP711,53.099425,44.681022,0, ,0.0,0.0,0.0,0.0,2,2100,0,0,0,0,0,0

STAR,ORTA1N,28,5
IF,ORTAT,52.815833,45.495833, ,0.0,0.0,2,7000,0,0,0,0,0,0
TF,PP429,52.984275,45.446381,0, ,0.0,0.0,0.0,0.0,2,2300,0,0,0,0,0,0

STAR,ORTA1R,10,2
IF,ORTAT,52.815833,45.495833, ,0.0,0.0,2,7000,0,0,0,0,0,0
TF,R,53.118778,44.993833,0, ,0.0,0.0,0.0,0.0,4,4000,2500,0,0,0,0,0

STAR,ORTA1S,28,2
IF,ORTAT,52.815833,45.495833, ,0.0,0.0,2,7000,0,0,0,0,0,0
TF,WH,53.088111,45.097528,0, ,0.0,0.0,0.0,0.0,4,4000,2500,0,0,0,0,0

STAR,ORTA1T,28,2
IF,ORTAT,52.815833,45.495833, ,0.0,0.0,2,7000,0,0,0,0,0,0
TF,W,53.099583,45.058667,0, ,0.0,0.0,0.0,0.0,4,4000,2500,0,0,0,0,0

APPTR,D10,10,PNZ1
IF,PNZ,53.113833,45.017667, ,0.0,0.0,4,4000,2500,1,225,0,1,0
FD,PNZ,53.113833,45.017667,0,PNZ,0.0,10.5,261.0,10.5,2,2500,0,0,0,0,0,0
CF,FD10,53.148656,44.873942,2,PNZ,280.0,5.6,100.0,6.0,1,2100,0,0,0,0,0,0

APPTR,D10,10,PNZ2
IF,PNZ,53.113833,45.017667, ,0.0,0.0,4,4000,2500,1,225,0,1,0
FD,PNZ,53.113833,45.017667,0,PNZ,0.0,10.5,273.0,10.5,2,2500,0,0,0,0,0,0
CF,FD10,53.148656,44.873942,2,PNZ,280.0,5.6,100.0,6.0,1,2100,0,0,0,0,0,0

FINAL,D10,10,D,3
IF,FD10,53.148656,44.873942,PNZ,280.0,5.6,1,2100,0,0,0,0,2,0
CF,24VOR,53.128778,44.956097,0,PNZ,280.0,2.4,100.0,3.2,1,1200,0,0,0,0,0,0
CF,RW10,53.114792,45.007331,0,PNZ,266.8,0.4,100.0,2.0,1,620,0,0,0,0,3,0
FD,RW10,53.114792,45.007331,0,PNZ,266.8,5.2,100.0,5.2,2,1700,0,0,0,0,0,0
DF,PNZ,53.113833,45.017667,2, ,0.0,0.0,2,2500,0,1,225,0,0,0

APPTR,D28,28,PNZ1
IF,PNZ,53.113833,45.017667, ,0.0,0.0,4,4000,2500,1,225,0,1,0
FD,PNZ,53.113833,45.017667,0,PNZ,0.0,11.3,127.0,11.3,2,2300,0,0,0,0,0,0
CF,FD28,53.060481,45.170775,1,PNZ,108.0,6.4,288.0,6.0,1,2300,0,0,0,0,0,0

APPTR,D28,28,PNZ2
IF,PNZ,53.113833,45.017667, ,0.0,0.0,4,4000,2500,1,225,0,1,0
FD,PNZ,53.113833,45.017667,0,PNZ,0.0,11.3,117.0,11.3,2,2300,0,0,0,0,0,0
CF,FD28,53.060481,45.170775,1,PNZ,108.0,6.4,288.0,6.0,1,2300,0,0,0,0,0,0

FINAL,D28,28,D,2
IF,FD28,53.060481,45.170775,PNZ,108.0,6.4,1,2300,0,0,0,0,2,0
CF,RW28,53.103711,45.044867,0,PNZ,109.7,1.2,288.0,5.2,1,661,0,0,0,0,3,0
FD,RW28,53.103711,45.044867,0,PNZ,109.7,5.2,288.0,5.2,2,1700,0,0,0,0,0,0
DF,PNZ,53.113833,45.017667,1, ,0.0,0.0,2,2500,0,1,225,0,0,0

APPTR,I10-X,10,RN1
IF,RN,53.129861,44.956250, ,0.0,0.0,4,4000,2500,1,225,0,1,0
FD,RN,53.129861,44.956250,0,PNZ,281.5,10.4,260.0,10.4,2,2200,0,0,0,0,0,0
CF,CI10,53.166800,44.830444,2,IRN,284.2,9.0,104.0,3.5,2,2100,0,0,0,0,0,0

APPTR,I10-X,10,RN2
IF,RN,53.129861,44.956250, ,0.0,0.0,4,4000,2500,1,225,0,1,0
FD,RN,53.129861,44.956250,0,PNZ,281.5,10.4,274.0,10.4,2,2200,0,0,0,0,0,0
CF,CI10,53.166800,44.830444,2,IRN,284.2,9.0,104.0,3.5,2,2100,0,0,0,0,0,0

FINAL,I10-X,10,I,3
IF,CI10,53.166800,44.830444,IRN,284.2,9.0,2,2100,0,0,0,0,0,0
CF,FI10,53.152500,44.880556,0,IRN,284.3,7.0,104.0,2.0,1,2100,0,0,0,0,2,0
CF,RW10,53.114792,45.007331,0,IRN,284.2,1.9,104.0,5.1,1,620,0,0,0,0,3,0
FD,RW10,53.114792,45.007331,0,PNZ,266.8,5.2,104.0,5.2,2,1700,0,0,0,0,0,0
DF,RN,53.129861,44.956250,2, ,0.0,0.0,2,2500,0,1,225,0,0,0

APPTR,I10-Y,10,PNZ1
IF,PNZ,53.113833,45.017667, ,0.0,0.0,4,4000,2500,1,225,0,1,0
FD,PNZ,53.113833,45.017667,0,PNZ,0.0,10.5,265.0,10.5,2,2500,0,0,0,0,0,0
CF,CI10,53.166800,44.830444,2,IRN,284.2,9.0,104.0,3.5,2,2100,0,0,0,0,0,0

APPTR,I10-Y,10,PNZ2
IF,PNZ,53.113833,45.017667, ,0.0,0.0,4,4000,2500,1,225,0,1,0
FD,PNZ,53.113833,45.017667,0,PNZ,0.0,10.5,277.0,10.5,2,2500,0,0,0,0,0,0
CF,CI10,53.166800,44.830444,2,IRN,284.2,9.0,104.0,3.5,2,2100,0,0,0,0,0,0

FINAL,I10-Y,10,I,3
IF,CI10,53.166800,44.830444,IRN,284.2,9.0,2,2100,0,0,0,0,0,0
CF,FI10,53.152500,44.880556,0,IRN,284.3,7.0,104.0,2.0,1,2100,0,0,0,0,2,0
CF,RW10,53.114792,45.007331,0,IRN,284.2,1.9,104.0,5.1,1,620,0,0,0,0,3,0
FD,RW10,53.114792,45.007331,0,PNZ,266.8,5.2,104.0,5.2,2,1700,0,0,0,0,0,0
DF,PNZ,53.113833,45.017667,2, ,0.0,0.0,2,2500,0,1,225,0,0,0

APPTR,I10-Z,10,PP511
IF,PP511,53.278911,44.826772, ,0.0,0.0,2,2100,0,0,0,0,1,0
TF,PP411,53.189192,44.753744,0,IRN,0.0,0.0,0.0,0.0,2,2100,0,0,0,0,1,0

APPTR,I10-Z,10,PP611
IF,PP611,53.232867,44.604178, ,0.0,0.0,2,2100,0,0,0,0,1,0
TF,PP411,53.189192,44.753744,0,IRN,0.0,0.0,0.0,0.0,2,2100,0,0,0,0,1,0

APPTR,I10-Z,10,PP711
IF,PP711,53.099425,44.681022, ,0.0,0.0,2,2100,0,0,0,0,1,0
TF,PP411,53.189192,44.753744,0,IRN,0.0,0.0,0.0,0.0,2,2100,0,0,0,0,1,0

FINAL,I10-Z,10,I,3
IF,PP411,53.189192,44.753744,IRN,284.2,12.1,2,2100,0,0,0,0,0,0
CF,FI10,53.152500,44.880556,0,IRN,284.3,7.0,104.0,5.1,1,2100,0,0,0,0,2,0
CF,RW10,53.114792,45.007331,0,IRN,284.2,1.9,104.0,5.1,1,620,0,0,0,0,3,0
CA,0,104.0,2,1700,0,0,0,0,0,0
DF,PP811,53.062903,44.805908,2, ,0.0,0.0,2,2100,0,1,220,0,0,0
TF,PP711,53.099425,44.681022,0, ,0.0,0.0,0.0,0.0,2,2100,0,0,0,0,0,0

APPTR,I28-X,28,WH1
IF,WH,53.088111,45.097528, ,0.0,0.0,4,4000,2500,1,225,0,1,0
FD,WH,53.088111,45.097528,0,PNZ,106.1,11.2,131.0,11.2,2,2300,0,0,0,0,0,0
CF,CI28,53.051650,45.220417,1,IWH,104.1,8.9,284.0,4.0,2,2300,0,0,0,0,0,0

APPTR,I28-X,28,WH2
IF,WH,53.088111,45.097528, ,0.0,0.0,4,4000,2500,1,225,0,1,0
FD,WH,53.088111,45.097528,0,PNZ,106.1,11.2,116.0,11.2,2,2300,0,0,0,0,0,0
CF,CI28,53.051650,45.220417,1,IWH,104.1,8.9,284.0,4.0,2,2300,0,0,0,0,0,0

FINAL,I28-X,28,I,3
IF,CI28,53.051650,45.220417,IWH,104.1,8.9,2,2300,0,0,0,0,0,0
CF,FI28,53.066389,45.170833,0,IWH,104.1,6.9,284.0,2.0,1,2300,0,0,0,0,2,0
CF,RW28,53.103711,45.044867,0,IWH,104.1,1.8,284.0,5.1,1,661,0,0,0,0,3,0
FD,RW28,53.103711,45.044867,0,PNZ,109.7,5.2,284.0,5.2,2,1700,0,0,0,0,0,0
DF,WH,53.088111,45.097528,1, ,0.0,0.0,2,2500,0,1,225,0,0,0

APPTR,I28-Y,28,PNZ1
IF,PNZ,53.113833,45.017667, ,0.0,0.0,4,4000,2500,1,225,0,1,0
FD,PNZ,53.113833,45.017667,0,PNZ,0.0,11.3,124.0,11.3,2,2300,0,0,0,0,0,0
CF,CI28,53.051650,45.220417,1,IWH,104.1,8.9,284.0,4.0,2,2300,0,0,0,0,0,0

APPTR,I28-Y,28,PNZ2
IF,PNZ,53.113833,45.017667, ,0.0,0.0,4,4000,2500,1,225,0,1,0
FD,PNZ,53.113833,45.017667,0,PNZ,0.0,11.3,113.0,11.3,2,2300,0,0,0,0,0,0
CF,CI28,53.051650,45.220417,1,IWH,104.1,8.9,284.0,4.0,2,2300,0,0,0,0,0,0

FINAL,I28-Y,28,I,3
IF,CI28,53.051650,45.220417,IWH,104.1,8.9,2,2300,0,0,0,0,0,0
CF,FI28,53.066389,45.170833,0,IWH,104.1,6.9,284.0,2.0,1,2300,0,0,0,0,2,0
CF,RW28,53.103711,45.044867,0,IWH,104.1,1.8,284.0,5.1,1,661,0,0,0,0,3,0
FD,RW28,53.103711,45.044867,0,PNZ,109.7,5.2,284.0,5.2,2,1700,0,0,0,0,0,0
DF,PNZ,53.113833,45.017667,1, ,0.0,0.0,2,2500,0,1,225,0,0,0

APPTR,I28-Z,28,PP429
IF,PP429,52.984275,45.446381, ,0.0,0.0,2,2300,0,0,0,0,1,0
TF,PP329,53.028531,45.297992,0,IWH,0.0,0.0,0.0,0.0,2,2300,0,0,0,0,1,0

APPTR,I28-Z,28,PP529
IF,PP529,52.938953,45.224889, ,0.0,0.0,2,2300,0,0,0,0,1,0
TF,PP329,53.028531,45.297992,0,IWH,0.0,0.0,0.0,0.0,2,2300,0,0,0,0,1,0

FINAL,I28-Z,28,I,3
IF,PP329,53.028531,45.297992,IWH,104.1,12.0,2,2300,0,0,0,0,0,0
CF,FI28,53.066389,45.170833,0,IWH,104.1,6.9,284.0,5.1,1,2300,0,0,0,0,2,0
CF,RW28,53.103711,45.044867,0,IWH,104.1,1.8,284.0,5.1,1,661,0,0,0,0,3,0
CA,0,284.0,2,1700,0,0,0,0,0,0
DF,PP629,52.976864,45.096653,1, ,0.0,0.0,2,2300,0,1,220,0,0,0
TF,PP529,52.938953,45.224889,0, ,0.0,0.0,0.0,0.0,2,2300,0,0,0,0,0,0

APPTR,J10,10,PP511
IF,PP511,53.278911,44.826772, ,0.0,0.0,2,2100,0,0,0,0,1,0
TF,PP411,53.189192,44.753744,0,G10A,0.0,0.0,0.0,0.0,2,2100,0,0,0,0,1,0

APPTR,J10,10,PP611
IF,PP611,53.232867,44.604178, ,0.0,0.0,2,2100,0,0,0,0,1,0
TF,PP411,53.189192,44.753744,0,G10A,0.0,0.0,0.0,0.0,2,2100,0,0,0,0,1,0

APPTR,J10,10,PP711
IF,PP711,53.099425,44.681022, ,0.0,0.0,2,2100,0,0,0,0,1,0
TF,PP411,53.189192,44.753744,0,G10A,0.0,0.0,0.0,0.0,2,2100,0,0,0,0,1,0

FINAL,J10,10,G,3
IF,PP411,53.189192,44.753744,G10A,0.0,0.0,2,2100,0,0,0,0,0,0
TF,PP111,53.152375,44.880417,0,G10A,0.0,0.0,104.0,5.1,1,2100,0,0,0,0,2,0
TF,RW10,53.114792,45.007331,0,G10A,0.0,0.0,104.0,5.1,1,620,0,0,0,0,3,1
CA,0,104.0,2,1700,0,0,0,0,0,0
DF,PP811,53.062903,44.805908,2, ,0.0,0.0,2,2100,0,1,220,0,0,0
TF,PP711,53.099425,44.681022,0, ,0.0,0.0,0.0,0.0,2,2100,0,0,0,0,0,0

APPTR,J28,28,PP429
IF,PP429,52.984275,45.446381, ,0.0,0.0,2,2300,0,0,0,0,1,0
TF,PP329,53.028531,45.297992,0,G28A,0.0,0.0,0.0,0.0,2,2300,0,0,0,0,1,0

APPTR,J28,28,PP529
IF,PP529,52.938953,45.224889, ,0.0,0.0,2,2300,0,0,0,0,1,0
TF,PP329,53.028531,45.297992,0,G28A,0.0,0.0,0.0,0.0,2,2300,0,0,0,0,1,0

FINAL,J28,28,G,3
IF,PP329,53.028531,45.297992,G28A,0.0,0.0,2,2300,0,0,0,0,0,0
TF,PP129,53.066411,45.170789,0,G28A,0.0,0.0,284.0,5.1,1,2300,0,0,0,0,2,0
TF,RW28,53.103711,45.044867,0,G28A,0.0,0.0,284.0,5.1,1,661,0,0,0,0,3,1
CA,0,284.0,2,1700,0,0,0,0,0,0
DF,PP629,52.976864,45.096653,1, ,0.0,0.0,2,2300,0,1,220,0,0,0
TF,PP529,52.938953,45.224889,0, ,0.0,0.0,0.0,0.0,2,2300,0,0,0,0,0,0

APPTR,N10-X,10,R1
IF,R,53.118778,44.993833, ,0.0,0.0,4,4000,2500,1,225,0,1,0
FC,R,53.118778,44.993833,0,PNZ,0.0,0.0,250.0,5.6,2,2400,0,0,0,0,0,1
CF,FN10X,53.155525,44.868261,2,PNZ,283.0,6.0,104.0,1.0,2,2400,0,0,0,0,0,0

APPTR,N10-X,10,R2
IF,R,53.118778,44.993833, ,0.0,0.0,4,4000,2500,1,225,0,1,0
FC,R,53.118778,44.993833,0,PNZ,0.0,0.0,270.0,5.6,2,2400,0,0,0,0,0,1
CF,FN10X,53.155525,44.868261,2,PNZ,283.0,6.0,104.0,1.0,2,2400,0,0,0,0,0,0

FINAL,N10-X,10,N,2
IF,FN10X,53.155525,44.868261,R,0.0,0.0,2,2400,0,0,0,0,2,0
CF,R,53.118778,44.993833,0,R,0.0,0.0,104.0,5.1,1,794,0,0,0,0,3,0
FA,R,53.118778,44.993833,0,PNZ,0.0,0.0,104.0,2,2000,0,0,0,0,0,0
DF,R,53.118778,44.993833,2, ,0.0,0.0,2,2500,0,1,225,0,0,0

APPTR,N28-X,28,W1
IF,W,53.099583,45.058667, ,0.0,0.0,4,4000,2500,1,225,0,1,0
FC,W,53.099583,45.058667,0,PNZ,0.0,0.0,140.0,5.6,2,2100,0,0,0,0,0,1
CF,FN28X,53.070633,45.157075,1,PNZ,105.2,5.7,284.0,2.0,2,2100,0,0,0,0,0,0

APPTR,N28-X,28,W2
IF,W,53.099583,45.058667, ,0.0,0.0,4,4000,2500,1,225,0,1,0
FC,W,53.099583,45.058667,0,PNZ,0.0,0.0,123.0,5.6,2,2100,0,0,0,0,0,1
CF,FN28X,53.070633,45.157075,1,PNZ,105.2,5.7,284.0,2.0,2,2100,0,0,0,0,0,0

FINAL,N28-X,28,N,2
IF,FN28X,53.070633,45.157075,W,0.0,0.0,2,2100,0,0,0,0,2,0
CF,W,53.099583,45.058667,0,W,0.0,0.0,284.0,4.0,1,839,0,0,0,0,3,0
FA,W,53.099583,45.058667,0,PNZ,0.0,0.0,284.0,2,2000,0,0,0,0,0,0
DF,W,53.099583,45.058667,1, ,0.0,0.0,2,2500,0,1,225,0,0,0

APPTR,Q10-Y,10,RN1
IF,RN,53.129861,44.956250, ,0.0,0.0,4,4000,2500,1,225,0,1,0
FD,RN,53.129861,44.956250,0,PNZ,281.5,10.4,260.0,10.4,2,2200,0,0,0,0,0,0
CF,FN10,53.153042,44.877092,2,PNZ,282.9,5.6,104.0,6.0,1,2100,0,0,0,0,0,0

APPTR,Q10-Y,10,RN2
IF,RN,53.129861,44.956250, ,0.0,0.0,4,4000,2500,1,225,0,1,0
FD,RN,53.129861,44.956250,0,PNZ,281.5,10.5,274.0,10.5,2,2200,0,0,0,0,0,0
CF,FN10,53.153042,44.877092,2,PNZ,282.9,5.6,104.0,6.0,1,2100,0,0,0,0,0,0

FINAL,Q10-Y,10,N,2
IF,FN10,53.153042,44.877092,RN,0.0,0.0,1,2100,0,0,0,0,2,0
CF,RW10,53.114792,45.007331,0,PNZ,0.0,0.4,104.0,5.2,1,620,0,0,0,0,3,0
FD,RW10,53.114792,45.007331,0,PNZ,266.8,5.2,104.0,5.2,2,1700,0,0,0,0,0,0
DF,RN,53.129861,44.956250,2, ,0.0,0.0,2,2500,0,1,225,0,0,0

APPTR,Q10-Z,10,R1
IF,R,53.118778,44.993833, ,0.0,0.0,4,4000,2500,1,225,0,1,0
FD,R,53.118778,44.993833,0,PNZ,277.0,10.6,264.0,10.6,2,2200,0,0,0,0,0,0
CF,FN10,53.153042,44.877092,2,PNZ,282.9,5.6,104.0,6.0,1,2100,0,0,0,0,0,0

APPTR,Q10-Z,10,R2
IF,R,53.118778,44.993833, ,0.0,0.0,4,4000,2500,1,225,0,1,0
FD,R,53.118778,44.993833,0,PNZ,277.0,10.6,276.0,10.6,2,2200,0,0,0,0,0,0
CF,FN10,53.153042,44.877092,2,PNZ,282.9,5.6,104.0,6.0,1,2100,0,0,0,0,0,0

FINAL,Q10-Z,10,N,3
IF,FN10,53.153042,44.877092,R,0.0,0.0,1,2100,0,0,0,0,2,0
CF,24DME,53.129661,44.956708,0,R,0.0,0.0,104.0,3.2,1,1200,0,0,0,0,0,0
CF,R,53.118778,44.993833,0,PNZ,0.0,0.9,104.0,1.5,1,775,0,0,0,0,3,0
FD,R,53.118778,44.993833,0,PNZ,277.0,5.2,104.0,5.2,2,1700,0,0,0,0,0,0
DF,R,53.118778,44.993833,2, ,0.0,0.0,2,2500,0,1,225,0,0,0

APPTR,Q28-Y,28,WH1
IF,WH,53.088111,45.097528, ,0.0,0.0,4,4000,2500,1,225,0,1,0
FD,WH,53.088111,45.097528,0,PNZ,106.1,11.2,131.0,11.2,2,2300,0,0,0,0,0,0
CF,FN28,53.065283,45.175131,1,PNZ,105.1,6.4,284.0,6.0,1,2300,0,0,0,0,0,0

APPTR,Q28-Y,28,WH2
IF,WH,53.088111,45.097528, ,0.0,0.0,4,4000,2500,1,225,0,1,0
FD,WH,53.088111,45.097528,0,PNZ,106.1,11.2,116.0,11.2,2,2300,0,0,0,0,0,0
CF,FN28,53.065283,45.175131,1,PNZ,105.1,6.4,284.0,6.0,1,2300,0,0,0,0,0,0

FINAL,Q28-Y,28,N,2
IF,FN28,53.065283,45.175131,WH,0.0,0.0,1,2300,0,0,0,0,2,0
CF,RW28,53.103711,45.044867,0,PNZ,0.0,1.2,284.0,5.3,1,661,0,0,0,0,3,0
FD,RW28,53.103711,45.044867,0,PNZ,109.7,5.2,284.0,5.2,2,1700,0,0,0,0,0,0
DF,WH,53.088111,45.097528,1, ,0.0,0.0,2,2500,0,1,225,0,0,0

APPTR,Q28-Z,28,W1
IF,W,53.099583,45.058667, ,0.0,0.0,4,4000,2500,1,225,0,1,0
FD,W,53.099583,45.058667,0,PNZ,108.0,11.3,127.0,11.3,2,2300,0,0,0,0,0,0
CF,FN28,53.065283,45.175131,1,PNZ,105.1,6.4,284.0,6.0,1,2300,0,0,0,0,0,0

APPTR,Q28-Z,28,W2
IF,W,53.099583,45.058667, ,0.0,0.0,4,4000,2500,1,225,0,1,0
FD,W,53.099583,45.058667,0,PNZ,108.0,11.3,114.0,11.3,2,2300,0,0,0,0,0,0
CF,FN28,53.065283,45.175131,1,PNZ,105.1,6.4,284.0,6.0,1,2300,0,0,0,0,0,0

FINAL,Q28-Z,28,N,2
IF,FN28,53.065283,45.175131,W,0.0,0.0,1,2300,0,0,0,0,2,0
CF,W,53.099583,45.058667,0,PNZ,0.0,1.7,284.0,4.7,1,839,0,0,0,0,3,0
FD,W,53.099583,45.058667,0,PNZ,108.0,5.2,284.0,5.2,2,1700,0,0,0,0,0,0
DF,W,53.099583,45.058667,1, ,0.0,0.0,2,2500,0,1,225,0,0,0

APPTR,R10,10,PP511
IF,PP511,53.278911,44.826772, ,0.0,0.0,2,2100,0,0,0,0,1,0
TF,PP411,53.189192,44.753744,0, ,0.0,0.0,0.0,0.0,2,2100,0,0,0,0,1,0

APPTR,R10,10,PP611
IF,PP611,53.232867,44.604178, ,0.0,0.0,2,2100,0,0,0,0,1,0
TF,PP411,53.189192,44.753744,0, ,0.0,0.0,0.0,0.0,2,2100,0,0,0,0,1,0

APPTR,R10,10,PP711
IF,PP711,53.099425,44.681022, ,0.0,0.0,2,2100,0,0,0,0,1,0
TF,PP411,53.189192,44.753744,0, ,0.0,0.0,0.0,0.0,2,2100,0,0,0,0,1,0

FINAL,R10,10,R,4
IF,PP411,53.189192,44.753744, ,0.0,0.0,2,2100,0,0,0,0,0,0
TF,PP311,53.152764,44.878244,0, ,0.0,0.0,104.0,5.0,1,2100,0,0,0,0,2,0
TF,21THR,53.130161,44.955156,0, ,0.0,0.0,104.0,3.1,1,1200,0,0,0,0,0,0
TF,RW10,53.114792,45.007331,0, ,0.0,0.0,104.0,2.1,1,618,0,0,0,0,3,1
CA,0,104.0,2,1700,0,0,0,0,0,0
DF,PP811,53.062903,44.805908,2, ,0.0,0.0,2,2100,0,1,220,0,0,0
TF,PP711,53.099425,44.681022,0, ,0.0,0.0,0.0,0.0,2,2100,0,0,0,0,0,0

APPTR,R28,28,PP429
IF,PP429,52.984275,45.446381, ,0.0,0.0,2,2300,0,0,0,0,1,0
TF,PP329,53.028531,45.297992,0, ,0.0,0.0,0.0,0.0,2,2300,0,0,0,0,1,0

APPTR,R28,28,PP529
IF,PP529,52.938953,45.224889, ,0.0,0.0,2,2300,0,0,0,0,1,0
TF,PP329,53.028531,45.297992,0, ,0.0,0.0,0.0,0.0,2,2300,0,0,0,0,1,0

FINAL,R28,28,R,3
IF,PP329,53.028531,45.297992, ,0.0,0.0,2,2300,0,0,0,0,0,0
TF,PP229,53.065397,45.174206,0, ,0.0,0.0,284.0,5.0,1,2300,0,0,0,0,2,0
TF,RW28,53.103711,45.044867,0, ,0.0,0.0,284.0,5.2,1,654,0,0,0,0,3,1
CA,0,284.0,2,1700,0,0,0,0,0,0
DF,PP629,52.976864,45.096653,1, ,0.0,0.0,2,2300,0,1,220,0,0,0
TF,PP529,52.938953,45.224889,0, ,0.0,0.0,0.0,0.0,2,2300,0,0,0,0,0,0

