APPTR,D27,27,AAU1
IF,AAU,19.861097,75.405253, ,0.0,0.0,2,4600,0,1,220,0,0,0
FD,AAU,19.861097,75.405253,0,AAU,0.0,8.0,111.0,8.0,2,3800,0,0,0,0,0,0
CF,FD27,19.871731,75.512531,1,AAU,85.0,6.1,265.0,2.0,2,3800,0,0,0,0,0,0

APPTR,D27,27,AAU2
IF,AAU,19.861097,75.405253, ,0.0,0.0,2,4600,0,1,220,0,0,0
FD,AAU,19.861097,75.405253,0,AAU,0.0,8.0,97.0,8.0,2,3800,0,0,0,0,0,0
CF,FD27,19.871731,75.512531,1,AAU,85.0,6.1,265.0,2.0,2,3800,0,0,0,0,0,0

APPTR,D27,27,ASOGA
IF,ASOGA,19.542500,76.832222, ,0.0,0.0,0,0,0,0,0,0,0,0
TF,D104N,19.808144,75.646361,0, ,0.0,0.0,0.0,0.0,0,0,0,0,0,0,1,0
CI,0, ,0.0,284.0,0,0,0,0,0,0,0,0
AF,D085L,19.881942,75.616303,1,AAU,85.0,12.0,104.0,2,4600,0,0,0,0,1,0
CF,FD27,19.871731,75.512531,0,AAU,85.0,6.1,265.0,5.9,2,3800,0,0,0,0,0,0

APPTR,D27,27,DUBOX
IF,DUBOX,20.370833,76.832222, ,0.0,0.0,0,0,0,0,0,0,0,0
TF,D070W,19.998331,75.785361,0, ,0.0,0.0,0.0,0.0,0,0,0,1,180,0,1,0
TF,D070R,19.968567,75.702675,0, ,0.0,0.0,0.0,0.0,0,0,0,0,0,0,0,0
TF,D085L,19.881942,75.616303,0, ,0.0,0.0,0.0,0.0,2,4600,0,0,0,0,1,0
CF,FD27,19.871731,75.512531,0,AAU,85.0,6.1,265.0,5.9,2,3800,0,0,0,0,0,0

APPTR,D27,27,NONEN
IF,NONEN,20.295833,75.495000, ,0.0,0.0,0,0,0,0,0,0,0,0
TF,D012N,20.090981,75.452647,0, ,0.0,0.0,0.0,0.0,0,0,0,0,0,0,1,0
CI,0, ,0.0,192.0,0,0,0,0,0,0,0,0
AF,D085L,19.881942,75.616303,2,AAU,85.0,12.0,12.0,2,4600,0,0,0,0,1,0
CF,FD27,19.871731,75.512531,0,AAU,85.0,6.1,265.0,5.9,2,3800,0,0,0,0,0,0

APPTR,D27,27,OJR
IF,OJR,20.124194,73.930194, ,0.0,0.0,0,0,0,0,0,0,0,0
TF,D282N,19.905364,75.162128,0, ,0.0,0.0,0.0,0.0,0,0,0,0,0,0,1,0
CI,0, ,0.0,102.0,0,0,0,0,0,0,0,0
AF,D085L,19.881942,75.616303,2,AAU,85.0,12.0,282.0,2,4600,0,0,0,0,1,0
CF,FD27,19.871731,75.512531,0,AAU,85.0,6.1,265.0,5.9,2,3800,0,0,0,0,0,0

APPTR,D27,27,OSBEM
IF,OSBEM,20.916667,76.000000, ,0.0,0.0,0,0,0,0,0,0,0,0
TF,D029N,20.068092,75.521153,0, ,0.0,0.0,0.0,0.0,0,0,0,0,0,0,1,0
CI,0, ,0.0,209.0,0,0,0,0,0,0,0,0
AF,D085L,19.881942,75.616303,2,AAU,85.0,12.0,29.0,2,4600,0,0,0,0,1,0
CF,FD27,19.871731,75.512531,0,AAU,85.0,6.1,265.0,5.9,2,3800,0,0,0,0,0,0

FINAL,D27,27,D,3
IF,FD27,19.871731,75.512531,AAU,85.0,6.1,2,3800,0,0,0,0,2,0
CF,41VOR,19.868250,75.477356,0,AAU,85.0,4.1,265.0,2.0,2,3180,0,0,0,0,0,0
CF,RW27,19.863158,75.409053,0,AAU,61.2,0.3,265.0,3.9,1,1937,0,0,0,0,3,0
CF,AAU,19.861097,75.405253,0,AAU,0.0,0.0,265.0,0.3,0,0,0,0,0,0,0,1
FA,AAU,19.861097,75.405253,0,AAU,0.0,0.0,265.0,2,4000,0,0,0,0,0,0
DF,AAU,19.861097,75.405253,2, ,0.0,0.0,1,4600,0,0,0,0,0,0
HM,AAU,19.861097,75.405253,2, ,0.0,0.0,111.0,04.3,2,4600,0,0,0,0,0,0,0

APPTR,I27,27,AAU
IF,AAU,19.861097,75.405253, ,0.0,0.0,2,4600,0,0,0,0,0,0
FC,AAU,19.861097,75.405253,0,AAU,0.0,0.0,86.0,1.1,0,0,0,0,0,0,0,0
CF,D090I,19.864289,75.530142,0,AAU,89.4,7.1,90.0,6.0,2,3800,0,0,0,0,0,0
FC,D090I,19.864289,75.530142,0,AAU,0.0,0.0,135.0,4.4,0,0,0,0,0,0,0,1
VI,1,IAUR,0.0,315.0,2,3800,0,0,0,0,0,0

APPTR,I27,27,ASOGA
IF,ASOGA,19.542500,76.832222, ,0.0,0.0,0,0,0,0,0,0,0,0
TF,D104W,19.774097,75.801306,0, ,0.0,0.0,0.0,0.0,0,0,0,1,180,0,1,0
TF,D104R,19.793086,75.715244,0, ,0.0,0.0,0.0,0.0,0,0,0,0,0,0,0,0
CF,CI27,19.865211,75.636233,0,IAUR,90.4,14.6,315.0,6.2,2,4600,0,0,0,0,1,0

APPTR,I27,27,DUBOX
IF,DUBOX,20.370833,76.832222, ,0.0,0.0,0,0,0,0,0,0,0,0
TF,D070Y,20.010500,75.818336,0, ,0.0,0.0,0.0,0.0,0,0,0,1,180,0,1,0
TF,D070U,19.986658,75.752192,0, ,0.0,0.0,0.0,0.0,0,0,0,0,0,0,0,0
FC,D070U,19.986658,75.752192,0,AAU,0.0,0.0,225.0,5.7,0,0,0,0,0,0,0,0
CF,CI27,19.865211,75.636233,0,IAUR,90.4,14.6,225.0,4.0,2,4600,0,0,0,0,1,0

APPTR,I27,27,NONEN
IF,NONEN,20.295833,75.495000, ,0.0,0.0,0,0,0,0,0,0,0,0
TF,D012O,20.107419,75.455939,0, ,0.0,0.0,0.0,0.0,0,0,0,0,0,0,1,0
CI,0, ,0.0,192.0,0,0,0,0,0,0,0,0
AF,D081M,19.898717,75.631683,2,AAU,81.0,13.0,12.0,2,4600,0,0,0,0,0,0
VI,0,IAUR,0.0,240.0,2,3800,0,0,0,0,0,0

APPTR,I27,27,OJR
IF,OJR,20.124194,73.930194, ,0.0,0.0,0,0,0,0,0,0,0,0
TF,D282O,19.908786,75.144811,0, ,0.0,0.0,0.0,0.0,0,0,0,0,0,0,1,0
CI,0, ,0.0,102.0,0,0,0,0,0,0,0,0
AF,D081M,19.898717,75.631683,2,AAU,81.0,13.0,282.0,2,4600,0,0,0,0,0,0
VI,0,IAUR,0.0,240.0,2,3800,0,0,0,0,0,0

APPTR,I27,27,OSBEM
IF,OSBEM,20.916667,76.000000, ,0.0,0.0,0,0,0,0,0,0,0,0
TF,D029O,20.082619,75.529944,0, ,0.0,0.0,0.0,0.0,0,0,0,0,0,0,1,0
CI,0, ,0.0,209.0,0,0,0,0,0,0,0,0
AF,D081M,19.898717,75.631683,2,AAU,81.0,13.0,29.0,2,4600,0,0,0,0,0,0
VI,0,IAUR,0.0,240.0,2,3800,0,0,0,0,0,0

FINAL,I27,27,I,3
IF,CI27,19.865211,75.636233,IAUR,90.4,14.6,2,4600,0,0,0,0,0,0
CF,FI27,19.864128,75.512461,0,IAUR,90.4,7.6,270.0,7.0,1,3800,0,0,0,0,2,0
CF,RW27,19.863158,75.409053,0,IAUR,90.4,1.7,270.0,5.8,1,1937,0,0,0,0,3,0
FA,RW27,19.863158,75.409053,0,AAU,0.0,0.0,270.0,2,4000,0,0,0,0,0,0
DF,AAU,19.861097,75.405253,2, ,0.0,0.0,1,4600,0,0,0,0,0,0
HM,AAU,19.861097,75.405253,2, ,0.0,0.0,86.0,04.3,2,4600,0,0,0,0,0,0,0

APPTR,R09-Y,09,AU501
IF,AU501,19.977772,75.161392, ,0.0,0.0,4,6000,4600,1,210,0,1,0
TF,AU504,19.860658,75.162811,0, ,0.0,0.0,0.0,0.0,2,4600,0,1,210,0,1,0

APPTR,R09-Y,09,AU502
IF,AU502,19.859275,75.039047, ,0.0,0.0,4,6000,4600,1,210,0,1,0
TF,AU504,19.860658,75.162811,0, ,0.0,0.0,0.0,0.0,2,4600,0,1,210,0,1,0

APPTR,R09-Y,09,AU503
IF,AU503,19.743575,75.164228, ,0.0,0.0,4,6000,4600,1,210,0,1,0
TF,AU504,19.860658,75.162811,0, ,0.0,0.0,0.0,0.0,2,4600,0,1,210,0,1,0

FINAL,R09-Y,09,R,3
IF,AU504,19.860658,75.162811, ,0.0,0.0,2,4600,0,1,210,0,0,0
TF,AU505,19.861719,75.263136,0, ,0.0,0.0,90.0,5.7,1,4000,0,0,0,0,2,0
TF,RW09,19.862900,75.381953,0, ,0.0,0.0,90.0,6.7,1,1967,0,0,0,0,3,1
CF,AU506,19.864625,75.571894,0,AAU,89.7,9.4,90.0,10.7,0,0,0,1,200,0,0,0
TF,AU507,19.747539,75.572997,0, ,0.0,0.0,0.0,0.0,0,0,0,1,200,0,0,0
TF,AU503,19.743575,75.164228,0, ,0.0,0.0,0.0,0.0,0,0,0,0,0,0,0,0
TF,AU504,19.860658,75.162811,0, ,0.0,0.0,0.0,0.0,1,4600,0,0,0,0,0,0
HM,AU504,19.860658,75.162811,2, ,0.0,0.0,90.0,04.3,2,4600,0,1,230,0,0,0,0

APPTR,R27-Y,27,AU401
IF,AU401,19.982219,75.634014, ,0.0,0.0,4,6000,4600,1,210,0,1,0
TF,AU404,19.865153,75.635086,0, ,0.0,0.0,0.0,0.0,1,4600,0,1,210,0,1,0

APPTR,R27-Y,27,AU402
IF,AU402,19.866075,75.758861, ,0.0,0.0,4,6000,4600,1,210,0,1,0
TF,AU404,19.865153,75.635086,0, ,0.0,0.0,0.0,0.0,1,4600,0,1,210,0,1,0

APPTR,R27-Y,27,AU403
IF,AU403,19.748014,75.636156, ,0.0,0.0,4,6000,4600,1,210,0,1,0
TF,AU404,19.865153,75.635086,0, ,0.0,0.0,0.0,0.0,1,4600,0,1,210,0,1,0

FINAL,R27-Y,27,R,3
IF,AU404,19.865153,75.635086, ,0.0,0.0,1,4600,0,1,210,0,0,0
TF,AU408,19.864258,75.529686,0, ,0.0,0.0,270.0,6.0,1,4000,0,0,0,0,2,0
TF,RW27,19.863158,75.409053,0, ,0.0,0.0,270.0,6.8,1,1936,0,0,0,0,3,1
CF,AU406,19.860939,75.188644,0,AAU,271.0,12.3,270.0,12.5,0,0,0,0,0,0,0,0
TF,AU407,19.743850,75.190042,0, ,0.0,0.0,0.0,0.0,0,0,0,1,200,0,0,0
TF,AU403,19.748014,75.636156,0, ,0.0,0.0,0.0,0.0,0,0,0,0,0,0,0,0
TF,AU404,19.865153,75.635086,0, ,0.0,0.0,0.0,0.0,1,4600,0,0,0,0,0,0
HM,AU404,19.865153,75.635086,1, ,0.0,0.0,270.0,04.3,2,4600,0,1,230,0,0,0,0

