APPTR,I23-Z,23,BHU1
FD,BHU,23.280244,69.665758,0,BHU,0.0,9.0,73.0,9.0,2,2000,0,0,0,0,0,0
CF,CI23,23.384700,69.775269,1,IBUJ,45.0,9.1,225.0,1.0,2,2000,0,0,0,0,0,0

APPTR,I23-Z,23,BHU2
FD,BHU,23.280244,69.665758,0,BHU,0.0,9.0,57.0,9.0,2,2000,0,0,0,0,0,0
CF,CI23,23.384700,69.775269,1,IBUJ,45.0,9.1,225.0,1.0,2,2000,0,0,0,0,0,0

FINAL,I23-Z,23,I,3
IF,CI23,23.384700,69.775269,IBUJ,45.0,9.1,2,2000,0,0,0,0,0,0
CF,FI23,23.361086,69.749614,0,IBUJ,45.0,7.1,225.0,2.0,1,2000,0,0,0,0,2,0
CF,RW23,23.296867,69.679911,0,IBUJ,45.0,1.7,225.0,5.4,1,293,0,0,0,0,3,0
FA,RW23,23.296867,69.679911,0,BHU,0.0,0.0,225.0,2,2800,0,0,0,0,0,0
DF,BHU,23.280244,69.665758,2, ,0.0,0.0,0,0,0,0,0,0,0,0
HM,BHU,23.280244,69.665758,2, ,0.0,0.0,73.0,04.3,2,2800,0,0,0,0,0,0,0

