APPTR,D04,04,AAE
IF,AAE,23.068231,72.629083, ,0.0,0.0,0,0,0,0,0,0,0,0
TF,D323N,22.520069,73.074689,0, ,0.0,0.0,0.0,0.0,0,0,0,0,0,0,1,0
CI,0, ,0.0,143.0,0,0,0,0,0,0,0,0
AF,D228L,22.198431,73.065711,1,QQZ,228.0,12.0,323.0,2,1900,0,0,0,0,0,0
TF,FD04,22.274597,73.156433,0, ,0.0,0.0,0.0,0.0,2,1700,0,0,0,0,0,0

APPTR,D04,04,APANO
IF,APANO,21.583889,72.982778, ,0.0,0.0,0,0,0,0,0,0,0,0
TF,D197N,22.108742,73.152861,0, ,0.0,0.0,0.0,0.0,0,0,0,0,0,0,1,0
CI,0, ,0.0,17.0,0,0,0,0,0,0,0,0
AF,D228L,22.198431,73.065711,2,QQZ,228.0,12.0,197.0,2,1900,0,0,0,0,0,0
TF,FD04,22.274597,73.156433,0, ,0.0,0.0,0.0,0.0,2,1700,0,0,0,0,0,0

APPTR,D04,04,QQZ1
IF,QQZ,22.332806,73.225878, ,0.0,0.0,2,3300,0,1,220,0,0,0
FD,QQZ,22.332806,73.225878,0,QQZ,0.0,8.0,253.0,8.0,2,1700,0,0,0,0,0,0
CF,FD04,22.274597,73.156433,1,QQZ,228.0,5.2,48.0,3.0,2,1700,0,0,0,0,0,0

APPTR,D04,04,QQZ2
IF,QQZ,22.332806,73.225878, ,0.0,0.0,2,3300,0,0,0,0,0,0
FD,QQZ,22.332806,73.225878,0,QQZ,0.0,7.0,241.0,7.0,2,1700,0,0,0,0,0,0
CF,FD04,22.274597,73.156433,1,QQZ,228.0,5.2,48.0,2.0,2,1700,0,0,0,0,0,0

FINAL,D04,04,D,2
IF,FD04,22.274597,73.156433,QQZ,228.0,5.2,2,1700,0,0,0,0,2,0
CF,MD04,22.321614,73.212517,0,QQZ,228.0,0.0,48.0,4.2,1,370,0,0,0,0,3,0
FA,MD04,22.321614,73.212517,0,QQZ,0.0,0.0,48.0,2,3300,0,0,0,0,0,0
DF,QQZ,22.332806,73.225878,2, ,0.0,0.0,1,3300,0,0,0,0,0,0
HM,QQZ,22.332806,73.225878,1, ,0.0,0.0,253.0,04.3,2,3300,0,0,0,0,0,0,0

APPTR,D22,22,AAE
IF,AAE,23.068231,72.629083, ,0.0,0.0,0,0,0,0,0,0,0,0
TF,D323N,22.520069,73.074689,0, ,0.0,0.0,0.0,0.0,0,0,0,0,0,0,1,0
CI,0, ,0.0,143.0,0,0,0,0,0,0,0,0
AF,D041L,22.484211,73.367558,2,QQZ,41.0,12.0,323.0,2,1900,0,0,0,0,1,0
TF,FD22,22.403478,73.291956,0, ,0.0,0.0,0.0,0.0,2,1700,0,0,0,0,0,0

APPTR,D22,22,AGRIX
IF,AGRIX,23.156667,74.340833, ,0.0,0.0,0,0,0,0,0,0,0,0
TF,D052Y,22.594172,73.577003,0, ,0.0,0.0,0.0,0.0,0,0,0,0,0,0,0,0
CF,D041R,22.559864,73.438517,0,QQZ,41.0,18.0,257.0,8.0,2,3900,0,0,0,0,1,0
TF,D041L,22.484211,73.367558,0, ,0.0,0.0,0.0,0.0,2,1900,0,0,0,0,1,0
TF,FD22,22.403478,73.291956,0, ,0.0,0.0,0.0,0.0,2,1700,0,0,0,0,0,0

APPTR,D22,22,APANO
IF,APANO,21.583889,72.982778, ,0.0,0.0,0,0,0,0,0,0,0,0
TF,D197N,22.108742,73.152861,0, ,0.0,0.0,0.0,0.0,0,0,0,0,0,0,1,0
CI,0, ,0.0,17.0,0,0,0,0,0,0,0,0
AF,D041L,22.484211,73.367558,1,QQZ,41.0,12.0,197.0,2,1900,0,0,0,0,1,0
TF,FD22,22.403478,73.291956,0, ,0.0,0.0,0.0,0.0,2,1700,0,0,0,0,0,0

APPTR,D22,22,PRA
IF,PRA,24.037222,74.743889, ,0.0,0.0,0,0,0,0,0,0,0,0
TF,D039Y,22.656703,73.510414,0, ,0.0,0.0,0.0,0.0,0,0,0,0,0,0,0,0
CF,D041R,22.559864,73.438517,0,QQZ,41.0,18.0,213.0,7.0,2,3900,0,0,0,0,1,0
TF,D041L,22.484211,73.367558,0, ,0.0,0.0,0.0,0.0,2,1900,0,0,0,0,1,0
TF,FD22,22.403478,73.291956,0, ,0.0,0.0,0.0,0.0,2,1700,0,0,0,0,0,0

APPTR,D22,22,QQZ1
IF,QQZ,22.332806,73.225878, ,0.0,0.0,2,3200,0,1,220,0,0,0
FD,QQZ,22.332806,73.225878,0,QQZ,0.0,7.2,69.0,7.2,2,1700,0,0,0,0,0,0
CF,FD22,22.403478,73.291956,1,QQZ,41.0,5.6,221.0,2.0,2,1700,0,0,0,0,0,0

APPTR,D22,22,QQZ2
IF,QQZ,22.332806,73.225878, ,0.0,0.0,2,3200,0,0,0,0,0,0
FD,QQZ,22.332806,73.225878,0,QQZ,0.0,7.2,54.0,7.2,2,1700,0,0,0,0,0,0
CF,FD22,22.403478,73.291956,1,QQZ,41.0,5.6,221.0,2.0,2,1700,0,0,0,0,0,0

FINAL,D22,22,D,2
IF,FD22,22.403478,73.291956,QQZ,41.0,5.6,2,1700,0,0,0,0,2,0
CF,MD22,22.345428,73.237672,0,QQZ,41.0,0.0,221.0,4.6,1,232,0,0,0,0,3,0
FA,MD22,22.345428,73.237672,0,QQZ,0.0,0.0,221.0,2,1700,0,0,0,0,0,0
DF,QQZ,22.332806,73.225878,1, ,0.0,0.0,1,3200,0,0,0,0,0,0
HM,QQZ,22.332806,73.225878,2, ,0.0,0.0,69.0,04.3,2,3200,0,0,0,0,0,0,0

APPTR,I22,22,AAE
IF,AAE,23.068231,72.629083, ,0.0,0.0,0,0,0,0,0,0,0,0
TF,D323N,22.520069,73.074689,0, ,0.0,0.0,0.0,0.0,0,0,0,0,0,0,1,0
CI,0, ,0.0,143.0,0,0,0,0,0,0,0,0
AF,D035L,22.497158,73.349758,2,QQZ,35.0,12.0,323.0,2,1900,0,0,0,0,0,0
VI,0,IVDD,0.0,195.0,0,0,0,0,0,0,0,0

APPTR,I22,22,AGRIX
IF,AGRIX,23.156667,74.340833, ,0.0,0.0,0,0,0,0,0,0,0,0
TF,D052Y,22.594172,73.577003,0, ,0.0,0.0,0.0,0.0,0,0,0,0,0,0,0,0
CF,D045R,22.549633,73.450592,0,QQZ,43.9,18.0,251.0,7.5,2,3900,0,0,0,0,1,0
CF,CI22,22.477894,73.375072,0,IVDD,44.3,12.6,225.0,6.0,2,1900,0,0,0,0,1,0

APPTR,I22,22,APANO
IF,APANO,21.583889,72.982778, ,0.0,0.0,0,0,0,0,0,0,0,0
TF,D197N,22.108742,73.152861,0, ,0.0,0.0,0.0,0.0,0,0,0,0,0,0,1,0
CI,0, ,0.0,17.0,0,0,0,0,0,0,0,0
AF,D055L,22.447822,73.402736,1,QQZ,55.0,12.0,197.0,2,1900,0,0,0,0,0,0
VI,0,IVDD,0.0,255.0,0,0,0,0,0,0,0,0

APPTR,I22,22,PRA
IF,PRA,24.037222,74.743889, ,0.0,0.0,0,0,0,0,0,0,0,0
TF,D039Y,22.656703,73.510414,0, ,0.0,0.0,0.0,0.0,0,0,0,0,0,0,0,0
TF,D045R,22.549633,73.450592,0, ,0.0,0.0,0.0,0.0,2,3900,0,0,0,0,1,0
CF,CI22,22.477894,73.375072,0,IVDD,44.3,12.6,225.0,6.0,2,1900,0,0,0,0,1,0

FINAL,I22,22,I,3
IF,CI22,22.477894,73.375072,IVDD,44.3,12.6,2,1900,0,0,0,0,0,0
CF,FI22,22.400856,73.294100,0,IVDD,44.3,6.2,225.0,6.4,1,1700,0,0,0,0,2,0
CF,RW22,22.344181,73.234617,0,IVDD,44.3,1.4,225.0,4.7,1,178,0,0,0,0,3,0
FA,RW22,22.344181,73.234617,0,QQZ,0.0,0.0,225.0,2,1700,0,0,0,0,0,0
DF,QQZ,22.332806,73.225878,1, ,0.0,0.0,1,3200,0,0,0,0,0,0
HM,QQZ,22.332806,73.225878,1, ,0.0,0.0,223.0,04.3,2,3200,0,0,0,0,0,0,0

APPTR,R04-Y,04,DOXOT
IF,DOXOT,22.118811,73.174169, ,0.0,0.0,2,4000,0,1,210,0,1,0
TF,BO502,22.200508,73.084142,0, ,0.0,0.0,0.0,0.0,2,2300,0,1,210,0,1,0

APPTR,R04-Y,04,MESOT
IF,MESOT,22.282153,72.994011, ,0.0,0.0,2,4000,0,1,210,0,1,0
TF,BO502,22.200508,73.084142,0, ,0.0,0.0,0.0,0.0,2,2300,0,1,210,0,1,0

APPTR,R04-Y,04,SAGDO
IF,SAGDO,22.116603,72.996489, ,0.0,0.0,2,4000,0,1,210,0,1,0
TF,BO502,22.200508,73.084142,0, ,0.0,0.0,0.0,0.0,2,2300,0,1,210,0,1,0

FINAL,R04-Y,04,R,3
IF,BO502,22.200508,73.084142, ,0.0,0.0,2,2300,0,1,210,0,0,0
TF,BO508,22.269375,73.156197,0, ,0.0,0.0,45.0,5.8,1,1700,0,0,0,0,2,0
TF,RW04,22.329603,73.219331,0, ,0.0,0.0,45.0,5.0,1,177,0,0,0,0,3,1
CF,BO506,22.457711,73.353864,0,QQZ,43.6,10.3,45.0,10.7,0,0,0,1,210,0,0,0
TF,BO507,22.539525,73.263747,0, ,0.0,0.0,0.0,0.0,0,0,0,1,210,0,0,0
TF,MESOT,22.282153,72.994011,0, ,0.0,0.0,0.0,0.0,0,0,0,1,210,0,0,0
HM,MESOT,22.282153,72.994011,2, ,0.0,0.0,135.0,04.3,2,4000,0,1,230,0,0,0,0

APPTR,R22-Y,22,BOSPU
IF,BOSPU,22.395722,73.464739, ,0.0,0.0,2,4000,0,1,210,0,1,0
TF,BO607,22.477583,73.374711,0, ,0.0,0.0,0.0,0.0,2,2300,0,1,210,0,1,0

APPTR,R22-Y,22,OSODA
IF,OSODA,22.559392,73.284581, ,0.0,0.0,2,4000,0,1,210,0,1,0
TF,BO607,22.477583,73.374711,0, ,0.0,0.0,0.0,0.0,2,2300,0,1,210,0,1,0

APPTR,R22-Y,22,RULBO
IF,RULBO,22.561272,73.462822, ,0.0,0.0,2,4000,0,1,210,0,1,0
TF,BO607,22.477583,73.374711,0, ,0.0,0.0,0.0,0.0,2,2300,0,1,210,0,1,0

FINAL,R22-Y,22,R,3
IF,BO607,22.477583,73.374711, ,0.0,0.0,2,2300,0,1,210,0,0,0
TF,BO608,22.404344,73.297736,0, ,0.0,0.0,225.0,6.1,1,1700,0,0,0,0,2,0
TF,RW22,22.344181,73.234617,0, ,0.0,0.0,225.0,5.0,1,179,0,0,0,0,3,1
CF,BO602,22.216039,73.100425,0,QQZ,225.0,9.9,225.0,10.7,0,0,0,1,210,0,0,0
TF,BO603,22.134381,73.190431,0, ,0.0,0.0,0.0,0.0,0,0,0,1,210,0,0,0
TF,BOSPU,22.395722,73.464739,0, ,0.0,0.0,0.0,0.0,0,0,0,1,210,0,0,0
HM,BOSPU,22.395722,73.464739,2, ,0.0,0.0,315.0,04.3,2,4000,0,1,230,0,0,0,0

