APPTR,D12,12,BOBET
IF,BOBET,24.008889,78.544444, ,0.0,0.0,0,0,0,0,0,0,0,0
TF,D057O,23.421000,77.563678,0, ,0.0,0.0,0.0,0.0,0,0,0,0,0,0,1,0
CI,0, ,0.0,237.0,0,0,0,0,0,0,0,0
AF,D301M,23.395097,77.134736,1,BPL,301.0,13.0,57.0,2,3800,0,0,0,0,1,0
CF,FD12,23.348672,77.218639,0,BPL,301.0,7.6,121.0,5.4,2,3800,0,0,0,0,0,0

APPTR,D12,12,BPL1
FD,BPL,23.283261,77.336625,0,BPL,0.0,10.0,319.0,10.0,2,3800,0,1,200,0,0,0
CF,FD12,23.348672,77.218639,1,BPL,301.0,7.6,121.0,3.0,2,3800,0,0,0,0,0,0

APPTR,D12,12,BPL2
FD,BPL,23.283261,77.336625,0,BPL,0.0,10.0,311.0,10.0,2,3800,0,0,0,0,0,0
CF,FD12,23.348672,77.218639,1,BPL,301.0,7.6,121.0,3.0,2,3800,0,0,0,0,0,0

APPTR,D12,12,OSEPU
IF,OSEPU,23.153889,76.985278, ,0.0,0.0,0,0,0,0,0,0,0,0
TF,D248O,23.190500,77.084422,0, ,0.0,0.0,0.0,0.0,0,0,0,0,0,0,1,0
CI,0, ,0.0,68.0,0,0,0,0,0,0,0,0
AF,D301M,23.395097,77.134736,2,BPL,301.0,13.0,248.0,2,3800,0,0,0,0,1,0
CF,FD12,23.348672,77.218639,0,BPL,301.0,7.6,121.0,5.4,2,3800,0,0,0,0,0,0

FINAL,D12,12,D,2
IF,FD12,23.348672,77.218639,BPL,301.0,7.6,2,3800,0,0,0,0,2,0
CF,MD12,23.300483,77.305586,0,BPL,301.0,2.0,121.0,5.6,1,2011,0,0,0,0,3,0
FA,MD12,23.300483,77.305586,0,BPL,0.0,0.0,121.0,2,3800,0,0,0,0,0,0
DF,BPL,23.283261,77.336625,2, ,0.0,0.0,1,3800,0,0,0,0,0,0
HM,BPL,23.283261,77.336625,2, ,0.0,0.0,319.0,04.3,2,3800,0,0,0,0,0,0,0

APPTR,D30,30,BEDUX
IF,BEDUX,22.316944,79.707222, ,0.0,0.0,0,0,0,0,0,0,0,0
TF,D113T,23.150772,77.668894,0, ,0.0,0.0,0.0,0.0,0,0,0,0,0,0,1,0
CF,D114L,23.201514,77.534953,0,BPL,114.0,12.0,292.0,8.0,2,3800,0,0,0,0,1,0
CF,FD30,23.237647,77.447386,0,BPL,114.0,6.7,294.0,5.3,2,3800,0,0,0,0,0,0

APPTR,D30,30,BPL1
FD,BPL,23.283261,77.336625,0,BPL,0.0,9.0,133.0,9.0,2,3800,0,1,200,0,0,0
CF,FD30,23.237647,77.447386,1,BPL,114.0,6.7,294.0,3.0,2,3800,0,0,0,0,0,0

APPTR,D30,30,BPL2
FD,BPL,23.283261,77.336625,0,BPL,0.0,9.0,125.0,9.0,2,3800,0,0,0,0,0,0
CF,FD30,23.237647,77.447386,1,BPL,114.0,6.7,294.0,3.0,2,3800,0,0,0,0,0,0

APPTR,D30,30,BULDI
IF,BULDI,24.412778,76.930556, ,0.0,0.0,0,0,0,0,0,0,0,0
TF,D342N,23.505622,77.257269,0, ,0.0,0.0,0.0,0.0,0,0,0,0,0,0,1,0
CI,0, ,0.0,162.0,0,0,0,0,0,0,0,0
AF,D114L,23.201514,77.534953,2,BPL,114.0,12.0,342.0,2,3800,0,0,0,0,1,0
CF,FD30,23.237647,77.447386,0,BPL,114.0,6.7,294.0,5.3,2,3800,0,0,0,0,0,0

APPTR,D30,30,OSEPU
IF,OSEPU,23.153889,76.985278, ,0.0,0.0,0,0,0,0,0,0,0,0
TF,D248N,23.196697,77.101225,0, ,0.0,0.0,0.0,0.0,0,0,0,0,0,0,1,0
CI,0, ,0.0,68.0,0,0,0,0,0,0,0,0
AF,D114L,23.201514,77.534953,1,BPL,114.0,12.0,248.0,2,3800,0,0,0,0,1,0
CF,FD30,23.237647,77.447386,0,BPL,114.0,6.7,294.0,5.3,2,3800,0,0,0,0,0,0

FINAL,D30,30,D,2
IF,FD30,23.237647,77.447386,BPL,114.0,6.7,2,3800,0,0,0,0,2,0
CF,MD30,23.269653,77.369694,0,BPL,114.0,2.0,294.0,4.7,1,2320,0,0,0,0,3,0
FA,MD30,23.269653,77.369694,0,BPL,0.0,0.0,294.0,2,3800,0,0,0,0,0,0
DF,BPL,23.283261,77.336625,2, ,0.0,0.0,1,3800,0,0,0,0,0,0
HM,BPL,23.283261,77.336625,1, ,0.0,0.0,133.0,04.3,2,3800,0,0,0,0,0,0,0

APPTR,I30,30,BEDUX
IF,BEDUX,22.316944,79.707222, ,0.0,0.0,0,0,0,0,0,0,0,0
TF,D113T,23.150772,77.668894,0, ,0.0,0.0,0.0,0.0,0,0,0,0,0,0,1,0
CF,CI30,23.191825,77.529875,0,IBPH,117.7,13.4,286.0,8.1,2,3800,0,0,0,0,1,0

APPTR,I30,30,BPL
IF,BPL,23.283261,77.336625, ,0.0,0.0,2,3800,0,0,0,0,0,0
TF,FI30,23.233061,77.444994,0, ,0.0,0.0,0.0,0.0,2,3800,0,0,0,0,0,0
FC,FI30,23.233061,77.444994,0,BPL,0.0,0.0,163.0,4.4,2,3800,0,0,0,0,0,1
CI,1,IBPH,0.0,343.0,0,0,0,0,0,0,0,0

APPTR,I30,30,BULDI
IF,BULDI,24.412778,76.930556, ,0.0,0.0,0,0,0,0,0,0,0,0
TF,D342N,23.505622,77.257269,0, ,0.0,0.0,0.0,0.0,0,0,0,0,0,0,1,0
CI,0, ,0.0,162.0,0,0,0,0,0,0,0,0
AF,D108L,23.221111,77.543125,2,BPL,108.0,12.0,342.0,2,3800,0,0,0,0,0,0
VI,0,IBPH,0.0,268.0,0,0,0,0,0,0,0,0

APPTR,I30,30,OSEPU
IF,OSEPU,23.153889,76.985278, ,0.0,0.0,0,0,0,0,0,0,0,0
TF,D248N,23.196697,77.101225,0, ,0.0,0.0,0.0,0.0,0,0,0,0,0,0,1,0
CI,0, ,0.0,68.0,0,0,0,0,0,0,0,0
AF,D128L,23.159619,77.507644,1,BPL,128.0,12.0,248.0,2,3800,0,0,0,0,0,0
VI,0,IBPH,0.0,328.0,0,0,0,0,0,0,0,0

FINAL,I30,30,I,3
IF,CI30,23.191825,77.529875,IBPH,117.7,13.4,2,3800,0,0,0,0,0,0
CF,FI30,23.233061,77.444994,0,IBPH,117.7,8.1,298.0,5.3,1,3800,0,0,0,0,2,0
CF,RW30,23.283081,77.341839,0,IBPH,117.7,1.7,298.0,6.4,1,1767,0,0,0,0,3,0
FA,RW30,23.283081,77.341839,0,BPL,0.0,0.0,298.0,2,3800,0,0,0,0,0,0
DF,BPL,23.283261,77.336625,2, ,0.0,0.0,1,3800,0,0,0,0,0,0
HM,BPL,23.283261,77.336625,2, ,0.0,0.0,114.0,04.3,2,3800,0,0,0,0,0,0,0

APPTR,R12-Y,12,BP401
IF,BP401,23.452242,77.187181, ,0.0,0.0,4,4000,3800,1,210,0,1,0
TF,BP404,23.378189,77.145111,0, ,0.0,0.0,0.0,0.0,2,3800,0,1,185,0,1,0

APPTR,R12-Y,12,BP402
IF,BP402,23.416900,77.064817, ,0.0,0.0,4,4000,3800,1,210,0,1,0
TF,BP404,23.378189,77.145111,0, ,0.0,0.0,0.0,0.0,2,3800,0,1,185,0,1,0

APPTR,R12-Y,12,BP403
IF,BP403,23.304128,77.103086, ,0.0,0.0,4,4000,3800,1,210,0,1,0
TF,BP404,23.378189,77.145111,0, ,0.0,0.0,0.0,0.0,2,3800,0,1,185,0,1,0

APPTR,R12-Y,12,BP404
HF,BP404,23.378189,77.145111,2, ,0.0,0.0,118.0,04.3,2,3800,0,1,230,0,0,0,0

FINAL,R12-Y,12,R,3
IF,BP404,23.378189,77.145111, ,0.0,0.0,2,3800,0,1,185,0,0,0
TF,BP405,23.339447,77.225336,0, ,0.0,0.0,118.0,5.0,1,3600,0,1,165,0,2,0
TF,RW12,23.294586,77.318078,0, ,0.0,0.0,118.0,5.8,1,1764,0,0,0,0,3,1
TF,RAJAN,23.199275,77.514542,0, ,0.0,0.0,0.0,0.0,1,3800,0,0,0,0,0,1
HM,RAJAN,23.199275,77.514542,2, ,0.0,0.0,298.0,04.3,2,3800,0,1,230,0,0,0,0

APPTR,R30-Y,30,BP501
IF,BP501,23.273281,77.556653, ,0.0,0.0,4,4000,3800,1,210,0,1,0
TF,BP504,23.199275,77.514542,0, ,0.0,0.0,0.0,0.0,2,3800,0,1,185,0,1,0

APPTR,R30-Y,30,BP502
IF,BP502,23.160347,77.594586, ,0.0,0.0,4,4000,3800,1,210,0,1,0
TF,BP504,23.199275,77.514542,0, ,0.0,0.0,0.0,0.0,2,3800,0,1,185,0,1,0

APPTR,R30-Y,30,BP503
IF,BP503,23.125258,77.472475, ,0.0,0.0,4,4000,3800,1,210,0,1,0
TF,BP504,23.199275,77.514542,0, ,0.0,0.0,0.0,0.0,2,3800,0,1,185,0,1,0

APPTR,R30-Y,30,BP504
HF,BP504,23.199275,77.514542,2, ,0.0,0.0,298.0,04.3,2,3800,0,1,230,0,0,0,0

FINAL,R30-Y,30,R,3
IF,BP504,23.199275,77.514542, ,0.0,0.0,2,3800,0,1,185,0,0,0
TF,BP505,23.238167,77.434456,0, ,0.0,0.0,298.0,5.0,1,3600,0,1,165,0,2,0
TF,RW30,23.283081,77.341839,0, ,0.0,0.0,298.0,5.8,1,1762,0,0,0,0,3,1
TF,BP005,23.378189,77.145111,0, ,0.0,0.0,0.0,0.0,2,3800,0,0,0,0,0,1
HM,BP005,23.378189,77.145111,2, ,0.0,0.0,118.0,04.3,2,3800,0,1,230,0,0,0,0

