APPTR,I23-Y,23,HSR
IF,HSR,22.368900,71.031111, ,0.0,0.0,2,2500,0,0,0,0,1,0
CI,0, ,0.0,46.0,0,0,0,0,0,0,0,0
CF,FI23Y,22.444103,71.117622,0,HSR,46.9,6.6,48.0,3.0,2,2300,0,0,0,0,0,0
FC,FI23Y,22.444103,71.117622,0,HSR,0.0,0.0,3.0,4.4,2,2300,0,0,0,0,0,1
CF,CI23Y,22.466431,71.144417,2,IHSR,48.1,8.8,228.0,3.0,2,2300,0,0,0,0,0,0

FINAL,I23-Y,23,I,3
IF,CI23Y,22.466431,71.144417,IHSR,48.1,8.8,2,2300,0,0,0,0,0,0
CF,FI23Y,22.444103,71.117622,0,IHSR,48.1,6.8,228.0,2.0,1,2300,0,0,0,0,2,0
CF,RW23,22.388308,71.050733,0,IHSR,48.1,1.8,228.0,5.0,1,705,0,0,0,0,3,0
FA,RW23,22.388308,71.050733,0,HSR,0.0,0.0,228.0,2,1600,0,0,0,0,0,0
DF,HSR,22.368900,71.031111,2, ,0.0,0.0,1,2500,0,1,210,0,0,0
HM,HSR,22.368900,71.031111,1, ,0.0,0.0,46.0,04.3,2,2500,0,0,0,0,0,0,0

