APPTR,N25,25,KP1
IF,KP,16.663694,74.276778, ,0.0,0.0,2,4600,0,1,210,0,0,0
FC,KP,16.663694,74.276778,0,KP,0.0,0.0,95.0,8.8,2,4000,0,0,0,0,0,1
CF,FN25,16.697911,74.400733,1,KP,75.0,7.4,255.0,2.0,2,4000,0,0,0,0,0,0

APPTR,N25,25,KP2
IF,KP,16.663694,74.276778, ,0.0,0.0,2,4600,0,0,0,0,0,0
FC,KP,16.663694,74.276778,0,KP,0.0,0.0,88.0,7.4,2,4000,0,0,0,0,0,1
CF,FN25,16.697911,74.400733,1,KP,75.0,7.4,255.0,1.0,2,4000,0,0,0,0,0,0

FINAL,N25,25,N,2
IF,FN25,16.697911,74.400733,KP,0.0,0.0,2,4000,0,0,0,0,2,0
CF,RW25,16.668100,74.298208,0,KP,0.0,0.0,255.0,6.2,1,2036,0,0,0,0,3,0
CF,KP,16.663694,74.276778,0,KP,0.0,0.0,255.0,1.3,0,0,0,0,0,0,0,1
CA,0,255.0,2,3500,0,0,0,0,0,0
DF,KP,16.663694,74.276778,1, ,0.0,0.0,1,4600,0,0,0,0,0,0
HM,KP,16.663694,74.276778,2, ,0.0,0.0,95.0,04.3,2,4600,0,0,0,0,0,0,0

