APPTR,D14,14,ATMUV
IF,ATMUV,21.183056,78.735556, ,0.0,0.0,0,0,0,0,0,0,0,0
TF,D289N,21.156425,78.819664,0, ,0.0,0.0,0.0,0.0,0,0,0,0,0,0,1,0
CI,0, ,0.0,109.0,0,0,0,0,0,0,0,0
AF,D324L,21.243794,78.930447,2,NNP,324.0,12.0,289.0,2,3100,0,0,0,0,1,0
TF,FD14,21.166694,78.990261,0, ,0.0,0.0,0.0,0.0,2,2500,0,0,0,0,0,0

APPTR,D14,14,BPL
IF,BPL,23.283261,77.336625, ,0.0,0.0,0,0,0,0,0,0,0,0
TF,D325U,21.366467,78.837317,0, ,0.0,0.0,0.0,0.0,0,0,0,1,180,0,1,0
TF,D324L,21.243794,78.930447,0, ,0.0,0.0,0.0,0.0,2,3100,0,0,0,0,1,0
TF,FD14,21.166694,78.990261,0, ,0.0,0.0,0.0,0.0,2,2500,0,0,0,0,0,0

APPTR,D14,14,NNP1
IF,NNP,21.081453,79.056297, ,0.0,0.0,2,3100,0,0,0,0,0,0
FD,NNP,21.081453,79.056297,0,NNP,0.0,8.0,342.0,8.0,2,2500,0,0,0,0,0,0
CF,FD14,21.166694,78.990261,1,NNP,324.0,6.3,144.0,2.0,2,2500,0,0,0,0,0,0

APPTR,D14,14,NNP2
IF,NNP,21.081453,79.056297, ,0.0,0.0,2,3100,0,0,0,0,0,0
FD,NNP,21.081453,79.056297,0,NNP,0.0,8.0,335.0,8.0,2,2500,0,0,0,0,0,0
CF,FD14,21.166694,78.990261,1,NNP,324.0,6.3,144.0,2.0,2,2500,0,0,0,0,0,0

APPTR,D14,14,SUDEL
IF,SUDEL,19.571667,78.288611, ,0.0,0.0,0,0,0,0,0,0,0,0
TF,D206N,20.870500,78.948014,0, ,0.0,0.0,0.0,0.0,0,0,0,0,0,0,1,0
CI,0, ,0.0,26.0,0,0,0,0,0,0,0,0
AF,D324L,21.243794,78.930447,2,NNP,324.0,12.0,206.0,2,3100,0,0,0,0,1,0
TF,FD14,21.166694,78.990261,0, ,0.0,0.0,0.0,0.0,2,2500,0,0,0,0,0,0

APPTR,D14,14,TAMID
IF,TAMID,20.688333,77.848889, ,0.0,0.0,0,0,0,0,0,0,0,0
TF,D252N,21.005461,78.820342,0, ,0.0,0.0,0.0,0.0,0,0,0,0,0,0,1,0
CI,0, ,0.0,72.0,0,0,0,0,0,0,0,0
AF,D324L,21.243794,78.930447,2,NNP,324.0,12.0,252.0,2,3100,0,0,0,0,1,0
TF,FD14,21.166694,78.990261,0, ,0.0,0.0,0.0,0.0,2,2500,0,0,0,0,0,0

FINAL,D14,14,D,3
IF,FD14,21.166694,78.990261,NNP,324.0,6.3,2,2500,0,0,0,0,2,0
CF,40VOR,21.135575,79.014375,0,NNP,324.0,4.0,144.0,2.3,2,1780,0,0,0,0,0,0
CF,MD14,21.108517,79.035342,0,NNP,324.0,2.0,144.0,2.0,1,1139,0,0,0,0,3,0
FA,MD14,21.108517,79.035342,0,NNP,0.0,0.0,144.0,2,2500,0,0,0,0,0,0
DF,NNP,21.081453,79.056297,2, ,0.0,0.0,1,3100,0,0,0,0,0,0
HM,NNP,21.081453,79.056297,2, ,0.0,0.0,342.0,04.3,2,3100,0,0,0,0,0,0,0

APPTR,D32-Z,32,NNP1
IF,NNP,21.081453,79.056297, ,0.0,0.0,2,3100,0,0,0,0,0,0
FD,NNP,21.081453,79.056297,0,NNP,0.0,6.0,120.0,6.0,2,2400,0,0,0,0,0,0
CF,FD32Z,21.028669,79.097136,2,NNP,144.0,3.9,324.0,3.0,2,2400,0,0,0,0,0,0

APPTR,D32-Z,32,NNP2
IF,NNP,21.081453,79.056297, ,0.0,0.0,2,3100,0,0,0,0,0,0
FD,NNP,21.081453,79.056297,0,NNP,0.0,6.0,130.0,6.0,2,2400,0,0,0,0,0,0
CF,FD32Z,21.028669,79.097136,2,NNP,144.0,3.9,324.0,3.0,2,2400,0,0,0,0,0,0

APPTR,D32-Z,32,RRP
IF,RRP,21.180917,81.743917, ,0.0,0.0,0,0,0,0,0,0,0,0
TF,D089M,21.091578,79.287497,0, ,0.0,0.0,0.0,0.0,0,0,0,0,0,0,1,0
CI,0, ,0.0,269.0,0,0,0,0,0,0,0,0
AF,D144K,20.932406,79.171175,2,NNP,144.1,11.0,89.0,2,3100,0,0,0,0,1,0
TF,FD32Z,21.028669,79.097136,0, ,0.0,0.0,0.0,0.0,2,2400,0,0,0,0,0,0

APPTR,D32-Z,32,RUXAL
IF,RUXAL,20.887222,80.649167, ,0.0,0.0,0,0,0,0,0,0,0,0
TF,D098M,21.054247,79.285928,0, ,0.0,0.0,0.0,0.0,0,0,0,0,0,0,1,0
CI,0, ,0.0,278.0,0,0,0,0,0,0,0,0
AF,D144K,20.932406,79.171175,2,NNP,144.1,11.0,98.0,2,3100,0,0,0,0,1,0
TF,FD32Z,21.028669,79.097136,0, ,0.0,0.0,0.0,0.0,2,2400,0,0,0,0,0,0

APPTR,D32-Z,32,SUDEL
IF,SUDEL,19.571667,78.288611, ,0.0,0.0,0,0,0,0,0,0,0,0
TF,D206M,20.885417,78.955514,0, ,0.0,0.0,0.0,0.0,0,0,0,0,0,0,1,0
CI,0, ,0.0,26.0,0,0,0,0,0,0,0,0
AF,D144K,20.932406,79.171175,1,NNP,144.1,11.0,206.0,2,3100,0,0,0,0,1,0
TF,FD32Z,21.028669,79.097136,0, ,0.0,0.0,0.0,0.0,2,2400,0,0,0,0,0,0

APPTR,D32-Z,32,SUDUM
IF,SUDUM,18.492778,79.789444, ,0.0,0.0,0,0,0,0,0,0,0,0
TF,D165M,20.871381,79.116469,0, ,0.0,0.0,0.0,0.0,0,0,0,0,0,0,1,0
CI,0, ,0.0,345.0,0,0,0,0,0,0,0,0
AF,D144K,20.932406,79.171175,1,NNP,144.1,11.0,165.0,2,3100,0,0,0,0,1,0
TF,FD32Z,21.028669,79.097136,0, ,0.0,0.0,0.0,0.0,2,2400,0,0,0,0,0,0

APPTR,D32-Z,32,TAMID
IF,TAMID,20.688333,77.848889, ,0.0,0.0,0,0,0,0,0,0,0,0
TF,D252M,21.010900,78.837186,0, ,0.0,0.0,0.0,0.0,0,0,0,0,0,0,1,0
CI,0, ,0.0,71.0,0,0,0,0,0,0,0,0
AF,D144K,20.932406,79.171175,1,NNP,144.1,11.0,251.0,2,3100,0,0,0,0,1,0
TF,FD32Z,21.028669,79.097136,0, ,0.0,0.0,0.0,0.0,2,2400,0,0,0,0,0,0

APPTR,D32-Z,32,TEGIG
IF,TEGIG,21.502500,80.593611, ,0.0,0.0,0,0,0,0,0,0,0,0
TF,D074M,21.143181,79.278217,0, ,0.0,0.0,0.0,0.0,0,0,0,0,0,0,1,0
CI,0, ,0.0,254.0,0,0,0,0,0,0,0,0
AF,D144K,20.932406,79.171175,2,NNP,144.1,11.0,74.0,2,3100,0,0,0,0,1,0
TF,FD32Z,21.028669,79.097136,0, ,0.0,0.0,0.0,0.0,2,2400,0,0,0,0,0,0

APPTR,D32-Z,32,UXENA
IF,UXENA,19.579167,80.947500, ,0.0,0.0,0,0,0,0,0,0,0,0
TF,D131Q,20.899258,79.288672,0, ,0.0,0.0,0.0,0.0,0,0,0,0,0,0,1,0
FC,D131Q,20.899258,79.288672,0,NNP,0.0,0.0,279.0,5.5,2,3100,0,0,0,0,0,1
CF,D144K,20.932406,79.171175,0,NNP,144.1,11.0,324.0,1.5,2,3100,0,0,0,0,1,0
TF,FD32Z,21.028669,79.097136,0, ,0.0,0.0,0.0,0.0,2,2400,0,0,0,0,0,0

FINAL,D32-Z,32,D,2
IF,FD32Z,21.028669,79.097136,NNP,144.0,3.9,2,2400,0,0,0,0,2,0
CF,NNP,21.081453,79.056297,0,NNP,0.0,0.0,324.0,3.9,1,1169,0,0,0,0,3,0
FA,NNP,21.081453,79.056297,0,NNP,0.0,0.0,324.0,2,2500,0,0,0,0,0,0
DF,NNP,21.081453,79.056297,1, ,0.0,0.0,1,3100,0,0,0,0,0,0
HM,NNP,21.081453,79.056297,2, ,0.0,0.0,120.0,04.3,2,3100,0,0,0,0,0,0,0

APPTR,I32-Z,32,NNP
IF,NNP,21.081453,79.056297, ,0.0,0.0,2,3100,0,0,0,0,0,0
CF,FI32,20.999381,79.120522,0,NNP,143.7,6.1,144.0,6.1,2,3100,0,0,0,0,0,0
FC,FI32,20.999381,79.120522,0,NNP,0.0,0.0,189.0,4.4,2,3100,0,0,0,0,0,1
CI,1,INGR,0.0,9.0,2,3100,0,0,0,0,0,0

APPTR,I32-Z,32,RUXAL
IF,RUXAL,20.887222,80.649167, ,0.0,0.0,0,0,0,0,0,0,0,0
TF,D098O,21.050181,79.321522,0, ,0.0,0.0,0.0,0.0,0,0,0,0,0,0,1,0
CI,0, ,0.0,278.0,0,0,0,0,0,0,0,0
AF,D135M,20.927608,79.219961,2,NNP,135.0,13.0,98.0,2,3100,0,0,0,0,0,0
VI,0,INGR,0.0,294.0,0,0,0,0,0,0,0,0

APPTR,I32-Z,32,SUDEL
IF,SUDEL,19.571667,78.288611, ,0.0,0.0,0,0,0,0,0,0,0,0
TF,D206O,20.855431,78.940292,0, ,0.0,0.0,0.0,0.0,0,0,0,0,0,0,1,0
CI,0, ,0.0,26.0,0,0,0,0,0,0,0,0
AF,D153M,20.887664,79.161347,1,NNP,153.0,13.0,206.0,2,3100,0,0,0,0,0,0
VI,0,INGR,0.0,354.0,0,0,0,0,0,0,0,0

APPTR,I32-Z,32,SUDUM
IF,SUDUM,18.492778,79.789444, ,0.0,0.0,0,0,0,0,0,0,0,0
TF,D165O,20.839225,79.125972,0, ,0.0,0.0,0.0,0.0,0,0,0,0,0,0,1,0
CI,0, ,0.0,345.0,0,0,0,0,0,0,0,0
AF,D153M,20.887664,79.161347,1,NNP,153.0,13.0,165.0,2,3100,0,0,0,0,0,0
VI,0,INGR,0.0,354.0,0,0,0,0,0,0,0,0

APPTR,I32-Z,32,TAMID
IF,TAMID,20.688333,77.848889, ,0.0,0.0,0,0,0,0,0,0,0,0
TF,D252O,21.000019,78.803497,0, ,0.0,0.0,0.0,0.0,0,0,0,0,0,0,1,0
CI,0, ,0.0,72.0,0,0,0,0,0,0,0,0
AF,D153M,20.887664,79.161347,1,NNP,153.0,13.0,252.0,2,3100,0,0,0,0,0,0
VI,0,INGR,0.0,354.0,0,0,0,0,0,0,0,0

APPTR,I32-Z,32,TEGIG
IF,TEGIG,21.502500,80.593611, ,0.0,0.0,0,0,0,0,0,0,0,0
TF,D074O,21.152808,79.312658,0, ,0.0,0.0,0.0,0.0,0,0,0,0,0,0,1,0
CI,0, ,0.0,254.0,0,0,0,0,0,0,0,0
AF,D135M,20.927608,79.219961,2,NNP,135.0,13.0,74.0,2,3100,0,0,0,0,0,0
VI,0,INGR,0.0,294.0,0,0,0,0,0,0,0,0

APPTR,I32-Z,32,UXENA
IF,UXENA,19.579167,80.947500, ,0.0,0.0,0,0,0,0,0,0,0,0
TF,D131R,20.888661,79.302558,0, ,0.0,0.0,0.0,0.0,0,0,0,0,0,0,1,0
CF,CI32Z,20.906492,79.193750,0,INGR,143.4,15.3,279.0,6.2,2,3100,0,0,0,0,1,0

FINAL,I32-Z,32,I,3
IF,CI32Z,20.906492,79.193750,INGR,143.4,15.3,2,3100,0,0,0,0,0,0
CF,FI32,20.999381,79.120522,0,INGR,143.4,8.3,324.0,6.9,1,3100,0,0,0,0,2,0
CF,RW32,21.085792,79.052300,0,INGR,143.4,1.9,324.0,6.4,1,1060,0,0,0,0,3,0
FA,RW32,21.085792,79.052300,0,NNP,0.0,0.0,324.0,2,2500,0,0,0,0,0,0
DF,NNP,21.081453,79.056297,1, ,0.0,0.0,1,3100,0,0,0,0,0,0
HM,NNP,21.081453,79.056297,2, ,0.0,0.0,144.0,04.3,2,3100,0,0,0,0,0,0,0

APPTR,R32-Y,32,NP604
IF,NP604,20.831414,79.097986, ,0.0,0.0,2,3100,0,1,210,0,1,0
TF,NP607,20.901136,79.198072,0, ,0.0,0.0,0.0,0.0,2,3100,0,1,210,0,1,0

APPTR,R32-Y,32,NP605
IF,NP605,20.807025,79.272192, ,0.0,0.0,2,3100,0,1,210,0,1,0
TF,NP607,20.901136,79.198072,0, ,0.0,0.0,0.0,0.0,2,3100,0,1,210,0,1,0

APPTR,R32-Y,32,NP606
IF,NP606,20.970800,79.298250, ,0.0,0.0,2,3100,0,1,210,0,1,0
TF,NP607,20.901136,79.198072,0, ,0.0,0.0,0.0,0.0,2,3100,0,1,210,0,1,0

FINAL,R32-Y,32,R,3
IF,NP607,20.901136,79.198072, ,0.0,0.0,2,3100,0,1,210,0,0,0
TF,NP411,20.995214,79.123861,0, ,0.0,0.0,324.0,7.0,1,3100,0,1,185,0,2,0
TF,RW32,21.085792,79.052300,0, ,0.0,0.0,324.0,6.7,1,1058,0,0,0,0,3,1
CF,NP601,21.199964,78.961933,0,NNP,323.3,8.8,324.0,8.5,0,0,0,1,210,0,0,0
TF,NP602,21.269764,79.062203,0, ,0.0,0.0,0.0,0.0,0,0,0,1,210,0,0,0
TF,NP606,20.970800,79.298250,0, ,0.0,0.0,0.0,0.0,1,3100,0,1,210,0,0,0
HM,NP606,20.970800,79.298250,1, ,0.0,0.0,234.0,04.3,2,3100,0,1,230,0,0,0,0

