APPTR,D09,09,PBN
IF,PBN,21.651331,69.655703, ,0.0,0.0,2,3200,0,0,0,0,0,0
FD,PBN,21.651331,69.655703,0,PBN,0.0,9.0,274.0,9.0,2,2100,0,0,0,0,0,0
CF,FD09,21.639569,69.536494,1,PBN,264.0,6.7,84.0,3.0,2,2100,0,0,0,0,0,0

FINAL,D09,09,D,2
IF,FD09,21.639569,69.536494,PBN,264.0,6.7,2,2100,0,0,0,0,2,0
CF,MD09,21.649578,69.637908,0,PBN,264.0,0.0,84.0,5.7,1,288,0,0,0,0,3,0
CA,0,84.0,2,2000,0,0,0,0,0,0
DF,PBN,21.651331,69.655703,2, ,0.0,0.0,1,3200,0,0,0,0,0,0
HM,PBN,21.651331,69.655703,1, ,0.0,0.0,274.0,04.3,2,3200,0,0,0,0,0,0,0

APPTR,D27,27,PBN
IF,PBN,21.651331,69.655703, ,0.0,0.0,2,3200,0,0,0,0,0,0
FD,PBN,21.651331,69.655703,0,PBN,0.0,9.0,103.0,9.0,2,2100,0,0,0,0,0,0
CF,FD27,21.645331,69.777194,1,PBN,93.0,6.8,273.0,3.0,2,2100,0,0,0,0,0,0

FINAL,D27,27,D,2
IF,FD27,21.645331,69.777194,PBN,93.0,6.8,2,2100,0,0,0,0,2,0
CF,MD27,21.650450,69.673569,0,PBN,93.0,0.0,273.0,5.8,1,253,0,0,0,0,3,0
CA,0,273.0,2,2000,0,0,0,0,0,0
DF,PBN,21.651331,69.655703,1, ,0.0,0.0,1,3200,0,0,0,0,0,0
HM,PBN,21.651331,69.655703,1, ,0.0,0.0,103.0,04.3,2,3200,0,0,0,0,0,0,0

APPTR,R09-Y,09,PR611
IF,PR611,21.639733,69.353311, ,0.0,0.0,2,3200,0,0,0,0,1,0
TF,PR616,21.642686,69.442706,0, ,0.0,0.0,0.0,0.0,2,2100,0,0,0,0,1,0

APPTR,R09-Y,09,PR612
IF,PR612,21.559106,69.445833, ,0.0,0.0,2,3200,0,0,0,0,1,0
TF,PR616,21.642686,69.442706,0, ,0.0,0.0,0.0,0.0,2,2100,0,0,0,0,1,0

APPTR,R09-Y,09,PR613
IF,PR613,21.726264,69.439572, ,0.0,0.0,2,3200,0,0,0,0,1,0
TF,PR616,21.642686,69.442706,0, ,0.0,0.0,0.0,0.0,2,2100,0,0,0,0,1,0

FINAL,R09-Y,09,R,3
IF,PR616,21.642686,69.442706, ,0.0,0.0,2,2100,0,0,0,0,0,0
TF,PR615,21.645589,69.532106,0, ,0.0,0.0,88.0,5.0,1,2100,0,0,0,0,2,0
TF,RW09,21.649339,69.649850,0, ,0.0,0.0,88.0,6.6,1,76,0,0,0,0,3,1
TF,PR617,21.652131,69.739258,0, ,0.0,0.0,0.0,0.0,0,0,0,0,0,0,0,0
TF,PR628,21.735714,69.736294,0, ,0.0,0.0,0.0,0.0,0,0,0,0,0,0,0,0
TF,PR613,21.726264,69.439572,0, ,0.0,0.0,0.0,0.0,1,3200,0,0,0,0,0,0
HM,PR613,21.726264,69.439572,1, ,0.0,0.0,178.0,04.3,2,3200,0,1,170,0,0,0,0

APPTR,R27-Y,27,PR711
IF,PR711,21.658814,69.960142, ,0.0,0.0,2,3200,0,0,0,0,1,0
TF,PR716,21.656139,69.870728,0, ,0.0,0.0,0.0,0.0,2,2100,0,0,0,0,1,0

APPTR,R27-Y,27,PR712
IF,PR712,21.739725,69.867842, ,0.0,0.0,2,3200,0,0,0,0,1,0
TF,PR716,21.656139,69.870728,0, ,0.0,0.0,0.0,0.0,2,2100,0,0,0,0,1,0

APPTR,R27-Y,27,PR713
IF,PR713,21.572553,69.873611, ,0.0,0.0,2,3200,0,0,0,0,1,0
TF,PR716,21.656139,69.870728,0, ,0.0,0.0,0.0,0.0,2,2100,0,0,0,0,1,0

FINAL,R27-Y,27,R,3
IF,PR716,21.656139,69.870728, ,0.0,0.0,2,2100,0,0,0,0,0,0
TF,PR715,21.653428,69.781314,0, ,0.0,0.0,268.0,5.0,1,2100,0,0,0,0,2,0
TF,RW27,21.649756,69.663097,0, ,0.0,0.0,268.0,6.6,1,67,0,0,0,0,3,1
TF,PR717,21.646922,69.573692,0, ,0.0,0.0,0.0,0.0,0,0,0,0,0,0,0,0
TF,PR728,21.730503,69.570636,0, ,0.0,0.0,0.0,0.0,0,0,0,0,0,0,0,0
TF,PR712,21.739725,69.867842,0, ,0.0,0.0,0.0,0.0,1,3200,0,0,0,0,0,0
HM,PR712,21.739725,69.867842,2, ,0.0,0.0,178.0,04.3,2,3200,0,1,170,0,0,0,0

