APPTR,D04,04,BVR
IF,BVR,21.752181,72.190325, ,0.0,0.0,0,0,0,0,0,0,0,0
TF,D321M,21.280403,72.595439,0, ,0.0,0.0,0.0,0.0,0,0,0,0,0,0,1,0
CI,0, ,0.0,141.0,0,0,0,0,0,0,0,0
AF,D227K,20.985106,72.597072,1,SUR,227.0,11.0,321.0,2,2100,0,0,0,0,1,0
TF,FD04,21.050178,72.671292,0, ,0.0,0.0,0.0,0.0,2,1600,0,0,0,0,0,0

APPTR,D04,04,IPNIB
IF,IPNIB,20.941111,72.400278, ,0.0,0.0,0,0,0,0,0,0,0,0
TF,D242M,21.008756,72.535708,0, ,0.0,0.0,0.0,0.0,0,0,0,0,0,0,1,0
CI,0, ,0.0,62.0,0,0,0,0,0,0,0,0
AF,D227K,20.985106,72.597072,1,SUR,227.0,11.0,242.0,2,2100,0,0,0,0,1,0
TF,FD04,21.050178,72.671292,0, ,0.0,0.0,0.0,0.0,2,1600,0,0,0,0,0,0

APPTR,D04,04,ISRIS
IF,ISRIS,20.758056,72.946389, ,0.0,0.0,0,0,0,0,0,0,0,0
TF,D152M,20.920061,72.851864,0, ,0.0,0.0,0.0,0.0,0,0,0,0,0,0,1,0
CI,0, ,0.0,332.0,0,0,0,0,0,0,0,0
AF,D227K,20.985106,72.597072,2,SUR,227.0,11.0,152.0,2,2100,0,0,0,0,1,0
TF,FD04,21.050178,72.671292,0, ,0.0,0.0,0.0,0.0,2,1600,0,0,0,0,0,0

APPTR,D04,04,SUR1
IF,SUR,21.110656,72.740361, ,0.0,0.0,2,2100,0,1,210,0,0,0
TF,D252G,21.074431,72.621714,0, ,0.0,0.0,0.0,0.0,2,1600,0,0,0,0,0,1
CF,FD04,21.050178,72.671292,1,SUR,227.0,5.3,47.0,2.0,2,1600,0,0,0,0,0,0

APPTR,D04,04,SUR2
IF,SUR,21.110656,72.740361, ,0.0,0.0,2,2100,0,0,0,0,0,0
TF,D240G,21.052075,72.632336,0, ,0.0,0.0,0.0,0.0,2,1600,0,0,0,0,0,1
CF,FD04,21.050178,72.671292,1,SUR,227.0,5.3,47.0,2.0,2,1600,0,0,0,0,0,0

FINAL,D04,04,D,2
IF,FD04,21.050178,72.671292,SUR,227.0,5.3,2,1600,0,0,0,0,2,0
CF,RW04,21.106247,72.733881,0,SUR,234.1,0.5,47.0,4.9,1,70,0,0,0,0,3,0
CF,SUR,21.110656,72.740361,0,SUR,0.0,0.0,47.0,0.5,0,0,0,0,0,0,0,1
FA,SUR,21.110656,72.740361,0,SUR,0.0,0.0,47.0,2,2100,0,0,0,0,0,0
DF,SUR,21.110656,72.740361,2, ,0.0,0.0,1,2100,0,0,0,0,0,0
HM,SUR,21.110656,72.740361,1, ,0.0,0.0,252.0,04.3,2,2100,0,0,0,0,0,0,0

APPTR,D22,22,BVR
IF,BVR,21.752181,72.190325, ,0.0,0.0,0,0,0,0,0,0,0,0
TF,D321M,21.280403,72.595439,0, ,0.0,0.0,0.0,0.0,0,0,0,0,0,0,1,0
CI,0, ,0.0,141.0,0,0,0,0,0,0,0,0
AF,D041K,21.249469,72.869125,2,SUR,41.0,11.0,321.0,2,2100,0,0,0,0,1,0
TF,FD22,21.177550,72.802372,0, ,0.0,0.0,0.0,0.0,2,1500,0,0,0,0,0,0

APPTR,D22,22,ISRIS
IF,ISRIS,20.758056,72.946389, ,0.0,0.0,0,0,0,0,0,0,0,0
TF,D152M,20.920061,72.851864,0, ,0.0,0.0,0.0,0.0,0,0,0,0,0,0,1,0
CI,0, ,0.0,332.0,0,0,0,0,0,0,0,0
AF,D041K,21.249469,72.869125,1,SUR,41.0,11.0,152.0,2,2100,0,0,0,0,1,0
TF,FD22,21.177550,72.802372,0, ,0.0,0.0,0.0,0.0,2,1500,0,0,0,0,0,0

APPTR,D22,22,SG
IF,SG,21.167500,73.565833, ,0.0,0.0,0,0,0,0,0,0,0,0
TF,D086M,21.126978,72.971458,0, ,0.0,0.0,0.0,0.0,0,0,0,0,0,0,1,0
CI,0, ,0.0,266.0,0,0,0,0,0,0,0,0
AF,D041K,21.249469,72.869125,1,SUR,41.0,11.0,86.0,2,2100,0,0,0,0,1,0
TF,FD22,21.177550,72.802372,0, ,0.0,0.0,0.0,0.0,2,1500,0,0,0,0,0,0

APPTR,D22,22,SUR1
IF,SUR,21.110656,72.740361, ,0.0,0.0,2,2100,0,1,190,0,0,0
TF,D061H,21.171436,72.857342,0, ,0.0,0.0,0.0,0.0,2,1500,0,0,0,0,0,1
CF,FD22,21.177550,72.802372,1,SUR,41.0,5.3,221.0,3.0,2,1500,0,0,0,0,0,0

APPTR,D22,22,SUR2
IF,SUR,21.110656,72.740361, ,0.0,0.0,2,2100,0,0,0,0,0,0
TF,D053H,21.186119,72.847189,0, ,0.0,0.0,0.0,0.0,2,1500,0,0,0,0,0,1
CF,FD22,21.177550,72.802372,1,SUR,41.0,5.3,221.0,3.0,2,1500,0,0,0,0,0,0

FINAL,D22,22,D,3
IF,FD22,21.177550,72.802372,SUR,41.0,5.3,2,1500,0,0,0,0,2,0
CF,29VOR,21.147261,72.774283,0,SUR,41.0,2.9,221.0,2.4,2,740,0,0,0,0,0,0
CF,RW22,21.121381,72.748908,0,SUR,36.8,0.8,221.0,2.1,1,76,0,0,0,0,3,0
CF,SUR,21.110656,72.740361,0,SUR,0.0,0.0,221.0,0.8,0,0,0,0,0,0,0,1
FA,SUR,21.110656,72.740361,0,SUR,0.0,0.0,221.0,2,2100,0,0,0,0,0,0
DF,SUR,21.110656,72.740361,1, ,0.0,0.0,1,2100,0,0,0,0,0,0
HM,SUR,21.110656,72.740361,2, ,0.0,0.0,61.0,04.3,2,2100,0,0,0,0,0,0,0

APPTR,I22,22,BVR
IF,BVR,21.752181,72.190325, ,0.0,0.0,0,0,0,0,0,0,0,0
TF,D321O,21.306506,72.573114,0, ,0.0,0.0,0.0,0.0,0,0,0,0,0,0,1,0
CI,0, ,0.0,141.0,0,0,0,0,0,0,0,0
AF,D034M,21.290881,72.870103,2,SUR,34.0,13.0,321.0,2,3100,0,0,0,0,0,0
VI,0,ISUT,0.0,193.0,0,0,0,0,0,0,0,0

APPTR,I22,22,ISRIS
IF,ISRIS,20.758056,72.946389, ,0.0,0.0,0,0,0,0,0,0,0,0
TF,D152O,20.890733,72.868994,0, ,0.0,0.0,0.0,0.0,0,0,0,0,0,0,1,0
CI,0, ,0.0,332.0,0,0,0,0,0,0,0,0
AF,D052M,21.244433,72.923136,1,SUR,52.0,13.0,152.0,2,3100,0,0,0,0,0,0
VI,0,ISUT,0.0,253.0,0,0,0,0,0,0,0,0

APPTR,I22,22,SG
IF,SG,21.167500,73.565833, ,0.0,0.0,0,0,0,0,0,0,0,0
TF,D086O,21.129461,73.007017,0, ,0.0,0.0,0.0,0.0,0,0,0,0,0,0,1,0
CI,0, ,0.0,266.0,0,0,0,0,0,0,0,0
AF,D052M,21.244433,72.923136,1,SUR,52.0,13.0,86.0,2,3100,0,0,0,0,0,0
VI,0,ISUT,0.0,253.0,0,0,0,0,0,0,0,0

APPTR,I22,22,SUR1
IF,SUR,21.110656,72.740361, ,0.0,0.0,2,3100,0,1,220,0,0,0
CF,D063J,21.186519,72.899272,0,SUR,63.0,10.0,63.0,10.0,2,2100,0,0,0,0,0,1
VI,1,ISUT,0.0,253.0,2,2100,0,0,0,0,0,0

APPTR,I22,22,SUR2
IF,SUR,21.110656,72.740361, ,0.0,0.0,2,3100,0,0,0,0,0,0
CF,D052J,21.213578,72.880928,0,SUR,52.0,10.0,52.0,10.0,2,2100,0,0,0,0,0,1
VI,1,ISUT,0.0,253.0,2,2100,0,0,0,0,0,0

FINAL,I22,22,I,3
IF,CI22,21.270572,72.897372,ISUT,43.0,13.6,2,3100,0,0,0,0,0,0
CF,FI22,21.198561,72.825658,0,ISUT,43.0,7.7,223.0,5.9,1,2100,0,0,0,0,2,0
CF,RW22,21.121381,72.748908,0,ISUT,43.0,1.4,223.0,6.3,1,76,0,0,0,0,3,0
FA,RW22,21.121381,72.748908,0,SUR,0.0,0.0,223.0,2,2100,0,0,0,0,0,0
DF,SUR,21.110656,72.740361,1, ,0.0,0.0,1,3100,0,0,0,0,0,0
HM,SUR,21.110656,72.740361,2, ,0.0,0.0,63.0,04.3,2,3100,0,0,0,0,0,0,0

APPTR,R04-Y,04,AVNUX
IF,AVNUX,21.032144,72.490056, ,0.0,0.0,4,6000,3100,1,210,0,1,0
TF,VATSA,20.952431,72.581386,0, ,0.0,0.0,0.0,0.0,2,3100,0,1,210,0,0,0

APPTR,R04-Y,04,ONONO
IF,ONONO,20.872669,72.672619, ,0.0,0.0,4,6000,3100,1,210,0,1,0
TF,VATSA,20.952431,72.581386,0, ,0.0,0.0,0.0,0.0,2,3100,0,1,210,0,0,0

APPTR,R04-Y,04,VIBEK
IF,VIBEK,20.866689,72.496575, ,0.0,0.0,4,6000,3100,1,210,0,1,0
TF,VATSA,20.952431,72.581386,0, ,0.0,0.0,0.0,0.0,2,3100,0,1,210,0,0,0

FINAL,R04-Y,04,R,3
IF,VATSA,20.952431,72.581386, ,0.0,0.0,2,3100,0,1,210,0,0,0
TF,SU408,21.024253,72.652533,0, ,0.0,0.0,43.0,5.9,1,2100,0,0,0,0,2,0
TF,RW04,21.106247,72.733881,0, ,0.0,0.0,43.0,6.7,1,70,0,0,0,0,3,1
DF,SU406,21.271569,72.898286,0, ,0.0,0.0,0,0,0,1,200,0,0,0
TF,SU407,21.191639,72.989544,0, ,0.0,0.0,0.0,0.0,0,0,0,1,200,0,0,0
TF,ONONO,20.872669,72.672619,0, ,0.0,0.0,0.0,0.0,0,0,0,0,0,0,0,0
TF,VATSA,20.952431,72.581386,0, ,0.0,0.0,0.0,0.0,1,3100,0,0,0,0,0,0
HM,VATSA,20.952431,72.581386,2, ,0.0,0.0,43.0,04.3,2,3100,0,1,230,0,0,0,0

APPTR,R22,22,SU812
IF,SU812,21.356161,72.844608, ,0.0,0.0,4,6000,3100,1,210,0,1,0
TF,SU816,21.266769,72.893289,0, ,0.0,0.0,0.0,0.0,2,3100,0,0,0,0,1,0

APPTR,R22,22,SU813
IF,SU813,21.227600,72.991853, ,0.0,0.0,4,6000,3100,1,210,0,1,0
TF,SU816,21.266769,72.893289,0, ,0.0,0.0,0.0,0.0,2,3100,0,0,0,0,1,0

APPTR,R22,22,SU816
HF,SU816,21.266769,72.893289,2, ,0.0,0.0,223.0,04.3,2,3100,0,1,230,0,1,0,0

FINAL,R22,22,R,3
IF,SU816,21.266769,72.893289, ,0.0,0.0,2,3100,0,0,0,0,0,0
TF,SU815,21.199444,72.826417,0, ,0.0,0.0,223.0,5.5,1,2100,0,0,0,0,2,0
TF,RW22,21.121381,72.748908,0, ,0.0,0.0,223.0,6.4,1,69,0,0,0,0,3,1
CA,0,223.0,2,1500,0,1,210,0,0,0
DF,SU813,21.227600,72.991853,1, ,0.0,0.0,2,3100,0,1,210,0,0,0
HM,SU813,21.227600,72.991853,1, ,0.0,0.0,293.0,04.3,2,3100,0,1,230,0,0,0,0

