APPTR,D26,26,ARADO
IF,ARADO,24.026667,73.719722, ,0.0,0.0,0,0,0,0,0,0,0,0
TF,D195O,24.372694,73.821950,0, ,0.0,0.0,0.0,0.0,0,0,0,0,0,0,1,0
CI,0, ,0.0,15.0,0,0,0,0,0,0,0,0
AF,D170M,24.400661,73.935019,1,UUD,170.0,13.0,195.0,2,4700,0,0,0,0,0,0
AF,D077M,24.663442,74.125558,1,UUD,77.0,13.0,170.0,2,4000,0,0,0,0,1,0
CF,FD26,24.641003,74.018572,0,UUD,77.0,7.0,257.0,6.0,2,3700,0,0,0,0,0,0

APPTR,D26,26,JDP
IF,JDP,26.249506,73.043258, ,0.0,0.0,0,0,0,0,0,0,0,0
TF,D335O,24.841781,73.777186,0, ,0.0,0.0,0.0,0.0,0,0,0,0,0,0,1,0
CI,0, ,0.0,155.0,0,0,0,0,0,0,0,0
AF,D077M,24.663442,74.125558,2,UUD,77.0,13.0,335.0,2,4000,0,0,0,0,1,0
CF,FD26,24.641003,74.018572,0,UUD,77.0,7.0,257.0,6.0,2,3700,0,0,0,0,0,0

APPTR,D26,26,PRA
IF,PRA,24.037222,74.743889, ,0.0,0.0,0,0,0,0,0,0,0,0
TF,D126O,24.465814,74.114419,0, ,0.0,0.0,0.0,0.0,0,0,0,0,0,0,1,0
CI,0, ,0.0,306.0,0,0,0,0,0,0,0,0
AF,D077M,24.663442,74.125558,1,UUD,77.0,13.0,126.0,2,4000,0,0,0,0,1,0
CF,FD26,24.641003,74.018572,0,UUD,77.0,7.0,257.0,6.0,2,3700,0,0,0,0,0,0

APPTR,D26,26,RUPEN
IF,RUPEN,25.141944,74.532222, ,0.0,0.0,0,0,0,0,0,0,0,0
TF,D048O,24.783483,74.096878,0, ,0.0,0.0,0.0,0.0,0,0,0,0,0,0,1,0
CI,0, ,0.0,228.0,0,0,0,0,0,0,0,0
AF,D077M,24.663442,74.125558,2,UUD,77.0,13.0,48.0,2,4000,0,0,0,0,1,0
CF,FD26,24.641003,74.018572,0,UUD,77.0,7.0,257.0,6.0,2,3700,0,0,0,0,0,0

APPTR,D26,26,UGISO
IF,UGISO,24.358333,73.685833, ,0.0,0.0,0,0,0,0,0,0,0,0
TF,D217O,24.413378,73.730364,0, ,0.0,0.0,0.0,0.0,0,0,0,0,0,0,1,0
CI,0, ,0.0,37.0,0,0,0,0,0,0,0,0
AF,D170M,24.400661,73.935019,1,UUD,170.0,13.0,217.0,2,4700,0,0,0,0,0,0
AF,D077M,24.663442,74.125558,1,UUD,77.0,13.0,170.0,2,4000,0,0,0,0,1,0
CF,FD26,24.641003,74.018572,0,UUD,77.0,7.0,257.0,6.0,2,3700,0,0,0,0,0,0

APPTR,D26,26,UUD1
IF,UUD,24.614722,73.893806, ,0.0,0.0,2,4700,0,0,0,0,0,0
FD,UUD,24.614722,73.893806,0,UUD,0.0,9.0,56.0,9.0,2,3700,0,0,0,0,0,0
CF,FD26,24.641003,74.018572,2,UUD,77.0,7.0,257.0,2.0,2,3700,0,0,0,0,0,0

APPTR,D26,26,UUD2
IF,UUD,24.614722,73.893806, ,0.0,0.0,2,4700,0,0,0,0,0,0
FD,UUD,24.614722,73.893806,0,UUD,0.0,9.0,67.0,9.0,2,3700,0,0,0,0,0,0
CF,FD26,24.641003,74.018572,2,UUD,77.0,7.0,257.0,2.0,2,3700,0,0,0,0,0,0

FINAL,D26,26,D,2
IF,FD26,24.641003,74.018572,UUD,77.0,7.0,2,3700,0,0,0,0,2,0
CF,MD26,24.618486,73.911622,0,UUD,77.0,0.0,257.0,6.0,1,1786,0,0,0,0,3,0
FA,MD26,24.618486,73.911622,0,UUD,0.0,0.0,257.0,2,3000,0,0,0,0,0,0
DF,UUD,24.614722,73.893806,1, ,0.0,0.0,1,4700,0,0,0,0,0,0
HM,UUD,24.614722,73.893806,2, ,0.0,0.0,56.0,04.3,2,4700,0,0,0,0,0,0,0

APPTR,I26-Z,26,ARADO
IF,ARADO,24.026667,73.719722, ,0.0,0.0,0,0,0,0,0,0,0,0
TF,D195O,24.372694,73.821950,0, ,0.0,0.0,0.0,0.0,0,0,0,0,0,0,1,0
CI,0, ,0.0,15.0,0,0,0,0,0,0,0,0
AF,D170M,24.400661,73.935019,1,UUD,170.0,13.0,195.0,2,4700,0,0,0,0,0,0
AF,D091M,24.610744,74.131519,1,UUD,91.0,13.0,170.0,2,4000,0,0,0,0,0,0
VI,0,IUDR,0.0,292.0,0,0,0,0,0,0,0,0

APPTR,I26-Z,26,JDP
IF,JDP,26.249506,73.043258, ,0.0,0.0,0,0,0,0,0,0,0,0
TF,D335O,24.841781,73.777186,0, ,0.0,0.0,0.0,0.0,0,0,0,0,0,0,1,0
CI,0, ,0.0,155.0,0,0,0,0,0,0,0,0
AF,D073M,24.678103,74.121289,2,UUD,73.0,13.0,335.0,2,4000,0,0,0,0,0,0
VI,0,IUDR,0.0,232.0,0,0,0,0,0,0,0,0

APPTR,I26-Z,26,PRA
IF,PRA,24.037222,74.743889, ,0.0,0.0,0,0,0,0,0,0,0,0
TF,D126O,24.465814,74.114419,0, ,0.0,0.0,0.0,0.0,0,0,0,0,0,0,1,0
CI,0, ,0.0,306.0,0,0,0,0,0,0,0,0
AF,D091M,24.610744,74.131519,1,UUD,91.0,13.0,126.0,2,4000,0,0,0,0,0,0
VI,0,IUDR,0.0,292.0,0,0,0,0,0,0,0,0

APPTR,I26-Z,26,RUPEN
IF,RUPEN,25.141944,74.532222, ,0.0,0.0,0,0,0,0,0,0,0,0
TF,D048O,24.783483,74.096878,0, ,0.0,0.0,0.0,0.0,0,0,0,0,0,0,1,0
CI,0, ,0.0,228.0,0,0,0,0,0,0,0,0
AF,D073M,24.678103,74.121289,2,UUD,73.0,13.0,48.0,2,4000,0,0,0,0,0,0
VI,0,IUDR,0.0,232.0,0,0,0,0,0,0,0,0

APPTR,I26-Z,26,UGISO
IF,UGISO,24.358333,73.685833, ,0.0,0.0,0,0,0,0,0,0,0,0
TF,D217O,24.413378,73.730364,0, ,0.0,0.0,0.0,0.0,0,0,0,0,0,0,1,0
CI,0, ,0.0,37.0,0,0,0,0,0,0,0,0
AF,D170M,24.400661,73.935019,1,UUD,170.0,13.0,217.0,2,4700,0,0,0,0,0,0
AF,D091M,24.610744,74.131519,1,UUD,91.0,13.0,170.0,2,4000,0,0,0,0,0,0
VI,0,IUDR,0.0,292.0,0,0,0,0,0,0,0,0

APPTR,I26-Z,26,UUD
IF,UUD,24.614722,73.893806, ,0.0,0.0,2,4700,0,0,0,0,0,0
CI,0, ,0.0,78.0,0,0,0,0,0,0,0,0
CF,FI26,24.634292,74.020306,0,UUD,80.4,7.0,82.0,4.0,2,3700,0,0,0,0,0,0
FC,FI26,24.634292,74.020306,0,UUD,0.0,0.0,127.0,4.4,0,0,0,0,0,0,0,1
CI,1,IUDR,0.0,307.0,0,0,0,0,0,0,0,0

FINAL,I26-Z,26,I,3
IF,CI26Z,24.648814,74.128722,IUDR,81.6,13.7,2,4000,0,0,0,0,0,0
CF,FI26,24.634292,74.020306,0,IUDR,81.6,7.7,262.0,6.0,1,3700,0,0,0,0,2,0
CF,RW26,24.619067,73.907286,0,IUDR,81.6,1.4,262.0,6.2,1,1714,0,0,0,0,3,0
FA,RW26,24.619067,73.907286,0,UUD,0.0,0.0,262.0,2,3000,0,0,0,0,0,0
DF,UUD,24.614722,73.893806,1, ,0.0,0.0,1,4700,0,0,0,0,0,0
HM,UUD,24.614722,73.893806,2, ,0.0,0.0,78.0,04.3,2,4700,0,0,0,0,0,0,0

APPTR,R26-Y,26,UD263
IF,UD263,24.780517,74.098253, ,0.0,0.0,2,5400,0,1,210,0,1,0
TF,UD261,24.647731,74.119619,0, ,0.0,0.0,0.0,0.0,2,4000,0,1,180,0,1,0

APPTR,R26-Y,26,UD266
IF,UD266,24.465261,74.115792, ,0.0,0.0,2,5400,0,1,210,0,1,0
TF,UD016,24.564336,74.133014,0, ,0.0,0.0,0.0,0.0,2,4000,0,1,210,0,0,0
TF,UD261,24.647731,74.119619,0, ,0.0,0.0,0.0,0.0,2,4000,0,1,180,0,1,0

FINAL,R26-Y,26,R,3
IF,UD261,24.647731,74.119619, ,0.0,0.0,2,4000,0,1,180,0,0,0
TF,UD269,24.635428,74.028192,0, ,0.0,0.0,262.0,5.1,1,3700,0,0,0,0,2,0
TF,RW26,24.619067,73.907286,0, ,0.0,0.0,262.0,6.7,1,1714,0,0,0,0,3,1
CF,UD267,24.601903,73.780650,0,UUD,263.0,6.2,262.0,7.0,0,0,0,1,210,0,0,0
TF,UD268,24.476508,73.781892,0, ,0.0,0.0,0.0,0.0,0,0,0,1,210,0,0,0
TF,UD266,24.465261,74.115792,0, ,0.0,0.0,0.0,0.0,1,5400,0,1,210,0,0,0
HM,UD266,24.465261,74.115792,2, ,0.0,0.0,9.0,04.3,2,5400,0,1,230,0,0,0,0

