APPTR,D18-Z,18,AAT1
IF,AAT,23.890411,91.238647, ,0.0,0.0,2,2500,0,0,0,0,0,0
FD,AAT,23.890411,91.238647,0,AAT,0.0,7.0,32.0,7.0,2,1600,0,0,0,0,0,0
CF,FD18Z,23.976514,91.251817,1,AAT,9.0,5.2,189.0,2.0,2,1600,0,0,0,0,0,0

APPTR,D18-Z,18,AAT2
IF,AAT,23.890411,91.238647, ,0.0,0.0,2,2500,0,0,0,0,0,0
FD,AAT,23.890411,91.238647,0,AAT,0.0,7.0,22.0,7.0,2,1600,0,0,0,0,0,0
CF,FD18Z,23.976514,91.251817,1,AAT,9.0,5.2,189.0,2.0,2,1600,0,0,0,0,0,0

APPTR,D18-Z,18,IBAPA
IF,IBAPA,25.183889,91.435833, ,0.0,0.0,0,0,0,0,0,0,0,0
TF,D008O,24.138844,91.276203,0, ,0.0,0.0,0.0,0.0,0,0,0,0,0,0,1,0
TF,D009K,24.072553,91.266525,0, ,0.0,0.0,0.0,0.0,2,2500,0,0,0,0,1,0
TF,FD18Z,23.976514,91.251817,0, ,0.0,0.0,0.0,0.0,2,1600,0,0,0,0,0,0

APPTR,D18-Z,18,MEPAR
IF,MEPAR,24.000833,91.863611, ,0.0,0.0,0,0,0,0,0,0,0,0
TF,D079M,23.931744,91.470786,0, ,0.0,0.0,0.0,0.0,0,0,0,0,0,0,1,0
CI,0, ,0.0,259.0,0,0,0,0,0,0,0,0
AF,D009K,24.072553,91.266525,1,AAT,9.0,11.0,79.0,2,2500,0,0,0,0,1,0
TF,FD18Z,23.976514,91.251817,0, ,0.0,0.0,0.0,0.0,2,1600,0,0,0,0,0,0

FINAL,D18-Z,18,D,2
IF,FD18Z,23.976514,91.251817,AAT,9.0,5.2,2,1600,0,0,0,0,2,0
CF,RW18,23.897472,91.241708,0,AAT,22.7,0.5,189.0,4.8,1,112,0,0,0,0,3,0
CF,AAT,23.890411,91.238647,0,AAT,0.0,0.0,189.0,0.5,0,0,0,0,0,0,0,1
FA,AAT,23.890411,91.238647,0,AAT,0.0,0.0,189.0,2,1500,0,0,0,0,0,0
DF,AAT,23.890411,91.238647,1, ,0.0,0.0,1,2500,0,0,0,0,0,0
HM,AAT,23.890411,91.238647,2, ,0.0,0.0,5.0,04.3,2,2500,0,0,0,0,0,0,0

APPTR,D36-Z,36,CML
IF,CML,23.433342,91.190258, ,0.0,0.0,0,0,0,0,0,0,0,0
TF,D186O,23.640769,91.212175,0, ,0.0,0.0,0.0,0.0,0,0,0,0,0,0,1,0
TF,CD36Z,23.689872,91.231042,0, ,0.0,0.0,0.0,0.0,2,2500,0,0,0,0,1,0

APPTR,D36-Z,36,MEPAR
IF,MEPAR,24.000833,91.863611, ,0.0,0.0,0,0,0,0,0,0,0,0
TF,D079N,23.934911,91.488650,0, ,0.0,0.0,0.0,0.0,0,0,0,0,0,0,1,0
CI,0, ,0.0,259.0,0,0,0,0,0,0,0,0
AF,CD36Z,23.689872,91.231042,2,AAT,183.0,12.0,79.0,2,2500,0,0,0,0,1,0

FINAL,D36-Z,36,D,3
IF,CD36Z,23.689872,91.231042,AAT,183.0,12.0,2,2500,0,0,0,0,0,0
CF,FD36Z,23.786800,91.234714,0,AAT,183.0,6.2,3.0,5.8,2,1800,0,0,0,0,2,0
CF,RW36,23.876889,91.240019,0,AAT,175.7,0.8,3.0,5.4,1,106,0,0,0,0,3,0
CF,AAT,23.890411,91.238647,0,AAT,0.0,0.0,3.0,0.8,2,460,0,0,0,0,0,1
FA,AAT,23.890411,91.238647,0,AAT,0.0,0.0,50.0,2,2000,0,0,0,0,0,0
DF,AAT,23.890411,91.238647,2, ,0.0,0.0,1,2500,0,0,0,0,0,0
HM,AAT,23.890411,91.238647,2, ,0.0,0.0,3.0,04.3,2,2500,0,0,0,0,0,0,0

APPTR,I18-Y,18,AT1
IF,AT,23.887531,91.243483, ,0.0,0.0,2,2500,0,0,0,0,0,0
FD,AT,23.887531,91.243483,0,IAGE,0.0,6.0,28.0,6.0,2,1600,0,0,0,0,0,0
CF,CI18,23.994497,91.249675,1,IAGE,5.3,7.2,185.0,1.0,2,1600,0,0,0,0,0,0

APPTR,I18-Y,18,AT2
IF,AT,23.887531,91.243483, ,0.0,0.0,2,2500,0,0,0,0,0,0
FD,AT,23.887531,91.243483,0,IAGE,0.0,6.0,17.0,6.0,2,1600,0,0,0,0,0,0
CF,CI18,23.994497,91.249675,1,IAGE,5.3,7.2,185.0,1.0,2,1600,0,0,0,0,0,0

FINAL,I18-Y,18,I,3
IF,CI18,23.994497,91.249675,IAGE,5.3,7.2,2,1600,0,0,0,0,0,0
CF,FI18,23.974486,91.248031,0,IAGE,5.3,6.0,185.0,1.2,1,1600,0,0,0,0,2,0
CF,RW18,23.897472,91.241708,0,IAGE,5.3,1.4,185.0,4.6,1,112,0,0,0,0,3,0
FA,RW18,23.897472,91.241708,0,AAT,0.0,0.0,185.0,2,1500,0,0,0,0,0,0
DF,AT,23.887531,91.243483,1, ,0.0,0.0,1,2500,0,0,0,0,0,0
HM,AT,23.887531,91.243483,2, ,0.0,0.0,5.0,04.3,2,2500,0,0,0,0,0,0,0

APPTR,I18-Z,18,AAT1
IF,AAT,23.890411,91.238647, ,0.0,0.0,2,2500,0,0,0,0,0,0
FD,AAT,23.890411,91.238647,0,AAT,0.0,6.0,32.0,6.0,2,1600,0,0,0,0,0,0
CI,1,IAGE,0.0,215.0,2,1600,0,0,0,0,0,0

APPTR,I18-Z,18,AAT2
IF,AAT,23.890411,91.238647, ,0.0,0.0,2,2500,0,0,0,0,0,0
FD,AAT,23.890411,91.238647,0,AAT,0.0,6.0,20.0,6.0,2,1600,0,0,0,0,0,0
CI,1,IAGE,0.0,215.0,2,1600,0,0,0,0,0,0

APPTR,I18-Z,18,IBAPA
IF,IBAPA,25.183889,91.435833, ,0.0,0.0,0,0,0,0,0,0,0,0
TF,D008O,24.138844,91.276203,0, ,0.0,0.0,0.0,0.0,0,0,0,0,0,0,1,0
VI,0, ,0.0,215.0,0,0,0,0,0,0,0,0
CF,CI18Z,24.073697,91.256186,0,IAGE,5.3,12.0,185.0,3.0,2,2500,0,0,0,0,1,0

APPTR,I18-Z,18,MEPAR
IF,MEPAR,24.000833,91.863611, ,0.0,0.0,0,0,0,0,0,0,0,0
TF,D079M,23.931744,91.470786,0, ,0.0,0.0,0.0,0.0,0,0,0,0,0,0,1,0
CI,0, ,0.0,259.0,0,0,0,0,0,0,0,0
AF,D016K,24.068069,91.290492,1,AAT,16.0,11.0,79.0,2,2500,0,0,0,0,0,0
VI,0,IAGE,0.0,215.0,0,0,0,0,0,0,0,0

APPTR,I18-Z,18,PAPLI
IF,PAPLI,24.372861,91.518228, ,0.0,0.0,0,0,0,0,0,0,0,0
TF,D028M,24.082394,91.349614,0, ,0.0,0.0,0.0,0.0,0,0,0,1,185,0,1,0
CI,0, ,0.0,208.0,0,0,0,0,0,0,0,0
AF,D016K,24.068069,91.290492,1,AAT,16.0,11.0,28.0,2,2500,0,0,0,0,0,0
VI,0,IAGE,0.0,215.0,0,0,0,0,0,0,0,0

FINAL,I18-Z,18,I,3
IF,CI18Z,24.073697,91.256186,IAGE,5.3,12.0,2,2500,0,0,0,0,0,0
CF,FI18,23.974486,91.248031,0,IAGE,5.3,6.0,185.0,6.0,1,1600,0,0,0,0,2,0
CF,RW18,23.897472,91.241708,0,IAGE,5.3,1.4,185.0,4.6,1,112,0,0,0,0,3,0
FA,RW18,23.897472,91.241708,0,AAT,0.0,0.0,185.0,2,1500,0,0,0,0,0,0
DF,AAT,23.890411,91.238647,1, ,0.0,0.0,1,2500,0,0,0,0,0,0
HM,AAT,23.890411,91.238647,2, ,0.0,0.0,5.0,04.3,2,2500,0,0,0,0,0,0,0

