APPTR,R09-Y,09,DO613
IF,DO613,24.446075,86.349103, ,0.0,0.0,2,3600,0,1,210,0,1,0
TF,DO612,24.446450,86.473300,0, ,0.0,0.0,0.0,0.0,2,3600,0,1,210,0,1,0

APPTR,R09-Y,09,DO614
IF,DO614,24.563489,86.472936, ,0.0,0.0,2,3600,0,1,210,0,1,0
TF,DO612,24.446450,86.473300,0, ,0.0,0.0,0.0,0.0,2,3600,0,1,210,0,1,0

APPTR,R09-Y,09,DO615
IF,DO615,24.329411,86.473664, ,0.0,0.0,2,3600,0,1,210,0,1,0
TF,DO612,24.446450,86.473300,0, ,0.0,0.0,0.0,0.0,2,3600,0,1,210,0,1,0

FINAL,R09-Y,09,R,3
IF,DO612,24.446450,86.473300, ,0.0,0.0,2,3600,0,1,210,0,0,0
TF,DO611,24.446719,86.595672,0, ,0.0,0.0,90.0,6.7,1,2500,0,0,0,0,2,0
TF,RW09,24.446861,86.692658,0, ,0.0,0.0,90.0,5.3,1,809,0,0,0,0,3,1
CF,DO616,24.446942,86.809992,0,DGP,334.3,53.7,90.0,6.4,0,0,0,1,210,0,0,0
TF,DO617,24.329944,86.810486,0, ,0.0,0.0,0.0,0.0,0,0,0,1,210,0,0,0
TF,DO615,24.329411,86.473664,0, ,0.0,0.0,0.0,0.0,0,0,0,1,210,0,0,0
TF,DO612,24.446450,86.473300,0, ,0.0,0.0,0.0,0.0,2,3600,0,1,210,0,0,0
HM,DO612,24.446450,86.473300,1, ,0.0,0.0,90.0,04.3,2,3600,0,1,230,0,0,0,0

APPTR,R27-Y,27,DO513
IF,DO513,24.446842,87.058403, ,0.0,0.0,2,3600,0,1,210,0,1,0
TF,DO512,24.446947,86.930550,0, ,0.0,0.0,0.0,0.0,2,2900,0,1,210,0,1,0

APPTR,R27-Y,27,DO514
IF,DO514,24.563989,86.930608, ,0.0,0.0,2,3600,0,1,210,0,1,0
TF,DO512,24.446947,86.930550,0, ,0.0,0.0,0.0,0.0,2,2900,0,1,210,0,1,0

APPTR,R27-Y,27,DO515
IF,DO515,24.329906,86.930492, ,0.0,0.0,2,3600,0,1,210,0,1,0
TF,DO512,24.446947,86.930550,0, ,0.0,0.0,0.0,0.0,2,2900,0,1,210,0,1,0

FINAL,R27-Y,27,R,3
IF,DO512,24.446947,86.930550, ,0.0,0.0,2,2900,0,1,210,0,0,0
TF,DO511,24.446953,86.811831,0, ,0.0,0.0,270.0,6.5,1,2500,0,0,0,0,2,0
TF,RW27,24.446889,86.717311,0, ,0.0,0.0,270.0,5.2,1,852,0,0,0,0,3,1
CF,DO516,24.446667,86.568456,0,DGP,323.0,60.7,270.0,8.2,0,0,0,1,210,0,0,0
TF,DO517,24.563708,86.568181,0, ,0.0,0.0,0.0,0.0,0,0,0,1,210,0,0,0
TF,DO514,24.563989,86.930608,0, ,0.0,0.0,0.0,0.0,2,3600,0,1,210,0,0,0
HM,DO514,24.563989,86.930608,1, ,0.0,0.0,180.0,04.3,2,3600,0,1,230,0,0,0,0

APPTR,R27-Z,27,DO513
IF,DO513,24.446842,87.058403, ,0.0,0.0,2,3600,0,1,210,0,1,0
TF,DO512,24.446947,86.930550,0, ,0.0,0.0,0.0,0.0,2,2900,0,1,210,0,1,0

APPTR,R27-Z,27,DO514
IF,DO514,24.563989,86.930608, ,0.0,0.0,2,3600,0,1,210,0,1,0
TF,DO512,24.446947,86.930550,0, ,0.0,0.0,0.0,0.0,2,2900,0,1,210,0,1,0

APPTR,R27-Z,27,DO515
IF,DO515,24.329906,86.930492, ,0.0,0.0,2,3600,0,1,210,0,1,0
TF,DO512,24.446947,86.930550,0, ,0.0,0.0,0.0,0.0,2,2900,0,1,210,0,1,0

FINAL,R27-Z,27,R,3
IF,DO512,24.446947,86.930550, ,0.0,0.0,2,2900,0,1,210,0,0,0
TF,DO521,24.446953,86.811819,0, ,0.0,0.0,270.0,6.5,1,2500,0,0,0,0,2,0
TF,RW27,24.446889,86.717311,0, ,0.0,0.0,270.0,5.2,1,852,0,0,0,0,3,1
CF,DO516,24.446667,86.568456,0,DGP,323.0,60.7,270.0,8.2,0,0,0,1,210,0,0,0
TF,DO517,24.563708,86.568181,0, ,0.0,0.0,0.0,0.0,0,0,0,1,210,0,0,0
TF,DO514,24.563989,86.930608,0, ,0.0,0.0,0.0,0.0,1,3600,0,1,210,0,0,0
HM,DO514,24.563989,86.930608,1, ,0.0,0.0,180.0,04.3,2,3600,0,1,230,0,0,0,0

