FINAL,I12,12,I,3
IF,CI12,25.957431,93.619164,IDMP,299.1,10.0,2,2700,0,0,0,0,0,0
CF,FI12,25.935406,93.664856,0,IDMP,299.1,7.2,119.0,2.8,1,2600,0,0,0,0,2,0
CF,RW12,25.887878,93.763392,0,IDMP,299.1,1.2,119.0,6.0,1,532,0,0,0,0,3,0
CF,D119B,25.870947,93.798439,0,DMR,124.9,1.1,119.0,2.2,0,0,0,0,0,0,0,1
DF,DMR,25.880917,93.782028,1, ,0.0,0.0,1,6100,0,1,170,0,0,0
HM,DMR,25.880917,93.782028,2, ,0.0,0.0,119.0,04.3,2,6100,0,0,0,0,0,0,0

APPTR,Q12-B,12,MR
IF,MR,25.884028,93.768167, ,0.0,0.0,2,6000,0,1,185,0,0,0
TF,FN210,25.974675,93.823750,0, ,0.0,0.0,0.0,0.0,2,4000,0,0,0,0,0,0
FC,FN210,25.974675,93.823750,0,DMR,0.0,0.0,345.0,3.9,0,0,0,0,0,0,0,1
CF,FN210,25.974675,93.823750,2,DMR,22.9,6.1,210.0,4.0,2,3000,0,0,0,0,0,0

FINAL,Q12-B,12,N,2
IF,FN210,25.974675,93.823750,MR,0.0,0.0,2,3000,0,0,0,0,2,0
CF,MR,25.884028,93.768167,0,MR,0.0,0.0,210.0,6.2,1,1500,0,0,0,0,3,0
FA,MR,25.884028,93.768167,0,DMR,0.0,0.0,225.0,2,3400,0,0,0,0,0,0
DF,MR,25.884028,93.768167,2, ,0.0,0.0,1,6000,0,0,0,0,0,0
HM,MR,25.884028,93.768167,1, ,0.0,0.0,45.0,04.3,2,6000,0,1,220,0,0,0,0

APPTR,Q30-B,30,MR
IF,MR,25.884028,93.768167, ,0.0,0.0,2,6000,0,1,185,0,0,0
TF,FN210,25.974675,93.823750,0, ,0.0,0.0,0.0,0.0,2,4000,0,0,0,0,0,0
FC,FN210,25.974675,93.823750,0,DMR,0.0,0.0,345.0,3.9,0,0,0,0,0,0,0,1
CF,FN210,25.974675,93.823750,2,DMR,22.9,6.1,210.0,4.0,2,3000,0,0,0,0,0,0

FINAL,Q30-B,30,N,2
IF,FN210,25.974675,93.823750,MR,0.0,0.0,2,3000,0,0,0,0,2,0
CF,MR,25.884028,93.768167,0,MR,0.0,0.0,210.0,6.2,1,1500,0,0,0,0,3,0
FA,MR,25.884028,93.768167,0,DMR,0.0,0.0,225.0,2,3400,0,0,0,0,0,0
DF,MR,25.884028,93.768167,2, ,0.0,0.0,1,6000,0,0,0,0,0,0
HM,MR,25.884028,93.768167,1, ,0.0,0.0,45.0,04.3,2,6000,0,1,220,0,0,0,0

APPTR,R12-R,12,DMR
IF,DMR,25.880917,93.782028, ,0.0,0.0,2,6000,0,1,185,0,0,0
TF,FS205,25.987806,93.834700,0, ,0.0,0.0,0.0,0.0,2,3800,0,0,0,0,0,0
FC,FS205,25.987806,93.834700,0,DMR,0.0,0.0,340.0,3.9,0,0,0,0,0,0,0,1
CF,FS205,25.987806,93.834700,2,DMR,25.0,7.0,205.0,4.0,2,3000,0,0,0,0,0,0

FINAL,R12-R,12,R,2
IF,FS205,25.987806,93.834700,DMR,25.0,7.0,2,3000,0,0,0,0,2,0
CF,DMR,25.880917,93.782028,0,DMR,0.0,0.0,205.0,7.0,1,1500,0,0,0,0,3,0
FA,DMR,25.880917,93.782028,0,DMR,0.0,0.0,225.0,2,3400,0,0,0,0,0,0
DF,DMR,25.880917,93.782028,2, ,0.0,0.0,1,6000,0,0,0,0,0,0
HM,DMR,25.880917,93.782028,1, ,0.0,0.0,40.0,04.3,2,6000,0,1,220,0,0,0,0

APPTR,R30-R,30,DMR
IF,DMR,25.880917,93.782028, ,0.0,0.0,2,6000,0,1,185,0,0,0
TF,FS205,25.987806,93.834700,0, ,0.0,0.0,0.0,0.0,2,3800,0,0,0,0,0,0
FC,FS205,25.987806,93.834700,0,DMR,0.0,0.0,340.0,3.9,0,0,0,0,0,0,0,1
CF,FS205,25.987806,93.834700,2,DMR,25.0,7.0,205.0,4.0,2,3000,0,0,0,0,0,0

FINAL,R30-R,30,R,2
IF,FS205,25.987806,93.834700,DMR,25.0,7.0,2,3000,0,0,0,0,2,0
CF,DMR,25.880917,93.782028,0,DMR,0.0,0.0,205.0,7.0,1,1500,0,0,0,0,3,0
FA,DMR,25.880917,93.782028,0,DMR,0.0,0.0,225.0,2,3400,0,0,0,0,0,0
DF,DMR,25.880917,93.782028,2, ,0.0,0.0,1,6000,0,0,0,0,0,0
HM,DMR,25.880917,93.782028,1, ,0.0,0.0,40.0,04.3,2,6000,0,1,220,0,0,0,0

