APPTR,D06,06,BEGUM
IF,BEGUM,23.148611,80.762778, ,0.0,0.0,0,0,0,0,0,0,0,0
TF,D336O,21.408781,81.631831,0, ,0.0,0.0,0.0,0.0,0,0,0,0,0,0,1,0
CI,0, ,0.0,156.0,0,0,0,0,0,0,0,0
AF,D243M,21.078711,81.539342,1,RRP,243.0,13.0,336.0,2,3100,0,0,0,0,1,0
CF,FD06,21.125131,81.632150,0,RRP,243.0,7.1,63.0,5.9,2,3100,0,0,0,0,0,0

APPTR,D06,06,DOSAT
IF,DOSAT,21.692500,81.306667, ,0.0,0.0,0,0,0,0,0,0,0,0
TF,D322O,21.376961,81.576836,0, ,0.0,0.0,0.0,0.0,0,0,0,0,0,0,1,0
CI,0, ,0.0,142.0,0,0,0,0,0,0,0,0
AF,D243M,21.078711,81.539342,1,RRP,243.0,13.0,322.0,2,3100,0,0,0,0,1,0
CF,FD06,21.125131,81.632150,0,RRP,243.0,7.1,63.0,5.9,2,3100,0,0,0,0,0,0

APPTR,D06,06,IKOSI
IF,IKOSI,20.717500,81.948333, ,0.0,0.0,0,0,0,0,0,0,0,0
TF,D158O,20.949156,81.846317,0, ,0.0,0.0,0.0,0.0,0,0,0,0,0,0,1,0
CI,0, ,0.0,338.0,0,0,0,0,0,0,0,0
AF,D243M,21.078711,81.539342,2,RRP,243.0,13.0,158.0,2,3100,0,0,0,0,1,0
CF,FD06,21.125131,81.632150,0,RRP,243.0,7.1,63.0,5.9,2,3100,0,0,0,0,0,0

APPTR,D06,06,RRP1
FD,RRP,21.180917,81.743917,0,RRP,0.0,10.0,262.0,10.0,2,3100,0,0,0,0,0,0
CF,FD06,21.125131,81.632150,1,RRP,243.0,7.1,63.0,3.0,2,3100,0,0,0,0,0,0

APPTR,D06,06,RRP2
FD,RRP,21.180917,81.743917,0,RRP,0.0,10.0,253.0,10.0,2,3100,0,0,0,0,0,0
CF,FD06,21.125131,81.632150,1,RRP,243.0,7.1,63.0,3.0,2,3100,0,0,0,0,0,0

APPTR,D06,06,SADEV
IF,SADEV,20.794167,81.370278, ,0.0,0.0,0,0,0,0,0,0,0,0
TF,D223O,20.995200,81.564147,0, ,0.0,0.0,0.0,0.0,0,0,0,0,0,0,1,0
CI,0, ,0.0,43.0,0,0,0,0,0,0,0,0
AF,D243M,21.078711,81.539342,2,RRP,243.0,13.0,223.0,2,3100,0,0,0,0,1,0
CF,FD06,21.125131,81.632150,0,RRP,243.0,7.1,63.0,5.9,2,3100,0,0,0,0,0,0

APPTR,D06,06,TEGIG
IF,TEGIG,21.502500,80.593611, ,0.0,0.0,0,0,0,0,0,0,0,0
TF,D287O,21.253347,81.487717,0, ,0.0,0.0,0.0,0.0,0,0,0,0,0,0,1,0
CI,0, ,0.0,107.0,0,0,0,0,0,0,0,0
AF,D243M,21.078711,81.539342,1,RRP,243.0,13.0,287.0,2,3100,0,0,0,0,1,0
CF,FD06,21.125131,81.632150,0,RRP,243.0,7.1,63.0,5.9,2,3100,0,0,0,0,0,0

APPTR,D06,06,VEMPI
IF,VEMPI,21.877778,80.503333, ,0.0,0.0,0,0,0,0,0,0,0,0
TF,D302O,21.310761,81.514897,0, ,0.0,0.0,0.0,0.0,0,0,0,0,0,0,1,0
CI,0, ,0.0,122.0,0,0,0,0,0,0,0,0
AF,D243M,21.078711,81.539342,1,RRP,243.0,13.0,302.0,2,3100,0,0,0,0,1,0
CF,FD06,21.125131,81.632150,0,RRP,243.0,7.1,63.0,5.9,2,3100,0,0,0,0,0,0

FINAL,D06,06,D,2
IF,FD06,21.125131,81.632150,RRP,243.0,7.1,2,3100,0,0,0,0,2,0
CF,MD06,21.169142,81.720292,0,RRP,243.0,1.5,63.0,5.6,1,1313,0,0,0,0,3,0
FA,MD06,21.169142,81.720292,0,RRP,0.0,0.0,63.0,2,3100,0,0,0,0,0,0
DF,RRP,21.180917,81.743917,2, ,0.0,0.0,1,3100,0,0,0,0,0,0
HM,RRP,21.180917,81.743917,1, ,0.0,0.0,262.0,04.3,2,3100,0,0,0,0,0,0,0

APPTR,D24,24,BEGUM
IF,BEGUM,23.148611,80.762778, ,0.0,0.0,0,0,0,0,0,0,0,0
TF,D336N,21.393594,81.639311,0, ,0.0,0.0,0.0,0.0,0,0,0,0,0,0,1,0
CI,0, ,0.0,156.0,0,0,0,0,0,0,0,0
AF,D055L,21.298817,81.917189,2,RRP,55.0,12.0,336.0,2,3100,0,0,0,0,1,0
CF,FD24,21.247753,81.842069,0,RRP,55.0,6.8,235.0,5.2,2,3100,0,0,0,0,0,0

APPTR,D24,24,BIGVA
IF,BIGVA,20.901111,82.606111, ,0.0,0.0,0,0,0,0,0,0,0,0
TF,D110N,21.104817,81.979989,0, ,0.0,0.0,0.0,0.0,0,0,0,0,0,0,1,0
CI,0, ,0.0,290.0,0,0,0,0,0,0,0,0
AF,D055L,21.298817,81.917189,1,RRP,55.0,12.0,110.0,2,3100,0,0,0,0,1,0
CF,FD24,21.247753,81.842069,0,RRP,55.0,6.8,235.0,5.2,2,3100,0,0,0,0,0,0

APPTR,D24,24,DOSAT
IF,DOSAT,21.692500,81.306667, ,0.0,0.0,0,0,0,0,0,0,0,0
TF,D322N,21.363897,81.587986,0, ,0.0,0.0,0.0,0.0,0,0,0,0,0,0,1,0
CI,0, ,0.0,142.0,0,0,0,0,0,0,0,0
AF,D055L,21.298817,81.917189,2,RRP,55.0,12.0,322.0,2,3100,0,0,0,0,1,0
CF,FD24,21.247753,81.842069,0,RRP,55.0,6.8,235.0,5.2,2,3100,0,0,0,0,0,0

APPTR,D24,24,ENTAP
IF,ENTAP,22.076389,83.469444, ,0.0,0.0,0,0,0,0,0,0,0,0
TF,D061R,21.328253,82.024011,0, ,0.0,0.0,0.0,0.0,0,0,0,0,0,0,1,0
TF,D055L,21.298817,81.917189,0, ,0.0,0.0,0.0,0.0,2,3100,0,0,0,0,1,0
CF,FD24,21.247753,81.842069,0,RRP,55.0,6.8,235.0,5.2,2,3100,0,0,0,0,0,0

APPTR,D24,24,IKOSI
IF,IKOSI,20.717500,81.948333, ,0.0,0.0,0,0,0,0,0,0,0,0
TF,D158N,20.964608,81.839500,0, ,0.0,0.0,0.0,0.0,0,0,0,0,0,0,1,0
CI,0, ,0.0,338.0,0,0,0,0,0,0,0,0
AF,D055L,21.298817,81.917189,1,RRP,55.0,12.0,158.0,2,3100,0,0,0,0,1,0
CF,FD24,21.247753,81.842069,0,RRP,55.0,6.8,235.0,5.2,2,3100,0,0,0,0,0,0

APPTR,D24,24,NIPAD
IF,NIPAD,21.871667,81.998056, ,0.0,0.0,0,0,0,0,0,0,0,0
TF,D020N,21.402389,81.825114,0, ,0.0,0.0,0.0,0.0,0,0,0,0,0,0,1,0
CI,0, ,0.0,200.0,0,0,0,0,0,0,0,0
AF,D055L,21.298817,81.917189,2,RRP,55.0,12.0,20.0,2,3100,0,0,0,0,1,0
CF,FD24,21.247753,81.842069,0,RRP,55.0,6.8,235.0,5.2,2,3100,0,0,0,0,0,0

APPTR,D24,24,OGUNA
IF,OGUNA,21.484444,82.672500, ,0.0,0.0,0,0,0,0,0,0,0,0
TF,D071R,21.280664,82.046908,0, ,0.0,0.0,0.0,0.0,0,0,0,0,0,0,0,0
TF,D055L,21.298817,81.917189,0, ,0.0,0.0,0.0,0.0,2,3100,0,0,0,0,1,0
CF,FD24,21.247753,81.842069,0,RRP,55.0,6.8,235.0,5.2,2,3100,0,0,0,0,0,0

APPTR,D24,24,RRP1
FD,RRP,21.180917,81.743917,0,RRP,0.0,9.0,33.0,9.0,2,3100,0,0,0,0,0,0
CF,FD24,21.247753,81.842069,2,RRP,55.0,6.8,235.0,3.0,2,3100,0,0,0,0,0,0

APPTR,D24,24,RRP2
FD,RRP,21.180917,81.743917,0,RRP,0.0,9.0,43.0,9.0,2,3100,0,0,0,0,0,0
CF,FD24,21.247753,81.842069,2,RRP,55.0,6.8,235.0,3.0,2,3100,0,0,0,0,0,0

APPTR,D24,24,TEGIG
IF,TEGIG,21.502500,80.593611, ,0.0,0.0,0,0,0,0,0,0,0,0
TF,D287N,21.248531,81.504806,0, ,0.0,0.0,0.0,0.0,0,0,0,0,0,0,1,0
CI,0, ,0.0,107.0,0,0,0,0,0,0,0,0
AF,D055L,21.298817,81.917189,2,RRP,55.0,12.0,287.0,2,3100,0,0,0,0,1,0
CF,FD24,21.247753,81.842069,0,RRP,55.0,6.8,235.0,5.2,2,3100,0,0,0,0,0,0

APPTR,D24,24,VEMPI
IF,VEMPI,21.877778,80.503333, ,0.0,0.0,0,0,0,0,0,0,0,0
TF,D302N,21.302117,81.530178,0, ,0.0,0.0,0.0,0.0,0,0,0,0,0,0,1,0
CI,0, ,0.0,122.0,0,0,0,0,0,0,0,0
AF,D055L,21.298817,81.917189,2,RRP,55.0,12.0,302.0,2,3100,0,0,0,0,1,0
CF,FD24,21.247753,81.842069,0,RRP,55.0,6.8,235.0,5.2,2,3100,0,0,0,0,0,0

FINAL,D24,24,D,2
IF,FD24,21.247753,81.842069,RRP,55.0,6.8,2,3100,0,0,0,0,2,0
CF,MD24,21.195669,81.765556,0,RRP,55.0,1.5,235.0,5.3,1,1421,0,0,0,0,3,0
FA,MD24,21.195669,81.765556,0,RRP,0.0,0.0,235.0,2,3100,0,0,0,0,0,0
DF,RRP,21.180917,81.743917,1, ,0.0,0.0,1,3100,0,0,0,0,0,0
HM,RRP,21.180917,81.743917,2, ,0.0,0.0,33.0,04.3,2,3100,0,0,0,0,0,0,0

APPTR,I24,24,BEGUM
IF,BEGUM,23.148611,80.762778, ,0.0,0.0,0,0,0,0,0,0,0,0
TF,D336N,21.393594,81.639311,0, ,0.0,0.0,0.0,0.0,0,0,0,0,0,0,1,0
CI,0, ,0.0,156.0,0,0,0,0,0,0,0,0
AF,D050L,21.312533,81.905572,2,RRP,50.0,12.0,336.0,2,3100,0,0,0,0,0,0
VI,0,IRAI,0.0,210.0,0,0,0,0,0,0,0,0

APPTR,I24,24,BIGVA
IF,BIGVA,20.901111,82.606111, ,0.0,0.0,0,0,0,0,0,0,0,0
TF,D110N,21.104817,81.979989,0, ,0.0,0.0,0.0,0.0,0,0,0,0,0,0,1,0
CI,0, ,0.0,290.0,0,0,0,0,0,0,0,0
AF,D070L,21.252739,81.943806,1,RRP,70.0,12.0,110.0,2,3100,0,0,0,0,0,0
VI,0,IRAI,0.0,270.0,0,0,0,0,0,0,0,0

APPTR,I24,24,DOSAT
IF,DOSAT,21.692500,81.306667, ,0.0,0.0,0,0,0,0,0,0,0,0
TF,D322N,21.363897,81.587986,0, ,0.0,0.0,0.0,0.0,0,0,0,0,0,0,1,0
CI,0, ,0.0,142.0,0,0,0,0,0,0,0,0
AF,D050L,21.312533,81.905572,2,RRP,50.0,12.0,322.0,2,3100,0,0,0,0,0,0
VI,0,IRAI,0.0,210.0,0,0,0,0,0,0,0,0

APPTR,I24,24,ENTAP
IF,ENTAP,22.076389,83.469444, ,0.0,0.0,0,0,0,0,0,0,0,0
TF,D061R,21.328253,82.024011,0, ,0.0,0.0,0.0,0.0,0,0,0,0,0,0,1,0
CF,CI24,21.285833,81.926386,0,IRAI,60.0,13.0,245.0,6.0,2,3100,0,0,0,0,1,0

APPTR,I24,24,IKOSI
IF,IKOSI,20.717500,81.948333, ,0.0,0.0,0,0,0,0,0,0,0,0
TF,D158N,20.964608,81.839500,0, ,0.0,0.0,0.0,0.0,0,0,0,0,0,0,1,0
CI,0, ,0.0,338.0,0,0,0,0,0,0,0,0
AF,D070L,21.252739,81.943806,1,RRP,70.0,12.0,158.0,2,3100,0,0,0,0,0,0
VI,0,IRAI,0.0,270.0,0,0,0,0,0,0,0,0

APPTR,I24,24,NIPAD
IF,NIPAD,21.871667,81.998056, ,0.0,0.0,0,0,0,0,0,0,0,0
TF,D020N,21.402389,81.825114,0, ,0.0,0.0,0.0,0.0,0,0,0,0,0,0,1,0
CI,0, ,0.0,200.0,0,0,0,0,0,0,0,0
AF,D050L,21.312533,81.905572,2,RRP,50.0,12.0,20.0,2,3100,0,0,0,0,0,0
VI,0,IRAI,0.0,210.0,0,0,0,0,0,0,0,0

APPTR,I24,24,OGUNA
IF,OGUNA,21.484444,82.672500, ,0.0,0.0,0,0,0,0,0,0,0,0
TF,D071R,21.280664,82.046908,0, ,0.0,0.0,0.0,0.0,0,0,0,0,0,0,1,0
CF,CI24,21.285833,81.926386,0,IRAI,60.0,13.0,273.0,6.8,2,3100,0,0,0,0,1,0

APPTR,I24,24,RRP
IF,RRP,21.180917,81.743917, ,0.0,0.0,2,3100,0,0,0,0,0,0
CI,0, ,0.0,57.0,0,0,0,0,0,0,0,0
CF,FI24,21.240981,81.846467,0,RRP,59.0,6.8,60.0,4.0,2,3100,0,0,0,0,0,0
FC,FI24,21.240981,81.846467,0,RRP,0.0,0.0,105.0,4.4,0,0,0,0,0,0,0,1
CI,1,IRAI,0.0,285.0,0,0,0,0,0,0,0,0

APPTR,I24,24,TEGIG
IF,TEGIG,21.502500,80.593611, ,0.0,0.0,0,0,0,0,0,0,0,0
TF,D287N,21.248531,81.504806,0, ,0.0,0.0,0.0,0.0,0,0,0,0,0,0,1,0
CI,0, ,0.0,107.0,0,0,0,0,0,0,0,0
AF,D050L,21.312533,81.905572,2,RRP,50.0,12.0,287.0,2,3100,0,0,0,0,0,0
VI,0,IRAI,0.0,210.0,0,0,0,0,0,0,0,0

APPTR,I24,24,VEMPI
IF,VEMPI,21.877778,80.503333, ,0.0,0.0,0,0,0,0,0,0,0,0
TF,D302N,21.302117,81.530178,0, ,0.0,0.0,0.0,0.0,0,0,0,0,0,0,1,0
CI,0, ,0.0,122.0,0,0,0,0,0,0,0,0
AF,D050L,21.312533,81.905572,2,RRP,50.0,12.0,302.0,2,3100,0,0,0,0,0,0
VI,0,IRAI,0.0,210.0,0,0,0,0,0,0,0,0

FINAL,I24,24,I,3
IF,CI24,21.285833,81.926386,IRAI,60.0,13.0,2,3100,0,0,0,0,0,0
CF,FI24,21.240981,81.846467,0,IRAI,60.0,7.7,240.0,5.2,1,3100,0,0,0,0,2,0
CF,RW24,21.186481,81.749517,0,IRAI,60.0,1.4,240.0,6.3,1,1086,0,0,0,0,3,0
FA,RW24,21.186481,81.749517,0,RRP,0.0,0.0,240.0,2,3100,0,0,0,0,0,0
DF,RRP,21.180917,81.743917,1, ,0.0,0.0,1,3100,0,0,0,0,0,0
HM,RRP,21.180917,81.743917,2, ,0.0,0.0,57.0,04.3,2,3100,0,0,0,0,0,0,0

