APPTR,D05,05,AVNUL
IF,AVNUL,21.834167,91.896944, ,0.0,0.0,0,0,0,0,0,0,0,0
TF,D170L,22.059356,91.860075,0, ,0.0,0.0,0.0,0.0,2,3500,0,0,0,0,1,1
CI,0, ,0.0,350.0,0,0,0,0,0,0,0,0
AF,D220J,22.127731,91.714522,2,CTG,220.0,10.0,170.0,2,1500,0,0,0,0,0,1
CF,CD05,22.169206,91.696736,0,CTG,235.0,9.0,55.0,1.0,2,1500,0,0,0,0,0,0

APPTR,D05,05,DAKID
IF,DAKID,22.309167,91.380556, ,0.0,0.0,0,0,0,0,0,0,0,0
TF,D277L,22.282525,91.613511,0, ,0.0,0.0,0.0,0.0,2,3500,0,0,0,0,1,0
CI,0, ,0.0,97.0,0,0,0,0,0,0,0,0
AF,D260J,22.225739,91.651156,1,CTG,260.0,10.0,277.0,2,1500,0,0,0,0,0,1
CF,CD05,22.169206,91.696736,0,CTG,235.0,9.0,55.0,1.0,2,1500,0,0,0,0,0,0

APPTR,D05,05,ONEKA
IF,ONEKA,22.580000,91.537222, ,0.0,0.0,0,0,0,0,0,0,0,0
TF,D321L,22.411681,91.689064,0, ,0.0,0.0,0.0,0.0,2,3500,0,0,0,0,1,0
CI,0, ,0.0,141.0,0,0,0,0,0,0,0,0
AF,D260J,22.225739,91.651156,1,CTG,260.0,10.0,321.0,2,1500,0,0,0,0,0,1
CF,CD05,22.169206,91.696736,0,CTG,235.0,9.0,55.0,1.0,2,1500,0,0,0,0,0,0

APPTR,D05,05,TANAP
IF,TANAP,21.940833,92.110278, ,0.0,0.0,0,0,0,0,0,0,0,0
TF,D141L,22.103489,91.965353,0, ,0.0,0.0,0.0,0.0,2,3500,0,0,0,0,1,0
CI,0, ,0.0,321.0,0,0,0,0,0,0,0,0
AF,D220J,22.127731,91.714522,2,CTG,220.0,10.0,141.0,2,1500,0,0,0,0,0,1
CF,CD05,22.169206,91.696736,0,CTG,235.0,9.0,55.0,1.0,2,1500,0,0,0,0,0,0

APPTR,D05,05,VINET
IF,VINET,22.407725,91.407964, ,0.0,0.0,0,0,0,0,0,0,0,0
TF,D292L,22.329547,91.626097,0, ,0.0,0.0,0.0,0.0,2,3500,0,0,0,0,1,0
CI,0, ,0.0,112.0,0,0,0,0,0,0,0,0
AF,D260J,22.225739,91.651156,1,CTG,260.0,10.0,292.0,2,1500,0,0,0,0,0,1
CF,CD05,22.169206,91.696736,0,CTG,235.0,9.0,55.0,1.0,2,1500,0,0,0,0,0,0

FINAL,D05,05,D,4
IF,CD05,22.169206,91.696736,CTG,235.0,9.0,2,1500,0,0,0,0,0,0
CF,FD05,22.198742,91.740314,0,CTG,235.0,6.0,55.0,3.0,2,1000,0,0,0,0,2,0
CF,30VO2,22.228250,91.783894,0,CTG,235.0,3.0,55.0,3.0,2,500,0,0,0,0,0,0
CF,RW05,22.240833,91.802633,0,CTG,234.8,1.7,55.0,1.3,1,64,0,0,0,0,3,0
CF,CTG,22.257750,91.827494,0,CTG,0.0,0.0,55.0,1.7,0,0,0,0,0,0,0,1
FM,CTG,22.257750,91.827494,0,CTG,0.0,0.0,55.0,1,2000,0,0,0,0,0,0

APPTR,D23,23,AVNUL
IF,AVNUL,21.834167,91.896944, ,0.0,0.0,0,0,0,0,0,0,0,0
TF,D170L,22.059356,91.860075,0, ,0.0,0.0,0.0,0.0,2,3500,0,0,0,0,1,1
CI,0, ,0.0,350.0,0,0,0,0,0,0,0,0
AF,D061J,22.341297,91.983192,1,CTG,61.0,10.0,170.0,2,1500,0,0,0,0,0,1
CF,FD23,22.364133,91.941914,0,CTG,46.0,9.0,226.0,1.0,2,1500,0,0,0,0,0,0

APPTR,D23,23,DAKID
IF,DAKID,22.309167,91.380556, ,0.0,0.0,0,0,0,0,0,0,0,0
TF,D277L,22.282525,91.613511,0, ,0.0,0.0,0.0,0.0,2,3500,0,0,0,0,1,0
CI,0, ,0.0,97.0,0,0,0,0,0,0,0,0
AF,D023J,22.412806,91.894875,2,CTG,23.0,10.0,277.0,2,1500,0,0,0,0,0,1
CF,FD23,22.364133,91.941914,0,CTG,46.0,9.0,226.0,1.0,2,1500,0,0,0,0,0,0

APPTR,D23,23,ONEKA
IF,ONEKA,22.580000,91.537222, ,0.0,0.0,0,0,0,0,0,0,0,0
TF,D321L,22.411681,91.689064,0, ,0.0,0.0,0.0,0.0,2,3500,0,0,0,0,1,0
CI,0, ,0.0,141.0,0,0,0,0,0,0,0,0
AF,D023J,22.412806,91.894875,2,CTG,23.0,10.0,321.0,2,1500,0,0,0,0,0,1
CF,FD23,22.364133,91.941914,0,CTG,46.0,9.0,226.0,1.0,2,1500,0,0,0,0,0,0

APPTR,D23,23,TANAP
IF,TANAP,21.940833,92.110278, ,0.0,0.0,0,0,0,0,0,0,0,0
TF,D141L,22.103489,91.965353,0, ,0.0,0.0,0.0,0.0,2,3500,0,0,0,0,1,0
CI,0, ,0.0,321.0,0,0,0,0,0,0,0,0
AF,D061J,22.341297,91.983192,1,CTG,61.0,10.0,141.0,2,1500,0,0,0,0,0,1
CF,FD23,22.364133,91.941914,0,CTG,46.0,9.0,226.0,1.0,2,1500,0,0,0,0,0,0

APPTR,D23,23,VINET
IF,VINET,22.407725,91.407964, ,0.0,0.0,0,0,0,0,0,0,0,0
TF,D292L,22.329547,91.626097,0, ,0.0,0.0,0.0,0.0,2,3500,0,0,0,0,1,0
CI,0, ,0.0,112.0,0,0,0,0,0,0,0,0
AF,D023J,22.412806,91.894875,2,CTG,23.0,10.0,292.0,2,1500,0,0,0,0,0,1
CF,FD23,22.364133,91.941914,0,CTG,46.0,9.0,226.0,1.0,2,1500,0,0,0,0,0,0

FINAL,D23,23,D,4
IF,FD23,22.364133,91.941914,CTG,46.0,9.0,2,1500,0,0,0,0,2,0
CF,60VO2,22.328675,91.903750,0,CTG,46.0,6.0,226.0,3.0,2,1000,0,0,0,0,0,0
CF,30VOR,22.293208,91.865603,0,CTG,46.0,3.0,226.0,3.0,2,520,0,0,0,0,0,0
CF,CTG,22.257750,91.827494,0,CTG,0.0,0.0,226.0,3.0,1,112,0,0,0,0,3,0
FM,CTG,22.257750,91.827494,0,CTG,0.0,0.0,226.0,1,2000,0,0,0,0,0,0

APPTR,I23,23,AVNUL
IF,AVNUL,21.834167,91.896944, ,0.0,0.0,0,0,0,0,0,0,0,0
TF,D170L,22.059356,91.860075,0, ,0.0,0.0,0.0,0.0,2,3500,0,0,0,0,1,1
CI,0, ,0.0,350.0,0,0,0,0,0,0,0,0
AF,D075J,22.303756,92.000267,1,CTG,75.0,10.0,170.0,2,2500,0,1,185,0,1,0
AF,D049L,22.370958,91.959903,1,CTG,48.4,10.0,75.0,0,0,0,0,0,0,0,0
CF,CI23,22.348742,91.933019,0,ICG,49.3,9.9,229.0,2.0,2,2500,0,0,0,0,0,0

APPTR,I23,23,CTG1
IF,CTG,22.257750,91.827494, ,0.0,0.0,2,3500,0,0,0,0,0,0
FD,CTG,22.257750,91.827494,0,CTG,0.0,10.0,67.0,10.0,2,2500,0,0,0,0,0,0
CF,CI23,22.348742,91.933019,1,ICG,49.3,9.9,229.0,2.0,2,2500,0,0,0,0,0,0

APPTR,I23,23,CTG2
IF,CTG,22.257750,91.827494, ,0.0,0.0,2,3500,0,0,0,0,0,0
FD,CTG,22.257750,91.827494,0,CTG,0.0,10.0,61.0,10.0,2,2500,0,0,0,0,0,0
CF,CI23,22.348742,91.933019,1,ICG,49.3,9.9,229.0,2.0,2,2500,0,0,0,0,0,0

APPTR,I23,23,DAKID
IF,DAKID,22.309167,91.380556, ,0.0,0.0,0,0,0,0,0,0,0,0
TF,D277L,22.282525,91.613511,0, ,0.0,0.0,0.0,0.0,2,3500,0,0,0,0,1,0
CI,0, ,0.0,97.0,0,0,0,0,0,0,0,0
AF,D025J,22.410522,91.900653,2,CTG,25.0,10.0,277.0,2,2500,0,1,185,0,1,0
AF,D049L,22.370958,91.959903,2,CTG,48.4,10.0,25.0,0,0,0,0,0,0,0,0
CF,CI23,22.348742,91.933019,0,ICG,49.3,9.9,229.0,2.0,2,2500,0,0,0,0,0,0

APPTR,I23,23,ONEKA
IF,ONEKA,22.580000,91.537222, ,0.0,0.0,0,0,0,0,0,0,0,0
TF,D321L,22.411681,91.689064,0, ,0.0,0.0,0.0,0.0,2,3500,0,0,0,0,1,0
CI,0, ,0.0,141.0,0,0,0,0,0,0,0,0
AF,D025J,22.410522,91.900653,2,CTG,25.0,10.0,321.0,2,2500,0,1,185,0,1,0
AF,D049L,22.370958,91.959903,2,CTG,48.4,10.0,25.0,0,0,0,0,0,0,0,0
CF,CI23,22.348742,91.933019,0,ICG,49.3,9.9,229.0,2.0,2,2500,0,0,0,0,0,0

APPTR,I23,23,TANAP
IF,TANAP,21.940833,92.110278, ,0.0,0.0,0,0,0,0,0,0,0,0
TF,D141L,22.103489,91.965353,0, ,0.0,0.0,0.0,0.0,2,3500,0,0,0,0,1,0
CI,0, ,0.0,321.0,0,0,0,0,0,0,0,0
AF,D075J,22.303756,92.000267,1,CTG,75.0,10.0,141.0,2,2500,0,1,185,0,1,0
AF,D049L,22.370958,91.959903,1,CTG,48.4,10.0,75.0,0,0,0,0,0,0,0,0
CF,CI23,22.348742,91.933019,0,ICG,49.3,9.9,229.0,2.0,2,2500,0,0,0,0,0,0

APPTR,I23,23,VINET
IF,VINET,22.407725,91.407964, ,0.0,0.0,0,0,0,0,0,0,0,0
TF,D292L,22.329547,91.626097,0, ,0.0,0.0,0.0,0.0,2,3500,0,0,0,0,1,0
CI,0, ,0.0,112.0,0,0,0,0,0,0,0,0
AF,D025J,22.410522,91.900653,2,CTG,25.0,10.0,292.0,2,2500,0,1,185,0,1,0
AF,D049L,22.370958,91.959903,2,CTG,48.4,10.0,25.0,0,0,0,0,0,0,0,0
CF,CI23,22.348742,91.933019,0,ICG,49.3,9.9,229.0,2.0,2,2500,0,0,0,0,0,0

FINAL,I23,23,I,3
IF,CI23,22.348742,91.933019,ICG,49.3,9.9,2,2500,0,0,0,0,0,0
CF,FI23,22.323186,91.902111,0,ICG,49.3,7.6,229.0,2.3,1,1980,0,0,0,0,2,0
CF,RW23,22.258450,91.823900,0,ICG,49.3,1.7,229.0,5.8,1,75,0,0,0,0,3,0
FM,RW23,22.258450,91.823900,0,CTG,0.0,0.0,229.0,1,2000,0,0,0,0,0,0

APPTR,R05,05,LASAK
IF,LASAK,22.073550,91.762883, ,0.0,0.0,2,4000,0,1,230,0,1,0
TF,ELNIX,22.148525,91.691303,0, ,0.0,0.0,0.0,0.0,2,1500,0,1,200,0,1,0

APPTR,R05,05,RIMPI
IF,RIMPI,22.223469,91.619647, ,0.0,0.0,2,3500,0,1,230,0,1,0
TF,ELNIX,22.148525,91.691303,0, ,0.0,0.0,0.0,0.0,2,1500,0,1,200,0,1,0

FINAL,R05,05,R,3
IF,ELNIX,22.148525,91.691303, ,0.0,0.0,2,1500,0,1,200,0,0,0
TF,MUKTI,22.190786,91.742264,0, ,0.0,0.0,49.0,3.8,1,1500,0,0,0,0,2,0
TF,RW05,22.240833,91.802633,0, ,0.0,0.0,49.0,4.5,1,64,0,0,0,0,3,1
CA,0,49.0,2,1800,0,0,0,0,0,0
DF,ARAKU,22.109806,91.857364,2, ,0.0,0.0,1,3500,0,1,230,0,0,1
HM,ARAKU,22.109806,91.857364,2, ,0.0,0.0,229.0,04.3,2,3500,0,1,230,0,0,0,0

APPTR,R23,23,BENRO
IF,BENRO,22.427875,92.028875, ,0.0,0.0,2,4000,0,1,230,0,1,0
TF,OLRIN,22.361253,91.948178,0, ,0.0,0.0,0.0,0.0,2,1800,0,1,200,0,1,0

APPTR,R23,23,IPRAX
IF,IPRAX,22.286219,92.019792, ,0.0,0.0,2,3500,0,1,230,0,1,0
TF,OLRIN,22.361253,91.948178,0, ,0.0,0.0,0.0,0.0,2,1800,0,1,200,0,1,0

APPTR,R23,23,KAFCO
IF,KAFCO,22.436256,91.876486, ,0.0,0.0,2,3500,0,1,230,0,1,0
TF,OLRIN,22.361253,91.948178,0, ,0.0,0.0,0.0,0.0,2,1800,0,1,200,0,1,0

FINAL,R23,23,R,3
IF,OLRIN,22.361253,91.948178, ,0.0,0.0,2,1800,0,1,200,0,0,0
TF,KANIA,22.319039,91.897108,0, ,0.0,0.0,229.0,3.8,1,1800,0,0,0,0,2,0
TF,RW23,22.258450,91.823900,0, ,0.0,0.0,229.0,5.5,1,64,0,0,0,0,3,1
CA,0,229.0,2,1800,0,0,0,0,0,0
DF,ARAKU,22.109806,91.857364,1, ,0.0,0.0,1,3500,0,1,230,0,0,1
HM,ARAKU,22.109806,91.857364,2, ,0.0,0.0,49.0,04.3,2,3500,0,1,230,0,0,0,0

APPTR,S05,05,CTG1
IF,CTG,22.257750,91.827494, ,0.0,0.0,2,3500,0,0,0,0,0,0
FC,CTG,22.257750,91.827494,0,CTG,0.0,0.0,217.0,10.5,2,1500,0,0,0,0,0,1
CF,FS05,22.196542,91.737067,2,CTG,235.0,6.2,55.0,5.0,2,1500,0,0,0,0,0,0

APPTR,S05,05,CTG2
IF,CTG,22.257750,91.827494, ,0.0,0.0,2,3500,0,0,0,0,0,0
FC,CTG,22.257750,91.827494,0,CTG,0.0,0.0,223.0,10.5,2,1500,0,0,0,0,0,1
CF,FS05,22.196542,91.737067,2,CTG,235.0,6.2,55.0,5.0,2,1500,0,0,0,0,0,0

FINAL,S05,05,D,2
IF,FS05,22.196542,91.737067,CTG,235.0,6.2,2,1500,0,0,0,0,2,0
CF,RW05,22.240833,91.802633,0,CTG,234.8,1.7,55.0,4.5,1,64,0,0,0,0,3,0
CF,CTG,22.257750,91.827494,0,CTG,0.0,0.0,55.0,1.7,0,0,0,0,0,0,0,1
FM,CTG,22.257750,91.827494,0,CTG,0.0,0.0,55.0,1,2000,0,0,0,0,0,0

APPTR,S23,23,CTG1
IF,CTG,22.257750,91.827494, ,0.0,0.0,2,3500,0,0,0,0,0,0
FC,CTG,22.257750,91.827494,0,CTG,0.0,0.0,56.0,10.5,2,1500,0,0,0,0,0,1
CF,FS23,22.316303,91.874919,1,CTG,38.0,4.4,218.0,6.0,2,1500,0,0,0,0,0,0

APPTR,S23,23,CTG2
IF,CTG,22.257750,91.827494, ,0.0,0.0,2,3500,0,0,0,0,0,0
FC,CTG,22.257750,91.827494,0,CTG,0.0,0.0,50.0,9.0,2,1500,0,0,0,0,0,1
CF,FS23,22.316303,91.874919,1,CTG,38.0,4.4,218.0,5.0,2,1500,0,0,0,0,0,0

FINAL,S23,23,D,2
IF,FS23,22.316303,91.874919,CTG,38.0,4.4,2,1500,0,0,0,0,2,0
CF,CTG,22.257750,91.827494,0,CTG,0.0,0.0,218.0,4.4,1,104,0,0,0,0,3,0
FA,CTG,22.257750,91.827494,0,CTG,0.0,0.0,220.0,2,1500,0,0,0,0,0,0
VM,0,0,0,220.0,1,1500,0,0,0,0,0,0

