APPTR,N16,16,SD
IF,SD,25.764519,88.909683, ,0.0,0.0,2,2000,0,1,150,0,0,0
FC,SD,25.764519,88.909683,0,SD,0.0,0.0,342.0,7.5,2,1200,0,0,0,0,0,1
CF,FN16,25.825639,88.870681,1,SD,330.0,4.2,150.0,4.0,2,1200,0,0,0,0,0,0

FINAL,N16,16,N,2
IF,FN16,25.825639,88.870681,SD,0.0,0.0,2,1200,0,0,0,0,2,0
CF,RW16,25.766825,88.905814,0,SD,0.0,0.0,150.0,4.0,1,175,0,0,0,0,3,0
CF,SD,25.764519,88.909683,0,SD,0.0,0.0,150.0,0.3,0,0,0,0,0,0,0,1
CA,0,150.0,2,2000,0,0,0,0,0,0
VM,0,0,0,150.0,1,2000,0,1,150,0,0,0

APPTR,N34,34,SD
IF,SD,25.764519,88.909683, ,0.0,0.0,2,2000,0,0,0,0,0,0
FC,SD,25.764519,88.909683,0,SD,0.0,0.0,145.0,8.8,2,1200,0,0,0,0,0,1
CF,FN34,25.689325,88.939886,2,SD,160.0,4.8,340.0,4.0,2,1200,0,0,0,0,0,0

FINAL,N34,34,N,2
IF,FN34,25.689325,88.939886,SD,0.0,0.0,2,1200,0,0,0,0,2,0
CF,RW34,25.751317,88.912203,0,SD,0.0,0.0,340.0,4.0,1,175,0,0,0,0,3,0
CF,SD,25.764519,88.909683,0,SD,0.0,0.0,340.0,0.8,0,0,0,0,0,0,0,1
CA,0,340.0,2,2000,0,0,0,0,0,0
VM,0,0,0,340.0,1,2000,0,0,0,0,0,0

APPTR,R16,16,SD162
IF,SD162,25.984542,88.816019, ,0.0,0.0,2,3100,0,1,230,0,1,0
TF,SD161,25.906239,88.848356,0, ,0.0,0.0,0.0,0.0,2,1900,0,1,200,0,1,0

FINAL,R16,16,R,3
IF,SD161,25.906239,88.848356, ,0.0,0.0,2,1900,0,1,200,0,0,0
TF,SD160,25.851419,88.870967,0, ,0.0,0.0,160.0,3.5,1,1900,0,0,0,0,2,0
TF,RW16,25.766825,88.905814,0, ,0.0,0.0,160.0,5.4,1,175,0,0,0,0,3,1
CA,0,160.0,2,1200,0,0,0,0,0,0
DF,SDMHP,25.790464,89.073089,1, ,0.0,0.0,1,3000,0,1,230,0,0,1
HM,SDMHP,25.790464,89.073089,2, ,0.0,0.0,340.0,04.3,2,3000,0,1,230,0,0,0,0

APPTR,R34,34,SD342
IF,SD342,25.533528,89.001644, ,0.0,0.0,2,3100,0,1,230,0,1,0
TF,SD341,25.611869,88.969511,0, ,0.0,0.0,0.0,0.0,2,1900,0,1,200,0,1,0

FINAL,R34,34,R,3
IF,SD341,25.611869,88.969511, ,0.0,0.0,2,1900,0,1,200,0,0,0
TF,SD340,25.666706,88.946989,0, ,0.0,0.0,340.0,3.5,1,1900,0,0,0,0,2,0
TF,RW34,25.751317,88.912203,0, ,0.0,0.0,340.0,5.4,1,175,0,0,0,0,3,1
CA,0,340.0,2,1200,0,0,0,0,0,0
DF,SDMHP,25.790464,89.073089,2, ,0.0,0.0,1,3000,0,1,230,0,0,1
HM,SDMHP,25.790464,89.073089,2, ,0.0,0.0,160.0,04.3,2,3000,0,1,230,0,0,0,0

APPTR,S16-W,16,SDP1
IF,SDP,25.764433,88.909431, ,0.0,0.0,2,3000,0,1,220,0,1,0
FC,SDP,25.764433,88.909431,0,SDP,0.0,0.0,356.0,9.2,2,1500,0,0,0,0,0,1
CF,FV16W,25.831150,88.876594,1,SDP,336.0,4.4,156.0,5.0,2,1500,0,0,0,0,0,0

APPTR,S16-W,16,SDP2
IF,SDP,25.764433,88.909431, ,0.0,0.0,2,3000,0,1,140,0,1,0
FC,SDP,25.764433,88.909431,0,SDP,0.0,0.0,348.0,7.0,2,1500,0,0,0,0,0,1
CF,FV16W,25.831150,88.876594,1,SDP,336.0,4.4,156.0,3.0,2,1500,0,0,0,0,0,0

FINAL,S16-W,16,D,2
IF,FV16W,25.831150,88.876594,SDP,336.0,4.4,2,1500,0,0,0,0,2,0
CF,RW16,25.766825,88.905814,0,SDP,306.1,0.2,156.0,4.2,1,175,0,0,0,0,3,0
CF,SDP,25.764433,88.909431,0,SDP,0.0,0.0,156.0,0.2,0,0,0,0,0,0,0,1
CA,0,156.0,2,1500,0,0,0,0,0,0
CF,SDP,25.764433,88.909431,1,SDP,0.0,0.0,292.0,3.0,1,3000,0,0,0,0,0,0
HM,SDP,25.764433,88.909431,2, ,0.0,0.0,356.0,04.3,2,3000,0,0,0,0,0,0,0

APPTR,S34-X,34,SDP1
IF,SDP,25.764433,88.909431, ,0.0,0.0,2,3000,0,1,220,0,1,0
FC,SDP,25.764433,88.909431,0,SDP,0.0,0.0,144.0,9.2,2,1500,0,0,0,0,0,1
CF,FS34X,25.684789,88.934633,2,SDP,164.0,5.0,344.0,5.0,2,1500,0,0,0,0,0,0

APPTR,S34-X,34,SDP2
IF,SDP,25.764433,88.909431, ,0.0,0.0,2,3000,0,1,140,0,1,0
FC,SDP,25.764433,88.909431,0,SDP,0.0,0.0,152.0,7.0,2,1500,0,0,0,0,0,1
CF,FS34X,25.684789,88.934633,2,SDP,164.0,5.0,344.0,3.0,2,1500,0,0,0,0,0,0

FINAL,S34-X,34,D,2
IF,FS34X,25.684789,88.934633,SDP,164.0,5.0,2,1500,0,0,0,0,2,0
CF,RW34,25.751317,88.912203,0,SDP,169.2,0.8,344.0,4.2,1,175,0,0,0,0,3,0
CF,SDP,25.764433,88.909431,0,SDP,0.0,0.0,344.0,0.8,0,0,0,0,0,0,0,1
CA,0,344.0,2,1500,0,0,0,0,0,0
CF,SDP,25.764433,88.909431,1,SDP,0.0,0.0,127.0,3.0,1,3000,0,0,0,0,0,0
HM,SDP,25.764433,88.909431,2, ,0.0,0.0,144.0,04.3,2,3000,0,0,0,0,0,0,0

