SID,ATEN1X,07R,5
CF,PORPA,22.335861,114.021194,0,SMT,95.8,2.2,74.0,5.0,3,5000,0,1,205,0,0,0
RF,PORSH,22.294550,114.084322,2,VH991,181.7,2.6,0,0,0,0,0,0,0,0
TF,RAMEN,22.160894,114.086081,0, ,0.0,0.0,0.0,0.0,0,0,0,1,220,0,0,0
TF,COLEY,22.111397,114.310453,0, ,0.0,0.0,0.0,0.0,0,0,0,0,0,0,0,0
TF,ATENA,22.411069,114.386633,0, ,0.0,0.0,0.0,0.0,0,0,0,0,0,0,0,0
TF,BEKOL,22.543333,114.133333,0, ,0.0,0.0,0.0,0.0,2,15700,0,0,0,0,0,0

SID,ATEN1Z,07L,5
CF,DE07L,22.332303,113.915550,0,SMT,268.1,3.7,74.0,1.0,0,0,0,0,0,0,0,1
FA,DE07L,22.332303,113.915550,0,SMT,0.0,0.0,74.0,2,430,0,0,0,0,0,0
CF,ROVER,22.343217,114.027533,0,SMT,85.5,2.6,89.0,6.0,3,5000,0,1,205,0,0,0
RF,RUSUG,22.291606,114.086711,2,VH993,182.6,3.1,0,0,0,0,0,0,0,0
TF,RAMEN,22.160894,114.086081,0, ,0.0,0.0,0.0,0.0,0,0,0,1,220,0,0,0
TF,COLEY,22.111397,114.310453,0, ,0.0,0.0,0.0,0.0,0,0,0,0,0,0,0,0
TF,ATENA,22.411069,114.386633,0, ,0.0,0.0,0.0,0.0,0,0,0,0,0,0,0,0
TF,BEKOL,22.543333,114.133333,0, ,0.0,0.0,0.0,0.0,2,15700,0,0,0,0,0,0

SID,ATEN2A,07R,5
CF,PORPA,22.335861,114.021194,0,SMT,95.8,2.2,74.0,5.0,3,5000,0,1,205,0,0,1
DF,RAMEN,22.160894,114.086081,2, ,0.0,0.0,0,0,0,1,220,0,0,0
TF,COLEY,22.111397,114.310453,0, ,0.0,0.0,0.0,0.0,0,0,0,0,0,0,0,0
TF,ATENA,22.411069,114.386633,0, ,0.0,0.0,0.0,0.0,0,0,0,0,0,0,0,0
TF,BEKOL,22.543333,114.133333,0, ,0.0,0.0,0.0,0.0,2,15700,0,0,0,0,0,0

SID,ATEN2E,07L,5
CF,DE07L,22.332303,113.915550,0,SMT,268.1,3.7,74.0,1.0,0,0,0,0,0,0,0,1
FA,DE07L,22.332303,113.915550,0,SMT,0.0,0.0,74.0,2,430,0,0,0,0,0,0
DF,ROVER,22.343217,114.027533,0, ,0.0,0.0,3,5000,0,1,205,0,0,1
DF,RAMEN,22.160894,114.086081,0, ,0.0,0.0,0,0,0,1,220,0,0,0
TF,COLEY,22.111397,114.310453,0, ,0.0,0.0,0.0,0.0,0,0,0,0,0,0,0,0
TF,ATENA,22.411069,114.386633,0, ,0.0,0.0,0.0,0.0,0,0,0,0,0,0,0,0
TF,BEKOL,22.543333,114.133333,0, ,0.0,0.0,0.0,0.0,2,15700,0,0,0,0,0,0

SID,BEKO1E,07L,5
CF,DE07L,22.332303,113.915550,0,SMT,268.1,3.7,74.0,1.0,0,0,0,0,0,0,0,1
FA,DE07L,22.332303,113.915550,0,SMT,0.0,0.0,74.0,2,430,0,0,0,0,0,0
DF,ROVER,22.343217,114.027533,0, ,0.0,0.0,3,5000,0,1,205,0,0,1
DF,TD,22.247894,114.293139,0, ,0.0,0.0,0,0,0,1,220,0,0,0
TF,ATENA,22.411069,114.386633,0, ,0.0,0.0,0.0,0.0,0,0,0,0,0,0,0,0
TF,BEKOL,22.543333,114.133333,0, ,0.0,0.0,0.0,0.0,2,15700,0,0,0,0,0,0

SID,BEKO1F,25R,5
CF,DE25R,22.321075,113.880697,0,SMT,263.1,5.7,254.0,1.0,0,0,0,0,0,0,0,1
FA,DE25R,22.321075,113.880697,0,SMT,0.0,0.0,254.0,2,430,0,0,0,0,0,0
DF,VEPIK,22.275372,113.805603,0, ,0.0,0.0,3,5000,0,1,205,0,0,1
DF,RUMSY,22.082483,113.804664,0, ,0.0,0.0,0,0,0,1,230,0,0,0
TF,TUNNA,21.790278,113.965000,0, ,0.0,0.0,0.0,0.0,0,0,0,0,0,0,0,0
TF,SAMON,21.906592,114.209153,0, ,0.0,0.0,0.0,0.0,0,0,0,0,0,0,0,0
TF,BEKOL,22.543333,114.133333,0, ,0.0,0.0,0.0,0.0,2,15700,0,0,0,0,0,0

SID,BEKO2B,25L,5
CF,PRAWN,22.268167,113.811139,0,SMT,249.4,10.4,254.0,5.0,3,5000,0,1,205,0,0,1
DF,RUMSY,22.082483,113.804664,0, ,0.0,0.0,0,0,0,1,230,0,0,0
TF,TUNNA,21.790278,113.965000,0, ,0.0,0.0,0.0,0.0,0,0,0,0,0,0,0,0
TF,SAMON,21.906592,114.209153,0, ,0.0,0.0,0.0,0.0,0,0,0,0,0,0,0,0
TF,BEKOL,22.543333,114.133333,0, ,0.0,0.0,0.0,0.0,2,15700,0,0,0,0,0,0

SID,BEKO3A,07R,5
CF,PORPA,22.335861,114.021194,0,SMT,95.8,2.2,74.0,5.0,3,5000,0,1,205,0,0,1
DF,TD,22.247894,114.293139,0, ,0.0,0.0,0,0,0,1,220,0,0,0
TF,ATENA,22.411069,114.386633,0, ,0.0,0.0,0.0,0.0,0,0,0,0,0,0,0,0
TF,BEKOL,22.543333,114.133333,0, ,0.0,0.0,0.0,0.0,2,15700,0,0,0,0,0,0

SID,LAKE1E,07L,5
CF,DE07L,22.332303,113.915550,0,SMT,268.1,3.7,74.0,1.0,0,0,0,0,0,0,0,1
FA,DE07L,22.332303,113.915550,0,SMT,0.0,0.0,74.0,2,430,0,0,0,0,0,0
DF,ROVER,22.343217,114.027533,0, ,0.0,0.0,3,5000,0,1,205,0,0,1
DF,TD,22.247894,114.293139,0, ,0.0,0.0,0,0,0,1,220,0,0,0
TF,SHELY,22.090736,114.653872,0, ,0.0,0.0,0.0,0.0,0,0,0,0,0,0,0,0
TF,LAKES,21.978139,114.910722,0, ,0.0,0.0,0.0,0.0,0,0,0,0,0,0,0,0

SID,LAKE1F,25R,5
CF,DE25R,22.321075,113.880697,0,SMT,263.1,5.7,254.0,1.0,0,0,0,0,0,0,0,1
FA,DE25R,22.321075,113.880697,0,SMT,0.0,0.0,254.0,2,430,0,0,0,0,0,0
DF,VEPIK,22.275372,113.805603,0, ,0.0,0.0,3,5000,0,1,205,0,0,1
DF,RUMSY,22.082483,113.804664,0, ,0.0,0.0,0,0,0,1,230,0,0,0
TF,TUNNA,21.790278,113.965000,0, ,0.0,0.0,0.0,0.0,0,0,0,0,0,0,0,0
TF,TROUT,21.798611,114.270278,0, ,0.0,0.0,0.0,0.0,2,14000,0,0,0,0,0,0
TF,LAKES,21.978139,114.910722,0, ,0.0,0.0,0.0,0.0,0,0,0,0,0,0,0,0

SID,LAKE2B,25L,5
CF,PRAWN,22.268167,113.811139,0,SMT,249.4,10.4,254.0,5.0,3,5000,0,1,205,0,0,1
DF,RUMSY,22.082483,113.804664,0, ,0.0,0.0,0,0,0,1,230,0,0,0
TF,TUNNA,21.790278,113.965000,0, ,0.0,0.0,0.0,0.0,0,0,0,0,0,0,0,0
TF,TROUT,21.798611,114.270278,0, ,0.0,0.0,0.0,0.0,2,14000,0,0,0,0,0,0
TF,LAKES,21.978139,114.910722,0, ,0.0,0.0,0.0,0.0,0,0,0,0,0,0,0,0

SID,LAKE3A,07R,5
CF,PORPA,22.335861,114.021194,0,SMT,95.8,2.2,74.0,5.0,3,5000,0,1,205,0,0,1
DF,TD,22.247894,114.293139,0, ,0.0,0.0,0,0,0,1,220,0,0,0
TF,SHELY,22.090736,114.653872,0, ,0.0,0.0,0.0,0.0,0,0,0,0,0,0,0,0
TF,LAKES,21.978139,114.910722,0, ,0.0,0.0,0.0,0.0,0,0,0,0,0,0,0,0

SID,OCEA1E,07L,5
CF,DE07L,22.332303,113.915550,0,SMT,268.1,3.7,74.0,1.0,0,0,0,0,0,0,0,1
FA,DE07L,22.332303,113.915550,0,SMT,0.0,0.0,74.0,2,430,0,0,0,0,0,0
DF,ROVER,22.343217,114.027533,0, ,0.0,0.0,3,5000,0,1,205,0,0,1
DF,TD,22.247894,114.293139,0, ,0.0,0.0,0,0,0,1,220,0,0,0
TF,OCEAN,21.811944,114.813333,0, ,0.0,0.0,0.0,0.0,0,0,0,0,0,0,0,0

SID,OCEA1F,25R,5
CF,DE25R,22.321075,113.880697,0,SMT,263.1,5.7,254.0,1.0,0,0,0,0,0,0,0,1
FA,DE25R,22.321075,113.880697,0,SMT,0.0,0.0,254.0,2,430,0,0,0,0,0,0
DF,VEPIK,22.275372,113.805603,0, ,0.0,0.0,3,5000,0,1,205,0,0,1
DF,RUMSY,22.082483,113.804664,0, ,0.0,0.0,0,0,0,1,230,0,0,0
TF,TUNNA,21.790278,113.965000,0, ,0.0,0.0,0.0,0.0,0,0,0,0,0,0,0,0
TF,TROUT,21.798611,114.270278,0, ,0.0,0.0,0.0,0.0,2,14000,0,0,0,0,0,0
TF,OCEAN,21.811944,114.813333,0, ,0.0,0.0,0.0,0.0,0,0,0,0,0,0,0,0

SID,OCEA2A,07R,5
CF,PORPA,22.335861,114.021194,0,SMT,95.8,2.2,74.0,5.0,3,5000,0,1,205,0,0,1
DF,TD,22.247894,114.293139,0, ,0.0,0.0,0,0,0,1,220,0,0,0
TF,OCEAN,21.811944,114.813333,0, ,0.0,0.0,0.0,0.0,0,0,0,0,0,0,0,0

SID,OCEA2B,25L,5
CF,PRAWN,22.268167,113.811139,0,SMT,249.4,10.4,254.0,5.0,3,5000,0,1,205,0,0,1
DF,RUMSY,22.082483,113.804664,0, ,0.0,0.0,0,0,0,1,230,0,0,0
TF,TUNNA,21.790278,113.965000,0, ,0.0,0.0,0.0,0.0,0,0,0,0,0,0,0,0
TF,TROUT,21.798611,114.270278,0, ,0.0,0.0,0.0,0.0,2,14000,0,0,0,0,0,0
TF,OCEAN,21.811944,114.813333,0, ,0.0,0.0,0.0,0.0,0,0,0,0,0,0,0,0

SID,PECA1A,07R,5
CF,PORPA,22.335861,114.021194,0,SMT,95.8,2.2,74.0,5.0,3,5000,0,1,205,0,0,1
DF,RAMEN,22.160894,114.086081,2, ,0.0,0.0,0,0,0,1,220,0,0,0
TF,BREAM,21.779444,114.057778,0, ,0.0,0.0,0.0,0.0,0,0,0,0,0,0,0,0
TF,TITAN,21.674278,114.050700,0, ,0.0,0.0,0.0,0.0,0,0,0,0,0,0,0,0
TF,PECAN,21.438942,114.034900,0, ,0.0,0.0,0.0,0.0,0,0,0,0,0,0,0,0

SID,PECA1B,25L,5
CF,PRAWN,22.268167,113.811139,0,SMT,249.4,10.4,254.0,5.0,3,5000,0,1,205,0,0,1
DF,RUMSY,22.082483,113.804664,0, ,0.0,0.0,0,0,0,1,230,0,0,0
TF,TUNNA,21.790278,113.965000,0, ,0.0,0.0,0.0,0.0,0,0,0,0,0,0,0,0
TF,TITAN,21.674278,114.050700,0, ,0.0,0.0,0.0,0.0,0,0,0,0,0,0,0,0
TF,PECAN,21.438942,114.034900,0, ,0.0,0.0,0.0,0.0,0,0,0,0,0,0,0,0

SID,PECA1E,07L,5
CF,DE07L,22.332303,113.915550,0,SMT,268.1,3.7,74.0,1.0,0,0,0,0,0,0,0,1
FA,DE07L,22.332303,113.915550,0,SMT,0.0,0.0,74.0,2,430,0,0,0,0,0,0
DF,ROVER,22.343217,114.027533,0, ,0.0,0.0,3,5000,0,1,205,0,0,1
DF,RAMEN,22.160894,114.086081,0, ,0.0,0.0,0,0,0,1,220,0,0,0
TF,BREAM,21.779444,114.057778,0, ,0.0,0.0,0.0,0.0,0,0,0,0,0,0,0,0
TF,TITAN,21.674278,114.050700,0, ,0.0,0.0,0.0,0.0,0,0,0,0,0,0,0,0
TF,PECAN,21.438942,114.034900,0, ,0.0,0.0,0.0,0.0,0,0,0,0,0,0,0,0

SID,PECA1F,25R,5
CF,DE25R,22.321075,113.880697,0,SMT,263.1,5.7,254.0,1.0,0,0,0,0,0,0,0,1
FA,DE25R,22.321075,113.880697,0,SMT,0.0,0.0,254.0,2,430,0,0,0,0,0,0
DF,VEPIK,22.275372,113.805603,0, ,0.0,0.0,3,5000,0,1,205,0,0,1
DF,RUMSY,22.082483,113.804664,0, ,0.0,0.0,0,0,0,1,230,0,0,0
TF,TUNNA,21.790278,113.965000,0, ,0.0,0.0,0.0,0.0,0,0,0,0,0,0,0,0
TF,TITAN,21.674278,114.050700,0, ,0.0,0.0,0.0,0.0,0,0,0,0,0,0,0,0
TF,PECAN,21.438942,114.034900,0, ,0.0,0.0,0.0,0.0,0,0,0,0,0,0,0,0

SID,PECA1X,07R,5
CF,PORPA,22.335861,114.021194,0,SMT,95.8,2.2,74.0,5.0,3,5000,0,1,205,0,0,0
RF,PORSH,22.294550,114.084322,2,VH991,181.7,2.6,0,0,0,0,0,0,0,0
TF,RAMEN,22.160894,114.086081,0, ,0.0,0.0,0.0,0.0,0,0,0,1,220,0,0,0
TF,BREAM,21.779444,114.057778,0, ,0.0,0.0,0.0,0.0,0,0,0,0,0,0,0,0
TF,TITAN,21.674278,114.050700,0, ,0.0,0.0,0.0,0.0,0,0,0,0,0,0,0,0
TF,PECAN,21.438942,114.034900,0, ,0.0,0.0,0.0,0.0,0,0,0,0,0,0,0,0

SID,PECA1Z,07L,5
CF,DE07L,22.332303,113.915550,0,SMT,268.1,3.7,74.0,1.0,0,0,0,0,0,0,0,1
FA,DE07L,22.332303,113.915550,0,SMT,0.0,0.0,74.0,2,430,0,0,0,0,0,0
CF,ROVER,22.343217,114.027533,0,SMT,85.5,2.6,89.0,6.0,3,5000,0,1,205,0,0,0
RF,RUSUG,22.291606,114.086711,2,VH993,182.6,3.1,0,0,0,0,0,0,0,0
TF,RAMEN,22.160894,114.086081,0, ,0.0,0.0,0.0,0.0,0,0,0,1,220,0,0,0
TF,BREAM,21.779444,114.057778,0, ,0.0,0.0,0.0,0.0,0,0,0,0,0,0,0,0
TF,TITAN,21.674278,114.050700,0, ,0.0,0.0,0.0,0.0,0,0,0,0,0,0,0,0
TF,PECAN,21.438942,114.034900,0, ,0.0,0.0,0.0,0.0,0,0,0,0,0,0,0,0

SID,RAME1E,07L,2
CA,0,74.0,2,430,0,0,0,0,0,0
DF,SMT,22.337619,113.982072,0, ,0.0,0.0,0,0,0,0,0,0,0,0
TF,ROVER,22.343217,114.027533,0, ,0.0,0.0,0.0,0.0,3,5000,0,1,205,0,0,1
CF,RAMEN,22.160894,114.086081,0,SMT,154.3,12.1,175.0,10.0,0,0,0,1,220,0,0,0

SID,RAME2A,07R,2
CF,PORPA,22.335861,114.021194,0,LKC,111.6,8.1,74.0,6.0,3,5000,0,1,205,0,0,1
VM,0,0,2,170.0,0,0,0,0,0,0,0,0
DF,RAMEN,22.160894,114.086081,0, ,0.0,0.0,0,0,0,1,220,0,0,0

SID,RASE1X,07R,5
CF,PORPA,22.335861,114.021194,0,SMT,95.8,2.2,74.0,5.0,3,5000,0,1,205,0,0,0
RF,PORSH,22.294550,114.084322,2,VH991,181.7,2.6,0,0,0,0,0,0,0,0
TF,RAMEN,22.160894,114.086081,0, ,0.0,0.0,0.0,0.0,0,0,0,1,220,0,0,0
TF,OCEAN,21.811944,114.813333,0, ,0.0,0.0,0.0,0.0,0,0,0,0,0,0,0,0
TF,RASSE,21.792917,115.330306,0, ,0.0,0.0,0.0,0.0,0,0,0,0,0,0,0,0

SID,RASE1Z,07L,5
CF,DE07L,22.332303,113.915550,0,SMT,268.1,3.7,74.0,1.0,0,0,0,0,0,0,0,1
FA,DE07L,22.332303,113.915550,0,SMT,0.0,0.0,74.0,2,430,0,0,0,0,0,0
CF,ROVER,22.343217,114.027533,0,SMT,85.5,2.6,89.0,6.0,3,5000,0,1,205,0,0,0
RF,RUSUG,22.291606,114.086711,2,VH993,182.6,3.1,0,0,0,0,0,0,0,0
TF,RAMEN,22.160894,114.086081,0, ,0.0,0.0,0.0,0.0,0,0,0,1,220,0,0,0
TF,OCEAN,21.811944,114.813333,0, ,0.0,0.0,0.0,0.0,0,0,0,0,0,0,0,0
TF,RASSE,21.792917,115.330306,0, ,0.0,0.0,0.0,0.0,0,0,0,0,0,0,0,0

SID,RASE2E,07L,5
CF,DE07L,22.332303,113.915550,0,SMT,268.1,3.7,74.0,1.0,0,0,0,0,0,0,0,1
FA,DE07L,22.332303,113.915550,0,SMT,0.0,0.0,74.0,2,430,0,0,0,0,0,0
DF,ROVER,22.343217,114.027533,0, ,0.0,0.0,3,5000,0,1,205,0,0,1
DF,RAMEN,22.160894,114.086081,0, ,0.0,0.0,0,0,0,1,220,0,0,0
TF,OCEAN,21.811944,114.813333,0, ,0.0,0.0,0.0,0.0,0,0,0,0,0,0,0,0
TF,RASSE,21.792917,115.330306,0, ,0.0,0.0,0.0,0.0,0,0,0,0,0,0,0,0

SID,RASE3A,07R,5
CF,PORPA,22.335861,114.021194,0,SMT,95.8,2.2,74.0,5.0,3,5000,0,1,205,0,0,1
DF,RAMEN,22.160894,114.086081,2, ,0.0,0.0,0,0,0,1,220,0,0,0
TF,OCEAN,21.811944,114.813333,0, ,0.0,0.0,0.0,0.0,0,0,0,0,0,0,0,0
TF,RASSE,21.792917,115.330306,0, ,0.0,0.0,0.0,0.0,0,0,0,0,0,0,0,0

SID,RUMS1F,25R,2
CF,POVEG,22.295356,113.801006,0,SMT,259.0,10.4,254.0,5.0,3,5000,0,1,205,0,0,1
CF,RUMSY,22.082483,113.804664,0,SMT,216.0,18.2,175.0,11.0,0,0,0,1,230,0,0,0

SID,RUMS2B,25L,2
CF,PRAWN,22.268167,113.811139,0,LKC,214.4,7.8,254.0,6.0,3,5000,0,1,205,0,0,1
VM,0,0,0,185.0,0,0,0,0,0,0,0,0
DF,RUMSY,22.082483,113.804664,0, ,0.0,0.0,0,0,0,1,230,0,0,0

SID,SKAT1X,07R,5
CF,PORPA,22.335861,114.021194,0,SMT,95.8,2.2,74.0,5.0,3,5000,0,1,205,0,0,0
RF,PORSH,22.294550,114.084322,2,VH991,181.7,2.6,0,0,0,0,0,0,0,0
TF,RAMEN,22.160894,114.086081,0, ,0.0,0.0,0.0,0.0,0,0,0,1,220,0,0,0
TF,OCEAN,21.811944,114.813333,0, ,0.0,0.0,0.0,0.0,0,0,0,0,0,0,0,0
TF,SKATE,21.531942,115.144428,0, ,0.0,0.0,0.0,0.0,0,0,0,0,0,0,0,0

SID,SKAT1Z,07L,5
CF,DE07L,22.332303,113.915550,0,SMT,268.1,3.7,74.0,1.0,0,0,0,0,0,0,0,1
FA,DE07L,22.332303,113.915550,0,SMT,0.0,0.0,74.0,2,430,0,0,0,0,0,0
CF,ROVER,22.343217,114.027533,0,SMT,85.5,2.6,89.0,6.0,3,5000,0,1,205,0,0,0
RF,RUSUG,22.291606,114.086711,2,VH993,182.6,3.1,0,0,0,0,0,0,0,0
TF,RAMEN,22.160894,114.086081,0, ,0.0,0.0,0.0,0.0,0,0,0,1,220,0,0,0
TF,OCEAN,21.811944,114.813333,0, ,0.0,0.0,0.0,0.0,0,0,0,0,0,0,0,0
TF,SKATE,21.531942,115.144428,0, ,0.0,0.0,0.0,0.0,0,0,0,0,0,0,0,0

SID,SKAT2E,07L,5
CF,DE07L,22.332303,113.915550,0,SMT,268.1,3.7,74.0,1.0,0,0,0,0,0,0,0,1
FA,DE07L,22.332303,113.915550,0,SMT,0.0,0.0,74.0,2,430,0,0,0,0,0,0
DF,ROVER,22.343217,114.027533,0, ,0.0,0.0,3,5000,0,1,205,0,0,1
DF,RAMEN,22.160894,114.086081,0, ,0.0,0.0,0,0,0,1,220,0,0,0
TF,OCEAN,21.811944,114.813333,0, ,0.0,0.0,0.0,0.0,0,0,0,0,0,0,0,0
TF,SKATE,21.531942,115.144428,0, ,0.0,0.0,0.0,0.0,0,0,0,0,0,0,0,0

SID,SKAT3A,07R,5
CF,PORPA,22.335861,114.021194,0,SMT,95.8,2.2,74.0,5.0,3,5000,0,1,205,0,0,1
DF,RAMEN,22.160894,114.086081,2, ,0.0,0.0,0,0,0,1,220,0,0,0
TF,OCEAN,21.811944,114.813333,0, ,0.0,0.0,0.0,0.0,0,0,0,0,0,0,0,0
TF,SKATE,21.531942,115.144428,0, ,0.0,0.0,0.0,0.0,0,0,0,0,0,0,0,0

SID,VENG1A,07R,5
CF,PORPA,22.335861,114.021194,0,SMT,95.8,2.2,74.0,5.0,3,5000,0,1,205,0,0,1
DF,RAMEN,22.160894,114.086081,2, ,0.0,0.0,0,0,0,1,220,0,0,0
TF,LAKES,21.978139,114.910722,0, ,0.0,0.0,0.0,0.0,0,0,0,0,0,0,0,0
TF,VENGO,21.987825,115.269017,0, ,0.0,0.0,0.0,0.0,0,0,0,0,0,0,0,0

SID,VENG1X,07R,5
CF,PORPA,22.335861,114.021194,0,SMT,95.8,2.2,74.0,5.0,3,5000,0,1,205,0,0,0
RF,PORSH,22.294550,114.084322,2,VH991,181.7,2.6,0,0,0,0,0,0,0,0
TF,RAMEN,22.160894,114.086081,0, ,0.0,0.0,0.0,0.0,0,0,0,1,220,0,0,0
TF,LAKES,21.978139,114.910722,0, ,0.0,0.0,0.0,0.0,0,0,0,0,0,0,0,0
TF,VENGO,21.987825,115.269017,0, ,0.0,0.0,0.0,0.0,0,0,0,0,0,0,0,0

SID,VENG1Z,07L,5
CF,DE07L,22.332303,113.915550,0,SMT,268.1,3.7,74.0,1.0,0,0,0,0,0,0,0,1
FA,DE07L,22.332303,113.915550,0,SMT,0.0,0.0,74.0,2,430,0,0,0,0,0,0
CF,ROVER,22.343217,114.027533,0,SMT,85.5,2.6,89.0,6.0,3,5000,0,1,205,0,0,0
RF,RUSUG,22.291606,114.086711,2,VH993,182.6,3.1,0,0,0,0,0,0,0,0
TF,RAMEN,22.160894,114.086081,0, ,0.0,0.0,0.0,0.0,0,0,0,1,220,0,0,0
TF,LAKES,21.978139,114.910722,0, ,0.0,0.0,0.0,0.0,0,0,0,0,0,0,0,0
TF,VENGO,21.987825,115.269017,0, ,0.0,0.0,0.0,0.0,0,0,0,0,0,0,0,0

SID,VENG2E,07L,5
CF,DE07L,22.332303,113.915550,0,SMT,268.1,3.7,74.0,1.0,0,0,0,0,0,0,0,1
FA,DE07L,22.332303,113.915550,0,SMT,0.0,0.0,74.0,2,430,0,0,0,0,0,0
DF,ROVER,22.343217,114.027533,0, ,0.0,0.0,3,5000,0,1,205,0,0,1
DF,RAMEN,22.160894,114.086081,0, ,0.0,0.0,0,0,0,1,220,0,0,0
TF,LAKES,21.978139,114.910722,0, ,0.0,0.0,0.0,0.0,0,0,0,0,0,0,0,0
TF,VENGO,21.987825,115.269017,0, ,0.0,0.0,0.0,0.0,0,0,0,0,0,0,0,0

STAR,ABEY1G,25L,5
IF,ABBEY,22.269722,114.923867, ,0.0,0.0,0,0,0,0,0,0,0,0
TF,MUSEL,22.264997,114.781147,0, ,0.0,0.0,0.0,0.0,1,13000,0,1,280,0,0,0
TF,TAMAR,22.255833,114.510278,0, ,0.0,0.0,0.0,0.0,0,0,0,0,0,0,0,0
TF,MONTY,22.168406,114.321022,0, ,0.0,0.0,0.0,0.0,0,0,0,0,0,0,0,0
TF,ALAPI,22.164689,114.203636,0, ,0.0,0.0,0.0,0.0,0,0,0,0,0,0,0,0
TF,GUAVA,22.160028,114.060083,0, ,0.0,0.0,0.0,0.0,1,5000,0,0,0,0,0,0

STAR,ABEY1G,25R,5
IF,ABBEY,22.269722,114.923867, ,0.0,0.0,0,0,0,0,0,0,0,0
TF,MUSEL,22.264997,114.781147,0, ,0.0,0.0,0.0,0.0,1,13000,0,1,280,0,0,0
TF,TAMAR,22.255833,114.510278,0, ,0.0,0.0,0.0,0.0,0,0,0,0,0,0,0,0
TF,MONTY,22.168406,114.321022,0, ,0.0,0.0,0.0,0.0,0,0,0,0,0,0,0,0
TF,ALAPI,22.164689,114.203636,0, ,0.0,0.0,0.0,0.0,0,0,0,0,0,0,0,0
TF,GUAVA,22.160028,114.060083,0, ,0.0,0.0,0.0,0.0,1,5000,0,0,0,0,0,0

STAR,ABEY2B,25L,5
IF,ABBEY,22.269722,114.923867, ,0.0,0.0,0,0,0,0,0,0,0,0
TF,MUSEL,22.264997,114.781147,0, ,0.0,0.0,0.0,0.0,1,13000,0,1,280,0,0,0
TF,TAMAR,22.255833,114.510278,0, ,0.0,0.0,0.0,0.0,0,0,0,0,0,0,0,0
TF,TD,22.247894,114.293139,0, ,0.0,0.0,0.0,0.0,0,0,0,0,0,0,0,0

STAR,ABEY2B,25R,5
IF,ABBEY,22.269722,114.923867, ,0.0,0.0,0,0,0,0,0,0,0,0
TF,MUSEL,22.264997,114.781147,0, ,0.0,0.0,0.0,0.0,1,13000,0,1,280,0,0,0
TF,TAMAR,22.255833,114.510278,0, ,0.0,0.0,0.0,0.0,0,0,0,0,0,0,0,0
TF,TD,22.247894,114.293139,0, ,0.0,0.0,0.0,0.0,0,0,0,0,0,0,0,0

STAR,ABEY3A,07L,5
IF,ABBEY,22.269722,114.923867, ,0.0,0.0,0,0,0,0,0,0,0,0
TF,MUSEL,22.264997,114.781147,0, ,0.0,0.0,0.0,0.0,1,13000,0,1,280,0,0,0
TF,TAMAR,22.255833,114.510278,0, ,0.0,0.0,0.0,0.0,0,0,0,0,0,0,0,0
TF,TD,22.247894,114.293139,0, ,0.0,0.0,0.0,0.0,0,0,0,0,0,0,0,0
TF,GUAVA,22.160028,114.060083,0, ,0.0,0.0,0.0,0.0,0,0,0,0,0,0,0,0
TF,SOKOE,22.078111,113.843917,0, ,0.0,0.0,0.0,0.0,0,0,0,0,0,0,0,0
TF,LIMES,22.107111,113.775722,0, ,0.0,0.0,0.0,0.0,0,0,0,0,0,0,0,0

STAR,ABEY3A,07R,5
IF,ABBEY,22.269722,114.923867, ,0.0,0.0,0,0,0,0,0,0,0,0
TF,MUSEL,22.264997,114.781147,0, ,0.0,0.0,0.0,0.0,1,13000,0,1,280,0,0,0
TF,TAMAR,22.255833,114.510278,0, ,0.0,0.0,0.0,0.0,0,0,0,0,0,0,0,0
TF,TD,22.247894,114.293139,0, ,0.0,0.0,0.0,0.0,0,0,0,0,0,0,0,0
TF,GUAVA,22.160028,114.060083,0, ,0.0,0.0,0.0,0.0,0,0,0,0,0,0,0,0
TF,SOKOE,22.078111,113.843917,0, ,0.0,0.0,0.0,0.0,0,0,0,0,0,0,0,0
TF,LIMES,22.107111,113.775722,0, ,0.0,0.0,0.0,0.0,0,0,0,0,0,0,0,0

STAR,BETY1G,25L,5
IF,BETTY,21.486339,114.558867, ,0.0,0.0,0,0,0,0,0,0,0,0
TF,MANGO,21.613611,114.514722,0, ,0.0,0.0,0.0,0.0,1,13000,0,1,280,0,0,0
TF,MONTY,22.168406,114.321022,0, ,0.0,0.0,0.0,0.0,0,0,0,0,0,0,0,0
TF,ALAPI,22.164689,114.203636,0, ,0.0,0.0,0.0,0.0,0,0,0,0,0,0,0,0
TF,GUAVA,22.160028,114.060083,0, ,0.0,0.0,0.0,0.0,1,5000,0,0,0,0,0,0

STAR,BETY1G,25R,5
IF,BETTY,21.486339,114.558867, ,0.0,0.0,0,0,0,0,0,0,0,0
TF,MANGO,21.613611,114.514722,0, ,0.0,0.0,0.0,0.0,1,13000,0,1,280,0,0,0
TF,MONTY,22.168406,114.321022,0, ,0.0,0.0,0.0,0.0,0,0,0,0,0,0,0,0
TF,ALAPI,22.164689,114.203636,0, ,0.0,0.0,0.0,0.0,0,0,0,0,0,0,0,0
TF,GUAVA,22.160028,114.060083,0, ,0.0,0.0,0.0,0.0,1,5000,0,0,0,0,0,0

STAR,BETY2A,07L,5
IF,BETTY,21.486339,114.558867, ,0.0,0.0,0,0,0,0,0,0,0,0
TF,MANGO,21.613611,114.514722,0, ,0.0,0.0,0.0,0.0,1,13000,0,1,280,0,0,0
TF,GUAVA,22.160028,114.060083,0, ,0.0,0.0,0.0,0.0,0,0,0,0,0,0,0,0
TF,SOKOE,22.078111,113.843917,0, ,0.0,0.0,0.0,0.0,0,0,0,0,0,0,0,0
TF,LIMES,22.107111,113.775722,0, ,0.0,0.0,0.0,0.0,0,0,0,0,0,0,0,0

STAR,BETY2A,07R,5
IF,BETTY,21.486339,114.558867, ,0.0,0.0,0,0,0,0,0,0,0,0
TF,MANGO,21.613611,114.514722,0, ,0.0,0.0,0.0,0.0,1,13000,0,1,280,0,0,0
TF,GUAVA,22.160028,114.060083,0, ,0.0,0.0,0.0,0.0,0,0,0,0,0,0,0,0
TF,SOKOE,22.078111,113.843917,0, ,0.0,0.0,0.0,0.0,0,0,0,0,0,0,0,0
TF,LIMES,22.107111,113.775722,0, ,0.0,0.0,0.0,0.0,0,0,0,0,0,0,0,0

STAR,BETY2B,25L,5
IF,BETTY,21.486339,114.558867, ,0.0,0.0,0,0,0,0,0,0,0,0
TF,MANGO,21.613611,114.514722,0, ,0.0,0.0,0.0,0.0,1,13000,0,1,280,0,0,0
TF,TD,22.247894,114.293139,0, ,0.0,0.0,0.0,0.0,0,0,0,0,0,0,0,0

STAR,BETY2B,25R,5
IF,BETTY,21.486339,114.558867, ,0.0,0.0,0,0,0,0,0,0,0,0
TF,MANGO,21.613611,114.514722,0, ,0.0,0.0,0.0,0.0,1,13000,0,1,280,0,0,0
TF,TD,22.247894,114.293139,0, ,0.0,0.0,0.0,0.0,0,0,0,0,0,0,0,0

STAR,CANT1G,25L,5
IF,CANTO,21.650731,113.706969, ,0.0,0.0,1,13000,0,1,280,0,0,0
TF,MURRY,21.757881,113.811658,0, ,0.0,0.0,0.0,0.0,0,0,0,0,0,0,0,0
TF,VH530,21.951628,113.926728,0, ,0.0,0.0,0.0,0.0,0,0,0,0,0,0,0,0
TF,GOODI,22.069411,113.996831,0, ,0.0,0.0,0.0,0.0,0,0,0,0,0,0,0,0
TF,GUAVA,22.160028,114.060083,0, ,0.0,0.0,0.0,0.0,1,5000,0,0,0,0,0,0

STAR,CANT1G,25R,5
IF,CANTO,21.650731,113.706969, ,0.0,0.0,1,13000,0,1,280,0,0,0
TF,MURRY,21.757881,113.811658,0, ,0.0,0.0,0.0,0.0,0,0,0,0,0,0,0,0
TF,VH530,21.951628,113.926728,0, ,0.0,0.0,0.0,0.0,0,0,0,0,0,0,0,0
TF,GOODI,22.069411,113.996831,0, ,0.0,0.0,0.0,0.0,0,0,0,0,0,0,0,0
TF,GUAVA,22.160028,114.060083,0, ,0.0,0.0,0.0,0.0,1,5000,0,0,0,0,0,0

STAR,CANT2B,25L,5
IF,CANTO,21.650731,113.706969, ,0.0,0.0,0,0,0,1,280,0,0,0
TF,MURRY,21.757881,113.811658,0, ,0.0,0.0,0.0,0.0,1,15000,0,0,0,0,0,0
TF,GOODI,22.069411,113.996831,0, ,0.0,0.0,0.0,0.0,0,0,0,0,0,0,0,0
TF,MONTY,22.168406,114.321022,0, ,0.0,0.0,0.0,0.0,0,0,0,0,0,0,0,0
TF,TD,22.247894,114.293139,0, ,0.0,0.0,0.0,0.0,0,0,0,0,0,0,0,0

STAR,CANT2B,25R,5
IF,CANTO,21.650731,113.706969, ,0.0,0.0,0,0,0,1,280,0,0,0
TF,MURRY,21.757881,113.811658,0, ,0.0,0.0,0.0,0.0,1,15000,0,0,0,0,0,0
TF,GOODI,22.069411,113.996831,0, ,0.0,0.0,0.0,0.0,0,0,0,0,0,0,0,0
TF,MONTY,22.168406,114.321022,0, ,0.0,0.0,0.0,0.0,0,0,0,0,0,0,0,0
TF,TD,22.247894,114.293139,0, ,0.0,0.0,0.0,0.0,0,0,0,0,0,0,0,0

STAR,CANT3A,07L,5
IF,CANTO,21.650731,113.706969, ,0.0,0.0,2,13000,0,1,280,0,0,0
TF,MURRY,21.757881,113.811658,0, ,0.0,0.0,0.0,0.0,4,13000,11000,0,0,0,0,0
TF,SILVA,21.851250,113.903022,0, ,0.0,0.0,0.0,0.0,0,0,0,0,0,0,0,0
TF,LIMES,22.107111,113.775722,0, ,0.0,0.0,0.0,0.0,0,0,0,0,0,0,0,0

STAR,CANT3A,07R,5
IF,CANTO,21.650731,113.706969, ,0.0,0.0,2,13000,0,1,280,0,0,0
TF,MURRY,21.757881,113.811658,0, ,0.0,0.0,0.0,0.0,4,13000,11000,0,0,0,0,0
TF,SILVA,21.851250,113.903022,0, ,0.0,0.0,0.0,0.0,0,0,0,0,0,0,0,0
TF,LIMES,22.107111,113.775722,0, ,0.0,0.0,0.0,0.0,0,0,0,0,0,0,0,0

STAR,SIER1G,25L,5
IF,SIERA,21.985000,113.553333, ,0.0,0.0,0,0,0,0,0,0,0,0
TF,CANTO,21.650731,113.706969,0, ,0.0,0.0,0.0,0.0,1,13000,0,1,280,0,0,0
TF,MURRY,21.757881,113.811658,1, ,0.0,0.0,0.0,0.0,0,0,0,0,0,0,0,0
TF,VH530,21.951628,113.926728,0, ,0.0,0.0,0.0,0.0,0,0,0,0,0,0,0,0
TF,GOODI,22.069411,113.996831,0, ,0.0,0.0,0.0,0.0,0,0,0,0,0,0,0,0
TF,GUAVA,22.160028,114.060083,0, ,0.0,0.0,0.0,0.0,1,5000,0,0,0,0,0,0

STAR,SIER1G,25R,5
IF,SIERA,21.985000,113.553333, ,0.0,0.0,0,0,0,0,0,0,0,0
TF,CANTO,21.650731,113.706969,0, ,0.0,0.0,0.0,0.0,1,13000,0,1,280,0,0,0
TF,MURRY,21.757881,113.811658,1, ,0.0,0.0,0.0,0.0,0,0,0,0,0,0,0,0
TF,VH530,21.951628,113.926728,0, ,0.0,0.0,0.0,0.0,0,0,0,0,0,0,0,0
TF,GOODI,22.069411,113.996831,0, ,0.0,0.0,0.0,0.0,0,0,0,0,0,0,0,0
TF,GUAVA,22.160028,114.060083,0, ,0.0,0.0,0.0,0.0,1,5000,0,0,0,0,0,0

STAR,SIER6B,25L,5
IF,SIERA,21.985000,113.553333, ,0.0,0.0,0,0,0,1,280,0,0,0
TF,CANTO,21.650731,113.706969,0, ,0.0,0.0,0.0,0.0,0,0,0,0,0,0,0,0
TF,MURRY,21.757881,113.811658,1, ,0.0,0.0,0.0,0.0,1,15000,0,0,0,0,0,0
TF,GOODI,22.069411,113.996831,0, ,0.0,0.0,0.0,0.0,0,0,0,0,0,0,0,0
TF,MONTY,22.168406,114.321022,0, ,0.0,0.0,0.0,0.0,0,0,0,0,0,0,0,0
TF,TD,22.247894,114.293139,0, ,0.0,0.0,0.0,0.0,0,0,0,0,0,0,0,0

STAR,SIER6B,25R,5
IF,SIERA,21.985000,113.553333, ,0.0,0.0,0,0,0,1,280,0,0,0
TF,CANTO,21.650731,113.706969,0, ,0.0,0.0,0.0,0.0,0,0,0,0,0,0,0,0
TF,MURRY,21.757881,113.811658,1, ,0.0,0.0,0.0,0.0,1,15000,0,0,0,0,0,0
TF,GOODI,22.069411,113.996831,0, ,0.0,0.0,0.0,0.0,0,0,0,0,0,0,0,0
TF,MONTY,22.168406,114.321022,0, ,0.0,0.0,0.0,0.0,0,0,0,0,0,0,0,0
TF,TD,22.247894,114.293139,0, ,0.0,0.0,0.0,0.0,0,0,0,0,0,0,0,0

STAR,SIER6D,25L,5
IF,SIERA,21.985000,113.553333, ,0.0,0.0,0,0,0,1,280,0,0,0
TF,BORDA,21.692325,113.408058,0, ,0.0,0.0,0.0,0.0,0,0,0,1,250,0,0,0
TF,ROCCA,21.532061,113.580956,0, ,0.0,0.0,0.0,0.0,0,0,0,0,0,0,0,0
TF,CANTO,21.650731,113.706969,0, ,0.0,0.0,0.0,0.0,0,0,0,0,0,0,0,0
TF,MURRY,21.757881,113.811658,0, ,0.0,0.0,0.0,0.0,1,15000,0,0,0,0,0,0
TF,GOODI,22.069411,113.996831,0, ,0.0,0.0,0.0,0.0,0,0,0,0,0,0,0,0
TF,MONTY,22.168406,114.321022,0, ,0.0,0.0,0.0,0.0,0,0,0,0,0,0,0,0
TF,TD,22.247894,114.293139,0, ,0.0,0.0,0.0,0.0,0,0,0,0,0,0,0,0

STAR,SIER6D,25R,5
IF,SIERA,21.985000,113.553333, ,0.0,0.0,0,0,0,1,280,0,0,0
TF,BORDA,21.692325,113.408058,0, ,0.0,0.0,0.0,0.0,0,0,0,1,250,0,0,0
TF,ROCCA,21.532061,113.580956,0, ,0.0,0.0,0.0,0.0,0,0,0,0,0,0,0,0
TF,CANTO,21.650731,113.706969,0, ,0.0,0.0,0.0,0.0,0,0,0,0,0,0,0,0
TF,MURRY,21.757881,113.811658,0, ,0.0,0.0,0.0,0.0,1,15000,0,0,0,0,0,0
TF,GOODI,22.069411,113.996831,0, ,0.0,0.0,0.0,0.0,0,0,0,0,0,0,0,0
TF,MONTY,22.168406,114.321022,0, ,0.0,0.0,0.0,0.0,0,0,0,0,0,0,0,0
TF,TD,22.247894,114.293139,0, ,0.0,0.0,0.0,0.0,0,0,0,0,0,0,0,0

STAR,SIER7A,07L,5
IF,SIERA,21.985000,113.553333, ,0.0,0.0,0,0,0,1,280,0,0,0
TF,CANTO,21.650731,113.706969,0, ,0.0,0.0,0.0,0.0,2,13000,0,0,0,0,0,0
TF,MURRY,21.757881,113.811658,1, ,0.0,0.0,0.0,0.0,4,13000,11000,0,0,0,0,0
TF,SILVA,21.851250,113.903022,0, ,0.0,0.0,0.0,0.0,0,0,0,0,0,0,0,0
TF,LIMES,22.107111,113.775722,0, ,0.0,0.0,0.0,0.0,0,0,0,0,0,0,0,0

STAR,SIER7A,07R,5
IF,SIERA,21.985000,113.553333, ,0.0,0.0,0,0,0,1,280,0,0,0
TF,CANTO,21.650731,113.706969,0, ,0.0,0.0,0.0,0.0,2,13000,0,0,0,0,0,0
TF,MURRY,21.757881,113.811658,1, ,0.0,0.0,0.0,0.0,4,13000,11000,0,0,0,0,0
TF,SILVA,21.851250,113.903022,0, ,0.0,0.0,0.0,0.0,0,0,0,0,0,0,0,0
TF,LIMES,22.107111,113.775722,0, ,0.0,0.0,0.0,0.0,0,0,0,0,0,0,0,0

STAR,SIER7C,07L,5
IF,SIERA,21.985000,113.553333, ,0.0,0.0,0,0,0,1,280,0,0,0
TF,BORDA,21.692325,113.408058,0, ,0.0,0.0,0.0,0.0,0,0,0,1,250,0,0,0
TF,ROCCA,21.532061,113.580956,0, ,0.0,0.0,0.0,0.0,0,0,0,0,0,0,0,0
TF,CANTO,21.650731,113.706969,0, ,0.0,0.0,0.0,0.0,2,13000,0,0,0,0,0,0
TF,MURRY,21.757881,113.811658,0, ,0.0,0.0,0.0,0.0,4,13000,11000,0,0,0,0,0
TF,SILVA,21.851250,113.903022,0, ,0.0,0.0,0.0,0.0,0,0,0,0,0,0,0,0
TF,LIMES,22.107111,113.775722,0, ,0.0,0.0,0.0,0.0,0,0,0,0,0,0,0,0

STAR,SIER7C,07R,5
IF,SIERA,21.985000,113.553333, ,0.0,0.0,0,0,0,1,280,0,0,0
TF,BORDA,21.692325,113.408058,0, ,0.0,0.0,0.0,0.0,0,0,0,1,250,0,0,0
TF,ROCCA,21.532061,113.580956,0, ,0.0,0.0,0.0,0.0,0,0,0,0,0,0,0,0
TF,CANTO,21.650731,113.706969,0, ,0.0,0.0,0.0,0.0,2,13000,0,0,0,0,0,0
TF,MURRY,21.757881,113.811658,0, ,0.0,0.0,0.0,0.0,4,13000,11000,0,0,0,0,0
TF,SILVA,21.851250,113.903022,0, ,0.0,0.0,0.0,0.0,0,0,0,0,0,0,0,0
TF,LIMES,22.107111,113.775722,0, ,0.0,0.0,0.0,0.0,0,0,0,0,0,0,0,0

APPTR,I07L,07L,LIMES
IF,LIMES,22.107111,113.775722, ,0.0,0.0,4,6000,3000,0,0,0,1,0
TF,TUTBA,22.233839,113.712478,0, ,0.0,0.0,0.0,0.0,2,2000,0,1,180,0,0,0
TF,VH701,22.280800,113.755969,0,IZSL,0.0,0.0,0.0,0.0,2,1500,0,1,180,0,1,0

FINAL,I07L,07L,I,3
IF,VH701,22.280800,113.755969,IZSL,253.9,9.6,2,1500,0,1,180,0,0,0
CF,VH702,22.297242,113.806844,0,IZSL,253.9,6.6,74.0,3.0,1,1500,0,0,0,0,2,0
CF,RW07L,22.321589,113.882294,0,IZSL,253.9,2.2,74.0,4.4,1,79,0,0,0,0,3,0
CF,VH726,22.343414,113.950056,0,SMT,284.0,1.8,74.0,4.0,0,0,0,1,200,0,0,0
TF,VH727,22.438506,114.027553,0, ,0.0,0.0,0.0,0.0,0,0,0,1,200,0,0,0
TF,VH754,22.456753,114.169639,0, ,0.0,0.0,0.0,0.0,0,0,0,1,230,0,0,0
TF,SAMPU,22.427553,114.261364,0, ,0.0,0.0,0.0,0.0,1,5000,0,1,230,0,0,0
TF,TD,22.247894,114.293139,0, ,0.0,0.0,0.0,0.0,0,0,0,1,230,0,0,0
TF,GUAVA,22.160028,114.060083,0, ,0.0,0.0,0.0,0.0,0,0,0,1,230,0,0,0
TF,SOKOE,22.078111,113.843917,0, ,0.0,0.0,0.0,0.0,0,0,0,1,230,0,0,0
TF,LIMES,22.107111,113.775722,0, ,0.0,0.0,0.0,0.0,0,0,0,1,230,0,0,0

APPTR,I07R,07R,LIMES
IF,LIMES,22.107111,113.775722, ,0.0,0.0,4,6000,3000,0,0,0,1,0
TF,STELA,22.198136,113.730308,0, ,0.0,0.0,0.0,0.0,2,2000,0,1,180,0,0,0
TF,VH720,22.251650,113.760989,0,IZSR,0.0,0.0,0.0,0.0,2,1700,0,1,180,0,1,0

FINAL,I07R,07R,I,3
IF,VH720,22.251650,113.760989,IZSR,253.8,10.3,2,1700,0,1,180,0,0,0
CF,VH721,22.270189,113.818019,0,IZSR,253.8,6.9,74.0,3.3,1,1600,0,0,0,0,2,0
CF,RW07R,22.296675,113.899442,0,IZSR,253.9,2.1,74.0,4.8,1,78,0,0,0,0,3,0
TF,PORPA,22.335861,114.021194,0, ,0.0,0.0,74.0,7.2,3,5000,0,1,210,0,0,1
DF,GUAVA,22.160028,114.060083,2, ,0.0,0.0,0,0,0,1,210,0,0,0
TF,SOKOE,22.078111,113.843917,0, ,0.0,0.0,0.0,0.0,0,0,0,1,230,0,0,0
TF,LIMES,22.107111,113.775722,0, ,0.0,0.0,0.0,0.0,0,0,0,1,230,0,0,0
HM,LIMES,22.107111,113.775722,2, ,0.0,0.0,338.0,04.3,0,0,0,0,0,0,0,0,0

APPTR,I25L,25L,TD1
IF,TD,22.247894,114.293139, ,0.0,0.0,4,8000,6000,0,0,0,1,0
CF,SABOG,22.354628,114.256408,0,SMT,89.1,15.3,344.0,6.7,0,0,0,0,0,0,0,1
CF,LOTUS,22.388406,114.184889,1,ITFL,73.9,17.1,254.0,4.0,2,4500,0,1,180,0,0,0

APPTR,I25L,25L,TD2
IF,TD,22.247894,114.293139, ,0.0,0.0,2,8000,0,0,0,0,1,0
CR,0,SMT,88.0,344.0,2,4500,0,0,0,0,0,0
CI,0, ,0.0,299.0,0,0,0,0,0,0,0,0
CF,LOTUS,22.388406,114.184889,0,ITFL,73.9,17.1,254.0,4.0,2,4500,0,0,0,0,0,0

FINAL,I25L,25L,I,3
IF,LOTUS,22.388406,114.184889,ITFL,73.9,17.1,2,4500,0,1,180,0,0,0
CF,FI25L,22.328203,113.997992,0,ITFL,74.0,6.1,254.0,11.0,1,1300,0,1,160,0,2,0
CF,RW25L,22.307431,113.932819,0,ITFL,73.9,2.2,254.0,3.8,1,80,0,0,0,0,3,0
CA,0,254.0,2,430,0,0,0,0,0,0
CF,PRAWN,22.268167,113.811139,0,SMT,249.4,10.4,254.0,6.2,0,0,0,1,185,0,0,1
CI,0, ,0.0,166.0,0,0,0,0,0,0,0,0
CF,TD,22.247894,114.293139,1,SMT,110.2,18.1,71.0,30.0,1,5000,0,1,230,0,0,0
HM,TD,22.247894,114.293139,2, ,0.0,0.0,344.0,04.3,0,0,0,0,0,0,0,0,0

APPTR,I25R,25R,BOKAG
IF,BOKAG,22.529625,114.224183, ,0.0,0.0,1,5000,0,1,210,0,1,0
TF,VH519,22.473069,114.245097,0, ,0.0,0.0,0.0,0.0,2,4500,0,0,0,0,0,0
TF,RUNSU,22.423044,114.198214,0, ,0.0,0.0,0.0,0.0,2,4500,0,1,180,0,0,0
TF,VH515,22.414964,114.172978,0, ,0.0,0.0,0.0,0.0,2,4300,0,1,180,0,0,0
TF,SAGNI,22.396286,114.114633,0, ,0.0,0.0,0.0,0.0,1,3800,0,1,180,0,0,0
TF,TOPUN,22.381714,114.069208,0, ,0.0,0.0,0.0,0.0,2,2700,0,1,180,0,0,0
TF,VH536,22.364319,114.015050,0,ITFR,0.0,0.0,0.0,0.0,1,1800,0,0,0,0,1,0

APPTR,I25R,25R,RUNSU
IF,RUNSU,22.423044,114.198214, ,0.0,0.0,2,4500,0,1,180,0,1,0
TF,VH515,22.414964,114.172978,0, ,0.0,0.0,0.0,0.0,2,4300,0,1,180,0,0,0
TF,SAGNI,22.396286,114.114633,0, ,0.0,0.0,0.0,0.0,1,3800,0,1,180,0,0,0
TF,TOPUN,22.381714,114.069208,0, ,0.0,0.0,0.0,0.0,2,2700,0,1,180,0,0,0
TF,VH536,22.364319,114.015050,0,ITFR,0.0,0.0,0.0,0.0,1,1800,0,0,0,0,1,0

APPTR,I25R,25R,TD
IF,TD,22.247894,114.293139, ,0.0,0.0,4,8000,6000,0,0,0,1,0
TF,TEDAP,22.409981,114.270333,0, ,0.0,0.0,0.0,0.0,2,4500,0,0,0,0,0,0
TF,RUNSU,22.423044,114.198214,0, ,0.0,0.0,0.0,0.0,2,4500,0,1,180,0,0,0
TF,VH515,22.414964,114.172978,0, ,0.0,0.0,0.0,0.0,2,4300,0,1,180,0,0,0
TF,SAGNI,22.396286,114.114633,0, ,0.0,0.0,0.0,0.0,1,3800,0,1,180,0,0,0
TF,TOPUN,22.381714,114.069208,0, ,0.0,0.0,0.0,0.0,2,2700,0,1,180,0,0,0
TF,VH536,22.364319,114.015050,0,ITFR,0.0,0.0,0.0,0.0,1,1800,0,0,0,0,1,0

FINAL,I25R,25R,I,3
IF,VH536,22.364319,114.015050,ITFR,73.9,8.1,1,1800,0,0,0,0,0,0
CF,VH528,22.358856,113.998047,0,ITFR,73.9,7.1,254.0,1.0,1,1700,0,1,160,0,2,0
CF,RW25R,22.331792,113.913956,0,ITFR,73.9,2.1,254.0,5.0,1,81,0,0,0,0,3,0
CF,VH522,22.321411,113.881744,0,SMT,263.2,5.7,254.0,1.9,0,0,0,0,0,0,0,1
DF,VH523,22.405697,113.899692,2, ,0.0,0.0,4,4000,3000,1,185,0,0,0
TF,VH526,22.497892,114.140875,0, ,0.0,0.0,0.0,0.0,0,0,0,1,230,0,0,0
TF,BOKAG,22.529625,114.224183,0, ,0.0,0.0,0.0,0.0,1,5000,0,1,210,0,0,0

APPTR,L07R,07R,LIMES
IF,LIMES,22.107111,113.775722, ,0.0,0.0,4,6000,3000,0,0,0,1,0
TF,STELA,22.198136,113.730308,0, ,0.0,0.0,0.0,0.0,2,2000,0,1,180,0,0,0
TF,VH720,22.251650,113.760989,0,IZSR,0.0,0.0,0.0,0.0,2,1700,0,1,180,0,1,0

FINAL,L07R,07R,D,4
IF,VH720,22.251650,113.760989,IZSR,253.8,10.3,2,1700,0,1,180,0,0,0
CF,VH721,22.270189,113.818019,0,IZSR,253.8,6.9,74.0,3.4,2,1600,0,0,0,0,2,0
CF,34DME,22.278953,113.844503,0,IZSR,253.9,5.4,74.0,1.6,2,1110,0,0,0,0,0,0
CF,ML07R,22.292125,113.885328,0,IZSR,253.9,3.0,74.0,2.4,1,343,0,0,0,0,3,0
CF,RW07R,22.296675,113.899444,0,SMT,245.0,5.2,74.0,0.8,0,0,0,0,0,0,0,1
TF,PORPA,22.335861,114.021194,0, ,0.0,0.0,0.0,0.0,3,5000,0,1,210,0,0,1
DF,GUAVA,22.160028,114.060083,2, ,0.0,0.0,0,0,0,1,210,0,0,0
TF,SOKOE,22.078111,113.843917,0, ,0.0,0.0,0.0,0.0,0,0,0,1,230,0,0,0
TF,LIMES,22.107111,113.775722,0, ,0.0,0.0,0.0,0.0,0,0,0,1,230,0,0,0
HM,LIMES,22.107111,113.775722,2, ,0.0,0.0,338.0,04.3,0,0,0,0,0,0,0,0,0

APPTR,L25L,25L,TD1
IF,TD,22.247894,114.293139, ,0.0,0.0,4,8000,6000,0,0,0,1,0
CF,D074S,22.404567,114.235483,0,TD,344.1,9.9,344.0,9.9,2,4500,0,0,0,0,1,0
CF,LOTUS,22.388406,114.184889,0,ITFL,73.9,17.1,254.0,3.0,2,4300,0,1,180,0,0,0

APPTR,L25L,25L,TD2
IF,TD,22.247894,114.293139, ,0.0,0.0,2,8000,0,0,0,0,1,0
CR,0,SMT,88.0,344.0,2,4500,0,0,0,0,0,0
CI,0,ITFL,0.0,299.0,0,0,0,1,180,0,0,0

FINAL,L25L,25L,D,5
IF,LOTUS,22.388406,114.184889,ITFL,73.9,17.1,2,4300,0,1,180,0,0,0
CF,FF25L,22.370975,114.130569,0,ITFL,73.9,13.9,254.0,3.2,2,3800,0,0,0,0,2,0
CF,92DME,22.356792,114.086353,0,ITFL,73.9,11.3,254.0,2.6,2,2970,0,0,0,0,0,0
CF,45DME,22.331125,114.006447,0,ITFL,73.9,6.6,254.0,4.7,2,1470,0,1,160,0,0,0
CF,ML25L,22.311975,113.946936,0,ITFL,73.9,3.0,254.0,3.5,1,346,0,0,0,0,3,0
CF,PRAWN,22.268167,113.811139,0,SMT,249.4,10.4,254.0,8.0,0,0,0,1,185,0,0,1
CI,0, ,0.0,166.0,0,0,0,1,230,0,0,0
CF,TD,22.247894,114.293139,1,SMT,110.2,18.1,71.0,30.0,1,5000,0,1,230,0,0,0
HM,TD,22.247894,114.293139,2, ,0.0,0.0,344.0,04.3,0,0,0,0,0,0,0,0,0

APPTR,L25R,25R,BOKAG
IF,BOKAG,22.529625,114.224183, ,0.0,0.0,1,5000,0,1,210,0,1,0
TF,VH519,22.473069,114.245097,0, ,0.0,0.0,0.0,0.0,2,4800,0,0,0,0,0,0
TF,RUNSU,22.423044,114.198214,0,ITFR,0.0,0.0,0.0,0.0,2,4800,0,1,180,0,1,0

APPTR,L25R,25R,TD
IF,TD,22.247894,114.293139, ,0.0,0.0,4,8000,6000,0,0,0,1,0
TF,TEDAP,22.409981,114.270333,0, ,0.0,0.0,0.0,0.0,2,4800,0,0,0,0,0,0
TF,RUNSU,22.423044,114.198214,0,ITFR,0.0,0.0,0.0,0.0,2,4800,0,1,180,0,1,0

FINAL,L25R,25R,D,5
IF,RUNSU,22.423044,114.198214,ITFR,73.9,18.8,2,4800,0,1,180,0,0,0
CF,VH510,22.395658,114.112681,0,ITFR,73.9,13.8,254.0,5.0,2,3800,0,1,180,0,2,0
CF,93DME,22.381683,114.069108,0,ITFR,73.9,11.3,254.0,2.6,2,2990,0,0,0,0,0,0
CF,46DME,22.356017,113.989225,0,ITFR,73.9,6.6,254.0,4.7,2,1490,0,0,0,0,0,0
CF,ML25R,22.336333,113.928056,0,ITFR,73.9,3.0,254.0,3.6,1,345,0,0,0,0,3,0
CF,VH522,22.321411,113.881744,0,SMT,263.2,5.7,254.0,2.7,0,0,0,0,0,0,0,1
DF,VH523,22.405697,113.899692,2, ,0.0,0.0,4,4000,3000,1,185,0,0,0
TF,VH526,22.497892,114.140875,0, ,0.0,0.0,0.0,0.0,0,0,0,1,230,0,0,0
TF,BOKAG,22.529625,114.224183,0, ,0.0,0.0,0.0,0.0,1,5000,0,1,210,0,0,0

APPTR,R07L,07L,LIMES
IF,LIMES,22.107111,113.775722, ,0.0,0.0,4,6000,3000,0,0,0,1,0
TF,TUTBA,22.233839,113.712478,0, ,0.0,0.0,0.0,0.0,2,2000,0,1,180,0,0,0
TF,VH701,22.280800,113.755969,0, ,0.0,0.0,0.0,0.0,2,1500,0,1,180,0,1,0

FINAL,R07L,07L,R,3
IF,VH701,22.280800,113.755969, ,0.0,0.0,2,1500,0,1,180,0,0,0
TF,VH708,22.296161,113.803506,0, ,0.0,0.0,74.0,2.8,1,1500,0,1,160,0,2,0
TF,RW07L,22.321589,113.882294,0, ,0.0,0.0,74.0,4.6,1,73,0,0,0,0,3,1
CF,VH726,22.343414,113.950056,0,SMT,284.0,1.8,74.0,4.0,0,0,0,1,200,0,0,0
TF,VH727,22.438506,114.027553,0, ,0.0,0.0,0.0,0.0,0,0,0,1,200,0,0,0
TF,VH754,22.456753,114.169639,0, ,0.0,0.0,0.0,0.0,0,0,0,1,230,0,0,0
TF,SAMPU,22.427553,114.261364,0, ,0.0,0.0,0.0,0.0,1,5000,0,1,230,0,0,0
TF,TD,22.247894,114.293139,0, ,0.0,0.0,0.0,0.0,0,0,0,1,230,0,0,0
TF,GUAVA,22.160028,114.060083,0, ,0.0,0.0,0.0,0.0,0,0,0,1,230,0,0,0
TF,SOKOE,22.078111,113.843917,0, ,0.0,0.0,0.0,0.0,0,0,0,1,230,0,0,0
TF,LIMES,22.107111,113.775722,0, ,0.0,0.0,0.0,0.0,0,0,0,1,230,0,0,0

APPTR,R07RY,07R,TD
IF,TD,22.247894,114.293139, ,0.0,0.0,2,11000,0,0,0,0,1,0
TF,NIXUS,22.489458,114.172139,0, ,0.0,0.0,0.0,0.0,2,8000,0,0,0,0,0,0
TF,NOLIB,22.427486,114.010233,0, ,0.0,0.0,0.0,0.0,2,6300,0,1,220,0,1,0

FINAL,R07RY,07R,R,7
IF,NOLIB,22.427486,114.010233, ,0.0,0.0,2,6300,0,1,220,0,0,0
TF,VH703,22.406617,113.955811,0, ,0.0,0.0,251.0,3.3,2,5300,0,0,0,0,0,0
TF,VH704,22.361794,113.839217,0, ,0.0,0.0,251.0,7.0,3,3000,0,1,180,0,0,0
TF,VH715,22.305192,113.786592,0, ,0.0,0.0,224.0,4.5,2,1700,0,1,160,0,0,0
TF,VH716,22.273119,113.826436,0, ,0.0,0.0,134.0,2.9,2,1100,0,0,0,0,0,0
TF,VH717,22.278600,113.843411,0, ,0.0,0.0,74.0,1.0,1,1100,0,0,0,0,2,0
TF,RW07R,22.296675,113.899442,0, ,0.0,0.0,74.0,3.3,1,77,0,0,0,0,3,1
TF,PORPA,22.335861,114.021194,0, ,0.0,0.0,0.0,0.0,3,5000,0,1,220,0,0,1
TF,TD,22.247894,114.293139,0, ,0.0,0.0,0.0,0.0,0,0,0,1,220,0,0,0

APPTR,R07RZ,07R,LIMES
IF,LIMES,22.107111,113.775722, ,0.0,0.0,4,6000,3000,0,0,0,1,0
TF,ARGON,22.197933,113.729908,0, ,0.0,0.0,0.0,0.0,2,2000,0,1,180,0,1,0

FINAL,R07RZ,07R,R,4
IF,ARGON,22.197933,113.729908, ,0.0,0.0,2,2000,0,1,180,0,0,0
TF,VH720,22.251650,113.760989,0, ,0.0,0.0,31.0,3.6,2,2000,0,1,180,0,0,0
TF,VH721,22.270189,113.818019,0, ,0.0,0.0,74.0,3.4,1,1600,0,1,160,0,2,0
TF,RW07R,22.296675,113.899442,0, ,0.0,0.0,74.0,4.8,1,77,0,0,0,0,3,1
TF,PORPA,22.335861,114.021194,0, ,0.0,0.0,0.0,0.0,3,5000,0,1,210,0,0,1
DF,GUAVA,22.160028,114.060083,2, ,0.0,0.0,0,0,0,1,210,0,0,0
TF,SOKOE,22.078111,113.843917,0, ,0.0,0.0,0.0,0.0,0,0,0,1,230,0,0,0
TF,LIMES,22.107111,113.775722,0, ,0.0,0.0,0.0,0.0,0,0,0,1,230,0,0,0

APPTR,R25LY,25L,GUAVA
IF,GUAVA,22.160028,114.060083, ,0.0,0.0,1,5000,0,0,0,0,1,0
TF,LUDLA,22.227997,114.074653,0, ,0.0,0.0,0.0,0.0,4,5000,3600,0,0,0,0,0
TF,LAMMA,22.282114,114.086264,0, ,0.0,0.0,0.0,0.0,2,3600,0,1,180,0,1,0

FINAL,R25LY,25L,R,5
IF,LAMMA,22.282114,114.086264, ,0.0,0.0,2,3600,0,1,180,0,0,0
TF,VH533,22.331519,114.076867,0, ,0.0,0.0,353.0,3.0,2,2700,0,1,180,0,0,0
TF,VH544,22.342964,114.043244,0, ,0.0,0.0,294.0,2.0,2,2100,0,0,0,0,0,0
TF,VH545,22.330400,114.004167,0, ,0.0,0.0,254.0,2.3,1,1400,0,1,160,0,2,0
TF,RW25L,22.307431,113.932819,0, ,0.0,0.0,254.0,4.2,1,79,0,0,0,0,3,1
TF,PRAWN,22.268167,113.811139,0, ,0.0,0.0,0.0,0.0,3,5000,0,1,185,0,0,1
DF,VH547,22.054553,113.890761,1, ,0.0,0.0,0,0,0,1,185,0,0,0
TF,GOODI,22.069411,113.996831,0, ,0.0,0.0,0.0,0.0,0,0,0,1,230,0,0,0
TF,GUAVA,22.160028,114.060083,0, ,0.0,0.0,0.0,0.0,0,0,0,1,230,0,0,0

APPTR,R25LZ,25L,MIRRS
IF,MIRRS,22.404750,114.235917, ,0.0,0.0,4,6000,4500,0,0,0,1,0
TF,LOTUS,22.388406,114.184889,0, ,0.0,0.0,0.0,0.0,2,4500,0,1,180,0,1,0

APPTR,R25LZ,25L,TD
IF,TD,22.247894,114.293139, ,0.0,0.0,4,8000,6000,0,0,0,1,0
TF,VH541,22.364994,114.250433,0, ,0.0,0.0,0.0,0.0,4,6000,4500,0,0,0,0,0
TF,LOTUS,22.388406,114.184889,0, ,0.0,0.0,0.0,0.0,2,4500,0,1,180,0,1,0

FINAL,R25LZ,25L,R,5
IF,LOTUS,22.388406,114.184889, ,0.0,0.0,2,4500,0,1,180,0,0,0
TF,VH543,22.362064,114.102728,0, ,0.0,0.0,254.0,4.8,2,3200,0,1,180,0,0,0
TF,VH544,22.342964,114.043244,0, ,0.0,0.0,254.0,3.5,2,2100,0,0,0,0,0,0
TF,VH545,22.330400,114.004167,0, ,0.0,0.0,254.0,2.3,1,1400,0,1,160,0,2,0
TF,RW25L,22.307431,113.932819,0, ,0.0,0.0,254.0,4.2,1,79,0,0,0,0,3,1
TF,PRAWN,22.268167,113.811139,0, ,0.0,0.0,0.0,0.0,3,5000,0,1,185,0,0,1
DF,VH547,22.054553,113.890761,1, ,0.0,0.0,0,0,0,1,185,0,0,0
TF,GOODI,22.069411,113.996831,0, ,0.0,0.0,0.0,0.0,0,0,0,1,230,0,0,0
TF,MONTY,22.168406,114.321022,0, ,0.0,0.0,0.0,0.0,0,0,0,1,230,0,0,0
TF,TD,22.247894,114.293139,0, ,0.0,0.0,0.0,0.0,0,0,0,1,230,0,0,0

APPTR,R25RY,25R,GUAVA
IF,GUAVA,22.160028,114.060083, ,0.0,0.0,1,5000,0,0,0,0,1,0
TF,LUSVI,22.212908,114.071417,0, ,0.0,0.0,0.0,0.0,4,5000,3600,0,0,0,0,0
TF,LAMMA,22.282114,114.086264,0, ,0.0,0.0,0.0,0.0,2,3600,0,1,180,0,0,0
TF,VH533,22.331519,114.076867,0, ,0.0,0.0,0.0,0.0,2,2700,0,1,180,0,0,0
TF,VH506,22.343608,114.042297,0, ,0.0,0.0,0.0,0.0,2,2000,0,1,180,0,0,0
TF,VH507,22.351961,114.018397,0, ,0.0,0.0,0.0,0.0,2,1800,0,0,0,0,0,0
TF,VH508,22.357744,113.994592,0, ,0.0,0.0,0.0,0.0,2,1600,0,1,160,0,1,0

FINAL,R25RY,25R,R,3
IF,VH508,22.357744,113.994592, ,0.0,0.0,2,1600,0,1,160,0,0,0
TF,VH509,22.349983,113.970464,0, ,0.0,0.0,254.0,1.4,1,1100,0,0,0,0,2,0
TF,RW25R,22.331792,113.913956,0, ,0.0,0.0,254.0,3.3,1,73,0,0,0,0,3,1
CF,VH522,22.321411,113.881744,0,LKC,184.9,3.4,254.0,1.9,0,0,0,0,0,0,0,0
RF,VH525,22.387606,113.854514,2,VH994,69.4,2.1,0,0,0,1,185,0,0,0
TF,VH524,22.432397,113.969408,0, ,0.0,0.0,0.0,0.0,1,4000,0,0,0,0,0,0
TF,VH526,22.497892,114.140875,0, ,0.0,0.0,0.0,0.0,0,0,0,1,230,0,0,0
TF,BOKAG,22.529625,114.224183,0, ,0.0,0.0,0.0,0.0,1,5000,0,1,210,0,0,0

APPTR,R25RZ,25R,BOKAG
IF,BOKAG,22.529625,114.224183, ,0.0,0.0,1,5000,0,1,210,0,1,0
TF,VH519,22.473069,114.245097,0, ,0.0,0.0,0.0,0.0,2,4500,0,0,0,0,0,0
TF,RUNSU,22.423044,114.198214,0, ,0.0,0.0,0.0,0.0,2,4500,0,1,180,0,1,0

APPTR,R25RZ,25R,TD
IF,TD,22.247894,114.293139, ,0.0,0.0,4,8000,6000,0,0,0,1,0
TF,TEDAP,22.409981,114.270333,0, ,0.0,0.0,0.0,0.0,2,4500,0,0,0,0,0,0
TF,RUNSU,22.423044,114.198214,0, ,0.0,0.0,0.0,0.0,2,4500,0,1,180,0,1,0

FINAL,R25RZ,25R,R,3
IF,RUNSU,22.423044,114.198214, ,0.0,0.0,2,4500,0,1,180,0,0,0
TF,VH505,22.406711,114.147189,0, ,0.0,0.0,254.0,3.0,1,4300,0,1,180,0,2,0
TF,RW25R,22.331792,113.913956,0, ,0.0,0.0,254.0,13.7,1,73,0,0,0,0,3,1
CF,VH522,22.321411,113.881744,0,SMT,263.2,5.7,254.0,1.9,0,0,0,0,0,0,0,1
DF,VH523,22.405697,113.899692,2, ,0.0,0.0,4,4000,3000,1,185,0,0,0
TF,VH526,22.497892,114.140875,0, ,0.0,0.0,0.0,0.0,0,0,0,1,230,0,0,0
TF,BOKAG,22.529625,114.224183,0, ,0.0,0.0,0.0,0.0,1,5000,0,1,210,0,0,0

