APPTR,D08,08,SP
IF,SP,29.999911,77.432008, ,0.0,0.0,0,0,0,0,0,0,0,0
TF,DDN30,30.047133,77.613847,0, ,0.0,0.0,0.0,0.0,0,0,0,1,185,0,1,0
TF,D254O,30.123758,77.888367,0, ,0.0,0.0,0.0,0.0,2,5600,0,0,0,0,1,0
TF,DABGO,30.145544,77.981144,0, ,0.0,0.0,0.0,0.0,2,4100,0,0,0,0,0,0
CF,FD08,30.158583,78.036831,0,DDN,254.0,7.0,74.0,3.0,2,4100,0,0,0,0,0,0

FINAL,D08,08,D,2
IF,FD08,30.158583,78.036831,DDN,254.0,7.0,2,4100,0,0,0,0,2,0
CF,MD08,30.184589,78.148247,0,DDN,254.0,0.0,74.0,6.0,1,2218,0,0,0,0,3,0
CF,DDN,30.188908,78.166819,0,DDN,0.0,0.0,74.0,1.0,2,2260,0,0,0,0,0,1
CI,2, ,0.0,284.0,0,0,0,1,185,0,0,0
CF,DABGO,30.145544,77.981144,0,DDN,254.0,10.0,254.0,7.0,1,5600,0,0,0,0,0,0
HM,DABGO,30.145544,77.981144,2, ,0.0,0.0,74.0,05,2,5600,0,0,0,0,0,0,0

APPTR,L08,08,LEKIL
IF,LEKIL,30.151603,77.940192, ,0.0,0.0,2,5600,0,0,0,0,1,0
CF,D244Q,30.071844,77.878928,0,DDN,244.0,16.5,258.0,4.0,2,4800,0,0,0,0,0,1
CF,DN702,30.137556,77.864928,2,DDN,258.0,16.0,78.0,1.0,2,4800,0,0,0,0,0,0
CF,LEKIL,30.151603,77.940192,0,IDUN,258.7,13.5,78.0,4.0,2,4100,0,0,0,0,1,0

APPTR,L08,08,SP
IF,SP,29.999911,77.432008, ,0.0,0.0,0,0,0,0,0,0,0,0
TF,DN701,30.070919,77.705894,0, ,0.0,0.0,0.0,0.0,0,0,0,0,0,0,1,0
TF,DN702,30.137556,77.864928,0, ,0.0,0.0,0.0,0.0,2,5600,0,0,0,0,0,0
TF,LEKIL,30.151603,77.940192,0, ,0.0,0.0,0.0,0.0,2,5600,0,0,0,0,0,1
CF,D244Q,30.071844,77.878928,2,DDN,244.0,16.5,258.0,4.0,2,4800,0,0,0,0,0,1
CF,DN702,30.137556,77.864928,2,DDN,258.0,16.0,78.0,1.0,2,4800,0,0,0,0,0,0
CF,LEKIL,30.151603,77.940192,0,IDUN,258.7,13.5,78.0,4.0,2,4100,0,0,0,0,1,0

FINAL,L08,08,D,4
IF,LEKIL,30.151603,77.940192,IDUN,258.7,13.5,2,4100,0,0,0,0,0,0
CF,FF08,30.166939,78.036053,0,IDUN,258.7,8.4,79.0,5.1,2,4100,0,0,0,0,2,0
CF,40LOC,30.176883,78.098464,0,IDUN,258.7,5.1,79.0,3.3,2,3060,0,0,0,0,0,0
CF,ML08,30.185897,78.155214,0,IDUN,258.7,2.1,79.0,3.0,1,2106,0,0,0,0,3,0
CF,D259A,30.187775,78.167056,0,DDN,168.7,0.1,79.0,0.6,0,0,0,0,0,0,0,1
CI,2, ,0.0,288.0,0,0,0,0,0,0,0,0
CF,LEKIL,30.151603,77.940192,0,DDN,258.3,12.0,258.0,5.0,1,5600,0,1,160,0,0,0
HM,LEKIL,30.151603,77.940192,2, ,0.0,0.0,78.0,04.3,2,5600,0,0,0,0,0,0,0

