FINAL,D27-Z,27,D,3
IF,FD27Z,28.711186,77.460597,HND,85.0,5.1,2,2200,0,0,0,0,2,0
CF,30VOR,28.708761,77.420889,0,HND,85.0,3.0,265.0,2.1,2,1540,0,0,0,0,0,0
CF,MD27Z,28.706442,77.383072,0,HND,85.0,0.0,265.0,2.0,1,924,0,0,0,0,3,0
CA,0,265.0,2,1110,0,0,0,0,0,0
CA,0,320.0,2,2600,0,0,0,0,0,0
DF,HND,28.705278,77.364167,2, ,0.0,0.0,1,2600,0,0,0,0,0,0
HM,HND,28.705278,77.364167,2, ,0.0,0.0,265.0,04.3,2,2600,0,1,185,0,0,0,0

FINAL,L27,27,D,4
IF,CF27,28.706308,77.499933,IHND,89.6,8.4,2,2200,0,0,0,0,0,0
CF,FF27,28.706675,77.462028,0,IHND,89.6,6.4,270.0,2.0,2,2200,0,0,0,0,2,0
CF,30LOC,28.706997,77.427914,0,IHND,89.6,4.6,270.0,1.8,2,1660,0,0,0,0,0,0
CF,ML27,28.707344,77.390008,0,IHND,89.6,2.6,270.0,2.0,1,1046,0,0,0,0,3,0
CA,0,270.0,2,1110,0,0,0,0,0,0
VA,0,320.0,2,2600,0,0,0,0,0,0
DF,HND,28.705278,77.364167,2, ,0.0,0.0,1,2600,0,0,0,0,0,0
HM,HND,28.705278,77.364167,2, ,0.0,0.0,270.0,04.3,2,2600,0,1,185,0,0,0,0

FINAL,S27-Y,27,D,2
IF,FS27Y,28.711081,77.458869,HND,85.0,5.0,2,2200,0,0,0,0,2,0
CF,RW27,28.707500,77.372778,0,HND,72.7,0.5,265.0,4.6,1,756,0,0,0,0,3,0
CF,HND,28.705278,77.364167,0,HND,0.0,0.0,265.0,0.5,0,0,0,0,0,0,0,1
FA,HND,28.705278,77.364167,0,HND,0.0,0.0,320.0,2,2600,0,0,0,0,0,0
DF,HND,28.705278,77.364167,2, ,0.0,0.0,1,2600,0,0,0,0,0,0
HM,HND,28.705278,77.364167,2, ,0.0,0.0,265.0,04.3,2,2600,0,1,185,0,0,0,0

