APPTR,D05-Z,05,JDP1
IF,JDP,26.249506,73.043258, ,0.0,0.0,2,3800,0,0,0,0,0,0
FD,JDP,26.249506,73.043258,0,JDP,0.0,8.5,192.0,8.5,2,2600,0,0,0,0,0,0
CF,FD05Z,26.168811,72.968239,2,JDP,220.0,6.3,40.0,3.0,2,2600,0,0,0,0,0,0

APPTR,D05-Z,05,JDP2
IF,JDP,26.249506,73.043258, ,0.0,0.0,2,3800,0,0,0,0,0,0
FD,JDP,26.249506,73.043258,0,JDP,0.0,8.5,208.0,8.5,2,2600,0,0,0,0,0,0
CF,FD05Z,26.168811,72.968239,2,JDP,220.0,6.3,40.0,3.0,2,2600,0,0,0,0,0,0

FINAL,D05-Z,05,D,2
IF,FD05Z,26.168811,72.968239,JDP,220.0,6.3,2,2600,0,0,0,0,2,0
CF,MD05Z,26.236697,73.031342,0,JDP,220.0,0.0,40.0,5.3,1,920,0,0,0,0,3,0
CF,JDP,26.249506,73.043258,0,JDP,0.0,0.0,40.0,1.0,0,0,0,0,0,0,0,0
CA,0,40.0,2,1500,0,0,0,0,0,0
DF,JDP,26.249506,73.043258,1, ,0.0,0.0,1,3800,0,0,0,0,0,0
HM,JDP,26.249506,73.043258,2, ,0.0,0.0,192.0,04.3,2,3800,0,0,0,0,0,0,0

APPTR,I05-Z,05,JDP1
IF,JDP,26.249506,73.043258, ,0.0,0.0,2,3800,0,0,0,0,0,0
FD,JDP,26.249506,73.043258,0,JDP,0.0,8.5,197.0,8.5,2,2600,0,0,0,0,0,0
CF,CI05,26.149694,72.936119,2,IJDH,224.9,9.4,45.0,1.0,2,2600,0,0,0,0,0,0

APPTR,I05-Z,05,JDP2
IF,JDP,26.249506,73.043258, ,0.0,0.0,2,3800,0,0,0,0,0,0
FD,JDP,26.249506,73.043258,0,JDP,0.0,8.5,213.0,8.5,2,2600,0,0,0,0,0,0
CF,CI05,26.149694,72.936119,2,IJDH,224.9,9.4,45.0,1.0,2,2600,0,0,0,0,0,0

FINAL,I05-Z,05,I,3
IF,CI05,26.149694,72.936119,IJDH,224.9,9.4,2,2600,0,0,0,0,0,0
CF,FI05,26.173417,72.962225,0,IJDH,224.9,7.4,45.0,2.0,1,2600,0,0,0,0,2,0
CF,RW05,26.242500,73.038333,0,IJDH,224.8,1.6,45.0,5.8,1,757,0,0,0,0,3,0
CA,0,45.0,2,1500,0,0,0,0,0,0
DF,JDP,26.249506,73.043258,1, ,0.0,0.0,1,3800,0,0,0,0,0,0
HM,JDP,26.249506,73.043258,2, ,0.0,0.0,197.0,04.3,2,3800,0,0,0,0,0,0,0

APPTR,S05-Y,05,JDP1
IF,JDP,26.249506,73.043258, ,0.0,0.0,2,3800,0,0,0,0,0,0
FC,JDP,26.249506,73.043258,0,JDP,0.0,0.0,192.0,7.0,2,2600,0,0,0,0,0,1
CF,FS05Y,26.169078,72.968489,2,JDP,220.0,6.3,40.0,1.0,2,2600,0,0,0,0,0,0

APPTR,S05-Y,05,JDP2
IF,JDP,26.249506,73.043258, ,0.0,0.0,2,3800,0,0,0,0,0,0
FC,JDP,26.249506,73.043258,0,JDP,0.0,0.0,208.0,7.0,2,2600,0,0,0,0,0,1
CF,FS05Y,26.169078,72.968489,2,JDP,220.0,6.3,40.0,1.0,2,2600,0,0,0,0,0,0

FINAL,S05-Y,05,D,2
IF,FS05Y,26.169078,72.968489,JDP,220.0,6.3,2,2600,0,0,0,0,2,0
CF,RW05,26.242500,73.038333,0,JDP,212.4,0.5,40.0,5.8,1,757,0,0,0,0,3,0
CF,JDP,26.249506,73.043258,0,JDP,0.0,0.0,40.0,0.5,0,0,0,0,0,0,0,1
CA,0,40.0,2,1500,0,0,0,0,0,0
DF,JDP,26.249506,73.043258,1, ,0.0,0.0,1,3800,0,0,0,0,0,0
HM,JDP,26.249506,73.043258,2, ,0.0,0.0,192.0,04.3,2,3800,0,0,0,0,0,0,0

