SID,GUDU1B,27,5
VA,0,264.0,2,2000,0,0,0,0,0,0
DF,JP007,26.543894,75.680725,1, ,0.0,0.0,3,8000,0,0,0,0,0,0
TF,GUDUM,25.966944,75.472500,0, ,0.0,0.0,0.0,0.0,2,15000,0,0,0,0,0,0

SID,GUDU1D,09,5
VA,0,84.0,2,2000,0,0,0,0,0,0
DF,JP004,26.722692,75.983550,2, ,0.0,0.0,0,0,0,0,0,0,0,0
TF,JP430,26.146419,75.587981,0, ,0.0,0.0,0.0,0.0,3,9000,0,0,0,0,0,0
TF,GUDUM,25.966944,75.472500,0, ,0.0,0.0,0.0,0.0,2,11000,0,0,0,0,0,0

SID,IKAV1B,27,5
VA,0,264.0,2,2000,0,0,0,0,0,0
DF,JP007,26.543894,75.680725,1, ,0.0,0.0,3,8000,0,0,0,0,0,0
TF,JP409,26.259833,76.037928,0, ,0.0,0.0,0.0,0.0,3,8000,0,0,0,0,0,0
TF,IKAVA,25.904722,76.398889,0, ,0.0,0.0,0.0,0.0,2,14000,0,0,0,0,0,0

SID,IKAV1D,09,5
VA,0,84.0,2,2000,0,0,0,0,0,0
DF,JP004,26.722692,75.983550,2, ,0.0,0.0,0,0,0,0,0,0,0,0
TF,JP445,26.384267,76.124989,0, ,0.0,0.0,0.0,0.0,3,9000,0,0,0,0,0,0
TF,IKAVA,25.904722,76.398889,0, ,0.0,0.0,0.0,0.0,2,14000,0,0,0,0,0,0

SID,INTI1B,27,5
VA,0,264.0,2,2000,0,0,0,0,0,0
DF,JP007,26.543894,75.680725,1, ,0.0,0.0,3,8000,0,0,0,0,0,0
TF,JP542,26.481808,76.123639,0, ,0.0,0.0,0.0,0.0,3,8000,0,0,0,0,0,0
TF,JP556,26.469394,76.431739,0, ,0.0,0.0,0.0,0.0,0,0,0,0,0,0,0,0
TF,INTIL,26.464167,76.544722,0, ,0.0,0.0,0.0,0.0,3,12000,0,0,0,0,0,0

SID,INTI1D,09,5
VA,0,84.0,2,2000,0,0,0,0,0,0
DF,JP004,26.722692,75.983550,2, ,0.0,0.0,0,0,0,0,0,0,0,0
TF,JP443,26.616372,76.363969,0, ,0.0,0.0,0.0,0.0,3,11000,0,0,0,0,0,0
TF,INTIL,26.464167,76.544722,0, ,0.0,0.0,0.0,0.0,3,13000,0,0,0,0,0,0

SID,LOVG1B,27,5
VA,0,264.0,2,2000,0,0,0,0,0,0
DF,JP005,27.078531,75.653753,2, ,0.0,0.0,0,0,0,0,0,0,0,0
TF,JP540,27.095067,76.093086,0, ,0.0,0.0,0.0,0.0,2,11000,0,0,0,0,0,0
TF,JP422,27.098033,76.331464,0, ,0.0,0.0,0.0,0.0,2,13000,0,0,0,0,0,0
TF,LOVGA,27.027222,76.705000,0, ,0.0,0.0,0.0,0.0,0,0,0,0,0,0,0,0

SID,LOVG1D,09,5
CF,JP502,26.849497,76.083814,0,JJP,83.8,13.3,84.0,13.5,2,3800,0,0,0,0,0,0
TF,JP515,26.912258,76.424931,0, ,0.0,0.0,0.0,0.0,0,0,0,0,0,0,0,0
TF,LOVGA,27.027222,76.705000,0, ,0.0,0.0,0.0,0.0,3,11000,0,0,0,0,0,0

SID,NIKO1B,27,5
VA,0,264.0,2,2000,0,0,0,0,0,0
DF,JP007,26.543894,75.680725,1, ,0.0,0.0,3,8000,0,0,0,0,0,0
TF,NIKOT,25.881111,75.440000,0, ,0.0,0.0,0.0,0.0,2,15000,0,0,0,0,0,0

SID,NIKO1D,09,5
VA,0,84.0,2,2000,0,0,0,0,0,0
DF,JP004,26.722692,75.983550,2, ,0.0,0.0,0,0,0,0,0,0,0,0
TF,JP430,26.146419,75.587981,0, ,0.0,0.0,0.0,0.0,3,9000,0,0,0,0,0,0
TF,NIKOT,25.881111,75.440000,0, ,0.0,0.0,0.0,0.0,2,12000,0,0,0,0,0,0

SID,UKAS1B,27,5
VA,0,264.0,2,2000,0,0,0,0,0,0
DF,JP005,27.078531,75.653753,2, ,0.0,0.0,0,0,0,0,0,0,0,0
TF,UKASO,27.637500,75.864167,0, ,0.0,0.0,0.0,0.0,0,0,0,0,0,0,0,0

SID,UKAS1D,09,5
VA,0,84.0,2,2000,0,0,0,0,0,0
DF,ALDUB,27.151806,75.872733,1, ,0.0,0.0,0,0,0,0,0,0,0,0
TF,JP440,27.268792,75.870939,0, ,0.0,0.0,0.0,0.0,3,8000,0,0,0,0,0,0
TF,UKASO,27.637500,75.864167,0, ,0.0,0.0,0.0,0.0,0,0,0,0,0,0,0,0

SID,UXEN1B,27,5
CF,JP402,26.799350,75.550042,0,JJP,264.2,15.5,264.0,13.4,2,3800,0,0,0,0,0,0
TF,JP410,26.777622,75.375844,0, ,0.0,0.0,0.0,0.0,2,9000,0,0,0,0,0,0
TF,JP442,26.731964,75.015008,0, ,0.0,0.0,0.0,0.0,0,0,0,0,0,0,0,0
TF,UXENI,26.636944,74.893056,0, ,0.0,0.0,0.0,0.0,3,13000,0,0,0,0,0,0

SID,UXEN1D,09,5
VA,0,84.0,2,2000,0,0,0,0,0,0
DF,ALDUB,27.151806,75.872733,1, ,0.0,0.0,0,0,0,0,0,0,0,0
TF,JP440,27.268792,75.870939,0, ,0.0,0.0,0.0,0.0,3,8000,0,0,0,0,0,0
TF,JP441,27.217139,75.601753,0, ,0.0,0.0,0.0,0.0,0,0,0,0,0,0,0,0
TF,JP002,26.885325,75.203103,0, ,0.0,0.0,0.0,0.0,2,14000,0,0,0,0,0,0
TF,UXENI,26.636944,74.893056,0, ,0.0,0.0,0.0,0.0,0,0,0,0,0,0,0,0

STAR,BUBN1A,27,5
IF,BUBNU,26.440278,75.071944, ,0.0,0.0,0,0,0,0,0,0,0,0
TF,JP522,26.494036,75.445531,0, ,0.0,0.0,0.0,0.0,2,13000,0,0,0,0,0,0
TF,JP524,26.701581,75.846017,0, ,0.0,0.0,0.0,0.0,2,10000,0,1,220,0,0,0
TF,JP551,26.729328,76.056131,0, ,0.0,0.0,0.0,0.0,2,9000,0,0,0,0,0,0
TF,JP554,26.744972,76.226756,0, ,0.0,0.0,0.0,0.0,4,9000,5000,0,0,0,0,0
TF,JP504,26.861378,76.213589,0, ,0.0,0.0,0.0,0.0,2,5000,0,0,0,0,0,0
TF,JP502,26.849497,76.083814,0, ,0.0,0.0,0.0,0.0,2,3800,0,0,0,0,0,0

STAR,BUBN1C,09,5
IF,BUBNU,26.440278,75.071944, ,0.0,0.0,2,12000,0,0,0,0,0,0
TF,JP529,26.465678,75.197550,0, ,0.0,0.0,0.0,0.0,2,11000,0,0,0,0,0,0
TF,JP530,26.569639,75.317028,0, ,0.0,0.0,0.0,0.0,2,9000,0,1,220,0,0,0
TF,JP545,26.668836,75.416892,0, ,0.0,0.0,0.0,0.0,4,7000,5000,0,0,0,0,0
TF,JP546,26.785164,75.402908,0, ,0.0,0.0,0.0,0.0,2,5000,0,0,0,0,0,0
TF,JP402,26.799350,75.550042,0, ,0.0,0.0,0.0,0.0,2,3800,0,0,0,0,0,0

STAR,IGOL1A,27,5
IF,IGOLU,27.523056,76.313889, ,0.0,0.0,0,0,0,0,0,0,0,0
TF,JP511,27.293422,76.201583,0, ,0.0,0.0,0.0,0.0,3,10000,0,1,220,0,0,0
TF,JP553,26.977781,76.200394,0, ,0.0,0.0,0.0,0.0,4,9000,5000,0,0,0,0,0
TF,JP504,26.861378,76.213589,0, ,0.0,0.0,0.0,0.0,2,5000,0,0,0,0,0,0
TF,JP502,26.849497,76.083814,0, ,0.0,0.0,0.0,0.0,2,3800,0,0,0,0,0,0

STAR,IGOL1C,09,5
IF,IGOLU,27.523056,76.313889, ,0.0,0.0,0,0,0,0,0,0,0,0
TF,JP540,27.095067,76.093086,0, ,0.0,0.0,0.0,0.0,2,12000,0,0,0,0,0,0
TF,LEVMU,27.076269,75.748394,0, ,0.0,0.0,0.0,0.0,2,10000,0,1,220,0,0,0
TF,JP535,27.017442,75.531161,0, ,0.0,0.0,0.0,0.0,0,0,0,0,0,0,0,0
TF,JP403,26.915689,75.536175,0, ,0.0,0.0,0.0,0.0,0,0,0,0,0,0,0,0
TF,JP547,26.899778,75.389100,0, ,0.0,0.0,0.0,0.0,4,7000,5000,0,0,0,0,0
TF,JP546,26.785164,75.402908,0, ,0.0,0.0,0.0,0.0,2,5000,0,0,0,0,0,0
TF,JP402,26.799350,75.550042,0, ,0.0,0.0,0.0,0.0,2,3800,0,0,0,0,0,0

STAR,INTI1A,27,5
IF,INTIL,26.464167,76.544722, ,0.0,0.0,0,0,0,0,0,0,0,0
TF,JP006,26.592778,76.391292,0, ,0.0,0.0,0.0,0.0,2,13000,0,0,0,0,0,0
TF,JP554,26.744972,76.226756,0, ,0.0,0.0,0.0,0.0,4,9000,5000,1,220,0,0,0
TF,JP504,26.861378,76.213589,0, ,0.0,0.0,0.0,0.0,2,5000,0,0,0,0,0,0
TF,JP502,26.849497,76.083814,0, ,0.0,0.0,0.0,0.0,2,3800,0,0,0,0,0,0

STAR,INTI1C,09,5
IF,INTIL,26.464167,76.544722, ,0.0,0.0,0,0,0,0,0,0,0,0
TF,JP544,26.494544,76.081542,0, ,0.0,0.0,0.0,0.0,2,14000,0,0,0,0,0,0
TF,JP532,26.523747,75.613233,0, ,0.0,0.0,0.0,0.0,2,10000,0,1,220,0,0,0
TF,JP405,26.683008,75.563878,0, ,0.0,0.0,0.0,0.0,0,0,0,0,0,0,0,0
TF,JP545,26.668836,75.416892,0, ,0.0,0.0,0.0,0.0,4,7000,5000,0,0,0,0,0
TF,JP546,26.785164,75.402908,0, ,0.0,0.0,0.0,0.0,2,5000,0,0,0,0,0,0
TF,JP402,26.799350,75.550042,0, ,0.0,0.0,0.0,0.0,2,3800,0,0,0,0,0,0

STAR,LOVG1A,27,5
IF,LOVGA,27.027222,76.705000, ,0.0,0.0,3,12000,0,0,0,0,0,0
TF,JP516,26.978617,76.579189,0, ,0.0,0.0,0.0,0.0,0,0,0,0,0,0,0,0
TF,JP515,26.912258,76.424931,0, ,0.0,0.0,0.0,0.0,2,9000,0,1,220,0,0,0
TF,JP504,26.861378,76.213589,0, ,0.0,0.0,0.0,0.0,2,5000,0,0,0,0,0,0
TF,JP502,26.849497,76.083814,0, ,0.0,0.0,0.0,0.0,2,3800,0,0,0,0,0,0

STAR,LOVG1C,09,5
IF,LOVGA,27.027222,76.705000, ,0.0,0.0,0,0,0,0,0,0,0,0
TF,JP003,27.052803,76.329625,0, ,0.0,0.0,0.0,0.0,2,13000,0,0,0,0,0,0
TF,JP540,27.095067,76.093086,0, ,0.0,0.0,0.0,0.0,2,12000,0,0,0,0,0,0
TF,LEVMU,27.076269,75.748394,0, ,0.0,0.0,0.0,0.0,2,10000,0,1,220,0,0,0
TF,JP535,27.017442,75.531161,0, ,0.0,0.0,0.0,0.0,0,0,0,0,0,0,0,0
TF,JP403,26.915689,75.536175,0, ,0.0,0.0,0.0,0.0,0,0,0,0,0,0,0,0
TF,JP547,26.899778,75.389100,0, ,0.0,0.0,0.0,0.0,4,7000,5000,0,0,0,0,0
TF,JP546,26.785164,75.402908,0, ,0.0,0.0,0.0,0.0,2,5000,0,0,0,0,0,0
TF,JP402,26.799350,75.550042,0, ,0.0,0.0,0.0,0.0,2,3800,0,0,0,0,0,0

STAR,RIDR1A,27,5
IF,RIDRA,25.989722,75.796944, ,0.0,0.0,0,0,0,0,0,0,0,0
TF,JP541,26.583261,76.003378,0, ,0.0,0.0,0.0,0.0,2,10000,0,1,220,0,0,0
TF,JP551,26.729328,76.056131,0, ,0.0,0.0,0.0,0.0,2,9000,0,0,0,0,0,0
TF,JP554,26.744972,76.226756,0, ,0.0,0.0,0.0,0.0,4,9000,5000,0,0,0,0,0
TF,JP504,26.861378,76.213589,0, ,0.0,0.0,0.0,0.0,2,5000,0,0,0,0,0,0
TF,JP502,26.849497,76.083814,0, ,0.0,0.0,0.0,0.0,2,3800,0,0,0,0,0,0

STAR,RIDR1C,09,5
IF,RIDRA,25.989722,75.796944, ,0.0,0.0,0,0,0,0,0,0,0,0
TF,JP543,26.340950,75.676253,0, ,0.0,0.0,0.0,0.0,2,14000,0,0,0,0,0,0
TF,JP532,26.523747,75.613233,0, ,0.0,0.0,0.0,0.0,2,10000,0,1,220,0,0,0
TF,JP405,26.683008,75.563878,0, ,0.0,0.0,0.0,0.0,0,0,0,0,0,0,0,0
TF,JP545,26.668836,75.416892,0, ,0.0,0.0,0.0,0.0,4,7000,5000,0,0,0,0,0
TF,JP546,26.785164,75.402908,0, ,0.0,0.0,0.0,0.0,2,5000,0,0,0,0,0,0
TF,JP402,26.799350,75.550042,0, ,0.0,0.0,0.0,0.0,2,3800,0,0,0,0,0,0

STAR,UXEN1A,27,5
IF,UXENI,26.636944,74.893056, ,0.0,0.0,0,0,0,0,0,0,0,0
TF,JP526,26.600328,75.124308,0, ,0.0,0.0,0.0,0.0,2,14000,0,0,0,0,0,0
TF,JP522,26.494036,75.445531,0, ,0.0,0.0,0.0,0.0,2,13000,0,0,0,0,0,0
TF,JP524,26.701581,75.846017,0, ,0.0,0.0,0.0,0.0,2,10000,0,1,220,0,0,0
TF,JP551,26.729328,76.056131,0, ,0.0,0.0,0.0,0.0,2,9000,0,0,0,0,0,0
TF,JP554,26.744972,76.226756,0, ,0.0,0.0,0.0,0.0,4,9000,5000,0,0,0,0,0
TF,JP504,26.861378,76.213589,0, ,0.0,0.0,0.0,0.0,2,5000,0,0,0,0,0,0
TF,JP502,26.849497,76.083814,0, ,0.0,0.0,0.0,0.0,2,3800,0,0,0,0,0,0

STAR,UXEN1C,09,5
IF,UXENI,26.636944,74.893056, ,0.0,0.0,4,13000,11000,0,0,0,0,0
TF,JP526,26.600328,75.124308,0, ,0.0,0.0,0.0,0.0,0,0,0,0,0,0,0,0
TF,JP530,26.569639,75.317028,0, ,0.0,0.0,0.0,0.0,2,9000,0,1,220,0,0,0
TF,JP545,26.668836,75.416892,0, ,0.0,0.0,0.0,0.0,4,7000,5000,0,0,0,0,0
TF,JP546,26.785164,75.402908,0, ,0.0,0.0,0.0,0.0,2,5000,0,0,0,0,0,0
TF,JP402,26.799350,75.550042,0, ,0.0,0.0,0.0,0.0,2,3800,0,0,0,0,0,0

APPTR,D09,09,BUBNU
IF,BUBNU,26.440278,75.071944, ,0.0,0.0,0,0,0,0,0,0,0,0
TF,D240P,26.695567,75.577811,0, ,0.0,0.0,0.0,0.0,0,0,0,0,0,0,1,0
CI,0, ,0.0,60.0,0,0,0,0,0,0,0,0
AF,D264N,26.801053,75.578708,2,JJP,264.0,14.0,240.0,2,3800,0,0,0,0,1,0
TF,FD09,26.811167,75.684283,0, ,0.0,0.0,0.0,0.0,2,3300,0,0,0,0,0,0

APPTR,D09,09,IGOLU
IF,IGOLU,27.523056,76.313889, ,0.0,0.0,0,0,0,0,0,0,0,0
TF,D031P,27.054208,75.993172,0, ,0.0,0.0,0.0,0.0,0,0,0,0,0,0,1,0
CI,0, ,0.0,211.0,0,0,0,0,0,0,0,0
AF,D264N,26.801053,75.578708,1,JJP,264.0,14.0,31.0,2,3800,0,0,0,0,1,0
TF,FD09,26.811167,75.684283,0, ,0.0,0.0,0.0,0.0,2,3300,0,0,0,0,0,0

APPTR,D09,09,JJP1
IF,JJP,26.825750,75.838056, ,0.0,0.0,2,3800,0,0,0,0,1,0
FD,JJP,26.825750,75.838056,0,JJP,0.0,11.0,245.0,11.0,2,3300,0,0,0,0,0,0
CF,FD09,26.811167,75.684283,2,JJP,264.0,8.3,84.0,3.0,2,3300,0,0,0,0,0,0

APPTR,D09,09,JJP2
IF,JJP,26.825750,75.838056, ,0.0,0.0,2,3800,0,0,0,0,1,0
FD,JJP,26.825750,75.838056,0,JJP,0.0,10.0,254.0,10.0,2,3300,0,0,0,0,0,0
CF,FD09,26.811167,75.684283,2,JJP,264.0,8.3,84.0,2.0,2,3300,0,0,0,0,0,0

APPTR,D09,09,RIDRA
IF,RIDRA,25.989722,75.796944, ,0.0,0.0,0,0,0,0,0,0,0,0
TF,D182P,26.558572,75.824836,0, ,0.0,0.0,0.0,0.0,0,0,0,0,0,0,1,0
CI,0, ,0.0,2.0,0,0,0,0,0,0,0,0
AF,D264N,26.801053,75.578708,2,JJP,264.0,14.0,182.0,2,3800,0,0,0,0,1,0
TF,FD09,26.811167,75.684283,0, ,0.0,0.0,0.0,0.0,2,3300,0,0,0,0,0,0

FINAL,D09,09,D,2
IF,FD09,26.811167,75.684283,JJP,264.0,8.3,2,3300,0,0,0,0,2,0
CF,RW09,26.823022,75.799283,0,JJP,265.5,2.1,84.0,6.2,1,1317,0,0,0,0,3,0
FA,RW09,26.823022,75.799283,0,JJP,0.0,0.0,84.0,2,3300,0,0,0,0,0,0
DF,JJP,26.825750,75.838056,1, ,0.0,0.0,1,3800,0,0,0,0,0,0
HM,JJP,26.825750,75.838056,1, ,0.0,0.0,245.0,04.3,2,3800,0,0,0,0,0,0,0

APPTR,D27,27,BUBNU
IF,BUBNU,26.440278,75.071944, ,0.0,0.0,0,0,0,0,0,0,0,0
TF,D240N,26.711864,75.610308,0, ,0.0,0.0,0.0,0.0,0,0,0,0,0,0,1,0
CI,0, ,0.0,60.0,0,0,0,0,0,0,0,0
AF,D083L,26.850022,76.060000,1,JJP,83.0,12.0,240.0,2,3800,0,0,0,0,1,0
TF,FD27,26.837931,75.949014,0, ,0.0,0.0,0.0,0.0,2,3300,0,0,0,0,0,0

APPTR,D27,27,IGOLU
IF,IGOLU,27.523056,76.313889, ,0.0,0.0,0,0,0,0,0,0,0,0
TF,D031N,27.025661,75.973747,0, ,0.0,0.0,0.0,0.0,0,0,0,0,0,0,1,0
CI,0, ,0.0,211.0,0,0,0,0,0,0,0,0
AF,D083L,26.850022,76.060000,2,JJP,83.0,12.0,31.0,2,3800,0,0,0,0,1,0
TF,FD27,26.837931,75.949014,0, ,0.0,0.0,0.0,0.0,2,3300,0,0,0,0,0,0

APPTR,D27,27,JJP1
IF,JJP,26.825750,75.838056, ,0.0,0.0,2,3800,0,0,0,0,1,0
FD,JJP,26.825750,75.838056,0,JJP,0.0,8.0,109.0,8.0,2,3300,0,0,0,0,0,0
CF,FD27,26.837931,75.949014,1,JJP,83.0,6.0,263.0,2.0,2,3300,0,0,0,0,0,0

APPTR,D27,27,JJP2
IF,JJP,26.825750,75.838056, ,0.0,0.0,2,3800,0,0,0,0,1,0
FD,JJP,26.825750,75.838056,0,JJP,0.0,7.0,97.0,7.0,2,3300,0,0,0,0,0,0
CF,FD27,26.837931,75.949014,1,JJP,83.0,6.0,263.0,1.0,2,3300,0,0,0,0,0,0

APPTR,D27,27,LOVGA
IF,LOVGA,27.027222,76.705000, ,0.0,0.0,0,0,0,0,0,0,0,0
TF,D075T,26.910289,76.198686,0, ,0.0,0.0,0.0,0.0,0,0,0,0,0,0,1,0
TF,D083L,26.850022,76.060000,0, ,0.0,0.0,0.0,0.0,2,3800,0,0,0,0,1,0
TF,FD27,26.837931,75.949014,0, ,0.0,0.0,0.0,0.0,2,3300,0,0,0,0,0,0

APPTR,D27,27,RIDRA
IF,RIDRA,25.989722,75.796944, ,0.0,0.0,0,0,0,0,0,0,0,0
TF,D182N,26.591972,75.826486,0, ,0.0,0.0,0.0,0.0,0,0,0,0,0,0,1,0
CI,0, ,0.0,2.0,0,0,0,0,0,0,0,0
AF,D083L,26.850022,76.060000,1,JJP,83.0,12.0,182.0,2,3800,0,0,0,0,1,0
TF,FD27,26.837931,75.949014,0, ,0.0,0.0,0.0,0.0,2,3300,0,0,0,0,0,0

FINAL,D27,27,D,2
IF,FD27,26.837931,75.949014,JJP,83.0,6.0,2,3300,0,0,0,0,2,0
CF,MD27,26.827789,75.856542,0,JJP,83.0,0.0,263.0,5.0,1,1700,0,0,0,0,3,0
FA,MD27,26.827789,75.856542,0,JJP,0.0,0.0,263.0,2,3300,0,0,0,0,0,0
DF,JJP,26.825750,75.838056,1, ,0.0,0.0,1,3800,0,0,0,0,0,0
HM,JJP,26.825750,75.838056,2, ,0.0,0.0,109.0,04.3,2,3800,0,0,0,0,0,0,0

FINAL,I27-Y,27,I,3
IF,CI27Y,26.840603,75.987606,IJIP,84.0,10.4,2,3300,0,0,0,0,0,0
CF,FI27,26.837164,75.950539,0,IJIP,84.0,8.4,264.0,2.0,1,3300,0,0,0,0,2,0
CF,RW27,26.826225,75.833372,0,IJIP,84.0,2.0,264.0,6.3,1,1303,0,0,0,0,3,0
FA,RW27,26.826225,75.833372,0,JJP,0.0,0.0,264.0,2,3300,0,0,0,0,0,0
DF,JI,26.831333,75.897500,1, ,0.0,0.0,1,3800,0,0,0,0,0,0
HM,JI,26.831333,75.897500,1, ,0.0,0.0,264.0,04.3,2,3800,0,0,0,0,0,0,0

APPTR,I27-Z,27,BUBNU
IF,BUBNU,26.440278,75.071944, ,0.0,0.0,0,0,0,0,0,0,0,0
TF,D240N,26.711864,75.610308,0, ,0.0,0.0,0.0,0.0,0,0,0,0,0,0,1,0
CI,0, ,0.0,60.0,0,0,0,0,0,0,0,0
AF,D094L,26.811586,76.061044,1,JJP,94.0,12.0,240.0,2,3800,0,0,0,0,0,0
VI,0,IJIP,0.0,294.0,0,0,0,0,0,0,0,0

APPTR,I27-Z,27,IGOLU
IF,IGOLU,27.523056,76.313889, ,0.0,0.0,0,0,0,0,0,0,0,0
TF,D031N,27.025661,75.973747,0, ,0.0,0.0,0.0,0.0,0,0,0,0,0,0,1,0
CI,0, ,0.0,211.0,0,0,0,0,0,0,0,0
AF,D074L,26.880875,76.053061,2,JJP,74.0,12.0,31.0,2,3800,0,0,0,0,0,0
VI,0,IJIP,0.0,234.0,0,0,0,0,0,0,0,0

APPTR,I27-Z,27,JJP1
IF,JJP,26.825750,75.838056, ,0.0,0.0,2,3800,0,0,0,0,1,0
FD,JJP,26.825750,75.838056,0,JJP,0.0,9.0,107.0,9.0,2,3300,0,0,0,0,0,0
CI,1,IJIP,0.0,294.0,2,3300,0,0,0,0,0,0

APPTR,I27-Z,27,JJP2
IF,JJP,26.825750,75.838056, ,0.0,0.0,2,3800,0,0,0,0,1,0
FD,JJP,26.825750,75.838056,0,JJP,0.0,9.0,95.0,9.0,2,3300,0,0,0,0,0,0
CI,1,IJIP,0.0,294.0,2,3300,0,0,0,0,0,0

APPTR,I27-Z,27,LOVGA
IF,LOVGA,27.027222,76.705000, ,0.0,0.0,0,0,0,0,0,0,0,0
TF,D075T,26.910289,76.198686,0, ,0.0,0.0,0.0,0.0,0,0,0,0,0,0,1,0
FC,D075T,26.910289,76.198686,0,JJP,0.0,0.0,243.0,4.3,2,3800,0,0,0,0,0,0
CF,CI27Z,26.847317,76.060264,0,IJIP,84.0,14.3,243.0,4.0,2,3800,0,0,0,0,1,0

APPTR,I27-Z,27,RIDRA
IF,RIDRA,25.989722,75.796944, ,0.0,0.0,0,0,0,0,0,0,0,0
TF,D182N,26.591972,75.826486,0, ,0.0,0.0,0.0,0.0,0,0,0,0,0,0,1,0
CI,0, ,0.0,2.0,0,0,0,0,0,0,0,0
AF,D094L,26.811586,76.061044,1,JJP,94.0,12.0,182.0,2,3800,0,0,0,0,0,0
VI,0,IJIP,0.0,294.0,0,0,0,0,0,0,0,0

FINAL,I27-Z,27,I,3
IF,CI27Z,26.847317,76.060264,IJIP,84.0,14.3,2,3800,0,0,0,0,0,0
CF,FI27,26.837164,75.950539,0,IJIP,84.0,8.4,264.0,5.9,1,3300,0,0,0,0,2,0
CF,RW27,26.826225,75.833372,0,IJIP,84.0,2.0,264.0,6.3,1,1303,0,0,0,0,3,0
FA,RW27,26.826225,75.833372,0,JJP,0.0,0.0,264.0,2,3300,0,0,0,0,0,0
DF,JJP,26.825750,75.838056,1, ,0.0,0.0,1,3800,0,0,0,0,0,0
HM,JJP,26.825750,75.838056,2, ,0.0,0.0,107.0,04.3,2,3800,0,0,0,0,0,0,0

APPTR,R09-Y,09,JP403
IF,JP403,26.915689,75.536175, ,0.0,0.0,2,5000,0,1,210,0,1,0
TF,JP402,26.799350,75.550042,0, ,0.0,0.0,0.0,0.0,2,3800,0,1,210,0,1,0

APPTR,R09-Y,09,JP404
IF,JP404,26.786861,75.420411, ,0.0,0.0,2,5000,0,1,210,0,1,0
TF,JP402,26.799350,75.550042,0, ,0.0,0.0,0.0,0.0,2,3800,0,1,210,0,1,0

APPTR,R09-Y,09,JP405
IF,JP405,26.683008,75.563878, ,0.0,0.0,2,5000,0,1,210,0,1,0
TF,JP402,26.799350,75.550042,0, ,0.0,0.0,0.0,0.0,2,3800,0,1,210,0,1,0

FINAL,R09-Y,09,R,3
IF,JP402,26.799350,75.550042, ,0.0,0.0,2,3800,0,1,210,0,0,0
TF,JP401,26.811719,75.679700,0, ,0.0,0.0,84.0,7.0,1,3300,0,0,0,0,2,0
TF,RW09,26.823022,75.799283,0, ,0.0,0.0,84.0,6.5,1,1317,0,0,0,0,3,1
TF,JP406,26.835164,75.928994,0, ,0.0,0.0,0.0,0.0,0,0,0,1,210,0,0,0
TF,JP407,26.718786,75.942450,0, ,0.0,0.0,0.0,0.0,0,0,0,1,210,0,0,0
TF,JP405,26.683008,75.563878,0, ,0.0,0.0,0.0,0.0,0,0,0,1,210,0,0,0
TF,JP402,26.799350,75.550042,0, ,0.0,0.0,0.0,0.0,1,3800,0,1,210,0,0,0
HM,JP402,26.799350,75.550042,2, ,0.0,0.0,84.0,04.3,2,3800,0,1,230,0,0,0,0

APPTR,R27-Y,27,JP503
IF,JP503,26.965889,76.070489, ,0.0,0.0,2,5000,0,1,210,0,1,0
TF,JP502,26.849497,76.083814,0, ,0.0,0.0,0.0,0.0,2,3800,0,1,210,0,1,0

APPTR,R27-Y,27,JP504
IF,JP504,26.861378,76.213589, ,0.0,0.0,2,5000,0,1,210,0,1,0
TF,JP502,26.849497,76.083814,0, ,0.0,0.0,0.0,0.0,2,3800,0,1,210,0,1,0

APPTR,R27-Y,27,JP505
IF,JP505,26.733106,76.097114, ,0.0,0.0,2,5000,0,1,210,0,1,0
TF,JP502,26.849497,76.083814,0, ,0.0,0.0,0.0,0.0,2,3800,0,1,210,0,1,0

FINAL,R27-Y,27,R,3
IF,JP502,26.849497,76.083814, ,0.0,0.0,2,3800,0,1,210,0,0,0
TF,JP501,26.837497,75.954069,0, ,0.0,0.0,264.0,7.0,1,3300,0,0,0,0,2,0
TF,RW27,26.826225,75.833372,0, ,0.0,0.0,264.0,6.5,1,1298,0,0,0,0,3,1
TF,JP506,26.813994,75.703681,0, ,0.0,0.0,0.0,0.0,0,0,0,1,210,0,0,0
TF,JP507,26.697639,75.717364,0, ,0.0,0.0,0.0,0.0,0,0,0,1,210,0,0,0
TF,JP505,26.733106,76.097114,0, ,0.0,0.0,0.0,0.0,0,0,0,1,210,0,0,0
TF,JP502,26.849497,76.083814,0, ,0.0,0.0,0.0,0.0,0,0,0,1,210,0,0,0
HM,JP502,26.849497,76.083814,1, ,0.0,0.0,264.0,04.3,2,3800,0,1,230,0,0,0,0

