SID,ALEY1V,34,2
CA,0,359.0,2,400,0,0,0,0,0,0
DF,ZAO,22.245000,113.611667,0, ,0.0,0.0,0,0,0,1,205,0,0,0
TF,D041F,22.329142,113.682561,0, ,0.0,0.0,0.0,0.0,2,4000,0,0,0,0,0,0
CF,D275K,22.343919,113.784425,0,SMT,275.0,11.0,95.0,5.0,2,5500,0,0,0,0,0,0
TF,D275F,22.341083,113.874267,0, ,0.0,0.0,0.0,0.0,1,6000,0,0,0,0,0,0
TF,CAMRI,22.029511,114.074647,0, ,0.0,0.0,0.0,0.0,0,0,0,0,0,0,0,0
TF,BREAM,21.779444,114.057778,0, ,0.0,0.0,0.0,0.0,0,0,0,0,0,0,0,0
TF,TITAN,21.674278,114.050700,0, ,0.0,0.0,0.0,0.0,0,0,0,0,0,0,0,0
TF,PECAN,21.438942,114.034900,0, ,0.0,0.0,0.0,0.0,0,0,0,0,0,0,0,0
TF,ALLEY,21.086431,113.785972,0, ,0.0,0.0,0.0,0.0,0,0,0,0,0,0,0,0

SID,ALEY1W,34,2
CA,0,359.0,2,400,0,0,0,0,0,0
DF,ZAO,22.245000,113.611667,0, ,0.0,0.0,0,0,0,1,205,0,0,0
TF,D041F,22.329142,113.682561,0, ,0.0,0.0,0.0,0.0,2,4000,0,0,0,0,0,0
CF,D275K,22.343919,113.784425,0,SMT,275.0,11.0,95.0,5.0,2,5500,0,0,0,0,0,0
TF,D275F,22.341083,113.874267,0, ,0.0,0.0,0.0,0.0,1,6000,0,0,0,0,0,0
TF,DOCTA,21.947069,114.009272,0, ,0.0,0.0,0.0,0.0,0,0,0,0,0,0,0,0
TF,BREAM,21.779444,114.057778,0, ,0.0,0.0,0.0,0.0,0,0,0,0,0,0,0,0
TF,TITAN,21.674278,114.050700,0, ,0.0,0.0,0.0,0.0,0,0,0,0,0,0,0,0
TF,PECAN,21.438942,114.034900,0, ,0.0,0.0,0.0,0.0,0,0,0,0,0,0,0,0
TF,ALLEY,21.086431,113.785972,0, ,0.0,0.0,0.0,0.0,0,0,0,0,0,0,0,0

SID,ALEY2P,16,5
CA,0,164.0,2,420,0,0,0,0,0,0
CF,PAPA,21.977500,113.656111,0,MCU,164.0,10.0,164.0,10.0,3,4000,0,1,250,0,0,0
TF,MULET,21.583875,113.797742,0, ,0.0,0.0,0.0,0.0,0,0,0,0,0,0,0,0
TF,ALLEY,21.086431,113.785972,0, ,0.0,0.0,0.0,0.0,0,0,0,0,0,0,0,0

SID,ALEY2T,34,5
CA,0,359.0,2,400,0,1,205,0,0,0
DF,LATOP,22.281667,113.643333,0, ,0.0,0.0,0,0,0,1,205,0,0,0
TF,MC420,22.342303,113.695442,0, ,0.0,0.0,0.0,0.0,2,4000,0,0,0,0,0,0
TF,MC411,22.361444,113.793772,0, ,0.0,0.0,0.0,0.0,2,5500,0,1,250,0,0,0
TF,LKC,22.378922,113.883750,0, ,0.0,0.0,0.0,0.0,1,6000,0,0,0,0,0,0
TF,CAMRI,22.029511,114.074647,0, ,0.0,0.0,0.0,0.0,0,0,0,0,0,0,0,0
TF,BREAM,21.779444,114.057778,0, ,0.0,0.0,0.0,0.0,0,0,0,0,0,0,0,0
TF,TITAN,21.674278,114.050700,0, ,0.0,0.0,0.0,0.0,0,0,0,0,0,0,0,0
TF,PECAN,21.438942,114.034900,0, ,0.0,0.0,0.0,0.0,0,0,0,0,0,0,0,0
TF,ALLEY,21.086431,113.785972,0, ,0.0,0.0,0.0,0.0,0,0,0,0,0,0,0,0

SID,ALEY2U,34,5
CA,0,359.0,2,400,0,1,205,0,0,0
DF,LATOP,22.281667,113.643333,0, ,0.0,0.0,0,0,0,1,205,0,0,0
TF,MC420,22.342303,113.695442,0, ,0.0,0.0,0.0,0.0,2,4000,0,0,0,0,0,0
TF,MC411,22.361444,113.793772,0, ,0.0,0.0,0.0,0.0,2,5500,0,1,250,0,0,0
TF,LKC,22.378922,113.883750,0, ,0.0,0.0,0.0,0.0,1,6000,0,0,0,0,0,0
TF,DOCTA,21.947069,114.009272,0, ,0.0,0.0,0.0,0.0,0,0,0,0,0,0,0,0
TF,BREAM,21.779444,114.057778,0, ,0.0,0.0,0.0,0.0,0,0,0,0,0,0,0,0
TF,TITAN,21.674278,114.050700,0, ,0.0,0.0,0.0,0.0,0,0,0,0,0,0,0,0
TF,PECAN,21.438942,114.034900,0, ,0.0,0.0,0.0,0.0,0,0,0,0,0,0,0,0
TF,ALLEY,21.086431,113.785972,0, ,0.0,0.0,0.0,0.0,0,0,0,0,0,0,0,0

SID,BIGR1E,34,2
CA,0,359.0,2,400,0,0,0,0,0,0
DF,ZAO,22.245000,113.611667,0, ,0.0,0.0,0,0,0,1,205,0,0,0
TF,LATOP,22.281667,113.643333,0, ,0.0,0.0,0.0,0.0,0,0,0,0,0,0,0,1
VI,1, ,0.0,305.0,2,3940,0,0,0,0,0,0
CF,SMT30,22.354381,113.437925,0,MCU,328.8,15.8,275.0,10.0,0,0,0,0,0,0,0,1
DF,D220N,22.347083,113.406697,0, ,0.0,0.0,2,5910,0,0,0,0,0,0
TF,KIBAS,22.138333,113.241667,0, ,0.0,0.0,0.0,0.0,1,8900,0,0,0,0,0,0
TF,BOKAT,22.037778,113.000000,0, ,0.0,0.0,0.0,0.0,1,11800,0,0,0,0,0,0
TF,BIGRO,21.570000,111.826667,0, ,0.0,0.0,0.0,0.0,0,0,0,0,0,0,0,0

SID,BIGR1F,16,2
CD, ,0,0,0,MCU,0,0.0,164.0,8.5,2,2000,0,0,0,0,0,0
CF,U,21.988333,113.355000,2,MCU,240.0,16.1,283.0,15.0,1,4930,0,1,205,0,0,0
TF,BOKAT,22.037778,113.000000,0, ,0.0,0.0,0.0,0.0,1,11800,0,0,0,0,0,0
TF,BIGRO,21.570000,111.826667,0, ,0.0,0.0,0.0,0.0,0,0,0,0,0,0,0,0

SID,BIGR1G,34,5
CA,0,359.0,2,400,0,1,205,0,0,0
DF,LATOP,22.281667,113.643333,0, ,0.0,0.0,0,0,0,1,205,0,0,0
TF,MC418,22.349842,113.621383,0, ,0.0,0.0,0.0,0.0,1,3900,0,0,0,0,0,0
TF,MC417,22.356244,113.422258,0, ,0.0,0.0,0.0,0.0,1,5900,0,0,0,0,0,0
TF,KIBAS,22.138333,113.241667,0, ,0.0,0.0,0.0,0.0,1,8900,0,0,0,0,0,0
TF,BOKAT,22.037778,113.000000,0, ,0.0,0.0,0.0,0.0,1,11800,0,0,0,0,0,0
TF,BIGRO,21.570000,111.826667,0, ,0.0,0.0,0.0,0.0,0,0,0,0,0,0,0,0

SID,BIGR1H,16,5
CF,MC501,22.000833,113.646044,0,MCU,164.5,8.5,164.0,8.6,2,2000,0,1,205,0,0,1
CF,U,21.988333,113.355000,2,MCU,240.0,16.1,283.0,15.0,1,4900,0,1,205,0,0,0
TF,MC502,22.045489,113.013997,0, ,0.0,0.0,0.0,0.0,1,11800,0,0,0,0,0,0
TF,BIGRO,21.570000,111.826667,0, ,0.0,0.0,0.0,0.0,0,0,0,0,0,0,0,0

SID,CONG1V,34,2
CA,0,359.0,2,400,0,0,0,0,0,0
DF,ZAO,22.245000,113.611667,0, ,0.0,0.0,0,0,0,1,205,0,0,0
TF,D041F,22.329142,113.682561,0, ,0.0,0.0,0.0,0.0,2,4000,0,0,0,0,0,0
CF,D275K,22.343919,113.784425,0,SMT,275.0,11.0,95.0,5.0,2,5500,0,0,0,0,0,0
TF,D275F,22.341083,113.874267,0, ,0.0,0.0,0.0,0.0,1,6000,0,0,0,0,0,0
TF,SMT,22.337619,113.982072,0, ,0.0,0.0,0.0,0.0,0,0,0,0,0,0,0,0
TF,TD,22.247894,114.293139,0, ,0.0,0.0,0.0,0.0,0,0,0,0,0,0,0,0
TF,OCEAN,21.811944,114.813333,0, ,0.0,0.0,0.0,0.0,0,0,0,0,0,0,0,0
TF,RASSE,21.792917,115.330306,0, ,0.0,0.0,0.0,0.0,0,0,0,0,0,0,0,0
TF,CONGA,21.734028,116.784972,0, ,0.0,0.0,0.0,0.0,0,0,0,0,0,0,0,0

SID,CONG2P,16,5
CA,0,164.0,2,420,0,0,0,0,0,0
CF,PAPA,21.977500,113.656111,0,MCU,164.0,10.0,164.0,10.0,3,4000,0,1,250,0,0,0
TF,MULET,21.583875,113.797742,0, ,0.0,0.0,0.0,0.0,0,0,0,0,0,0,0,0
TF,SKATE,21.531942,115.144428,0, ,0.0,0.0,0.0,0.0,0,0,0,0,0,0,0,0
TF,CONGA,21.734028,116.784972,0, ,0.0,0.0,0.0,0.0,0,0,0,0,0,0,0,0

SID,CONG2T,34,5
CA,0,359.0,2,400,0,1,205,0,0,0
DF,LATOP,22.281667,113.643333,0, ,0.0,0.0,0,0,0,1,205,0,0,0
TF,MC420,22.342303,113.695442,0, ,0.0,0.0,0.0,0.0,2,4000,0,0,0,0,0,0
TF,MC411,22.361444,113.793772,0, ,0.0,0.0,0.0,0.0,2,5500,0,1,250,0,0,0
TF,LKC,22.378922,113.883750,0, ,0.0,0.0,0.0,0.0,1,6000,0,0,0,0,0,0
TF,TD,22.247894,114.293139,0, ,0.0,0.0,0.0,0.0,0,0,0,0,0,0,0,0
TF,OCEAN,21.811944,114.813333,0, ,0.0,0.0,0.0,0.0,0,0,0,0,0,0,0,0
TF,RASSE,21.792917,115.330306,0, ,0.0,0.0,0.0,0.0,0,0,0,0,0,0,0,0
TF,CONGA,21.734028,116.784972,0, ,0.0,0.0,0.0,0.0,0,0,0,0,0,0,0,0

SID,CONG2W,34,2
CA,0,359.0,2,400,0,0,0,0,0,0
DF,ZAO,22.245000,113.611667,0, ,0.0,0.0,0,0,0,1,205,0,0,0
TF,D041F,22.329142,113.682561,0, ,0.0,0.0,0.0,0.0,2,4000,0,0,0,0,0,0
CF,D275K,22.343919,113.784425,0,SMT,275.0,11.0,95.0,5.0,2,5500,0,0,0,0,0,0
TF,D275F,22.341083,113.874267,0, ,0.0,0.0,0.0,0.0,1,6000,0,0,0,0,0,0
TF,DOCTA,21.947069,114.009272,0, ,0.0,0.0,0.0,0.0,2,14000,0,0,0,0,0,0
TF,OCEAN,21.811944,114.813333,0, ,0.0,0.0,0.0,0.0,0,0,0,0,0,0,0,0
TF,RASSE,21.792917,115.330306,0, ,0.0,0.0,0.0,0.0,0,0,0,0,0,0,0,0
TF,CONGA,21.734028,116.784972,0, ,0.0,0.0,0.0,0.0,0,0,0,0,0,0,0,0

SID,CONG3U,34,5
CA,0,359.0,2,400,0,1,205,0,0,0
DF,LATOP,22.281667,113.643333,0, ,0.0,0.0,0,0,0,1,205,0,0,0
TF,MC420,22.342303,113.695442,0, ,0.0,0.0,0.0,0.0,2,4000,0,0,0,0,0,0
TF,MC411,22.361444,113.793772,0, ,0.0,0.0,0.0,0.0,2,5500,0,1,250,0,0,0
TF,LKC,22.378922,113.883750,0, ,0.0,0.0,0.0,0.0,1,6000,0,0,0,0,0,0
TF,DOCTA,21.947069,114.009272,0, ,0.0,0.0,0.0,0.0,2,14000,0,0,0,0,0,0
TF,OCEAN,21.811944,114.813333,0, ,0.0,0.0,0.0,0.0,0,0,0,0,0,0,0,0
TF,RASSE,21.792917,115.330306,0, ,0.0,0.0,0.0,0.0,0,0,0,0,0,0,0,0
TF,CONGA,21.734028,116.784972,0, ,0.0,0.0,0.0,0.0,0,0,0,0,0,0,0,0

SID,GRUP1V,34,2
CA,0,359.0,2,400,0,0,0,0,0,0
DF,ZAO,22.245000,113.611667,0, ,0.0,0.0,0,0,0,1,205,0,0,0
TF,D041F,22.329142,113.682561,0, ,0.0,0.0,0.0,0.0,2,4000,0,0,0,0,0,0
CF,D275K,22.343919,113.784425,0,SMT,275.0,11.0,95.0,5.0,2,5500,0,0,0,0,0,0
TF,D275F,22.341083,113.874267,0, ,0.0,0.0,0.0,0.0,1,6000,0,0,0,0,0,0
TF,SMT,22.337619,113.982072,0, ,0.0,0.0,0.0,0.0,0,0,0,0,0,0,0,0
TF,TD,22.247894,114.293139,0, ,0.0,0.0,0.0,0.0,0,0,0,0,0,0,0,0
TF,OCEAN,21.811944,114.813333,0, ,0.0,0.0,0.0,0.0,0,0,0,0,0,0,0,0
TF,GRUPA,20.845556,115.949722,0, ,0.0,0.0,0.0,0.0,0,0,0,0,0,0,0,0

SID,GRUP2P,16,5
CA,0,164.0,2,420,0,0,0,0,0,0
CF,PAPA,21.977500,113.656111,0,MCU,164.0,10.0,164.0,10.0,3,4000,0,1,250,0,0,0
TF,MULET,21.583875,113.797742,0, ,0.0,0.0,0.0,0.0,0,0,0,0,0,0,0,0
TF,SKATE,21.531942,115.144428,0, ,0.0,0.0,0.0,0.0,0,0,0,0,0,0,0,0
TF,GRUPA,20.845556,115.949722,0, ,0.0,0.0,0.0,0.0,0,0,0,0,0,0,0,0

SID,GRUP2T,34,5
CA,0,359.0,2,400,0,1,205,0,0,0
DF,LATOP,22.281667,113.643333,0, ,0.0,0.0,0,0,0,1,205,0,0,0
TF,MC420,22.342303,113.695442,0, ,0.0,0.0,0.0,0.0,2,4000,0,0,0,0,0,0
TF,MC411,22.361444,113.793772,0, ,0.0,0.0,0.0,0.0,2,5500,0,1,250,0,0,0
TF,LKC,22.378922,113.883750,0, ,0.0,0.0,0.0,0.0,1,6000,0,0,0,0,0,0
TF,TD,22.247894,114.293139,0, ,0.0,0.0,0.0,0.0,0,0,0,0,0,0,0,0
TF,OCEAN,21.811944,114.813333,0, ,0.0,0.0,0.0,0.0,0,0,0,0,0,0,0,0
TF,GRUPA,20.845556,115.949722,0, ,0.0,0.0,0.0,0.0,0,0,0,0,0,0,0,0

SID,GRUP2W,34,2
CA,0,359.0,2,400,0,0,0,0,0,0
DF,ZAO,22.245000,113.611667,0, ,0.0,0.0,0,0,0,1,205,0,0,0
TF,D041F,22.329142,113.682561,0, ,0.0,0.0,0.0,0.0,2,4000,0,0,0,0,0,0
CF,D275K,22.343919,113.784425,0,SMT,275.0,11.0,95.0,5.0,2,5500,0,0,0,0,0,0
TF,D275F,22.341083,113.874267,0, ,0.0,0.0,0.0,0.0,1,6000,0,0,0,0,0,0
TF,DOCTA,21.947069,114.009272,0, ,0.0,0.0,0.0,0.0,2,14000,0,0,0,0,0,0
TF,OCEAN,21.811944,114.813333,0, ,0.0,0.0,0.0,0.0,0,0,0,0,0,0,0,0
TF,GRUPA,20.845556,115.949722,0, ,0.0,0.0,0.0,0.0,0,0,0,0,0,0,0,0

SID,GRUP3U,34,5
CA,0,359.0,2,400,0,1,205,0,0,0
DF,LATOP,22.281667,113.643333,0, ,0.0,0.0,0,0,0,1,205,0,0,0
TF,MC420,22.342303,113.695442,0, ,0.0,0.0,0.0,0.0,2,4000,0,0,0,0,0,0
TF,MC411,22.361444,113.793772,0, ,0.0,0.0,0.0,0.0,2,5500,0,1,250,0,0,0
TF,LKC,22.378922,113.883750,0, ,0.0,0.0,0.0,0.0,1,6000,0,0,0,0,0,0
TF,DOCTA,21.947069,114.009272,0, ,0.0,0.0,0.0,0.0,2,14000,0,0,0,0,0,0
TF,OCEAN,21.811944,114.813333,0, ,0.0,0.0,0.0,0.0,0,0,0,0,0,0,0,0
TF,GRUPA,20.845556,115.949722,0, ,0.0,0.0,0.0,0.0,0,0,0,0,0,0,0,0

SID,MIPA1G,34,5
CA,0,359.0,2,400,0,1,205,0,0,0
DF,LATOP,22.281667,113.643333,0, ,0.0,0.0,0,0,0,1,205,0,0,0
TF,MC419,22.440381,113.779858,0, ,0.0,0.0,0.0,0.0,0,0,0,0,0,0,0,0
TF,GUBLO,22.710000,114.034722,0, ,0.0,0.0,0.0,0.0,0,0,0,0,0,0,0,0
TF,MIPAG,22.921667,113.741667,0, ,0.0,0.0,0.0,0.0,1,14800,0,0,0,0,0,0

SID,MIPA1H,16,5
CF,MC501,22.000833,113.646044,0,MCU,164.5,8.5,164.0,8.6,2,2000,0,1,205,0,0,1
DF,MCU,22.135556,113.597778,2, ,0.0,0.0,1,5900,0,1,205,0,0,0
TF,LATOP,22.281667,113.643333,0, ,0.0,0.0,0.0,0.0,1,7900,0,0,0,0,0,0
TF,MC419,22.440381,113.779858,0, ,0.0,0.0,0.0,0.0,0,0,0,0,0,0,0,0
TF,GUBLO,22.710000,114.034722,0, ,0.0,0.0,0.0,0.0,0,0,0,0,0,0,0,0
TF,MIPAG,22.921667,113.741667,1, ,0.0,0.0,0.0,0.0,1,14800,0,0,0,0,0,0

SID,MIPA2E,34,2
CA,0,359.0,2,400,0,0,0,0,0,0
DF,ZAO,22.245000,113.611667,0, ,0.0,0.0,0,0,0,1,205,0,0,0
TF,LATOP,22.281667,113.643333,0, ,0.0,0.0,0.0,0.0,0,0,0,0,0,0,0,1
CF,GUBLO,22.710000,114.034722,0,ZAO,43.1,36.4,42.0,33.6,0,0,0,0,0,0,0,0
TF,MIPAG,22.921667,113.741667,1, ,0.0,0.0,0.0,0.0,1,14800,0,0,0,0,0,0

SID,MIPA2F,16,2
CD, ,0,0,0,MCU,0,0.0,164.0,8.5,2,2000,0,0,0,0,0,0
CF,MCU,22.135556,113.597778,2,MCU,0.0,0.0,17.0,9.0,1,5910,0,1,205,0,0,0
TF,LATOP,22.281667,113.643333,0, ,0.0,0.0,0.0,0.0,1,7880,0,0,0,0,0,1
CF,GUBLO,22.710000,114.034722,0,ZAO,43.1,36.4,42.0,33.6,0,0,0,0,0,0,0,0
TF,MIPAG,22.921667,113.741667,1, ,0.0,0.0,0.0,0.0,1,14800,0,0,0,0,0,0

SID,NLG1E,34,2
CA,0,359.0,2,400,0,0,0,0,0,0
DF,ZAO,22.245000,113.611667,0, ,0.0,0.0,0,0,0,1,205,0,0,0
TF,LATOP,22.281667,113.643333,0, ,0.0,0.0,0.0,0.0,0,0,0,0,0,0,0,0
TF,NLG,22.531667,113.561667,0, ,0.0,0.0,0.0,0.0,1,4930,0,0,0,0,0,0

SID,NLG1G,34,5
CA,0,359.0,2,400,0,1,205,0,0,0
DF,LATOP,22.281667,113.643333,0, ,0.0,0.0,0,0,0,1,205,0,0,0
TF,MC418,22.349842,113.621383,0, ,0.0,0.0,0.0,0.0,1,3900,0,0,0,0,0,0
TF,NLG,22.531667,113.561667,0, ,0.0,0.0,0.0,0.0,1,4900,0,0,0,0,0,0

SID,SHL1G,34,5
CA,0,359.0,2,400,0,1,205,0,0,0
DF,LATOP,22.281667,113.643333,0, ,0.0,0.0,0,0,0,1,205,0,0,0
TF,MC419,22.440381,113.779858,0, ,0.0,0.0,0.0,0.0,0,0,0,0,0,0,0,0
TF,GUBLO,22.710000,114.034722,0, ,0.0,0.0,0.0,0.0,0,0,0,0,0,0,0,0
TF,IDUMA,22.896389,113.951667,0, ,0.0,0.0,0.0,0.0,1,14800,0,0,0,0,0,0
TF,SHL,23.091667,113.850000,0, ,0.0,0.0,0.0,0.0,0,0,0,0,0,0,0,0

SID,SHL1H,16,5
CF,MC501,22.000833,113.646044,0,MCU,164.5,8.5,164.0,8.6,2,2000,0,1,205,0,0,1
DF,MCU,22.135556,113.597778,2, ,0.0,0.0,1,5900,0,1,205,0,0,0
TF,LATOP,22.281667,113.643333,0, ,0.0,0.0,0.0,0.0,1,7900,0,0,0,0,0,0
TF,MC419,22.440381,113.779858,0, ,0.0,0.0,0.0,0.0,0,0,0,0,0,0,0,0
TF,GUBLO,22.710000,114.034722,0, ,0.0,0.0,0.0,0.0,0,0,0,0,0,0,0,0
TF,IDUMA,22.896389,113.951667,0, ,0.0,0.0,0.0,0.0,1,14800,0,0,0,0,0,0
TF,SHL,23.091667,113.850000,0, ,0.0,0.0,0.0,0.0,0,0,0,0,0,0,0,0

SID,SHL2E,34,2
CA,0,359.0,2,400,0,0,0,0,0,0
DF,ZAO,22.245000,113.611667,0, ,0.0,0.0,0,0,0,1,205,0,0,0
TF,LATOP,22.281667,113.643333,0, ,0.0,0.0,0.0,0.0,0,0,0,0,0,0,0,1
CF,GUBLO,22.710000,114.034722,0,ZAO,43.1,36.4,42.0,33.6,0,0,0,0,0,0,0,0
TF,IDUMA,22.896389,113.951667,0, ,0.0,0.0,0.0,0.0,1,14800,0,0,0,0,0,0
TF,SHL,23.091667,113.850000,0, ,0.0,0.0,0.0,0.0,0,0,0,0,0,0,0,0

SID,SHL2F,16,2
CD, ,0,0,0,MCU,0,0.0,164.0,8.5,2,2000,0,0,0,0,0,0
CF,MCU,22.135556,113.597778,2,MCU,0.0,0.0,17.0,9.0,1,5910,0,1,205,0,0,0
TF,LATOP,22.281667,113.643333,0, ,0.0,0.0,0.0,0.0,1,7880,0,0,0,0,0,1
CF,GUBLO,22.710000,114.034722,0,ZAO,43.1,36.4,42.0,33.6,0,0,0,0,0,0,0,0
TF,IDUMA,22.896389,113.951667,0, ,0.0,0.0,0.0,0.0,1,14800,0,0,0,0,0,0
TF,SHL,23.091667,113.850000,0, ,0.0,0.0,0.0,0.0,0,0,0,0,0,0,0,0

SID,SOUS2P,16,5
CA,0,164.0,2,420,0,0,0,0,0,0
CF,PAPA,21.977500,113.656111,0,MCU,164.0,10.0,164.0,10.0,3,4000,0,1,250,0,0,0
TF,MULET,21.583875,113.797742,0, ,0.0,0.0,0.0,0.0,0,0,0,0,0,0,0,0
TF,SKATE,21.531942,115.144428,0, ,0.0,0.0,0.0,0.0,0,0,0,0,0,0,0,0
TF,SOUSA,22.019556,116.191056,0, ,0.0,0.0,0.0,0.0,0,0,0,0,0,0,0,0

SID,SOUS2V,34,2
CA,0,359.0,2,400,0,0,0,0,0,0
DF,ZAO,22.245000,113.611667,0, ,0.0,0.0,0,0,0,1,205,0,0,0
TF,D041F,22.329142,113.682561,0, ,0.0,0.0,0.0,0.0,2,4000,0,0,0,0,0,0
CF,D275K,22.343919,113.784425,0,SMT,275.0,11.0,95.0,5.0,2,5500,0,0,0,0,0,0
TF,D275F,22.341083,113.874267,0, ,0.0,0.0,0.0,0.0,1,6000,0,0,0,0,0,0
TF,SMT,22.337619,113.982072,0, ,0.0,0.0,0.0,0.0,0,0,0,0,0,0,0,0
TF,TD,22.247894,114.293139,0, ,0.0,0.0,0.0,0.0,0,0,0,0,0,0,0,0
TF,SHELY,22.090736,114.653872,0, ,0.0,0.0,0.0,0.0,0,0,0,0,0,0,0,0
TF,LAKES,21.978139,114.910722,0, ,0.0,0.0,0.0,0.0,0,0,0,0,0,0,0,0
TF,SOUSA,22.019556,116.191056,0, ,0.0,0.0,0.0,0.0,0,0,0,0,0,0,0,0

SID,SOUS2W,34,2
CA,0,359.0,2,400,0,0,0,0,0,0
DF,ZAO,22.245000,113.611667,0, ,0.0,0.0,0,0,0,1,205,0,0,0
TF,D041F,22.329142,113.682561,0, ,0.0,0.0,0.0,0.0,2,4000,0,0,0,0,0,0
CF,D275K,22.343919,113.784425,0,SMT,275.0,11.0,95.0,5.0,2,5500,0,0,0,0,0,0
TF,D275F,22.341083,113.874267,0, ,0.0,0.0,0.0,0.0,1,6000,0,0,0,0,0,0
TF,DOCTA,21.947069,114.009272,0, ,0.0,0.0,0.0,0.0,2,14000,0,0,0,0,0,0
TF,LAKES,21.978139,114.910722,0, ,0.0,0.0,0.0,0.0,0,0,0,0,0,0,0,0
TF,SOUSA,22.019556,116.191056,0, ,0.0,0.0,0.0,0.0,0,0,0,0,0,0,0,0

SID,SOUS3T,34,5
CA,0,359.0,2,400,0,1,205,0,0,0
DF,LATOP,22.281667,113.643333,0, ,0.0,0.0,0,0,0,1,205,0,0,0
TF,MC420,22.342303,113.695442,0, ,0.0,0.0,0.0,0.0,2,4000,0,0,0,0,0,0
TF,MC411,22.361444,113.793772,0, ,0.0,0.0,0.0,0.0,2,5500,0,1,250,0,0,0
TF,LKC,22.378922,113.883750,0, ,0.0,0.0,0.0,0.0,1,6000,0,0,0,0,0,0
TF,TD,22.247894,114.293139,0, ,0.0,0.0,0.0,0.0,0,0,0,0,0,0,0,0
TF,SHELY,22.090736,114.653872,0, ,0.0,0.0,0.0,0.0,0,0,0,0,0,0,0,0
TF,LAKES,21.978139,114.910722,0, ,0.0,0.0,0.0,0.0,0,0,0,0,0,0,0,0
TF,SOUSA,22.019556,116.191056,0, ,0.0,0.0,0.0,0.0,0,0,0,0,0,0,0,0

SID,SOUS3U,34,5
CA,0,359.0,2,400,0,1,205,0,0,0
DF,LATOP,22.281667,113.643333,0, ,0.0,0.0,0,0,0,1,205,0,0,0
TF,MC420,22.342303,113.695442,0, ,0.0,0.0,0.0,0.0,2,4000,0,0,0,0,0,0
TF,MC411,22.361444,113.793772,0, ,0.0,0.0,0.0,0.0,2,5500,0,1,250,0,0,0
TF,LKC,22.378922,113.883750,0, ,0.0,0.0,0.0,0.0,1,6000,0,0,0,0,0,0
TF,DOCTA,21.947069,114.009272,0, ,0.0,0.0,0.0,0.0,2,14000,0,0,0,0,0,0
TF,LAKES,21.978139,114.910722,0, ,0.0,0.0,0.0,0.0,0,0,0,0,0,0,0,0
TF,SOUSA,22.019556,116.191056,0, ,0.0,0.0,0.0,0.0,0,0,0,0,0,0,0,0

STAR,BIGR1A,16,5
IF,BIGRO,21.570000,111.826667, ,0.0,0.0,0,0,0,0,0,0,0,0
TF,GURIN,21.851111,113.000000,0, ,0.0,0.0,0.0,0.0,1,8900,0,0,0,0,0,0
TF,UJ,21.920000,113.293333,0, ,0.0,0.0,0.0,0.0,1,8900,0,0,0,0,0,0
TF,ZUH,22.221667,113.466667,0, ,0.0,0.0,0.0,0.0,1,5900,0,0,0,0,0,0

STAR,BIGR6A,34,2
IF,BIGRO,21.570000,111.826667, ,0.0,0.0,0,0,0,0,0,0,0,0
TF,GURIN,21.851111,113.000000,0, ,0.0,0.0,0.0,0.0,1,8860,0,0,0,0,0,0
TF,UJ,21.920000,113.293333,0, ,0.0,0.0,0.0,0.0,1,8860,0,0,0,0,0,0

STAR,BIGR7A,34,5
IF,BIGRO,21.570000,111.826667, ,0.0,0.0,0,0,0,0,0,0,0,0
TF,GURIN,21.851111,113.000000,0, ,0.0,0.0,0.0,0.0,1,8900,0,0,0,0,0,0
TF,UJ,21.920000,113.293333,0, ,0.0,0.0,0.0,0.0,1,8900,0,0,0,0,0,0

STAR,BIGR9A,16,2
IF,BIGRO,21.570000,111.826667, ,0.0,0.0,0,0,0,0,0,0,0,0
TF,GURIN,21.851111,113.000000,0, ,0.0,0.0,0.0,0.0,1,8860,0,0,0,0,0,0
TF,UJ,21.920000,113.293333,0, ,0.0,0.0,0.0,0.0,1,8860,0,0,0,0,0,0
TF,ZUH,22.221667,113.466667,0, ,0.0,0.0,0.0,0.0,1,5910,0,0,0,0,0,0

STAR,CHAL4A,34,5
IF,CHALI,21.295833,113.611389, ,0.0,0.0,1,11000,0,0,0,0,0,0
TF,RUNLI,21.449922,113.680833,0, ,0.0,0.0,0.0,0.0,1,9000,0,0,0,0,0,0
TF,MC611,21.660000,113.775000,0, ,0.0,0.0,0.0,0.0,2,6000,0,0,0,0,0,0

STAR,CHAL5B,16,5
IF,CHALI,21.295833,113.611389, ,0.0,0.0,1,11000,0,0,0,0,0,0
TF,RUNLI,21.449922,113.680833,0, ,0.0,0.0,0.0,0.0,1,9000,0,0,0,0,0,0
TF,MC513,22.019431,113.622233,0, ,0.0,0.0,0.0,0.0,0,0,0,0,0,0,0,0
TF,INDUS,22.044722,113.600278,0, ,0.0,0.0,0.0,0.0,1,8900,0,0,0,0,0,0
TF,MC514,22.114497,113.549117,0, ,0.0,0.0,0.0,0.0,1,6900,0,0,0,0,0,0
TF,ZUH,22.221667,113.466667,0, ,0.0,0.0,0.0,0.0,1,5900,0,0,0,0,0,0

STAR,CON6A,34,2
IF,CON,23.588333,113.586667, ,0.0,0.0,1,13800,0,0,0,0,0,0
TF,FUSU,23.053333,113.508333,0, ,0.0,0.0,0.0,0.0,2,11800,0,0,0,0,0,0
TF,SAREX,22.881667,113.483333,0, ,0.0,0.0,0.0,0.0,1,10800,0,0,0,0,0,0
TF,NLG,22.531667,113.561667,0, ,0.0,0.0,0.0,0.0,0,0,0,0,0,0,0,0
TF,LATOP,22.281667,113.643333,0, ,0.0,0.0,0.0,0.0,1,7880,0,0,0,0,0,0
TF,MCU,22.135556,113.597778,0, ,0.0,0.0,0.0,0.0,1,6900,0,0,0,0,0,0

STAR,CON9A,16,2
IF,CON,23.588333,113.586667, ,0.0,0.0,1,13800,0,0,0,0,0,0
TF,FUSU,23.053333,113.508333,0, ,0.0,0.0,0.0,0.0,2,11800,0,0,0,0,0,0
TF,SAREX,22.881667,113.483333,0, ,0.0,0.0,0.0,0.0,1,10800,0,0,0,0,0,0
TF,NLG,22.531667,113.561667,0, ,0.0,0.0,0.0,0.0,1,6890,0,0,0,0,0,0

STAR,NLG5A,34,2
IF,NLG,22.531667,113.561667, ,0.0,0.0,0,0,0,0,0,0,0,0
TF,LATOP,22.281667,113.643333,0, ,0.0,0.0,0.0,0.0,1,7880,0,0,0,0,0,0
TF,MCU,22.135556,113.597778,0, ,0.0,0.0,0.0,0.0,1,6900,0,0,0,0,0,0

STAR,NLG7A,34,5
IF,NLG,22.531667,113.561667, ,0.0,0.0,0,0,0,0,0,0,0,0
TF,LATOP,22.281667,113.643333,0, ,0.0,0.0,0.0,0.0,1,7900,0,0,0,0,0,0
TF,MCU,22.135556,113.597778,0, ,0.0,0.0,0.0,0.0,1,6900,0,0,0,0,0,0

STAR,POU1A,16,5
IF,POU,23.021667,113.190000, ,0.0,0.0,2,10800,0,0,0,0,0,0
TF,SAREX,22.881667,113.483333,0, ,0.0,0.0,0.0,0.0,1,10800,0,0,0,0,0,0
TF,NLG,22.531667,113.561667,0, ,0.0,0.0,0.0,0.0,1,6900,0,0,0,0,0,0

STAR,POU6A,34,2
IF,POU,23.021667,113.190000, ,0.0,0.0,2,10800,0,0,0,0,0,0
TF,SAREX,22.881667,113.483333,0, ,0.0,0.0,0.0,0.0,1,10800,0,0,0,0,0,0
TF,NLG,22.531667,113.561667,0, ,0.0,0.0,0.0,0.0,0,0,0,0,0,0,0,0
TF,LATOP,22.281667,113.643333,0, ,0.0,0.0,0.0,0.0,1,7880,0,0,0,0,0,0
TF,MCU,22.135556,113.597778,0, ,0.0,0.0,0.0,0.0,1,6900,0,0,0,0,0,0

STAR,POU8A,34,5
IF,POU,23.021667,113.190000, ,0.0,0.0,2,10800,0,0,0,0,0,0
TF,SAREX,22.881667,113.483333,0, ,0.0,0.0,0.0,0.0,1,10800,0,0,0,0,0,0
TF,NLG,22.531667,113.561667,0, ,0.0,0.0,0.0,0.0,0,0,0,0,0,0,0,0
TF,LATOP,22.281667,113.643333,0, ,0.0,0.0,0.0,0.0,1,7900,0,0,0,0,0,0
TF,MCU,22.135556,113.597778,0, ,0.0,0.0,0.0,0.0,1,6900,0,0,0,0,0,0

STAR,POU9A,16,2
IF,POU,23.021667,113.190000, ,0.0,0.0,2,10800,0,0,0,0,0,0
TF,SAREX,22.881667,113.483333,0, ,0.0,0.0,0.0,0.0,1,10800,0,0,0,0,0,0
TF,NLG,22.531667,113.561667,0, ,0.0,0.0,0.0,0.0,1,6890,0,0,0,0,0,0

STAR,SMT4A,34,5
IF,SMT,22.337619,113.982072, ,0.0,0.0,0,0,0,0,0,0,0,0
TF,MC601,22.328764,113.945444,0, ,0.0,0.0,0.0,0.0,0,0,0,0,0,0,0,0
TF,HAZEL,22.024025,113.682397,0, ,0.0,0.0,0.0,0.0,1,11000,0,0,0,0,0,0

STAR,SMT5B,16,5
IF,SMT,22.337619,113.982072, ,0.0,0.0,0,0,0,0,0,0,0,0
TF,MC601,22.328764,113.945444,0, ,0.0,0.0,0.0,0.0,0,0,0,0,0,0,0,0
TF,HAZEL,22.024025,113.682397,0, ,0.0,0.0,0.0,0.0,1,11000,0,0,0,0,0,0
TF,MC513,22.019431,113.622233,0, ,0.0,0.0,0.0,0.0,0,0,0,0,0,0,0,0
TF,INDUS,22.044722,113.600278,0, ,0.0,0.0,0.0,0.0,1,8900,0,0,0,0,0,0
TF,MC514,22.114497,113.549117,0, ,0.0,0.0,0.0,0.0,1,6900,0,0,0,0,0,0
TF,ZUH,22.221667,113.466667,0, ,0.0,0.0,0.0,0.0,1,5900,0,0,0,0,0,0

APPTR,D34,34,HAZEL
IF,HAZEL,22.024025,113.682397, ,0.0,0.0,1,11000,0,0,0,0,1,0
FD,HAZEL,22.024025,113.682397,0,LKC,210.9,35.0,211.0,35.0,2,7000,0,0,0,0,0,0
CI,1, ,0.0,29.0,0,0,0,1,190,0,0,0
CF,PAPA,21.977500,113.656111,0,MCU,164.0,10.0,344.0,7.0,1,3000,0,0,0,0,0,0

APPTR,D34,34,LKC44
IF,LKC44,21.660000,113.775000, ,0.0,0.0,2,6000,0,0,0,0,1,0
CF,PAPA,21.977500,113.656111,0,MCU,164.0,10.0,344.0,20.1,1,3000,0,0,0,0,0,0

APPTR,D34,34,MCU
FD,MCU,22.135556,113.597778,0,MCU,0.0,5.0,182.0,5.0,1,6890,0,0,0,0,1,0
CF,D182P,21.867986,113.602781,0,MCU,182.0,16.0,182.0,11.0,0,0,0,0,0,0,0,1
CI,1, ,0.0,29.0,0,0,0,1,190,0,0,0
CF,PAPA,21.977500,113.656111,0,MCU,164.0,10.0,344.0,7.0,1,3000,0,0,0,0,0,0

APPTR,D34,34,UJ
IF,UJ,21.920000,113.293333, ,0.0,0.0,1,8860,0,0,0,0,1,0
TF,ROMEO,21.863333,113.448333,0, ,0.0,0.0,0.0,0.0,1,5910,0,0,0,0,0,0
FC,ROMEO,21.863333,113.448333,0,MCU,0.0,0.0,100.0,9.9,0,0,0,0,0,0,0,1
CI,0, ,0.0,29.0,0,0,0,1,190,0,0,0
CF,PAPA,21.977500,113.656111,0,MCU,164.0,10.0,344.0,7.0,1,3000,0,0,0,0,0,0

FINAL,D34,34,D,4
IF,PAPA,21.977500,113.656111,MCU,164.0,10.0,1,3000,0,0,0,0,0,0
CF,90VOR,21.993219,113.650325,0,MCU,164.0,9.0,344.0,1.0,2,3000,0,0,0,0,0,0
CF,FD34,22.043831,113.631656,0,MCU,164.0,5.8,344.0,3.2,2,1990,0,0,0,0,2,0
CF,MCU,22.135556,113.597778,0,MCU,0.0,0.0,344.0,5.8,1,135,0,0,0,0,3,0
FA,MCU,22.135556,113.597778,0,MCU,0.0,0.0,344.0,2,600,0,0,0,0,0,0
FD,MCU,22.135556,113.597778,0,MCU,0.0,3.3,344.0,3.3,0,0,0,0,0,0,0,0
DF,ZAO,22.245000,113.611667,2, ,0.0,0.0,1,3940,0,1,185,0,0,0
FD,ZAO,22.245000,113.611667,0,ZAO,0.0,12.6,41.0,12.6,0,0,0,0,0,0,0,0
CF,D260E,22.360086,113.796147,0,LKC,260.0,5.0,80.0,7.0,2,5500,0,0,0,0,0,1
CF,LKC35,21.861792,113.589336,2,LKC,211.0,35.0,211.0,30.0,1,6000,0,0,0,0,0,1
CI,1, ,0.0,29.0,0,0,0,0,0,0,0,0
CF,PAPA,21.977500,113.656111,0,MCU,164.0,10.0,344.0,8.0,0,0,0,0,0,0,0,0

APPTR,I34-X,34,HAZEL
IF,HAZEL,22.024025,113.682397, ,0.0,0.0,1,11000,0,0,0,0,1,0
TF,MC613,21.905789,113.579256,0, ,0.0,0.0,0.0,0.0,0,0,0,0,0,0,0,0
TF,MC612,21.845256,113.602275,0, ,0.0,0.0,0.0,0.0,0,0,0,0,0,0,0,0
TF,MC610,21.875406,113.693375,0, ,0.0,0.0,0.0,0.0,0,0,0,0,0,0,0,0
TF,PAPA,21.977500,113.656111,0,MCN,0.0,0.0,0.0,0.0,1,3000,0,1,190,0,0,0

APPTR,I34-X,34,MC611
IF,MC611,21.660000,113.775000, ,0.0,0.0,2,6000,0,0,0,0,1,0
TF,MC610,21.875406,113.693375,0, ,0.0,0.0,0.0,0.0,0,0,0,0,0,0,0,0
TF,PAPA,21.977500,113.656111,0,MCN,0.0,0.0,0.0,0.0,1,3000,0,1,190,0,0,0

APPTR,I34-X,34,MCU
IF,MCU,22.135556,113.597778, ,0.0,0.0,1,6900,0,0,0,0,1,0
TF,MC614,21.970075,113.600886,0, ,0.0,0.0,0.0,0.0,0,0,0,0,0,0,0,0
TF,MC613,21.905789,113.579256,0, ,0.0,0.0,0.0,0.0,0,0,0,0,0,0,0,0
TF,MC612,21.845256,113.602275,0, ,0.0,0.0,0.0,0.0,0,0,0,0,0,0,0,0
TF,MC610,21.875406,113.693375,0, ,0.0,0.0,0.0,0.0,0,0,0,0,0,0,0,0
TF,PAPA,21.977500,113.656111,0,MCN,0.0,0.0,0.0,0.0,1,3000,0,1,190,0,0,0

APPTR,I34-X,34,UJ
IF,UJ,21.920000,113.293333, ,0.0,0.0,1,8900,0,0,0,0,1,0
TF,ROMEO,21.863333,113.448333,0, ,0.0,0.0,0.0,0.0,1,5900,0,0,0,0,0,0
TF,MC612,21.845256,113.602275,0, ,0.0,0.0,0.0,0.0,0,0,0,0,0,0,0,0
TF,MC610,21.875406,113.693375,0, ,0.0,0.0,0.0,0.0,0,0,0,0,0,0,0,0
TF,PAPA,21.977500,113.656111,0,MCN,0.0,0.0,0.0,0.0,1,3000,0,1,190,0,0,0

FINAL,I34-X,34,I,3
IF,PAPA,21.977500,113.656111,MCN,163.7,11.9,1,3000,0,0,0,0,0,0
CF,FI34,21.992381,113.648183,0,MCN,164.4,10.9,344.0,1.0,1,3000,0,0,0,0,2,0
CF,RW34,22.138183,113.595531,0,MCN,164.4,1.7,344.0,9.2,1,74,0,0,0,0,3,0
CA,0,344.0,2,600,0,0,0,0,0,0
CD, ,0,0,0,MCU,0,0.0,344.0,3.3,0,0,0,0,0,0,0,0
DF,ZAO,22.245000,113.611667,0, ,0.0,0.0,1,3940,0,1,185,0,0,0
FD,ZAO,22.245000,113.611667,0,ZAO,0.0,12.6,41.0,12.6,0,0,0,0,0,0,0,0
CF,D260E,22.360086,113.796147,0,LKC,260.0,5.0,80.0,6.5,2,5500,0,0,0,0,0,1
CF,HAZEL,22.024025,113.682397,2,LKC,210.9,24.0,211.0,22.0,1,6000,0,0,0,0,0,0
TF,MC613,21.905789,113.579256,0, ,0.0,0.0,0.0,0.0,0,0,0,0,0,0,0,0
TF,MC612,21.845256,113.602275,0, ,0.0,0.0,0.0,0.0,0,0,0,0,0,0,0,0
TF,MC610,21.875406,113.693375,0, ,0.0,0.0,0.0,0.0,0,0,0,0,0,0,0,0
TF,PAPA,21.977500,113.656111,0, ,0.0,0.0,0.0,0.0,0,0,0,0,0,0,0,0

APPTR,I34-Y,34,D184G
IF,D184G,22.135000,113.611667, ,0.0,0.0,1,6890,0,0,0,0,1,0
CF,D221Y,22.047858,113.609464,0,LKC,220.7,25.0,184.0,5.2,1,6890,0,0,0,0,0,0
FD,D221Y,22.047858,113.609464,0,LKC,220.7,35.0,184.0,35.0,0,0,0,0,0,0,0,0
CI,1, ,0.0,29.0,0,0,0,1,190,0,0,0
CF,PAPA,21.977500,113.656111,0,MCN,163.7,11.9,344.0,9.0,1,3000,0,0,0,0,0,0

APPTR,I34-Y,34,HAZEL
IF,HAZEL,22.024025,113.682397, ,0.0,0.0,1,11000,0,0,0,0,1,0
FD,HAZEL,22.024025,113.682397,0,LKC,210.9,35.0,211.0,35.0,2,7000,0,0,0,0,0,0
CI,1, ,0.0,29.0,0,0,0,1,190,0,0,0
CF,PAPA,21.977500,113.656111,0,MCN,163.7,11.9,344.0,7.0,1,3000,0,0,0,0,0,0

APPTR,I34-Y,34,LKC44
IF,LKC44,21.660000,113.775000, ,0.0,0.0,2,6000,0,0,0,0,1,0
FC,LKC44,21.660000,113.775000,0,LKC,0.0,0.0,344.0,16.1,0,0,0,0,0,0,0,0
CF,PAPA,21.977500,113.656111,0,MCN,163.7,11.9,344.0,4.0,1,3000,0,0,0,0,0,0

APPTR,I34-Y,34,UJ
IF,UJ,21.920000,113.293333, ,0.0,0.0,1,8860,0,0,0,0,1,0
TF,ROMEO,21.863333,113.448333,0, ,0.0,0.0,0.0,0.0,1,5910,0,0,0,0,0,0
CR,0,ZAO,180.0,100.0,0,0,0,0,0,0,0,0
CI,0, ,0.0,29.0,0,0,0,1,190,0,0,0
CF,PAPA,21.977500,113.656111,0,MCN,163.7,11.9,344.0,8.0,1,3000,0,0,0,0,0,0

FINAL,I34-Y,34,I,3
IF,PAPA,21.977500,113.656111,MCN,163.7,11.9,1,3000,0,0,0,0,0,0
CF,FI34,21.992381,113.648183,0,MCN,164.4,10.9,344.0,1.0,1,3000,0,0,0,0,2,0
CF,RW34,22.138183,113.595531,0,MCN,164.4,1.7,344.0,9.2,1,74,0,0,0,0,3,0
FA,RW34,22.138183,113.595531,0,LKC,0.0,0.0,344.0,2,600,0,0,0,0,0,0
DF,ZAO,22.245000,113.611667,0, ,0.0,0.0,1,3940,0,1,185,0,0,0
FD,ZAO,22.245000,113.611667,0,ZAO,0.0,11.5,41.0,11.5,0,0,0,0,0,0,0,0
CF,D260E,22.360086,113.796147,0,LKC,260.0,5.0,80.0,6.5,2,5500,0,0,0,0,0,1
CF,LKC35,21.861792,113.589336,2,LKC,211.0,35.0,211.0,32.0,1,6000,0,0,0,0,0,1
CI,1, ,0.0,29.0,0,0,0,0,0,0,0,0
CF,PAPA,21.977500,113.656111,0,ZAO,174.2,16.2,344.0,7.0,0,0,0,0,0,0,0,0

APPTR,I34-Z,34,HAZEL
IF,HAZEL,22.024025,113.682397, ,0.0,0.0,1,11000,0,0,0,0,1,0
FD,HAZEL,22.024025,113.682397,0,LKC,210.9,35.0,211.0,35.0,2,7000,0,0,0,0,0,0
CI,1, ,0.0,29.0,0,0,0,1,190,0,0,0
CF,PAPA,21.977500,113.656111,0,MCN,163.7,11.9,344.0,7.0,1,3000,0,0,0,0,0,0

APPTR,I34-Z,34,LKC44
IF,LKC44,21.660000,113.775000, ,0.0,0.0,2,6000,0,0,0,0,1,0
FC,LKC44,21.660000,113.775000,0,LKC,0.0,0.0,344.0,16.1,0,0,0,0,0,0,0,0
CF,PAPA,21.977500,113.656111,0,MCN,163.7,11.9,344.0,4.0,1,3000,0,0,0,0,0,0

APPTR,I34-Z,34,MCU
IF,MCU,22.135556,113.597778, ,0.0,0.0,1,6890,0,0,0,0,1,0
CF,D182E,22.051942,113.599342,0,MCU,182.0,5.0,182.0,5.0,1,6890,0,0,0,0,0,0
CF,D182P,21.867986,113.602781,0,MCU,182.0,16.0,182.0,11.0,0,0,0,0,0,0,0,1
CI,1, ,0.0,29.0,0,0,0,1,190,0,0,0
CF,PAPA,21.977500,113.656111,0,MCN,163.7,11.9,344.0,9.0,1,3000,0,0,0,0,0,0

APPTR,I34-Z,34,UJ
IF,UJ,21.920000,113.293333, ,0.0,0.0,1,8860,0,0,0,0,1,0
TF,ROMEO,21.863333,113.448333,0, ,0.0,0.0,0.0,0.0,1,5910,0,0,0,0,0,0
CR,0,MCU,178.0,100.0,0,0,0,0,0,0,0,0
CI,0, ,0.0,29.0,0,0,0,1,190,0,0,0
CF,PAPA,21.977500,113.656111,0,MCN,163.7,11.9,344.0,8.0,1,3000,0,0,0,0,0,0

FINAL,I34-Z,34,I,3
IF,PAPA,21.977500,113.656111,MCN,163.7,11.9,1,3000,0,0,0,0,0,0
CF,FI34,21.992381,113.648183,0,MCN,164.4,10.9,344.0,1.0,1,3000,0,0,0,0,2,0
CF,RW34,22.138183,113.595531,0,MCN,164.4,1.7,344.0,9.2,1,74,0,0,0,0,3,0
CA,0,344.0,2,600,0,0,0,0,0,0
CD, ,0,0,0,MCU,0,0.0,344.0,3.3,0,0,0,0,0,0,0,0
DF,ZAO,22.245000,113.611667,0, ,0.0,0.0,1,3940,0,1,185,0,0,0
FD,ZAO,22.245000,113.611667,0,ZAO,0.0,12.6,41.0,12.6,0,0,0,0,0,0,0,0
CF,D260E,22.360086,113.796147,0,LKC,260.0,5.0,80.0,6.5,2,5500,0,0,0,0,0,1
CF,LKC35,21.861792,113.589336,2,LKC,211.0,35.0,211.0,32.0,1,6000,0,0,0,0,0,1
CI,1, ,0.0,29.0,0,0,0,0,0,0,0,0
CF,PAPA,21.977500,113.656111,0,MCU,164.0,10.0,344.0,7.0,0,0,0,0,0,0,0,0

APPTR,L16-X,16,NLG
IF,NLG,22.531667,113.561667, ,0.0,0.0,1,6900,0,0,0,0,1,0
TF,MC511,22.363675,113.616219,0, ,0.0,0.0,0.0,0.0,0,0,0,0,0,0,0,0
TF,MC510,22.283925,113.641558,0, ,0.0,0.0,0.0,0.0,1,2500,0,1,190,0,1,0
TF,CL16X,22.276169,113.634914,0,MCS,0.0,0.0,0.0,0.0,1,2500,0,0,0,0,0,0

APPTR,L16-X,16,ZUH
IF,ZUH,22.221667,113.466667, ,0.0,0.0,1,5900,0,0,0,0,1,0
TF,MC512,22.363681,113.562614,0, ,0.0,0.0,0.0,0.0,2,3000,0,1,190,0,0,0
TF,MC511,22.363675,113.616219,0, ,0.0,0.0,0.0,0.0,0,0,0,1,190,0,0,0
TF,MC510,22.283925,113.641558,0, ,0.0,0.0,0.0,0.0,1,2500,0,1,190,0,1,0
TF,CL16X,22.276169,113.634914,0,MCS,0.0,0.0,0.0,0.0,1,2500,0,0,0,0,0,0

FINAL,L16-X,16,D,3
IF,CL16X,22.276169,113.634914,MCS,38.0,8.4,1,2500,0,0,0,0,0,0
CF,FL16,22.243300,113.610161,0,MCS,38.0,6.0,218.0,2.4,2,1800,0,0,0,0,2,0
CF,ML16,22.196728,113.575117,0,MCS,38.0,2.6,218.0,3.4,1,720,0,0,0,0,3,1
CF,MCU,22.135556,113.597778,0,MCU,0.0,0.0,164.0,3.9,0,0,0,1,185,0,0,0
CF,D171G,22.014489,113.625372,0,MCU,171.0,7.4,171.0,7.4,1,4000,0,0,0,0,0,0
CF,INDUS,22.044722,113.600278,2,ZUH,146.9,12.9,328.0,2.3,1,5900,0,0,0,0,0,0
CF,ZUH,22.221667,113.466667,0,ZUH,0.0,0.0,328.0,12.9,1,5900,0,1,185,0,0,0

APPTR,L16-Y,16,NLG
IF,NLG,22.531667,113.561667, ,0.0,0.0,1,6890,0,0,0,0,1,0
FC,NLG,22.531667,113.561667,0,NLG,0.0,0.0,167.0,11.4,0,0,0,0,0,0,0,0
CF,CL16,22.284386,113.641103,0,MCS,38.0,9.0,167.0,4.0,1,2500,0,1,190,0,1,0

APPTR,L16-Y,16,ZUH
IF,ZUH,22.221667,113.466667, ,0.0,0.0,1,5910,0,0,0,0,1,0
FD,ZUH,22.221667,113.466667,0,ZUH,0.0,11.0,36.0,11.0,2,2960,0,0,0,0,0,0
CF,CL16,22.284386,113.641103,2,MCS,38.0,9.0,167.0,6.0,1,2500,0,1,190,0,1,0

FINAL,L16-Y,16,D,3
IF,CL16,22.284386,113.641103,MCS,38.0,9.0,1,2500,0,0,0,0,0,0
CF,ZAO,22.245000,113.611667,0,MCS,38.1,6.1,218.0,2.9,1,1800,0,0,0,0,2,0
CF,ML16,22.196728,113.575117,0,MCS,38.0,2.6,218.0,3.5,1,720,0,0,0,0,3,1
CI,0, ,0.0,151.0,0,0,0,1,185,0,0,0
CF,D181N,22.016003,113.620242,0,ZAO,181.0,13.7,181.0,5.0,1,4000,0,0,0,0,0,0
TF,INDUS,22.044722,113.600278,0, ,0.0,0.0,0.0,0.0,1,5910,0,0,0,0,0,0
CF,ZUH,22.221667,113.466667,0,ZAO,263.2,8.2,328.0,12.9,1,5910,0,1,185,0,0,0

APPTR,L16-Z,16,NLG
IF,NLG,22.531667,113.561667, ,0.0,0.0,1,6890,0,0,0,0,1,0
FC,NLG,22.531667,113.561667,0,NLG,0.0,0.0,167.0,11.4,0,0,0,0,0,0,0,0
CF,CL16,22.284386,113.641103,0,MCS,38.0,9.0,167.0,4.0,1,2500,0,1,190,0,1,0

APPTR,L16-Z,16,ZUH
IF,ZUH,22.221667,113.466667, ,0.0,0.0,1,5910,0,0,0,0,1,0
FD,ZUH,22.221667,113.466667,0,ZUH,0.0,11.0,36.0,11.0,2,2960,0,0,0,0,0,0
CF,CL16,22.284386,113.641103,2,MCS,38.0,9.0,167.0,6.0,1,2500,0,1,190,0,1,0

FINAL,L16-Z,16,D,3
IF,CL16,22.284386,113.641103,MCS,38.0,9.0,1,2500,0,0,0,0,0,0
CF,ZAO,22.245000,113.611667,0,MCS,38.1,6.1,218.0,2.9,1,1800,0,0,0,0,2,0
CF,ML16,22.196728,113.575117,0,MCS,38.0,2.6,218.0,3.5,1,720,0,0,0,0,3,1
CF,MCU,22.135556,113.597778,0,MCU,0.0,0.0,164.0,3.9,0,0,0,1,185,0,0,0
CF,D171G,22.014489,113.625372,0,MCU,171.0,7.4,171.0,7.4,1,4000,0,0,0,0,0,0
TF,INDUS,22.044722,113.600278,0, ,0.0,0.0,0.0,0.0,1,5910,0,0,0,0,0,0
CF,ZUH,22.221667,113.466667,0,ZAO,263.2,8.2,328.0,12.9,1,5910,0,1,185,0,0,0

APPTR,L34-X,34,HAZEL
IF,HAZEL,22.024025,113.682397, ,0.0,0.0,1,11000,0,0,0,0,1,0
TF,MC613,21.905789,113.579256,0, ,0.0,0.0,0.0,0.0,0,0,0,0,0,0,0,0
TF,MC612,21.845256,113.602275,0, ,0.0,0.0,0.0,0.0,0,0,0,0,0,0,0,0
TF,MC610,21.875406,113.693375,0, ,0.0,0.0,0.0,0.0,0,0,0,0,0,0,0,0
TF,PAPA,21.977500,113.656111,0,MCN,0.0,0.0,0.0,0.0,1,3000,0,1,190,0,0,0

APPTR,L34-X,34,MC611
IF,MC611,21.660000,113.775000, ,0.0,0.0,2,6000,0,0,0,0,1,0
TF,MC610,21.875406,113.693375,0, ,0.0,0.0,0.0,0.0,0,0,0,0,0,0,0,0
TF,PAPA,21.977500,113.656111,0,MCN,0.0,0.0,0.0,0.0,1,3000,0,1,190,0,0,0

APPTR,L34-X,34,MCU
IF,MCU,22.135556,113.597778, ,0.0,0.0,1,6900,0,0,0,0,1,0
TF,MC614,21.970075,113.600886,0, ,0.0,0.0,0.0,0.0,0,0,0,0,0,0,0,0
TF,MC613,21.905789,113.579256,0, ,0.0,0.0,0.0,0.0,0,0,0,0,0,0,0,0
TF,MC612,21.845256,113.602275,0, ,0.0,0.0,0.0,0.0,0,0,0,0,0,0,0,0
TF,MC610,21.875406,113.693375,0, ,0.0,0.0,0.0,0.0,0,0,0,0,0,0,0,0
TF,PAPA,21.977500,113.656111,0,MCN,0.0,0.0,0.0,0.0,1,3000,0,1,190,0,0,0

APPTR,L34-X,34,UJ
IF,UJ,21.920000,113.293333, ,0.0,0.0,1,8900,0,0,0,0,1,0
TF,ROMEO,21.863333,113.448333,0, ,0.0,0.0,0.0,0.0,1,5900,0,0,0,0,0,0
TF,MC612,21.845256,113.602275,0, ,0.0,0.0,0.0,0.0,0,0,0,0,0,0,0,0
TF,MC610,21.875406,113.693375,0, ,0.0,0.0,0.0,0.0,0,0,0,0,0,0,0,0
TF,PAPA,21.977500,113.656111,0,MCN,0.0,0.0,0.0,0.0,1,3000,0,1,190,0,0,0

FINAL,L34-X,34,D,3
IF,PAPA,21.977500,113.656111,MCN,163.7,11.9,1,3000,0,0,0,0,0,0
CF,FL34,22.043106,113.629878,0,MCN,164.4,7.7,344.0,4.2,1,1985,0,0,0,0,2,0
CF,MCU,22.135556,113.597778,0,MCN,162.3,1.9,344.0,5.8,1,135,0,0,0,0,3,0
CA,0,344.0,2,600,0,0,0,0,0,0
CD, ,0,0,0,MCU,0,0.0,344.0,3.3,0,0,0,0,0,0,0,0
DF,ZAO,22.245000,113.611667,0, ,0.0,0.0,1,3940,0,1,185,0,0,0
FD,ZAO,22.245000,113.611667,0,ZAO,0.0,12.6,41.0,12.6,0,0,0,0,0,0,0,0
CF,D260E,22.360086,113.796147,0,LKC,260.0,5.0,80.0,6.5,2,5500,0,0,0,0,0,1
CF,HAZEL,22.024025,113.682397,2,LKC,210.9,24.0,211.0,22.0,1,6000,0,0,0,0,0,0
TF,MC613,21.905789,113.579256,0, ,0.0,0.0,0.0,0.0,0,0,0,0,0,0,0,0
TF,MC612,21.845256,113.602275,0, ,0.0,0.0,0.0,0.0,0,0,0,0,0,0,0,0
TF,MC610,21.875406,113.693375,0, ,0.0,0.0,0.0,0.0,0,0,0,0,0,0,0,0
TF,PAPA,21.977500,113.656111,0, ,0.0,0.0,0.0,0.0,0,0,0,0,0,0,0,0

APPTR,L34-Y,34,D184G
IF,D184G,22.135000,113.611667, ,0.0,0.0,1,6890,0,0,0,0,1,0
CF,D221Y,22.047858,113.609464,0,LKC,220.7,25.0,184.0,5.2,1,6890,0,0,0,0,0,0
FD,D221Y,22.047858,113.609464,0,LKC,220.7,35.0,184.0,35.0,0,0,0,0,0,0,0,0
CI,1, ,0.0,29.0,0,0,0,1,190,0,0,0
CF,PAPA,21.977500,113.656111,0,MCN,163.7,11.9,344.0,9.0,1,3000,0,0,0,0,0,0

APPTR,L34-Y,34,HAZEL
IF,HAZEL,22.024025,113.682397, ,0.0,0.0,1,11000,0,0,0,0,1,0
FD,HAZEL,22.024025,113.682397,0,LKC,210.9,35.0,211.0,35.0,2,7000,0,0,0,0,0,0
CI,1, ,0.0,29.0,0,0,0,1,190,0,0,0
CF,PAPA,21.977500,113.656111,0,MCN,163.7,11.9,344.0,7.0,1,3000,0,0,0,0,0,0

APPTR,L34-Y,34,LKC44
IF,LKC44,21.660000,113.775000, ,0.0,0.0,2,6000,0,0,0,0,1,0
FC,LKC44,21.660000,113.775000,0,LKC,0.0,0.0,344.0,16.1,0,0,0,0,0,0,0,0
CF,PAPA,21.977500,113.656111,0,MCN,163.7,11.9,344.0,4.0,1,3000,0,1,190,0,0,0

APPTR,L34-Y,34,UJ
IF,UJ,21.920000,113.293333, ,0.0,0.0,1,8860,0,0,0,0,1,0
TF,ROMEO,21.863333,113.448333,0, ,0.0,0.0,0.0,0.0,1,5910,0,0,0,0,0,0
CR,0,ZAO,180.0,100.0,0,0,0,0,0,0,0,0
CI,0, ,0.0,29.0,0,0,0,1,190,0,0,0
CF,PAPA,21.977500,113.656111,0,MCN,163.7,11.9,344.0,8.0,1,3000,0,0,0,0,0,0

FINAL,L34-Y,34,D,3
IF,PAPA,21.977500,113.656111,MCN,163.7,11.9,1,3000,0,0,0,0,0,0
CF,FL34,22.043106,113.629878,0,MCN,164.4,7.7,344.0,4.2,1,1985,0,0,0,0,2,0
CF,ML34Y,22.135556,113.597778,0,MCN,162.3,1.9,344.0,5.8,1,135,0,0,0,0,3,0
FA,ML34Y,22.135556,113.597778,0,ZAO,0.0,0.0,344.0,2,600,0,0,0,0,0,0
DF,ZAO,22.245000,113.611667,0, ,0.0,0.0,1,3940,0,1,185,0,0,0
FD,ZAO,22.245000,113.611667,0,ZAO,0.0,11.5,41.0,11.5,0,0,0,0,0,0,0,0
CF,D260E,22.360086,113.796147,0,LKC,260.0,5.0,80.0,6.5,2,5500,0,0,0,0,0,1
CF,LKC35,21.861792,113.589336,2,LKC,211.0,35.0,211.0,32.0,1,6000,0,0,0,0,0,1
CI,1, ,0.0,29.0,0,0,0,0,0,0,0,0
CF,PAPA,21.977500,113.656111,0,ZAO,174.2,16.2,344.0,7.0,0,0,0,0,0,0,0,0

APPTR,L34-Z,34,HAZEL
IF,HAZEL,22.024025,113.682397, ,0.0,0.0,1,11000,0,0,0,0,1,0
FD,HAZEL,22.024025,113.682397,0,LKC,210.9,35.0,211.0,35.0,2,7000,0,0,0,0,0,0
CI,1, ,0.0,29.0,0,0,0,1,190,0,0,0
CF,PAPA,21.977500,113.656111,0,MCN,163.7,11.9,344.0,7.0,1,3000,0,0,0,0,0,0

APPTR,L34-Z,34,LKC44
IF,LKC44,21.660000,113.775000, ,0.0,0.0,2,6000,0,0,0,0,1,0
FC,LKC44,21.660000,113.775000,0,LKC,0.0,0.0,344.0,16.1,0,0,0,0,0,0,0,0
CF,PAPA,21.977500,113.656111,0,MCN,163.7,11.9,344.0,4.0,1,3000,0,1,190,0,0,0

APPTR,L34-Z,34,MCU
IF,MCU,22.135556,113.597778, ,0.0,0.0,1,6890,0,0,0,0,1,0
CF,D182E,22.051942,113.599342,0,MCU,182.0,5.0,182.0,5.0,1,6890,0,0,0,0,0,0
CF,D182P,21.867986,113.602781,0,MCU,182.0,16.0,182.0,11.0,0,0,0,0,0,0,0,1
CI,1, ,0.0,29.0,0,0,0,1,190,0,0,0
CF,PAPA,21.977500,113.656111,0,MCN,163.7,11.9,344.0,9.0,1,3000,0,0,0,0,0,0

APPTR,L34-Z,34,UJ
IF,UJ,21.920000,113.293333, ,0.0,0.0,1,8860,0,0,0,0,1,0
TF,ROMEO,21.863333,113.448333,0, ,0.0,0.0,0.0,0.0,1,5910,0,0,0,0,0,0
CR,0,MCU,178.0,100.0,0,0,0,0,0,0,0,0
CI,0, ,0.0,29.0,0,0,0,1,190,0,0,0
CF,PAPA,21.977500,113.656111,0,MCN,163.7,11.9,344.0,8.0,1,3000,0,0,0,0,0,0

FINAL,L34-Z,34,D,3
IF,PAPA,21.977500,113.656111,MCN,163.7,11.9,1,3000,0,0,0,0,0,0
CF,FL34,22.043106,113.629878,0,MCN,164.4,7.7,344.0,4.2,1,1985,0,0,0,0,2,0
CF,MCU,22.135556,113.597778,0,MCN,162.3,1.9,344.0,5.8,1,135,0,0,0,0,3,0
CA,0,344.0,2,600,0,0,0,0,0,0
CD, ,0,0,0,MCU,0,0.0,344.0,3.3,0,0,0,0,0,0,0,0
DF,ZAO,22.245000,113.611667,0, ,0.0,0.0,1,3940,0,1,185,0,0,0
FD,ZAO,22.245000,113.611667,0,ZAO,0.0,12.6,41.0,12.6,0,0,0,0,0,0,0,0
CF,D260E,22.360086,113.796147,0,LKC,260.0,5.0,80.0,6.5,2,5500,0,0,0,0,0,1
CF,LKC35,21.861792,113.589336,2,LKC,211.0,35.0,211.0,32.0,1,6000,0,0,0,0,0,1
CI,1, ,0.0,29.0,0,0,0,0,0,0,0,0
CF,PAPA,21.977500,113.656111,0,MCU,164.0,10.0,344.0,7.0,0,0,0,0,0,0,0,0

APPTR,R16-Y,16,NLG
IF,NLG,22.531667,113.561667, ,0.0,0.0,1,6900,0,0,0,0,1,0
TF,MC511,22.363675,113.616219,0, ,0.0,0.0,0.0,0.0,0,0,0,0,0,0,0,0
TF,MC510,22.283925,113.641558,0, ,0.0,0.0,0.0,0.0,1,2500,0,1,190,0,1,0

APPTR,R16-Y,16,ZUH
IF,ZUH,22.221667,113.466667, ,0.0,0.0,1,5900,0,0,0,0,1,0
TF,MC512,22.363681,113.562614,0, ,0.0,0.0,0.0,0.0,2,3000,0,1,190,0,0,0
TF,MC511,22.363675,113.616219,0, ,0.0,0.0,0.0,0.0,0,0,0,1,190,0,0,0
TF,MC510,22.283925,113.641558,0, ,0.0,0.0,0.0,0.0,1,2500,0,1,190,0,1,0

FINAL,R16-Y,16,R,3
IF,MC510,22.283925,113.641558, ,0.0,0.0,1,2500,0,1,190,0,0,0
TF,MC509,22.242994,113.610464,0, ,0.0,0.0,218.0,3.0,1,1800,0,1,190,0,2,0
TF,MC508,22.207164,113.583267,0, ,0.0,0.0,218.0,2.5,1,1000,0,1,185,0,3,1
CF,RW16,22.160642,113.587261,0,MCU,341.7,1.6,164.0,3.2,0,0,0,1,185,0,0,0
TF,MCU,22.135556,113.597778,0, ,0.0,0.0,0.0,0.0,0,0,0,1,185,0,0,0
TF,MC513,22.019431,113.622233,0, ,0.0,0.0,0.0,0.0,0,0,0,1,185,0,0,0
TF,INDUS,22.044722,113.600278,0, ,0.0,0.0,0.0,0.0,1,5900,0,0,0,0,0,0
TF,MC514,22.114497,113.549117,0, ,0.0,0.0,0.0,0.0,1,5900,0,0,0,0,0,0
TF,ZUH,22.221667,113.466667,0, ,0.0,0.0,0.0,0.0,1,5900,0,0,0,0,0,0

APPTR,R16-Z,16,NLG
IF,NLG,22.531667,113.561667, ,0.0,0.0,1,6900,0,1,250,0,1,0
TF,MC511,22.363675,113.616219,0, ,0.0,0.0,0.0,0.0,2,3000,0,1,190,0,0,0
TF,MC800,22.323542,113.628836,0, ,0.0,0.0,0.0,0.0,0,0,0,0,0,0,0,0
TF,MC802,22.291953,113.638764,0, ,0.0,0.0,0.0,0.0,0,0,0,0,0,0,1,0
RF,MC806,22.249481,113.623758,2,MCC80,234.8,2.4,0,0,0,0,0,0,0,0
TF,MC808,22.236797,113.605872,0, ,0.0,0.0,0.0,0.0,1,1800,0,1,165,0,0,0

APPTR,R16-Z,16,ZUH
IF,ZUH,22.221667,113.466667, ,0.0,0.0,1,5900,0,1,250,0,1,0
TF,MC512,22.363681,113.562614,0, ,0.0,0.0,0.0,0.0,0,0,0,1,190,0,0,0
TF,MC511,22.363675,113.616219,0, ,0.0,0.0,0.0,0.0,2,3000,0,0,0,0,0,0
TF,MC800,22.323542,113.628836,0, ,0.0,0.0,0.0,0.0,0,0,0,0,0,0,0,0
TF,MC802,22.291953,113.638764,0, ,0.0,0.0,0.0,0.0,0,0,0,0,0,0,1,0
RF,MC806,22.249481,113.623758,2,MCC80,234.8,2.4,0,0,0,0,0,0,0,0
TF,MC808,22.236797,113.605872,0, ,0.0,0.0,0.0,0.0,1,1800,0,1,165,0,0,0

FINAL,R16-Z,16,R,4
IF,MC808,22.236797,113.605872, ,0.0,0.0,1,1800,0,1,165,0,2,0
TF,MC810,22.222247,113.585367,0, ,0.0,0.0,236.0,1.4,0,0,0,0,0,0,0,0
RF,MC812,22.192281,113.575606,1,MCC82,163.4,1.6,0,0,0,0,0,0,0,0
TF,RW16,22.160642,113.587261,0, ,0.0,0.0,164.0,2.0,1,70,0,0,0,0,3,1
TF,MC820,22.120153,113.602167,0, ,0.0,0.0,0.0,0.0,0,0,0,0,0,0,0,0
TF,MC822,22.079217,113.617228,0, ,0.0,0.0,0.0,0.0,0,0,0,0,0,0,0,0
RF,MC513,22.019431,113.622233,2,MCC84,362.3,7.2,0,0,0,1,185,0,0,0
HM,MC513,22.019431,113.622233,1, ,0.0,0.0,328.0,04.3,2,3000,0,1,185,0,0,0,0

APPTR,R34,34,HAZEL
IF,HAZEL,22.024025,113.682397, ,0.0,0.0,1,11000,0,0,0,0,1,0
TF,MC613,21.905789,113.579256,0, ,0.0,0.0,0.0,0.0,0,0,0,0,0,0,0,0
TF,MC612,21.845256,113.602275,0, ,0.0,0.0,0.0,0.0,0,0,0,0,0,0,0,0
TF,MC610,21.875406,113.693375,0, ,0.0,0.0,0.0,0.0,0,0,0,0,0,0,0,0
TF,PAPA,21.977500,113.656111,0, ,0.0,0.0,0.0,0.0,1,3000,0,1,190,0,0,0

APPTR,R34,34,MC611
IF,MC611,21.660000,113.775000, ,0.0,0.0,2,6000,0,0,0,0,1,0
TF,MC610,21.875406,113.693375,0, ,0.0,0.0,0.0,0.0,0,0,0,0,0,0,0,0
TF,PAPA,21.977500,113.656111,0, ,0.0,0.0,0.0,0.0,1,3000,0,1,190,0,0,0

APPTR,R34,34,MCU
IF,MCU,22.135556,113.597778, ,0.0,0.0,1,6900,0,0,0,0,1,0
TF,MC614,21.970075,113.600886,0, ,0.0,0.0,0.0,0.0,0,0,0,0,0,0,0,0
TF,MC613,21.905789,113.579256,0, ,0.0,0.0,0.0,0.0,0,0,0,0,0,0,0,0
TF,MC612,21.845256,113.602275,0, ,0.0,0.0,0.0,0.0,0,0,0,0,0,0,0,0
TF,MC610,21.875406,113.693375,0, ,0.0,0.0,0.0,0.0,0,0,0,0,0,0,0,0
TF,PAPA,21.977500,113.656111,0, ,0.0,0.0,0.0,0.0,1,3000,0,1,190,0,0,0

APPTR,R34,34,UJ
IF,UJ,21.920000,113.293333, ,0.0,0.0,1,8900,0,0,0,0,1,0
TF,ROMEO,21.863333,113.448333,0, ,0.0,0.0,0.0,0.0,1,5900,0,0,0,0,0,0
TF,MC612,21.845256,113.602275,0, ,0.0,0.0,0.0,0.0,0,0,0,0,0,0,0,0
TF,MC610,21.875406,113.693375,0, ,0.0,0.0,0.0,0.0,0,0,0,0,0,0,0,0
TF,PAPA,21.977500,113.656111,0, ,0.0,0.0,0.0,0.0,1,3000,0,1,190,0,0,0

FINAL,R34,34,R,3
IF,PAPA,21.977500,113.656111, ,0.0,0.0,1,3000,0,1,190,0,0,0
TF,MC609,22.043075,113.630519,0, ,0.0,0.0,344.0,4.2,1,1990,0,1,190,0,2,0
TF,RW34,22.138183,113.595531,0, ,0.0,0.0,344.0,6.0,1,69,0,1,185,0,3,1
TF,MC608,22.187339,113.577431,0, ,0.0,0.0,0.0,0.0,2,600,0,1,185,0,0,0
TF,ZAO,22.245000,113.611667,0, ,0.0,0.0,0.0,0.0,0,0,0,1,185,0,0,0
TF,LATOP,22.281667,113.643333,0, ,0.0,0.0,0.0,0.0,0,0,0,0,0,0,0,0
TF,MC420,22.342303,113.695442,0, ,0.0,0.0,0.0,0.0,2,3940,0,0,0,0,0,0
TF,MC411,22.361444,113.793772,0, ,0.0,0.0,0.0,0.0,2,5500,0,0,0,0,0,0
TF,MC615,22.303361,113.840769,0, ,0.0,0.0,0.0,0.0,2,5500,0,0,0,0,0,0
TF,HAZEL,22.024025,113.682397,0, ,0.0,0.0,0.0,0.0,0,0,0,0,0,0,0,0
TF,PAPA,21.977500,113.656111,0, ,0.0,0.0,0.0,0.0,0,0,0,0,0,0,0,0
HM,PAPA,21.977500,113.656111,1, ,0.0,0.0,344.0,04.3,0,0,0,1,185,0,0,0,0

