APPTR,D08,08,BBM1
IF,BBM,15.857128,74.619292, ,0.0,0.0,2,4600,0,0,0,0,1,0
FD,BBM,15.857128,74.619292,0,BBM,0.0,9.0,288.0,9.0,2,4500,0,0,0,0,0,0
CF,FD08,15.844683,74.497219,1,BBM,265.0,7.1,85.0,2.0,2,4500,0,0,0,0,0,0

APPTR,D08,08,BBM2
IF,BBM,15.857128,74.619292, ,0.0,0.0,2,4600,0,0,0,0,1,0
FD,BBM,15.857128,74.619292,0,BBM,0.0,9.0,276.0,9.0,2,4500,0,0,0,0,0,0
CF,FD08,15.844683,74.497219,1,BBM,265.0,7.1,85.0,2.0,2,4500,0,0,0,0,0,0

APPTR,D08,08,EPKOS
IF,EPKOS,16.885556,74.120278, ,0.0,0.0,0,0,0,0,0,0,0,0
TF,D336O,16.084578,74.509442,0, ,0.0,0.0,0.0,0.0,0,0,0,0,0,0,1,0
CI,0, ,0.0,156.0,0,0,0,0,0,0,0,0
AF,D265M,15.834281,74.395781,1,BBM,265.0,13.0,336.0,2,4600,0,0,0,0,1,0
CF,FD08,15.844683,74.497219,0,BBM,265.0,7.1,85.0,5.9,2,4500,0,0,0,0,0,0

APPTR,D08,08,MABTA
IF,MABTA,17.141389,73.362778, ,0.0,0.0,0,0,0,0,0,0,0,0
TF,D318O,16.040156,74.441692,0, ,0.0,0.0,0.0,0.0,0,0,0,0,0,0,1,0
CI,0, ,0.0,138.0,0,0,0,0,0,0,0,0
AF,D265M,15.834281,74.395781,1,BBM,265.0,13.0,318.0,2,4600,0,0,0,0,1,0
CF,FD08,15.844683,74.497219,0,BBM,265.0,7.1,85.0,5.9,2,4500,0,0,0,0,0,0

APPTR,D08,08,SABIV
IF,SABIV,15.369444,74.669722, ,0.0,0.0,0,0,0,0,0,0,0,0
TF,D175O,15.607331,74.645181,0, ,0.0,0.0,0.0,0.0,0,0,0,0,0,0,1,0
CI,0, ,0.0,355.0,0,0,0,0,0,0,0,0
AF,D265M,15.834281,74.395781,2,BBM,265.0,13.0,175.0,2,4600,0,0,0,0,1,0
CF,FD08,15.844683,74.497219,0,BBM,265.0,7.1,85.0,5.9,2,4500,0,0,0,0,0,0

FINAL,D08,08,D,3
IF,FD08,15.844683,74.497219,BBM,265.0,7.1,2,4500,0,0,0,0,2,0
CF,40VOR,15.850128,74.550522,0,BBM,265.0,4.0,85.0,3.1,2,3540,0,0,0,0,0,0
CF,MD08,15.855386,74.602108,0,BBM,265.0,0.0,85.0,3.0,1,2583,0,0,0,0,3,0
FA,MD08,15.855386,74.602108,0,BBM,0.0,0.0,85.0,2,4600,0,0,0,0,0,0
DF,BBM,15.857128,74.619292,2, ,0.0,0.0,1,4600,0,0,0,0,0,0
HM,BBM,15.857128,74.619292,1, ,0.0,0.0,288.0,04.3,2,4600,0,0,0,0,0,0,0

APPTR,D26,26,BBM1
IF,BBM,15.857128,74.619292, ,0.0,0.0,2,4600,0,0,0,0,1,0
FD,BBM,15.857128,74.619292,0,BBM,0.0,9.0,55.0,9.0,2,4500,0,0,0,0,0,0
CF,FD26,15.884236,74.731725,2,BBM,77.0,6.7,257.0,3.0,2,4500,0,0,0,0,0,0

APPTR,D26,26,BBM2
IF,BBM,15.857128,74.619292, ,0.0,0.0,2,4600,0,0,0,0,1,0
FD,BBM,15.857128,74.619292,0,BBM,0.0,8.0,65.0,8.0,2,4500,0,0,0,0,0,0
CF,FD26,15.884236,74.731725,2,BBM,77.0,6.7,257.0,2.0,2,4500,0,0,0,0,0,0

APPTR,D26,26,BOGAT
IF,BOGAT,16.359444,75.998889, ,0.0,0.0,0,0,0,0,0,0,0,0
TF,D071T,15.975906,74.942694,0, ,0.0,0.0,0.0,0.0,0,0,0,0,0,0,1,0
TF,D077L,15.905619,74.820664,0, ,0.0,0.0,0.0,0.0,2,4600,0,0,0,0,1,0
CF,FD26,15.884236,74.731725,0,BBM,77.0,6.7,257.0,5.3,2,4500,0,0,0,0,0,0

APPTR,D26,26,EPKOS
IF,EPKOS,16.885556,74.120278, ,0.0,0.0,0,0,0,0,0,0,0,0
TF,D336N,16.069406,74.516764,0, ,0.0,0.0,0.0,0.0,0,0,0,0,0,0,1,0
CI,0, ,0.0,156.0,0,0,0,0,0,0,0,0
AF,D077L,15.905619,74.820664,2,BBM,77.0,12.0,336.0,2,4600,0,0,0,0,1,0
CF,FD26,15.884236,74.731725,0,BBM,77.0,6.7,257.0,5.3,2,4500,0,0,0,0,0,0

APPTR,D26,26,HBL
IF,HBL,15.365139,75.096583, ,0.0,0.0,0,0,0,0,0,0,0,0
TF,D138N,15.686522,74.785153,0, ,0.0,0.0,0.0,0.0,0,0,0,0,0,0,1,0
CI,0, ,0.0,318.0,0,0,0,0,0,0,0,0
AF,D077L,15.905619,74.820664,1,BBM,77.0,12.0,138.0,2,4600,0,0,0,0,1,0
CF,FD26,15.884236,74.731725,0,BBM,77.0,6.7,257.0,5.3,2,4500,0,0,0,0,0,0

APPTR,D26,26,MABTA
IF,MABTA,17.141389,73.362778, ,0.0,0.0,0,0,0,0,0,0,0,0
TF,D318N,16.027950,74.453531,0, ,0.0,0.0,0.0,0.0,0,0,0,0,0,0,1,0
CI,0, ,0.0,138.0,0,0,0,0,0,0,0,0
AF,D077L,15.905619,74.820664,2,BBM,77.0,12.0,318.0,2,4600,0,0,0,0,1,0
CF,FD26,15.884236,74.731725,0,BBM,77.0,6.7,257.0,5.3,2,4500,0,0,0,0,0,0

APPTR,D26,26,PUKIR
IF,PUKIR,15.291667,75.704444, ,0.0,0.0,0,0,0,0,0,0,0,0
TF,D120N,15.746575,74.832664,0, ,0.0,0.0,0.0,0.0,0,0,0,0,0,0,1,0
CI,0, ,0.0,300.0,0,0,0,0,0,0,0,0
AF,D077L,15.905619,74.820664,1,BBM,77.0,12.0,120.0,2,4600,0,0,0,0,1,0
CF,FD26,15.884236,74.731725,0,BBM,77.0,6.7,257.0,5.3,2,4500,0,0,0,0,0,0

APPTR,D26,26,SABIV
IF,SABIV,15.369444,74.669722, ,0.0,0.0,0,0,0,0,0,0,0,0
TF,D175N,15.623986,74.643456,0, ,0.0,0.0,0.0,0.0,0,0,0,0,0,0,1,0
CI,0, ,0.0,355.0,0,0,0,0,0,0,0,0
AF,D077L,15.905619,74.820664,1,BBM,77.0,12.0,175.0,2,4600,0,0,0,0,1,0
CF,FD26,15.884236,74.731725,0,BBM,77.0,6.7,257.0,5.3,2,4500,0,0,0,0,0,0

FINAL,D26,26,D,3
IF,FD26,15.884236,74.731725,BBM,77.0,6.7,2,4500,0,0,0,0,2,0
CF,34VOR,15.870897,74.676350,0,BBM,77.0,3.4,257.0,3.3,2,3440,0,0,0,0,0,0
CF,MD26,15.861186,74.636081,0,BBM,77.0,0.0,257.0,2.4,1,2674,0,0,0,0,3,0
FA,MD26,15.861186,74.636081,0,BBM,0.0,0.0,257.0,2,4600,0,0,0,0,0,0
DF,BBM,15.857128,74.619292,1, ,0.0,0.0,1,4600,0,0,0,0,0,0
HM,BBM,15.857128,74.619292,2, ,0.0,0.0,55.0,04.3,2,4600,0,0,0,0,0,0,0

APPTR,I26-Z,26,BBM
IF,BBM,15.857128,74.619292, ,0.0,0.0,2,4600,0,1,185,0,0,0
TF,BM511,15.997161,74.717942,0, ,0.0,0.0,0.0,0.0,2,4600,0,1,185,0,0,0
TF,BM503,16.014392,74.814733,0, ,0.0,0.0,0.0,0.0,2,4600,0,1,185,0,0,0
TF,BM509,15.925189,74.831681,0, ,0.0,0.0,0.0,0.0,0,0,0,1,185,0,0,0
TF,BM510,15.890406,74.789308,0,IBGM,0.0,0.0,0.0,0.0,2,4600,0,1,185,0,0,0

APPTR,I26-Z,26,BM503
IF,BM503,16.014392,74.814733, ,0.0,0.0,4,6000,4600,1,185,0,1,0
TF,BM509,15.925189,74.831681,0, ,0.0,0.0,0.0,0.0,0,0,0,1,185,0,0,0
TF,BM510,15.890406,74.789308,0,IBGM,0.0,0.0,0.0,0.0,2,4600,0,1,185,0,0,0

APPTR,I26-Z,26,BM505
IF,BM505,15.784136,74.859564, ,0.0,0.0,4,6000,4600,1,185,0,1,0
TF,BM512,15.871836,74.842928,0, ,0.0,0.0,0.0,0.0,0,0,0,1,185,0,0,0
TF,BM510,15.890406,74.789308,0,IBGM,0.0,0.0,0.0,0.0,2,4600,0,1,185,0,0,0

FINAL,I26-Z,26,I,3
IF,BM510,15.890406,74.789308,IBGM,80.3,11.0,2,4600,0,1,185,0,1,0
CF,FI26Z,15.880261,74.733044,0,IBGM,80.3,7.7,261.0,3.3,1,4500,0,0,0,0,2,0
CF,RW26,15.860769,74.626625,0,IBGM,80.3,1.4,261.0,6.3,1,2502,0,0,0,0,3,1
CA,0,261.0,2,3600,0,1,210,0,0,0
DF,BM505,15.784136,74.859564,1, ,0.0,0.0,2,4600,0,1,210,0,0,0
HM,BM505,15.784136,74.859564,2, ,0.0,0.0,351.0,04.3,2,4600,0,1,230,0,0,0,0

APPTR,R08-Y,08,BBM
IF,BBM,15.857128,74.619292, ,0.0,0.0,2,4600,0,1,185,0,1,0
TF,BM414,15.952167,74.475183,0, ,0.0,0.0,0.0,0.0,2,4600,0,1,185,0,0,0
TF,BM403,15.933808,74.375394,0, ,0.0,0.0,0.0,0.0,2,4600,0,1,185,0,0,0
TF,BM412,15.844172,74.393053,0, ,0.0,0.0,0.0,0.0,0,0,0,0,0,0,0,0
TF,BM411,15.827153,74.443450,0, ,0.0,0.0,0.0,0.0,2,4600,0,0,0,0,1,0

APPTR,R08-Y,08,BM403
IF,BM403,15.933808,74.375394, ,0.0,0.0,4,6000,4600,1,185,0,1,0
TF,BM412,15.844172,74.393053,0, ,0.0,0.0,0.0,0.0,2,4600,0,0,0,0,0,0
TF,BM411,15.827153,74.443450,0, ,0.0,0.0,0.0,0.0,2,4600,0,0,0,0,1,0

APPTR,R08-Y,08,BM405
IF,BM405,15.703642,74.420706, ,0.0,0.0,4,6000,4600,1,185,0,1,0
TF,BM413,15.793422,74.403044,0, ,0.0,0.0,0.0,0.0,2,4600,0,0,0,0,0,0
TF,BM411,15.827153,74.443450,0, ,0.0,0.0,0.0,0.0,2,4600,0,0,0,0,1,0

APPTR,R08-Y,08,BM411
HF,BM411,15.827153,74.443450,1, ,0.0,0.0,81.0,04.3,2,4600,0,1,185,0,1,0,0

FINAL,R08-Y,08,R,3
IF,BM411,15.827153,74.443450, ,0.0,0.0,2,4600,0,0,0,0,0,0
TF,BM015,15.836836,74.496103,0, ,0.0,0.0,81.0,3.1,1,4500,0,0,0,0,2,0
TF,RW08,15.856897,74.605528,0, ,0.0,0.0,81.0,6.4,1,2517,0,0,0,0,3,1
CA,0,81.0,2,3600,0,1,185,0,0,0
DF,BM405,15.703642,74.420706,2, ,0.0,0.0,2,4600,0,1,185,0,0,0
HM,BM405,15.703642,74.420706,2, ,0.0,0.0,351.0,04.3,2,4600,0,1,185,0,0,0,0

APPTR,R26-Y,26,BBM
IF,BBM,15.857128,74.619292, ,0.0,0.0,2,4600,0,1,185,0,1,0
TF,BM511,15.997161,74.717942,0, ,0.0,0.0,0.0,0.0,2,4600,0,1,185,0,0,0
TF,BM503,16.014392,74.814733,0, ,0.0,0.0,0.0,0.0,0,0,0,0,0,0,0,0
TF,BM509,15.925189,74.831681,0, ,0.0,0.0,0.0,0.0,0,0,0,0,0,0,0,0
TF,BM510,15.890406,74.789308,0, ,0.0,0.0,0.0,0.0,2,4600,0,0,0,0,1,0

APPTR,R26-Y,26,BM503
IF,BM503,16.014392,74.814733, ,0.0,0.0,4,6000,4600,1,185,0,1,0
TF,BM509,15.925189,74.831681,0, ,0.0,0.0,0.0,0.0,0,0,0,0,0,0,0,0
TF,BM510,15.890406,74.789308,0, ,0.0,0.0,0.0,0.0,2,4600,0,0,0,0,1,0

APPTR,R26-Y,26,BM505
IF,BM505,15.784136,74.859564, ,0.0,0.0,4,6000,4600,1,185,0,1,0
TF,BM512,15.871836,74.842928,0, ,0.0,0.0,0.0,0.0,0,0,0,0,0,0,0,0
TF,BM510,15.890406,74.789308,0, ,0.0,0.0,0.0,0.0,2,4600,0,0,0,0,1,0

APPTR,R26-Y,26,BM510
HF,BM510,15.890406,74.789308,2, ,0.0,0.0,261.0,04.3,2,4600,0,1,230,0,1,0,0

FINAL,R26-Y,26,R,3
IF,BM510,15.890406,74.789308, ,0.0,0.0,2,4600,0,0,0,0,0,0
TF,BM513,15.881028,74.736881,0, ,0.0,0.0,261.0,3.1,1,4500,0,0,0,0,2,0
TF,RW26,15.860769,74.626625,0, ,0.0,0.0,261.0,6.5,1,2502,0,0,0,0,3,1
CA,0,261.0,2,3600,0,1,185,0,0,0
DF,BM505,15.784136,74.859564,1, ,0.0,0.0,2,4600,0,1,185,0,0,0
HM,BM505,15.784136,74.859564,2, ,0.0,0.0,351.0,04.3,2,4600,0,1,230,0,0,0,0

