APPTR,D02-Z,02,BDR1
IF,BDR,17.905000,77.482222, ,0.0,0.0,2,4200,0,0,0,0,0,0
FD,BDR,17.905000,77.482222,0,BDR,0.0,8.0,224.0,8.0,2,3800,0,0,0,0,0,0
CF,FD02Z,17.812450,77.458131,1,BDR,195.0,5.7,15.0,3.0,2,3800,0,0,0,0,0,0

APPTR,D02-Z,02,BDR2
IF,BDR,17.905000,77.482222, ,0.0,0.0,2,4200,0,0,0,0,0,0
FD,BDR,17.905000,77.482222,0,BDR,0.0,8.0,207.0,8.0,2,3800,0,0,0,0,0,0
CF,FD02Z,17.812450,77.458131,1,BDR,195.0,5.7,15.0,3.0,2,3800,0,0,0,0,0,0

APPTR,D02-Z,02,D025L
IF,D025L,18.088417,77.567617, ,0.0,0.0,2,4200,0,0,0,0,1,0
CI,0, ,0.0,205.0,0,0,0,0,0,0,0,0
AF,D195J,17.742631,77.439975,2,BDR,195.0,10.0,25.0,2,3800,0,0,0,0,1,0
CF,FD02Z,17.812450,77.458131,0,BDR,195.0,5.7,15.0,4.3,2,3800,0,0,0,0,0,0

APPTR,D02-Z,02,D149L
IF,D149L,17.734678,77.593258, ,0.0,0.0,2,4200,0,0,0,0,1,0
CI,0, ,0.0,329.0,0,0,0,0,0,0,0,0
AF,D195J,17.742631,77.439975,2,BDR,195.0,10.0,149.0,2,3800,0,0,0,0,1,0
CF,FD02Z,17.812450,77.458131,0,BDR,195.0,5.7,15.0,4.3,2,3800,0,0,0,0,0,0

APPTR,D02-Z,02,D360L
IF,D360L,18.105764,77.478556, ,0.0,0.0,2,4200,0,0,0,0,1,0
CI,0, ,0.0,180.0,0,0,0,0,0,0,0,0
AF,D195J,17.742631,77.439975,2,BDR,195.0,10.0,360.0,2,3800,0,0,0,0,1,0
CF,FD02Z,17.812450,77.458131,0,BDR,195.0,5.7,15.0,4.3,2,3800,0,0,0,0,0,0

FINAL,D02-Z,02,D,2
IF,FD02Z,17.812450,77.458131,BDR,195.0,5.7,2,3800,0,0,0,0,2,0
CF,MD02Z,17.888761,77.477992,0,BDR,195.0,0.0,15.0,4.7,1,2263,0,0,0,0,3,0
FA,MD02Z,17.888761,77.477992,0,BDR,0.0,0.0,15.0,2,3200,0,0,0,0,0,0
DF,BDR,17.905000,77.482222,2, ,0.0,0.0,1,4200,0,0,0,0,0,0
HM,BDR,17.905000,77.482222,2, ,0.0,0.0,224.0,04.3,2,4200,0,0,0,0,0,0,0

APPTR,D08-Z,08,BDR1
IF,BDR,17.905000,77.482222, ,0.0,0.0,2,4200,0,0,0,0,0,0
FD,BDR,17.905000,77.482222,0,BDR,0.0,8.5,234.0,8.5,2,3800,0,0,0,0,0,0
CF,FD08Z,17.890297,77.373189,2,BDR,263.0,6.3,83.0,3.0,2,3800,0,0,0,0,0,0

APPTR,D08-Z,08,BDR2
IF,BDR,17.905000,77.482222, ,0.0,0.0,2,4200,0,0,0,0,0,0
FD,BDR,17.905000,77.482222,0,BDR,0.0,8.5,251.0,8.5,2,3800,0,0,0,0,0,0
CF,FD08Z,17.890297,77.373189,2,BDR,263.0,6.3,83.0,3.0,2,3800,0,0,0,0,0,0

APPTR,D08-Z,08,D025L
IF,D025L,18.088417,77.567617, ,0.0,0.0,2,4200,0,0,0,0,1,0
CI,0, ,0.0,205.0,0,0,0,0,0,0,0,0
AF,D263J,17.881633,77.309161,1,BDR,263.0,10.0,25.0,2,3800,0,0,0,0,1,0
CF,FD08Z,17.890297,77.373189,0,BDR,263.0,6.3,83.0,3.7,2,3800,0,0,0,0,0,0

APPTR,D08-Z,08,D149L
IF,D149L,17.734678,77.593258, ,0.0,0.0,2,4200,0,0,0,0,1,0
CI,0, ,0.0,329.0,0,0,0,0,0,0,0,0
AF,D263J,17.881633,77.309161,2,BDR,263.0,10.0,149.0,2,3800,0,0,0,0,1,0
CF,FD08Z,17.890297,77.373189,0,BDR,263.0,6.3,83.0,3.7,2,3800,0,0,0,0,0,0

APPTR,D08-Z,08,D360L
IF,D360L,18.105764,77.478556, ,0.0,0.0,2,4200,0,0,0,0,1,0
CI,0, ,0.0,180.0,0,0,0,0,0,0,0,0
AF,D263J,17.881633,77.309161,1,BDR,263.0,10.0,360.0,2,3800,0,0,0,0,1,0
CF,FD08Z,17.890297,77.373189,0,BDR,263.0,6.3,83.0,3.7,2,3800,0,0,0,0,0,0

FINAL,D08-Z,08,D,2
IF,FD08Z,17.890297,77.373189,BDR,263.0,6.3,2,3800,0,0,0,0,2,0
CF,MD08Z,17.900339,77.447606,0,BDR,263.0,2.0,83.0,4.3,1,2453,0,0,0,0,3,0
FA,MD08Z,17.900339,77.447606,0,BDR,0.0,0.0,83.0,2,3200,0,0,0,0,0,0
DF,BDR,17.905000,77.482222,1, ,0.0,0.0,1,4200,0,0,0,0,0,0
HM,BDR,17.905000,77.482222,2, ,0.0,0.0,234.0,04.3,2,4200,0,0,0,0,0,0,0

APPTR,D20-Z,20,BDR1
IF,BDR,17.905000,77.482222, ,0.0,0.0,2,4200,0,0,0,0,0,0
FD,BDR,17.905000,77.482222,0,BDR,0.0,8.0,355.0,8.0,2,3800,0,0,0,0,0,0
CF,FD20Z,17.992792,77.521167,2,BDR,24.0,5.7,204.0,3.0,2,3800,0,0,0,0,0,0

APPTR,D20-Z,20,BDR2
IF,BDR,17.905000,77.482222, ,0.0,0.0,2,4200,0,0,0,0,0,0
FD,BDR,17.905000,77.482222,0,BDR,0.0,8.0,12.0,8.0,2,3800,0,0,0,0,0,0
CF,FD20Z,17.992792,77.521167,2,BDR,24.0,5.7,204.0,3.0,2,3800,0,0,0,0,0,0

APPTR,D20-Z,20,D025L
IF,D025L,18.088417,77.567617, ,0.0,0.0,2,4200,0,0,0,0,1,0
TF,D024J,18.059017,77.550572,0, ,0.0,0.0,0.0,0.0,2,3800,0,0,0,0,1,0
CF,FD20Z,17.992792,77.521167,0,BDR,24.0,5.7,204.0,4.3,2,3800,0,0,0,0,0,0

APPTR,D20-Z,20,D149L
IF,D149L,17.734678,77.593258, ,0.0,0.0,2,4200,0,0,0,0,1,0
CI,0, ,0.0,329.0,0,0,0,0,0,0,0,0
AF,D024J,18.059017,77.550572,1,BDR,24.0,10.0,149.0,2,3800,0,0,0,0,1,0
CF,FD20Z,17.992792,77.521167,0,BDR,24.0,5.7,204.0,4.3,2,3800,0,0,0,0,0,0

APPTR,D20-Z,20,D360L
IF,D360L,18.105764,77.478556, ,0.0,0.0,2,4200,0,0,0,0,1,0
CI,0, ,0.0,180.0,0,0,0,0,0,0,0,0
AF,D024J,18.059017,77.550572,2,BDR,24.0,10.0,360.0,2,3800,0,0,0,0,1,0
CF,FD20Z,17.992792,77.521167,0,BDR,24.0,5.7,204.0,4.3,2,3800,0,0,0,0,0,0

FINAL,D20-Z,20,D,2
IF,FD20Z,17.992792,77.521167,BDR,24.0,5.7,2,3800,0,0,0,0,2,0
CF,MD20Z,17.920403,77.489050,0,BDR,24.0,0.0,204.0,4.7,1,2333,0,0,0,0,3,0
FA,MD20Z,17.920403,77.489050,0,BDR,0.0,0.0,204.0,2,3200,0,0,0,0,0,0
DF,BDR,17.905000,77.482222,1, ,0.0,0.0,1,4200,0,0,0,0,0,0
HM,BDR,17.905000,77.482222,1, ,0.0,0.0,355.0,04.3,2,4200,0,0,0,0,0,0,0

APPTR,D26-Z,26,BDR1
IF,BDR,17.905000,77.482222, ,0.0,0.0,2,4200,0,0,0,0,0,0
FD,BDR,17.905000,77.482222,0,BDR,0.0,8.0,43.0,8.0,2,3800,0,0,0,0,0,0
CF,FD26Z,17.933853,77.569822,2,BDR,72.0,5.3,252.0,3.0,2,3800,0,0,0,0,0,0

APPTR,D26-Z,26,BDR2
IF,BDR,17.905000,77.482222, ,0.0,0.0,2,4200,0,0,0,0,0,0
FD,BDR,17.905000,77.482222,0,BDR,0.0,8.0,60.0,8.0,2,3800,0,0,0,0,0,0
CF,FD26Z,17.933853,77.569822,2,BDR,72.0,5.3,252.0,3.0,2,3800,0,0,0,0,0,0

APPTR,D26-Z,26,D025L
IF,D025L,18.088417,77.567617, ,0.0,0.0,2,4200,0,0,0,0,1,0
CI,0, ,0.0,205.0,0,0,0,0,0,0,0,0
AF,D072J,17.959406,77.647531,2,BDR,72.0,10.0,25.0,2,3800,0,0,0,0,1,0
CF,FD26Z,17.933853,77.569822,0,BDR,72.0,5.3,252.0,4.7,2,3800,0,0,0,0,0,0

APPTR,D26-Z,26,D149L
IF,D149L,17.734678,77.593258, ,0.0,0.0,2,4200,0,0,0,0,1,0
CI,0, ,0.0,329.0,0,0,0,0,0,0,0,0
AF,D072J,17.959406,77.647531,1,BDR,72.0,10.0,149.0,2,3800,0,0,0,0,1,0
CF,FD26Z,17.933853,77.569822,0,BDR,72.0,5.3,252.0,4.7,2,3800,0,0,0,0,0,0

APPTR,D26-Z,26,D360L
IF,D360L,18.105764,77.478556, ,0.0,0.0,2,4200,0,0,0,0,1,0
CI,0, ,0.0,180.0,0,0,0,0,0,0,0,0
AF,D072J,17.959406,77.647531,2,BDR,72.0,10.0,360.0,2,3800,0,0,0,0,1,0
CF,FD26Z,17.933853,77.569822,0,BDR,72.0,5.3,252.0,4.7,2,3800,0,0,0,0,0,0

FINAL,D26-Z,26,D,2
IF,FD26Z,17.933853,77.569822,BDR,72.0,5.3,2,3800,0,0,0,0,2,0
CF,MD26Z,17.910444,77.498747,0,BDR,72.0,0.0,252.0,4.3,1,2449,0,0,0,0,3,0
FA,MD26Z,17.910444,77.498747,0,BDR,0.0,0.0,252.0,2,3200,0,0,0,0,0,0
DF,BDR,17.905000,77.482222,1, ,0.0,0.0,1,4200,0,0,0,0,0,0
HM,BDR,17.905000,77.482222,1, ,0.0,0.0,43.0,04.3,2,4200,0,0,0,0,0,0,0

APPTR,I08-Y,08,BR1
IF,BR,17.923056,77.501389, ,0.0,0.0,2,4200,0,0,0,0,0,0
FD,BR,17.923056,77.501389,0,IBID,0.0,8.5,230.0,8.5,2,3800,0,0,0,0,0,0
CF,CI08Y,17.878764,77.341339,2,IBID,259.1,8.7,79.0,2.0,2,3800,0,0,0,0,0,0

APPTR,I08-Y,08,BR2
IF,BR,17.923056,77.501389, ,0.0,0.0,2,4200,0,0,0,0,0,0
FD,BR,17.923056,77.501389,0,IBID,0.0,8.5,247.0,8.5,2,3800,0,0,0,0,0,0
CF,CI08Y,17.878764,77.341339,2,IBID,259.1,8.7,79.0,2.0,2,3800,0,0,0,0,0,0

FINAL,I08-Y,08,I,3
IF,CI08Y,17.878764,77.341339,IBID,259.1,8.7,2,3800,0,0,0,0,0,0
CF,FI08,17.885692,77.375533,0,IBID,259.1,6.7,79.0,2.0,1,3800,0,0,0,0,2,0
CF,RW08,17.903056,77.461389,0,IBID,259.1,1.7,79.0,5.0,1,2194,0,0,0,0,3,0
CA,0,79.0,2,3200,0,0,0,0,0,0
DF,BR,17.923056,77.501389,1, ,0.0,0.0,1,4200,0,0,0,0,0,0
HM,BR,17.923056,77.501389,2, ,0.0,0.0,230.0,04.3,2,4200,0,0,0,0,0,0,0

APPTR,I08-Z,08,BDR1
IF,BDR,17.905000,77.482222, ,0.0,0.0,2,4200,0,0,0,0,0,0
FD,BDR,17.905000,77.482222,0,BDR,0.0,8.5,230.0,8.5,2,3800,0,0,0,0,0,0
VI,2,IBID,0.0,49.0,0,0,0,0,0,0,0,0

APPTR,I08-Z,08,BDR2
IF,BDR,17.905000,77.482222, ,0.0,0.0,2,4200,0,0,0,0,0,0
FD,BDR,17.905000,77.482222,0,BDR,0.0,8.5,247.0,8.5,2,3800,0,0,0,0,0,0
VI,2,IBID,0.0,49.0,0,0,0,0,0,0,0,0

APPTR,I08-Z,08,D026L
IF,D026L,18.086961,77.570950, ,0.0,0.0,2,4200,0,0,0,0,1,0
CI,0, ,0.0,206.0,0,0,0,0,0,0,0,0
AF,D271J,17.904919,77.307439,1,BDR,271.0,10.0,26.0,2,3800,0,0,0,0,0,0
VI,0,IBID,0.0,109.0,0,0,0,0,0,0,0,0

APPTR,I08-Z,08,D149L
IF,D149L,17.734678,77.593258, ,0.0,0.0,2,4200,0,0,0,0,1,0
CI,0, ,0.0,329.0,0,0,0,0,0,0,0,0
AF,D247J,17.836872,77.322611,2,BDR,247.0,10.0,149.0,2,3800,0,0,0,0,0,0
VI,0,IBID,0.0,49.0,0,0,0,0,0,0,0,0

APPTR,I08-Z,08,D360L
IF,D360L,18.105764,77.478556, ,0.0,0.0,2,4200,0,0,0,0,1,0
CI,0, ,0.0,180.0,0,0,0,0,0,0,0,0
AF,D271J,17.904919,77.307439,1,BDR,271.0,10.0,360.0,2,3800,0,0,0,0,0,0
VI,0,IBID,0.0,109.0,0,0,0,0,0,0,0,0

FINAL,I08-Z,08,I,3
IF,CI08Z,17.872558,77.310736,IBID,259.1,10.5,2,3800,0,0,0,0,0,0
CF,FI08,17.885692,77.375533,0,IBID,259.1,6.7,79.0,3.8,1,3800,0,0,0,0,2,0
CF,RW08,17.903056,77.461389,0,IBID,259.1,1.7,79.0,5.0,1,2194,0,0,0,0,3,0
CA,0,79.0,2,3200,0,0,0,0,0,0
DF,BDR,17.905000,77.482222,1, ,0.0,0.0,1,4200,0,0,0,0,0,0
HM,BDR,17.905000,77.482222,2, ,0.0,0.0,230.0,04.3,2,4200,0,0,0,0,0,0,0

APPTR,N02,02,BR1
IF,BR,17.923056,77.501389, ,0.0,0.0,2,4200,0,0,0,0,0,0
FC,BR,17.923056,77.501389,0,BDR,0.0,0.0,240.0,7.0,2,3800,0,0,0,0,0,1
CF,FN02,17.817878,77.437997,1,BDR,206.9,5.8,31.0,1.0,2,3800,0,0,0,0,0,0

APPTR,N02,02,BR2
IF,BR,17.923056,77.501389, ,0.0,0.0,2,4200,0,0,0,0,0,0
FC,BR,17.923056,77.501389,0,BDR,0.0,0.0,223.0,7.0,2,3800,0,0,0,0,0,1
CF,FN02,17.817878,77.437997,1,BDR,206.9,5.8,31.0,1.0,2,3800,0,0,0,0,0,0

FINAL,N02,02,N,2
IF,FN02,17.817878,77.437997,BR,0.0,0.0,2,3800,0,0,0,0,2,0
CF,RW02,17.891111,77.480000,0,BR,0.0,0.0,31.0,5.0,1,2210,0,0,0,0,3,0
CF,BR,17.923056,77.501389,0,BDR,46.5,1.5,31.0,2.3,0,0,0,0,0,0,0,1
FA,BR,17.923056,77.501389,0,BDR,0.0,0.0,31.0,2,3200,0,0,0,0,0,0
DF,BR,17.923056,77.501389,2, ,0.0,0.0,1,4200,0,0,0,0,0,0
HM,BR,17.923056,77.501389,2, ,0.0,0.0,240.0,04.3,2,4200,0,0,0,0,0,0,0

APPTR,N08,08,BR1
IF,BR,17.923056,77.501389, ,0.0,0.0,2,4200,0,0,0,0,0,0
FC,BR,17.923056,77.501389,0,BDR,0.0,0.0,219.0,7.0,2,3800,0,0,0,0,0,1
CF,FN08,17.873283,77.379031,2,BDR,253.2,6.2,68.0,1.0,2,3800,0,0,0,0,0,0

APPTR,N08,08,BR2
IF,BR,17.923056,77.501389, ,0.0,0.0,2,4200,0,0,0,0,0,0
FC,BR,17.923056,77.501389,0,BDR,0.0,0.0,236.0,7.0,2,3800,0,0,0,0,0,1
CF,FN08,17.873283,77.379031,2,BDR,253.2,6.2,68.0,1.0,2,3800,0,0,0,0,0,0

FINAL,N08,08,N,3
IF,FN08,17.873283,77.379031,BR,0.0,0.0,2,3800,0,0,0,0,2,0
CF,EN08,17.906222,77.459981,0,BR,0.0,0.0,68.0,5.0,1,2196,0,0,0,0,0,1
CF,BR,17.923056,77.501389,0,BR,0.0,0.0,68.0,2.6,2,2580,0,0,0,0,3,1
FA,BR,17.923056,77.501389,0,BDR,0.0,0.0,68.0,2,3200,0,0,0,0,0,0
DF,BR,17.923056,77.501389,1, ,0.0,0.0,1,4200,0,0,0,0,0,0
HM,BR,17.923056,77.501389,2, ,0.0,0.0,219.0,04.3,2,4200,0,0,0,0,0,0,0

APPTR,S02-Y,02,BDR1
IF,BDR,17.905000,77.482222, ,0.0,0.0,2,4200,0,0,0,0,0,0
FC,BDR,17.905000,77.482222,0,BDR,0.0,0.0,224.0,7.0,2,3800,0,0,0,0,0,1
CF,FS02Y,17.810361,77.457589,1,BDR,195.0,5.8,15.0,2.0,2,3800,0,0,0,0,0,0

APPTR,S02-Y,02,BDR2
IF,BDR,17.905000,77.482222, ,0.0,0.0,2,4200,0,0,0,0,0,0
FC,BDR,17.905000,77.482222,0,BDR,0.0,0.0,207.0,7.0,2,3800,0,0,0,0,0,1
CF,FS02Y,17.810361,77.457589,1,BDR,195.0,5.8,15.0,2.0,2,3800,0,0,0,0,0,0

FINAL,S02-Y,02,D,2
IF,FS02Y,17.810361,77.457589,BDR,195.0,5.8,2,3800,0,0,0,0,2,0
CF,RW02,17.891111,77.480000,0,BDR,189.7,0.8,15.0,5.0,1,2210,0,0,0,0,3,0
CF,BDR,17.905000,77.482222,0,BDR,0.0,0.0,15.0,0.8,0,0,0,0,0,0,0,1
FA,BDR,17.905000,77.482222,0,BDR,0.0,0.0,15.0,2,3200,0,0,0,0,0,0
DF,BDR,17.905000,77.482222,2, ,0.0,0.0,1,4200,0,0,0,0,0,0
HM,BDR,17.905000,77.482222,2, ,0.0,0.0,224.0,04.3,2,4200,0,0,0,0,0,0,0

APPTR,S08-Y,08,BDR1
IF,BDR,17.905000,77.482222, ,0.0,0.0,2,4200,0,0,0,0,0,0
FC,BDR,17.905000,77.482222,0,BDR,0.0,0.0,234.0,7.0,2,3800,0,0,0,0,0,1
CF,FS08Y,17.890453,77.374342,2,BDR,263.0,6.2,83.0,1.0,2,3800,0,0,0,0,0,0

APPTR,S08-Y,08,BDR2
IF,BDR,17.905000,77.482222, ,0.0,0.0,2,4200,0,0,0,0,0,0
FC,BDR,17.905000,77.482222,0,BDR,0.0,0.0,251.0,7.0,2,3800,0,0,0,0,0,1
CF,FS08Y,17.890453,77.374342,2,BDR,263.0,6.2,83.0,1.0,2,3800,0,0,0,0,0,0

FINAL,S08-Y,08,D,2
IF,FS08Y,17.890453,77.374342,BDR,263.0,6.2,2,3800,0,0,0,0,2,0
CF,RW08,17.903056,77.461389,0,BDR,265.4,1.2,83.0,5.0,1,2196,0,0,0,0,3,0
CF,BDR,17.905000,77.482222,0,BDR,0.0,0.0,83.0,1.2,0,0,0,0,0,0,0,1
FA,BDR,17.905000,77.482222,0,BDR,0.0,0.0,83.0,2,3200,0,0,0,0,0,0
DF,BDR,17.905000,77.482222,1, ,0.0,0.0,1,4200,0,0,0,0,0,0
HM,BDR,17.905000,77.482222,2, ,0.0,0.0,234.0,04.3,2,4200,0,0,0,0,0,0,0

APPTR,S20-Y,20,BDR1
IF,BDR,17.905000,77.482222, ,0.0,0.0,2,4200,0,0,0,0,0,0
FC,BDR,17.905000,77.482222,0,BDR,0.0,0.0,355.0,7.0,2,3800,0,0,0,0,0,1
CF,FS20Y,17.991411,77.520553,2,BDR,24.0,5.6,204.0,2.0,2,3800,0,0,0,0,0,0

APPTR,S20-Y,20,BDR2
IF,BDR,17.905000,77.482222, ,0.0,0.0,2,4200,0,0,0,0,0,0
FC,BDR,17.905000,77.482222,0,BDR,0.0,0.0,12.0,7.0,2,3800,0,0,0,0,0,1
CF,FS20Y,17.991411,77.520553,2,BDR,24.0,5.6,204.0,2.0,2,3800,0,0,0,0,0,0

FINAL,S20-Y,20,D,2
IF,FS20Y,17.991411,77.520553,BDR,24.0,5.6,2,3800,0,0,0,0,2,0
CF,RW20,17.915000,77.488056,0,BDR,30.2,0.7,204.0,4.9,1,2230,0,0,0,0,3,0
CF,BDR,17.905000,77.482222,0,BDR,0.0,0.0,204.0,0.7,0,0,0,0,0,0,0,1
FA,BDR,17.905000,77.482222,0,BDR,0.0,0.0,204.0,2,3200,0,0,0,0,0,0
DF,BDR,17.905000,77.482222,1, ,0.0,0.0,1,4200,0,0,0,0,0,0
HM,BDR,17.905000,77.482222,1, ,0.0,0.0,355.0,04.3,2,4200,0,0,0,0,0,0,0

APPTR,S26-Y,26,BDR1
IF,BDR,17.905000,77.482222, ,0.0,0.0,2,4200,0,0,0,0,0,0
FC,BDR,17.905000,77.482222,0,BDR,0.0,0.0,43.0,7.0,2,3800,0,0,0,0,0,1
CF,FS26Y,17.933550,77.568906,2,BDR,72.0,5.2,252.0,2.0,2,3800,0,0,0,0,0,0

APPTR,S26-Y,26,BDR2
IF,BDR,17.905000,77.482222, ,0.0,0.0,2,4200,0,0,0,0,0,0
FC,BDR,17.905000,77.482222,0,BDR,0.0,0.0,60.0,7.0,2,3800,0,0,0,0,0,1
CF,FS26Y,17.933550,77.568906,2,BDR,72.0,5.2,252.0,2.0,2,3800,0,0,0,0,0,0

FINAL,S26-Y,26,D,2
IF,FS26Y,17.933550,77.568906,BDR,72.0,5.2,2,3800,0,0,0,0,2,0
CF,RW26,17.908056,77.486944,0,BDR,57.0,0.3,252.0,4.9,1,2230,0,0,0,0,3,0
CF,BDR,17.905000,77.482222,0,BDR,0.0,0.0,252.0,0.3,0,0,0,0,0,0,0,1
FA,BDR,17.905000,77.482222,0,BDR,0.0,0.0,252.0,2,3200,0,0,0,0,0,0
DF,BDR,17.905000,77.482222,1, ,0.0,0.0,1,4200,0,0,0,0,0,0
HM,BDR,17.905000,77.482222,1, ,0.0,0.0,43.0,04.3,2,4200,0,0,0,0,0,0,0

