SID,KERDA1,23,2
CA,0,228.0,2,1730,0,0,0,0,0,0
CF,KERDA,10.622978,76.755675,0,CCB,217.9,30.0,220.0,29.0,0,0,0,0,0,0,0,0
TF,CIA,10.150500,76.372583,0, ,0.0,0.0,0.0,0.0,0,0,0,0,0,0,0,0

SID,KERDA2,05,2
CA,0,48.0,2,1730,0,0,0,0,0,0
CF,D046B,11.061800,77.074719,0,CCB,45.9,2.3,48.0,2.0,0,0,0,0,0,0,0,1
CI,1, ,0.0,180.0,0,0,0,0,0,0,0,0
IF,CCB,11.033572,77.048322, ,0.0,0.0,0,0,0,0,0,0,0,0
TF,KERDA,10.622978,76.755675,0, ,0.0,0.0,0.0,0.0,0,0,0,0,0,0,0,0
TF,CIA,10.150500,76.372583,0, ,0.0,0.0,0.0,0.0,0,0,0,0,0,0,0,0

SID,LEDAT1,23,2
CA,0,228.0,2,1730,0,0,0,0,0,0
CI,0, ,0.0,150.0,0,0,0,0,0,0,0,0
IF,CCB,11.033572,77.048322, ,0.0,0.0,0,0,0,0,0,0,0,0
TF,LEDAT,10.532053,77.023811,0, ,0.0,0.0,0.0,0.0,0,0,0,0,0,0,0,0
TF,DODSI,9.904722,76.993611,0, ,0.0,0.0,0.0,0.0,0,0,0,0,0,0,0,0

SID,LEDAT2,05,2
CA,0,48.0,2,1730,0,0,0,0,0,0
CF,D046B,11.061800,77.074719,0,CCB,45.9,2.3,48.0,2.0,0,0,0,0,0,0,0,1
DF,CCB,11.033572,77.048322,1, ,0.0,0.0,0,0,0,0,0,0,0,0
TF,LEDAT,10.532053,77.023811,0, ,0.0,0.0,0.0,0.0,0,0,0,0,0,0,0,0
TF,DODSI,9.904722,76.993611,0, ,0.0,0.0,0.0,0.0,0,0,0,0,0,0,0,0

SID,MISAT1,23,2
CA,0,228.0,2,1730,0,0,0,0,0,0
CI,1, ,0.0,87.0,0,0,0,0,0,0,0,0
CF,MISAT,10.652678,77.379058,0,CCB,142.0,30.0,142.0,26.0,0,0,0,0,0,0,0,0
TF,MDI,9.830847,78.089428,0, ,0.0,0.0,0.0,0.0,0,0,0,0,0,0,0,0

SID,MISAT2,05,2
CA,0,48.0,2,1730,0,0,0,0,0,0
CF,D046B,11.061800,77.074719,0,CCB,45.9,2.3,48.0,2.0,0,0,0,0,0,0,0,1
DF,CCB,11.033572,77.048322,1, ,0.0,0.0,0,0,0,0,0,0,0,0
TF,MISAT,10.652678,77.379058,0, ,0.0,0.0,0.0,0.0,0,0,0,0,0,0,0,0
TF,MDI,9.830847,78.089428,0, ,0.0,0.0,0.0,0.0,0,0,0,0,0,0,0,0

APPTR,D05,05,CCB
IF,CCB,11.033572,77.048322, ,0.0,0.0,2,7500,0,0,0,0,1,0
TF,D180N,10.799308,77.056589,0, ,0.0,0.0,0.0,0.0,2,5800,0,0,0,0,0,0
CI,0, ,0.0,180.0,0,0,0,0,0,0,0,0
AF,CD05,10.854250,76.846917,2,CCB,230.0,16.0,180.0,2,5800,0,0,0,0,1,0

APPTR,D05,05,CIA
IF,CIA,10.150500,76.372583, ,0.0,0.0,0,0,0,0,0,0,0,0
TF,D219U,10.753394,76.833378,0, ,0.0,0.0,0.0,0.0,0,0,0,0,0,0,1,0
CF,CD05,10.854250,76.846917,0,CCB,230.0,16.0,10.0,6.1,2,5800,0,0,0,0,1,0

APPTR,D05,05,DODSI
IF,DODSI,9.904722,76.993611, ,0.0,0.0,0,0,0,0,0,0,0,0
TF,D185R,10.732539,77.033689,0, ,0.0,0.0,0.0,0.0,0,0,0,0,0,0,1,0
CI,0, ,0.0,5.0,0,0,0,0,0,0,0,0
AF,CD05,10.854250,76.846917,2,CCB,230.0,16.0,185.0,2,5800,0,0,0,0,1,0

APPTR,D05,05,MDI
IF,MDI,9.830847,78.089428, ,0.0,0.0,0,0,0,0,0,0,0,0
TF,D141R,10.804961,77.247025,0, ,0.0,0.0,0.0,0.0,0,0,0,0,0,0,1,0
CI,0, ,0.0,321.0,0,0,0,0,0,0,0,0
AF,D180P,10.765842,77.057769,2,CCB,180.0,16.0,141.0,2,7000,0,0,0,0,0,0
AF,CD05,10.854250,76.846917,2,CCB,230.0,16.0,180.0,2,5800,0,0,0,0,1,0

FINAL,D05,05,D,4
IF,CD05,10.854250,76.846917,CCB,230.0,16.0,2,5800,0,0,0,0,0,0
CF,FD05,10.910300,76.909828,0,CCB,230.0,11.0,50.0,5.0,2,5000,0,0,0,0,2,0
CF,90VOR,10.932717,76.935000,0,CCB,230.0,9.0,50.0,2.0,2,4290,0,0,0,0,0,0
CF,MD05,11.011161,77.023128,0,CCB,230.0,2.0,50.0,7.0,1,1727,0,0,0,0,3,0
FD,MD05,11.011161,77.023128,0,CCB,230.0,10.0,50.0,10.0,0,0,0,0,0,0,0,0
CR,1,CCB,15.0,290.0,0,0,0,0,0,0,0,0
CF,CCB,11.033572,77.048322,1,CCB,0.0,0.0,188.0,12.0,1,7500,0,0,0,0,0,0
HM,CCB,11.033572,77.048322,2, ,0.0,0.0,180.0,04.3,2,7500,0,1,210,0,0,0,0

APPTR,D23-Z,23,BAVAP
HF,BAVAP,11.178217,77.189031,2, ,0.0,0.0,226.0,05,2,3200,0,0,0,0,0,0,0
CF,FD23Z,11.113047,77.126039,0,CCB,46.0,6.6,226.0,5.4,2,3200,0,0,0,0,0,0

APPTR,D23-Z,23,CCB1
IF,CCB,11.033572,77.048322, ,0.0,0.0,2,6300,0,0,0,0,1,0
FD,CCB,11.033572,77.048322,0,CCB,0.0,8.0,28.0,8.0,2,3200,0,0,0,0,0,0
CF,FD23Z,11.113047,77.126039,2,CCB,46.0,6.6,226.0,2.0,2,3200,0,0,0,0,0,0

APPTR,D23-Z,23,CCB2
IF,CCB,11.033572,77.048322, ,0.0,0.0,2,6300,0,0,0,0,1,0
FD,CCB,11.033572,77.048322,0,CCB,0.0,8.0,34.0,8.0,2,3200,0,0,0,0,0,0
CF,FD23Z,11.113047,77.126039,2,CCB,46.0,6.6,226.0,2.0,2,3200,0,0,0,0,0,0

APPTR,D23-Z,23,PAMLU
IF,PAMLU,12.181111,76.481111, ,0.0,0.0,0,0,0,0,0,0,0,0
TF,D336T,11.334694,76.899978,0, ,0.0,0.0,0.0,0.0,0,0,0,0,0,0,1,0
TF,D335N,11.242400,76.940519,0, ,0.0,0.0,0.0,0.0,2,7500,0,0,0,0,0,0
CI,0, ,0.0,155.0,0,0,0,0,0,0,0,0
AF,D355L,11.232983,77.023514,2,CCB,355.0,12.0,335.0,2,7500,0,0,0,0,0,0
AF,BAVAP,11.178217,77.189031,2,CCB,45.8,12.0,355.0,2,3200,0,0,0,0,1,0
CF,FD23Z,11.113047,77.126039,0,CCB,46.0,6.6,226.0,5.4,2,3200,0,0,0,0,0,0

APPTR,D23-Z,23,SATBI
IF,SATBI,11.406111,77.241667, ,0.0,0.0,0,0,0,0,0,0,0,0
TF,D029R,11.301792,77.187467,0, ,0.0,0.0,0.0,0.0,0,0,0,0,0,0,1,0
TF,BAVAP,11.178217,77.189031,0, ,0.0,0.0,0.0,0.0,2,3200,0,0,0,0,1,0
CF,FD23Z,11.113047,77.126039,0,CCB,46.0,6.6,226.0,5.4,2,3200,0,0,0,0,0,0

FINAL,D23-Z,23,D,2
IF,FD23Z,11.113047,77.126039,CCB,46.0,6.6,2,3200,0,0,0,0,2,0
CF,RW23,11.041200,77.054433,0,CCB,40.4,0.6,226.0,6.0,1,1332,0,0,0,0,3,0
CF,CCB,11.033572,77.048322,0,CCB,0.0,0.0,226.0,0.6,0,0,0,0,0,0,0,1
FA,CCB,11.033572,77.048322,0,CCB,0.0,0.0,211.0,2,3400,0,0,0,0,0,0
DF,CCB,11.033572,77.048322,1, ,0.0,0.0,1,6300,0,0,0,0,0,0
HM,CCB,11.033572,77.048322,1, ,0.0,0.0,28.0,04.3,2,6300,0,1,210,0,0,0,0

APPTR,I23-Y,23,CB
IF,CB,11.025758,77.044447, ,0.0,0.0,2,6100,0,0,0,0,1,0
CI,0, ,0.0,40.0,0,0,0,0,0,0,0,0
CF,CI23,11.120825,77.137022,0,CCB,47.1,7.4,48.0,7.0,2,3200,0,0,0,0,0,0
FC,CI23,11.120825,77.137022,0,CCB,0.0,0.0,3.0,4.4,0,0,0,0,0,0,0,1
CF,CI23,11.120825,77.137022,2,ICMB,47.7,8.6,228.0,5.0,2,3200,0,0,0,0,0,0

FINAL,I23-Y,23,I,3
IF,CI23,11.120825,77.137022,ICMB,47.7,8.6,2,3200,0,0,0,0,0,0
CF,FI23,11.109131,77.124889,0,ICMB,47.7,7.6,228.0,1.0,1,3200,0,0,0,0,2,0
CF,RW23,11.041200,77.054433,0,ICMB,47.7,1.8,228.0,5.8,1,1332,0,0,0,0,3,0
CF,D228G,10.968836,76.979333,0,CCB,228.5,5.6,228.0,6.2,0,0,0,0,0,0,0,1
DF,CB,11.025758,77.044447,1, ,0.0,0.0,1,6100,0,1,185,0,0,0
HM,CB,11.025758,77.044447,1, ,0.0,0.0,40.0,04.3,2,6100,0,1,210,0,0,0,0

APPTR,I23-Z,23,BAVAP
HF,BAVAP,11.178217,77.189031,2, ,0.0,0.0,226.0,05,2,3200,0,0,0,0,0,0,0
CF,CI23,11.120825,77.137022,0,ICMB,47.7,8.6,228.0,4.6,2,3200,0,0,0,0,0,0

APPTR,I23-Z,23,CCB
IF,CCB,11.033572,77.048322, ,0.0,0.0,2,6300,0,0,0,0,1,0
FC,CCB,11.033572,77.048322,0,CCB,0.0,0.0,47.0,4.1,0,0,0,0,0,0,0,0
CF,CI23,11.120825,77.137022,0,CCB,47.1,7.4,48.0,3.3,2,3200,0,0,0,0,0,0
FC,CI23,11.120825,77.137022,0,CCB,0.0,0.0,3.0,4.4,0,0,0,0,0,0,0,1
CF,CI23,11.120825,77.137022,2,ICMB,47.7,8.6,228.0,5.0,2,3200,0,0,0,0,0,0

APPTR,I23-Z,23,PAMLU
IF,PAMLU,12.181111,76.481111, ,0.0,0.0,0,0,0,0,0,0,0,0
TF,D336T,11.334694,76.899978,0, ,0.0,0.0,0.0,0.0,0,0,0,0,0,0,1,0
TF,D335N,11.242400,76.940519,0, ,0.0,0.0,0.0,0.0,2,7500,0,0,0,0,0,0
CI,0, ,0.0,155.0,0,0,0,0,0,0,0,0
AF,D355L,11.232983,77.023514,2,CCB,355.0,12.0,335.0,2,7500,0,0,0,0,0,0
AF,D048M,11.174639,77.193069,2,CCB,47.4,12.0,355.0,2,3200,0,0,0,0,0,0
CF,CI23,11.120825,77.137022,0,ICMB,47.7,8.6,228.0,4.6,2,3200,0,0,0,0,0,0

APPTR,I23-Z,23,SATBI
IF,SATBI,11.406111,77.241667, ,0.0,0.0,0,0,0,0,0,0,0,0
TF,D029T,11.331592,77.202944,0, ,0.0,0.0,0.0,0.0,0,0,0,0,0,0,1,0
TF,D048N,11.179208,77.197772,0, ,0.0,0.0,0.0,0.0,2,3200,0,0,0,0,1,0
CF,CI23,11.120825,77.137022,0,ICMB,47.7,8.6,228.0,5.0,2,3200,0,0,0,0,0,0

FINAL,I23-Z,23,I,3
IF,CI23,11.120825,77.137022,ICMB,47.7,8.6,2,3200,0,0,0,0,0,0
CF,FI23,11.109131,77.124889,0,ICMB,47.7,7.6,228.0,1.0,1,3200,0,0,0,0,2,0
CF,RW23,11.041200,77.054433,0,ICMB,47.7,1.8,228.0,5.8,1,1332,0,0,0,0,3,0
CF,D228G,10.968836,76.979333,0,CCB,228.5,5.6,228.0,6.2,0,0,0,0,0,0,0,1
DF,CCB,11.033572,77.048322,1, ,0.0,0.0,1,6300,0,1,185,0,0,0
HM,CCB,11.033572,77.048322,1, ,0.0,0.0,47.0,04.3,2,6300,0,1,210,0,0,0,0

APPTR,R23-Y,23,CB505
IF,CB505,11.251986,77.127675, ,0.0,0.0,4,7000,6600,1,185,0,1,0
TF,CB503,11.180036,77.198681,0, ,0.0,0.0,0.0,0.0,2,4400,0,0,0,0,1,0

APPTR,R23-Y,23,CB507
IF,CB507,11.108067,77.269653, ,0.0,0.0,4,7000,5000,1,185,0,1,0
TF,CB503,11.180036,77.198681,0, ,0.0,0.0,0.0,0.0,2,4400,0,0,0,0,1,0

APPTR,R23-Y,23,CB508
IF,CB508,11.250119,77.271578, ,0.0,0.0,4,7000,5000,1,185,0,1,0
TF,CB503,11.180036,77.198681,0, ,0.0,0.0,0.0,0.0,2,4400,0,0,0,0,1,0

FINAL,R23-Y,23,R,3
IF,CB503,11.180036,77.198681, ,0.0,0.0,2,4400,0,0,0,0,0,0
TF,CB502,11.109950,77.125803,0, ,0.0,0.0,228.0,6.0,1,3200,0,0,0,0,2,0
TF,RW23,11.041200,77.054433,0, ,0.0,0.0,228.0,5.9,1,1327,0,0,0,0,3,1
CA,0,228.0,2,4000,0,1,210,0,0,0
DF,CB507,11.108067,77.269653,1, ,0.0,0.0,2,5000,0,1,210,0,0,1
HM,CB507,11.108067,77.269653,2, ,0.0,0.0,318.0,04.3,2,5000,0,1,230,0,0,0,0

