SID,CCB1A,27,2
VD, ,0,0,0,CIA,0.0,0.0,271.0,4.0,0,0,0,0,0,0,0,0
CF,D355D,10.216822,76.363172,2,CIA,355.0,4.0,85.0,5.0,2,4000,0,0,0,0,0,1
VI,0, ,0.0,85.0,0,0,0,0,0,0,0,0
CF,D040O,10.350914,76.525411,0,CIA,40.1,15.0,40.0,11.0,2,9000,0,0,0,0,0,0
TF,D220T,10.766889,76.843422,0, ,0.0,0.0,0.0,0.0,2,16000,0,0,0,0,0,0
TF,CCB,11.033572,77.048322,0, ,0.0,0.0,0.0,0.0,0,0,0,0,0,0,0,0

SID,CCB2,09,2
FD,RW09,10.150547,76.385000,0,CIA,90.8,6.0,91.0,6.0,2,430,0,0,0,0,0,0
DF,D040J,10.283172,76.475047,1, ,0.0,0.0,2,5000,0,0,0,0,0,0
TF,CCB,11.033572,77.048322,0, ,0.0,0.0,0.0,0.0,0,0,0,0,0,0,0,0

SID,CCB5,27,2
CD, ,0,0,0,CIB,0,0.0,271.0,24.0,0,0,0,0,0,0,0,0
CI,0, ,0.0,271.0,0,0,0,0,0,0,0,0
AF,CI104,10.472875,76.427550,2,CIB,327.6,26.0,276.0,0,0,0,0,0,0,0,0
AF,CI105,10.537956,76.568947,2,CIB,348.0,26.0,328.0,0,0,0,0,0,0,0,0
VI,0, ,0.0,21.0,0,0,0,0,0,0,0,0
CF,CI106,10.699400,76.668853,0,CCB,231.0,30.0,51.0,5.0,0,0,0,0,0,0,0,0
TF,CCB,11.033572,77.048322,0, ,0.0,0.0,0.0,0.0,0,0,0,0,0,0,0,0

SID,CLC1A,27,2
VD, ,0,0,0,CIA,0.0,0.0,271.0,4.0,0,0,0,0,0,0,0,0
VI,2, ,0.0,10.0,0,0,0,0,0,0,0,0
CF,CIA35,10.641822,76.049933,0,CIA,330.0,35.0,330.0,27.0,0,0,0,0,0,0,0,0
TF,D170T,10.808461,76.029322,0, ,0.0,0.0,0.0,0.0,2,16000,0,0,0,0,0,0
TF,CLC,11.134167,75.956583,0, ,0.0,0.0,0.0,0.0,0,0,0,0,0,0,0,0

SID,CLC2,09,2
FD,RW09,10.150547,76.385000,0,CIA,90.8,6.0,91.0,6.0,2,430,0,0,0,0,0,0
VI,1, ,0.0,295.0,0,0,0,0,0,0,0,0
CF,D340J,10.303564,76.307267,0,CIA,340.0,10.0,340.0,3.0,0,0,0,0,0,0,0,0
TF,CLC,11.134167,75.956583,0, ,0.0,0.0,0.0,0.0,0,0,0,0,0,0,0,0

SID,CLC5,27,2
CD, ,0,0,0,CIB,0,0.0,271.0,24.0,0,0,0,0,0,0,0,0
CI,0, ,0.0,271.0,0,0,0,0,0,0,0,0
AF,D305Z,10.349300,76.308950,2,CIB,305.0,26.0,276.0,0,0,0,0,0,0,0,0
CF,CI101,10.427278,76.281814,1,CIB,310.9,30.0,310.0,2.0,0,0,0,0,0,0,0,0
TF,CI102,10.511000,76.174011,0, ,0.0,0.0,0.0,0.0,0,0,0,0,0,0,0,0
TF,CI103,10.585386,76.078139,0, ,0.0,0.0,0.0,0.0,0,0,0,0,0,0,0,0
TF,CLC,11.134167,75.956583,0, ,0.0,0.0,0.0,0.0,0,0,0,0,0,0,0,0

SID,DODS1A,27,2
CA,0,271.0,2,3000,0,0,0,0,0,0
CF,D180E,10.067058,76.376994,1,CIA,180.0,5.0,90.0,5.0,2,4000,0,0,0,0,0,0
VI,0, ,0.0,90.0,0,0,0,0,0,0,0,0
CF,DODSI,9.904722,76.993611,0,CIA,114.7,39.6,115.0,29.0,0,0,0,0,0,0,0,0

SID,DODS5A,27,2
CD, ,0,0,0,CIA,0,0.0,271.0,5.2,0,0,0,0,0,0,0,0
CF,CI,10.151056,76.483111,2,CIB,282.6,11.9,112.0,12.0,0,0,0,0,0,0,0,0
TF,CI108,10.037117,76.719511,0, ,0.0,0.0,0.0,0.0,0,0,0,0,0,0,0,0
TF,DODSI,9.904722,76.993611,0, ,0.0,0.0,0.0,0.0,0,0,0,0,0,0,0,0

SID,DODSI2,09,2
CA,0,91.0,2,430,0,0,0,0,0,0
VI,0, ,0.0,145.0,0,0,0,0,0,0,0,0
CF,D115J,10.086683,76.529992,0,CIA,115.0,10.0,115.0,6.0,0,0,0,0,0,0,0,0
TF,DODSI,9.904722,76.993611,0, ,0.0,0.0,0.0,0.0,0,0,0,0,0,0,0,0

SID,POMA1A,27,2
VD, ,0,0,0,CIA,0.0,0.0,271.0,4.0,0,0,0,0,0,0,0,0
VI,0, ,0.0,325.0,0,0,0,0,0,0,0,0
IF,CIA,10.150500,76.372583, ,0.0,0.0,0,0,0,0,0,0,0,0
TF,POMAN,11.934722,71.999444,0, ,0.0,0.0,0.0,0.0,0,0,0,0,0,0,0,0

SID,POMAN5,27,2
CD, ,0,0,0,CIB,0,0.0,271.0,24.0,0,0,0,0,0,0,0,0
CI,0, ,0.0,271.0,0,0,0,0,0,0,0,0
AF,D290Z,10.246078,76.260942,2,CIB,290.0,26.0,276.0,0,0,0,0,0,0,0,0
CF,CIB30,10.303875,76.209939,0,CIB,294.6,30.0,295.0,2.0,0,0,0,0,0,0,0,0
TF,POMAN,11.934722,71.999444,0, ,0.0,0.0,0.0,0.0,0,0,0,0,0,0,0,0

SID,TUML1A,27,2
CA,0,271.0,2,3000,0,0,0,0,0,0
CF,D180E,10.067058,76.376994,1,CIA,180.0,5.0,90.0,4.0,2,4000,0,0,0,0,0,0
VI,0, ,0.0,90.0,0,0,0,0,0,0,0,0
CF,TUMLA,9.512500,76.975000,0,CIA,139.8,52.2,140.0,46.0,0,0,0,0,0,0,0,0

SID,TUML5A,27,2
CD, ,0,0,0,CIA,0,0.0,271.0,5.2,0,0,0,0,0,0,0,0
CF,CI,10.151056,76.483111,2,CIB,282.6,11.9,112.0,12.0,0,0,0,0,0,0,0,0
TF,CI108,10.037117,76.719511,0, ,0.0,0.0,0.0,0.0,0,0,0,0,0,0,0,0
TF,CI109,9.948872,76.762547,0, ,0.0,0.0,0.0,0.0,0,0,0,0,0,0,0,0
TF,TUMLA,9.512500,76.975000,0, ,0.0,0.0,0.0,0.0,0,0,0,0,0,0,0,0

SID,TUMLA2,09,2
CA,0,91.0,2,430,0,0,0,0,0,0
VI,2, ,0.0,185.0,0,0,0,0,0,0,0,0
CF,D140J,10.026967,76.488544,0,CIA,140.0,10.0,140.0,6.0,0,0,0,0,0,0,0,0
TF,TUMLA,9.512500,76.975000,0, ,0.0,0.0,0.0,0.0,0,0,0,0,0,0,0,0

SID,TVM1A,27,2
CA,0,271.0,2,3000,0,0,0,0,0,0
CF,D200F,10.054422,76.342944,1,CIA,200.0,6.0,110.0,4.0,2,4000,0,0,0,0,0,0
VI,0, ,0.0,110.0,0,0,0,0,0,0,0,0
CF,D165J,9.991425,76.425317,0,CIA,164.8,10.0,165.0,5.0,2,6500,0,0,0,0,0,0
TF,TVM,8.474722,76.924425,0, ,0.0,0.0,0.0,0.0,0,0,0,0,0,0,0,0

SID,VASTU5,27,2
CD, ,0,0,0,CIB,0,0.0,271.0,24.0,0,0,0,0,0,0,0,0
CI,0, ,0.0,271.0,0,0,0,0,0,0,0,0
AF,D305Z,10.349300,76.308950,2,CIB,305.0,26.0,276.0,0,0,0,0,0,0,0,0
CF,CI101,10.427278,76.281814,1,CIB,310.9,30.0,310.0,2.0,0,0,0,0,0,0,0,0
TF,CI102,10.511000,76.174011,0, ,0.0,0.0,0.0,0.0,0,0,0,0,0,0,0,0
TF,CI103,10.585386,76.078139,0, ,0.0,0.0,0.0,0.0,0,0,0,0,0,0,0,0
TF,VASTU,13.684722,71.999444,0, ,0.0,0.0,0.0,0.0,0,0,0,0,0,0,0,0

STAR,CCBA,27,5
IF,CCB,11.033572,77.048322, ,0.0,0.0,2,8700,0,0,0,0,0,0
TF,CI528,10.777625,76.713100,0, ,0.0,0.0,0.0,0.0,2,8700,0,0,0,0,0,0
TF,CI526,10.630442,76.520983,0, ,0.0,0.0,0.0,0.0,2,8700,0,0,0,0,0,0
TF,CABOT,10.566342,76.437450,0, ,0.0,0.0,0.0,0.0,2,8700,0,0,0,0,0,0

STAR,CCBB,27,5
IF,CCB,11.033572,77.048322, ,0.0,0.0,2,8700,0,0,0,0,0,0
TF,CI519,10.652508,76.873322,0, ,0.0,0.0,0.0,0.0,2,6500,0,0,0,0,0,0
TF,CI518,10.449006,76.780258,0, ,0.0,0.0,0.0,0.0,2,6500,0,0,0,0,0,0
TF,TOPAK,10.339242,76.730117,0, ,0.0,0.0,0.0,0.0,2,6500,0,0,0,0,0,0

STAR,CLC,27,5
IF,CLC,11.134167,75.956583, ,0.0,0.0,2,8700,0,0,0,0,0,0
TF,CI524,10.750350,76.281569,0, ,0.0,0.0,0.0,0.0,2,8700,0,0,0,0,0,0
TF,CI522,10.652253,76.364717,0, ,0.0,0.0,0.0,0.0,2,8700,0,0,0,0,0,0
TF,CABOT,10.566342,76.437450,0, ,0.0,0.0,0.0,0.0,2,8700,0,0,0,0,0,0

STAR,DODSI,27,5
IF,DODSI,9.904722,76.993611, ,0.0,0.0,2,5800,0,0,0,0,0,0
TF,CI536,9.964986,76.843792,0, ,0.0,0.0,0.0,0.0,2,5800,0,0,0,0,0,0
TF,MESAT,10.009772,76.732408,0, ,0.0,0.0,0.0,0.0,2,5800,0,1,220,0,0,0

STAR,LUNTA,27,5
IF,LUNTA,11.383333,76.324444, ,0.0,0.0,0,0,0,0,0,0,0,0
TF,CI540,11.045917,76.300778,0, ,0.0,0.0,0.0,0.0,0,0,0,0,0,0,0,0
TF,CI524,10.750350,76.281569,0, ,0.0,0.0,0.0,0.0,0,0,0,0,0,0,0,0
TF,CI522,10.652253,76.364717,0, ,0.0,0.0,0.0,0.0,2,8700,0,0,0,0,0,0
TF,CABOT,10.566342,76.437450,0, ,0.0,0.0,0.0,0.0,2,8700,0,0,0,0,0,0

STAR,TUMLA,27,5
IF,TUMLA,9.512500,76.975000, ,0.0,0.0,2,6300,0,0,0,0,0,0
TF,CI534,9.632983,76.916294,0, ,0.0,0.0,0.0,0.0,2,6300,0,0,0,0,0,0
TF,CI532,9.876369,76.797567,0, ,0.0,0.0,0.0,0.0,2,5800,0,0,0,0,0,0
TF,MESAT,10.009772,76.732408,0, ,0.0,0.0,0.0,0.0,2,5800,0,1,220,0,0,0

APPTR,D09,09,BIPEL
IF,BIPEL,10.442222,75.671111, ,0.0,0.0,0,0,0,0,0,0,0,0
TF,D295N,10.241422,76.154478,0, ,0.0,0.0,0.0,0.0,0,0,0,0,0,0,1,0
CI,0, ,0.0,115.0,0,0,0,0,0,0,0,0
AF,D271L,10.143425,76.169914,1,CIA,271.0,12.0,295.0,2,3000,0,0,0,0,1,0
CF,FD09,10.147331,76.281381,0,CIA,271.0,5.4,91.0,6.6,2,2000,0,0,0,0,0,0

APPTR,D09,09,CIA1
IF,CIA,10.150500,76.372583, ,0.0,0.0,2,4000,0,1,185,0,0,0
FD,CIA,10.150500,76.372583,0,CIA,0.0,7.0,292.0,7.0,2,2000,0,0,0,0,0,0
CF,FD09,10.147331,76.281381,1,CIA,271.0,5.4,91.0,2.0,2,2000,0,0,0,0,0,0

APPTR,D09,09,CIA2
IF,CIA,10.150500,76.372583, ,0.0,0.0,2,4000,0,1,185,0,0,0
FD,CIA,10.150500,76.372583,0,CIA,0.0,7.0,284.0,7.0,2,2000,0,0,0,0,0,0
CF,FD09,10.147331,76.281381,1,CIA,271.0,5.4,91.0,2.0,2,2000,0,0,0,0,0,0

APPTR,D09,09,CLC
IF,CLC,11.134167,75.956583, ,0.0,0.0,0,0,0,0,0,0,0,0
TF,D339N,10.366697,76.281111,0, ,0.0,0.0,0.0,0.0,0,0,0,0,0,0,1,0
CI,0, ,0.0,159.0,0,0,0,0,0,0,0,0
AF,D295L,10.225714,76.184508,1,CIA,295.0,12.0,339.0,2,3600,0,0,0,0,0,0
AF,D271L,10.143425,76.169914,1,CIA,271.0,12.0,295.0,2,3000,0,0,0,0,1,0
CF,FD09,10.147331,76.281381,0,CIA,271.0,5.4,91.0,6.6,2,2000,0,0,0,0,0,0

APPTR,D09,09,UDUPU
IF,UDUPU,10.266389,75.620000, ,0.0,0.0,0,0,0,0,0,0,0,0
TF,D281O,10.189269,76.122108,0, ,0.0,0.0,0.0,0.0,0,0,0,0,0,0,1,0
CF,D271L,10.143425,76.169914,0,CIA,271.0,12.0,136.0,3.9,2,3000,0,0,0,0,1,0
CF,FD09,10.147331,76.281381,0,CIA,271.0,5.4,91.0,6.6,2,2000,0,0,0,0,0,0

FINAL,D09,09,D,2
IF,FD09,10.147331,76.281381,CIA,271.0,5.4,2,2000,0,0,0,0,2,0
CF,CIA,10.150500,76.372583,0,CIA,0.0,0.0,91.0,5.4,1,317,0,0,0,0,3,0
FA,CIA,10.150500,76.372583,0,CIA,0.0,0.0,91.0,2,2600,0,0,0,0,0,0
DF,CIA,10.150500,76.372583,1, ,0.0,0.0,1,4000,0,1,185,0,0,0
HM,CIA,10.150500,76.372583,2, ,0.0,0.0,292.0,04.3,2,4000,0,1,220,0,0,0,0

APPTR,D27,27,CIA1
IF,CIA,10.150500,76.372583, ,0.0,0.0,2,4000,0,1,185,0,0,0
FD,CIA,10.150500,76.372583,0,CIA,0.0,11.0,104.0,11.0,2,2600,0,0,0,0,0,0
CF,FD27,10.156644,76.551614,1,CIA,91.0,10.6,271.0,1.0,2,2600,0,0,0,0,0,0

APPTR,D27,27,CIA2
IF,CIA,10.150500,76.372583, ,0.0,0.0,2,4000,0,1,185,0,0,0
FD,CIA,10.150500,76.372583,0,CIA,0.0,11.0,100.0,11.0,2,2600,0,0,0,0,0,0
CF,FD27,10.156644,76.551614,1,CIA,91.0,10.6,271.0,1.0,2,2600,0,0,0,0,0,0

FINAL,D27,27,D,3
IF,FD27,10.156644,76.551614,CIA,91.0,10.6,2,2600,0,0,0,0,2,0
CF,50VOR,10.153408,76.457031,0,CIA,91.0,5.0,271.0,5.6,2,850,0,0,0,0,0,0
CF,MD27,10.152247,76.423250,0,CIA,91.0,3.0,271.0,2.0,1,217,0,0,0,0,3,0
CA,0,271.0,2,430,0,0,0,0,0,0
VA,0,285.0,2,2500,0,0,0,0,0,0
DF,CIA,10.150500,76.372583,2, ,0.0,0.0,1,4000,0,0,0,0,0,0
HM,CIA,10.150500,76.372583,1, ,0.0,0.0,104.0,04.3,0,0,0,1,220,0,0,0,0

APPTR,I09,09,BIPEL
IF,BIPEL,10.442222,75.671111, ,0.0,0.0,0,0,0,0,0,0,0,0
TF,D295N,10.241422,76.154478,0, ,0.0,0.0,0.0,0.0,0,0,0,0,0,0,1,0
CI,0, ,0.0,115.0,0,0,0,0,0,0,0,0
AF,D280L,10.174922,76.171281,1,CIA,280.0,12.0,295.0,2,3000,0,0,0,0,0,0
VI,0,ICNB,0.0,120.0,0,0,0,0,0,0,0,0

APPTR,I09,09,CIA1
IF,CIA,10.150500,76.372583, ,0.0,0.0,2,4000,0,0,0,0,0,0
FD,CIA,10.150500,76.372583,0,CIA,0.0,9.0,293.0,9.0,2,2100,0,0,0,0,0,0
VI,1,ICNB,0.0,120.0,0,0,0,0,0,0,0,0

APPTR,I09,09,CIA2
IF,CIA,10.150500,76.372583, ,0.0,0.0,2,4000,0,0,0,0,0,0
FD,CIA,10.150500,76.372583,0,CIA,0.0,9.0,280.0,9.0,2,2100,0,0,0,0,0,0
VI,1,ICNB,0.0,120.0,0,0,0,0,0,0,0,0

APPTR,I09,09,CLC
IF,CLC,11.134167,75.956583, ,0.0,0.0,0,0,0,0,0,0,0,0
TF,D339N,10.366697,76.281111,0, ,0.0,0.0,0.0,0.0,0,0,0,0,0,0,1,0
CI,0, ,0.0,159.0,0,0,0,0,0,0,0,0
AF,D295L,10.225714,76.184508,1,CIA,295.0,12.0,339.0,2,3600,0,0,0,0,0,0
AF,D280L,10.174922,76.171281,1,CIA,280.0,12.0,295.0,2,3000,0,0,0,0,0,0
VI,0,ICNB,0.0,120.0,0,0,0,0,0,0,0,0

APPTR,I09,09,UDUPU
IF,UDUPU,10.266389,75.620000, ,0.0,0.0,0,0,0,0,0,0,0,0
TF,D281O,10.189269,76.122108,0, ,0.0,0.0,0.0,0.0,2,3600,0,0,0,0,1,0
CF,CI09,10.142669,76.170294,0,ICNB,269.9,14.7,135.0,4.0,2,3000,0,0,0,0,1,0

FINAL,I09,09,I,3
IF,CI09,10.142669,76.170294,ICNB,269.9,14.7,2,3000,0,0,0,0,0,0
CF,FI09,10.146650,76.278378,0,ICNB,269.9,8.3,90.0,6.4,1,2100,0,0,0,0,2,0
CF,RW09,10.150547,76.385000,0,ICNB,269.9,2.0,90.0,6.3,1,83,0,0,0,0,3,0
FA,RW09,10.150547,76.385000,0,CIA,0.0,0.0,90.0,2,2100,0,0,0,0,0,0
DF,CIA,10.150500,76.372583,2, ,0.0,0.0,1,4000,0,0,0,0,0,0
HM,CIA,10.150500,76.372583,2, ,0.0,0.0,293.0,04.3,2,4000,0,0,0,0,0,0,0

APPTR,I27-W,27,CI364
IF,CI364,10.163783,76.754325, ,0.0,0.0,1,6200,0,1,185,0,1,0
TF,CI372,10.158897,76.615836,0, ,0.0,0.0,0.0,0.0,1,3300,0,1,185,0,1,0
TF,CI27W,10.158222,76.571761,0,ICIL,0.0,0.0,0.0,0.0,1,2500,0,0,0,0,0,0

APPTR,I27-W,27,CI365
IF,CI365,10.021672,76.620347, ,0.0,0.0,1,6200,0,1,185,0,1,0
TF,CI372,10.158897,76.615836,0, ,0.0,0.0,0.0,0.0,1,3300,0,1,185,0,1,0
TF,CI27W,10.158222,76.571761,0,ICIL,0.0,0.0,0.0,0.0,1,2500,0,0,0,0,0,0

APPTR,I27-W,27,CI366
IF,CI366,10.296092,76.610447, ,0.0,0.0,1,6200,0,1,185,0,1,0
TF,CI372,10.158897,76.615836,0, ,0.0,0.0,0.0,0.0,1,3300,0,1,185,0,1,0
TF,CI27W,10.158222,76.571761,2,ICIL,0.0,0.0,0.0,0.0,1,2500,0,0,0,0,0,0

FINAL,I27-W,27,I,3
IF,CI27W,10.158222,76.571761,ICIL,90.3,11.3,1,2500,0,1,185,0,0,0
CF,FI27W,10.155750,76.512664,0,ICIL,90.3,7.8,271.0,3.5,1,1900,0,0,0,0,2,0
CF,RW27,10.151683,76.416019,0,ICIL,90.3,2.1,271.0,5.7,1,80,0,0,0,0,3,1
VA,0,271.0,2,2500,0,1,210,0,0,0
DF,CI366,10.296092,76.610447,2, ,0.0,0.0,2,6200,0,1,210,0,0,1
HM,CI366,10.296092,76.610447,1, ,0.0,0.0,92.0,04.3,2,6200,0,1,230,0,0,0,0

APPTR,I27-X,27,CIB
IF,CIB,10.116889,76.680583, ,0.0,0.0,2,4500,0,0,0,0,0,0
HF,CIB,10.116889,76.680583,1, ,0.0,0.0,360.0,04.3,2,3500,0,1,220,0,0,0,0
FC,CIB,10.116889,76.680583,0,CIB,0.0,0.0,315.0,3.6,2,3000,0,1,185,0,0,0
CF,CI27,10.159561,76.603844,0,ICIL,90.3,13.2,271.0,2.0,2,3000,0,0,0,0,0,0

FINAL,I27-X,27,I,3
IF,CI27,10.159561,76.603844,ICIL,90.3,13.2,2,3000,0,0,0,0,0,0
CF,FI27,10.158153,76.570072,0,ICIL,90.3,11.2,271.0,2.0,1,3000,0,0,0,0,2,0
CF,RW27,10.151683,76.416019,0,ICIL,90.3,2.0,271.0,9.1,1,80,0,0,0,0,3,0
CF,D271B,10.150347,76.379369,0,CIA,94.3,0.4,271.0,2.2,0,0,0,0,0,0,0,0
VA,0,285.0,2,2500,0,0,0,0,0,0
VI,2, ,0.0,72.0,0,0,0,0,0,0,0,0
CF,CIB,10.116889,76.680583,0,CIB,0.0,0.0,117.0,22.0,1,4500,0,0,0,0,0,0
HM,CIB,10.116889,76.680583,1, ,0.0,0.0,360.0,04.3,2,4500,0,1,220,0,0,0,0

APPTR,I27-Y,27,CI1
IF,CI,10.151056,76.483111, ,0.0,0.0,2,4000,0,1,185,0,0,0
FD,CI,10.151056,76.483111,0,ICIL,0.0,12.5,109.0,12.5,2,3000,0,0,0,0,0,0
CF,CI27,10.159561,76.603844,1,ICIL,90.3,13.2,271.0,2.0,2,3000,0,0,0,0,0,0

APPTR,I27-Y,27,CI2
IF,CI,10.151056,76.483111, ,0.0,0.0,2,4000,0,1,185,0,0,0
FD,CI,10.151056,76.483111,0,ICIL,0.0,12.5,103.0,12.5,2,3000,0,0,0,0,0,0
CF,CI27,10.159561,76.603844,1,ICIL,90.3,13.2,271.0,2.0,2,3000,0,0,0,0,0,0

FINAL,I27-Y,27,I,3
IF,CI27,10.159561,76.603844,ICIL,90.3,13.2,2,3000,0,0,0,0,0,0
CF,FI27,10.158153,76.570072,0,ICIL,90.3,11.2,271.0,2.0,1,3000,0,0,0,0,2,0
CF,RW27,10.151683,76.416019,0,ICIL,90.3,2.0,271.0,9.1,1,80,0,0,0,0,3,0
CF,D271B,10.150347,76.379369,0,CIA,94.3,0.4,271.0,2.2,0,0,0,0,0,0,0,0
VA,0,285.0,2,2500,0,0,0,0,0,0
DF,CI,10.151056,76.483111,2, ,0.0,0.0,1,4000,0,0,0,0,0,0
HM,CI,10.151056,76.483111,1, ,0.0,0.0,109.0,04.3,2,4000,0,1,220,0,0,0,0

APPTR,I27-Z,27,CIA1
IF,CIA,10.150500,76.372583, ,0.0,0.0,2,4000,0,1,185,0,0,0
FD,CIA,10.150500,76.372583,0,CIA,0.0,15.0,101.0,15.0,2,3000,0,0,0,0,0,0
CF,CI27,10.159561,76.603844,1,ICIL,90.3,13.2,271.0,2.0,2,3000,0,0,0,0,0,0

APPTR,I27-Z,27,CIA2
IF,CIA,10.150500,76.372583, ,0.0,0.0,2,4000,0,1,185,0,0,0
FD,CIA,10.150500,76.372583,0,CIA,0.0,15.0,97.0,15.0,2,3000,0,0,0,0,0,0
CF,CI27,10.159561,76.603844,1,ICIL,90.3,13.2,271.0,2.0,2,3000,0,0,0,0,0,0

FINAL,I27-Z,27,I,3
IF,CI27,10.159561,76.603844,ICIL,90.3,13.2,2,3000,0,0,0,0,0,0
CF,FI27,10.158153,76.570072,0,ICIL,90.3,11.2,271.0,2.0,1,3000,0,0,0,0,2,0
CF,RW27,10.151683,76.416019,0,ICIL,90.3,2.0,271.0,9.1,1,80,0,0,0,0,3,0
CF,D271B,10.150347,76.379369,0,CIA,94.3,0.4,271.0,2.2,0,0,0,0,0,0,0,0
VA,0,285.0,2,2500,0,0,0,0,0,0
DF,CIA,10.150500,76.372583,2, ,0.0,0.0,1,4000,0,0,0,0,0,0
HM,CIA,10.150500,76.372583,1, ,0.0,0.0,101.0,04.3,2,4000,0,1,220,0,0,0,0

APPTR,R27-Y,27,CABOT
IF,CABOT,10.566342,76.437450, ,0.0,0.0,2,8700,0,0,0,0,1,0
TF,CI512,10.481606,76.509136,0, ,0.0,0.0,0.0,0.0,4,9000,5500,0,0,0,0,0
TF,CI510,10.387869,76.588372,0, ,0.0,0.0,0.0,0.0,2,5500,0,0,0,0,0,0
TF,CI508,10.315942,76.649125,0, ,0.0,0.0,0.0,0.0,2,4700,0,1,220,0,0,0
TF,CI506,10.240069,76.684850,0, ,0.0,0.0,0.0,0.0,2,4700,0,1,220,0,0,0
TF,CI504,10.160450,76.658733,0, ,0.0,0.0,0.0,0.0,2,3800,0,1,220,0,1,0

APPTR,R27-Y,27,MESAT
IF,MESAT,10.009772,76.732408, ,0.0,0.0,2,5800,0,1,220,0,1,0
TF,CI504,10.160450,76.658733,0, ,0.0,0.0,0.0,0.0,2,3800,0,1,220,0,1,0

APPTR,R27-Y,27,RAMSO
IF,RAMSO,10.363936,76.037086, ,0.0,0.0,2,4700,0,0,0,0,1,0
TF,CI538,10.355422,76.337972,0, ,0.0,0.0,0.0,0.0,2,4700,0,0,0,0,0,0
TF,CI508,10.315942,76.649125,0, ,0.0,0.0,0.0,0.0,2,4700,0,1,220,0,0,0
TF,CI506,10.240069,76.684850,0, ,0.0,0.0,0.0,0.0,2,4700,0,1,220,0,0,0
TF,CI504,10.160450,76.658733,0, ,0.0,0.0,0.0,0.0,2,3800,0,1,220,0,1,0

APPTR,R27-Y,27,TOPAK
IF,TOPAK,10.339242,76.730117, ,0.0,0.0,2,6500,0,0,0,0,1,0
TF,CI514,10.288889,76.707128,0, ,0.0,0.0,0.0,0.0,2,5200,0,0,0,0,0,0
TF,CI506,10.240069,76.684850,0, ,0.0,0.0,0.0,0.0,2,4700,0,1,220,0,0,0
TF,CI504,10.160450,76.658733,0, ,0.0,0.0,0.0,0.0,2,3800,0,1,220,0,1,0

FINAL,R27-Y,27,R,3
IF,CI504,10.160450,76.658733, ,0.0,0.0,2,3800,0,1,220,0,0,0
TF,CI502,10.157297,76.570911,0, ,0.0,0.0,271.0,5.2,1,3000,0,0,0,0,2,0
TF,RW27,10.151683,76.416019,0, ,0.0,0.0,271.0,9.2,1,80,0,0,0,0,3,1
TF,CI550,10.147614,76.305092,0, ,0.0,0.0,0.0,0.0,0,0,0,1,240,0,0,0
TF,RAMSO,10.363936,76.037086,0, ,0.0,0.0,0.0,0.0,2,4700,0,1,240,0,0,0
HM,RAMSO,10.363936,76.037086,2, ,0.0,0.0,95.0,04.3,2,4700,0,1,240,0,0,0,0

