APPTR,D10,10,AKLON
IF,AKLON,11.352778,74.906667, ,0.0,0.0,0,0,0,0,0,0,0,0
TF,D284O,11.186333,75.707797,0, ,0.0,0.0,0.0,0.0,0,0,0,0,0,0,1,0
TF,D286M,11.186750,75.742689,0, ,0.0,0.0,0.0,0.0,2,3600,0,0,0,0,0,0
TF,FD10,11.160883,75.848000,0, ,0.0,0.0,0.0,0.0,2,2200,0,0,0,0,0,0

APPTR,D10,10,CLC1
IF,CLC,11.134167,75.956583, ,0.0,0.0,2,3600,0,0,0,0,0,0
FD,CLC,11.134167,75.956583,0,CLC,0.0,8.0,306.0,8.0,2,2200,0,0,0,0,0,0
CF,FD10,11.160883,75.848000,1,CLC,286.0,6.6,106.0,2.0,2,2200,0,0,0,0,0,0

APPTR,D10,10,CLC2
IF,CLC,11.134167,75.956583, ,0.0,0.0,2,3600,0,0,0,0,0,0
FD,CLC,11.134167,75.956583,0,CLC,0.0,8.0,298.0,8.0,2,2200,0,0,0,0,0,0
CF,FD10,11.160883,75.848000,1,CLC,286.0,6.6,106.0,2.0,2,2200,0,0,0,0,0,0

APPTR,D10,10,MML
IF,MML,12.951619,74.885461, ,0.0,0.0,0,0,0,0,0,0,0,0
TF,D332O,11.351619,75.829300,0, ,0.0,0.0,0.0,0.0,0,0,0,0,0,0,1,0
CI,0, ,0.0,152.0,0,0,0,0,0,0,0,0
AF,D286M,11.186750,75.742689,1,CLC,286.0,13.0,332.0,2,3600,0,0,0,0,0,0
TF,FD10,11.160883,75.848000,0, ,0.0,0.0,0.0,0.0,2,2200,0,0,0,0,0,0

APPTR,D10,10,ORISA
IF,ORISA,12.263056,74.268333, ,0.0,0.0,0,0,0,0,0,0,0,0
TF,D307O,11.275708,75.746456,0, ,0.0,0.0,0.0,0.0,0,0,0,0,0,0,1,0
CI,0, ,0.0,127.0,0,0,0,0,0,0,0,0
AF,D286M,11.186750,75.742689,1,CLC,286.0,13.0,307.0,2,3600,0,0,0,0,0,0
TF,FD10,11.160883,75.848000,0, ,0.0,0.0,0.0,0.0,2,2200,0,0,0,0,0,0

FINAL,D10,10,D,2
IF,FD10,11.160883,75.848000,CLC,286.0,6.6,2,2200,0,0,0,0,2,0
CF,MD10,11.142269,75.923681,0,CLC,286.0,2.0,106.0,4.6,1,733,0,0,0,0,3,0
CF,CLC,11.134167,75.956583,0,CLC,0.0,0.0,106.0,2.0,0,0,0,0,0,0,0,0
FA,CLC,11.134167,75.956583,0,CLC,0.0,0.0,106.0,2,2400,0,0,0,0,0,0
DF,CLC,11.134167,75.956583,2, ,0.0,0.0,1,3600,0,1,210,0,0,0
HM,CLC,11.134167,75.956583,1, ,0.0,0.0,306.0,04.3,2,3600,0,0,0,0,0,0,0

APPTR,D28,28,CLC1
IF,CLC,11.134167,75.956583, ,0.0,0.0,2,3600,0,1,185,0,0,0
FD,CLC,11.134167,75.956583,0,CLC,0.0,9.0,86.0,9.0,2,3000,0,0,0,0,0,0
CF,FD28,11.107967,76.106836,2,CLC,102.0,9.0,282.0,1.0,2,3000,0,0,0,0,0,0

APPTR,D28,28,CLC2
IF,CLC,11.134167,75.956583, ,0.0,0.0,2,3600,0,1,185,0,0,0
FD,CLC,11.134167,75.956583,0,CLC,0.0,9.0,92.0,9.0,2,3000,0,0,0,0,0,0
CF,FD28,11.107967,76.106836,2,CLC,102.0,9.0,282.0,1.0,2,3000,0,0,0,0,0,0

FINAL,D28,28,D,3
IF,FD28,11.107967,76.106836,CLC,102.0,9.0,2,3000,0,0,0,0,2,0
CF,40VOR,11.122533,76.023364,0,CLC,102.0,4.0,282.0,5.0,2,1430,0,0,0,0,0,0
CF,MD28,11.128353,75.989975,0,CLC,102.0,2.0,282.0,2.0,1,799,0,0,0,0,3,0
FA,MD28,11.128353,75.989975,0,CLC,0.0,0.0,282.0,2,2600,0,0,0,0,0,0
DF,CLC,11.134167,75.956583,1, ,0.0,0.0,1,3600,0,0,0,0,0,0
HM,CLC,11.134167,75.956583,2, ,0.0,0.0,86.0,04.3,2,3600,0,0,0,0,0,0,0

APPTR,I10-Z,10,AKLON
IF,AKLON,11.352778,74.906667, ,0.0,0.0,0,0,0,0,0,0,0,0
TF,D284O,11.186333,75.707797,0, ,0.0,0.0,0.0,0.0,0,0,0,0,0,0,1,0
CF,CI10,11.176822,75.740444,0,ICLB,282.9,13.8,108.0,2.0,2,3600,0,0,0,0,1,0

APPTR,I10-Z,10,CIA
IF,CIA,10.150500,76.372583, ,0.0,0.0,0,0,0,0,0,0,0,0
TF,D159O,10.902531,76.054808,0, ,0.0,0.0,0.0,0.0,0,0,0,0,0,0,1,0
CI,0, ,0.0,339.0,0,0,0,0,0,0,0,0
AF,D272M,11.134089,75.736181,2,CLC,272.0,13.0,159.0,2,3600,0,0,0,0,1,0
VI,0,ICLB,0.0,73.0,0,0,0,0,0,0,0,0

APPTR,I10-Z,10,CLC1
IF,CLC,11.134167,75.956583, ,0.0,0.0,2,3600,0,0,0,0,0,0
FD,CLC,11.134167,75.956583,0,CLC,0.0,9.5,305.0,9.5,2,2200,0,0,0,0,0,0
CI,1,ICLB,0.0,133.0,2,2200,0,0,0,0,0,0

APPTR,I10-Z,10,CLC2
IF,CLC,11.134167,75.956583, ,0.0,0.0,2,3600,0,0,0,0,0,0
FD,CLC,11.134167,75.956583,0,CLC,0.0,8.5,293.0,8.5,2,2200,0,0,0,0,0,0
CI,1,ICLB,0.0,133.0,2,2200,0,0,0,0,0,0

APPTR,I10-Z,10,MML
IF,MML,12.951619,74.885461, ,0.0,0.0,0,0,0,0,0,0,0,0
TF,D332O,11.351619,75.829300,0, ,0.0,0.0,0.0,0.0,0,0,0,0,0,0,1,0
CI,0, ,0.0,152.0,0,0,0,0,0,0,0,0
AF,D290M,11.201356,75.746919,1,CLC,290.0,13.0,332.0,2,3600,0,0,0,0,0,0
VI,0,ICLB,0.0,133.0,0,0,0,0,0,0,0,0

APPTR,I10-Z,10,ORISA
IF,ORISA,12.263056,74.268333, ,0.0,0.0,0,0,0,0,0,0,0,0
TF,D307O,11.275708,75.746456,0, ,0.0,0.0,0.0,0.0,0,0,0,0,0,0,1,0
CI,0, ,0.0,127.0,0,0,0,0,0,0,0,0
AF,D290M,11.201356,75.746919,1,CLC,290.0,13.0,307.0,2,3600,0,0,0,0,0,0
VI,0,ICLB,0.0,133.0,0,0,0,0,0,0,0,0

FINAL,I10-Z,10,I,3
IF,CI10,11.176822,75.740444,ICLB,282.9,13.8,2,3600,0,0,0,0,0,0
CF,FI10,11.156586,75.847189,0,ICLB,282.9,7.4,103.0,6.4,1,2200,0,0,0,0,2,0
CF,RW10,11.138444,75.942733,0,ICLB,282.9,1.6,103.0,5.7,1,368,0,0,0,0,3,0
FA,RW10,11.138444,75.942733,0,CLC,0.0,0.0,103.0,2,2400,0,0,0,0,0,0
DF,CLC,11.134167,75.956583,2, ,0.0,0.0,1,3600,0,0,0,0,0,0
HM,CLC,11.134167,75.956583,1, ,0.0,0.0,305.0,04.3,2,3600,0,0,0,0,0,0,0

APPTR,I28-Z,28,CLC1
IF,CLC,11.134167,75.956583, ,0.0,0.0,2,3600,0,1,185,0,0,0
FD,CLC,11.134167,75.956583,0,CLC,0.0,12.0,91.0,12.0,2,3100,0,0,0,0,0,0
CF,CI28,11.101758,76.135378,2,ICAC,102.9,11.7,283.0,2.0,2,3100,0,0,0,0,0,0

APPTR,I28-Z,28,CLC2
IF,CLC,11.134167,75.956583, ,0.0,0.0,2,3600,0,1,185,0,0,0
FD,CLC,11.134167,75.956583,0,CLC,0.0,12.0,95.0,12.0,2,3100,0,0,0,0,0,0
CF,CI28,11.101758,76.135378,2,ICAC,102.9,11.7,283.0,2.0,2,3100,0,0,0,0,0,0

FINAL,I28-Z,28,I,3
IF,CI28,11.101758,76.135378,ICAC,102.9,11.7,2,3100,0,0,0,0,0,0
CF,FI28,11.108042,76.102072,0,ICAC,102.9,9.7,283.0,2.0,1,3100,0,0,0,0,2,0
CF,RW28,11.133556,75.968447,0,ICAC,102.9,1.6,283.0,8.0,1,381,0,0,0,0,3,0
FA,RW28,11.133556,75.968447,0,CLC,0.0,0.0,283.0,2,2600,0,0,0,0,0,0
DF,CLC,11.134167,75.956583,1, ,0.0,0.0,1,3600,0,0,0,0,0,0
HM,CLC,11.134167,75.956583,2, ,0.0,0.0,91.0,04.3,2,3600,0,0,0,0,0,0,0

APPTR,R10-Y,10,MEPAR
IF,MEPAR,11.208208,75.574522, ,0.0,0.0,2,3600,0,1,210,0,1,0
TF,LEMOS,11.172464,75.763492,0, ,0.0,0.0,0.0,0.0,2,2400,0,1,210,0,1,0

APPTR,R10-Y,10,NOGET
IF,NOGET,11.090628,75.745119, ,0.0,0.0,2,3600,0,1,210,0,1,0
TF,LEMOS,11.172464,75.763492,0, ,0.0,0.0,0.0,0.0,2,2400,0,1,210,0,1,0

APPTR,R10-Y,10,SUGOD
IF,SUGOD,11.246611,75.739306, ,0.0,0.0,2,3600,0,1,210,0,1,0
TF,LEMOS,11.172464,75.763492,0, ,0.0,0.0,0.0,0.0,2,2400,0,1,210,0,1,0

FINAL,R10-Y,10,R,3
IF,LEMOS,11.172464,75.763492, ,0.0,0.0,2,2400,0,1,210,0,0,0
TF,CL001,11.156675,75.846747,0, ,0.0,0.0,103.0,5.0,1,2200,0,1,160,0,2,0
TF,RW10,11.138444,75.942733,0, ,0.0,0.0,103.0,5.8,1,365,0,0,0,0,3,1
CA,0,103.0,2,2400,0,0,0,0,0,0
DF,MEPAR,11.208208,75.574522,2, ,0.0,0.0,2,3600,0,1,210,0,0,0
HM,MEPAR,11.208208,75.574522,2, ,0.0,0.0,103.0,04.3,2,3600,0,1,230,0,0,0,0

APPTR,R28-Y,28,ABTUK
IF,ABTUK,11.174497,76.201178, ,0.0,0.0,2,4300,0,1,210,0,1,0
TF,BEDIN,11.092294,76.185147,0, ,0.0,0.0,0.0,0.0,3,3600,0,0,0,0,1,0

APPTR,R28-Y,28,ADBOL
IF,ADBOL,11.076453,76.268369, ,0.0,0.0,2,4300,0,1,210,0,1,0
TF,BEDIN,11.092294,76.185147,0, ,0.0,0.0,0.0,0.0,3,3600,0,0,0,0,1,0

APPTR,R28-Y,28,ADLAX
IF,ADLAX,11.010092,76.169125, ,0.0,0.0,2,4300,0,1,210,0,1,0
TF,BEDIN,11.092294,76.185147,0, ,0.0,0.0,0.0,0.0,3,3600,0,0,0,0,1,0

FINAL,R28-Y,28,R,3
IF,BEDIN,11.092294,76.185147, ,0.0,0.0,2,3100,0,0,0,0,0,0
TF,ADBIR,11.108136,76.101919,0, ,0.0,0.0,283.0,5.0,1,3100,0,1,160,0,2,0
TF,RW28,11.133556,75.968447,0, ,0.0,0.0,283.0,8.0,1,376,0,0,0,0,3,1
CF,VINAM,11.155700,75.851869,0,CLC,283.8,6.3,283.0,7.0,2,2000,0,0,0,0,0,1
DF,ADLAX,11.010092,76.169125,1, ,0.0,0.0,2,4300,0,1,210,0,0,0
HM,ADLAX,11.010092,76.169125,2, ,0.0,0.0,13.0,04.3,2,4300,0,1,230,0,0,0,0

