APPTR,R27-Y,27,GB504
IF,GB504,17.237033,77.183514, ,0.0,0.0,2,3600,0,1,210,0,1,0
TF,GB503,17.320511,77.178319,0, ,0.0,0.0,0.0,0.0,2,3600,0,0,0,0,1,0

APPTR,R27-Y,27,GB505
IF,GB505,17.325353,77.265286, ,0.0,0.0,2,3600,0,1,210,0,1,0
TF,GB503,17.320511,77.178319,0, ,0.0,0.0,0.0,0.0,2,3600,0,0,0,0,1,0

APPTR,R27-Y,27,GB506
IF,GB506,17.404108,77.174383, ,0.0,0.0,2,3600,0,1,210,0,1,0
TF,GB503,17.320511,77.178319,0, ,0.0,0.0,0.0,0.0,2,3600,0,0,0,0,1,0

FINAL,R27-Y,27,R,3
IF,GB503,17.320511,77.178319, ,0.0,0.0,2,3600,0,0,0,0,0,0
TF,GB502,17.315506,77.091369,0, ,0.0,0.0,268.0,5.0,1,3600,0,0,0,0,2,0
TF,RW27,17.309025,76.980139,0, ,0.0,0.0,268.0,6.4,1,1562,0,0,0,0,3,1
CF,GB507,17.303239,76.880778,0,GGB,268.9,5.0,268.0,5.7,0,0,0,1,210,0,0,0
TF,GB508,17.386756,76.875481,0, ,0.0,0.0,0.0,0.0,0,0,0,1,210,0,0,0
TF,GB506,17.404108,77.174383,0, ,0.0,0.0,0.0,0.0,2,3600,0,1,210,0,0,0
HM,GB506,17.404108,77.174383,1, ,0.0,0.0,179.0,04.3,2,3600,0,1,230,0,0,0,0

