SID,BBZ5,27L,5
VA,0,270.0,2,3000,0,0,0,0,0,0
DF,HS227,17.142503,78.391678,1, ,0.0,0.0,3,5600,0,0,0,0,0,0
TF,HS125,17.019931,78.601844,0, ,0.0,0.0,0.0,0.0,3,6000,0,0,0,0,0,0
TF,DAVIV,16.578056,79.763889,0, ,0.0,0.0,0.0,0.0,0,0,0,0,0,0,0,0
TF,BBZ,16.537725,80.835617,0, ,0.0,0.0,0.0,0.0,0,0,0,0,0,0,0,0

SID,BBZ7,09R,5
VA,0,90.0,2,3600,0,0,0,0,0,0
DF,HS125,17.019931,78.601844,0, ,0.0,0.0,3,7000,0,0,0,0,0,0
TF,DAVIV,16.578056,79.763889,0, ,0.0,0.0,0.0,0.0,0,0,0,0,0,0,0,0
TF,BBZ,16.537725,80.835617,0, ,0.0,0.0,0.0,0.0,0,0,0,0,0,0,0,0

SID,BOGAT5,27L,5
VA,0,270.0,2,3000,0,0,0,0,0,0
DF,HS321,17.141214,78.329547,0, ,0.0,0.0,0,0,0,0,0,0,0,0
TF,HS322,17.057714,78.331311,0, ,0.0,0.0,0.0,0.0,3,7000,0,0,0,0,0,0
TF,BOGAT,16.359444,75.998889,0, ,0.0,0.0,0.0,0.0,0,0,0,0,0,0,0,0

SID,BOGAT7,09R,5
VA,0,90.0,2,3600,0,0,0,0,0,0
DF,HS124,17.144808,78.507361,2, ,0.0,0.0,0,0,0,0,0,0,0,0
TF,HS322,17.057714,78.331311,0, ,0.0,0.0,0.0,0.0,3,6000,0,0,0,0,0,0
TF,BOGAT,16.359444,75.998889,0, ,0.0,0.0,0.0,0.0,0,0,0,0,0,0,0,0

SID,BOPRI5,27L,5
VA,0,270.0,2,3000,0,0,0,0,0,0
DF,HS227,17.142503,78.391678,1, ,0.0,0.0,3,5600,0,0,0,0,0,0
TF,HS125,17.019931,78.601844,0, ,0.0,0.0,0.0,0.0,3,6000,0,0,0,0,0,0
TF,BOPRI,15.576667,79.948056,0, ,0.0,0.0,0.0,0.0,0,0,0,0,0,0,0,0

SID,BOPRI7,09R,5
VA,0,90.0,2,3600,0,0,0,0,0,0
DF,HS125,17.019931,78.601844,0, ,0.0,0.0,3,7000,0,0,0,0,0,0
TF,BOPRI,15.576667,79.948056,0, ,0.0,0.0,0.0,0.0,0,0,0,0,0,0,0,0

SID,DEBIR7,09R,5
VA,0,90.0,2,2430,0,0,0,0,0,0
DF,HL101,17.230303,78.539922,0, ,0.0,0.0,2,3600,0,0,0,0,0,0
TF,HS121,17.315108,78.538111,0, ,0.0,0.0,0.0,0.0,2,4600,0,0,0,0,0,1
TF,HS122,17.595278,77.817500,0, ,0.0,0.0,0.0,0.0,2,23000,0,0,0,0,0,0
TF,DEBIR,17.922136,77.735981,0, ,0.0,0.0,0.0,0.0,2,25000,0,0,0,0,0,0

SID,DEBIR7,BUSBO,6
IF,DEBIR,17.922136,77.735981, ,0.0,0.0,2,25000,0,0,0,0,0,0
TF,BUSBO,19.249444,78.125000,0, ,0.0,0.0,0.0,0.0,0,0,0,0,0,0,0,0

SID,DEBIR7,LUTGU,6
IF,DEBIR,17.922136,77.735981, ,0.0,0.0,2,25000,0,0,0,0,0,0
TF,LUTGU,18.991944,77.467222,0, ,0.0,0.0,0.0,0.0,0,0,0,0,0,0,0,0

SID,LURGI5,27L,5
VA,0,270.0,2,3000,0,0,0,0,0,0
DF,HS227,17.142503,78.391678,1, ,0.0,0.0,3,5600,0,0,0,0,0,0
TF,HS129,17.034353,78.413300,0, ,0.0,0.0,0.0,0.0,3,6000,0,0,0,0,0,0
TF,HS127,16.888394,78.442444,0, ,0.0,0.0,0.0,0.0,3,7000,0,0,0,0,0,0
TF,LURGI,16.209444,78.514722,0, ,0.0,0.0,0.0,0.0,0,0,0,0,0,0,0,0

SID,LURGI7,09R,5
VA,0,90.0,2,3600,0,0,0,0,0,0
DF,HS124,17.144808,78.507361,2, ,0.0,0.0,0,0,0,0,0,0,0,0
TF,HS126,16.955597,78.435189,0, ,0.0,0.0,0.0,0.0,3,7000,0,0,0,0,0,0
TF,HS128,16.728422,78.459672,0, ,0.0,0.0,0.0,0.0,0,0,0,0,0,0,0,0
TF,LURGI,16.209444,78.514722,0, ,0.0,0.0,0.0,0.0,0,0,0,0,0,0,0,0

SID,NADEL5,27L,5
VA,0,270.0,2,2430,0,0,0,0,0,0
DF,HL106,17.227364,78.325775,0, ,0.0,0.0,2,3000,0,0,0,0,0,0
TF,HS123,17.438239,77.598028,0, ,0.0,0.0,0.0,0.0,2,22000,0,0,0,0,0,0
TF,HS327,17.869889,77.318117,0, ,0.0,0.0,0.0,0.0,2,25000,0,0,0,0,0,0
TF,NADEL,18.262981,77.309728,0, ,0.0,0.0,0.0,0.0,0,0,0,0,0,0,0,0

SID,NADEL5,BUSBO,6
IF,NADEL,18.262981,77.309728, ,0.0,0.0,0,0,0,0,0,0,0,0
TF,BUSBO,19.249444,78.125000,0, ,0.0,0.0,0.0,0.0,0,0,0,0,0,0,0,0

SID,NADEL5,LUTGU,6
IF,NADEL,18.262981,77.309728, ,0.0,0.0,0,0,0,0,0,0,0,0
TF,LUTGU,18.991944,77.467222,0, ,0.0,0.0,0.0,0.0,0,0,0,0,0,0,0,0

SID,TAMIV5,27L,5
VA,0,270.0,2,2430,0,0,0,0,0,0
DF,HL106,17.227364,78.325775,0, ,0.0,0.0,2,3000,0,0,0,0,0,0
TF,HS123,17.438239,77.598028,0, ,0.0,0.0,0.0,0.0,0,0,0,0,0,0,0,0
TF,TAMIV,17.555053,76.671989,0, ,0.0,0.0,0.0,0.0,0,0,0,0,0,0,0,0

SID,TAMIV5,APUSU,6
IF,TAMIV,17.555053,76.671989, ,0.0,0.0,0,0,0,0,0,0,0,0
TF,APUSU,18.001111,76.428889,0, ,0.0,0.0,0.0,0.0,0,0,0,0,0,0,0,0

SID,TAMIV5,GODEP,6
IF,TAMIV,17.555053,76.671989, ,0.0,0.0,0,0,0,0,0,0,0,0
TF,GODEP,17.674444,75.998889,0, ,0.0,0.0,0.0,0.0,0,0,0,0,0,0,0,0

SID,TAMIV7,09R,5
VA,0,90.0,2,2430,0,0,0,0,0,0
DF,HL101,17.230303,78.539922,0, ,0.0,0.0,2,3600,0,0,0,0,0,0
TF,HS121,17.315108,78.538111,0, ,0.0,0.0,0.0,0.0,2,4600,0,0,0,0,0,1
TF,HS123,17.438239,77.598028,0, ,0.0,0.0,0.0,0.0,3,16000,0,0,0,0,0,0
TF,TAMIV,17.555053,76.671989,0, ,0.0,0.0,0.0,0.0,0,0,0,0,0,0,0,0

SID,TAMIV7,APUSU,6
IF,TAMIV,17.555053,76.671989, ,0.0,0.0,0,0,0,0,0,0,0,0
TF,APUSU,18.001111,76.428889,0, ,0.0,0.0,0.0,0.0,0,0,0,0,0,0,0,0

SID,TAMIV7,GODEP,6
IF,TAMIV,17.555053,76.671989, ,0.0,0.0,0,0,0,0,0,0,0,0
TF,GODEP,17.674444,75.998889,0, ,0.0,0.0,0.0,0.0,0,0,0,0,0,0,0,0

SID,VABDI5,27L,5
VA,0,270.0,2,3000,0,0,0,0,0,0
DF,HS227,17.142503,78.391678,1, ,0.0,0.0,3,5600,0,0,0,0,0,0
TF,HS129,17.034353,78.413300,0, ,0.0,0.0,0.0,0.0,3,6000,0,0,0,0,0,0
TF,HS127,16.888394,78.442444,0, ,0.0,0.0,0.0,0.0,3,7000,0,0,0,0,0,0
TF,VABDI,15.097500,78.633889,0, ,0.0,0.0,0.0,0.0,0,0,0,0,0,0,0,0

SID,VABDI7,09R,5
VA,0,90.0,2,3600,0,0,0,0,0,0
DF,HS124,17.144808,78.507361,2, ,0.0,0.0,0,0,0,0,0,0,0,0
TF,HS126,16.955597,78.435189,0, ,0.0,0.0,0.0,0.0,3,7000,0,0,0,0,0,0
TF,HS128,16.728422,78.459672,0, ,0.0,0.0,0.0,0.0,0,0,0,0,0,0,0,0
TF,VABDI,15.097500,78.633889,0, ,0.0,0.0,0.0,0.0,0,0,0,0,0,0,0,0

SID,VIRKO5,27L,5
VA,0,270.0,2,3000,0,0,0,0,0,0
DF,HS323,17.311017,78.325944,0, ,0.0,0.0,0,0,0,0,0,0,0,0
TF,HS324,17.411400,78.323811,0, ,0.0,0.0,0.0,0.0,3,8500,0,0,0,0,0,0
TF,HS325,17.432406,79.615403,0, ,0.0,0.0,0.0,0.0,0,0,0,0,0,0,0,0
TF,VIRKO,17.506800,80.066567,0, ,0.0,0.0,0.0,0.0,0,0,0,0,0,0,0,0

SID,VIRKO5,AKSAN,6
IF,VIRKO,17.506800,80.066567, ,0.0,0.0,0,0,0,0,0,0,0,0
TF,AKSAN,17.525000,82.183333,0, ,0.0,0.0,0.0,0.0,0,0,0,0,0,0,0,0
TF,VVZ,17.668833,83.252861,0, ,0.0,0.0,0.0,0.0,0,0,0,0,0,0,0,0

SID,VIRKO5,BIBGI,6
IF,VIRKO,17.506800,80.066567, ,0.0,0.0,0,0,0,0,0,0,0,0
TF,BIBGI,18.001111,79.928333,0, ,0.0,0.0,0.0,0.0,0,0,0,0,0,0,0,0

SID,VIRKO5,MEPIP,6
IF,VIRKO,17.506800,80.066567, ,0.0,0.0,0,0,0,0,0,0,0,0
TF,MEPIP,18.529167,80.580556,0, ,0.0,0.0,0.0,0.0,0,0,0,0,0,0,0,0

SID,VIRKO5,SAPNU,6
IF,VIRKO,17.506800,80.066567, ,0.0,0.0,0,0,0,0,0,0,0,0
TF,SAPNU,17.836111,81.221667,0, ,0.0,0.0,0.0,0.0,0,0,0,0,0,0,0,0

SID,VIRKO7,09R,5
VA,0,90.0,2,2430,0,0,0,0,0,0
DF,HL101,17.230303,78.539922,0, ,0.0,0.0,3,4600,0,0,0,0,0,0
TF,VIRKO,17.506800,80.066567,0, ,0.0,0.0,0.0,0.0,0,0,0,0,0,0,0,0

SID,VIRKO7,AKSAN,6
IF,VIRKO,17.506800,80.066567, ,0.0,0.0,0,0,0,0,0,0,0,0
TF,AKSAN,17.525000,82.183333,0, ,0.0,0.0,0.0,0.0,0,0,0,0,0,0,0,0
TF,VVZ,17.668833,83.252861,0, ,0.0,0.0,0.0,0.0,0,0,0,0,0,0,0,0

SID,VIRKO7,BIBGI,6
IF,VIRKO,17.506800,80.066567, ,0.0,0.0,0,0,0,0,0,0,0,0
TF,BIBGI,18.001111,79.928333,0, ,0.0,0.0,0.0,0.0,0,0,0,0,0,0,0,0

SID,VIRKO7,MEPIP,6
IF,VIRKO,17.506800,80.066567, ,0.0,0.0,0,0,0,0,0,0,0,0
TF,MEPIP,18.529167,80.580556,0, ,0.0,0.0,0.0,0.0,0,0,0,0,0,0,0,0

SID,VIRKO7,SAPNU,6
IF,VIRKO,17.506800,80.066567, ,0.0,0.0,0,0,0,0,0,0,0,0
TF,SAPNU,17.836111,81.221667,0, ,0.0,0.0,0.0,0.0,0,0,0,0,0,0,0,0

STAR,BINAT6,27L,5
IF,SUSMA,17.923056,77.501389, ,0.0,0.0,2,25000,0,0,0,0,0,0
TF,BINAT,17.591006,77.945458,0, ,0.0,0.0,0.0,0.0,2,19000,0,0,0,0,0,0
TF,HS323,17.311017,78.325944,0, ,0.0,0.0,0.0,0.0,2,9500,0,0,0,0,0,0
TF,HS421,17.312667,78.411042,0, ,0.0,0.0,0.0,0.0,2,8500,0,1,220,0,0,0
TF,HS422,17.316747,78.625283,0, ,0.0,0.0,0.0,0.0,2,4600,0,1,210,0,0,0
VM,17.240556,78.428889,0,90.0,0,0,0,0,0,0,0,0

STAR,BINAT6,27R,5
IF,SUSMA,17.923056,77.501389, ,0.0,0.0,2,25000,0,0,0,0,0,0
TF,BINAT,17.591006,77.945458,0, ,0.0,0.0,0.0,0.0,2,19000,0,0,0,0,0,0
TF,HS323,17.311017,78.325944,0, ,0.0,0.0,0.0,0.0,2,9500,0,0,0,0,0,0
TF,HS421,17.312667,78.411042,0, ,0.0,0.0,0.0,0.0,2,8500,0,1,220,0,0,0
TF,HS422,17.316747,78.625283,0, ,0.0,0.0,0.0,0.0,2,4600,0,1,210,0,0,0
VM,17.240556,78.428889,0,90.0,0,0,0,0,0,0,0,0

STAR,LEDOB6,27L,5
IF,LEDOB,16.614458,78.684400, ,0.0,0.0,0,0,0,0,0,0,0,0
TF,HS225,16.997831,78.510492,0, ,0.0,0.0,0.0,0.0,2,8500,0,0,0,0,0,0
TF,HS124,17.144808,78.507361,0, ,0.0,0.0,0.0,0.0,2,7000,0,0,0,0,0,0
TF,HS423,17.147186,78.628756,0, ,0.0,0.0,0.0,0.0,2,5600,0,1,210,0,0,0
VM,17.240556,78.428889,0,90.0,0,0,0,0,0,0,0,0

STAR,LEDOB6,27R,5
IF,LEDOB,16.614458,78.684400, ,0.0,0.0,0,0,0,0,0,0,0,0
TF,HS225,16.997831,78.510492,0, ,0.0,0.0,0.0,0.0,2,8500,0,0,0,0,0,0
TF,HS124,17.144808,78.507361,0, ,0.0,0.0,0.0,0.0,2,7000,0,0,0,0,0,0
TF,HS423,17.147186,78.628756,0, ,0.0,0.0,0.0,0.0,2,5600,0,1,210,0,0,0
VM,17.240556,78.428889,0,90.0,0,0,0,0,0,0,0,0

STAR,LEDOB8,09L,5
IF,LEDOB,16.614458,78.684400, ,0.0,0.0,0,0,0,0,0,0,0,0
TF,HS225,16.997831,78.510492,0, ,0.0,0.0,0.0,0.0,0,0,0,0,0,0,0,0
TF,HS226,17.143547,78.444119,0, ,0.0,0.0,0.0,0.0,2,8500,0,0,0,0,0,0
TF,HS321,17.141214,78.329547,0, ,0.0,0.0,0.0,0.0,2,7000,0,0,0,0,0,0
TF,HS228,17.139367,78.240553,0, ,0.0,0.0,0.0,0.0,2,3600,0,1,210,0,0,0
VM,17.240556,78.428889,0,270.0,0,0,0,0,0,0,0,0

STAR,LEDOB8,09R,5
IF,LEDOB,16.614458,78.684400, ,0.0,0.0,0,0,0,0,0,0,0,0
TF,HS225,16.997831,78.510492,0, ,0.0,0.0,0.0,0.0,0,0,0,0,0,0,0,0
TF,HS226,17.143547,78.444119,0, ,0.0,0.0,0.0,0.0,2,8500,0,0,0,0,0,0
TF,HS321,17.141214,78.329547,0, ,0.0,0.0,0.0,0.0,2,7000,0,0,0,0,0,0
TF,HS228,17.139367,78.240553,0, ,0.0,0.0,0.0,0.0,2,3600,0,1,210,0,0,0
VM,17.240556,78.428889,0,270.0,0,0,0,0,0,0,0,0

STAR,NAMSA6,BOGAT,4
IF,BOGAT,16.359444,75.998889, ,0.0,0.0,0,0,0,0,0,0,0,0
TF,NAMSA,17.264586,77.745728,0, ,0.0,0.0,0.0,0.0,2,12500,0,0,0,0,0,1

STAR,NAMSA6,PONIP,4
IF,PONIP,17.313611,76.803056, ,0.0,0.0,0,0,0,0,0,0,0,0
TF,NAMSA,17.264586,77.745728,0, ,0.0,0.0,0.0,0.0,2,12500,0,0,0,0,0,1

STAR,NAMSA6,27L,5
IF,NAMSA,17.264586,77.745728, ,0.0,0.0,2,12500,0,0,0,0,0,0
TF,HS321,17.141214,78.329547,0, ,0.0,0.0,0.0,0.0,2,8500,0,0,0,0,0,1
TF,HS124,17.144808,78.507361,0, ,0.0,0.0,0.0,0.0,2,7000,0,0,0,0,0,0
TF,HS423,17.147186,78.628756,0, ,0.0,0.0,0.0,0.0,2,5600,0,1,210,0,0,0
VM,17.240556,78.428889,0,90.0,0,0,0,0,0,0,0,0

STAR,NAMSA6,27R,5
IF,NAMSA,17.264586,77.745728, ,0.0,0.0,2,12500,0,0,0,0,0,0
TF,HS321,17.141214,78.329547,0, ,0.0,0.0,0.0,0.0,2,8500,0,0,0,0,0,1
TF,HS124,17.144808,78.507361,0, ,0.0,0.0,0.0,0.0,2,7000,0,0,0,0,0,0
TF,HS423,17.147186,78.628756,0, ,0.0,0.0,0.0,0.0,2,5600,0,1,210,0,0,0
VM,17.240556,78.428889,0,90.0,0,0,0,0,0,0,0,0

STAR,NAMSA8,BOGAT,4
IF,BOGAT,16.359444,75.998889, ,0.0,0.0,0,0,0,0,0,0,0,0
TF,NAMSA,17.264586,77.745728,0, ,0.0,0.0,0.0,0.0,2,12500,0,0,0,0,0,0

STAR,NAMSA8,PONIP,4
IF,PONIP,17.313611,76.803056, ,0.0,0.0,0,0,0,0,0,0,0,0
TF,NAMSA,17.264586,77.745728,0, ,0.0,0.0,0.0,0.0,2,12500,0,0,0,0,0,0

STAR,NAMSA8,SUSMA,4
IF,SUSMA,17.923056,77.501389, ,0.0,0.0,2,25000,0,0,0,0,0,0
TF,HS221,17.587358,77.623914,0, ,0.0,0.0,0.0,0.0,0,0,0,0,0,0,0,0
TF,HS222,17.343253,77.716061,0, ,0.0,0.0,0.0,0.0,2,17000,0,0,0,0,0,0
TF,NAMSA,17.264586,77.745728,0, ,0.0,0.0,0.0,0.0,2,12500,0,0,0,0,0,0

STAR,NAMSA8,09L,5
IF,NAMSA,17.264586,77.745728, ,0.0,0.0,2,12500,0,0,0,0,0,0
TF,HS223,17.226092,78.238714,0, ,0.0,0.0,0.0,0.0,2,3600,0,1,210,0,0,0
VM,17.240556,78.428889,0,96.0,0,0,0,0,0,0,0,0

STAR,NAMSA8,09R,5
IF,NAMSA,17.264586,77.745728, ,0.0,0.0,2,12500,0,0,0,0,0,0
TF,HS223,17.226092,78.238714,0, ,0.0,0.0,0.0,0.0,2,3600,0,1,210,0,0,0
VM,17.240556,78.428889,0,96.0,0,0,0,0,0,0,0,0

STAR,PADNI8,09L,5
IF,BBZ,16.537725,80.835617, ,0.0,0.0,0,0,0,0,0,0,0,0
TF,WADVI,17.033786,79.072056,0, ,0.0,0.0,0.0,0.0,0,0,0,0,0,0,0,0
TF,PADNI,17.082694,78.905647,0, ,0.0,0.0,0.0,0.0,2,9000,0,0,0,0,0,1
TF,HS224,17.145497,78.541722,0, ,0.0,0.0,0.0,0.0,2,8500,0,0,0,0,0,0
TF,HS321,17.141214,78.329547,0, ,0.0,0.0,0.0,0.0,2,7000,0,0,0,0,0,0
TF,HS228,17.139367,78.240553,0, ,0.0,0.0,0.0,0.0,2,3600,0,1,210,0,0,0
VM,17.240556,78.428889,0,270.0,0,0,0,0,0,0,0,0

STAR,PADNI8,09R,5
IF,BBZ,16.537725,80.835617, ,0.0,0.0,0,0,0,0,0,0,0,0
TF,WADVI,17.033786,79.072056,0, ,0.0,0.0,0.0,0.0,0,0,0,0,0,0,0,0
TF,PADNI,17.082694,78.905647,0, ,0.0,0.0,0.0,0.0,2,9000,0,0,0,0,0,1
TF,HS224,17.145497,78.541722,0, ,0.0,0.0,0.0,0.0,2,8500,0,0,0,0,0,0
TF,HS321,17.141214,78.329547,0, ,0.0,0.0,0.0,0.0,2,7000,0,0,0,0,0,0
TF,HS228,17.139367,78.240553,0, ,0.0,0.0,0.0,0.0,2,3600,0,1,210,0,0,0
VM,17.240556,78.428889,0,270.0,0,0,0,0,0,0,0,0

STAR,RISOT6,ANBAS,4
IF,ANBAS,17.242778,80.140000, ,0.0,0.0,0,0,0,0,0,0,0,0
TF,VITUR,17.235478,79.102325,0, ,0.0,0.0,0.0,0.0,0,0,0,0,0,0,0,0
TF,RISOT,17.233744,78.928194,0, ,0.0,0.0,0.0,0.0,2,8500,0,0,0,0,0,1

STAR,RISOT6,BBZ,4
IF,BBZ,16.537725,80.835617, ,0.0,0.0,0,0,0,0,0,0,0,0
TF,WADVI,17.033786,79.072056,0, ,0.0,0.0,0.0,0.0,0,0,0,0,0,0,0,0
TF,RISOT,17.233744,78.928194,0, ,0.0,0.0,0.0,0.0,2,8500,0,0,0,0,0,1

STAR,RISOT6,27L,5
IF,RISOT,17.233744,78.928194, ,0.0,0.0,2,8500,0,0,0,0,0,0
TF,HS424,17.231481,78.626986,0, ,0.0,0.0,0.0,0.0,2,3600,0,0,0,0,0,0
VM,17.240556,78.428889,0,271.0,0,0,0,0,0,0,0,0

STAR,RISOT6,27R,5
IF,RISOT,17.233744,78.928194, ,0.0,0.0,2,8500,0,0,0,0,0,0
TF,HS424,17.231481,78.626986,0, ,0.0,0.0,0.0,0.0,2,3600,0,0,0,0,0,0
VM,17.240556,78.428889,0,271.0,0,0,0,0,0,0,0,0

STAR,SARKA6,27L,5
IF,SAKRO,16.566667,78.296389, ,0.0,0.0,0,0,0,0,0,0,0,0
TF,SARKA,16.897258,78.351053,0, ,0.0,0.0,0.0,0.0,2,9000,0,0,0,0,0,1
TF,HS227,17.142503,78.391678,0, ,0.0,0.0,0.0,0.0,2,8500,0,0,0,0,0,0
TF,HS124,17.144808,78.507361,0, ,0.0,0.0,0.0,0.0,2,7000,0,0,0,0,0,0
TF,HS423,17.147186,78.628756,0, ,0.0,0.0,0.0,0.0,2,5600,0,1,210,0,0,0
VM,17.240556,78.428889,0,90.0,0,0,0,0,0,0,0,0

STAR,SARKA6,27R,5
IF,SAKRO,16.566667,78.296389, ,0.0,0.0,0,0,0,0,0,0,0,0
TF,SARKA,16.897258,78.351053,0, ,0.0,0.0,0.0,0.0,2,9000,0,0,0,0,0,1
TF,HS227,17.142503,78.391678,0, ,0.0,0.0,0.0,0.0,2,8500,0,0,0,0,0,0
TF,HS124,17.144808,78.507361,0, ,0.0,0.0,0.0,0.0,2,7000,0,0,0,0,0,0
TF,HS423,17.147186,78.628756,0, ,0.0,0.0,0.0,0.0,2,5600,0,1,210,0,0,0
VM,17.240556,78.428889,0,90.0,0,0,0,0,0,0,0,0

STAR,SARKA8,09L,5
IF,SAKRO,16.566667,78.296389, ,0.0,0.0,0,0,0,0,0,0,0,0
TF,SARKA,16.897258,78.351053,0, ,0.0,0.0,0.0,0.0,2,9000,0,0,0,0,0,1
TF,HS321,17.141214,78.329547,0, ,0.0,0.0,0.0,0.0,2,7000,0,0,0,0,0,0
TF,HS228,17.139367,78.240553,0, ,0.0,0.0,0.0,0.0,2,3600,0,1,210,0,0,0
VM,17.240556,78.428889,0,270.0,0,0,0,0,0,0,0,0

STAR,SARKA8,09R,5
IF,SAKRO,16.566667,78.296389, ,0.0,0.0,0,0,0,0,0,0,0,0
TF,SARKA,16.897258,78.351053,0, ,0.0,0.0,0.0,0.0,2,9000,0,0,0,0,0,1
TF,HS321,17.141214,78.329547,0, ,0.0,0.0,0.0,0.0,2,7000,0,0,0,0,0,0
TF,HS228,17.139367,78.240553,0, ,0.0,0.0,0.0,0.0,2,3600,0,1,210,0,0,0
VM,17.240556,78.428889,0,270.0,0,0,0,0,0,0,0,0

STAR,VITUR8,09L,5
IF,ANBAS,17.242778,80.140000, ,0.0,0.0,0,0,0,0,0,0,0,0
TF,VITUR,17.235478,79.102325,0, ,0.0,0.0,0.0,0.0,0,0,0,0,0,0,0,0
TF,HS224,17.145497,78.541722,0, ,0.0,0.0,0.0,0.0,2,8500,0,0,0,0,0,0
TF,HS321,17.141214,78.329547,0, ,0.0,0.0,0.0,0.0,2,7000,0,0,0,0,0,0
TF,HS228,17.139367,78.240553,0, ,0.0,0.0,0.0,0.0,2,3600,0,1,210,0,0,0
VM,17.240556,78.428889,0,270.0,0,0,0,0,0,0,0,0

STAR,VITUR8,09R,5
IF,ANBAS,17.242778,80.140000, ,0.0,0.0,0,0,0,0,0,0,0,0
TF,VITUR,17.235478,79.102325,0, ,0.0,0.0,0.0,0.0,0,0,0,0,0,0,0,0
TF,HS224,17.145497,78.541722,0, ,0.0,0.0,0.0,0.0,2,8500,0,0,0,0,0,0
TF,HS321,17.141214,78.329547,0, ,0.0,0.0,0.0,0.0,2,7000,0,0,0,0,0,0
TF,HS228,17.139367,78.240553,0, ,0.0,0.0,0.0,0.0,2,3600,0,1,210,0,0,0
VM,17.240556,78.428889,0,270.0,0,0,0,0,0,0,0,0

APPTR,D09L,09L,HIA1
IF,HIA,17.227806,78.405806, ,0.0,0.0,2,4600,0,0,0,0,0,0
FD,HIA,17.227806,78.405806,0,HIA,0.0,7.0,249.0,7.0,2,3600,0,0,0,0,0,0
CF,FD09L,17.235839,78.326133,2,HIA,277.0,4.6,97.0,3.0,2,3600,0,0,0,0,0,0

APPTR,D09L,09L,HIA2
IF,HIA,17.227806,78.405806, ,0.0,0.0,2,4600,0,0,0,0,0,0
FD,HIA,17.227806,78.405806,0,HIA,0.0,7.0,263.0,7.0,2,3600,0,0,0,0,0,0
CF,FD09L,17.235839,78.326133,2,HIA,277.0,4.6,97.0,3.0,2,3600,0,0,0,0,0,0

FINAL,D09L,09L,D,2
IF,FD09L,17.235839,78.326133,HIA,277.0,4.6,2,3600,0,0,0,0,2,0
CF,MD09L,17.229028,78.393681,0,HIA,277.0,0.7,97.0,3.9,1,2416,0,0,0,0,3,0
FA,MD09L,17.229028,78.393681,0,HIA,0.0,0.0,97.0,2,3600,0,0,0,0,0,0
DF,HIA,17.227806,78.405806,2, ,0.0,0.0,1,4600,0,0,0,0,0,0
HM,HIA,17.227806,78.405806,1, ,0.0,0.0,270.0,04.3,2,4600,0,0,0,0,0,0,0

APPTR,D09R,09R,BIMO2
IF,SAKRO,16.566667,78.296389, ,0.0,0.0,0,0,0,0,0,0,0,0
TF,BIMOP,16.963389,78.361986,0, ,0.0,0.0,0.0,0.0,0,0,0,0,0,0,1,0
TF,D190M,17.012967,78.370194,0, ,0.0,0.0,0.0,0.0,2,8500,0,0,0,0,0,0
CI,0, ,0.0,10.0,0,0,0,0,0,0,0,0
AF,D273K,17.234139,78.214361,2,HIA,273.0,11.0,190.0,2,4600,0,0,0,0,1,0
CF,FD09R,17.230478,78.325744,0,HIA,273.0,4.6,93.0,6.4,2,3600,0,0,0,0,0,0

APPTR,D09R,09R,HIA1
IF,HIA,17.227806,78.405806, ,0.0,0.0,2,4600,0,0,0,0,0,0
FD,HIA,17.227806,78.405806,0,HIA,0.0,8.0,248.0,8.0,2,3600,0,0,0,0,0,0
CF,FD09R,17.230478,78.325744,2,HIA,273.0,4.6,93.0,4.0,2,3600,0,0,0,0,0,0

APPTR,D09R,09R,HIA2
IF,HIA,17.227806,78.405806, ,0.0,0.0,2,4600,0,0,0,0,0,0
FD,HIA,17.227806,78.405806,0,HIA,0.0,7.0,259.0,7.0,2,3600,0,0,0,0,0,0
CF,FD09R,17.230478,78.325744,2,HIA,273.0,4.6,93.0,3.0,2,3600,0,0,0,0,0,0

APPTR,D09R,09R,LEDOB
IF,LEDOB,16.614458,78.684400, ,0.0,0.0,0,0,0,0,0,0,0,0
TF,D158M,17.028522,78.496539,0, ,0.0,0.0,0.0,0.0,0,0,0,0,0,0,1,0
CI,0, ,0.0,338.0,0,0,0,0,0,0,0,0
AF,D170K,17.047075,78.442317,2,HIA,170.0,11.0,158.0,2,8500,0,0,0,0,0,0
AF,D273K,17.234139,78.214361,2,HIA,273.0,11.0,170.0,2,4600,0,0,0,0,1,0
CF,FD09R,17.230478,78.325744,0,HIA,273.0,4.6,93.0,6.4,2,3600,0,0,0,0,0,0

APPTR,D09R,09R,OSEM2
IF,PONIP,17.313611,76.803056, ,0.0,0.0,0,0,0,0,0,0,0,0
TF,OSEMA,17.245236,78.110344,0, ,0.0,0.0,0.0,0.0,0,0,0,0,0,0,1,0
VI,0, ,0.0,110.0,0,0,0,0,0,0,0,0
CF,D273K,17.234139,78.214361,0,HIA,273.0,11.0,93.0,6.0,2,4600,0,0,0,0,1,0
CF,FD09R,17.230478,78.325744,0,HIA,273.0,4.6,93.0,6.4,2,3600,0,0,0,0,0,0

FINAL,D09R,09R,D,2
IF,FD09R,17.230478,78.325744,HIA,273.0,4.6,2,3600,0,0,0,0,2,0
CF,HIA,17.227806,78.405806,0,HIA,0.0,0.0,93.0,4.6,1,2155,0,0,0,0,3,0
FA,HIA,17.227806,78.405806,0,HIA,0.0,0.0,93.0,2,3600,0,0,0,0,0,0
DF,HIA,17.227806,78.405806,2, ,0.0,0.0,1,4600,0,0,0,0,0,0
HM,HIA,17.227806,78.405806,1, ,0.0,0.0,270.0,04.3,2,4600,0,0,0,0,0,0,0

APPTR,D27L,27L,BEDUK
IF,BEDUK,17.227506,78.754064, ,0.0,0.0,0,0,0,0,0,0,0,0
TF,D090M,17.231478,78.632142,0, ,0.0,0.0,0.0,0.0,2,4600,0,0,0,0,1,0
CF,FD27L,17.229956,78.536381,0,HIA,90.0,7.5,270.0,5.5,2,3600,0,0,0,0,0,0

APPTR,D27L,27L,BIMO1
IF,SAKRO,16.566667,78.296389, ,0.0,0.0,0,0,0,0,0,0,0,0
TF,BIMOP,16.963389,78.361986,0, ,0.0,0.0,0.0,0.0,0,0,0,0,0,0,1,0
CI,0, ,0.0,10.0,0,0,0,0,0,0,0,0
AF,D170M,17.014219,78.448950,1,HIA,170.0,13.0,190.0,2,8500,0,0,0,0,0,0
AF,D090M,17.231478,78.632142,1,HIA,90.0,13.0,170.0,2,4600,0,0,0,0,1,0
CF,FD27L,17.229956,78.536381,0,HIA,90.0,7.5,270.0,5.5,2,3600,0,0,0,0,0,0

APPTR,D27L,27L,HIA1
IF,HIA,17.227806,78.405806, ,0.0,0.0,2,4600,0,0,0,0,0,0
FD,HIA,17.227806,78.405806,0,HIA,0.0,11.0,108.0,11.0,2,3600,0,0,0,0,0,0
CF,FD27L,17.229956,78.536381,1,HIA,90.0,7.5,270.0,4.0,2,3600,0,0,0,0,0,0

APPTR,D27L,27L,HIA2
IF,HIA,17.227806,78.405806, ,0.0,0.0,2,4600,0,0,0,0,0,0
FD,HIA,17.227806,78.405806,0,HIA,0.0,10.0,99.0,10.0,2,3600,0,0,0,0,0,0
CF,FD27L,17.229956,78.536381,1,HIA,90.0,7.5,270.0,3.0,2,3600,0,0,0,0,0,0

APPTR,D27L,27L,LEDOB
IF,LEDOB,16.614458,78.684400, ,0.0,0.0,0,0,0,0,0,0,0,0
TF,D158O,16.997856,78.510486,0, ,0.0,0.0,0.0,0.0,0,0,0,0,0,0,1,0
CI,0, ,0.0,338.0,0,0,0,0,0,0,0,0
AF,D090M,17.231478,78.632142,1,HIA,90.0,13.0,158.0,2,4600,0,0,0,0,1,0
CF,FD27L,17.229956,78.536381,0,HIA,90.0,7.5,270.0,5.5,2,3600,0,0,0,0,0,0

FINAL,D27L,27L,D,2
IF,FD27L,17.229956,78.536381,HIA,90.0,7.5,2,3600,0,0,0,0,2,0
CF,RW27L,17.229136,78.452853,0,HIA,89.3,2.7,270.0,4.8,1,2083,0,0,0,0,3,0
CF,HIA,17.227806,78.405806,0,HIA,0.0,0.0,270.0,2.7,0,0,0,0,0,0,0,0
FA,HIA,17.227806,78.405806,0,HIA,0.0,0.0,270.0,2,3600,0,0,0,0,0,0
DF,HIA,17.227806,78.405806,1, ,0.0,0.0,1,4600,0,0,0,0,0,0
HM,HIA,17.227806,78.405806,2, ,0.0,0.0,90.0,04.3,2,4600,0,0,0,0,0,0,0

APPTR,D27R,27R,HIA1
IF,HIA,17.227806,78.405806, ,0.0,0.0,2,4600,0,0,0,0,0,0
FD,HIA,17.227806,78.405806,0,HIA,0.0,10.0,110.0,10.0,2,3600,0,0,0,0,0,0
CF,FD27R,17.234247,78.534486,1,HIA,88.0,7.4,268.0,3.0,2,3600,0,0,0,0,0,0

APPTR,D27R,27R,HIA2
IF,HIA,17.227806,78.405806, ,0.0,0.0,2,4600,0,0,0,0,0,0
FD,HIA,17.227806,78.405806,0,HIA,0.0,10.0,99.0,10.0,2,3600,0,0,0,0,0,0
CF,FD27R,17.234247,78.534486,1,HIA,88.0,7.4,268.0,3.0,2,3600,0,0,0,0,0,0

FINAL,D27R,27R,D,2
IF,FD27R,17.234247,78.534486,HIA,88.0,7.4,2,3600,0,0,0,0,2,0
CF,MD27R,17.230428,78.457967,0,HIA,88.0,3.0,268.0,4.4,1,2224,0,0,0,0,3,0
CF,HIA,17.227806,78.405806,0,HIA,0.0,0.0,268.0,3.0,0,0,0,0,0,0,0,0
FA,HIA,17.227806,78.405806,0,HIA,0.0,0.0,268.0,2,3600,0,0,0,0,0,0
DF,HIA,17.227806,78.405806,1, ,0.0,0.0,1,4600,0,0,0,0,0,0
HM,HIA,17.227806,78.405806,2, ,0.0,0.0,90.0,04.3,2,4600,0,0,0,0,0,0,0

APPTR,I09L,09L,HS804
IF,HS804,17.311319,78.204939, ,0.0,0.0,4,7000,4600,1,185,0,1,0
TF,HS803,17.261117,78.205725,0, ,0.0,0.0,0.0,0.0,0,0,0,0,0,0,0,0
TF,HS810,17.228542,78.266647,0,IHYN,0.0,0.0,0.0,0.0,2,3600,0,1,185,0,1,0

APPTR,I09L,09L,HS806
IF,HS806,17.144000,78.207631, ,0.0,0.0,4,7000,4600,1,185,0,1,0
TF,HS805,17.194425,78.206844,0, ,0.0,0.0,0.0,0.0,0,0,0,0,0,0,0,0
TF,HS810,17.228542,78.266647,0,IHYN,0.0,0.0,0.0,0.0,2,3600,0,1,185,0,1,0

APPTR,I09L,09L,HS810
HF,HS810,17.228542,78.266647,2, ,0.0,0.0,90.0,04.3,2,3600,0,1,230,0,1,0,0

FINAL,I09L,09L,I,3
IF,HS810,17.228542,78.266647,IHYN,270.2,11.0,2,3600,0,1,185,0,0,0
CF,FI09L,17.229431,78.329533,0,IHYN,270.2,7.3,90.0,3.6,1,3600,0,0,0,0,2,0
CF,RW09L,17.230653,78.415222,0,IHYN,270.2,2.4,90.0,4.9,1,2032,0,0,0,0,3,1
CA,0,90.0,2,2700,0,1,210,0,0,0
DF,HS808,17.113525,78.416972,2, ,0.0,0.0,0,0,0,1,210,0,0,0
TF,HS806,17.144000,78.207631,0, ,0.0,0.0,0.0,0.0,1,4600,0,1,210,0,0,0
HM,HS806,17.144000,78.207631,1, ,0.0,0.0,360.0,04.3,2,4600,0,1,230,0,0,0,0

APPTR,I09R,09R,BIMO2
IF,SAKRO,16.566667,78.296389, ,0.0,0.0,0,0,0,0,0,0,0,0
TF,BIMOP,16.963389,78.361986,0, ,0.0,0.0,0.0,0.0,0,0,0,0,0,0,1,0
TF,D190M,17.012967,78.370194,0, ,0.0,0.0,0.0,0.0,2,8500,0,0,0,0,0,0
CI,0, ,0.0,10.0,0,0,0,0,0,0,0,0
AF,D259K,17.189447,78.218475,2,HIA,259.0,11.0,190.0,2,4600,0,0,0,0,0,0
VI,0,IHBD,0.0,60.0,0,0,0,0,0,0,0,0

APPTR,I09R,09R,HIA1
IF,HIA,17.227806,78.405806, ,0.0,0.0,2,4600,0,0,0,0,0,0
FD,HIA,17.227806,78.405806,0,HIA,0.0,8.0,245.0,8.0,2,3600,0,0,0,0,0,0
VI,2,IHBD,0.0,60.0,0,0,0,0,0,0,0,0

APPTR,I09R,09R,HIA2
IF,HIA,17.227806,78.405806, ,0.0,0.0,2,4600,0,0,0,0,0,0
FD,HIA,17.227806,78.405806,0,HIA,0.0,7.0,256.0,7.0,2,3600,0,0,0,0,0,0
VI,2,IHBD,0.0,60.0,0,0,0,0,0,0,0,0

APPTR,I09R,09R,LEDOB
IF,LEDOB,16.614458,78.684400, ,0.0,0.0,0,0,0,0,0,0,0,0
TF,D158M,17.028522,78.496539,0, ,0.0,0.0,0.0,0.0,0,0,0,0,0,0,1,0
CI,0, ,0.0,338.0,0,0,0,0,0,0,0,0
AF,D170K,17.047075,78.442317,2,HIA,170.0,11.0,158.0,2,8500,0,0,0,0,0,0
AF,D259K,17.189447,78.218475,2,HIA,259.0,11.0,170.0,2,4600,0,0,0,0,0,0
VI,0,IHBD,0.0,60.0,0,0,0,0,0,0,0,0

APPTR,I09R,09R,OSEM2
IF,PONIP,17.313611,76.803056, ,0.0,0.0,0,0,0,0,0,0,0,0
TF,OSEMA,17.245236,78.110344,0, ,0.0,0.0,0.0,0.0,0,0,0,0,0,0,1,0
VI,0, ,0.0,110.0,0,0,0,0,0,0,0,0
CF,CI09R,17.225717,78.214283,0,IHBD,270.2,13.9,90.0,4.0,2,4600,0,0,0,0,1,0

FINAL,I09R,09R,I,3
IF,CI09R,17.225717,78.214283,IHBD,270.2,13.9,2,4600,0,0,0,0,0,0
CF,FI09R,17.227361,78.326586,0,IHBD,270.2,7.5,90.0,6.5,1,3600,0,0,0,0,2,0
CF,RW09R,17.228586,78.412808,0,IHBD,270.2,2.5,90.0,5.0,1,2027,0,0,0,0,3,0
FA,RW09R,17.228586,78.412808,0,HIA,0.0,0.0,90.0,2,3600,0,0,0,0,0,0
DF,HIA,17.227806,78.405806,2, ,0.0,0.0,1,4600,0,0,0,0,0,0
HM,HIA,17.227806,78.405806,1, ,0.0,0.0,270.0,04.3,2,4600,0,0,0,0,0,0,0

APPTR,I27L,27L,BEDUK
IF,BEDUK,17.227506,78.754064, ,0.0,0.0,0,0,0,0,0,0,0,0
CF,CI27L,17.231503,78.632086,0,ISAM,90.2,12.8,271.0,7.0,2,4600,0,0,0,0,1,0

APPTR,I27L,27L,BIMO1
IF,SAKRO,16.566667,78.296389, ,0.0,0.0,0,0,0,0,0,0,0,0
TF,BIMOP,16.963389,78.361986,0, ,0.0,0.0,0.0,0.0,0,0,0,0,0,0,1,0
CI,0, ,0.0,10.0,0,0,0,0,0,0,0,0
AF,D170M,17.014219,78.448950,1,HIA,170.0,13.0,190.0,2,8500,0,0,0,0,0,0
AF,D099M,17.197406,78.629933,1,HIA,99.0,13.0,170.0,2,4600,0,0,0,0,0,0
VI,0,ISAM,0.0,300.0,0,0,0,0,0,0,0,0

APPTR,I27L,27L,HIA1
IF,HIA,17.227806,78.405806, ,0.0,0.0,2,4600,0,0,0,0,0,0
FD,HIA,17.227806,78.405806,0,HIA,0.0,11.0,108.0,11.0,2,3600,0,0,0,0,0,0
VI,1,ISAM,0.0,300.0,0,0,0,0,0,0,0,0

APPTR,I27L,27L,HIA2
IF,HIA,17.227806,78.405806, ,0.0,0.0,2,4600,0,0,0,0,0,0
FD,HIA,17.227806,78.405806,0,HIA,0.0,10.0,99.0,10.0,2,3600,0,0,0,0,0,0
VI,1,ISAM,0.0,300.0,0,0,0,0,0,0,0,0

APPTR,I27L,27L,LEDOB
IF,LEDOB,16.614458,78.684400, ,0.0,0.0,0,0,0,0,0,0,0,0
TF,D158O,16.997856,78.510486,0, ,0.0,0.0,0.0,0.0,0,0,0,0,0,0,1,0
CI,0, ,0.0,338.0,0,0,0,0,0,0,0,0
AF,D099M,17.197406,78.629933,1,HIA,99.0,13.0,158.0,2,4600,0,0,0,0,0,0
VI,0,ISAM,0.0,300.0,0,0,0,0,0,0,0,0

FINAL,I27L,27L,I,3
IF,CI27L,17.231503,78.632086,ISAM,90.2,12.8,2,4600,0,0,0,0,0,0
CF,FI27L,17.230261,78.536494,0,ISAM,90.2,7.3,270.0,5.5,1,3600,0,0,0,0,2,0
CF,RW27L,17.229136,78.452853,0,ISAM,90.2,2.5,270.0,4.8,1,2083,0,0,0,0,3,0
CF,HIA,17.227806,78.405806,0,HIA,0.0,0.0,270.0,2.7,0,0,0,0,0,0,0,0
FA,HIA,17.227806,78.405806,0,HIA,0.0,0.0,270.0,2,3600,0,0,0,0,0,0
DF,HIA,17.227806,78.405806,1, ,0.0,0.0,1,4600,0,0,0,0,0,0
HM,HIA,17.227806,78.405806,2, ,0.0,0.0,90.0,04.3,2,4600,0,0,0,0,0,0,0

APPTR,R09LY,09L,HS009
IF,HS009,17.227769,78.214222, ,0.0,0.0,2,4600,0,1,210,0,1,0
TF,HS802,17.228608,78.266383,0, ,0.0,0.0,0.0,0.0,2,3600,0,1,185,0,1,0

APPTR,R09LY,09L,HS804
IF,HS804,17.311319,78.204939, ,0.0,0.0,2,4600,0,1,185,0,1,0
TF,HS803,17.261117,78.205725,0, ,0.0,0.0,0.0,0.0,0,0,0,0,0,0,0,0
TF,HS802,17.228608,78.266383,0, ,0.0,0.0,0.0,0.0,2,3600,0,1,185,0,1,0

APPTR,R09LY,09L,HS806
IF,HS806,17.144000,78.207631, ,0.0,0.0,2,4600,0,1,185,0,1,0
TF,HS805,17.194425,78.206844,0, ,0.0,0.0,0.0,0.0,0,0,0,0,0,0,0,0
TF,HS802,17.228608,78.266383,0, ,0.0,0.0,0.0,0.0,2,3600,0,1,185,0,1,0

FINAL,R09LY,09L,R,3
IF,HS802,17.228608,78.266383, ,0.0,0.0,2,3600,0,1,185,0,1,0
TF,HS801,17.229483,78.329064,0, ,0.0,0.0,90.0,3.6,1,3600,0,0,0,0,2,0
TF,RW09L,17.230653,78.415222,0, ,0.0,0.0,90.0,5.0,1,2024,0,0,0,0,3,1
CA,0,90.0,2,2700,0,1,210,0,0,0
DF,HS808,17.113525,78.416972,2, ,0.0,0.0,0,0,0,1,210,0,0,0
TF,HS806,17.144000,78.207631,0, ,0.0,0.0,0.0,0.0,1,4600,0,1,210,0,0,0
HM,HS806,17.144000,78.207631,1, ,0.0,0.0,360.0,04.3,2,4600,0,1,230,0,0,0,0

APPTR,R27LY,27L,HS704
IF,HS704,17.317525,78.657872, ,0.0,0.0,2,4600,0,1,185,0,1,0
TF,HS705,17.266978,78.658561,0, ,0.0,0.0,0.0,0.0,0,0,0,0,0,0,0,0
TF,HS721,17.231144,78.599372,0, ,0.0,0.0,0.0,0.0,2,3600,0,0,0,0,1,0

APPTR,R27LY,27L,HS708
IF,HS708,17.150197,78.660153, ,0.0,0.0,2,5600,0,1,185,0,1,0
TF,HS707,17.200394,78.659469,0, ,0.0,0.0,0.0,0.0,0,0,0,0,0,0,0,0
TF,HS721,17.231144,78.599372,0, ,0.0,0.0,0.0,0.0,2,3600,0,0,0,0,1,0

APPTR,R27LY,27L,HS722
IF,HS722,17.231925,78.658572, ,0.0,0.0,2,4600,0,1,210,0,1,0
TF,HS721,17.231144,78.599372,0, ,0.0,0.0,0.0,0.0,2,3600,0,0,0,0,1,0

FINAL,R27LY,27L,R,3
IF,HS721,17.231144,78.599372, ,0.0,0.0,2,3600,0,1,185,0,1,0
TF,HS720,17.230292,78.536158,0, ,0.0,0.0,270.0,3.6,1,3600,0,0,0,0,2,0
TF,RW27L,17.229136,78.452853,0, ,0.0,0.0,270.0,4.8,1,2076,0,0,0,0,3,1
CA,0,270.0,2,2500,0,1,210,0,0,0
DF,HS702,17.114003,78.451797,1, ,0.0,0.0,0,0,0,1,210,0,0,0
TF,HS708,17.150197,78.660153,0, ,0.0,0.0,0.0,0.0,2,5600,0,1,210,0,0,0
HM,HS708,17.150197,78.660153,2, ,0.0,0.0,1.0,04.3,2,5600,0,1,230,0,0,0,0

APPTR,R27RY,27R,HS704
IF,HS704,17.317525,78.657872, ,0.0,0.0,2,4600,0,1,185,0,1,0
TF,HS705,17.266978,78.658561,0, ,0.0,0.0,0.0,0.0,0,0,0,1,185,0,0,0
TF,HS706,17.233111,78.599344,0, ,0.0,0.0,0.0,0.0,2,3600,0,1,185,0,1,0

APPTR,R27RY,27R,HS708
IF,HS708,17.150197,78.660153, ,0.0,0.0,2,5600,0,1,185,0,1,0
TF,HS707,17.200394,78.659469,0, ,0.0,0.0,0.0,0.0,0,0,0,1,185,0,0,0
TF,HS706,17.233111,78.599344,0, ,0.0,0.0,0.0,0.0,2,3600,0,1,185,0,1,0

APPTR,R27RY,27R,HS709
IF,HS709,17.233842,78.659014, ,0.0,0.0,2,4600,0,1,210,0,1,0
TF,HS706,17.233111,78.599344,0, ,0.0,0.0,0.0,0.0,2,3600,0,1,185,0,1,0

FINAL,R27RY,27R,R,3
IF,HS706,17.233111,78.599344, ,0.0,0.0,2,3600,0,1,185,0,1,0
TF,HS701,17.232283,78.533194,0, ,0.0,0.0,271.0,3.8,1,3600,0,0,0,0,2,0
TF,RW27R,17.231133,78.450069,0, ,0.0,0.0,270.0,4.8,1,2080,0,0,0,0,3,1
CA,0,270.0,2,2500,0,1,210,0,0,0
DF,HS702,17.114003,78.451797,1, ,0.0,0.0,0,0,0,1,210,0,0,0
TF,HS708,17.150197,78.660153,0, ,0.0,0.0,0.0,0.0,2,5600,0,1,210,0,0,0
HM,HS708,17.150197,78.660153,2, ,0.0,0.0,1.0,04.3,2,5600,0,0,0,0,0,0,0

