APPTR,D09,09,D036M
IF,D036M,10.011714,78.211589, ,0.0,0.0,0,0,0,0,0,0,0,0
CI,0, ,0.0,216.0,0,0,0,0,0,0,0,0
AF,D322K,9.971933,77.969989,1,MDI,322.0,11.0,36.0,2,3500,0,0,0,0,0,0
AF,D277K,9.846861,77.904397,1,MDI,277.0,11.0,322.0,2,3000,0,0,0,0,1,0
TF,FD09,9.838436,78.001956,0, ,0.0,0.0,0.0,0.0,2,2000,0,0,0,0,0,0

APPTR,D09,09,D220M
IF,D220M,9.659303,77.954358, ,0.0,0.0,0,0,0,0,0,0,0,0
CI,0, ,0.0,40.0,0,0,0,0,0,0,0,0
AF,D277K,9.846861,77.904397,2,MDI,277.0,11.0,220.0,2,3000,0,0,0,0,1,0
TF,FD09,9.838436,78.001956,0, ,0.0,0.0,0.0,0.0,2,2000,0,0,0,0,0,0

APPTR,D09,09,DODSI
IF,DODSI,9.904722,76.993611, ,0.0,0.0,0,0,0,0,0,0,0,0
TF,D276R,9.851656,77.786231,0, ,0.0,0.0,0.0,0.0,0,0,0,0,0,0,1,0
TF,D276M,9.845906,77.870453,0, ,0.0,0.0,0.0,0.0,0,0,0,0,0,0,0,0
TF,D277K,9.846861,77.904397,0, ,0.0,0.0,0.0,0.0,2,3000,0,0,0,0,1,0
TF,FD09,9.838436,78.001956,0, ,0.0,0.0,0.0,0.0,2,2000,0,0,0,0,0,0

APPTR,D09,09,MDI1
IF,MDI,9.830847,78.089428, ,0.0,0.0,2,3500,0,0,0,0,1,0
FD,MDI,9.830847,78.089428,0,MDI,0.0,7.0,250.0,7.0,2,2000,0,0,0,0,0,0
CF,FD09,9.838436,78.001956,2,MDI,277.0,5.2,97.0,2.0,2,2000,0,0,0,0,0,0

APPTR,D09,09,MDI2
IF,MDI,9.830847,78.089428, ,0.0,0.0,2,3500,0,0,0,0,1,0
FD,MDI,9.830847,78.089428,0,MDI,0.0,7.0,265.0,7.0,2,2000,0,0,0,0,0,0
CF,FD09,9.838436,78.001956,2,MDI,277.0,5.2,97.0,2.0,2,2000,0,0,0,0,0,0

FINAL,D09,09,D,2
IF,FD09,9.838436,78.001956,MDI,277.0,5.2,2,2000,0,0,0,0,2,0
CF,RW09,9.833728,78.080842,0,MDI,290.6,0.5,97.0,4.7,1,512,0,0,0,0,3,0
CF,MDI,9.830847,78.089428,0,MDI,0.0,0.0,97.0,0.5,0,0,0,0,0,0,0,1
FA,MDI,9.830847,78.089428,0,MDI,0.0,0.0,97.0,2,2000,0,0,0,0,0,0
DF,MDI,9.830847,78.089428,2, ,0.0,0.0,1,3500,0,0,0,0,0,0
HM,MDI,9.830847,78.089428,1, ,0.0,0.0,250.0,04.3,2,3500,0,0,0,0,0,0,0

APPTR,D27,27,D036M
IF,D036M,10.011714,78.211589, ,0.0,0.0,0,0,0,0,0,0,0,0
CI,0, ,0.0,216.0,0,0,0,0,0,0,0,0
AF,D082K,9.862794,78.272328,2,MDI,82.0,11.0,36.0,2,3000,0,0,0,0,1,0
TF,FD27,9.846839,78.180867,0, ,0.0,0.0,0.0,0.0,2,2000,0,0,0,0,0,0

APPTR,D27,27,D230M
IF,D230M,9.685167,77.926378, ,0.0,0.0,0,0,0,0,0,0,0,0
CI,0, ,0.0,50.0,0,0,0,0,0,0,0,0
AF,D082K,9.862794,78.272328,1,MDI,82.0,11.0,230.0,2,3000,0,0,0,0,1,0
TF,FD27,9.846839,78.180867,0, ,0.0,0.0,0.0,0.0,2,2000,0,0,0,0,0,0

APPTR,D27,27,MDI1
IF,MDI,9.830847,78.089428, ,0.0,0.0,2,3500,0,0,0,0,0,0
FD,MDI,9.830847,78.089428,0,MDI,0.0,7.0,109.0,7.0,2,2000,0,0,0,0,0,0
CF,FD27,9.846839,78.180867,1,MDI,82.0,5.5,262.0,2.0,2,2000,0,0,0,0,0,0

APPTR,D27,27,MDI2
IF,MDI,9.830847,78.089428, ,0.0,0.0,2,3500,0,0,0,0,0,0
FD,MDI,9.830847,78.089428,0,MDI,0.0,7.0,94.0,7.0,2,2000,0,0,0,0,0,0
CF,FD27,9.846839,78.180867,1,MDI,82.0,5.5,262.0,2.0,2,2000,0,0,0,0,0,0

FINAL,D27,27,D,2
IF,FD27,9.846839,78.180867,MDI,82.0,5.5,2,2000,0,0,0,0,2,0
CF,RW27,9.835194,78.101047,0,MDI,71.4,0.7,262.0,4.8,1,484,0,0,0,0,3,0
CF,MDI,9.830847,78.089428,0,MDI,0.0,0.0,262.0,0.7,0,0,0,0,0,0,0,1
FA,MDI,9.830847,78.089428,0,MDI,0.0,0.0,262.0,2,2000,0,0,0,0,0,0
DF,MDI,9.830847,78.089428,1, ,0.0,0.0,1,3500,0,0,0,0,0,0
HM,MDI,9.830847,78.089428,2, ,0.0,0.0,109.0,04.3,2,3500,0,0,0,0,0,0,0

APPTR,I27,27,D036M
IF,D036M,10.011714,78.211589, ,0.0,0.0,0,0,0,0,0,0,0,0
CI,0, ,0.0,216.0,0,0,0,0,0,0,0,0
AF,D078K,9.875369,78.269639,2,MDI,78.0,11.0,36.0,2,3000,0,0,0,0,0,0
VI,0,IMDR,0.0,238.0,2,2000,0,0,0,0,0,0

APPTR,I27,27,D230M
IF,D230M,9.685167,77.926378, ,0.0,0.0,0,0,0,0,0,0,0,0
CI,0, ,0.0,50.0,0,0,0,0,0,0,0,0
AF,D098K,9.811556,78.274103,1,MDI,98.0,11.0,230.0,2,3000,0,0,0,0,0,0
VI,0,IMDR,0.0,298.0,2,2000,0,0,0,0,0,0

APPTR,I27,27,MDI1
IF,MDI,9.830847,78.089428, ,0.0,0.0,2,3500,0,0,0,0,0,0
FD,MDI,9.830847,78.089428,0,MDI,0.0,9.0,111.0,9.0,2,2000,0,0,0,0,0,0
CI,1,IMDR,0.0,298.0,2,2000,0,0,0,0,0,0

APPTR,I27,27,MDI2
IF,MDI,9.830847,78.089428, ,0.0,0.0,2,3500,0,0,0,0,0,0
FD,MDI,9.830847,78.089428,0,MDI,0.0,9.0,100.0,9.0,2,2000,0,0,0,0,0,0
CI,1,IMDR,0.0,298.0,2,2000,0,0,0,0,0,0

FINAL,I27,27,I,3
IF,CI27,9.847708,78.274400,IMDR,87.8,11.7,2,3000,0,0,0,0,0,0
CF,FI27,9.840986,78.180925,0,IMDR,87.8,6.1,268.0,5.5,1,2000,0,0,0,0,2,0
CF,RW27,9.835194,78.101047,0,IMDR,87.8,1.4,268.0,4.7,1,484,0,0,0,0,3,0
FA,RW27,9.835194,78.101047,0,MDI,0.0,0.0,268.0,2,2000,0,0,0,0,0,0
DF,MDI,9.830847,78.089428,1, ,0.0,0.0,1,3500,0,0,0,0,0,0
HM,MDI,9.830847,78.089428,2, ,0.0,0.0,111.0,04.3,2,3500,0,0,0,0,0,0,0

APPTR,N27,27,MD1
IF,MD,9.842167,78.099861, ,0.0,0.0,2,3500,0,0,0,0,0,0
FC,MD,9.842167,78.099861,0,MDI,0.0,0.0,88.0,8.8,2,2000,0,0,0,0,0,1
CF,FN27,9.816642,78.179481,2,MDI,101.0,5.4,290.0,4.0,2,2000,0,0,0,0,0,0

APPTR,N27,27,MD2
IF,MD,9.842167,78.099861, ,0.0,0.0,2,3500,0,0,0,0,0,0
FC,MD,9.842167,78.099861,0,MDI,0.0,0.0,98.0,8.8,2,2000,0,0,0,0,0,1
CF,FN27,9.816642,78.179481,2,MDI,101.0,5.4,290.0,4.0,2,2000,0,0,0,0,0,0

FINAL,N27,27,N,3
IF,FN27,9.816642,78.179481,MD,0.0,0.0,2,2000,0,0,0,0,2,0
CF,EN27,9.841283,78.103042,0,MD,0.0,0.0,290.0,4.8,1,484,0,0,0,0,0,1
CF,MD,9.842167,78.099861,0,MD,0.0,0.0,290.0,0.2,2,870,0,0,0,0,3,1
FA,MD,9.842167,78.099861,0,MDI,0.0,0.0,275.0,2,2000,0,0,0,0,0,0
DF,MD,9.842167,78.099861,1, ,0.0,0.0,1,3500,0,0,0,0,0,0
HM,MD,9.842167,78.099861,2, ,0.0,0.0,88.0,04.3,2,3500,0,0,0,0,0,0,0

