SID,COLTY,25,4
VA,0,251.0,2,1000,0,0,0,0,0,0
DF,COLTY,12.900044,79.929919,0, ,0.0,0.0,3,6000,0,0,0,0,0,0

SID,COLTY,30,4
VA,0,300.0,2,1000,0,0,0,0,0,0
CF,COLTY,12.900044,79.929919,0,MMV,250.2,14.2,240.0,14.0,3,6000,0,0,0,0,0,0

SID,COLTY,KKP,6
IF,COLTY,12.900044,79.929919, ,0.0,0.0,3,6000,0,0,0,0,0,0
TF,KKP,12.784447,79.713578,0, ,0.0,0.0,0.0,0.0,0,0,0,0,0,0,0,0

SID,COLTY,TEGUT,6
IF,COLTY,12.900044,79.929919, ,0.0,0.0,3,6000,0,0,0,0,0,0
TF,KKP,12.784447,79.713578,0, ,0.0,0.0,0.0,0.0,0,0,0,0,0,0,0,0
TF,TEGUT,11.586111,79.248333,0, ,0.0,0.0,0.0,0.0,0,0,0,0,0,0,0,0

SID,DAMAD,07,4
VA,0,71.0,2,1000,0,0,0,0,0,0
DF,MM615,13.034306,80.285972,0, ,0.0,0.0,0,0,0,0,0,0,0,0
TF,RADAB,12.834267,80.368544,0, ,0.0,0.0,0.0,0.0,0,0,0,0,0,0,0,0
TF,DAMAD,12.628217,80.362919,0, ,0.0,0.0,0.0,0.0,3,6000,0,0,0,0,0,0

SID,DAMAD,12,4
VA,0,120.0,2,1000,0,0,0,0,0,0
DF,MM604,12.931186,80.303592,0, ,0.0,0.0,3,2300,0,0,0,0,0,0
TF,RADAB,12.834267,80.368544,0, ,0.0,0.0,0.0,0.0,0,0,0,0,0,0,0,0
TF,DAMAD,12.628217,80.362919,0, ,0.0,0.0,0.0,0.0,3,6000,0,0,0,0,0,0

SID,DAMAD,AKMIL,6
IF,DAMAD,12.628217,80.362919, ,0.0,0.0,3,6000,0,0,0,0,0,0
TF,AKMIL,11.859722,80.115278,0, ,0.0,0.0,0.0,0.0,0,0,0,0,0,0,0,0

SID,DAMAD,NUVTI,6
IF,DAMAD,12.628217,80.362919, ,0.0,0.0,3,6000,0,0,0,0,0,0
TF,AKMIL,11.859722,80.115278,0, ,0.0,0.0,0.0,0.0,0,0,0,0,0,0,0,0
TF,TEGUT,11.586111,79.248333,0, ,0.0,0.0,0.0,0.0,0,0,0,0,0,0,0,0
TF,NUVTI,11.518056,78.565278,0, ,0.0,0.0,0.0,0.0,0,0,0,0,0,0,0,0

SID,DAMAD,SAGOR,6
IF,DAMAD,12.628217,80.362919, ,0.0,0.0,3,6000,0,0,0,0,0,0
TF,LOCSO,10.514625,80.281275,0, ,0.0,0.0,0.0,0.0,0,0,0,0,0,0,0,0
TF,SAGOR,10.000000,80.081667,0, ,0.0,0.0,0.0,0.0,0,0,0,0,0,0,0,0

SID,DOHIA,07,4
VA,0,71.0,2,1000,0,0,0,0,0,0
DF,DOHIA,13.208322,80.151317,1, ,0.0,0.0,0,0,0,0,0,0,0,0

SID,DOHIA,12,4
VA,0,120.0,2,1000,0,0,0,0,0,0
DF,MM602,13.013753,80.259414,0, ,0.0,0.0,0,0,0,0,0,0,0,0
TF,DOHIA,13.208322,80.151317,0, ,0.0,0.0,0.0,0.0,0,0,0,0,0,0,0,0

SID,DOHIA,25,4
VA,0,251.0,2,1000,0,0,0,0,0,0
DF,MM601,13.060081,80.129822,2, ,0.0,0.0,0,0,0,0,0,0,0,0
TF,DOHIA,13.208322,80.151317,0, ,0.0,0.0,0.0,0.0,0,0,0,0,0,0,0,0

SID,DOHIA,30,4
VA,0,300.0,2,1000,0,0,0,0,0,0
DF,MM601,13.060081,80.129822,0, ,0.0,0.0,0,0,0,0,0,0,0,0
TF,DOHIA,13.208322,80.151317,0, ,0.0,0.0,0.0,0.0,0,0,0,0,0,0,0,0

SID,DOHIA,DOLKI,6
IF,DOHIA,13.208322,80.151317, ,0.0,0.0,0,0,0,0,0,0,0,0
TF,MM610,13.291467,80.079600,0, ,0.0,0.0,0.0,0.0,3,6000,0,0,0,0,0,0
TF,RAMDO,13.569717,79.797406,0, ,0.0,0.0,0.0,0.0,0,0,0,0,0,0,0,0
TF,DAGNI,14.296528,78.823622,0, ,0.0,0.0,0.0,0.0,0,0,0,0,0,0,0,0
TF,DOLKI,15.405833,77.067222,0, ,0.0,0.0,0.0,0.0,0,0,0,0,0,0,0,0

SID,DOHIA,DORAM,6
IF,DOHIA,13.208322,80.151317, ,0.0,0.0,0,0,0,0,0,0,0,0
TF,MM610,13.291467,80.079600,0, ,0.0,0.0,0.0,0.0,3,6000,0,0,0,0,0,0
TF,RAMDO,13.569717,79.797406,0, ,0.0,0.0,0.0,0.0,0,0,0,0,0,0,0,0
TF,DAGNI,14.296528,78.823622,0, ,0.0,0.0,0.0,0.0,0,0,0,0,0,0,0,0
TF,DORAM,15.717778,77.348889,0, ,0.0,0.0,0.0,0.0,0,0,0,0,0,0,0,0

SID,DOHIA,KAMGU,6
IF,DOHIA,13.208322,80.151317, ,0.0,0.0,0,0,0,0,0,0,0,0
TF,MM611,13.315406,80.144864,0, ,0.0,0.0,0.0,0.0,3,6000,0,0,0,0,0,0
TF,KAMGU,14.975278,79.420000,0, ,0.0,0.0,0.0,0.0,0,0,0,0,0,0,0,0

SID,HALCO,07,4
VA,0,71.0,2,1000,0,0,0,0,0,0
CF,MM603,13.103233,80.188286,0,MMV,17.6,7.2,343.0,6.0,0,0,0,0,0,0,0,0
TF,FANER,13.181047,80.070239,0, ,0.0,0.0,0.0,0.0,0,0,0,0,0,0,0,0
TF,ELPOX,13.075778,79.802525,0, ,0.0,0.0,0.0,0.0,3,6000,0,0,0,0,0,0
TF,HALCO,13.190417,79.338942,0, ,0.0,0.0,0.0,0.0,0,0,0,0,0,0,0,0

SID,HALCO,12,4
VA,0,120.0,2,1000,0,0,0,0,0,0
DF,MM602,13.013753,80.259414,0, ,0.0,0.0,0,0,0,0,0,0,0,0
TF,WISAT,13.111250,80.210906,0, ,0.0,0.0,0.0,0.0,2,4000,0,0,0,0,0,0
TF,MM605,13.072097,80.024664,0, ,0.0,0.0,0.0,0.0,1,7000,0,0,0,0,0,0
TF,MM612,13.159389,79.861044,0, ,0.0,0.0,0.0,0.0,2,9000,0,0,0,0,0,0
TF,HALCO,13.190417,79.338942,0, ,0.0,0.0,0.0,0.0,0,0,0,0,0,0,0,0

SID,HALCO,25,4
VA,0,251.0,2,1000,0,0,0,0,0,0
CF,ELPOX,13.075778,79.802525,0,MMV,286.1,21.3,291.0,20.0,3,6000,0,0,0,0,0,0
TF,HALCO,13.190417,79.338942,0, ,0.0,0.0,0.0,0.0,0,0,0,0,0,0,0,0

SID,HALCO,30,4
VA,0,300.0,2,1000,0,0,0,0,0,0
CF,ELPOX,13.075778,79.802525,0,MMV,286.1,21.3,282.0,20.0,3,6000,0,0,0,0,0,0
TF,HALCO,13.190417,79.338942,0, ,0.0,0.0,0.0,0.0,0,0,0,0,0,0,0,0

SID,HALCO,GULAM,6
IF,HALCO,13.190417,79.338942, ,0.0,0.0,0,0,0,0,0,0,0,0
TF,XIVIL,13.294356,78.917781,0, ,0.0,0.0,0.0,0.0,0,0,0,0,0,0,0,0
TF,TUPIN,13.955128,77.859058,0, ,0.0,0.0,0.0,0.0,0,0,0,0,0,0,0,0
TF,GULAM,15.138611,75.998889,0, ,0.0,0.0,0.0,0.0,0,0,0,0,0,0,0,0

SID,HALCO,XIVIL,6
IF,HALCO,13.190417,79.338942, ,0.0,0.0,0,0,0,0,0,0,0,0
TF,XIVIL,13.294356,78.917781,0, ,0.0,0.0,0.0,0.0,0,0,0,0,0,0,0,0

SID,KOLCA,07,4
VA,0,71.0,2,1000,0,0,0,0,0,0
CF,KOLCA,13.305964,80.432972,0,MMV,41.2,24.2,35.0,21.0,3,6000,0,0,0,0,0,0

SID,KOLCA,12,4
VA,0,120.0,2,1000,0,0,0,0,0,0
DF,MM602,13.013753,80.259414,0, ,0.0,0.0,0,0,0,0,0,0,0,0
TF,KOLCA,13.305964,80.432972,0, ,0.0,0.0,0.0,0.0,3,6000,0,0,0,0,0,0

SID,KOLCA,25,4
VA,0,251.0,2,1000,0,0,0,0,0,0
DF,MM601,13.060081,80.129822,2, ,0.0,0.0,0,0,0,0,0,0,0,0
TF,DOHIA,13.208322,80.151317,0, ,0.0,0.0,0.0,0.0,0,0,0,0,0,0,0,0
TF,KOLCA,13.305964,80.432972,0, ,0.0,0.0,0.0,0.0,3,6000,0,0,0,0,0,0

SID,KOLCA,30,4
VA,0,300.0,2,1000,0,0,0,0,0,0
DF,MM601,13.060081,80.129822,0, ,0.0,0.0,0,0,0,0,0,0,0,0
TF,DOHIA,13.208322,80.151317,0, ,0.0,0.0,0.0,0.0,0,0,0,0,0,0,0,0
TF,KOLCA,13.305964,80.432972,0, ,0.0,0.0,0.0,0.0,3,6000,0,0,0,0,0,0

SID,KOLCA,DOKET,6
IF,KOLCA,13.305964,80.432972, ,0.0,0.0,3,6000,0,0,0,0,0,0
TF,POLOK,15.137594,81.847069,0, ,0.0,0.0,0.0,0.0,0,0,0,0,0,0,0,0
TF,DOKET,15.556667,81.840278,0, ,0.0,0.0,0.0,0.0,0,0,0,0,0,0,0,0

SID,KOLCA,VATMO,6
IF,KOLCA,13.305964,80.432972, ,0.0,0.0,3,6000,0,0,0,0,0,0
TF,VATMO,13.700000,81.450000,0, ,0.0,0.0,0.0,0.0,0,0,0,0,0,0,0,0

SID,OXENA,07,4
VA,0,71.0,2,1000,0,0,0,0,0,0
CI,0, ,0.0,71.0,0,0,0,0,0,0,0,0
CF,MM609,12.867119,80.433194,0,MMV,115.6,17.8,139.0,14.0,3,6000,0,0,0,0,0,0
TF,OXENA,12.396608,80.985172,0, ,0.0,0.0,0.0,0.0,0,0,0,0,0,0,0,0

SID,OXENA,12,4
VA,0,120.0,2,1000,0,0,0,0,0,0
DF,MM604,12.931186,80.303592,0, ,0.0,0.0,3,2300,0,0,0,0,0,0
TF,OXENA,12.396608,80.985172,0, ,0.0,0.0,0.0,0.0,0,0,0,0,0,0,0,0

SID,OXENA,25,4
VA,0,251.0,2,1000,0,0,0,0,0,0
CF,MM608,12.743725,80.186531,0,MMV,174.6,14.7,165.0,14.0,3,4000,0,0,0,0,0,0
TF,DAMAD,12.628217,80.362919,0, ,0.0,0.0,0.0,0.0,3,6000,0,0,0,0,0,0
TF,OXENA,12.396608,80.985172,0, ,0.0,0.0,0.0,0.0,0,0,0,0,0,0,0,0

SID,OXENA,30,4
VA,0,300.0,2,1000,0,0,0,0,0,0
CF,MM606,12.858094,80.047164,1,MMV,221.1,10.0,208.0,9.0,0,0,0,0,0,0,0,0
TF,DAMAD,12.628217,80.362919,0, ,0.0,0.0,0.0,0.0,3,6000,0,0,0,0,0,0
TF,OXENA,12.396608,80.985172,0, ,0.0,0.0,0.0,0.0,0,0,0,0,0,0,0,0

SID,OXENA,AVNOS,6
IF,OXENA,12.396608,80.985172, ,0.0,0.0,0,0,0,0,0,0,0,0
TF,GETOR,11.759978,82.393800,0, ,0.0,0.0,0.0,0.0,0,0,0,0,0,0,0,0
TF,AVNOS,11.757778,83.359722,0, ,0.0,0.0,0.0,0.0,0,0,0,0,0,0,0,0

SID,OXENA,GIRNA,6
IF,OXENA,12.396608,80.985172, ,0.0,0.0,0,0,0,0,0,0,0,0
TF,GETOR,11.759978,82.393800,0, ,0.0,0.0,0.0,0.0,0,0,0,0,0,0,0,0
TF,GIRNA,11.585000,83.314722,0, ,0.0,0.0,0.0,0.0,0,0,0,0,0,0,0,0

SID,PATTY,07,4
VA,0,71.0,2,1000,0,0,0,0,0,0
CF,MM607,12.807114,80.296714,2,MMV,144.2,13.6,162.0,13.0,4,6000,4000,0,0,0,0,0
TF,METEM,12.732122,80.083622,0, ,0.0,0.0,0.0,0.0,2,8000,0,0,0,0,0,0
TF,PATTY,12.561978,79.600347,0, ,0.0,0.0,0.0,0.0,0,0,0,0,0,0,0,0

SID,PATTY,12,4
VA,0,120.0,2,1000,0,0,0,0,0,0
CF,GANAN,12.678914,79.932678,2,MMV,217.1,22.6,228.0,24.0,0,0,0,0,0,0,0,0
TF,MM614,12.637944,79.815825,0, ,0.0,0.0,0.0,0.0,3,7000,0,0,0,0,0,0
TF,PATTY,12.561978,79.600347,0, ,0.0,0.0,0.0,0.0,0,0,0,0,0,0,0,0

SID,PATTY,LAXIK,6
IF,PATTY,12.561978,79.600347, ,0.0,0.0,0,0,0,0,0,0,0,0
TF,LAXIK,12.502500,79.453611,0, ,0.0,0.0,0.0,0.0,0,0,0,0,0,0,0,0

SID,PATTY,TEGUT,6
IF,PATTY,12.561978,79.600347, ,0.0,0.0,0,0,0,0,0,0,0,0
TF,TEGUT,11.586111,79.248333,0, ,0.0,0.0,0.0,0.0,0,0,0,0,0,0,0,0

SID,SIDAT,07,4
VA,0,71.0,2,1000,0,0,0,0,0,0
VI,0, ,0.0,71.0,0,0,0,0,0,0,0,0
CF,MM613,13.075311,80.521878,0,MMV,78.1,22.1,81.0,17.0,3,6000,0,0,0,0,0,0
TF,SIDAT,13.129439,80.836617,0, ,0.0,0.0,0.0,0.0,0,0,0,0,0,0,0,0

SID,SIDAT,12,4
VA,0,120.0,2,1000,0,0,0,0,0,0
CF,MM613,13.075311,80.521878,0,MMV,78.1,22.1,73.0,19.0,3,6000,0,0,0,0,0,0
TF,SIDAT,13.129439,80.836617,0, ,0.0,0.0,0.0,0.0,0,0,0,0,0,0,0,0

SID,SIDAT,25,4
VA,0,251.0,2,1000,0,0,0,0,0,0
DF,MM601,13.060081,80.129822,2, ,0.0,0.0,0,0,0,0,0,0,0,0
TF,DOHIA,13.208322,80.151317,0, ,0.0,0.0,0.0,0.0,0,0,0,0,0,0,0,0
TF,KOLCA,13.305964,80.432972,0, ,0.0,0.0,0.0,0.0,3,6000,0,0,0,0,0,0
TF,SIDAT,13.129439,80.836617,0, ,0.0,0.0,0.0,0.0,0,0,0,0,0,0,0,0

SID,SIDAT,30,4
VA,0,300.0,2,1000,0,0,0,0,0,0
DF,MM601,13.060081,80.129822,2, ,0.0,0.0,0,0,0,0,0,0,0,0
TF,DOHIA,13.208322,80.151317,0, ,0.0,0.0,0.0,0.0,0,0,0,0,0,0,0,0
TF,KOLCA,13.305964,80.432972,0, ,0.0,0.0,0.0,0.0,3,6000,0,0,0,0,0,0
TF,SIDAT,13.129439,80.836617,0, ,0.0,0.0,0.0,0.0,0,0,0,0,0,0,0,0

SID,SIDAT,AVMOR,6
IF,SIDAT,13.129439,80.836617, ,0.0,0.0,0,0,0,0,0,0,0,0
TF,AVMOR,12.557500,82.011389,0, ,0.0,0.0,0.0,0.0,0,0,0,0,0,0,0,0

SID,SIDAT,IDASO,6
IF,SIDAT,13.129439,80.836617, ,0.0,0.0,0,0,0,0,0,0,0,0
TF,BAROT,12.995369,82.393778,0, ,0.0,0.0,0.0,0.0,0,0,0,0,0,0,0,0
TF,IDASO,12.659722,83.556389,0, ,0.0,0.0,0.0,0.0,0,0,0,0,0,0,0,0

STAR,ACUBU,NOPES,4
IF,NOPES,12.548889,79.350000, ,0.0,0.0,0,0,0,0,0,0,0,0
TF,BUTLA,12.848611,79.500556,0, ,0.0,0.0,0.0,0.0,2,9000,0,1,250,0,0,0

STAR,ACUBU,TEGUT,4
IF,TEGUT,11.586111,79.248333, ,0.0,0.0,0,0,0,0,0,0,0,0
TF,NOPES,12.548889,79.350000,0, ,0.0,0.0,0.0,0.0,0,0,0,0,0,0,0,0
TF,BUTLA,12.848611,79.500556,0, ,0.0,0.0,0.0,0.0,2,9000,0,1,250,0,0,0

STAR,ACUBU,TULNA,4
IF,TULNA,12.968367,79.095314, ,0.0,0.0,0,0,0,0,0,0,0,0
TF,BUTLA,12.848611,79.500556,0, ,0.0,0.0,0.0,0.0,2,9000,0,1,250,0,0,0

STAR,ACUBU,30,5
IF,BUTLA,12.848611,79.500556, ,0.0,0.0,2,9000,0,1,250,0,0,0
TF,ACUBU,12.966825,79.823083,0, ,0.0,0.0,0.0,0.0,0,0,0,0,0,0,0,0
TF,MM507,12.974544,79.957022,0, ,0.0,0.0,0.0,0.0,0,0,0,0,0,0,0,0
TF,MM501,12.887572,80.181294,0, ,0.0,0.0,0.0,0.0,2,7000,0,0,0,0,0,0
TF,MM509,12.804561,80.341853,0, ,0.0,0.0,0.0,0.0,2,4000,0,1,210,0,0,0

STAR,ARDAB,AKMIL,4
IF,AKMIL,11.859722,80.115278, ,0.0,0.0,0,0,0,0,0,0,0,0
TF,ARDAB,12.340269,80.321339,0, ,0.0,0.0,0.0,0.0,2,9000,0,1,250,0,0,0

STAR,ARDAB,25,6
IF,ARDAB,12.340269,80.321339, ,0.0,0.0,2,9000,0,1,250,0,0,0
TF,MM512,12.987906,80.444842,0, ,0.0,0.0,0.0,0.0,2,4000,0,1,210,0,0,0

STAR,ARDAB,30,6
IF,ARDAB,12.340269,80.321339, ,0.0,0.0,2,9000,0,1,250,0,0,0
TF,MM509,12.804561,80.341853,0, ,0.0,0.0,0.0,0.0,2,4000,0,1,210,0,0,0

STAR,BUTLA,NOPES,4
IF,NOPES,12.548889,79.350000, ,0.0,0.0,0,0,0,0,0,0,0,0
TF,BUTLA,12.848611,79.500556,0, ,0.0,0.0,0.0,0.0,2,9000,0,1,250,0,0,0

STAR,BUTLA,TEGUT,4
IF,TEGUT,11.586111,79.248333, ,0.0,0.0,0,0,0,0,0,0,0,0
TF,NOPES,12.548889,79.350000,0, ,0.0,0.0,0.0,0.0,0,0,0,0,0,0,0,0
TF,BUTLA,12.848611,79.500556,0, ,0.0,0.0,0.0,0.0,2,9000,0,1,250,0,0,0

STAR,BUTLA,TULNA,4
IF,TULNA,12.968367,79.095314, ,0.0,0.0,0,0,0,0,0,0,0,0
TF,BUTLA,12.848611,79.500556,0, ,0.0,0.0,0.0,0.0,2,9000,0,1,250,0,0,0

STAR,BUTLA,07,6
IF,BUTLA,12.848611,79.500556, ,0.0,0.0,2,9000,0,1,250,0,0,0
TF,MM513,12.992603,79.890544,0, ,0.0,0.0,0.0,0.0,2,4000,0,1,210,0,0,0

STAR,BUTLA,12,6
IF,BUTLA,12.848611,79.500556, ,0.0,0.0,2,9000,0,1,250,0,0,0
TF,MM516,13.053750,79.806617,0, ,0.0,0.0,0.0,0.0,2,6500,0,1,210,0,0,0

STAR,BUTLA,25,6
IF,BUTLA,12.848611,79.500556, ,0.0,0.0,2,9000,0,1,250,0,0,0
TF,MM505,13.131825,80.263256,0, ,0.0,0.0,0.0,0.0,2,7000,0,0,0,0,0,0
TF,MM510,13.173139,80.369617,0, ,0.0,0.0,0.0,0.0,2,4000,0,1,210,0,0,0

STAR,BUTLA,30,6
IF,BUTLA,12.848611,79.500556, ,0.0,0.0,2,9000,0,1,250,0,0,0
TF,WISAT,13.111250,80.210906,0, ,0.0,0.0,0.0,0.0,0,0,0,0,0,0,0,0
TF,MM504,13.072225,80.277511,0, ,0.0,0.0,0.0,0.0,2,7000,0,0,0,0,0,0
TF,MM512,12.987906,80.444842,0, ,0.0,0.0,0.0,0.0,2,4000,0,1,210,0,0,0

STAR,GAVID,AVMOR,4
IF,AVMOR,12.557500,82.011389, ,0.0,0.0,0,0,0,0,0,0,0,0
TF,GAVID,12.805478,80.825861,0, ,0.0,0.0,0.0,0.0,2,9000,0,1,250,0,0,0

STAR,GAVID,07,6
IF,GAVID,12.805478,80.825861, ,0.0,0.0,2,9000,0,1,250,0,0,0
TF,WISAT,13.111250,80.210906,0, ,0.0,0.0,0.0,0.0,0,0,0,0,0,0,0,0
TF,MM503,13.055164,80.054214,0, ,0.0,0.0,0.0,0.0,2,7000,0,0,0,0,0,0
TF,MM513,12.992603,79.890544,0, ,0.0,0.0,0.0,0.0,2,4000,0,1,210,0,0,0

STAR,GAVID,12,6
IF,GAVID,12.805478,80.825861, ,0.0,0.0,2,9000,0,1,250,0,0,0
TF,MM511,13.210758,80.013797,0, ,0.0,0.0,0.0,0.0,2,8000,0,0,0,0,0,0
TF,MM515,13.260253,79.919708,0, ,0.0,0.0,0.0,0.0,2,6500,0,1,210,0,0,0

STAR,GAVID,25,6
IF,GAVID,12.805478,80.825861, ,0.0,0.0,2,9000,0,1,250,0,0,0
TF,MM512,12.987906,80.444842,0, ,0.0,0.0,0.0,0.0,2,4000,0,1,210,0,0,0

STAR,GAVID,30,6
IF,GAVID,12.805478,80.825861, ,0.0,0.0,2,9000,0,1,250,0,0,0
TF,MM512,12.987906,80.444842,0, ,0.0,0.0,0.0,0.0,2,4000,0,1,210,0,0,0

STAR,GUANI,ANIRO,4
IF,ANIRO,14.036044,78.608389, ,0.0,0.0,0,0,0,0,0,0,0,0
TF,GUANI,13.425611,79.648147,0, ,0.0,0.0,0.0,0.0,2,9000,0,1,250,0,0,0

STAR,GUANI,OPAMO,4
IF,OPAMO,14.593056,77.090556, ,0.0,0.0,0,0,0,0,0,0,0,0
TF,ANIRO,14.036044,78.608389,0, ,0.0,0.0,0.0,0.0,0,0,0,0,0,0,0,0
TF,GUANI,13.425611,79.648147,0, ,0.0,0.0,0.0,0.0,2,9000,0,1,250,0,0,0

STAR,GUANI,07,6
IF,GUANI,13.425611,79.648147, ,0.0,0.0,2,9000,0,1,250,0,0,0
TF,FANER,13.181047,80.070239,0, ,0.0,0.0,0.0,0.0,0,0,0,0,0,0,0,0
TF,MM503,13.055164,80.054214,0, ,0.0,0.0,0.0,0.0,2,7000,0,0,0,0,0,0
TF,MM513,12.992603,79.890544,0, ,0.0,0.0,0.0,0.0,2,4000,0,1,210,0,0,0

STAR,GUANI,12,6
IF,GUANI,13.425611,79.648147, ,0.0,0.0,2,9000,0,1,250,0,0,0
TF,MM515,13.260253,79.919708,0, ,0.0,0.0,0.0,0.0,2,6500,0,1,210,0,0,0

STAR,GUANI,25,6
IF,GUANI,13.425611,79.648147, ,0.0,0.0,2,9000,0,1,250,0,0,0
TF,MM503,13.055164,80.054214,0, ,0.0,0.0,0.0,0.0,0,0,0,0,0,0,0,0
TF,MM505,13.131825,80.263256,0, ,0.0,0.0,0.0,0.0,2,7000,0,0,0,0,0,0
TF,MM510,13.173139,80.369617,0, ,0.0,0.0,0.0,0.0,2,4000,0,1,210,0,0,0

STAR,GUANI,30,6
IF,GUANI,13.425611,79.648147, ,0.0,0.0,2,9000,0,1,250,0,0,0
TF,MM504,13.072225,80.277511,0, ,0.0,0.0,0.0,0.0,2,7000,0,0,0,0,0,0
TF,MM512,12.987906,80.444842,0, ,0.0,0.0,0.0,0.0,2,4000,0,1,210,0,0,0

STAR,RAAGA,AVMOR,4
IF,AVMOR,12.557500,82.011389, ,0.0,0.0,0,0,0,0,0,0,0,0
TF,GAVID,12.805478,80.825861,0, ,0.0,0.0,0.0,0.0,2,9000,0,1,250,0,0,0

STAR,RAAGA,07,5
IF,GAVID,12.805478,80.825861, ,0.0,0.0,2,9000,0,1,250,0,0,0
TF,RAAGA,12.980767,80.425808,0, ,0.0,0.0,0.0,0.0,0,0,0,0,0,0,0,0
TF,MM502,12.875086,80.146911,0, ,0.0,0.0,0.0,0.0,2,7000,0,0,0,0,0,0
TF,MM514,12.804256,79.962086,0, ,0.0,0.0,0.0,0.0,2,4000,0,1,210,0,0,0

STAR,RUPKU,BOPRI,4
IF,BOPRI,15.576667,79.948056, ,0.0,0.0,0,0,0,0,0,0,0,0
TF,RUPKU,13.642500,80.338889,0, ,0.0,0.0,0.0,0.0,2,9000,0,1,250,0,0,0

STAR,RUPKU,DOKET,4
IF,DOKET,15.556667,81.840278, ,0.0,0.0,0,0,0,0,0,0,0,0
TF,RUPKU,13.642500,80.338889,0, ,0.0,0.0,0.0,0.0,2,9000,0,1,250,0,0,0

STAR,RUPKU,GURAS,4
IF,GURAS,14.001389,80.831667, ,0.0,0.0,0,0,0,0,0,0,0,0
TF,RUPKU,13.642500,80.338889,0, ,0.0,0.0,0.0,0.0,2,9000,0,1,250,0,0,0

STAR,RUPKU,RINTO,4
IF,RINTO,14.387222,80.055000, ,0.0,0.0,0,0,0,0,0,0,0,0
TF,RUPKU,13.642500,80.338889,0, ,0.0,0.0,0.0,0.0,2,9000,0,1,250,0,0,0

STAR,RUPKU,07,6
IF,RUPKU,13.642500,80.338889, ,0.0,0.0,2,9000,0,1,250,0,0,0
TF,WISAT,13.111250,80.210906,0, ,0.0,0.0,0.0,0.0,0,0,0,0,0,0,0,0
TF,MM503,13.055164,80.054214,0, ,0.0,0.0,0.0,0.0,2,7000,0,0,0,0,0,0
TF,MM513,12.992603,79.890544,0, ,0.0,0.0,0.0,0.0,2,4000,0,1,210,0,0,0

STAR,RUPKU,12,6
IF,RUPKU,13.642500,80.338889, ,0.0,0.0,2,9000,0,1,250,0,0,0
TF,MM508,13.235569,80.232369,0, ,0.0,0.0,0.0,0.0,0,0,0,0,0,0,0,0
TF,FANER,13.181047,80.070239,0, ,0.0,0.0,0.0,0.0,0,0,0,0,0,0,0,0
TF,MM511,13.210758,80.013797,0, ,0.0,0.0,0.0,0.0,2,8000,0,0,0,0,0,0
TF,MM515,13.260253,79.919708,0, ,0.0,0.0,0.0,0.0,2,6500,0,1,210,0,0,0

STAR,RUPKU,25,6
IF,RUPKU,13.642500,80.338889, ,0.0,0.0,2,9000,0,1,250,0,0,0
TF,MM508,13.235569,80.232369,0, ,0.0,0.0,0.0,0.0,0,0,0,0,0,0,0,0
TF,MM505,13.131825,80.263256,0, ,0.0,0.0,0.0,0.0,2,7000,0,0,0,0,0,0
TF,MM510,13.173139,80.369617,0, ,0.0,0.0,0.0,0.0,2,4000,0,1,210,0,0,0

STAR,RUPKU,30,6
IF,RUPKU,13.642500,80.338889, ,0.0,0.0,2,9000,0,1,250,0,0,0
TF,WISAT,13.111250,80.210906,0, ,0.0,0.0,0.0,0.0,0,0,0,0,0,0,0,0
TF,MM504,13.072225,80.277511,0, ,0.0,0.0,0.0,0.0,2,7000,0,0,0,0,0,0
TF,MM512,12.987906,80.444842,0, ,0.0,0.0,0.0,0.0,2,4000,0,1,210,0,0,0

STAR,TRYCO,AKMIL,4
IF,AKMIL,11.859722,80.115278, ,0.0,0.0,0,0,0,0,0,0,0,0
TF,TRYCO,12.399964,79.865472,0, ,0.0,0.0,0.0,0.0,2,9000,0,1,250,0,0,0

STAR,TRYCO,TAPAS,4
IF,TAPAS,11.301111,79.399167, ,0.0,0.0,0,0,0,0,0,0,0,0
TF,TRYCO,12.399964,79.865472,0, ,0.0,0.0,0.0,0.0,2,9000,0,1,250,0,0,0

STAR,TRYCO,07,6
IF,TRYCO,12.399964,79.865472, ,0.0,0.0,2,9000,0,1,250,0,0,0
TF,GANAN,12.678914,79.932678,0, ,0.0,0.0,0.0,0.0,4,7000,6000,0,0,0,0,0
TF,MM514,12.804256,79.962086,0, ,0.0,0.0,0.0,0.0,2,4000,0,1,210,0,0,0

STAR,TRYCO,12,6
IF,TRYCO,12.399964,79.865472, ,0.0,0.0,2,9000,0,1,250,0,0,0
TF,MM506,12.952789,79.996875,0, ,0.0,0.0,0.0,0.0,2,8000,0,0,0,0,0,0
TF,MM516,13.053750,79.806617,0, ,0.0,0.0,0.0,0.0,2,6500,0,1,210,0,0,0

STAR,TRYCO,25,6
IF,TRYCO,12.399964,79.865472, ,0.0,0.0,2,9000,0,1,250,0,0,0
TF,MM501,12.887572,80.181294,0, ,0.0,0.0,0.0,0.0,2,7000,0,0,0,0,0,0
TF,MM512,12.987906,80.444842,0, ,0.0,0.0,0.0,0.0,2,4000,0,1,210,0,0,0

STAR,TRYCO,30,6
IF,TRYCO,12.399964,79.865472, ,0.0,0.0,2,9000,0,1,250,0,0,0
TF,MM501,12.887572,80.181294,0, ,0.0,0.0,0.0,0.0,2,7000,0,0,0,0,0,0
TF,MM509,12.804561,80.341853,0, ,0.0,0.0,0.0,0.0,2,4000,0,1,210,0,0,0

APPTR,D07,07,AKMIL
IF,AKMIL,11.859722,80.115278, ,0.0,0.0,0,0,0,0,0,0,0,0
TF,D184N,12.753422,80.146714,0, ,0.0,0.0,0.0,0.0,0,0,0,0,0,0,1,0
CI,0, ,0.0,4.0,0,0,0,0,0,0,0,0
AF,D244L,12.893261,79.974217,2,MMV,244.0,12.0,184.0,2,2300,0,0,0,0,1,0
CF,FD07,12.935775,80.055567,0,MMV,244.0,6.6,64.0,5.4,2,2100,0,0,0,0,0,0

APPTR,D07,07,D271T
IF,D271T,12.981567,79.813664, ,0.0,0.0,0,0,0,0,0,0,0,0
TF,D271N,12.983433,79.916069,0, ,0.0,0.0,0.0,0.0,0,0,0,0,0,0,1,0
CI,0, ,0.0,91.0,0,0,0,0,0,0,0,0
AF,D244L,12.893261,79.974217,1,MMV,244.0,12.0,271.0,2,2300,0,0,0,0,1,0
CF,FD07,12.935775,80.055567,0,MMV,244.0,6.6,64.0,5.4,2,2100,0,0,0,0,0,0

APPTR,D07,07,GURAS
IF,GURAS,14.001389,80.831667, ,0.0,0.0,0,0,0,0,0,0,0,0
TF,D035N,13.183994,80.285544,0, ,0.0,0.0,0.0,0.0,0,0,0,0,0,0,1,0
CI,0, ,0.0,215.0,0,0,0,0,0,0,0,0
AF,D317L,13.129642,80.010086,1,MMV,317.0,12.0,35.0,2,4000,0,0,0,0,0,0
AF,D244L,12.893261,79.974217,1,MMV,244.0,12.0,317.0,2,2300,0,0,0,0,1,0
CF,FD07,12.935775,80.055567,0,MMV,244.0,6.6,64.0,5.4,2,2100,0,0,0,0,0,0

APPTR,D07,07,KKP
IF,KKP,12.784447,79.713578, ,0.0,0.0,0,0,0,0,0,0,0,0
TF,D244T,12.830275,79.853756,0, ,0.0,0.0,0.0,0.0,0,0,0,0,0,0,1,0
TF,D244L,12.893261,79.974217,0, ,0.0,0.0,0.0,0.0,2,2300,0,0,0,0,1,0
TF,FD07,12.935775,80.055567,0, ,0.0,0.0,0.0,0.0,2,2100,0,0,0,0,0,0

APPTR,D07,07,MMV1
IF,MMV,12.987636,80.155022, ,0.0,0.0,2,3000,0,0,0,0,0,0
FD,MMV,12.987636,80.155022,0,MMV,0.0,9.0,272.0,9.0,2,2100,0,0,0,0,0,0
CF,FD07,12.935775,80.055567,1,MMV,244.0,6.6,64.0,3.0,2,2100,0,0,0,0,0,0

APPTR,D07,07,MMV2
IF,MMV,12.987636,80.155022, ,0.0,0.0,2,3000,0,0,0,0,0,0
FD,MMV,12.987636,80.155022,0,MMV,0.0,9.0,261.0,9.0,2,2100,0,0,0,0,0,0
CF,FD07,12.935775,80.055567,1,MMV,244.0,6.6,64.0,3.0,2,2100,0,0,0,0,0,0

FINAL,D07,07,D,2
IF,FD07,12.935775,80.055567,MMV,244.0,6.6,2,2100,0,0,0,0,2,0
CF,MD07,12.979775,80.139950,0,MMV,244.0,0.0,64.0,5.6,1,351,0,0,0,0,3,0
FA,MD07,12.979775,80.139950,0,MMV,0.0,0.0,64.0,2,2300,0,0,0,0,0,0
DF,MMV,12.987636,80.155022,1, ,0.0,0.0,1,3000,0,0,0,0,0,0
HM,MMV,12.987636,80.155022,2, ,0.0,0.0,272.0,04.3,2,3000,0,0,0,0,0,0,0

APPTR,D12,12,AKMIL
IF,AKMIL,11.859722,80.115278, ,0.0,0.0,0,0,0,0,0,0,0,0
TF,D184N,12.753422,80.146714,0, ,0.0,0.0,0.0,0.0,0,0,0,0,0,0,1,0
CI,0, ,0.0,4.0,0,0,0,0,0,0,0,0
AF,D240L,12.897792,79.992450,2,CNI,240.0,12.0,186.0,2,4000,0,0,0,0,0,0
AF,D294L,13.079489,79.976106,2,CNI,294.0,12.0,240.0,2,2300,0,0,0,0,1,0
CF,FD12,13.045672,80.061622,0,CNI,294.0,6.6,114.0,5.4,1,2100,0,0,0,0,0,0

APPTR,D12,12,CNI1
IF,CNI,13.004297,80.166122, ,0.0,0.0,2,3000,0,0,0,0,0,0
FD,CNI,13.004297,80.166122,0,CNI,0.0,9.0,273.0,9.0,2,2100,0,0,0,0,0,0
CF,FD12,13.045672,80.061622,2,CNI,294.0,6.6,114.0,3.0,1,2100,0,0,0,0,0,0

APPTR,D12,12,CNI2
IF,CNI,13.004297,80.166122, ,0.0,0.0,2,3000,0,0,0,0,0,0
FD,CNI,13.004297,80.166122,0,CNI,0.0,9.0,284.0,9.0,2,2100,0,0,0,0,0,0
CF,FD12,13.045672,80.061622,2,CNI,294.0,6.6,114.0,3.0,1,2100,0,0,0,0,0,0

APPTR,D12,12,D271T
IF,D271T,12.981567,79.813664, ,0.0,0.0,0,0,0,0,0,0,0,0
TF,D271N,12.983433,79.916069,0, ,0.0,0.0,0.0,0.0,2,2300,0,0,0,0,1,0
CI,0, ,0.0,91.0,0,0,0,0,0,0,0,0
AF,D294L,13.079489,79.976106,2,CNI,294.0,12.0,266.0,2,2300,0,0,0,0,1,0
CF,FD12,13.045672,80.061622,0,CNI,294.0,6.6,114.0,5.4,1,2100,0,0,0,0,0,0

APPTR,D12,12,GURAS
IF,GURAS,14.001389,80.831667, ,0.0,0.0,0,0,0,0,0,0,0,0
TF,D035N,13.183994,80.285544,0, ,0.0,0.0,0.0,0.0,0,0,0,0,0,0,1,0
CI,0, ,0.0,215.0,0,0,0,0,0,0,0,0
AF,D335L,13.183278,80.073036,1,CNI,335.0,12.0,35.0,2,4000,0,0,0,0,0,0
AF,D294L,13.079489,79.976106,1,CNI,294.0,12.0,335.0,2,2300,0,0,0,0,1,0
CF,FD12,13.045672,80.061622,0,CNI,294.0,6.6,114.0,5.4,1,2100,0,0,0,0,0,0

APPTR,D12,12,KKP
IF,KKP,12.784447,79.713578, ,0.0,0.0,0,0,0,0,0,0,0,0
TF,D247N,12.888500,79.938506,0, ,0.0,0.0,0.0,0.0,0,0,0,0,0,0,1,0
CI,0, ,0.0,67.0,0,0,0,0,0,0,0,0
AF,D294L,13.079489,79.976106,2,CNI,294.0,12.0,243.0,2,2300,0,0,0,0,1,0
CF,FD12,13.045672,80.061622,0,CNI,294.0,6.6,114.0,5.4,1,2100,0,0,0,0,0,0

FINAL,D12,12,D,2
IF,FD12,13.045672,80.061622,CNI,294.0,6.6,1,2100,0,0,0,0,2,0
CF,MD12,13.016844,80.134450,0,CNI,294.0,2.0,114.0,4.6,1,674,0,0,0,0,3,0
CF,CNI,13.004297,80.166122,0,CNI,0.0,0.0,114.0,2.0,0,0,0,0,0,0,0,0
FA,CNI,13.004297,80.166122,0,CNI,0.0,0.0,114.0,2,2300,0,0,0,0,0,0
DF,CNI,13.004297,80.166122,1, ,0.0,0.0,1,3000,0,0,0,0,0,0
HM,CNI,13.004297,80.166122,2, ,0.0,0.0,273.0,04.3,2,3000,0,0,0,0,0,0,0

APPTR,D25,25,ANIRO
IF,ANIRO,14.036044,78.608389, ,0.0,0.0,0,0,0,0,0,0,0,0
TF,D306P,13.140767,79.930847,0, ,0.0,0.0,0.0,0.0,0,0,0,0,0,0,1,0
CI,0, ,0.0,126.0,0,0,0,0,0,0,0,0
AF,D035N,13.183994,80.285544,2,MMV,35.1,14.0,306.0,2,4000,0,0,0,0,0,0
AF,D074N,13.059958,80.382381,2,MMV,74.0,14.0,35.0,2,2300,0,0,0,0,1,0
CF,FD25,13.029533,80.286556,0,MMV,74.0,8.1,254.0,5.9,2,2100,0,0,0,0,0,0

APPTR,D25,25,D113P
IF,D113P,12.891653,80.409961, ,0.0,0.0,0,0,0,0,0,0,1,0
CI,0, ,0.0,293.0,0,0,0,0,0,0,0,0
AF,D074N,13.059958,80.382381,1,MMV,74.0,14.0,113.0,2,2300,0,0,0,0,1,0
CF,FD25,13.029533,80.286556,0,MMV,74.0,8.1,254.0,5.9,2,2100,0,0,0,0,0,0

APPTR,D25,25,GURAS
IF,GURAS,14.001389,80.831667, ,0.0,0.0,0,0,0,0,0,0,0,0
TF,D035P,13.212042,80.304208,0, ,0.0,0.0,0.0,0.0,0,0,0,0,0,0,1,0
CI,0, ,0.0,215.0,0,0,0,0,0,0,0,0
AF,D074N,13.059958,80.382381,2,MMV,74.0,14.0,35.0,2,2300,0,0,0,0,1,0
CF,FD25,13.029533,80.286556,0,MMV,74.0,8.1,254.0,5.9,2,2100,0,0,0,0,0,0

APPTR,D25,25,MMV1
IF,MMV,12.987636,80.155022, ,0.0,0.0,2,3000,0,0,0,0,0,0
FD,MMV,12.987636,80.155022,0,MMV,0.0,10.0,93.0,10.0,2,2100,0,0,0,0,0,0
CF,FD25,13.029533,80.286556,1,MMV,74.0,8.1,254.0,2.0,2,2100,0,0,0,0,0,0

APPTR,D25,25,MMV2
IF,MMV,12.987636,80.155022, ,0.0,0.0,2,3000,0,0,0,0,0,0
FD,MMV,12.987636,80.155022,0,MMV,0.0,10.0,83.0,10.0,2,2100,0,0,0,0,0,0
CF,FD25,13.029533,80.286556,1,MMV,74.0,8.1,254.0,2.0,2,2100,0,0,0,0,0,0

APPTR,D25,25,TEGUT
IF,TEGUT,11.586111,79.248333, ,0.0,0.0,0,0,0,0,0,0,0,0
TF,D214P,12.761867,80.008142,0, ,0.0,0.0,0.0,0.0,0,0,0,0,0,0,1,0
CI,0, ,0.0,34.0,0,0,0,0,0,0,0,0
AF,D133N,12.833811,80.335281,1,MMV,133.0,14.0,214.0,2,4000,0,0,0,0,0,0
AF,D074N,13.059958,80.382381,1,MMV,74.0,14.0,133.0,2,2300,0,0,0,0,1,0
CF,FD25,13.029533,80.286556,0,MMV,74.0,8.1,254.0,5.9,2,2100,0,0,0,0,0,0

FINAL,D25,25,D,2
IF,FD25,13.029533,80.286556,MMV,74.0,8.1,2,2100,0,0,0,0,2,0
CF,MD25,13.003150,80.203731,0,MMV,74.0,3.0,254.0,5.1,1,489,0,0,0,0,3,0
CF,MMV,12.987636,80.155022,0,MMV,0.0,0.0,254.0,3.0,0,0,0,0,0,0,0,0
FA,MMV,12.987636,80.155022,0,MMV,0.0,0.0,254.0,2,2300,0,0,0,0,0,0
DF,MMV,12.987636,80.155022,2, ,0.0,0.0,1,3000,0,0,0,0,0,0
HM,MMV,12.987636,80.155022,1, ,0.0,0.0,93.0,04.3,2,3000,0,0,0,0,0,0,0

APPTR,D30,30,ANIRO
IF,ANIRO,14.036044,78.608389, ,0.0,0.0,0,0,0,0,0,0,0,0
TF,D306P,13.140767,79.930847,0, ,0.0,0.0,0.0,0.0,0,0,0,0,0,0,1,0
CI,0, ,0.0,126.0,0,0,0,0,0,0,0,0
AF,D035M,13.186783,80.287083,2,CNI,35.0,13.0,302.0,2,4000,0,0,0,0,0,0
AF,D123M,12.892139,80.356272,2,CNI,123.0,13.0,35.0,2,2300,0,0,0,0,1,0
CF,FD30,12.941342,80.272908,0,CNI,123.0,7.3,303.0,5.7,2,2100,0,0,0,0,0,0

APPTR,D30,30,CNI1
IF,CNI,13.004297,80.166122, ,0.0,0.0,2,3000,0,0,0,0,0,0
FD,CNI,13.004297,80.166122,0,CNI,0.0,10.0,104.0,10.0,2,2100,0,0,0,0,0,0
CF,FD30,12.941342,80.272908,2,CNI,123.0,7.3,303.0,3.0,2,2100,0,0,0,0,0,0

APPTR,D30,30,CNI2
IF,CNI,13.004297,80.166122, ,0.0,0.0,2,3000,0,0,0,0,0,0
FD,CNI,13.004297,80.166122,0,CNI,0.0,10.0,114.0,10.0,2,2100,0,0,0,0,0,0
CF,FD30,12.941342,80.272908,2,CNI,123.0,7.3,303.0,3.0,2,2100,0,0,0,0,0,0

APPTR,D30,30,D113R
IF,D113R,12.879644,80.441817, ,0.0,0.0,0,0,0,0,0,0,1,0
TF,D123M,12.892139,80.356272,0, ,0.0,0.0,0.0,0.0,2,2300,0,0,0,0,1,0
CF,FD30,12.941342,80.272908,0,CNI,123.0,7.3,303.0,5.7,2,2100,0,0,0,0,0,0

APPTR,D30,30,GURAS
IF,GURAS,14.001389,80.831667, ,0.0,0.0,0,0,0,0,0,0,0,0
TF,D035Q,13.226078,80.313542,0, ,0.0,0.0,0.0,0.0,0,0,0,0,0,0,1,0
CI,0, ,0.0,215.0,0,0,0,0,0,0,0,0
AF,D123M,12.892139,80.356272,2,CNI,123.0,13.0,35.0,2,2300,0,0,0,0,1,0
CF,FD30,12.941342,80.272908,0,CNI,123.0,7.3,303.0,5.7,2,2100,0,0,0,0,0,0

APPTR,D30,30,TEGUT
IF,TEGUT,11.586111,79.248333, ,0.0,0.0,0,0,0,0,0,0,0,0
TF,D214O,12.775986,80.017306,0, ,0.0,0.0,0.0,0.0,0,0,0,0,0,0,1,0
CI,0, ,0.0,34.0,0,0,0,0,0,0,0,0
AF,D145M,12.830456,80.299592,1,CNI,145.0,13.0,215.0,2,4000,0,0,0,0,0,0
AF,D123M,12.892139,80.356272,1,CNI,123.0,13.0,145.0,2,2300,0,0,0,0,1,0
CF,FD30,12.941342,80.272908,0,CNI,123.0,7.3,303.0,5.7,2,2100,0,0,0,0,0,0

FINAL,D30,30,D,2
IF,FD30,12.941342,80.272908,CNI,123.0,7.3,2,2100,0,0,0,0,2,0
CF,MD30,12.978433,80.210006,0,CNI,123.0,3.0,303.0,4.3,1,744,0,0,0,0,3,0
CF,CNI,13.004297,80.166122,0,CNI,0.0,0.0,303.0,3.0,0,0,0,0,0,0,0,0
FA,CNI,13.004297,80.166122,0,CNI,0.0,0.0,303.0,2,2300,0,0,0,0,0,0
DF,CNI,13.004297,80.166122,1, ,0.0,0.0,1,3000,0,0,0,0,0,0
HM,CNI,13.004297,80.166122,1, ,0.0,0.0,104.0,04.3,2,3000,0,0,0,0,0,0,0

APPTR,I07,07,AKMIL
IF,AKMIL,11.859722,80.115278, ,0.0,0.0,0,0,0,0,0,0,0,0
TF,D184N,12.753422,80.146714,0, ,0.0,0.0,0.0,0.0,0,0,0,0,0,0,1,0
CI,0, ,0.0,4.0,0,0,0,0,0,0,0,0
AF,D241L,12.884111,79.979503,2,MMV,241.0,12.0,184.0,2,2300,0,0,0,0,0,0
CI,0,IMAS,0.0,41.0,0,0,0,0,0,0,0,0

APPTR,I07,07,D271T
IF,D271T,12.981567,79.813664, ,0.0,0.0,0,0,0,0,0,0,0,0
TF,D271N,12.983433,79.916069,0, ,0.0,0.0,0.0,0.0,0,0,0,0,0,0,1,0
CI,0, ,0.0,91.0,0,0,0,0,0,0,0,0
AF,D260L,12.945792,79.954681,1,MMV,260.0,12.0,271.0,2,2300,0,0,0,0,0,0
CI,0,IMAS,0.0,101.0,0,0,0,0,0,0,0,0

APPTR,I07,07,GURAS
IF,GURAS,14.001389,80.831667, ,0.0,0.0,0,0,0,0,0,0,0,0
TF,D035N,13.183994,80.285544,0, ,0.0,0.0,0.0,0.0,0,0,0,0,0,0,1,0
CI,0, ,0.0,215.0,0,0,0,0,0,0,0,0
AF,D317L,13.129642,80.010086,1,MMV,317.0,12.0,35.0,2,4000,0,0,0,0,0,0
AF,D260L,12.945792,79.954681,1,MMV,260.0,12.0,317.0,2,2300,0,0,0,0,0,0
CI,0,IMAS,0.0,101.0,0,0,0,0,0,0,0,0

APPTR,I07,07,KKP
IF,KKP,12.784447,79.713578, ,0.0,0.0,0,0,0,0,0,0,0,0
TF,D251T,12.865247,79.837275,0, ,0.0,0.0,0.0,0.0,0,0,0,0,0,0,1,0
CF,CI07,12.913378,79.964669,0,IMAS,251.1,14.0,71.0,8.0,2,2300,0,0,0,0,1,0

APPTR,I07,07,MMV
IF,MMV,12.987636,80.155022, ,0.0,0.0,2,3000,0,0,0,0,0,0
FC,MMV,12.987636,80.155022,0,MMV,0.0,0.0,246.0,1.7,0,0,0,0,0,0,0,0
CF,D251G,12.955300,80.076233,0,MMV,249.3,5.0,251.0,3.3,2,1800,0,0,0,0,0,0
FC,D251G,12.955300,80.076233,0,MMV,0.0,0.0,296.0,4.4,0,0,0,0,0,0,0,1
CI,1,IMAS,0.0,116.0,2,1800,0,0,0,0,0,0

FINAL,I07,07,I,3
IF,CI07,12.913378,79.964669,IMAS,251.1,14.0,2,2300,0,0,0,0,0,0
CF,FI07,12.952333,80.068250,0,IMAS,251.1,7.5,71.0,6.5,1,1800,0,0,0,0,2,0
CF,RW07,12.984147,80.152939,0,IMAS,251.0,2.2,71.0,5.3,1,97,0,0,0,0,3,0
FA,RW07,12.984147,80.152939,0,MMV,0.0,0.0,71.0,2,3000,0,0,0,0,0,0
DF,MMV,12.987636,80.155022,1, ,0.0,0.0,1,3000,0,0,0,0,0,0
HM,MMV,12.987636,80.155022,2, ,0.0,0.0,246.0,04.3,2,3000,0,0,0,0,0,0,0

APPTR,I25,25,ANIRO
IF,ANIRO,14.036044,78.608389, ,0.0,0.0,0,0,0,0,0,0,0,0
TF,D306P,13.140767,79.930847,0, ,0.0,0.0,0.0,0.0,0,0,0,0,0,0,1,0
CI,0, ,0.0,126.0,0,0,0,0,0,0,0,0
AF,D035N,13.183994,80.285544,2,MMV,35.1,14.0,306.0,2,4000,0,0,0,0,0,0
AF,D062N,13.104736,80.362092,2,MMV,62.0,14.0,35.0,2,2300,0,0,0,0,0,0
CI,0,ICHN,0.0,221.0,0,0,0,0,0,0,0,0

APPTR,I25,25,D113P
IF,D113P,12.891653,80.409961, ,0.0,0.0,0,0,0,0,0,0,1,0
CI,0, ,0.0,293.0,0,0,0,0,0,0,0,0
AF,D079N,13.040253,80.387936,1,MMV,79.0,14.0,113.0,2,2300,0,0,0,0,0,0
CI,0,ICHN,0.0,281.0,0,0,0,0,0,0,0,0

APPTR,I25,25,GURAS
IF,GURAS,14.001389,80.831667, ,0.0,0.0,0,0,0,0,0,0,0,0
TF,D035P,13.212042,80.304208,0, ,0.0,0.0,0.0,0.0,0,0,0,0,0,0,1,0
CI,0, ,0.0,215.0,0,0,0,0,0,0,0,0
AF,D062N,13.104736,80.362092,2,MMV,62.0,14.0,35.0,2,2300,0,0,0,0,0,0
CI,0,ICHN,0.0,221.0,0,0,0,0,0,0,0,0

APPTR,I25,25,MMV1
IF,MMV,12.987636,80.155022, ,0.0,0.0,2,3000,0,0,0,0,0,0
FD,MMV,12.987636,80.155022,0,MMV,0.0,9.0,96.0,9.0,2,1800,0,0,0,0,0,0
CI,1,ICHN,0.0,281.0,0,0,0,0,0,0,0,0

APPTR,I25,25,MMV2
IF,MMV,12.987636,80.155022, ,0.0,0.0,2,3000,0,0,0,0,0,0
FD,MMV,12.987636,80.155022,0,MMV,0.0,9.0,83.0,9.0,2,1800,0,0,0,0,0,0
CI,1,ICHN,0.0,281.0,0,0,0,0,0,0,0,0

APPTR,I25,25,TEGUT
IF,TEGUT,11.586111,79.248333, ,0.0,0.0,0,0,0,0,0,0,0,0
TF,D214P,12.761867,80.008142,0, ,0.0,0.0,0.0,0.0,0,0,0,0,0,0,1,0
CI,0, ,0.0,34.0,0,0,0,0,0,0,0,0
AF,D133N,12.833811,80.335281,1,MMV,133.0,14.0,214.0,2,4000,0,0,0,0,0,0
AF,D079N,13.040253,80.387936,1,MMV,79.0,14.0,133.0,2,2300,0,0,0,0,0,0
CI,0,ICHN,0.0,281.0,0,0,0,0,0,0,0,0

FINAL,I25,25,I,3
IF,CI25,13.066717,80.373292,ICHN,71.1,13.9,2,2300,0,0,0,0,0,0
CF,FI25,13.027897,80.269608,0,ICHN,71.1,7.4,251.0,6.5,1,1800,0,0,0,0,2,0
CF,RW25,12.995978,80.184450,0,ICHN,71.1,2.1,251.0,5.3,1,104,0,0,0,0,3,0
FA,RW25,12.995978,80.184450,0,MMV,0.0,0.0,251.0,2,2300,0,0,0,0,0,0
DF,MMV,12.987636,80.155022,2, ,0.0,0.0,1,3000,0,0,0,0,0,0
HM,MMV,12.987636,80.155022,1, ,0.0,0.0,90.0,04.3,2,3000,0,0,0,0,0,0,0

APPTR,R07-Y,07,MM513
IF,MM513,12.992603,79.890544, ,0.0,0.0,2,2300,0,1,210,0,1,0
TF,MM915,12.902439,79.935647,0, ,0.0,0.0,0.0,0.0,2,2300,0,1,210,0,1,0

APPTR,R07-Y,07,MM514
IF,MM514,12.804256,79.962086, ,0.0,0.0,2,2300,0,1,210,0,1,0
TF,MM915,12.902439,79.935647,0, ,0.0,0.0,0.0,0.0,2,2300,0,1,210,0,1,0

APPTR,R07-Y,07,MM911
IF,MM911,12.860422,79.824147, ,0.0,0.0,2,2300,0,1,210,0,1,0
TF,MM915,12.902439,79.935647,0, ,0.0,0.0,0.0,0.0,2,2300,0,1,210,0,1,0

FINAL,R07-Y,07,R,3
IF,MM915,12.902439,79.935647, ,0.0,0.0,2,2300,0,1,210,0,0,0
TF,MM916,12.944411,80.047186,0, ,0.0,0.0,71.0,7.0,1,2100,0,0,0,0,2,0
TF,RW07,12.984147,80.152939,0, ,0.0,0.0,71.0,6.6,1,93,0,0,0,0,3,1
TF,MM917,13.026025,80.264550,0, ,0.0,0.0,0.0,0.0,0,0,0,1,210,0,0,0
TF,MM918,13.135475,80.221844,0, ,0.0,0.0,0.0,0.0,0,0,0,1,210,0,0,0
TF,MM513,12.992603,79.890544,0, ,0.0,0.0,0.0,0.0,0,0,0,1,210,0,0,0
TF,MM915,12.902439,79.935647,1, ,0.0,0.0,0.0,0.0,1,2300,0,1,210,0,0,0
HM,MM915,12.902439,79.935647,1, ,0.0,0.0,71.0,04.3,2,2300,0,1,230,0,0,0,0

APPTR,R12-Y,12,MM515
IF,MM515,13.260253,79.919708, ,0.0,0.0,2,2300,0,1,210,0,1,0
TF,MM815,13.106919,79.961303,0, ,0.0,0.0,0.0,0.0,2,2100,0,1,210,0,1,0

APPTR,R12-Y,12,MM516
IF,MM516,13.053750,79.806617, ,0.0,0.0,2,2300,0,1,210,0,1,0
TF,MM815,13.106919,79.961303,0, ,0.0,0.0,0.0,0.0,2,2100,0,1,210,0,1,0

APPTR,R12-Y,12,MM811
IF,MM811,13.161208,79.855344, ,0.0,0.0,2,2300,0,1,210,0,1,0
TF,MM815,13.106919,79.961303,0, ,0.0,0.0,0.0,0.0,2,2100,0,1,210,0,1,0

FINAL,R12-Y,12,R,3
IF,MM815,13.106919,79.961303, ,0.0,0.0,2,2100,0,1,210,0,0,0
TF,MM816,13.055164,80.062192,0, ,0.0,0.0,119.0,6.7,1,2100,0,0,0,0,2,0
TF,RW12,13.003653,80.162486,0, ,0.0,0.0,119.0,6.6,1,94,0,0,0,0,3,1
CF,MM817,12.949236,80.268311,0,MMV,111.1,7.0,119.0,7.0,0,0,0,1,210,0,0,0
TF,MM818,13.053000,80.323836,0, ,0.0,0.0,0.0,0.0,0,0,0,1,210,0,0,0
TF,MM813,13.210747,80.016739,0, ,0.0,0.0,0.0,0.0,0,0,0,1,210,0,0,0
TF,MM815,13.106919,79.961303,0, ,0.0,0.0,0.0,0.0,1,2100,0,1,210,0,0,0
HM,MM815,13.106919,79.961303,1, ,0.0,0.0,119.0,04.3,2,2100,0,1,230,0,0,0,0

APPTR,R25-Y,25,MM510
IF,MM510,13.173139,80.369617, ,0.0,0.0,2,2300,0,1,210,0,1,0
TF,MM715,13.077258,80.401325,0, ,0.0,0.0,0.0,0.0,2,2300,0,1,210,0,1,0

APPTR,R25-Y,25,MM512
IF,MM512,12.987906,80.444842, ,0.0,0.0,2,2300,0,1,210,0,1,0
TF,MM715,13.077258,80.401325,0, ,0.0,0.0,0.0,0.0,2,2300,0,1,210,0,1,0

APPTR,R25-Y,25,MM711
IF,MM711,13.119028,80.513019, ,0.0,0.0,2,2300,0,1,210,0,1,0
TF,MM715,13.077258,80.401325,0, ,0.0,0.0,0.0,0.0,2,2300,0,1,210,0,1,0

FINAL,R25-Y,25,R,3
IF,MM715,13.077258,80.401325, ,0.0,0.0,2,2300,0,1,210,0,0,0
TF,MM716,13.035442,80.289669,0, ,0.0,0.0,251.0,7.0,1,2100,0,0,0,0,2,0
TF,RW25,12.995978,80.184450,0, ,0.0,0.0,251.0,6.6,1,104,0,0,0,0,3,1
TF,MM717,12.954067,80.072869,0, ,0.0,0.0,0.0,0.0,0,0,0,1,210,0,0,0
TF,MM718,13.063483,80.030092,0, ,0.0,0.0,0.0,0.0,0,0,0,1,210,0,0,0
TF,MM510,13.173139,80.369617,2, ,0.0,0.0,0.0,0.0,0,0,0,1,210,0,0,0
TF,MM715,13.077258,80.401325,0, ,0.0,0.0,0.0,0.0,1,2300,0,1,210,0,0,0
HM,MM715,13.077258,80.401325,2, ,0.0,0.0,251.0,04.3,2,2300,0,1,230,0,0,0,0

APPTR,R30-Y,30,MM411
IF,MM411,12.835264,80.489533, ,0.0,0.0,2,2300,0,1,210,0,1,0
TF,MM415,12.889772,80.383803,0, ,0.0,0.0,0.0,0.0,2,2100,0,1,210,0,1,0

APPTR,R30-Y,30,MM509
IF,MM509,12.804561,80.341853, ,0.0,0.0,2,2300,0,1,210,0,1,0
TF,MM415,12.889772,80.383803,0, ,0.0,0.0,0.0,0.0,2,2100,0,1,210,0,1,0

APPTR,R30-Y,30,MM512
IF,MM512,12.987906,80.444842, ,0.0,0.0,2,2300,0,1,210,0,1,0
TF,MM415,12.889772,80.383803,0, ,0.0,0.0,0.0,0.0,2,2100,0,1,210,0,1,0

FINAL,R30-Y,30,R,3
IF,MM415,12.889772,80.383803, ,0.0,0.0,2,2100,0,1,210,0,0,0
TF,MM416,12.943347,80.279756,0, ,0.0,0.0,299.0,6.9,1,2100,0,0,0,0,2,0
TF,RW30,12.994800,80.179708,0, ,0.0,0.0,299.0,6.6,1,98,0,0,0,0,3,1
CF,MM417,13.049181,80.073847,0,MMV,309.7,6.0,299.0,7.0,0,0,0,1,210,0,0,0
TF,MM418,13.152986,80.129317,0, ,0.0,0.0,0.0,0.0,0,0,0,1,210,0,0,0
TF,MM512,12.987906,80.444842,2, ,0.0,0.0,0.0,0.0,0,0,0,1,210,0,0,0
TF,MM415,12.889772,80.383803,2, ,0.0,0.0,0.0,0.0,1,2100,0,1,210,0,0,0
HM,MM415,12.889772,80.383803,2, ,0.0,0.0,299.0,04.3,2,2100,0,1,230,0,0,0,0

