APPTR,L04-Y,04,CL04
HF,CL04,11.452356,92.588603,1, ,0.0,0.0,37.0,04.3,2,2700,0,0,0,0,0,0,0

APPTR,L04-Y,04,PB
IF,PB,11.639472,92.733861, ,0.0,0.0,2,2700,0,0,0,0,0,0
CI,0, ,0.0,230.0,0,0,0,0,0,0,0,0
CF,D217J,11.526514,92.643950,0,PPB,220.7,9.5,217.0,8.0,0,0,0,0,0,0,0,0
FC,D217J,11.526514,92.643950,0,PPB,0.0,0.0,262.0,4.4,2,2600,0,0,0,0,0,1
CI,1,IPBR,0.0,82.0,0,0,0,0,0,0,0,0

FINAL,L04-Y,04,D,4
IF,CL04,11.452356,92.588603,IPBR,217.4,15.0,2,2700,0,0,0,0,0,0
CF,FF04,11.545386,92.658042,0,IPBR,217.4,8.1,37.0,6.9,2,2100,0,0,0,0,2,0
CF,50LOC,11.587178,92.689256,0,IPBR,217.4,5.0,37.0,3.1,2,1130,0,0,0,0,0,0
CF,RW04,11.629308,92.720733,0,IPBR,217.4,1.9,37.0,3.1,1,143,0,0,0,0,3,0
CA,0,37.0,2,2700,0,0,0,0,0,0
DF,PB,11.639472,92.733861,2, ,0.0,0.0,1,2700,0,0,0,0,0,0
HM,PB,11.639472,92.733861,2, ,0.0,0.0,230.0,04.3,2,2700,0,0,0,0,0,0,0

APPTR,L04-Z,04,KIBUD
IF,KIBUD,14.047500,91.829722, ,0.0,0.0,0,0,0,0,0,0,0,0
TF,D341Q,11.915925,92.646089,0, ,0.0,0.0,0.0,0.0,0,0,0,0,0,0,1,0
CI,0, ,0.0,161.0,0,0,0,0,0,0,0,0
AF,D225O,11.468603,92.570322,1,PPB,225.0,15.0,341.0,2,2700,0,0,0,0,0,0
VI,0,IPBR,0.0,67.0,0,0,0,0,0,0,0,0

APPTR,L04-Z,04,LEGIN
IF,LEGIN,11.860000,91.297222, ,0.0,0.0,0,0,0,0,0,0,0,0
TF,D280Q,11.691411,92.461603,0, ,0.0,0.0,0.0,0.0,0,0,0,0,0,0,1,0
CI,0, ,0.0,100.0,0,0,0,0,0,0,0,0
AF,D225O,11.468603,92.570322,1,PPB,225.0,15.0,280.0,2,2700,0,0,0,0,0,0
VI,0,IPBR,0.0,67.0,0,0,0,0,0,0,0,0

APPTR,L04-Z,04,PPB
IF,PPB,11.649306,92.747194, ,0.0,0.0,2,2700,0,0,0,0,0,0
CI,0, ,0.0,230.0,0,0,0,0,0,0,0,0
CF,D217J,11.526514,92.643950,0,PPB,220.7,9.5,217.0,7.0,0,0,0,0,0,0,0,0
FC,D217J,11.526514,92.643950,0,PPB,0.0,0.0,262.0,4.4,2,2600,0,0,0,0,0,1
CI,1,IPBR,0.0,82.0,0,0,0,0,0,0,0,0

APPTR,L04-Z,04,VATLA
IF,VATLA,14.734722,89.313889, ,0.0,0.0,0,0,0,0,0,0,0,0
TF,D316Q,11.842994,92.535547,0, ,0.0,0.0,0.0,0.0,0,0,0,0,0,0,1,0
CI,0, ,0.0,136.0,0,0,0,0,0,0,0,0
AF,D225O,11.468603,92.570322,1,PPB,225.0,15.0,316.0,2,2700,0,0,0,0,0,0
VI,0,IPBR,0.0,67.0,0,0,0,0,0,0,0,0

FINAL,L04-Z,04,D,4
IF,CL04,11.452356,92.588603,IPBR,217.4,15.0,2,2700,0,0,0,0,0,0
CF,FF04,11.545386,92.658042,0,IPBR,217.4,8.1,37.0,6.9,2,2100,0,0,0,0,2,0
CF,50LOC,11.587178,92.689256,0,IPBR,217.4,5.0,37.0,3.1,2,1130,0,0,0,0,0,0
CF,RW04,11.629308,92.720733,0,IPBR,217.4,1.9,37.0,3.1,1,143,0,0,0,0,3,0
CA,0,37.0,2,2700,0,0,0,0,0,0
DF,PPB,11.649306,92.747194,2, ,0.0,0.0,1,2700,0,0,0,0,0,0
HM,PPB,11.649306,92.747194,2, ,0.0,0.0,230.0,04.3,2,2700,0,0,0,0,0,0,0

