APPTR,D08,08,D263Y
IF,D263Y,13.568950,79.141006, ,0.0,0.0,2,5900,0,0,0,0,1,0
TF,CD08,13.587464,79.259281,0, ,0.0,0.0,0.0,0.0,2,4300,0,0,0,0,1,0

APPTR,D08,08,MMV
IF,MMV,12.987636,80.155022, ,0.0,0.0,0,0,0,0,0,0,0,0
TF,D140T,13.385500,79.791908,0, ,0.0,0.0,0.0,0.0,0,0,0,1,180,0,1,0
CI,0, ,0.0,320.0,0,0,0,0,0,0,0,0
AF,CD08,13.587464,79.259281,2,TTP,263.0,18.0,140.0,2,4300,0,0,0,0,1,0

APPTR,D08,08,TTP
IF,TTP,13.634778,79.563528, ,0.0,0.0,2,5900,0,1,180,0,0,0
TF,D230P,13.455475,79.360161,0, ,0.0,0.0,230.0,16.0,2,5900,0,0,0,0,0,0
CI,0, ,0.0,230.0,0,0,0,0,0,0,0,0
AF,CD08,13.587464,79.259281,2,TTP,263.0,18.0,230.0,2,4300,0,0,0,0,1,0

FINAL,D08,08,D,4
IF,CD08,13.587464,79.259281,TTP,263.0,18.0,2,4300,0,0,0,0,0,0
CF,FD08,13.608794,79.396181,0,TTP,263.0,9.9,83.0,8.1,2,3200,0,0,0,0,2,0
CF,55VOR,13.620367,79.470544,0,TTP,263.0,5.5,83.0,4.4,2,1690,0,0,0,0,0,0
CF,MD08,13.629547,79.529708,0,TTP,263.0,2.0,83.0,3.5,1,476,0,0,0,0,3,0
FA,MD08,13.629547,79.529708,0,TTP,0.0,0.0,68.0,2,3600,0,0,0,0,0,0
DF,TTP,13.634778,79.563528,1, ,0.0,0.0,1,5900,0,0,0,0,0,0
HM,TTP,13.634778,79.563528,1, ,0.0,0.0,230.0,04.3,2,5900,0,0,0,0,0,0,0

APPTR,D26,26,D074O
HF,D074O,13.712261,79.807775,1, ,0.0,0.0,254.0,04.3,2,4600,0,0,0,0,0,0,0
TF,FD26,13.681289,79.710061,0, ,0.0,0.0,0.0,0.0,2,3400,0,0,0,0,0,0

APPTR,D26,26,KAMGU
IF,KAMGU,14.975278,79.420000, ,0.0,0.0,0,0,0,0,0,0,0,0
TF,D356Q,13.917817,79.533364,0, ,0.0,0.0,0.0,0.0,0,0,0,0,0,0,1,0
CI,0, ,0.0,176.0,0,0,0,0,0,0,0,0
AF,D074O,13.712261,79.807775,2,TTP,74.0,15.0,356.0,2,4600,0,0,0,0,1,0
TF,FD26,13.681289,79.710061,0, ,0.0,0.0,0.0,0.0,2,3400,0,0,0,0,0,0

APPTR,D26,26,MMV
IF,MMV,12.987636,80.155022, ,0.0,0.0,0,0,0,0,0,0,0,0
TF,D140Q,13.422906,79.757681,0, ,0.0,0.0,0.0,0.0,0,0,0,0,0,0,1,0
CI,0, ,0.0,320.0,0,0,0,0,0,0,0,0
AF,D074O,13.712261,79.807775,1,TTP,74.0,15.0,140.0,2,4600,0,0,0,0,1,0
TF,FD26,13.681289,79.710061,0, ,0.0,0.0,0.0,0.0,2,3400,0,0,0,0,0,0

APPTR,D26,26,TTP1
IF,TTP,13.634778,79.563528, ,0.0,0.0,2,5900,0,1,170,0,0,0
FD,TTP,13.634778,79.563528,0,TTP,0.0,11.0,62.0,11.0,2,3400,0,0,0,0,0,0
CF,FD26,13.681289,79.710061,2,TTP,74.0,8.9,254.0,2.0,2,3400,0,0,0,0,0,0

APPTR,D26,26,TTP2
IF,TTP,13.634778,79.563528, ,0.0,0.0,2,5900,0,1,170,0,0,0
FD,TTP,13.634778,79.563528,0,TTP,0.0,11.0,65.0,11.0,2,3400,0,0,0,0,0,0
CF,FD26,13.681289,79.710061,2,TTP,74.0,8.9,254.0,2.0,2,3400,0,0,0,0,0,0

FINAL,D26,26,D,3
IF,FD26,13.681289,79.710061,TTP,74.0,9.0,2,3400,0,0,0,0,2,0
CF,40VOR,13.655458,79.628647,0,TTP,74.0,4.0,254.0,5.0,2,1830,0,0,0,0,0,0
CF,MD26,13.639950,79.579806,0,TTP,74.0,0.0,254.0,3.0,1,881,0,0,0,0,3,0
FA,MD26,13.639950,79.579806,0,TTP,0.0,0.0,254.0,2,2800,0,0,0,0,0,0
CF,TTP,13.634778,79.563528,1,TTP,0.0,0.0,45.0,5.0,1,5900,0,0,0,0,0,0
HM,TTP,13.634778,79.563528,2, ,0.0,0.0,62.0,04.3,2,5900,0,0,0,0,0,0,0

APPTR,I26-Y,26,CI26
HF,CI26,13.672461,79.817394,1, ,0.0,0.0,263.0,04.3,2,4600,0,0,0,0,0,0,0

APPTR,I26-Y,26,KAMGU
IF,KAMGU,14.975278,79.420000, ,0.0,0.0,0,0,0,0,0,0,0,0
TF,D356Q,13.917817,79.533364,0, ,0.0,0.0,0.0,0.0,0,0,0,0,0,0,1,0
CI,0, ,0.0,176.0,0,0,0,0,0,0,0,0
AF,D075O,13.708078,79.809119,2,TTP,75.0,15.0,356.0,2,4600,0,0,0,0,0,0
VI,0,ITPY,0.0,233.0,0,0,0,0,0,0,0,0

APPTR,I26-Y,26,MMV
IF,MMV,12.987636,80.155022, ,0.0,0.0,0,0,0,0,0,0,0,0
TF,D140Q,13.422906,79.757681,0, ,0.0,0.0,0.0,0.0,0,0,0,0,0,0,1,0
CI,0, ,0.0,320.0,0,0,0,0,0,0,0,0
AF,D091O,13.639036,79.820228,1,TTP,91.0,15.0,140.0,2,4600,0,0,0,0,0,0
VI,0,ITPY,0.0,293.0,0,0,0,0,0,0,0,0

APPTR,I26-Y,26,TTP1
IF,TTP,13.634778,79.563528, ,0.0,0.0,2,5900,0,1,170,0,0,0
FD,TTP,13.634778,79.563528,0,TTP,0.0,12.0,70.0,12.0,2,3700,0,0,0,0,0,0
CI,2,ITPY,0.0,233.0,2,3700,0,0,0,0,0,0

APPTR,I26-Y,26,TTP2
IF,TTP,13.634778,79.563528, ,0.0,0.0,2,5900,0,1,170,0,0,0
FD,TTP,13.634778,79.563528,0,TTP,0.0,11.0,74.0,11.0,2,3700,0,0,0,0,0,0
CI,2,ITPY,0.0,233.0,2,3700,0,0,0,0,0,0

FINAL,I26-Y,26,I,3
IF,CI26,13.672461,79.817394,ITPY,83.5,16.9,2,4600,0,0,0,0,0,0
CF,FI26,13.658131,79.718678,0,ITPY,83.5,11.1,263.0,5.8,1,3700,0,0,0,0,2,0
CF,RW26,13.634136,79.554033,0,ITPY,83.5,1.4,263.0,9.7,1,390,0,0,0,0,3,0
TF,D263A,13.627528,79.508833,0, ,0.0,0.0,0.0,0.0,0,0,0,0,0,0,0,1
CF,TTP,13.634778,79.563528,1,TTP,0.0,0.0,16.0,3.0,2,4600,0,1,185,0,0,0
HM,TTP,13.634778,79.563528,2, ,0.0,0.0,70.0,04.3,2,5900,0,0,0,0,0,0,0

APPTR,I26-Z,26,TP401
IF,TP401,13.786611,79.787947, ,0.0,0.0,4,7000,5900,1,210,0,1,0
TF,TP404,13.670703,79.805519,0,ITPY,0.0,0.0,0.0,0.0,2,4600,0,1,210,0,1,0

APPTR,I26-Z,26,TP402
IF,TP402,13.554792,79.823081, ,0.0,0.0,4,7000,5900,1,210,0,1,0
TF,TP404,13.670703,79.805519,0,ITPY,0.0,0.0,0.0,0.0,2,4600,0,1,210,0,1,0

APPTR,I26-Z,26,TP403
IF,TP403,13.687853,79.924067, ,0.0,0.0,4,7000,5900,1,210,0,1,0
TF,TP404,13.670703,79.805519,0,ITPY,0.0,0.0,0.0,0.0,2,4600,0,1,210,0,1,0

FINAL,I26-Z,26,I,3
IF,TP404,13.670703,79.805519,ITPY,83.5,16.2,2,4600,0,1,210,0,0,0
CF,FI26,13.658131,79.718678,0,ITPY,83.5,11.1,263.0,5.1,1,3700,0,0,0,0,2,0
CF,RW26,13.634136,79.554033,0,ITPY,83.5,1.4,263.0,9.7,1,390,0,1,160,0,3,1
VA,0,263.0,2,700,0,1,160,0,0,0
DF,TTP,13.634778,79.563528,1, ,0.0,0.0,0,0,0,1,160,0,0,1
TF,TP401,13.786611,79.787947,0, ,0.0,0.0,0.0,0.0,1,5900,0,0,0,0,0,0
HM,TP401,13.786611,79.787947,1, ,0.0,0.0,173.0,04.3,2,5900,0,0,0,0,0,0,0

APPTR,R08-Y,08,TP408
IF,TP408,13.709097,79.257158, ,0.0,0.0,4,7000,5900,1,210,0,1,0
TF,TP412,13.593225,79.274992,0, ,0.0,0.0,0.0,0.0,2,4300,0,1,210,0,1,0

APPTR,R08-Y,08,TP409
IF,TP409,13.477350,79.292806, ,0.0,0.0,4,7000,5900,1,210,0,1,0
TF,TP412,13.593225,79.274992,0, ,0.0,0.0,0.0,0.0,2,4300,0,1,210,0,1,0

APPTR,R08-Y,08,TP410
IF,TP410,13.575764,79.156542, ,0.0,0.0,4,7000,5900,1,210,0,1,0
TF,TP412,13.593225,79.274992,0, ,0.0,0.0,0.0,0.0,2,4300,0,1,210,0,1,0

FINAL,R08-Y,08,R,3
IF,TP412,13.593225,79.274992, ,0.0,0.0,2,4300,0,1,210,0,0,0
TF,TP417,13.608150,79.376533,0, ,0.0,0.0,83.0,6.0,1,3200,0,0,0,0,2,0
TF,RW08,13.631083,79.533147,0, ,0.0,0.0,83.0,9.3,1,402,0,0,0,0,3,1
VA,0,83.0,2,900,0,0,0,0,0,0
CF,TP413,13.748764,79.860719,0,TTP,70.6,18.7,71.0,19.0,1,5900,0,0,0,0,0,1
HM,TP413,13.748764,79.860719,1, ,0.0,0.0,250.0,04.3,2,5900,0,0,0,0,0,0,0

APPTR,R26-Y,26,TP401
IF,TP401,13.786611,79.787947, ,0.0,0.0,4,7000,5900,1,210,0,1,0
TF,TP404,13.670703,79.805519,0, ,0.0,0.0,0.0,0.0,2,3500,0,1,210,0,1,0

APPTR,R26-Y,26,TP402
IF,TP402,13.554792,79.823081, ,0.0,0.0,4,7000,5900,1,210,0,1,0
TF,TP404,13.670703,79.805519,0, ,0.0,0.0,0.0,0.0,2,3500,0,1,210,0,1,0

APPTR,R26-Y,26,TP403
IF,TP403,13.687853,79.924067, ,0.0,0.0,4,7000,5900,1,210,0,1,0
TF,TP404,13.670703,79.805519,0, ,0.0,0.0,0.0,0.0,2,3500,0,1,210,0,1,0

FINAL,R26-Y,26,R,3
IF,TP404,13.670703,79.805519, ,0.0,0.0,2,3500,0,1,210,0,0,0
TF,TP405,13.654431,79.693347,0, ,0.0,0.0,263.0,6.6,1,3000,0,0,0,0,2,0
TF,RW26,13.634136,79.554033,0, ,0.0,0.0,263.0,8.2,1,383,0,0,0,0,3,1
CA,0,263.0,2,900,0,1,200,0,0,0
CF,TP406,13.383219,79.530069,0,TTP,189.4,15.2,173.0,15.0,0,0,0,1,200,0,0,0
TF,TP407,13.409781,79.701769,0, ,0.0,0.0,0.0,0.0,0,0,0,0,0,0,0,0
TF,TP402,13.554792,79.823081,0, ,0.0,0.0,0.0,0.0,1,5900,0,0,0,0,0,0
HM,TP402,13.554792,79.823081,2, ,0.0,0.0,353.0,04.3,2,5900,0,0,0,0,0,0,0

