APPTR,D09,09,D055O
IF,D055O,10.919750,78.927747, ,0.0,0.0,0,0,0,0,0,0,1,0
CI,0, ,0.0,235.0,0,0,0,0,0,0,0,0
AF,D265M,10.742069,78.506319,1,TTR,265.0,13.0,55.0,2,2300,0,0,0,0,1,0
TF,FD09,10.753958,78.603789,0, ,0.0,0.0,0.0,0.0,2,2300,0,0,0,0,0,0

APPTR,D09,09,D145O
IF,D145O,10.568058,78.877553, ,0.0,0.0,0,0,0,0,0,0,1,0
CI,0, ,0.0,325.0,0,0,0,0,0,0,0,0
AF,D265M,10.742069,78.506319,2,TTR,265.0,13.0,145.0,2,2300,0,0,0,0,1,0
TF,FD09,10.753958,78.603789,0, ,0.0,0.0,0.0,0.0,2,2300,0,0,0,0,0,0

APPTR,D09,09,TTR1
IF,TTR,10.768672,78.724767, ,0.0,0.0,2,3000,0,0,0,0,0,0
FD,TTR,10.768672,78.724767,0,TTR,0.0,9.0,288.0,9.0,2,2300,0,0,0,0,0,0
CF,FD09,10.753958,78.603789,1,TTR,265.0,7.2,85.0,2.0,2,2300,0,0,0,0,0,0

APPTR,D09,09,TTR2
IF,TTR,10.768672,78.724767, ,0.0,0.0,2,3000,0,0,0,0,0,0
FD,TTR,10.768672,78.724767,0,TTR,0.0,9.0,276.0,9.0,2,2300,0,0,0,0,0,0
CF,FD09,10.753958,78.603789,1,TTR,265.0,7.2,85.0,2.0,2,2300,0,0,0,0,0,0

FINAL,D09,09,D,2
IF,FD09,10.753958,78.603789,TTR,265.0,7.2,2,2300,0,0,0,0,2,0
CF,MD09,10.764589,78.691181,0,TTR,265.0,2.0,85.0,5.2,1,659,0,0,0,0,3,0
CF,TTR,10.768672,78.724767,0,TTR,0.0,0.0,85.0,2.0,0,0,0,0,0,0,0,0
FA,TTR,10.768672,78.724767,0,TTR,0.0,0.0,85.0,2,2000,0,0,0,0,0,0
DF,TTR,10.768672,78.724767,2, ,0.0,0.0,1,3000,0,0,0,0,0,0
HM,TTR,10.768672,78.724767,2, ,0.0,0.0,288.0,04.3,2,3000,0,0,0,0,0,0,0

APPTR,D27,27,D220N
IF,D220N,10.583925,78.578931, ,0.0,0.0,0,0,0,0,0,0,1,0
CI,0, ,0.0,40.0,0,0,0,0,0,0,0,0
AF,D092L,10.768606,78.927992,1,TTR,92.0,12.0,220.0,2,2300,0,0,0,0,1,0
TF,FD27,10.768653,78.834858,0, ,0.0,0.0,0.0,0.0,2,2300,0,0,0,0,0,0

APPTR,D27,27,D315N
IF,D315N,10.928489,78.551322, ,0.0,0.0,0,0,0,0,0,0,1,0
CI,0, ,0.0,135.0,0,0,0,0,0,0,0,0
AF,D092L,10.768606,78.927992,2,TTR,92.0,12.0,315.0,2,2300,0,0,0,0,1,0
TF,FD27,10.768653,78.834858,0, ,0.0,0.0,0.0,0.0,2,2300,0,0,0,0,0,0

APPTR,D27,27,GOKUL
IF,GOKUL,10.735556,79.696111, ,0.0,0.0,0,0,0,0,0,0,0,0
TF,D094T,10.757478,79.063261,0, ,0.0,0.0,0.0,0.0,2,3900,0,0,0,0,1,0
TF,D092L,10.768606,78.927992,0, ,0.0,0.0,0.0,0.0,2,2300,0,0,0,0,1,0
TF,FD27,10.768653,78.834858,0, ,0.0,0.0,0.0,0.0,2,2300,0,0,0,0,0,0

APPTR,D27,27,TTR1
IF,TTR,10.768672,78.724767, ,0.0,0.0,2,3000,0,0,0,0,0,0
FD,TTR,10.768672,78.724767,0,TTR,0.0,9.0,69.0,9.0,2,2300,0,0,0,0,0,0
CF,FD27,10.768653,78.834858,2,TTR,92.0,6.5,272.0,3.0,2,2300,0,0,0,0,0,0

APPTR,D27,27,TTR2
IF,TTR,10.768672,78.724767, ,0.0,0.0,2,3000,0,0,0,0,0,0
FD,TTR,10.768672,78.724767,0,TTR,0.0,9.0,81.0,9.0,2,2300,0,0,0,0,0,0
CF,FD27,10.768653,78.834858,2,TTR,92.0,6.5,272.0,3.0,2,2300,0,0,0,0,0,0

FINAL,D27,27,D,2
IF,FD27,10.768653,78.834858,TTR,92.0,6.5,2,2300,0,0,0,0,2,0
CF,MD27,10.768672,78.741725,0,TTR,92.0,0.0,272.0,5.5,1,568,0,0,0,0,3,0
CF,TTR,10.768672,78.724767,0,TTR,0.0,0.0,272.0,1.0,0,0,0,0,0,0,0,0
FA,TTR,10.768672,78.724767,0,TTR,0.0,0.0,272.0,2,2000,0,0,0,0,0,0
DF,TTR,10.768672,78.724767,2, ,0.0,0.0,1,3000,0,0,0,0,0,0
HM,TTR,10.768672,78.724767,1, ,0.0,0.0,69.0,04.3,2,3000,0,0,0,0,0,0,0

APPTR,I27-Z,27,D220N
IF,D220N,10.583925,78.578931, ,0.0,0.0,0,0,0,0,0,0,1,0
CI,0, ,0.0,40.0,0,0,0,0,0,0,0,0
AF,D097L,10.751097,78.927206,1,TTR,97.0,12.0,220.0,2,2300,0,0,0,0,0,0
CI,0,ITCY,0.0,297.0,0,0,0,0,0,0,0,0

APPTR,I27-Z,27,D315N
IF,D315N,10.928489,78.551322, ,0.0,0.0,0,0,0,0,0,0,1,0
CI,0, ,0.0,135.0,0,0,0,0,0,0,0,0
AF,D078L,10.817217,78.921986,2,TTR,78.0,12.0,315.0,2,2300,0,0,0,0,0,0
CI,0,ITCY,0.0,237.0,0,0,0,0,0,0,0,0

APPTR,I27-Z,27,GOKUL
IF,GOKUL,10.735556,79.696111, ,0.0,0.0,0,0,0,0,0,0,0,0
TF,D094T,10.757478,79.063261,0, ,0.0,0.0,0.0,0.0,2,3900,0,0,0,0,1,0
VI,0, ,0.0,297.0,0,0,0,0,0,0,0,0
CF,CI27Z,10.782622,78.927458,0,ITCY,87.5,13.2,267.0,5.0,2,2300,0,0,0,0,1,0

APPTR,I27-Z,27,TTR
IF,TTR,10.768672,78.724767, ,0.0,0.0,2,3000,0,0,0,0,0,0
CI,0, ,0.0,92.0,0,0,0,0,0,0,0,0
CF,D087H,10.776128,78.844233,0,TTR,88.4,7.1,87.0,6.0,2,2300,0,0,0,0,0,0
FC,D087H,10.776128,78.844233,0,TTR,0.0,0.0,42.0,4.4,0,0,0,0,0,0,0,1
CI,2,ITCY,0.0,222.0,2,2300,0,0,0,0,0,0

FINAL,I27-Z,27,I,3
IF,CI27Z,10.782622,78.927458,ITCY,87.5,13.2,2,2300,0,0,0,0,0,0
CF,FI27,10.775336,78.834106,0,ITCY,87.5,7.6,267.0,5.5,1,2300,0,0,0,0,2,0
CF,RW27,10.767086,78.728794,0,ITCY,87.5,1.4,267.0,6.2,1,324,0,0,0,0,3,0
CA,0,267.0,2,2000,0,0,0,0,0,0
DF,TTR,10.768672,78.724767,2, ,0.0,0.0,1,3000,0,0,0,0,0,0
HM,TTR,10.768672,78.724767,1, ,0.0,0.0,92.0,04.3,2,3000,0,0,0,0,0,0,0

