APPTR,D28,28,AKSAN
IF,AKSAN,17.525000,82.183333, ,0.0,0.0,0,0,0,0,0,0,0,0
TF,D251P,17.631928,82.974186,0, ,0.0,0.0,0.0,0.0,0,0,0,0,0,0,1,0
CI,0, ,0.0,83.0,0,0,0,0,0,0,0,0
AF,D180N,17.490022,83.240611,1,VSP,180.0,14.0,249.0,2,6400,0,0,0,0,0,0
AF,D099N,17.691506,83.478378,1,VSP,99.0,14.0,180.0,2,3300,0,0,0,0,1,0
TF,CD28,17.700894,83.409236,0, ,0.0,0.0,0.0,0.0,2,2200,0,0,0,0,0,0

APPTR,D28,28,BILUN
IF,BILUN,18.684444,82.814722, ,0.0,0.0,0,0,0,0,0,0,0,0
TF,D337P,17.969333,83.123797,0, ,0.0,0.0,0.0,0.0,0,0,0,0,0,0,1,0
CI,0, ,0.0,158.0,0,0,0,0,0,0,0,0
AF,D060N,17.844803,83.446025,2,VSP,60.0,14.0,337.0,2,6400,0,0,0,0,0,0
AF,D099N,17.691506,83.478378,2,VSP,99.0,14.0,60.0,2,3300,0,0,0,0,1,0
TF,CD28,17.700894,83.409236,0, ,0.0,0.0,0.0,0.0,2,2200,0,0,0,0,0,0

APPTR,D28,28,BITEM
IF,BITEM,17.154444,82.133333, ,0.0,0.0,0,0,0,0,0,0,0,0
TF,D233P,17.560500,83.015431,0, ,0.0,0.0,0.0,0.0,0,0,0,0,0,0,1,0
CI,0, ,0.0,65.0,0,0,0,0,0,0,0,0
AF,D180N,17.490022,83.240611,1,VSP,180.0,14.0,231.0,2,6400,0,0,0,0,0,0
AF,D099N,17.691506,83.478378,1,VSP,99.0,14.0,180.0,2,3300,0,0,0,0,1,0
TF,CD28,17.700894,83.409236,0, ,0.0,0.0,0.0,0.0,2,2200,0,0,0,0,0,0

APPTR,D28,28,D106Y
IF,D106Y,17.560100,83.674125, ,0.0,0.0,0,0,0,0,0,0,1,0
CI,0, ,0.0,331.0,0,0,0,0,0,0,0,0
CF,D099N,17.691506,83.478378,0,VSP,99.0,14.0,279.0,8.0,2,3300,0,0,0,0,1,0
TF,CD28,17.700894,83.409236,0, ,0.0,0.0,0.0,0.0,2,2200,0,0,0,0,0,0

APPTR,D28,28,LARIK
IF,LARIK,18.834444,84.872778, ,0.0,0.0,0,0,0,0,0,0,0,0
TF,D065P,17.840064,83.488317,0, ,0.0,0.0,0.0,0.0,0,0,0,0,0,0,1,0
CI,0, ,0.0,234.0,0,0,0,0,0,0,0,0
AF,D099N,17.691506,83.478378,2,VSP,99.0,14.0,67.0,2,3300,0,0,0,0,1,0
TF,CD28,17.700894,83.409236,0, ,0.0,0.0,0.0,0.0,2,2200,0,0,0,0,0,0

APPTR,D28,28,NODAX
IF,NODAX,17.229167,83.687500, ,0.0,0.0,0,0,0,0,0,0,0,0
TF,D143P,17.512733,83.407519,0, ,0.0,0.0,0.0,0.0,0,0,0,0,0,0,1,0
CI,0, ,0.0,317.0,0,0,0,0,0,0,0,0
AF,D099N,17.691506,83.478378,1,VSP,99.0,14.0,144.0,2,3300,0,0,0,0,1,0
TF,CD28,17.700894,83.409236,0, ,0.0,0.0,0.0,0.0,2,2200,0,0,0,0,0,0

APPTR,D28,28,VSP1
IF,VSP,17.724278,83.236250, ,0.0,0.0,2,4300,0,1,200,0,0,0
TF,D116J,17.653475,83.394536,0, ,0.0,0.0,0.0,0.0,2,2200,0,0,0,0,0,1
CF,CD28,17.700894,83.409236,1,VSP,99.0,10.0,279.0,1.0,2,2200,0,0,0,0,0,0

APPTR,D28,28,VSP2
IF,VSP,17.724278,83.236250, ,0.0,0.0,2,4300,0,1,200,0,0,0
TF,D108J,17.675264,83.403283,0, ,0.0,0.0,0.0,0.0,2,2200,0,0,0,0,0,1
CF,CD28,17.700894,83.409236,1,VSP,99.0,10.0,279.0,1.0,2,2200,0,0,0,0,0,0

APPTR,D28,28,XOPOX
IF,XOPOX,16.767778,82.646389, ,0.0,0.0,0,0,0,0,0,0,0,0
TF,D205P,17.478958,83.124472,0, ,0.0,0.0,0.0,0.0,0,0,0,0,0,0,1,0
CI,0, ,0.0,34.0,0,0,0,0,0,0,0,0
AF,D180N,17.490022,83.240611,1,VSP,180.0,14.0,203.0,2,6400,0,0,0,0,0,0
AF,D099N,17.691506,83.478378,1,VSP,99.0,14.0,180.0,2,3300,0,0,0,0,1,0
TF,CD28,17.700894,83.409236,0, ,0.0,0.0,0.0,0.0,2,2200,0,0,0,0,0,0

FINAL,D28,28,D,4
IF,CD28,17.700894,83.409236,VSP,99.0,10.0,2,2200,0,0,0,0,0,0
CF,FD28,17.706983,83.364289,0,VSP,99.0,7.4,279.0,2.6,1,2200,0,0,0,0,2,0
CF,40VOR,17.714931,83.305511,0,VSP,99.0,4.0,279.0,3.4,2,1140,0,0,0,0,0,0
CF,MD28,17.719597,83.270931,0,VSP,99.0,2.0,279.0,2.0,1,495,0,0,0,0,3,0
FA,MD28,17.719597,83.270931,0,VSP,0.0,0.0,279.0,2,1000,0,0,0,0,0,0
VI,0, ,0.0,200.0,0,0,0,0,0,0,0,0
FA,VSP,17.724278,83.236250,0,VSP,0.0,0.0,230.0,2,3000,0,0,0,0,0,0
DF,VSP,17.724278,83.236250,1, ,0.0,0.0,1,4300,0,1,180,0,0,0
HM,VSP,17.724278,83.236250,2, ,0.0,0.0,116.0,04.3,2,4300,0,0,0,0,0,0,0

APPTR,I28,28,AKSAN
IF,AKSAN,17.525000,82.183333, ,0.0,0.0,0,0,0,0,0,0,0,0
TF,D251P,17.631928,82.974186,0, ,0.0,0.0,0.0,0.0,0,0,0,0,0,0,1,0
CI,0, ,0.0,83.0,0,0,0,0,0,0,0,0
AF,D180N,17.490022,83.240611,1,VSP,180.0,14.0,249.0,2,6400,0,0,0,0,0,0
AF,D096N,17.702844,83.479686,1,VSP,96.2,14.0,180.0,2,3300,0,0,0,0,1,0
CF,CF28,17.708608,83.410111,0,IVSA,95.9,11.2,276.0,4.0,2,2200,0,0,0,0,0,0

APPTR,I28,28,BILUN
IF,BILUN,18.684444,82.814722, ,0.0,0.0,0,0,0,0,0,0,0,0
TF,D337P,17.969333,83.123797,0, ,0.0,0.0,0.0,0.0,0,0,0,0,0,0,1,0
CI,0, ,0.0,158.0,0,0,0,0,0,0,0,0
AF,D060N,17.844803,83.446025,2,VSP,60.0,14.0,337.0,2,6400,0,0,0,0,0,0
AF,D096N,17.702844,83.479686,2,VSP,96.2,14.0,60.0,2,3300,0,0,0,0,1,0
CF,CF28,17.708608,83.410111,0,IVSA,95.9,11.2,276.0,4.0,2,2200,0,0,0,0,0,0

APPTR,I28,28,BITEM
IF,BITEM,17.154444,82.133333, ,0.0,0.0,0,0,0,0,0,0,0,0
TF,D233P,17.560500,83.015431,0, ,0.0,0.0,0.0,0.0,0,0,0,0,0,0,1,0
CI,0, ,0.0,65.0,0,0,0,0,0,0,0,0
AF,D180N,17.490022,83.240611,1,VSP,180.0,14.0,231.0,2,6400,0,0,0,0,0,0
AF,D096N,17.702844,83.479686,1,VSP,96.2,14.0,180.0,2,3300,0,0,0,0,1,0
CF,CF28,17.708608,83.410111,0,IVSA,95.9,11.2,276.0,4.0,2,2200,0,0,0,0,0,0

APPTR,I28,28,D106Y
IF,D106Y,17.560100,83.674125, ,0.0,0.0,0,0,0,0,0,0,1,0
CI,0, ,0.0,331.0,2,3300,0,0,0,0,0,0
CF,D096N,17.702844,83.479686,0,VSP,96.2,14.0,276.0,8.0,2,3300,0,0,0,0,1,0
CF,CF28,17.708608,83.410111,0,IVSA,95.9,11.2,276.0,4.0,2,2200,0,0,0,0,0,0

APPTR,I28,28,LARIK
IF,LARIK,18.834444,84.872778, ,0.0,0.0,0,0,0,0,0,0,0,0
TF,D065P,17.840064,83.488317,0, ,0.0,0.0,0.0,0.0,0,0,0,0,0,0,1,0
CI,0, ,0.0,234.0,0,0,0,0,0,0,0,0
AF,D096N,17.702844,83.479686,2,VSP,96.2,14.0,67.0,2,3300,0,0,0,0,1,0
CF,CF28,17.708608,83.410111,0,IVSA,95.9,11.2,276.0,4.0,2,2200,0,0,0,0,0,0

APPTR,I28,28,NODAX
IF,NODAX,17.229167,83.687500, ,0.0,0.0,0,0,0,0,0,0,0,0
TF,D143P,17.512733,83.407519,0, ,0.0,0.0,0.0,0.0,0,0,0,0,0,0,1,0
CI,0, ,0.0,317.0,0,0,0,0,0,0,0,0
AF,D096N,17.702844,83.479686,1,VSP,96.2,14.0,144.0,2,3300,0,0,0,0,1,0
CF,CF28,17.708608,83.410111,0,IVSA,95.9,11.2,276.0,4.0,2,2200,0,0,0,0,0,0

APPTR,I28,28,VSP1
IF,VSP,17.724278,83.236250, ,0.0,0.0,2,4300,0,1,200,0,0,0
TF,D113J,17.661508,83.398186,0, ,0.0,0.0,0.0,0.0,2,2200,0,0,0,0,0,1
CF,CF28,17.708608,83.410111,1,IVSA,95.9,11.2,276.0,1.0,2,2200,0,0,0,0,0,0

APPTR,I28,28,VSP2
IF,VSP,17.724278,83.236250, ,0.0,0.0,2,4300,0,1,200,0,0,0
TF,D106J,17.680878,83.404967,0, ,0.0,0.0,0.0,0.0,2,2200,0,0,0,0,0,1
CF,CF28,17.708608,83.410111,1,IVSA,95.9,11.2,276.0,1.0,2,2200,0,0,0,0,0,0

APPTR,I28,28,XOPOX
IF,XOPOX,16.767778,82.646389, ,0.0,0.0,0,0,0,0,0,0,0,0
TF,D205P,17.478958,83.124472,0, ,0.0,0.0,0.0,0.0,0,0,0,0,0,0,1,0
CI,0, ,0.0,34.0,0,0,0,0,0,0,0,0
AF,D180N,17.490022,83.240611,1,VSP,180.0,14.0,203.0,2,6400,0,0,0,0,0,0
AF,D096N,17.702844,83.479686,1,VSP,96.2,14.0,180.0,2,3300,0,0,0,0,1,0
CF,CF28,17.708608,83.410111,0,IVSA,95.9,11.2,276.0,4.0,2,2200,0,0,0,0,0,0

FINAL,I28,28,I,3
IF,CF28,17.708608,83.410111,IVSA,95.9,11.2,2,2200,0,0,0,0,0,0
CF,FF28,17.712358,83.364708,0,IVSA,95.9,8.6,276.0,2.6,1,2200,0,0,0,0,2,0
CF,RW28,17.721989,83.247506,0,IVSA,95.8,1.8,276.0,6.7,1,65,0,0,0,0,3,0
CF,D276B,17.724347,83.218625,0,VSP,271.2,0.0,276.0,1.7,0,0,0,0,0,0,0,0
VI,0, ,0.0,205.0,0,0,0,0,0,0,0,0
FA,VSP,17.724278,83.236250,0,VSP,0.0,0.0,235.0,2,3000,0,0,0,0,0,0
DF,VSP,17.724278,83.236250,1, ,0.0,0.0,1,4300,0,1,180,0,0,0
HM,VSP,17.724278,83.236250,2, ,0.0,0.0,113.0,04.3,2,4300,0,0,0,0,0,0,0

APPTR,I28-W,28,VZ801
IF,VZ801,17.801508,83.488992, ,0.0,0.0,2,3300,0,1,185,0,1,0
TF,VZ804,17.702842,83.479806,0,IVSA,0.0,0.0,0.0,0.0,2,3300,0,0,0,0,1,0

APPTR,I28-W,28,VZ802
IF,VZ802,17.694714,83.577278, ,0.0,0.0,2,3300,0,1,185,0,1,0
TF,VZ804,17.702842,83.479806,0,IVSA,0.0,0.0,0.0,0.0,2,3300,0,0,0,0,1,0

APPTR,I28-W,28,VZ803
IF,VZ803,17.604125,83.470875, ,0.0,0.0,2,3300,0,1,185,0,1,0
TF,VZ804,17.702842,83.479806,0,IVSA,0.0,0.0,0.0,0.0,2,3300,0,0,0,0,1,0

FINAL,I28-W,28,I,3
IF,VZ804,17.702842,83.479806,IVSA,95.9,15.2,2,3300,0,0,0,0,0,0
CF,FF28,17.712358,83.364708,0,IVSA,95.9,8.6,276.0,6.6,1,2200,0,0,0,0,2,0
CF,RW28,17.721989,83.247506,0,IVSA,95.9,1.8,276.0,6.7,1,65,0,0,0,0,3,1
CF,VZ607,17.724358,83.218517,0,VSP,271.3,0.0,276.0,1.7,0,0,0,1,180,0,0,0
TF,VZ608,17.627550,83.107267,0, ,0.0,0.0,0.0,0.0,0,0,0,1,180,0,0,0
TF,VZ609,17.561194,83.112639,0, ,0.0,0.0,0.0,0.0,0,0,0,1,180,0,0,0
TF,VZ803,17.604125,83.470875,1, ,0.0,0.0,0.0,0.0,2,3300,0,1,180,0,0,1
HM,VZ803,17.604125,83.470875,2, ,0.0,0.0,6.0,04.3,2,3300,0,1,230,0,0,0,0

APPTR,R28-Y,28,VZ801
IF,VZ801,17.801508,83.488992, ,0.0,0.0,2,3300,0,1,185,0,1,0
TF,VZ804,17.702842,83.479806,0, ,0.0,0.0,0.0,0.0,2,3300,0,0,0,0,1,0

APPTR,R28-Y,28,VZ802
IF,VZ802,17.694714,83.577278, ,0.0,0.0,2,3300,0,1,185,0,1,0
TF,VZ804,17.702842,83.479806,0, ,0.0,0.0,0.0,0.0,2,3300,0,0,0,0,1,0

APPTR,R28-Y,28,VZ803
IF,VZ803,17.604125,83.470875, ,0.0,0.0,2,3300,0,1,185,0,1,0
TF,VZ804,17.702842,83.479806,0, ,0.0,0.0,0.0,0.0,2,3300,0,0,0,0,1,0

FINAL,R28-Y,28,R,3
IF,VZ804,17.702842,83.479806, ,0.0,0.0,2,3300,0,0,0,0,0,0
TF,VZ805,17.712483,83.364139,0, ,0.0,0.0,276.0,6.7,1,2200,0,0,0,0,2,0
TF,RW28,17.721989,83.247506,0, ,0.0,0.0,276.0,6.7,1,65,0,0,0,0,3,1
CF,VZ607,17.724358,83.218517,0,VSP,271.3,0.0,276.0,1.7,0,0,0,1,180,0,0,0
TF,VZ608,17.627550,83.107267,0, ,0.0,0.0,0.0,0.0,0,0,0,1,180,0,0,0
TF,VZ609,17.561194,83.112639,0, ,0.0,0.0,0.0,0.0,0,0,0,1,180,0,0,0
TF,VZ803,17.604125,83.470875,1, ,0.0,0.0,0.0,0.0,2,3300,0,1,180,0,0,1
HM,VZ803,17.604125,83.470875,2, ,0.0,0.0,6.0,04.3,2,3300,0,1,230,0,0,0,0

