APPTR,R06,06,GODES
IF,GODES,5.802806,73.298389, ,0.0,0.0,0,0,0,1,180,0,1,0
TF,DA433,5.733639,73.345528,0, ,0.0,0.0,0.0,0.0,2,1600,0,0,0,0,1,0

APPTR,R06,06,NIRAR
IF,NIRAR,5.664500,73.392667, ,0.0,0.0,0,0,0,1,180,0,1,0
TF,DA433,5.733639,73.345528,0, ,0.0,0.0,0.0,0.0,2,1600,0,0,0,0,1,0

FINAL,R06,06,R,3
IF,DA433,5.733639,73.345528, ,0.0,0.0,2,1600,0,0,0,0,0,0
TF,DA432,5.766694,73.393861,0, ,0.0,0.0,59.0,3.5,2,1600,0,0,0,0,2,0
TF,RW06,5.812978,73.461525,0, ,0.0,0.0,59.0,4.9,1,56,0,0,0,0,3,1
CA,0,59.0,2,500,0,0,0,0,0,0
DF,NIRAR,5.664500,73.392667,2, ,0.0,0.0,1,3000,0,0,0,0,0,1
HM,NIRAR,5.664500,73.392667,2, ,0.0,0.0,329.0,04.3,2,3000,0,0,0,0,0,0,0

APPTR,R24,24,ASAKO
IF,ASAKO,5.834306,73.641056, ,0.0,0.0,0,0,0,1,180,0,1,0
TF,DA431,5.903472,73.593917,0, ,0.0,0.0,0.0,0.0,2,1600,0,0,0,0,1,0

APPTR,R24,24,EGOTO
IF,EGOTO,5.972639,73.546778, ,0.0,0.0,0,0,0,1,180,0,1,0
TF,DA431,5.903472,73.593917,0, ,0.0,0.0,0.0,0.0,2,1600,0,0,0,0,1,0

FINAL,R24,24,R,3
IF,DA431,5.903472,73.593917, ,0.0,0.0,2,1600,0,0,0,0,0,0
TF,DA430,5.870417,73.545556,0, ,0.0,0.0,239.0,3.5,2,1600,0,0,0,0,2,0
TF,RW24,5.824169,73.477894,0, ,0.0,0.0,239.0,4.9,1,56,0,0,0,0,3,1
CA,0,239.0,2,500,0,0,0,0,0,0
DF,ASAKO,5.834306,73.641056,1, ,0.0,0.0,1,3000,0,0,0,0,0,1
HM,ASAKO,5.834306,73.641056,2, ,0.0,0.0,329.0,04.3,2,3000,0,0,0,0,0,0,0

