APPTR,R03,03,AKLUT
IF,AKLUT,6.572944,73.174694, ,0.0,0.0,0,0,0,0,0,0,1,0
TF,MH405,6.611139,73.100167,0, ,0.0,0.0,0.0,0.0,2,1700,0,0,0,0,1,0

APPTR,R03,03,ISTOV
IF,ISTOV,6.649333,73.025667, ,0.0,0.0,0,0,0,0,0,0,1,0
TF,MH405,6.611139,73.100167,0, ,0.0,0.0,0.0,0.0,2,1700,0,0,0,0,1,0

FINAL,R03,03,R,3
IF,MH405,6.611139,73.100167, ,0.0,0.0,2,1700,0,0,0,0,0,0
TF,MH406,6.663306,73.126917,0, ,0.0,0.0,29.0,3.5,2,1700,0,0,0,0,2,0
TF,RW03,6.740789,73.166653,0, ,0.0,0.0,29.0,5.2,1,44,0,0,0,0,3,1
CA,0,29.0,2,1000,0,0,0,0,0,0
DF,AKLUT,6.572944,73.174694,2, ,0.0,0.0,0,0,0,0,0,0,0,1
HM,AKLUT,6.572944,73.174694,2, ,0.0,0.0,299.0,04.3,2,3000,0,0,0,0,0,0,0

APPTR,R21,21,DOSNI
IF,DOSNI,6.918444,73.163639, ,0.0,0.0,0,0,0,0,0,0,1,0
TF,MH403,6.880250,73.238194,0, ,0.0,0.0,0.0,0.0,2,1700,0,0,0,0,1,0

APPTR,R21,21,VIREM
IF,VIREM,6.842028,73.312750, ,0.0,0.0,0,0,0,0,0,0,1,0
TF,MH403,6.880250,73.238194,0, ,0.0,0.0,0.0,0.0,2,1700,0,0,0,0,1,0

FINAL,R21,21,R,3
IF,MH403,6.880250,73.238194, ,0.0,0.0,2,1700,0,0,0,0,0,0
TF,MH404,6.828111,73.211444,0, ,0.0,0.0,209.0,3.5,2,1700,0,0,0,0,2,0
TF,RW21,6.750608,73.171689,0, ,0.0,0.0,209.0,5.2,1,44,0,0,0,0,3,1
CA,0,209.0,2,1000,0,0,0,0,0,0
DF,VIREM,6.842028,73.312750,1, ,0.0,0.0,0,0,0,0,0,0,0,1
HM,VIREM,6.842028,73.312750,2, ,0.0,0.0,299.0,04.3,2,3000,0,0,0,0,0,0,0

