APPTR,R16,16,EMRIS
IF,EMRIS,0.660194,73.011361, ,0.0,0.0,0,0,0,0,0,0,1,0
TF,MT411,0.626556,72.935194,0, ,0.0,0.0,0.0,0.0,0,0,0,0,0,0,1,0
TF,MT410,0.572861,72.958556,0, ,0.0,0.0,0.0,0.0,2,1700,0,0,0,0,0,0

APPTR,R16,16,MESUB
IF,MESUB,0.592917,72.859000, ,0.0,0.0,0,0,0,0,0,0,1,0
TF,MT411,0.626556,72.935194,0, ,0.0,0.0,0.0,0.0,0,0,0,0,0,0,1,0
TF,MT410,0.572861,72.958556,0, ,0.0,0.0,0.0,0.0,2,1700,0,0,0,0,0,0

FINAL,R16,16,R,2
IF,MT410,0.572861,72.958556, ,0.0,0.0,2,1700,0,0,0,0,2,0
TF,RW16,0.493108,72.993314,0, ,0.0,0.0,160.0,5.2,1,52,0,0,0,0,3,1
CA,0,160.0,2,1000,0,0,0,0,0,0
DF,MESUB,0.592917,72.859000,2, ,0.0,0.0,1,3000,0,0,0,0,0,0
HM,MESUB,0.592917,72.859000,2, ,0.0,0.0,70.0,04.3,2,3000,0,0,0,0,0,0,0

APPTR,R34,34,DULAL
IF,DULAL,0.383222,73.132000, ,0.0,0.0,0,0,0,0,0,0,1,0
TF,MT413,0.349556,73.055833,0, ,0.0,0.0,0.0,0.0,0,0,0,0,0,0,1,0
TF,MT412,0.403250,73.032444,0, ,0.0,0.0,0.0,0.0,2,1700,0,0,0,0,0,0

APPTR,R34,34,OGAKA
IF,OGAKA,0.315889,72.979667, ,0.0,0.0,0,0,0,0,0,0,1,0
TF,MT413,0.349556,73.055833,0, ,0.0,0.0,0.0,0.0,0,0,0,0,0,0,1,0
TF,MT412,0.403250,73.032444,0, ,0.0,0.0,0.0,0.0,2,1700,0,0,0,0,0,0

FINAL,R34,34,R,2
IF,MT412,0.403250,73.032444, ,0.0,0.0,2,1700,0,0,0,0,2,0
TF,RW34,0.483014,72.997711,0, ,0.0,0.0,340.0,5.2,1,52,0,0,0,0,3,1
CA,0,340.0,2,1000,0,0,0,0,0,0
DF,DULAL,0.383222,73.132000,2, ,0.0,0.0,1,3000,0,0,0,0,0,0
HM,DULAL,0.383222,73.132000,2, ,0.0,0.0,250.0,04.3,2,3000,0,0,0,0,0,0,0

