SID,ALBO3G,19R,5
CF,ROVEN,13.614528,100.719758,0,BKK,157.6,18.2,195.0,3.5,0,0,0,1,220,0,0,1
DF,BS907,13.520672,100.667758,0, ,0.0,0.0,0,0,0,0,0,0,0,0
TF,BS909,13.544469,100.571386,0, ,0.0,0.0,0.0,0.0,0,0,0,1,240,0,0,0
TF,BS910,13.693356,100.575300,0, ,0.0,0.0,0.0,0.0,3,10000,0,0,0,0,0,0
TF,BS912,13.768147,100.711903,0, ,0.0,0.0,0.0,0.0,0,0,0,0,0,0,0,0
TF,BS914,14.318889,100.855117,0, ,0.0,0.0,0.0,0.0,0,0,0,0,0,0,0,0
TF,ALBOS,14.744917,101.028306,0, ,0.0,0.0,0.0,0.0,0,0,0,0,0,0,0,0

SID,ALBO3H,01L,5
CF,VARIS,13.760403,100.758094,0,BKK,131.1,12.4,15.0,3.5,0,0,0,1,230,0,0,1
DF,BS104,13.947297,100.819986,0, ,0.0,0.0,0,0,0,0,0,0,0,0
TF,BS105,14.303753,100.912864,0, ,0.0,0.0,0.0,0.0,0,0,0,0,0,0,0,0
TF,BS106,14.457133,100.952939,0, ,0.0,0.0,0.0,0.0,2,16000,0,0,0,0,0,0
TF,ALBOS,14.744917,101.028306,0, ,0.0,0.0,0.0,0.0,0,0,0,0,0,0,0,0

SID,ALBO3J,19L,5
CF,LOUIS,13.599950,100.736922,0,BKK,155.9,19.4,195.0,3.5,0,0,0,1,220,0,0,1
DF,BS907,13.520672,100.667758,0, ,0.0,0.0,0,0,0,0,0,0,0,0
TF,BS909,13.544469,100.571386,0, ,0.0,0.0,0.0,0.0,0,0,0,1,240,0,0,0
TF,BS910,13.693356,100.575300,0, ,0.0,0.0,0.0,0.0,3,10000,0,0,0,0,0,0
TF,BS912,13.768147,100.711903,0, ,0.0,0.0,0.0,0.0,0,0,0,0,0,0,0,0
TF,BS914,14.318889,100.855117,0, ,0.0,0.0,0.0,0.0,0,0,0,0,0,0,0,0
TF,ALBOS,14.744917,101.028306,0, ,0.0,0.0,0.0,0.0,0,0,0,0,0,0,0,0

SID,ALBO3K,01R,5
CF,EXSON,13.748447,100.775956,0,BKK,130.5,13.6,15.0,3.5,0,0,0,1,230,0,0,1
DF,BS104,13.947297,100.819986,0, ,0.0,0.0,0,0,0,0,0,0,0,0
TF,BS105,14.303753,100.912864,0, ,0.0,0.0,0.0,0.0,0,0,0,0,0,0,0,0
TF,BS106,14.457133,100.952939,0, ,0.0,0.0,0.0,0.0,2,16000,0,0,0,0,0,0
TF,ALBOS,14.744917,101.028306,0, ,0.0,0.0,0.0,0.0,0,0,0,0,0,0,0,0

SID,BONV3G,19R,5
CF,ROVEN,13.614528,100.719758,0,BKK,157.6,18.2,195.0,3.5,0,0,0,1,220,0,0,1
DF,BS907,13.520672,100.667758,0, ,0.0,0.0,0,0,0,0,0,0,0,0
TF,BS909,13.544469,100.571386,0, ,0.0,0.0,0.0,0.0,0,0,0,1,240,0,0,0
TF,BS910,13.693356,100.575300,0, ,0.0,0.0,0.0,0.0,3,10000,0,0,0,0,0,0
TF,BS911,13.822928,100.578717,0, ,0.0,0.0,0.0,0.0,0,0,0,0,0,0,0,0
TF,MEKET,13.900797,100.448597,0, ,0.0,0.0,0.0,0.0,2,14000,0,0,0,0,0,0
TF,INTOS,13.971819,100.329756,0, ,0.0,0.0,0.0,0.0,0,0,0,0,0,0,0,0
TF,OBMAR,13.981533,100.065178,0, ,0.0,0.0,0.0,0.0,2,16000,0,0,0,0,0,0
TF,BONVO,13.736242,99.768533,0, ,0.0,0.0,0.0,0.0,0,0,0,0,0,0,0,0

SID,BONV3H,01L,5
CF,VARIS,13.760403,100.758094,0,BKK,131.1,12.4,15.0,3.5,0,0,0,1,230,0,0,1
DF,BS104,13.947297,100.819986,0, ,0.0,0.0,0,0,0,0,0,0,0,0
TF,BS108,14.066008,100.697939,0, ,0.0,0.0,0.0,0.0,4,10000,8000,0,0,0,0,0
TF,BS117,14.092469,100.524342,0, ,0.0,0.0,0.0,0.0,2,11000,0,0,0,0,0,0
TF,BS118,14.119686,100.344883,0, ,0.0,0.0,0.0,0.0,2,14000,0,0,0,0,0,0
TF,OBMAR,13.981533,100.065178,0, ,0.0,0.0,0.0,0.0,2,16000,0,0,0,0,0,0
TF,BONVO,13.736242,99.768533,0, ,0.0,0.0,0.0,0.0,0,0,0,0,0,0,0,0

SID,BONV3J,19L,5
CF,LOUIS,13.599950,100.736922,0,BKK,155.9,19.4,195.0,3.5,0,0,0,1,220,0,0,1
DF,BS907,13.520672,100.667758,0, ,0.0,0.0,0,0,0,0,0,0,0,0
TF,BS909,13.544469,100.571386,0, ,0.0,0.0,0.0,0.0,0,0,0,1,240,0,0,0
TF,BS910,13.693356,100.575300,0, ,0.0,0.0,0.0,0.0,3,10000,0,0,0,0,0,0
TF,BS911,13.822928,100.578717,0, ,0.0,0.0,0.0,0.0,0,0,0,0,0,0,0,0
TF,MEKET,13.900797,100.448597,0, ,0.0,0.0,0.0,0.0,2,14000,0,0,0,0,0,0
TF,INTOS,13.971819,100.329756,0, ,0.0,0.0,0.0,0.0,0,0,0,0,0,0,0,0
TF,OBMAR,13.981533,100.065178,0, ,0.0,0.0,0.0,0.0,2,16000,0,0,0,0,0,0
TF,BONVO,13.736242,99.768533,0, ,0.0,0.0,0.0,0.0,0,0,0,0,0,0,0,0

SID,BONV3K,01R,5
CF,EXSON,13.748447,100.775956,0,BKK,130.5,13.6,15.0,3.5,0,0,0,1,230,0,0,1
DF,BS104,13.947297,100.819986,0, ,0.0,0.0,0,0,0,0,0,0,0,0
TF,BS108,14.066008,100.697939,0, ,0.0,0.0,0.0,0.0,4,10000,8000,0,0,0,0,0
TF,BS117,14.092469,100.524342,0, ,0.0,0.0,0.0,0.0,2,11000,0,0,0,0,0,0
TF,BS118,14.119686,100.344883,0, ,0.0,0.0,0.0,0.0,2,14000,0,0,0,0,0,0
TF,OBMAR,13.981533,100.065178,0, ,0.0,0.0,0.0,0.0,2,16000,0,0,0,0,0,0
TF,BONVO,13.736242,99.768533,0, ,0.0,0.0,0.0,0.0,0,0,0,0,0,0,0,0

SID,DOSB3G,19R,5
CF,ROVEN,13.614528,100.719758,0,BKK,157.6,18.2,195.0,3.5,0,0,0,1,220,0,0,1
DF,BS901,13.511008,100.798036,0, ,0.0,0.0,0,0,0,0,0,0,0,0
TF,BS902,13.516872,100.897519,0, ,0.0,0.0,0.0,0.0,3,6000,0,0,0,0,0,0
TF,MEZZO,13.526050,101.054558,0, ,0.0,0.0,0.0,0.0,0,0,0,0,0,0,0,0
TF,DOSBU,13.877850,101.833883,0, ,0.0,0.0,0.0,0.0,0,0,0,0,0,0,0,0

SID,DOSB3H,01L,5
CF,VARIS,13.760403,100.758094,0,BKK,131.1,12.4,15.0,3.5,0,0,0,1,230,0,0,1
DF,BS101,13.784583,100.964056,0, ,0.0,0.0,3,6000,0,0,0,0,0,0
TF,DOSBU,13.877850,101.833883,0, ,0.0,0.0,0.0,0.0,0,0,0,0,0,0,0,0

SID,DOSB3J,19L,5
CF,LOUIS,13.599950,100.736922,0,BKK,155.9,19.4,195.0,3.5,0,0,0,1,220,0,0,1
DF,BS901,13.511008,100.798036,0, ,0.0,0.0,0,0,0,0,0,0,0,0
TF,BS902,13.516872,100.897519,0, ,0.0,0.0,0.0,0.0,3,6000,0,0,0,0,0,0
TF,MEZZO,13.526050,101.054558,0, ,0.0,0.0,0.0,0.0,0,0,0,0,0,0,0,0
TF,DOSBU,13.877850,101.833883,0, ,0.0,0.0,0.0,0.0,0,0,0,0,0,0,0,0

SID,DOSB3K,01R,5
CF,EXSON,13.748447,100.775956,0,BKK,130.5,13.6,15.0,3.5,0,0,0,1,230,0,0,1
DF,BS101,13.784583,100.964056,0, ,0.0,0.0,3,6000,0,0,0,0,0,0
TF,DOSBU,13.877850,101.833883,0, ,0.0,0.0,0.0,0.0,0,0,0,0,0,0,0,0

SID,GORS3G,19R,5
CF,ROVEN,13.614528,100.719758,0,BKK,157.6,18.2,195.0,3.5,0,0,0,1,220,0,0,1
DF,BS901,13.511008,100.798036,0, ,0.0,0.0,0,0,0,0,0,0,0,0
TF,BS902,13.516872,100.897519,0, ,0.0,0.0,0.0,0.0,3,6000,0,0,0,0,0,0
TF,MEZZO,13.526050,101.054558,0, ,0.0,0.0,0.0,0.0,0,0,0,0,0,0,0,0
TF,BS915,13.520550,101.209247,0, ,0.0,0.0,0.0,0.0,0,0,0,0,0,0,0,0
TF,GORSI,13.515178,101.357792,0, ,0.0,0.0,0.0,0.0,0,0,0,0,0,0,0,0

SID,GORS3H,01L,5
CF,VARIS,13.760403,100.758094,0,BKK,131.1,12.4,15.0,3.5,0,0,0,1,230,0,0,1
DF,BS101,13.784583,100.964056,0, ,0.0,0.0,3,6000,0,0,0,0,0,0
TF,BS102,13.691133,101.100789,0, ,0.0,0.0,0.0,0.0,0,0,0,0,0,0,0,0
TF,GORSI,13.515178,101.357792,0, ,0.0,0.0,0.0,0.0,0,0,0,0,0,0,0,0

SID,GORS3J,19L,5
CF,LOUIS,13.599950,100.736922,0,BKK,155.9,19.4,195.0,3.5,0,0,0,1,220,0,0,1
DF,BS901,13.511008,100.798036,0, ,0.0,0.0,0,0,0,0,0,0,0,0
TF,BS902,13.516872,100.897519,0, ,0.0,0.0,0.0,0.0,3,6000,0,0,0,0,0,0
TF,MEZZO,13.526050,101.054558,0, ,0.0,0.0,0.0,0.0,0,0,0,0,0,0,0,0
TF,BS915,13.520550,101.209247,0, ,0.0,0.0,0.0,0.0,0,0,0,0,0,0,0,0
TF,GORSI,13.515178,101.357792,0, ,0.0,0.0,0.0,0.0,0,0,0,0,0,0,0,0

SID,GORS3K,01R,5
CF,EXSON,13.748447,100.775956,0,BKK,130.5,13.6,15.0,3.5,0,0,0,1,230,0,0,1
DF,BS101,13.784583,100.964056,0, ,0.0,0.0,3,6000,0,0,0,0,0,0
TF,BS102,13.691133,101.100789,0, ,0.0,0.0,0.0,0.0,0,0,0,0,0,0,0,0
TF,GORSI,13.515178,101.357792,0, ,0.0,0.0,0.0,0.0,0,0,0,0,0,0,0,0

SID,HHN3G,19R,5
CF,ROVEN,13.614528,100.719758,0,BKK,157.6,18.2,195.0,3.5,0,0,0,1,220,0,0,1
DF,BS907,13.520672,100.667758,0, ,0.0,0.0,0,0,0,0,0,0,0,0
TF,BS908,13.426211,100.506317,0, ,0.0,0.0,0.0,0.0,3,9000,0,0,0,0,0,0
TF,SALMA,13.241358,100.191311,0, ,0.0,0.0,0.0,0.0,3,16000,0,0,0,0,0,0
TF,SABIS,12.999592,100.190147,0, ,0.0,0.0,0.0,0.0,0,0,0,0,0,0,0,0
TF,HHN,12.634456,99.951175,0, ,0.0,0.0,0.0,0.0,0,0,0,0,0,0,0,0

SID,HHN3H,01L,5
CF,VARIS,13.760403,100.758094,0,BKK,131.1,12.4,15.0,3.5,0,0,0,1,230,0,0,1
DF,BS104,13.947297,100.819986,0, ,0.0,0.0,0,0,0,0,0,0,0,0
TF,BS108,14.066008,100.697939,0, ,0.0,0.0,0.0,0.0,4,10000,8000,0,0,0,0,0
TF,BS117,14.092469,100.524342,0, ,0.0,0.0,0.0,0.0,2,11000,0,0,0,0,0,0
TF,BS118,14.119686,100.344883,0, ,0.0,0.0,0.0,0.0,2,14000,0,0,0,0,0,0
TF,POTEP,13.698400,100.080797,0, ,0.0,0.0,0.0,0.0,2,20000,0,0,0,0,0,0
TF,TUPKA,13.339514,100.193044,0, ,0.0,0.0,0.0,0.0,0,0,0,0,0,0,0,0
TF,SABIS,12.999592,100.190147,0, ,0.0,0.0,0.0,0.0,0,0,0,0,0,0,0,0
TF,HHN,12.634456,99.951175,0, ,0.0,0.0,0.0,0.0,0,0,0,0,0,0,0,0

SID,HHN3J,19L,5
CF,LOUIS,13.599950,100.736922,0,BKK,155.9,19.4,195.0,3.5,0,0,0,1,220,0,0,1
DF,BS907,13.520672,100.667758,0, ,0.0,0.0,0,0,0,0,0,0,0,0
TF,BS908,13.426211,100.506317,0, ,0.0,0.0,0.0,0.0,3,9000,0,0,0,0,0,0
TF,SALMA,13.241358,100.191311,0, ,0.0,0.0,0.0,0.0,3,16000,0,0,0,0,0,0
TF,SABIS,12.999592,100.190147,0, ,0.0,0.0,0.0,0.0,0,0,0,0,0,0,0,0
TF,HHN,12.634456,99.951175,0, ,0.0,0.0,0.0,0.0,0,0,0,0,0,0,0,0

SID,HHN3K,01R,5
CF,EXSON,13.748447,100.775956,0,BKK,130.5,13.6,15.0,3.5,0,0,0,1,230,0,0,1
DF,BS104,13.947297,100.819986,0, ,0.0,0.0,0,0,0,0,0,0,0,0
TF,BS108,14.066008,100.697939,0, ,0.0,0.0,0.0,0.0,4,10000,8000,0,0,0,0,0
TF,BS117,14.092469,100.524342,0, ,0.0,0.0,0.0,0.0,2,11000,0,0,0,0,0,0
TF,BS118,14.119686,100.344883,0, ,0.0,0.0,0.0,0.0,2,14000,0,0,0,0,0,0
TF,POTEP,13.698400,100.080797,0, ,0.0,0.0,0.0,0.0,2,20000,0,0,0,0,0,0
TF,TUPKA,13.339514,100.193044,0, ,0.0,0.0,0.0,0.0,0,0,0,0,0,0,0,0
TF,SABIS,12.999592,100.190147,0, ,0.0,0.0,0.0,0.0,0,0,0,0,0,0,0,0
TF,HHN,12.634456,99.951175,0, ,0.0,0.0,0.0,0.0,0,0,0,0,0,0,0,0

SID,KASN3G,19R,5
CF,ROVEN,13.614528,100.719758,0,BKK,157.6,18.2,195.0,3.5,0,0,0,1,220,0,0,1
DF,BS903,13.479864,100.704039,0, ,0.0,0.0,0,0,0,0,0,0,0,0
TF,SAMBA,13.384072,100.680033,0, ,0.0,0.0,0.0,0.0,0,0,0,0,0,0,0,0
TF,BS905,13.248553,100.679253,0, ,0.0,0.0,0.0,0.0,3,9000,0,0,0,0,0,0
TF,KASNI,13.080603,100.678300,0, ,0.0,0.0,0.0,0.0,0,0,0,0,0,0,0,0

SID,KASN3H,01L,5
CF,VARIS,13.760403,100.758094,0,BKK,131.1,12.4,15.0,3.5,0,0,0,1,230,0,0,1
DF,BS101,13.784583,100.964056,0, ,0.0,0.0,3,6000,0,0,0,0,0,0
TF,BS102,13.691133,101.100789,0, ,0.0,0.0,0.0,0.0,0,0,0,0,0,0,0,0
TF,BS103,13.319439,100.996769,0, ,0.0,0.0,0.0,0.0,3,11000,0,0,0,0,0,0
TF,KASNI,13.080603,100.678300,0, ,0.0,0.0,0.0,0.0,0,0,0,0,0,0,0,0

SID,KASN3J,19L,5
CF,LOUIS,13.599950,100.736922,0,BKK,155.9,19.4,195.0,3.5,0,0,0,1,220,0,0,1
DF,BS903,13.479864,100.704039,0, ,0.0,0.0,0,0,0,0,0,0,0,0
TF,SAMBA,13.384072,100.680033,0, ,0.0,0.0,0.0,0.0,0,0,0,0,0,0,0,0
TF,BS905,13.248553,100.679253,0, ,0.0,0.0,0.0,0.0,3,9000,0,0,0,0,0,0
TF,KASNI,13.080603,100.678300,0, ,0.0,0.0,0.0,0.0,0,0,0,0,0,0,0,0

SID,KASN3K,01R,5
CF,EXSON,13.748447,100.775956,0,BKK,130.5,13.6,15.0,3.5,0,0,0,1,230,0,0,1
DF,BS101,13.784583,100.964056,0, ,0.0,0.0,3,6000,0,0,0,0,0,0
TF,BS102,13.691133,101.100789,0, ,0.0,0.0,0.0,0.0,0,0,0,0,0,0,0,0
TF,BS103,13.319439,100.996769,0, ,0.0,0.0,0.0,0.0,3,11000,0,0,0,0,0,0
TF,KASNI,13.080603,100.678300,0, ,0.0,0.0,0.0,0.0,0,0,0,0,0,0,0,0

SID,KIGO3G,19R,5
CF,ROVEN,13.614528,100.719758,0,BKK,157.6,18.2,195.0,3.5,0,0,0,1,220,0,0,1
DF,BS903,13.479864,100.704039,0, ,0.0,0.0,0,0,0,0,0,0,0,0
TF,SAMBA,13.384072,100.680033,0, ,0.0,0.0,0.0,0.0,0,0,0,0,0,0,0,0
TF,BS904,13.268911,100.752986,0, ,0.0,0.0,0.0,0.0,3,9000,0,0,0,0,0,0
TF,KIGOB,13.112906,100.851758,0, ,0.0,0.0,0.0,0.0,0,0,0,0,0,0,0,0

SID,KIGO3H,01L,5
CF,VARIS,13.760403,100.758094,0,BKK,131.1,12.4,15.0,3.5,0,0,0,1,230,0,0,1
DF,BS101,13.784583,100.964056,0, ,0.0,0.0,3,6000,0,0,0,0,0,0
TF,BS102,13.691133,101.100789,0, ,0.0,0.0,0.0,0.0,0,0,0,0,0,0,0,0
TF,BS103,13.319439,100.996769,0, ,0.0,0.0,0.0,0.0,3,11000,0,0,0,0,0,0
TF,KIGOB,13.112906,100.851758,0, ,0.0,0.0,0.0,0.0,0,0,0,0,0,0,0,0

SID,KIGO3J,19L,5
CF,LOUIS,13.599950,100.736922,0,BKK,155.9,19.4,195.0,3.5,0,0,0,1,220,0,0,1
DF,BS903,13.479864,100.704039,0, ,0.0,0.0,0,0,0,0,0,0,0,0
TF,SAMBA,13.384072,100.680033,0, ,0.0,0.0,0.0,0.0,0,0,0,0,0,0,0,0
TF,BS904,13.268911,100.752986,0, ,0.0,0.0,0.0,0.0,3,9000,0,0,0,0,0,0
TF,KIGOB,13.112906,100.851758,0, ,0.0,0.0,0.0,0.0,0,0,0,0,0,0,0,0

SID,KIGO3K,01R,5
CF,EXSON,13.748447,100.775956,0,BKK,130.5,13.6,15.0,3.5,0,0,0,1,230,0,0,1
DF,BS101,13.784583,100.964056,0, ,0.0,0.0,3,6000,0,0,0,0,0,0
TF,BS102,13.691133,101.100789,0, ,0.0,0.0,0.0,0.0,0,0,0,0,0,0,0,0
TF,BS103,13.319439,100.996769,0, ,0.0,0.0,0.0,0.0,3,11000,0,0,0,0,0,0
TF,KIGOB,13.112906,100.851758,0, ,0.0,0.0,0.0,0.0,0,0,0,0,0,0,0,0

SID,NOBE3G,19R,5
CF,ROVEN,13.614528,100.719758,0,BKK,157.6,18.2,195.0,3.5,0,0,0,1,220,0,0,1
DF,BS907,13.520672,100.667758,0, ,0.0,0.0,0,0,0,0,0,0,0,0
TF,BS909,13.544469,100.571386,0, ,0.0,0.0,0.0,0.0,0,0,0,1,240,0,0,0
TF,BS910,13.693356,100.575300,0, ,0.0,0.0,0.0,0.0,3,10000,0,0,0,0,0,0
TF,BS911,13.822928,100.578717,0, ,0.0,0.0,0.0,0.0,0,0,0,0,0,0,0,0
TF,MEKET,13.900797,100.448597,0, ,0.0,0.0,0.0,0.0,2,14000,0,0,0,0,0,0
TF,INTOS,13.971819,100.329756,0, ,0.0,0.0,0.0,0.0,0,0,0,0,0,0,0,0
TF,DISCO,14.470997,100.271456,0, ,0.0,0.0,0.0,0.0,0,0,0,0,0,0,0,0
TF,TANGO,14.672847,100.242372,0, ,0.0,0.0,0.0,0.0,0,0,0,0,0,0,0,0
TF,NOBER,15.276556,100.668333,0, ,0.0,0.0,0.0,0.0,0,0,0,0,0,0,0,0

SID,NOBE3H,01L,5
CF,VARIS,13.760403,100.758094,0,BKK,131.1,12.4,15.0,3.5,0,0,0,1,230,0,0,1
DF,BS104,13.947297,100.819986,0, ,0.0,0.0,0,0,0,0,0,0,0,0
TF,BS105,14.303753,100.912864,0, ,0.0,0.0,0.0,0.0,0,0,0,0,0,0,0,0
TF,BS107,14.371839,100.652639,0, ,0.0,0.0,0.0,0.0,4,15000,14000,0,0,0,0,0
TF,DISCO,14.470997,100.271456,0, ,0.0,0.0,0.0,0.0,0,0,0,0,0,0,0,0
TF,TANGO,14.672847,100.242372,0, ,0.0,0.0,0.0,0.0,0,0,0,0,0,0,0,0
TF,NOBER,15.276556,100.668333,0, ,0.0,0.0,0.0,0.0,0,0,0,0,0,0,0,0

SID,NOBE3J,19L,5
CF,LOUIS,13.599950,100.736922,0,BKK,155.9,19.4,195.0,3.5,0,0,0,1,220,0,0,1
DF,BS907,13.520672,100.667758,0, ,0.0,0.0,0,0,0,0,0,0,0,0
TF,BS909,13.544469,100.571386,0, ,0.0,0.0,0.0,0.0,0,0,0,1,240,0,0,0
TF,BS910,13.693356,100.575300,0, ,0.0,0.0,0.0,0.0,3,10000,0,0,0,0,0,0
TF,BS911,13.822928,100.578717,0, ,0.0,0.0,0.0,0.0,0,0,0,0,0,0,0,0
TF,MEKET,13.900797,100.448597,0, ,0.0,0.0,0.0,0.0,2,14000,0,0,0,0,0,0
TF,INTOS,13.971819,100.329756,0, ,0.0,0.0,0.0,0.0,0,0,0,0,0,0,0,0
TF,DISCO,14.470997,100.271456,0, ,0.0,0.0,0.0,0.0,0,0,0,0,0,0,0,0
TF,TANGO,14.672847,100.242372,0, ,0.0,0.0,0.0,0.0,0,0,0,0,0,0,0,0
TF,NOBER,15.276556,100.668333,0, ,0.0,0.0,0.0,0.0,0,0,0,0,0,0,0,0

SID,NOBE3K,01R,5
CF,EXSON,13.748447,100.775956,0,BKK,130.5,13.6,15.0,3.5,0,0,0,1,230,0,0,1
DF,BS104,13.947297,100.819986,0, ,0.0,0.0,0,0,0,0,0,0,0,0
TF,BS105,14.303753,100.912864,0, ,0.0,0.0,0.0,0.0,0,0,0,0,0,0,0,0
TF,BS107,14.371839,100.652639,0, ,0.0,0.0,0.0,0.0,4,15000,14000,0,0,0,0,0
TF,DISCO,14.470997,100.271456,0, ,0.0,0.0,0.0,0.0,0,0,0,0,0,0,0,0
TF,TANGO,14.672847,100.242372,0, ,0.0,0.0,0.0,0.0,0,0,0,0,0,0,0,0
TF,NOBER,15.276556,100.668333,0, ,0.0,0.0,0.0,0.0,0,0,0,0,0,0,0,0

SID,NUNL3G,19R,5
CF,ROVEN,13.614528,100.719758,0,BKK,157.6,18.2,195.0,3.5,0,0,0,1,220,0,0,1
DF,BS907,13.520672,100.667758,0, ,0.0,0.0,0,0,0,0,0,0,0,0
TF,BS909,13.544469,100.571386,0, ,0.0,0.0,0.0,0.0,0,0,0,1,240,0,0,0
TF,BS910,13.693356,100.575300,0, ,0.0,0.0,0.0,0.0,3,10000,0,0,0,0,0,0
TF,BS911,13.822928,100.578717,0, ,0.0,0.0,0.0,0.0,0,0,0,0,0,0,0,0
TF,MEKET,13.900797,100.448597,0, ,0.0,0.0,0.0,0.0,2,14000,0,0,0,0,0,0
TF,INTOS,13.971819,100.329756,0, ,0.0,0.0,0.0,0.0,0,0,0,0,0,0,0,0
TF,DISCO,14.470997,100.271456,0, ,0.0,0.0,0.0,0.0,0,0,0,0,0,0,0,0
TF,NUNLI,14.857625,99.384333,0, ,0.0,0.0,0.0,0.0,0,0,0,0,0,0,0,0

SID,NUNL3H,01L,5
CF,VARIS,13.760403,100.758094,0,BKK,131.1,12.4,15.0,3.5,0,0,0,1,230,0,0,1
DF,BS104,13.947297,100.819986,0, ,0.0,0.0,0,0,0,0,0,0,0,0
TF,BS105,14.303753,100.912864,0, ,0.0,0.0,0.0,0.0,0,0,0,0,0,0,0,0
TF,BS107,14.371839,100.652639,0, ,0.0,0.0,0.0,0.0,4,15000,14000,0,0,0,0,0
TF,DISCO,14.470997,100.271456,0, ,0.0,0.0,0.0,0.0,0,0,0,0,0,0,0,0
TF,NUNLI,14.857625,99.384333,0, ,0.0,0.0,0.0,0.0,0,0,0,0,0,0,0,0

SID,NUNL3J,19L,5
CF,LOUIS,13.599950,100.736922,0,BKK,155.9,19.4,195.0,3.5,0,0,0,1,220,0,0,1
DF,BS907,13.520672,100.667758,0, ,0.0,0.0,0,0,0,0,0,0,0,0
TF,BS909,13.544469,100.571386,0, ,0.0,0.0,0.0,0.0,0,0,0,1,240,0,0,0
TF,BS910,13.693356,100.575300,0, ,0.0,0.0,0.0,0.0,3,10000,0,0,0,0,0,0
TF,BS911,13.822928,100.578717,0, ,0.0,0.0,0.0,0.0,0,0,0,0,0,0,0,0
TF,MEKET,13.900797,100.448597,0, ,0.0,0.0,0.0,0.0,2,14000,0,0,0,0,0,0
TF,INTOS,13.971819,100.329756,0, ,0.0,0.0,0.0,0.0,0,0,0,0,0,0,0,0
TF,DISCO,14.470997,100.271456,0, ,0.0,0.0,0.0,0.0,0,0,0,0,0,0,0,0
TF,NUNLI,14.857625,99.384333,0, ,0.0,0.0,0.0,0.0,0,0,0,0,0,0,0,0

SID,NUNL3K,01R,5
CF,EXSON,13.748447,100.775956,0,BKK,130.5,13.6,15.0,3.5,0,0,0,1,230,0,0,1
DF,BS104,13.947297,100.819986,0, ,0.0,0.0,0,0,0,0,0,0,0,0
TF,BS105,14.303753,100.912864,0, ,0.0,0.0,0.0,0.0,0,0,0,0,0,0,0,0
TF,BS107,14.371839,100.652639,0, ,0.0,0.0,0.0,0.0,4,15000,14000,0,0,0,0,0
TF,DISCO,14.470997,100.271456,0, ,0.0,0.0,0.0,0.0,0,0,0,0,0,0,0,0
TF,NUNLI,14.857625,99.384333,0, ,0.0,0.0,0.0,0.0,0,0,0,0,0,0,0,0

SID,PAST3G,19R,5
CF,ROVEN,13.614528,100.719758,0,BKK,157.6,18.2,195.0,3.5,0,0,0,1,220,0,0,1
DF,BS907,13.520672,100.667758,0, ,0.0,0.0,0,0,0,0,0,0,0,0
TF,BS909,13.544469,100.571386,0, ,0.0,0.0,0.0,0.0,0,0,0,1,240,0,0,0
TF,BS910,13.693356,100.575300,0, ,0.0,0.0,0.0,0.0,3,10000,0,0,0,0,0,0
TF,BS911,13.822928,100.578717,0, ,0.0,0.0,0.0,0.0,0,0,0,0,0,0,0,0
TF,MEKET,13.900797,100.448597,0, ,0.0,0.0,0.0,0.0,2,14000,0,0,0,0,0,0
TF,INTOS,13.971819,100.329756,0, ,0.0,0.0,0.0,0.0,0,0,0,0,0,0,0,0
TF,OBMAR,13.981533,100.065178,0, ,0.0,0.0,0.0,0.0,2,16000,0,0,0,0,0,0
TF,PASTO,14.001250,99.501928,0, ,0.0,0.0,0.0,0.0,0,0,0,0,0,0,0,0

SID,PAST3H,01L,5
CF,VARIS,13.760403,100.758094,0,BKK,131.1,12.4,15.0,3.5,0,0,0,1,230,0,0,1
DF,BS104,13.947297,100.819986,0, ,0.0,0.0,0,0,0,0,0,0,0,0
TF,BS108,14.066008,100.697939,0, ,0.0,0.0,0.0,0.0,4,10000,8000,0,0,0,0,0
TF,BS117,14.092469,100.524342,0, ,0.0,0.0,0.0,0.0,2,11000,0,0,0,0,0,0
TF,BS118,14.119686,100.344883,0, ,0.0,0.0,0.0,0.0,2,14000,0,0,0,0,0,0
TF,OBMAR,13.981533,100.065178,0, ,0.0,0.0,0.0,0.0,2,16000,0,0,0,0,0,0
TF,PASTO,14.001250,99.501928,0, ,0.0,0.0,0.0,0.0,0,0,0,0,0,0,0,0

SID,PAST3J,19L,5
CF,LOUIS,13.599950,100.736922,0,BKK,155.9,19.4,195.0,3.5,0,0,0,1,220,0,0,1
DF,BS907,13.520672,100.667758,0, ,0.0,0.0,0,0,0,0,0,0,0,0
TF,BS909,13.544469,100.571386,0, ,0.0,0.0,0.0,0.0,0,0,0,1,240,0,0,0
TF,BS910,13.693356,100.575300,0, ,0.0,0.0,0.0,0.0,3,10000,0,0,0,0,0,0
TF,BS911,13.822928,100.578717,0, ,0.0,0.0,0.0,0.0,0,0,0,0,0,0,0,0
TF,MEKET,13.900797,100.448597,0, ,0.0,0.0,0.0,0.0,2,14000,0,0,0,0,0,0
TF,INTOS,13.971819,100.329756,0, ,0.0,0.0,0.0,0.0,0,0,0,0,0,0,0,0
TF,OBMAR,13.981533,100.065178,0, ,0.0,0.0,0.0,0.0,2,16000,0,0,0,0,0,0
TF,PASTO,14.001250,99.501928,0, ,0.0,0.0,0.0,0.0,0,0,0,0,0,0,0,0

SID,PAST3K,01R,5
CF,EXSON,13.748447,100.775956,0,BKK,130.5,13.6,15.0,3.5,0,0,0,1,230,0,0,1
DF,BS104,13.947297,100.819986,0, ,0.0,0.0,0,0,0,0,0,0,0,0
TF,BS108,14.066008,100.697939,0, ,0.0,0.0,0.0,0.0,4,10000,8000,0,0,0,0,0
TF,BS117,14.092469,100.524342,0, ,0.0,0.0,0.0,0.0,2,11000,0,0,0,0,0,0
TF,BS118,14.119686,100.344883,0, ,0.0,0.0,0.0,0.0,2,14000,0,0,0,0,0,0
TF,OBMAR,13.981533,100.065178,0, ,0.0,0.0,0.0,0.0,2,16000,0,0,0,0,0,0
TF,PASTO,14.001250,99.501928,0, ,0.0,0.0,0.0,0.0,0,0,0,0,0,0,0,0

SID,REGO3G,19R,5
CF,ROVEN,13.614528,100.719758,0,BKK,157.6,18.2,195.0,3.5,0,0,0,1,220,0,0,1
DF,BS903,13.479864,100.704039,0, ,0.0,0.0,0,0,0,0,0,0,0,0
TF,SAMBA,13.384072,100.680033,0, ,0.0,0.0,0.0,0.0,0,0,0,0,0,0,0,0
TF,BS905,13.248553,100.679253,0, ,0.0,0.0,0.0,0.0,3,9000,0,0,0,0,0,0
TF,KASNI,13.080603,100.678300,0, ,0.0,0.0,0.0,0.0,0,0,0,0,0,0,0,0
TF,REGOS,12.001806,100.581750,0, ,0.0,0.0,0.0,0.0,0,0,0,0,0,0,0,0

SID,REGO3H,01L,5
CF,VARIS,13.760403,100.758094,0,BKK,131.1,12.4,15.0,3.5,0,0,0,1,230,0,0,1
DF,BS101,13.784583,100.964056,0, ,0.0,0.0,3,6000,0,0,0,0,0,0
TF,BS102,13.691133,101.100789,0, ,0.0,0.0,0.0,0.0,0,0,0,0,0,0,0,0
TF,BS103,13.319439,100.996769,0, ,0.0,0.0,0.0,0.0,3,11000,0,0,0,0,0,0
TF,KASNI,13.080603,100.678300,0, ,0.0,0.0,0.0,0.0,0,0,0,0,0,0,0,0
TF,REGOS,12.001806,100.581750,0, ,0.0,0.0,0.0,0.0,0,0,0,0,0,0,0,0

SID,REGO3J,19L,5
CF,LOUIS,13.599950,100.736922,0,BKK,155.9,19.4,195.0,3.5,0,0,0,1,220,0,0,1
DF,BS903,13.479864,100.704039,0, ,0.0,0.0,0,0,0,0,0,0,0,0
TF,SAMBA,13.384072,100.680033,0, ,0.0,0.0,0.0,0.0,0,0,0,0,0,0,0,0
TF,BS905,13.248553,100.679253,0, ,0.0,0.0,0.0,0.0,3,9000,0,0,0,0,0,0
TF,KASNI,13.080603,100.678300,0, ,0.0,0.0,0.0,0.0,0,0,0,0,0,0,0,0
TF,REGOS,12.001806,100.581750,0, ,0.0,0.0,0.0,0.0,0,0,0,0,0,0,0,0

SID,REGO3K,01R,5
CF,EXSON,13.748447,100.775956,0,BKK,130.5,13.6,15.0,3.5,0,0,0,1,230,0,0,1
DF,BS101,13.784583,100.964056,0, ,0.0,0.0,3,6000,0,0,0,0,0,0
TF,BS102,13.691133,101.100789,0, ,0.0,0.0,0.0,0.0,0,0,0,0,0,0,0,0
TF,BS103,13.319439,100.996769,0, ,0.0,0.0,0.0,0.0,3,11000,0,0,0,0,0,0
TF,KASNI,13.080603,100.678300,0, ,0.0,0.0,0.0,0.0,0,0,0,0,0,0,0,0
TF,REGOS,12.001806,100.581750,0, ,0.0,0.0,0.0,0.0,0,0,0,0,0,0,0,0

SID,ROBK3G,19R,5
CF,ROVEN,13.614528,100.719758,0,BKK,157.6,18.2,195.0,3.5,0,0,0,1,220,0,0,1
DF,BS901,13.511008,100.798036,0, ,0.0,0.0,0,0,0,0,0,0,0,0
TF,BS902,13.516872,100.897519,0, ,0.0,0.0,0.0,0.0,3,6000,0,0,0,0,0,0
TF,MEZZO,13.526050,101.054558,0, ,0.0,0.0,0.0,0.0,0,0,0,0,0,0,0,0
TF,ROBKA,14.178597,101.418875,0, ,0.0,0.0,0.0,0.0,0,0,0,0,0,0,0,0

SID,ROBK3H,01L,5
CF,VARIS,13.760403,100.758094,0,BKK,131.1,12.4,15.0,3.5,0,0,0,1,230,0,0,1
DF,BS101,13.784583,100.964056,0, ,0.0,0.0,3,6000,0,0,0,0,0,0
TF,ROBKA,14.178597,101.418875,0, ,0.0,0.0,0.0,0.0,0,0,0,0,0,0,0,0

SID,ROBK3J,19L,5
CF,LOUIS,13.599950,100.736922,0,BKK,155.9,19.4,195.0,3.5,0,0,0,1,220,0,0,1
DF,BS901,13.511008,100.798036,0, ,0.0,0.0,0,0,0,0,0,0,0,0
TF,BS902,13.516872,100.897519,0, ,0.0,0.0,0.0,0.0,3,6000,0,0,0,0,0,0
TF,MEZZO,13.526050,101.054558,0, ,0.0,0.0,0.0,0.0,0,0,0,0,0,0,0,0
TF,ROBKA,14.178597,101.418875,0, ,0.0,0.0,0.0,0.0,0,0,0,0,0,0,0,0

SID,ROBK3K,01R,5
CF,EXSON,13.748447,100.775956,0,BKK,130.5,13.6,15.0,3.5,0,0,0,1,230,0,0,1
DF,BS101,13.784583,100.964056,0, ,0.0,0.0,3,6000,0,0,0,0,0,0
TF,ROBKA,14.178597,101.418875,0, ,0.0,0.0,0.0,0.0,0,0,0,0,0,0,0,0

SID,RYN3G,19R,5
CF,ROVEN,13.614528,100.719758,0,BKK,157.6,18.2,195.0,3.5,0,0,0,1,220,0,0,1
DF,BS901,13.511008,100.798036,0, ,0.0,0.0,0,0,0,0,0,0,0,0
TF,BS902,13.516872,100.897519,0, ,0.0,0.0,0.0,0.0,3,6000,0,0,0,0,0,0
TF,MEZZO,13.526050,101.054558,0, ,0.0,0.0,0.0,0.0,0,0,0,0,0,0,0,0
TF,BS915,13.520550,101.209247,0, ,0.0,0.0,0.0,0.0,0,0,0,0,0,0,0,0
TF,RYN,12.780083,101.678250,0, ,0.0,0.0,0.0,0.0,0,0,0,0,0,0,0,0

SID,RYN3H,01L,5
CF,VARIS,13.760403,100.758094,0,BKK,131.1,12.4,15.0,3.5,0,0,0,1,230,0,0,1
DF,BS101,13.784583,100.964056,0, ,0.0,0.0,3,6000,0,0,0,0,0,0
TF,BS102,13.691133,101.100789,0, ,0.0,0.0,0.0,0.0,0,0,0,0,0,0,0,0
TF,RYN,12.780083,101.678250,0, ,0.0,0.0,0.0,0.0,0,0,0,0,0,0,0,0

SID,RYN3J,19L,5
CF,LOUIS,13.599950,100.736922,0,BKK,155.9,19.4,195.0,3.5,0,0,0,1,220,0,0,1
DF,BS901,13.511008,100.798036,0, ,0.0,0.0,0,0,0,0,0,0,0,0
TF,BS902,13.516872,100.897519,0, ,0.0,0.0,0.0,0.0,3,6000,0,0,0,0,0,0
TF,MEZZO,13.526050,101.054558,0, ,0.0,0.0,0.0,0.0,0,0,0,0,0,0,0,0
TF,BS915,13.520550,101.209247,0, ,0.0,0.0,0.0,0.0,0,0,0,0,0,0,0,0
TF,RYN,12.780083,101.678250,0, ,0.0,0.0,0.0,0.0,0,0,0,0,0,0,0,0

SID,RYN3K,01R,5
CF,EXSON,13.748447,100.775956,0,BKK,130.5,13.6,15.0,3.5,0,0,0,1,230,0,0,1
DF,BS101,13.784583,100.964056,0, ,0.0,0.0,3,6000,0,0,0,0,0,0
TF,BS102,13.691133,101.100789,0, ,0.0,0.0,0.0,0.0,0,0,0,0,0,0,0,0
TF,RYN,12.780083,101.678250,0, ,0.0,0.0,0.0,0.0,0,0,0,0,0,0,0,0

SID,SABI3G,19R,5
CF,ROVEN,13.614528,100.719758,0,BKK,157.6,18.2,195.0,3.5,0,0,0,1,220,0,0,1
DF,BS907,13.520672,100.667758,0, ,0.0,0.0,0,0,0,0,0,0,0,0
TF,BS908,13.426211,100.506317,0, ,0.0,0.0,0.0,0.0,3,9000,0,0,0,0,0,0
TF,SALMA,13.241358,100.191311,0, ,0.0,0.0,0.0,0.0,3,16000,0,0,0,0,0,0
TF,SABIS,12.999592,100.190147,0, ,0.0,0.0,0.0,0.0,0,0,0,0,0,0,0,0

SID,SABI3H,01L,5
CF,VARIS,13.760403,100.758094,0,BKK,131.1,12.4,15.0,3.5,0,0,0,1,230,0,0,1
DF,BS104,13.947297,100.819986,0, ,0.0,0.0,0,0,0,0,0,0,0,0
TF,BS108,14.066008,100.697939,0, ,0.0,0.0,0.0,0.0,4,10000,8000,0,0,0,0,0
TF,BS117,14.092469,100.524342,0, ,0.0,0.0,0.0,0.0,2,11000,0,0,0,0,0,0
TF,BS118,14.119686,100.344883,0, ,0.0,0.0,0.0,0.0,2,14000,0,0,0,0,0,0
TF,POTEP,13.698400,100.080797,0, ,0.0,0.0,0.0,0.0,2,20000,0,0,0,0,0,0
TF,TUPKA,13.339514,100.193044,0, ,0.0,0.0,0.0,0.0,0,0,0,0,0,0,0,0
TF,SABIS,12.999592,100.190147,0, ,0.0,0.0,0.0,0.0,0,0,0,0,0,0,0,0

SID,SABI3J,19L,5
CF,LOUIS,13.599950,100.736922,0,BKK,155.9,19.4,195.0,3.5,0,0,0,1,220,0,0,1
DF,BS907,13.520672,100.667758,0, ,0.0,0.0,0,0,0,0,0,0,0,0
TF,BS908,13.426211,100.506317,0, ,0.0,0.0,0.0,0.0,3,9000,0,0,0,0,0,0
TF,SALMA,13.241358,100.191311,0, ,0.0,0.0,0.0,0.0,3,16000,0,0,0,0,0,0
TF,SABIS,12.999592,100.190147,0, ,0.0,0.0,0.0,0.0,0,0,0,0,0,0,0,0

SID,SABI3K,01R,5
CF,EXSON,13.748447,100.775956,0,BKK,130.5,13.6,15.0,3.5,0,0,0,1,230,0,0,1
DF,BS104,13.947297,100.819986,0, ,0.0,0.0,0,0,0,0,0,0,0,0
TF,BS108,14.066008,100.697939,0, ,0.0,0.0,0.0,0.0,4,10000,8000,0,0,0,0,0
TF,BS117,14.092469,100.524342,0, ,0.0,0.0,0.0,0.0,2,11000,0,0,0,0,0,0
TF,BS118,14.119686,100.344883,0, ,0.0,0.0,0.0,0.0,2,14000,0,0,0,0,0,0
TF,POTEP,13.698400,100.080797,0, ,0.0,0.0,0.0,0.0,2,20000,0,0,0,0,0,0
TF,TUPKA,13.339514,100.193044,0, ,0.0,0.0,0.0,0.0,0,0,0,0,0,0,0,0
TF,SABIS,12.999592,100.190147,0, ,0.0,0.0,0.0,0.0,0,0,0,0,0,0,0,0

SID,SEMB3G,19R,5
CF,ROVEN,13.614528,100.719758,0,BKK,157.6,18.2,195.0,3.5,0,0,0,1,220,0,0,1
DF,BS907,13.520672,100.667758,0, ,0.0,0.0,0,0,0,0,0,0,0,0
TF,BS909,13.544469,100.571386,0, ,0.0,0.0,0.0,0.0,0,0,0,1,240,0,0,0
TF,BS910,13.693356,100.575300,0, ,0.0,0.0,0.0,0.0,3,10000,0,0,0,0,0,0
TF,BS911,13.822928,100.578717,0, ,0.0,0.0,0.0,0.0,0,0,0,0,0,0,0,0
TF,MEKET,13.900797,100.448597,0, ,0.0,0.0,0.0,0.0,2,14000,0,0,0,0,0,0
TF,INTOS,13.971819,100.329756,0, ,0.0,0.0,0.0,0.0,0,0,0,0,0,0,0,0
TF,DISCO,14.470997,100.271456,0, ,0.0,0.0,0.0,0.0,0,0,0,0,0,0,0,0
TF,TANGO,14.672847,100.242372,0, ,0.0,0.0,0.0,0.0,0,0,0,0,0,0,0,0
TF,SEMBO,14.899767,100.263311,0, ,0.0,0.0,0.0,0.0,0,0,0,0,0,0,0,0

SID,SEMB3H,01L,5
CF,VARIS,13.760403,100.758094,0,BKK,131.1,12.4,15.0,3.5,0,0,0,1,230,0,0,1
DF,BS104,13.947297,100.819986,0, ,0.0,0.0,0,0,0,0,0,0,0,0
TF,BS105,14.303753,100.912864,0, ,0.0,0.0,0.0,0.0,0,0,0,0,0,0,0,0
TF,BS107,14.371839,100.652639,0, ,0.0,0.0,0.0,0.0,4,15000,14000,0,0,0,0,0
TF,DISCO,14.470997,100.271456,0, ,0.0,0.0,0.0,0.0,0,0,0,0,0,0,0,0
TF,TANGO,14.672847,100.242372,0, ,0.0,0.0,0.0,0.0,0,0,0,0,0,0,0,0
TF,SEMBO,14.899767,100.263311,0, ,0.0,0.0,0.0,0.0,0,0,0,0,0,0,0,0

SID,SEMB3J,19L,5
CF,LOUIS,13.599950,100.736922,0,BKK,155.9,19.4,195.0,3.5,0,0,0,1,220,0,0,1
DF,BS907,13.520672,100.667758,0, ,0.0,0.0,0,0,0,0,0,0,0,0
TF,BS909,13.544469,100.571386,0, ,0.0,0.0,0.0,0.0,0,0,0,1,240,0,0,0
TF,BS910,13.693356,100.575300,0, ,0.0,0.0,0.0,0.0,3,10000,0,0,0,0,0,0
TF,BS911,13.822928,100.578717,0, ,0.0,0.0,0.0,0.0,0,0,0,0,0,0,0,0
TF,MEKET,13.900797,100.448597,0, ,0.0,0.0,0.0,0.0,2,14000,0,0,0,0,0,0
TF,INTOS,13.971819,100.329756,0, ,0.0,0.0,0.0,0.0,0,0,0,0,0,0,0,0
TF,DISCO,14.470997,100.271456,0, ,0.0,0.0,0.0,0.0,0,0,0,0,0,0,0,0
TF,TANGO,14.672847,100.242372,0, ,0.0,0.0,0.0,0.0,0,0,0,0,0,0,0,0
TF,SEMBO,14.899767,100.263311,0, ,0.0,0.0,0.0,0.0,0,0,0,0,0,0,0,0

SID,SEMB3K,01R,5
CF,EXSON,13.748447,100.775956,0,BKK,130.5,13.6,15.0,3.5,0,0,0,1,230,0,0,1
DF,BS104,13.947297,100.819986,0, ,0.0,0.0,0,0,0,0,0,0,0,0
TF,BS105,14.303753,100.912864,0, ,0.0,0.0,0.0,0.0,0,0,0,0,0,0,0,0
TF,BS107,14.371839,100.652639,0, ,0.0,0.0,0.0,0.0,4,15000,14000,0,0,0,0,0
TF,DISCO,14.470997,100.271456,0, ,0.0,0.0,0.0,0.0,0,0,0,0,0,0,0,0
TF,TANGO,14.672847,100.242372,0, ,0.0,0.0,0.0,0.0,0,0,0,0,0,0,0,0
TF,SEMBO,14.899767,100.263311,0, ,0.0,0.0,0.0,0.0,0,0,0,0,0,0,0,0

SID,TANG3G,19R,5
CF,ROVEN,13.614528,100.719758,0,BKK,157.6,18.2,195.0,3.5,0,0,0,1,220,0,0,1
DF,BS907,13.520672,100.667758,0, ,0.0,0.0,0,0,0,0,0,0,0,0
TF,BS909,13.544469,100.571386,0, ,0.0,0.0,0.0,0.0,0,0,0,1,240,0,0,0
TF,BS910,13.693356,100.575300,0, ,0.0,0.0,0.0,0.0,3,10000,0,0,0,0,0,0
TF,BS911,13.822928,100.578717,0, ,0.0,0.0,0.0,0.0,0,0,0,0,0,0,0,0
TF,MEKET,13.900797,100.448597,0, ,0.0,0.0,0.0,0.0,2,14000,0,0,0,0,0,0
TF,INTOS,13.971819,100.329756,0, ,0.0,0.0,0.0,0.0,0,0,0,0,0,0,0,0
TF,DISCO,14.470997,100.271456,0, ,0.0,0.0,0.0,0.0,0,0,0,0,0,0,0,0
TF,TANGO,14.672847,100.242372,0, ,0.0,0.0,0.0,0.0,0,0,0,0,0,0,0,0

SID,TANG3H,01L,5
CF,VARIS,13.760403,100.758094,0,BKK,131.1,12.4,15.0,3.5,0,0,0,1,230,0,0,1
DF,BS104,13.947297,100.819986,0, ,0.0,0.0,0,0,0,0,0,0,0,0
TF,BS105,14.303753,100.912864,0, ,0.0,0.0,0.0,0.0,0,0,0,0,0,0,0,0
TF,BS107,14.371839,100.652639,0, ,0.0,0.0,0.0,0.0,4,15000,14000,0,0,0,0,0
TF,DISCO,14.470997,100.271456,0, ,0.0,0.0,0.0,0.0,0,0,0,0,0,0,0,0
TF,TANGO,14.672847,100.242372,0, ,0.0,0.0,0.0,0.0,0,0,0,0,0,0,0,0

SID,TANG3J,19L,5
CF,LOUIS,13.599950,100.736922,0,BKK,155.9,19.4,195.0,3.5,0,0,0,1,220,0,0,1
DF,BS907,13.520672,100.667758,0, ,0.0,0.0,0,0,0,0,0,0,0,0
TF,BS909,13.544469,100.571386,0, ,0.0,0.0,0.0,0.0,0,0,0,1,240,0,0,0
TF,BS910,13.693356,100.575300,0, ,0.0,0.0,0.0,0.0,3,10000,0,0,0,0,0,0
TF,BS911,13.822928,100.578717,0, ,0.0,0.0,0.0,0.0,0,0,0,0,0,0,0,0
TF,MEKET,13.900797,100.448597,0, ,0.0,0.0,0.0,0.0,2,14000,0,0,0,0,0,0
TF,INTOS,13.971819,100.329756,0, ,0.0,0.0,0.0,0.0,0,0,0,0,0,0,0,0
TF,DISCO,14.470997,100.271456,0, ,0.0,0.0,0.0,0.0,0,0,0,0,0,0,0,0
TF,TANGO,14.672847,100.242372,0, ,0.0,0.0,0.0,0.0,0,0,0,0,0,0,0,0

SID,TANG3K,01R,5
CF,EXSON,13.748447,100.775956,0,BKK,130.5,13.6,15.0,3.5,0,0,0,1,230,0,0,1
DF,BS104,13.947297,100.819986,0, ,0.0,0.0,0,0,0,0,0,0,0,0
TF,BS105,14.303753,100.912864,0, ,0.0,0.0,0.0,0.0,0,0,0,0,0,0,0,0
TF,BS107,14.371839,100.652639,0, ,0.0,0.0,0.0,0.0,4,15000,14000,0,0,0,0,0
TF,DISCO,14.470997,100.271456,0, ,0.0,0.0,0.0,0.0,0,0,0,0,0,0,0,0
TF,TANGO,14.672847,100.242372,0, ,0.0,0.0,0.0,0.0,0,0,0,0,0,0,0,0

SID,TARE3G,19R,5
CF,ROVEN,13.614528,100.719758,0,BKK,157.6,18.2,195.0,3.5,0,0,0,1,220,0,0,1
DF,BS907,13.520672,100.667758,0, ,0.0,0.0,0,0,0,0,0,0,0,0
TF,BS909,13.544469,100.571386,0, ,0.0,0.0,0.0,0.0,0,0,0,1,240,0,0,0
TF,BS910,13.693356,100.575300,0, ,0.0,0.0,0.0,0.0,3,10000,0,0,0,0,0,0
TF,BS911,13.822928,100.578717,0, ,0.0,0.0,0.0,0.0,0,0,0,0,0,0,0,0
TF,MEKET,13.900797,100.448597,0, ,0.0,0.0,0.0,0.0,2,14000,0,0,0,0,0,0
TF,INTOS,13.971819,100.329756,0, ,0.0,0.0,0.0,0.0,0,0,0,0,0,0,0,0
TF,TEMPO,14.183581,99.919992,0, ,0.0,0.0,0.0,0.0,0,0,0,0,0,0,0,0
TF,TARED,14.438756,99.524686,0, ,0.0,0.0,0.0,0.0,0,0,0,0,0,0,0,0

SID,TARE3H,01L,5
CF,VARIS,13.760403,100.758094,0,BKK,131.1,12.4,15.0,3.5,0,0,0,1,230,0,0,1
DF,BS104,13.947297,100.819986,0, ,0.0,0.0,0,0,0,0,0,0,0,0
TF,BS108,14.066008,100.697939,0, ,0.0,0.0,0.0,0.0,4,10000,8000,0,0,0,0,0
TF,BS117,14.092469,100.524342,0, ,0.0,0.0,0.0,0.0,2,11000,0,0,0,0,0,0
TF,BS118,14.119686,100.344883,0, ,0.0,0.0,0.0,0.0,2,14000,0,0,0,0,0,0
TF,TEMPO,14.183581,99.919992,0, ,0.0,0.0,0.0,0.0,0,0,0,0,0,0,0,0
TF,TARED,14.438756,99.524686,0, ,0.0,0.0,0.0,0.0,0,0,0,0,0,0,0,0

SID,TARE3J,19L,5
CF,LOUIS,13.599950,100.736922,0,BKK,155.9,19.4,195.0,3.5,0,0,0,1,220,0,0,1
DF,BS907,13.520672,100.667758,0, ,0.0,0.0,0,0,0,0,0,0,0,0
TF,BS909,13.544469,100.571386,0, ,0.0,0.0,0.0,0.0,0,0,0,1,240,0,0,0
TF,BS910,13.693356,100.575300,0, ,0.0,0.0,0.0,0.0,3,10000,0,0,0,0,0,0
TF,BS911,13.822928,100.578717,0, ,0.0,0.0,0.0,0.0,0,0,0,0,0,0,0,0
TF,MEKET,13.900797,100.448597,0, ,0.0,0.0,0.0,0.0,2,14000,0,0,0,0,0,0
TF,INTOS,13.971819,100.329756,0, ,0.0,0.0,0.0,0.0,0,0,0,0,0,0,0,0
TF,TEMPO,14.183581,99.919992,0, ,0.0,0.0,0.0,0.0,0,0,0,0,0,0,0,0
TF,TARED,14.438756,99.524686,0, ,0.0,0.0,0.0,0.0,0,0,0,0,0,0,0,0

SID,TARE3K,01R,5
CF,EXSON,13.748447,100.775956,0,BKK,130.5,13.6,15.0,3.5,0,0,0,1,230,0,0,1
DF,BS104,13.947297,100.819986,0, ,0.0,0.0,0,0,0,0,0,0,0,0
TF,BS108,14.066008,100.697939,0, ,0.0,0.0,0.0,0.0,4,10000,8000,0,0,0,0,0
TF,BS117,14.092469,100.524342,0, ,0.0,0.0,0.0,0.0,2,11000,0,0,0,0,0,0
TF,BS118,14.119686,100.344883,0, ,0.0,0.0,0.0,0.0,2,14000,0,0,0,0,0,0
TF,TEMPO,14.183581,99.919992,0, ,0.0,0.0,0.0,0.0,0,0,0,0,0,0,0,0
TF,TARED,14.438756,99.524686,0, ,0.0,0.0,0.0,0.0,0,0,0,0,0,0,0,0

SID,TL3G,19R,5
CF,ROVEN,13.614528,100.719758,0,BKK,157.6,18.2,195.0,3.5,0,0,0,1,220,0,0,1
DF,BS907,13.520672,100.667758,0, ,0.0,0.0,0,0,0,0,0,0,0,0
TF,BS909,13.544469,100.571386,0, ,0.0,0.0,0.0,0.0,0,0,0,1,240,0,0,0
TF,BS910,13.693356,100.575300,0, ,0.0,0.0,0.0,0.0,3,10000,0,0,0,0,0,0
TF,BS911,13.822928,100.578717,0, ,0.0,0.0,0.0,0.0,0,0,0,0,0,0,0,0
TF,MEKET,13.900797,100.448597,0, ,0.0,0.0,0.0,0.0,2,14000,0,0,0,0,0,0
TF,INTOS,13.971819,100.329756,0, ,0.0,0.0,0.0,0.0,0,0,0,0,0,0,0,0
TF,DISCO,14.470997,100.271456,0, ,0.0,0.0,0.0,0.0,0,0,0,0,0,0,0,0
TF,TANGO,14.672847,100.242372,0, ,0.0,0.0,0.0,0.0,0,0,0,0,0,0,0,0
TF,SEMBO,14.899767,100.263311,0, ,0.0,0.0,0.0,0.0,0,0,0,0,0,0,0,0
TF,TL,15.275958,100.297531,0, ,0.0,0.0,0.0,0.0,0,0,0,0,0,0,0,0

SID,TL3H,01L,5
CF,VARIS,13.760403,100.758094,0,BKK,131.1,12.4,15.0,3.5,0,0,0,1,230,0,0,1
DF,BS104,13.947297,100.819986,0, ,0.0,0.0,0,0,0,0,0,0,0,0
TF,BS105,14.303753,100.912864,0, ,0.0,0.0,0.0,0.0,0,0,0,0,0,0,0,0
TF,BS107,14.371839,100.652639,0, ,0.0,0.0,0.0,0.0,4,15000,14000,0,0,0,0,0
TF,DISCO,14.470997,100.271456,0, ,0.0,0.0,0.0,0.0,0,0,0,0,0,0,0,0
TF,TANGO,14.672847,100.242372,0, ,0.0,0.0,0.0,0.0,0,0,0,0,0,0,0,0
TF,SEMBO,14.899767,100.263311,0, ,0.0,0.0,0.0,0.0,0,0,0,0,0,0,0,0
TF,TL,15.275958,100.297531,0, ,0.0,0.0,0.0,0.0,0,0,0,0,0,0,0,0

SID,TL3J,19L,5
CF,LOUIS,13.599950,100.736922,0,BKK,155.9,19.4,195.0,3.5,0,0,0,1,220,0,0,1
DF,BS907,13.520672,100.667758,0, ,0.0,0.0,0,0,0,0,0,0,0,0
TF,BS909,13.544469,100.571386,0, ,0.0,0.0,0.0,0.0,0,0,0,1,240,0,0,0
TF,BS910,13.693356,100.575300,0, ,0.0,0.0,0.0,0.0,3,10000,0,0,0,0,0,0
TF,BS911,13.822928,100.578717,0, ,0.0,0.0,0.0,0.0,0,0,0,0,0,0,0,0
TF,MEKET,13.900797,100.448597,0, ,0.0,0.0,0.0,0.0,2,14000,0,0,0,0,0,0
TF,INTOS,13.971819,100.329756,0, ,0.0,0.0,0.0,0.0,0,0,0,0,0,0,0,0
TF,DISCO,14.470997,100.271456,0, ,0.0,0.0,0.0,0.0,0,0,0,0,0,0,0,0
TF,TANGO,14.672847,100.242372,0, ,0.0,0.0,0.0,0.0,0,0,0,0,0,0,0,0
TF,SEMBO,14.899767,100.263311,0, ,0.0,0.0,0.0,0.0,0,0,0,0,0,0,0,0
TF,TL,15.275958,100.297531,0, ,0.0,0.0,0.0,0.0,0,0,0,0,0,0,0,0

SID,TL3K,01R,5
CF,EXSON,13.748447,100.775956,0,BKK,130.5,13.6,15.0,3.5,0,0,0,1,230,0,0,1
DF,BS104,13.947297,100.819986,0, ,0.0,0.0,0,0,0,0,0,0,0,0
TF,BS105,14.303753,100.912864,0, ,0.0,0.0,0.0,0.0,0,0,0,0,0,0,0,0
TF,BS107,14.371839,100.652639,0, ,0.0,0.0,0.0,0.0,4,15000,14000,0,0,0,0,0
TF,DISCO,14.470997,100.271456,0, ,0.0,0.0,0.0,0.0,0,0,0,0,0,0,0,0
TF,TANGO,14.672847,100.242372,0, ,0.0,0.0,0.0,0.0,0,0,0,0,0,0,0,0
TF,SEMBO,14.899767,100.263311,0, ,0.0,0.0,0.0,0.0,0,0,0,0,0,0,0,0
TF,TL,15.275958,100.297531,0, ,0.0,0.0,0.0,0.0,0,0,0,0,0,0,0,0

SID,UKER3G,19R,5
CF,ROVEN,13.614528,100.719758,0,BKK,157.6,18.2,195.0,3.5,0,0,0,1,220,0,0,1
DF,BS907,13.520672,100.667758,0, ,0.0,0.0,0,0,0,0,0,0,0,0
TF,BS908,13.426211,100.506317,0, ,0.0,0.0,0.0,0.0,3,9000,0,0,0,0,0,0
TF,SALMA,13.241358,100.191311,0, ,0.0,0.0,0.0,0.0,3,16000,0,0,0,0,0,0
TF,SABIS,12.999592,100.190147,0, ,0.0,0.0,0.0,0.0,0,0,0,0,0,0,0,0
TF,UKERA,12.035347,100.019331,0, ,0.0,0.0,0.0,0.0,0,0,0,0,0,0,0,0

SID,UKER3H,01L,5
CF,VARIS,13.760403,100.758094,0,BKK,131.1,12.4,15.0,3.5,0,0,0,1,230,0,0,1
DF,BS104,13.947297,100.819986,0, ,0.0,0.0,0,0,0,0,0,0,0,0
TF,BS108,14.066008,100.697939,0, ,0.0,0.0,0.0,0.0,4,10000,8000,0,0,0,0,0
TF,BS117,14.092469,100.524342,0, ,0.0,0.0,0.0,0.0,2,11000,0,0,0,0,0,0
TF,BS118,14.119686,100.344883,0, ,0.0,0.0,0.0,0.0,2,14000,0,0,0,0,0,0
TF,POTEP,13.698400,100.080797,0, ,0.0,0.0,0.0,0.0,2,20000,0,0,0,0,0,0
TF,TUPKA,13.339514,100.193044,0, ,0.0,0.0,0.0,0.0,0,0,0,0,0,0,0,0
TF,SABIS,12.999592,100.190147,0, ,0.0,0.0,0.0,0.0,0,0,0,0,0,0,0,0
TF,UKERA,12.035347,100.019331,0, ,0.0,0.0,0.0,0.0,0,0,0,0,0,0,0,0

SID,UKER3J,19L,5
CF,LOUIS,13.599950,100.736922,0,BKK,155.9,19.4,195.0,3.5,0,0,0,1,220,0,0,1
DF,BS907,13.520672,100.667758,0, ,0.0,0.0,0,0,0,0,0,0,0,0
TF,BS908,13.426211,100.506317,0, ,0.0,0.0,0.0,0.0,3,9000,0,0,0,0,0,0
TF,SALMA,13.241358,100.191311,0, ,0.0,0.0,0.0,0.0,3,16000,0,0,0,0,0,0
TF,SABIS,12.999592,100.190147,0, ,0.0,0.0,0.0,0.0,0,0,0,0,0,0,0,0
TF,UKERA,12.035347,100.019331,0, ,0.0,0.0,0.0,0.0,0,0,0,0,0,0,0,0

SID,UKER3K,01R,5
CF,EXSON,13.748447,100.775956,0,BKK,130.5,13.6,15.0,3.5,0,0,0,1,230,0,0,1
DF,BS104,13.947297,100.819986,0, ,0.0,0.0,0,0,0,0,0,0,0,0
TF,BS108,14.066008,100.697939,0, ,0.0,0.0,0.0,0.0,4,10000,8000,0,0,0,0,0
TF,BS117,14.092469,100.524342,0, ,0.0,0.0,0.0,0.0,2,11000,0,0,0,0,0,0
TF,BS118,14.119686,100.344883,0, ,0.0,0.0,0.0,0.0,2,14000,0,0,0,0,0,0
TF,POTEP,13.698400,100.080797,0, ,0.0,0.0,0.0,0.0,2,20000,0,0,0,0,0,0
TF,TUPKA,13.339514,100.193044,0, ,0.0,0.0,0.0,0.0,0,0,0,0,0,0,0,0
TF,SABIS,12.999592,100.190147,0, ,0.0,0.0,0.0,0.0,0,0,0,0,0,0,0,0
TF,UKERA,12.035347,100.019331,0, ,0.0,0.0,0.0,0.0,0,0,0,0,0,0,0,0

SID,UPKU3G,19R,5
CF,ROVEN,13.614528,100.719758,0,BKK,157.6,18.2,195.0,3.5,0,0,0,1,220,0,0,1
DF,BS901,13.511008,100.798036,0, ,0.0,0.0,0,0,0,0,0,0,0,0
TF,BS902,13.516872,100.897519,0, ,0.0,0.0,0.0,0.0,3,6000,0,0,0,0,0,0
TF,MEZZO,13.526050,101.054558,0, ,0.0,0.0,0.0,0.0,0,0,0,0,0,0,0,0
TF,UPKUP,14.064625,101.448567,0, ,0.0,0.0,0.0,0.0,0,0,0,0,0,0,0,0

SID,UPKU3H,01L,5
CF,VARIS,13.760403,100.758094,0,BKK,131.1,12.4,15.0,3.5,0,0,0,1,230,0,0,1
DF,BS101,13.784583,100.964056,0, ,0.0,0.0,3,6000,0,0,0,0,0,0
TF,UPKUP,14.064625,101.448567,0, ,0.0,0.0,0.0,0.0,0,0,0,0,0,0,0,0

SID,UPKU3J,19L,5
CF,LOUIS,13.599950,100.736922,0,BKK,155.9,19.4,195.0,3.5,0,0,0,1,220,0,0,1
DF,BS901,13.511008,100.798036,0, ,0.0,0.0,0,0,0,0,0,0,0,0
TF,BS902,13.516872,100.897519,0, ,0.0,0.0,0.0,0.0,3,6000,0,0,0,0,0,0
TF,MEZZO,13.526050,101.054558,0, ,0.0,0.0,0.0,0.0,0,0,0,0,0,0,0,0
TF,UPKUP,14.064625,101.448567,0, ,0.0,0.0,0.0,0.0,0,0,0,0,0,0,0,0

SID,UPKU3K,01R,5
CF,EXSON,13.748447,100.775956,0,BKK,130.5,13.6,15.0,3.5,0,0,0,1,230,0,0,1
DF,BS101,13.784583,100.964056,0, ,0.0,0.0,3,6000,0,0,0,0,0,0
TF,UPKUP,14.064625,101.448567,0, ,0.0,0.0,0.0,0.0,0,0,0,0,0,0,0,0

STAR,DOLN3C,ALEMI,4
IF,ALEMI,12.607097,101.433311, ,0.0,0.0,0,0,0,0,0,0,0,0
TF,DOLNI,13.294339,101.180114,0, ,0.0,0.0,0.0,0.0,3,18000,0,1,280,0,0,0

STAR,DOLN3C,ANREN,4
IF,ANREN,13.870133,102.310542, ,0.0,0.0,0,0,0,0,0,0,0,0
TF,DOLNI,13.294339,101.180114,0, ,0.0,0.0,0.0,0.0,3,18000,0,1,280,0,0,0

STAR,DOLN3C,BUT,4
IF,BUT,12.666672,101.000475, ,0.0,0.0,0,0,0,0,0,0,0,0
TF,DOLNI,13.294339,101.180114,0, ,0.0,0.0,0.0,0.0,3,18000,0,1,280,0,0,0

STAR,DOLN3C,DULEM,4
IF,DULEM,13.737661,102.233264, ,0.0,0.0,0,0,0,0,0,0,0,0
TF,DOLNI,13.294339,101.180114,0, ,0.0,0.0,0.0,0.0,3,18000,0,1,280,0,0,0

STAR,DOLN3C,GOMES,4
IF,GOMES,13.401694,101.584917, ,0.0,0.0,0,0,0,0,0,0,0,0
TF,DOLNI,13.294339,101.180114,0, ,0.0,0.0,0.0,0.0,3,18000,0,1,280,0,0,0

STAR,DOLN3C,NUGPA,4
IF,NUGPA,13.048378,101.833136, ,0.0,0.0,0,0,0,0,0,0,0,0
TF,DOLNI,13.294339,101.180114,0, ,0.0,0.0,0.0,0.0,3,18000,0,1,280,0,0,0

STAR,DOLN3C,RYN,4
IF,RYN,12.780083,101.678250, ,0.0,0.0,0,0,0,0,0,0,0,0
TF,DOLNI,13.294339,101.180114,0, ,0.0,0.0,0.0,0.0,3,18000,0,1,280,0,0,0

STAR,DOLN3C,19L,5
IF,DOLNI,13.294339,101.180114, ,0.0,0.0,3,18000,0,1,280,0,0,0
TF,BEATS,13.364217,101.020128,0, ,0.0,0.0,0.0,0.0,3,14000,0,0,0,0,0,0
TF,SALSA,13.466314,100.785817,0, ,0.0,0.0,0.0,0.0,2,10000,0,1,250,0,0,0
TF,LATIN,13.662172,100.839414,0, ,0.0,0.0,0.0,0.0,2,7000,0,0,0,0,0,0
TF,BS503,13.833967,100.886522,0, ,0.0,0.0,0.0,0.0,0,0,0,1,220,0,0,0
TF,BS501,13.913850,100.908408,0, ,0.0,0.0,0.0,0.0,0,0,0,0,0,0,0,0
TF,EKCHO,13.996256,100.931042,0, ,0.0,0.0,0.0,0.0,2,5000,0,0,0,0,0,0
VM,13.685833,100.748889,0,15.0,0,0,0,0,0,0,0,0

STAR,DOLN3C,19R,5
IF,DOLNI,13.294339,101.180114, ,0.0,0.0,3,18000,0,1,280,0,0,0
TF,BEATS,13.364217,101.020128,0, ,0.0,0.0,0.0,0.0,3,14000,0,0,0,0,0,0
TF,SALSA,13.466314,100.785817,0, ,0.0,0.0,0.0,0.0,2,10000,0,1,250,0,0,0
TF,LATIN,13.662172,100.839414,0, ,0.0,0.0,0.0,0.0,2,7000,0,0,0,0,0,0
TF,BS503,13.833967,100.886522,0, ,0.0,0.0,0.0,0.0,0,0,0,1,220,0,0,0
TF,BS501,13.913850,100.908408,0, ,0.0,0.0,0.0,0.0,0,0,0,0,0,0,0,0
TF,EKCHO,13.996256,100.931042,0, ,0.0,0.0,0.0,0.0,2,5000,0,0,0,0,0,0
VM,13.685833,100.748889,0,15.0,0,0,0,0,0,0,0,0

STAR,DOLN3D,ALEMI,4
IF,ALEMI,12.607097,101.433311, ,0.0,0.0,0,0,0,0,0,0,0,0
TF,DOLNI,13.294339,101.180114,0, ,0.0,0.0,0.0,0.0,3,18000,0,1,280,0,0,0

STAR,DOLN3D,ANREN,4
IF,ANREN,13.870133,102.310542, ,0.0,0.0,0,0,0,0,0,0,0,0
TF,DOLNI,13.294339,101.180114,0, ,0.0,0.0,0.0,0.0,3,18000,0,1,280,0,0,0

STAR,DOLN3D,BUT,4
IF,BUT,12.666672,101.000475, ,0.0,0.0,0,0,0,0,0,0,0,0
TF,DOLNI,13.294339,101.180114,0, ,0.0,0.0,0.0,0.0,3,18000,0,1,280,0,0,0

STAR,DOLN3D,DULEM,4
IF,DULEM,13.737661,102.233264, ,0.0,0.0,0,0,0,0,0,0,0,0
TF,DOLNI,13.294339,101.180114,0, ,0.0,0.0,0.0,0.0,3,18000,0,1,280,0,0,0

STAR,DOLN3D,GOMES,4
IF,GOMES,13.401694,101.584917, ,0.0,0.0,0,0,0,0,0,0,0,0
TF,DOLNI,13.294339,101.180114,0, ,0.0,0.0,0.0,0.0,3,18000,0,1,280,0,0,0

STAR,DOLN3D,NUGPA,4
IF,NUGPA,13.048378,101.833136, ,0.0,0.0,0,0,0,0,0,0,0,0
TF,DOLNI,13.294339,101.180114,0, ,0.0,0.0,0.0,0.0,3,18000,0,1,280,0,0,0

STAR,DOLN3D,RYN,4
IF,RYN,12.780083,101.678250, ,0.0,0.0,0,0,0,0,0,0,0,0
TF,DOLNI,13.294339,101.180114,0, ,0.0,0.0,0.0,0.0,3,18000,0,1,280,0,0,0

STAR,DOLN3D,01L,5
IF,DOLNI,13.294339,101.180114, ,0.0,0.0,3,18000,0,1,280,0,0,0
TF,BEATS,13.364217,101.020128,0, ,0.0,0.0,0.0,0.0,4,14000,13000,0,0,0,0,0
TF,BS405,13.418044,100.896678,0, ,0.0,0.0,0.0,0.0,0,0,0,1,250,0,0,0
TF,BS403,13.533894,100.928375,0, ,0.0,0.0,0.0,0.0,0,0,0,0,0,0,0,0
TF,SANJO,13.631817,100.955200,0, ,0.0,0.0,0.0,0.0,0,0,0,0,0,0,0,0
TF,LATIN,13.662172,100.839414,0, ,0.0,0.0,0.0,0.0,4,9000,7000,1,220,0,0,0
TF,BS401,13.564247,100.812603,0, ,0.0,0.0,0.0,0.0,0,0,0,0,0,0,0,0
TF,SALSA,13.466314,100.785817,0, ,0.0,0.0,0.0,0.0,0,0,0,0,0,0,0,0
TF,ENKAA,13.385461,100.763725,0, ,0.0,0.0,0.0,0.0,2,3000,0,0,0,0,0,0
VM,13.685833,100.748889,0,195.0,0,0,0,0,0,0,0,0

STAR,DOLN3D,01R,5
IF,DOLNI,13.294339,101.180114, ,0.0,0.0,3,18000,0,1,280,0,0,0
TF,BEATS,13.364217,101.020128,0, ,0.0,0.0,0.0,0.0,4,14000,13000,0,0,0,0,0
TF,BS405,13.418044,100.896678,0, ,0.0,0.0,0.0,0.0,0,0,0,1,250,0,0,0
TF,BS403,13.533894,100.928375,0, ,0.0,0.0,0.0,0.0,0,0,0,0,0,0,0,0
TF,SANJO,13.631817,100.955200,0, ,0.0,0.0,0.0,0.0,0,0,0,0,0,0,0,0
TF,LATIN,13.662172,100.839414,0, ,0.0,0.0,0.0,0.0,4,9000,7000,1,220,0,0,0
TF,BS401,13.564247,100.812603,0, ,0.0,0.0,0.0,0.0,0,0,0,0,0,0,0,0
TF,SALSA,13.466314,100.785817,0, ,0.0,0.0,0.0,0.0,0,0,0,0,0,0,0,0
TF,ENKAA,13.385461,100.763725,0, ,0.0,0.0,0.0,0.0,2,3000,0,0,0,0,0,0
VM,13.685833,100.748889,0,195.0,0,0,0,0,0,0,0,0

STAR,EAST3C,RUKSA,4
IF,RUKSA,14.564167,101.920094, ,0.0,0.0,0,0,0,0,0,0,0,0
TF,EASTE,14.309667,101.286244,0, ,0.0,0.0,0.0,0.0,3,18000,0,1,280,0,0,0

STAR,EAST3C,UBLOD,4
IF,UBLOD,14.620953,101.436572, ,0.0,0.0,0,0,0,0,0,0,0,0
TF,EASTE,14.309667,101.286244,0, ,0.0,0.0,0.0,0.0,3,18000,0,1,280,0,0,0

STAR,EAST3C,19L,5
IF,EASTE,14.309667,101.286244, ,0.0,0.0,3,18000,0,1,280,0,0,0
TF,DUMIG,14.251275,101.236481,0, ,0.0,0.0,0.0,0.0,0,0,0,0,0,0,0,0
TF,SOVKI,14.058144,101.072161,0, ,0.0,0.0,0.0,0.0,4,14000,11000,1,250,0,0,0
TF,TERIB,13.966008,101.046836,0, ,0.0,0.0,0.0,0.0,0,0,0,0,0,0,0,0
TF,BS507,13.883606,101.024219,0, ,0.0,0.0,0.0,0.0,0,0,0,0,0,0,0,0
TF,BS505,13.803678,101.002283,0, ,0.0,0.0,0.0,0.0,0,0,0,0,0,0,0,0
TF,BS503,13.833967,100.886522,0, ,0.0,0.0,0.0,0.0,0,0,0,1,220,0,0,0
TF,BS501,13.913850,100.908408,0, ,0.0,0.0,0.0,0.0,0,0,0,0,0,0,0,0
TF,EKCHO,13.996256,100.931042,0, ,0.0,0.0,0.0,0.0,2,5000,0,0,0,0,0,0
VM,13.685833,100.748889,0,15.0,0,0,0,0,0,0,0,0

STAR,EAST3C,19R,5
IF,EASTE,14.309667,101.286244, ,0.0,0.0,3,18000,0,1,280,0,0,0
TF,DUMIG,14.251275,101.236481,0, ,0.0,0.0,0.0,0.0,0,0,0,0,0,0,0,0
TF,SOVKI,14.058144,101.072161,0, ,0.0,0.0,0.0,0.0,4,14000,11000,1,250,0,0,0
TF,TERIB,13.966008,101.046836,0, ,0.0,0.0,0.0,0.0,0,0,0,0,0,0,0,0
TF,BS507,13.883606,101.024219,0, ,0.0,0.0,0.0,0.0,0,0,0,0,0,0,0,0
TF,BS505,13.803678,101.002283,0, ,0.0,0.0,0.0,0.0,0,0,0,0,0,0,0,0
TF,BS503,13.833967,100.886522,0, ,0.0,0.0,0.0,0.0,0,0,0,1,220,0,0,0
TF,BS501,13.913850,100.908408,0, ,0.0,0.0,0.0,0.0,0,0,0,0,0,0,0,0
TF,EKCHO,13.996256,100.931042,0, ,0.0,0.0,0.0,0.0,2,5000,0,0,0,0,0,0
VM,13.685833,100.748889,0,15.0,0,0,0,0,0,0,0,0

STAR,EAST3D,RUKSA,4
IF,RUKSA,14.564167,101.920094, ,0.0,0.0,0,0,0,0,0,0,0,0
TF,EASTE,14.309667,101.286244,0, ,0.0,0.0,0.0,0.0,3,18000,0,1,280,0,0,0

STAR,EAST3D,UBLOD,4
IF,UBLOD,14.620953,101.436572, ,0.0,0.0,0,0,0,0,0,0,0,0
TF,EASTE,14.309667,101.286244,0, ,0.0,0.0,0.0,0.0,3,18000,0,1,280,0,0,0

STAR,EAST3D,01L,5
IF,EASTE,14.309667,101.286244, ,0.0,0.0,3,18000,0,1,280,0,0,0
TF,DABTA,14.194931,101.158211,0, ,0.0,0.0,0.0,0.0,0,0,0,0,0,0,0,0
TF,BS407,13.989178,100.929175,0, ,0.0,0.0,0.0,0.0,2,11000,0,1,250,0,0,0
TF,LATIN,13.662172,100.839414,0, ,0.0,0.0,0.0,0.0,4,9000,7000,1,220,0,0,0
TF,BS401,13.564247,100.812603,0, ,0.0,0.0,0.0,0.0,0,0,0,0,0,0,0,0
TF,SALSA,13.466314,100.785817,0, ,0.0,0.0,0.0,0.0,0,0,0,0,0,0,0,0
TF,ENKAA,13.385461,100.763725,0, ,0.0,0.0,0.0,0.0,2,3000,0,0,0,0,0,0
VM,13.685833,100.748889,0,195.0,0,0,0,0,0,0,0,0

STAR,EAST3D,01R,5
IF,EASTE,14.309667,101.286244, ,0.0,0.0,3,18000,0,1,280,0,0,0
TF,DABTA,14.194931,101.158211,0, ,0.0,0.0,0.0,0.0,0,0,0,0,0,0,0,0
TF,BS407,13.989178,100.929175,0, ,0.0,0.0,0.0,0.0,2,11000,0,1,250,0,0,0
TF,LATIN,13.662172,100.839414,0, ,0.0,0.0,0.0,0.0,4,9000,7000,1,220,0,0,0
TF,BS401,13.564247,100.812603,0, ,0.0,0.0,0.0,0.0,0,0,0,0,0,0,0,0
TF,SALSA,13.466314,100.785817,0, ,0.0,0.0,0.0,0.0,0,0,0,0,0,0,0,0
TF,ENKAA,13.385461,100.763725,0, ,0.0,0.0,0.0,0.0,2,3000,0,0,0,0,0,0
VM,13.685833,100.748889,0,195.0,0,0,0,0,0,0,0,0

STAR,LEBI3C,GUTSO,4
IF,GUTSO,12.805539,100.581750, ,0.0,0.0,0,0,0,0,0,0,0,0
TF,LEBIM,13.087447,100.473475,0, ,0.0,0.0,0.0,0.0,3,18000,0,1,280,0,0,0

STAR,LEBI3C,HOTEL,4
IF,HOTEL,13.001722,100.330083, ,0.0,0.0,0,0,0,0,0,0,0,0
TF,LEBIM,13.087447,100.473475,0, ,0.0,0.0,0.0,0.0,3,18000,0,1,280,0,0,0

STAR,LEBI3C,SURMA,4
IF,SURMA,11.856236,100.442403, ,0.0,0.0,0,0,0,0,0,0,0,0
TF,LEBIM,13.087447,100.473475,0, ,0.0,0.0,0.0,0.0,3,18000,0,1,280,0,0,0

STAR,LEBI3C,19L,5
IF,LEBIM,13.087447,100.473475, ,0.0,0.0,3,18000,0,1,280,0,0,0
TF,DOTSU,13.138844,100.515781,0, ,0.0,0.0,0.0,0.0,0,0,0,0,0,0,0,0
TF,INNDY,13.271014,100.624633,0, ,0.0,0.0,0.0,0.0,3,14000,0,0,0,0,0,0
TF,SALSA,13.466314,100.785817,0, ,0.0,0.0,0.0,0.0,2,10000,0,1,250,0,0,0
TF,LATIN,13.662172,100.839414,0, ,0.0,0.0,0.0,0.0,2,7000,0,0,0,0,0,0
TF,BS503,13.833967,100.886522,0, ,0.0,0.0,0.0,0.0,0,0,0,1,220,0,0,0
TF,BS501,13.913850,100.908408,0, ,0.0,0.0,0.0,0.0,0,0,0,0,0,0,0,0
TF,EKCHO,13.996256,100.931042,0, ,0.0,0.0,0.0,0.0,2,5000,0,0,0,0,0,0
VM,13.685833,100.748889,0,15.0,0,0,0,0,0,0,0,0

STAR,LEBI3C,19R,5
IF,LEBIM,13.087447,100.473475, ,0.0,0.0,3,18000,0,1,280,0,0,0
TF,DOTSU,13.138844,100.515781,0, ,0.0,0.0,0.0,0.0,0,0,0,0,0,0,0,0
TF,INNDY,13.271014,100.624633,0, ,0.0,0.0,0.0,0.0,3,14000,0,0,0,0,0,0
TF,SALSA,13.466314,100.785817,0, ,0.0,0.0,0.0,0.0,2,10000,0,1,250,0,0,0
TF,LATIN,13.662172,100.839414,0, ,0.0,0.0,0.0,0.0,2,7000,0,0,0,0,0,0
TF,BS503,13.833967,100.886522,0, ,0.0,0.0,0.0,0.0,0,0,0,1,220,0,0,0
TF,BS501,13.913850,100.908408,0, ,0.0,0.0,0.0,0.0,0,0,0,0,0,0,0,0
TF,EKCHO,13.996256,100.931042,0, ,0.0,0.0,0.0,0.0,2,5000,0,0,0,0,0,0
VM,13.685833,100.748889,0,15.0,0,0,0,0,0,0,0,0

STAR,LEBI3D,GUTSO,4
IF,GUTSO,12.805539,100.581750, ,0.0,0.0,0,0,0,0,0,0,0,0
TF,LEBIM,13.087447,100.473475,0, ,0.0,0.0,0.0,0.0,3,18000,0,1,280,0,0,0

STAR,LEBI3D,HOTEL,4
IF,HOTEL,13.001722,100.330083, ,0.0,0.0,0,0,0,0,0,0,0,0
TF,LEBIM,13.087447,100.473475,0, ,0.0,0.0,0.0,0.0,3,18000,0,1,280,0,0,0

STAR,LEBI3D,SURMA,4
IF,SURMA,11.856236,100.442403, ,0.0,0.0,0,0,0,0,0,0,0,0
TF,LEBIM,13.087447,100.473475,0, ,0.0,0.0,0.0,0.0,3,18000,0,1,280,0,0,0

STAR,LEBI3D,01L,5
IF,LEBIM,13.087447,100.473475, ,0.0,0.0,3,18000,0,1,280,0,0,0
TF,FUNKY,13.228528,100.654089,0, ,0.0,0.0,0.0,0.0,3,14000,0,0,0,0,0,0
TF,BS405,13.418044,100.896678,0, ,0.0,0.0,0.0,0.0,0,0,0,1,250,0,0,0
TF,BS403,13.533894,100.928375,0, ,0.0,0.0,0.0,0.0,0,0,0,0,0,0,0,0
TF,SANJO,13.631817,100.955200,0, ,0.0,0.0,0.0,0.0,0,0,0,0,0,0,0,0
TF,LATIN,13.662172,100.839414,0, ,0.0,0.0,0.0,0.0,4,9000,7000,1,220,0,0,0
TF,BS401,13.564247,100.812603,0, ,0.0,0.0,0.0,0.0,0,0,0,0,0,0,0,0
TF,SALSA,13.466314,100.785817,0, ,0.0,0.0,0.0,0.0,0,0,0,0,0,0,0,0
TF,ENKAA,13.385461,100.763725,0, ,0.0,0.0,0.0,0.0,2,3000,0,0,0,0,0,0
VM,13.685833,100.748889,0,195.0,0,0,0,0,0,0,0,0

STAR,LEBI3D,01R,5
IF,LEBIM,13.087447,100.473475, ,0.0,0.0,3,18000,0,1,280,0,0,0
TF,FUNKY,13.228528,100.654089,0, ,0.0,0.0,0.0,0.0,3,14000,0,0,0,0,0,0
TF,BS405,13.418044,100.896678,0, ,0.0,0.0,0.0,0.0,0,0,0,1,250,0,0,0
TF,BS403,13.533894,100.928375,0, ,0.0,0.0,0.0,0.0,0,0,0,0,0,0,0,0
TF,SANJO,13.631817,100.955200,0, ,0.0,0.0,0.0,0.0,0,0,0,0,0,0,0,0
TF,LATIN,13.662172,100.839414,0, ,0.0,0.0,0.0,0.0,4,9000,7000,1,220,0,0,0
TF,BS401,13.564247,100.812603,0, ,0.0,0.0,0.0,0.0,0,0,0,0,0,0,0,0
TF,SALSA,13.466314,100.785817,0, ,0.0,0.0,0.0,0.0,0,0,0,0,0,0,0,0
TF,ENKAA,13.385461,100.763725,0, ,0.0,0.0,0.0,0.0,2,3000,0,0,0,0,0,0
VM,13.685833,100.748889,0,195.0,0,0,0,0,0,0,0,0

STAR,NORT3C,ALBOS,4
IF,ALBOS,14.744917,101.028306, ,0.0,0.0,0,0,0,0,0,0,0,0
TF,NORTA,14.718789,100.639017,0, ,0.0,0.0,0.0,0.0,3,18000,0,1,280,0,0,0

STAR,NORT3C,NOBER,4
IF,NOBER,15.276556,100.668333, ,0.0,0.0,0,0,0,0,0,0,0,0
TF,NORTA,14.718789,100.639017,0, ,0.0,0.0,0.0,0.0,3,18000,0,1,280,0,0,0

STAR,NORT3C,SEMBO,4
IF,SEMBO,14.899767,100.263311, ,0.0,0.0,0,0,0,0,0,0,0,0
TF,NORTA,14.718789,100.639017,0, ,0.0,0.0,0.0,0.0,3,18000,0,1,280,0,0,0

STAR,NORT3C,TL,4
IF,TL,15.275958,100.297531, ,0.0,0.0,0,0,0,0,0,0,0,0
TF,NORTA,14.718789,100.639017,0, ,0.0,0.0,0.0,0.0,3,18000,0,1,280,0,0,0

STAR,NORT3C,19L,5
IF,NORTA,14.718789,100.639017, ,0.0,0.0,3,18000,0,1,280,0,0,0
TF,BS512,14.576814,100.682742,0, ,0.0,0.0,0.0,0.0,2,16000,0,0,0,0,0,0
TF,IRTIS,14.438839,100.725189,0, ,0.0,0.0,0.0,0.0,0,0,0,1,250,0,0,0
TF,BS508,14.250286,100.675492,0, ,0.0,0.0,0.0,0.0,2,11000,0,0,0,0,0,0
TF,BS506,14.072697,100.628769,0, ,0.0,0.0,0.0,0.0,0,0,0,0,0,0,0,0
TF,BS504,13.992608,100.607731,0, ,0.0,0.0,0.0,0.0,2,9000,0,1,220,0,0,0
TF,BS502,13.962311,100.723583,0, ,0.0,0.0,0.0,0.0,0,0,0,0,0,0,0,0
TF,WALTZ,14.043339,100.745058,1, ,0.0,0.0,0.0,0.0,2,6000,0,0,0,0,0,0
VM,13.685833,100.748889,0,15.0,0,0,0,0,0,0,0,0

STAR,NORT3C,19R,5
IF,NORTA,14.718789,100.639017, ,0.0,0.0,3,18000,0,1,280,0,0,0
TF,BS512,14.576814,100.682742,0, ,0.0,0.0,0.0,0.0,2,16000,0,0,0,0,0,0
TF,IRTIS,14.438839,100.725189,0, ,0.0,0.0,0.0,0.0,0,0,0,1,250,0,0,0
TF,BS508,14.250286,100.675492,0, ,0.0,0.0,0.0,0.0,2,11000,0,0,0,0,0,0
TF,BS506,14.072697,100.628769,0, ,0.0,0.0,0.0,0.0,0,0,0,0,0,0,0,0
TF,BS504,13.992608,100.607731,0, ,0.0,0.0,0.0,0.0,2,9000,0,1,220,0,0,0
TF,BS502,13.962311,100.723583,0, ,0.0,0.0,0.0,0.0,0,0,0,0,0,0,0,0
TF,WALTZ,14.043339,100.745058,1, ,0.0,0.0,0.0,0.0,2,6000,0,0,0,0,0,0
VM,13.685833,100.748889,0,15.0,0,0,0,0,0,0,0,0

STAR,NORT3D,ALBOS,4
IF,ALBOS,14.744917,101.028306, ,0.0,0.0,0,0,0,0,0,0,0,0
TF,NORTA,14.718789,100.639017,0, ,0.0,0.0,0.0,0.0,3,22000,0,1,280,0,0,0

STAR,NORT3D,NOBER,4
IF,NOBER,15.276556,100.668333, ,0.0,0.0,0,0,0,0,0,0,0,0
TF,NORTA,14.718789,100.639017,0, ,0.0,0.0,0.0,0.0,3,22000,0,1,280,0,0,0

STAR,NORT3D,SEMBO,4
IF,SEMBO,14.899767,100.263311, ,0.0,0.0,0,0,0,0,0,0,0,0
TF,NORTA,14.718789,100.639017,0, ,0.0,0.0,0.0,0.0,3,22000,0,1,280,0,0,0

STAR,NORT3D,TL,4
IF,TL,15.275958,100.297531, ,0.0,0.0,0,0,0,0,0,0,0,0
TF,NORTA,14.718789,100.639017,0, ,0.0,0.0,0.0,0.0,3,22000,0,1,280,0,0,0

STAR,NORT3D,01L,5
IF,NORTA,14.718789,100.639017, ,0.0,0.0,3,22000,0,1,280,0,0,0
TF,IRTIS,14.438839,100.725189,0, ,0.0,0.0,0.0,0.0,0,0,0,0,0,0,0,0
TF,BS408,14.231931,100.748211,0, ,0.0,0.0,0.0,0.0,2,16000,0,0,0,0,0,0
TF,BS406,14.107403,100.762078,0, ,0.0,0.0,0.0,0.0,0,0,0,1,250,0,0,0
TF,BS404,13.923478,100.713314,0, ,0.0,0.0,0.0,0.0,2,11000,0,0,0,0,0,0
TF,BS402,13.708375,100.656411,0, ,0.0,0.0,0.0,0.0,4,9000,7000,1,220,0,0,0
TF,TAPPA,13.512042,100.604589,0, ,0.0,0.0,0.0,0.0,0,0,0,0,0,0,0,0
TF,WOCAL,13.430992,100.583228,0, ,0.0,0.0,0.0,0.0,2,4000,0,0,0,0,0,0
VM,13.685833,100.748889,0,195.0,0,0,0,0,0,0,0,0

STAR,NORT3D,01R,5
IF,NORTA,14.718789,100.639017, ,0.0,0.0,3,22000,0,1,280,0,0,0
TF,IRTIS,14.438839,100.725189,0, ,0.0,0.0,0.0,0.0,0,0,0,0,0,0,0,0
TF,BS408,14.231931,100.748211,0, ,0.0,0.0,0.0,0.0,2,16000,0,0,0,0,0,0
TF,BS406,14.107403,100.762078,0, ,0.0,0.0,0.0,0.0,0,0,0,1,250,0,0,0
TF,BS404,13.923478,100.713314,0, ,0.0,0.0,0.0,0.0,2,11000,0,0,0,0,0,0
TF,BS402,13.708375,100.656411,0, ,0.0,0.0,0.0,0.0,4,9000,7000,1,220,0,0,0
TF,TAPPA,13.512042,100.604589,0, ,0.0,0.0,0.0,0.0,0,0,0,0,0,0,0,0
TF,WOCAL,13.430992,100.583228,0, ,0.0,0.0,0.0,0.0,2,4000,0,0,0,0,0,0
VM,13.685833,100.748889,0,195.0,0,0,0,0,0,0,0,0

STAR,WILA3C,BONVO,4
IF,BONVO,13.736242,99.768533, ,0.0,0.0,0,0,0,0,0,0,0,0
TF,WILLA,14.404717,100.059822,0, ,0.0,0.0,0.0,0.0,3,18000,0,1,280,0,0,0

STAR,WILA3C,IBETO,4
IF,IBETO,14.176706,99.496022, ,0.0,0.0,0,0,0,0,0,0,0,0
TF,WILLA,14.404717,100.059822,0, ,0.0,0.0,0.0,0.0,3,18000,0,1,280,0,0,0

STAR,WILA3C,IGONI,4
IF,IGONI,14.442425,99.908414, ,0.0,0.0,0,0,0,0,0,0,0,0
TF,WILLA,14.404717,100.059822,0, ,0.0,0.0,0.0,0.0,3,18000,0,1,280,0,0,0

STAR,WILA3C,PASTO,4
IF,PASTO,14.001250,99.501928, ,0.0,0.0,0,0,0,0,0,0,0,0
TF,WILLA,14.404717,100.059822,0, ,0.0,0.0,0.0,0.0,3,18000,0,1,280,0,0,0

STAR,WILA3C,TARED,4
IF,TARED,14.438756,99.524686, ,0.0,0.0,0,0,0,0,0,0,0,0
TF,WILLA,14.404717,100.059822,0, ,0.0,0.0,0.0,0.0,3,18000,0,1,280,0,0,0

STAR,WILA3C,19L,5
IF,WILLA,14.404717,100.059822, ,0.0,0.0,3,18000,0,1,280,0,0,0
TF,BAROK,14.371750,100.191836,0, ,0.0,0.0,0.0,0.0,0,0,0,0,0,0,0,0
TF,BS510,14.334878,100.339122,0, ,0.0,0.0,0.0,0.0,4,15000,14000,0,0,0,0,0
TF,INVEK,14.298961,100.482200,0, ,0.0,0.0,0.0,0.0,0,0,0,1,250,0,0,0
TF,BS508,14.250286,100.675492,0, ,0.0,0.0,0.0,0.0,2,11000,0,0,0,0,0,0
TF,BS506,14.072697,100.628769,0, ,0.0,0.0,0.0,0.0,0,0,0,0,0,0,0,0
TF,BS504,13.992608,100.607731,0, ,0.0,0.0,0.0,0.0,2,9000,0,1,220,0,0,0
TF,BS502,13.962311,100.723583,0, ,0.0,0.0,0.0,0.0,0,0,0,0,0,0,0,0
TF,WALTZ,14.043339,100.745058,1, ,0.0,0.0,0.0,0.0,2,6000,0,0,0,0,0,0
VM,13.685833,100.748889,0,15.0,0,0,0,0,0,0,0,0

STAR,WILA3C,19R,5
IF,WILLA,14.404717,100.059822, ,0.0,0.0,3,18000,0,1,280,0,0,0
TF,BAROK,14.371750,100.191836,0, ,0.0,0.0,0.0,0.0,0,0,0,0,0,0,0,0
TF,BS510,14.334878,100.339122,0, ,0.0,0.0,0.0,0.0,4,15000,14000,0,0,0,0,0
TF,INVEK,14.298961,100.482200,0, ,0.0,0.0,0.0,0.0,0,0,0,1,250,0,0,0
TF,BS508,14.250286,100.675492,0, ,0.0,0.0,0.0,0.0,2,11000,0,0,0,0,0,0
TF,BS506,14.072697,100.628769,0, ,0.0,0.0,0.0,0.0,0,0,0,0,0,0,0,0
TF,BS504,13.992608,100.607731,0, ,0.0,0.0,0.0,0.0,2,9000,0,1,220,0,0,0
TF,BS502,13.962311,100.723583,0, ,0.0,0.0,0.0,0.0,0,0,0,0,0,0,0,0
TF,WALTZ,14.043339,100.745058,1, ,0.0,0.0,0.0,0.0,2,6000,0,0,0,0,0,0
VM,13.685833,100.748889,0,15.0,0,0,0,0,0,0,0,0

STAR,WILA3D,BONVO,4
IF,BONVO,13.736242,99.768533, ,0.0,0.0,0,0,0,0,0,0,0,0
TF,WILLA,14.404717,100.059822,0, ,0.0,0.0,0.0,0.0,3,22000,0,1,280,0,0,0

STAR,WILA3D,IBETO,4
IF,IBETO,14.176706,99.496022, ,0.0,0.0,0,0,0,0,0,0,0,0
TF,WILLA,14.404717,100.059822,0, ,0.0,0.0,0.0,0.0,3,22000,0,1,280,0,0,0

STAR,WILA3D,IGONI,4
IF,IGONI,14.442425,99.908414, ,0.0,0.0,0,0,0,0,0,0,0,0
TF,WILLA,14.404717,100.059822,0, ,0.0,0.0,0.0,0.0,3,22000,0,1,280,0,0,0

STAR,WILA3D,PASTO,4
IF,PASTO,14.001250,99.501928, ,0.0,0.0,0,0,0,0,0,0,0,0
TF,WILLA,14.404717,100.059822,0, ,0.0,0.0,0.0,0.0,3,22000,0,1,280,0,0,0

STAR,WILA3D,TARED,4
IF,TARED,14.438756,99.524686, ,0.0,0.0,0,0,0,0,0,0,0,0
TF,WILLA,14.404717,100.059822,0, ,0.0,0.0,0.0,0.0,3,22000,0,1,280,0,0,0

STAR,WILA3D,01L,5
IF,WILLA,14.404717,100.059822, ,0.0,0.0,3,22000,0,1,280,0,0,0
TF,NIMEG,14.356878,100.251289,0, ,0.0,0.0,0.0,0.0,0,0,0,0,0,0,0,0
TF,ISDEX,14.284019,100.541606,0, ,0.0,0.0,0.0,0.0,0,0,0,0,0,0,0,0
TF,BS408,14.231931,100.748211,0, ,0.0,0.0,0.0,0.0,2,16000,0,0,0,0,0,0
TF,BS406,14.107403,100.762078,0, ,0.0,0.0,0.0,0.0,0,0,0,1,250,0,0,0
TF,BS404,13.923478,100.713314,0, ,0.0,0.0,0.0,0.0,2,11000,0,0,0,0,0,0
TF,BS402,13.708375,100.656411,0, ,0.0,0.0,0.0,0.0,4,9000,7000,1,220,0,0,0
TF,TAPPA,13.512042,100.604589,0, ,0.0,0.0,0.0,0.0,0,0,0,0,0,0,0,0
TF,WOCAL,13.430992,100.583228,0, ,0.0,0.0,0.0,0.0,2,4000,0,0,0,0,0,0
VM,13.685833,100.748889,0,195.0,0,0,0,0,0,0,0,0

STAR,WILA3D,01R,5
IF,WILLA,14.404717,100.059822, ,0.0,0.0,3,22000,0,1,280,0,0,0
TF,NIMEG,14.356878,100.251289,0, ,0.0,0.0,0.0,0.0,0,0,0,0,0,0,0,0
TF,ISDEX,14.284019,100.541606,0, ,0.0,0.0,0.0,0.0,0,0,0,0,0,0,0,0
TF,BS408,14.231931,100.748211,0, ,0.0,0.0,0.0,0.0,2,16000,0,0,0,0,0,0
TF,BS406,14.107403,100.762078,0, ,0.0,0.0,0.0,0.0,0,0,0,1,250,0,0,0
TF,BS404,13.923478,100.713314,0, ,0.0,0.0,0.0,0.0,2,11000,0,0,0,0,0,0
TF,BS402,13.708375,100.656411,0, ,0.0,0.0,0.0,0.0,4,9000,7000,1,220,0,0,0
TF,TAPPA,13.512042,100.604589,0, ,0.0,0.0,0.0,0.0,0,0,0,0,0,0,0,0
TF,WOCAL,13.430992,100.583228,0, ,0.0,0.0,0.0,0.0,2,4000,0,0,0,0,0,0
VM,13.685833,100.748889,0,195.0,0,0,0,0,0,0,0,0

APPTR,I01LZ,01L,LACOS
IF,LACOS,13.410103,100.666106, ,0.0,0.0,2,3000,0,1,220,0,1,0
TF,LONNY,13.491172,100.687369,0,ISWS,0.0,0.0,0.0,0.0,2,2500,0,0,0,0,1,0

FINAL,I01LZ,01L,I,3
IF,LONNY,13.491172,100.687369,ISWS,195.4,13.3,2,2500,0,0,0,0,0,0
CF,BS488,13.572372,100.708706,0,ISWS,195.4,8.3,15.0,5.0,1,2000,0,0,0,0,2,0
CF,RW01L,13.671278,100.734664,0,ISWS,195.4,2.2,15.0,6.1,1,54,0,0,0,0,3,1
CF,LAINO,13.821222,100.773797,0,BKK,113.6,11.2,15.0,9.2,2,3000,0,1,190,0,0,0
HM,LAINO,13.821222,100.773797,2, ,0.0,0.0,195.0,04.3,2,3000,0,1,230,0,0,0,0

APPTR,I01RZ,01R,RISSE
IF,RISSE,13.405136,100.685800, ,0.0,0.0,2,3000,0,1,220,0,1,0
TF,RAYPA,13.486203,100.707064,0,ISES,0.0,0.0,0.0,0.0,2,2500,0,0,0,0,1,0

FINAL,I01RZ,01R,I,3
IF,RAYPA,13.486203,100.707064,ISES,195.4,12.8,2,2500,0,0,0,0,0,0
CF,BS499,13.557794,100.725867,0,ISES,195.4,8.4,15.0,4.4,1,2000,0,0,0,0,2,0
CF,RW01R,13.656697,100.751831,0,ISES,195.4,2.3,15.0,6.1,1,54,0,0,0,0,3,1
CA,0,15.0,2,1000,0,1,190,0,0,0
DF,RENEX,13.863342,100.848881,0, ,0.0,0.0,1,3000,0,1,190,0,0,0
HM,RENEX,13.863342,100.848881,1, ,0.0,0.0,210.0,04.3,2,3000,0,1,230,0,0,0,0

APPTR,I19LZ,19L,LEMOS
IF,LEMOS,14.017597,100.846817, ,0.0,0.0,2,5000,0,1,220,0,1,0
TF,LINSY,13.935681,100.825231,0, ,0.0,0.0,0.0,0.0,2,3500,0,0,0,0,1,0
TF,LANCO,13.853836,100.803678,0,ISEN,0.0,0.0,0.0,0.0,2,2500,0,0,0,0,0,0

FINAL,I19LZ,19L,I,3
IF,LANCO,13.853836,100.803678,ISEN,15.4,12.3,2,2500,0,0,0,0,0,0
CF,BS599,13.790611,100.787036,0,ISEN,15.4,8.4,195.0,3.9,1,2000,0,0,0,0,2,0
CF,RW19L,13.691714,100.761033,0,ISEN,15.4,2.3,195.0,6.1,1,54,0,0,0,0,3,1
CA,0,195.0,2,1000,0,1,190,0,0,0
DF,LASON,13.559000,100.822478,0, ,0.0,0.0,1,3000,0,1,190,0,0,0
HM,LASON,13.559000,100.822478,2, ,0.0,0.0,319.0,04.3,2,3000,0,1,230,0,0,0,0

APPTR,I19RZ,19R,REWCO
IF,REWCO,14.022581,100.827133, ,0.0,0.0,2,5000,0,1,220,0,1,0
TF,RYAUN,13.940831,100.805589,0, ,0.0,0.0,0.0,0.0,2,3500,0,0,0,0,1,0
TF,ROMME,13.865789,100.785828,0,ISWN,0.0,0.0,0.0,0.0,2,2500,0,0,0,0,0,0

FINAL,I19RZ,19R,I,3
IF,ROMME,13.865789,100.785828,ISWN,15.4,12.2,2,2500,0,0,0,0,0,0
CF,BS588,13.802564,100.769186,0,ISWN,15.4,8.3,195.0,3.9,1,2000,0,0,0,0,2,0
CF,RW19R,13.703669,100.743178,0,ISWN,15.4,2.2,195.0,6.1,1,54,0,0,0,0,3,1
CA,0,195.0,2,1000,0,1,190,0,0,0
DF,RIPSO,13.562236,100.663922,0, ,0.0,0.0,1,3000,0,1,190,0,0,0
HM,RIPSO,13.562236,100.663922,1, ,0.0,0.0,35.0,04.3,2,3000,0,1,230,0,0,0,0

APPTR,R01L,01L,LACOS
IF,LACOS,13.410103,100.666106, ,0.0,0.0,2,3000,0,1,220,0,1,0
TF,LONNY,13.491172,100.687369,0, ,0.0,0.0,0.0,0.0,2,2500,0,0,0,0,1,0

FINAL,R01L,01L,R,3
IF,LONNY,13.491172,100.687369, ,0.0,0.0,2,2500,0,0,0,0,0,0
TF,BS488,13.572372,100.708706,0, ,0.0,0.0,15.0,5.0,1,2000,0,0,0,0,2,0
TF,RW01L,13.671278,100.734664,0, ,0.0,0.0,15.0,6.1,1,54,0,0,0,0,3,1
CF,LAINO,13.821222,100.773797,0,BKK,113.6,11.2,15.0,9.2,2,3000,0,1,210,0,0,0
HM,LAINO,13.821222,100.773797,2, ,0.0,0.0,195.0,04.3,2,3000,0,1,230,0,0,0,0

APPTR,R01R,01R,RISSE
IF,RISSE,13.405136,100.685800, ,0.0,0.0,2,3000,0,1,220,0,1,0
TF,RAYPA,13.486203,100.707064,0, ,0.0,0.0,0.0,0.0,2,2500,0,0,0,0,1,0

FINAL,R01R,01R,R,4
IF,RAYPA,13.486203,100.707064, ,0.0,0.0,2,2500,0,0,0,0,0,0
TF,BS499,13.557794,100.725867,0, ,0.0,0.0,15.0,4.4,1,2000,0,0,0,0,2,0
TF,BS497,13.592539,100.734975,0, ,0.0,0.0,15.0,2.1,1,1300,0,0,0,0,0,0
TF,RW01R,13.656697,100.751831,0, ,0.0,0.0,15.0,4.0,1,54,0,0,0,0,3,1
CA,0,15.0,2,1500,0,1,210,0,0,0
DF,RENEX,13.863342,100.848881,0, ,0.0,0.0,2,3000,0,1,210,0,0,0
HM,RENEX,13.863342,100.848881,1, ,0.0,0.0,210.0,04.3,2,3000,0,1,230,0,0,0,0

APPTR,R19L,19L,LEMOS
IF,LEMOS,14.017597,100.846817, ,0.0,0.0,2,5000,0,1,220,0,1,0
TF,LINSY,13.935681,100.825231,0, ,0.0,0.0,0.0,0.0,2,3500,0,0,0,0,1,0

FINAL,R19L,19L,R,4
IF,LINSY,13.935681,100.825231, ,0.0,0.0,2,3500,0,0,0,0,0,0
TF,LANCO,13.853836,100.803678,0, ,0.0,0.0,195.0,5.0,2,2500,0,0,0,0,0,0
TF,BS599,13.790611,100.787036,0, ,0.0,0.0,195.0,3.9,1,2000,0,0,0,0,2,0
TF,RW19L,13.691714,100.761033,0, ,0.0,0.0,195.0,6.1,1,54,0,0,0,0,3,1
CA,0,195.0,2,1500,0,1,210,0,0,0
DF,LASON,13.559000,100.822478,0, ,0.0,0.0,2,3000,0,1,210,0,0,0
HM,LASON,13.559000,100.822478,2, ,0.0,0.0,319.0,04.3,2,3000,0,1,230,0,0,0,0

APPTR,R19R,19R,REWCO
IF,REWCO,14.022581,100.827133, ,0.0,0.0,2,5000,0,1,220,0,1,0
TF,RYAUN,13.940831,100.805589,0, ,0.0,0.0,0.0,0.0,2,3500,0,0,0,0,1,0

FINAL,R19R,19R,R,4
IF,RYAUN,13.940831,100.805589, ,0.0,0.0,2,3500,0,0,0,0,0,0
TF,ROMME,13.865789,100.785828,0, ,0.0,0.0,195.0,4.6,2,2500,0,0,0,0,0,0
TF,BS588,13.802564,100.769186,0, ,0.0,0.0,195.0,3.9,1,2000,0,0,0,0,2,0
TF,RW19R,13.703669,100.743178,0, ,0.0,0.0,195.0,6.1,1,54,0,0,0,0,3,1
CA,0,195.0,2,1500,0,1,210,0,0,0
DF,RIPSO,13.562236,100.663922,0, ,0.0,0.0,2,3000,0,1,210,0,0,0
HM,RIPSO,13.562236,100.663922,1, ,0.0,0.0,35.0,04.3,2,3000,0,1,230,0,0,0,0

