SID,BUNB1A,11L,5
CF,NB110,21.167417,105.992472,0,NOB,109.1,9.2,109.0,10.0,2,4300,0,0,0,0,0,0
TF,BUNBO,21.707250,106.330028,0, ,0.0,0.0,0.0,0.0,3,15000,0,0,0,0,0,0

SID,BUNB1A,NAKHA,6
IF,BUNBO,21.707250,106.330028, ,0.0,0.0,3,15000,0,0,0,0,0,0
TF,NAKHA,21.966667,106.493333,0, ,0.0,0.0,0.0,0.0,0,0,0,0,0,0,0,0

SID,BUNB1B,11R,5
CF,NB110,21.167417,105.992472,0,NOB,109.1,9.2,108.0,10.0,2,4300,0,0,0,0,0,0
TF,BUNBO,21.707250,106.330028,0, ,0.0,0.0,0.0,0.0,3,15000,0,0,0,0,0,0

SID,BUNB1B,NAKHA,6
IF,BUNBO,21.707250,106.330028, ,0.0,0.0,3,15000,0,0,0,0,0,0
TF,NAKHA,21.966667,106.493333,0, ,0.0,0.0,0.0,0.0,0,0,0,0,0,0,0,0

SID,DIHA1A,29L,5
CF,NB290,21.304278,105.510056,0,NOB,288.7,19.0,289.0,16.2,2,5000,0,0,0,0,0,0
TF,NB291,21.448139,105.557417,0, ,0.0,0.0,0.0,0.0,2,8000,0,0,0,0,0,0
TF,NUCOC,21.556083,105.759417,0, ,0.0,0.0,0.0,0.0,2,13000,0,0,0,0,0,0
TF,DIHAI,21.831667,106.130222,0, ,0.0,0.0,0.0,0.0,2,15000,0,0,0,0,0,0

SID,DIHA1A,DEN1A,6
IF,DIHAI,21.831667,106.130222, ,0.0,0.0,2,15000,0,0,0,0,0,0
TF,DENMO,22.041611,106.414500,0, ,0.0,0.0,0.0,0.0,0,0,0,0,0,0,0,0

SID,DIHA1A,NAK1B,6
IF,DIHAI,21.831667,106.130222, ,0.0,0.0,2,15000,0,0,0,0,0,0
TF,NAKHA,21.966667,106.493333,0, ,0.0,0.0,0.0,0.0,0,0,0,0,0,0,0,0

SID,DIHA1B,29R,5
CF,NB290,21.304278,105.510056,0,NOB,288.7,19.0,289.0,16.5,2,5000,0,0,0,0,0,0
TF,NB291,21.448139,105.557417,0, ,0.0,0.0,0.0,0.0,2,8000,0,0,0,0,0,0
TF,NUCOC,21.556083,105.759417,0, ,0.0,0.0,0.0,0.0,2,13000,0,0,0,0,0,0
TF,DIHAI,21.831667,106.130222,0, ,0.0,0.0,0.0,0.0,2,15000,0,0,0,0,0,0

SID,DIHA1B,DEN1A,6
IF,DIHAI,21.831667,106.130222, ,0.0,0.0,2,15000,0,0,0,0,0,0
TF,DENMO,22.041611,106.414500,0, ,0.0,0.0,0.0,0.0,0,0,0,0,0,0,0,0

SID,DIHA1B,NAK1B,6
IF,DIHAI,21.831667,106.130222, ,0.0,0.0,2,15000,0,0,0,0,0,0
TF,NAKHA,21.966667,106.493333,0, ,0.0,0.0,0.0,0.0,0,0,0,0,0,0,0,0

SID,FINA1A,29L,5
CF,NB290,21.304278,105.510056,0,NOB,288.7,19.0,289.0,16.2,2,5000,0,0,0,0,0,0
TF,NB292,21.160417,105.462722,0, ,0.0,0.0,0.0,0.0,2,8000,0,0,0,0,0,0
TF,NB293,21.098639,105.540639,0, ,0.0,0.0,0.0,0.0,2,10000,0,0,0,0,0,0
TF,SONTA,21.022694,105.636250,0, ,0.0,0.0,0.0,0.0,0,0,0,0,0,0,0,0
TF,FINAM,20.551972,105.993389,0, ,0.0,0.0,0.0,0.0,2,16000,0,0,0,0,0,0

SID,FINA1A,NAH1B,6
IF,FINAM,20.551972,105.993389, ,0.0,0.0,2,16000,0,0,0,0,0,0
TF,NAH,20.387222,106.117778,0, ,0.0,0.0,0.0,0.0,0,0,0,0,0,0,0,0

SID,FINA1B,29R,5
CF,NB290,21.304278,105.510056,0,NOB,288.7,19.0,289.0,16.5,2,5000,0,0,0,0,0,0
TF,NB292,21.160417,105.462722,0, ,0.0,0.0,0.0,0.0,2,8000,0,0,0,0,0,0
TF,NB293,21.098639,105.540639,0, ,0.0,0.0,0.0,0.0,2,10000,0,0,0,0,0,0
TF,SONTA,21.022694,105.636250,0, ,0.0,0.0,0.0,0.0,0,0,0,0,0,0,0,0
TF,FINAM,20.551972,105.993389,0, ,0.0,0.0,0.0,0.0,2,16000,0,0,0,0,0,0

SID,FINA1B,NAH1B,6
IF,FINAM,20.551972,105.993389, ,0.0,0.0,2,16000,0,0,0,0,0,0
TF,NAH,20.387222,106.117778,0, ,0.0,0.0,0.0,0.0,0,0,0,0,0,0,0,0

SID,HAKA2A,11L,2
VA,0,109.0,2,540,0,0,0,0,0,0
VD, ,0,0,0,NOB,0.0,0.0,109.0,4.0,0,0,0,0,0,0,0,0
DF,NOB,21.213022,105.834936,2, ,0.0,0.0,2,7000,0,0,0,0,0,0
TF,HAKAO,21.731944,106.269444,0, ,0.0,0.0,0.0,0.0,0,0,0,0,0,0,0,0
TF,NAKHA,21.966667,106.493333,0, ,0.0,0.0,0.0,0.0,0,0,0,0,0,0,0,0

SID,HAKA2A,11R,2
VA,0,109.0,2,540,0,0,0,0,0,0
VD, ,0,0,0,NOB,0.0,0.0,109.0,4.0,0,0,0,0,0,0,0,0
DF,NOB,21.213022,105.834936,2, ,0.0,0.0,2,7000,0,0,0,0,0,0
TF,HAKAO,21.731944,106.269444,0, ,0.0,0.0,0.0,0.0,0,0,0,0,0,0,0,0
TF,NAKHA,21.966667,106.493333,0, ,0.0,0.0,0.0,0.0,0,0,0,0,0,0,0,0

SID,HAKA2B,29L,2
VA,0,289.0,2,540,0,0,0,0,0,0
VD, ,0,0,0,NOB,0.0,0.0,289.0,5.0,0,0,0,0,0,0,0,0
DF,NOB,21.213022,105.834936,1, ,0.0,0.0,2,7000,0,0,0,0,0,0
TF,HAKAO,21.731944,106.269444,0, ,0.0,0.0,0.0,0.0,0,0,0,0,0,0,0,0
TF,NAKHA,21.966667,106.493333,0, ,0.0,0.0,0.0,0.0,0,0,0,0,0,0,0,0

SID,HAKA2B,29R,2
VA,0,289.0,2,540,0,0,0,0,0,0
VD, ,0,0,0,NOB,0.0,0.0,289.0,5.0,0,0,0,0,0,0,0,0
DF,NOB,21.213022,105.834936,1, ,0.0,0.0,2,7000,0,0,0,0,0,0
TF,HAKAO,21.731944,106.269444,0, ,0.0,0.0,0.0,0.0,0,0,0,0,0,0,0,0
TF,NAKHA,21.966667,106.493333,0, ,0.0,0.0,0.0,0.0,0,0,0,0,0,0,0,0

SID,HAKA2C,11L,2
VA,0,109.0,2,3000,0,0,0,0,0,0
CI,1, ,0.0,1.0,2,7000,0,0,0,0,0,0
CF,HAKAO,21.731944,106.269444,0,NOB,40.0,39.4,40.0,31.0,0,0,0,0,0,0,0,0
TF,NAKHA,21.966667,106.493333,0, ,0.0,0.0,0.0,0.0,0,0,0,0,0,0,0,0

SID,HAKA2C,11R,2
VA,0,109.0,2,3000,0,0,0,0,0,0
CI,1, ,0.0,1.0,2,7000,0,0,0,0,0,0
CF,HAKAO,21.731944,106.269444,0,NOB,40.0,39.4,40.0,31.0,0,0,0,0,0,0,0,0
TF,NAKHA,21.966667,106.493333,0, ,0.0,0.0,0.0,0.0,0,0,0,0,0,0,0,0

SID,HUVA1D,11L,5
CF,NB110,21.167417,105.992472,0,NOB,109.1,9.2,109.0,10.0,2,4300,0,0,0,0,0,0
TF,NB111,20.959472,105.968750,0, ,0.0,0.0,0.0,0.0,2,7000,0,0,0,0,0,0
TF,NB114,20.884917,105.757667,0, ,0.0,0.0,0.0,0.0,2,13000,0,0,0,0,0,0
TF,XARIS,21.018111,105.444056,0, ,0.0,0.0,0.0,0.0,2,16000,0,0,0,0,0,0
TF,HUVAN,21.208333,105.111389,0, ,0.0,0.0,0.0,0.0,0,0,0,0,0,0,0,0

SID,HUVA1E,11R,5
CF,NB110,21.167417,105.992472,0,NOB,109.1,9.2,108.0,10.0,2,4300,0,0,0,0,0,0
TF,NB111,20.959472,105.968750,0, ,0.0,0.0,0.0,0.0,2,7000,0,0,0,0,0,0
TF,NB114,20.884917,105.757667,0, ,0.0,0.0,0.0,0.0,2,13000,0,0,0,0,0,0
TF,XARIS,21.018111,105.444056,0, ,0.0,0.0,0.0,0.0,2,16000,0,0,0,0,0,0
TF,HUVAN,21.208333,105.111389,0, ,0.0,0.0,0.0,0.0,0,0,0,0,0,0,0,0

SID,HUVA2A,11L,2
VA,0,109.0,2,540,0,0,0,0,0,0
VD, ,0,0,0,NOB,0.0,0.0,109.0,2.0,0,0,0,0,0,0,0,0
VI,2, ,0.0,311.0,0,0,0,0,0,0,0,0
CF,HUVAN,21.208333,105.111389,0,NOB,271.7,40.6,272.0,36.0,2,9200,0,0,0,0,0,0
TF,BQ,21.215000,104.038056,0, ,0.0,0.0,0.0,0.0,0,0,0,0,0,0,0,0

SID,HUVA2A,11R,2
VA,0,109.0,2,540,0,0,0,0,0,0
VD, ,0,0,0,NOB,0.0,0.0,109.0,2.0,0,0,0,0,0,0,0,0
VI,2, ,0.0,311.0,0,0,0,0,0,0,0,0
CF,HUVAN,21.208333,105.111389,0,NOB,271.7,40.6,272.0,36.0,2,9200,0,0,0,0,0,0
TF,BQ,21.215000,104.038056,0, ,0.0,0.0,0.0,0.0,0,0,0,0,0,0,0,0

SID,HUVA2B,29L,2
VA,0,289.0,2,540,0,0,0,0,0,0
VD, ,0,0,0,NOB,0.0,0.0,289.0,5.0,0,0,0,0,0,0,0,0
VI,0, ,0.0,242.0,0,0,0,0,0,0,0,0
CF,HUVAN,21.208333,105.111389,0,NOB,271.7,40.6,272.0,31.0,2,9200,0,0,0,0,0,0
TF,BQ,21.215000,104.038056,0, ,0.0,0.0,0.0,0.0,0,0,0,0,0,0,0,0

SID,HUVA2B,29R,2
VA,0,289.0,2,540,0,0,0,0,0,0
VD, ,0,0,0,NOB,0.0,0.0,289.0,5.0,0,0,0,0,0,0,0,0
VI,0, ,0.0,242.0,0,0,0,0,0,0,0,0
CF,HUVAN,21.208333,105.111389,0,NOB,271.7,40.6,272.0,31.0,2,9200,0,0,0,0,0,0
TF,BQ,21.215000,104.038056,0, ,0.0,0.0,0.0,0.0,0,0,0,0,0,0,0,0

SID,HUVA2C,11L,2
VA,0,109.0,2,3000,0,0,0,0,0,0
DF,NOB,21.213022,105.834936,1, ,0.0,0.0,2,7000,0,0,0,0,0,0
TF,HUVAN,21.208333,105.111389,0, ,0.0,0.0,0.0,0.0,0,0,0,0,0,0,0,0
TF,BQ,21.215000,104.038056,0, ,0.0,0.0,0.0,0.0,0,0,0,0,0,0,0,0

SID,HUVA2C,11R,2
VA,0,109.0,2,3000,0,0,0,0,0,0
DF,NOB,21.213022,105.834936,1, ,0.0,0.0,2,7000,0,0,0,0,0,0
TF,HUVAN,21.208333,105.111389,0, ,0.0,0.0,0.0,0.0,0,0,0,0,0,0,0,0
TF,BQ,21.215000,104.038056,0, ,0.0,0.0,0.0,0.0,0,0,0,0,0,0,0,0

SID,JULU1A,11L,5
CF,NB110,21.167417,105.992472,0,NOB,109.1,9.2,109.0,10.0,2,4300,0,0,0,0,0,0
TF,NB112,21.318056,106.042222,0, ,0.0,0.0,0.0,0.0,2,7000,0,0,0,0,0,0
TF,SUDON,21.383944,105.817000,0, ,0.0,0.0,0.0,0.0,2,12000,0,0,0,0,0,0
TF,NB113,21.418806,105.697639,0, ,0.0,0.0,0.0,0.0,2,14000,0,0,0,0,0,0
TF,JULUN,21.755194,105.400694,0, ,0.0,0.0,0.0,0.0,2,16000,0,0,0,0,0,0

SID,JULU1A,DILEN,6
IF,JULUN,21.755194,105.400694, ,0.0,0.0,2,16000,0,0,0,0,0,0
TF,DILEN,22.109833,105.470167,0, ,0.0,0.0,0.0,0.0,0,0,0,0,0,0,0,0

SID,JULU1B,11R,5
CF,NB110,21.167417,105.992472,0,NOB,109.1,9.2,108.0,10.0,2,4300,0,0,0,0,0,0
TF,NB112,21.318056,106.042222,0, ,0.0,0.0,0.0,0.0,2,7000,0,0,0,0,0,0
TF,SUDON,21.383944,105.817000,0, ,0.0,0.0,0.0,0.0,2,12000,0,0,0,0,0,0
TF,NB113,21.418806,105.697639,0, ,0.0,0.0,0.0,0.0,2,14000,0,0,0,0,0,0
TF,JULUN,21.755194,105.400694,0, ,0.0,0.0,0.0,0.0,2,16000,0,0,0,0,0,0

SID,JULU1B,DILEN,6
IF,JULUN,21.755194,105.400694, ,0.0,0.0,2,16000,0,0,0,0,0,0
TF,DILEN,22.109833,105.470167,0, ,0.0,0.0,0.0,0.0,0,0,0,0,0,0,0,0

SID,JULU1C,29L,5
CF,NB290,21.304278,105.510056,0,NOB,288.7,19.0,289.0,16.2,2,5000,0,0,0,0,0,0
TF,JULUN,21.755194,105.400694,0, ,0.0,0.0,0.0,0.0,2,16000,0,0,0,0,0,0

SID,JULU1C,DIL1A,6
IF,JULUN,21.755194,105.400694, ,0.0,0.0,2,16000,0,0,0,0,0,0
TF,DILEN,22.109833,105.470167,0, ,0.0,0.0,0.0,0.0,0,0,0,0,0,0,0,0

SID,JULU1D,29R,5
CF,NB290,21.304278,105.510056,0,NOB,288.7,19.0,289.0,16.5,2,5000,0,0,0,0,0,0
TF,JULUN,21.755194,105.400694,0, ,0.0,0.0,0.0,0.0,2,16000,0,0,0,0,0,0

SID,JULU1D,DIL1A,6
IF,JULUN,21.755194,105.400694, ,0.0,0.0,2,16000,0,0,0,0,0,0
TF,DILEN,22.109833,105.470167,0, ,0.0,0.0,0.0,0.0,0,0,0,0,0,0,0,0

SID,LENU1A,29L,5
CF,NB290,21.304278,105.510056,0,NOB,288.7,19.0,289.0,16.2,2,5000,0,0,0,0,0,0
TF,LENNU,21.338611,105.124500,0, ,0.0,0.0,0.0,0.0,2,14000,0,0,0,0,0,0

SID,LENU1A,BQ1B,6
IF,LENNU,21.338611,105.124500, ,0.0,0.0,2,14000,0,0,0,0,0,0
TF,BQ,21.215000,104.038056,0, ,0.0,0.0,0.0,0.0,0,0,0,0,0,0,0,0

SID,LENU1B,29R,5
CF,NB290,21.304278,105.510056,0,NOB,288.7,19.0,289.0,16.5,2,5000,0,0,0,0,0,0
TF,LENNU,21.338611,105.124500,0, ,0.0,0.0,0.0,0.0,2,14000,0,0,0,0,0,0

SID,LENU1B,BQ1B,6
IF,LENNU,21.338611,105.124500, ,0.0,0.0,2,14000,0,0,0,0,0,0
TF,BQ,21.215000,104.038056,0, ,0.0,0.0,0.0,0.0,0,0,0,0,0,0,0,0

SID,MUCH1A,11L,5
CF,NB110,21.167417,105.992472,0,NOB,109.1,9.2,109.0,10.0,2,4300,0,0,0,0,0,0
TF,NB111,20.959472,105.968750,0, ,0.0,0.0,0.0,0.0,2,7000,0,0,0,0,0,0
TF,NB114,20.884917,105.757667,0, ,0.0,0.0,0.0,0.0,2,13000,0,0,0,0,0,0
TF,XARIS,21.018111,105.444056,0, ,0.0,0.0,0.0,0.0,2,16000,0,0,0,0,0,0
TF,MUCHI,20.945417,105.048000,0, ,0.0,0.0,0.0,0.0,0,0,0,0,0,0,0,0

SID,MUCH1A,MC,6
IF,MUCHI,20.945417,105.048000, ,0.0,0.0,0,0,0,0,0,0,0,0
TF,MC,20.828056,104.700278,0, ,0.0,0.0,0.0,0.0,0,0,0,0,0,0,0,0

SID,MUCH1B,11R,5
CF,NB110,21.167417,105.992472,0,NOB,109.1,9.2,108.0,10.0,2,4300,0,0,0,0,0,0
TF,NB111,20.959472,105.968750,0, ,0.0,0.0,0.0,0.0,2,7000,0,0,0,0,0,0
TF,NB114,20.884917,105.757667,0, ,0.0,0.0,0.0,0.0,2,13000,0,0,0,0,0,0
TF,XARIS,21.018111,105.444056,0, ,0.0,0.0,0.0,0.0,2,16000,0,0,0,0,0,0
TF,MUCHI,20.945417,105.048000,0, ,0.0,0.0,0.0,0.0,0,0,0,0,0,0,0,0

SID,MUCH1B,MC,6
IF,MUCHI,20.945417,105.048000, ,0.0,0.0,0,0,0,0,0,0,0,0
TF,MC,20.828056,104.700278,0, ,0.0,0.0,0.0,0.0,0,0,0,0,0,0,0,0

SID,PHUT2A,11L,2
VA,0,109.0,2,540,0,0,0,0,0,0
VD, ,0,0,0,NOB,0.0,0.0,109.0,7.0,2,4300,0,0,0,0,0,0
VI,0, ,0.0,148.0,0,0,0,0,0,0,0,0
CF,PHUTA,20.929722,106.460556,0,NOB,117.6,39.0,118.0,30.0,0,0,0,0,0,0,0,0

SID,PHUT2A,11R,2
VA,0,109.0,2,540,0,0,0,0,0,0
VD, ,0,0,0,NOB,0.0,0.0,109.0,7.0,2,4300,0,0,0,0,0,0
VI,0, ,0.0,148.0,0,0,0,0,0,0,0,0
CF,PHUTA,20.929722,106.460556,0,NOB,117.6,39.0,118.0,30.0,0,0,0,0,0,0,0,0

SID,PHUT2B,29L,2
VA,0,289.0,2,540,0,0,0,0,0,0
VD, ,0,0,0,NOB,0.0,0.0,289.0,5.0,0,0,0,0,0,0,0,0
VI,1, ,0.0,91.0,2,5000,0,0,0,0,0,0
CF,PHUTA,20.929722,106.460556,0,NOB,117.6,39.0,118.0,33.0,0,0,0,0,0,0,0,0

SID,PHUT2B,29R,2
VA,0,289.0,2,540,0,0,0,0,0,0
VD, ,0,0,0,NOB,0.0,0.0,289.0,5.0,0,0,0,0,0,0,0,0
VI,1, ,0.0,91.0,2,5000,0,0,0,0,0,0
CF,PHUTA,20.929722,106.460556,0,NOB,117.6,39.0,118.0,33.0,0,0,0,0,0,0,0,0

SID,TAMD3A,11L,2
VA,0,109.0,2,540,0,0,0,0,0,0
CF,VPH20,21.183433,105.944086,0,VPH,108.0,20.0,108.0,9.0,2,4300,0,0,0,0,0,0
VI,2, ,0.0,271.0,0,0,0,0,0,0,0,0
CF,VPH,21.275994,105.601208,0,VPH,0.0,0.0,301.0,20.0,0,0,0,0,0,0,0,0
TF,D354I,21.421636,105.578444,0, ,0.0,0.0,0.0,0.0,2,5200,0,0,0,0,0,0
TF,D354R,21.573894,105.554600,0, ,0.0,0.0,0.0,0.0,2,7200,0,0,0,0,0,0
TF,TAMDA,21.822861,105.515500,0, ,0.0,0.0,0.0,0.0,2,10500,0,0,0,0,0,0

SID,TAMD3A,11R,2
VA,0,109.0,2,540,0,0,0,0,0,0
CF,VPH20,21.183433,105.944086,0,VPH,108.0,20.0,108.0,9.0,2,4300,0,0,0,0,0,0
VI,2, ,0.0,271.0,0,0,0,0,0,0,0,0
CF,VPH,21.275994,105.601208,0,VPH,0.0,0.0,301.0,20.0,0,0,0,0,0,0,0,0
TF,D354I,21.421636,105.578444,0, ,0.0,0.0,0.0,0.0,2,5200,0,0,0,0,0,0
TF,D354R,21.573894,105.554600,0, ,0.0,0.0,0.0,0.0,2,7200,0,0,0,0,0,0
TF,TAMDA,21.822861,105.515500,0, ,0.0,0.0,0.0,0.0,2,10500,0,0,0,0,0,0

SID,TAMD3B,29L,2
VA,0,289.0,2,540,0,0,0,0,0,0
CF,VPH,21.275994,105.601208,0,VPH,0.0,0.0,288.0,12.0,0,0,0,0,0,0,0,0
TF,D354I,21.421636,105.578444,0, ,0.0,0.0,0.0,0.0,2,5200,0,0,0,0,0,0
TF,D354R,21.573894,105.554600,0, ,0.0,0.0,0.0,0.0,2,7200,0,0,0,0,0,0
TF,TAMDA,21.822861,105.515500,0, ,0.0,0.0,0.0,0.0,2,10500,0,0,0,0,0,0

SID,TAMD3B,29R,2
VA,0,289.0,2,540,0,0,0,0,0,0
CF,VPH,21.275994,105.601208,0,VPH,0.0,0.0,288.0,12.0,0,0,0,0,0,0,0,0
TF,D354I,21.421636,105.578444,0, ,0.0,0.0,0.0,0.0,2,5200,0,0,0,0,0,0
TF,D354R,21.573894,105.554600,0, ,0.0,0.0,0.0,0.0,2,7200,0,0,0,0,0,0
TF,TAMDA,21.822861,105.515500,0, ,0.0,0.0,0.0,0.0,2,10500,0,0,0,0,0,0

SID,TINL1A,11L,5
CF,NB110,21.167417,105.992472,0,NOB,109.1,9.2,109.0,10.0,2,4300,0,0,0,0,0,0
TF,TINLY,20.576694,106.082778,0, ,0.0,0.0,0.0,0.0,2,16000,0,0,0,0,0,0

SID,TINL1A,NAH,6
IF,TINLY,20.576694,106.082778, ,0.0,0.0,2,16000,0,0,0,0,0,0
TF,NAH,20.387222,106.117778,0, ,0.0,0.0,0.0,0.0,0,0,0,0,0,0,0,0

SID,TINL1B,11R,5
CF,NB110,21.167417,105.992472,0,NOB,109.1,9.2,108.0,10.0,2,4300,0,0,0,0,0,0
TF,TINLY,20.576694,106.082778,0, ,0.0,0.0,0.0,0.0,2,16000,0,0,0,0,0,0

SID,TINL1B,NAH,6
IF,TINLY,20.576694,106.082778, ,0.0,0.0,2,16000,0,0,0,0,0,0
TF,NAH,20.387222,106.117778,0, ,0.0,0.0,0.0,0.0,0,0,0,0,0,0,0,0

SID,TONG2A,11L,2
VA,0,109.0,2,540,0,0,0,0,0,0
VD, ,0,0,0,NOB,0.0,0.0,109.0,2.0,0,0,0,0,0,0,0,0
VR,2,NOB,272.0,321.0,2,7000,0,0,0,0,0,0
VI,0, ,0.0,321.0,0,0,0,0,0,0,0,0
CF,TONGA,21.614617,105.252325,0,NOB,308.5,40.5,308.0,29.0,2,13100,0,0,0,0,0,0
TF,LAOCI,22.486667,103.965278,0, ,0.0,0.0,0.0,0.0,0,0,0,0,0,0,0,0

SID,TONG2A,11R,2
VA,0,109.0,2,540,0,0,0,0,0,0
VD, ,0,0,0,NOB,0.0,0.0,109.0,2.0,0,0,0,0,0,0,0,0
VR,2,NOB,272.0,321.0,2,7000,0,0,0,0,0,0
VI,0, ,0.0,321.0,0,0,0,0,0,0,0,0
CF,TONGA,21.614617,105.252325,0,NOB,308.5,40.5,308.0,29.0,2,13100,0,0,0,0,0,0
TF,LAOCI,22.486667,103.965278,0, ,0.0,0.0,0.0,0.0,0,0,0,0,0,0,0,0

SID,TONG2B,29L,2
VA,0,289.0,2,540,0,0,0,0,0,0
VD, ,0,0,0,NOB,0.0,0.0,289.0,5.0,0,0,0,0,0,0,0,0
VI,0, ,0.0,338.0,0,0,0,0,0,0,0,0
CF,TONGA,21.614617,105.252325,0,NOB,308.5,40.5,308.0,33.0,2,13100,0,0,0,0,0,0
TF,LAOCI,22.486667,103.965278,0, ,0.0,0.0,0.0,0.0,0,0,0,0,0,0,0,0

SID,TONG2B,29R,2
VA,0,289.0,2,540,0,0,0,0,0,0
VD, ,0,0,0,NOB,0.0,0.0,289.0,5.0,0,0,0,0,0,0,0,0
VI,0, ,0.0,338.0,0,0,0,0,0,0,0,0
CF,TONGA,21.614617,105.252325,0,NOB,308.5,40.5,308.0,33.0,2,13100,0,0,0,0,0,0
TF,LAOCI,22.486667,103.965278,0, ,0.0,0.0,0.0,0.0,0,0,0,0,0,0,0,0

SID,TRAN2A,11L,2
VA,0,109.0,2,3000,0,0,0,0,0,0
DF,KW,21.238808,105.745708,1, ,0.0,0.0,2,7000,0,0,0,0,0,0
TF,TRANA,21.002283,105.148808,0, ,0.0,0.0,0.0,0.0,0,0,0,0,0,0,0,0
TF,MC,20.828056,104.700278,0, ,0.0,0.0,0.0,0.0,0,0,0,0,0,0,0,0

SID,TRAN2A,11R,2
VA,0,109.0,2,3000,0,0,0,0,0,0
DF,KW,21.238808,105.745708,1, ,0.0,0.0,2,7000,0,0,0,0,0,0
TF,TRANA,21.002283,105.148808,0, ,0.0,0.0,0.0,0.0,0,0,0,0,0,0,0,0
TF,MC,20.828056,104.700278,0, ,0.0,0.0,0.0,0.0,0,0,0,0,0,0,0,0

SID,VINH2A,11L,2
VA,0,109.0,2,540,0,0,0,0,0,0
VD, ,0,0,0,NOB,0.0,0.0,109.0,2.0,0,0,0,0,0,0,0,0
VI,2, ,0.0,289.0,0,0,0,0,0,0,0,0
CF,D252S,21.105747,105.516011,0,NOB,252.3,19.0,252.0,13.0,2,6200,0,0,0,0,0,0
TF,VINHA,20.983636,105.155678,0, ,0.0,0.0,0.0,0.0,0,0,0,0,0,0,0,0
TF,MC,20.828056,104.700278,0, ,0.0,0.0,0.0,0.0,0,0,0,0,0,0,0,0

SID,VINH2A,11R,2
VA,0,109.0,2,540,0,0,0,0,0,0
VD, ,0,0,0,NOB,0.0,0.0,109.0,2.0,0,0,0,0,0,0,0,0
VI,2, ,0.0,289.0,0,0,0,0,0,0,0,0
CF,D252S,21.105747,105.516011,0,NOB,252.3,19.0,252.0,13.0,2,6200,0,0,0,0,0,0
TF,VINHA,20.983636,105.155678,0, ,0.0,0.0,0.0,0.0,0,0,0,0,0,0,0,0
TF,MC,20.828056,104.700278,0, ,0.0,0.0,0.0,0.0,0,0,0,0,0,0,0,0

SID,VINH2B,29L,2
VA,0,289.0,2,540,0,0,0,0,0,0
VD, ,0,0,0,NOB,0.0,0.0,289.0,5.0,0,0,0,0,0,0,0,0
DF,D252L,21.145339,105.633456,0, ,0.0,0.0,2,4000,0,0,0,0,0,0
TF,D252S,21.105747,105.516011,0, ,0.0,0.0,0.0,0.0,2,6200,0,0,0,0,0,0
TF,VINHA,20.983636,105.155678,0, ,0.0,0.0,0.0,0.0,0,0,0,0,0,0,0,0
TF,MC,20.828056,104.700278,0, ,0.0,0.0,0.0,0.0,0,0,0,0,0,0,0,0

SID,VINH2B,29R,2
VA,0,289.0,2,540,0,0,0,0,0,0
VD, ,0,0,0,NOB,0.0,0.0,289.0,5.0,0,0,0,0,0,0,0,0
DF,D252L,21.145339,105.633456,0, ,0.0,0.0,2,4000,0,0,0,0,0,0
TF,D252S,21.105747,105.516011,0, ,0.0,0.0,0.0,0.0,2,6200,0,0,0,0,0,0
TF,VINHA,20.983636,105.155678,0, ,0.0,0.0,0.0,0.0,0,0,0,0,0,0,0,0
TF,MC,20.828056,104.700278,0, ,0.0,0.0,0.0,0.0,0,0,0,0,0,0,0,0

SID,VINH2C,11L,2
VA,0,109.0,2,3000,0,0,0,0,0,0
DF,NOB,21.213022,105.834936,1, ,0.0,0.0,2,7000,0,0,0,0,0,0
TF,VINHA,20.983636,105.155678,0, ,0.0,0.0,0.0,0.0,0,0,0,0,0,0,0,0
TF,MC,20.828056,104.700278,0, ,0.0,0.0,0.0,0.0,0,0,0,0,0,0,0,0

SID,VINH2C,11R,2
VA,0,109.0,2,3000,0,0,0,0,0,0
DF,NOB,21.213022,105.834936,1, ,0.0,0.0,2,7000,0,0,0,0,0,0
TF,VINHA,20.983636,105.155678,0, ,0.0,0.0,0.0,0.0,0,0,0,0,0,0,0,0
TF,MC,20.828056,104.700278,0, ,0.0,0.0,0.0,0.0,0,0,0,0,0,0,0,0

SID,VITR2A,11L,2
VA,0,109.0,2,540,0,0,0,0,0,0
VD, ,0,0,0,NOB,0.0,0.0,109.0,7.0,2,4300,0,0,0,0,0,0
CF,VITRA,20.585031,106.080697,0,NOB,161.8,40.0,171.0,37.0,0,0,0,0,0,0,0,0
TF,NAH,20.387222,106.117778,0, ,0.0,0.0,0.0,0.0,0,0,0,0,0,0,0,0

SID,VITR2A,11R,2
VA,0,109.0,2,540,0,0,0,0,0,0
VD, ,0,0,0,NOB,0.0,0.0,109.0,7.0,2,4300,0,0,0,0,0,0
CF,VITRA,20.585031,106.080697,0,NOB,161.8,40.0,171.0,37.0,0,0,0,0,0,0,0,0
TF,NAH,20.387222,106.117778,0, ,0.0,0.0,0.0,0.0,0,0,0,0,0,0,0,0

SID,VITR2B,29L,2
VA,0,289.0,2,540,0,0,0,0,0,0
VD, ,0,0,0,NOB,0.0,0.0,289.0,5.0,0,0,0,0,0,0,0,0
VI,1, ,0.0,109.0,2,5900,0,0,0,0,0,0
CF,VITRA,20.585031,106.080697,0,NOB,161.8,40.0,171.0,32.0,0,0,0,0,0,0,0,0
TF,NAH,20.387222,106.117778,0, ,0.0,0.0,0.0,0.0,0,0,0,0,0,0,0,0

SID,VITR2B,29R,2
VA,0,289.0,2,540,0,0,0,0,0,0
VD, ,0,0,0,NOB,0.0,0.0,289.0,5.0,0,0,0,0,0,0,0,0
VI,1, ,0.0,109.0,2,5900,0,0,0,0,0,0
CF,VITRA,20.585031,106.080697,0,NOB,161.8,40.0,171.0,32.0,0,0,0,0,0,0,0,0
TF,NAH,20.387222,106.117778,0, ,0.0,0.0,0.0,0.0,0,0,0,0,0,0,0,0

SID,XUNB1A,29L,5
CF,NB290,21.304278,105.510056,0,NOB,288.7,19.0,289.0,16.2,2,5000,0,0,0,0,0,0
TF,XUNBI,21.079361,105.126806,0, ,0.0,0.0,0.0,0.0,3,13000,0,0,0,0,0,0

SID,XUNB1A,MC1B,6
IF,XUNBI,21.079361,105.126806, ,0.0,0.0,3,13000,0,0,0,0,0,0
TF,MC,20.828056,104.700278,0, ,0.0,0.0,0.0,0.0,0,0,0,0,0,0,0,0

SID,XUNB1B,29R,5
CF,NB290,21.304278,105.510056,0,NOB,288.7,19.0,289.0,16.5,2,5000,0,0,0,0,0,0
TF,XUNBI,21.079361,105.126806,0, ,0.0,0.0,0.0,0.0,3,13000,0,0,0,0,0,0

SID,XUNB1B,MC1B,6
IF,XUNBI,21.079361,105.126806, ,0.0,0.0,3,13000,0,0,0,0,0,0
TF,MC,20.828056,104.700278,0, ,0.0,0.0,0.0,0.0,0,0,0,0,0,0,0,0

STAR,BISO1A,BIV1A,4
IF,BIVIM,19.509444,106.107778, ,0.0,0.0,2,23000,0,0,0,0,0,0
TF,TOSCA,19.807500,105.958056,0, ,0.0,0.0,0.0,0.0,0,0,0,1,265,0,0,0
TF,NB501,19.743889,105.720000,0, ,0.0,0.0,0.0,0.0,0,0,0,0,0,0,0,0
TF,NB502,19.762500,105.455556,0, ,0.0,0.0,0.0,0.0,0,0,0,1,250,0,0,0
TF,NB503,19.878611,105.200833,0, ,0.0,0.0,0.0,0.0,0,0,0,0,0,0,0,0
TF,BISON,20.433306,105.641611,2, ,0.0,0.0,0.0,0.0,3,15000,0,0,0,0,0,0

STAR,BISO1A,11R,5
IF,BISON,20.433306,105.641611, ,0.0,0.0,3,15000,0,0,0,0,0,0
TF,HOBIN,20.683444,105.638944,0, ,0.0,0.0,0.0,0.0,2,13000,0,0,0,0,0,0
TF,MIMON,20.842389,105.637694,0, ,0.0,0.0,0.0,0.0,0,0,0,0,0,0,0,0
TF,SONTA,21.022694,105.636250,0, ,0.0,0.0,0.0,0.0,2,6000,0,1,220,0,0,0
TF,DONMO,21.177139,105.587611,0, ,0.0,0.0,0.0,0.0,4,5000,4000,0,0,0,0,0
TF,NB369,21.199167,105.510861,0, ,0.0,0.0,0.0,0.0,0,0,0,0,0,0,0,0
TF,NB368,21.221139,105.434083,0, ,0.0,0.0,0.0,0.0,0,0,0,0,0,0,0,0
TF,NB367,21.243111,105.357306,0, ,0.0,0.0,0.0,0.0,0,0,0,0,0,0,0,0
TF,NB366,21.265083,105.280417,0, ,0.0,0.0,0.0,0.0,0,0,0,0,0,0,0,0
TF,NB365,21.361083,105.311694,0, ,0.0,0.0,0.0,0.0,0,0,0,0,0,0,0,0
TF,NB364,21.339111,105.388528,0, ,0.0,0.0,0.0,0.0,0,0,0,0,0,0,0,0
TF,NB363,21.317111,105.465361,0, ,0.0,0.0,0.0,0.0,0,0,0,0,0,0,0,0
TF,NB362,21.295056,105.542167,0, ,0.0,0.0,0.0,0.0,0,0,0,1,200,0,0,0
TF,NB361,21.272972,105.618944,0, ,0.0,0.0,0.0,0.0,2,2000,0,0,0,0,0,0

STAR,BISO1B,BIV1B,4
IF,BIVIM,19.509444,106.107778, ,0.0,0.0,2,23000,0,0,0,0,0,0
TF,TOSCA,19.807500,105.958056,0, ,0.0,0.0,0.0,0.0,0,0,0,1,265,0,0,0
TF,NB501,19.743889,105.720000,0, ,0.0,0.0,0.0,0.0,0,0,0,0,0,0,0,0
TF,NB502,19.762500,105.455556,0, ,0.0,0.0,0.0,0.0,0,0,0,1,250,0,0,0
TF,NB503,19.878611,105.200833,0, ,0.0,0.0,0.0,0.0,0,0,0,0,0,0,0,0
TF,BISON,20.433306,105.641611,2, ,0.0,0.0,0.0,0.0,2,17000,0,0,0,0,0,0

STAR,BISO1B,29L,5
IF,BISON,20.433306,105.641611, ,0.0,0.0,2,17000,0,0,0,0,0,0
TF,HOBIN,20.683444,105.638944,0, ,0.0,0.0,0.0,0.0,2,16000,0,0,0,0,0,0
TF,MIMON,20.842389,105.637694,0, ,0.0,0.0,0.0,0.0,0,0,0,0,0,0,0,0
TF,SONTA,21.022694,105.636250,0, ,0.0,0.0,0.0,0.0,2,8000,0,1,220,0,0,0
TF,KUNHI,21.292278,105.915917,0, ,0.0,0.0,0.0,0.0,2,5000,0,0,0,0,0,0
TF,NB462,21.261139,106.023417,0, ,0.0,0.0,0.0,0.0,0,0,0,0,0,0,0,0
TF,NB463,21.238889,106.100028,0, ,0.0,0.0,0.0,0.0,0,0,0,0,0,0,0,0
TF,NB464,21.216639,106.176722,0, ,0.0,0.0,0.0,0.0,0,0,0,0,0,0,0,0
TF,NB465,21.194333,106.253389,0, ,0.0,0.0,0.0,0.0,0,0,0,0,0,0,0,0
TF,NB466,21.172000,106.330028,0, ,0.0,0.0,0.0,0.0,0,0,0,0,0,0,0,0
TF,NB455,21.076056,106.298222,0, ,0.0,0.0,0.0,0.0,0,0,0,0,0,0,0,0
TF,NB454,21.098417,106.221639,0, ,0.0,0.0,0.0,0.0,0,0,0,0,0,0,0,0
TF,NB453,21.120722,106.145028,0, ,0.0,0.0,0.0,0.0,0,0,0,0,0,0,0,0
TF,NB452,21.143028,106.068417,0, ,0.0,0.0,0.0,0.0,0,0,0,1,200,0,0,0
TF,NB451,21.165278,105.991750,0, ,0.0,0.0,0.0,0.0,2,2500,0,0,0,0,0,0

STAR,BISO1D,BIV1A,4
IF,BIVIM,19.509444,106.107778, ,0.0,0.0,2,23000,0,0,0,0,0,0
TF,TOSCA,19.807500,105.958056,0, ,0.0,0.0,0.0,0.0,0,0,0,1,265,0,0,0
TF,NB501,19.743889,105.720000,0, ,0.0,0.0,0.0,0.0,0,0,0,0,0,0,0,0
TF,NB502,19.762500,105.455556,0, ,0.0,0.0,0.0,0.0,0,0,0,1,250,0,0,0
TF,NB503,19.878611,105.200833,0, ,0.0,0.0,0.0,0.0,0,0,0,0,0,0,0,0
TF,BISON,20.433306,105.641611,2, ,0.0,0.0,0.0,0.0,3,15000,0,0,0,0,0,0

STAR,BISO1D,11R,5
IF,BISON,20.433306,105.641611, ,0.0,0.0,3,15000,0,0,0,0,0,0
TF,HOBIN,20.683444,105.638944,0, ,0.0,0.0,0.0,0.0,2,13000,0,1,250,0,0,0
TF,NB373,20.727556,105.458278,0, ,0.0,0.0,0.0,0.0,0,0,0,0,0,0,0,0
TF,NB372,20.850639,105.325056,0, ,0.0,0.0,0.0,0.0,0,0,0,0,0,0,0,0
TF,NB371,21.013944,105.275111,0, ,0.0,0.0,0.0,0.0,2,13000,0,0,0,0,0,0
TF,XARIS,21.018111,105.444056,2, ,0.0,0.0,0.0,0.0,0,0,0,0,0,0,0,0
TF,SONTA,21.022694,105.636250,0, ,0.0,0.0,0.0,0.0,2,6000,0,1,220,0,0,0
TF,DONMO,21.177139,105.587611,1, ,0.0,0.0,0.0,0.0,2,4000,0,1,200,0,0,0
TF,NB361,21.272972,105.618944,0, ,0.0,0.0,0.0,0.0,2,2000,0,0,0,0,0,0

STAR,BISO1E,BIV1B,4
IF,BIVIM,19.509444,106.107778, ,0.0,0.0,2,23000,0,0,0,0,0,0
TF,TOSCA,19.807500,105.958056,0, ,0.0,0.0,0.0,0.0,0,0,0,1,265,0,0,0
TF,NB501,19.743889,105.720000,0, ,0.0,0.0,0.0,0.0,0,0,0,0,0,0,0,0
TF,NB502,19.762500,105.455556,0, ,0.0,0.0,0.0,0.0,0,0,0,1,250,0,0,0
TF,NB503,19.878611,105.200833,0, ,0.0,0.0,0.0,0.0,0,0,0,0,0,0,0,0
TF,BISON,20.433306,105.641611,2, ,0.0,0.0,0.0,0.0,2,17000,0,0,0,0,0,0

STAR,BISO1E,29L,5
IF,BISON,20.433306,105.641611, ,0.0,0.0,2,17000,0,0,0,0,0,0
TF,HOBIN,20.683444,105.638944,0, ,0.0,0.0,0.0,0.0,2,16000,0,1,250,0,0,0
TF,NB373,20.727556,105.458278,0, ,0.0,0.0,0.0,0.0,0,0,0,0,0,0,0,0
TF,NB372,20.850639,105.325056,0, ,0.0,0.0,0.0,0.0,0,0,0,0,0,0,0,0
TF,NB371,21.013944,105.275111,0, ,0.0,0.0,0.0,0.0,2,16000,0,0,0,0,0,0
TF,XARIS,21.018111,105.444056,2, ,0.0,0.0,0.0,0.0,0,0,0,0,0,0,0,0
TF,SONTA,21.022694,105.636250,0, ,0.0,0.0,0.0,0.0,2,8000,0,1,220,0,0,0
TF,KUNHI,21.292278,105.915917,0, ,0.0,0.0,0.0,0.0,2,5000,0,1,200,0,0,0
TF,NB462,21.261139,106.023417,0, ,0.0,0.0,0.0,0.0,0,0,0,0,0,0,0,0
TF,NB451,21.165278,105.991750,0, ,0.0,0.0,0.0,0.0,2,2500,0,0,0,0,0,0

STAR,BISO1F,BIV1A,4
IF,BIVIM,19.509444,106.107778, ,0.0,0.0,2,23000,0,0,0,0,0,0
TF,TOSCA,19.807500,105.958056,0, ,0.0,0.0,0.0,0.0,0,0,0,1,265,0,0,0
TF,NB501,19.743889,105.720000,0, ,0.0,0.0,0.0,0.0,0,0,0,0,0,0,0,0
TF,NB502,19.762500,105.455556,0, ,0.0,0.0,0.0,0.0,0,0,0,1,250,0,0,0
TF,NB503,19.878611,105.200833,0, ,0.0,0.0,0.0,0.0,0,0,0,0,0,0,0,0
TF,BISON,20.433306,105.641611,2, ,0.0,0.0,0.0,0.0,3,15000,0,0,0,0,0,0

STAR,BISO1F,11L,5
IF,BISON,20.433306,105.641611, ,0.0,0.0,3,15000,0,0,0,0,0,0
TF,HOBIN,20.683444,105.638944,0, ,0.0,0.0,0.0,0.0,2,13000,0,0,0,0,0,0
TF,MIMON,20.842389,105.637694,0, ,0.0,0.0,0.0,0.0,0,0,0,0,0,0,0,0
TF,SONTA,21.022694,105.636250,0, ,0.0,0.0,0.0,0.0,2,6000,0,1,220,0,0,0
TF,DONMO,21.177139,105.587611,0, ,0.0,0.0,0.0,0.0,4,5000,4000,0,0,0,0,0
TF,NB369,21.199167,105.510861,0, ,0.0,0.0,0.0,0.0,0,0,0,0,0,0,0,0
TF,NB368,21.221139,105.434083,0, ,0.0,0.0,0.0,0.0,0,0,0,0,0,0,0,0
TF,NB367,21.243111,105.357306,0, ,0.0,0.0,0.0,0.0,0,0,0,0,0,0,0,0
TF,NB366,21.265083,105.280417,0, ,0.0,0.0,0.0,0.0,0,0,0,0,0,0,0,0
TF,NB365,21.361083,105.311694,0, ,0.0,0.0,0.0,0.0,0,0,0,0,0,0,0,0
TF,NB364,21.339111,105.388528,0, ,0.0,0.0,0.0,0.0,0,0,0,0,0,0,0,0
TF,NB363,21.317111,105.465361,0, ,0.0,0.0,0.0,0.0,0,0,0,0,0,0,0,0
TF,NB362,21.295056,105.542167,0, ,0.0,0.0,0.0,0.0,0,0,0,1,200,0,0,0
TF,NB360,21.276556,105.614722,0, ,0.0,0.0,0.0,0.0,2,2000,0,0,0,0,0,0

STAR,BISO1G,BIV1A,4
IF,BIVIM,19.509444,106.107778, ,0.0,0.0,2,23000,0,0,0,0,0,0
TF,TOSCA,19.807500,105.958056,0, ,0.0,0.0,0.0,0.0,0,0,0,1,265,0,0,0
TF,NB501,19.743889,105.720000,0, ,0.0,0.0,0.0,0.0,0,0,0,0,0,0,0,0
TF,NB502,19.762500,105.455556,0, ,0.0,0.0,0.0,0.0,0,0,0,1,250,0,0,0
TF,NB503,19.878611,105.200833,0, ,0.0,0.0,0.0,0.0,0,0,0,0,0,0,0,0
TF,BISON,20.433306,105.641611,2, ,0.0,0.0,0.0,0.0,3,15000,0,0,0,0,0,0

STAR,BISO1G,11L,5
IF,BISON,20.433306,105.641611, ,0.0,0.0,3,15000,0,0,0,0,0,0
TF,HOBIN,20.683444,105.638944,0, ,0.0,0.0,0.0,0.0,2,13000,0,1,250,0,0,0
TF,NB373,20.727556,105.458278,0, ,0.0,0.0,0.0,0.0,0,0,0,0,0,0,0,0
TF,NB372,20.850639,105.325056,0, ,0.0,0.0,0.0,0.0,0,0,0,0,0,0,0,0
TF,NB371,21.013944,105.275111,0, ,0.0,0.0,0.0,0.0,2,13000,0,0,0,0,0,0
TF,XARIS,21.018111,105.444056,2, ,0.0,0.0,0.0,0.0,0,0,0,0,0,0,0,0
TF,SONTA,21.022694,105.636250,0, ,0.0,0.0,0.0,0.0,2,6000,0,1,220,0,0,0
TF,DONMO,21.177139,105.587611,1, ,0.0,0.0,0.0,0.0,2,4000,0,1,200,0,0,0
TF,NB360,21.276556,105.614722,0, ,0.0,0.0,0.0,0.0,2,2000,0,0,0,0,0,0

STAR,BISO1L,BIV1A,4
IF,BIVIM,19.509444,106.107778, ,0.0,0.0,2,23000,0,0,0,0,0,0
TF,TOSCA,19.807500,105.958056,0, ,0.0,0.0,0.0,0.0,0,0,0,1,265,0,0,0
TF,NB501,19.743889,105.720000,0, ,0.0,0.0,0.0,0.0,0,0,0,0,0,0,0,0
TF,NB502,19.762500,105.455556,0, ,0.0,0.0,0.0,0.0,0,0,0,1,250,0,0,0
TF,NB503,19.878611,105.200833,0, ,0.0,0.0,0.0,0.0,0,0,0,0,0,0,0,0
TF,BISON,20.433306,105.641611,2, ,0.0,0.0,0.0,0.0,3,15000,0,0,0,0,0,0

STAR,BISO1L,11L,5
IF,BISON,20.433306,105.641611, ,0.0,0.0,3,15000,0,0,0,0,0,0
TF,SONTA,21.022694,105.636250,0, ,0.0,0.0,0.0,0.0,2,6000,0,0,0,0,0,0
TF,DONMO,21.177139,105.587611,0, ,0.0,0.0,0.0,0.0,2,4000,0,0,0,0,0,0
TF,NB360,21.276556,105.614722,0, ,0.0,0.0,0.0,0.0,2,2000,0,0,0,0,0,0

STAR,BISO1P,BIV1B,4
IF,BIVIM,19.509444,106.107778, ,0.0,0.0,2,23000,0,0,0,0,0,0
TF,TOSCA,19.807500,105.958056,0, ,0.0,0.0,0.0,0.0,0,0,0,1,265,0,0,0
TF,NB501,19.743889,105.720000,0, ,0.0,0.0,0.0,0.0,0,0,0,0,0,0,0,0
TF,NB502,19.762500,105.455556,0, ,0.0,0.0,0.0,0.0,0,0,0,1,250,0,0,0
TF,NB503,19.878611,105.200833,0, ,0.0,0.0,0.0,0.0,0,0,0,0,0,0,0,0
TF,BISON,20.433306,105.641611,2, ,0.0,0.0,0.0,0.0,2,17000,0,0,0,0,0,0

STAR,BISO1P,29L,5
IF,BISON,20.433306,105.641611, ,0.0,0.0,2,17000,0,0,0,0,0,0
TF,SONTA,21.022694,105.636250,0, ,0.0,0.0,0.0,0.0,2,8000,0,1,220,0,0,0
TF,KUNHI,21.292278,105.915917,0, ,0.0,0.0,0.0,0.0,2,5000,0,1,200,0,0,0
TF,NB462,21.261139,106.023417,0, ,0.0,0.0,0.0,0.0,0,0,0,0,0,0,0,0
TF,NB451,21.165278,105.991750,0, ,0.0,0.0,0.0,0.0,2,2500,0,0,0,0,0,0

STAR,BISO1Q,BIV1B,4
IF,BIVIM,19.509444,106.107778, ,0.0,0.0,2,23000,0,0,0,0,0,0
TF,TOSCA,19.807500,105.958056,0, ,0.0,0.0,0.0,0.0,0,0,0,1,265,0,0,0
TF,NB501,19.743889,105.720000,0, ,0.0,0.0,0.0,0.0,0,0,0,0,0,0,0,0
TF,NB502,19.762500,105.455556,0, ,0.0,0.0,0.0,0.0,0,0,0,1,250,0,0,0
TF,NB503,19.878611,105.200833,0, ,0.0,0.0,0.0,0.0,0,0,0,0,0,0,0,0
TF,BISON,20.433306,105.641611,2, ,0.0,0.0,0.0,0.0,2,17000,0,0,0,0,0,0

STAR,BISO1Q,29R,5
IF,BISON,20.433306,105.641611, ,0.0,0.0,2,17000,0,0,0,0,0,0
TF,SONTA,21.022694,105.636250,0, ,0.0,0.0,0.0,0.0,2,8000,0,1,220,0,0,0
TF,KUNHI,21.292278,105.915917,0, ,0.0,0.0,0.0,0.0,2,5000,0,1,200,0,0,0
TF,NB462,21.261139,106.023417,0, ,0.0,0.0,0.0,0.0,0,0,0,0,0,0,0,0
TF,NB456,21.167333,105.992472,0, ,0.0,0.0,0.0,0.0,2,2500,0,0,0,0,0,0

STAR,BISO1R,BIV1A,4
IF,BIVIM,19.509444,106.107778, ,0.0,0.0,2,23000,0,0,0,0,0,0
TF,TOSCA,19.807500,105.958056,0, ,0.0,0.0,0.0,0.0,0,0,0,1,265,0,0,0
TF,NB501,19.743889,105.720000,0, ,0.0,0.0,0.0,0.0,0,0,0,0,0,0,0,0
TF,NB502,19.762500,105.455556,0, ,0.0,0.0,0.0,0.0,0,0,0,1,250,0,0,0
TF,NB503,19.878611,105.200833,0, ,0.0,0.0,0.0,0.0,0,0,0,0,0,0,0,0
TF,BISON,20.433306,105.641611,2, ,0.0,0.0,0.0,0.0,3,15000,0,0,0,0,0,0

STAR,BISO1R,11R,5
IF,BISON,20.433306,105.641611, ,0.0,0.0,3,15000,0,0,0,0,0,0
TF,SONTA,21.022694,105.636250,0, ,0.0,0.0,0.0,0.0,2,6000,0,0,0,0,0,0
TF,DONMO,21.177139,105.587611,0, ,0.0,0.0,0.0,0.0,2,4000,0,0,0,0,0,0
TF,NB361,21.272972,105.618944,0, ,0.0,0.0,0.0,0.0,2,2000,0,0,0,0,0,0

STAR,BISO1S,BIV1B,4
IF,BIVIM,19.509444,106.107778, ,0.0,0.0,2,23000,0,0,0,0,0,0
TF,TOSCA,19.807500,105.958056,0, ,0.0,0.0,0.0,0.0,0,0,0,1,265,0,0,0
TF,NB501,19.743889,105.720000,0, ,0.0,0.0,0.0,0.0,0,0,0,0,0,0,0,0
TF,NB502,19.762500,105.455556,0, ,0.0,0.0,0.0,0.0,0,0,0,1,250,0,0,0
TF,NB503,19.878611,105.200833,0, ,0.0,0.0,0.0,0.0,0,0,0,0,0,0,0,0
TF,BISON,20.433306,105.641611,2, ,0.0,0.0,0.0,0.0,2,17000,0,0,0,0,0,0

STAR,BISO1S,29R,5
IF,BISON,20.433306,105.641611, ,0.0,0.0,2,17000,0,0,0,0,0,0
TF,HOBIN,20.683444,105.638944,0, ,0.0,0.0,0.0,0.0,2,16000,0,1,250,0,0,0
TF,NB373,20.727556,105.458278,0, ,0.0,0.0,0.0,0.0,0,0,0,0,0,0,0,0
TF,NB372,20.850639,105.325056,0, ,0.0,0.0,0.0,0.0,0,0,0,0,0,0,0,0
TF,NB371,21.013944,105.275111,0, ,0.0,0.0,0.0,0.0,2,16000,0,0,0,0,0,0
TF,XARIS,21.018111,105.444056,2, ,0.0,0.0,0.0,0.0,0,0,0,0,0,0,0,0
TF,SONTA,21.022694,105.636250,0, ,0.0,0.0,0.0,0.0,2,8000,0,1,220,0,0,0
TF,KUNHI,21.292278,105.915917,0, ,0.0,0.0,0.0,0.0,2,5000,0,1,200,0,0,0
TF,NB462,21.261139,106.023417,0, ,0.0,0.0,0.0,0.0,0,0,0,0,0,0,0,0
TF,NB456,21.167333,105.992472,0, ,0.0,0.0,0.0,0.0,2,2500,0,0,0,0,0,0

STAR,BISO2C,BIV1B,4
IF,BIVIM,19.509444,106.107778, ,0.0,0.0,2,23000,0,0,0,0,0,0
TF,TOSCA,19.807500,105.958056,0, ,0.0,0.0,0.0,0.0,0,0,0,1,265,0,0,0
TF,NB501,19.743889,105.720000,0, ,0.0,0.0,0.0,0.0,0,0,0,0,0,0,0,0
TF,NB502,19.762500,105.455556,0, ,0.0,0.0,0.0,0.0,0,0,0,1,250,0,0,0
TF,NB503,19.878611,105.200833,0, ,0.0,0.0,0.0,0.0,0,0,0,0,0,0,0,0
TF,BISON,20.433306,105.641611,2, ,0.0,0.0,0.0,0.0,2,17000,0,0,0,0,0,0

STAR,BISO2C,29R,5
IF,BISON,20.433306,105.641611, ,0.0,0.0,2,17000,0,0,0,0,0,0
TF,HOBIN,20.683444,105.638944,0, ,0.0,0.0,0.0,0.0,2,16000,0,0,0,0,0,0
TF,MIMON,20.842389,105.637694,0, ,0.0,0.0,0.0,0.0,0,0,0,0,0,0,0,0
TF,SONTA,21.022694,105.636250,0, ,0.0,0.0,0.0,0.0,2,8000,0,1,220,0,0,0
TF,KUNHI,21.292278,105.915917,0, ,0.0,0.0,0.0,0.0,2,5000,0,0,0,0,0,0
TF,NB462,21.261139,106.023417,0, ,0.0,0.0,0.0,0.0,0,0,0,0,0,0,0,0
TF,NB463,21.238889,106.100028,0, ,0.0,0.0,0.0,0.0,0,0,0,0,0,0,0,0
TF,NB464,21.216639,106.176722,0, ,0.0,0.0,0.0,0.0,0,0,0,0,0,0,0,0
TF,NB465,21.194333,106.253389,0, ,0.0,0.0,0.0,0.0,0,0,0,0,0,0,0,0
TF,NB466,21.172000,106.330028,0, ,0.0,0.0,0.0,0.0,0,0,0,0,0,0,0,0
TF,NB455,21.076056,106.298222,0, ,0.0,0.0,0.0,0.0,0,0,0,0,0,0,0,0
TF,NB454,21.098417,106.221639,0, ,0.0,0.0,0.0,0.0,0,0,0,0,0,0,0,0
TF,NB453,21.120722,106.145028,0, ,0.0,0.0,0.0,0.0,0,0,0,0,0,0,0,0
TF,NB452,21.143028,106.068417,0, ,0.0,0.0,0.0,0.0,0,0,0,1,200,0,0,0
TF,NB456,21.167333,105.992472,0, ,0.0,0.0,0.0,0.0,2,2500,0,0,0,0,0,0

STAR,BQ3A,11L,2
IF,BQ,21.215000,104.038056, ,0.0,0.0,0,0,0,0,0,0,0,0
TF,HUVAN,21.208333,105.111389,0, ,0.0,0.0,0.0,0.0,2,10000,0,0,0,0,0,0
TF,LIBEO,21.212500,105.459722,0, ,0.0,0.0,0.0,0.0,2,6000,0,0,0,0,0,0

STAR,BQ3A,11R,2
IF,BQ,21.215000,104.038056, ,0.0,0.0,0,0,0,0,0,0,0,0
TF,HUVAN,21.208333,105.111389,0, ,0.0,0.0,0.0,0.0,2,10000,0,0,0,0,0,0
TF,LIBEO,21.212500,105.459722,0, ,0.0,0.0,0.0,0.0,2,6000,0,0,0,0,0,0

STAR,BQ3B,29L,2
IF,BQ,21.215000,104.038056, ,0.0,0.0,0,0,0,0,0,0,0,0
TF,HUVAN,21.208333,105.111389,0, ,0.0,0.0,0.0,0.0,2,10000,0,0,0,0,0,0
TF,NOB,21.213022,105.834936,0, ,0.0,0.0,0.0,0.0,2,6000,0,0,0,0,0,0

STAR,BQ3B,29R,2
IF,BQ,21.215000,104.038056, ,0.0,0.0,0,0,0,0,0,0,0,0
TF,HUVAN,21.208333,105.111389,0, ,0.0,0.0,0.0,0.0,2,10000,0,0,0,0,0,0
TF,NOB,21.213022,105.834936,0, ,0.0,0.0,0.0,0.0,2,6000,0,0,0,0,0,0

STAR,HAKA1D,11R,5
IF,NAKHA,21.966667,106.493333, ,0.0,0.0,0,0,0,0,0,0,0,0
TF,HAKAO,21.731944,106.269444,0, ,0.0,0.0,0.0,0.0,2,16000,0,0,0,0,0,0
TF,LIMIN,21.594250,106.101194,0, ,0.0,0.0,0.0,0.0,2,14000,0,0,0,0,0,0
TF,BANCO,21.498389,105.966250,0, ,0.0,0.0,0.0,0.0,0,0,0,0,0,0,0,0
TF,SUDON,21.383944,105.817000,0, ,0.0,0.0,0.0,0.0,3,7000,0,1,220,0,0,0
TF,DALAI,21.368917,105.650333,0, ,0.0,0.0,0.0,0.0,4,5000,4000,0,0,0,0,0
TF,NB380,21.391028,105.573500,0, ,0.0,0.0,0.0,0.0,0,0,0,0,0,0,0,0
TF,NB379,21.413111,105.496667,0, ,0.0,0.0,0.0,0.0,0,0,0,0,0,0,0,0
TF,NB378,21.435167,105.419806,0, ,0.0,0.0,0.0,0.0,0,0,0,0,0,0,0,0
TF,NB377,21.457194,105.342944,0, ,0.0,0.0,0.0,0.0,0,0,0,0,0,0,0,0
TF,NB365,21.361083,105.311694,0, ,0.0,0.0,0.0,0.0,0,0,0,0,0,0,0,0
TF,NB364,21.339111,105.388528,0, ,0.0,0.0,0.0,0.0,0,0,0,0,0,0,0,0
TF,NB363,21.317111,105.465361,0, ,0.0,0.0,0.0,0.0,0,0,0,0,0,0,0,0
TF,NB362,21.295056,105.542167,0, ,0.0,0.0,0.0,0.0,0,0,0,1,200,0,0,0
TF,NB361,21.272972,105.618944,0, ,0.0,0.0,0.0,0.0,2,2000,0,0,0,0,0,0

STAR,HAKA1E,29L,5
IF,NAKHA,21.966667,106.493333, ,0.0,0.0,0,0,0,0,0,0,0,0
TF,HAKAO,21.731944,106.269444,0, ,0.0,0.0,0.0,0.0,2,16000,0,0,0,0,0,0
TF,LIMIN,21.594250,106.101194,0, ,0.0,0.0,0.0,0.0,2,14000,0,0,0,0,0,0
TF,BANCO,21.498389,105.966250,0, ,0.0,0.0,0.0,0.0,0,0,0,0,0,0,0,0
TF,SUDON,21.383944,105.817000,0, ,0.0,0.0,0.0,0.0,3,7000,0,1,220,0,0,0
TF,KUNHI,21.292278,105.915917,1, ,0.0,0.0,0.0,0.0,2,5000,0,0,0,0,0,0
TF,NB462,21.261139,106.023417,0, ,0.0,0.0,0.0,0.0,0,0,0,0,0,0,0,0
TF,NB463,21.238889,106.100028,0, ,0.0,0.0,0.0,0.0,0,0,0,0,0,0,0,0
TF,NB464,21.216639,106.176722,0, ,0.0,0.0,0.0,0.0,0,0,0,0,0,0,0,0
TF,NB465,21.194333,106.253389,0, ,0.0,0.0,0.0,0.0,0,0,0,0,0,0,0,0
TF,NB466,21.172000,106.330028,0, ,0.0,0.0,0.0,0.0,0,0,0,0,0,0,0,0
TF,NB455,21.076056,106.298222,0, ,0.0,0.0,0.0,0.0,0,0,0,0,0,0,0,0
TF,NB454,21.098417,106.221639,0, ,0.0,0.0,0.0,0.0,0,0,0,0,0,0,0,0
TF,NB453,21.120722,106.145028,0, ,0.0,0.0,0.0,0.0,0,0,0,0,0,0,0,0
TF,NB452,21.143028,106.068417,0, ,0.0,0.0,0.0,0.0,0,0,0,1,200,0,0,0
TF,NB451,21.165278,105.991750,0, ,0.0,0.0,0.0,0.0,2,2500,0,0,0,0,0,0

STAR,HAKA1G,11R,5
IF,NAKHA,21.966667,106.493333, ,0.0,0.0,0,0,0,0,0,0,0,0
TF,HAKAO,21.731944,106.269444,0, ,0.0,0.0,0.0,0.0,2,16000,0,0,0,0,0,0
TF,LIMIN,21.594250,106.101194,0, ,0.0,0.0,0.0,0.0,2,14000,0,1,250,0,0,0
TF,NB383,21.681500,105.990750,0, ,0.0,0.0,0.0,0.0,0,0,0,0,0,0,0,0
TF,NB382,21.721361,105.852528,0, ,0.0,0.0,0.0,0.0,0,0,0,0,0,0,0,0
TF,NB381,21.707472,105.708639,0, ,0.0,0.0,0.0,0.0,2,14000,0,0,0,0,0,0
TF,NUCOC,21.556083,105.759417,1, ,0.0,0.0,0.0,0.0,0,0,0,0,0,0,0,0
TF,SUDON,21.383944,105.817000,0, ,0.0,0.0,0.0,0.0,3,7000,0,1,220,0,0,0
TF,DALAI,21.368917,105.650333,2, ,0.0,0.0,0.0,0.0,2,4000,0,1,200,0,0,0
TF,NB361,21.272972,105.618944,0, ,0.0,0.0,0.0,0.0,2,2000,0,0,0,0,0,0

STAR,HAKA1H,29L,5
IF,NAKHA,21.966667,106.493333, ,0.0,0.0,0,0,0,0,0,0,0,0
TF,HAKAO,21.731944,106.269444,0, ,0.0,0.0,0.0,0.0,2,16000,0,0,0,0,0,0
TF,LIMIN,21.594250,106.101194,0, ,0.0,0.0,0.0,0.0,2,14000,0,1,250,0,0,0
TF,NB383,21.681500,105.990750,0, ,0.0,0.0,0.0,0.0,0,0,0,0,0,0,0,0
TF,NB382,21.721361,105.852528,0, ,0.0,0.0,0.0,0.0,0,0,0,0,0,0,0,0
TF,NB381,21.707472,105.708639,0, ,0.0,0.0,0.0,0.0,2,14000,0,0,0,0,0,0
TF,NUCOC,21.556083,105.759417,1, ,0.0,0.0,0.0,0.0,0,0,0,0,0,0,0,0
TF,SUDON,21.383944,105.817000,0, ,0.0,0.0,0.0,0.0,3,7000,0,1,220,0,0,0
TF,KUNHI,21.292278,105.915917,0, ,0.0,0.0,0.0,0.0,2,5000,0,1,200,0,0,0
TF,NB462,21.261139,106.023417,0, ,0.0,0.0,0.0,0.0,0,0,0,0,0,0,0,0
TF,NB451,21.165278,105.991750,0, ,0.0,0.0,0.0,0.0,2,2500,0,0,0,0,0,0

STAR,HAKA1J,11R,5
IF,NAKHA,21.966667,106.493333, ,0.0,0.0,0,0,0,0,0,0,0,0
TF,HAKAO,21.731944,106.269444,0, ,0.0,0.0,0.0,0.0,2,16000,0,0,0,0,0,0
TF,LIMIN,21.594250,106.101194,0, ,0.0,0.0,0.0,0.0,2,14000,0,0,0,0,0,0
TF,BANCO,21.498389,105.966250,0, ,0.0,0.0,0.0,0.0,0,0,0,0,0,0,0,0
TF,SUDON,21.383944,105.817000,0, ,0.0,0.0,0.0,0.0,3,7000,0,1,220,0,0,0
TF,DONMO,21.177139,105.587611,0, ,0.0,0.0,0.0,0.0,4,5000,4000,0,0,0,0,0
TF,NB369,21.199167,105.510861,0, ,0.0,0.0,0.0,0.0,0,0,0,0,0,0,0,0
TF,NB368,21.221139,105.434083,0, ,0.0,0.0,0.0,0.0,0,0,0,0,0,0,0,0
TF,NB367,21.243111,105.357306,0, ,0.0,0.0,0.0,0.0,0,0,0,0,0,0,0,0
TF,NB366,21.265083,105.280417,0, ,0.0,0.0,0.0,0.0,0,0,0,0,0,0,0,0
TF,NB365,21.361083,105.311694,0, ,0.0,0.0,0.0,0.0,0,0,0,0,0,0,0,0
TF,NB364,21.339111,105.388528,0, ,0.0,0.0,0.0,0.0,0,0,0,0,0,0,0,0
TF,NB363,21.317111,105.465361,0, ,0.0,0.0,0.0,0.0,0,0,0,0,0,0,0,0
TF,NB362,21.295056,105.542167,0, ,0.0,0.0,0.0,0.0,0,0,0,1,200,0,0,0
TF,NB361,21.272972,105.618944,0, ,0.0,0.0,0.0,0.0,2,2000,0,0,0,0,0,0

STAR,HAKA1K,11L,5
IF,NAKHA,21.966667,106.493333, ,0.0,0.0,0,0,0,0,0,0,0,0
TF,HAKAO,21.731944,106.269444,0, ,0.0,0.0,0.0,0.0,2,16000,0,0,0,0,0,0
TF,LIMIN,21.594250,106.101194,0, ,0.0,0.0,0.0,0.0,2,14000,0,0,0,0,0,0
TF,BANCO,21.498389,105.966250,0, ,0.0,0.0,0.0,0.0,0,0,0,0,0,0,0,0
TF,SUDON,21.383944,105.817000,0, ,0.0,0.0,0.0,0.0,3,7000,0,1,220,0,0,0
TF,DALAI,21.368917,105.650333,0, ,0.0,0.0,0.0,0.0,4,5000,4000,0,0,0,0,0
TF,NB380,21.391028,105.573500,0, ,0.0,0.0,0.0,0.0,0,0,0,0,0,0,0,0
TF,NB379,21.413111,105.496667,0, ,0.0,0.0,0.0,0.0,0,0,0,0,0,0,0,0
TF,NB378,21.435167,105.419806,0, ,0.0,0.0,0.0,0.0,0,0,0,0,0,0,0,0
TF,NB377,21.457194,105.342944,0, ,0.0,0.0,0.0,0.0,0,0,0,0,0,0,0,0
TF,NB365,21.361083,105.311694,0, ,0.0,0.0,0.0,0.0,0,0,0,0,0,0,0,0
TF,NB364,21.339111,105.388528,0, ,0.0,0.0,0.0,0.0,0,0,0,0,0,0,0,0
TF,NB363,21.317111,105.465361,0, ,0.0,0.0,0.0,0.0,0,0,0,0,0,0,0,0
TF,NB362,21.295056,105.542167,0, ,0.0,0.0,0.0,0.0,0,0,0,1,200,0,0,0
TF,NB360,21.276556,105.614722,0, ,0.0,0.0,0.0,0.0,2,2000,0,0,0,0,0,0

STAR,HAKA1L,11L,5
IF,NAKHA,21.966667,106.493333, ,0.0,0.0,0,0,0,0,0,0,0,0
TF,HAKAO,21.731944,106.269444,0, ,0.0,0.0,0.0,0.0,2,16000,0,0,0,0,0,0
TF,LIMIN,21.594250,106.101194,0, ,0.0,0.0,0.0,0.0,2,14000,0,1,250,0,0,0
TF,NB383,21.681500,105.990750,0, ,0.0,0.0,0.0,0.0,0,0,0,0,0,0,0,0
TF,NB382,21.721361,105.852528,0, ,0.0,0.0,0.0,0.0,0,0,0,0,0,0,0,0
TF,NB381,21.707472,105.708639,0, ,0.0,0.0,0.0,0.0,2,14000,0,0,0,0,0,0
TF,NUCOC,21.556083,105.759417,1, ,0.0,0.0,0.0,0.0,0,0,0,0,0,0,0,0
TF,SUDON,21.383944,105.817000,0, ,0.0,0.0,0.0,0.0,3,7000,0,1,220,0,0,0
TF,DALAI,21.368917,105.650333,2, ,0.0,0.0,0.0,0.0,2,4000,0,1,200,0,0,0
TF,NB360,21.276556,105.614722,0, ,0.0,0.0,0.0,0.0,2,2000,0,0,0,0,0,0

STAR,HAKA1M,11L,5
IF,NAKHA,21.966667,106.493333, ,0.0,0.0,0,0,0,0,0,0,0,0
TF,HAKAO,21.731944,106.269444,0, ,0.0,0.0,0.0,0.0,2,16000,0,0,0,0,0,0
TF,LIMIN,21.594250,106.101194,0, ,0.0,0.0,0.0,0.0,2,14000,0,0,0,0,0,0
TF,BANCO,21.498389,105.966250,0, ,0.0,0.0,0.0,0.0,0,0,0,0,0,0,0,0
TF,SUDON,21.383944,105.817000,0, ,0.0,0.0,0.0,0.0,3,7000,0,1,220,0,0,0
TF,DONMO,21.177139,105.587611,0, ,0.0,0.0,0.0,0.0,4,5000,4000,0,0,0,0,0
TF,NB369,21.199167,105.510861,0, ,0.0,0.0,0.0,0.0,0,0,0,0,0,0,0,0
TF,NB368,21.221139,105.434083,0, ,0.0,0.0,0.0,0.0,0,0,0,0,0,0,0,0
TF,NB367,21.243111,105.357306,0, ,0.0,0.0,0.0,0.0,0,0,0,0,0,0,0,0
TF,NB366,21.265083,105.280417,0, ,0.0,0.0,0.0,0.0,0,0,0,0,0,0,0,0
TF,NB365,21.361083,105.311694,0, ,0.0,0.0,0.0,0.0,0,0,0,0,0,0,0,0
TF,NB364,21.339111,105.388528,0, ,0.0,0.0,0.0,0.0,0,0,0,0,0,0,0,0
TF,NB363,21.317111,105.465361,0, ,0.0,0.0,0.0,0.0,0,0,0,0,0,0,0,0
TF,NB362,21.295056,105.542167,0, ,0.0,0.0,0.0,0.0,0,0,0,1,200,0,0,0
TF,NB360,21.276556,105.614722,0, ,0.0,0.0,0.0,0.0,2,2000,0,0,0,0,0,0

STAR,HAKA1N,11L,5
IF,NAKHA,21.966667,106.493333, ,0.0,0.0,0,0,0,0,0,0,0,0
TF,HAKAO,21.731944,106.269444,0, ,0.0,0.0,0.0,0.0,2,16000,0,0,0,0,0,0
TF,SUDON,21.383944,105.817000,0, ,0.0,0.0,0.0,0.0,3,7000,0,0,0,0,0,0
TF,DALAI,21.368917,105.650333,0, ,0.0,0.0,0.0,0.0,2,4000,0,0,0,0,0,0
TF,NB360,21.276556,105.614722,0, ,0.0,0.0,0.0,0.0,2,2000,0,0,0,0,0,0

STAR,HAKA1P,29L,5
IF,NAKHA,21.966667,106.493333, ,0.0,0.0,0,0,0,0,0,0,0,0
TF,HAKAO,21.731944,106.269444,0, ,0.0,0.0,0.0,0.0,2,16000,0,0,0,0,0,0
TF,SUDON,21.383944,105.817000,0, ,0.0,0.0,0.0,0.0,3,7000,0,1,220,0,0,0
TF,KUNHI,21.292278,105.915917,1, ,0.0,0.0,0.0,0.0,2,5000,0,1,200,0,0,0
TF,NB462,21.261139,106.023417,0, ,0.0,0.0,0.0,0.0,0,0,0,0,0,0,0,0
TF,NB451,21.165278,105.991750,0, ,0.0,0.0,0.0,0.0,2,2500,0,0,0,0,0,0

STAR,HAKA1Q,29R,5
IF,NAKHA,21.966667,106.493333, ,0.0,0.0,0,0,0,0,0,0,0,0
TF,HAKAO,21.731944,106.269444,0, ,0.0,0.0,0.0,0.0,2,16000,0,0,0,0,0,0
TF,SUDON,21.383944,105.817000,0, ,0.0,0.0,0.0,0.0,3,7000,0,1,220,0,0,0
TF,KUNHI,21.292278,105.915917,1, ,0.0,0.0,0.0,0.0,2,5000,0,1,200,0,0,0
TF,NB462,21.261139,106.023417,0, ,0.0,0.0,0.0,0.0,0,0,0,0,0,0,0,0
TF,NB456,21.167333,105.992472,0, ,0.0,0.0,0.0,0.0,2,2500,0,0,0,0,0,0

STAR,HAKA1R,11R,5
IF,NAKHA,21.966667,106.493333, ,0.0,0.0,0,0,0,0,0,0,0,0
TF,HAKAO,21.731944,106.269444,0, ,0.0,0.0,0.0,0.0,2,16000,0,0,0,0,0,0
TF,SUDON,21.383944,105.817000,0, ,0.0,0.0,0.0,0.0,3,7000,0,0,0,0,0,0
TF,DALAI,21.368917,105.650333,0, ,0.0,0.0,0.0,0.0,2,4000,0,0,0,0,0,0
TF,NB361,21.272972,105.618944,0, ,0.0,0.0,0.0,0.0,2,2000,0,0,0,0,0,0

STAR,HAKA1S,29R,5
IF,NAKHA,21.966667,106.493333, ,0.0,0.0,0,0,0,0,0,0,0,0
TF,HAKAO,21.731944,106.269444,0, ,0.0,0.0,0.0,0.0,2,16000,0,0,0,0,0,0
TF,LIMIN,21.594250,106.101194,0, ,0.0,0.0,0.0,0.0,2,14000,0,1,250,0,0,0
TF,NB383,21.681500,105.990750,0, ,0.0,0.0,0.0,0.0,0,0,0,0,0,0,0,0
TF,NB382,21.721361,105.852528,0, ,0.0,0.0,0.0,0.0,0,0,0,0,0,0,0,0
TF,NB381,21.707472,105.708639,0, ,0.0,0.0,0.0,0.0,2,14000,0,0,0,0,0,0
TF,NUCOC,21.556083,105.759417,1, ,0.0,0.0,0.0,0.0,0,0,0,0,0,0,0,0
TF,SUDON,21.383944,105.817000,0, ,0.0,0.0,0.0,0.0,3,7000,0,1,220,0,0,0
TF,KUNHI,21.292278,105.915917,0, ,0.0,0.0,0.0,0.0,2,5000,0,1,200,0,0,0
TF,NB462,21.261139,106.023417,0, ,0.0,0.0,0.0,0.0,0,0,0,0,0,0,0,0
TF,NB456,21.167333,105.992472,0, ,0.0,0.0,0.0,0.0,2,2500,0,0,0,0,0,0

STAR,HAKA2A,11L,2
IF,NAKHA,21.966667,106.493333, ,0.0,0.0,0,0,0,0,0,0,0,0
TF,HAKAO,21.731944,106.269444,0, ,0.0,0.0,0.0,0.0,0,0,0,0,0,0,0,0
TF,D040O,21.410656,105.999892,0, ,0.0,0.0,0.0,0.0,0,0,0,0,0,0,0,0
TF,NOB,21.213022,105.834936,0, ,0.0,0.0,0.0,0.0,1,7000,0,0,0,0,0,0

STAR,HAKA2A,11R,2
IF,NAKHA,21.966667,106.493333, ,0.0,0.0,0,0,0,0,0,0,0,0
TF,HAKAO,21.731944,106.269444,0, ,0.0,0.0,0.0,0.0,0,0,0,0,0,0,0,0
TF,D040O,21.410656,105.999892,0, ,0.0,0.0,0.0,0.0,0,0,0,0,0,0,0,0
TF,NOB,21.213022,105.834936,0, ,0.0,0.0,0.0,0.0,1,7000,0,0,0,0,0,0

STAR,HAKA2B,29L,2
IF,NAKHA,21.966667,106.493333, ,0.0,0.0,0,0,0,0,0,0,0,0
TF,HAKAO,21.731944,106.269444,0, ,0.0,0.0,0.0,0.0,0,0,0,0,0,0,0,0
TF,D040O,21.410656,105.999892,0, ,0.0,0.0,0.0,0.0,1,7000,0,0,0,0,0,0

STAR,HAKA2B,29R,2
IF,NAKHA,21.966667,106.493333, ,0.0,0.0,0,0,0,0,0,0,0,0
TF,HAKAO,21.731944,106.269444,0, ,0.0,0.0,0.0,0.0,0,0,0,0,0,0,0,0
TF,D040O,21.410656,105.999892,0, ,0.0,0.0,0.0,0.0,1,7000,0,0,0,0,0,0

STAR,HAKA2F,29R,5
IF,NAKHA,21.966667,106.493333, ,0.0,0.0,0,0,0,0,0,0,0,0
TF,HAKAO,21.731944,106.269444,0, ,0.0,0.0,0.0,0.0,2,16000,0,0,0,0,0,0
TF,LIMIN,21.594250,106.101194,0, ,0.0,0.0,0.0,0.0,2,14000,0,0,0,0,0,0
TF,BANCO,21.498389,105.966250,0, ,0.0,0.0,0.0,0.0,0,0,0,0,0,0,0,0
TF,SUDON,21.383944,105.817000,0, ,0.0,0.0,0.0,0.0,3,7000,0,1,220,0,0,0
TF,KUNHI,21.292278,105.915917,1, ,0.0,0.0,0.0,0.0,2,5000,0,0,0,0,0,0
TF,NB462,21.261139,106.023417,0, ,0.0,0.0,0.0,0.0,0,0,0,0,0,0,0,0
TF,NB463,21.238889,106.100028,0, ,0.0,0.0,0.0,0.0,0,0,0,0,0,0,0,0
TF,NB464,21.216639,106.176722,0, ,0.0,0.0,0.0,0.0,0,0,0,0,0,0,0,0
TF,NB465,21.194333,106.253389,0, ,0.0,0.0,0.0,0.0,0,0,0,0,0,0,0,0
TF,NB466,21.172000,106.330028,0, ,0.0,0.0,0.0,0.0,0,0,0,0,0,0,0,0
TF,NB455,21.076056,106.298222,0, ,0.0,0.0,0.0,0.0,0,0,0,0,0,0,0,0
TF,NB454,21.098417,106.221639,0, ,0.0,0.0,0.0,0.0,0,0,0,0,0,0,0,0
TF,NB453,21.120722,106.145028,0, ,0.0,0.0,0.0,0.0,0,0,0,0,0,0,0,0
TF,NB452,21.143028,106.068417,0, ,0.0,0.0,0.0,0.0,0,0,0,1,200,0,0,0
TF,NB456,21.167333,105.992472,0, ,0.0,0.0,0.0,0.0,2,2500,0,0,0,0,0,0

STAR,HUVA1F,11R,5
IF,HUVAN,21.208333,105.111389, ,0.0,0.0,4,11000,10000,0,0,0,0,0
TF,KHARO,21.013000,105.239528,0, ,0.0,0.0,0.0,0.0,3,11000,0,0,0,0,0,0
TF,XARIS,21.018111,105.444056,0, ,0.0,0.0,0.0,0.0,0,0,0,0,0,0,0,0
TF,SONTA,21.022694,105.636250,0, ,0.0,0.0,0.0,0.0,2,6000,0,1,220,0,0,0
TF,DONMO,21.177139,105.587611,1, ,0.0,0.0,0.0,0.0,4,5000,4000,0,0,0,0,0
TF,NB369,21.199167,105.510861,0, ,0.0,0.0,0.0,0.0,0,0,0,0,0,0,0,0
TF,NB368,21.221139,105.434083,0, ,0.0,0.0,0.0,0.0,0,0,0,0,0,0,0,0
TF,NB367,21.243111,105.357306,0, ,0.0,0.0,0.0,0.0,0,0,0,0,0,0,0,0
TF,NB366,21.265083,105.280417,0, ,0.0,0.0,0.0,0.0,0,0,0,0,0,0,0,0
TF,NB365,21.361083,105.311694,0, ,0.0,0.0,0.0,0.0,0,0,0,0,0,0,0,0
TF,NB364,21.339111,105.388528,0, ,0.0,0.0,0.0,0.0,0,0,0,0,0,0,0,0
TF,NB363,21.317111,105.465361,0, ,0.0,0.0,0.0,0.0,0,0,0,0,0,0,0,0
TF,NB362,21.295056,105.542167,0, ,0.0,0.0,0.0,0.0,0,0,0,1,200,0,0,0
TF,NB361,21.272972,105.618944,0, ,0.0,0.0,0.0,0.0,2,2000,0,0,0,0,0,0

STAR,HUVA1G,11R,5
IF,HUVAN,21.208333,105.111389, ,0.0,0.0,4,11000,10000,0,0,0,0,0
TF,KHARO,21.013000,105.239528,0, ,0.0,0.0,0.0,0.0,3,11000,0,1,250,0,0,0
TF,NB374,20.833667,105.294444,0, ,0.0,0.0,0.0,0.0,0,0,0,0,0,0,0,0
TF,NB375,20.698472,105.440750,0, ,0.0,0.0,0.0,0.0,0,0,0,0,0,0,0,0
TF,NB376,20.650167,105.639222,0, ,0.0,0.0,0.0,0.0,0,0,0,0,0,0,0,0
TF,MIMON,20.842389,105.637694,1, ,0.0,0.0,0.0,0.0,0,0,0,0,0,0,0,0
TF,SONTA,21.022694,105.636250,0, ,0.0,0.0,0.0,0.0,2,6000,0,1,220,0,0,0
TF,DONMO,21.177139,105.587611,0, ,0.0,0.0,0.0,0.0,2,4000,0,1,200,0,0,0
TF,NB361,21.272972,105.618944,0, ,0.0,0.0,0.0,0.0,2,2000,0,0,0,0,0,0

STAR,HUVA1H,29L,5
IF,HUVAN,21.208333,105.111389, ,0.0,0.0,0,0,0,0,0,0,0,0
TF,KHARO,21.013000,105.239528,0, ,0.0,0.0,0.0,0.0,4,15000,14000,0,0,0,0,0
TF,XARIS,21.018111,105.444056,0, ,0.0,0.0,0.0,0.0,0,0,0,0,0,0,0,0
TF,SONTA,21.022694,105.636250,0, ,0.0,0.0,0.0,0.0,2,8000,0,1,220,0,0,0
TF,KUNHI,21.292278,105.915917,0, ,0.0,0.0,0.0,0.0,2,5000,0,0,0,0,0,0
TF,NB462,21.261139,106.023417,0, ,0.0,0.0,0.0,0.0,0,0,0,0,0,0,0,0
TF,NB463,21.238889,106.100028,0, ,0.0,0.0,0.0,0.0,0,0,0,0,0,0,0,0
TF,NB464,21.216639,106.176722,0, ,0.0,0.0,0.0,0.0,0,0,0,0,0,0,0,0
TF,NB465,21.194333,106.253389,0, ,0.0,0.0,0.0,0.0,0,0,0,0,0,0,0,0
TF,NB466,21.172000,106.330028,0, ,0.0,0.0,0.0,0.0,0,0,0,0,0,0,0,0
TF,NB455,21.076056,106.298222,0, ,0.0,0.0,0.0,0.0,0,0,0,0,0,0,0,0
TF,NB454,21.098417,106.221639,0, ,0.0,0.0,0.0,0.0,0,0,0,0,0,0,0,0
TF,NB453,21.120722,106.145028,0, ,0.0,0.0,0.0,0.0,0,0,0,0,0,0,0,0
TF,NB452,21.143028,106.068417,0, ,0.0,0.0,0.0,0.0,0,0,0,1,200,0,0,0
TF,NB451,21.165278,105.991750,0, ,0.0,0.0,0.0,0.0,2,2500,0,0,0,0,0,0

STAR,HUVA1K,29L,5
IF,HUVAN,21.208333,105.111389, ,0.0,0.0,0,0,0,0,0,0,0,0
TF,KHARO,21.013000,105.239528,0, ,0.0,0.0,0.0,0.0,4,15000,14000,1,250,0,0,0
TF,NB374,20.833667,105.294444,0, ,0.0,0.0,0.0,0.0,0,0,0,0,0,0,0,0
TF,NB375,20.698472,105.440750,0, ,0.0,0.0,0.0,0.0,0,0,0,0,0,0,0,0
TF,NB376,20.650167,105.639222,0, ,0.0,0.0,0.0,0.0,0,0,0,0,0,0,0,0
TF,MIMON,20.842389,105.637694,1, ,0.0,0.0,0.0,0.0,0,0,0,0,0,0,0,0
TF,SONTA,21.022694,105.636250,0, ,0.0,0.0,0.0,0.0,2,8000,0,1,220,0,0,0
TF,KUNHI,21.292278,105.915917,0, ,0.0,0.0,0.0,0.0,2,5000,0,1,200,0,0,0
TF,NB462,21.261139,106.023417,0, ,0.0,0.0,0.0,0.0,0,0,0,0,0,0,0,0
TF,NB451,21.165278,105.991750,0, ,0.0,0.0,0.0,0.0,2,2500,0,0,0,0,0,0

STAR,HUVA1L,11L,5
IF,HUVAN,21.208333,105.111389, ,0.0,0.0,4,11000,10000,0,0,0,0,0
TF,KHARO,21.013000,105.239528,0, ,0.0,0.0,0.0,0.0,3,11000,0,0,0,0,0,0
TF,XARIS,21.018111,105.444056,0, ,0.0,0.0,0.0,0.0,0,0,0,0,0,0,0,0
TF,SONTA,21.022694,105.636250,0, ,0.0,0.0,0.0,0.0,2,6000,0,1,220,0,0,0
TF,DONMO,21.177139,105.587611,1, ,0.0,0.0,0.0,0.0,4,5000,4000,0,0,0,0,0
TF,NB369,21.199167,105.510861,0, ,0.0,0.0,0.0,0.0,0,0,0,0,0,0,0,0
TF,NB368,21.221139,105.434083,0, ,0.0,0.0,0.0,0.0,0,0,0,0,0,0,0,0
TF,NB367,21.243111,105.357306,0, ,0.0,0.0,0.0,0.0,0,0,0,0,0,0,0,0
TF,NB366,21.265083,105.280417,0, ,0.0,0.0,0.0,0.0,0,0,0,0,0,0,0,0
TF,NB365,21.361083,105.311694,0, ,0.0,0.0,0.0,0.0,0,0,0,0,0,0,0,0
TF,NB364,21.339111,105.388528,0, ,0.0,0.0,0.0,0.0,0,0,0,0,0,0,0,0
TF,NB363,21.317111,105.465361,0, ,0.0,0.0,0.0,0.0,0,0,0,0,0,0,0,0
TF,NB362,21.295056,105.542167,0, ,0.0,0.0,0.0,0.0,0,0,0,1,200,0,0,0
TF,NB360,21.276556,105.614722,0, ,0.0,0.0,0.0,0.0,2,2000,0,0,0,0,0,0

STAR,HUVA1M,11L,5
IF,HUVAN,21.208333,105.111389, ,0.0,0.0,4,11000,10000,0,0,0,0,0
TF,KHARO,21.013000,105.239528,0, ,0.0,0.0,0.0,0.0,3,11000,0,1,250,0,0,0
TF,NB374,20.833667,105.294444,0, ,0.0,0.0,0.0,0.0,0,0,0,0,0,0,0,0
TF,NB375,20.698472,105.440750,0, ,0.0,0.0,0.0,0.0,0,0,0,0,0,0,0,0
TF,NB376,20.650167,105.639222,0, ,0.0,0.0,0.0,0.0,0,0,0,0,0,0,0,0
TF,MIMON,20.842389,105.637694,1, ,0.0,0.0,0.0,0.0,0,0,0,0,0,0,0,0
TF,SONTA,21.022694,105.636250,0, ,0.0,0.0,0.0,0.0,2,6000,0,1,220,0,0,0
TF,DONMO,21.177139,105.587611,0, ,0.0,0.0,0.0,0.0,2,4000,0,1,200,0,0,0
TF,NB360,21.276556,105.614722,0, ,0.0,0.0,0.0,0.0,2,2000,0,0,0,0,0,0

STAR,HUVA1N,11L,5
IF,HUVAN,21.208333,105.111389, ,0.0,0.0,4,11000,10000,0,0,0,0,0
TF,NB368,21.221139,105.434083,0, ,0.0,0.0,0.0,0.0,2,5000,0,0,0,0,0,0
TF,NB360,21.276556,105.614722,0, ,0.0,0.0,0.0,0.0,2,2000,0,0,0,0,0,0

STAR,HUVA1P,29L,5
IF,HUVAN,21.208333,105.111389, ,0.0,0.0,0,0,0,0,0,0,0,0
TF,KHARO,21.013000,105.239528,0, ,0.0,0.0,0.0,0.0,4,15000,14000,0,0,0,0,0
TF,SONTA,21.022694,105.636250,0, ,0.0,0.0,0.0,0.0,2,8000,0,1,220,0,0,0
TF,KUNHI,21.292278,105.915917,0, ,0.0,0.0,0.0,0.0,2,5000,0,1,200,0,0,0
TF,NB462,21.261139,106.023417,0, ,0.0,0.0,0.0,0.0,0,0,0,0,0,0,0,0
TF,NB451,21.165278,105.991750,0, ,0.0,0.0,0.0,0.0,2,2500,0,0,0,0,0,0

STAR,HUVA1Q,29R,5
IF,HUVAN,21.208333,105.111389, ,0.0,0.0,0,0,0,0,0,0,0,0
TF,KHARO,21.013000,105.239528,0, ,0.0,0.0,0.0,0.0,4,15000,14000,0,0,0,0,0
TF,SONTA,21.022694,105.636250,0, ,0.0,0.0,0.0,0.0,2,8000,0,1,220,0,0,0
TF,KUNHI,21.292278,105.915917,0, ,0.0,0.0,0.0,0.0,2,5000,0,1,200,0,0,0
TF,NB462,21.261139,106.023417,0, ,0.0,0.0,0.0,0.0,0,0,0,0,0,0,0,0
TF,NB456,21.167333,105.992472,0, ,0.0,0.0,0.0,0.0,2,2500,0,0,0,0,0,0

STAR,HUVA1R,11R,5
IF,HUVAN,21.208333,105.111389, ,0.0,0.0,4,11000,10000,0,0,0,0,0
TF,NB368,21.221139,105.434083,0, ,0.0,0.0,0.0,0.0,2,5000,0,0,0,0,0,0
TF,NB361,21.272972,105.618944,0, ,0.0,0.0,0.0,0.0,2,2000,0,0,0,0,0,0

STAR,HUVA1S,29R,5
IF,HUVAN,21.208333,105.111389, ,0.0,0.0,0,0,0,0,0,0,0,0
TF,KHARO,21.013000,105.239528,0, ,0.0,0.0,0.0,0.0,4,15000,14000,1,250,0,0,0
TF,NB374,20.833667,105.294444,0, ,0.0,0.0,0.0,0.0,0,0,0,0,0,0,0,0
TF,NB375,20.698472,105.440750,0, ,0.0,0.0,0.0,0.0,0,0,0,0,0,0,0,0
TF,NB376,20.650167,105.639222,0, ,0.0,0.0,0.0,0.0,0,0,0,0,0,0,0,0
TF,MIMON,20.842389,105.637694,1, ,0.0,0.0,0.0,0.0,0,0,0,0,0,0,0,0
TF,SONTA,21.022694,105.636250,0, ,0.0,0.0,0.0,0.0,2,8000,0,1,220,0,0,0
TF,KUNHI,21.292278,105.915917,0, ,0.0,0.0,0.0,0.0,2,5000,0,1,200,0,0,0
TF,NB462,21.261139,106.023417,0, ,0.0,0.0,0.0,0.0,0,0,0,0,0,0,0,0
TF,NB456,21.167333,105.992472,0, ,0.0,0.0,0.0,0.0,2,2500,0,0,0,0,0,0

STAR,HUVA2J,29R,5
IF,HUVAN,21.208333,105.111389, ,0.0,0.0,0,0,0,0,0,0,0,0
TF,KHARO,21.013000,105.239528,0, ,0.0,0.0,0.0,0.0,4,15000,14000,0,0,0,0,0
TF,XARIS,21.018111,105.444056,0, ,0.0,0.0,0.0,0.0,0,0,0,0,0,0,0,0
TF,SONTA,21.022694,105.636250,0, ,0.0,0.0,0.0,0.0,2,8000,0,1,220,0,0,0
TF,KUNHI,21.292278,105.915917,0, ,0.0,0.0,0.0,0.0,2,5000,0,0,0,0,0,0
TF,NB462,21.261139,106.023417,0, ,0.0,0.0,0.0,0.0,0,0,0,0,0,0,0,0
TF,NB463,21.238889,106.100028,0, ,0.0,0.0,0.0,0.0,0,0,0,0,0,0,0,0
TF,NB464,21.216639,106.176722,0, ,0.0,0.0,0.0,0.0,0,0,0,0,0,0,0,0
TF,NB465,21.194333,106.253389,0, ,0.0,0.0,0.0,0.0,0,0,0,0,0,0,0,0
TF,NB466,21.172000,106.330028,0, ,0.0,0.0,0.0,0.0,0,0,0,0,0,0,0,0
TF,NB455,21.076056,106.298222,0, ,0.0,0.0,0.0,0.0,0,0,0,0,0,0,0,0
TF,NB454,21.098417,106.221639,0, ,0.0,0.0,0.0,0.0,0,0,0,0,0,0,0,0
TF,NB453,21.120722,106.145028,0, ,0.0,0.0,0.0,0.0,0,0,0,0,0,0,0,0
TF,NB452,21.143028,106.068417,0, ,0.0,0.0,0.0,0.0,0,0,0,1,200,0,0,0
TF,NB456,21.167333,105.992472,0, ,0.0,0.0,0.0,0.0,2,2500,0,0,0,0,0,0

STAR,LAOC2A,11L,2
IF,LAOCI,22.486667,103.965278, ,0.0,0.0,0,0,0,0,0,0,0,0
TF,TONGA,21.614617,105.252325,0, ,0.0,0.0,0.0,0.0,2,10000,0,0,0,0,0,0
TF,NOB,21.213022,105.834936,0, ,0.0,0.0,0.0,0.0,2,6000,0,0,0,0,0,0

STAR,LAOC2A,11R,2
IF,LAOCI,22.486667,103.965278, ,0.0,0.0,0,0,0,0,0,0,0,0
TF,TONGA,21.614617,105.252325,0, ,0.0,0.0,0.0,0.0,2,10000,0,0,0,0,0,0
TF,NOB,21.213022,105.834936,0, ,0.0,0.0,0.0,0.0,2,6000,0,0,0,0,0,0

STAR,LAOC2B,29L,2
IF,LAOCI,22.486667,103.965278, ,0.0,0.0,0,0,0,0,0,0,0,0
TF,TONGA,21.614617,105.252325,0, ,0.0,0.0,0.0,0.0,2,10000,0,0,0,0,0,0
TF,NOB,21.213022,105.834936,0, ,0.0,0.0,0.0,0.0,2,6000,0,0,0,0,0,0

STAR,LAOC2B,29R,2
IF,LAOCI,22.486667,103.965278, ,0.0,0.0,0,0,0,0,0,0,0,0
TF,TONGA,21.614617,105.252325,0, ,0.0,0.0,0.0,0.0,2,10000,0,0,0,0,0,0
TF,NOB,21.213022,105.834936,0, ,0.0,0.0,0.0,0.0,2,6000,0,0,0,0,0,0

STAR,MC1A,11L,2
IF,MC,20.828056,104.700278, ,0.0,0.0,0,0,0,0,0,0,0,0
TF,NOB30,21.134950,105.302828,0, ,0.0,0.0,0.0,0.0,2,7000,0,0,0,0,0,0
TF,LIBEO,21.212500,105.459722,0, ,0.0,0.0,0.0,0.0,2,6000,0,0,0,0,0,0

STAR,MC1A,11R,2
IF,MC,20.828056,104.700278, ,0.0,0.0,0,0,0,0,0,0,0,0
TF,NOB30,21.134950,105.302828,0, ,0.0,0.0,0.0,0.0,2,7000,0,0,0,0,0,0
TF,LIBEO,21.212500,105.459722,0, ,0.0,0.0,0.0,0.0,2,6000,0,0,0,0,0,0

STAR,MC2B,29L,2
IF,MC,20.828056,104.700278, ,0.0,0.0,0,0,0,0,0,0,0,0
TF,D252O,21.128383,105.583114,0, ,0.0,0.0,0.0,0.0,2,7000,0,0,0,0,0,0
TF,NOB,21.213022,105.834936,0, ,0.0,0.0,0.0,0.0,2,5000,0,0,0,0,0,0

STAR,MC2B,29R,2
IF,MC,20.828056,104.700278, ,0.0,0.0,0,0,0,0,0,0,0,0
TF,D252O,21.128383,105.583114,0, ,0.0,0.0,0.0,0.0,2,7000,0,0,0,0,0,0
TF,NOB,21.213022,105.834936,0, ,0.0,0.0,0.0,0.0,2,5000,0,0,0,0,0,0

STAR,MUCH1C,MC1C,4
IF,MC,20.828056,104.700278, ,0.0,0.0,0,0,0,0,0,0,0,0
TF,MUCHI,20.945417,105.048000,0, ,0.0,0.0,0.0,0.0,4,13000,12000,0,0,0,0,0

STAR,MUCH1C,11R,5
IF,MUCHI,20.945417,105.048000, ,0.0,0.0,4,13000,12000,0,0,0,0,0
TF,KHARO,21.013000,105.239528,0, ,0.0,0.0,0.0,0.0,3,11000,0,0,0,0,0,0
TF,XARIS,21.018111,105.444056,0, ,0.0,0.0,0.0,0.0,0,0,0,0,0,0,0,0
TF,SONTA,21.022694,105.636250,0, ,0.0,0.0,0.0,0.0,2,6000,0,1,220,0,0,0
TF,DONMO,21.177139,105.587611,1, ,0.0,0.0,0.0,0.0,4,5000,4000,0,0,0,0,0
TF,NB369,21.199167,105.510861,0, ,0.0,0.0,0.0,0.0,0,0,0,0,0,0,0,0
TF,NB368,21.221139,105.434083,0, ,0.0,0.0,0.0,0.0,0,0,0,0,0,0,0,0
TF,NB367,21.243111,105.357306,0, ,0.0,0.0,0.0,0.0,0,0,0,0,0,0,0,0
TF,NB366,21.265083,105.280417,0, ,0.0,0.0,0.0,0.0,0,0,0,0,0,0,0,0
TF,NB365,21.361083,105.311694,0, ,0.0,0.0,0.0,0.0,0,0,0,0,0,0,0,0
TF,NB364,21.339111,105.388528,0, ,0.0,0.0,0.0,0.0,0,0,0,0,0,0,0,0
TF,NB363,21.317111,105.465361,0, ,0.0,0.0,0.0,0.0,0,0,0,0,0,0,0,0
TF,NB362,21.295056,105.542167,0, ,0.0,0.0,0.0,0.0,0,0,0,1,200,0,0,0
TF,NB361,21.272972,105.618944,0, ,0.0,0.0,0.0,0.0,2,2000,0,0,0,0,0,0

STAR,MUCH1D,MC1C,4
IF,MC,20.828056,104.700278, ,0.0,0.0,0,0,0,0,0,0,0,0
TF,MUCHI,20.945417,105.048000,0, ,0.0,0.0,0.0,0.0,4,13000,12000,0,0,0,0,0

STAR,MUCH1D,11R,5
IF,MUCHI,20.945417,105.048000, ,0.0,0.0,4,13000,12000,0,0,0,0,0
TF,KHARO,21.013000,105.239528,0, ,0.0,0.0,0.0,0.0,3,11000,0,1,250,0,0,0
TF,NB374,20.833667,105.294444,2, ,0.0,0.0,0.0,0.0,0,0,0,0,0,0,0,0
TF,NB375,20.698472,105.440750,0, ,0.0,0.0,0.0,0.0,0,0,0,0,0,0,0,0
TF,NB376,20.650167,105.639222,0, ,0.0,0.0,0.0,0.0,0,0,0,0,0,0,0,0
TF,MIMON,20.842389,105.637694,1, ,0.0,0.0,0.0,0.0,0,0,0,0,0,0,0,0
TF,SONTA,21.022694,105.636250,0, ,0.0,0.0,0.0,0.0,2,6000,0,1,220,0,0,0
TF,DONMO,21.177139,105.587611,0, ,0.0,0.0,0.0,0.0,2,4000,0,1,200,0,0,0
TF,NB361,21.272972,105.618944,0, ,0.0,0.0,0.0,0.0,2,2000,0,0,0,0,0,0

STAR,MUCH1E,MC1C,4
IF,MC,20.828056,104.700278, ,0.0,0.0,0,0,0,0,0,0,0,0
TF,MUCHI,20.945417,105.048000,0, ,0.0,0.0,0.0,0.0,0,0,0,0,0,0,0,0

STAR,MUCH1E,29L,5
IF,MUCHI,20.945417,105.048000, ,0.0,0.0,0,0,0,0,0,0,0,0
TF,KHARO,21.013000,105.239528,0, ,0.0,0.0,0.0,0.0,4,15000,14000,0,0,0,0,0
TF,XARIS,21.018111,105.444056,0, ,0.0,0.0,0.0,0.0,0,0,0,0,0,0,0,0
TF,SONTA,21.022694,105.636250,0, ,0.0,0.0,0.0,0.0,2,8000,0,1,220,0,0,0
TF,KUNHI,21.292278,105.915917,0, ,0.0,0.0,0.0,0.0,2,5000,0,0,0,0,0,0
TF,NB462,21.261139,106.023417,0, ,0.0,0.0,0.0,0.0,0,0,0,0,0,0,0,0
TF,NB463,21.238889,106.100028,0, ,0.0,0.0,0.0,0.0,0,0,0,0,0,0,0,0
TF,NB464,21.216639,106.176722,0, ,0.0,0.0,0.0,0.0,0,0,0,0,0,0,0,0
TF,NB465,21.194333,106.253389,0, ,0.0,0.0,0.0,0.0,0,0,0,0,0,0,0,0
TF,NB466,21.172000,106.330028,0, ,0.0,0.0,0.0,0.0,0,0,0,0,0,0,0,0
TF,NB455,21.076056,106.298222,0, ,0.0,0.0,0.0,0.0,0,0,0,0,0,0,0,0
TF,NB454,21.098417,106.221639,0, ,0.0,0.0,0.0,0.0,0,0,0,0,0,0,0,0
TF,NB453,21.120722,106.145028,0, ,0.0,0.0,0.0,0.0,0,0,0,0,0,0,0,0
TF,NB452,21.143028,106.068417,0, ,0.0,0.0,0.0,0.0,0,0,0,1,200,0,0,0
TF,NB451,21.165278,105.991750,0, ,0.0,0.0,0.0,0.0,2,2500,0,0,0,0,0,0

STAR,MUCH1G,MC1C,4
IF,MC,20.828056,104.700278, ,0.0,0.0,0,0,0,0,0,0,0,0
TF,MUCHI,20.945417,105.048000,0, ,0.0,0.0,0.0,0.0,0,0,0,0,0,0,0,0

STAR,MUCH1G,29L,5
IF,MUCHI,20.945417,105.048000, ,0.0,0.0,0,0,0,0,0,0,0,0
TF,KHARO,21.013000,105.239528,0, ,0.0,0.0,0.0,0.0,4,15000,14000,1,250,0,0,0
TF,NB374,20.833667,105.294444,2, ,0.0,0.0,0.0,0.0,0,0,0,0,0,0,0,0
TF,NB375,20.698472,105.440750,0, ,0.0,0.0,0.0,0.0,0,0,0,0,0,0,0,0
TF,NB376,20.650167,105.639222,0, ,0.0,0.0,0.0,0.0,0,0,0,0,0,0,0,0
TF,MIMON,20.842389,105.637694,1, ,0.0,0.0,0.0,0.0,0,0,0,0,0,0,0,0
TF,SONTA,21.022694,105.636250,0, ,0.0,0.0,0.0,0.0,2,8000,0,1,220,0,0,0
TF,KUNHI,21.292278,105.915917,0, ,0.0,0.0,0.0,0.0,2,5000,0,1,200,0,0,0
TF,NB462,21.261139,106.023417,0, ,0.0,0.0,0.0,0.0,0,0,0,0,0,0,0,0
TF,NB451,21.165278,105.991750,0, ,0.0,0.0,0.0,0.0,2,2500,0,0,0,0,0,0

STAR,MUCH1H,MC1C,4
IF,MC,20.828056,104.700278, ,0.0,0.0,0,0,0,0,0,0,0,0
TF,MUCHI,20.945417,105.048000,0, ,0.0,0.0,0.0,0.0,4,13000,12000,0,0,0,0,0

STAR,MUCH1H,11L,5
IF,MUCHI,20.945417,105.048000, ,0.0,0.0,4,13000,12000,0,0,0,0,0
TF,KHARO,21.013000,105.239528,0, ,0.0,0.0,0.0,0.0,3,11000,0,0,0,0,0,0
TF,XARIS,21.018111,105.444056,0, ,0.0,0.0,0.0,0.0,0,0,0,0,0,0,0,0
TF,SONTA,21.022694,105.636250,0, ,0.0,0.0,0.0,0.0,2,6000,0,1,220,0,0,0
TF,DONMO,21.177139,105.587611,1, ,0.0,0.0,0.0,0.0,4,5000,4000,0,0,0,0,0
TF,NB369,21.199167,105.510861,0, ,0.0,0.0,0.0,0.0,0,0,0,0,0,0,0,0
TF,NB368,21.221139,105.434083,0, ,0.0,0.0,0.0,0.0,0,0,0,0,0,0,0,0
TF,NB367,21.243111,105.357306,0, ,0.0,0.0,0.0,0.0,0,0,0,0,0,0,0,0
TF,NB366,21.265083,105.280417,0, ,0.0,0.0,0.0,0.0,0,0,0,0,0,0,0,0
TF,NB365,21.361083,105.311694,0, ,0.0,0.0,0.0,0.0,0,0,0,0,0,0,0,0
TF,NB364,21.339111,105.388528,0, ,0.0,0.0,0.0,0.0,0,0,0,0,0,0,0,0
TF,NB363,21.317111,105.465361,0, ,0.0,0.0,0.0,0.0,0,0,0,0,0,0,0,0
TF,NB362,21.295056,105.542167,0, ,0.0,0.0,0.0,0.0,0,0,0,1,200,0,0,0
TF,NB360,21.276556,105.614722,0, ,0.0,0.0,0.0,0.0,2,2000,0,0,0,0,0,0

STAR,MUCH1J,MC1C,4
IF,MC,20.828056,104.700278, ,0.0,0.0,0,0,0,0,0,0,0,0
TF,MUCHI,20.945417,105.048000,0, ,0.0,0.0,0.0,0.0,4,13000,12000,0,0,0,0,0

STAR,MUCH1J,11L,5
IF,MUCHI,20.945417,105.048000, ,0.0,0.0,4,13000,12000,0,0,0,0,0
TF,KHARO,21.013000,105.239528,0, ,0.0,0.0,0.0,0.0,3,11000,0,1,250,0,0,0
TF,NB374,20.833667,105.294444,0, ,0.0,0.0,0.0,0.0,0,0,0,0,0,0,0,0
TF,NB375,20.698472,105.440750,0, ,0.0,0.0,0.0,0.0,0,0,0,0,0,0,0,0
TF,NB376,20.650167,105.639222,0, ,0.0,0.0,0.0,0.0,0,0,0,0,0,0,0,0
TF,MIMON,20.842389,105.637694,1, ,0.0,0.0,0.0,0.0,0,0,0,0,0,0,0,0
TF,SONTA,21.022694,105.636250,0, ,0.0,0.0,0.0,0.0,2,6000,0,1,220,0,0,0
TF,DONMO,21.177139,105.587611,0, ,0.0,0.0,0.0,0.0,2,4000,0,1,200,0,0,0
TF,NB360,21.276556,105.614722,0, ,0.0,0.0,0.0,0.0,2,2000,0,0,0,0,0,0

STAR,MUCH1K,MC1C,4
IF,MC,20.828056,104.700278, ,0.0,0.0,0,0,0,0,0,0,0,0
TF,MUCHI,20.945417,105.048000,0, ,0.0,0.0,0.0,0.0,0,0,0,0,0,0,0,0

STAR,MUCH1K,29R,5
IF,MUCHI,20.945417,105.048000, ,0.0,0.0,0,0,0,0,0,0,0,0
TF,KHARO,21.013000,105.239528,0, ,0.0,0.0,0.0,0.0,4,15000,14000,1,250,0,0,0
TF,NB374,20.833667,105.294444,2, ,0.0,0.0,0.0,0.0,0,0,0,0,0,0,0,0
TF,NB375,20.698472,105.440750,0, ,0.0,0.0,0.0,0.0,0,0,0,0,0,0,0,0
TF,NB376,20.650167,105.639222,0, ,0.0,0.0,0.0,0.0,0,0,0,0,0,0,0,0
TF,MIMON,20.842389,105.637694,1, ,0.0,0.0,0.0,0.0,0,0,0,0,0,0,0,0
TF,SONTA,21.022694,105.636250,0, ,0.0,0.0,0.0,0.0,2,8000,0,1,220,0,0,0
TF,KUNHI,21.292278,105.915917,0, ,0.0,0.0,0.0,0.0,2,5000,0,1,200,0,0,0
TF,NB462,21.261139,106.023417,0, ,0.0,0.0,0.0,0.0,0,0,0,0,0,0,0,0
TF,NB456,21.167333,105.992472,0, ,0.0,0.0,0.0,0.0,2,2500,0,0,0,0,0,0

STAR,MUCH1L,MC1C,4
IF,MC,20.828056,104.700278, ,0.0,0.0,0,0,0,0,0,0,0,0
TF,MUCHI,20.945417,105.048000,0, ,0.0,0.0,0.0,0.0,4,13000,12000,0,0,0,0,0

STAR,MUCH1L,11L,5
IF,MUCHI,20.945417,105.048000, ,0.0,0.0,4,13000,12000,0,0,0,0,0
TF,KHARO,21.013000,105.239528,0, ,0.0,0.0,0.0,0.0,4,11000,7000,0,0,0,0,0
TF,NB368,21.221139,105.434083,0, ,0.0,0.0,0.0,0.0,2,5000,0,0,0,0,0,0
TF,NB360,21.276556,105.614722,0, ,0.0,0.0,0.0,0.0,2,2000,0,0,0,0,0,0

STAR,MUCH1P,MC1C,4
IF,MC,20.828056,104.700278, ,0.0,0.0,0,0,0,0,0,0,0,0
TF,MUCHI,20.945417,105.048000,0, ,0.0,0.0,0.0,0.0,0,0,0,0,0,0,0,0

STAR,MUCH1P,29L,5
IF,MUCHI,20.945417,105.048000, ,0.0,0.0,0,0,0,0,0,0,0,0
TF,KHARO,21.013000,105.239528,0, ,0.0,0.0,0.0,0.0,4,15000,14000,0,0,0,0,0
TF,SONTA,21.022694,105.636250,0, ,0.0,0.0,0.0,0.0,2,8000,0,1,220,0,0,0
TF,KUNHI,21.292278,105.915917,0, ,0.0,0.0,0.0,0.0,2,5000,0,1,200,0,0,0
TF,NB462,21.261139,106.023417,0, ,0.0,0.0,0.0,0.0,0,0,0,0,0,0,0,0
TF,NB451,21.165278,105.991750,0, ,0.0,0.0,0.0,0.0,2,2500,0,0,0,0,0,0

STAR,MUCH1Q,MC1C,4
IF,MC,20.828056,104.700278, ,0.0,0.0,0,0,0,0,0,0,0,0
TF,MUCHI,20.945417,105.048000,0, ,0.0,0.0,0.0,0.0,0,0,0,0,0,0,0,0

STAR,MUCH1Q,29R,5
IF,MUCHI,20.945417,105.048000, ,0.0,0.0,0,0,0,0,0,0,0,0
TF,KHARO,21.013000,105.239528,0, ,0.0,0.0,0.0,0.0,4,15000,14000,0,0,0,0,0
TF,SONTA,21.022694,105.636250,0, ,0.0,0.0,0.0,0.0,2,8000,0,1,220,0,0,0
TF,KUNHI,21.292278,105.915917,0, ,0.0,0.0,0.0,0.0,2,5000,0,1,200,0,0,0
TF,NB462,21.261139,106.023417,0, ,0.0,0.0,0.0,0.0,0,0,0,0,0,0,0,0
TF,NB456,21.167333,105.992472,0, ,0.0,0.0,0.0,0.0,2,2500,0,0,0,0,0,0

STAR,MUCH1R,MC1C,4
IF,MC,20.828056,104.700278, ,0.0,0.0,0,0,0,0,0,0,0,0
TF,MUCHI,20.945417,105.048000,0, ,0.0,0.0,0.0,0.0,4,13000,12000,0,0,0,0,0

STAR,MUCH1R,11R,5
IF,MUCHI,20.945417,105.048000, ,0.0,0.0,4,13000,12000,0,0,0,0,0
TF,KHARO,21.013000,105.239528,0, ,0.0,0.0,0.0,0.0,4,11000,7000,0,0,0,0,0
TF,NB368,21.221139,105.434083,0, ,0.0,0.0,0.0,0.0,2,5000,0,0,0,0,0,0
TF,NB361,21.272972,105.618944,0, ,0.0,0.0,0.0,0.0,2,2000,0,0,0,0,0,0

STAR,MUCH2F,MC1C,4
IF,MC,20.828056,104.700278, ,0.0,0.0,0,0,0,0,0,0,0,0
TF,MUCHI,20.945417,105.048000,0, ,0.0,0.0,0.0,0.0,0,0,0,0,0,0,0,0

STAR,MUCH2F,29R,5
IF,MUCHI,20.945417,105.048000, ,0.0,0.0,0,0,0,0,0,0,0,0
TF,KHARO,21.013000,105.239528,0, ,0.0,0.0,0.0,0.0,4,15000,14000,0,0,0,0,0
TF,XARIS,21.018111,105.444056,0, ,0.0,0.0,0.0,0.0,0,0,0,0,0,0,0,0
TF,SONTA,21.022694,105.636250,0, ,0.0,0.0,0.0,0.0,2,8000,0,1,220,0,0,0
TF,KUNHI,21.292278,105.915917,0, ,0.0,0.0,0.0,0.0,2,5000,0,0,0,0,0,0
TF,NB462,21.261139,106.023417,0, ,0.0,0.0,0.0,0.0,0,0,0,0,0,0,0,0
TF,NB463,21.238889,106.100028,0, ,0.0,0.0,0.0,0.0,0,0,0,0,0,0,0,0
TF,NB464,21.216639,106.176722,0, ,0.0,0.0,0.0,0.0,0,0,0,0,0,0,0,0
TF,NB465,21.194333,106.253389,0, ,0.0,0.0,0.0,0.0,0,0,0,0,0,0,0,0
TF,NB466,21.172000,106.330028,0, ,0.0,0.0,0.0,0.0,0,0,0,0,0,0,0,0
TF,NB455,21.076056,106.298222,0, ,0.0,0.0,0.0,0.0,0,0,0,0,0,0,0,0
TF,NB454,21.098417,106.221639,0, ,0.0,0.0,0.0,0.0,0,0,0,0,0,0,0,0
TF,NB453,21.120722,106.145028,0, ,0.0,0.0,0.0,0.0,0,0,0,0,0,0,0,0
TF,NB452,21.143028,106.068417,0, ,0.0,0.0,0.0,0.0,0,0,0,1,200,0,0,0
TF,NB456,21.167333,105.992472,0, ,0.0,0.0,0.0,0.0,2,2500,0,0,0,0,0,0

STAR,NAH1A,11L,2
IF,NAH,20.387222,106.117778, ,0.0,0.0,0,0,0,0,0,0,0,0
TF,HALAN,21.036111,105.645556,0, ,0.0,0.0,0.0,0.0,1,8000,0,0,0,0,0,0

STAR,NAH1A,11R,2
IF,NAH,20.387222,106.117778, ,0.0,0.0,0,0,0,0,0,0,0,0
TF,HALAN,21.036111,105.645556,0, ,0.0,0.0,0.0,0.0,1,8000,0,0,0,0,0,0

STAR,NAH1B,29L,2
IF,NAH,20.387222,106.117778, ,0.0,0.0,0,0,0,0,0,0,0,0
TF,HALAN,21.036111,105.645556,0, ,0.0,0.0,0.0,0.0,2,8000,0,0,0,0,0,0
TF,NOB,21.213022,105.834936,0, ,0.0,0.0,0.0,0.0,1,5000,0,0,0,0,0,0

STAR,NAH1B,29R,2
IF,NAH,20.387222,106.117778, ,0.0,0.0,0,0,0,0,0,0,0,0
TF,HALAN,21.036111,105.645556,0, ,0.0,0.0,0.0,0.0,2,8000,0,0,0,0,0,0
TF,NOB,21.213022,105.834936,0, ,0.0,0.0,0.0,0.0,1,5000,0,0,0,0,0,0

STAR,PHUT2A,11L,2
IF,PHUTA,20.929722,106.460556, ,0.0,0.0,0,0,0,0,0,0,0,0
TF,NOB,21.213022,105.834936,0, ,0.0,0.0,0.0,0.0,2,5000,0,0,0,0,0,0

STAR,PHUT2A,11R,2
IF,PHUTA,20.929722,106.460556, ,0.0,0.0,0,0,0,0,0,0,0,0
TF,NOB,21.213022,105.834936,0, ,0.0,0.0,0.0,0.0,2,5000,0,0,0,0,0,0

STAR,PHUT2B,29L,2
IF,PHUTA,20.929722,106.460556, ,0.0,0.0,0,0,0,0,0,0,0,0
TF,NOB,21.213022,105.834936,0, ,0.0,0.0,0.0,0.0,2,5000,0,0,0,0,0,0

STAR,PHUT2B,29R,2
IF,PHUTA,20.929722,106.460556, ,0.0,0.0,0,0,0,0,0,0,0,0
TF,NOB,21.213022,105.834936,0, ,0.0,0.0,0.0,0.0,2,5000,0,0,0,0,0,0

STAR,TAMD1C,11R,5
IF,TAMDA,21.822861,105.515500, ,0.0,0.0,3,14000,0,0,0,0,0,0
TF,THOLA,21.739333,105.697944,0, ,0.0,0.0,0.0,0.0,3,12000,0,0,0,0,0,0
TF,NUCOC,21.556083,105.759417,0, ,0.0,0.0,0.0,0.0,0,0,0,0,0,0,0,0
TF,SUDON,21.383944,105.817000,0, ,0.0,0.0,0.0,0.0,3,7000,0,1,220,0,0,0
TF,DALAI,21.368917,105.650333,2, ,0.0,0.0,0.0,0.0,4,5000,4000,0,0,0,0,0
TF,NB380,21.391028,105.573500,0, ,0.0,0.0,0.0,0.0,0,0,0,0,0,0,0,0
TF,NB379,21.413111,105.496667,0, ,0.0,0.0,0.0,0.0,0,0,0,0,0,0,0,0
TF,NB378,21.435167,105.419806,0, ,0.0,0.0,0.0,0.0,0,0,0,0,0,0,0,0
TF,NB377,21.457194,105.342944,0, ,0.0,0.0,0.0,0.0,0,0,0,0,0,0,0,0
TF,NB365,21.361083,105.311694,0, ,0.0,0.0,0.0,0.0,0,0,0,0,0,0,0,0
TF,NB364,21.339111,105.388528,0, ,0.0,0.0,0.0,0.0,0,0,0,0,0,0,0,0
TF,NB363,21.317111,105.465361,0, ,0.0,0.0,0.0,0.0,0,0,0,0,0,0,0,0
TF,NB362,21.295056,105.542167,0, ,0.0,0.0,0.0,0.0,0,0,0,1,200,0,0,0
TF,NB361,21.272972,105.618944,0, ,0.0,0.0,0.0,0.0,2,2000,0,0,0,0,0,0

STAR,TAMD1D,29L,5
IF,TAMDA,21.822861,105.515500, ,0.0,0.0,3,14000,0,0,0,0,0,0
TF,THOLA,21.739333,105.697944,0, ,0.0,0.0,0.0,0.0,3,12000,0,0,0,0,0,0
TF,NUCOC,21.556083,105.759417,0, ,0.0,0.0,0.0,0.0,0,0,0,0,0,0,0,0
TF,SUDON,21.383944,105.817000,0, ,0.0,0.0,0.0,0.0,3,7000,0,1,220,0,0,0
TF,KUNHI,21.292278,105.915917,0, ,0.0,0.0,0.0,0.0,2,5000,0,0,0,0,0,0
TF,NB462,21.261139,106.023417,0, ,0.0,0.0,0.0,0.0,0,0,0,0,0,0,0,0
TF,NB463,21.238889,106.100028,0, ,0.0,0.0,0.0,0.0,0,0,0,0,0,0,0,0
TF,NB464,21.216639,106.176722,0, ,0.0,0.0,0.0,0.0,0,0,0,0,0,0,0,0
TF,NB465,21.194333,106.253389,0, ,0.0,0.0,0.0,0.0,0,0,0,0,0,0,0,0
TF,NB466,21.172000,106.330028,0, ,0.0,0.0,0.0,0.0,0,0,0,0,0,0,0,0
TF,NB455,21.076056,106.298222,0, ,0.0,0.0,0.0,0.0,0,0,0,0,0,0,0,0
TF,NB454,21.098417,106.221639,0, ,0.0,0.0,0.0,0.0,0,0,0,0,0,0,0,0
TF,NB453,21.120722,106.145028,0, ,0.0,0.0,0.0,0.0,0,0,0,0,0,0,0,0
TF,NB452,21.143028,106.068417,0, ,0.0,0.0,0.0,0.0,0,0,0,1,200,0,0,0
TF,NB451,21.165278,105.991750,0, ,0.0,0.0,0.0,0.0,2,2500,0,0,0,0,0,0

STAR,TAMD1F,11R,5
IF,TAMDA,21.822861,105.515500, ,0.0,0.0,3,14000,0,0,0,0,0,0
TF,THOLA,21.739333,105.697944,0, ,0.0,0.0,0.0,0.0,3,12000,0,1,250,0,0,0
TF,NB384,21.754583,105.856028,0, ,0.0,0.0,0.0,0.0,0,0,0,0,0,0,0,0
TF,NB385,21.710806,106.007889,0, ,0.0,0.0,0.0,0.0,0,0,0,0,0,0,0,0
TF,NB386,21.614944,106.129222,0, ,0.0,0.0,0.0,0.0,0,0,0,0,0,0,0,0
TF,BANCO,21.498389,105.966250,2, ,0.0,0.0,0.0,0.0,0,0,0,0,0,0,0,0
TF,SUDON,21.383944,105.817000,0, ,0.0,0.0,0.0,0.0,3,7000,0,1,220,0,0,0
TF,DALAI,21.368917,105.650333,0, ,0.0,0.0,0.0,0.0,2,4000,0,1,200,0,0,0
TF,NB361,21.272972,105.618944,0, ,0.0,0.0,0.0,0.0,2,2000,0,0,0,0,0,0

STAR,TAMD1G,29L,5
IF,TAMDA,21.822861,105.515500, ,0.0,0.0,3,14000,0,0,0,0,0,0
TF,THOLA,21.739333,105.697944,0, ,0.0,0.0,0.0,0.0,3,12000,0,1,250,0,0,0
TF,NB384,21.754583,105.856028,0, ,0.0,0.0,0.0,0.0,0,0,0,0,0,0,0,0
TF,NB385,21.710806,106.007889,0, ,0.0,0.0,0.0,0.0,0,0,0,0,0,0,0,0
TF,NB386,21.614944,106.129222,0, ,0.0,0.0,0.0,0.0,0,0,0,0,0,0,0,0
TF,BANCO,21.498389,105.966250,2, ,0.0,0.0,0.0,0.0,0,0,0,0,0,0,0,0
TF,SUDON,21.383944,105.817000,0, ,0.0,0.0,0.0,0.0,3,7000,0,1,220,0,0,0
TF,KUNHI,21.292278,105.915917,1, ,0.0,0.0,0.0,0.0,2,5000,0,1,200,0,0,0
TF,NB462,21.261139,106.023417,0, ,0.0,0.0,0.0,0.0,0,0,0,0,0,0,0,0
TF,NB451,21.165278,105.991750,0, ,0.0,0.0,0.0,0.0,2,2500,0,0,0,0,0,0

STAR,TAMD1H,11R,5
IF,TAMDA,21.822861,105.515500, ,0.0,0.0,3,14000,0,0,0,0,0,0
TF,THOLA,21.739333,105.697944,0, ,0.0,0.0,0.0,0.0,3,12000,0,0,0,0,0,0
TF,NUCOC,21.556083,105.759417,0, ,0.0,0.0,0.0,0.0,0,0,0,0,0,0,0,0
TF,SUDON,21.383944,105.817000,0, ,0.0,0.0,0.0,0.0,3,7000,0,1,220,0,0,0
TF,DONMO,21.177139,105.587611,0, ,0.0,0.0,0.0,0.0,4,5000,4000,0,0,0,0,0
TF,NB369,21.199167,105.510861,0, ,0.0,0.0,0.0,0.0,0,0,0,0,0,0,0,0
TF,NB368,21.221139,105.434083,0, ,0.0,0.0,0.0,0.0,0,0,0,0,0,0,0,0
TF,NB367,21.243111,105.357306,0, ,0.0,0.0,0.0,0.0,0,0,0,0,0,0,0,0
TF,NB366,21.265083,105.280417,0, ,0.0,0.0,0.0,0.0,0,0,0,0,0,0,0,0
TF,NB365,21.361083,105.311694,0, ,0.0,0.0,0.0,0.0,0,0,0,0,0,0,0,0
TF,NB364,21.339111,105.388528,0, ,0.0,0.0,0.0,0.0,0,0,0,0,0,0,0,0
TF,NB363,21.317111,105.465361,0, ,0.0,0.0,0.0,0.0,0,0,0,0,0,0,0,0
TF,NB362,21.295056,105.542167,0, ,0.0,0.0,0.0,0.0,0,0,0,1,200,0,0,0
TF,NB361,21.272972,105.618944,0, ,0.0,0.0,0.0,0.0,2,2000,0,0,0,0,0,0

STAR,TAMD1J,11L,5
IF,TAMDA,21.822861,105.515500, ,0.0,0.0,3,14000,0,0,0,0,0,0
TF,THOLA,21.739333,105.697944,0, ,0.0,0.0,0.0,0.0,3,12000,0,0,0,0,0,0
TF,NUCOC,21.556083,105.759417,0, ,0.0,0.0,0.0,0.0,0,0,0,0,0,0,0,0
TF,SUDON,21.383944,105.817000,0, ,0.0,0.0,0.0,0.0,3,7000,0,1,220,0,0,0
TF,DALAI,21.368917,105.650333,0, ,0.0,0.0,0.0,0.0,4,5000,4000,0,0,0,0,0
TF,NB380,21.391028,105.573500,0, ,0.0,0.0,0.0,0.0,0,0,0,0,0,0,0,0
TF,NB379,21.413111,105.496667,0, ,0.0,0.0,0.0,0.0,0,0,0,0,0,0,0,0
TF,NB378,21.435167,105.419806,0, ,0.0,0.0,0.0,0.0,0,0,0,0,0,0,0,0
TF,NB377,21.457194,105.342944,0, ,0.0,0.0,0.0,0.0,0,0,0,0,0,0,0,0
TF,NB365,21.361083,105.311694,0, ,0.0,0.0,0.0,0.0,0,0,0,0,0,0,0,0
TF,NB364,21.339111,105.388528,0, ,0.0,0.0,0.0,0.0,0,0,0,0,0,0,0,0
TF,NB363,21.317111,105.465361,0, ,0.0,0.0,0.0,0.0,0,0,0,0,0,0,0,0
TF,NB362,21.295056,105.542167,0, ,0.0,0.0,0.0,0.0,0,0,0,1,200,0,0,0
TF,NB360,21.276556,105.614722,0, ,0.0,0.0,0.0,0.0,2,2000,0,0,0,0,0,0

STAR,TAMD1K,11L,5
IF,TAMDA,21.822861,105.515500, ,0.0,0.0,3,14000,0,0,0,0,0,0
TF,THOLA,21.739333,105.697944,0, ,0.0,0.0,0.0,0.0,3,12000,0,1,250,0,0,0
TF,NB384,21.754583,105.856028,0, ,0.0,0.0,0.0,0.0,0,0,0,0,0,0,0,0
TF,NB385,21.710806,106.007889,0, ,0.0,0.0,0.0,0.0,0,0,0,0,0,0,0,0
TF,NB386,21.614944,106.129222,0, ,0.0,0.0,0.0,0.0,0,0,0,0,0,0,0,0
TF,BANCO,21.498389,105.966250,2, ,0.0,0.0,0.0,0.0,0,0,0,0,0,0,0,0
TF,SUDON,21.383944,105.817000,0, ,0.0,0.0,0.0,0.0,3,7000,0,1,220,0,0,0
TF,DALAI,21.368917,105.650333,0, ,0.0,0.0,0.0,0.0,2,4000,0,1,200,0,0,0
TF,NB360,21.276556,105.614722,0, ,0.0,0.0,0.0,0.0,2,2000,0,0,0,0,0,0

STAR,TAMD1L,11L,5
IF,TAMDA,21.822861,105.515500, ,0.0,0.0,3,14000,0,0,0,0,0,0
TF,THOLA,21.739333,105.697944,0, ,0.0,0.0,0.0,0.0,3,12000,0,0,0,0,0,0
TF,NUCOC,21.556083,105.759417,0, ,0.0,0.0,0.0,0.0,0,0,0,0,0,0,0,0
TF,SUDON,21.383944,105.817000,0, ,0.0,0.0,0.0,0.0,3,7000,0,1,220,0,0,0
TF,DONMO,21.177139,105.587611,0, ,0.0,0.0,0.0,0.0,4,5000,4000,0,0,0,0,0
TF,NB369,21.199167,105.510861,0, ,0.0,0.0,0.0,0.0,0,0,0,0,0,0,0,0
TF,NB368,21.221139,105.434083,0, ,0.0,0.0,0.0,0.0,0,0,0,0,0,0,0,0
TF,NB367,21.243111,105.357306,0, ,0.0,0.0,0.0,0.0,0,0,0,0,0,0,0,0
TF,NB366,21.265083,105.280417,0, ,0.0,0.0,0.0,0.0,0,0,0,0,0,0,0,0
TF,NB365,21.361083,105.311694,0, ,0.0,0.0,0.0,0.0,0,0,0,0,0,0,0,0
TF,NB364,21.339111,105.388528,0, ,0.0,0.0,0.0,0.0,0,0,0,0,0,0,0,0
TF,NB363,21.317111,105.465361,0, ,0.0,0.0,0.0,0.0,0,0,0,0,0,0,0,0
TF,NB362,21.295056,105.542167,0, ,0.0,0.0,0.0,0.0,0,0,0,1,200,0,0,0
TF,NB360,21.276556,105.614722,0, ,0.0,0.0,0.0,0.0,2,2000,0,0,0,0,0,0

STAR,TAMD1M,29R,5
IF,TAMDA,21.822861,105.515500, ,0.0,0.0,3,14000,0,0,0,0,0,0
TF,THOLA,21.739333,105.697944,0, ,0.0,0.0,0.0,0.0,3,12000,0,1,250,0,0,0
TF,NB384,21.754583,105.856028,0, ,0.0,0.0,0.0,0.0,0,0,0,0,0,0,0,0
TF,NB385,21.710806,106.007889,0, ,0.0,0.0,0.0,0.0,0,0,0,0,0,0,0,0
TF,NB386,21.614944,106.129222,0, ,0.0,0.0,0.0,0.0,0,0,0,0,0,0,0,0
TF,BANCO,21.498389,105.966250,2, ,0.0,0.0,0.0,0.0,0,0,0,0,0,0,0,0
TF,SUDON,21.383944,105.817000,0, ,0.0,0.0,0.0,0.0,3,7000,0,1,220,0,0,0
TF,KUNHI,21.292278,105.915917,1, ,0.0,0.0,0.0,0.0,2,5000,0,1,200,0,0,0
TF,NB462,21.261139,106.023417,0, ,0.0,0.0,0.0,0.0,0,0,0,0,0,0,0,0
TF,NB456,21.167333,105.992472,0, ,0.0,0.0,0.0,0.0,2,2500,0,0,0,0,0,0

STAR,TAMD1N,11L,5
IF,TAMDA,21.822861,105.515500, ,0.0,0.0,3,14000,0,0,0,0,0,0
TF,THOLA,21.739333,105.697944,0, ,0.0,0.0,0.0,0.0,3,12000,0,0,0,0,0,0
TF,SUDON,21.383944,105.817000,0, ,0.0,0.0,0.0,0.0,3,7000,0,0,0,0,0,0
TF,DALAI,21.368917,105.650333,2, ,0.0,0.0,0.0,0.0,2,4000,0,0,0,0,0,0
TF,NB360,21.276556,105.614722,0, ,0.0,0.0,0.0,0.0,2,2000,0,0,0,0,0,0

STAR,TAMD1P,29L,5
IF,TAMDA,21.822861,105.515500, ,0.0,0.0,3,14000,0,0,0,0,0,0
TF,THOLA,21.739333,105.697944,0, ,0.0,0.0,0.0,0.0,3,12000,0,1,250,0,0,0
TF,SUDON,21.383944,105.817000,0, ,0.0,0.0,0.0,0.0,3,7000,0,1,220,0,0,0
TF,KUNHI,21.292278,105.915917,0, ,0.0,0.0,0.0,0.0,2,5000,0,1,200,0,0,0
TF,NB462,21.261139,106.023417,0, ,0.0,0.0,0.0,0.0,0,0,0,0,0,0,0,0
TF,NB451,21.165278,105.991750,0, ,0.0,0.0,0.0,0.0,2,2500,0,0,0,0,0,0

STAR,TAMD1Q,29R,5
IF,TAMDA,21.822861,105.515500, ,0.0,0.0,3,14000,0,0,0,0,0,0
TF,THOLA,21.739333,105.697944,0, ,0.0,0.0,0.0,0.0,3,12000,0,1,250,0,0,0
TF,SUDON,21.383944,105.817000,0, ,0.0,0.0,0.0,0.0,3,7000,0,1,220,0,0,0
TF,KUNHI,21.292278,105.915917,0, ,0.0,0.0,0.0,0.0,2,5000,0,1,200,0,0,0
TF,NB462,21.261139,106.023417,0, ,0.0,0.0,0.0,0.0,0,0,0,0,0,0,0,0
TF,NB456,21.167333,105.992472,0, ,0.0,0.0,0.0,0.0,2,2500,0,0,0,0,0,0

STAR,TAMD1R,11R,5
IF,TAMDA,21.822861,105.515500, ,0.0,0.0,3,14000,0,0,0,0,0,0
TF,THOLA,21.739333,105.697944,0, ,0.0,0.0,0.0,0.0,3,12000,0,0,0,0,0,0
TF,SUDON,21.383944,105.817000,0, ,0.0,0.0,0.0,0.0,3,7000,0,0,0,0,0,0
TF,DALAI,21.368917,105.650333,2, ,0.0,0.0,0.0,0.0,2,4000,0,0,0,0,0,0
TF,NB361,21.272972,105.618944,0, ,0.0,0.0,0.0,0.0,2,2000,0,0,0,0,0,0

STAR,TAMD2E,29R,5
IF,TAMDA,21.822861,105.515500, ,0.0,0.0,3,14000,0,0,0,0,0,0
TF,THOLA,21.739333,105.697944,0, ,0.0,0.0,0.0,0.0,3,12000,0,0,0,0,0,0
TF,NUCOC,21.556083,105.759417,0, ,0.0,0.0,0.0,0.0,0,0,0,0,0,0,0,0
TF,SUDON,21.383944,105.817000,0, ,0.0,0.0,0.0,0.0,3,7000,0,1,220,0,0,0
TF,KUNHI,21.292278,105.915917,0, ,0.0,0.0,0.0,0.0,2,5000,0,0,0,0,0,0
TF,NB462,21.261139,106.023417,0, ,0.0,0.0,0.0,0.0,0,0,0,0,0,0,0,0
TF,NB463,21.238889,106.100028,0, ,0.0,0.0,0.0,0.0,0,0,0,0,0,0,0,0
TF,NB464,21.216639,106.176722,0, ,0.0,0.0,0.0,0.0,0,0,0,0,0,0,0,0
TF,NB465,21.194333,106.253389,0, ,0.0,0.0,0.0,0.0,0,0,0,0,0,0,0,0
TF,NB466,21.172000,106.330028,0, ,0.0,0.0,0.0,0.0,0,0,0,0,0,0,0,0
TF,NB455,21.076056,106.298222,0, ,0.0,0.0,0.0,0.0,0,0,0,0,0,0,0,0
TF,NB454,21.098417,106.221639,0, ,0.0,0.0,0.0,0.0,0,0,0,0,0,0,0,0
TF,NB453,21.120722,106.145028,0, ,0.0,0.0,0.0,0.0,0,0,0,0,0,0,0,0
TF,NB452,21.143028,106.068417,0, ,0.0,0.0,0.0,0.0,0,0,0,1,200,0,0,0
TF,NB456,21.167333,105.992472,0, ,0.0,0.0,0.0,0.0,2,2500,0,0,0,0,0,0

STAR,TAMD3A,11L,2
IF,TAMDA,21.822861,105.515500, ,0.0,0.0,2,10500,0,0,0,0,0,0
TF,D354R,21.573894,105.554600,0, ,0.0,0.0,0.0,0.0,1,7200,0,0,0,0,0,0
TF,D354I,21.421636,105.578444,0, ,0.0,0.0,0.0,0.0,1,5200,0,0,0,0,0,0
TF,VPH,21.275994,105.601208,0, ,0.0,0.0,0.0,0.0,1,3000,0,0,0,0,0,0

STAR,TAMD3A,11R,2
IF,TAMDA,21.822861,105.515500, ,0.0,0.0,2,10500,0,0,0,0,0,0
TF,D354R,21.573894,105.554600,0, ,0.0,0.0,0.0,0.0,1,7200,0,0,0,0,0,0
TF,D354I,21.421636,105.578444,0, ,0.0,0.0,0.0,0.0,1,5200,0,0,0,0,0,0
TF,VPH,21.275994,105.601208,0, ,0.0,0.0,0.0,0.0,1,3000,0,0,0,0,0,0

STAR,XIVI1A,11L,2
IF,XIVIN,20.576111,105.568611, ,0.0,0.0,0,0,0,0,0,0,0,0
TF,UPVAN,20.925556,105.391944,0, ,0.0,0.0,0.0,0.0,2,10000,0,0,0,0,0,0

STAR,XIVI1A,11R,2
IF,XIVIN,20.576111,105.568611, ,0.0,0.0,0,0,0,0,0,0,0,0
TF,UPVAN,20.925556,105.391944,0, ,0.0,0.0,0.0,0.0,2,10000,0,0,0,0,0,0

STAR,XIVI1B,29L,2
IF,XIVIN,20.576111,105.568611, ,0.0,0.0,0,0,0,0,0,0,0,0
TF,HALAN,21.036111,105.645556,0, ,0.0,0.0,0.0,0.0,2,8000,0,0,0,0,0,0
TF,NOB,21.213022,105.834936,0, ,0.0,0.0,0.0,0.0,1,5000,0,0,0,0,0,0

STAR,XIVI1B,29R,2
IF,XIVIN,20.576111,105.568611, ,0.0,0.0,0,0,0,0,0,0,0,0
TF,HALAN,21.036111,105.645556,0, ,0.0,0.0,0.0,0.0,2,8000,0,0,0,0,0,0
TF,NOB,21.213022,105.834936,0, ,0.0,0.0,0.0,0.0,1,5000,0,0,0,0,0,0

APPTR,D11LY,11L,VPH1
IF,VPH,21.275994,105.601208, ,0.0,0.0,2,3000,0,0,0,0,1,0
HF,VPH,21.275994,105.601208,2, ,0.0,0.0,107.0,04.3,2,2100,0,0,0,0,0,0,0

APPTR,D11LY,11L,VPH2
IF,VPH,21.275994,105.601208, ,0.0,0.0,2,3000,0,0,0,0,1,0
FC,VPH,21.275994,105.601208,0,VPH,0.0,0.0,251.0,4.3,0,0,0,0,0,0,0,1
CF,VPH,21.275994,105.601208,2,VPH,0.0,0.0,107.0,5.0,2,2100,0,0,0,0,1,0

FINAL,D11LY,11L,D,3
IF,VPH,21.275994,105.601208,VPH,0.0,0.0,2,2100,0,0,0,0,0,0
CF,FD11L,21.255192,105.683936,0,VPH,107.0,4.8,107.0,4.8,2,2100,0,0,0,0,2,0
CF,MD11L,21.233481,105.770089,0,VPH,107.0,9.8,107.0,5.0,1,525,0,0,0,0,3,0
VA,0,107.0,2,2000,0,0,0,0,0,0
DF,VPH,21.275994,105.601208,2, ,0.0,0.0,1,3000,0,0,0,0,0,0
HM,VPH,21.275994,105.601208,2, ,0.0,0.0,107.0,04.3,2,3000,0,0,0,0,0,0,0

APPTR,D11LZ,11L,HALAN
IF,HALAN,21.036111,105.645556, ,0.0,0.0,2,8000,0,0,0,0,1,0
AF,D289O,21.286183,105.578925,2,NOB,289.0,15.0,227.0,0,0,0,0,0,0,0,0
CF,CF11L,21.276453,105.613075,0,NOB,289.0,13.0,109.0,2.0,2,1970,0,0,0,0,1,0

APPTR,D11LZ,11L,LIBEO
IF,LIBEO,21.212500,105.459722, ,0.0,0.0,2,6000,0,0,0,0,1,0
TF,CF11L,21.276453,105.613075,0, ,0.0,0.0,0.0,0.0,2,1970,0,0,0,0,1,0

APPTR,D11LZ,11L,NOB1
IF,NOB,21.213022,105.834936, ,0.0,0.0,2,7000,0,0,0,0,1,0
TF,D271M,21.209067,105.603078,0, ,0.0,0.0,0.0,0.0,2,3000,0,0,0,0,0,1
CF,CF11L,21.276453,105.613075,2,NOB,289.0,13.0,109.0,1.0,2,1970,0,0,0,0,1,0

APPTR,D11LZ,11L,UPVAN
IF,UPVAN,20.925556,105.391944, ,0.0,0.0,2,10000,0,0,0,0,1,0
TF,D211J,21.130103,105.513950,0, ,0.0,0.0,0.0,0.0,2,5200,0,0,0,0,0,0
TF,VPH,21.275994,105.601208,0, ,0.0,0.0,0.0,0.0,0,0,0,0,0,0,0,0
TF,CF11L,21.276453,105.613075,0, ,0.0,0.0,0.0,0.0,2,1970,0,0,0,0,1,0

FINAL,D11LZ,11L,D,3
IF,CF11L,21.276453,105.613075,NOB,289.0,13.0,2,1970,0,0,0,0,0,0
CF,FF11L,21.254042,105.691600,0,NOB,289.0,8.4,109.0,4.6,2,1970,0,0,0,0,2,0
CF,MA11L,21.231786,105.769967,0,NOB,289.1,3.8,109.0,4.6,1,518,0,0,0,0,3,0
CF,NOB,21.213022,105.834936,0,NOB,0.0,0.0,109.0,3.8,0,0,0,0,0,0,0,0
HM,NOB,21.213022,105.834936,2, ,0.0,0.0,109.0,04.3,2,5000,0,0,0,0,0,0,0

APPTR,D11RY,11R,VPH1
IF,VPH,21.275994,105.601208, ,0.0,0.0,2,3000,0,0,0,0,1,0
HF,VPH,21.275994,105.601208,2, ,0.0,0.0,107.0,04.3,2,2100,0,0,0,0,0,0,0

APPTR,D11RY,11R,VPH2
IF,VPH,21.275994,105.601208, ,0.0,0.0,2,3000,0,0,0,0,1,0
FC,VPH,21.275994,105.601208,0,VPH,0.0,0.0,251.0,4.3,0,0,0,0,0,0,0,1
CF,VPH,21.275994,105.601208,2,VPH,0.0,0.0,107.0,5.0,2,2100,0,0,0,0,1,0

FINAL,D11RY,11R,D,3
IF,VPH,21.275994,105.601208,VPH,0.0,0.0,2,2100,0,0,0,0,0,0
CF,FD11R,21.256494,105.678767,0,VPH,107.0,4.5,107.0,4.5,2,2100,0,0,0,0,2,0
CF,MD11R,21.234786,105.764922,0,VPH,107.0,9.5,107.0,5.0,1,516,0,0,0,0,3,0
VA,0,107.0,2,2000,0,0,0,0,0,0
DF,VPH,21.275994,105.601208,2, ,0.0,0.0,1,3000,0,0,0,0,0,0
HM,VPH,21.275994,105.601208,2, ,0.0,0.0,107.0,04.3,2,3000,0,0,0,0,0,0,0

APPTR,D11RZ,11R,HALAN
IF,HALAN,21.036111,105.645556, ,0.0,0.0,2,8000,0,0,0,0,1,0
AF,D287O,21.277761,105.576364,2,NOB,287.0,15.0,227.0,0,0,0,0,0,0,0,0
CF,CF11R,21.269153,105.610853,0,NOB,287.0,13.0,107.0,2.0,2,1970,0,0,0,0,1,0

APPTR,D11RZ,11R,LIBEO
IF,LIBEO,21.212500,105.459722, ,0.0,0.0,2,6000,0,0,0,0,1,0
TF,CF11R,21.269153,105.610853,0, ,0.0,0.0,0.0,0.0,2,1970,0,0,0,0,1,0

APPTR,D11RZ,11R,NOB1
IF,NOB,21.213022,105.834936, ,0.0,0.0,2,7000,0,0,0,0,1,0
CF,D269M,21.201481,105.603372,0,NOB,269.0,13.0,269.0,13.0,2,3000,0,0,0,0,0,1
CF,CF11R,21.269153,105.610853,2,NOB,287.0,13.0,107.0,1.0,2,1970,0,0,0,0,1,0

APPTR,D11RZ,11R,UPVAN
IF,UPVAN,20.925556,105.391944, ,0.0,0.0,2,10000,0,0,0,0,1,0
TF,D211J,21.130103,105.513950,0, ,0.0,0.0,0.0,0.0,2,5200,0,0,0,0,0,0
TF,VPH,21.275994,105.601208,0, ,0.0,0.0,0.0,0.0,0,0,0,0,0,0,0,0
TF,CF11R,21.269153,105.610853,0, ,0.0,0.0,0.0,0.0,2,1970,0,0,0,0,1,0

FINAL,D11RZ,11R,D,3
IF,CF11R,21.269153,105.610853,NOB,287.0,13.0,2,1970,0,0,0,0,0,0
CF,FF11R,21.251050,105.683267,0,NOB,287.0,8.8,107.0,4.2,2,1970,0,0,0,0,2,0
CF,MA11R,21.230756,105.764281,0,NOB,287.0,4.1,107.0,4.7,1,504,0,0,0,0,3,0
CF,NOB,21.213022,105.834936,0,NOB,0.0,0.0,107.0,4.1,0,0,0,0,0,0,0,0
HM,NOB,21.213022,105.834936,2, ,0.0,0.0,107.0,04.3,2,5000,0,0,0,0,0,0,0

APPTR,D29L,29L,D040O
IF,D040O,21.410656,105.999892, ,0.0,0.0,2,7000,0,0,0,0,1,0
CI,0, ,0.0,220.0,0,0,0,0,0,0,0,0
AF,D091L,21.216389,106.048967,2,NOB,91.0,12.0,40.0,2,3000,0,0,0,0,0,0
AF,D119L,21.121786,106.025547,2,NOB,119.0,12.0,91.0,0,0,0,0,0,0,0,0
CF,CF29L,21.137006,105.993794,0,NOB,119.0,10.0,299.0,2.0,2,1970,0,0,0,0,1,0

APPTR,D29L,29L,NOB
IF,NOB,21.213022,105.834936, ,0.0,0.0,2,5000,0,0,0,0,1,0
FD,NOB,21.213022,105.834936,0,NOB,0.0,10.0,96.0,10.0,2,3000,0,0,0,0,0,0
CF,CF29L,21.137006,105.993794,2,NOB,119.0,10.0,299.0,1.0,2,1970,0,0,0,0,1,0

FINAL,D29L,29L,D,3
IF,CF29L,21.137006,105.993794,NOB,119.0,10.0,2,1970,0,0,0,0,0,0
CF,FF29L,21.173511,105.917561,0,NOB,119.0,5.2,299.0,4.8,2,1970,0,0,0,0,2,0
CF,MA29L,21.206944,105.847650,0,NOB,119.0,0.8,299.0,4.4,1,578,0,0,0,0,3,0
CF,NOB,21.213022,105.834936,0,NOB,0.0,0.0,299.0,0.8,0,0,0,0,0,0,0,0
FA,NOB,21.213022,105.834936,0,NOB,0.0,0.0,289.0,2,1000,0,0,0,0,0,0
DF,NOB,21.213022,105.834936,1, ,0.0,0.0,1,5000,0,0,0,0,0,0
HM,NOB,21.213022,105.834936,2, ,0.0,0.0,96.0,04.3,2,5000,0,0,0,0,0,0,0

APPTR,D29RY,29R,D040O
IF,D040O,21.410656,105.999892, ,0.0,0.0,2,7000,0,0,0,0,1,0
CI,0, ,0.0,220.0,0,0,0,0,0,0,0,0
AF,D091L,21.216389,106.048967,2,NOB,91.0,12.0,40.0,2,3000,0,0,0,0,0,0
AF,D109L,21.154211,106.039561,2,NOB,109.0,12.0,91.0,0,0,0,0,0,0,0,0
CF,CF29R,21.164031,106.005467,0,NOB,109.0,10.0,289.0,2.0,2,1970,0,0,0,0,1,0

APPTR,D29RY,29R,NOB
IF,NOB,21.213022,105.834936, ,0.0,0.0,2,5000,0,0,0,0,1,0
FD,NOB,21.213022,105.834936,0,NOB,0.0,10.0,91.0,10.0,2,3000,0,0,0,0,0,0
CF,CF29R,21.164031,106.005467,2,NOB,109.0,10.0,289.0,1.0,2,1970,0,0,0,0,1,0

FINAL,D29RY,29R,D,3
IF,CF29R,21.164031,106.005467,NOB,109.0,10.0,2,1970,0,0,0,0,0,0
CF,FF29R,21.187567,105.923625,0,NOB,109.0,5.2,289.0,4.8,2,1970,0,0,0,0,2,0
CF,MA29R,21.210086,105.845169,0,NOB,109.0,0.6,289.0,4.6,1,525,0,0,0,0,3,0
CF,NOB,21.213022,105.834936,0,NOB,0.0,0.0,289.0,0.6,0,0,0,0,0,0,0,0
FA,NOB,21.213022,105.834936,0,NOB,0.0,0.0,289.0,2,1000,0,0,0,0,0,0
DF,NOB,21.213022,105.834936,1, ,0.0,0.0,1,5000,0,0,0,0,0,0
HM,NOB,21.213022,105.834936,2, ,0.0,0.0,91.0,04.3,2,5000,0,0,0,0,0,0,0

APPTR,I11LY,11L,HALAN
IF,HALAN,21.036111,105.645556, ,0.0,0.0,2,8000,0,0,0,0,1,0
AF,D289O,21.286183,105.578925,2,NOB,289.0,15.0,227.0,0,0,0,0,0,0,0,0
CF,CI1LY,21.276986,105.613247,0,NB,289.1,12.5,109.0,2.0,2,1970,0,0,0,0,1,0

APPTR,I11LY,11L,LIBEO
IF,LIBEO,21.212500,105.459722, ,0.0,0.0,2,6000,0,0,0,0,1,0
FC,LIBEO,21.212500,105.459722,0,NOB,0.0,0.0,68.0,5.4,0,0,0,0,0,0,0,0
CF,CI1LY,21.276986,105.613247,0,NB,289.1,12.5,68.0,4.0,2,1970,0,0,0,0,1,0

APPTR,I11LY,11L,NOB
IF,NOB,21.213022,105.834936, ,0.0,0.0,2,7000,0,0,0,0,1,0
TF,D271M,21.209067,105.603078,0, ,0.0,0.0,0.0,0.0,2,3000,0,0,0,0,0,1
CF,CI1LY,21.276986,105.613247,2,NB,289.1,12.5,109.0,1.0,2,1970,0,0,0,0,1,0

APPTR,I11LY,11L,UPVAN
IF,UPVAN,20.925556,105.391944, ,0.0,0.0,2,10000,0,0,0,0,1,0
TF,D211J,21.130103,105.513950,0, ,0.0,0.0,0.0,0.0,2,5200,0,0,0,0,0,0
TF,VPH,21.275994,105.601208,0, ,0.0,0.0,0.0,0.0,0,0,0,0,0,0,0,0
CF,CI1LY,21.276986,105.613247,0,NB,289.1,12.5,109.0,0.7,2,1970,0,0,0,0,1,0

FINAL,I11LY,11L,I,3
IF,CI1LY,21.276986,105.613247,NB,289.1,12.5,2,1970,0,0,0,0,0,0
CF,FI11L,21.254406,105.691519,0,NB,289.1,7.9,109.0,4.6,1,1969,0,0,0,0,2,0
CF,RW11L,21.225264,105.792569,0,NB,289.1,2.0,109.0,5.9,1,95,0,0,0,0,3,0
CA,0,109.0,2,1500,0,0,0,0,0,0
VM,0,0,2,289.0,0,0,0,0,0,0,0,0
CF,NOB,21.213022,105.834936,2,NOB,0.0,0.0,109.0,2.0,1,5000,0,0,0,0,0,0
HM,NOB,21.213022,105.834936,2, ,0.0,0.0,109.0,04.3,2,5000,0,0,0,0,0,0,0

FINAL,I11LZ,11L,I,3
IF,NB360,21.276556,105.614722,NB,289.1,12.4,2,1970,0,0,0,0,0,0
CF,FI11L,21.254406,105.691519,0,NB,289.1,7.9,109.0,4.5,1,1969,0,0,0,0,2,0
CF,RW11L,21.225264,105.792569,0,NB,289.1,2.0,109.0,5.9,1,95,0,0,0,0,3,0
CA,0,109.0,2,1000,0,0,0,0,0,0
DF,KW,21.238808,105.745708,2, ,0.0,0.0,1,5000,0,0,0,0,0,0
HM,KW,21.238808,105.745708,2, ,0.0,0.0,109.0,04.3,2,5000,0,0,0,0,0,0,0

APPTR,I11RY,11R,HALAN
IF,HALAN,21.036111,105.645556, ,0.0,0.0,2,8000,0,0,0,0,1,0
AF,D289N,21.284592,105.578331,2,NOB,288.6,15.0,227.0,0,0,0,0,0,0,0,0
CF,NB361,21.272972,105.618944,0,NBA,289.1,12.1,109.0,2.4,2,1970,0,0,0,0,1,0

APPTR,I11RY,11R,LIBEO
IF,LIBEO,21.212500,105.459722, ,0.0,0.0,2,6000,0,0,0,0,1,0
FC,LIBEO,21.212500,105.459722,0,NOB,0.0,0.0,70.0,6.0,0,0,0,0,0,0,0,0
CF,NB361,21.272972,105.618944,0,NBA,289.1,12.1,70.0,4.0,2,1970,0,0,0,0,1,0

APPTR,I11RY,11R,NOB
IF,NOB,21.213022,105.834936, ,0.0,0.0,2,7000,0,0,0,0,1,0
TF,D271M,21.209067,105.603078,0, ,0.0,0.0,0.0,0.0,2,3000,0,0,0,0,0,1
CF,NB361,21.272972,105.618944,2,NBA,289.1,12.1,109.0,1.0,2,1970,0,0,0,0,1,0

APPTR,I11RY,11R,UPVAN
IF,UPVAN,20.925556,105.391944, ,0.0,0.0,2,10000,0,0,0,0,1,0
TF,D211J,21.130103,105.513950,0, ,0.0,0.0,0.0,0.0,2,5200,0,0,0,0,0,0
TF,VPH,21.275994,105.601208,0, ,0.0,0.0,0.0,0.0,0,0,0,0,0,0,0,0
CF,NB361,21.272972,105.618944,0,NBA,289.1,12.1,109.0,1.0,2,1970,0,0,0,0,1,0

FINAL,I11RY,11R,I,3
IF,NB361,21.272972,105.618944,NBA,289.1,12.1,2,1970,0,0,0,0,0,0
CF,FI11R,21.253417,105.686842,0,NBA,289.1,8.1,109.0,4.0,1,1969,0,0,0,0,2,0
CF,RW11R,21.224697,105.786347,0,NBA,289.1,2.2,109.0,5.8,1,93,0,0,0,0,3,0
CF,NOB,21.213022,105.834936,0,NOB,0.0,0.0,109.0,2.8,0,0,0,0,0,0,0,0
HM,NOB,21.213022,105.834936,2, ,0.0,0.0,109.0,04.3,2,5000,0,0,0,0,0,0,0

FINAL,I11RZ,11R,I,3
IF,NB361,21.272972,105.618944,NBA,289.1,12.1,2,1970,0,0,0,0,0,0
CF,FI11R,21.253417,105.686842,0,NBA,289.1,8.1,109.0,4.0,1,1969,0,0,0,0,2,0
CF,RW11R,21.224697,105.786347,0,NBA,289.1,2.2,109.0,5.8,1,93,0,0,0,0,3,0
VA,0,109.0,2,1500,0,0,0,0,0,0
VM,0,0,2,289.0,0,0,0,0,0,0,0,0
CF,NOB,21.213022,105.834936,2,NOB,0.0,0.0,109.0,2.0,1,5000,0,0,0,0,0,0
HM,NOB,21.213022,105.834936,2, ,0.0,0.0,109.0,04.3,2,5000,0,0,0,0,0,0,0

APPTR,I29LX,29L,NAH
IF,NAH,20.387222,106.117778, ,0.0,0.0,0,0,0,0,0,0,0,0
TF,D164T,20.894811,105.944947,0, ,0.0,0.0,0.0,0.0,2,8800,0,0,0,0,1,0
AF,D109T,21.114867,106.175889,1,NOB,109.0,20.0,164.0,2,5400,0,0,0,0,1,0
FC,D109T,21.114867,106.175889,0,NOB,0.0,0.0,289.0,6.0,0,0,0,0,0,0,0,1
CF,CI29L,21.161492,106.004683,0,INB,109.1,13.0,289.0,4.0,2,2900,0,0,0,0,0,0

FINAL,I29LX,29L,I,3
IF,CI29L,21.161492,106.004683,INB,109.1,13.0,2,2900,0,0,0,0,0,0
CF,FI29L,21.184878,105.924100,0,INB,109.1,8.2,289.0,4.7,1,2001,0,0,0,0,2,0
CF,RW29L,21.214589,105.821325,0,INB,109.1,2.2,289.0,6.0,1,90,0,0,0,0,3,0
CF,NOB,21.213022,105.834936,0,NOB,0.0,0.0,289.0,0.8,0,0,0,0,0,0,0,0
FA,NOB,21.213022,105.834936,0,NOB,0.0,0.0,289.0,2,1000,0,0,0,0,0,0
DF,NOB,21.213022,105.834936,1, ,0.0,0.0,1,5000,0,0,0,0,0,0
HM,NOB,21.213022,105.834936,2, ,0.0,0.0,82.0,04.3,2,5000,0,0,0,0,0,0,0

APPTR,I29LY,29L,D040O
IF,D040O,21.410656,105.999892, ,0.0,0.0,2,7000,0,0,0,0,1,0
CI,0, ,0.0,220.0,0,0,0,0,0,0,0,0
AF,D109L,21.154211,106.039561,2,NOB,109.0,12.0,40.0,0,0,0,0,0,0,0,0
CF,CI29L,21.161492,106.004683,0,INB,109.1,13.0,289.0,2.0,2,2900,0,0,0,0,1,0

APPTR,I29LY,29L,NOB
IF,NOB,21.213022,105.834936, ,0.0,0.0,2,5000,0,0,0,0,1,0
FD,NOB,21.213022,105.834936,0,NOB,0.0,10.0,82.0,10.0,2,3000,0,0,0,0,0,0
CF,CI29L,21.161492,106.004683,2,INB,109.1,13.0,289.0,1.0,2,2900,0,0,0,0,1,0

FINAL,I29LY,29L,I,3
IF,CI29L,21.161492,106.004683,INB,109.1,13.0,2,2900,0,0,0,0,0,0
CF,FI29L,21.184878,105.924100,0,INB,109.1,8.2,289.0,4.7,1,2001,0,0,0,0,2,0
CF,RW29L,21.214589,105.821325,0,INB,109.1,2.2,289.0,6.0,1,90,0,0,0,0,3,0
CF,NOB,21.213022,105.834936,0,NOB,0.0,0.0,289.0,0.8,0,0,0,0,0,0,0,0
FA,NOB,21.213022,105.834936,0,NOB,0.0,0.0,289.0,2,1000,0,0,0,0,0,0
DF,NOB,21.213022,105.834936,1, ,0.0,0.0,1,5000,0,0,0,0,0,0
HM,NOB,21.213022,105.834936,2, ,0.0,0.0,82.0,04.3,2,5000,0,0,0,0,0,0,0

FINAL,I29LZ,29L,I,3
IF,NB451,21.165278,105.991750,INB,109.1,12.2,2,2500,0,0,0,0,0,0
CF,FI29L,21.184878,105.924100,0,INB,109.1,8.2,289.0,4.0,1,2001,0,0,0,0,2,0
CF,RW29L,21.214589,105.821325,0,INB,109.1,2.2,289.0,6.0,1,90,0,0,0,0,3,0
VA,0,289.0,2,1000,0,0,0,0,0,0
DF,NOB,21.213022,105.834936,1, ,0.0,0.0,1,5000,0,0,0,0,0,0
HM,NOB,21.213022,105.834936,2, ,0.0,0.0,82.0,04.3,2,5000,0,0,0,0,0,0,0

APPTR,I29RY,29R,D040O
IF,D040O,21.410656,105.999892, ,0.0,0.0,2,7000,0,0,0,0,1,0
CI,0, ,0.0,220.0,0,0,0,0,0,0,0,0
AF,NOB12,21.153719,106.041267,2,NOB,109.0,12.1,40.0,0,0,0,0,0,0,0,0
CF,CI2RY,21.162689,106.008308,0,INA,109.2,12.8,289.0,1.9,2,2500,0,0,0,0,1,0

APPTR,I29RY,29R,NOB
IF,NOB,21.213022,105.834936, ,0.0,0.0,2,5000,0,0,0,0,1,0
FD,NOB,21.213022,105.834936,0,NOB,0.0,10.1,83.0,10.1,2,2500,0,0,0,0,0,0
CF,CI2RY,21.162689,106.008308,2,INA,109.2,12.8,289.0,1.0,2,2500,0,0,0,0,1,0

FINAL,I29RY,29R,I,3
IF,CI2RY,21.162689,106.008308,INA,109.2,12.8,2,2500,0,0,0,0,0,0
CF,FI29R,21.187436,105.923133,0,INA,109.2,7.8,289.0,5.0,1,1969,0,0,0,0,2,0
CF,RW29R,21.216744,105.822033,0,INA,109.1,1.9,289.0,5.9,1,93,0,0,0,0,3,0
CA,0,289.0,2,1300,0,0,0,0,0,0
DF,NOB,21.213022,105.834936,1, ,0.0,0.0,1,5000,0,0,0,0,0,0
HM,NOB,21.213022,105.834936,2, ,0.0,0.0,83.0,04.3,2,5000,0,0,0,0,0,0,0

FINAL,I29RZ,29R,I,3
IF,NB456,21.167333,105.992472,INA,109.1,11.9,2,2500,0,0,0,0,0,0
CF,FI29R,21.187436,105.923133,0,INA,109.2,7.8,289.0,4.1,1,1969,0,0,0,0,2,0
CF,RW29R,21.216744,105.822033,0,INA,109.1,1.9,289.0,5.9,1,93,0,0,0,0,3,0
CA,0,289.0,2,1300,0,0,0,0,0,0
DF,NOB,21.213022,105.834936,1, ,0.0,0.0,1,5000,0,0,0,0,0,0
HM,NOB,21.213022,105.834936,2, ,0.0,0.0,83.0,04.3,2,5000,0,0,0,0,0,0,0

