SID,BMT1A,09,5
CA,0,92.0,2,3000,0,0,0,0,0,0
DF,PK980,14.002778,108.113333,0, ,0.0,0.0,0,0,0,0,0,0,0,0
TF,PK981,13.833333,108.125556,0, ,0.0,0.0,0.0,0.0,2,7000,0,1,240,0,0,0
TF,GIALI,13.569722,108.144167,0, ,0.0,0.0,0.0,0.0,2,10000,0,0,0,0,0,0
TF,ENGIM,13.340556,108.139167,0, ,0.0,0.0,0.0,0.0,0,0,0,0,0,0,0,0
TF,BMT,12.666500,108.123000,0, ,0.0,0.0,0.0,0.0,0,0,0,0,0,0,0,0

SID,BMT1B,27,5
CA,0,272.0,2,3000,0,0,0,0,0,0
DF,PK780,14.006111,107.911667,0, ,0.0,0.0,0,0,0,0,0,0,0,0
TF,PK781,13.922500,107.910000,0, ,0.0,0.0,0.0,0.0,0,0,0,1,240,0,0,0
TF,PK783,13.815000,107.971944,0, ,0.0,0.0,0.0,0.0,2,7000,0,0,0,0,0,0
TF,PK785,13.731944,108.020000,0, ,0.0,0.0,0.0,0.0,3,8000,0,0,0,0,0,0
TF,GIALI,13.569722,108.144167,0, ,0.0,0.0,0.0,0.0,2,10000,0,0,0,0,0,0
TF,ENGIM,13.340556,108.139167,0, ,0.0,0.0,0.0,0.0,0,0,0,0,0,0,0,0
TF,BMT,12.666500,108.123000,0, ,0.0,0.0,0.0,0.0,0,0,0,0,0,0,0,0

SID,CQ1M,09,5
CA,0,92.0,2,3000,0,0,0,0,0,0
DF,PK980,14.002778,108.113333,0, ,0.0,0.0,0,0,0,0,0,0,0,0
TF,PK982,14.086667,108.115000,0, ,0.0,0.0,0.0,0.0,0,0,0,1,240,0,0,0
TF,PK984,14.303611,108.015278,0, ,0.0,0.0,0.0,0.0,3,8000,0,0,0,0,0,0
TF,OMGON,14.458056,108.018611,0, ,0.0,0.0,0.0,0.0,4,12000,10000,0,0,0,0,0
TF,RUXIK,14.931111,108.470833,0, ,0.0,0.0,0.0,0.0,0,0,0,0,0,0,0,0
TF,CQ,15.412222,108.704444,0, ,0.0,0.0,0.0,0.0,0,0,0,0,0,0,0,0

SID,CQ1N,27,5
CA,0,272.0,2,3000,0,0,0,0,0,0
DF,PK780,14.006111,107.911667,0, ,0.0,0.0,0,0,0,0,0,0,0,0
TF,PK782,14.089722,107.912778,0, ,0.0,0.0,0.0,0.0,0,0,0,1,240,0,0,0
TF,OMGON,14.458056,108.018611,0, ,0.0,0.0,0.0,0.0,4,12000,10000,0,0,0,0,0
TF,RUXIK,14.931111,108.470833,0, ,0.0,0.0,0.0,0.0,0,0,0,0,0,0,0,0
TF,CQ,15.412222,108.704444,0, ,0.0,0.0,0.0,0.0,0,0,0,0,0,0,0,0

SID,DAKA1A,09,2
VD, ,0,0,0,PLK,0.0,0.0,92.0,5.0,0,0,0,0,0,0,0,0
VI,1, ,0.0,336.0,0,0,0,0,0,0,0,0
CF,DAKAM,14.456389,108.062500,0,PLK,5.7,27.0,6.0,13.0,2,12000,0,0,0,0,0,0

SID,DAKA1B,27,2
VD, ,0,0,0,PLK,0.0,0.0,272.0,5.0,0,0,0,0,0,0,0,0
VI,2, ,0.0,36.0,0,0,0,0,0,0,0,0
CF,DAKAM,14.456389,108.062500,0,PLK,5.7,27.0,6.0,13.0,2,12000,0,0,0,0,0,0

SID,DAN1M,09,5
CA,0,92.0,2,3000,0,0,0,0,0,0
DF,PK980,14.002778,108.113333,0, ,0.0,0.0,0,0,0,0,0,0,0,0
TF,PK982,14.086667,108.115000,0, ,0.0,0.0,0.0,0.0,0,0,0,1,240,0,0,0
TF,PK984,14.303611,108.015278,0, ,0.0,0.0,0.0,0.0,3,8000,0,0,0,0,0,0
TF,OMGON,14.458056,108.018611,0, ,0.0,0.0,0.0,0.0,4,12000,10000,0,0,0,0,0
TF,XAQUA,14.919444,108.101667,0, ,0.0,0.0,0.0,0.0,2,12000,0,0,0,0,0,0
TF,VILOT,15.038611,108.111667,0, ,0.0,0.0,0.0,0.0,0,0,0,0,0,0,0,0
TF,DAN,16.052778,108.198194,0, ,0.0,0.0,0.0,0.0,0,0,0,0,0,0,0,0

SID,DAN1N,27,5
CA,0,272.0,2,3000,0,0,0,0,0,0
DF,PK780,14.006111,107.911667,0, ,0.0,0.0,0,0,0,0,0,0,0,0
TF,PK782,14.089722,107.912778,0, ,0.0,0.0,0.0,0.0,0,0,0,1,240,0,0,0
TF,OMGON,14.458056,108.018611,0, ,0.0,0.0,0.0,0.0,4,12000,10000,0,0,0,0,0
TF,XAQUA,14.919444,108.101667,0, ,0.0,0.0,0.0,0.0,2,12000,0,0,0,0,0,0
TF,VILOT,15.038611,108.111667,0, ,0.0,0.0,0.0,0.0,0,0,0,0,0,0,0,0
TF,DAN,16.052778,108.198194,0, ,0.0,0.0,0.0,0.0,0,0,0,0,0,0,0,0

SID,GIAL1A,09,2
VD, ,0,0,0,PLK,0.0,0.0,92.0,5.0,0,0,0,0,0,0,0,0
VI,2, ,0.0,196.0,0,0,0,0,0,0,0,0
CF,GIALI,13.569722,108.144167,0,PLK,166.0,27.0,166.0,13.0,2,9000,0,0,0,0,0,1

SID,GIAL1B,27,2
VD, ,0,0,0,PLK,0.0,0.0,272.0,5.0,0,0,0,0,0,0,0,0
VI,1, ,0.0,136.0,0,0,0,0,0,0,0,0
CF,GIALI,13.569722,108.144167,0,PLK,166.0,27.0,166.0,14.0,2,9000,0,0,0,0,0,0

SID,MADE1A,09,2
VD, ,0,0,0,PLK,0.0,0.0,92.0,5.0,0,0,0,0,0,0,0,0
VI,2, ,0.0,206.0,0,0,0,0,0,0,0,0
CF,MADEN,13.555278,108.057778,0,PLK,176.9,27.0,176.0,12.0,2,9000,0,0,0,0,0,0

SID,MADE1B,27,2
VD, ,0,0,0,PLK,0.0,0.0,272.0,5.0,0,0,0,0,0,0,0,0
VI,1, ,0.0,146.0,0,0,0,0,0,0,0,0
CF,MADEN,13.555278,108.057778,0,PLK,176.9,27.0,176.0,14.0,2,9000,0,0,0,0,0,0

SID,PATN1M,09,5
CA,0,92.0,2,3000,0,0,0,0,0,0
DF,PK980,14.002778,108.113333,0, ,0.0,0.0,0,0,0,0,0,0,0,0
TF,PK982,14.086667,108.115000,0, ,0.0,0.0,0.0,0.0,0,0,0,1,240,0,0,0
TF,PK984,14.303611,108.015278,0, ,0.0,0.0,0.0,0.0,3,8000,0,0,0,0,0,0
TF,DUGOD,14.422222,107.843611,0, ,0.0,0.0,0.0,0.0,2,10000,0,0,0,0,0,0
TF,LATOM,14.879444,107.843611,0, ,0.0,0.0,0.0,0.0,0,0,0,0,0,0,0,0
TF,PATNO,15.965000,107.885000,0, ,0.0,0.0,0.0,0.0,2,29000,0,0,0,0,0,0

SID,PATN1N,27,5
CA,0,272.0,2,3000,0,0,0,0,0,0
DF,PK780,14.006111,107.911667,0, ,0.0,0.0,0,0,0,0,0,0,0,0
TF,PK782,14.089722,107.912778,0, ,0.0,0.0,0.0,0.0,0,0,0,1,240,0,0,0
TF,DUGOD,14.422222,107.843611,0, ,0.0,0.0,0.0,0.0,2,10000,0,0,0,0,0,0
TF,LATOM,14.879444,107.843611,0, ,0.0,0.0,0.0,0.0,0,0,0,0,0,0,0,0
TF,PATNO,15.965000,107.885000,0, ,0.0,0.0,0.0,0.0,2,29000,0,0,0,0,0,0

SID,TALA1A,09,2
VD, ,0,0,0,PLK,0.0,0.0,92.0,5.0,0,0,0,0,0,0,0,0
VI,1, ,0.0,356.0,0,0,0,0,0,0,0,0
CF,TALAP,14.415000,108.221111,0,PLK,26.1,27.0,26.0,13.0,2,10000,0,0,0,0,0,0

SID,TALA1B,27,2
VD, ,0,0,0,PLK,0.0,0.0,272.0,5.0,0,0,0,0,0,0,0,0
VI,2, ,0.0,56.0,0,0,0,0,0,0,0,0
CF,TALAP,14.415000,108.221111,0,PLK,26.1,27.0,26.0,15.0,2,10000,0,0,0,0,0,0

SID,TORU1A,09,2
VD, ,0,0,0,PLK,0.0,0.0,92.0,5.0,0,0,0,0,0,0,0,0
VI,1, ,0.0,348.0,0,0,0,0,0,0,0,0
CF,TORUT,14.437222,108.163056,0,PLK,18.4,27.0,18.0,13.0,2,12000,0,0,0,0,0,0

SID,TORU1B,27,2
VD, ,0,0,0,PLK,0.0,0.0,272.0,5.0,0,0,0,0,0,0,0,0
VI,2, ,0.0,48.0,0,0,0,0,0,0,0,0
CF,TORUT,14.437222,108.163056,0,PLK,18.4,27.0,18.0,14.0,2,12000,0,0,0,0,0,0

STAR,BMT1C,09,5
IF,BMT,12.666500,108.123000, ,0.0,0.0,0,0,0,0,0,0,0,0
TF,SADAS,13.320000,107.829444,0, ,0.0,0.0,0.0,0.0,0,0,0,0,0,0,0,0
TF,TEDIG,13.593611,107.835278,0, ,0.0,0.0,0.0,0.0,2,11000,0,0,0,0,0,0
TF,PK913,13.891111,107.777222,0, ,0.0,0.0,0.0,0.0,2,7000,0,0,0,0,0,0

STAR,BMT1D,27,5
IF,BMT,12.666500,108.123000, ,0.0,0.0,0,0,0,0,0,0,0,0
TF,SADAS,13.320000,107.829444,0, ,0.0,0.0,0.0,0.0,0,0,0,0,0,0,0,0
TF,TEDIG,13.593611,107.835278,0, ,0.0,0.0,0.0,0.0,2,11000,0,0,0,0,0,0
TF,PK717,13.820556,107.840000,0, ,0.0,0.0,0.0,0.0,0,0,0,0,0,0,0,0
TF,PK715,13.863333,108.092778,0, ,0.0,0.0,0.0,0.0,2,9000,0,0,0,0,0,0
TF,PK713,13.883889,108.216111,0, ,0.0,0.0,0.0,0.0,2,7000,0,0,0,0,0,0

STAR,CQ1P,09,5
IF,CQ,15.412222,108.704444, ,0.0,0.0,0,0,0,0,0,0,0,0
TF,TALAP,14.415000,108.221111,0, ,0.0,0.0,0.0,0.0,2,13000,0,0,0,0,0,0
TF,PK918,14.208611,108.122222,0, ,0.0,0.0,0.0,0.0,0,0,0,0,0,0,0,0
TF,PK916,14.165833,107.946944,0, ,0.0,0.0,0.0,0.0,2,9000,0,0,0,0,0,0
TF,PK914,14.125278,107.781111,0, ,0.0,0.0,0.0,0.0,2,7000,0,0,0,0,0,0

STAR,CQ1Q,27,5
IF,CQ,15.412222,108.704444, ,0.0,0.0,0,0,0,0,0,0,0,0
TF,TALAP,14.415000,108.221111,0, ,0.0,0.0,0.0,0.0,2,13000,0,0,0,0,0,0
TF,PK716,14.217500,108.158333,0, ,0.0,0.0,0.0,0.0,0,0,0,0,0,0,0,0
TF,PK714,14.118056,108.220278,0, ,0.0,0.0,0.0,0.0,2,7000,0,0,0,0,0,0

STAR,DAKA1A,ALL,2
IF,DAKAM,14.456389,108.062500, ,0.0,0.0,2,12000,0,0,0,0,0,0
TF,PLK,14.006028,108.024417,0, ,0.0,0.0,0.0,0.0,2,6900,0,0,0,0,0,0

STAR,DAKA1B,27,2
IF,DAKAM,14.456389,108.062500, ,0.0,0.0,2,12000,0,0,0,0,0,0
TF,D006N,14.231144,108.044606,0, ,0.0,0.0,0.0,0.0,2,7700,0,0,0,0,0,0

STAR,DAN1P,09,5
IF,DAN,16.052778,108.198194, ,0.0,0.0,0,0,0,0,0,0,0,0
TF,SADIN,15.080000,108.177222,0, ,0.0,0.0,0.0,0.0,0,0,0,0,0,0,0,0
TF,TORUT,14.437222,108.163056,0, ,0.0,0.0,0.0,0.0,2,13000,0,0,0,0,0,0
TF,PK918,14.208611,108.122222,0, ,0.0,0.0,0.0,0.0,0,0,0,0,0,0,0,0
TF,PK916,14.165833,107.946944,0, ,0.0,0.0,0.0,0.0,2,9000,0,0,0,0,0,0
TF,PK914,14.125278,107.781111,0, ,0.0,0.0,0.0,0.0,2,7000,0,0,0,0,0,0

STAR,DAN1Q,27,5
IF,DAN,16.052778,108.198194, ,0.0,0.0,0,0,0,0,0,0,0,0
TF,SADIN,15.080000,108.177222,0, ,0.0,0.0,0.0,0.0,0,0,0,0,0,0,0,0
TF,TORUT,14.437222,108.163056,0, ,0.0,0.0,0.0,0.0,2,13000,0,0,0,0,0,0
TF,PK716,14.217500,108.158333,0, ,0.0,0.0,0.0,0.0,0,0,0,0,0,0,0,0
TF,PK714,14.118056,108.220278,0, ,0.0,0.0,0.0,0.0,2,7000,0,0,0,0,0,0

STAR,GIAL1A,ALL,2
IF,GIALI,13.569722,108.144167, ,0.0,0.0,2,9000,0,0,0,0,0,0
TF,PLK,14.006028,108.024417,0, ,0.0,0.0,0.0,0.0,2,6900,0,0,0,0,0,0

STAR,GIAL1B,27,2
IF,GIALI,13.569722,108.144167, ,0.0,0.0,2,9000,0,0,0,0,0,0
TF,D166N,13.787736,108.084258,0, ,0.0,0.0,0.0,0.0,2,7700,0,0,0,0,0,0

STAR,GIAL1D,09,2
IF,GIALI,13.569722,108.144167, ,0.0,0.0,2,9000,0,0,0,0,0,0
TF,D166O,13.771567,108.088686,0, ,0.0,0.0,0.0,0.0,2,8000,0,0,0,0,0,0

STAR,MADE1A,ALL,2
IF,MADEN,13.555278,108.057778, ,0.0,0.0,2,9000,0,0,0,0,0,0
TF,PLK,14.006028,108.024417,0, ,0.0,0.0,0.0,0.0,2,6900,0,0,0,0,0,0

STAR,MADE1B,27,2
IF,MADEN,13.555278,108.057778, ,0.0,0.0,2,9000,0,0,0,0,0,0
TF,D176N,13.780903,108.044567,0, ,0.0,0.0,0.0,0.0,2,7700,0,0,0,0,0,0

STAR,MADE1D,09,2
IF,MADEN,13.555278,108.057778, ,0.0,0.0,2,9000,0,0,0,0,0,0
TF,D176O,13.764228,108.046058,0, ,0.0,0.0,0.0,0.0,2,8000,0,0,0,0,0,0

STAR,PATM1C,09,5
IF,PATMA,12.336389,107.810000, ,0.0,0.0,0,0,0,0,0,0,0,0
TF,SADAS,13.320000,107.829444,0, ,0.0,0.0,0.0,0.0,0,0,0,0,0,0,0,0
TF,TEDIG,13.593611,107.835278,0, ,0.0,0.0,0.0,0.0,2,11000,0,0,0,0,0,0
TF,PK913,13.891111,107.777222,0, ,0.0,0.0,0.0,0.0,2,7000,0,0,0,0,0,0

STAR,PATM1D,27,5
IF,PATMA,12.336389,107.810000, ,0.0,0.0,0,0,0,0,0,0,0,0
TF,SADAS,13.320000,107.829444,0, ,0.0,0.0,0.0,0.0,0,0,0,0,0,0,0,0
TF,TEDIG,13.593611,107.835278,0, ,0.0,0.0,0.0,0.0,2,11000,0,0,0,0,0,0
TF,PK717,13.820556,107.840000,0, ,0.0,0.0,0.0,0.0,0,0,0,0,0,0,0,0
TF,PK715,13.863333,108.092778,0, ,0.0,0.0,0.0,0.0,2,9000,0,0,0,0,0,0
TF,PK713,13.883889,108.216111,0, ,0.0,0.0,0.0,0.0,2,7000,0,0,0,0,0,0

STAR,TALA1A,ALL,2
IF,TALAP,14.415000,108.221111, ,0.0,0.0,2,10000,0,0,0,0,0,0
TF,PLK,14.006028,108.024417,0, ,0.0,0.0,0.0,0.0,2,6900,0,0,0,0,0,0

STAR,TALA1B,27,2
IF,TALAP,14.415000,108.221111, ,0.0,0.0,2,10000,0,0,0,0,0,0
TF,BANSU,14.286111,108.159722,0, ,0.0,0.0,0.0,0.0,2,9000,0,0,0,0,0,0
TF,D026N,14.210811,108.122311,0, ,0.0,0.0,0.0,0.0,2,7700,0,0,0,0,0,0

STAR,TORU1A,ALL,2
IF,TORUT,14.437222,108.163056, ,0.0,0.0,2,12000,0,0,0,0,0,0
TF,PLK,14.006028,108.024417,0, ,0.0,0.0,0.0,0.0,2,6900,0,0,0,0,0,0

STAR,TORU1B,27,2
IF,TORUT,14.437222,108.163056, ,0.0,0.0,2,12000,0,0,0,0,0,0
TF,BANSU,14.286111,108.159722,0, ,0.0,0.0,0.0,0.0,2,9000,0,0,0,0,0,0
TF,D026N,14.210811,108.122311,0, ,0.0,0.0,0.0,0.0,2,7700,0,0,0,0,0,0

APPTR,D09-Y,09,D166O
IF,D166O,13.771567,108.088686, ,0.0,0.0,2,8000,0,0,0,0,1,0
CI,0, ,0.0,346.0,0,0,0,0,0,0,0,0
AF,CF09,14.002281,107.810158,2,PLK,270.0,12.5,166.0,2,5600,0,0,0,0,1,0

APPTR,D09-Y,09,D176O
IF,D176O,13.764228,108.046058, ,0.0,0.0,2,8000,0,0,0,0,1,0
CI,0, ,0.0,356.0,0,0,0,0,0,0,0,0
AF,CF09,14.002281,107.810158,2,PLK,270.0,12.5,176.0,2,5600,0,0,0,0,1,0

FINAL,D09-Y,09,D,3
IF,CF09,14.002281,107.810158,PLK,270.0,12.5,2,5600,0,0,0,0,0,0
CF,FF09,14.004103,107.913000,0,PLK,270.0,6.5,90.0,6.0,2,4170,0,0,0,0,2,0
CF,MA09,14.005086,107.969564,0,PLK,270.0,3.2,90.0,3.3,1,3123,0,0,0,0,3,0
TF,PLK,14.006028,108.024417,0, ,0.0,0.0,0.0,0.0,0,0,0,0,0,0,0,0
CA,0,90.0,2,4000,0,0,0,0,0,0
DF,PLK,14.006028,108.024417,2, ,0.0,0.0,1,6900,0,0,0,0,0,0
HM,PLK,14.006028,108.024417,1, ,0.0,0.0,248.0,04.3,2,6900,0,0,0,0,0,0,0

APPTR,D09-Z,09,PLK1
IF,PLK,14.006028,108.024417, ,0.0,0.0,2,6900,0,0,0,0,1,0
TF,D249M,13.927561,107.825794,0, ,0.0,0.0,0.0,0.0,2,5600,0,0,0,0,0,1
CF,CF09,14.002281,107.810158,2,PLK,270.0,12.5,90.0,1.0,2,5600,0,0,0,0,1,0

APPTR,D09-Z,09,PLK2
IF,PLK,14.006028,108.024417, ,0.0,0.0,2,6900,0,0,0,0,1,0
TF,D262M,13.973203,107.812792,0, ,0.0,0.0,0.0,0.0,2,5600,0,0,0,0,0,1
CF,CF09,14.002281,107.810158,2,PLK,270.0,12.5,90.0,1.0,2,5600,0,0,0,0,1,0

FINAL,D09-Z,09,D,3
IF,CF09,14.002281,107.810158,PLK,270.0,12.5,2,5600,0,0,0,0,0,0
CF,FF09,14.004103,107.913000,0,PLK,270.0,6.5,90.0,6.0,2,4170,0,0,0,0,2,0
CF,MA09,14.005086,107.969564,0,PLK,270.0,3.2,90.0,3.3,1,3123,0,0,0,0,3,0
TF,PLK,14.006028,108.024417,0, ,0.0,0.0,0.0,0.0,0,0,0,0,0,0,0,0
CA,0,90.0,2,4000,0,0,0,0,0,0
DF,PLK,14.006028,108.024417,2, ,0.0,0.0,1,6900,0,0,0,0,0,0
HM,PLK,14.006028,108.024417,1, ,0.0,0.0,248.0,04.3,2,6900,0,0,0,0,0,0,0

APPTR,D27-Y,27,D006N
IF,D006N,14.231144,108.044606, ,0.0,0.0,2,7700,0,0,0,0,1,0
CI,0, ,0.0,186.0,0,0,0,0,0,0,0,0
AF,D060L,14.105111,108.193478,2,PLK,60.0,11.5,6.0,2,7000,0,0,0,0,0,0
AF,CF27Y,13.992519,108.221072,2,PLK,95.0,11.5,60.0,2,5610,0,0,0,0,1,0

APPTR,D27-Y,27,D026N
IF,D026N,14.210811,108.122311, ,0.0,0.0,2,7700,0,0,0,0,1,0
CI,0, ,0.0,206.0,0,0,0,0,0,0,0,0
AF,D060L,14.105111,108.193478,2,PLK,60.0,11.5,26.0,2,7000,0,0,0,0,0,0
AF,CF27Y,13.992519,108.221072,2,PLK,95.0,11.5,60.0,2,5610,0,0,0,0,1,0

APPTR,D27-Y,27,D166N
IF,D166N,13.787736,108.084258, ,0.0,0.0,2,7700,0,0,0,0,1,0
CI,0, ,0.0,346.0,0,0,0,0,0,0,0,0
AF,CF27Y,13.992519,108.221072,1,PLK,95.0,11.5,166.0,2,5610,0,0,0,0,1,0

APPTR,D27-Y,27,D176N
IF,D176N,13.780903,108.044567, ,0.0,0.0,2,7700,0,0,0,0,1,0
CI,0, ,0.0,356.0,0,0,0,0,0,0,0,0
AF,CF27Y,13.992519,108.221072,1,PLK,95.0,11.5,176.0,2,5610,0,0,0,0,1,0

FINAL,D27-Y,27,D,3
IF,CF27Y,13.992519,108.221072,PLK,95.0,11.5,2,5610,0,0,0,0,0,0
CF,FF27,14.000172,108.109922,0,PLK,95.0,5.0,275.0,6.5,2,4030,0,0,0,0,2,0
CF,MA27,14.004039,108.053489,0,PLK,95.0,1.7,275.0,3.3,1,2974,0,0,0,0,3,0
TF,PLK,14.006028,108.024417,0, ,0.0,0.0,0.0,0.0,0,0,0,0,0,0,0,0
CA,0,275.0,2,4000,0,0,0,0,0,0
DF,PLK,14.006028,108.024417,1, ,0.0,0.0,1,6900,0,0,0,0,0,0
HM,PLK,14.006028,108.024417,2, ,0.0,0.0,122.0,04.3,2,6900,0,0,0,0,0,0,0

APPTR,D27-Z,27,PLK1
IF,PLK,14.006028,108.024417, ,0.0,0.0,2,6900,0,0,0,0,1,0
TF,D122J,13.919769,108.171308,0, ,0.0,0.0,0.0,0.0,2,5100,0,0,0,0,0,1
CF,CF27Z,13.994289,108.195422,1,PLK,95.0,10.0,275.0,1.0,2,5100,0,0,0,0,1,0

APPTR,D27-Z,27,PLK2
IF,PLK,14.006028,108.024417, ,0.0,0.0,2,6900,0,0,0,0,1,0
TF,D105J,13.965472,108.190728,0, ,0.0,0.0,0.0,0.0,2,5100,0,0,0,0,0,1
CF,CF27Z,13.994289,108.195422,1,PLK,95.0,10.0,275.0,1.0,2,5100,0,0,0,0,1,0

FINAL,D27-Z,27,D,3
IF,CF27Z,13.994289,108.195422,PLK,95.0,10.0,2,5100,0,0,0,0,0,0
CF,FF27,14.000172,108.109922,0,PLK,95.0,5.0,275.0,5.0,2,4030,0,0,0,0,2,0
CF,MA27,14.004039,108.053489,0,PLK,95.0,1.7,275.0,3.3,1,2974,0,0,0,0,3,0
TF,PLK,14.006028,108.024417,0, ,0.0,0.0,0.0,0.0,0,0,0,0,0,0,0,0
CA,0,275.0,2,4000,0,0,0,0,0,0
DF,PLK,14.006028,108.024417,1, ,0.0,0.0,1,6900,0,0,0,0,0,0
HM,PLK,14.006028,108.024417,2, ,0.0,0.0,122.0,04.3,2,6900,0,0,0,0,0,0,0

APPTR,I27-W,27,PK800
IF,PK800,13.735000,108.060000, ,0.0,0.0,2,6000,0,0,0,0,1,0
TF,PK713,13.883889,108.216111,0, ,0.0,0.0,0.0,0.0,0,0,0,0,0,0,0,0
TF,PK712,14.001083,108.217972,0,IPK,0.0,0.0,0.0,0.0,1,5400,0,0,0,0,1,0

FINAL,I27-W,27,I,3
IF,PK712,14.001083,108.217972,IPK,92.0,12.6,1,5400,0,0,0,0,0,0
CF,PK711,14.002556,108.131889,0,IPK,91.9,7.6,272.0,5.0,1,4429,0,0,0,0,2,0
CF,RW27,14.004300,108.025767,0,IPK,91.9,1.4,272.0,6.2,1,2459,0,0,0,0,3,0
CA,0,272.0,2,3400,0,0,0,0,0,0
DF,PK720,13.897222,107.867778,0, ,0.0,0.0,0,0,0,1,230,0,0,0
TF,PK800,13.735000,108.060000,1, ,0.0,0.0,0.0,0.0,1,6000,0,0,0,0,0,0
HM,PK800,13.735000,108.060000,2, ,0.0,0.0,47.0,04.3,2,6000,0,0,0,0,0,0,0

APPTR,I27-X,27,PK713
IF,PK713,13.883889,108.216111, ,0.0,0.0,2,7000,0,0,0,0,1,0
TF,PK712,14.001083,108.217972,0,IPK,0.0,0.0,0.0,0.0,1,5400,0,0,0,0,1,0

APPTR,I27-X,27,PK714
IF,PK714,14.118056,108.220278, ,0.0,0.0,2,7000,0,0,0,0,1,0
TF,PK712,14.001083,108.217972,0,IPK,0.0,0.0,0.0,0.0,1,5400,0,0,0,0,1,0

FINAL,I27-X,27,I,3
IF,PK712,14.001083,108.217972,IPK,92.0,12.6,1,5400,0,0,0,0,0,0
CF,PK711,14.002556,108.131889,0,IPK,91.9,7.6,272.0,5.0,1,4429,0,0,0,0,2,0
CF,RW27,14.004300,108.025767,0,IPK,91.9,1.4,272.0,6.2,1,2459,0,0,0,0,3,0
CA,0,272.0,2,3400,0,0,0,0,0,0
DF,PK720,13.897222,107.867778,0, ,0.0,0.0,0,0,0,1,230,0,0,0
TF,PK800,13.735000,108.060000,1, ,0.0,0.0,0.0,0.0,1,6000,0,0,0,0,0,0
HM,PK800,13.735000,108.060000,2, ,0.0,0.0,47.0,04.3,2,6000,0,0,0,0,0,0,0

APPTR,I27-Y,27,D006N
IF,D006N,14.231144,108.044606, ,0.0,0.0,2,7700,0,0,0,0,1,0
CI,0, ,0.0,186.0,0,0,0,0,0,0,0,0
AF,D060L,14.105111,108.193478,2,PLK,60.0,11.5,6.0,2,7000,0,0,0,0,0,0
AF,D081L,14.039375,108.218597,2,PLK,81.0,11.5,60.0,2,5600,0,0,0,0,0,0
VI,0,IPK,0.0,242.0,0,0,0,0,0,0,0,0

APPTR,I27-Y,27,D026N
IF,D026N,14.210811,108.122311, ,0.0,0.0,2,7700,0,0,0,0,1,0
CI,0, ,0.0,206.0,0,0,0,0,0,0,0,0
AF,D060L,14.105111,108.193478,2,PLK,60.0,11.5,26.0,2,7000,0,0,0,0,0,0
AF,D081L,14.039375,108.218597,2,PLK,81.0,11.5,60.0,2,5600,0,0,0,0,0,0
VI,0,IPK,0.0,242.0,0,0,0,0,0,0,0,0

APPTR,I27-Y,27,D166N
IF,D166N,13.787736,108.084258, ,0.0,0.0,2,7700,0,0,0,0,1,0
CI,0, ,0.0,346.0,0,0,0,0,0,0,0,0
AF,D103L,13.965928,108.217222,1,PLK,103.0,11.5,166.0,2,5600,0,0,0,0,0,0
VI,0,IPK,0.0,302.0,0,0,0,0,0,0,0,0

APPTR,I27-Y,27,D176N
IF,D176N,13.780903,108.044567, ,0.0,0.0,2,7700,0,0,0,0,1,0
CI,0, ,0.0,356.0,0,0,0,0,0,0,0,0
AF,D103L,13.965928,108.217222,1,PLK,103.0,11.5,176.0,2,5600,0,0,0,0,0,0
VI,0,IPK,0.0,302.0,0,0,0,0,0,0,0,0

FINAL,I27-Y,27,I,3
IF,CI27Y,14.001061,108.221506,IPK,91.9,12.9,2,5600,0,0,0,0,0,0
CF,FI27,14.002578,108.131122,0,IPK,91.9,7.6,272.0,5.2,1,4403,0,0,0,0,2,0
CF,RW27,14.004300,108.025767,0,IPK,91.9,1.4,272.0,6.1,1,2459,0,0,0,0,3,0
VA,0,272.0,2,4000,0,0,0,0,0,0
DF,PLK,14.006028,108.024417,1, ,0.0,0.0,1,6900,0,0,0,0,0,0
HM,PLK,14.006028,108.024417,2, ,0.0,0.0,122.0,04.3,2,6900,0,0,0,0,0,0,0

APPTR,I27-Z,27,PLK1
IF,PLK,14.006028,108.024417, ,0.0,0.0,2,6900,0,0,0,0,1,0
TF,D123J,13.917278,108.169744,0, ,0.0,0.0,0.0,0.0,2,5100,0,0,0,0,0,1
CF,CI27Z,14.001494,108.195797,1,IPK,91.9,11.4,272.0,1.0,2,5100,0,0,0,0,1,0

APPTR,I27-Z,27,PLK2
IF,PLK,14.006028,108.024417, ,0.0,0.0,2,6900,0,0,0,0,1,0
TF,D104J,13.968314,108.191428,0, ,0.0,0.0,0.0,0.0,2,5100,0,0,0,0,0,1
CF,CI27Z,14.001494,108.195797,1,IPK,91.9,11.4,272.0,1.0,2,5100,0,0,0,0,1,0

FINAL,I27-Z,27,I,3
IF,CI27Z,14.001494,108.195797,IPK,91.9,11.4,2,5100,0,0,0,0,0,0
CF,FI27,14.002578,108.131122,0,IPK,91.9,7.6,272.0,3.7,1,4403,0,0,0,0,2,0
CF,RW27,14.004300,108.025767,0,IPK,91.9,1.4,272.0,6.1,1,2459,0,0,0,0,3,0
VA,0,272.0,2,4000,0,0,0,0,0,0
DF,PLK,14.006028,108.024417,1, ,0.0,0.0,2,6900,0,0,0,0,0,0
HM,PLK,14.006028,108.024417,2, ,0.0,0.0,122.0,04.3,2,6900,0,0,0,0,0,0,0

APPTR,R09-Y,09,PK800
IF,PK800,13.735000,108.060000, ,0.0,0.0,2,6000,0,0,0,0,1,0
TF,PK913,13.891111,107.777222,0, ,0.0,0.0,0.0,0.0,0,0,0,0,0,0,0,0
TF,PK912,14.008194,107.779278,0, ,0.0,0.0,0.0,0.0,1,6000,0,0,0,0,1,0

FINAL,R09-Y,09,R,3
IF,PK912,14.008194,107.779278, ,0.0,0.0,1,6000,0,0,0,0,0,0
TF,PK911,14.006333,107.899278,0, ,0.0,0.0,92.0,7.0,1,4430,0,0,0,0,2,0
TF,RW09,14.004661,108.003553,0, ,0.0,0.0,92.0,6.1,1,2491,0,0,0,0,3,1
CA,0,92.0,2,3600,0,0,0,0,0,0
DF,PK800,13.735000,108.060000,2, ,0.0,0.0,1,6000,0,0,0,0,0,0
HM,PK800,13.735000,108.060000,1, ,0.0,0.0,300.0,04.3,2,6000,0,0,0,0,0,0,0

APPTR,R09-Z,09,PK913
IF,PK913,13.891111,107.777222, ,0.0,0.0,2,7000,0,0,0,0,1,0
TF,PK912,14.008194,107.779278,0, ,0.0,0.0,0.0,0.0,1,6000,0,0,0,0,1,0

APPTR,R09-Z,09,PK914
IF,PK914,14.125278,107.781111, ,0.0,0.0,2,7000,0,0,0,0,1,0
TF,PK912,14.008194,107.779278,0, ,0.0,0.0,0.0,0.0,1,6000,0,0,0,0,1,0

FINAL,R09-Z,09,R,3
IF,PK912,14.008194,107.779278, ,0.0,0.0,1,6000,0,0,0,0,0,0
TF,PK911,14.006333,107.899278,0, ,0.0,0.0,92.0,7.0,1,4430,0,0,0,0,2,0
TF,RW09,14.004661,108.003553,0, ,0.0,0.0,92.0,6.1,1,2491,0,0,0,0,3,1
CA,0,92.0,2,3600,0,0,0,0,0,0
DF,PK800,13.735000,108.060000,2, ,0.0,0.0,1,6000,0,0,0,0,0,0
HM,PK800,13.735000,108.060000,1, ,0.0,0.0,300.0,04.3,2,6000,0,0,0,0,0,0,0

APPTR,R27-Y,27,PK800
IF,PK800,13.735000,108.060000, ,0.0,0.0,2,6000,0,0,0,0,1,0
TF,PK713,13.883889,108.216111,0, ,0.0,0.0,0.0,0.0,0,0,0,0,0,0,0,0
TF,PK712,14.001083,108.217972,0, ,0.0,0.0,0.0,0.0,1,5400,0,0,0,0,1,0

FINAL,R27-Y,27,R,3
IF,PK712,14.001083,108.217972, ,0.0,0.0,1,5400,0,0,0,0,0,0
TF,PK711,14.002556,108.131889,0, ,0.0,0.0,272.0,5.0,1,4430,0,0,0,0,2,0
TF,RW27,14.004300,108.025767,0, ,0.0,0.0,272.0,6.2,1,2458,0,0,0,0,3,1
CA,0,272.0,2,3400,0,0,0,0,0,0
DF,PK720,13.897222,107.867778,0, ,0.0,0.0,0,0,0,1,230,0,0,0
TF,PK800,13.735000,108.060000,1, ,0.0,0.0,0.0,0.0,1,6000,0,0,0,0,0,0
HM,PK800,13.735000,108.060000,2, ,0.0,0.0,47.0,04.3,2,6000,0,0,0,0,0,0,0

APPTR,R27-Z,27,PK713
IF,PK713,13.883889,108.216111, ,0.0,0.0,2,7000,0,0,0,0,1,0
TF,PK712,14.001083,108.217972,0, ,0.0,0.0,0.0,0.0,1,5400,0,0,0,0,1,0

APPTR,R27-Z,27,PK714
IF,PK714,14.118056,108.220278, ,0.0,0.0,2,7000,0,0,0,0,1,0
TF,PK712,14.001083,108.217972,0, ,0.0,0.0,0.0,0.0,1,5400,0,0,0,0,1,0

FINAL,R27-Z,27,R,3
IF,PK712,14.001083,108.217972, ,0.0,0.0,1,5400,0,0,0,0,0,0
TF,PK711,14.002556,108.131889,0, ,0.0,0.0,272.0,5.0,1,4430,0,0,0,0,2,0
TF,RW27,14.004300,108.025767,0, ,0.0,0.0,272.0,6.2,1,2458,0,0,0,0,3,1
CA,0,272.0,2,3400,0,0,0,0,0,0
DF,PK720,13.897222,107.867778,0, ,0.0,0.0,0,0,0,1,230,0,0,0
TF,PK800,13.735000,108.060000,1, ,0.0,0.0,0.0,0.0,1,6000,0,0,0,0,0,0
HM,PK800,13.735000,108.060000,2, ,0.0,0.0,47.0,04.3,2,6000,0,0,0,0,0,0,0

