STAR,MUBO1A,ALL,2
IF,MUBOT,-8.474167,117.404722, ,0.0,0.0,0,0,0,0,0,0,0,0
TF,NMA,-8.534144,118.691567,0, ,0.0,0.0,0.0,0.0,0,0,0,0,0,0,0,0
TF,SARIR,-8.199500,118.678389,1, ,0.0,0.0,0.0,0.0,0,0,0,0,0,0,0,0

STAR,RUTE1A,ALL,2
IF,RUTEN,-8.604722,120.469444, ,0.0,0.0,0,0,0,0,0,0,0,0
TF,NMA,-8.534144,118.691567,0, ,0.0,0.0,0.0,0.0,0,0,0,0,0,0,0,0
TF,SARIR,-8.199500,118.678389,0, ,0.0,0.0,0.0,0.0,0,0,0,0,0,0,0,0

STAR,UNSE1A,ALL,2
IF,UNSEP,-6.960833,125.802222, ,0.0,0.0,0,0,0,0,0,0,0,0
TF,NMA,-8.534144,118.691567,0, ,0.0,0.0,0.0,0.0,0,0,0,0,0,0,0,0
TF,SARIR,-8.199500,118.678389,0, ,0.0,0.0,0.0,0.0,0,0,0,0,0,0,0,0

APPTR,R14-R,14,SARIR
HF,SARIR,-8.199500,118.678389,2, ,0.0,0.0,177.0,04.3,2,7000,0,0,0,0,1,0,0

FINAL,R14-R,14,R,2
IF,SARIR,-8.199500,118.678389,NMA,356.8,20.0,2,7000,0,0,0,0,2,0
CF,NMA,-8.534144,118.691567,0,NMA,0.0,0.0,177.0,20.0,1,1950,0,0,0,0,3,0
VI,2, ,0.0,27.0,0,0,0,0,0,0,0,0
CF,SARIR,-8.199500,118.678389,0,NMA,356.8,20.0,357.0,14.0,2,7000,0,0,0,0,0,0

APPTR,R32-R,32,SARIR
HF,SARIR,-8.199500,118.678389,2, ,0.0,0.0,177.0,04.3,2,7000,0,0,0,0,1,0,0

FINAL,R32-R,32,R,2
IF,SARIR,-8.199500,118.678389,NMA,356.8,20.0,2,7000,0,0,0,0,2,0
CF,NMA,-8.534144,118.691567,0,NMA,0.0,0.0,177.0,20.0,1,1950,0,0,0,0,3,0
VI,2, ,0.0,27.0,0,0,0,0,0,0,0,0
CF,SARIR,-8.199500,118.678389,0,NMA,356.8,20.0,357.0,14.0,2,7000,0,0,0,0,0,0

