SID,AGUN1A,13,2
CA,0,128.0,2,4000,0,0,0,0,0,0
DF,LMB,-8.772342,116.294064,2, ,0.0,0.0,2,8000,0,0,0,0,0,1
TF,TANJU,-8.214117,116.057203,0, ,0.0,0.0,0.0,0.0,0,0,0,0,0,0,0,0
TF,AGUNG,-7.991389,115.684444,0, ,0.0,0.0,0.0,0.0,0,0,0,0,0,0,0,0

SID,AGUN1B,31,2
CA,0,308.0,2,6000,0,0,0,0,0,0
CI,0, ,0.0,6.0,0,0,0,0,0,0,0,0
CF,TANJU,-8.214117,116.057203,0,LMB,336.1,36.2,336.0,15.0,2,8000,0,0,0,0,0,0
TF,AGUNG,-7.991389,115.684444,0, ,0.0,0.0,0.0,0.0,0,0,0,0,0,0,0,0

SID,CODO1A,13,2
CA,0,128.0,2,4000,0,0,0,0,0,0
DF,CODOT,-8.945278,115.823333,2, ,0.0,0.0,0,0,0,0,0,0,0,0

SID,CODO1B,31,2
CA,0,308.0,2,3000,0,0,0,0,0,0
DF,CODOT,-8.945278,115.823333,0, ,0.0,0.0,0,0,0,0,0,0,0,0

SID,DULO1A,13,2
CA,0,128.0,2,4000,0,0,0,0,0,0
DF,LMB,-8.772342,116.294064,2, ,0.0,0.0,2,8000,0,0,0,0,0,0
TF,TANJU,-8.214117,116.057203,0, ,0.0,0.0,0.0,0.0,0,0,0,0,0,0,0,0
TF,DULOS,-8.131667,115.918611,0, ,0.0,0.0,0.0,0.0,0,0,0,0,0,0,0,0

SID,DULO1B,31,2
CA,0,308.0,2,6000,0,0,0,0,0,0
CI,0, ,0.0,6.0,0,0,0,0,0,0,0,0
CF,TANJU,-8.214117,116.057203,0,LMB,336.1,36.2,336.0,15.0,2,8000,0,0,0,0,0,0
TF,DULOS,-8.131667,115.918611,0, ,0.0,0.0,0.0,0.0,0,0,0,0,0,0,0,0

SID,PEBG1H,13,2
CA,0,128.0,2,2000,0,0,0,0,0,0
VI,0, ,0.0,41.0,1,5000,0,0,0,0,0,0
CF,TOKEK,-8.641944,116.781667,0,LMB,74.0,30.0,74.0,25.0,0,0,0,0,0,0,0,0
TF,PEBGU,-8.563333,117.082778,0, ,0.0,0.0,0.0,0.0,0,0,0,0,0,0,0,0

SID,PEBG1J,31,2
CA,0,308.0,2,1000,0,0,0,0,0,0
VI,2, ,0.0,101.0,1,5000,0,0,0,0,0,0
CF,TOKEK,-8.641944,116.781667,0,LMB,74.0,30.0,74.0,21.0,0,0,0,0,0,0,0,0
TF,PEBGU,-8.563333,117.082778,0, ,0.0,0.0,0.0,0.0,0,0,0,0,0,0,0,0

SID,TEPO1C,13,2
CA,0,128.0,2,4000,0,0,0,0,0,0
DF,LMB,-8.772342,116.294064,2, ,0.0,0.0,2,8000,0,0,0,0,0,0
TF,PIKAP,-8.063611,116.970000,0, ,0.0,0.0,0.0,0.0,0,0,0,0,0,0,0,0
TF,TEPOS,-8.027500,117.064167,0, ,0.0,0.0,0.0,0.0,0,0,0,0,0,0,0,0

SID,TEPO1D,31,2
CA,0,308.0,2,1000,0,0,0,0,0,0
VI,2, ,0.0,90.0,0,0,0,0,0,0,0,0
CF,LMB30,-8.528536,116.735442,0,LMB,60.0,30.0,60.0,22.0,0,0,0,0,0,0,0,1
VI,0, ,0.0,16.0,0,0,0,0,0,0,0,0
CF,TEPOS,-8.027500,117.064167,0,LMB,44.9,63.8,45.0,20.0,0,0,0,0,0,0,0,0

SID,TOKU1A,13,2
CA,0,128.0,2,4000,0,0,0,0,0,0
DF,TOKUL,-8.937500,115.821667,2, ,0.0,0.0,0,0,0,0,0,0,0,0

SID,TOKU1B,31,2
CA,0,308.0,2,3000,0,0,0,0,0,0
DF,TOKUL,-8.937500,115.821667,0, ,0.0,0.0,0,0,0,0,0,0,0,0

STAR,AGUN1C,13,2
IF,AGUNG,-7.991389,115.684444, ,0.0,0.0,3,14000,0,0,0,0,0,0
TF,TOLOP,-8.165833,115.819167,0, ,0.0,0.0,0.0,0.0,2,7000,0,0,0,0,0,0
TF,NOLUB,-8.603694,116.084750,0, ,0.0,0.0,0.0,0.0,2,4500,0,0,0,0,0,0

STAR,AGUN1D,31,2
IF,AGUNG,-7.991389,115.684444, ,0.0,0.0,3,14000,0,0,0,0,0,0
TF,TOLOP,-8.165833,115.819167,0, ,0.0,0.0,0.0,0.0,0,0,0,0,0,0,0,0
TF,LMB,-8.772342,116.294064,0, ,0.0,0.0,0.0,0.0,2,7000,0,0,0,0,0,0
TF,AWANG,-8.909333,116.464250,0, ,0.0,0.0,0.0,0.0,2,4000,0,0,0,0,0,0

STAR,BIMO1A,13,2
IF,BLI,-8.750583,115.163306, ,0.0,0.0,0,0,0,0,0,0,0,0
TF,BIMOV,-8.549167,115.695556,0, ,0.0,0.0,0.0,0.0,0,0,0,0,0,0,0,0
TF,NOLUB,-8.603694,116.084750,0, ,0.0,0.0,0.0,0.0,2,4500,0,0,0,0,0,0

STAR,BIMO1B,31,2
IF,BLI,-8.750583,115.163306, ,0.0,0.0,0,0,0,0,0,0,0,0
TF,BIMOV,-8.549167,115.695556,0, ,0.0,0.0,0.0,0.0,0,0,0,0,0,0,0,0
TF,LMB,-8.772342,116.294064,0, ,0.0,0.0,0.0,0.0,2,7000,0,0,0,0,0,0
TF,AWANG,-8.909333,116.464250,0, ,0.0,0.0,0.0,0.0,2,4000,0,0,0,0,0,0

STAR,PATI1A,13,2
IF,BLI,-8.750583,115.163306, ,0.0,0.0,0,0,0,0,0,0,0,0
TF,PATIN,-8.419211,115.684356,0, ,0.0,0.0,0.0,0.0,0,0,0,0,0,0,0,0
TF,NOLUB,-8.603694,116.084750,0, ,0.0,0.0,0.0,0.0,2,4500,0,0,0,0,0,0

STAR,PATI1B,31,2
IF,BLI,-8.750583,115.163306, ,0.0,0.0,0,0,0,0,0,0,0,0
TF,PATIN,-8.419211,115.684356,0, ,0.0,0.0,0.0,0.0,0,0,0,0,0,0,0,0
TF,LMB,-8.772342,116.294064,0, ,0.0,0.0,0.0,0.0,2,7000,0,0,0,0,0,0
TF,AWANG,-8.909333,116.464250,0, ,0.0,0.0,0.0,0.0,2,4000,0,0,0,0,0,0

STAR,PEBG1K,13,2
IF,PEBGU,-8.563333,117.082778, ,0.0,0.0,0,0,0,0,0,0,0,0
TF,TOKEK,-8.641944,116.781667,0, ,0.0,0.0,0.0,0.0,0,0,0,0,0,0,0,0
TF,D044M,-8.623119,116.443975,0, ,0.0,0.0,0.0,0.0,1,8000,0,0,0,0,0,0
TF,D353J,-8.614131,116.277356,0, ,0.0,0.0,0.0,0.0,1,6000,0,0,0,0,0,0
TF,NOLUB,-8.603694,116.084750,0, ,0.0,0.0,0.0,0.0,2,4500,0,0,0,0,0,0

STAR,PEBG1L,31,2
IF,PEBGU,-8.563333,117.082778, ,0.0,0.0,0,0,0,0,0,0,0,0
TF,TOKEK,-8.641944,116.781667,0, ,0.0,0.0,0.0,0.0,0,0,0,0,0,0,0,0
TF,D085U,-8.747172,116.653378,0, ,0.0,0.0,0.0,0.0,1,6000,0,0,0,0,0,0
TF,AWANG,-8.909333,116.464250,0, ,0.0,0.0,0.0,0.0,2,4000,0,0,0,0,0,0

STAR,SASA1C,13,2
IF,SASAX,-8.455833,117.488889, ,0.0,0.0,0,0,0,0,0,0,0,0
TF,PEBGU,-8.563333,117.082778,0, ,0.0,0.0,0.0,0.0,0,0,0,0,0,0,0,0
TF,TOKEK,-8.641944,116.781667,0, ,0.0,0.0,0.0,0.0,0,0,0,0,0,0,0,0
TF,D044M,-8.623119,116.443975,0, ,0.0,0.0,0.0,0.0,1,8000,0,0,0,0,0,0
TF,D353J,-8.614131,116.277356,0, ,0.0,0.0,0.0,0.0,1,6000,0,0,0,0,0,0
TF,NOLUB,-8.603694,116.084750,0, ,0.0,0.0,0.0,0.0,2,4500,0,0,0,0,0,0

STAR,SASA1D,31,2
IF,SASAX,-8.455833,117.488889, ,0.0,0.0,0,0,0,0,0,0,0,0
TF,PEBGU,-8.563333,117.082778,0, ,0.0,0.0,0.0,0.0,0,0,0,0,0,0,0,0
TF,TOKEK,-8.641944,116.781667,0, ,0.0,0.0,0.0,0.0,0,0,0,0,0,0,0,0
TF,D085U,-8.747172,116.653378,0, ,0.0,0.0,0.0,0.0,1,6000,0,0,0,0,0,0
TF,AWANG,-8.909333,116.464250,0, ,0.0,0.0,0.0,0.0,2,4000,0,0,0,0,0,0

STAR,SOVK1A,13,2
IF,SOVKA,-7.679167,115.444167, ,0.0,0.0,0,0,0,0,0,0,0,0
TF,AGUNG,-7.991389,115.684444,0, ,0.0,0.0,0.0,0.0,3,14000,0,0,0,0,0,0
TF,TOLOP,-8.165833,115.819167,0, ,0.0,0.0,0.0,0.0,2,7000,0,0,0,0,0,0
TF,NOLUB,-8.603694,116.084750,0, ,0.0,0.0,0.0,0.0,2,4500,0,0,0,0,0,0

STAR,SOVK1B,31,2
IF,SOVKA,-7.679167,115.444167, ,0.0,0.0,0,0,0,0,0,0,0,0
TF,AGUNG,-7.991389,115.684444,0, ,0.0,0.0,0.0,0.0,3,14000,0,0,0,0,0,0
TF,TOLOP,-8.165833,115.819167,0, ,0.0,0.0,0.0,0.0,0,0,0,0,0,0,0,0
TF,LMB,-8.772342,116.294064,0, ,0.0,0.0,0.0,0.0,2,7000,0,0,0,0,0,0
TF,AWANG,-8.909333,116.464250,0, ,0.0,0.0,0.0,0.0,2,4000,0,0,0,0,0,0

APPTR,D13,13,NOLUB
IF,NOLUB,-8.603694,116.084750, ,0.0,0.0,2,4500,0,0,0,0,1,0
TF,CD13,-8.635306,116.124067,0, ,0.0,0.0,0.0,0.0,2,3200,0,0,0,0,1,0

FINAL,D13,13,D,3
IF,CD13,-8.635306,116.124067,LMB,308.0,13.0,2,3200,0,0,0,0,0,0
CF,FD13,-8.693306,116.195944,0,LMB,308.0,7.5,128.0,5.5,2,2000,0,0,0,0,2,0
CF,MD13,-8.736508,116.249589,0,LMB,308.0,3.4,128.0,4.1,1,734,0,0,0,0,3,0
CF,LMB,-8.772342,116.294064,0,LMB,0.0,0.0,128.0,3.4,0,0,0,0,0,0,0,0
CF,AWANG,-8.909333,116.464250,0,LMB,128.0,13.0,128.0,13.0,2,4000,0,0,0,0,0,0
HM,AWANG,-8.909333,116.464250,1, ,0.0,0.0,308.0,04.3,2,4000,0,0,0,0,0,0,0

APPTR,D31,31,AWANG
IF,AWANG,-8.909333,116.464250, ,0.0,0.0,2,4000,0,0,0,0,1,0
TF,CF31,-8.877697,116.424914,0, ,0.0,0.0,0.0,0.0,2,3000,0,0,0,0,1,0

FINAL,D31,31,D,3
IF,CF31,-8.877697,116.424914,LMB,128.0,10.0,2,3000,0,0,0,0,0,0
CF,FF31,-8.821861,116.355556,0,LMB,128.0,4.7,308.0,5.3,2,2000,0,0,0,0,2,0
CF,LMB,-8.772342,116.294064,0,LMB,0.0,0.0,308.0,4.7,1,520,0,0,0,0,3,1
CF,NOLUB,-8.603694,116.084750,0,LMB,308.0,16.0,308.0,16.0,2,4500,0,0,0,0,0,0
HM,NOLUB,-8.603694,116.084750,2, ,0.0,0.0,128.0,04.3,2,4500,0,0,0,0,0,0,0

APPTR,I13,13,NOLUB
IF,NOLUB,-8.603694,116.084750, ,0.0,0.0,2,4500,0,0,0,0,1,0
CF,CF13,-8.634875,116.123847,0,ILMB,308.1,12.8,128.0,3.0,2,3200,0,0,0,0,1,0

FINAL,I13,13,I,3
IF,CF13,-8.634875,116.123847,ILMB,308.1,12.8,2,3200,0,0,0,0,0,0
CF,FF13,-8.695722,116.198833,0,ILMB,308.0,7.0,128.0,5.8,1,2000,0,0,0,0,2,0
CF,RW13,-8.749406,116.265556,0,ILMB,308.0,1.9,128.0,5.1,1,359,0,0,0,0,3,0
CA,0,128.0,2,1500,0,0,0,0,0,0
CF,AWANG,-8.909333,116.464250,0,LMB,128.0,13.0,128.0,13.5,2,4000,0,0,0,0,0,0
HM,AWANG,-8.909333,116.464250,1, ,0.0,0.0,308.0,04.3,2,4000,0,0,0,0,0,0,0

APPTR,R13,13,NOLUB
IF,NOLUB,-8.603694,116.084750, ,0.0,0.0,2,4500,0,0,0,0,1,0
TF,DL401,-8.635333,116.124000,0, ,0.0,0.0,0.0,0.0,2,3200,0,0,0,0,1,0

FINAL,R13,13,R,3
IF,DL401,-8.635333,116.124000, ,0.0,0.0,2,3200,0,0,0,0,0,0
TF,DL402,-8.693167,116.195722,0, ,0.0,0.0,128.0,5.5,2,2000,0,0,0,0,2,0
TF,RW13,-8.749406,116.265556,0, ,0.0,0.0,128.0,5.3,1,357,0,0,0,0,3,1
DF,AWANG,-8.909333,116.464250,0, ,0.0,0.0,2,4000,0,0,0,0,0,0
HM,AWANG,-8.909333,116.464250,1, ,0.0,0.0,308.0,04.3,2,4000,0,0,0,0,0,0,0

APPTR,R31,31,AWANG
IF,AWANG,-8.909333,116.464250, ,0.0,0.0,2,4000,0,0,0,0,1,0
TF,DL601,-8.877722,116.424944,0, ,0.0,0.0,0.0,0.0,2,3000,0,0,0,0,1,0

FINAL,R31,31,R,3
IF,DL601,-8.877722,116.424944, ,0.0,0.0,2,3000,0,0,0,0,0,0
TF,DL602,-8.822972,116.356889,0, ,0.0,0.0,308.0,5.2,2,2000,0,0,0,0,2,0
TF,RW31,-8.768153,116.288861,0, ,0.0,0.0,308.0,5.2,1,393,0,0,0,0,3,1
DF,NOLUB,-8.603694,116.084750,0, ,0.0,0.0,2,4500,0,0,0,0,0,0
HM,NOLUB,-8.603694,116.084750,2, ,0.0,0.0,128.0,04.3,2,4500,0,0,0,0,0,0,0

