SID,FIMB1F,32,5
VA,0,321.0,2,500,0,0,0,0,0,0
DF,UBLEL,1.007778,127.354167,0, ,0.0,0.0,0,0,0,1,230,0,0,0
TF,IPNIS,1.005833,127.155000,0, ,0.0,0.0,0.0,0.0,0,0,0,0,0,0,0,0
TF,ERVAV,0.720278,127.101389,0, ,0.0,0.0,0.0,0.0,0,0,0,0,0,0,0,0
TF,UPVIT,0.677778,127.317500,0, ,0.0,0.0,0.0,0.0,2,11000,0,0,0,0,0,0
TF,VIKAT,0.529444,128.068056,0, ,0.0,0.0,0.0,0.0,0,0,0,0,0,0,0,0
TF,UGUKA,0.358056,128.935000,0, ,0.0,0.0,0.0,0.0,0,0,0,0,0,0,0,0
TF,FIMBA,-0.140278,129.165000,0, ,0.0,0.0,0.0,0.0,0,0,0,0,0,0,0,0

SID,FIMB1H,14,5
VA,0,141.0,2,800,0,0,0,0,0,0
DF,UBLEL,1.007778,127.354167,1, ,0.0,0.0,0,0,0,0,0,0,0,0
TF,IPNIS,1.005833,127.155000,0, ,0.0,0.0,0.0,0.0,0,0,0,0,0,0,0,0
TF,ERVAV,0.720278,127.101389,0, ,0.0,0.0,0.0,0.0,0,0,0,0,0,0,0,0
TF,UPVIT,0.677778,127.317500,0, ,0.0,0.0,0.0,0.0,2,11000,0,0,0,0,0,0
TF,VIKAT,0.529444,128.068056,0, ,0.0,0.0,0.0,0.0,0,0,0,0,0,0,0,0
TF,UGUKA,0.358056,128.935000,0, ,0.0,0.0,0.0,0.0,0,0,0,0,0,0,0,0
TF,FIMBA,-0.140278,129.165000,0, ,0.0,0.0,0.0,0.0,0,0,0,0,0,0,0,0

SID,FIMB2A,14,2
VA,0,141.0,2,500,0,0,0,0,0,0
CI,0, ,0.0,100.0,0,0,0,0,0,0,0,0
CF,IKIXU,0.230556,128.096944,0,TRN,130.0,56.7,130.0,56.0,0,0,0,0,0,0,0,0
TF,FIMBA,-0.140278,129.165000,0, ,0.0,0.0,0.0,0.0,0,0,0,0,0,0,0,0

SID,FORM2A,14,2
VA,0,141.0,2,500,0,0,0,0,0,0
CI,0, ,0.0,68.0,0,0,0,0,0,0,0,0
CF,AREXI,0.771667,127.868889,0,TRN,97.9,30.0,98.0,26.0,0,0,0,0,0,0,0,0
TF,FORMY,0.671667,128.393333,0, ,0.0,0.0,0.0,0.0,0,0,0,0,0,0,0,0

SID,HALM1K,14,2
VA,0,141.0,2,500,0,0,0,0,0,0
CI,0, ,0.0,100.0,0,0,0,0,0,0,0,0
CF,D130J,0.733250,127.502064,0,TRN,130.0,10.0,130.0,9.0,0,0,0,0,0,0,0,1
CF,TRN,0.840917,127.374611,1,TRN,0.0,0.0,280.0,9.0,2,6000,0,0,0,0,0,0
TF,LETVO,0.958056,126.889167,0, ,0.0,0.0,0.0,0.0,0,0,0,0,0,0,0,0
TF,HALMO,1.014722,126.590556,0, ,0.0,0.0,0.0,0.0,0,0,0,0,0,0,0,0

SID,HALM1M,14,5
VA,0,141.0,2,800,0,0,0,0,0,0
DF,UBLEL,1.007778,127.354167,1, ,0.0,0.0,0,0,0,0,0,0,0,0
TF,IPNIS,1.005833,127.155000,0, ,0.0,0.0,0.0,0.0,0,0,0,0,0,0,0,0
TF,HALMO,1.014722,126.590556,0, ,0.0,0.0,0.0,0.0,0,0,0,0,0,0,0,0

SID,HALM1N,32,5
VA,0,321.0,2,500,0,0,0,0,0,0
DF,UBLEL,1.007778,127.354167,0, ,0.0,0.0,0,0,0,1,230,0,0,0
TF,IPNIS,1.005833,127.155000,0, ,0.0,0.0,0.0,0.0,0,0,0,0,0,0,0,0
TF,HALMO,1.014722,126.590556,0, ,0.0,0.0,0.0,0.0,0,0,0,0,0,0,0,0

SID,KUPA1A,14,5
VA,0,141.0,2,800,0,0,0,0,0,0
DF,UBLEL,1.007778,127.354167,1, ,0.0,0.0,0,0,0,0,0,0,0,0
TF,IPNIS,1.005833,127.155000,0, ,0.0,0.0,0.0,0.0,0,0,0,0,0,0,0,0
TF,ERVAV,0.720278,127.101389,0, ,0.0,0.0,0.0,0.0,0,0,0,0,0,0,0,0
TF,UXALU,0.468333,127.041111,0, ,0.0,0.0,0.0,0.0,3,13000,0,0,0,0,0,0
TF,UDIBI,-0.101667,126.858333,0, ,0.0,0.0,0.0,0.0,3,17000,0,0,0,0,0,0
TF,KUPAL,-0.612500,127.295556,0, ,0.0,0.0,0.0,0.0,0,0,0,0,0,0,0,0

SID,KUPA1B,32,5
VA,0,321.0,2,500,0,0,0,0,0,0
DF,UBLEL,1.007778,127.354167,0, ,0.0,0.0,0,0,0,1,230,0,0,0
TF,IPNIS,1.005833,127.155000,0, ,0.0,0.0,0.0,0.0,0,0,0,0,0,0,0,0
TF,ERVAV,0.720278,127.101389,0, ,0.0,0.0,0.0,0.0,0,0,0,0,0,0,0,0
TF,UXALU,0.468333,127.041111,0, ,0.0,0.0,0.0,0.0,3,13000,0,0,0,0,0,0
TF,UDIBI,-0.101667,126.858333,0, ,0.0,0.0,0.0,0.0,3,17000,0,0,0,0,0,0
TF,KUPAL,-0.612500,127.295556,0, ,0.0,0.0,0.0,0.0,0,0,0,0,0,0,0,0

SID,OSRA1A,14,5
VA,0,141.0,2,800,0,0,0,0,0,0
DF,UBLEL,1.007778,127.354167,1, ,0.0,0.0,0,0,0,0,0,0,0,0
TF,VAVNI,1.536389,127.362500,0, ,0.0,0.0,0.0,0.0,0,0,0,0,0,0,0,0
TF,EPDUM,1.836944,127.786944,0, ,0.0,0.0,0.0,0.0,0,0,0,0,0,0,0,0
TF,OSRAL,2.045833,128.313889,0, ,0.0,0.0,0.0,0.0,0,0,0,0,0,0,0,0

SID,OSRA1B,32,5
VA,0,321.0,2,500,0,0,0,0,0,0
DF,UBLEL,1.007778,127.354167,0, ,0.0,0.0,0,0,0,1,230,0,0,0
TF,VAVNI,1.536389,127.362500,0, ,0.0,0.0,0.0,0.0,0,0,0,0,0,0,0,0
TF,EPDUM,1.836944,127.786944,0, ,0.0,0.0,0.0,0.0,0,0,0,0,0,0,0,0
TF,OSRAL,2.045833,128.313889,0, ,0.0,0.0,0.0,0.0,0,0,0,0,0,0,0,0

SID,TELE1C,14,5
VA,0,141.0,2,800,0,0,0,0,0,0
DF,UBLEL,1.007778,127.354167,1, ,0.0,0.0,0,0,0,0,0,0,0,0
TF,IPNIS,1.005833,127.155000,0, ,0.0,0.0,0.0,0.0,0,0,0,0,0,0,0,0
TF,ERVAV,0.720278,127.101389,0, ,0.0,0.0,0.0,0.0,0,0,0,0,0,0,0,0
TF,UXALU,0.468333,127.041111,0, ,0.0,0.0,0.0,0.0,3,13000,0,0,0,0,0,0
TF,UDIBI,-0.101667,126.858333,0, ,0.0,0.0,0.0,0.0,3,17000,0,0,0,0,0,0
TF,TELES,-0.906667,126.565000,0, ,0.0,0.0,0.0,0.0,0,0,0,0,0,0,0,0

SID,TELE1D,32,5
VA,0,321.0,2,500,0,0,0,0,0,0
DF,UBLEL,1.007778,127.354167,0, ,0.0,0.0,0,0,0,1,230,0,0,0
TF,IPNIS,1.005833,127.155000,0, ,0.0,0.0,0.0,0.0,0,0,0,0,0,0,0,0
TF,ERVAV,0.720278,127.101389,0, ,0.0,0.0,0.0,0.0,0,0,0,0,0,0,0,0
TF,UXALU,0.468333,127.041111,0, ,0.0,0.0,0.0,0.0,3,13000,0,0,0,0,0,0
TF,UDIBI,-0.101667,126.858333,0, ,0.0,0.0,0.0,0.0,3,17000,0,0,0,0,0,0
TF,TELES,-0.906667,126.565000,0, ,0.0,0.0,0.0,0.0,0,0,0,0,0,0,0,0

SID,TELE2A,14,2
VA,0,141.0,2,500,0,0,0,0,0,0
CI,0, ,0.0,100.0,0,0,0,0,0,0,0,0
CF,D130J,0.733250,127.502064,0,TRN,130.0,10.0,130.0,9.0,0,0,0,0,0,0,0,1
CF,TRN,0.840917,127.374611,1,TRN,0.0,0.0,280.0,9.0,2,6000,0,0,0,0,0,0
TF,RANBU,0.385556,127.163611,0, ,0.0,0.0,0.0,0.0,0,0,0,0,0,0,0,0
TF,TELES,-0.906667,126.565000,0, ,0.0,0.0,0.0,0.0,0,0,0,0,0,0,0,0

SID,TEPU1A,14,5
VA,0,141.0,2,800,0,0,0,0,0,0
DF,UBLEL,1.007778,127.354167,1, ,0.0,0.0,0,0,0,0,0,0,0,0
TF,IPNIS,1.005833,127.155000,0, ,0.0,0.0,0.0,0.0,0,0,0,0,0,0,0,0
TF,ERVAV,0.720278,127.101389,0, ,0.0,0.0,0.0,0.0,0,0,0,0,0,0,0,0
TF,UPVIT,0.677778,127.317500,0, ,0.0,0.0,0.0,0.0,2,11000,0,0,0,0,0,0
TF,VIKAT,0.529444,128.068056,0, ,0.0,0.0,0.0,0.0,0,0,0,0,0,0,0,0
TF,TEPUR,0.919444,128.382500,0, ,0.0,0.0,0.0,0.0,0,0,0,0,0,0,0,0

SID,TEPU1B,32,5
VA,0,321.0,2,500,0,0,0,0,0,0
DF,UBLEL,1.007778,127.354167,0, ,0.0,0.0,0,0,0,1,230,0,0,0
TF,IPNIS,1.005833,127.155000,0, ,0.0,0.0,0.0,0.0,0,0,0,0,0,0,0,0
TF,ERVAV,0.720278,127.101389,0, ,0.0,0.0,0.0,0.0,0,0,0,0,0,0,0,0
TF,UPVIT,0.677778,127.317500,0, ,0.0,0.0,0.0,0.0,2,11000,0,0,0,0,0,0
TF,VIKAT,0.529444,128.068056,0, ,0.0,0.0,0.0,0.0,0,0,0,0,0,0,0,0
TF,TEPUR,0.919444,128.382500,0, ,0.0,0.0,0.0,0.0,0,0,0,0,0,0,0,0

STAR,FIMB1G,32,5
IF,FIMBA,-0.140278,129.165000, ,0.0,0.0,0,0,0,0,0,0,0,0
TF,MIDAP,0.433611,127.738889,0, ,0.0,0.0,0.0,0.0,0,0,0,0,0,0,0,0
TF,MABEX,0.594556,127.579944,0, ,0.0,0.0,0.0,0.0,2,6000,0,0,0,0,0,0

STAR,FIMB2B,32,2
IF,FIMBA,-0.140278,129.165000, ,0.0,0.0,0,0,0,0,0,0,0,0
TF,SEGTI,0.335556,127.795833,0, ,0.0,0.0,0.0,0.0,0,0,0,0,0,0,0,0
TF,MABEX,0.594556,127.579944,0, ,0.0,0.0,0.0,0.0,0,0,0,0,0,0,0,0

STAR,FORM2B,32,2
IF,FORMY,0.671667,128.393333, ,0.0,0.0,0,0,0,0,0,0,0,0
TF,AREXI,0.771667,127.868889,0, ,0.0,0.0,0.0,0.0,0,0,0,0,0,0,0,0
TF,MABEX,0.594556,127.579944,0, ,0.0,0.0,0.0,0.0,0,0,0,0,0,0,0,0

STAR,HALM1P,32,2
IF,HALMO,1.014722,126.590556, ,0.0,0.0,0,0,0,0,0,0,0,0
TF,LETVO,0.958056,126.889167,0, ,0.0,0.0,0.0,0.0,0,0,0,0,0,0,0,0
TF,TRN,0.840917,127.374611,0, ,0.0,0.0,0.0,0.0,2,8000,0,0,0,0,0,0
TF,MABEX,0.594556,127.579944,0, ,0.0,0.0,0.0,0.0,0,0,0,0,0,0,0,0

STAR,IRSE1A,32,5
IF,IRSET,-0.493889,126.191111, ,0.0,0.0,0,0,0,0,0,0,0,0
TF,OSALI,0.157500,127.045833,0, ,0.0,0.0,0.0,0.0,2,18000,0,0,0,0,0,0
TF,OMDUV,0.480000,127.456111,0, ,0.0,0.0,0.0,0.0,0,0,0,0,0,0,0,0
TF,MABEX,0.594556,127.579944,0, ,0.0,0.0,0.0,0.0,2,6000,0,0,0,0,0,0

STAR,MUDA1A,32,5
IF,MUDAL,-0.906667,127.163333, ,0.0,0.0,0,0,0,0,0,0,0,0
TF,UBSOM,-0.384167,127.274722,0, ,0.0,0.0,0.0,0.0,2,18000,0,0,0,0,0,0
TF,AVKAK,-0.170833,127.319167,0, ,0.0,0.0,0.0,0.0,0,0,0,0,0,0,0,0
TF,OMDUV,0.480000,127.456111,0, ,0.0,0.0,0.0,0.0,0,0,0,0,0,0,0,0
TF,MABEX,0.594556,127.579944,0, ,0.0,0.0,0.0,0.0,2,6000,0,0,0,0,0,0

STAR,OSRA1C,32,5
IF,OSRAL,2.045833,128.313889, ,0.0,0.0,0,0,0,0,0,0,0,0
TF,RURBI,1.186944,127.895000,0, ,0.0,0.0,0.0,0.0,0,0,0,0,0,0,0,0
TF,VENED,0.731111,127.918611,0, ,0.0,0.0,0.0,0.0,3,9000,0,0,0,0,0,0
TF,MABEX,0.594556,127.579944,0, ,0.0,0.0,0.0,0.0,2,6000,0,0,0,0,0,0

STAR,SOSO1H,32,5
IF,SOSOK,0.776667,126.527778, ,0.0,0.0,0,0,0,0,0,0,0,0
TF,UPNOP,0.635833,126.668889,0, ,0.0,0.0,0.0,0.0,0,0,0,0,0,0,0,0
TF,LETRI,0.527500,127.217500,0, ,0.0,0.0,0.0,0.0,2,14000,0,0,0,0,0,0
TF,OMDUV,0.480000,127.456111,0, ,0.0,0.0,0.0,0.0,0,0,0,0,0,0,0,0
TF,MABEX,0.594556,127.579944,0, ,0.0,0.0,0.0,0.0,2,6000,0,0,0,0,0,0

STAR,TAVU1A,32,5
IF,TAVUD,-0.637222,127.501944, ,0.0,0.0,0,0,0,0,0,0,0,0
TF,AVKAK,-0.170833,127.319167,0, ,0.0,0.0,0.0,0.0,0,0,0,0,0,0,0,0
TF,OMDUV,0.480000,127.456111,0, ,0.0,0.0,0.0,0.0,0,0,0,0,0,0,0,0
TF,MABEX,0.594556,127.579944,0, ,0.0,0.0,0.0,0.0,2,6000,0,0,0,0,0,0

STAR,TELE2B,32,2
IF,TELES,-0.906667,126.565000, ,0.0,0.0,0,0,0,0,0,0,0,0
TF,RANBU,0.385556,127.163611,0, ,0.0,0.0,0.0,0.0,0,0,0,0,0,0,0,0
TF,MABEX,0.594556,127.579944,0, ,0.0,0.0,0.0,0.0,0,0,0,0,0,0,0,0

STAR,TEPU1C,32,5
IF,TEPUR,0.919444,128.382500, ,0.0,0.0,0,0,0,0,0,0,0,0
TF,VENED,0.731111,127.918611,0, ,0.0,0.0,0.0,0.0,3,9000,0,0,0,0,0,0
TF,MABEX,0.594556,127.579944,0, ,0.0,0.0,0.0,0.0,2,6000,0,0,0,0,0,0

APPTR,D32,32,MABEX
IF,MABEX,0.594556,127.579944, ,0.0,0.0,2,6000,0,0,0,0,1,0
CF,CF32,0.649733,127.533956,0,TRN,140.0,14.9,320.0,4.3,2,4400,0,0,0,0,1,0

FINAL,D32,32,D,4
IF,CF32,0.649733,127.533956,TRN,140.0,14.9,2,4400,0,0,0,0,0,0
CF,FF32,0.713889,127.480472,0,TRN,140.0,9.9,320.0,5.0,2,3300,0,0,0,0,2,0
CF,67VOR,0.754947,127.446264,0,TRN,140.0,6.7,320.0,3.2,2,2100,0,0,0,0,0,0
CF,MA32,0.792158,127.415250,0,TRN,140.0,3.8,320.0,2.9,1,1038,0,0,0,0,3,0
TF,TRN,0.840917,127.374611,0, ,0.0,0.0,0.0,0.0,0,0,0,0,0,0,0,0
CI,2, ,0.0,170.0,0,0,0,0,0,0,0,0
CF,MABEX,0.594556,127.579944,0,TRN,140.0,19.2,140.0,12.0,2,6000,0,0,0,0,0,0

APPTR,R32-Y,32,MABEX
IF,MABEX,0.594556,127.579944, ,0.0,0.0,2,6000,0,0,0,0,1,0
TF,EE601,0.646639,127.529972,0, ,0.0,0.0,0.0,0.0,2,4400,0,0,0,0,1,0

FINAL,R32-Y,32,R,4
IF,EE601,0.646639,127.529972, ,0.0,0.0,2,4400,0,0,0,0,0,0
TF,EE602,0.711750,127.477639,0, ,0.0,0.0,321.0,5.0,2,3300,0,0,0,0,2,0
TF,EE603,0.755167,127.442694,0, ,0.0,0.0,321.0,3.3,2,2060,0,0,0,0,0,0
TF,EE604,0.793528,127.411861,0, ,0.0,0.0,321.0,3.0,1,966,0,0,0,0,3,1
DF,UXUGU,1.139833,127.327694,0, ,0.0,0.0,2,4500,0,1,210,0,0,1
DF,MABEX,0.594556,127.579944,2, ,0.0,0.0,2,6000,0,0,0,0,0,0

APPTR,R32-Z,32,MABEX
IF,MABEX,0.594556,127.579944, ,0.0,0.0,2,6000,0,0,0,0,1,0
TF,EE601,0.646639,127.529972,0, ,0.0,0.0,0.0,0.0,2,4400,0,0,0,0,1,0

FINAL,R32-Z,32,R,3
IF,EE601,0.646639,127.529972, ,0.0,0.0,2,4400,0,0,0,0,0,0
TF,EE602,0.711750,127.477639,0, ,0.0,0.0,321.0,5.0,2,3300,0,0,0,0,2,0
TF,RW32,0.823483,127.387783,0, ,0.0,0.0,321.0,8.6,1,111,0,0,0,0,3,1
DF,UXUGU,1.139833,127.327694,0, ,0.0,0.0,2,4500,0,1,210,0,0,1
DF,MABEX,0.594556,127.579944,2, ,0.0,0.0,2,6000,0,0,0,0,0,0

