APPTR,R02,02,IPMOM
IF,IPMOM,-7.348611,139.511583, ,0.0,0.0,2,3000,0,0,0,0,1,0
TF,KE401,-7.302222,139.530889,0, ,0.0,0.0,0.0,0.0,2,2200,0,0,0,0,1,0

FINAL,R02,02,R,3
IF,KE401,-7.302222,139.530889, ,0.0,0.0,2,2200,0,0,0,0,0,0
TF,KE402,-7.255833,139.550194,0, ,0.0,0.0,19.0,3.0,2,1600,0,0,0,0,2,0
TF,RW02,-7.178761,139.582217,0, ,0.0,0.0,19.0,5.0,1,77,0,0,0,0,3,1
DF,KE403,-7.132389,139.601556,0, ,0.0,0.0,0,0,0,0,0,0,0,1
DF,IPMOM,-7.348611,139.511583,1, ,0.0,0.0,2,3000,0,0,0,0,0,0
HM,IPMOM,-7.348611,139.511583,2, ,0.0,0.0,19.0,04.3,2,3000,0,0,0,0,0,0,0

APPTR,R20,20,UNVUN
IF,UNVUN,-7.003861,139.654889, ,0.0,0.0,2,3000,0,0,0,0,1,0
TF,KE601,-7.050278,139.635611,0, ,0.0,0.0,0.0,0.0,2,2200,0,0,0,0,1,0

FINAL,R20,20,R,3
IF,KE601,-7.050278,139.635611, ,0.0,0.0,2,2200,0,0,0,0,0,0
TF,KE602,-7.096667,139.616333,0, ,0.0,0.0,199.0,3.0,2,1600,0,0,0,0,2,0
TF,RW20,-7.173689,139.584325,0, ,0.0,0.0,199.0,5.0,1,78,0,0,0,0,3,1
DF,KE603,-7.220111,139.565083,0, ,0.0,0.0,0,0,0,0,0,0,0,1
DF,UNVUN,-7.003861,139.654889,1, ,0.0,0.0,2,3000,0,0,0,0,0,0
HM,UNVUN,-7.003861,139.654889,1, ,0.0,0.0,199.0,04.3,2,3000,0,0,0,0,0,0,0

