SID,AJAM1A,07,5
CF,MAWAR,-1.198889,117.057778,0,BPN,68.4,7.6,67.0,10.0,0,0,0,0,0,0,0,0
TF,LISWA,-1.013611,116.980000,0, ,0.0,0.0,0.0,0.0,0,0,0,0,0,0,0,0
TF,ASOBI,-1.168333,116.690556,1, ,0.0,0.0,0.0,0.0,2,10000,0,0,0,0,0,0
TF,PONON,-1.463889,116.443056,0, ,0.0,0.0,0.0,0.0,0,0,0,0,0,0,0,0
TF,RUPKO,-1.745000,115.796667,0, ,0.0,0.0,0.0,0.0,2,24000,0,0,0,0,0,0
TF,AJAMA,-1.871944,115.413889,0, ,0.0,0.0,0.0,0.0,0,0,0,0,0,0,0,0
TF,PKY,-2.247806,113.951278,0, ,0.0,0.0,0.0,0.0,0,0,0,0,0,0,0,0

SID,AJAM1B,25,5
CF,DAHYA,-1.338333,116.730556,0,BPN,246.3,13.8,247.0,10.0,0,0,0,0,0,0,0,0
TF,RUPKO,-1.745000,115.796667,0, ,0.0,0.0,0.0,0.0,2,24000,0,0,0,0,0,0
TF,AJAMA,-1.871944,115.413889,0, ,0.0,0.0,0.0,0.0,0,0,0,0,0,0,0,0
TF,PKY,-2.247806,113.951278,0, ,0.0,0.0,0.0,0.0,0,0,0,0,0,0,0,0

SID,ATGE1A,07,5
CF,MAWAR,-1.198889,117.057778,0,BPN,68.4,7.6,67.0,10.0,0,0,0,0,0,0,0,0
TF,SABMU,-1.432222,117.156111,0, ,0.0,0.0,0.0,0.0,3,11000,0,0,0,0,0,0
TF,PLEDA,-1.866389,117.499444,0, ,0.0,0.0,0.0,0.0,0,0,0,0,0,0,0,0
TF,UNSUR,-2.215000,117.735000,0, ,0.0,0.0,0.0,0.0,2,24000,0,0,0,0,0,0
TF,ATGER,-2.836111,118.155000,0, ,0.0,0.0,0.0,0.0,0,0,0,0,0,0,0,0
TF,MKS,-5.037811,119.526189,0, ,0.0,0.0,0.0,0.0,0,0,0,0,0,0,0,0

SID,ATGE1B,25,5
CF,DAHYA,-1.338333,116.730556,0,BPN,246.3,13.8,247.0,10.0,0,0,0,0,0,0,0,0
TF,BELOT,-1.554444,116.821667,0, ,0.0,0.0,0.0,0.0,3,10000,0,0,0,0,0,0
TF,KUTUT,-1.785278,116.918889,0, ,0.0,0.0,0.0,0.0,3,11000,0,0,0,0,0,0
TF,PAVLI,-1.866111,117.174167,0, ,0.0,0.0,0.0,0.0,2,16000,0,0,0,0,0,0
TF,PLEDA,-1.866389,117.499444,0, ,0.0,0.0,0.0,0.0,0,0,0,0,0,0,0,0
TF,UNSUR,-2.215000,117.735000,0, ,0.0,0.0,0.0,0.0,2,24000,0,0,0,0,0,0
TF,ATGER,-2.836111,118.155000,0, ,0.0,0.0,0.0,0.0,0,0,0,0,0,0,0,0
TF,MKS,-5.037811,119.526189,0, ,0.0,0.0,0.0,0.0,0,0,0,0,0,0,0,0

SID,DADB1A,07,5
CF,MAWAR,-1.198889,117.057778,0,BPN,68.4,7.6,67.0,10.0,0,0,0,0,0,0,0,0
TF,SABMU,-1.432222,117.156111,0, ,0.0,0.0,0.0,0.0,3,11000,0,0,0,0,0,0
TF,KUTUT,-1.785278,116.918889,0, ,0.0,0.0,0.0,0.0,2,16000,0,0,0,0,0,0
TF,SASEB,-2.490833,116.770278,0, ,0.0,0.0,0.0,0.0,2,24000,0,0,0,0,0,0
TF,DADBI,-3.082500,116.632500,0, ,0.0,0.0,0.0,0.0,0,0,0,0,0,0,0,0
TF,ISRUL,-3.765556,116.350556,0, ,0.0,0.0,0.0,0.0,0,0,0,0,0,0,0,0

SID,DADB1B,25,5
CF,DAHYA,-1.338333,116.730556,0,BPN,246.3,13.8,247.0,10.0,0,0,0,0,0,0,0,0
TF,BELOT,-1.554444,116.821667,0, ,0.0,0.0,0.0,0.0,3,10000,0,0,0,0,0,0
TF,KUTUT,-1.785278,116.918889,0, ,0.0,0.0,0.0,0.0,3,11000,0,0,0,0,0,0
TF,JISON,-2.080278,116.865833,0, ,0.0,0.0,0.0,0.0,0,0,0,0,0,0,0,0
TF,SASEB,-2.490833,116.770278,0, ,0.0,0.0,0.0,0.0,2,24000,0,0,0,0,0,0
TF,DADBI,-3.082500,116.632500,0, ,0.0,0.0,0.0,0.0,0,0,0,0,0,0,0,0
TF,ISRUL,-3.765556,116.350556,0, ,0.0,0.0,0.0,0.0,0,0,0,0,0,0,0,0

SID,ELAP1A,07,5
CF,MAWAR,-1.198889,117.057778,0,BPN,68.4,7.6,67.0,10.0,0,0,0,0,0,0,0,0
TF,SIWAL,-0.940556,117.471111,0, ,0.0,0.0,0.0,0.0,0,0,0,0,0,0,0,0
TF,BIBSA,-0.772500,117.626944,0, ,0.0,0.0,0.0,0.0,0,0,0,0,0,0,0,0
TF,KIGEL,-0.585278,118.002222,0, ,0.0,0.0,0.0,0.0,2,24000,0,0,0,0,0,0
TF,ELAPA,-0.365278,118.443333,0, ,0.0,0.0,0.0,0.0,0,0,0,0,0,0,0,0
TF,LADOP,0.028333,119.511389,0, ,0.0,0.0,0.0,0.0,0,0,0,0,0,0,0,0

SID,ELAP1B,25,5
CF,DAHYA,-1.338333,116.730556,0,BPN,246.3,13.8,247.0,10.0,0,0,0,0,0,0,0,0
TF,EPKUM,-1.122500,116.639722,0, ,0.0,0.0,0.0,0.0,3,10000,0,0,0,0,0,0
TF,SAWIT,-0.992778,116.943333,0, ,0.0,0.0,0.0,0.0,2,11000,0,0,0,0,0,0
TF,TUHUB,-0.907778,117.142778,0, ,0.0,0.0,0.0,0.0,0,0,0,0,0,0,0,0
TF,BIBSA,-0.772500,117.626944,0, ,0.0,0.0,0.0,0.0,0,0,0,0,0,0,0,0
TF,KIGEL,-0.585278,118.002222,0, ,0.0,0.0,0.0,0.0,2,24000,0,0,0,0,0,0
TF,ELAPA,-0.365278,118.443333,0, ,0.0,0.0,0.0,0.0,0,0,0,0,0,0,0,0
TF,LADOP,0.028333,119.511389,0, ,0.0,0.0,0.0,0.0,0,0,0,0,0,0,0,0

SID,GUGU1A,07,5
CF,MAWAR,-1.198889,117.057778,0,BPN,68.4,7.6,67.0,10.0,0,0,0,0,0,0,0,0
TF,LISWA,-1.013611,116.980000,0, ,0.0,0.0,0.0,0.0,0,0,0,0,0,0,0,0
TF,ASOBI,-1.168333,116.690556,1, ,0.0,0.0,0.0,0.0,2,10000,0,0,0,0,0,0
TF,MIRAU,-1.171667,116.111111,0, ,0.0,0.0,0.0,0.0,0,0,0,0,0,0,0,0
TF,MALUL,-1.173889,115.693889,0, ,0.0,0.0,0.0,0.0,2,24000,0,0,0,0,0,0
TF,GUGUP,-1.033056,114.773333,0, ,0.0,0.0,0.0,0.0,0,0,0,0,0,0,0,0
TF,OSRUT,-0.530833,112.285556,0, ,0.0,0.0,0.0,0.0,0,0,0,0,0,0,0,0

SID,GUGU1B,25,5
CF,DAHYA,-1.338333,116.730556,0,BPN,246.3,13.8,247.0,10.0,0,0,0,0,0,0,0,0
TF,EPKUM,-1.122500,116.639722,0, ,0.0,0.0,0.0,0.0,3,10000,0,0,0,0,0,0
TF,MIRAU,-1.171667,116.111111,0, ,0.0,0.0,0.0,0.0,0,0,0,0,0,0,0,0
TF,MALUL,-1.173889,115.693889,0, ,0.0,0.0,0.0,0.0,2,24000,0,0,0,0,0,0
TF,GUGUP,-1.033056,114.773333,0, ,0.0,0.0,0.0,0.0,0,0,0,0,0,0,0,0
TF,OSRUT,-0.530833,112.285556,0, ,0.0,0.0,0.0,0.0,0,0,0,0,0,0,0,0

SID,JIDA1A,07,5
CF,MAWAR,-1.198889,117.057778,0,BPN,68.4,7.6,67.0,10.0,0,0,0,0,0,0,0,0
TF,SABMU,-1.432222,117.156111,0, ,0.0,0.0,0.0,0.0,3,11000,0,0,0,0,0,0
TF,ENDIR,-1.673056,116.838611,0, ,0.0,0.0,0.0,0.0,2,13000,0,0,0,0,0,0
TF,RULIM,-1.913333,116.443056,0, ,0.0,0.0,0.0,0.0,0,0,0,0,0,0,0,0
TF,HAMSA,-2.206111,116.134722,0, ,0.0,0.0,0.0,0.0,2,24000,0,0,0,0,0,0
TF,JIDAR,-2.396667,115.941667,0, ,0.0,0.0,0.0,0.0,0,0,0,0,0,0,0,0
TF,BDM,-3.436800,114.731486,0, ,0.0,0.0,0.0,0.0,0,0,0,0,0,0,0,0

SID,JIDA1B,25,5
CF,DAHYA,-1.338333,116.730556,0,BPN,246.3,13.8,247.0,10.0,0,0,0,0,0,0,0,0
TF,BELOT,-1.554444,116.821667,0, ,0.0,0.0,0.0,0.0,3,10000,0,0,0,0,0,0
TF,HAMSA,-2.206111,116.134722,0, ,0.0,0.0,0.0,0.0,2,24000,0,0,0,0,0,0
TF,JIDAR,-2.396667,115.941667,0, ,0.0,0.0,0.0,0.0,0,0,0,0,0,0,0,0
TF,BDM,-3.436800,114.731486,0, ,0.0,0.0,0.0,0.0,0,0,0,0,0,0,0,0

SID,KALK1A,07,5
CF,MAWAR,-1.198889,117.057778,0,BPN,68.4,7.6,67.0,10.0,0,0,0,0,0,0,0,0
TF,SIWAL,-0.940556,117.471111,0, ,0.0,0.0,0.0,0.0,0,0,0,0,0,0,0,0
TF,TANOW,-0.939722,117.801389,0, ,0.0,0.0,0.0,0.0,2,21000,0,0,0,0,0,0
TF,GUNVO,-0.956667,118.155000,0, ,0.0,0.0,0.0,0.0,2,24000,0,0,0,0,0,0
TF,KALKU,-0.907417,118.505806,0, ,0.0,0.0,0.0,0.0,0,0,0,0,0,0,0,0
TF,EMSIV,-0.966389,119.236667,0, ,0.0,0.0,0.0,0.0,0,0,0,0,0,0,0,0

SID,KALK1B,25,5
CF,DAHYA,-1.338333,116.730556,0,BPN,246.3,13.8,247.0,10.0,0,0,0,0,0,0,0,0
TF,EPKUM,-1.122500,116.639722,0, ,0.0,0.0,0.0,0.0,3,10000,0,0,0,0,0,0
TF,SAWIT,-0.992778,116.943333,0, ,0.0,0.0,0.0,0.0,2,11000,0,0,0,0,0,0
TF,TUHUB,-0.907778,117.142778,0, ,0.0,0.0,0.0,0.0,0,0,0,0,0,0,0,0
TF,SIWAL,-0.940556,117.471111,0, ,0.0,0.0,0.0,0.0,0,0,0,0,0,0,0,0
TF,TANOW,-0.939722,117.801389,0, ,0.0,0.0,0.0,0.0,2,21000,0,0,0,0,0,0
TF,GUNVO,-0.956667,118.155000,0, ,0.0,0.0,0.0,0.0,2,24000,0,0,0,0,0,0
TF,KALKU,-0.907417,118.505806,0, ,0.0,0.0,0.0,0.0,0,0,0,0,0,0,0,0
TF,EMSIV,-0.966389,119.236667,0, ,0.0,0.0,0.0,0.0,0,0,0,0,0,0,0,0

SID,LUPD1A,07,5
CF,MAWAR,-1.198889,117.057778,0,BPN,68.4,7.6,67.0,10.0,0,0,0,0,0,0,0,0
TF,LISWA,-1.013611,116.980000,0, ,0.0,0.0,0.0,0.0,0,0,0,0,0,0,0,0
TF,NUNUS,-0.742222,116.865833,0, ,0.0,0.0,0.0,0.0,3,13000,0,0,0,0,0,0
TF,TAMUM,-0.410833,116.873333,0, ,0.0,0.0,0.0,0.0,0,0,0,0,0,0,0,0
TF,ENDUN,0.009722,116.991944,0, ,0.0,0.0,0.0,0.0,2,24000,0,0,0,0,0,0
TF,LUPDI,0.454167,117.051667,0, ,0.0,0.0,0.0,0.0,0,0,0,0,0,0,0,0
TF,SOSVO,2.272500,117.417778,0, ,0.0,0.0,0.0,0.0,0,0,0,0,0,0,0,0

SID,LUPD1B,25,5
CF,DAHYA,-1.338333,116.730556,0,BPN,246.3,13.8,247.0,10.0,0,0,0,0,0,0,0,0
TF,EPKUM,-1.122500,116.639722,0, ,0.0,0.0,0.0,0.0,3,10000,0,0,0,0,0,0
TF,RISNI,-0.824722,116.688889,0, ,0.0,0.0,0.0,0.0,3,11000,0,0,0,0,0,0
TF,TAMUM,-0.410833,116.873333,0, ,0.0,0.0,0.0,0.0,0,0,0,0,0,0,0,0
TF,ENDUN,0.009722,116.991944,0, ,0.0,0.0,0.0,0.0,2,24000,0,0,0,0,0,0
TF,LUPDI,0.454167,117.051667,0, ,0.0,0.0,0.0,0.0,0,0,0,0,0,0,0,0
TF,SOSVO,2.272500,117.417778,0, ,0.0,0.0,0.0,0.0,0,0,0,0,0,0,0,0

STAR,BAHA1A,07,5
IF,OSRUT,-0.530833,112.285556, ,0.0,0.0,0,0,0,0,0,0,0,0
TF,BAHAU,-0.828333,114.982222,0, ,0.0,0.0,0.0,0.0,0,0,0,0,0,0,0,0
TF,LULMA,-0.942500,115.728611,0, ,0.0,0.0,0.0,0.0,3,23000,0,0,0,0,0,0
TF,SAYUP,-0.962500,116.572500,0, ,0.0,0.0,0.0,0.0,3,9000,0,0,0,0,0,0
TF,RAJUN,-1.207778,116.617222,0, ,0.0,0.0,0.0,0.0,2,5500,0,0,0,0,0,0
TF,KUTAI,-1.352056,116.713861,0, ,0.0,0.0,0.0,0.0,2,2500,0,0,0,0,0,0

STAR,BAHA1B,25,5
IF,OSRUT,-0.530833,112.285556, ,0.0,0.0,0,0,0,0,0,0,0,0
TF,BAHAU,-0.828333,114.982222,0, ,0.0,0.0,0.0,0.0,0,0,0,0,0,0,0,0
TF,LULMA,-0.942500,115.728611,0, ,0.0,0.0,0.0,0.0,3,23000,0,0,0,0,0,0
TF,SAYUP,-0.962500,116.572500,0, ,0.0,0.0,0.0,0.0,0,0,0,0,0,0,0,0
TF,MAWAN,-0.909167,116.766944,0, ,0.0,0.0,0.0,0.0,2,13000,0,0,0,0,0,0
TF,LAMIU,-0.852222,116.974722,0, ,0.0,0.0,0.0,0.0,3,10000,0,0,0,0,0,0
TF,UPREL,-1.052778,117.059167,0, ,0.0,0.0,0.0,0.0,0,0,0,0,0,0,0,0
TF,SUHAR,-1.000278,117.181667,0, ,0.0,0.0,0.0,0.0,2,7500,0,0,0,0,0,0
TF,BUNYU,-1.123889,117.233611,0, ,0.0,0.0,0.0,0.0,2,5500,0,0,0,0,0,0
TF,LELEB,-1.189333,117.080139,0, ,0.0,0.0,0.0,0.0,2,2500,0,0,0,0,0,0

STAR,BIKP1A,07,5
IF,LADOP,0.028333,119.511389, ,0.0,0.0,0,0,0,0,0,0,0,0
TF,BIKPI,-0.612500,118.471667,0, ,0.0,0.0,0.0,0.0,0,0,0,0,0,0,0,0
TF,BIBMO,-0.795278,118.105556,0, ,0.0,0.0,0.0,0.0,3,23000,0,0,0,0,0,0
TF,POMIN,-0.884167,117.973056,0, ,0.0,0.0,0.0,0.0,3,20000,0,0,0,0,0,0
TF,ENSET,-1.072500,117.669167,0, ,0.0,0.0,0.0,0.0,0,0,0,0,0,0,0,0
TF,TIYAS,-1.388333,117.047222,0, ,0.0,0.0,0.0,0.0,2,13000,0,0,0,0,0,0
TF,ADPUD,-1.525000,116.733333,0, ,0.0,0.0,0.0,0.0,2,5500,0,0,0,0,0,0
TF,KUTAI,-1.352056,116.713861,2, ,0.0,0.0,0.0,0.0,2,2500,0,0,0,0,0,0

STAR,BIKP1B,25,5
IF,LADOP,0.028333,119.511389, ,0.0,0.0,0,0,0,0,0,0,0,0
TF,BIKPI,-0.612500,118.471667,0, ,0.0,0.0,0.0,0.0,0,0,0,0,0,0,0,0
TF,BIBMO,-0.795278,118.105556,0, ,0.0,0.0,0.0,0.0,3,23000,0,0,0,0,0,0
TF,POMIN,-0.884167,117.973056,0, ,0.0,0.0,0.0,0.0,3,20000,0,0,0,0,0,0
TF,ENSET,-1.072500,117.669167,0, ,0.0,0.0,0.0,0.0,0,0,0,0,0,0,0,0
TF,KANPA,-1.052222,117.401111,0, ,0.0,0.0,0.0,0.0,2,7500,0,0,0,0,0,0
TF,BUNYU,-1.123889,117.233611,0, ,0.0,0.0,0.0,0.0,2,5500,0,0,0,0,0,0
TF,LELEB,-1.189333,117.080139,0, ,0.0,0.0,0.0,0.0,2,2500,0,0,0,0,0,0

STAR,BUMR1A,07,5
IF,ISRUL,-3.765556,116.350556, ,0.0,0.0,0,0,0,0,0,0,0,0
TF,BUMRU,-2.889722,116.438056,0, ,0.0,0.0,0.0,0.0,0,0,0,0,0,0,0,0
TF,ENRUM,-2.437500,116.543333,0, ,0.0,0.0,0.0,0.0,3,23000,0,0,0,0,0,0
TF,TODIL,-2.026944,116.638889,0, ,0.0,0.0,0.0,0.0,0,0,0,0,0,0,0,0
TF,LAVUR,-1.805556,116.788333,0, ,0.0,0.0,0.0,0.0,3,11000,0,0,0,0,0,0
TF,ADPUD,-1.525000,116.733333,0, ,0.0,0.0,0.0,0.0,2,5500,0,0,0,0,0,0
TF,KUTAI,-1.352056,116.713861,0, ,0.0,0.0,0.0,0.0,2,2500,0,0,0,0,0,0

STAR,BUMR1B,25,5
IF,ISRUL,-3.765556,116.350556, ,0.0,0.0,0,0,0,0,0,0,0,0
TF,BUMRU,-2.889722,116.438056,0, ,0.0,0.0,0.0,0.0,0,0,0,0,0,0,0,0
TF,ENRUM,-2.437500,116.543333,0, ,0.0,0.0,0.0,0.0,3,23000,0,0,0,0,0,0
TF,TODIL,-2.026944,116.638889,0, ,0.0,0.0,0.0,0.0,0,0,0,0,0,0,0,0
TF,YAKAP,-1.624722,116.928611,0, ,0.0,0.0,0.0,0.0,2,13000,0,0,0,0,0,0
TF,OROMI,-1.299722,117.162778,0, ,0.0,0.0,0.0,0.0,0,0,0,0,0,0,0,0
TF,ZUNAV,-1.247222,117.285556,0, ,0.0,0.0,0.0,0.0,2,7500,0,0,0,0,0,0
TF,BUNYU,-1.123889,117.233611,0, ,0.0,0.0,0.0,0.0,2,5500,0,0,0,0,0,0
TF,LELEB,-1.189333,117.080139,0, ,0.0,0.0,0.0,0.0,2,2500,0,0,0,0,0,0

STAR,IKEM1A,07,5
IF,EMSIV,-0.966389,119.236667, ,0.0,0.0,0,0,0,0,0,0,0,0
TF,IKEMU,-1.140278,118.532778,0, ,0.0,0.0,0.0,0.0,0,0,0,0,0,0,0,0
TF,TEMOK,-1.188889,118.187222,0, ,0.0,0.0,0.0,0.0,3,23000,0,0,0,0,0,0
TF,ENSET,-1.072500,117.669167,0, ,0.0,0.0,0.0,0.0,0,0,0,0,0,0,0,0
TF,TIYAS,-1.388333,117.047222,0, ,0.0,0.0,0.0,0.0,2,13000,0,0,0,0,0,0
TF,ADPUD,-1.525000,116.733333,0, ,0.0,0.0,0.0,0.0,2,5500,0,0,0,0,0,0
TF,KUTAI,-1.352056,116.713861,2, ,0.0,0.0,0.0,0.0,2,2500,0,0,0,0,0,0

STAR,IKEM1B,25,5
IF,EMSIV,-0.966389,119.236667, ,0.0,0.0,0,0,0,0,0,0,0,0
TF,IKEMU,-1.140278,118.532778,0, ,0.0,0.0,0.0,0.0,0,0,0,0,0,0,0,0
TF,TEMOK,-1.188889,118.187222,0, ,0.0,0.0,0.0,0.0,3,23000,0,0,0,0,0,0
TF,ENSET,-1.072500,117.669167,0, ,0.0,0.0,0.0,0.0,0,0,0,0,0,0,0,0
TF,KANPA,-1.052222,117.401111,0, ,0.0,0.0,0.0,0.0,2,7500,0,0,0,0,0,0
TF,BUNYU,-1.123889,117.233611,0, ,0.0,0.0,0.0,0.0,2,5500,0,0,0,0,0,0
TF,LELEB,-1.189333,117.080139,0, ,0.0,0.0,0.0,0.0,2,2500,0,0,0,0,0,0

STAR,KAYA1A,07,5
IF,BDM,-3.436800,114.731486, ,0.0,0.0,0,0,0,0,0,0,0,0
TF,KAYAN,-2.231944,115.775833,0, ,0.0,0.0,0.0,0.0,0,0,0,0,0,0,0,0
TF,NUHID,-2.038889,115.971389,0, ,0.0,0.0,0.0,0.0,3,23000,0,0,0,0,0,0
TF,TAJAM,-1.743611,116.270556,0, ,0.0,0.0,0.0,0.0,0,0,0,0,0,0,0,0
TF,ADPUD,-1.525000,116.733333,0, ,0.0,0.0,0.0,0.0,2,5500,0,0,0,0,0,0
TF,KUTAI,-1.352056,116.713861,0, ,0.0,0.0,0.0,0.0,2,2500,0,0,0,0,0,0

STAR,KAYA1B,25,5
IF,BDM,-3.436800,114.731486, ,0.0,0.0,0,0,0,0,0,0,0,0
TF,KAYAN,-2.231944,115.775833,0, ,0.0,0.0,0.0,0.0,0,0,0,0,0,0,0,0
TF,NUHID,-2.038889,115.971389,0, ,0.0,0.0,0.0,0.0,3,23000,0,0,0,0,0,0
TF,TAJAM,-1.743611,116.270556,0, ,0.0,0.0,0.0,0.0,0,0,0,0,0,0,0,0
TF,TEDIT,-1.429167,116.859167,0, ,0.0,0.0,0.0,0.0,2,11000,0,0,0,0,0,0
TF,OROMI,-1.299722,117.162778,0, ,0.0,0.0,0.0,0.0,0,0,0,0,0,0,0,0
TF,ZUNAV,-1.247222,117.285556,0, ,0.0,0.0,0.0,0.0,2,7500,0,0,0,0,0,0
TF,BUNYU,-1.123889,117.233611,0, ,0.0,0.0,0.0,0.0,2,5500,0,0,0,0,0,0
TF,LELEB,-1.189333,117.080139,0, ,0.0,0.0,0.0,0.0,2,2500,0,0,0,0,0,0

STAR,KOWA1A,07,5
IF,MKS,-5.037811,119.526189, ,0.0,0.0,0,0,0,0,0,0,0,0
TF,KOWAS,-2.975000,117.920833,0, ,0.0,0.0,0.0,0.0,0,0,0,0,0,0,0,0
TF,GOGOT,-2.346667,117.542500,0, ,0.0,0.0,0.0,0.0,3,23000,0,0,0,0,0,0
TF,BODEL,-1.944444,116.981944,0, ,0.0,0.0,0.0,0.0,3,15000,0,0,0,0,0,0
TF,LAVUR,-1.805556,116.788333,0, ,0.0,0.0,0.0,0.0,3,11000,0,0,0,0,0,0
TF,ADPUD,-1.525000,116.733333,0, ,0.0,0.0,0.0,0.0,2,5500,0,0,0,0,0,0
TF,KUTAI,-1.352056,116.713861,0, ,0.0,0.0,0.0,0.0,2,2500,0,0,0,0,0,0

STAR,KOWA1B,25,5
IF,MKS,-5.037811,119.526189, ,0.0,0.0,0,0,0,0,0,0,0,0
TF,KOWAS,-2.975000,117.920833,0, ,0.0,0.0,0.0,0.0,0,0,0,0,0,0,0,0
TF,GOGOT,-2.346667,117.542500,0, ,0.0,0.0,0.0,0.0,3,23000,0,0,0,0,0,0
TF,YOSEP,-1.933056,117.293611,0, ,0.0,0.0,0.0,0.0,3,15000,0,0,0,0,0,0
TF,OROMI,-1.299722,117.162778,0, ,0.0,0.0,0.0,0.0,0,0,0,0,0,0,0,0
TF,ZUNAV,-1.247222,117.285556,0, ,0.0,0.0,0.0,0.0,2,7500,0,0,0,0,0,0
TF,BUNYU,-1.123889,117.233611,0, ,0.0,0.0,0.0,0.0,2,5500,0,0,0,0,0,0
TF,LELEB,-1.189333,117.080139,0, ,0.0,0.0,0.0,0.0,2,2500,0,0,0,0,0,0

STAR,OPIN1A,07,5
IF,SOSVO,2.272500,117.417778, ,0.0,0.0,0,0,0,0,0,0,0,0
TF,OPINO,0.483056,117.290556,0, ,0.0,0.0,0.0,0.0,0,0,0,0,0,0,0,0
TF,ENSAK,-0.021667,117.222500,0, ,0.0,0.0,0.0,0.0,3,23000,0,0,0,0,0,0
TF,BENUR,-0.765278,117.086667,0, ,0.0,0.0,0.0,0.0,0,0,0,0,0,0,0,0
TF,IGANI,-0.870833,116.811389,0, ,0.0,0.0,0.0,0.0,2,14000,0,0,0,0,0,0
TF,SAYUP,-0.962500,116.572500,0, ,0.0,0.0,0.0,0.0,3,9000,0,0,0,0,0,0
TF,RAJUN,-1.207778,116.617222,0, ,0.0,0.0,0.0,0.0,2,5500,0,0,0,0,0,0
TF,KUTAI,-1.352056,116.713861,0, ,0.0,0.0,0.0,0.0,2,2500,0,0,0,0,0,0

STAR,OPIN1B,25,5
IF,SOSVO,2.272500,117.417778, ,0.0,0.0,0,0,0,0,0,0,0,0
TF,OPINO,0.483056,117.290556,0, ,0.0,0.0,0.0,0.0,0,0,0,0,0,0,0,0
TF,ENSAK,-0.021667,117.222500,0, ,0.0,0.0,0.0,0.0,3,23000,0,0,0,0,0,0
TF,LAMIU,-0.852222,116.974722,0, ,0.0,0.0,0.0,0.0,3,10000,0,0,0,0,0,0
TF,UPREL,-1.052778,117.059167,0, ,0.0,0.0,0.0,0.0,0,0,0,0,0,0,0,0
TF,SUHAR,-1.000278,117.181667,0, ,0.0,0.0,0.0,0.0,2,7500,0,0,0,0,0,0
TF,BUNYU,-1.123889,117.233611,0, ,0.0,0.0,0.0,0.0,2,5500,0,0,0,0,0,0
TF,LELEB,-1.189333,117.080139,0, ,0.0,0.0,0.0,0.0,2,2500,0,0,0,0,0,0

STAR,SILJ1A,07,5
IF,PKY,-2.247806,113.951278, ,0.0,0.0,0,0,0,0,0,0,0,0
TF,SILJA,-1.686944,115.227500,0, ,0.0,0.0,0.0,0.0,0,0,0,0,0,0,0,0
TF,RURDO,-1.523889,115.722500,0, ,0.0,0.0,0.0,0.0,3,23000,0,0,0,0,0,0
TF,BILAP,-1.294722,116.371389,0, ,0.0,0.0,0.0,0.0,3,9000,0,0,0,0,0,0
TF,RAJUN,-1.207778,116.617222,0, ,0.0,0.0,0.0,0.0,2,5500,0,0,0,0,0,0
TF,KUTAI,-1.352056,116.713861,0, ,0.0,0.0,0.0,0.0,2,2500,0,0,0,0,0,0

STAR,SILJ1B,25,5
IF,PKY,-2.247806,113.951278, ,0.0,0.0,0,0,0,0,0,0,0,0
TF,SILJA,-1.686944,115.227500,0, ,0.0,0.0,0.0,0.0,0,0,0,0,0,0,0,0
TF,RURDO,-1.523889,115.722500,0, ,0.0,0.0,0.0,0.0,3,23000,0,0,0,0,0,0
TF,BILAP,-1.294722,116.371389,0, ,0.0,0.0,0.0,0.0,0,0,0,0,0,0,0,0
TF,YOGES,-1.182222,116.755278,0, ,0.0,0.0,0.0,0.0,2,11000,0,0,0,0,0,0
TF,UPREL,-1.052778,117.059167,0, ,0.0,0.0,0.0,0.0,0,0,0,0,0,0,0,0
TF,SUHAR,-1.000278,117.181667,0, ,0.0,0.0,0.0,0.0,2,7500,0,0,0,0,0,0
TF,BUNYU,-1.123889,117.233611,0, ,0.0,0.0,0.0,0.0,2,5500,0,0,0,0,0,0
TF,LELEB,-1.189333,117.080139,0, ,0.0,0.0,0.0,0.0,2,2500,0,0,0,0,0,0

FINAL,D07,07,D,3
IF,KUTAI,-1.352056,116.713861,BPN,245.0,15.0,2,2500,0,0,0,0,0,0
CF,FD07,-1.315114,116.792500,0,BPN,245.0,9.8,65.0,5.2,2,2000,0,0,0,0,2,0
CF,MD07,-1.281139,116.864894,0,BPN,245.0,5.0,65.0,4.8,1,464,0,0,0,0,3,0
CA,0,65.0,2,1500,0,0,0,0,0,0
CI,2, ,0.0,275.0,0,0,0,0,0,0,0,0
CF,KUTAI,-1.352056,116.713861,0,BPN,245.0,15.0,245.0,6.0,2,2500,0,0,0,0,0,0

FINAL,D25,25,D,3
IF,LELEB,-1.189333,117.080139,BPN,68.2,9.1,2,2500,0,0,0,0,0,0
CF,FD25,-1.215703,116.994156,0,BPN,61.0,3.7,253.0,5.4,2,2000,0,0,0,0,2,0
CF,MD25,-1.254681,116.924294,0,BPN,241.0,1.1,241.0,4.8,1,473,0,0,0,0,3,0
CA,0,241.0,2,1500,0,0,0,0,0,0
CI,1, ,0.0,38.0,0,0,0,0,0,0,0,0
CF,LELEB,-1.189333,117.080139,0,BPN,68.2,9.1,68.0,5.0,2,2500,0,0,0,0,0,0

FINAL,I25,25,I,3
IF,LELEB,-1.189333,117.080139,IBPN,67.1,13.0,2,2500,0,0,0,0,0,0
CF,FF25,-1.224333,116.998194,0,IBPN,67.1,7.6,247.0,5.4,1,2000,0,0,0,0,2,0
CF,RW25,-1.263878,116.904842,0,IBPN,67.0,1.5,247.0,6.1,1,62,0,0,0,0,3,0
CA,0,247.0,2,1500,0,0,0,0,0,0
DF,LELEB,-1.189333,117.080139,1, ,0.0,0.0,2,2500,0,0,0,0,0,0

FINAL,R07,07,R,3
IF,KUTAI,-1.352056,116.713861, ,0.0,0.0,2,2500,0,0,0,0,0,0
TF,LL401,-1.313583,116.787583,0, ,0.0,0.0,62.0,5.0,2,2000,0,0,0,0,2,0
TF,RW07,-1.272653,116.884136,0, ,0.0,0.0,67.0,6.3,1,62,0,0,0,0,3,1
TF,LL402,-1.253167,116.930139,0, ,0.0,0.0,0.0,0.0,0,0,0,0,0,0,0,1
DF,KUTAI,-1.352056,116.713861,2, ,0.0,0.0,2,2500,0,0,0,0,0,0

FINAL,R25,25,R,3
IF,LELEB,-1.189333,117.080139, ,0.0,0.0,2,2500,0,0,0,0,0,0
TF,LL611,-1.222944,117.001417,0, ,0.0,0.0,247.0,5.1,2,2000,0,0,0,0,2,0
TF,RW25,-1.263878,116.904842,0, ,0.0,0.0,247.0,6.3,1,62,0,0,0,0,3,1
CF,LL612,-1.283389,116.858833,0,BPN,245.3,5.4,247.0,3.0,0,0,0,0,0,0,0,1
DF,LELEB,-1.189333,117.080139,1, ,0.0,0.0,2,2500,0,0,0,0,0,0

