SID,BAXA1A,24,2
VA,0,238.0,2,1000,0,0,0,0,0,0
DF,TRK,3.325606,117.561633,1, ,0.0,0.0,0,0,0,0,0,0,0,0
TF,BAXAL,4.038889,117.976111,0, ,0.0,0.0,0.0,0.0,0,0,0,0,0,0,0,0

SID,MAMO1A,24,2
VA,0,238.0,2,1000,0,0,0,0,0,0
VI,0, ,0.0,323.0,0,0,0,0,0,0,0,0
IF,TRK,3.325606,117.561633, ,0.0,0.0,0,0,0,0,0,0,0,0
TF,MAMOK,4.085000,115.786667,0, ,0.0,0.0,0.0,0.0,0,0,0,0,0,0,0,0

SID,SOSV1A,24,2
VA,0,238.0,2,1000,0,0,0,0,0,0
VI,0, ,0.0,158.0,0,0,0,0,0,0,0,0
CF,SOSVO,2.272500,117.417778,0,TRK,187.8,63.5,188.0,58.0,0,0,0,0,0,0,0,0

STAR,BAXA1B,06,2
IF,BAXAL,4.038889,117.976111, ,0.0,0.0,0,0,0,0,0,0,0,0
TF,TRK,3.325606,117.561633,0, ,0.0,0.0,0.0,0.0,0,0,0,0,0,0,0,0
TF,AVNIM,3.181944,117.371500,0, ,0.0,0.0,0.0,0.0,0,0,0,0,0,0,0,0

STAR,MAMO1B,06,2
IF,MAMOK,4.085000,115.786667, ,0.0,0.0,0,0,0,0,0,0,0,0
TF,D293Y,3.489961,117.178417,0, ,0.0,0.0,0.0,0.0,0,0,0,0,0,0,0,0
TF,AVNIM,3.181944,117.371500,0, ,0.0,0.0,0.0,0.0,0,0,0,0,0,0,0,0

STAR,SOSV1B,06,2
IF,SOSVO,2.272500,117.417778, ,0.0,0.0,0,0,0,0,0,0,0,0
TF,D188Y,2.910792,117.504906,0, ,0.0,0.0,0.0,0.0,0,0,0,0,0,0,0,0
TF,AVNIM,3.181944,117.371500,0, ,0.0,0.0,0.0,0.0,0,0,0,0,0,0,0,0

APPTR,D06,06,AVNIM
IF,AVNIM,3.181944,117.371500, ,0.0,0.0,2,4000,0,0,0,0,1,0
TF,CD06,3.221775,117.424561,0, ,0.0,0.0,0.0,0.0,2,2720,0,0,0,0,1,0

FINAL,D06,06,D,3
IF,CD06,3.221775,117.424561,TRK,233.0,10.3,2,2720,0,0,0,0,0,0
CF,FD06,3.262100,117.477789,0,TRK,233.0,6.3,53.0,4.0,2,1920,0,0,0,0,2,0
CF,MD06,3.312500,117.544331,0,TRK,233.0,1.3,53.0,5.0,1,329,0,0,0,0,3,0
CA,0,53.0,2,540,0,0,0,0,0,0
DF,AVNIM,3.181944,117.371500,2, ,0.0,0.0,2,4000,0,0,0,0,0,0
HM,AVNIM,3.181944,117.371500,1, ,0.0,0.0,53.0,04.3,2,4000,0,0,0,0,0,0,0

APPTR,I06,06,AVNIM
IF,AVNIM,3.181944,117.371500, ,0.0,0.0,2,4000,0,0,0,0,1,0
CF,CF06,3.232686,117.417094,0,ITRK,238.0,11.1,43.0,4.1,2,2720,0,0,0,0,1,0

FINAL,I06,06,I,3
IF,CF06,3.232686,117.417094,ITRK,238.0,11.1,2,2720,0,0,0,0,0,0
CF,FF06,3.268667,117.473333,0,ITRK,238.3,7.1,58.0,4.0,1,1920,0,0,0,0,2,0
CF,RW06,3.319811,117.555614,0,ITRK,238.3,1.3,58.0,5.8,1,73,0,0,0,0,3,0
CA,0,58.0,2,540,0,0,0,0,0,0
DF,AVNIM,3.181944,117.371500,2, ,0.0,0.0,2,4000,0,0,0,0,0,0
HM,AVNIM,3.181944,117.371500,1, ,0.0,0.0,53.0,04.3,2,4000,0,0,0,0,0,0,0

APPTR,R06,06,AVNIM
IF,AVNIM,3.181944,117.371500, ,0.0,0.0,2,4000,0,0,0,0,1,0
TF,QQ401,3.233944,117.417167,0, ,0.0,0.0,0.0,0.0,2,2500,0,0,0,0,1,0

FINAL,R06,06,R,3
IF,QQ401,3.233944,117.417167, ,0.0,0.0,2,2500,0,0,0,0,0,0
TF,QQ402,3.264722,117.466806,0, ,0.0,0.0,59.0,3.5,2,2000,0,0,0,0,2,0
TF,RW06,3.319811,117.555614,0, ,0.0,0.0,59.0,6.3,1,73,0,0,0,0,3,1
DF,AVNIM,3.181944,117.371500,2, ,0.0,0.0,2,4000,0,0,0,0,0,0
HM,AVNIM,3.181944,117.371500,1, ,0.0,0.0,53.0,04.3,2,4000,0,0,0,0,0,0,0

