APPTR,R10,10,KAGUN
IF,KAGUN,-3.038472,132.184667, ,0.0,0.0,2,5000,0,1,170,0,1,0
TF,NOLAB,-2.984694,132.059944,0, ,0.0,0.0,292.0,8.1,2,4000,0,0,0,0,0,0
TF,SF401,-2.919111,132.073583,0, ,0.0,0.0,10.0,4.0,2,3000,0,0,0,0,1,0

APPTR,R10,10,NOLAB
IF,NOLAB,-2.984694,132.059944, ,0.0,0.0,2,4000,0,0,0,0,1,0
TF,SF401,-2.919111,132.073583,0, ,0.0,0.0,10.0,4.0,2,3000,0,0,0,0,1,0

FINAL,R10,10,R,4
IF,SF401,-2.919111,132.073583, ,0.0,0.0,2,3000,0,0,0,0,0,0
TF,SF402,-2.907194,132.156139,0, ,0.0,0.0,80.0,5.0,1,3000,0,0,0,0,2,0
TF,SF403,-2.914139,132.214056,0, ,0.0,0.0,95.0,3.5,2,1630,0,0,0,0,0,0
TF,RW10,-2.919869,132.261719,0, ,0.0,0.0,95.0,2.9,1,492,0,0,0,0,3,1
TF,SALIP,-2.923556,132.292472,0, ,0.0,0.0,95.0,1.9,0,0,0,0,0,0,0,1
DF,KAGUN,-3.038472,132.184667,2, ,0.0,0.0,2,5000,0,1,170,0,0,0

