SID,ALEG2A,08,2
CA,0,75.0,2,1500,0,0,0,0,0,0
CI,0, ,0.0,135.0,0,0,0,0,0,0,0,0
IF,KPG,-10.166750,123.691806, ,0.0,0.0,0,0,0,0,0,0,0,0
TF,ALEGO,-10.640000,125.133333,0, ,0.0,0.0,0.0,0.0,0,0,0,0,0,0,0,0

SID,ALEG2B,26,2
CA,0,255.0,2,1500,0,0,0,0,0,0
CI,1, ,0.0,80.0,0,0,0,0,0,0,0,0
IF,KPG,-10.166750,123.691806, ,0.0,0.0,0,0,0,0,0,0,0,0
TF,ALEGO,-10.640000,125.133333,0, ,0.0,0.0,0.0,0.0,0,0,0,0,0,0,0,0

SID,MAKN2A,08,2
CA,0,75.0,2,1500,0,0,0,0,0,0
CI,0, ,0.0,120.0,0,0,0,0,0,0,0,0
IF,KPG,-10.166750,123.691806, ,0.0,0.0,0,0,0,0,0,0,0,0
TF,MAKNI,-10.314417,125.558694,0, ,0.0,0.0,0.0,0.0,0,0,0,0,0,0,0,0

SID,MAKN2B,26,2
CA,0,255.0,2,1500,0,0,0,0,0,0
CI,1, ,0.0,65.0,0,0,0,0,0,0,0,0
IF,KPG,-10.166750,123.691806, ,0.0,0.0,0,0,0,0,0,0,0,0
TF,MAKNI,-10.314417,125.558694,0, ,0.0,0.0,0.0,0.0,0,0,0,0,0,0,0,0

SID,MOF1A,08,2
CA,0,75.0,2,1500,0,0,0,0,0,0
CI,1, ,0.0,275.0,0,0,0,0,0,0,0,0
IF,KPG,-10.166750,123.691806, ,0.0,0.0,0,0,0,0,0,0,0,0
TF,MOF,-8.641083,122.239639,0, ,0.0,0.0,0.0,0.0,0,0,0,0,0,0,0,0

SID,MOF1B,26,2
CA,0,255.0,2,1500,0,0,0,0,0,0
CI,0, ,0.0,345.0,0,0,0,0,0,0,0,0
IF,KPG,-10.166750,123.691806, ,0.0,0.0,0,0,0,0,0,0,0,0
TF,MOF,-8.641083,122.239639,0, ,0.0,0.0,0.0,0.0,0,0,0,0,0,0,0,0

SID,MUBR1A,08,2
CA,0,75.0,2,1500,0,0,0,0,0,0
VM,0,0,1,250.0,0,0,0,0,0,0,0,0
DF,KPG,-10.166750,123.691806,1, ,0.0,0.0,2,3500,0,0,0,0,0,0
TF,MUBRA,-8.560361,125.108111,0, ,0.0,0.0,0.0,0.0,0,0,0,0,0,0,0,0

SID,MUBR1B,26,2
CA,0,255.0,2,1500,0,0,0,0,0,0
DF,KPG,-10.166750,123.691806,1, ,0.0,0.0,2,3500,0,0,0,0,0,0
TF,MUBRA,-8.560361,125.108111,0, ,0.0,0.0,0.0,0.0,0,0,0,0,0,0,0,0

SID,OLRE1A,08,2
CA,0,75.0,2,1500,0,0,0,0,0,0
CI,1, ,0.0,235.0,0,0,0,0,0,0,0,0
IF,KPG,-10.166750,123.691806, ,0.0,0.0,0,0,0,0,0,0,0,0
TF,OLRET,-9.851667,121.532778,0, ,0.0,0.0,0.0,0.0,0,0,0,0,0,0,0,0

SID,OLRE1B,26,2
CA,0,255.0,2,1500,0,0,0,0,0,0
CI,0, ,0.0,310.0,0,0,0,0,0,0,0,0
IF,KPG,-10.166750,123.691806, ,0.0,0.0,0,0,0,0,0,0,0,0
TF,OLRET,-9.851667,121.532778,0, ,0.0,0.0,0.0,0.0,0,0,0,0,0,0,0,0

SID,WGP1B,26,2
CA,0,255.0,2,1500,0,0,0,0,0,0
CI,0, ,0.0,310.0,0,0,0,0,0,0,0,0
IF,KPG,-10.166750,123.691806, ,0.0,0.0,0,0,0,0,0,0,0,0
TF,OLRET,-9.851667,121.532778,0, ,0.0,0.0,0.0,0.0,0,0,0,0,0,0,0,0
TF,WGP,-9.669864,120.304039,0, ,0.0,0.0,0.0,0.0,0,0,0,0,0,0,0,0

SID,WGP2A,08,2
CA,0,75.0,2,1500,0,0,0,0,0,0
CI,1, ,0.0,235.0,0,0,0,0,0,0,0,0
IF,KPG,-10.166750,123.691806, ,0.0,0.0,0,0,0,0,0,0,0,0
TF,OLRET,-9.851667,121.532778,0, ,0.0,0.0,0.0,0.0,0,0,0,0,0,0,0,0
TF,WGP,-9.669864,120.304039,0, ,0.0,0.0,0.0,0.0,0,0,0,0,0,0,0,0

STAR,ALEG2C,08,2
IF,ALEGO,-10.640000,125.133333, ,0.0,0.0,0,0,0,0,0,0,0,0
TF,KPG,-10.166750,123.691806,0, ,0.0,0.0,0.0,0.0,0,0,0,0,0,0,0,0
TF,VIDUN,-10.232611,123.412278,0, ,0.0,0.0,0.0,0.0,0,0,0,0,0,0,0,0

STAR,ALEG2D,26,2
IF,ALEGO,-10.640000,125.133333, ,0.0,0.0,0,0,0,0,0,0,0,0
TF,D107T,-10.272814,124.012472,0, ,0.0,0.0,0.0,0.0,0,0,0,0,0,0,0,0
TF,ESBOV,-10.114306,123.913722,0, ,0.0,0.0,0.0,0.0,0,0,0,0,0,0,0,0

STAR,BELO1A,08,2
IF,BELOR,-9.483333,121.623889, ,0.0,0.0,0,0,0,0,0,0,0,0
TF,D287T,-10.061714,123.370900,0, ,0.0,0.0,0.0,0.0,0,0,0,0,0,0,0,0
TF,VIDUN,-10.232611,123.412278,0, ,0.0,0.0,0.0,0.0,0,0,0,0,0,0,0,0

STAR,BELO1B,26,2
IF,BELOR,-9.483333,121.623889, ,0.0,0.0,0,0,0,0,0,0,0,0
TF,KPG,-10.166750,123.691806,0, ,0.0,0.0,0.0,0.0,0,0,0,0,0,0,0,0
TF,ESBOV,-10.114306,123.913722,0, ,0.0,0.0,0.0,0.0,0,0,0,0,0,0,0,0

STAR,MAKN2C,08,2
IF,MAKNI,-10.314417,125.558694, ,0.0,0.0,0,0,0,0,0,0,0,0
TF,KPG,-10.166750,123.691806,0, ,0.0,0.0,0.0,0.0,0,0,0,0,0,0,0,0
TF,VIDUN,-10.232611,123.412278,0, ,0.0,0.0,0.0,0.0,0,0,0,0,0,0,0,0

STAR,MAKN2D,26,2
IF,MAKNI,-10.314417,125.558694, ,0.0,0.0,0,0,0,0,0,0,0,0
TF,D094T,-10.194203,124.028692,0, ,0.0,0.0,0.0,0.0,0,0,0,0,0,0,0,0
TF,ESBOV,-10.114306,123.913722,0, ,0.0,0.0,0.0,0.0,0,0,0,0,0,0,0,0

STAR,MOF1C,08,2
IF,MOF,-8.641083,122.239639, ,0.0,0.0,0,0,0,0,0,0,0,0
TF,D315T,-9.923789,123.459281,0, ,0.0,0.0,0.0,0.0,0,0,0,0,0,0,0,0
TF,VIDUN,-10.232611,123.412278,0, ,0.0,0.0,0.0,0.0,0,0,0,0,0,0,0,0

STAR,MOF1D,26,2
IF,MOF,-8.641083,122.239639, ,0.0,0.0,0,0,0,0,0,0,0,0
TF,KPG,-10.166750,123.691806,0, ,0.0,0.0,0.0,0.0,0,0,0,0,0,0,0,0
TF,ESBOV,-10.114306,123.913722,0, ,0.0,0.0,0.0,0.0,0,0,0,0,0,0,0,0

STAR,MUBR1C,08,2
IF,MUBRA,-8.560361,125.108111, ,0.0,0.0,0,0,0,0,0,0,0,0
TF,KPG,-10.166750,123.691806,0, ,0.0,0.0,0.0,0.0,0,0,0,0,0,0,0,0
TF,VIDUN,-10.232611,123.412278,0, ,0.0,0.0,0.0,0.0,0,0,0,0,0,0,0,0

STAR,MUBR1D,26,2
IF,MUBRA,-8.560361,125.108111, ,0.0,0.0,0,0,0,0,0,0,0,0
TF,D040T,-9.915192,123.914828,0, ,0.0,0.0,0.0,0.0,0,0,0,0,0,0,0,0
TF,ESBOV,-10.114306,123.913722,0, ,0.0,0.0,0.0,0.0,0,0,0,0,0,0,0,0

STAR,WGP1C,08,2
IF,WGP,-9.669864,120.304039, ,0.0,0.0,0,0,0,0,0,0,0,0
TF,D277T,-10.119283,123.357233,0, ,0.0,0.0,0.0,0.0,0,0,0,0,0,0,0,0
TF,VIDUN,-10.232611,123.412278,0, ,0.0,0.0,0.0,0.0,0,0,0,0,0,0,0,0

STAR,WGP1D,26,2
IF,WGP,-9.669864,120.304039, ,0.0,0.0,0,0,0,0,0,0,0,0
TF,KPG,-10.166750,123.691806,0, ,0.0,0.0,0.0,0.0,0,0,0,0,0,0,0,0
TF,ESBOV,-10.114306,123.913722,0, ,0.0,0.0,0.0,0.0,0,0,0,0,0,0,0,0

APPTR,D08,08,VIDUN
IF,VIDUN,-10.232611,123.412278, ,0.0,0.0,2,4500,0,0,0,0,1,0
CF,CF08,-10.213269,123.494494,0,KPG,255.6,12.0,75.0,5.0,2,3000,0,0,0,0,1,0

FINAL,D08,08,D,3
IF,CF08,-10.213269,123.494494,KPG,255.6,12.0,2,3000,0,0,0,0,0,0
CF,FF08,-10.193889,123.576722,0,KPG,255.6,7.0,75.0,5.0,2,2000,0,0,0,0,2,0
CF,RW08,-10.174194,123.660028,0,KPG,255.7,1.9,75.0,5.1,1,395,0,0,0,0,3,0
CF,KPG,-10.166750,123.691806,0,KPG,0.0,0.0,75.0,1.9,0,0,0,0,0,0,0,1
VI,1, ,0.0,225.0,0,0,0,0,0,0,0,0
CF,VIDUN,-10.232611,123.412278,0,KPG,255.6,17.0,255.0,10.5,2,4500,0,0,0,0,0,0
HM,VIDUN,-10.232611,123.412278,1, ,0.0,0.0,75.0,04.3,2,4500,0,0,0,0,0,0,0

APPTR,D26,26,ESBOV
IF,ESBOV,-10.114306,123.913722, ,0.0,0.0,2,4000,0,0,0,0,1,0
CF,CF26,-10.129861,123.847975,0,KPG,75.6,9.5,255.0,4.0,2,3000,0,0,0,0,1,0

FINAL,D26,26,D,3
IF,CF26,-10.129861,123.847975,KPG,75.6,9.5,2,3000,0,0,0,0,0,0
CF,FF26,-10.148889,123.767417,0,KPG,75.6,4.6,255.0,4.9,2,2000,0,0,0,0,2,0
CF,KPG,-10.166750,123.691806,0,KPG,0.0,0.0,255.0,4.6,1,545,0,0,0,0,3,0
CA,0,255.0,2,1500,0,0,0,0,0,0
CF,ESBOV,-10.114306,123.913722,2,KPG,75.6,13.5,75.0,16.0,2,4000,0,0,0,0,0,0
HM,ESBOV,-10.114306,123.913722,2, ,0.0,0.0,255.0,04.3,2,4000,0,0,0,0,0,0,0

APPTR,I26,26,ESBOV
IF,ESBOV,-10.114306,123.913722, ,0.0,0.0,2,4000,0,0,0,0,1,0
CF,CI26,-10.129658,123.847233,0,IKPG,75.5,11.5,255.0,4.0,2,3000,0,0,0,0,1,0

FINAL,I26,26,I,3
IF,CI26,-10.129658,123.847233,IKPG,75.5,11.5,2,3000,0,0,0,0,0,0
CF,FI26,-10.148778,123.766917,0,IKPG,75.5,6.6,255.0,4.9,1,2000,0,0,0,0,2,0
CF,RW26,-10.168919,123.682219,0,IKPG,75.5,1.4,255.0,5.2,1,359,0,0,0,0,3,0
CA,0,255.0,2,1500,0,0,0,0,0,0
DF,ESBOV,-10.114306,123.913722,2, ,0.0,0.0,2,4000,0,0,0,0,0,0
HM,ESBOV,-10.114306,123.913722,2, ,0.0,0.0,255.0,04.3,2,4000,0,0,0,0,0,0,0

APPTR,R08,08,VIDUN
IF,VIDUN,-10.232611,123.412278, ,0.0,0.0,2,4500,0,0,0,0,1,0
TF,TT421,-10.214250,123.491611,0, ,0.0,0.0,0.0,0.0,2,3000,0,0,0,0,1,0

FINAL,R08,08,R,3
IF,TT421,-10.214250,123.491611, ,0.0,0.0,2,3000,0,0,0,0,0,0
TF,TT422,-10.194556,123.574333,0, ,0.0,0.0,75.0,5.0,2,2000,0,0,0,0,2,0
TF,RW08,-10.174194,123.660028,0, ,0.0,0.0,75.0,5.2,1,395,0,0,0,0,3,1
DF,VIDUN,-10.232611,123.412278,1, ,0.0,0.0,2,4500,0,0,0,0,0,0
HM,VIDUN,-10.232611,123.412278,1, ,0.0,0.0,75.0,04.3,2,4500,0,0,0,0,0,0,0

APPTR,R26,26,ESBOV
IF,ESBOV,-10.114306,123.913722, ,0.0,0.0,2,4000,0,0,0,0,1,0
TF,TT601,-10.128972,123.850722,0, ,0.0,0.0,0.0,0.0,2,3000,0,0,0,0,1,0

FINAL,R26,26,R,3
IF,TT601,-10.128972,123.850722, ,0.0,0.0,2,3000,0,0,0,0,0,0
TF,TT602,-10.148083,123.769833,0, ,0.0,0.0,255.0,4.9,2,2000,0,0,0,0,2,0
TF,RW26,-10.168919,123.682219,0, ,0.0,0.0,255.0,5.3,1,359,0,0,0,0,3,1
DF,ESBOV,-10.114306,123.913722,2, ,0.0,0.0,2,4000,0,0,0,0,0,0
HM,ESBOV,-10.114306,123.913722,2, ,0.0,0.0,255.0,04.3,2,4000,0,0,0,0,0,0,0

