SID,BOBA1C,04,2
CA,0,41.0,2,626,0,0,0,0,0,0
DF,SAMKO,1.091528,103.881917,2, ,0.0,0.0,2,6000,0,0,0,0,0,0
TF,BOBAG,1.041667,103.498333,0, ,0.0,0.0,0.0,0.0,2,10000,0,0,0,0,0,0
TF,TAROS,0.700000,102.270000,0, ,0.0,0.0,0.0,0.0,0,0,0,0,0,0,0,0

SID,BOBA1D,22,2
CA,0,221.0,2,626,0,0,0,0,0,0
DF,SAMKO,1.091528,103.881917,0, ,0.0,0.0,2,6000,0,0,0,0,0,0
TF,BOBAG,1.041667,103.498333,0, ,0.0,0.0,0.0,0.0,2,10000,0,0,0,0,0,0
TF,TAROS,0.700000,102.270000,0, ,0.0,0.0,0.0,0.0,0,0,0,0,0,0,0,0

SID,HOSB1C,04,2
CA,0,41.0,2,626,0,0,0,0,0,0
CF,HOSBA,1.330000,104.405000,0,BTM,55.1,19.7,55.0,21.0,2,7000,0,0,0,0,0,0

SID,HOSB1C,MK,3
IF,HOSBA,1.330000,104.405000, ,0.0,0.0,2,7000,0,0,0,0,0,0
TF,66NM,1.363333,105.500000,0, ,0.0,0.0,0.0,0.0,0,0,0,0,0,0,0,0
TF,MK,3.346222,106.257083,0, ,0.0,0.0,0.0,0.0,0,0,0,0,0,0,0,0

SID,HOSB1C,RN,3
IF,HOSBA,1.330000,104.405000, ,0.0,0.0,2,7000,0,0,0,0,0,0
TF,66NM,1.363333,105.500000,0, ,0.0,0.0,0.0,0.0,0,0,0,0,0,0,0,0
TF,RN,3.905306,108.391889,0, ,0.0,0.0,0.0,0.0,0,0,0,0,0,0,0,0

SID,HOSB1D,22,2
CA,0,221.0,2,626,0,0,0,0,0,0
DF,HOSBA,1.330000,104.405000,1, ,0.0,0.0,2,7000,0,0,0,0,0,0

SID,HOSB1D,MK,3
IF,HOSBA,1.330000,104.405000, ,0.0,0.0,2,7000,0,0,0,0,0,0
TF,66NM,1.363333,105.500000,0, ,0.0,0.0,0.0,0.0,0,0,0,0,0,0,0,0
TF,MK,3.346222,106.257083,0, ,0.0,0.0,0.0,0.0,0,0,0,0,0,0,0,0

SID,HOSB1D,RN,3
IF,HOSBA,1.330000,104.405000, ,0.0,0.0,2,7000,0,0,0,0,0,0
TF,66NM,1.363333,105.500000,0, ,0.0,0.0,0.0,0.0,0,0,0,0,0,0,0,0
TF,RN,3.905306,108.391889,0, ,0.0,0.0,0.0,0.0,0,0,0,0,0,0,0,0

SID,JITL2C,04,2
CA,0,41.0,2,626,0,0,0,0,0,0
DF,JITLM,0.818333,103.845000,2, ,0.0,0.0,2,3500,0,0,0,0,0,0
TF,TUSNU,0.567500,102.352500,0, ,0.0,0.0,0.0,0.0,0,0,0,0,0,0,0,0

SID,JITL2D,22,2
CA,0,221.0,2,626,0,0,0,0,0,0
CF,JITLM,0.818333,103.845000,0,BTM,222.3,26.1,221.0,24.0,2,3500,0,0,0,0,0,0
TF,TUSNU,0.567500,102.352500,0, ,0.0,0.0,0.0,0.0,0,0,0,0,0,0,0,0

SID,KIRD1C,04,2
CA,0,41.0,2,626,0,0,0,0,0,0
VI,2, ,0.0,144.0,0,0,0,0,0,0,0,0
CF,D294P,1.012603,104.271228,0,TPG,294.0,16.0,114.0,3.0,2,2500,0,0,0,0,0,0
TF,TPG,0.903578,104.514464,0, ,0.0,0.0,0.0,0.0,0,0,0,0,0,0,0,0
TF,KIRDA,0.002500,104.992778,0, ,0.0,0.0,0.0,0.0,0,0,0,0,0,0,0,0

SID,KIRD1D,22,2
CA,0,221.0,2,626,0,0,0,0,0,0
CF,D294P,1.012603,104.271228,1,TPG,294.0,16.0,114.0,11.0,2,2500,0,0,0,0,0,0
TF,TPG,0.903578,104.514464,0, ,0.0,0.0,0.0,0.0,0,0,0,0,0,0,0,0
TF,KIRDA,0.002500,104.992778,0, ,0.0,0.0,0.0,0.0,0,0,0,0,0,0,0,0

SID,NE1C,04,2
CA,0,41.0,2,626,0,0,0,0,0,0
VI,2, ,0.0,144.0,0,0,0,0,0,0,0,0
CF,D294P,1.012603,104.271228,0,TPG,294.0,16.0,114.0,3.0,2,2500,0,0,0,0,0,0
TF,TPG,0.903578,104.514464,0, ,0.0,0.0,0.0,0.0,0,0,0,0,0,0,0,0
TF,NE,-0.483000,104.576000,0, ,0.0,0.0,0.0,0.0,0,0,0,0,0,0,0,0

SID,NE1D,22,2
CA,0,221.0,2,626,0,0,0,0,0,0
CF,D294P,1.012603,104.271228,1,TPG,294.0,16.0,114.0,11.0,2,2500,0,0,0,0,0,0
TF,TPG,0.903578,104.514464,0, ,0.0,0.0,0.0,0.0,0,0,0,0,0,0,0,0
TF,NE,-0.483000,104.576000,0, ,0.0,0.0,0.0,0.0,0,0,0,0,0,0,0,0

SID,VTK1C,04,2
CA,0,41.0,2,626,0,0,0,0,0,0
DF,BTM,1.141336,104.136772,0, ,0.0,0.0,0,0,0,0,0,0,0,0
TF,VTK,1.415378,104.022269,0, ,0.0,0.0,0.0,0.0,2,4000,0,0,0,0,0,0

SID,VTK1D,22,2
CA,0,221.0,2,626,0,0,0,0,0,0
DF,VTK,1.415378,104.022269,2, ,0.0,0.0,2,4000,0,0,0,0,0,0

SID,WPON2C,04,2
CA,0,41.0,2,626,0,0,0,0,0,0
CF,RAMNA,1.368333,104.303333,0,BTM,36.4,16.9,36.0,17.0,2,3500,0,0,0,0,0,0
TF,KK,1.521639,103.989917,1, ,0.0,0.0,0.0,0.0,0,0,0,0,0,0,0,0
TF,ALFA,1.509167,103.828333,0, ,0.0,0.0,0.0,0.0,2,6000,0,0,0,0,0,0
TF,JB,1.499936,103.711617,0, ,0.0,0.0,0.0,0.0,0,0,0,0,0,0,0,0
TF,WPONT,1.450000,103.346667,0, ,0.0,0.0,0.0,0.0,2,10000,0,0,0,0,0,0
TF,KASTA,1.658333,102.828333,0, ,0.0,0.0,0.0,0.0,3,24000,0,0,0,0,0,0
TF,SALAX,2.206700,101.563300,0, ,0.0,0.0,0.0,0.0,0,0,0,0,0,0,0,0

SID,WPON2D,22,2
CA,0,221.0,2,626,0,0,0,0,0,0
DF,SAMKO,1.091528,103.881917,0, ,0.0,0.0,2,3500,0,0,0,0,0,0
TF,SJ,1.222594,103.854228,0, ,0.0,0.0,0.0,0.0,2,6000,0,0,0,0,0,0
TF,JB,1.499936,103.711617,0, ,0.0,0.0,0.0,0.0,0,0,0,0,0,0,0,0
TF,WPONT,1.450000,103.346667,0, ,0.0,0.0,0.0,0.0,2,10000,0,0,0,0,0,0
TF,KASTA,1.658333,102.828333,0, ,0.0,0.0,0.0,0.0,3,24000,0,0,0,0,0,0
TF,SALAX,2.206700,101.563300,0, ,0.0,0.0,0.0,0.0,0,0,0,0,0,0,0,0

STAR,NE1C,04,2
IF,NE,-0.483000,104.576000, ,0.0,0.0,0,0,0,0,0,0,0,0
TF,TPG26,0.468500,104.533836,0, ,0.0,0.0,0.0,0.0,3,5500,0,0,0,0,0,0
TF,TPG,0.903578,104.514464,0, ,0.0,0.0,0.0,0.0,1,2500,0,0,0,0,0,0
TF,D120C,1.110747,104.172764,0, ,0.0,0.0,0.0,0.0,0,0,0,0,0,0,0,0

STAR,NE1D,22,2
IF,NE,-0.483000,104.576000, ,0.0,0.0,0,0,0,0,0,0,0,0
TF,TPG26,0.468500,104.533836,0, ,0.0,0.0,0.0,0.0,3,5500,0,0,0,0,0,0
TF,TPG,0.903578,104.514464,0, ,0.0,0.0,0.0,0.0,1,2500,0,0,0,0,0,0
TF,D120C,1.110747,104.172764,0, ,0.0,0.0,0.0,0.0,0,0,0,0,0,0,0,0

STAR,VTK1C,04,2
IF,AKOMA,1.756111,103.911944, ,0.0,0.0,2,6000,0,0,0,0,0,0
TF,VTK,1.415378,104.022269,0, ,0.0,0.0,0.0,0.0,2,4000,0,0,0,0,0,0
TF,D190O,1.168136,103.980544,0, ,0.0,0.0,0.0,0.0,2,2500,0,0,0,0,0,0
CR,0,SJ,146.0,190.0,0,0,0,0,0,0,0,0
CF,BTM,1.141336,104.136772,1,BTM,0.0,0.0,41.0,9.0,0,0,0,0,0,0,0,0

STAR,VTK1D,22,2
IF,AKOMA,1.756111,103.911944, ,0.0,0.0,2,6000,0,0,0,0,0,0
TF,VTK,1.415378,104.022269,0, ,0.0,0.0,0.0,0.0,2,4000,0,0,0,0,0,0
CR,0,BTM,36.0,111.0,0,0,0,0,0,0,0,0
CF,D041K,1.273581,104.252486,2,BTM,41.4,10.5,221.0,3.0,2,2500,0,0,0,0,0,0
TF,FF22,1.209792,104.198011,0, ,0.0,0.0,0.0,0.0,2,2000,0,0,0,0,0,0

STAR,WPON2C,04,2
IF,SALAX,2.206700,101.563300, ,0.0,0.0,0,0,0,0,0,0,0,0
TF,KASTA,1.658333,102.828333,0, ,0.0,0.0,0.0,0.0,3,24000,0,0,0,0,0,0
TF,SJ45,1.522239,103.166978,0, ,0.0,0.0,0.0,0.0,2,10000,0,0,0,0,0,0
TF,WPONT,1.450000,103.346667,0, ,0.0,0.0,0.0,0.0,0,0,0,0,0,0,0,0
TF,JB,1.499936,103.711617,0, ,0.0,0.0,0.0,0.0,2,6000,0,0,0,0,0,0
TF,SJ,1.222594,103.854228,0, ,0.0,0.0,0.0,0.0,2,5500,0,0,0,0,0,0
TF,D146D,1.167617,103.894011,0, ,0.0,0.0,0.0,0.0,2,4500,0,0,0,0,0,0
TF,D146N,1.028100,103.986100,0, ,0.0,0.0,0.0,0.0,2,2500,0,0,0,0,0,1
CF,BTM,1.141336,104.136772,1,BTM,0.0,0.0,41.0,9.0,0,0,0,0,0,0,0,0

STAR,WPON2D,22,2
IF,SALAX,2.206700,101.563300, ,0.0,0.0,0,0,0,0,0,0,0,0
TF,KASTA,1.658333,102.828333,0, ,0.0,0.0,0.0,0.0,3,24000,0,0,0,0,0,0
TF,SJ45,1.522239,103.166978,0, ,0.0,0.0,0.0,0.0,2,10000,0,0,0,0,0,0
TF,WPONT,1.450000,103.346667,0, ,0.0,0.0,0.0,0.0,0,0,0,0,0,0,0,0
TF,AALFA,1.508333,103.830000,0, ,0.0,0.0,0.0,0.0,2,6000,0,0,0,0,0,0
TF,KK,1.521639,103.989917,0, ,0.0,0.0,0.0,0.0,2,4000,0,0,0,0,0,0
CR,0,BTM,36.0,115.0,0,0,0,0,0,0,0,0
CF,D041K,1.273581,104.252486,2,BTM,41.4,10.5,221.0,6.0,2,2500,0,0,0,0,0,0
TF,FF22,1.209792,104.198011,0, ,0.0,0.0,0.0,0.0,2,2000,0,0,0,0,0,0

APPTR,D22,22,BTM
IF,BTM,1.141336,104.136772, ,0.0,0.0,2,2500,0,0,0,0,0,0
FD,BTM,1.141336,104.136772,0,BTM,0.0,5.5,62.0,5.5,2,2000,0,0,0,0,0,0
CF,FF22,1.209792,104.198011,1,BTM,42.0,5.5,222.0,1.0,2,2000,0,0,0,0,0,0

FINAL,D22,22,D,4
IF,FF22,1.209792,104.198011,BTM,42.0,5.5,2,2000,0,0,0,0,2,0
CF,40VOR,1.191122,104.181308,0,BTM,42.0,4.0,222.0,1.5,2,1525,0,0,0,0,0,0
CF,20VOR,1.166228,104.159039,0,BTM,42.0,2.0,222.0,2.0,2,915,0,0,0,0,0,0
CF,BTM,1.141336,104.136772,0,BTM,0.0,0.0,222.0,2.0,1,289,0,0,0,0,3,0
FA,BTM,1.141336,104.136772,0,BTM,0.0,0.0,222.0,2,2500,0,0,0,0,0,0
DF,BTM,1.141336,104.136772,1, ,0.0,0.0,0,0,0,0,0,0,0,0

APPTR,I04,04,BAVAL
IF,BAVAL,0.755000,104.045000, ,0.0,0.0,2,3000,0,0,0,0,0,0
FC,BAVAL,0.755000,104.045000,0,BTM,0.0,0.0,338.0,12.4,0,0,0,0,0,0,0,0
CF,CF04,0.992083,104.005122,0,IBTM,221.6,11.5,41.0,4.0,2,1800,0,0,0,0,1,0

APPTR,I04,04,JITLM
IF,JITLM,0.818333,103.845000, ,0.0,0.0,2,3500,0,0,0,0,0,0
FC,JITLM,0.818333,103.845000,0,BTM,0.0,0.0,41.0,10.1,0,0,0,0,0,0,0,0
CF,CF04,0.992083,104.005122,0,IBTM,221.6,11.5,41.0,4.0,2,1800,0,0,0,0,1,0

FINAL,I04,04,I,3
IF,CF04,0.992083,104.005122,IBTM,221.6,11.5,2,1800,0,0,0,0,0,0
CF,FF04,1.055961,104.061467,0,IBTM,221.6,6.4,41.0,5.1,1,1500,0,0,0,0,2,0
CF,RW04,1.107347,104.106794,0,IBTM,221.6,2.3,41.0,4.1,1,178,0,0,0,0,3,0
VA,0,41.0,2,1000,0,0,0,0,0,0
VI,2, ,0.0,223.0,0,0,0,0,0,0,0,0
CF,BAVAL,0.755000,104.045000,0,BTM,193.5,23.7,193.0,16.0,2,3000,0,0,0,0,0,0
HM,BAVAL,0.755000,104.045000,2, ,0.0,0.0,338.0,04.3,2,3000,0,0,0,0,0,0,0

