SID,JITL1A,04,2
CA,0,42.0,2,600,0,0,0,0,0,0
DF,JITLM,0.818333,103.845000,2, ,0.0,0.0,2,3500,0,0,0,0,0,0
TF,TUSNU,0.567500,102.352500,0, ,0.0,0.0,0.0,0.0,0,0,0,0,0,0,0,0

SID,JITL1B,22,2
CA,0,222.0,2,600,0,0,0,0,0,0
DF,JITLM,0.818333,103.845000,0, ,0.0,0.0,2,3500,0,0,0,0,0,0
TF,TUSNU,0.567500,102.352500,0, ,0.0,0.0,0.0,0.0,0,0,0,0,0,0,0,0

SID,KIRD1A,04,2
CA,0,42.0,2,600,0,0,0,0,0,0
VI,2, ,0.0,182.0,0,0,0,0,0,0,0,0
IF,TPG,0.903578,104.514464, ,0.0,0.0,0,0,0,0,0,0,0,0
TF,KIRDA,0.002500,104.992778,0, ,0.0,0.0,0.0,0.0,0,0,0,0,0,0,0,0

SID,KIRD1B,22,2
CA,0,222.0,2,600,0,0,0,0,0,0
VI,1, ,0.0,122.0,0,0,0,0,0,0,0,0
IF,TPG,0.903578,104.514464, ,0.0,0.0,0,0,0,0,0,0,0,0
TF,KIRDA,0.002500,104.992778,0, ,0.0,0.0,0.0,0.0,0,0,0,0,0,0,0,0

SID,NE1A,04,2
CA,0,42.0,2,600,0,0,0,0,0,0
VI,2, ,0.0,207.0,0,0,0,0,0,0,0,0
IF,TPG,0.903578,104.514464, ,0.0,0.0,0,0,0,0,0,0,0,0
TF,NE,-0.483000,104.576000,0, ,0.0,0.0,0.0,0.0,0,0,0,0,0,0,0,0

SID,NE1B,22,2
CA,0,222.0,2,600,0,0,0,0,0,0
DF,TPG,0.903578,104.514464,0, ,0.0,0.0,0,0,0,0,0,0,0,0
TF,NE,-0.483000,104.576000,0, ,0.0,0.0,0.0,0.0,0,0,0,0,0,0,0,0

SID,TOMA1A,04,2
CA,0,42.0,2,600,0,0,0,0,0,0
DF,TPG35,1.101433,105.062756,0, ,0.0,0.0,2,7000,0,0,0,0,0,0
TF,TOMAN,1.363056,105.788056,0, ,0.0,0.0,0.0,0.0,0,0,0,0,0,0,0,0

SID,TOMA1A,MK,3
IF,TOMAN,1.363056,105.788056, ,0.0,0.0,0,0,0,0,0,0,0,0
TF,MK,3.346222,106.257083,0, ,0.0,0.0,0.0,0.0,0,0,0,0,0,0,0,0

SID,TOMA1A,NAT,3
IF,TOMAN,1.363056,105.788056, ,0.0,0.0,0,0,0,0,0,0,0,0
TF,NAT,3.906667,108.400000,0, ,0.0,0.0,0.0,0.0,0,0,0,0,0,0,0,0

SID,TOMA1B,22,2
CA,0,222.0,2,600,0,0,0,0,0,0
DF,TPG35,1.101433,105.062756,1, ,0.0,0.0,2,7000,0,0,0,0,0,0
TF,TOMAN,1.363056,105.788056,0, ,0.0,0.0,0.0,0.0,0,0,0,0,0,0,0,0

SID,TOMA1B,MK,3
IF,TOMAN,1.363056,105.788056, ,0.0,0.0,0,0,0,0,0,0,0,0
TF,MK,3.346222,106.257083,0, ,0.0,0.0,0.0,0.0,0,0,0,0,0,0,0,0

SID,TOMA1B,NAT,3
IF,TOMAN,1.363056,105.788056, ,0.0,0.0,0,0,0,0,0,0,0,0
TF,NAT,3.906667,108.400000,0, ,0.0,0.0,0.0,0.0,0,0,0,0,0,0,0,0

SID,WPON1A,04,2
CA,0,42.0,2,600,0,0,0,0,0,0
DF,HOSBA,1.330000,104.405000,0, ,0.0,0.0,2,7000,0,0,0,0,0,0
TF,KK,1.521639,103.989917,0, ,0.0,0.0,0.0,0.0,0,0,0,0,0,0,0,0
TF,JB,1.499936,103.711617,0, ,0.0,0.0,0.0,0.0,0,0,0,0,0,0,0,0
TF,WPONT,1.450000,103.346667,0, ,0.0,0.0,0.0,0.0,2,10000,0,0,0,0,0,0
TF,KASTA,1.658333,102.828333,0, ,0.0,0.0,0.0,0.0,3,24000,0,0,0,0,0,0
TF,SALAX,2.206700,101.563300,0, ,0.0,0.0,0.0,0.0,0,0,0,0,0,0,0,0

SID,WPON1B,22,2
CA,0,222.0,2,600,0,0,0,0,0,0
DF,SJ,1.222594,103.854228,0, ,0.0,0.0,0,0,0,0,0,0,0,0
TF,JB,1.499936,103.711617,0, ,0.0,0.0,0.0,0.0,0,0,0,0,0,0,0,0
TF,WPONT,1.450000,103.346667,0, ,0.0,0.0,0.0,0.0,2,10000,0,0,0,0,0,0
TF,KASTA,1.658333,102.828333,0, ,0.0,0.0,0.0,0.0,3,24000,0,0,0,0,0,0
TF,SALAX,2.206700,101.563300,0, ,0.0,0.0,0.0,0.0,0,0,0,0,0,0,0,0

STAR,JITL1A,04,2
IF,TUSNU,0.567500,102.352500, ,0.0,0.0,0,0,0,0,0,0,0,0
TF,JITLM,0.818333,103.845000,0, ,0.0,0.0,0.0,0.0,2,3500,0,0,0,0,0,0
TF,TPG,0.903578,104.514464,0, ,0.0,0.0,0.0,0.0,2,2500,0,0,0,0,0,0

STAR,JITL1B,22,2
IF,TUSNU,0.567500,102.352500, ,0.0,0.0,0,0,0,0,0,0,0,0
TF,JITLM,0.818333,103.845000,0, ,0.0,0.0,0.0,0.0,2,3500,0,0,0,0,0,0
TF,TPG,0.903578,104.514464,0, ,0.0,0.0,0.0,0.0,1,2500,0,0,0,0,0,0

STAR,NE1A,04,2
IF,NE,-0.483000,104.576000, ,0.0,0.0,0,0,0,0,0,0,0,0
TF,TPG26,0.468500,104.533836,0, ,0.0,0.0,0.0,0.0,3,5500,0,0,0,0,0,0
TF,TPG24,0.501964,104.532353,0, ,0.0,0.0,0.0,0.0,0,0,0,0,0,0,0,0
CR,0,TPG,205.0,320.0,0,0,0,0,0,0,0,0
DF,TPG11,0.766011,104.392772,0, ,0.0,0.0,2,2500,0,0,0,0,0,0

STAR,NE1B,22,2
IF,NE,-0.483000,104.576000, ,0.0,0.0,0,0,0,0,0,0,0,0
TF,TPG26,0.468500,104.533836,0, ,0.0,0.0,0.0,0.0,3,5500,0,0,0,0,0,0
TF,TPG,0.903578,104.514464,0, ,0.0,0.0,0.0,0.0,1,2500,0,0,0,0,0,0

STAR,PARD1A,04,2
IF,PARDI,-0.566667,104.216667, ,0.0,0.0,0,0,0,0,0,0,0,0
TF,TPG21,0.558911,104.444722,0, ,0.0,0.0,0.0,0.0,3,5500,0,0,0,0,0,0
TF,TPG18,0.608144,104.454700,0, ,0.0,0.0,0.0,0.0,0,0,0,0,0,0,0,0
CR,0,TPG,205.0,320.0,0,0,0,0,0,0,0,0
DF,TPG11,0.766011,104.392772,0, ,0.0,0.0,2,2500,0,0,0,0,0,0

STAR,PARD1B,22,2
IF,PARDI,-0.566667,104.216667, ,0.0,0.0,0,0,0,0,0,0,0,0
TF,TPG21,0.558911,104.444722,0, ,0.0,0.0,0.0,0.0,3,5500,0,0,0,0,0,0
TF,TPG,0.903578,104.514464,0, ,0.0,0.0,0.0,0.0,0,0,0,0,0,0,0,0

STAR,TOMA1A,MK,1
IF,MK,3.346222,106.257083, ,0.0,0.0,0,0,0,0,0,0,0,0
TF,TOMAN,1.363056,105.788056,0, ,0.0,0.0,0.0,0.0,0,0,0,0,0,0,0,0

STAR,TOMA1A,NAT,1
IF,NAT,3.906667,108.400000, ,0.0,0.0,0,0,0,0,0,0,0,0
TF,TOMAN,1.363056,105.788056,0, ,0.0,0.0,0.0,0.0,0,0,0,0,0,0,0,0

STAR,TOMA1A,04,2
IF,TOMAN,1.363056,105.788056, ,0.0,0.0,0,0,0,0,0,0,0,0
TF,TPG35,1.101433,105.062756,0, ,0.0,0.0,0.0,0.0,2,7000,0,0,0,0,0,0
TF,TPG30,1.073169,104.984439,0, ,0.0,0.0,0.0,0.0,3,5500,0,0,0,0,0,0
TF,TPG04,0.926164,104.577208,0, ,0.0,0.0,0.0,0.0,0,0,0,0,0,0,0,0
TF,TI,0.919728,104.526169,0, ,0.0,0.0,0.0,0.0,1,2500,0,0,0,0,0,0

STAR,TOMA1B,MK,1
IF,MK,3.346222,106.257083, ,0.0,0.0,0,0,0,0,0,0,0,0
TF,TOMAN,1.363056,105.788056,0, ,0.0,0.0,0.0,0.0,0,0,0,0,0,0,0,0

STAR,TOMA1B,NAT,1
IF,NAT,3.906667,108.400000, ,0.0,0.0,0,0,0,0,0,0,0,0
TF,TOMAN,1.363056,105.788056,0, ,0.0,0.0,0.0,0.0,0,0,0,0,0,0,0,0

STAR,TOMA1B,22,2
IF,TOMAN,1.363056,105.788056, ,0.0,0.0,0,0,0,0,0,0,0,0
TF,TPG35,1.101433,105.062756,0, ,0.0,0.0,0.0,0.0,2,7000,0,0,0,0,0,0
TF,TPG20,1.016633,104.827806,0, ,0.0,0.0,0.0,0.0,0,0,0,0,0,0,0,0
TF,TP050,1.017875,104.649928,0, ,0.0,0.0,0.0,0.0,2,2500,0,0,0,0,0,0

STAR,VTK1A,04,2
IF,AKOMA,1.756111,103.911944, ,0.0,0.0,2,6000,0,0,0,0,0,0
TF,VTK,1.415378,104.022269,0, ,0.0,0.0,0.0,0.0,2,4000,0,0,0,0,0,0
FD,VTK,1.415378,104.022269,0,VTK,0.0,31.0,135.0,31.0,2,2500,0,0,0,0,0,0
CF,D315E,0.962758,104.455731,0,TPG,315.0,5.0,135.0,26.0,0,0,0,0,0,0,0,0

STAR,VTK1B,22,2
IF,AKOMA,1.756111,103.911944, ,0.0,0.0,2,6000,0,0,0,0,0,0
TF,VTK,1.415378,104.022269,0, ,0.0,0.0,0.0,0.0,2,4000,0,0,0,0,0,0
FD,VTK,1.415378,104.022269,0,VTK,0.0,31.0,135.0,31.0,2,2500,0,0,0,0,0,0
CF,D315E,0.962758,104.455731,0,TPG,315.0,5.0,135.0,26.0,0,0,0,0,0,0,0,0

STAR,WPON1A,04,2
IF,SALAX,2.206700,101.563300, ,0.0,0.0,0,0,0,0,0,0,0,0
TF,KASTA,1.658333,102.828333,0, ,0.0,0.0,0.0,0.0,3,24000,0,0,0,0,0,0
TF,SJ45,1.522239,103.166978,0, ,0.0,0.0,0.0,0.0,2,10000,0,0,0,0,0,0
TF,WPONT,1.450000,103.346667,0, ,0.0,0.0,0.0,0.0,2,10000,0,0,0,0,0,0
TF,JB,1.499936,103.711617,0, ,0.0,0.0,0.0,0.0,2,6000,0,0,0,0,0,0
TF,SJ,1.222594,103.854228,0, ,0.0,0.0,0.0,0.0,2,5500,0,0,0,0,0,0
FD,SJ,1.222594,103.854228,0,SJ,0.0,4.0,114.0,4.0,2,4500,0,0,0,0,0,0
CF,D114E,0.955661,104.449425,0,TPG,308.5,5.0,114.0,35.0,2,2500,0,0,0,0,0,0

STAR,WPON1B,22,2
IF,SALAX,2.206700,101.563300, ,0.0,0.0,0,0,0,0,0,0,0,0
TF,KASTA,1.658333,102.828333,0, ,0.0,0.0,0.0,0.0,3,24000,0,0,0,0,0,0
TF,SJ45,1.522239,103.166978,0, ,0.0,0.0,0.0,0.0,2,10000,0,0,0,0,0,0
TF,WPONT,1.450000,103.346667,0, ,0.0,0.0,0.0,0.0,2,10000,0,0,0,0,0,0
TF,AALFA,1.508333,103.830000,0, ,0.0,0.0,0.0,0.0,2,6000,0,0,0,0,0,0
TF,KK,1.521639,103.989917,0, ,0.0,0.0,0.0,0.0,2,6000,0,0,0,0,0,0
TF,RAMNA,1.368333,104.303333,0, ,0.0,0.0,0.0,0.0,2,3500,0,0,0,0,0,0
TF,TP020,1.208814,104.624950,0, ,0.0,0.0,0.0,0.0,2,2500,0,0,0,0,0,0

APPTR,D04-Y,04,TPG
IF,TPG,0.903578,104.514464, ,0.0,0.0,2,2500,0,0,0,0,0,0
CF,D254G,0.873567,104.410500,0,TPG,254.0,6.5,254.0,6.5,2,2500,0,0,0,0,1,1
CF,FF04,0.822917,104.441833,1,TPG,222.2,6.5,42.0,1.0,2,2500,0,0,0,0,0,0

FINAL,D04-Y,04,D,2
IF,FF04,0.822917,104.441833,TPG,222.2,6.5,2,2500,0,0,0,0,2,0
CF,TPG,0.903578,104.514464,0,TPG,0.0,0.0,42.0,6.5,1,428,0,0,0,0,3,0
CA,0,42.0,2,1500,0,0,0,0,0,0
DF,TPG,0.903578,104.514464,2, ,0.0,0.0,2,2500,0,0,0,0,0,0
HM,TPG,0.903578,104.514464,1, ,0.0,0.0,254.0,04.3,2,2500,0,0,0,0,0,0,0

APPTR,D04-Z,04,TPG
IF,TPG,0.903578,104.514464, ,0.0,0.0,2,2500,0,0,0,0,0,0
CF,D234G,0.839583,104.426967,0,TPG,234.0,6.5,234.0,6.5,2,2500,0,0,0,0,1,1
CF,FF04,0.822917,104.441833,1,TPG,222.2,6.5,42.0,1.0,2,2500,0,0,0,0,0,0

FINAL,D04-Z,04,D,2
IF,FF04,0.822917,104.441833,TPG,222.2,6.5,2,2500,0,0,0,0,2,0
CF,TPG,0.903578,104.514464,0,TPG,0.0,0.0,42.0,6.5,1,428,0,0,0,0,3,0
CA,0,42.0,2,1500,0,0,0,0,0,0
DF,TPG,0.903578,104.514464,2, ,0.0,0.0,2,2500,0,0,0,0,0,0
HM,TPG,0.903578,104.514464,1, ,0.0,0.0,234.0,04.3,2,2500,0,0,0,0,0,0,0

FINAL,N04,04,N,2
IF,FN04,0.798675,104.438800,TI,0.0,0.0,2,2500,0,1,210,0,2,0
CF,MN04,0.899553,104.511608,0,TI,0.0,0.0,36.0,7.4,1,522,0,0,0,0,3,0
TF,TI,0.919728,104.526169,0, ,0.0,0.0,0.0,0.0,0,0,0,0,0,0,0,0
CA,0,36.0,2,2500,0,0,0,0,0,0
DF,TI,0.919728,104.526169,2, ,0.0,0.0,0,0,0,0,0,0,0,0

