SID,BEPN1A,15,2
CA,0,155.0,2,1500,0,0,0,0,0,0
DF,MKB,-0.787000,100.278222,2, ,0.0,0.0,4,11000,7000,0,0,0,0,0
TF,BEPNO,-1.362778,101.445278,0, ,0.0,0.0,0.0,0.0,0,0,0,0,0,0,0,0

SID,BEPN1B,33,2
CA,0,335.0,2,3000,0,0,0,0,0,0
DF,MKB,-0.787000,100.278222,1, ,0.0,0.0,4,11000,7000,0,0,0,0,0
TF,BEPNO,-1.362778,101.445278,0, ,0.0,0.0,0.0,0.0,0,0,0,0,0,0,0,0

SID,DOTM1E,15,2
CA,0,155.0,2,520,0,0,0,0,0,0
VI,2, ,0.0,7.0,0,0,0,0,0,0,0,0
IF,MKB,-0.787000,100.278222, ,0.0,0.0,0,0,0,0,0,0,0,0
TF,DOTMA,1.363056,99.346389,0, ,0.0,0.0,0.0,0.0,0,0,0,0,0,0,0,0

SID,DOTM1F,33,2
CA,0,335.0,2,1000,0,0,0,0,0,0
IF,MKB,-0.787000,100.278222, ,0.0,0.0,0,0,0,0,0,0,0,0
TF,DOTMA,1.363056,99.346389,0, ,0.0,0.0,0.0,0.0,0,0,0,0,0,0,0,0

SID,ELDE1G,15,2
CA,0,155.0,2,520,0,0,0,0,0,0
VI,2, ,0.0,352.0,0,0,0,0,0,0,0,0
IF,MKB,-0.787000,100.278222, ,0.0,0.0,0,0,0,0,0,0,0,0
TF,ELDEL,1.872222,98.245000,0, ,0.0,0.0,0.0,0.0,0,0,0,0,0,0,0,0

SID,ELDE1H,33,2
CA,0,335.0,2,1000,0,0,0,0,0,0
IF,MKB,-0.787000,100.278222, ,0.0,0.0,0,0,0,0,0,0,0,0
TF,ELDEL,1.872222,98.245000,0, ,0.0,0.0,0.0,0.0,0,0,0,0,0,0,0,0

SID,LEBE1E,15,2
CA,0,155.0,2,520,0,0,0,0,0,0
IF,MKB,-0.787000,100.278222, ,0.0,0.0,0,0,0,0,0,0,0,0
TF,LEBEG,-1.886944,100.567778,0, ,0.0,0.0,0.0,0.0,0,0,0,0,0,0,0,0

SID,LEBE1F,33,2
CA,0,335.0,2,1000,0,0,0,0,0,0
CI,1, ,0.0,135.0,0,0,0,0,0,0,0,0
IF,MKB,-0.787000,100.278222, ,0.0,0.0,0,0,0,0,0,0,0,0
TF,LEBEG,-1.886944,100.567778,0, ,0.0,0.0,0.0,0.0,0,0,0,0,0,0,0,0

SID,NOKE1E,15,2
CA,0,155.0,2,520,0,0,0,0,0,0
VI,2, ,0.0,9.0,0,0,0,0,0,0,0,0
IF,MKB,-0.787000,100.278222, ,0.0,0.0,0,0,0,0,0,0,0,0
TF,NOKEL,1.453333,99.426667,0, ,0.0,0.0,0.0,0.0,0,0,0,0,0,0,0,0

SID,NOKE1F,33,2
CA,0,335.0,2,1000,0,0,0,0,0,0
IF,MKB,-0.787000,100.278222, ,0.0,0.0,0,0,0,0,0,0,0,0
TF,NOKEL,1.453333,99.426667,0, ,0.0,0.0,0.0,0.0,0,0,0,0,0,0,0,0

SID,NONA1A,15,2
CA,0,155.0,2,1500,0,0,0,0,0,0
DF,MKB,-0.787000,100.278222,2, ,0.0,0.0,4,11000,7000,0,0,0,0,0
TF,NONAP,-2.503056,102.140556,0, ,0.0,0.0,0.0,0.0,0,0,0,0,0,0,0,0

SID,NONA1B,33,2
CA,0,335.0,2,3000,0,0,0,0,0,0
DF,MKB,-0.787000,100.278222,1, ,0.0,0.0,4,11000,7000,0,0,0,0,0
TF,NONAP,-2.503056,102.140556,0, ,0.0,0.0,0.0,0.0,0,0,0,0,0,0,0,0

SID,OSNI1A,15,2
CA,0,155.0,2,1500,0,0,0,0,0,0
DF,MKB,-0.787000,100.278222,2, ,0.0,0.0,4,11000,7000,0,0,0,0,0
TF,OSNIS,-0.601944,100.671944,0, ,0.0,0.0,0.0,0.0,0,0,0,0,0,0,0,0

SID,OSNI1B,33,2
CA,0,335.0,2,3000,0,0,0,0,0,0
DF,MKB,-0.787000,100.278222,1, ,0.0,0.0,4,11000,7000,0,0,0,0,0
TF,OSNIS,-0.601944,100.671944,0, ,0.0,0.0,0.0,0.0,0,0,0,0,0,0,0,0

SID,PASO2E,15,2
CA,0,155.0,2,1500,0,0,0,0,0,0
DF,MKB,-0.787000,100.278222,2, ,0.0,0.0,4,11000,7000,0,0,0,0,0
TF,PASOL,-1.825000,102.385000,0, ,0.0,0.0,0.0,0.0,0,0,0,0,0,0,0,0

SID,PASO2F,33,2
CA,0,335.0,2,3000,0,0,0,0,0,0
DF,MKB,-0.787000,100.278222,1, ,0.0,0.0,4,11000,7000,0,0,0,0,0
TF,PASOL,-1.825000,102.385000,0, ,0.0,0.0,0.0,0.0,0,0,0,0,0,0,0,0

SID,RIVM1A,15,2
CA,0,155.0,2,520,0,0,0,0,0,0
VI,2, ,0.0,329.0,0,0,0,0,0,0,0,0
IF,MKB,-0.787000,100.278222, ,0.0,0.0,0,0,0,0,0,0,0,0
TF,RIVMA,0.046389,98.755000,0, ,0.0,0.0,0.0,0.0,0,0,0,0,0,0,0,0

SID,RIVM1B,33,2
CA,0,335.0,2,1000,0,0,0,0,0,0
CI,0, ,0.0,269.0,0,0,0,0,0,0,0,0
IF,MKB,-0.787000,100.278222, ,0.0,0.0,0,0,0,0,0,0,0,0
TF,RIVMA,0.046389,98.755000,0, ,0.0,0.0,0.0,0.0,0,0,0,0,0,0,0,0

STAR,ELDE1J,15,2
IF,ELDEL,1.872222,98.245000, ,0.0,0.0,0,0,0,0,0,0,0,0
TF,D322Y,-0.455156,100.024547,0, ,0.0,0.0,0.0,0.0,0,0,0,0,0,0,0,0
TF,BINIB,-0.679028,100.097889,0, ,0.0,0.0,0.0,0.0,2,4000,0,0,0,0,0,0

STAR,ELDE1K,33,2
IF,ELDEL,1.872222,98.245000, ,0.0,0.0,0,0,0,0,0,0,0,0
TF,MKB,-0.787000,100.278222,0, ,0.0,0.0,0.0,0.0,2,12000,0,0,0,0,0,0
TF,BAYUR,-1.029667,100.213611,0, ,0.0,0.0,0.0,0.0,2,5000,0,0,0,0,0,0

STAR,LEBE1G,15,2
IF,LEBEG,-1.886944,100.567778, ,0.0,0.0,0,0,0,0,0,0,0,0
TF,MKB,-0.787000,100.278222,0, ,0.0,0.0,0.0,0.0,2,12000,0,0,0,0,0,0
TF,BINIB,-0.679028,100.097889,0, ,0.0,0.0,0.0,0.0,2,4000,0,0,0,0,0,0

STAR,LEBE1H,33,2
IF,LEBEG,-1.886944,100.567778, ,0.0,0.0,0,0,0,0,0,0,0,0
TF,D165Y,-1.191764,100.384744,0, ,0.0,0.0,0.0,0.0,2,9000,0,0,0,0,0,0
TF,BAYUR,-1.029667,100.213611,0, ,0.0,0.0,0.0,0.0,2,5000,0,0,0,0,0,0

STAR,NOKE1G,15,2
IF,NOKEL,1.453333,99.426667, ,0.0,0.0,0,0,0,0,0,0,0,0
TF,D339Y,-0.395922,100.129581,0, ,0.0,0.0,0.0,0.0,0,0,0,0,0,0,0,0
TF,BINIB,-0.679028,100.097889,0, ,0.0,0.0,0.0,0.0,2,4000,0,0,0,0,0,0

STAR,NOKE1H,33,2
IF,NOKEL,1.453333,99.426667, ,0.0,0.0,0,0,0,0,0,0,0,0
TF,MKB,-0.787000,100.278222,0, ,0.0,0.0,0.0,0.0,2,12000,0,0,0,0,0,0
TF,BAYUR,-1.029667,100.213611,0, ,0.0,0.0,0.0,0.0,2,5000,0,0,0,0,0,0

STAR,NONA1C,15,2
IF,NONAP,-2.503056,102.140556, ,0.0,0.0,0,0,0,0,0,0,0,0
TF,MKB,-0.787000,100.278222,0, ,0.0,0.0,0.0,0.0,2,12000,0,0,0,0,0,0
TF,BINIB,-0.679028,100.097889,0, ,0.0,0.0,0.0,0.0,2,4000,0,0,0,0,0,0

STAR,NONA1D,33,2
IF,NONAP,-2.503056,102.140556, ,0.0,0.0,0,0,0,0,0,0,0,0
TF,MKB30,-1.126461,100.646256,0, ,0.0,0.0,0.0,0.0,2,10000,0,0,0,0,0,0
VR,0,MKB,165.0,254.0,0,0,0,0,0,0,0,0
CF,BAYUR,-1.029667,100.213611,0,MKB,195.0,15.0,313.0,15.0,2,5000,0,0,0,0,0,0

STAR,ODIS1A,15,2
IF,ODISO,0.500000,99.208056, ,0.0,0.0,0,0,0,0,0,0,0,0
TF,D320Y,-0.465928,100.011217,0, ,0.0,0.0,0.0,0.0,0,0,0,0,0,0,0,0
TF,BINIB,-0.679028,100.097889,0, ,0.0,0.0,0.0,0.0,2,4000,0,0,0,0,0,0

STAR,ODIS1B,33,2
IF,ODISO,0.500000,99.208056, ,0.0,0.0,0,0,0,0,0,0,0,0
TF,MKB,-0.787000,100.278222,0, ,0.0,0.0,0.0,0.0,2,12000,0,0,0,0,0,0
TF,BAYUR,-1.029667,100.213611,0, ,0.0,0.0,0.0,0.0,2,5000,0,0,0,0,0,0

STAR,OSNI1C,15,2
IF,OSNIS,-0.601944,100.671944, ,0.0,0.0,0,0,0,0,0,0,0,0
TF,MKB,-0.787000,100.278222,0, ,0.0,0.0,0.0,0.0,2,12000,0,0,0,0,0,0
TF,BINIB,-0.679028,100.097889,0, ,0.0,0.0,0.0,0.0,2,4000,0,0,0,0,0,0

STAR,OSNI1D,33,2
IF,OSNIS,-0.601944,100.671944, ,0.0,0.0,0,0,0,0,0,0,0,0
TF,MKB,-0.787000,100.278222,0, ,0.0,0.0,0.0,0.0,2,12000,0,0,0,0,0,0
TF,BAYUR,-1.029667,100.213611,0, ,0.0,0.0,0.0,0.0,2,5000,0,0,0,0,0,0

STAR,PASO1G,15,2
IF,PASOL,-1.825000,102.385000, ,0.0,0.0,0,0,0,0,0,0,0,0
TF,MKB,-0.787000,100.278222,0, ,0.0,0.0,0.0,0.0,2,12000,0,0,0,0,0,0
TF,BINIB,-0.679028,100.097889,0, ,0.0,0.0,0.0,0.0,2,4000,0,0,0,0,0,0

STAR,PASO1H,33,2
IF,PASOL,-1.825000,102.385000, ,0.0,0.0,0,0,0,0,0,0,0,0
TF,MKB,-0.787000,100.278222,0, ,0.0,0.0,0.0,0.0,2,12000,0,0,0,0,0,0
TF,BAYUR,-1.029667,100.213611,1, ,0.0,0.0,0.0,0.0,2,5000,0,0,0,0,0,0

APPTR,D15,15,BINIB
IF,BINIB,-0.679028,100.097889, ,0.0,0.0,2,4000,0,0,0,0,1,0
CI,0, ,0.0,120.0,0,0,0,0,0,0,0,0
AF,CF15,-0.620167,100.217903,2,MKB,340.0,10.6,300.0,2,2000,0,0,0,0,1,0

FINAL,D15,15,D,3
IF,CF15,-0.620167,100.217903,MKB,340.0,10.6,2,2000,0,0,0,0,0,0
CF,FF15,-0.694139,100.244639,0,MKB,340.0,5.9,160.0,4.7,2,1700,0,0,0,0,2,0
CF,RW15,-0.773608,100.274692,0,MKB,345.1,0.8,160.0,5.1,1,66,0,0,0,0,3,0
CA,0,160.0,2,1000,0,0,0,0,0,0
VI,2, ,0.0,330.0,0,0,0,0,0,0,0,0
CF,BINIB,-0.679028,100.097889,0,MKB,300.7,12.6,300.0,5.0,2,4000,0,0,0,0,0,0
HM,BINIB,-0.679028,100.097889,2, ,0.0,0.0,120.0,04.3,2,4000,0,0,0,0,0,0,0

APPTR,D33,33,BAYUR
IF,BAYUR,-1.029667,100.213611, ,0.0,0.0,2,5000,0,0,0,0,1,0
CI,0, ,0.0,15.0,0,0,0,0,0,0,0,0
AF,CD33,-0.975564,100.386378,1,MKB,150.0,13.0,195.0,2,3300,0,0,0,0,1,0

FINAL,D33,33,D,3
IF,CD33,-0.975564,100.386378,MKB,150.0,13.0,2,3300,0,0,0,0,0,0
CF,FD33,-0.887083,100.335639,0,MKB,150.0,6.9,330.0,6.1,2,2000,0,0,0,0,2,0
CF,RW33,-0.798225,100.286056,0,MKB,144.9,0.8,330.0,6.1,1,66,0,0,0,0,3,0
CA,0,330.0,2,1500,0,0,0,0,0,0
VI,1, ,0.0,165.0,0,0,0,0,0,0,0,0
CF,BAYUR,-1.029667,100.213611,0,MKB,195.0,15.0,195.0,8.0,2,5000,0,0,0,0,0,0
HM,BAYUR,-1.029667,100.213611,1, ,0.0,0.0,15.0,04.3,2,5000,0,0,0,0,0,0,0

APPTR,I33,33,BAYUR
IF,BAYUR,-1.029667,100.213611, ,0.0,0.0,2,5000,0,0,0,0,1,0
CI,0, ,0.0,15.0,0,0,0,0,0,0,0,0
AF,D164M,-0.996300,100.337844,1,MKB,164.0,13.0,195.0,2,3300,0,0,0,0,0,0
VI,0,IMKB,0.0,5.0,0,0,0,0,0,0,0,0

FINAL,I33,33,I,3
IF,CI33,-0.983394,100.371639,IMKB,155.1,13.8,2,3300,0,0,0,0,0,0
CF,FI33,-0.891000,100.328889,0,IMKB,155.1,7.8,335.0,6.1,1,2000,0,0,0,0,2,0
CF,RW33,-0.798225,100.286056,0,IMKB,155.1,1.6,335.0,6.1,1,68,0,0,0,0,3,0
CA,0,335.0,2,1500,0,0,0,0,0,0
VI,1, ,0.0,165.0,0,0,0,0,0,0,0,0
CF,BAYUR,-1.029667,100.213611,0,MKB,195.0,15.0,195.0,8.0,2,5000,0,0,0,0,0,0
HM,BAYUR,-1.029667,100.213611,1, ,0.0,0.0,15.0,04.3,2,5000,0,0,0,0,0,0,0

APPTR,R15,15,BINIB
IF,BINIB,-0.679028,100.097889, ,0.0,0.0,2,4000,0,0,0,0,1,0
TF,EE501,-0.624972,100.206028,0, ,0.0,0.0,0.0,0.0,2,2000,0,0,0,0,1,0

FINAL,R15,15,R,3
IF,EE501,-0.624972,100.206028, ,0.0,0.0,2,2000,0,0,0,0,0,0
TF,EE502,-0.692972,100.237472,0, ,0.0,0.0,155.0,4.5,2,1700,0,0,0,0,2,0
TF,RW15,-0.773608,100.274692,0, ,0.0,0.0,155.0,5.3,1,66,0,0,0,0,3,1
CA,0,155.0,2,1500,0,0,0,0,0,0
DF,BINIB,-0.679028,100.097889,2, ,0.0,0.0,2,4000,0,0,0,0,0,0
HM,BINIB,-0.679028,100.097889,2, ,0.0,0.0,120.0,04.3,2,4000,0,0,0,0,0,0,0

APPTR,R33,33,BAYUR
IF,BAYUR,-1.029667,100.213611, ,0.0,0.0,2,5000,0,0,0,0,1,0
TF,EE701,-0.949528,100.355944,0, ,0.0,0.0,0.0,0.0,2,2500,0,0,0,0,1,0

FINAL,R33,33,R,3
IF,EE701,-0.949528,100.355944, ,0.0,0.0,2,2500,0,0,0,0,0,0
TF,EE702,-0.893944,100.330194,0, ,0.0,0.0,335.0,3.7,2,2000,0,0,0,0,2,0
TF,RW33,-0.798225,100.286056,0, ,0.0,0.0,335.0,6.3,1,66,0,0,0,0,3,1
CA,0,335.0,2,1500,0,0,0,0,0,0
DF,BAYUR,-1.029667,100.213611,1, ,0.0,0.0,2,5000,0,0,0,0,0,0
HM,BAYUR,-1.029667,100.213611,1, ,0.0,0.0,15.0,04.3,2,5000,0,0,0,0,0,0,0

