SID,ADKO1A,15,2
VA,0,157.0,2,600,0,0,0,0,0,0
VI,0, ,0.0,70.0,0,0,0,0,0,0,0,0
IF,PNK,-0.079156,109.374950, ,0.0,0.0,0,0,0,0,0,0,0,0
TF,ADKON,-0.383333,111.120000,0, ,0.0,0.0,0.0,0.0,0,0,0,0,0,0,0,0

SID,ADKO1B,33,2
DF,PNK,-0.079156,109.374950,0, ,0.0,0.0,0,0,0,0,0,0,0,1
VI,2, ,0.0,140.0,0,0,0,0,0,0,0,0
IF,PNK,-0.079156,109.374950, ,0.0,0.0,0,0,0,0,0,0,0,0
TF,ADKON,-0.383333,111.120000,0, ,0.0,0.0,0.0,0.0,0,0,0,0,0,0,0,0

SID,BAVU1A,15,2
VA,0,157.0,2,600,0,0,0,0,0,0
VI,2, ,0.0,305.0,0,0,0,0,0,0,0,0
CF,BAVUS,0.000000,109.000000,0,PNK,281.8,23.0,281.0,8.0,0,0,0,0,0,0,0,0

SID,BAVU1B,33,2
DF,PNK,-0.079156,109.374950,0, ,0.0,0.0,0,0,0,0,0,0,0,1
VI,0, ,0.0,251.0,0,0,0,0,0,0,0,0
CF,BAVUS,0.000000,109.000000,0,PNK,280.8,23.0,281.0,20.0,0,0,0,0,0,0,0,0

SID,MASR1A,15,2
VA,0,157.0,2,600,0,0,0,0,0,0
VI,0, ,0.0,215.0,0,0,0,0,0,0,0,0
IF,PNK,-0.079156,109.374950, ,0.0,0.0,0,0,0,0,0,0,0,0
TF,MASRI,-2.487500,108.667778,0, ,0.0,0.0,0.0,0.0,0,0,0,0,0,0,0,0

SID,MASR1B,33,2
DF,PNK,-0.079156,109.374950,0, ,0.0,0.0,0,0,0,0,0,0,0,1
VI,1, ,0.0,170.0,0,0,0,0,0,0,0,0
IF,PNK,-0.079156,109.374950, ,0.0,0.0,0,0,0,0,0,0,0,0
TF,MASRI,-2.487500,108.667778,0, ,0.0,0.0,0.0,0.0,0,0,0,0,0,0,0,0

SID,PAPS1A,15,2
VA,0,157.0,2,600,0,0,0,0,0,0
VI,1, ,0.0,360.0,0,0,0,0,0,0,0,0
IF,PNK,-0.079156,109.374950, ,0.0,0.0,0,0,0,0,0,0,0,0
TF,PAPSA,1.200000,110.141700,0, ,0.0,0.0,0.0,0.0,0,0,0,0,0,0,0,0

SID,PAPS1B,33,2
DF,PNK,-0.079156,109.374950,0, ,0.0,0.0,0,0,0,0,0,0,0,1
TF,PAPSA,1.200000,110.141700,0, ,0.0,0.0,0.0,0.0,0,0,0,0,0,0,0,0

SID,TEPE1A,15,2
VA,0,157.0,2,600,0,0,0,0,0,0
VI,0, ,0.0,100.0,0,0,0,0,0,0,0,0
IF,PNK,-0.079156,109.374950, ,0.0,0.0,0,0,0,0,0,0,0,0
TF,TEPEV,-0.908333,110.703333,0, ,0.0,0.0,0.0,0.0,0,0,0,0,0,0,0,0

SID,TEPE1B,33,2
DF,PNK,-0.079156,109.374950,0, ,0.0,0.0,0,0,0,0,0,0,0,1
VI,2, ,0.0,140.0,0,0,0,0,0,0,0,0
IF,PNK,-0.079156,109.374950, ,0.0,0.0,0,0,0,0,0,0,0,0
TF,TEPEV,-0.908333,110.703333,0, ,0.0,0.0,0.0,0.0,0,0,0,0,0,0,0,0

SID,UNTE1A,15,2
VA,0,157.0,2,600,0,0,0,0,0,0
VI,2, ,0.0,260.0,0,0,0,0,0,0,0,0
CF,UNTEP,-0.631667,108.515000,0,PNK,237.5,61.3,237.0,44.0,0,0,0,0,0,0,0,0

SID,UNTE1B,33,2
DF,PNK,-0.079156,109.374950,0, ,0.0,0.0,0,0,0,0,0,0,0,1
VI,1, ,0.0,210.0,0,0,0,0,0,0,0,0
CF,UNTEP,-0.631667,108.515000,0,PNK,236.5,61.3,237.0,55.0,0,0,0,0,0,0,0,0

STAR,ADKO1C,ALL,2
IF,ADKON,-0.383333,111.120000, ,0.0,0.0,0,0,0,0,0,0,0,0
TF,PNK,-0.079156,109.374950,0, ,0.0,0.0,0.0,0.0,0,0,0,0,0,0,0,0

STAR,BAVU1C,ALL,2
IF,BAVUS,0.000000,109.000000, ,0.0,0.0,0,0,0,0,0,0,0,0
TF,PNK,-0.079156,109.374950,0, ,0.0,0.0,0.0,0.0,0,0,0,0,0,0,0,0

STAR,OLVE1A,ALL,2
IF,OLVES,-0.875278,108.887222, ,0.0,0.0,0,0,0,0,0,0,0,0
TF,PNK,-0.079156,109.374950,0, ,0.0,0.0,0.0,0.0,0,0,0,0,0,0,0,0

STAR,PAPS1C,ALL,2
IF,PAPSA,1.200000,110.141700, ,0.0,0.0,0,0,0,0,0,0,0,0
TF,PNK,-0.079156,109.374950,0, ,0.0,0.0,0.0,0.0,0,0,0,0,0,0,0,0

STAR,TEPE1C,ALL,2
IF,TEPEV,-0.908333,110.703333, ,0.0,0.0,0,0,0,0,0,0,0,0
TF,PNK,-0.079156,109.374950,0, ,0.0,0.0,0.0,0.0,0,0,0,0,0,0,0,0

STAR,UNTE1C,ALL,2
IF,UNTEP,-0.631667,108.515000, ,0.0,0.0,0,0,0,0,0,0,0,0
TF,PNK,-0.079156,109.374950,0, ,0.0,0.0,0.0,0.0,0,0,0,0,0,0,0,0

APPTR,D15-X,15,PNK
IF,PNK,-0.079156,109.374950, ,0.0,0.0,2,3000,0,0,0,0,0,0
FD,PNK,-0.079156,109.374950,0,PNK,0.0,5.0,25.0,5.0,2,2000,0,0,0,0,0,0
CF,CF15,-0.002067,109.342444,1,PNK,337.0,5.0,157.0,1.0,2,2000,0,0,0,0,1,0

FINAL,D15-X,15,D,3
IF,CF15,-0.002067,109.342444,PNK,337.0,5.0,2,2000,0,0,0,0,0,0
CF,FD15,-0.043528,109.360417,0,PNK,337.7,2.3,157.0,2.7,2,2000,0,0,0,0,2,0
CF,MA15,-0.119239,109.391850,0,PNK,157.0,2.6,157.0,4.9,1,489,0,0,0,0,3,0
CA,0,157.0,2,510,0,0,0,0,0,0
DF,PNK,-0.079156,109.374950,2, ,0.0,0.0,2,3000,0,0,0,0,0,0
HM,PNK,-0.079156,109.374950,1, ,0.0,0.0,21.0,04.3,2,3000,0,0,0,0,0,0,0

APPTR,D15-Y,15,PNK
IF,PNK,-0.079156,109.374950, ,0.0,0.0,2,3000,0,0,0,0,0,0
FD,PNK,-0.079156,109.374950,0,PNK,0.0,5.0,355.0,5.0,2,2000,0,0,0,0,0,0
CF,CF15,-0.002067,109.342444,1,PNK,337.0,5.0,157.0,1.0,2,2000,0,0,0,0,1,0

FINAL,D15-Y,15,D,3
IF,CF15,-0.002067,109.342444,PNK,337.0,5.0,2,2000,0,0,0,0,0,0
CF,FD15,-0.043528,109.360417,0,PNK,337.7,2.3,157.0,2.7,2,2000,0,0,0,0,2,0
CF,MA15,-0.119239,109.391850,0,PNK,157.0,2.6,157.0,4.9,1,489,0,0,0,0,3,0
CA,0,157.0,2,510,0,0,0,0,0,0
DF,PNK,-0.079156,109.374950,2, ,0.0,0.0,2,3000,0,0,0,0,0,0
HM,PNK,-0.079156,109.374950,1, ,0.0,0.0,21.0,04.3,2,3000,0,0,0,0,0,0,0

APPTR,I15-Y,15,PNK
IF,PNK,-0.079156,109.374950, ,0.0,0.0,2,3000,0,0,0,0,0,0
FD,PNK,-0.079156,109.374950,0,PNK,0.0,5.0,25.0,5.0,2,2000,0,0,0,0,0,0
CF,CF15,-0.002067,109.342444,1,IPNK,337.0,10.4,157.0,1.0,2,2000,0,0,0,0,1,0

FINAL,I15-Y,15,I,3
IF,CF15,-0.002067,109.342444,IPNK,337.0,10.4,2,2000,0,0,0,0,0,0
CF,FF15,-0.046678,109.361625,0,IPNK,336.8,7.5,157.0,2.9,1,2000,0,0,0,0,2,0
CF,RW15,-0.141333,109.400053,0,IPNK,336.7,1.3,157.0,6.1,1,55,0,0,0,0,3,0
CA,0,157.0,2,510,0,0,0,0,0,0
DF,PNK,-0.079156,109.374950,2, ,0.0,0.0,2,3000,0,0,0,0,0,0
HM,PNK,-0.079156,109.374950,1, ,0.0,0.0,21.0,04.3,2,3000,0,0,0,0,0,0,0

APPTR,I15-Z,15,PNK
IF,PNK,-0.079156,109.374950, ,0.0,0.0,2,3000,0,0,0,0,0,0
FD,PNK,-0.079156,109.374950,0,PNK,0.0,5.0,355.0,5.0,2,2000,0,0,0,0,0,0
CF,CF15,-0.002067,109.342444,1,IPNK,337.0,10.4,157.0,1.0,2,2000,0,0,0,0,1,0

FINAL,I15-Z,15,I,3
IF,CF15,-0.002067,109.342444,IPNK,337.0,10.4,2,2000,0,0,0,0,0,0
CF,FF15,-0.046678,109.361625,0,IPNK,336.8,7.5,157.0,2.9,1,2000,0,0,0,0,2,0
CF,RW15,-0.141333,109.400053,0,IPNK,336.7,1.3,157.0,6.1,1,55,0,0,0,0,3,0
CA,0,157.0,2,510,0,0,0,0,0,0
DF,PNK,-0.079156,109.374950,2, ,0.0,0.0,2,3000,0,0,0,0,0,0
HM,PNK,-0.079156,109.374950,1, ,0.0,0.0,21.0,04.3,2,3000,0,0,0,0,0,0,0

APPTR,R15,15,IRVAT
IF,IRVAT,-0.079194,109.375083, ,0.0,0.0,2,3000,0,1,200,0,1,0
TF,OVNAT,0.011083,109.410639,0, ,0.0,0.0,0.0,0.0,2,2500,0,1,200,0,0,0
TF,URBUS,0.070056,109.386000,0, ,0.0,0.0,0.0,0.0,2,2000,0,1,200,0,0,0
TF,MUKBO,0.044667,109.324389,0, ,0.0,0.0,0.0,0.0,2,2000,0,1,200,0,1,0

FINAL,R15,15,R,3
IF,MUKBO,0.044667,109.324389, ,0.0,0.0,2,2000,0,0,0,0,0,0
TF,ONTIA,-0.043694,109.360333,0, ,0.0,0.0,157.0,5.7,2,2000,0,0,0,0,2,0
TF,RW15,-0.141333,109.400053,0, ,0.0,0.0,157.0,6.3,1,55,0,0,0,0,3,1
DF,IRVAT,-0.079194,109.375083,2, ,0.0,0.0,2,3000,0,0,0,0,0,0
HM,IRVAT,-0.079194,109.375083,1, ,0.0,0.0,21.0,04.3,2,3000,0,0,0,0,0,0,0

APPTR,S15-Z,15,PNK
IF,PNK,-0.079156,109.374950, ,0.0,0.0,2,3000,0,0,0,0,0,0
FC,PNK,-0.079156,109.374950,0,PNK,0.0,0.0,21.0,4.3,2,2000,0,1,200,0,0,1
CF,CS15,-0.028275,109.353497,1,PNK,337.0,3.3,157.0,1.0,2,2000,0,0,0,0,0,0

FINAL,S15-Z,15,D,3
IF,CS15,-0.028275,109.353497,PNK,337.0,3.3,2,2000,0,0,0,0,0,0
CF,PNK,-0.079156,109.374950,0,PNK,0.0,0.0,157.0,3.3,2,1330,0,0,0,0,2,0
CF,RW15,-0.141333,109.400053,0,PNK,157.9,4.0,157.0,4.0,1,55,0,0,0,0,3,0
CA,0,157.0,2,510,0,0,0,0,0,0
DF,PNK,-0.079156,109.374950,2, ,0.0,0.0,2,3000,0,0,0,0,0,0
HM,PNK,-0.079156,109.374950,1, ,0.0,0.0,21.0,04.3,2,3000,0,0,0,0,0,0,0

