SID,AGRE1B,22,5
CF,ATNIL,4.446528,100.985222,0,VIH,220.7,10.0,221.0,9.2,0,0,0,0,0,0,0,1
DF,AGRES,4.436208,100.639839,0, ,0.0,0.0,2,7000,0,0,0,0,0,0
TF,VPG,5.279400,100.260772,0, ,0.0,0.0,0.0,0.0,0,0,0,0,0,0,0,0

SID,AGRE1D,22,2
CD, ,0,0,0,VIH,0,0.0,221.0,10.0,2,5500,0,0,0,0,0,0
CI,0, ,0.0,283.0,0,0,0,0,0,0,0,0
CF,AGRES,4.436208,100.639839,0,VIH,253.2,28.4,253.0,9.0,2,7000,0,0,0,0,0,0
TF,VPG,5.279400,100.260772,0, ,0.0,0.0,0.0,0.0,0,0,0,0,0,0,0,0

SID,DUDA1B,22,5
CF,ATNIL,4.446528,100.985222,0,VIH,220.7,10.0,221.0,9.2,0,0,0,0,0,0,0,1
DF,DUDAD,4.118194,101.059958,0, ,0.0,0.0,2,7000,0,0,0,0,0,0
TF,KAKAK,3.769358,101.229694,0, ,0.0,0.0,0.0,0.0,0,0,0,0,0,0,0,0

SID,DUDA1D,22,2
CD, ,0,0,0,VIH,0,0.0,221.0,10.0,2,5500,0,0,0,0,0,0
CI,0, ,0.0,154.0,0,0,0,0,0,0,0,0
CF,DUDAD,4.118194,101.059958,0,VIH,184.3,27.3,184.0,8.0,2,7000,0,0,0,0,0,0
TF,KAKAK,3.769358,101.229694,0, ,0.0,0.0,0.0,0.0,0,0,0,0,0,0,0,0

SID,LUTM1B,22,5
CF,ATNIL,4.446528,100.985222,0,VIH,220.7,10.0,221.0,9.2,0,0,0,0,0,0,0,1
DF,LUTMI,4.140261,101.219939,0, ,0.0,0.0,2,7000,0,0,0,0,0,0
TF,DAKUS,3.803900,101.317500,0, ,0.0,0.0,0.0,0.0,0,0,0,0,0,0,0,0

SID,LUTM1D,22,2
CD, ,0,0,0,VIH,0,0.0,221.0,10.0,2,5500,0,0,0,0,0,0
CI,0, ,0.0,134.0,0,0,0,0,0,0,0,0
CF,LUTMI,4.140261,101.219939,0,VIH,163.7,27.0,164.0,4.0,2,7000,0,0,0,0,0,0
TF,DAKUS,3.803900,101.317500,0, ,0.0,0.0,0.0,0.0,0,0,0,0,0,0,0,0

STAR,MARD1E,04,5
IF,DAKUS,3.803900,101.317500, ,0.0,0.0,0,0,0,0,0,0,0,0
TF,MARDI,4.206222,101.066333,0, ,0.0,0.0,0.0,0.0,2,6500,0,0,0,0,0,0
TF,KALOG,4.343750,101.028361,0, ,0.0,0.0,0.0,0.0,2,4200,0,0,0,0,0,0
TF,EMSAR,4.408592,100.952411,0, ,0.0,0.0,0.0,0.0,2,3200,0,0,0,0,0,0

STAR,MARD1G,04,2
IF,SUKAT,3.590300,101.020000, ,0.0,0.0,0,0,0,0,0,0,0,0
TF,MARDI,4.206222,101.066333,0, ,0.0,0.0,0.0,0.0,2,6500,0,0,0,0,0,0
TF,D184O,4.323100,101.075103,0, ,0.0,0.0,0.0,0.0,2,4200,0,0,0,0,0,0
CI,0, ,0.0,4.0,0,0,0,0,0,0,0,0
AF,EMSAR,4.408592,100.952411,2,VIH,220.7,13.0,184.0,2,3200,0,0,0,0,0,0

STAR,MINO1E,04,5
IF,VPG,5.279400,100.260772, ,0.0,0.0,0,0,0,0,0,0,0,0
TF,MINOP,4.864086,100.751397,0, ,0.0,0.0,0.0,0.0,2,9000,0,0,0,0,0,0
TF,ADBAD,4.735750,100.902722,0, ,0.0,0.0,0.0,0.0,2,7600,0,0,0,0,0,0
TF,OBMIN,4.598694,100.889778,0, ,0.0,0.0,0.0,0.0,2,5700,0,0,0,0,0,0
TF,RIMGO,4.476750,100.878281,0, ,0.0,0.0,0.0,0.0,2,4200,0,0,0,0,0,0
TF,EMSAR,4.408592,100.952411,0, ,0.0,0.0,0.0,0.0,2,3200,0,0,0,0,0,0

STAR,MINO1G,04,2
IF,VPG,5.279400,100.260772, ,0.0,0.0,0,0,0,0,0,0,0,0
TF,MINOP,4.864086,100.751397,0, ,0.0,0.0,0.0,0.0,2,9000,0,0,0,0,0,0
TF,D310O,4.735806,100.902717,0, ,0.0,0.0,0.0,0.0,2,7000,0,0,0,0,0,0
CI,0, ,0.0,130.0,0,0,0,0,0,0,0,0
AF,D277M,4.600114,100.878569,1,VIH,277.0,13.0,310.0,2,5700,0,0,0,0,0,0
AF,D242M,4.471372,100.902383,1,VIH,242.0,13.0,277.0,2,4400,0,0,0,0,0,0
AF,EMSAR,4.408592,100.952411,1,VIH,220.7,13.0,242.0,2,3200,0,0,0,0,0,0

STAR,NITI1E,04,5
IF,VAS,6.185667,100.397000, ,0.0,0.0,0,0,0,0,0,0,0,0
TF,NITIS,4.984667,100.916667,0, ,0.0,0.0,0.0,0.0,2,9000,0,0,0,0,0,0
TF,ADBAD,4.735750,100.902722,0, ,0.0,0.0,0.0,0.0,2,7600,0,0,0,0,0,0
TF,OBMIN,4.598694,100.889778,0, ,0.0,0.0,0.0,0.0,2,5700,0,0,0,0,0,0
TF,RIMGO,4.476750,100.878281,0, ,0.0,0.0,0.0,0.0,2,4200,0,0,0,0,0,0
TF,EMSAR,4.408592,100.952411,0, ,0.0,0.0,0.0,0.0,2,3200,0,0,0,0,0,0

STAR,NITI1G,04,2
IF,VAS,6.185667,100.397000, ,0.0,0.0,0,0,0,0,0,0,0,0
TF,NITIS,4.984667,100.916667,0, ,0.0,0.0,0.0,0.0,2,9000,0,0,0,0,0,0
TF,D337O,4.804186,100.994517,0, ,0.0,0.0,0.0,0.0,2,7000,0,0,0,0,0,0
CI,0, ,0.0,157.0,0,0,0,0,0,0,0,0
AF,D277M,4.600114,100.878569,1,VIH,277.0,13.0,337.0,2,5700,0,0,0,0,0,0
AF,D242M,4.471372,100.902383,1,VIH,242.0,13.0,277.0,2,4400,0,0,0,0,0,0
AF,EMSAR,4.408592,100.952411,1,VIH,220.7,13.0,242.0,2,3200,0,0,0,0,0,0

STAR,SOTR1E,04,5
IF,VILAT,5.891100,100.099200, ,0.0,0.0,0,0,0,0,0,0,0,0
TF,SOTRO,4.931778,100.824000,0, ,0.0,0.0,0.0,0.0,2,9000,0,0,0,0,0,0
TF,ADBAD,4.735750,100.902722,0, ,0.0,0.0,0.0,0.0,2,7600,0,0,0,0,0,0
TF,OBMIN,4.598694,100.889778,0, ,0.0,0.0,0.0,0.0,2,5700,0,0,0,0,0,0
TF,RIMGO,4.476750,100.878281,0, ,0.0,0.0,0.0,0.0,2,4200,0,0,0,0,0,0
TF,EMSAR,4.408592,100.952411,0, ,0.0,0.0,0.0,0.0,2,3200,0,0,0,0,0,0

STAR,SOTR1G,04,2
IF,VILAT,5.891100,100.099200, ,0.0,0.0,0,0,0,0,0,0,0,0
TF,SOTRO,4.931778,100.824000,0, ,0.0,0.0,0.0,0.0,2,9000,0,0,0,0,0,0
TF,D323O,4.774017,100.942933,0, ,0.0,0.0,0.0,0.0,2,7000,0,0,0,0,0,0
CI,0, ,0.0,143.0,0,0,0,0,0,0,0,0
AF,D277M,4.600114,100.878569,1,VIH,277.0,13.0,323.0,2,5700,0,0,0,0,0,0
AF,D242M,4.471372,100.902383,1,VIH,242.0,13.0,277.0,2,4400,0,0,0,0,0,0
AF,EMSAR,4.408592,100.952411,1,VIH,220.7,13.0,242.0,2,3200,0,0,0,0,0,0

STAR,TEPU1E,04,5
IF,TEPUS,4.170278,100.759167, ,0.0,0.0,2,7000,0,0,0,0,0,0
TF,EMSAR,4.408592,100.952411,0, ,0.0,0.0,0.0,0.0,2,3200,0,0,0,0,0,0

STAR,TEPU1G,04,2
IF,TEPUS,4.170278,100.759167, ,0.0,0.0,2,7000,0,0,0,0,0,0
TF,EMSAR,4.408592,100.952411,0, ,0.0,0.0,0.0,0.0,2,3200,0,0,0,0,0,0

STAR,TUVS1E,04,5
IF,KARMI,6.494400,100.522500, ,0.0,0.0,0,0,0,0,0,0,0,0
TF,TUVSI,5.002694,100.999806,0, ,0.0,0.0,0.0,0.0,2,9000,0,0,0,0,0,0
TF,ADBAD,4.735750,100.902722,0, ,0.0,0.0,0.0,0.0,2,7600,0,0,0,0,0,0
TF,OBMIN,4.598694,100.889778,0, ,0.0,0.0,0.0,0.0,2,5700,0,0,0,0,0,0
TF,RIMGO,4.476750,100.878281,0, ,0.0,0.0,0.0,0.0,2,4200,0,0,0,0,0,0
TF,EMSAR,4.408592,100.952411,0, ,0.0,0.0,0.0,0.0,2,3200,0,0,0,0,0,0

STAR,TUVS1G,04,2
IF,KARMI,6.494400,100.522500, ,0.0,0.0,0,0,0,0,0,0,0,0
TF,TUVSI,5.002694,100.999806,0, ,0.0,0.0,0.0,0.0,2,9000,0,0,0,0,0,0
TF,D348O,4.818961,101.040117,0, ,0.0,0.0,0.0,0.0,2,7000,0,0,0,0,0,0
CI,0, ,0.0,168.0,0,0,0,0,0,0,0,0
AF,D277M,4.600114,100.878569,1,VIH,277.0,13.0,348.0,2,5700,0,0,0,0,0,0
AF,D242M,4.471372,100.902383,1,VIH,242.0,13.0,277.0,2,4400,0,0,0,0,0,0
AF,EMSAR,4.408592,100.952411,1,VIH,220.7,13.0,242.0,2,3200,0,0,0,0,0,0

FINAL,D04-X,04,D,3
IF,CD04,4.433056,100.980500,VIH,219.0,10.8,2,2400,0,0,0,0,0,0
CF,FD04,4.472111,101.012000,0,VIH,219.0,7.8,39.0,3.0,2,2400,0,0,0,0,2,0
CF,MD04,4.542375,101.068719,0,VIH,219.0,2.4,39.0,5.4,1,709,0,0,0,0,3,0
CF,VIH,4.573611,101.093928,0,VIH,0.0,0.0,39.0,2.4,0,0,0,0,0,0,0,0
FA,VIH,4.573611,101.093928,0,VIH,0.0,0.0,25.0,2,1400,0,0,0,0,0,0
VI,0, ,0.0,352.0,0,0,0,0,0,0,0,0
FA,VIH,4.573611,101.093928,0,VIH,0.0,0.0,11.0,2,4000,0,0,0,0,0,0
DF,VIH,4.573611,101.093928,1, ,0.0,0.0,2,6500,0,0,0,0,0,0
HM,VIH,4.573611,101.093928,2, ,0.0,0.0,39.0,04.3,0,0,0,1,230,0,0,0,0

APPTR,D04-Y,04,ADBAD
IF,ADBAD,4.735750,100.902722, ,0.0,0.0,0,0,0,0,0,0,0,0
CI,0, ,0.0,130.0,0,0,0,0,0,0,0,0
AF,D277M,4.600114,100.878569,1,VIH,277.0,13.0,310.0,2,5700,0,0,0,0,0,0
AF,D242M,4.471372,100.902383,1,VIH,242.0,13.0,277.0,2,4200,0,0,0,0,0,0
AF,D225M,4.419642,100.940539,1,VIH,225.0,13.0,242.0,2,3200,0,0,0,0,0,1
CF,CD04,4.433056,100.980500,0,VIH,219.0,10.8,39.0,2.3,2,2400,0,0,0,0,1,0

APPTR,D04-Y,04,D184M
IF,D184M,4.356417,101.078797, ,0.0,0.0,2,4200,0,0,0,0,0,0
AF,D213M,4.391003,100.975786,2,VIH,213.0,13.0,184.0,2,3200,0,0,0,0,0,1
CF,CD04,4.433056,100.980500,0,VIH,219.0,10.8,39.0,2.3,2,2400,0,0,0,0,1,0

APPTR,D04-Y,04,KARMI
IF,KARMI,6.494400,100.522500, ,0.0,0.0,0,0,0,0,0,0,0,0
TF,D343M,4.782289,101.032028,0, ,0.0,0.0,0.0,0.0,0,0,0,0,0,0,0,0
AF,D277M,4.600114,100.878569,1,VIH,277.0,13.0,343.0,2,5700,0,0,0,0,0,0
AF,D242M,4.471372,100.902383,1,VIH,242.0,13.0,277.0,2,4200,0,0,0,0,0,0
AF,D225M,4.419642,100.940539,1,VIH,225.0,13.0,242.0,2,3200,0,0,0,0,0,1
CF,CD04,4.433056,100.980500,0,VIH,219.0,10.8,39.0,2.2,2,2400,0,0,0,0,1,0

APPTR,D04-Y,04,VAS
IF,VAS,6.185667,100.397000, ,0.0,0.0,0,0,0,0,0,0,0,0
TF,D337M,4.773431,101.007753,0, ,0.0,0.0,0.0,0.0,0,0,0,0,0,0,0,0
AF,D277M,4.600114,100.878569,1,VIH,277.0,13.0,337.0,2,5700,0,0,0,0,0,0
AF,D242M,4.471372,100.902383,1,VIH,242.0,13.0,277.0,2,4200,0,0,0,0,0,0
AF,D225M,4.419642,100.940539,1,VIH,225.0,13.0,242.0,2,3200,0,0,0,0,0,1
CF,CD04,4.433056,100.980500,0,VIH,219.0,10.8,39.0,2.2,2,2400,0,0,0,0,1,0

APPTR,D04-Y,04,VILAT
IF,VILAT,5.891100,100.099200, ,0.0,0.0,0,0,0,0,0,0,0,0
TF,D323M,4.747447,100.963275,0, ,0.0,0.0,0.0,0.0,0,0,0,0,0,0,0,0
AF,D277M,4.600114,100.878569,1,VIH,277.0,13.0,323.0,2,5700,0,0,0,0,0,0
AF,D242M,4.471372,100.902383,1,VIH,242.0,13.0,277.0,2,4200,0,0,0,0,0,0
AF,D225M,4.419642,100.940539,1,VIH,225.0,13.0,242.0,2,3200,0,0,0,0,0,1
CF,CD04,4.433056,100.980500,0,VIH,219.0,10.8,39.0,2.2,2,2400,0,0,0,0,1,0

FINAL,D04-Y,04,D,3
IF,CD04,4.433056,100.980500,VIH,219.0,10.8,2,2400,0,0,0,0,0,0
CF,FD04,4.472111,101.012000,0,VIH,219.0,7.8,39.0,3.0,2,2400,0,0,0,0,2,0
CF,MD04,4.542375,101.068719,0,VIH,219.0,2.4,39.0,5.4,1,709,0,0,0,0,3,0
CF,VIH,4.573611,101.093928,0,VIH,0.0,0.0,39.0,2.4,0,0,0,0,0,0,0,0
FA,VIH,4.573611,101.093928,0,VIH,0.0,0.0,25.0,2,1400,0,0,0,0,0,0
VI,0, ,0.0,352.0,0,0,0,0,0,0,0,0
FA,VIH,4.573611,101.093928,0,VIH,0.0,0.0,11.0,2,4000,0,0,0,0,0,0
DF,ADBAD,4.735750,100.902722,1, ,0.0,0.0,2,7000,0,0,0,0,0,0
HM,ADBAD,4.735750,100.902722,2, ,0.0,0.0,130.0,04.3,0,0,0,1,230,0,0,0,0

APPTR,D04-Z,04,EMSAR
IF,EMSAR,4.408592,100.952411, ,0.0,0.0,2,3200,0,0,0,0,1,0
CF,CD04,4.433056,100.980500,0,VIH,219.0,10.8,39.0,2.2,2,2400,0,0,0,0,1,0

APPTR,D04-Z,04,KALOG
IF,KALOG,4.343750,101.028361, ,0.0,0.0,2,4200,0,0,0,0,1,0
TF,EMSAR,4.408592,100.952411,0, ,0.0,0.0,0.0,0.0,2,3200,0,0,0,0,0,0
CF,CD04,4.433056,100.980500,2,VIH,219.0,10.8,39.0,2.2,2,2400,0,0,0,0,1,0

APPTR,D04-Z,04,RIMGO
IF,RIMGO,4.476750,100.878281, ,0.0,0.0,2,4200,0,0,0,0,1,0
TF,EMSAR,4.408592,100.952411,0, ,0.0,0.0,0.0,0.0,2,3200,0,0,0,0,0,0
CF,CD04,4.433056,100.980500,1,VIH,219.0,10.8,39.0,2.2,2,2400,0,0,0,0,1,0

FINAL,D04-Z,04,D,3
IF,CD04,4.433056,100.980500,VIH,219.0,10.8,2,2400,0,0,0,0,0,0
CF,FD04,4.472111,101.012000,0,VIH,219.0,7.8,39.0,3.0,2,2400,0,0,0,0,2,0
CF,MD04,4.542375,101.068719,0,VIH,219.0,2.4,39.0,5.4,1,709,0,0,0,0,3,0
CF,VIH,4.573611,101.093928,0,VIH,0.0,0.0,39.0,2.4,0,0,0,0,0,0,0,0
FA,VIH,4.573611,101.093928,0,VIH,0.0,0.0,25.0,2,1400,0,0,0,0,0,0
VI,0, ,0.0,352.0,0,0,0,0,0,0,0,0
FA,VIH,4.573611,101.093928,0,VIH,0.0,0.0,11.0,2,4000,0,0,0,0,0,0
DF,ADBAD,4.735750,100.902722,1, ,0.0,0.0,2,7000,0,0,0,0,0,0
HM,ADBAD,4.735750,100.902722,2, ,0.0,0.0,130.0,04.3,0,0,0,1,230,0,0,0,0

FINAL,I04-X,04,I,3
IF,CF04,4.449444,100.987778,IPO,221.4,10.1,2,2400,0,0,0,0,0,0
CF,FF04,4.474556,101.009861,0,IPO,221.4,8.1,42.0,2.0,1,2400,0,0,0,0,2,0
CF,RW04,4.561922,101.086736,0,IPO,221.3,1.2,42.0,7.0,1,183,0,0,0,0,3,0
CF,VIH,4.573611,101.093928,0,VIH,0.0,0.0,40.0,0.8,0,0,0,0,0,0,0,0
FA,VIH,4.573611,101.093928,0,VIH,0.0,0.0,25.0,2,1400,0,0,0,0,0,0
VI,0, ,0.0,352.0,0,0,0,0,0,0,0,0
FA,VIH,4.573611,101.093928,0,VIH,0.0,0.0,11.0,2,4000,0,0,0,0,0,0
DF,VIH,4.573611,101.093928,1, ,0.0,0.0,2,6500,0,0,0,0,0,0
HM,VIH,4.573611,101.093928,2, ,0.0,0.0,41.0,04.3,0,0,0,0,0,0,0,0,0

APPTR,I04-Y,04,ADBAD
IF,ADBAD,4.735750,100.902722, ,0.0,0.0,0,0,0,0,0,0,0,0
CI,0, ,0.0,130.0,0,0,0,0,0,0,0,0
AF,D277M,4.600114,100.878569,1,VIH,277.0,13.0,310.0,2,5700,0,0,0,0,0,0
AF,D242M,4.471372,100.902383,1,VIH,242.0,13.0,277.0,2,4200,0,0,0,0,0,0
AF,EMSAR,4.408592,100.952411,1,VIH,220.7,13.0,242.0,2,3200,0,0,0,0,0,0
TF,CF04,4.449444,100.987778,0,IPO,0.0,0.0,0.0,0.0,2,2400,0,0,0,0,1,0

APPTR,I04-Y,04,EMSAR
IF,EMSAR,4.408592,100.952411, ,0.0,0.0,2,3200,0,0,0,0,1,0
TF,CF04,4.449444,100.987778,0,IPO,0.0,0.0,0.0,0.0,2,2400,0,0,0,0,1,0

APPTR,I04-Y,04,KARMI
IF,KARMI,6.494400,100.522500, ,0.0,0.0,0,0,0,0,0,0,0,0
TF,D343M,4.782289,101.032028,0, ,0.0,0.0,0.0,0.0,0,0,0,0,0,0,0,0
AF,D277M,4.600114,100.878569,1,VIH,277.0,13.0,343.0,2,5700,0,0,0,0,0,0
AF,D242M,4.471372,100.902383,1,VIH,242.0,13.0,277.0,2,4200,0,0,0,0,0,0
AF,EMSAR,4.408592,100.952411,1,VIH,220.7,13.0,242.0,2,3200,0,0,0,0,0,0
TF,CF04,4.449444,100.987778,0,IPO,0.0,0.0,0.0,0.0,2,2400,0,0,0,0,1,0

APPTR,I04-Y,04,MARDI
IF,MARDI,4.206222,101.066333, ,0.0,0.0,2,6000,0,0,0,0,0,0
TF,D184M,4.356417,101.078797,0, ,0.0,0.0,0.0,0.0,2,4200,0,0,0,0,0,0
AF,EMSAR,4.408592,100.952411,2,VIH,220.7,13.0,184.0,2,3200,0,0,0,0,0,0
TF,CF04,4.449444,100.987778,0,IPO,0.0,0.0,0.0,0.0,2,2400,0,0,0,0,1,0

APPTR,I04-Y,04,VAS
IF,VAS,6.185667,100.397000, ,0.0,0.0,0,0,0,0,0,0,0,0
TF,D337M,4.773431,101.007753,0, ,0.0,0.0,0.0,0.0,0,0,0,0,0,0,0,0
AF,D277M,4.600114,100.878569,1,VIH,277.0,13.0,337.0,2,5700,0,0,0,0,0,0
AF,D242M,4.471372,100.902383,1,VIH,242.0,13.0,277.0,2,4200,0,0,0,0,0,0
AF,EMSAR,4.408592,100.952411,1,VIH,220.7,13.0,242.0,2,3200,0,0,0,0,0,0
TF,CF04,4.449444,100.987778,0,IPO,0.0,0.0,0.0,0.0,2,2400,0,0,0,0,1,0

APPTR,I04-Y,04,VILAT
IF,VILAT,5.891100,100.099200, ,0.0,0.0,0,0,0,0,0,0,0,0
TF,D323M,4.747447,100.963275,0, ,0.0,0.0,0.0,0.0,0,0,0,0,0,0,0,0
AF,D277M,4.600114,100.878569,1,VIH,277.0,13.0,323.0,2,5700,0,0,0,0,0,0
AF,D242M,4.471372,100.902383,1,VIH,242.0,13.0,277.0,2,4200,0,0,0,0,0,0
AF,EMSAR,4.408592,100.952411,1,VIH,220.7,13.0,242.0,2,3200,0,0,0,0,0,0
TF,CF04,4.449444,100.987778,0,IPO,0.0,0.0,0.0,0.0,2,2400,0,0,0,0,1,0

FINAL,I04-Y,04,I,3
IF,CF04,4.449444,100.987778,IPO,221.4,10.1,2,2400,0,0,0,0,0,0
CF,FF04,4.474556,101.009861,0,IPO,221.4,8.1,42.0,2.0,1,2400,0,0,0,0,2,0
CF,RW04,4.561922,101.086736,0,IPO,221.3,1.2,42.0,7.0,1,183,0,0,0,0,3,0
CF,VIH,4.573611,101.093928,0,VIH,0.0,0.0,40.0,0.8,0,0,0,0,0,0,0,0
FA,VIH,4.573611,101.093928,0,VIH,0.0,0.0,25.0,2,1400,0,0,0,0,0,0
VI,0, ,0.0,352.0,0,0,0,0,0,0,0,0
FA,VIH,4.573611,101.093928,0,VIH,0.0,0.0,11.0,2,4000,0,0,0,0,0,0
DF,ADBAD,4.735750,100.902722,1, ,0.0,0.0,2,7000,0,0,0,0,0,0
HM,ADBAD,4.735750,100.902722,2, ,0.0,0.0,130.0,04.3,0,0,0,1,230,0,0,0,0

APPTR,I04-Z,04,EMSAR
IF,EMSAR,4.408592,100.952411, ,0.0,0.0,2,3200,0,0,0,0,1,0
TF,CF04,4.449444,100.987778,0,IPO,0.0,0.0,0.0,0.0,2,2400,0,0,0,0,1,0

APPTR,I04-Z,04,KALOG
IF,KALOG,4.343750,101.028361, ,0.0,0.0,2,4200,0,0,0,0,1,0
TF,EMSAR,4.408592,100.952411,0, ,0.0,0.0,0.0,0.0,2,3200,0,0,0,0,0,0
TF,CF04,4.449444,100.987778,2,IPO,0.0,0.0,0.0,0.0,2,2400,0,0,0,0,1,0

APPTR,I04-Z,04,RIMGO
IF,RIMGO,4.476750,100.878281, ,0.0,0.0,2,4200,0,0,0,0,1,0
TF,EMSAR,4.408592,100.952411,0, ,0.0,0.0,0.0,0.0,2,3200,0,0,0,0,0,0
TF,CF04,4.449444,100.987778,0,IPO,0.0,0.0,0.0,0.0,2,2400,0,0,0,0,1,0

FINAL,I04-Z,04,I,3
IF,CF04,4.449444,100.987778,IPO,221.4,10.1,2,2400,0,0,0,0,0,0
CF,FF04,4.474556,101.009861,0,IPO,221.4,8.1,42.0,2.0,1,2400,0,0,0,0,2,0
CF,RW04,4.561922,101.086736,0,IPO,221.3,1.2,42.0,7.0,1,183,0,0,0,0,3,0
CF,VIH,4.573611,101.093928,0,VIH,0.0,0.0,40.0,0.8,0,0,0,0,0,0,0,0
FA,VIH,4.573611,101.093928,0,VIH,0.0,0.0,25.0,2,1400,0,0,0,0,0,0
VI,0, ,0.0,352.0,0,0,0,0,0,0,0,0
FA,VIH,4.573611,101.093928,0,VIH,0.0,0.0,11.0,2,4000,0,0,0,0,0,0
DF,ADBAD,4.735750,100.902722,1, ,0.0,0.0,2,7000,0,0,0,0,0,0
HM,ADBAD,4.735750,100.902722,2, ,0.0,0.0,130.0,04.3,0,0,0,1,230,0,0,0,0

