SID,DOSI1Q,03,5
CF,OSREM,2.377408,102.317261,0,VMK,31.0,8.3,30.0,7.1,2,2000,0,1,250,0,0,0
TF,KM502,2.419647,102.229175,1, ,0.0,0.0,0.0,0.0,2,3000,0,1,250,0,0,0
TF,BATAR,2.166700,102.083300,0, ,0.0,0.0,0.0,0.0,0,0,0,0,0,0,0,0
TF,DOSIK,1.765000,102.043300,0, ,0.0,0.0,0.0,0.0,2,7000,0,0,0,0,0,0

SID,DOSI1R,21,5
CA,0,210.0,2,2500,0,0,0,0,0,0
DF,DOSIK,1.765000,102.043300,0, ,0.0,0.0,2,7000,0,0,0,0,0,0

SID,DOSI2Q,03,2
CA,0,30.0,2,2000,0,0,0,0,0,0
DF,D085G,2.267803,102.355158,2, ,0.0,0.0,2,5000,0,1,250,0,0,0
TF,DOSIK,1.765000,102.043300,0, ,0.0,0.0,0.0,0.0,2,7000,0,0,0,0,0,0

SID,DOSI2R,21,2
CA,0,210.0,2,2500,0,0,0,0,0,0
CF,DOSIK,1.765000,102.043300,0,VMK,202.5,31.9,202.0,28.0,2,7000,0,0,0,0,0,0

SID,IRMI1Q,03,5
CF,OSREM,2.377408,102.317261,0,VMK,31.0,8.3,30.0,7.1,2,2000,0,0,0,0,0,0
TF,KALIL,2.460833,102.330000,0, ,0.0,0.0,0.0,0.0,2,3000,0,0,0,0,0,0
TF,IRMIB,2.598872,102.221686,0, ,0.0,0.0,0.0,0.0,2,7000,0,0,0,0,0,0
TF,OGANA,3.330278,101.647222,0, ,0.0,0.0,0.0,0.0,0,0,0,0,0,0,0,0

SID,IRMI1R,21,5
CF,PUDOB,2.150789,102.186636,0,VMK,209.1,7.3,210.0,7.3,2,1500,0,0,0,0,0,1
DF,KM501,2.199875,102.102475,2, ,0.0,0.0,2,2500,0,0,0,0,0,0
TF,KM502,2.419647,102.229175,0, ,0.0,0.0,0.0,0.0,2,3000,0,0,0,0,0,0
TF,IRMIB,2.598872,102.221686,0, ,0.0,0.0,0.0,0.0,2,7000,0,0,0,0,0,0
TF,OGANA,3.330278,101.647222,0, ,0.0,0.0,0.0,0.0,0,0,0,0,0,0,0,0

SID,IRMI2Q,03,2
CA,0,30.0,2,2500,0,0,0,0,0,0
VI,0, ,0.0,7.0,0,0,0,0,0,0,0,0
CF,IRMIB,2.598872,102.221686,0,VMK,355.9,20.4,322.0,10.0,2,7000,0,0,0,0,0,0
TF,OGANA,3.330278,101.647222,0, ,0.0,0.0,0.0,0.0,0,0,0,0,0,0,0,0

SID,IRMI2R,21,2
CA,0,210.0,2,1500,0,0,0,0,0,0
VR,2,VMK,250.0,326.0,0,0,0,1,230,0,0,0
CI,0, ,0.0,26.0,0,0,0,0,0,0,0,0
CF,IRMIB,2.598872,102.221686,0,VMK,355.9,20.4,356.0,13.0,2,7000,0,0,0,0,0,0
TF,OGANA,3.330278,101.647222,0, ,0.0,0.0,0.0,0.0,0,0,0,0,0,0,0,0

SID,OGAK1Q,03,5
CA,0,30.0,2,2000,0,0,0,0,0,0
DF,DULEG,2.274186,102.431753,0, ,0.0,0.0,2,5000,0,1,250,0,0,0
TF,OGAKO,1.980600,102.435600,0, ,0.0,0.0,0.0,0.0,2,6000,0,0,0,0,0,0

SID,OGAK1R,21,5
CA,0,210.0,2,2500,0,0,0,0,0,0
DF,LAVIG,2.020828,102.257258,0, ,0.0,0.0,2,5000,0,0,0,0,0,0
TF,OGAKO,1.980600,102.435600,0, ,0.0,0.0,0.0,0.0,2,6000,0,0,0,0,0,0

SID,OGAK2Q,03,2
CA,0,30.0,2,2000,0,0,0,0,0,0
DF,D085J,2.272189,102.405031,2, ,0.0,0.0,2,5000,0,1,250,0,0,0
TF,OGAKO,1.980600,102.435600,0, ,0.0,0.0,0.0,0.0,2,6000,0,0,0,0,0,0

SID,OGAK2R,21,2
CA,0,210.0,2,2500,0,0,0,0,0,0
DF,D175M,2.036175,102.265358,0, ,0.0,0.0,2,5000,0,1,250,0,0,0
TF,OGAKO,1.980600,102.435600,0, ,0.0,0.0,0.0,0.0,2,6000,0,0,0,0,0,0

SID,RUSB1Q,03,5
CA,0,30.0,2,2000,0,0,0,0,0,0
DF,DULEG,2.274186,102.431753,0, ,0.0,0.0,2,5000,0,1,250,0,0,0
TF,RUSBU,2.022978,102.511697,0, ,0.0,0.0,0.0,0.0,2,7000,0,0,0,0,0,0

SID,RUSB1R,21,5
CA,0,210.0,2,2500,0,0,0,0,0,0
DF,LAVIG,2.020828,102.257258,0, ,0.0,0.0,2,5000,0,0,0,0,0,0
TF,RUSBU,2.022978,102.511697,0, ,0.0,0.0,0.0,0.0,2,7000,0,0,0,0,0,0

SID,RUSB2Q,03,2
CA,0,30.0,2,2000,0,0,0,0,0,0
DF,D085K,2.274008,102.425719,0, ,0.0,0.0,2,5000,0,1,250,0,0,0
TF,RUSBU,2.022978,102.511697,0, ,0.0,0.0,0.0,0.0,2,7000,0,0,0,0,0,0

SID,RUSB2R,21,2
CA,0,210.0,2,2500,0,0,0,0,0,0
DF,D175L,2.049081,102.264236,0, ,0.0,0.0,2,5000,0,1,250,0,0,0
TF,RUSBU,2.022978,102.511697,0, ,0.0,0.0,0.0,0.0,2,7000,0,0,0,0,0,0

SID,SAPA1Q,03,5
CF,OSREM,2.377408,102.317261,0,VMK,31.0,8.3,30.0,7.1,2,2000,0,1,250,0,0,0
TF,KM502,2.419647,102.229175,1, ,0.0,0.0,0.0,0.0,2,3000,0,1,250,0,0,0
TF,SAPAT,2.536111,102.041667,0, ,0.0,0.0,0.0,0.0,2,7000,0,0,0,0,0,0

SID,SAPA1R,21,5
CF,PUDOB,2.150789,102.186636,0,VMK,209.1,7.3,210.0,7.3,2,1500,0,0,0,0,0,1
DF,KM501,2.199875,102.102475,2, ,0.0,0.0,2,2500,0,0,0,0,0,0
TF,KM503,2.414519,102.131106,0, ,0.0,0.0,0.0,0.0,2,5000,0,0,0,0,0,0
TF,SAPAT,2.536111,102.041667,0, ,0.0,0.0,0.0,0.0,2,7000,0,0,0,0,0,0

SID,SAPA2Q,03,2
CA,0,30.0,2,2000,0,0,0,0,0,0
DF,D356L,2.458983,102.232092,0, ,0.0,0.0,0,0,0,1,230,0,0,0
TF,SAPAT,2.536111,102.041667,0, ,0.0,0.0,0.0,0.0,2,7000,0,0,0,0,0,0

SID,SAPA2R,21,2
CA,0,210.0,2,1500,0,0,0,0,0,0
VR,2,VMK,250.0,323.0,0,0,0,1,230,0,0,0
CI,0, ,0.0,353.0,0,0,0,0,0,0,0,0
CF,SAPAT,2.536111,102.041667,0,VMK,323.5,20.6,323.0,12.0,2,7000,0,0,0,0,0,0

SID,VMK010,03,2
DF,DER03,2.273914,102.257600,0, ,0.0,0.0,0,0,0,0,0,0,0,1
CA,0,10.0,2,2500,0,0,0,0,0,0
VM,0,0,0,10.0,0,0,0,0,0,0,0,0

SID,VMK210,21,2
DF,DER21,2.257211,102.247972,0, ,0.0,0.0,0,0,0,0,0,0,0,1
CA,0,210.0,2,2500,0,0,0,0,0,0
VM,0,0,0,210.0,0,0,0,0,0,0,0,0

STAR,AKRU1S,03,5
IF,AKRUL,2.303569,102.867958, ,0.0,0.0,2,7000,0,0,0,0,0,0
TF,GUPTA,2.163300,102.641700,0, ,0.0,0.0,0.0,0.0,2,7000,0,0,0,0,0,0
TF,KM505,2.054489,102.306683,0, ,0.0,0.0,0.0,0.0,2,5000,0,0,0,0,0,0
TF,EMRUN,2.027856,102.231433,0, ,0.0,0.0,0.0,0.0,2,4000,0,0,0,0,0,0
TF,KAGPA,2.078261,102.145022,0, ,0.0,0.0,0.0,0.0,2,3000,0,0,0,0,0,0

STAR,AKRU1T,21,5
IF,AROSO,2.146100,103.405800, ,0.0,0.0,0,0,0,0,0,0,0,0
TF,AKRUL,2.303569,102.867958,0, ,0.0,0.0,0.0,0.0,2,7000,0,0,0,0,0,0
TF,RIBDI,2.235444,102.560144,0, ,0.0,0.0,0.0,0.0,2,5000,0,0,0,0,0,0
TF,KM506,2.294244,102.493661,0, ,0.0,0.0,0.0,0.0,2,5000,0,0,0,0,0,0
TF,KM508,2.359792,102.419536,0, ,0.0,0.0,0.0,0.0,2,3300,0,0,0,0,0,0
TF,NIVOB,2.408850,102.335375,0, ,0.0,0.0,0.0,0.0,2,2100,0,0,0,0,0,0

STAR,AKRU2S,03,2
IF,AROSO,2.146100,103.405800, ,0.0,0.0,0,0,0,0,0,0,0,0
TF,AKRUL,2.303569,102.867958,0, ,0.0,0.0,0.0,0.0,2,7000,0,0,0,0,0,0
FD,AKRUL,2.303569,102.867958,0,VMK,85.8,12.0,266.0,12.0,2,5000,0,0,0,0,0,0
CF,VMK,2.258208,102.246053,0,VMK,0.0,0.0,266.0,12.0,0,0,0,0,0,0,0,0
TF,D245K,2.180336,102.080072,0, ,0.0,0.0,0.0,0.0,0,0,0,0,0,0,0,0
TF,D245M,2.166175,102.049894,0, ,0.0,0.0,0.0,0.0,0,0,0,0,0,0,0,0
AF,D209M,2.067767,102.141128,1,VMK,209.0,13.0,245.0,0,0,0,0,0,0,0,0
TF,KAGPA,2.078261,102.145022,0, ,0.0,0.0,0.0,0.0,2,3000,0,0,0,0,0,0

STAR,AKRU2T,21,2
IF,AROSO,2.146100,103.405800, ,0.0,0.0,0,0,0,0,0,0,0,0
TF,AKRUL,2.303569,102.867958,0, ,0.0,0.0,0.0,0.0,2,7000,0,0,0,0,0,0
FD,AKRUL,2.303569,102.867958,0,VMK,85.8,12.0,266.0,12.0,2,5000,0,0,0,0,0,0
CF,VMK,2.258208,102.246053,0,VMK,0.0,0.0,266.0,12.0,0,0,0,0,0,0,0,0
TF,D355M,2.475114,102.227183,0, ,0.0,0.0,0.0,0.0,2,4500,0,0,0,0,0,0
TF,D355O,2.508483,102.224281,0, ,0.0,0.0,0.0,0.0,0,0,0,0,0,0,0,0
AF,D021O,2.492750,102.335567,2,VMK,21.0,15.0,355.0,2,3900,0,0,0,0,0,0
AF,D035O,2.463997,102.389322,2,VMK,35.0,15.0,21.0,0,0,0,0,0,0,0,0
TF,MOVKO,2.436017,102.370331,0, ,0.0,0.0,0.0,0.0,2,2700,0,0,0,0,0,0
TF,CD21,2.401764,102.346386,0, ,0.0,0.0,0.0,0.0,2,2100,0,0,0,0,0,0

STAR,DOSI1S,03,5
IF,DOSIK,1.765000,102.043300, ,0.0,0.0,2,6500,0,0,0,0,0,0
TF,KAGPA,2.078261,102.145022,0, ,0.0,0.0,0.0,0.0,2,3000,0,0,0,0,0,0

STAR,DOSI1T,21,5
IF,DOSIK,1.765000,102.043300, ,0.0,0.0,2,6500,0,0,0,0,0,0
TF,KM501,2.199875,102.102475,0, ,0.0,0.0,0.0,0.0,2,5500,0,0,0,0,0,0
TF,BEMSU,2.304131,102.162572,0, ,0.0,0.0,0.0,0.0,2,5000,0,0,0,0,0,0
TF,KM507,2.457892,102.251228,0, ,0.0,0.0,0.0,0.0,2,3300,0,0,0,0,0,0
TF,NIVOB,2.408850,102.335375,0, ,0.0,0.0,0.0,0.0,2,2100,0,0,0,0,0,0

STAR,DOSI2S,03,2
IF,DOSIK,1.765000,102.043300, ,0.0,0.0,2,6500,0,0,0,0,0,0
FD,DOSIK,1.765000,102.043300,0,VMK,202.5,22.0,22.0,22.0,0,0,0,0,0,0,0,0
VI,0, ,0.0,5.0,0,0,0,0,0,0,0,0
CF,KAGPA,2.078261,102.145022,0,VMK,209.5,12.3,29.0,5.0,2,3000,0,0,0,0,0,0

STAR,DOSI2T,21,2
IF,DOSIK,1.765000,102.043300, ,0.0,0.0,2,6500,0,0,0,0,0,0
TF,VMK,2.258208,102.246053,0, ,0.0,0.0,0.0,0.0,0,0,0,0,0,0,0,0
TF,D355M,2.475114,102.227183,0, ,0.0,0.0,0.0,0.0,2,4500,0,0,0,0,0,0
TF,D355O,2.508483,102.224281,0, ,0.0,0.0,0.0,0.0,0,0,0,0,0,0,0,0
AF,D021O,2.492750,102.335567,2,VMK,21.0,15.0,355.0,2,3900,0,0,0,0,0,0
AF,D035O,2.463997,102.389322,2,VMK,35.0,15.0,21.0,0,0,0,0,0,0,0,0
TF,MOVKO,2.436017,102.370331,0, ,0.0,0.0,0.0,0.0,2,2700,0,0,0,0,0,0
TF,CD21,2.401764,102.346386,0, ,0.0,0.0,0.0,0.0,2,2100,0,0,0,0,0,0

STAR,DUMO1S,03,5
IF,DUMOK,2.299200,102.004200, ,0.0,0.0,2,5500,0,0,0,0,0,0
TF,OMKER,2.128661,102.058606,0, ,0.0,0.0,0.0,0.0,2,4000,0,0,0,0,0,0
TF,KAGPA,2.078261,102.145022,0, ,0.0,0.0,0.0,0.0,2,3000,0,0,0,0,0,0

STAR,DUMO1T,21,5
IF,DUMOK,2.299200,102.004200, ,0.0,0.0,2,5500,0,0,0,0,0,0
TF,BEMSU,2.304131,102.162572,0, ,0.0,0.0,0.0,0.0,2,5000,0,0,0,0,0,0
TF,KM507,2.457892,102.251228,0, ,0.0,0.0,0.0,0.0,2,3300,0,0,0,0,0,0
TF,NIVOB,2.408850,102.335375,0, ,0.0,0.0,0.0,0.0,2,2100,0,0,0,0,0,0

STAR,DUMO2S,03,2
IF,DUMOK,2.299200,102.004200, ,0.0,0.0,2,5500,0,0,0,0,0,0
TF,VMK,2.258208,102.246053,0, ,0.0,0.0,0.0,0.0,0,0,0,0,0,0,0,0
TF,D177K,2.074222,102.255636,0, ,0.0,0.0,0.0,0.0,0,0,0,0,0,0,0,0
TF,D177M,2.040769,102.257378,0, ,0.0,0.0,0.0,0.0,0,0,0,0,0,0,0,0
AF,D209M,2.067767,102.141128,2,VMK,209.0,13.0,177.0,0,0,0,0,0,0,0,0
TF,KAGPA,2.078261,102.145022,0, ,0.0,0.0,0.0,0.0,2,3000,0,0,0,0,0,0

STAR,DUMO2T,21,2
IF,DUMOK,2.299200,102.004200, ,0.0,0.0,2,5500,0,0,0,0,0,0
TF,VMK,2.258208,102.246053,0, ,0.0,0.0,0.0,0.0,0,0,0,0,0,0,0,0
TF,D355M,2.475114,102.227183,1, ,0.0,0.0,0.0,0.0,2,4500,0,0,0,0,0,0
TF,D355O,2.508483,102.224281,0, ,0.0,0.0,0.0,0.0,0,0,0,0,0,0,0,0
AF,D021O,2.492750,102.335567,2,VMK,21.0,15.0,355.0,2,3900,0,0,0,0,0,0
AF,D035O,2.463997,102.389322,2,VMK,35.0,15.0,21.0,0,0,0,0,0,0,0,0
TF,MOVKO,2.436017,102.370331,0, ,0.0,0.0,0.0,0.0,2,2700,0,0,0,0,0,0
TF,CD21,2.401764,102.346386,0, ,0.0,0.0,0.0,0.0,2,2100,0,0,0,0,0,0

STAR,GUPT1S,03,5
IF,GUPTA,2.163300,102.641700, ,0.0,0.0,2,7000,0,0,0,0,0,0
TF,KM505,2.054489,102.306683,0, ,0.0,0.0,0.0,0.0,2,5000,0,0,0,0,0,0
TF,EMRUN,2.027856,102.231433,0, ,0.0,0.0,0.0,0.0,2,4000,0,0,0,0,0,0
TF,KAGPA,2.078261,102.145022,0, ,0.0,0.0,0.0,0.0,2,3000,0,0,0,0,0,0

STAR,GUPT1T,21,5
IF,GUPTA,2.163300,102.641700, ,0.0,0.0,2,7000,0,0,0,0,0,0
TF,RIBDI,2.235444,102.560144,0, ,0.0,0.0,0.0,0.0,2,5000,0,0,0,0,0,0
TF,KM506,2.294244,102.493661,0, ,0.0,0.0,0.0,0.0,2,5000,0,0,0,0,0,0
TF,KM508,2.359792,102.419536,0, ,0.0,0.0,0.0,0.0,2,3300,0,0,0,0,0,0
TF,NIVOB,2.408850,102.335375,0, ,0.0,0.0,0.0,0.0,2,2100,0,0,0,0,0,0

STAR,GUPT2S,03,2
IF,GUPTA,2.163300,102.641700, ,0.0,0.0,2,7000,0,0,0,0,0,0
FD,GUPTA,2.163300,102.641700,0,VMK,103.4,9.0,283.0,9.0,2,5000,0,0,0,0,0,0
CF,VMK,2.258208,102.246053,0,VMK,0.0,0.0,283.0,9.0,0,0,0,0,0,0,0,0
TF,D245K,2.180336,102.080072,0, ,0.0,0.0,0.0,0.0,0,0,0,0,0,0,0,0
TF,D245M,2.166175,102.049894,0, ,0.0,0.0,0.0,0.0,0,0,0,0,0,0,0,0
AF,D209M,2.067767,102.141128,1,VMK,209.0,13.0,245.0,0,0,0,0,0,0,0,0
TF,KAGPA,2.078261,102.145022,0, ,0.0,0.0,0.0,0.0,2,3000,0,0,0,0,0,0

STAR,GUPT2T,21,2
IF,GUPTA,2.163300,102.641700, ,0.0,0.0,2,7000,0,0,0,0,0,0
FD,GUPTA,2.163300,102.641700,0,VMK,103.4,9.0,283.0,9.0,2,5000,0,0,0,0,0,0
CF,VMK,2.258208,102.246053,0,VMK,0.0,0.0,283.0,9.0,0,0,0,0,0,0,0,0
TF,D355M,2.475114,102.227183,0, ,0.0,0.0,0.0,0.0,2,4500,0,0,0,0,0,0
TF,D355O,2.508483,102.224281,0, ,0.0,0.0,0.0,0.0,0,0,0,0,0,0,0,0
AF,D021O,2.492750,102.335567,2,VMK,21.0,15.0,355.0,2,3900,0,0,0,0,0,0
AF,D035O,2.463997,102.389322,2,VMK,35.0,15.0,21.0,0,0,0,0,0,0,0,0
TF,MOVKO,2.436017,102.370331,0, ,0.0,0.0,0.0,0.0,2,2700,0,0,0,0,0,0
TF,CD21,2.401764,102.346386,0, ,0.0,0.0,0.0,0.0,2,2100,0,0,0,0,0,0

STAR,INTU1S,03,5
IF,INTUR,2.352808,102.074061, ,0.0,0.0,2,5500,0,0,0,0,0,0
TF,OMKER,2.128661,102.058606,0, ,0.0,0.0,0.0,0.0,2,4000,0,0,0,0,0,0
TF,KAGPA,2.078261,102.145022,0, ,0.0,0.0,0.0,0.0,2,3000,0,0,0,0,0,0

STAR,INTU1T,21,5
IF,MAKNA,2.537222,101.829167, ,0.0,0.0,0,0,0,0,0,0,0,0
TF,INTUR,2.352808,102.074061,0, ,0.0,0.0,0.0,0.0,2,5500,0,0,0,0,0,0
TF,BEMSU,2.304131,102.162572,0, ,0.0,0.0,0.0,0.0,2,5000,0,0,0,0,0,0
TF,KM507,2.457892,102.251228,0, ,0.0,0.0,0.0,0.0,2,3300,0,0,0,0,0,0
TF,NIVOB,2.408850,102.335375,0, ,0.0,0.0,0.0,0.0,2,2100,0,0,0,0,0,0

STAR,INTU2S,03,2
IF,MAKNA,2.537222,101.829167, ,0.0,0.0,0,0,0,0,0,0,0,0
TF,INTUR,2.352808,102.074061,0, ,0.0,0.0,0.0,0.0,2,5500,0,0,0,0,0,0
TF,VMK,2.258208,102.246053,0, ,0.0,0.0,0.0,0.0,0,0,0,0,0,0,0,0
TF,D177K,2.074222,102.255636,0, ,0.0,0.0,0.0,0.0,0,0,0,0,0,0,0,0
TF,D177M,2.040769,102.257378,0, ,0.0,0.0,0.0,0.0,0,0,0,0,0,0,0,0
AF,D209M,2.067767,102.141128,2,VMK,209.0,13.0,177.0,0,0,0,0,0,0,0,0
TF,KAGPA,2.078261,102.145022,0, ,0.0,0.0,0.0,0.0,2,3000,0,0,0,0,0,0

STAR,INTU2T,21,2
IF,MAKNA,2.537222,101.829167, ,0.0,0.0,0,0,0,0,0,0,0,0
TF,INTUR,2.352808,102.074061,0, ,0.0,0.0,0.0,0.0,2,5500,0,0,0,0,0,0
TF,VMK,2.258208,102.246053,0, ,0.0,0.0,0.0,0.0,0,0,0,0,0,0,0,0
TF,D355M,2.475114,102.227183,1, ,0.0,0.0,0.0,0.0,2,4500,0,0,0,0,0,0
TF,D355O,2.508483,102.224281,0, ,0.0,0.0,0.0,0.0,0,0,0,0,0,0,0,0
AF,D021O,2.492750,102.335567,2,VMK,21.0,15.0,355.0,2,3900,0,0,0,0,0,0
AF,D035O,2.463997,102.389322,2,VMK,35.0,15.0,21.0,0,0,0,0,0,0,0,0
TF,MOVKO,2.436017,102.370331,0, ,0.0,0.0,0.0,0.0,2,2700,0,0,0,0,0,0
TF,CD21,2.401764,102.346386,0, ,0.0,0.0,0.0,0.0,2,2100,0,0,0,0,0,0

STAR,VELT1S,03,5
IF,VELTU,2.273294,101.957639, ,0.0,0.0,2,5500,0,0,0,0,0,0
TF,OMKER,2.128661,102.058606,0, ,0.0,0.0,0.0,0.0,2,4000,0,0,0,0,0,0
TF,KAGPA,2.078261,102.145022,0, ,0.0,0.0,0.0,0.0,2,3000,0,0,0,0,0,0

STAR,VELT1T,21,5
IF,MAKNA,2.537222,101.829167, ,0.0,0.0,0,0,0,0,0,0,0,0
TF,VELTU,2.273294,101.957639,0, ,0.0,0.0,0.0,0.0,2,5500,0,0,0,0,0,0
TF,BEMSU,2.304131,102.162572,0, ,0.0,0.0,0.0,0.0,2,5000,0,0,0,0,0,0
TF,KM507,2.457892,102.251228,0, ,0.0,0.0,0.0,0.0,2,3300,0,0,0,0,0,0
TF,NIVOB,2.408850,102.335375,0, ,0.0,0.0,0.0,0.0,2,2100,0,0,0,0,0,0

STAR,VELT2S,03,2
IF,MAKNA,2.537222,101.829167, ,0.0,0.0,0,0,0,0,0,0,0,0
TF,VELTU,2.273294,101.957639,0, ,0.0,0.0,0.0,0.0,2,5500,0,0,0,0,0,0
FD,VELTU,2.273294,101.957639,0,VMK,273.0,15.0,93.0,15.0,0,0,0,0,0,0,0,0
CI,0, ,0.0,93.0,0,0,0,0,0,0,0,0
AF,D209M,2.067767,102.141128,1,VMK,209.0,13.0,273.0,0,0,0,0,0,0,0,0
TF,KAGPA,2.078261,102.145022,0, ,0.0,0.0,0.0,0.0,2,3000,0,0,0,0,0,0

STAR,VELT2T,21,2
IF,MAKNA,2.537222,101.829167, ,0.0,0.0,0,0,0,0,0,0,0,0
TF,VELTU,2.273294,101.957639,0, ,0.0,0.0,0.0,0.0,2,5500,0,0,0,0,0,0
TF,VMK,2.258208,102.246053,0, ,0.0,0.0,0.0,0.0,0,0,0,0,0,0,0,0
TF,D355M,2.475114,102.227183,1, ,0.0,0.0,0.0,0.0,2,4500,0,0,0,0,0,0
TF,D355O,2.508483,102.224281,0, ,0.0,0.0,0.0,0.0,0,0,0,0,0,0,0,0
AF,D021O,2.492750,102.335567,2,VMK,21.0,15.0,355.0,2,3900,0,0,0,0,0,0
AF,D035O,2.463997,102.389322,2,VMK,35.0,15.0,21.0,0,0,0,0,0,0,0,0
TF,MOVKO,2.436017,102.370331,0, ,0.0,0.0,0.0,0.0,2,2700,0,0,0,0,0,0
TF,CD21,2.401764,102.346386,0, ,0.0,0.0,0.0,0.0,2,2100,0,0,0,0,0,0

APPTR,D03-Y,03,VMK
IF,VMK,2.258208,102.246053, ,0.0,0.0,2,3500,0,0,0,0,0,0
TF,D206F,2.167883,102.202261,0, ,0.0,0.0,0.0,0.0,0,0,0,0,0,0,0,0
FC,D206F,2.167883,102.202261,0,VMK,0.0,0.0,251.0,4.4,0,0,0,0,0,0,0,1
CF,CD03,2.147797,102.191581,1,VMK,206.4,7.4,26.0,3.0,2,1600,0,0,0,0,1,0

FINAL,D03-Y,03,D,3
IF,CD03,2.147797,102.191581,VMK,206.4,7.4,2,1600,0,0,0,0,0,0
CF,FD03,2.186053,102.210453,0,VMK,206.4,4.8,26.0,2.6,2,1600,0,0,0,0,2,0
CF,MA03,2.240206,102.237169,0,VMK,206.4,1.2,26.0,3.6,1,457,0,0,0,0,3,0
CA,0,26.0,2,1500,0,0,0,0,0,0
DF,VMK,2.258208,102.246053,2, ,0.0,0.0,2,3500,0,1,220,0,0,0
HM,VMK,2.258208,102.246053,2, ,0.0,0.0,206.0,04.3,2,3500,0,0,0,0,0,0,0

APPTR,D03-Z,03,AKRUL
IF,AKRUL,2.303569,102.867958, ,0.0,0.0,2,7000,0,0,0,0,0,0
CD, ,0,0,0,VMK,0,0.0,266.0,12.0,2,5000,0,0,0,0,0,0
CF,VMK,2.258208,102.246053,0,VMK,0.0,0.0,266.0,12.0,0,0,0,0,0,0,0,0
FD,VMK,2.258208,102.246053,0,VMK,0.0,11.0,245.0,11.0,0,0,0,0,0,0,0,0
CI,0, ,0.0,245.0,0,0,0,0,0,0,0,0
AF,BOTVO,2.063172,102.149839,1,VMK,206.4,13.0,245.0,2,3000,0,0,0,0,1,0
CF,CD03,2.147797,102.191581,0,VMK,206.4,7.4,26.0,5.6,2,1600,0,0,0,0,1,0

APPTR,D03-Z,03,BOTVO
IF,BOTVO,2.063172,102.149839, ,0.0,0.0,2,3000,0,0,0,0,1,0
CF,CD03,2.147797,102.191581,0,VMK,206.4,7.4,26.0,5.6,2,1600,0,0,0,0,1,0

APPTR,D03-Z,03,DOSIK
IF,DOSIK,1.765000,102.043300, ,0.0,0.0,2,6500,0,0,0,0,0,0
CD, ,0,0,0,VMK,0,0.0,22.0,22.0,0,0,0,0,0,0,0,0
CI,0, ,0.0,10.0,0,0,0,0,0,0,0,0
CF,BOTVO,2.063172,102.149839,0,VMK,206.4,13.0,26.0,4.0,2,3000,0,0,0,0,1,0
CF,CD03,2.147797,102.191581,0,VMK,206.4,7.4,26.0,5.6,2,1600,0,0,0,0,1,0

APPTR,D03-Z,03,DUMOK
IF,DUMOK,2.299200,102.004200, ,0.0,0.0,2,5500,0,0,0,0,0,0
CF,VMK,2.258208,102.246053,0,VMK,0.0,0.0,99.0,14.7,0,0,0,0,0,0,0,0
FD,VMK,2.258208,102.246053,0,VMK,0.0,11.0,173.0,11.0,0,0,0,0,0,0,0,0
CI,0, ,0.0,173.0,0,0,0,0,0,0,0,0
AF,BOTVO,2.063172,102.149839,2,VMK,206.4,13.0,173.0,2,3000,0,0,0,0,1,0
CF,CD03,2.147797,102.191581,0,VMK,206.4,7.4,26.0,5.6,2,1600,0,0,0,0,1,0

APPTR,D03-Z,03,GUPTA
IF,GUPTA,2.163300,102.641700, ,0.0,0.0,2,7000,0,0,0,0,0,0
CD, ,0,0,0,VMK,0,0.0,283.0,9.0,2,5000,0,0,0,0,0,0
CF,VMK,2.258208,102.246053,0,VMK,0.0,0.0,283.0,9.0,0,0,0,0,0,0,0,0
FD,VMK,2.258208,102.246053,0,VMK,0.0,11.0,245.0,11.0,0,0,0,0,0,0,0,0
CI,0, ,0.0,245.0,0,0,0,0,0,0,0,0
AF,BOTVO,2.063172,102.149839,1,VMK,206.4,13.0,245.0,2,3000,0,0,0,0,1,0
CF,CD03,2.147797,102.191581,0,VMK,206.4,7.4,26.0,5.6,2,1600,0,0,0,0,1,0

APPTR,D03-Z,03,INTUR
IF,INTUR,2.352808,102.074061, ,0.0,0.0,2,5500,0,0,0,0,0,0
CF,VMK,2.258208,102.246053,0,VMK,0.0,0.0,119.0,11.8,0,0,0,0,0,0,0,0
FD,VMK,2.258208,102.246053,0,VMK,0.0,11.0,173.0,11.0,0,0,0,0,0,0,0,0
CI,0, ,0.0,173.0,0,0,0,0,0,0,0,0
AF,BOTVO,2.063172,102.149839,2,VMK,206.4,13.0,173.0,2,3000,0,0,0,0,1,0
CF,CD03,2.147797,102.191581,0,VMK,206.4,7.4,26.0,5.6,2,1600,0,0,0,0,1,0

APPTR,D03-Z,03,VELTU
IF,VELTU,2.273294,101.957639, ,0.0,0.0,2,5500,0,0,0,0,0,0
CI,0, ,0.0,93.0,0,0,0,0,0,0,0,0
AF,BOTVO,2.063172,102.149839,1,VMK,206.4,13.0,273.0,2,3000,0,0,0,0,1,0
CF,CD03,2.147797,102.191581,0,VMK,206.4,7.4,26.0,5.6,2,1600,0,0,0,0,1,0

FINAL,D03-Z,03,D,3
IF,CD03,2.147797,102.191581,VMK,206.4,7.4,2,1600,0,0,0,0,0,0
CF,FD03,2.186053,102.210453,0,VMK,206.4,4.8,26.0,2.6,2,1600,0,0,0,0,2,0
CF,MA03,2.240206,102.237169,0,VMK,206.4,1.2,26.0,3.6,1,457,0,0,0,0,3,0
CA,0,26.0,2,1500,0,0,0,0,0,0
VI,2, ,0.0,133.0,0,0,0,0,0,0,0,0
CF,ATLUS,2.126203,102.418175,0,VMK,127.3,13.0,178.0,5.0,2,5000,0,1,200,0,0,0
HM,ATLUS,2.126203,102.418175,1, ,0.0,0.0,307.0,04.3,2,5000,0,1,230,0,0,0,0

APPTR,D21-X,21,VMK
IF,VMK,2.258208,102.246053, ,0.0,0.0,2,3500,0,0,0,0,0,0
TF,FF21,2.360661,102.317656,0, ,0.0,0.0,0.0,0.0,0,0,0,0,0,0,0,0
FC,FF21,2.360661,102.317656,0,VMK,0.0,0.0,350.0,4.3,0,0,0,0,0,0,0,1
CF,CD21X,2.388064,102.336811,2,VMK,35.1,9.5,215.0,2.5,2,2100,0,0,0,0,1,0

FINAL,D21-X,21,D,3
IF,CD21X,2.388064,102.336811,VMK,35.1,9.5,2,2100,0,0,0,0,0,0
CF,FF21,2.360661,102.317656,0,VMK,35.1,7.5,215.0,2.0,2,2100,0,0,0,0,2,0
CF,MA21,2.285611,102.265203,0,VMK,35.1,2.0,215.0,5.5,1,355,0,0,0,0,3,0
CA,0,215.0,2,1800,0,0,0,0,0,0
DF,VMK,2.258208,102.246053,1, ,0.0,0.0,2,3500,0,0,0,0,0,0
HM,VMK,2.258208,102.246053,2, ,0.0,0.0,35.0,04.3,2,3500,0,0,0,0,0,0,0

FINAL,D21-Y,21,D,3
IF,CD21,2.401764,102.346386,VMK,35.1,10.5,2,2100,0,0,0,0,0,0
CF,FF21,2.360661,102.317656,0,VMK,35.1,7.5,215.0,3.0,2,2100,0,0,0,0,2,0
CF,MA21,2.285611,102.265203,0,VMK,35.1,2.0,215.0,5.5,1,355,0,0,0,0,3,0
CA,0,215.0,2,2000,0,0,0,0,0,0
DF,ATLUS,2.126203,102.418175,1, ,0.0,0.0,2,5000,0,0,0,0,0,0
HM,ATLUS,2.126203,102.418175,1, ,0.0,0.0,307.0,04.3,2,5000,0,1,230,0,0,0,0

APPTR,D21-Z,21,MOVKO
IF,MOVKO,2.436017,102.370331, ,0.0,0.0,2,2700,0,0,0,0,1,0
CF,CD21,2.401764,102.346386,0,VMK,35.1,10.5,215.0,2.5,2,2100,0,0,0,0,1,0

FINAL,D21-Z,21,D,3
IF,CD21,2.401764,102.346386,VMK,35.1,10.5,2,2100,0,0,0,0,0,0
CF,FF21,2.360661,102.317656,0,VMK,35.1,7.5,215.0,3.0,2,2100,0,0,0,0,2,0
CF,MA21,2.285611,102.265203,0,VMK,35.1,2.0,215.0,5.5,1,355,0,0,0,0,3,0
CA,0,215.0,2,2000,0,0,0,0,0,0
DF,VMK,2.258208,102.246053,1, ,0.0,0.0,2,5000,0,0,0,0,0,0
HM,VMK,2.258208,102.246053,2, ,0.0,0.0,355.0,04.3,2,5000,0,0,0,0,0,0,0

APPTR,I03-Y,03,VMK
IF,VMK,2.258208,102.246053, ,0.0,0.0,2,3500,0,0,0,0,0,0
TF,D210F,2.171178,102.196106,0, ,0.0,0.0,0.0,0.0,0,0,0,0,0,0,0,0
FC,D210F,2.171178,102.196106,0,VMK,0.0,0.0,254.0,4.4,0,0,0,0,0,0,0,1
CF,CF03,2.150742,102.186717,1,IKKM,210.1,8.6,30.0,3.0,2,1600,0,0,0,0,1,0

FINAL,I03-Y,03,I,3
IF,CF03,2.150742,102.186717,IKKM,210.1,8.6,2,1600,0,0,0,0,0,0
CF,FF03,2.187719,102.207989,0,IKKM,210.1,6.1,30.0,2.6,1,1600,0,0,0,0,2,0
CF,RW03,2.257211,102.247972,0,IKKM,210.1,1.3,30.0,4.8,1,74,0,0,0,0,3,0
CA,0,30.0,2,1500,0,0,0,0,0,0
DF,VMK,2.258208,102.246053,2, ,0.0,0.0,2,3500,0,1,220,0,0,0
HM,VMK,2.258208,102.246053,2, ,0.0,0.0,209.0,04.3,2,3500,0,0,0,0,0,0,0

APPTR,I03-Z,03,KAGPA
IF,KAGPA,2.078261,102.145022, ,0.0,0.0,2,3000,0,0,0,0,1,0
TF,CF03,2.150742,102.186717,0,IKKM,0.0,0.0,0.0,0.0,2,1600,0,0,0,0,1,0

FINAL,I03-Z,03,I,3
IF,CF03,2.150742,102.186717,IKKM,210.1,8.6,2,1600,0,0,0,0,0,0
CF,FF03,2.187719,102.207989,0,IKKM,210.1,6.1,30.0,2.6,1,1600,0,0,0,0,2,0
CF,RW03,2.257211,102.247972,0,IKKM,210.1,1.3,30.0,4.8,1,74,0,0,0,0,3,0
CA,0,30.0,2,1500,0,0,0,0,0,0
DF,ATLUS,2.126203,102.418175,2, ,0.0,0.0,2,5000,0,1,230,0,0,0
HM,ATLUS,2.126203,102.418175,1, ,0.0,0.0,307.0,04.3,2,5000,0,1,230,0,0,0,0

APPTR,R03-Y,03,EMRUN
IF,EMRUN,2.027856,102.231433, ,0.0,0.0,2,4000,0,0,0,0,1,0
TF,KAGPA,2.078261,102.145022,0, ,0.0,0.0,0.0,0.0,2,3000,0,0,0,0,0,0
TF,KM509,2.150742,102.186717,0, ,0.0,0.0,0.0,0.0,2,1600,0,0,0,0,1,0

APPTR,R03-Y,03,KAGPA
IF,KAGPA,2.078261,102.145022, ,0.0,0.0,2,3000,0,0,0,0,1,0
TF,KM509,2.150742,102.186717,0, ,0.0,0.0,0.0,0.0,2,1600,0,0,0,0,1,0

APPTR,R03-Y,03,OMKER
IF,OMKER,2.128661,102.058606, ,0.0,0.0,2,4000,0,0,0,0,1,0
TF,KAGPA,2.078261,102.145022,0, ,0.0,0.0,0.0,0.0,2,3000,0,0,0,0,0,0
TF,KM509,2.150742,102.186717,0, ,0.0,0.0,0.0,0.0,2,1600,0,0,0,0,1,0

FINAL,R03-Y,03,R,3
IF,KM509,2.150742,102.186717, ,0.0,0.0,2,1600,0,0,0,0,0,0
TF,FF03,2.187719,102.207989,0, ,0.0,0.0,30.0,2.6,2,1600,0,0,0,0,2,0
TF,RW03,2.257211,102.247972,0, ,0.0,0.0,30.0,4.8,1,74,0,0,0,0,3,1
VA,0,30.0,2,1500,0,0,0,0,0,0
DF,IRMOV,2.155394,102.292128,2, ,0.0,0.0,2,5000,0,1,220,0,0,0
HM,IRMOV,2.155394,102.292128,1, ,0.0,0.0,209.0,04.3,2,5000,0,1,230,0,0,0,0

APPTR,R21-Y,21,KM507
IF,KM507,2.457892,102.251228, ,0.0,0.0,2,3300,0,0,0,0,1,0
TF,NIVOB,2.408850,102.335375,0, ,0.0,0.0,0.0,0.0,2,2100,0,0,0,0,1,0

APPTR,R21-Y,21,KM508
IF,KM508,2.359792,102.419536, ,0.0,0.0,2,3300,0,0,0,0,1,0
TF,NIVOB,2.408850,102.335375,0, ,0.0,0.0,0.0,0.0,2,2100,0,0,0,0,1,0

FINAL,R21-Y,21,R,3
IF,NIVOB,2.408850,102.335375, ,0.0,0.0,2,2100,0,0,0,0,0,0
TF,FR21,2.365375,102.310331,0, ,0.0,0.0,210.0,3.0,2,2100,0,0,0,0,2,0
TF,RW21,2.273914,102.257600,0, ,0.0,0.0,210.0,6.3,1,89,0,0,0,0,3,1
VA,0,210.0,2,1500,0,0,0,0,0,0
DF,RUVEX,2.258367,102.361075,1, ,0.0,0.0,2,5000,0,1,220,0,0,0
HM,RUVEX,2.258367,102.361075,2, ,0.0,0.0,30.0,04.3,2,5000,0,1,230,0,0,0,0

