SID,ATIM1L,15,5
CF,SA631,3.065403,101.587603,0,VBA,153.1,17.4,150.0,3.5,0,0,0,0,0,0,0,0
TF,SA632,2.995194,101.469064,0, ,0.0,0.0,0.0,0.0,2,2500,0,1,210,0,0,0
TF,SA633,2.998219,101.297625,0, ,0.0,0.0,0.0,0.0,0,0,0,0,0,0,0,0
TF,SADGI,3.001492,101.110558,0, ,0.0,0.0,0.0,0.0,0,0,0,0,0,0,0,0
TF,RUPDO,3.233836,100.979761,0, ,0.0,0.0,0.0,0.0,0,0,0,0,0,0,0,0
TF,ATIMU,3.671544,100.981181,0, ,0.0,0.0,0.0,0.0,0,0,0,0,0,0,0,0

SID,BATA2L,15,2
CA,0,150.0,2,1000,0,0,0,0,0,0
CR,2,VBA,180.0,270.0,2,2500,0,0,0,0,0,0
CD, ,0,0,0,VBA,0,0.0,180.0,40.0,0,0,0,0,0,0,0,0
CI,0, ,0.0,120.0,0,0,0,0,0,0,0,0
CF,BATAR,2.166700,102.083300,0,VKL,148.1,39.2,148.0,13.0,0,0,0,0,0,0,0,0

SID,BATA2N,33,2
CA,0,330.0,2,1500,0,0,0,0,0,0
CD, ,0,0,0,VBA,0,0.0,270.0,10.0,2,2500,0,0,0,0,0,0
CR,0,VKL,280.0,180.0,0,0,0,0,0,0,0,0
CI,0, ,0.0,123.0,0,0,0,0,0,0,0,0
CF,BATAR,2.166700,102.083300,0,VKL,148.1,39.2,148.0,23.0,0,0,0,0,0,0,0,0

SID,BIKD1L,15,5
CF,SA631,3.065403,101.587603,0,VBA,153.1,17.4,150.0,3.5,0,0,0,0,0,0,0,0
TF,SA640,3.106014,101.669022,0, ,0.0,0.0,0.0,0.0,2,2500,0,1,210,0,0,0
TF,SA634,3.140228,101.737628,0, ,0.0,0.0,0.0,0.0,0,0,0,0,0,0,0,0
TF,SA635,3.604961,101.727939,0, ,0.0,0.0,0.0,0.0,0,0,0,0,0,0,0,0
TF,BIKDU,3.843717,101.418814,0, ,0.0,0.0,0.0,0.0,0,0,0,0,0,0,0,0

SID,IBUK1L,15,5
CF,SA631,3.065403,101.587603,0,VBA,153.1,17.4,150.0,3.5,0,0,0,0,0,0,0,0
TF,SA632,2.995194,101.469064,0, ,0.0,0.0,0.0,0.0,2,2500,0,1,210,0,0,0
TF,SA633,2.998219,101.297625,0, ,0.0,0.0,0.0,0.0,0,0,0,0,0,0,0,0
TF,SADGI,3.001492,101.110558,0, ,0.0,0.0,0.0,0.0,0,0,0,0,0,0,0,0
TF,RUPDO,3.233836,100.979761,0, ,0.0,0.0,0.0,0.0,0,0,0,0,0,0,0,0
TF,IBUKU,3.591614,100.778297,0, ,0.0,0.0,0.0,0.0,0,0,0,0,0,0,0,0

SID,KIMA1L,15,5
CF,SA631,3.065403,101.587603,0,VBA,153.1,17.4,150.0,3.5,0,0,0,0,0,0,0,0
TF,SA640,3.106014,101.669022,0, ,0.0,0.0,0.0,0.0,2,2500,0,1,210,0,0,0
TF,SA634,3.140228,101.737628,0, ,0.0,0.0,0.0,0.0,0,0,0,0,0,0,0,0
TF,SA636,3.000614,101.937442,0, ,0.0,0.0,0.0,0.0,0,0,0,0,0,0,0,0
TF,SA637,3.034481,102.023953,0, ,0.0,0.0,0.0,0.0,0,0,0,0,0,0,0,0
TF,KIMAT,3.162200,102.350600,0, ,0.0,0.0,0.0,0.0,0,0,0,0,0,0,0,0

SID,KIMA2L,15,2
CA,0,150.0,2,1000,0,0,0,0,0,0
CR,0,VBA,138.0,90.0,2,2500,0,0,0,0,0,0
CI,0, ,0.0,90.0,0,0,0,0,0,0,0,0
CF,KIMAT,3.162200,102.350600,0,VKL,54.6,45.1,55.0,6.0,0,0,0,0,0,0,0,0

SID,MITO1L,15,5
CF,SA631,3.065403,101.587603,0,VBA,153.1,17.4,150.0,3.5,0,0,0,0,0,0,0,0
TF,SA640,3.106014,101.669022,0, ,0.0,0.0,0.0,0.0,2,2500,0,1,210,0,0,0
TF,SA634,3.140228,101.737628,0, ,0.0,0.0,0.0,0.0,0,0,0,0,0,0,0,0
TF,SA636,3.000614,101.937442,0, ,0.0,0.0,0.0,0.0,0,0,0,0,0,0,0,0
TF,SA638,2.676983,102.127656,0, ,0.0,0.0,0.0,0.0,0,0,0,0,0,0,0,0
TF,SA639,2.558722,102.197133,0, ,0.0,0.0,0.0,0.0,0,0,0,0,0,0,0,0
TF,MITOS,1.975000,102.102800,0, ,0.0,0.0,0.0,0.0,0,0,0,0,0,0,0,0

SID,MITO2L,15,2
CA,0,150.0,2,1000,0,0,0,0,0,0
CR,2,VBA,180.0,270.0,2,2500,0,0,0,0,0,0
CD, ,0,0,0,VBA,0,0.0,180.0,40.0,0,0,0,0,0,0,0,0
CI,0, ,0.0,130.0,0,0,0,0,0,0,0,0
CF,MITOS,1.975000,102.102800,0,VKL,153.9,49.8,154.0,15.0,0,0,0,0,0,0,0,0

SID,MITO2N,33,2
CA,0,330.0,2,1500,0,0,0,0,0,0
CD, ,0,0,0,VBA,0,0.0,270.0,10.0,2,2500,0,0,0,0,0,0
CR,0,VKL,280.0,180.0,0,0,0,0,0,0,0,0
CI,0, ,0.0,130.0,0,0,0,0,0,0,0,0
CF,MITOS,1.975000,102.102800,0,VKL,153.9,49.8,154.0,28.0,0,0,0,0,0,0,0,0

SID,PIBO1L,15,5
CF,SA631,3.065403,101.587603,0,VBA,153.1,17.4,150.0,3.5,0,0,0,0,0,0,0,0
TF,SA640,3.106014,101.669022,0, ,0.0,0.0,0.0,0.0,2,2500,0,1,210,0,0,0
TF,SA634,3.140228,101.737628,0, ,0.0,0.0,0.0,0.0,0,0,0,0,0,0,0,0
TF,PIBOS,3.351700,102.054400,0, ,0.0,0.0,0.0,0.0,0,0,0,0,0,0,0,0

SID,PIBO2L,15,2
CA,0,150.0,2,1000,0,0,0,0,0,0
CR,1,VBA,138.0,45.0,2,2500,0,0,0,0,0,0
CI,0, ,0.0,45.0,0,0,0,0,0,0,0,0
CF,PIBOS,3.351700,102.054400,0,VBA,87.4,35.9,88.0,14.0,0,0,0,0,0,0,0,0

SID,PUGE1L,15,5
CF,SA631,3.065403,101.587603,0,VBA,153.1,17.4,150.0,3.5,0,0,0,0,0,0,0,0
TF,SA632,2.995194,101.469064,0, ,0.0,0.0,0.0,0.0,2,2500,0,1,210,0,0,0
TF,SA633,2.998219,101.297625,0, ,0.0,0.0,0.0,0.0,0,0,0,0,0,0,0,0
TF,SADGI,3.001492,101.110558,0, ,0.0,0.0,0.0,0.0,0,0,0,0,0,0,0,0
TF,RUPDO,3.233836,100.979761,0, ,0.0,0.0,0.0,0.0,0,0,0,0,0,0,0,0
TF,PUGER,3.399722,100.291944,0, ,0.0,0.0,0.0,0.0,0,0,0,0,0,0,0,0

SID,PUGE2L,15,2
CA,0,150.0,2,1000,0,0,0,0,0,0
CR,2,VBA,180.0,325.0,2,2500,0,0,0,0,0,0
CI,0, ,0.0,325.0,0,0,0,0,0,0,0,0
IF,VBA,3.324806,101.456917, ,0.0,0.0,0,0,0,0,0,0,0,0
TF,PUGER,3.399722,100.291944,0, ,0.0,0.0,0.0,0.0,0,0,0,0,0,0,0,0

SID,PUGE2N,33,2
CA,0,330.0,2,1500,0,0,0,0,0,0
CF,D274J,3.335875,101.290631,0,VBA,273.8,10.0,304.0,18.0,2,2500,0,0,0,0,0,0
TF,PUGER,3.399722,100.291944,0, ,0.0,0.0,0.0,0.0,0,0,0,0,0,0,0,0

SID,PULI2L,15,2
CA,0,150.0,2,1000,0,0,0,0,0,0
CR,1,VBA,138.0,15.0,2,2500,0,0,0,0,0,0
CI,0, ,0.0,15.0,0,0,0,0,0,0,0,0
CF,PULIP,3.673300,101.896700,0,VBA,51.7,33.6,52.0,14.0,0,0,0,0,0,0,0,0

SID,PULI2N,33,2
CA,0,330.0,2,2500,0,0,0,0,0,0
CI,0, ,0.0,22.0,0,0,0,0,0,0,0,0
CF,PULIP,3.673300,101.896700,0,VBA,51.7,33.6,52.0,23.0,0,0,0,0,0,0,0,0

SID,RUSB1L,15,5
CF,SA631,3.065403,101.587603,0,VBA,153.1,17.4,150.0,3.5,0,0,0,0,0,0,0,0
TF,SA640,3.106014,101.669022,0, ,0.0,0.0,0.0,0.0,2,2500,0,1,210,0,0,0
TF,SA634,3.140228,101.737628,0, ,0.0,0.0,0.0,0.0,0,0,0,0,0,0,0,0
TF,SA636,3.000614,101.937442,0, ,0.0,0.0,0.0,0.0,0,0,0,0,0,0,0,0
TF,SA638,2.676983,102.127656,0, ,0.0,0.0,0.0,0.0,0,0,0,0,0,0,0,0
TF,SA639,2.558722,102.197133,0, ,0.0,0.0,0.0,0.0,0,0,0,0,0,0,0,0
TF,RUSBU,2.022978,102.511697,0, ,0.0,0.0,0.0,0.0,0,0,0,0,0,0,0,0

SID,SALA1L,15,5
CF,SA631,3.065403,101.587603,0,VBA,153.1,17.4,150.0,3.5,0,0,0,0,0,0,0,0
TF,SA640,3.106014,101.669022,0, ,0.0,0.0,0.0,0.0,2,2500,0,1,210,0,0,0
TF,SA634,3.140228,101.737628,0, ,0.0,0.0,0.0,0.0,0,0,0,0,0,0,0,0
TF,SA636,3.000614,101.937442,0, ,0.0,0.0,0.0,0.0,0,0,0,0,0,0,0,0
TF,SA638,2.676983,102.127656,0, ,0.0,0.0,0.0,0.0,0,0,0,0,0,0,0,0
TF,SA639,2.558722,102.197133,0, ,0.0,0.0,0.0,0.0,0,0,0,0,0,0,0,0
TF,DUMOK,2.299200,102.004200,0, ,0.0,0.0,0.0,0.0,0,0,0,0,0,0,0,0
TF,SALAX,2.206700,101.563300,0, ,0.0,0.0,0.0,0.0,0,0,0,0,0,0,0,0

SID,SALA2L,15,2
CA,0,150.0,2,1000,0,0,0,0,0,0
CR,2,VBA,180.0,270.0,2,2500,0,0,0,0,0,0
CD, ,0,0,0,VBA,0,0.0,180.0,40.0,0,0,0,0,0,0,0,0
CI,0, ,0.0,150.0,0,0,0,0,0,0,0,0
CF,SALAX,2.206700,101.563300,0,VKL,198.8,32.7,199.0,11.0,0,0,0,0,0,0,0,0

SID,SALA2N,33,2
CA,0,330.0,2,1500,0,0,0,0,0,0
CD, ,0,0,0,VBA,0,0.0,270.0,10.0,2,2500,0,0,0,0,0,0
CR,0,VKL,280.0,180.0,0,0,0,0,0,0,0,0
CI,0, ,0.0,140.0,0,0,0,0,0,0,0,0
CF,SALAX,2.206700,101.563300,0,VKL,198.8,32.7,199.0,20.0,0,0,0,0,0,0,0,0

SID,SUB150,15,2
DF,DER15,3.115886,101.558031,0, ,0.0,0.0,0,0,0,0,0,0,0,1
VA,0,150.0,2,2000,0,0,0,0,0,0
VM,0,0,0,150.0,0,0,0,0,0,0,0,0

SID,SUB330,33,2
DF,DER33,3.145358,101.540764,0, ,0.0,0.0,0,0,0,0,0,0,0,1
VA,0,330.0,2,2000,0,0,0,0,0,0
VM,0,0,0,330.0,0,0,0,0,0,0,0,0

SID,SUKA2L,15,2
CA,0,150.0,2,1000,0,0,0,0,0,0
CR,2,VBA,180.0,325.0,2,2500,0,0,0,0,0,0
CI,0, ,0.0,325.0,0,0,0,0,0,0,0,0
CF,SUKAT,3.590300,101.020000,0,VBA,301.2,30.6,301.0,16.0,0,0,0,0,0,0,0,0

SID,SUKA2N,33,2
CA,0,330.0,2,1500,0,0,0,0,0,0
CI,0, ,0.0,330.0,0,0,0,0,0,0,0,0
CF,D301J,3.411492,101.314319,0,VBA,301.2,10.0,301.0,9.0,2,2500,0,0,0,0,0,0
TF,SUKAT,3.590300,101.020000,0, ,0.0,0.0,0.0,0.0,0,0,0,0,0,0,0,0

STAR,CE1,DAKUS,1
IF,DAKUS,3.803900,101.317500, ,0.0,0.0,0,0,0,0,0,0,0,0
TF,D344O,3.565939,101.386764,0, ,0.0,0.0,0.0,0.0,2,6000,0,0,0,0,0,0
TF,D344C,3.373031,101.442889,0, ,0.0,0.0,0.0,0.0,2,3000,0,0,0,0,0,1
TF,CE,3.295083,101.451917,0, ,0.0,0.0,0.0,0.0,2,2500,0,0,0,0,0,0

STAR,CE1,GOBAS,1
IF,GOBAS,3.356400,100.956100, ,0.0,0.0,0,0,0,0,0,0,0,0
TF,D273T,3.345603,101.127597,0, ,0.0,0.0,0.0,0.0,2,7000,0,0,0,0,0,0
TF,D273C,3.327961,101.407019,0, ,0.0,0.0,0.0,0.0,2,3000,0,0,0,0,0,1
TF,CE,3.295083,101.451917,0, ,0.0,0.0,0.0,0.0,2,2500,0,0,0,0,0,0

STAR,CE1,PIBOS,1
IF,PIBOS,3.351700,102.054400, ,0.0,0.0,0,0,0,0,0,0,0,0
TF,VB29A,3.346642,101.939711,0, ,0.0,0.0,0.0,0.0,2,9000,0,0,0,0,0,0
TF,VBA15,3.336131,101.706636,0, ,0.0,0.0,0.0,0.0,2,7200,0,0,0,0,0,0
TF,VBA11,3.333117,101.640042,0, ,0.0,0.0,0.0,0.0,2,6000,0,0,0,0,0,0
TF,VBA04,3.327831,101.523506,0, ,0.0,0.0,0.0,0.0,2,3700,0,0,0,0,0,0
TF,D088B,3.325939,101.481886,0, ,0.0,0.0,0.0,0.0,0,0,0,0,0,0,0,1
CF,CE,3.295083,101.451917,0,VBA,189.6,1.8,179.0,2.0,2,2500,0,1,180,0,0,0

STAR,CE1,PULIP,1
IF,PULIP,3.673300,101.896700, ,0.0,0.0,0,0,0,0,0,0,0,0
TF,VB22A,3.553017,101.744792,0, ,0.0,0.0,0.0,0.0,2,10000,0,0,0,0,0,0
TF,VB15A,3.480414,101.653181,0, ,0.0,0.0,0.0,0.0,2,7200,0,0,0,0,0,0
TF,VB11A,3.438922,101.600836,0, ,0.0,0.0,0.0,0.0,2,6000,0,0,0,0,0,0
TF,VBA05,3.376678,101.522331,0, ,0.0,0.0,0.0,0.0,2,3700,0,0,0,0,0,0
TF,VBA,3.324806,101.456917,0, ,0.0,0.0,0.0,0.0,0,0,0,0,0,0,0,1
CF,CE,3.295083,101.451917,0,VBA,189.6,1.8,149.0,1.0,2,2500,0,1,180,0,0,0

STAR,CE1,SAROX,1
IF,SAROX,2.800600,102.671900, ,0.0,0.0,0,0,0,0,0,0,0,0
TF,VBA39,3.067350,102.054156,0, ,0.0,0.0,0.0,0.0,2,13000,0,0,0,0,0,0
TF,VBA21,3.186219,101.778542,0, ,0.0,0.0,0.0,0.0,2,7000,0,0,0,0,0,0
TF,VBA12,3.245625,101.640714,0, ,0.0,0.0,0.0,0.0,2,5300,0,0,0,0,0,0
TF,VB04A,3.298414,101.518183,0, ,0.0,0.0,0.0,0.0,2,3700,0,0,0,0,0,0
TF,D113B,3.314908,101.479892,0, ,0.0,0.0,0.0,0.0,0,0,0,0,0,0,0,1
CF,CE,3.295083,101.451917,1,VBA,189.6,1.8,179.0,1.0,2,2500,0,1,180,0,0,0

STAR,CE1,SUKAT,1
IF,SUKAT,3.590300,101.020000, ,0.0,0.0,0,0,0,0,0,0,0,0
TF,D301P,3.463486,101.228744,0, ,0.0,0.0,0.0,0.0,2,7000,0,0,0,0,0,0
TF,D301C,3.350811,101.414139,0, ,0.0,0.0,0.0,0.0,2,3000,0,0,0,0,0,1
TF,CE,3.295083,101.451917,0, ,0.0,0.0,0.0,0.0,2,2500,0,0,0,0,0,0

STAR,CE1,VKL,1
IF,VKL,2.724444,101.738056, ,0.0,0.0,0,0,0,0,0,0,0,0
TF,VKL14,2.923289,101.614469,0, ,0.0,0.0,0.0,0.0,2,11000,0,0,0,0,0,0
TF,VKL29,3.136322,101.482006,0, ,0.0,0.0,0.0,0.0,2,6500,0,0,0,0,0,0
TF,VKL38,3.264133,101.402503,0, ,0.0,0.0,0.0,0.0,2,3500,0,0,0,0,0,1
CF,CE,3.295083,101.451917,2,VBA,189.6,1.8,119.0,1.0,2,2500,0,1,210,0,0,0

STAR,CE1,ALL,2
IF,CE,3.295083,101.451917, ,0.0,0.0,2,2500,0,0,0,0,0,0

STAR,GUPT1M,15,5
IF,GUPTA,2.163300,102.641700, ,0.0,0.0,0,0,0,0,0,0,0,0
TF,SA623,2.390503,102.084542,0, ,0.0,0.0,0.0,0.0,0,0,0,0,0,0,0,0
TF,SA622,2.605069,101.861931,0, ,0.0,0.0,0.0,0.0,0,0,0,0,0,0,0,0
TF,SA621,2.724400,101.738114,0, ,0.0,0.0,0.0,0.0,0,0,0,0,0,0,0,0
TF,SA620,3.194706,101.608172,0, ,0.0,0.0,0.0,0.0,2,7000,0,1,230,0,0,0
TF,SA606,3.338939,101.523669,0, ,0.0,0.0,0.0,0.0,0,0,0,0,0,0,0,0
TF,SA607,3.404047,101.485522,0, ,0.0,0.0,0.0,0.0,0,0,0,0,0,0,0,0
TF,SA608,3.476172,101.443261,0, ,0.0,0.0,0.0,0.0,0,0,0,1,210,0,0,0
TF,SA609,3.548297,101.400997,0, ,0.0,0.0,0.0,0.0,0,0,0,0,0,0,0,0
TF,SA610,3.505825,101.329217,0, ,0.0,0.0,0.0,0.0,0,0,0,0,0,0,0,0
TF,SA611,3.433700,101.371486,0, ,0.0,0.0,0.0,0.0,2,4000,0,0,0,0,0,0
TF,SA612,3.295083,101.451911,0, ,0.0,0.0,0.0,0.0,2,2500,0,0,0,0,0,0

STAR,KAKA1M,15,5
IF,KAKAK,3.769358,101.229694, ,0.0,0.0,0,0,0,0,0,0,0,0
TF,SA601,3.662889,101.430522,0, ,0.0,0.0,0.0,0.0,0,0,0,0,0,0,0,0
TF,SA602,3.590761,101.472783,0, ,0.0,0.0,0.0,0.0,0,0,0,0,0,0,0,0
TF,SA603,3.518633,101.515039,0, ,0.0,0.0,0.0,0.0,2,8000,0,0,0,0,0,0
TF,SA604,3.446511,101.557292,0, ,0.0,0.0,0.0,0.0,0,0,0,0,0,0,0,0
TF,SA605,3.381400,101.595431,0, ,0.0,0.0,0.0,0.0,0,0,0,1,230,0,0,0
TF,SA606,3.338939,101.523669,0, ,0.0,0.0,0.0,0.0,0,0,0,0,0,0,0,0
TF,SA607,3.404047,101.485522,0, ,0.0,0.0,0.0,0.0,0,0,0,0,0,0,0,0
TF,SA608,3.476172,101.443261,0, ,0.0,0.0,0.0,0.0,0,0,0,1,210,0,0,0
TF,SA609,3.548297,101.400997,0, ,0.0,0.0,0.0,0.0,0,0,0,0,0,0,0,0
TF,SA610,3.505825,101.329217,0, ,0.0,0.0,0.0,0.0,0,0,0,0,0,0,0,0
TF,SA611,3.433700,101.371486,0, ,0.0,0.0,0.0,0.0,2,4000,0,0,0,0,0,0
TF,SA612,3.295083,101.451911,0, ,0.0,0.0,0.0,0.0,2,2500,0,0,0,0,0,0

STAR,NIRE1M,15,5
IF,NIREN,3.501031,100.548594, ,0.0,0.0,0,0,0,0,0,0,0,0
TF,BORDU,3.345375,100.894200,0, ,0.0,0.0,0.0,0.0,0,0,0,0,0,0,0,0
TF,SA601,3.662889,101.430522,0, ,0.0,0.0,0.0,0.0,0,0,0,0,0,0,0,0
TF,SA602,3.590761,101.472783,0, ,0.0,0.0,0.0,0.0,0,0,0,0,0,0,0,0
TF,SA603,3.518633,101.515039,0, ,0.0,0.0,0.0,0.0,2,8000,0,0,0,0,0,0
TF,SA604,3.446511,101.557292,0, ,0.0,0.0,0.0,0.0,0,0,0,0,0,0,0,0
TF,SA605,3.381400,101.595431,0, ,0.0,0.0,0.0,0.0,0,0,0,1,230,0,0,0
TF,SA606,3.338939,101.523669,0, ,0.0,0.0,0.0,0.0,0,0,0,0,0,0,0,0
TF,SA607,3.404047,101.485522,0, ,0.0,0.0,0.0,0.0,0,0,0,0,0,0,0,0
TF,SA608,3.476172,101.443261,0, ,0.0,0.0,0.0,0.0,0,0,0,1,210,0,0,0
TF,SA609,3.548297,101.400997,0, ,0.0,0.0,0.0,0.0,0,0,0,0,0,0,0,0
TF,SA610,3.505825,101.329217,0, ,0.0,0.0,0.0,0.0,0,0,0,0,0,0,0,0
TF,SA611,3.433700,101.371486,0, ,0.0,0.0,0.0,0.0,2,4000,0,0,0,0,0,0
TF,SA612,3.295083,101.451911,0, ,0.0,0.0,0.0,0.0,2,2500,0,0,0,0,0,0

STAR,PUGE1M,15,5
IF,PUGER,3.399722,100.291944, ,0.0,0.0,0,0,0,0,0,0,0,0
TF,BORDU,3.345375,100.894200,0, ,0.0,0.0,0.0,0.0,0,0,0,0,0,0,0,0
TF,SA601,3.662889,101.430522,0, ,0.0,0.0,0.0,0.0,0,0,0,0,0,0,0,0
TF,SA602,3.590761,101.472783,0, ,0.0,0.0,0.0,0.0,0,0,0,0,0,0,0,0
TF,SA603,3.518633,101.515039,0, ,0.0,0.0,0.0,0.0,2,8000,0,0,0,0,0,0
TF,SA604,3.446511,101.557292,0, ,0.0,0.0,0.0,0.0,0,0,0,0,0,0,0,0
TF,SA605,3.381400,101.595431,0, ,0.0,0.0,0.0,0.0,0,0,0,1,230,0,0,0
TF,SA606,3.338939,101.523669,0, ,0.0,0.0,0.0,0.0,0,0,0,0,0,0,0,0
TF,SA607,3.404047,101.485522,0, ,0.0,0.0,0.0,0.0,0,0,0,0,0,0,0,0
TF,SA608,3.476172,101.443261,0, ,0.0,0.0,0.0,0.0,0,0,0,1,210,0,0,0
TF,SA609,3.548297,101.400997,0, ,0.0,0.0,0.0,0.0,0,0,0,0,0,0,0,0
TF,SA610,3.505825,101.329217,0, ,0.0,0.0,0.0,0.0,0,0,0,0,0,0,0,0
TF,SA611,3.433700,101.371486,0, ,0.0,0.0,0.0,0.0,2,4000,0,0,0,0,0,0
TF,SA612,3.295083,101.451911,0, ,0.0,0.0,0.0,0.0,2,2500,0,0,0,0,0,0

STAR,PULI1M,15,5
IF,PULIP,3.673300,101.896700, ,0.0,0.0,0,0,0,0,0,0,0,0
TF,SA603,3.518633,101.515039,0, ,0.0,0.0,0.0,0.0,2,8000,0,0,0,0,0,0
TF,SA604,3.446511,101.557292,1, ,0.0,0.0,0.0,0.0,0,0,0,0,0,0,0,0
TF,SA605,3.381400,101.595431,0, ,0.0,0.0,0.0,0.0,0,0,0,1,230,0,0,0
TF,SA606,3.338939,101.523669,0, ,0.0,0.0,0.0,0.0,0,0,0,0,0,0,0,0
TF,SA607,3.404047,101.485522,0, ,0.0,0.0,0.0,0.0,0,0,0,0,0,0,0,0
TF,SA608,3.476172,101.443261,0, ,0.0,0.0,0.0,0.0,0,0,0,1,210,0,0,0
TF,SA609,3.548297,101.400997,0, ,0.0,0.0,0.0,0.0,0,0,0,0,0,0,0,0
TF,SA610,3.505825,101.329217,0, ,0.0,0.0,0.0,0.0,0,0,0,0,0,0,0,0
TF,SA611,3.433700,101.371486,0, ,0.0,0.0,0.0,0.0,2,4000,0,0,0,0,0,0
TF,SA612,3.295083,101.451911,0, ,0.0,0.0,0.0,0.0,2,2500,0,0,0,0,0,0

STAR,SALA1M,15,5
IF,SALAX,2.206700,101.563300, ,0.0,0.0,0,0,0,0,0,0,0,0
TF,SA621,2.724400,101.738114,0, ,0.0,0.0,0.0,0.0,0,0,0,0,0,0,0,0
TF,SA620,3.194706,101.608172,0, ,0.0,0.0,0.0,0.0,2,7000,0,1,230,0,0,0
TF,SA606,3.338939,101.523669,0, ,0.0,0.0,0.0,0.0,0,0,0,0,0,0,0,0
TF,SA607,3.404047,101.485522,0, ,0.0,0.0,0.0,0.0,0,0,0,0,0,0,0,0
TF,SA608,3.476172,101.443261,0, ,0.0,0.0,0.0,0.0,0,0,0,1,210,0,0,0
TF,SA609,3.548297,101.400997,0, ,0.0,0.0,0.0,0.0,0,0,0,0,0,0,0,0
TF,SA610,3.505825,101.329217,0, ,0.0,0.0,0.0,0.0,0,0,0,0,0,0,0,0
TF,SA611,3.433700,101.371486,0, ,0.0,0.0,0.0,0.0,2,4000,0,0,0,0,0,0
TF,SA612,3.295083,101.451911,0, ,0.0,0.0,0.0,0.0,2,2500,0,0,0,0,0,0

STAR,SARO1M,15,5
IF,SAROX,2.800600,102.671900, ,0.0,0.0,0,0,0,0,0,0,0,0
TF,SA624,2.555678,102.190997,0, ,0.0,0.0,0.0,0.0,0,0,0,0,0,0,0,0
TF,SA622,2.605069,101.861931,0, ,0.0,0.0,0.0,0.0,0,0,0,0,0,0,0,0
TF,SA621,2.724400,101.738114,0, ,0.0,0.0,0.0,0.0,0,0,0,0,0,0,0,0
TF,SA620,3.194706,101.608172,0, ,0.0,0.0,0.0,0.0,2,7000,0,1,230,0,0,0
TF,SA606,3.338939,101.523669,0, ,0.0,0.0,0.0,0.0,0,0,0,0,0,0,0,0
TF,SA607,3.404047,101.485522,0, ,0.0,0.0,0.0,0.0,0,0,0,0,0,0,0,0
TF,SA608,3.476172,101.443261,0, ,0.0,0.0,0.0,0.0,0,0,0,1,210,0,0,0
TF,SA609,3.548297,101.400997,0, ,0.0,0.0,0.0,0.0,0,0,0,0,0,0,0,0
TF,SA610,3.505825,101.329217,0, ,0.0,0.0,0.0,0.0,0,0,0,0,0,0,0,0
TF,SA611,3.433700,101.371486,0, ,0.0,0.0,0.0,0.0,2,4000,0,0,0,0,0,0
TF,SA612,3.295083,101.451911,0, ,0.0,0.0,0.0,0.0,2,2500,0,0,0,0,0,0

FINAL,I15,15,I,3
IF,CE,3.295083,101.451917,ISB,329.2,12.5,2,2500,0,0,0,0,0,0
CF,FI15,3.253111,101.477667,0,ISB,329.5,9.6,150.0,3.0,1,2500,0,0,0,0,2,0
CF,RW15,3.145358,101.540764,0,ISB,329.3,2.1,150.0,7.5,1,123,0,0,0,0,3,0
CA,0,150.0,2,1000,0,0,0,0,0,0
CR,2,VBA,185.0,315.0,2,2500,0,1,210,0,0,0
CI,0, ,0.0,315.0,0,0,0,0,0,0,0,0
CF,RUKVU,3.225600,101.245600,0,VBA,245.0,14.0,245.0,6.0,2,3000,0,0,0,0,0,0
HM,RUKVU,3.225600,101.245600,2, ,0.0,0.0,65.0,04.3,2,3000,0,1,230,0,0,0,0

FINAL,Q15,15,N,3
IF,CE,3.295083,101.451917,CE,0.0,0.0,2,2500,0,0,0,0,0,0
CF,FQ15,3.252844,101.476997,0,CE,0.0,0.0,149.0,3.0,2,2500,0,0,0,0,2,0
CF,RW15,3.145358,101.540764,0,ISB,0.0,0.2,149.0,7.5,1,123,0,0,0,0,3,0
CA,0,149.0,2,1000,0,0,0,0,0,0
CR,2,VBA,185.0,315.0,2,2500,0,1,210,0,0,0
CI,0, ,0.0,315.0,0,0,0,0,0,0,0,0
CF,RUKVU,3.225600,101.245600,0,VBA,245.0,14.0,245.0,6.0,2,3000,0,0,0,0,0,0
HM,RUKVU,3.225600,101.245600,2, ,0.0,0.0,65.0,04.3,2,3000,0,1,230,0,0,0,0

FINAL,R15-Y,15,R,3
IF,SA612,3.295083,101.451911, ,0.0,0.0,2,2500,0,0,0,0,0,0
TF,SA613,3.260922,101.473089,0, ,0.0,0.0,148.0,2.4,2,2500,0,0,0,0,2,0
TF,RW15,3.145358,101.540764,0, ,0.0,0.0,150.0,8.0,1,123,0,0,0,0,3,1
TF,SA402,3.041169,101.601792,0, ,0.0,0.0,0.0,0.0,2,1500,0,1,210,0,0,0
TF,SA403,2.990197,101.515717,0, ,0.0,0.0,0.0,0.0,1,2000,0,1,210,0,0,0
TF,SA404,3.150014,101.410406,0, ,0.0,0.0,0.0,0.0,1,2000,0,0,0,0,0,0
TF,SA405,3.241892,101.349858,0, ,0.0,0.0,0.0,0.0,2,3000,0,0,0,0,0,0
TF,RUKVU,3.225600,101.245600,0, ,0.0,0.0,0.0,0.0,2,3000,0,0,0,0,0,0
HM,RUKVU,3.225600,101.245600,2, ,0.0,0.0,65.0,04.3,2,3000,0,1,230,0,0,0,0

FINAL,R33-Y,33,R,3
IF,SA614,2.982214,101.636331, ,0.0,0.0,2,2000,0,0,0,0,0,0
TF,SA615,3.025511,101.610969,0, ,0.0,0.0,330.0,3.0,2,2000,0,0,0,0,2,0
TF,RW33,3.115886,101.558031,0, ,0.0,0.0,330.0,6.3,1,145,0,0,0,0,3,1
TF,SA613,3.260922,101.473089,0, ,0.0,0.0,0.0,0.0,2,2000,0,0,0,0,0,0
TF,RUKVU,3.225600,101.245600,0, ,0.0,0.0,0.0,0.0,2,3000,0,0,0,0,0,0
HM,RUKVU,3.225600,101.245600,2, ,0.0,0.0,65.0,04.3,2,3000,0,1,230,0,0,0,0

