SID,ISMU1A,17,2
CA,0,166.0,2,500,0,0,0,0,0,0
CI,1, ,0.0,59.0,0,0,0,0,0,0,0,0
IF,SUI,-9.296186,125.287181, ,0.0,0.0,0,0,0,0,0,0,0,0
TF,ISMUD,-9.629581,126.449867,0, ,0.0,0.0,0.0,0.0,0,0,0,0,0,0,0,0

SID,KIKE1A,17,2
CA,0,166.0,2,500,0,0,0,0,0,0
CI,0, ,0.0,93.0,0,0,0,0,0,0,0,0
CF,KIKEM,-9.881700,126.123300,0,SUI,123.3,60.7,123.0,58.0,0,0,0,0,0,0,0,0

SID,SUI1A,17,2
CA,0,166.0,2,500,0,0,0,0,0,0
FD,SUI,-9.296186,125.287181,0,SUI,0.0,10.0,150.0,10.0,0,0,0,0,0,0,0,0
CI,0, ,0.0,150.0,0,0,0,0,0,0,0,0
AF,D221L,-9.443114,125.149164,2,SUI,221.0,12.0,150.0,2,7000,0,0,0,0,0,0
CF,SUI,-9.296186,125.287181,0,SUI,0.0,0.0,48.0,12.0,0,0,0,0,0,0,0,0

APPTR,D35,35,D058L
IF,D058L,-9.195672,125.462311, ,0.0,0.0,2,7500,0,0,0,0,1,0
AF,D145L,-9.464686,125.397403,2,SUI,145.0,12.0,58.0,2,3000,0,0,0,0,0,0
AF,D171L,-9.495622,125.311844,2,SUI,171.0,12.0,145.0,2,1700,0,0,0,0,0,0
CF,CF35,-9.474017,125.309172,0,SUI,171.0,10.7,351.0,1.3,2,1700,0,0,0,0,1,0

APPTR,D35,35,D145L
IF,D145L,-9.464686,125.397403, ,0.0,0.0,2,3000,0,0,0,0,1,0
AF,D171L,-9.495622,125.311844,2,SUI,171.0,12.0,145.0,2,1700,0,0,0,0,0,0
CF,CF35,-9.474017,125.309172,0,SUI,171.0,10.7,351.0,1.3,2,1700,0,0,0,0,1,0

APPTR,D35,35,IGESA
IF,IGESA,-9.104694,125.348492, ,0.0,0.0,2,11000,0,0,0,0,1,0
AF,D058L,-9.195672,125.462311,2,SUI,58.0,12.0,16.0,2,7500,0,0,0,0,0,0
AF,D145L,-9.464686,125.397403,2,SUI,145.0,12.0,58.0,2,3000,0,0,0,0,0,0
AF,D171L,-9.495622,125.311844,2,SUI,171.0,12.0,145.0,2,1700,0,0,0,0,0,0
CF,CF35,-9.474017,125.309172,0,SUI,171.0,10.7,351.0,1.3,2,1700,0,0,0,0,1,0

APPTR,D35,35,UGRID
IF,UGRID,-9.412158,125.452356, ,0.0,0.0,0,0,0,0,0,0,1,0
AF,D145L,-9.464686,125.397403,2,SUI,145.0,12.0,124.0,2,3000,0,0,0,0,0,0
AF,D171L,-9.495622,125.311844,2,SUI,171.0,12.0,145.0,2,1700,0,0,0,0,0,0
CF,CF35,-9.474017,125.309172,0,SUI,171.0,10.7,351.0,1.3,2,1700,0,0,0,0,1,0

FINAL,D35,35,D,3
IF,CF35,-9.474017,125.309172,SUI,171.0,10.7,2,1700,0,0,0,0,0,0
CF,FF35,-9.390917,125.298892,0,SUI,171.0,5.7,351.0,5.0,2,1700,0,0,0,0,2,0
CF,MA35,-9.332747,125.291700,0,SUI,171.0,2.2,351.0,3.5,1,596,0,0,0,0,3,0
CA,0,351.0,2,620,0,0,0,0,0,0
VI,2, ,0.0,154.0,0,0,0,1,160,0,0,0
CF,UGRID,-9.412158,125.452356,0,SUI,123.3,12.0,124.0,7.0,2,3900,0,0,0,0,0,0
HM,UGRID,-9.412158,125.452356,2, ,0.0,0.0,304.0,04.3,2,3900,0,0,0,0,0,0,0

APPTR,R35,35,IGESA
IF,IGESA,-9.104694,125.348492, ,0.0,0.0,2,11000,0,0,0,0,0,0
TF,EKOBA,-9.235611,125.392694,0, ,0.0,0.0,0.0,0.0,2,7500,0,0,0,0,0,0
TF,UGRID,-9.412158,125.452356,0, ,0.0,0.0,0.0,0.0,2,3900,0,0,0,0,0,0
TF,BITUG,-9.454558,125.402114,0, ,0.0,0.0,0.0,0.0,2,3000,0,0,0,0,1,0
TF,ISLOT,-9.443958,125.318472,0, ,0.0,0.0,0.0,0.0,2,1700,0,0,0,0,1,0

APPTR,R35,35,KIGEK
IF,KIGEK,-9.525653,125.336917, ,0.0,0.0,2,3000,0,0,0,0,1,0
TF,ISLOT,-9.443958,125.318472,0, ,0.0,0.0,0.0,0.0,2,1700,0,0,0,0,1,0

APPTR,R35,35,KIKEM
IF,KIKEM,-9.881700,126.123300, ,0.0,0.0,0,0,0,0,0,0,0,0
TF,UGRID,-9.412158,125.452356,0, ,0.0,0.0,0.0,0.0,2,3900,0,0,0,0,0,0
TF,BITUG,-9.454558,125.402114,0, ,0.0,0.0,0.0,0.0,2,3000,0,0,0,0,1,0
TF,ISLOT,-9.443958,125.318472,0, ,0.0,0.0,0.0,0.0,2,1700,0,0,0,0,1,0

APPTR,R35,35,NUGDO
IF,NUGDO,-9.489097,125.247453, ,0.0,0.0,2,3000,0,0,0,0,1,0
TF,ISLOT,-9.443958,125.318472,0, ,0.0,0.0,0.0,0.0,2,1700,0,0,0,0,1,0

FINAL,R35,35,R,3
IF,ISLOT,-9.443958,125.318472, ,0.0,0.0,2,1700,0,0,0,0,0,0
TF,DB419,-9.394942,125.307408,0, ,0.0,0.0,346.0,3.0,2,1700,0,0,0,0,2,0
TF,DB418,-9.334464,125.293767,0, ,0.0,0.0,346.0,3.7,1,601,0,0,0,0,3,1
DF,UGRID,-9.412158,125.452356,2, ,0.0,0.0,0,0,0,1,160,0,0,0
TF,BITUG,-9.454558,125.402114,0, ,0.0,0.0,0.0,0.0,2,3000,0,0,0,0,0,0

