APPTR,D05,05,BHI1
IF,BHI,-32.000667,141.479972, ,0.0,0.0,2,3100,0,0,0,0,1,0
FC,BHI,-32.000667,141.479972,0,BHI,0.0,0.0,255.0,7.0,0,0,0,1,210,0,0,1
CF,FF05,-32.043647,141.395931,1,BHI,231.0,5.0,51.0,2.0,2,2200,0,0,0,0,0,0

APPTR,D05,05,BHI2
IF,BHI,-32.000667,141.479972, ,0.0,0.0,2,3100,0,0,0,0,1,0
FC,BHI,-32.000667,141.479972,0,BHI,0.0,0.0,245.0,5.8,0,0,0,1,210,0,0,1
CF,FF05,-32.043647,141.395931,1,BHI,231.0,5.0,51.0,1.5,2,2200,0,0,0,0,0,0

APPTR,D05,05,D231J
IF,D231J,-32.086575,141.311811, ,0.0,0.0,2,3100,0,0,0,0,1,0
TF,D231G,-32.060825,141.362292,0, ,0.0,0.0,0.0,0.0,2,2840,0,0,0,0,0,0
TF,FF05,-32.043647,141.395931,0, ,0.0,0.0,0.0,0.0,2,2200,0,0,0,0,0,0

FINAL,D05,05,D,2
IF,FF05,-32.043647,141.395931,BHI,231.0,5.0,2,2200,0,0,0,0,2,0
CF,RW05,-32.009019,141.460922,0,BHI,234.8,1.1,51.0,3.9,1,957,0,0,0,0,3,0
CF,BHI,-32.000667,141.479972,0,BHI,0.0,0.0,51.0,1.1,0,0,0,0,0,0,0,1
CA,0,51.0,2,2700,0,0,0,0,0,0

APPTR,D23,23,BHI1
IF,BHI,-32.000667,141.479972, ,0.0,0.0,2,3100,0,0,0,0,1,0
FC,BHI,-32.000667,141.479972,0,BHI,0.0,0.0,74.0,5.3,0,0,0,1,210,0,0,1
CF,FF23,-31.946964,141.554997,1,BHI,42.0,5.0,222.0,1.0,2,2510,0,0,0,0,0,0

APPTR,D23,23,BHI2
IF,BHI,-32.000667,141.479972, ,0.0,0.0,2,3100,0,0,0,0,1,0
FC,BHI,-32.000667,141.479972,0,BHI,0.0,0.0,56.0,5.8,0,0,0,1,210,0,0,1
CF,FF23,-31.946964,141.554997,1,BHI,42.0,5.0,222.0,2.0,2,2510,0,0,0,0,0,0

APPTR,D23,23,D042J
IF,D042J,-31.893219,141.629939, ,0.0,0.0,2,3100,0,0,0,0,1,0
TF,FF23,-31.946964,141.554997,0, ,0.0,0.0,0.0,0.0,2,2510,0,0,0,0,0,0

FINAL,D23,23,D,2
IF,FF23,-31.946964,141.554997,BHI,42.0,5.0,2,2510,0,0,0,0,2,0
CF,RW23,-31.996308,141.482942,0,BHI,22.1,0.3,222.0,4.7,1,1008,0,0,0,0,3,0
CF,BHI,-32.000667,141.479972,0,BHI,0.0,0.0,222.0,0.3,0,0,0,0,0,0,0,1
CA,0,222.0,2,2700,0,0,0,0,0,0

APPTR,N05,05,BHI1
IF,BHI,-31.992028,141.468444, ,0.0,0.0,2,3100,0,0,0,0,1,0
FC,BHI,-31.992028,141.468444,0,BHI,0.0,0.0,242.0,5.3,0,0,0,1,210,0,0,1
CF,FN05,-32.061022,141.405128,1,BHI,218.6,5.3,30.0,1.0,2,2300,0,0,0,0,0,0

APPTR,N05,05,BHI2
IF,BHI,-31.992028,141.468444, ,0.0,0.0,2,3100,0,0,0,0,1,0
FC,BHI,-31.992028,141.468444,0,BHI,0.0,0.0,224.0,5.8,0,0,0,0,0,0,0,1
CF,FN05,-32.061022,141.405128,1,BHI,218.6,5.3,30.0,1.5,2,2300,0,0,0,0,0,0

FINAL,N05,05,N,2
IF,FN05,-32.061022,141.405128,BHI,0.0,0.0,2,2300,0,0,0,0,2,0
CF,BHI,-31.992028,141.468444,0,BHI,0.0,0.0,30.0,5.2,1,1480,0,0,0,0,3,0
CA,0,30.0,2,2700,0,0,0,0,0,0

APPTR,R05,05,BHIWD
IF,BHIWD,-32.186147,141.318053, ,0.0,0.0,2,2700,0,1,210,0,1,0
TF,BHIWI,-32.105161,141.294114,0, ,0.0,0.0,0.0,0.0,2,2700,0,0,0,0,1,0

APPTR,R05,05,BHIWE
IF,BHIWE,-32.151967,141.212842, ,0.0,0.0,2,2700,0,1,210,0,1,0
TF,BHIWI,-32.105161,141.294114,0, ,0.0,0.0,0.0,0.0,2,2700,0,0,0,0,1,0

APPTR,R05,05,BHIWG
IF,BHIWG,-32.056183,141.214672, ,0.0,0.0,2,2700,0,1,210,0,1,0
TF,BHIWI,-32.105161,141.294114,0, ,0.0,0.0,0.0,0.0,2,2700,0,0,0,0,1,0

FINAL,R05,05,R,3
IF,BHIWI,-32.105161,141.294114, ,0.0,0.0,2,2700,0,0,0,0,0,0
TF,BHIWF,-32.058358,141.375342,0, ,0.0,0.0,47.0,5.0,2,2640,0,0,0,0,2,0
TF,BHIWM,-32.011553,141.456531,0, ,0.0,0.0,47.0,5.0,1,1044,0,0,0,0,3,1
DF,BHIWH,-31.983444,141.505206,0, ,0.0,0.0,0,0,0,0,0,0,0,0
CA,0,47.0,2,2700,0,0,0,0,0,0

APPTR,R23,23,BHIEA
IF,BHIEA,-31.819044,141.625572, ,0.0,0.0,2,2700,0,1,210,0,1,0
TF,BHIEI,-31.900033,141.649436,0, ,0.0,0.0,0.0,0.0,2,2700,0,0,0,0,1,0

APPTR,R23,23,BHIEB
IF,BHIEB,-31.853161,141.730433, ,0.0,0.0,2,2700,0,1,210,0,1,0
TF,BHIEI,-31.900033,141.649436,0, ,0.0,0.0,0.0,0.0,2,2700,0,0,0,0,1,0

APPTR,R23,23,BHIEC
IF,BHIEC,-31.948950,141.728797, ,0.0,0.0,2,2700,0,1,210,0,1,0
TF,BHIEI,-31.900033,141.649436,0, ,0.0,0.0,0.0,0.0,2,2700,0,0,0,0,1,0

FINAL,R23,23,R,3
IF,BHIEI,-31.900033,141.649436, ,0.0,0.0,2,2700,0,0,0,0,0,0
TF,BHIEF,-31.946906,141.568400,0, ,0.0,0.0,227.0,5.0,2,2700,0,0,0,0,2,0
TF,BHIEM,-31.993778,141.487319,0, ,0.0,0.0,227.0,5.0,1,1095,0,0,0,0,3,1
DF,BHIEH,-32.021875,141.438633,0, ,0.0,0.0,0,0,0,0,0,0,0,0
CA,0,227.0,2,2700,0,0,0,0,0,0

