APPTR,R03-S,03,BRWSE
IF,BRWSE,-30.185611,146.752583, ,0.0,0.0,2,2100,0,1,210,0,1,0
TF,BRWSI,-30.116667,146.698278,0, ,0.0,0.0,0.0,0.0,2,2100,0,0,0,0,1,0

APPTR,R03-S,03,BRWSG
IF,BRWSG,-30.184583,146.642306, ,0.0,0.0,2,2100,0,1,210,0,1,0
TF,BRWSI,-30.116667,146.698278,0, ,0.0,0.0,0.0,0.0,2,2100,0,0,0,0,1,0

APPTR,R03-S,03,BRWSJ
IF,BRWSJ,-30.094167,146.605778, ,0.0,0.0,2,2100,0,1,210,0,1,0
TF,BRWSI,-30.116667,146.698278,0, ,0.0,0.0,0.0,0.0,2,2100,0,0,0,0,1,0

FINAL,R03-S,03,R,3
IF,BRWSI,-30.116667,146.698278, ,0.0,0.0,2,2100,0,0,0,0,0,0
TF,BRWSF,-30.048778,146.754250,0, ,0.0,0.0,26.0,5.0,2,2060,0,0,0,0,2,0
TF,BRWSM,-29.980889,146.810167,0, ,0.0,0.0,26.0,5.0,1,464,0,0,0,0,3,1
DF,BRWSH,-29.926556,146.854833,0, ,0.0,0.0,0,0,0,0,0,0,0,0
CA,0,26.0,2,2000,0,0,0,0,0,0

APPTR,R21,21,BRWNA
IF,BRWNA,-29.762250,146.879028, ,0.0,0.0,2,2100,0,0,0,0,1,0
TF,BRWNI,-29.831194,146.933111,0, ,0.0,0.0,0.0,0.0,2,2100,0,0,0,0,1,0

APPTR,R21,21,BRWNC
IF,BRWNC,-29.763222,146.988778, ,0.0,0.0,2,2100,0,0,0,0,1,0
TF,BRWNI,-29.831194,146.933111,0, ,0.0,0.0,0.0,0.0,2,2100,0,0,0,0,1,0

APPTR,R21,21,BRWND
IF,BRWND,-29.853639,147.025417, ,0.0,0.0,2,2100,0,0,0,0,1,0
TF,BRWNI,-29.831194,146.933111,0, ,0.0,0.0,0.0,0.0,2,2100,0,0,0,0,1,0

FINAL,R21,21,R,3
IF,BRWNI,-29.831194,146.933111, ,0.0,0.0,2,2100,0,0,0,0,0,0
TF,BRWNF,-29.899139,146.877361,0, ,0.0,0.0,206.0,5.0,2,2100,0,0,0,0,2,0
TF,BRWNM,-29.967056,146.821528,0, ,0.0,0.0,206.0,5.0,1,506,0,0,0,0,3,1
DF,BRWNH,-30.007806,146.788000,0, ,0.0,0.0,0,0,0,0,0,0,0,0
CA,0,206.0,2,2000,0,0,0,0,0,0

APPTR,R21-S,21,BRWSE
IF,BRWSE,-30.185611,146.752583, ,0.0,0.0,2,2100,0,1,210,0,1,0
TF,BRWSI,-30.116667,146.698278,0, ,0.0,0.0,0.0,0.0,2,2100,0,0,0,0,1,0

APPTR,R21-S,21,BRWSG
IF,BRWSG,-30.184583,146.642306, ,0.0,0.0,2,2100,0,1,210,0,1,0
TF,BRWSI,-30.116667,146.698278,0, ,0.0,0.0,0.0,0.0,2,2100,0,0,0,0,1,0

APPTR,R21-S,21,BRWSJ
IF,BRWSJ,-30.094167,146.605778, ,0.0,0.0,2,2100,0,1,210,0,1,0
TF,BRWSI,-30.116667,146.698278,0, ,0.0,0.0,0.0,0.0,2,2100,0,0,0,0,1,0

FINAL,R21-S,21,R,3
IF,BRWSI,-30.116667,146.698278, ,0.0,0.0,2,2100,0,0,0,0,0,0
TF,BRWSF,-30.048778,146.754250,0, ,0.0,0.0,26.0,5.0,2,2060,0,0,0,0,2,0
TF,BRWSM,-29.980889,146.810167,0, ,0.0,0.0,26.0,5.0,1,464,0,0,0,0,3,1
DF,BRWSH,-29.926556,146.854833,0, ,0.0,0.0,0,0,0,0,0,0,0,0
CA,0,26.0,2,2000,0,0,0,0,0,0

