APPTR,R10,10,BRYWA
IF,BRYWA,-22.695778,118.926500, ,0.0,0.0,2,5000,0,1,210,0,1,0
TF,BRYWI,-22.627417,118.978389,0, ,0.0,0.0,0.0,0.0,2,5000,0,0,0,0,1,0

APPTR,R10,10,BRYWB
IF,BRYWB,-22.605556,118.891472, ,0.0,0.0,2,5000,0,1,210,0,1,0
TF,BRYWI,-22.627417,118.978389,0, ,0.0,0.0,0.0,0.0,2,5000,0,0,0,0,1,0

APPTR,R10,10,BRYWC
IF,BRYWC,-22.544111,118.970806, ,0.0,0.0,2,5000,0,1,210,0,1,0
TF,BRYWI,-22.627417,118.978389,0, ,0.0,0.0,0.0,0.0,2,5000,0,0,0,0,1,0

FINAL,R10,10,R,3
IF,BRYWI,-22.627417,118.978389, ,0.0,0.0,2,5000,0,0,0,0,0,0
TF,BRYWF,-22.649250,119.065361,0, ,0.0,0.0,104.0,5.0,2,3790,0,0,0,0,2,0
TF,RW10,-22.672344,119.157572,0, ,0.0,0.0,104.0,5.3,1,2105,0,0,0,0,3,1
DF,BRYWZ,-22.685417,119.209778,0, ,0.0,0.0,0,0,0,0,0,0,0,0
CA,0,104.0,2,5000,0,0,0,0,0,0

APPTR,R28,28,BRYED
IF,BRYED,-22.652972,119.406194, ,0.0,0.0,2,5000,0,1,210,0,1,0
TF,BRYEI,-22.721472,119.354528,0, ,0.0,0.0,0.0,0.0,2,5000,0,0,0,0,1,0

APPTR,R28,28,BRYEE
IF,BRYEE,-22.743111,119.441583, ,0.0,0.0,2,5000,0,1,210,0,1,0
TF,BRYEI,-22.721472,119.354528,0, ,0.0,0.0,0.0,0.0,2,5000,0,0,0,0,1,0

APPTR,R28,28,BRYEG
IF,BRYEG,-22.804778,119.362361, ,0.0,0.0,2,5000,0,1,210,0,1,0
TF,BRYEI,-22.721472,119.354528,0, ,0.0,0.0,0.0,0.0,2,5000,0,0,0,0,1,0

FINAL,R28,28,R,3
IF,BRYEI,-22.721472,119.354528, ,0.0,0.0,2,5000,0,0,0,0,0,0
TF,BRYEF,-22.699806,119.267472,0, ,0.0,0.0,284.0,5.0,2,3790,0,0,0,0,2,0
TF,RW28,-22.676758,119.175236,0, ,0.0,0.0,284.0,5.3,1,2105,0,0,0,0,3,1
CA,0,284.0,2,3400,0,0,0,0,0,0
DF,BRYEH,-22.816389,119.153944,1, ,0.0,0.0,0,0,0,0,0,0,0,0
VM,0,0,0,126.0,2,5000,0,0,0,0,0,0

