APPTR,R14-W,14,LO2WD
IF,LO2WD,-27.796194,121.040944, ,0.0,0.0,2,3200,0,1,230,0,1,0
TF,LO2WI,-27.756778,121.123778,0, ,0.0,0.0,0.0,0.0,2,3200,0,0,0,0,1,0

APPTR,R14-W,14,LO2WE
IF,LO2WE,-27.701028,121.053806, ,0.0,0.0,2,3200,0,1,230,0,1,0
TF,LO2WI,-27.756778,121.123778,0, ,0.0,0.0,0.0,0.0,2,3200,0,0,0,0,1,0

APPTR,R14-W,14,LO2WG
IF,LO2WG,-27.679194,121.158667, ,0.0,0.0,2,3200,0,1,230,0,1,0
TF,LO2WI,-27.756778,121.123778,0, ,0.0,0.0,0.0,0.0,2,3200,0,0,0,0,1,0

FINAL,R14-W,14,R,3
IF,LO2WI,-27.756778,121.123778, ,0.0,0.0,2,3200,0,0,0,0,0,0
TF,LO2WF,-27.812472,121.193806,0, ,0.0,0.0,131.0,5.0,2,3130,0,0,0,0,2,0
TF,RW14,-27.868144,121.263908,0, ,0.0,0.0,131.0,5.0,1,1533,0,0,0,0,3,1
DF,LO2WH,-27.901528,121.306000,0, ,0.0,0.0,0,0,0,0,0,0,0,0
CA,0,131.0,2,3100,0,0,0,0,0,0

APPTR,R32,32,LO2EA
IF,LO2EA,-27.951556,121.502139, ,0.0,0.0,2,3200,0,1,230,0,1,0
TF,LO2EI,-27.991194,121.419278,0, ,0.0,0.0,0.0,0.0,2,3200,0,0,0,0,1,0

APPTR,R32,32,LO2EB
IF,LO2EB,-28.046750,121.489611, ,0.0,0.0,2,3200,0,1,230,0,1,0
TF,LO2EI,-27.991194,121.419278,0, ,0.0,0.0,0.0,0.0,2,3200,0,0,0,0,1,0

APPTR,R32,32,LO2EC
IF,LO2EC,-28.068833,121.384472, ,0.0,0.0,2,3200,0,1,230,0,1,0
TF,LO2EI,-27.991194,121.419278,0, ,0.0,0.0,0.0,0.0,2,3200,0,0,0,0,1,0

FINAL,R32,32,R,3
IF,LO2EI,-27.991194,121.419278, ,0.0,0.0,2,3200,0,0,0,0,0,0
TF,LO2EF,-27.935611,121.349028,0, ,0.0,0.0,311.0,5.0,2,3160,0,0,0,0,2,0
TF,RW32,-27.879981,121.278828,0, ,0.0,0.0,311.0,5.0,1,1563,0,0,0,0,3,1
DF,LO2EH,-27.846583,121.236750,0, ,0.0,0.0,0,0,0,0,0,0,0,0
CA,0,311.0,2,3100,0,0,0,0,0,0

