APPTR,N11,11,D295J
IF,D295J,-33.610272,121.639514, ,0.0,0.0,2,2300,0,1,210,0,1,0
CF,FN11,-33.647014,121.729253,0,ESP,295.0,5.5,115.0,5.0,2,1930,0,0,0,0,0,0

APPTR,N11,11,ESP1
IF,ESP,-33.686972,121.827114, ,0.0,0.0,2,2300,0,1,210,0,1,0
FC,ESP,-33.686972,121.827114,0,ESP,0.0,0.0,320.0,7.0,0,0,0,0,0,0,0,1
CF,FN11,-33.647014,121.729253,1,ESP,295.0,5.5,115.0,1.5,2,1930,0,0,0,0,0,0

APPTR,N11,11,ESP2
IF,ESP,-33.686972,121.827114, ,0.0,0.0,2,2300,0,1,210,0,1,0
FC,ESP,-33.686972,121.827114,0,ESP,0.0,0.0,310.0,7.5,0,0,0,0,0,0,0,1
CF,FN11,-33.647014,121.729253,1,ESP,295.0,5.5,115.0,1.7,2,1930,0,0,0,0,0,0

FINAL,N11,11,N,2
IF,FN11,-33.647014,121.729253,ESP,0.0,0.0,2,1930,0,0,0,0,2,0
CF,RW11,-33.679264,121.812775,0,ESP,0.0,0.0,115.0,4.6,1,484,0,0,0,0,3,0
TF,ESP,-33.686972,121.827114,0, ,0.0,0.0,0.0,0.0,0,0,0,0,0,0,0,1
CA,0,115.0,2,2300,0,0,0,0,0,0

APPTR,N29,29,ESP1
IF,ESP,-33.686972,121.827114, ,0.0,0.0,2,2300,0,1,180,0,1,0
FC,ESP,-33.686972,121.827114,0,ESP,0.0,0.0,123.0,6.0,0,0,0,0,0,0,0,1
CF,FN29,-33.705078,121.914153,1,ESP,103.0,4.5,283.0,2.0,2,1900,0,0,0,0,0,0

APPTR,N29,29,ESP2
IF,ESP,-33.686972,121.827114, ,0.0,0.0,2,2300,0,1,180,0,1,0
FC,ESP,-33.686972,121.827114,0,ESP,0.0,0.0,118.0,7.5,0,0,0,0,0,0,0,1
CF,FN29,-33.705078,121.914153,1,ESP,103.0,4.5,283.0,3.5,2,1900,0,0,0,0,0,0

FINAL,N29,29,N,3
IF,FN29,-33.705078,121.914153,ESP,0.0,0.0,2,1900,0,0,0,0,2,0
CF,EN29,-33.687600,121.830136,0,ESP,0.0,0.0,283.0,4.3,1,521,0,0,0,0,0,1
CF,ESP,-33.686972,121.827114,0,ESP,0.0,0.0,283.0,0.2,2,970,0,0,0,0,3,1
CA,0,283.0,2,2300,0,0,0,0,0,0

APPTR,R11,11,ES2WA
IF,ES2WA,-33.681833,121.558917, ,0.0,0.0,2,2300,0,1,210,0,1,0
TF,ES2WI,-33.618806,121.624361,0, ,0.0,0.0,0.0,0.0,2,2300,0,0,0,0,1,0

APPTR,R11,11,ES2WB
IF,ES2WB,-33.588778,121.531278, ,0.0,0.0,2,2300,0,1,210,0,1,0
TF,ES2WI,-33.618806,121.624361,0, ,0.0,0.0,0.0,0.0,2,2300,0,0,0,0,1,0

APPTR,R11,11,ES2WC
IF,ES2WC,-33.535333,121.626028, ,0.0,0.0,2,2300,0,1,210,0,1,0
TF,ES2WI,-33.618806,121.624361,0, ,0.0,0.0,0.0,0.0,2,2300,0,0,0,0,1,0

FINAL,R11,11,R,3
IF,ES2WI,-33.618806,121.624361, ,0.0,0.0,2,2300,0,0,0,0,0,0
TF,ES2WF,-33.648750,121.717528,0, ,0.0,0.0,110.0,5.0,2,2110,0,0,0,0,2,0
TF,RW11,-33.679264,121.812775,0, ,0.0,0.0,110.0,5.1,1,484,0,0,0,0,3,1
DF,ES2WH,-33.696556,121.866722,0, ,0.0,0.0,0,0,0,0,0,0,0,0
CA,0,110.0,2,2300,0,0,0,0,0,0

APPTR,R29,29,ES2ED
IF,ES2ED,-33.681778,122.082861, ,0.0,0.0,2,2300,0,1,210,0,1,0
TF,ES2EI,-33.744889,122.017444,0, ,0.0,0.0,0.0,0.0,2,2300,0,0,0,0,1,0

APPTR,R29,29,ES2EE
IF,ES2EE,-33.774444,122.110833, ,0.0,0.0,2,2300,0,1,210,0,1,0
TF,ES2EI,-33.744889,122.017444,0, ,0.0,0.0,0.0,0.0,2,2300,0,0,0,0,1,0

APPTR,R29,29,ES2EG
IF,ES2EG,-33.828361,122.015833, ,0.0,0.0,2,2300,0,1,210,0,1,0
TF,ES2EI,-33.744889,122.017444,0, ,0.0,0.0,0.0,0.0,2,2300,0,0,0,0,1,0

FINAL,R29,29,R,3
IF,ES2EI,-33.744889,122.017444, ,0.0,0.0,2,2300,0,0,0,0,0,0
TF,ES2EF,-33.715028,121.924139,0, ,0.0,0.0,290.0,5.0,2,2110,0,0,0,0,2,0
TF,RW29,-33.685069,121.830900,0, ,0.0,0.0,290.0,5.0,1,521,0,0,0,0,3,1
DF,ES2EH,-33.667083,121.774972,0, ,0.0,0.0,0,0,0,0,0,0,0,0
CA,0,290.0,2,2300,0,0,0,0,0,0

APPTR,V11,11,D287J
IF,D287J,-33.628136,121.631356, ,0.0,0.0,2,2300,0,1,210,0,1,0
CF,FV11,-33.654050,121.726250,0,ESP,287.0,5.1,107.0,5.0,2,1930,0,0,0,0,0,0

APPTR,V11,11,ESP1
IF,ESP,-33.680592,121.823786, ,0.0,0.0,2,2300,0,1,210,0,1,0
FC,ESP,-33.680592,121.823786,0,ESP,0.0,0.0,310.0,7.0,0,0,0,0,0,0,0,1
CF,FV11,-33.654050,121.726250,1,ESP,287.0,5.1,107.0,2.2,2,1930,0,0,0,0,0,0

APPTR,V11,11,ESP2
IF,ESP,-33.680592,121.823786, ,0.0,0.0,2,2300,0,1,210,0,1,0
FC,ESP,-33.680592,121.823786,0,ESP,0.0,0.0,302.0,7.5,0,0,0,0,0,0,0,1
CF,FV11,-33.654050,121.726250,1,ESP,287.0,5.1,107.0,2.8,2,1930,0,0,0,0,0,0

FINAL,V11,11,D,2
IF,FV11,-33.654050,121.726250,ESP,287.0,5.1,2,1930,0,0,0,0,2,0
CF,RW11,-33.679264,121.812775,0,ESP,277.2,0.6,107.0,4.6,1,484,0,0,0,0,3,0
TF,ESP,-33.680592,121.823786,0, ,0.0,0.0,0.0,0.0,0,0,0,0,0,0,0,1
CA,0,107.0,2,2300,0,0,0,0,0,0

APPTR,V29,29,ESP1
IF,ESP,-33.680592,121.823786, ,0.0,0.0,2,2300,0,1,180,0,1,0
FC,ESP,-33.680592,121.823786,0,ESP,0.0,0.0,136.0,6.0,0,0,0,0,0,0,0,1
CF,FV29,-33.715503,121.909511,1,ESP,115.0,4.8,295.0,2.7,2,1900,0,0,0,0,0,0

APPTR,V29,29,ESP2
IF,ESP,-33.680592,121.823786, ,0.0,0.0,2,2300,0,1,180,0,1,0
FC,ESP,-33.680592,121.823786,0,ESP,0.0,0.0,130.0,7.5,0,0,0,0,0,0,0,1
CF,FV29,-33.715503,121.909511,1,ESP,115.0,4.8,295.0,3.2,2,1900,0,0,0,0,0,0

FINAL,V29,29,D,2
IF,FV29,-33.715503,121.909511,ESP,115.0,4.8,2,1900,0,0,0,0,2,0
CF,RW29,-33.685069,121.830900,0,ESP,126.0,0.5,295.0,4.3,1,521,0,0,0,0,3,0
TF,ESP,-33.680592,121.823786,0, ,0.0,0.0,0.0,0.0,0,0,0,0,0,0,0,1
CA,0,295.0,2,2300,0,0,0,0,0,0

