SID,GIG3,08,1
DF,DER08,-31.462219,115.872314,0, ,0.0,0.0,0,0,0,0,0,0,0,1
CA,0,76.0,2,700,0,0,0,0,0,0
VM,0,0,0,76.0,0,0,0,0,0,0,0,0

SID,GIG3,26,1
DF,DER26,-31.466489,115.853731,0, ,0.0,0.0,0,0,0,0,0,0,0,1
CA,0,256.0,2,700,0,0,0,0,0,0
VM,0,0,0,256.0,0,0,0,0,0,0,0,0

APPTR,N08,08,GIG1
IF,GIG,-31.459722,115.865556, ,0.0,0.0,2,4000,0,0,0,0,1,0
FC,GIG,-31.459722,115.865556,0,PH,0.0,0.0,281.0,7.0,0,0,0,0,0,0,0,1
CF,FF08,-31.495978,115.742453,1,PH,339.5,29.1,72.0,1.0,2,2200,0,0,0,0,0,0

APPTR,N08,08,GIG2
IF,GIG,-31.459722,115.865556, ,0.0,0.0,2,4000,0,0,0,0,1,0
FC,GIG,-31.459722,115.865556,0,PH,0.0,0.0,264.0,9.0,0,0,0,0,0,0,0,1
CF,FF08,-31.495978,115.742453,1,PH,339.5,29.1,72.0,3.0,2,2200,0,0,0,0,0,0

FINAL,N08,08,N,3
IF,FF08,-31.495978,115.742453,GIG,0.0,0.0,2,2200,0,0,0,0,2,0
CF,EP08,-31.463553,115.852550,0,GIG,0.0,0.0,72.0,6.0,1,297,0,0,0,0,0,1
CF,GIG,-31.459722,115.865556,0,GIG,0.0,0.0,72.0,0.7,2,750,0,0,0,0,3,1
VM,0,0,0,72.0,1,3000,0,0,0,0,0,0

APPTR,N26,26,GIG1
IF,GIG,-31.459722,115.865556, ,0.0,0.0,2,4000,0,0,0,0,1,0
FC,GIG,-31.459722,115.865556,0,PH,0.0,0.0,52.0,7.0,0,0,0,0,0,0,0,1
CF,FF26,-31.441383,115.986439,2,PH,4.7,30.2,261.0,1.0,2,2200,0,0,0,0,0,0

APPTR,N26,26,GIG2
IF,GIG,-31.459722,115.865556, ,0.0,0.0,2,4000,0,0,0,0,1,0
FC,GIG,-31.459722,115.865556,0,PH,0.0,0.0,69.0,9.0,0,0,0,0,0,0,0,1
CF,FF26,-31.441383,115.986439,2,PH,4.7,30.2,261.0,3.0,2,2200,0,0,0,0,0,0

FINAL,N26,26,N,3
IF,FF26,-31.441383,115.986439,GIG,0.0,0.0,2,2200,0,0,0,0,2,0
CF,EP26,-31.458800,115.871608,0,GIG,0.0,0.0,261.0,6.0,1,293,0,0,0,0,0,1
CF,GIG,-31.459722,115.865556,0,GIG,0.0,0.0,261.0,0.3,2,750,0,0,0,0,3,1
VM,0,0,0,261.0,1,3000,0,0,0,0,0,0

APPTR,R08,08,GIGWD
IF,GIGWD,-31.450786,115.639472, ,0.0,0.0,2,2800,0,1,210,0,1,0
TF,GIGWI,-31.505447,115.684303,0, ,0.0,0.0,0.0,0.0,2,2800,0,0,0,0,1,0

APPTR,R08,08,GIGWE
IF,GIGWE,-31.522844,115.609003, ,0.0,0.0,2,2800,0,1,210,0,1,0
TF,GIGWI,-31.505447,115.684303,0, ,0.0,0.0,0.0,0.0,2,2800,0,0,0,0,1,0

APPTR,R08,08,GIGWG
IF,GIGWG,-31.572017,115.677653, ,0.0,0.0,2,2800,0,1,210,0,1,0
TF,GIGWI,-31.505447,115.684303,0, ,0.0,0.0,0.0,0.0,2,2800,0,0,0,0,1,0

FINAL,R08,08,R,3
IF,GIGWI,-31.505447,115.684303, ,0.0,0.0,2,2800,0,0,0,0,0,0
TF,GIGWF,-31.483781,115.778431,0, ,0.0,0.0,76.0,5.0,2,1550,0,0,0,0,2,0
TF,GIGWM,-31.466489,115.853731,0, ,0.0,0.0,76.0,4.0,1,276,0,0,0,0,3,1
CA,0,76.0,2,3000,0,0,0,0,0,0

APPTR,R26,26,GIGEA
IF,GIGEA,-31.356744,116.047992, ,0.0,0.0,2,2800,0,1,210,0,1,0
TF,GIGEI,-31.423339,116.041689,0, ,0.0,0.0,0.0,0.0,2,2800,0,0,0,0,1,0

APPTR,R26,26,GIGEB
IF,GIGEB,-31.406139,116.116969, ,0.0,0.0,2,2800,0,1,210,0,1,0
TF,GIGEI,-31.423339,116.041689,0, ,0.0,0.0,0.0,0.0,2,2800,0,0,0,0,1,0

APPTR,R26,26,GIGEC
IF,GIGEC,-31.477819,116.086803, ,0.0,0.0,2,2800,0,1,210,0,1,0
TF,GIGEI,-31.423339,116.041689,0, ,0.0,0.0,0.0,0.0,2,2800,0,0,0,0,1,0

FINAL,R26,26,R,3
IF,GIGEI,-31.423339,116.041689, ,0.0,0.0,2,2800,0,0,0,0,0,0
TF,GIGEF,-31.444917,115.947594,0, ,0.0,0.0,256.0,5.0,2,1550,0,0,0,0,2,0
TF,GIGEM,-31.462219,115.872314,0, ,0.0,0.0,256.0,4.0,1,273,0,0,0,0,3,1
CA,0,256.0,2,3000,0,0,0,0,0,0

