APPTR,Q10,10,D285J
IF,D285J,-13.920394,136.293072, ,0.0,0.0,2,1900,0,1,210,0,1,0
TF,FQ10,-13.947683,136.374081,0, ,0.0,0.0,0.0,0.0,2,1550,0,0,0,0,0,0

APPTR,Q10,10,GTE1
IF,GTE,-13.975064,136.455456, ,0.0,0.0,2,1900,0,1,210,0,1,0
FC,GTE,-13.975064,136.455456,0,GTE,0.0,0.0,317.0,5.3,0,0,0,0,0,0,0,1
CF,FQ10,-13.947683,136.374081,1,GTE,285.0,5.0,105.0,1.0,2,1550,0,0,0,0,0,0

APPTR,Q10,10,GTE2
IF,GTE,-13.975064,136.455456, ,0.0,0.0,2,1900,0,1,210,0,1,0
FC,GTE,-13.975064,136.455456,0,GTE,0.0,0.0,299.0,5.3,0,0,0,0,0,0,0,1
CF,FQ10,-13.947683,136.374081,1,GTE,285.0,5.0,105.0,1.0,2,1550,0,0,0,0,0,0

FINAL,Q10,10,N,2
IF,FQ10,-13.947683,136.374081,GTE,0.0,0.0,2,1550,0,0,0,0,2,0
CF,RW10,-13.971025,136.449894,0,GTE,0.0,0.4,105.0,4.6,1,80,0,0,0,0,3,0
CF,GTE,-13.975064,136.455456,0,GTE,0.0,0.0,105.0,0.4,0,0,0,0,0,0,0,1
CA,0,105.0,2,1900,0,0,0,0,0,0

APPTR,R10,10,GTEWA
IF,GTEWA,-14.016792,136.234378, ,0.0,0.0,2,1900,0,1,210,0,1,0
TF,GTEWI,-13.943689,136.276114,0, ,0.0,0.0,0.0,0.0,2,1900,0,0,0,0,1,0

APPTR,R10,10,GTEWB
IF,GTEWB,-13.930328,136.191522, ,0.0,0.0,2,1900,0,1,210,0,1,0
TF,GTEWI,-13.943689,136.276114,0, ,0.0,0.0,0.0,0.0,2,1900,0,0,0,0,1,0

APPTR,R10,10,GTEWC
IF,GTEWC,-13.861492,136.259967, ,0.0,0.0,2,1900,0,1,210,0,1,0
TF,GTEWI,-13.943689,136.276114,0, ,0.0,0.0,0.0,0.0,2,1900,0,0,0,0,1,0

FINAL,R10,10,R,3
IF,GTEWI,-13.943689,136.276114, ,0.0,0.0,2,1900,0,0,0,0,0,0
TF,GTEWF,-13.957022,136.360714,0, ,0.0,0.0,95.0,5.0,2,1760,0,0,0,0,2,0
TF,RW10,-13.971025,136.449894,0, ,0.0,0.0,95.0,5.3,1,80,0,0,0,0,3,1
DF,GTEWH,-13.978292,136.496097,0, ,0.0,0.0,0,0,0,0,0,0,0,0
CA,0,95.0,2,1900,0,0,0,0,0,0

APPTR,R28,28,GTEED
IF,GTEED,-13.927883,136.682825, ,0.0,0.0,2,1900,0,1,210,0,1,0
TF,GTEEI,-14.000994,136.641111,0, ,0.0,0.0,0.0,0.0,2,1900,0,0,0,0,1,0

APPTR,R28,28,GTEEE
IF,GTEEE,-14.014203,136.725753, ,0.0,0.0,2,1900,0,1,210,0,1,0
TF,GTEEI,-14.000994,136.641111,0, ,0.0,0.0,0.0,0.0,2,1900,0,0,0,0,1,0

APPTR,R28,28,GTEEG
IF,GTEEG,-14.083186,136.657278, ,0.0,0.0,2,1900,0,1,210,0,1,0
TF,GTEEI,-14.000994,136.641111,0, ,0.0,0.0,0.0,0.0,2,1900,0,0,0,0,1,0

FINAL,R28,28,R,3
IF,GTEEI,-14.000994,136.641111, ,0.0,0.0,2,1900,0,0,0,0,0,0
TF,GTEEF,-13.987756,136.556478,0, ,0.0,0.0,275.0,5.0,2,1780,0,0,0,0,2,0
TF,RW28,-13.973758,136.467289,0, ,0.0,0.0,275.0,5.3,1,101,0,0,0,0,3,1
DF,GTEEH,-13.966514,136.421086,0, ,0.0,0.0,0,0,0,0,0,0,0,0
CA,0,275.0,2,1900,0,0,0,0,0,0

