APPTR,R04,04,HXXSA
IF,HXXSA,-34.733014,144.729586, ,0.0,0.0,2,2000,0,1,210,0,1,0
TF,HXXSI,-34.658247,144.684644,0, ,0.0,0.0,0.0,0.0,2,2000,0,0,0,0,1,0

APPTR,R04,04,HXXSB
IF,HXXSB,-34.718667,144.614917, ,0.0,0.0,2,2000,0,1,210,0,1,0
TF,HXXSI,-34.658247,144.684644,0, ,0.0,0.0,0.0,0.0,2,2000,0,0,0,0,1,0

APPTR,R04,04,HXXSC
IF,HXXSC,-34.624781,144.592119, ,0.0,0.0,2,2000,0,1,210,0,1,0
TF,HXXSI,-34.658247,144.684644,0, ,0.0,0.0,0.0,0.0,2,2000,0,0,0,0,1,0

FINAL,R04,04,R,3
IF,HXXSI,-34.658247,144.684644, ,0.0,0.0,2,2000,0,0,0,0,0,0
TF,HXXSF,-34.597828,144.754322,0, ,0.0,0.0,33.0,5.0,2,1950,0,0,0,0,2,0
TF,HXXSM,-34.537408,144.823947,0, ,0.0,0.0,33.0,5.0,1,353,0,0,0,0,3,1
DF,HXXSH,-34.489044,144.879575,0, ,0.0,0.0,0,0,0,0,0,0,0,0
CA,0,33.0,2,1700,0,0,0,0,0,0

APPTR,R22,22,HXXND
IF,HXXND,-34.332142,144.929172, ,0.0,0.0,2,2000,0,1,210,0,1,0
TF,HXXNI,-34.406925,144.973908,0, ,0.0,0.0,0.0,0.0,2,2000,0,0,0,0,1,0

APPTR,R22,22,HXXNE
IF,HXXNE,-34.346456,145.043319, ,0.0,0.0,2,2000,0,1,210,0,1,0
TF,HXXNI,-34.406925,144.973908,0, ,0.0,0.0,0.0,0.0,2,2000,0,0,0,0,1,0

APPTR,R22,22,HXXNG
IF,HXXNG,-34.440314,145.066236, ,0.0,0.0,2,2000,0,1,210,0,1,0
TF,HXXNI,-34.406925,144.973908,0, ,0.0,0.0,0.0,0.0,2,2000,0,0,0,0,1,0

FINAL,R22,22,R,3
IF,HXXNI,-34.406925,144.973908, ,0.0,0.0,2,2000,0,0,0,0,0,0
TF,HXXNF,-34.467392,144.904450,0, ,0.0,0.0,213.0,5.0,2,1950,0,0,0,0,2,0
TF,HXXNM,-34.527858,144.834939,0, ,0.0,0.0,213.0,5.0,1,353,0,0,0,0,3,1
DF,HXXNH,-34.576203,144.779258,0, ,0.0,0.0,0,0,0,0,0,0,0,0
CA,0,213.0,2,1700,0,0,0,0,0,0

