APPTR,R11,11,HBAWD
IF,HBAWD,-25.290472,152.641139, ,0.0,0.0,2,3000,0,1,210,0,1,0
TF,HBAWI,-25.235333,152.710222,0, ,0.0,0.0,0.0,0.0,2,3000,0,0,0,0,1,0

APPTR,R11,11,HBAWE
IF,HBAWE,-25.195139,152.629667, ,0.0,0.0,2,3000,0,1,210,0,1,0
TF,HBAWI,-25.235333,152.710222,0, ,0.0,0.0,0.0,0.0,2,3000,0,0,0,0,1,0

APPTR,R11,11,HBAWG
IF,HBAWG,-25.152722,152.724167, ,0.0,0.0,2,3000,0,1,210,0,1,0
TF,HBAWI,-25.235333,152.710222,0, ,0.0,0.0,0.0,0.0,2,3000,0,0,0,0,1,0

FINAL,R11,11,R,3
IF,HBAWI,-25.235333,152.710222, ,0.0,0.0,2,3000,0,0,0,0,0,0
TF,HBAWF,-25.275472,152.790861,0, ,0.0,0.0,108.0,5.0,2,1700,0,0,0,0,2,0
TF,RW11,-25.315583,152.871536,0, ,0.0,0.0,108.0,5.0,1,105,0,0,0,0,3,1
DF,HBAWH,-25.339611,152.919972,0, ,0.0,0.0,0,0,0,0,0,0,0,1
VM,0,0,1,326.0,2,2100,0,0,0,0,0,0

APPTR,R29,29,HBAEA
IF,HBAEA,-25.351167,153.123944, ,0.0,0.0,2,2100,0,1,210,0,1,0
TF,HBAEI,-25.406500,153.054917,0, ,0.0,0.0,0.0,0.0,2,2100,0,0,0,0,1,0

APPTR,R29,29,HBAEB
IF,HBAEB,-25.446472,153.135778, ,0.0,0.0,2,2100,0,1,210,0,1,0
TF,HBAEI,-25.406500,153.054917,0, ,0.0,0.0,0.0,0.0,2,2100,0,0,0,0,1,0

APPTR,R29,29,HBAEC
IF,HBAEC,-25.489167,153.041194, ,0.0,0.0,2,2100,0,1,210,0,1,0
TF,HBAEI,-25.406500,153.054917,0, ,0.0,0.0,0.0,0.0,2,2100,0,0,0,0,1,0

FINAL,R29,29,R,3
IF,HBAEI,-25.406500,153.054917, ,0.0,0.0,2,2100,0,0,0,0,0,0
TF,HBAEF,-25.366472,152.974111,0, ,0.0,0.0,288.0,5.0,2,1780,0,0,0,0,2,0
TF,RW29,-25.324239,152.888969,0, ,0.0,0.0,288.0,5.3,1,101,0,0,0,0,3,1
DF,HBAEH,-25.278250,152.796472,0, ,0.0,0.0,0,0,0,0,0,0,0,1
VM,0,0,2,86.0,2,2100,0,0,0,0,0,0

