APPTR,R29,29,HOZEA
IF,HOZEA,-37.108889,147.627500, ,0.0,0.0,2,7700,0,1,210,0,1,0
TF,HOZEI,-37.158556,147.543778,0, ,0.0,0.0,0.0,0.0,2,7700,0,0,0,0,1,0

APPTR,R29,29,HOZEB
IF,HOZEB,-37.204444,147.630861, ,0.0,0.0,2,7700,0,1,210,0,1,0
TF,HOZEI,-37.158556,147.543778,0, ,0.0,0.0,0.0,0.0,2,7700,0,0,0,0,1,0

APPTR,R29,29,HOZEC
IF,HOZEC,-37.239694,147.519417, ,0.0,0.0,2,7700,0,1,210,0,1,0
TF,HOZEI,-37.158556,147.543778,0, ,0.0,0.0,0.0,0.0,2,7700,0,0,0,0,1,0

FINAL,R29,29,R,3
IF,HOZEI,-37.158556,147.543778, ,0.0,0.0,2,7700,0,0,0,0,0,0
TF,HOZEF,-37.112611,147.456778,0, ,0.0,0.0,291.0,5.0,2,6380,0,0,0,0,2,0
TF,HOZEM,-37.062972,147.363083,0, ,0.0,0.0,291.0,5.4,1,4663,0,0,0,0,3,1
CA,0,291.0,2,5500,0,0,0,0,0,0
DF,HOZEH,-37.212139,147.358472,1, ,0.0,0.0,0,0,0,1,210,0,0,0
CA,0,114.0,2,7700,0,0,0,0,0,0

