APPTR,N03-A,03,INN1
IF,IFL,-17.561647,146.015392, ,0.0,0.0,2,5000,0,1,210,0,1,0
FC,IFL,-17.561647,146.015392,0,IFL,0.0,0.0,120.0,8.8,0,0,0,0,0,0,0,1
CF,FN320,-17.657197,146.080122,2,IFL,140.0,6.8,320.0,2.0,2,2300,0,0,0,0,0,0

APPTR,N03-A,03,INN2
IF,IFL,-17.561647,146.015392, ,0.0,0.0,2,5000,0,1,210,0,1,0
FC,IFL,-17.561647,146.015392,0,IFL,0.0,0.0,130.0,8.2,0,0,0,0,0,0,0,1
CF,FN320,-17.657197,146.080122,2,IFL,140.0,6.8,320.0,1.5,2,2300,0,0,0,0,0,0

FINAL,N03-A,03,N,2
IF,FN320,-17.657197,146.080122,IFL,0.0,0.0,2,2300,0,0,0,0,2,0
CF,IFL,-17.561647,146.015392,0,IFL,0.0,0.0,320.0,6.8,1,1380,0,0,0,0,3,0
CA,0,320.0,2,1700,0,0,0,0,0,0
CA,2,162.0,2,5000,0,0,0,0,0,0

APPTR,N14-A,14,INN1
IF,IFL,-17.561647,146.015392, ,0.0,0.0,2,5000,0,1,210,0,1,0
FC,IFL,-17.561647,146.015392,0,IFL,0.0,0.0,120.0,8.8,0,0,0,0,0,0,0,1
CF,FN320,-17.657197,146.080122,2,IFL,140.0,6.8,320.0,2.0,2,2300,0,0,0,0,0,0

APPTR,N14-A,14,INN2
IF,IFL,-17.561647,146.015392, ,0.0,0.0,2,5000,0,1,210,0,1,0
FC,IFL,-17.561647,146.015392,0,IFL,0.0,0.0,130.0,8.2,0,0,0,0,0,0,0,1
CF,FN320,-17.657197,146.080122,2,IFL,140.0,6.8,320.0,1.5,2,2300,0,0,0,0,0,0

FINAL,N14-A,14,N,2
IF,FN320,-17.657197,146.080122,IFL,0.0,0.0,2,2300,0,0,0,0,2,0
CF,IFL,-17.561647,146.015392,0,IFL,0.0,0.0,320.0,6.8,1,1380,0,0,0,0,3,0
CA,0,320.0,2,1700,0,0,0,0,0,0
CA,2,162.0,2,5000,0,0,0,0,0,0

APPTR,N21-A,21,INN1
IF,IFL,-17.561647,146.015392, ,0.0,0.0,2,5000,0,1,210,0,1,0
FC,IFL,-17.561647,146.015392,0,IFL,0.0,0.0,120.0,8.8,0,0,0,0,0,0,0,1
CF,FN320,-17.657197,146.080122,2,IFL,140.0,6.8,320.0,2.0,2,2300,0,0,0,0,0,0

APPTR,N21-A,21,INN2
IF,IFL,-17.561647,146.015392, ,0.0,0.0,2,5000,0,1,210,0,1,0
FC,IFL,-17.561647,146.015392,0,IFL,0.0,0.0,130.0,8.2,0,0,0,0,0,0,0,1
CF,FN320,-17.657197,146.080122,2,IFL,140.0,6.8,320.0,1.5,2,2300,0,0,0,0,0,0

FINAL,N21-A,21,N,2
IF,FN320,-17.657197,146.080122,IFL,0.0,0.0,2,2300,0,0,0,0,2,0
CF,IFL,-17.561647,146.015392,0,IFL,0.0,0.0,320.0,6.8,1,1380,0,0,0,0,3,0
CA,0,320.0,2,1700,0,0,0,0,0,0
CA,2,162.0,2,5000,0,0,0,0,0,0

APPTR,N32-A,32,INN1
IF,IFL,-17.561647,146.015392, ,0.0,0.0,2,5000,0,1,210,0,1,0
FC,IFL,-17.561647,146.015392,0,IFL,0.0,0.0,120.0,8.8,0,0,0,0,0,0,0,1
CF,FN320,-17.657197,146.080122,2,IFL,140.0,6.8,320.0,2.0,2,2300,0,0,0,0,0,0

APPTR,N32-A,32,INN2
IF,IFL,-17.561647,146.015392, ,0.0,0.0,2,5000,0,1,210,0,1,0
FC,IFL,-17.561647,146.015392,0,IFL,0.0,0.0,130.0,8.2,0,0,0,0,0,0,0,1
CF,FN320,-17.657197,146.080122,2,IFL,140.0,6.8,320.0,1.5,2,2300,0,0,0,0,0,0

FINAL,N32-A,32,N,2
IF,FN320,-17.657197,146.080122,IFL,0.0,0.0,2,2300,0,0,0,0,2,0
CF,IFL,-17.561647,146.015392,0,IFL,0.0,0.0,320.0,6.8,1,1380,0,0,0,0,3,0
CA,0,320.0,2,1700,0,0,0,0,0,0
CA,2,162.0,2,5000,0,0,0,0,0,0

APPTR,R32,32,IFLEA
IF,IFLEA,-17.684969,146.222731, ,0.0,0.0,2,5000,0,1,210,0,1,0
TF,IFLEI,-17.712172,146.140181,0, ,0.0,0.0,0.0,0.0,2,3720,0,0,0,0,1,0

APPTR,R32,32,IFLEB
IF,IFLEB,-17.777222,146.195092, ,0.0,0.0,2,5000,0,1,210,0,1,0
TF,IFLEI,-17.712172,146.140181,0, ,0.0,0.0,0.0,0.0,2,3720,0,0,0,0,1,0

APPTR,R32,32,IFLEC
IF,IFLEC,-17.783853,146.095147, ,0.0,0.0,2,5000,0,1,210,0,1,0
TF,IFLEI,-17.712172,146.140181,0, ,0.0,0.0,0.0,0.0,2,3720,0,0,0,0,1,0

FINAL,R32,32,R,3
IF,IFLEI,-17.712172,146.140181, ,0.0,0.0,2,3720,0,0,0,0,0,0
TF,IFLEF,-17.647106,146.085311,0, ,0.0,0.0,314.0,5.0,2,2130,0,0,0,0,2,0
TF,IFLEM,-17.582022,146.030478,0, ,0.0,0.0,314.0,5.0,1,535,0,0,0,0,3,1
CA,0,314.0,2,1700,0,0,0,0,0,0
DF,IFLEH,-17.420056,146.052911,0, ,0.0,0.0,3,4500,0,0,0,0,0,0
VM,0,0,2,127.0,2,5000,0,0,0,0,0,0

