APPTR,R25,25,KNGEA
IF,KNGEA,-33.542556,117.842444, ,0.0,0.0,2,2900,0,1,210,0,1,0
TF,KNGEI,-33.625778,117.850361,0, ,0.0,0.0,0.0,0.0,2,2900,0,0,0,0,1,0

APPTR,R25,25,KNGEB
IF,KNGEB,-33.591056,117.941083, ,0.0,0.0,2,2900,0,1,210,0,1,0
TF,KNGEI,-33.625778,117.850361,0, ,0.0,0.0,0.0,0.0,2,2900,0,0,0,0,1,0

APPTR,R25,25,KNGEC
IF,KNGEC,-33.685250,117.920444, ,0.0,0.0,2,2900,0,1,210,0,1,0
TF,KNGEI,-33.625778,117.850361,0, ,0.0,0.0,0.0,0.0,2,2900,0,0,0,0,1,0

FINAL,R25,25,R,3
IF,KNGEI,-33.625778,117.850361, ,0.0,0.0,2,2900,0,0,0,0,0,0
TF,KNGEF,-33.660444,117.759556,0, ,0.0,0.0,247.0,5.0,2,2650,0,0,0,0,2,0
TF,KNGEM,-33.695056,117.668667,0, ,0.0,0.0,247.0,5.0,1,1063,0,0,0,0,3,1
DF,KNGEH,-33.715778,117.614111,0, ,0.0,0.0,0,0,0,0,0,0,0,1
VM,0,0,1,85.0,2,2900,0,0,0,0,0,0

