APPTR,R16,16,KRYNA
IF,KRYNA,-26.378694,151.707750, ,0.0,0.0,2,3700,0,1,210,0,1,0
TF,KRYNI,-26.391917,151.799389,0, ,0.0,0.0,0.0,0.0,2,3700,0,0,0,0,1,0

APPTR,R16,16,KRYNC
IF,KRYNC,-26.309861,151.781833, ,0.0,0.0,2,3700,0,1,210,0,1,0
TF,KRYNI,-26.391917,151.799389,0, ,0.0,0.0,0.0,0.0,2,3700,0,0,0,0,1,0

APPTR,R16,16,KRYND
IF,KRYND,-26.348972,151.878972, ,0.0,0.0,2,3700,0,1,210,0,1,0
TF,KRYNI,-26.391917,151.799389,0, ,0.0,0.0,0.0,0.0,2,3700,0,0,0,0,1,0

FINAL,R16,16,R,3
IF,KRYNI,-26.391917,151.799389, ,0.0,0.0,2,3700,0,0,0,0,0,0
TF,KRYNF,-26.474000,151.816944,0, ,0.0,0.0,159.0,5.0,2,3380,0,0,0,0,2,0
TF,KRYNM,-26.556056,151.834556,0, ,0.0,0.0,159.0,5.0,1,1786,0,0,0,0,3,1
DF,KRYNH,-26.605278,151.845139,0, ,0.0,0.0,0,0,0,0,0,0,0,1
VM,0,0,2,315.0,2,3700,0,0,0,0,0,0

APPTR,R34,34,KRYSE
IF,KRYSE,-26.763917,151.968361, ,0.0,0.0,2,5100,0,1,210,0,1,0
TF,KRYSI,-26.750750,151.876417,0, ,0.0,0.0,0.0,0.0,2,4700,0,0,0,0,1,0

APPTR,R34,34,KRYSG
IF,KRYSG,-26.832806,151.894083, ,0.0,0.0,2,5100,0,1,210,0,1,0
TF,KRYSI,-26.750750,151.876417,0, ,0.0,0.0,0.0,0.0,2,4700,0,0,0,0,1,0

APPTR,R34,34,KRYSJ
IF,KRYSJ,-26.793694,151.796528, ,0.0,0.0,2,5100,0,1,210,0,1,0
TF,KRYSI,-26.750750,151.876417,0, ,0.0,0.0,0.0,0.0,2,4700,0,0,0,0,1,0

FINAL,R34,34,R,3
IF,KRYSI,-26.750750,151.876417, ,0.0,0.0,2,4700,0,0,0,0,0,0
TF,KRYSF,-26.668694,151.858778,0, ,0.0,0.0,339.0,5.0,2,3110,0,0,0,0,2,0
TF,KRYSM,-26.586639,151.841139,0, ,0.0,0.0,339.0,5.0,1,1515,0,0,0,0,3,1
DF,KRYSH,-26.523306,151.901750,0, ,0.0,0.0,0,0,0,0,0,0,0,0
VM,0,0,0,30.0,2,3700,0,0,0,0,0,0

