APPTR,N32,32,MGD1
IF,MGD,-12.062750,134.231667, ,0.0,0.0,2,2000,0,1,210,0,1,0
FC,MGD,-12.062750,134.231667,0,MGD,0.0,0.0,98.0,5.3,0,0,0,0,0,0,0,1
CF,FF32,-12.113283,134.286711,2,MGD,130.0,4.4,310.0,1.0,2,1400,0,0,0,0,0,0

APPTR,N32,32,MGD2
IF,MGD,-12.062750,134.231667, ,0.0,0.0,2,2000,0,1,210,0,1,0
FC,MGD,-12.062750,134.231667,0,MGD,0.0,0.0,112.0,6.0,0,0,0,0,0,0,0,1
CF,FF32,-12.113283,134.286711,2,MGD,130.0,4.4,310.0,2.0,2,1400,0,0,0,0,0,0

FINAL,N32,32,N,3
IF,FF32,-12.113283,134.286711,MGD,0.0,0.0,2,1400,0,0,0,0,2,0
CF,EP32,-12.067619,134.236942,0,MGD,0.0,0.0,310.0,4.0,1,160,0,0,0,0,0,1
CF,MGD,-12.062750,134.231667,0,MGD,0.0,0.0,310.0,0.4,2,630,0,0,0,0,3,1
CA,0,310.0,2,2000,0,0,0,0,0,0

APPTR,R14,14,MGDND
IF,MGDND,-11.922192,134.058425, ,0.0,0.0,2,2000,0,1,210,0,1,0
TF,MGDNI,-11.905739,134.141794,0, ,0.0,0.0,0.0,0.0,2,2000,0,0,0,0,1,0

APPTR,R14,14,MGDNE
IF,MGDNE,-11.834239,134.097592, ,0.0,0.0,2,2000,0,1,210,0,1,0
TF,MGDNI,-11.905739,134.141794,0, ,0.0,0.0,0.0,0.0,2,2000,0,0,0,0,1,0

APPTR,R14,14,MGDNG
IF,MGDNG,-11.840364,134.194881, ,0.0,0.0,2,2000,0,1,210,0,1,0
TF,MGDNI,-11.905739,134.141794,0, ,0.0,0.0,0.0,0.0,2,2000,0,0,0,0,1,0

FINAL,R14,14,R,3
IF,MGDNI,-11.905739,134.141794, ,0.0,0.0,2,2000,0,0,0,0,0,0
TF,MGDNF,-11.977253,134.186031,0, ,0.0,0.0,145.0,5.0,2,1840,0,0,0,0,2,0
TF,MGDNM,-12.048758,134.230289,0, ,0.0,0.0,145.0,5.0,1,233,0,0,0,0,3,1
DF,MGDNH,-12.091658,134.256858,0, ,0.0,0.0,0,0,0,0,0,0,0,1
VM,0,0,1,345.0,2,2000,0,0,0,0,0,0

APPTR,R32,32,MGDSA
IF,MGDSA,-12.194733,134.414419, ,0.0,0.0,2,2000,0,1,210,0,1,0
TF,MGDSI,-12.211264,134.330972,0, ,0.0,0.0,0.0,0.0,2,2000,0,0,0,0,1,0

APPTR,R32,32,MGDSB
IF,MGDSB,-12.282733,134.375294, ,0.0,0.0,2,2000,0,1,210,0,1,0
TF,MGDSI,-12.211264,134.330972,0, ,0.0,0.0,0.0,0.0,2,2000,0,0,0,0,1,0

APPTR,R32,32,MGDSC
IF,MGDSC,-12.276661,134.277839, ,0.0,0.0,2,2000,0,1,210,0,1,0
TF,MGDSI,-12.211264,134.330972,0, ,0.0,0.0,0.0,0.0,2,2000,0,0,0,0,1,0

FINAL,R32,32,R,3
IF,MGDSI,-12.211264,134.330972, ,0.0,0.0,2,2000,0,0,0,0,0,0
TF,MGDSF,-12.139772,134.286661,0, ,0.0,0.0,325.0,5.0,2,1850,0,0,0,0,2,0
TF,MGDSM,-12.068272,134.242375,0, ,0.0,0.0,325.0,5.0,1,247,0,0,0,0,3,1
DF,MGDSH,-12.025372,134.215811,0, ,0.0,0.0,0,0,0,0,0,0,0,1
VM,0,0,2,125.0,2,2000,0,0,0,0,0,0

