APPTR,R05-W,05,MN2WA
IF,MN2WA,-32.820917,151.353111, ,0.0,0.0,2,3400,0,1,140,0,1,0
TF,MN2WI,-32.771333,151.344556,0, ,0.0,0.0,0.0,0.0,2,2810,0,0,0,0,1,0

APPTR,R05-W,05,MN2WB
IF,MN2WB,-32.727222,151.316472, ,0.0,0.0,2,3400,0,1,140,0,1,0
TF,MN2WI,-32.771333,151.344556,0, ,0.0,0.0,0.0,0.0,2,2810,0,0,0,0,1,0

FINAL,R05-W,05,R,3
IF,MN2WI,-32.771333,151.344556, ,0.0,0.0,2,2810,0,0,0,0,0,0
TF,MN2WF,-32.747639,151.396806,0, ,0.0,0.0,49.0,3.0,2,1850,0,0,0,0,2,0
TF,MN2WM,-32.716000,151.466389,0, ,0.0,0.0,49.0,4.0,1,570,0,0,0,0,3,1
DF,MN2WH,-32.763444,151.452333,2, ,0.0,0.0,3,2000,0,1,130,0,0,1
FM,MN2WH,-32.763444,151.452333,0,CFS,0.0,0.0,219.0,2,3400,0,0,0,0,0,0

APPTR,R08-W,08,MN2WA
IF,MN2WA,-32.820917,151.353111, ,0.0,0.0,2,3400,0,1,140,0,1,0
TF,MN2WI,-32.771333,151.344556,0, ,0.0,0.0,0.0,0.0,2,2810,0,0,0,0,1,0

APPTR,R08-W,08,MN2WB
IF,MN2WB,-32.727222,151.316472, ,0.0,0.0,2,3400,0,1,140,0,1,0
TF,MN2WI,-32.771333,151.344556,0, ,0.0,0.0,0.0,0.0,2,2810,0,0,0,0,1,0

FINAL,R08-W,08,R,3
IF,MN2WI,-32.771333,151.344556, ,0.0,0.0,2,2810,0,0,0,0,0,0
TF,MN2WF,-32.747639,151.396806,0, ,0.0,0.0,49.0,3.0,2,1850,0,0,0,0,2,0
TF,MN2WM,-32.716000,151.466389,0, ,0.0,0.0,49.0,4.0,1,570,0,0,0,0,3,1
DF,MN2WH,-32.763444,151.452333,2, ,0.0,0.0,3,2000,0,1,130,0,0,1
FM,MN2WH,-32.763444,151.452333,0,CFS,0.0,0.0,219.0,2,3400,0,0,0,0,0,0

APPTR,R18-W,18,MN2WA
IF,MN2WA,-32.820917,151.353111, ,0.0,0.0,2,3400,0,1,140,0,1,0
TF,MN2WI,-32.771333,151.344556,0, ,0.0,0.0,0.0,0.0,2,2810,0,0,0,0,1,0

APPTR,R18-W,18,MN2WB
IF,MN2WB,-32.727222,151.316472, ,0.0,0.0,2,3400,0,1,140,0,1,0
TF,MN2WI,-32.771333,151.344556,0, ,0.0,0.0,0.0,0.0,2,2810,0,0,0,0,1,0

FINAL,R18-W,18,R,3
IF,MN2WI,-32.771333,151.344556, ,0.0,0.0,2,2810,0,0,0,0,0,0
TF,MN2WF,-32.747639,151.396806,0, ,0.0,0.0,49.0,3.0,2,1850,0,0,0,0,2,0
TF,MN2WM,-32.716000,151.466389,0, ,0.0,0.0,49.0,4.0,1,570,0,0,0,0,3,1
DF,MN2WH,-32.763444,151.452333,2, ,0.0,0.0,3,2000,0,1,130,0,0,1
FM,MN2WH,-32.763444,151.452333,0,CFS,0.0,0.0,219.0,2,3400,0,0,0,0,0,0

APPTR,R23-W,23,MN2WA
IF,MN2WA,-32.820917,151.353111, ,0.0,0.0,2,3400,0,1,140,0,1,0
TF,MN2WI,-32.771333,151.344556,0, ,0.0,0.0,0.0,0.0,2,2810,0,0,0,0,1,0

APPTR,R23-W,23,MN2WB
IF,MN2WB,-32.727222,151.316472, ,0.0,0.0,2,3400,0,1,140,0,1,0
TF,MN2WI,-32.771333,151.344556,0, ,0.0,0.0,0.0,0.0,2,2810,0,0,0,0,1,0

FINAL,R23-W,23,R,3
IF,MN2WI,-32.771333,151.344556, ,0.0,0.0,2,2810,0,0,0,0,0,0
TF,MN2WF,-32.747639,151.396806,0, ,0.0,0.0,49.0,3.0,2,1850,0,0,0,0,2,0
TF,MN2WM,-32.716000,151.466389,0, ,0.0,0.0,49.0,4.0,1,570,0,0,0,0,3,1
DF,MN2WH,-32.763444,151.452333,2, ,0.0,0.0,3,2000,0,1,130,0,0,1
FM,MN2WH,-32.763444,151.452333,0,CFS,0.0,0.0,219.0,2,3400,0,0,0,0,0,0

APPTR,R26-W,26,MN2WA
IF,MN2WA,-32.820917,151.353111, ,0.0,0.0,2,3400,0,1,140,0,1,0
TF,MN2WI,-32.771333,151.344556,0, ,0.0,0.0,0.0,0.0,2,2810,0,0,0,0,1,0

APPTR,R26-W,26,MN2WB
IF,MN2WB,-32.727222,151.316472, ,0.0,0.0,2,3400,0,1,140,0,1,0
TF,MN2WI,-32.771333,151.344556,0, ,0.0,0.0,0.0,0.0,2,2810,0,0,0,0,1,0

FINAL,R26-W,26,R,3
IF,MN2WI,-32.771333,151.344556, ,0.0,0.0,2,2810,0,0,0,0,0,0
TF,MN2WF,-32.747639,151.396806,0, ,0.0,0.0,49.0,3.0,2,1850,0,0,0,0,2,0
TF,MN2WM,-32.716000,151.466389,0, ,0.0,0.0,49.0,4.0,1,570,0,0,0,0,3,1
DF,MN2WH,-32.763444,151.452333,2, ,0.0,0.0,3,2000,0,1,130,0,0,1
FM,MN2WH,-32.763444,151.452333,0,CFS,0.0,0.0,219.0,2,3400,0,0,0,0,0,0

APPTR,R36-W,36,MN2WA
IF,MN2WA,-32.820917,151.353111, ,0.0,0.0,2,3400,0,1,140,0,1,0
TF,MN2WI,-32.771333,151.344556,0, ,0.0,0.0,0.0,0.0,2,2810,0,0,0,0,1,0

APPTR,R36-W,36,MN2WB
IF,MN2WB,-32.727222,151.316472, ,0.0,0.0,2,3400,0,1,140,0,1,0
TF,MN2WI,-32.771333,151.344556,0, ,0.0,0.0,0.0,0.0,2,2810,0,0,0,0,1,0

FINAL,R36-W,36,R,3
IF,MN2WI,-32.771333,151.344556, ,0.0,0.0,2,2810,0,0,0,0,0,0
TF,MN2WF,-32.747639,151.396806,0, ,0.0,0.0,49.0,3.0,2,1850,0,0,0,0,2,0
TF,MN2WM,-32.716000,151.466389,0, ,0.0,0.0,49.0,4.0,1,570,0,0,0,0,3,1
DF,MN2WH,-32.763444,151.452333,2, ,0.0,0.0,3,2000,0,1,130,0,0,1
FM,MN2WH,-32.763444,151.452333,0,CFS,0.0,0.0,219.0,2,3400,0,0,0,0,0,0

