APPTR,N19,19,MOR1
IF,MOR,-29.497222,149.851667, ,0.0,0.0,2,2100,0,1,210,0,1,0
FC,MOR,-29.497222,149.851667,0,MOR,0.0,0.0,30.0,5.3,0,0,0,0,0,0,0,1
CF,FF19,-29.427025,149.864367,1,MOR,358.0,4.3,178.0,1.5,2,2000,0,0,0,0,0,0

APPTR,N19,19,MOR2
IF,MOR,-29.497222,149.851667, ,0.0,0.0,2,2100,0,1,210,0,1,0
FC,MOR,-29.497222,149.851667,0,MOR,0.0,0.0,16.0,4.7,0,0,0,0,0,0,0,1
CF,FF19,-29.427025,149.864367,1,MOR,358.0,4.3,178.0,1.0,2,2000,0,0,0,0,0,0

FINAL,N19,19,N,3
IF,FF19,-29.427025,149.864367,MOR,0.0,0.0,2,2000,0,0,0,0,2,0
CF,EP19,-29.493036,149.852422,0,MOR,0.0,0.0,178.0,4.0,1,751,0,0,0,0,0,1
CF,MOR,-29.497222,149.851667,0,MOR,0.0,0.0,178.0,0.3,2,1210,0,0,0,0,3,1
CA,0,178.0,2,2100,0,0,0,0,0,0

APPTR,R01,01,MRZSE
IF,MRZSE,-29.716422,149.862322, ,0.0,0.0,2,3500,0,1,210,0,1,0
TF,MRZSI,-29.665806,149.786206,0, ,0.0,0.0,0.0,0.0,2,3500,0,0,0,0,1,0

APPTR,R01,01,MRZSG
IF,MRZSG,-29.745558,149.757722, ,0.0,0.0,2,3500,0,1,210,0,1,0
TF,MRZSI,-29.665806,149.786206,0, ,0.0,0.0,0.0,0.0,2,3500,0,0,0,0,1,0

APPTR,R01,01,MRZSJ
IF,MRZSJ,-29.669692,149.690656, ,0.0,0.0,2,3500,0,1,210,0,1,0
TF,MRZSI,-29.665806,149.786206,0, ,0.0,0.0,0.0,0.0,2,3500,0,0,0,0,1,0

FINAL,R01,01,R,3
IF,MRZSI,-29.665806,149.786206, ,0.0,0.0,2,3500,0,0,0,0,0,0
TF,MRZSF,-29.586047,149.814647,0, ,0.0,0.0,7.0,5.0,2,2340,0,0,0,0,2,0
TF,RW01,-29.506283,149.843042,0, ,0.0,0.0,7.0,5.0,1,747,0,0,0,0,3,1
DF,MRZSH,-29.458419,149.860058,0, ,0.0,0.0,0,0,0,0,0,0,0,0
CA,0,7.0,2,3500,0,0,0,0,0,0

APPTR,R19,19,MRZNA
IF,MRZNA,-29.282272,149.828764, ,0.0,0.0,2,3500,0,1,210,0,1,0
TF,MRZNI,-29.332867,149.904614,0, ,0.0,0.0,0.0,0.0,2,3500,0,0,0,0,1,0

APPTR,R19,19,MRZNC
IF,MRZNC,-29.253078,149.932869, ,0.0,0.0,2,3500,0,1,210,0,1,0
TF,MRZNI,-29.332867,149.904614,0, ,0.0,0.0,0.0,0.0,2,3500,0,0,0,0,1,0

APPTR,R19,19,MRZND
IF,MRZND,-29.328828,149.999842, ,0.0,0.0,2,3500,0,1,210,0,1,0
TF,MRZNI,-29.332867,149.904614,0, ,0.0,0.0,0.0,0.0,2,3500,0,0,0,0,1,0

FINAL,R19,19,R,3
IF,MRZNI,-29.332867,149.904614, ,0.0,0.0,2,3500,0,0,0,0,0,0
TF,MRZNF,-29.412647,149.876317,0, ,0.0,0.0,187.0,5.0,2,2340,0,0,0,0,2,0
TF,RW19,-29.492419,149.847972,0, ,0.0,0.0,187.0,5.0,1,751,0,0,0,0,3,1
DF,MRZNH,-29.540281,149.830944,0, ,0.0,0.0,0,0,0,0,0,0,0,0
CA,0,187.0,2,3500,0,0,0,0,0,0

