APPTR,R18,18,MRYNA
IF,MRYNA,-35.677025,150.104344, ,0.0,0.0,2,4900,0,1,210,0,1,0
TF,MRYNI,-35.721028,150.191281,0, ,0.0,0.0,0.0,0.0,2,3340,0,0,0,0,1,0

APPTR,R18,18,MRYNC
IF,MRYNC,-35.639322,150.212136, ,0.0,0.0,2,4900,0,1,210,0,1,0
TF,MRYNI,-35.721028,150.191281,0, ,0.0,0.0,0.0,0.0,2,3340,0,0,0,0,1,0

APPTR,R18,18,MRYND
IF,MRYND,-35.709075,150.292561, ,0.0,0.0,2,4900,0,1,210,0,1,0
TF,MRYNI,-35.721028,150.191281,0, ,0.0,0.0,0.0,0.0,2,3340,0,0,0,0,1,0

FINAL,R18,18,R,3
IF,MRYNI,-35.721028,150.191281, ,0.0,0.0,2,3340,0,0,0,0,0,0
TF,MRYNF,-35.802731,150.170381,0, ,0.0,0.0,179.0,5.0,2,1750,0,0,0,0,2,0
TF,MRYNM,-35.884425,150.149439,0, ,0.0,0.0,179.0,5.0,1,156,0,0,0,0,3,1
CA,0,179.0,2,700,0,0,0,0,0,0
DF,MRYNH,-35.948436,150.241497,1, ,0.0,0.0,0,0,0,0,0,0,0,0
CA,0,10.0,2,2800,0,0,0,0,0,0

APPTR,R36,36,MRYSE
IF,MRYSE,-36.109600,150.190244, ,0.0,0.0,2,2800,0,1,210,0,1,0
TF,MRYSI,-36.065656,150.102839,0, ,0.0,0.0,0.0,0.0,2,2800,0,0,0,0,1,0

APPTR,R36,36,MRYSG
IF,MRYSG,-36.196353,150.069153, ,0.0,0.0,2,5700,0,1,210,0,1,0
TF,MRYSI,-36.065656,150.102839,0, ,0.0,0.0,0.0,0.0,2,2800,0,0,0,0,1,0

APPTR,R36,36,MRYSJ
IF,MRYSJ,-36.084589,149.940022, ,0.0,0.0,2,5700,0,1,210,0,1,0
TF,MRYSI,-36.065656,150.102839,0, ,0.0,0.0,0.0,0.0,2,2800,0,0,0,0,1,0

FINAL,R36,36,R,3
IF,MRYSI,-36.065656,150.102839, ,0.0,0.0,2,2800,0,0,0,0,0,0
TF,MRYSF,-35.983967,150.123858,0, ,0.0,0.0,359.0,5.0,2,1660,0,0,0,0,2,0
TF,RW36,-35.902272,150.144858,0, ,0.0,0.0,359.0,5.0,1,66,0,0,0,0,3,1
DF,MRYSH,-35.836922,150.161622,0, ,0.0,0.0,0,0,0,0,0,0,0,1
VM,0,0,2,160.0,2,2800,0,0,0,0,0,0

