APPTR,R17,17,MBHND
IF,MBHND,-25.384806,152.629667, ,0.0,0.0,1,2000,0,1,210,0,1,0
TF,MBHNI,-25.400056,152.699444,0, ,0.0,0.0,0.0,0.0,1,2000,0,0,0,0,1,0

APPTR,R17,17,MBHNE
IF,MBHNE,-25.335278,152.691361, ,0.0,0.0,1,2000,0,1,210,0,1,0
TF,MBHNI,-25.400056,152.699444,0, ,0.0,0.0,0.0,0.0,1,2000,0,0,0,0,1,0

APPTR,R17,17,MBHNG
IF,MBHNG,-25.371000,152.763694, ,0.0,0.0,1,2000,0,1,210,0,1,0
TF,MBHNI,-25.400056,152.699444,0, ,0.0,0.0,0.0,0.0,1,2000,0,0,0,0,1,0

FINAL,R17,17,R,3
IF,MBHNI,-25.400056,152.699444, ,0.0,0.0,1,2000,0,0,0,0,0,0
TF,MBHNF,-25.456556,152.706500,0, ,0.0,0.0,163.0,3.4,2,1040,0,0,0,0,2,0
TF,RW17,-25.506381,152.712714,0, ,0.0,0.0,163.0,3.0,1,80,0,0,0,0,3,1
DF,MBHNH,-25.556222,152.718944,0, ,0.0,0.0,0,0,0,0,0,0,0,0
CA,0,163.0,2,2000,0,0,0,0,0,0

APPTR,R35,35,MBHSA
IF,MBHSA,-25.710806,152.825583, ,0.0,0.0,2,3100,0,1,210,0,1,0
TF,MBHSI,-25.691278,152.735861,0, ,0.0,0.0,0.0,0.0,2,3100,0,0,0,0,1,0

APPTR,R35,35,MBHSB
IF,MBHSB,-25.774333,152.746278, ,0.0,0.0,2,3100,0,1,210,0,1,0
TF,MBHSI,-25.691278,152.735861,0, ,0.0,0.0,0.0,0.0,2,3100,0,0,0,0,1,0

APPTR,R35,35,MBHSC
IF,MBHSC,-25.728556,152.653222, ,0.0,0.0,2,3100,0,1,210,0,1,0
TF,MBHSI,-25.691278,152.735861,0, ,0.0,0.0,0.0,0.0,2,3100,0,0,0,0,1,0

FINAL,R35,35,R,3
IF,MBHSI,-25.691278,152.735861, ,0.0,0.0,2,3100,0,0,0,0,0,0
TF,MBHSF,-25.608194,152.725444,0, ,0.0,0.0,343.0,5.0,2,1770,0,0,0,0,2,0
TF,RW35,-25.520622,152.714494,0, ,0.0,0.0,343.0,5.3,1,88,0,0,0,0,3,1
DF,MBHSH,-25.475250,152.708833,0, ,0.0,0.0,0,0,0,0,0,0,0,1
VM,0,0,1,163.0,2,3100,0,0,0,0,0,0

