APPTR,R13-E,13,NPESA
IF,NPESA,-11.044753,142.655722, ,0.0,0.0,2,2000,0,1,210,0,1,0
TF,NPESI,-11.077131,142.577569,0, ,0.0,0.0,0.0,0.0,2,2000,0,0,0,0,1,0

APPTR,R13-E,13,NPESB
IF,NPESB,-11.138600,142.635108, ,0.0,0.0,2,2000,0,1,210,0,1,0
TF,NPESI,-11.077131,142.577569,0, ,0.0,0.0,0.0,0.0,2,2000,0,0,0,0,1,0

APPTR,R13-E,13,NPESC
IF,NPESC,-11.151550,142.538747, ,0.0,0.0,2,2000,0,1,210,0,1,0
TF,NPESI,-11.077131,142.577569,0, ,0.0,0.0,0.0,0.0,2,2000,0,0,0,0,1,0

FINAL,R13-E,13,R,3
IF,NPESI,-11.077131,142.577569, ,0.0,0.0,2,2000,0,0,0,0,0,0
TF,NPESF,-11.015644,142.520053,0, ,0.0,0.0,312.0,5.0,2,1750,0,0,0,0,2,0
TF,NPESM,-10.954144,142.462561,0, ,0.0,0.0,312.0,5.0,1,161,0,0,0,0,3,1
DF,NPESH,-10.917236,142.428078,0, ,0.0,0.0,0,0,0,0,0,0,0,1
VM,0,0,1,155.0,2,2000,0,0,0,0,0,0

APPTR,R13-W,13,NPEND
IF,NPEND,-10.845683,142.252981, ,0.0,0.0,2,2000,0,1,210,0,1,0
TF,NPENI,-10.813392,142.331122,0, ,0.0,0.0,0.0,0.0,2,2000,0,0,0,0,1,0

APPTR,R13-W,13,NPENE
IF,NPENE,-10.751847,142.273711, ,0.0,0.0,2,2000,0,1,210,0,1,0
TF,NPENI,-10.813392,142.331122,0, ,0.0,0.0,0.0,0.0,2,2000,0,0,0,0,1,0

APPTR,R13-W,13,NPENG
IF,NPENG,-10.738994,142.369967, ,0.0,0.0,2,2000,0,1,210,0,1,0
TF,NPENI,-10.813392,142.331122,0, ,0.0,0.0,0.0,0.0,2,2000,0,0,0,0,1,0

FINAL,R13-W,13,R,3
IF,NPENI,-10.813392,142.331122, ,0.0,0.0,2,2000,0,0,0,0,0,0
TF,NPENF,-10.874925,142.388561,0, ,0.0,0.0,132.0,5.0,2,1730,0,0,0,0,2,0
TF,NPENM,-10.936442,142.446022,0, ,0.0,0.0,132.0,5.0,1,134,0,0,0,0,3,1
DF,NPENH,-10.973347,142.480511,0, ,0.0,0.0,0,0,0,0,0,0,0,1
VM,0,0,2,285.0,2,2000,0,0,0,0,0,0

APPTR,R31-E,31,NPESA
IF,NPESA,-11.044753,142.655722, ,0.0,0.0,2,2000,0,1,210,0,1,0
TF,NPESI,-11.077131,142.577569,0, ,0.0,0.0,0.0,0.0,2,2000,0,0,0,0,1,0

APPTR,R31-E,31,NPESB
IF,NPESB,-11.138600,142.635108, ,0.0,0.0,2,2000,0,1,210,0,1,0
TF,NPESI,-11.077131,142.577569,0, ,0.0,0.0,0.0,0.0,2,2000,0,0,0,0,1,0

APPTR,R31-E,31,NPESC
IF,NPESC,-11.151550,142.538747, ,0.0,0.0,2,2000,0,1,210,0,1,0
TF,NPESI,-11.077131,142.577569,0, ,0.0,0.0,0.0,0.0,2,2000,0,0,0,0,1,0

FINAL,R31-E,31,R,3
IF,NPESI,-11.077131,142.577569, ,0.0,0.0,2,2000,0,0,0,0,0,0
TF,NPESF,-11.015644,142.520053,0, ,0.0,0.0,312.0,5.0,2,1750,0,0,0,0,2,0
TF,NPESM,-10.954144,142.462561,0, ,0.0,0.0,312.0,5.0,1,161,0,0,0,0,3,1
DF,NPESH,-10.917236,142.428078,0, ,0.0,0.0,0,0,0,0,0,0,0,1
VM,0,0,1,155.0,2,2000,0,0,0,0,0,0

APPTR,R31-W,31,NPEND
IF,NPEND,-10.845683,142.252981, ,0.0,0.0,2,2000,0,1,210,0,1,0
TF,NPENI,-10.813392,142.331122,0, ,0.0,0.0,0.0,0.0,2,2000,0,0,0,0,1,0

APPTR,R31-W,31,NPENE
IF,NPENE,-10.751847,142.273711, ,0.0,0.0,2,2000,0,1,210,0,1,0
TF,NPENI,-10.813392,142.331122,0, ,0.0,0.0,0.0,0.0,2,2000,0,0,0,0,1,0

APPTR,R31-W,31,NPENG
IF,NPENG,-10.738994,142.369967, ,0.0,0.0,2,2000,0,1,210,0,1,0
TF,NPENI,-10.813392,142.331122,0, ,0.0,0.0,0.0,0.0,2,2000,0,0,0,0,1,0

FINAL,R31-W,31,R,3
IF,NPENI,-10.813392,142.331122, ,0.0,0.0,2,2000,0,0,0,0,0,0
TF,NPENF,-10.874925,142.388561,0, ,0.0,0.0,132.0,5.0,2,1730,0,0,0,0,2,0
TF,NPENM,-10.936442,142.446022,0, ,0.0,0.0,132.0,5.0,1,134,0,0,0,0,3,1
DF,NPENH,-10.973347,142.480511,0, ,0.0,0.0,0,0,0,0,0,0,0,1
VM,0,0,2,285.0,2,2000,0,0,0,0,0,0

