APPTR,N01-A,01,PLC1
IF,PLC,-34.604422,135.873253, ,0.0,0.0,2,2600,0,1,180,0,1,0
FC,PLC,-34.604422,135.873253,0,PLC,0.0,0.0,59.0,6.0,0,0,0,0,0,0,0,1
CF,FF218,-34.536606,135.955167,1,PLC,38.0,5.7,218.0,1.0,2,1800,0,0,0,0,0,0

APPTR,N01-A,01,PLC2
IF,PLC,-34.604422,135.873253, ,0.0,0.0,2,2600,0,0,0,0,1,0
FC,PLC,-34.604422,135.873253,0,PLC,0.0,0.0,53.0,5.8,0,0,0,0,0,0,0,1
CF,FF218,-34.536606,135.955167,1,PLC,38.0,5.7,218.0,1.0,2,1800,0,0,0,0,0,0

FINAL,N01-A,01,N,2
IF,FF218,-34.536606,135.955167,PLC,0.0,0.0,2,1800,0,0,0,0,2,0
CF,PLC,-34.604422,135.873253,0,PLC,0.0,0.0,218.0,5.7,1,1110,0,0,0,0,3,0
CA,1,118.0,2,2600,0,0,0,0,0,0

APPTR,N05-A,05,PLC1
IF,PLC,-34.604422,135.873253, ,0.0,0.0,2,2600,0,1,180,0,1,0
FC,PLC,-34.604422,135.873253,0,PLC,0.0,0.0,59.0,6.0,0,0,0,0,0,0,0,1
CF,FF218,-34.536606,135.955167,1,PLC,38.0,5.7,218.0,1.0,2,1800,0,0,0,0,0,0

APPTR,N05-A,05,PLC2
IF,PLC,-34.604422,135.873253, ,0.0,0.0,2,2600,0,0,0,0,1,0
FC,PLC,-34.604422,135.873253,0,PLC,0.0,0.0,53.0,5.8,0,0,0,0,0,0,0,1
CF,FF218,-34.536606,135.955167,1,PLC,38.0,5.7,218.0,1.0,2,1800,0,0,0,0,0,0

FINAL,N05-A,05,N,2
IF,FF218,-34.536606,135.955167,PLC,0.0,0.0,2,1800,0,0,0,0,2,0
CF,PLC,-34.604422,135.873253,0,PLC,0.0,0.0,218.0,5.7,1,1110,0,0,0,0,3,0
CA,1,118.0,2,2600,0,0,0,0,0,0

APPTR,N15-A,15,PLC1
IF,PLC,-34.604422,135.873253, ,0.0,0.0,2,2600,0,1,180,0,1,0
FC,PLC,-34.604422,135.873253,0,PLC,0.0,0.0,59.0,6.0,0,0,0,0,0,0,0,1
CF,FF218,-34.536606,135.955167,1,PLC,38.0,5.7,218.0,1.0,2,1800,0,0,0,0,0,0

APPTR,N15-A,15,PLC2
IF,PLC,-34.604422,135.873253, ,0.0,0.0,2,2600,0,0,0,0,1,0
FC,PLC,-34.604422,135.873253,0,PLC,0.0,0.0,53.0,5.8,0,0,0,0,0,0,0,1
CF,FF218,-34.536606,135.955167,1,PLC,38.0,5.7,218.0,1.0,2,1800,0,0,0,0,0,0

FINAL,N15-A,15,N,2
IF,FF218,-34.536606,135.955167,PLC,0.0,0.0,2,1800,0,0,0,0,2,0
CF,PLC,-34.604422,135.873253,0,PLC,0.0,0.0,218.0,5.7,1,1110,0,0,0,0,3,0
CA,1,118.0,2,2600,0,0,0,0,0,0

APPTR,N19-A,19,PLC1
IF,PLC,-34.604422,135.873253, ,0.0,0.0,2,2600,0,1,180,0,1,0
FC,PLC,-34.604422,135.873253,0,PLC,0.0,0.0,59.0,6.0,0,0,0,0,0,0,0,1
CF,FF218,-34.536606,135.955167,1,PLC,38.0,5.7,218.0,1.0,2,1800,0,0,0,0,0,0

APPTR,N19-A,19,PLC2
IF,PLC,-34.604422,135.873253, ,0.0,0.0,2,2600,0,0,0,0,1,0
FC,PLC,-34.604422,135.873253,0,PLC,0.0,0.0,53.0,5.8,0,0,0,0,0,0,0,1
CF,FF218,-34.536606,135.955167,1,PLC,38.0,5.7,218.0,1.0,2,1800,0,0,0,0,0,0

FINAL,N19-A,19,N,2
IF,FF218,-34.536606,135.955167,PLC,0.0,0.0,2,1800,0,0,0,0,2,0
CF,PLC,-34.604422,135.873253,0,PLC,0.0,0.0,218.0,5.7,1,1110,0,0,0,0,3,0
CA,1,118.0,2,2600,0,0,0,0,0,0

APPTR,N23-A,23,PLC1
IF,PLC,-34.604422,135.873253, ,0.0,0.0,2,2600,0,1,180,0,1,0
FC,PLC,-34.604422,135.873253,0,PLC,0.0,0.0,59.0,6.0,0,0,0,0,0,0,0,1
CF,FF218,-34.536606,135.955167,1,PLC,38.0,5.7,218.0,1.0,2,1800,0,0,0,0,0,0

APPTR,N23-A,23,PLC2
IF,PLC,-34.604422,135.873253, ,0.0,0.0,2,2600,0,0,0,0,1,0
FC,PLC,-34.604422,135.873253,0,PLC,0.0,0.0,53.0,5.8,0,0,0,0,0,0,0,1
CF,FF218,-34.536606,135.955167,1,PLC,38.0,5.7,218.0,1.0,2,1800,0,0,0,0,0,0

FINAL,N23-A,23,N,2
IF,FF218,-34.536606,135.955167,PLC,0.0,0.0,2,1800,0,0,0,0,2,0
CF,PLC,-34.604422,135.873253,0,PLC,0.0,0.0,218.0,5.7,1,1110,0,0,0,0,3,0
CA,1,118.0,2,2600,0,0,0,0,0,0

APPTR,N33-A,33,PLC1
IF,PLC,-34.604422,135.873253, ,0.0,0.0,2,2600,0,1,180,0,1,0
FC,PLC,-34.604422,135.873253,0,PLC,0.0,0.0,59.0,6.0,0,0,0,0,0,0,0,1
CF,FF218,-34.536606,135.955167,1,PLC,38.0,5.7,218.0,1.0,2,1800,0,0,0,0,0,0

APPTR,N33-A,33,PLC2
IF,PLC,-34.604422,135.873253, ,0.0,0.0,2,2600,0,0,0,0,1,0
FC,PLC,-34.604422,135.873253,0,PLC,0.0,0.0,53.0,5.8,0,0,0,0,0,0,0,1
CF,FF218,-34.536606,135.955167,1,PLC,38.0,5.7,218.0,1.0,2,1800,0,0,0,0,0,0

FINAL,N33-A,33,N,2
IF,FF218,-34.536606,135.955167,PLC,0.0,0.0,2,1800,0,0,0,0,2,0
CF,PLC,-34.604422,135.873253,0,PLC,0.0,0.0,218.0,5.7,1,1110,0,0,0,0,3,0
CA,1,118.0,2,2600,0,0,0,0,0,0

APPTR,R19,19,PLZNA
IF,PLZNA,-34.375214,135.907708, ,0.0,0.0,2,3600,0,1,210,0,1,0
TF,PLZNI,-34.435903,135.976858,0, ,0.0,0.0,0.0,0.0,2,3540,0,0,0,0,1,0

APPTR,R19,19,PLZNC
IF,PLZNC,-34.361267,136.021958, ,0.0,0.0,2,3600,0,1,210,0,1,0
TF,PLZNI,-34.435903,135.976858,0, ,0.0,0.0,0.0,0.0,2,3540,0,0,0,0,1,0

APPTR,R19,19,PLZND
IF,PLZND,-34.445483,136.076950, ,0.0,0.0,2,3600,0,1,210,0,1,0
TF,PLZNI,-34.435903,135.976858,0, ,0.0,0.0,0.0,0.0,2,3540,0,0,0,0,1,0

FINAL,R19,19,R,3
IF,PLZNI,-34.435903,135.976858, ,0.0,0.0,2,3540,0,0,0,0,0,0
TF,PLZNF,-34.510539,135.931719,0, ,0.0,0.0,200.0,5.0,2,1950,0,0,0,0,2,0
TF,PLZNM,-34.585175,135.886539,0, ,0.0,0.0,200.0,5.0,1,356,0,0,0,0,3,1
DF,PLZNH,-34.629947,135.859392,0, ,0.0,0.0,0,0,0,0,0,0,0,0
CA,0,200.0,2,2600,0,0,0,0,0,0

