APPTR,R14,14,TMONA
IF,TMONA,-21.680372,139.726489, ,0.0,0.0,2,3000,0,1,210,0,1,0
TF,TMONI,-21.659936,139.813247,0, ,0.0,0.0,0.0,0.0,2,3000,0,0,0,0,1,0

APPTR,R14,14,TMONC
IF,TMONC,-21.590694,139.763083, ,0.0,0.0,2,3000,0,1,210,0,1,0
TF,TMONI,-21.659936,139.813247,0, ,0.0,0.0,0.0,0.0,2,3000,0,0,0,0,1,0

APPTR,R14,14,TMOND
IF,TMOND,-21.592133,139.865606, ,0.0,0.0,2,3000,0,1,210,0,1,0
TF,TMONI,-21.659936,139.813247,0, ,0.0,0.0,0.0,0.0,2,3000,0,0,0,0,1,0

FINAL,R14,14,R,3
IF,TMONI,-21.659936,139.813247, ,0.0,0.0,2,3000,0,0,0,0,0,0
TF,TMONF,-21.729158,139.863456,0, ,0.0,0.0,140.0,5.0,2,2680,0,0,0,0,2,0
TF,RW14,-21.802103,139.916428,0, ,0.0,0.0,140.0,5.3,1,999,0,0,0,0,3,1
DF,TMONH,-21.839883,139.943892,0, ,0.0,0.0,0,0,0,0,0,0,0,1
VM,0,0,2,316.0,2,3000,0,0,0,0,0,0

APPTR,R32,32,TMOSE
IF,TMOSE,-21.937894,140.117072, ,0.0,0.0,2,3000,0,1,210,0,1,0
TF,TMOSI,-21.958389,140.030164,0, ,0.0,0.0,0.0,0.0,2,3000,0,0,0,0,1,0

APPTR,R32,32,TMOSG
IF,TMOSG,-22.027542,140.080586, ,0.0,0.0,2,3000,0,1,210,0,1,0
TF,TMOSI,-21.958389,140.030164,0, ,0.0,0.0,0.0,0.0,2,3000,0,0,0,0,1,0

APPTR,R32,32,TMOSJ
IF,TMOSJ,-22.026181,139.977658, ,0.0,0.0,2,3000,0,1,210,0,1,0
TF,TMOSI,-21.958389,140.030164,0, ,0.0,0.0,0.0,0.0,2,3000,0,0,0,0,1,0

FINAL,R32,32,R,3
IF,TMOSI,-21.958389,140.030164, ,0.0,0.0,2,3000,0,0,0,0,0,0
TF,TMOSF,-21.889219,139.979789,0, ,0.0,0.0,320.0,5.0,2,2680,0,0,0,0,2,0
TF,RW32,-21.816300,139.926747,0, ,0.0,0.0,320.0,5.3,1,997,0,0,0,0,3,1
DF,TMOSH,-21.778517,139.899292,0, ,0.0,0.0,0,0,0,0,0,0,0,1
VM,0,0,1,151.0,2,3000,0,0,0,0,0,0

