APPTR,R14,14,TT2ND
IF,TT2ND,-13.646006,126.003703, ,0.0,0.0,2,1500,0,0,0,0,1,0
TF,TT2NI,-13.631594,126.070564,0, ,0.0,0.0,0.0,0.0,2,1500,0,0,0,0,1,0

APPTR,R14,14,TT2NE
IF,TT2NE,-13.575078,126.033850, ,0.0,0.0,2,1500,0,0,0,0,1,0
TF,TT2NI,-13.631594,126.070564,0, ,0.0,0.0,0.0,0.0,2,1500,0,0,0,0,1,0

APPTR,R14,14,TT2NG
IF,TT2NG,-13.578514,126.112292, ,0.0,0.0,2,1500,0,0,0,0,1,0
TF,TT2NI,-13.631594,126.070564,0, ,0.0,0.0,0.0,0.0,2,1500,0,0,0,0,1,0

FINAL,R14,14,R,3
IF,TT2NI,-13.631594,126.070564, ,0.0,0.0,2,1500,0,0,0,0,0,0
TF,TT2NF,-13.688103,126.107294,0, ,0.0,0.0,146.0,4.0,2,1430,0,0,0,0,2,0
TF,TT2NM,-13.744608,126.144042,0, ,0.0,0.0,146.0,4.0,1,141,0,0,0,0,3,1
DF,TT2NH,-13.772858,126.162422,0, ,0.0,0.0,0,0,0,0,0,0,0,0
VM,0,0,0,146.0,2,1800,0,0,0,0,0,0

APPTR,R32,32,TT2SA
IF,TT2SA,-13.925817,126.185686, ,0.0,0.0,1,1800,0,0,0,0,1,0
TF,TT2SI,-13.872719,126.227442,0, ,0.0,0.0,0.0,0.0,1,1800,0,0,0,0,1,0

APPTR,R32,32,TT2SB
IF,TT2SB,-13.929203,126.264247, ,0.0,0.0,1,1800,0,0,0,0,1,0
TF,TT2SI,-13.872719,126.227442,0, ,0.0,0.0,0.0,0.0,1,1800,0,0,0,0,1,0

APPTR,R32,32,TT2SC
IF,TT2SC,-13.858247,126.294353, ,0.0,0.0,1,1800,0,0,0,0,1,0
TF,TT2SI,-13.872719,126.227442,0, ,0.0,0.0,0.0,0.0,1,1800,0,0,0,0,1,0

FINAL,R32,32,R,3
IF,TT2SI,-13.872719,126.227442, ,0.0,0.0,1,1800,0,0,0,0,0,0
TF,TT2SF,-13.816228,126.190653,0, ,0.0,0.0,326.0,4.0,2,1430,0,0,0,0,2,0
TF,TT2SM,-13.759731,126.153883,0, ,0.0,0.0,326.0,4.0,1,141,0,0,0,0,3,1
DF,TT2SH,-13.731481,126.135503,0, ,0.0,0.0,0,0,0,0,0,0,0,0
VM,0,0,0,326.0,2,1800,0,0,0,0,0,0

