APPTR,R18,18,WGTNA
IF,WGTNA,-36.199167,146.249278, ,0.0,0.0,2,3000,0,1,210,0,1,0
TF,WGTNI,-36.238667,146.340000,0, ,0.0,0.0,0.0,0.0,2,3000,0,0,0,0,0,0

APPTR,R18,18,WGTNC
IF,WGTNC,-36.156083,146.354722, ,0.0,0.0,2,3000,0,1,210,0,1,0
TF,WGTNI,-36.238667,146.340000,0, ,0.0,0.0,0.0,0.0,2,3000,0,0,0,0,0,0

FINAL,R18,18,R,3
IF,WGTNI,-36.238667,146.340000, ,0.0,0.0,2,3000,0,0,0,0,0,0
TF,WGTNF,-36.321278,146.325250,0, ,0.0,0.0,177.0,5.0,2,2230,0,0,0,0,2,0
TF,RW18,-36.408311,146.309672,0, ,0.0,0.0,177.0,5.3,1,549,0,0,0,0,3,1
DF,WGTNT,-36.457864,146.300794,0, ,0.0,0.0,0,0,0,0,0,0,0,1
DF,WGTNH,-36.401111,146.393028,1, ,0.0,0.0,0,0,0,1,210,0,0,0
VM,0,0,0,360.0,2,3000,0,0,0,0,0,0

