APPTR,N33,33,WLU1
IF,WLU,-26.624783,120.220008, ,0.0,0.0,2,3400,0,1,210,0,1,0
FC,WLU,-26.624783,120.220008,0,WLU,0.0,0.0,119.0,5.3,0,0,0,0,0,0,0,1
CF,FN33,-26.701319,120.263431,2,WLU,152.0,5.1,332.0,1.0,2,3000,0,0,0,0,0,0

APPTR,N33,33,WLU2
IF,WLU,-26.624783,120.220008, ,0.0,0.0,2,3400,0,1,140,0,1,0
FC,WLU,-26.624783,120.220008,0,WLU,0.0,0.0,137.0,5.8,0,0,0,0,0,0,0,1
CF,FN33,-26.701319,120.263431,2,WLU,152.0,5.1,332.0,1.0,2,3000,0,0,0,0,0,0

FINAL,N33,33,N,2
IF,FN33,-26.701319,120.263431,WLU,0.0,0.0,2,3000,0,0,0,0,2,0
CF,RW33,-26.639517,120.226947,0,WLU,0.0,0.0,332.0,4.2,1,1676,0,0,0,0,3,0
CF,WLU,-26.624783,120.220008,0,WLU,0.0,0.0,332.0,1.0,0,0,0,0,0,0,0,1
CA,0,332.0,2,3400,0,0,0,0,0,0

APPTR,R15,15,WLUND
IF,WLUND,-26.501833,120.021556, ,0.0,0.0,2,3400,0,1,210,0,1,0
TF,WLUNI,-26.482556,120.111917,0, ,0.0,0.0,0.0,0.0,2,3400,0,0,0,0,1,0

APPTR,R15,15,WLUNE
IF,WLUNE,-26.412750,120.060889, ,0.0,0.0,2,3400,0,1,210,0,1,0
TF,WLUNI,-26.482556,120.111917,0, ,0.0,0.0,0.0,0.0,2,3400,0,0,0,0,1,0

APPTR,R15,15,WLUNG
IF,WLUNG,-26.415500,120.167333, ,0.0,0.0,2,3400,0,1,210,0,1,0
TF,WLUNI,-26.482556,120.111917,0, ,0.0,0.0,0.0,0.0,2,3400,0,0,0,0,1,0

FINAL,R15,15,R,3
IF,WLUNI,-26.482556,120.111917, ,0.0,0.0,2,3400,0,0,0,0,0,0
TF,WLUNF,-26.552361,120.163028,0, ,0.0,0.0,146.0,5.0,2,3380,0,0,0,0,2,0
TF,WLUNM,-26.622167,120.214167,0, ,0.0,0.0,146.0,5.0,1,1788,0,0,0,0,3,1
DF,WLUNH,-26.664028,120.244889,0, ,0.0,0.0,0,0,0,0,0,0,0,0
CA,0,146.0,2,3400,0,0,0,0,0,0

APPTR,R33,33,WLUSA
IF,WLUSA,-26.763361,120.422806, ,0.0,0.0,2,3400,0,1,210,0,1,0
TF,WLUSI,-26.782833,120.332250,0, ,0.0,0.0,0.0,0.0,2,3400,0,0,0,0,1,0

APPTR,R33,33,WLUSB
IF,WLUSB,-26.852556,120.383611, ,0.0,0.0,2,3400,0,1,210,0,1,0
TF,WLUSI,-26.782833,120.332250,0, ,0.0,0.0,0.0,0.0,2,3400,0,0,0,0,1,0

APPTR,R33,33,WLUSC
IF,WLUSC,-26.849944,120.276778, ,0.0,0.0,2,3400,0,1,210,0,1,0
TF,WLUSI,-26.782833,120.332250,0, ,0.0,0.0,0.0,0.0,2,3400,0,0,0,0,1,0

FINAL,R33,33,R,3
IF,WLUSI,-26.782833,120.332250, ,0.0,0.0,2,3400,0,0,0,0,0,0
TF,WLUSF,-26.713083,120.280944,0, ,0.0,0.0,326.0,5.0,2,3350,0,0,0,0,2,0
TF,WLUSM,-26.643333,120.229722,0, ,0.0,0.0,326.0,5.0,1,1763,0,0,0,0,3,1
DF,WLUSH,-26.601472,120.199000,0, ,0.0,0.0,0,0,0,0,0,0,0,0
CA,0,326.0,2,3400,0,0,0,0,0,0

