SID,BOT8XD,18L,5
DF,DE18L,40.055467,116.600167,0, ,0.0,0.0,0,0,0,0,0,0,0,1
CA,0,179.0,2,500,0,0,0,0,0,0
DF,AA511,39.978889,116.695556,0, ,0.0,0.0,2,990,0,1,205,0,0,0
TF,AA512,40.000194,116.885722,0, ,0.0,0.0,0.0,0.0,2,3940,0,0,0,0,0,0
TF,AA513,40.022306,117.087139,0, ,0.0,0.0,0.0,0.0,2,6890,0,0,0,0,0,0
TF,AA514,40.413611,117.014722,0, ,0.0,0.0,0.0,0.0,4,13800,12800,0,0,0,0,0
TF,AA515,40.279222,115.999417,1, ,0.0,0.0,0.0,0.0,2,15700,0,0,0,0,0,0
TF,BOTPU,39.985278,115.475000,0, ,0.0,0.0,0.0,0.0,2,15700,0,0,0,0,0,0

SID,BOT8YD,19,5
DF,DER19,40.058914,116.617658,0, ,0.0,0.0,0,0,0,0,0,0,0,1
CA,0,179.0,2,500,0,0,0,0,0,0
DF,AA511,39.978889,116.695556,0, ,0.0,0.0,2,990,0,1,205,0,0,0
TF,AA512,40.000194,116.885722,0, ,0.0,0.0,0.0,0.0,2,3940,0,0,0,0,0,0
TF,AA513,40.022306,117.087139,0, ,0.0,0.0,0.0,0.0,2,6890,0,0,0,0,0,0
TF,AA514,40.413611,117.014722,0, ,0.0,0.0,0.0,0.0,4,13800,12800,0,0,0,0,0
TF,AA515,40.279222,115.999417,1, ,0.0,0.0,0.0,0.0,2,15700,0,0,0,0,0,0
TF,BOTPU,39.985278,115.475000,0, ,0.0,0.0,0.0,0.0,2,15700,0,0,0,0,0,0

SID,BOT8ZD,18R,5
DF,DE18R,40.073450,116.574192,0, ,0.0,0.0,0,0,0,0,0,0,0,1
CA,0,179.0,2,500,0,0,0,0,0,0
DF,AA571,39.895278,116.537222,0, ,0.0,0.0,2,2960,0,0,0,0,0,0
TF,AA572,39.757278,116.509389,0, ,0.0,0.0,0.0,0.0,2,4930,0,0,0,0,0,0
TF,AA573,39.746083,116.336222,0, ,0.0,0.0,0.0,0.0,2,7880,0,0,0,0,0,0
TF,AA574,39.725222,116.022083,0, ,0.0,0.0,0.0,0.0,4,12800,9850,0,0,0,0,0
TF,AA576,39.857278,115.746778,0, ,0.0,0.0,0.0,0.0,2,13800,0,0,0,0,0,0
TF,BOTPU,39.985278,115.475000,0, ,0.0,0.0,0.0,0.0,2,15700,0,0,0,0,0,0

SID,BOT9ZD,36R,5
CF,AA430,40.316389,116.558333,0,PEK,339.2,18.0,359.0,14.0,2,4930,0,0,0,0,0,0
TF,AA431,40.315778,115.928611,0, ,0.0,0.0,0.0,0.0,2,14800,0,0,0,0,0,0
TF,AA437,40.315000,115.743611,0, ,0.0,0.0,0.0,0.0,0,0,0,0,0,0,0,0
TF,BOTPU,39.985278,115.475000,0, ,0.0,0.0,0.0,0.0,2,15700,0,0,0,0,0,0

SID,DOT8YD,18L,5
DF,DE18L,40.055467,116.600167,0, ,0.0,0.0,0,0,0,0,0,0,0,1
CA,0,179.0,2,500,0,0,0,0,0,0
DF,AA511,39.978889,116.695556,0, ,0.0,0.0,2,990,0,1,205,0,0,0
TF,AA512,40.000194,116.885722,0, ,0.0,0.0,0.0,0.0,2,3940,0,0,0,0,0,0
TF,AA513,40.022306,117.087139,0, ,0.0,0.0,0.0,0.0,2,6890,0,0,0,0,0,0
TF,AA514,40.413611,117.014722,0, ,0.0,0.0,0.0,0.0,4,13800,12800,0,0,0,0,0
TF,DOTRA,40.757222,116.801944,0, ,0.0,0.0,0.0,0.0,2,13800,0,0,0,0,0,0

SID,DOT8ZD,19,5
DF,DER19,40.058914,116.617658,0, ,0.0,0.0,0,0,0,0,0,0,0,1
CA,0,179.0,2,500,0,0,0,0,0,0
DF,AA511,39.978889,116.695556,0, ,0.0,0.0,2,990,0,1,205,0,0,0
TF,AA512,40.000194,116.885722,0, ,0.0,0.0,0.0,0.0,2,3940,0,0,0,0,0,0
TF,AA513,40.022306,117.087139,0, ,0.0,0.0,0.0,0.0,2,6890,0,0,0,0,0,0
TF,AA514,40.413611,117.014722,0, ,0.0,0.0,0.0,0.0,4,13800,12800,0,0,0,0,0
TF,DOTRA,40.757222,116.801944,0, ,0.0,0.0,0.0,0.0,2,13800,0,0,0,0,0,0

SID,DOT9YD,36R,5
CA,0,359.0,2,3940,0,0,0,0,0,0
DF,AA410,40.228889,116.781944,2, ,0.0,0.0,2,3940,0,0,0,0,0,0
TF,AA411,40.257694,117.043694,0, ,0.0,0.0,0.0,0.0,2,6890,0,0,0,0,0,0
TF,AA412,40.413611,117.014722,0, ,0.0,0.0,0.0,0.0,4,13800,9850,0,0,0,0,0
TF,AA414,40.512500,116.953889,0, ,0.0,0.0,0.0,0.0,2,11800,0,0,0,0,0,0
TF,DOTRA,40.757222,116.801944,0, ,0.0,0.0,0.0,0.0,2,13800,0,0,0,0,0,0

SID,DOT9ZD,01,5
DF,DER01,40.092878,116.612314,0, ,0.0,0.0,0,0,0,0,0,0,0,1
CA,0,359.0,2,760,0,0,0,0,0,0
DF,AA171,40.167278,116.654306,0, ,0.0,0.0,0,0,0,0,0,0,0,0
TF,AA172,40.182472,116.827028,0, ,0.0,0.0,0.0,0.0,2,2960,0,0,0,0,0,0
TF,AA411,40.257694,117.043694,0, ,0.0,0.0,0.0,0.0,2,6890,0,0,0,0,0,0
TF,AA412,40.413611,117.014722,0, ,0.0,0.0,0.0,0.0,4,13800,9850,0,0,0,0,0
TF,AA414,40.512500,116.953889,0, ,0.0,0.0,0.0,0.0,2,11800,0,0,0,0,0,0
TF,DOTRA,40.757222,116.801944,0, ,0.0,0.0,0.0,0.0,2,13800,0,0,0,0,0,0

SID,ELK8ZD,18L,5
DF,DE18L,40.055467,116.600167,0, ,0.0,0.0,0,0,0,0,0,0,0,1
CF,AA531,39.879222,116.627778,0,PEK,212.0,11.3,179.0,11.0,2,3940,0,0,0,0,0,0
TF,AA532,39.644083,116.663583,0, ,0.0,0.0,0.0,0.0,2,7880,0,0,0,0,0,0
TF,AA533,39.326250,116.712444,0, ,0.0,0.0,0.0,0.0,2,13800,0,0,0,0,0,0
TF,AA534,39.137778,116.741111,0, ,0.0,0.0,0.0,0.0,2,16700,0,0,0,0,0,0
TF,AA537,38.914194,116.706806,0, ,0.0,0.0,0.0,0.0,2,18700,0,0,0,0,0,0
TF,AA538,38.729722,116.678667,0, ,0.0,0.0,0.0,0.0,0,0,0,0,0,0,0,0
TF,ELKUR,38.639722,116.665000,0, ,0.0,0.0,0.0,0.0,2,18700,0,0,0,0,0,0

SID,ELK9YD,36L,5
DF,DE36L,40.102061,116.569672,0, ,0.0,0.0,0,0,0,0,0,0,0,1
CA,0,359.0,2,530,0,0,0,0,0,0
DF,AA450,40.225833,116.437778,0, ,0.0,0.0,2,2960,0,0,0,0,0,0
TF,AA451,40.226111,116.028889,0, ,0.0,0.0,0.0,0.0,2,9850,0,0,0,0,0,0
TF,AA452,39.765000,115.940833,0, ,0.0,0.0,0.0,0.0,0,0,0,0,0,0,0,0
TF,AA435,39.169167,116.021944,0, ,0.0,0.0,0.0,0.0,2,19700,0,0,0,0,0,0
TF,ELKUR,38.639722,116.665000,0, ,0.0,0.0,0.0,0.0,2,19700,0,0,0,0,0,0

SID,ELK9ZD,36R,5
CF,AA430,40.316389,116.558333,0,PEK,339.2,18.0,359.0,14.0,2,4930,0,0,0,0,0,0
TF,AA431,40.315778,115.928611,0, ,0.0,0.0,0.0,0.0,2,14800,0,0,0,0,0,0
TF,AA432,40.049222,115.877972,0, ,0.0,0.0,0.0,0.0,0,0,0,0,0,0,0,0
TF,AA433,39.764750,115.824306,0, ,0.0,0.0,0.0,0.0,2,19700,0,0,0,0,0,0
TF,AA434,39.173806,115.905750,0, ,0.0,0.0,0.0,0.0,0,0,0,0,0,0,0,0
TF,AA435,39.169167,116.021944,0, ,0.0,0.0,0.0,0.0,0,0,0,0,0,0,0,0
TF,ELKUR,38.639722,116.665000,0, ,0.0,0.0,0.0,0.0,2,19700,0,0,0,0,0,0

SID,IDK8YD,18L,5
DF,DE18L,40.055467,116.600167,0, ,0.0,0.0,0,0,0,0,0,0,0,1
CA,0,179.0,2,500,0,0,0,0,0,0
DF,AA511,39.978889,116.695556,0, ,0.0,0.0,2,990,0,1,205,0,0,0
TF,AA512,40.000194,116.885722,0, ,0.0,0.0,0.0,0.0,2,3940,0,0,0,0,0,0
TF,AA513,40.022306,117.087139,0, ,0.0,0.0,0.0,0.0,2,6890,0,0,0,0,0,0
TF,AA514,40.413611,117.014722,0, ,0.0,0.0,0.0,0.0,4,13800,12800,0,0,0,0,0
TF,IDKEX,40.777778,116.566667,0, ,0.0,0.0,0.0,0.0,2,13800,0,0,0,0,0,0

SID,IDK8ZD,19,5
DF,DER19,40.058914,116.617658,0, ,0.0,0.0,0,0,0,0,0,0,0,1
CA,0,179.0,2,500,0,0,0,0,0,0
DF,AA511,39.978889,116.695556,0, ,0.0,0.0,2,990,0,1,205,0,0,0
TF,AA512,40.000194,116.885722,0, ,0.0,0.0,0.0,0.0,2,3940,0,0,0,0,0,0
TF,AA513,40.022306,117.087139,0, ,0.0,0.0,0.0,0.0,2,6890,0,0,0,0,0,0
TF,AA514,40.413611,117.014722,0, ,0.0,0.0,0.0,0.0,4,13800,12800,0,0,0,0,0
TF,IDKEX,40.777778,116.566667,0, ,0.0,0.0,0.0,0.0,2,13800,0,0,0,0,0,0

SID,IDK9YD,36R,5
CA,0,359.0,2,3940,0,0,0,0,0,0
DF,AA410,40.228889,116.781944,2, ,0.0,0.0,2,3940,0,0,0,0,0,0
TF,AA411,40.257694,117.043694,0, ,0.0,0.0,0.0,0.0,2,6890,0,0,0,0,0,0
TF,AA412,40.413611,117.014722,0, ,0.0,0.0,0.0,0.0,4,13800,9850,0,0,0,0,0
TF,AA413,40.493444,116.917083,0, ,0.0,0.0,0.0,0.0,2,11800,0,0,0,0,0,0
TF,IDKEX,40.777778,116.566667,0, ,0.0,0.0,0.0,0.0,2,13800,0,0,0,0,0,0

SID,IDK9ZD,01,5
DF,DER01,40.092878,116.612314,0, ,0.0,0.0,0,0,0,0,0,0,0,1
CA,0,359.0,2,760,0,0,0,0,0,0
DF,AA171,40.167278,116.654306,0, ,0.0,0.0,0,0,0,0,0,0,0,0
TF,AA172,40.182472,116.827028,0, ,0.0,0.0,0.0,0.0,2,2960,0,0,0,0,0,0
TF,AA411,40.257694,117.043694,0, ,0.0,0.0,0.0,0.0,2,6890,0,0,0,0,0,0
TF,AA412,40.413611,117.014722,0, ,0.0,0.0,0.0,0.0,4,13800,9850,0,0,0,0,0
TF,AA413,40.493444,116.917083,0, ,0.0,0.0,0.0,0.0,2,11800,0,0,0,0,0,0
TF,IDKEX,40.777778,116.566667,0, ,0.0,0.0,0.0,0.0,2,13800,0,0,0,0,0,0

SID,IGM8YD,19,5
DF,DER19,40.058914,116.617658,0, ,0.0,0.0,0,0,0,0,0,0,0,1
CA,0,179.0,2,500,0,0,0,0,0,0
DF,AA511,39.978889,116.695556,0, ,0.0,0.0,2,990,0,1,205,0,0,0
TF,AA512,40.000194,116.885722,0, ,0.0,0.0,0.0,0.0,2,3940,0,0,0,0,0,0
TF,AA513,40.022306,117.087139,0, ,0.0,0.0,0.0,0.0,2,6890,0,0,0,0,0,0
TF,LULTA,39.973333,117.214167,0, ,0.0,0.0,0.0,0.0,2,7880,0,0,0,0,0,0
TF,AA516,39.107389,117.357500,0, ,0.0,0.0,0.0,0.0,2,19700,0,0,0,0,0,0
TF,AA536,39.085000,117.774167,0, ,0.0,0.0,0.0,0.0,0,0,0,0,0,0,0,0
TF,IGMOR,38.830833,118.031667,0, ,0.0,0.0,0.0,0.0,2,19700,0,0,0,0,0,0

SID,IGM8ZD,18L,5
CF,AA531,39.879222,116.627778,0,PEK,212.0,11.3,179.0,11.0,2,3940,0,0,0,0,0,0
TF,AA532,39.644083,116.663583,0, ,0.0,0.0,0.0,0.0,2,7880,0,0,0,0,0,0
TF,AA533,39.326250,116.712444,0, ,0.0,0.0,0.0,0.0,2,13800,0,0,0,0,0,0
TF,AA534,39.137778,116.741111,0, ,0.0,0.0,0.0,0.0,2,16700,0,0,0,0,0,0
TF,AA535,39.124111,117.026500,0, ,0.0,0.0,0.0,0.0,2,18700,0,0,0,0,0,0
TF,AA536,39.085000,117.774167,0, ,0.0,0.0,0.0,0.0,0,0,0,0,0,0,0,0
TF,IGMOR,38.830833,118.031667,0, ,0.0,0.0,0.0,0.0,2,19700,0,0,0,0,0,0

SID,IGM9WD,36R,5
CA,0,359.0,2,3940,0,0,0,0,0,0
DF,AA410,40.228889,116.781944,2, ,0.0,0.0,2,3940,0,0,0,0,0,0
TF,AA411,40.257694,117.043694,0, ,0.0,0.0,0.0,0.0,2,6890,0,0,0,0,0,0
TF,LULTA,39.973333,117.214167,0, ,0.0,0.0,0.0,0.0,2,7880,0,0,0,0,0,0
TF,AA516,39.107389,117.357500,0, ,0.0,0.0,0.0,0.0,2,19700,0,0,0,0,0,0
TF,IGMOR,38.830833,118.031667,0, ,0.0,0.0,0.0,0.0,2,19700,0,0,0,0,0,0

SID,IGM9XD,36L,5
DF,DE36L,40.102061,116.569672,0, ,0.0,0.0,0,0,0,0,0,0,0,1
CA,0,359.0,2,530,0,0,0,0,0,0
DF,AA450,40.225833,116.437778,0, ,0.0,0.0,2,2960,0,0,0,0,0,0
TF,AA451,40.226111,116.028889,0, ,0.0,0.0,0.0,0.0,2,9850,0,0,0,0,0,0
TF,AA452,39.765000,115.940833,0, ,0.0,0.0,0.0,0.0,0,0,0,0,0,0,0,0
TF,AA435,39.169167,116.021944,0, ,0.0,0.0,0.0,0.0,2,19700,0,0,0,0,0,0
TF,AA436,39.137778,116.741111,0, ,0.0,0.0,0.0,0.0,0,0,0,0,0,0,0,0
TF,IGMOR,38.830833,118.031667,0, ,0.0,0.0,0.0,0.0,2,19700,0,0,0,0,0,0

SID,IGM9YD,01,5
DF,DER01,40.092878,116.612314,0, ,0.0,0.0,0,0,0,0,0,0,0,1
CA,0,359.0,2,760,0,0,0,0,0,0
DF,AA171,40.167278,116.654306,0, ,0.0,0.0,0,0,0,0,0,0,0,0
TF,AA172,40.182472,116.827028,0, ,0.0,0.0,0.0,0.0,2,2960,0,0,0,0,0,0
TF,AA411,40.257694,117.043694,0, ,0.0,0.0,0.0,0.0,2,6890,0,0,0,0,0,0
TF,LULTA,39.973333,117.214167,0, ,0.0,0.0,0.0,0.0,2,7880,0,0,0,0,0,0
TF,AA516,39.107389,117.357500,0, ,0.0,0.0,0.0,0.0,2,19700,0,0,0,0,0,0
TF,IGMOR,38.830833,118.031667,0, ,0.0,0.0,0.0,0.0,2,19700,0,0,0,0,0,0

SID,IGM9ZD,36R,5
CF,AA430,40.316389,116.558333,0,PEK,339.2,18.0,359.0,14.0,2,4930,0,0,0,0,0,0
TF,AA431,40.315778,115.928611,0, ,0.0,0.0,0.0,0.0,2,14800,0,0,0,0,0,0
TF,AA432,40.049222,115.877972,0, ,0.0,0.0,0.0,0.0,0,0,0,0,0,0,0,0
TF,AA433,39.764750,115.824306,0, ,0.0,0.0,0.0,0.0,2,19700,0,0,0,0,0,0
TF,AA434,39.173806,115.905750,0, ,0.0,0.0,0.0,0.0,0,0,0,0,0,0,0,0
TF,AA435,39.169167,116.021944,0, ,0.0,0.0,0.0,0.0,0,0,0,0,0,0,0,0
TF,AA436,39.137778,116.741111,0, ,0.0,0.0,0.0,0.0,0,0,0,0,0,0,0,0
TF,IGMOR,38.830833,118.031667,0, ,0.0,0.0,0.0,0.0,2,19700,0,0,0,0,0,0

SID,LUL8ZD,19,5
DF,DER19,40.058914,116.617658,0, ,0.0,0.0,0,0,0,0,0,0,0,1
CA,0,179.0,2,500,0,0,0,0,0,0
DF,AA511,39.978889,116.695556,0, ,0.0,0.0,2,990,0,1,205,0,0,0
TF,AA512,40.000194,116.885722,0, ,0.0,0.0,0.0,0.0,2,3940,0,0,0,0,0,0
TF,AA513,40.022306,117.087139,0, ,0.0,0.0,0.0,0.0,2,6890,0,0,0,0,0,0
TF,LULTA,39.973333,117.214167,0, ,0.0,0.0,0.0,0.0,2,7880,0,0,0,0,0,0

SID,LUL9YD,36R,5
CA,0,359.0,2,3940,0,0,0,0,0,0
DF,AA410,40.228889,116.781944,2, ,0.0,0.0,2,3940,0,0,0,0,0,0
TF,AA411,40.257694,117.043694,0, ,0.0,0.0,0.0,0.0,2,6890,0,0,0,0,0,0
TF,LULTA,39.973333,117.214167,0, ,0.0,0.0,0.0,0.0,2,7880,0,0,0,0,0,0

SID,LUL9ZD,01,5
DF,DER01,40.092878,116.612314,0, ,0.0,0.0,0,0,0,0,0,0,0,1
CA,0,359.0,2,760,0,0,0,0,0,0
DF,AA171,40.167278,116.654306,0, ,0.0,0.0,0,0,0,0,0,0,0,0
TF,AA172,40.182472,116.827028,0, ,0.0,0.0,0.0,0.0,2,2960,0,0,0,0,0,0
TF,AA411,40.257694,117.043694,0, ,0.0,0.0,0.0,0.0,2,6890,0,0,0,0,0,0
TF,LULTA,39.973333,117.214167,0, ,0.0,0.0,0.0,0.0,2,7880,0,0,0,0,0,0

SID,MUG8YD,19,5
DF,DER19,40.058914,116.617658,0, ,0.0,0.0,0,0,0,0,0,0,0,1
CA,0,179.0,2,500,0,0,0,0,0,0
DF,AA511,39.978889,116.695556,0, ,0.0,0.0,2,990,0,1,205,0,0,0
TF,AA512,40.000194,116.885722,0, ,0.0,0.0,0.0,0.0,2,3940,0,0,0,0,0,0
TF,AA513,40.022306,117.087139,0, ,0.0,0.0,0.0,0.0,2,6890,0,0,0,0,0,0
TF,LULTA,39.973333,117.214167,0, ,0.0,0.0,0.0,0.0,2,7880,0,0,0,0,0,0
TF,AA516,39.107389,117.357500,0, ,0.0,0.0,0.0,0.0,2,19700,0,0,0,0,0,0
TF,AA536,39.085000,117.774167,0, ,0.0,0.0,0.0,0.0,0,0,0,0,0,0,0,0
TF,MUGLO,39.070278,118.034444,0, ,0.0,0.0,0.0,0.0,2,19700,0,0,0,0,0,0

SID,MUG8ZD,18L,5
CF,AA531,39.879222,116.627778,0,PEK,212.0,11.3,179.0,11.0,2,3940,0,0,0,0,0,0
TF,AA532,39.644083,116.663583,0, ,0.0,0.0,0.0,0.0,2,7880,0,0,0,0,0,0
TF,AA533,39.326250,116.712444,0, ,0.0,0.0,0.0,0.0,2,13800,0,0,0,0,0,0
TF,AA534,39.137778,116.741111,0, ,0.0,0.0,0.0,0.0,2,16700,0,0,0,0,0,0
TF,AA535,39.124111,117.026500,0, ,0.0,0.0,0.0,0.0,2,18700,0,0,0,0,0,0
TF,AA536,39.085000,117.774167,0, ,0.0,0.0,0.0,0.0,0,0,0,0,0,0,0,0
TF,MUGLO,39.070278,118.034444,0, ,0.0,0.0,0.0,0.0,2,19700,0,0,0,0,0,0

SID,MUG9WD,36R,5
CA,0,359.0,2,3940,0,0,0,0,0,0
DF,AA410,40.228889,116.781944,2, ,0.0,0.0,2,3940,0,0,0,0,0,0
TF,AA411,40.257694,117.043694,0, ,0.0,0.0,0.0,0.0,2,6890,0,0,0,0,0,0
TF,LULTA,39.973333,117.214167,0, ,0.0,0.0,0.0,0.0,2,7880,0,0,0,0,0,0
TF,AA516,39.107389,117.357500,0, ,0.0,0.0,0.0,0.0,2,19700,0,0,0,0,0,0
TF,MUGLO,39.070278,118.034444,0, ,0.0,0.0,0.0,0.0,2,19700,0,0,0,0,0,0

SID,MUG9XD,36L,5
DF,DE36L,40.102061,116.569672,0, ,0.0,0.0,0,0,0,0,0,0,0,1
CA,0,359.0,2,530,0,0,0,0,0,0
DF,AA450,40.225833,116.437778,0, ,0.0,0.0,2,2960,0,0,0,0,0,0
TF,AA451,40.226111,116.028889,0, ,0.0,0.0,0.0,0.0,2,9850,0,0,0,0,0,0
TF,AA452,39.765000,115.940833,0, ,0.0,0.0,0.0,0.0,0,0,0,0,0,0,0,0
TF,AA435,39.169167,116.021944,0, ,0.0,0.0,0.0,0.0,2,19700,0,0,0,0,0,0
TF,AA436,39.137778,116.741111,0, ,0.0,0.0,0.0,0.0,0,0,0,0,0,0,0,0
TF,MUGLO,39.070278,118.034444,0, ,0.0,0.0,0.0,0.0,2,19700,0,0,0,0,0,0

SID,MUG9YD,01,5
DF,DER01,40.092878,116.612314,0, ,0.0,0.0,0,0,0,0,0,0,0,1
CA,0,359.0,2,760,0,0,0,0,0,0
DF,AA171,40.167278,116.654306,0, ,0.0,0.0,0,0,0,0,0,0,0,0
TF,AA172,40.182472,116.827028,0, ,0.0,0.0,0.0,0.0,2,2960,0,0,0,0,0,0
TF,AA411,40.257694,117.043694,0, ,0.0,0.0,0.0,0.0,2,6890,0,0,0,0,0,0
TF,LULTA,39.973333,117.214167,0, ,0.0,0.0,0.0,0.0,2,7880,0,0,0,0,0,0
TF,AA516,39.107389,117.357500,0, ,0.0,0.0,0.0,0.0,2,19700,0,0,0,0,0,0
TF,MUGLO,39.070278,118.034444,0, ,0.0,0.0,0.0,0.0,2,19700,0,0,0,0,0,0

SID,MUG9ZD,36R,5
CF,AA430,40.316389,116.558333,0,PEK,339.2,18.0,359.0,14.0,2,4930,0,0,0,0,0,0
TF,AA431,40.315778,115.928611,0, ,0.0,0.0,0.0,0.0,2,14800,0,0,0,0,0,0
TF,AA432,40.049222,115.877972,0, ,0.0,0.0,0.0,0.0,0,0,0,0,0,0,0,0
TF,AA433,39.764750,115.824306,0, ,0.0,0.0,0.0,0.0,2,19700,0,0,0,0,0,0
TF,AA434,39.173806,115.905750,0, ,0.0,0.0,0.0,0.0,0,0,0,0,0,0,0,0
TF,AA435,39.169167,116.021944,0, ,0.0,0.0,0.0,0.0,0,0,0,0,0,0,0,0
TF,AA436,39.137778,116.741111,0, ,0.0,0.0,0.0,0.0,0,0,0,0,0,0,0,0
TF,MUGLO,39.070278,118.034444,0, ,0.0,0.0,0.0,0.0,2,19700,0,0,0,0,0,0

SID,RUS8YD,18L,5
CF,AA531,39.879222,116.627778,0,PEK,212.0,11.3,179.0,11.0,2,3940,0,0,0,0,0,0
TF,AA532,39.644083,116.663583,0, ,0.0,0.0,0.0,0.0,2,7880,0,0,0,0,0,0
TF,AA553,39.585583,116.050417,0, ,0.0,0.0,0.0,0.0,4,15700,13800,0,0,0,0,0
TF,AA554,39.599222,115.838778,0, ,0.0,0.0,0.0,0.0,2,14800,0,0,0,0,0,0
TF,RUSDO,39.761111,115.447500,0, ,0.0,0.0,0.0,0.0,2,18700,0,0,0,0,0,0

SID,RUS8ZD,18R,5
DF,DE18R,40.073450,116.574192,0, ,0.0,0.0,0,0,0,0,0,0,0,1
CA,0,179.0,2,500,0,0,0,0,0,0
DF,AA571,39.895278,116.537222,0, ,0.0,0.0,2,2960,0,0,0,0,0,0
TF,AA572,39.757278,116.509389,0, ,0.0,0.0,0.0,0.0,2,4930,0,0,0,0,0,0
TF,AA573,39.746083,116.336222,0, ,0.0,0.0,0.0,0.0,2,7880,0,0,0,0,0,0
TF,AA574,39.725222,116.022083,0, ,0.0,0.0,0.0,0.0,4,12800,9850,0,0,0,0,0
TF,AA575,39.741333,115.770083,0, ,0.0,0.0,0.0,0.0,2,13800,0,0,0,0,0,0
TF,RUSDO,39.761111,115.447500,0, ,0.0,0.0,0.0,0.0,2,18700,0,0,0,0,0,0

SID,RUS9YD,36R,5
DF,DE36R,40.089453,116.594822,0, ,0.0,0.0,0,0,0,0,0,0,0,1
CA,0,359.0,2,3940,0,0,0,0,0,0
DF,AA450,40.225833,116.437778,1, ,0.0,0.0,0,0,0,0,0,0,0,0
TF,AA451,40.226111,116.028889,0, ,0.0,0.0,0.0,0.0,2,9850,0,0,0,0,0,0
TF,AA453,40.225833,115.856389,0, ,0.0,0.0,0.0,0.0,3,13800,0,0,0,0,0,0
TF,AA454,40.170806,115.807833,0, ,0.0,0.0,0.0,0.0,2,13800,0,0,0,0,0,0
TF,AA455,39.851083,115.526167,0, ,0.0,0.0,0.0,0.0,0,0,0,0,0,0,0,0
TF,RUSDO,39.761111,115.447500,0, ,0.0,0.0,0.0,0.0,2,18700,0,0,0,0,0,0

SID,RUS9ZD,36L,5
DF,DE36L,40.102061,116.569672,0, ,0.0,0.0,0,0,0,0,0,0,0,1
CA,0,359.0,2,530,0,0,0,0,0,0
DF,AA450,40.225833,116.437778,0, ,0.0,0.0,2,2960,0,0,0,0,0,0
TF,AA451,40.226111,116.028889,0, ,0.0,0.0,0.0,0.0,2,9850,0,0,0,0,0,0
TF,AA453,40.225833,115.856389,0, ,0.0,0.0,0.0,0.0,3,13800,0,0,0,0,0,0
TF,AA454,40.170806,115.807833,0, ,0.0,0.0,0.0,0.0,2,13800,0,0,0,0,0,0
TF,AA455,39.851083,115.526167,0, ,0.0,0.0,0.0,0.0,0,0,0,0,0,0,0,0
TF,RUSDO,39.761111,115.447500,0, ,0.0,0.0,0.0,0.0,2,18700,0,0,0,0,0,0

STAR,AVB8ZA,ALL,5
IF,AVBOX,38.647778,116.378056, ,0.0,0.0,4,17700,16700,0,0,0,0,0

STAR,AVB8ZA,18L,6
IF,AVBOX,38.647778,116.378056, ,0.0,0.0,4,17700,16700,0,0,0,0,0
TF,AA548,38.859167,117.256389,0, ,0.0,0.0,0.0,0.0,3,17700,0,0,0,0,0,0
TF,AA547,39.033194,117.179639,0, ,0.0,0.0,0.0,0.0,3,16700,0,0,0,0,0,0
TF,AA546,39.384889,117.023167,0, ,0.0,0.0,0.0,0.0,0,0,0,0,0,0,0,0
TF,AA545,39.535833,116.955556,0, ,0.0,0.0,0.0,0.0,2,13800,0,0,0,0,0,0
TF,AA544,40.050833,116.878056,0, ,0.0,0.0,0.0,0.0,0,0,0,0,0,0,0,0
TF,AA543,40.038194,116.738306,0, ,0.0,0.0,0.0,0.0,2,6890,0,0,0,0,0,0
TF,AA522,40.217389,116.710611,0, ,0.0,0.0,0.0,0.0,3,5910,0,0,0,0,0,0
TF,AA521,40.372222,116.686556,0, ,0.0,0.0,0.0,0.0,2,3940,0,1,210,0,0,0

STAR,AVB8ZA,18R,6
IF,AVBOX,38.647778,116.378056, ,0.0,0.0,4,17700,16700,0,0,0,0,0
TF,AA548,38.859167,117.256389,0, ,0.0,0.0,0.0,0.0,3,17700,0,0,0,0,0,0
TF,AA547,39.033194,117.179639,0, ,0.0,0.0,0.0,0.0,3,16700,0,0,0,0,0,0
TF,AA546,39.384889,117.023167,0, ,0.0,0.0,0.0,0.0,0,0,0,0,0,0,0,0
TF,AA545,39.535833,116.955556,0, ,0.0,0.0,0.0,0.0,2,13800,0,0,0,0,0,0
TF,AA544,40.050833,116.878056,0, ,0.0,0.0,0.0,0.0,0,0,0,0,0,0,0,0
TF,AA543,40.038194,116.738306,0, ,0.0,0.0,0.0,0.0,2,6890,0,0,0,0,0,0
TF,AA522,40.217389,116.710611,0, ,0.0,0.0,0.0,0.0,3,5910,0,0,0,0,0,0
TF,AA521,40.372222,116.686556,0, ,0.0,0.0,0.0,0.0,2,3940,0,1,210,0,0,0

STAR,AVB8ZA,19,6
IF,AVBOX,38.647778,116.378056, ,0.0,0.0,4,17700,16700,0,0,0,0,0
TF,AA548,38.859167,117.256389,0, ,0.0,0.0,0.0,0.0,3,17700,0,0,0,0,0,0
TF,AA547,39.033194,117.179639,0, ,0.0,0.0,0.0,0.0,3,16700,0,0,0,0,0,0
TF,AA546,39.384889,117.023167,0, ,0.0,0.0,0.0,0.0,0,0,0,0,0,0,0,0
TF,AA545,39.535833,116.955556,0, ,0.0,0.0,0.0,0.0,2,13800,0,0,0,0,0,0
TF,AA544,40.050833,116.878056,0, ,0.0,0.0,0.0,0.0,0,0,0,0,0,0,0,0
TF,AA543,40.038194,116.738306,0, ,0.0,0.0,0.0,0.0,2,6890,0,0,0,0,0,0
TF,AA522,40.217389,116.710611,0, ,0.0,0.0,0.0,0.0,3,5910,0,0,0,0,0,0
TF,AA521,40.372222,116.686556,0, ,0.0,0.0,0.0,0.0,2,3940,0,1,210,0,0,0

STAR,AVB9ZA,ALL,5
IF,AVBOX,38.647778,116.378056, ,0.0,0.0,4,17700,16700,0,0,0,0,0
TF,AA443,39.056944,116.495278,0, ,0.0,0.0,0.0,0.0,2,14800,0,0,0,0,0,0
TF,AA442,39.499722,116.426111,0, ,0.0,0.0,0.0,0.0,2,8860,0,0,0,0,0,0

STAR,AVB9ZA,01,6
IF,AA442,39.499722,116.426111, ,0.0,0.0,2,8860,0,0,0,0,0,0
TF,AA441,39.605722,116.409417,0, ,0.0,0.0,0.0,0.0,2,7880,0,1,210,0,0,0

STAR,AVB9ZA,36L,6
IF,AA442,39.499722,116.426111, ,0.0,0.0,2,8860,0,0,0,0,0,0
TF,AA441,39.605722,116.409417,0, ,0.0,0.0,0.0,0.0,2,7880,0,1,210,0,0,0

STAR,AVB9ZA,36R,6
IF,AA442,39.499722,116.426111, ,0.0,0.0,2,8860,0,0,0,0,0,0
TF,AA441,39.605722,116.409417,0, ,0.0,0.0,0.0,0.0,2,7880,0,1,210,0,0,0

STAR,DUG8XA,ALL,5
IF,DUGEB,38.661944,115.803889, ,0.0,0.0,4,17700,16700,0,0,0,0,0
TF,AA568,39.028889,116.200278,0, ,0.0,0.0,0.0,0.0,0,0,0,0,0,0,0,0
TF,AA567,39.425139,116.140417,0, ,0.0,0.0,0.0,0.0,0,0,0,0,0,0,0,0
TF,AA566,39.711250,116.096611,0, ,0.0,0.0,0.0,0.0,2,16700,0,0,0,0,0,0
TF,AA565,39.828361,116.078556,0, ,0.0,0.0,0.0,0.0,2,14800,0,0,0,0,0,0
TF,AA311,40.085694,116.078889,0, ,0.0,0.0,0.0,0.0,4,13800,12800,1,230,0,0,0
TF,AA312,40.139139,115.984500,0, ,0.0,0.0,0.0,0.0,0,0,0,0,0,0,0,0
TF,AA313,40.208861,115.910167,0, ,0.0,0.0,0.0,0.0,0,0,0,0,0,0,0,0
TF,AA314,40.290500,115.860583,0, ,0.0,0.0,0.0,0.0,0,0,0,0,0,0,0,0
TF,AA315,40.379000,115.838889,0, ,0.0,0.0,0.0,0.0,4,13800,12800,1,230,0,0,0
TF,AA316,40.393222,116.157139,0, ,0.0,0.0,0.0,0.0,2,8860,0,0,0,0,0,0
TF,AA317,40.399722,116.309167,0, ,0.0,0.0,0.0,0.0,2,6890,0,0,0,0,0,0

STAR,DUG8XA,18L,6
IF,AA317,40.399722,116.309167, ,0.0,0.0,2,6890,0,0,0,0,0,0
TF,AA581,40.405917,116.450361,0, ,0.0,0.0,0.0,0.0,2,4930,0,1,210,0,0,0

STAR,DUG8XA,18R,6
IF,AA317,40.399722,116.309167, ,0.0,0.0,2,6890,0,0,0,0,0,0
TF,AA581,40.405917,116.450361,0, ,0.0,0.0,0.0,0.0,2,4930,0,1,210,0,0,0

STAR,DUG8XA,19,6
IF,AA317,40.399722,116.309167, ,0.0,0.0,2,6890,0,0,0,0,0,0
TF,AA581,40.405917,116.450361,0, ,0.0,0.0,0.0,0.0,2,4930,0,1,210,0,0,0

STAR,DUG8YA,ALL,5
IF,DUGEB,38.661944,115.803889, ,0.0,0.0,4,17700,16700,0,0,0,0,0
TF,AA568,39.028889,116.200278,0, ,0.0,0.0,0.0,0.0,0,0,0,0,0,0,0,0
TF,AA567,39.425139,116.140417,0, ,0.0,0.0,0.0,0.0,0,0,0,0,0,0,0,0
TF,AA566,39.711250,116.096611,0, ,0.0,0.0,0.0,0.0,2,16700,0,0,0,0,0,0
TF,AA565,39.828361,116.078556,0, ,0.0,0.0,0.0,0.0,2,14800,0,0,0,0,0,0
TF,AA564,40.037028,116.046250,0, ,0.0,0.0,0.0,0.0,0,0,0,0,0,0,0,0
TF,AA563,40.216111,116.018333,0, ,0.0,0.0,0.0,0.0,0,0,0,0,0,0,0,0
TF,AA562,40.230278,115.725222,0, ,0.0,0.0,0.0,0.0,2,9850,0,0,0,0,0,0
TF,AA561,40.423639,115.740778,0, ,0.0,0.0,0.0,0.0,2,8860,0,0,0,0,0,0
TF,AA582,40.403333,116.156389,0, ,0.0,0.0,0.0,0.0,2,8860,0,0,0,0,0,0

STAR,DUG8YA,18L,6
IF,AA582,40.403333,116.156389, ,0.0,0.0,2,8860,0,0,0,0,0,0
TF,AA581,40.405917,116.450361,0, ,0.0,0.0,0.0,0.0,2,4930,0,1,210,0,0,0

STAR,DUG8YA,18R,6
IF,AA582,40.403333,116.156389, ,0.0,0.0,2,8860,0,0,0,0,0,0
TF,AA581,40.405917,116.450361,0, ,0.0,0.0,0.0,0.0,2,4930,0,1,210,0,0,0

STAR,DUG8YA,19,6
IF,AA582,40.403333,116.156389, ,0.0,0.0,2,8860,0,0,0,0,0,0
TF,AA581,40.405917,116.450361,0, ,0.0,0.0,0.0,0.0,2,4930,0,1,210,0,0,0

STAR,DUG8ZA,ALL,5
IF,DUGEB,38.661944,115.803889, ,0.0,0.0,4,17700,16700,0,0,0,0,0
TF,AA568,39.028889,116.200278,0, ,0.0,0.0,0.0,0.0,0,0,0,0,0,0,0,0
TF,AA567,39.425139,116.140417,0, ,0.0,0.0,0.0,0.0,0,0,0,0,0,0,0,0
TF,AA566,39.711250,116.096611,0, ,0.0,0.0,0.0,0.0,2,16700,0,0,0,0,0,0
TF,AA565,39.828361,116.078556,0, ,0.0,0.0,0.0,0.0,2,14800,0,0,0,0,0,0
TF,AA564,40.037028,116.046250,0, ,0.0,0.0,0.0,0.0,0,0,0,0,0,0,0,0
TF,AA563,40.216111,116.018333,0, ,0.0,0.0,0.0,0.0,0,0,0,0,0,0,0,0
TF,AA582,40.403333,116.156389,0, ,0.0,0.0,0.0,0.0,2,8860,0,0,0,0,0,0

STAR,DUG8ZA,18L,6
IF,AA582,40.403333,116.156389, ,0.0,0.0,2,8860,0,0,0,0,0,0
TF,AA581,40.405917,116.450361,0, ,0.0,0.0,0.0,0.0,2,4930,0,1,210,0,0,0

STAR,DUG8ZA,18R,6
IF,AA582,40.403333,116.156389, ,0.0,0.0,2,8860,0,0,0,0,0,0
TF,AA581,40.405917,116.450361,0, ,0.0,0.0,0.0,0.0,2,4930,0,1,210,0,0,0

STAR,DUG8ZA,19,6
IF,AA582,40.403333,116.156389, ,0.0,0.0,2,8860,0,0,0,0,0,0
TF,AA581,40.405917,116.450361,0, ,0.0,0.0,0.0,0.0,2,4930,0,1,210,0,0,0

STAR,DUG9ZA,ALL,5
IF,DUGEB,38.661944,115.803889, ,0.0,0.0,4,17700,16700,0,0,0,0,0
TF,AA444,38.846917,116.125306,0, ,0.0,0.0,0.0,0.0,2,16700,0,0,0,0,0,0
TF,AA443,39.056944,116.495278,0, ,0.0,0.0,0.0,0.0,2,14800,0,0,0,0,0,0
TF,AA442,39.499722,116.426111,0, ,0.0,0.0,0.0,0.0,2,8860,0,0,0,0,0,0

STAR,DUG9ZA,01,6
IF,AA442,39.499722,116.426111, ,0.0,0.0,2,8860,0,0,0,0,0,0
TF,AA441,39.605722,116.409417,0, ,0.0,0.0,0.0,0.0,2,7880,0,1,210,0,0,0

STAR,DUG9ZA,36L,6
IF,AA442,39.499722,116.426111, ,0.0,0.0,2,8860,0,0,0,0,0,0
TF,AA441,39.605722,116.409417,0, ,0.0,0.0,0.0,0.0,2,7880,0,1,210,0,0,0

STAR,DUG9ZA,36R,6
IF,AA442,39.499722,116.426111, ,0.0,0.0,2,8860,0,0,0,0,0,0
TF,AA441,39.605722,116.409417,0, ,0.0,0.0,0.0,0.0,2,7880,0,1,210,0,0,0

STAR,DUM8ZA,ALL,5
IF,DUMAP,38.591389,118.029167, ,0.0,0.0,4,17700,16700,0,0,0,0,0

STAR,DUM8ZA,18L,6
IF,DUMAP,38.591389,118.029167, ,0.0,0.0,4,17700,16700,0,0,0,0,0
TF,AA548,38.859167,117.256389,0, ,0.0,0.0,0.0,0.0,3,17700,0,0,0,0,0,0
TF,AA547,39.033194,117.179639,0, ,0.0,0.0,0.0,0.0,3,16700,0,0,0,0,0,0
TF,AA546,39.384889,117.023167,0, ,0.0,0.0,0.0,0.0,0,0,0,0,0,0,0,0
TF,AA545,39.535833,116.955556,0, ,0.0,0.0,0.0,0.0,2,13800,0,0,0,0,0,0
TF,AA544,40.050833,116.878056,0, ,0.0,0.0,0.0,0.0,0,0,0,0,0,0,0,0
TF,AA543,40.038194,116.738306,0, ,0.0,0.0,0.0,0.0,2,6890,0,0,0,0,0,0
TF,AA522,40.217389,116.710611,0, ,0.0,0.0,0.0,0.0,3,5910,0,0,0,0,0,0
TF,AA521,40.372222,116.686556,0, ,0.0,0.0,0.0,0.0,2,3940,0,1,210,0,0,0

STAR,DUM8ZA,18R,6
IF,DUMAP,38.591389,118.029167, ,0.0,0.0,4,17700,16700,0,0,0,0,0
TF,AA548,38.859167,117.256389,0, ,0.0,0.0,0.0,0.0,3,17700,0,0,0,0,0,0
TF,AA547,39.033194,117.179639,0, ,0.0,0.0,0.0,0.0,3,16700,0,0,0,0,0,0
TF,AA546,39.384889,117.023167,0, ,0.0,0.0,0.0,0.0,0,0,0,0,0,0,0,0
TF,AA545,39.535833,116.955556,0, ,0.0,0.0,0.0,0.0,2,13800,0,0,0,0,0,0
TF,AA544,40.050833,116.878056,0, ,0.0,0.0,0.0,0.0,0,0,0,0,0,0,0,0
TF,AA543,40.038194,116.738306,0, ,0.0,0.0,0.0,0.0,2,6890,0,0,0,0,0,0
TF,AA522,40.217389,116.710611,0, ,0.0,0.0,0.0,0.0,3,5910,0,0,0,0,0,0
TF,AA521,40.372222,116.686556,0, ,0.0,0.0,0.0,0.0,2,3940,0,1,210,0,0,0

STAR,DUM8ZA,19,6
IF,DUMAP,38.591389,118.029167, ,0.0,0.0,4,17700,16700,0,0,0,0,0
TF,AA548,38.859167,117.256389,0, ,0.0,0.0,0.0,0.0,3,17700,0,0,0,0,0,0
TF,AA547,39.033194,117.179639,0, ,0.0,0.0,0.0,0.0,3,16700,0,0,0,0,0,0
TF,AA546,39.384889,117.023167,0, ,0.0,0.0,0.0,0.0,0,0,0,0,0,0,0,0
TF,AA545,39.535833,116.955556,0, ,0.0,0.0,0.0,0.0,2,13800,0,0,0,0,0,0
TF,AA544,40.050833,116.878056,0, ,0.0,0.0,0.0,0.0,0,0,0,0,0,0,0,0
TF,AA543,40.038194,116.738306,0, ,0.0,0.0,0.0,0.0,2,6890,0,0,0,0,0,0
TF,AA522,40.217389,116.710611,0, ,0.0,0.0,0.0,0.0,3,5910,0,0,0,0,0,0
TF,AA521,40.372222,116.686556,0, ,0.0,0.0,0.0,0.0,2,3940,0,1,210,0,0,0

STAR,DUM9ZA,ALL,5
IF,DUMAP,38.591389,118.029167, ,0.0,0.0,4,17700,16700,0,0,0,0,0
TF,AA429,38.859167,117.256389,0, ,0.0,0.0,0.0,0.0,0,0,0,0,0,0,0,0
TF,AA428,39.035611,117.178583,0, ,0.0,0.0,0.0,0.0,4,17700,16700,0,0,0,0,0
TF,AA427,39.384889,117.023250,0, ,0.0,0.0,0.0,0.0,0,0,0,0,0,0,0,0
TF,AA426,39.535833,116.955556,0, ,0.0,0.0,0.0,0.0,2,13800,0,0,0,0,0,0
TF,AA425,40.050833,116.878056,0, ,0.0,0.0,0.0,0.0,0,0,0,0,0,0,0,0
TF,AA422,40.038056,116.738333,0, ,0.0,0.0,0.0,0.0,2,6890,0,0,0,0,0,0

STAR,DUM9ZA,01,6
IF,AA422,40.038056,116.738333, ,0.0,0.0,2,6890,0,0,0,0,0,0
TF,AA421,39.656389,116.796667,0, ,0.0,0.0,0.0,0.0,3,4930,0,1,210,0,0,0

STAR,DUM9ZA,36L,6
IF,AA422,40.038056,116.738333, ,0.0,0.0,2,6890,0,0,0,0,0,0
TF,AA421,39.656389,116.796667,0, ,0.0,0.0,0.0,0.0,3,4930,0,1,210,0,0,0

STAR,DUM9ZA,36R,6
IF,AA422,40.038056,116.738333, ,0.0,0.0,2,6890,0,0,0,0,0,0
TF,AA421,39.656389,116.796667,0, ,0.0,0.0,0.0,0.0,3,4930,0,1,210,0,0,0

STAR,GUV8YA,ALL,5
IF,GUVBA,40.433333,115.530556, ,0.0,0.0,4,14800,13800,1,250,0,0,0
TF,AA321,40.353361,115.723583,0, ,0.0,0.0,0.0,0.0,4,11800,9850,1,230,0,0,0
TF,AA322,40.265222,115.747694,0, ,0.0,0.0,0.0,0.0,0,0,0,0,0,0,0,0
TF,AA323,40.182500,115.794139,0, ,0.0,0.0,0.0,0.0,0,0,0,0,0,0,0,0
TF,AA324,40.108500,115.860972,0, ,0.0,0.0,0.0,0.0,0,0,0,0,0,0,0,0
TF,AA325,40.046111,115.945528,0, ,0.0,0.0,0.0,0.0,4,11800,9850,1,230,0,0,0
TF,AA317,40.399722,116.309167,0, ,0.0,0.0,0.0,0.0,2,6890,0,0,0,0,0,0

STAR,GUV8YA,18L,6
IF,AA317,40.399722,116.309167, ,0.0,0.0,2,6890,0,0,0,0,0,0
TF,AA581,40.405917,116.450361,0, ,0.0,0.0,0.0,0.0,2,4930,0,1,210,0,0,0

STAR,GUV8YA,18R,6
IF,AA317,40.399722,116.309167, ,0.0,0.0,2,6890,0,0,0,0,0,0
TF,AA581,40.405917,116.450361,0, ,0.0,0.0,0.0,0.0,2,4930,0,1,210,0,0,0

STAR,GUV8YA,19,6
IF,AA317,40.399722,116.309167, ,0.0,0.0,2,6890,0,0,0,0,0,0
TF,AA581,40.405917,116.450361,0, ,0.0,0.0,0.0,0.0,2,4930,0,1,210,0,0,0

STAR,GUV8ZA,ALL,5
IF,GUVBA,40.433333,115.530556, ,0.0,0.0,4,14800,13800,0,0,0,0,0
TF,AA561,40.423639,115.740778,0, ,0.0,0.0,0.0,0.0,2,8860,0,0,0,0,0,0
TF,AA582,40.403333,116.156389,0, ,0.0,0.0,0.0,0.0,2,8860,0,0,0,0,0,0

STAR,GUV8ZA,18L,6
IF,AA582,40.403333,116.156389, ,0.0,0.0,2,8860,0,0,0,0,0,0
TF,AA581,40.405917,116.450361,0, ,0.0,0.0,0.0,0.0,2,4930,0,1,210,0,0,0

STAR,GUV8ZA,18R,6
IF,AA582,40.403333,116.156389, ,0.0,0.0,2,8860,0,0,0,0,0,0
TF,AA581,40.405917,116.450361,0, ,0.0,0.0,0.0,0.0,2,4930,0,1,210,0,0,0

STAR,GUV8ZA,19,6
IF,AA582,40.403333,116.156389, ,0.0,0.0,2,8860,0,0,0,0,0,0
TF,AA581,40.405917,116.450361,0, ,0.0,0.0,0.0,0.0,2,4930,0,1,210,0,0,0

STAR,GUV9YA,ALL,5
IF,GUVBA,40.433333,115.530556, ,0.0,0.0,4,14800,13800,0,0,0,0,0
TF,AA463,40.335583,115.592111,0, ,0.0,0.0,0.0,0.0,0,0,0,0,0,0,0,0
TF,AA462,39.773139,115.942389,0, ,0.0,0.0,0.0,0.0,2,9850,0,0,0,0,0,0

STAR,GUV9YA,01,6
IF,AA462,39.773139,115.942389, ,0.0,0.0,2,9850,0,0,0,0,0,0
TF,AA441,39.605722,116.409417,0, ,0.0,0.0,0.0,0.0,2,7880,0,1,210,0,0,0

STAR,GUV9YA,36L,6
IF,AA462,39.773139,115.942389, ,0.0,0.0,2,9850,0,0,0,0,0,0
TF,AA441,39.605722,116.409417,0, ,0.0,0.0,0.0,0.0,2,7880,0,1,210,0,0,0

STAR,GUV9YA,36R,6
IF,AA462,39.773139,115.942389, ,0.0,0.0,2,9850,0,0,0,0,0,0
TF,AA441,39.605722,116.409417,0, ,0.0,0.0,0.0,0.0,2,7880,0,1,210,0,0,0

STAR,GUV9ZA,ALL,5
IF,GUVBA,40.433333,115.530556, ,0.0,0.0,4,14800,13800,0,0,0,0,0
TF,AA446,40.431472,115.766250,0, ,0.0,0.0,0.0,0.0,0,0,0,0,0,0,0,0
TF,AA445,40.421111,116.595556,0, ,0.0,0.0,0.0,0.0,2,9850,0,0,0,0,0,0
TF,AA423,40.419722,116.679167,0, ,0.0,0.0,0.0,0.0,4,9850,8860,0,0,0,0,0
TF,AA422,40.038056,116.738333,0, ,0.0,0.0,0.0,0.0,2,6890,0,0,0,0,0,0

STAR,GUV9ZA,01,6
IF,AA422,40.038056,116.738333, ,0.0,0.0,2,6890,0,0,0,0,0,0
TF,AA421,39.656389,116.796667,0, ,0.0,0.0,0.0,0.0,3,4930,0,1,210,0,0,0

STAR,GUV9ZA,36L,6
IF,AA422,40.038056,116.738333, ,0.0,0.0,2,6890,0,0,0,0,0,0
TF,AA421,39.656389,116.796667,0, ,0.0,0.0,0.0,0.0,3,4930,0,1,210,0,0,0

STAR,GUV9ZA,36R,6
IF,AA422,40.038056,116.738333, ,0.0,0.0,2,6890,0,0,0,0,0,0
TF,AA421,39.656389,116.796667,0, ,0.0,0.0,0.0,0.0,3,4930,0,1,210,0,0,0

STAR,OSU8ZA,ALL,5
IF,OSUBA,40.736389,117.037222, ,0.0,0.0,4,12800,11800,0,0,0,0,0

STAR,OSU8ZA,18L,6
IF,OSUBA,40.736389,117.037222, ,0.0,0.0,4,12800,11800,0,0,0,0,0
TF,AA525,40.678111,116.971000,0, ,0.0,0.0,0.0,0.0,3,11800,0,0,0,0,0,0
TF,AA524,40.535222,116.809333,0, ,0.0,0.0,0.0,0.0,3,9850,0,0,0,0,0,0
TF,AA523,40.230167,116.856278,0, ,0.0,0.0,0.0,0.0,3,6890,0,0,0,0,0,0
TF,AA522,40.217389,116.710611,0, ,0.0,0.0,0.0,0.0,3,5910,0,0,0,0,0,0
TF,AA521,40.372222,116.686556,0, ,0.0,0.0,0.0,0.0,2,3940,0,1,210,0,0,0

STAR,OSU8ZA,18R,6
IF,OSUBA,40.736389,117.037222, ,0.0,0.0,4,12800,11800,0,0,0,0,0
TF,AA525,40.678111,116.971000,0, ,0.0,0.0,0.0,0.0,3,11800,0,0,0,0,0,0
TF,AA524,40.535222,116.809333,0, ,0.0,0.0,0.0,0.0,3,9850,0,0,0,0,0,0
TF,AA523,40.230167,116.856278,0, ,0.0,0.0,0.0,0.0,3,6890,0,0,0,0,0,0
TF,AA522,40.217389,116.710611,0, ,0.0,0.0,0.0,0.0,3,5910,0,0,0,0,0,0
TF,AA521,40.372222,116.686556,0, ,0.0,0.0,0.0,0.0,2,3940,0,1,210,0,0,0

STAR,OSU8ZA,19,6
IF,OSUBA,40.736389,117.037222, ,0.0,0.0,4,12800,11800,0,0,0,0,0
TF,AA525,40.678111,116.971000,0, ,0.0,0.0,0.0,0.0,3,11800,0,0,0,0,0,0
TF,AA524,40.535222,116.809333,0, ,0.0,0.0,0.0,0.0,3,9850,0,0,0,0,0,0
TF,AA523,40.230167,116.856278,0, ,0.0,0.0,0.0,0.0,3,6890,0,0,0,0,0,0
TF,AA522,40.217389,116.710611,0, ,0.0,0.0,0.0,0.0,3,5910,0,0,0,0,0,0
TF,AA521,40.372222,116.686556,0, ,0.0,0.0,0.0,0.0,2,3940,0,1,210,0,0,0

STAR,OSU9ZA,ALL,5
IF,OSUBA,40.736389,117.037222, ,0.0,0.0,4,12800,11800,0,0,0,0,0
TF,AA424,40.610028,116.893694,0, ,0.0,0.0,0.0,0.0,3,9850,0,0,0,0,0,0
TF,AA423,40.419722,116.679167,0, ,0.0,0.0,0.0,0.0,4,9850,8860,0,0,0,0,0
TF,AA422,40.038056,116.738333,0, ,0.0,0.0,0.0,0.0,2,6890,0,0,0,0,0,0

STAR,OSU9ZA,01,6
IF,AA422,40.038056,116.738333, ,0.0,0.0,2,6890,0,0,0,0,0,0
TF,AA421,39.656389,116.796667,0, ,0.0,0.0,0.0,0.0,3,4930,0,1,210,0,0,0

STAR,OSU9ZA,36L,6
IF,AA422,40.038056,116.738333, ,0.0,0.0,2,6890,0,0,0,0,0,0
TF,AA421,39.656389,116.796667,0, ,0.0,0.0,0.0,0.0,3,4930,0,1,210,0,0,0

STAR,OSU9ZA,36R,6
IF,AA422,40.038056,116.738333, ,0.0,0.0,2,6890,0,0,0,0,0,0
TF,AA421,39.656389,116.796667,0, ,0.0,0.0,0.0,0.0,3,4930,0,1,210,0,0,0

APPTR,I01-Y,01,AA441
IF,AA441,39.605722,116.409417, ,0.0,0.0,2,7880,0,1,210,0,1,0
TF,AA464,39.631417,116.684028,0,INJ,0.0,0.0,0.0,0.0,2,6890,0,0,0,0,1,0

FINAL,I01-Y,01,I,3
IF,AA464,39.631417,116.684028,INJ,179.2,28.0,2,6890,0,0,0,0,0,0
CF,FI01Y,39.912567,116.640642,0,INJ,179.1,11.0,359.0,17.0,1,2960,0,0,0,0,2,0
CF,RW01,40.058914,116.617658,0,INJ,179.1,2.2,359.0,8.8,1,133,0,0,0,0,3,0
CA,0,359.0,2,760,0,0,0,0,0,0
DF,PEK,40.048333,116.735000,2, ,0.0,0.0,2,1970,0,0,0,0,0,0
HM,PEK,40.048333,116.735000,1, ,0.0,0.0,179.0,04.3,2,1970,0,0,0,0,0,0,0

APPTR,I01-Z,01,AA421
IF,AA421,39.656389,116.796667, ,0.0,0.0,3,4930,0,1,210,0,1,0
TF,AA420,39.645778,116.681222,0,INJ,0.0,0.0,0.0,0.0,2,3940,0,0,0,0,1,0

FINAL,I01-Z,01,I,3
IF,AA420,39.645778,116.681222,INJ,179.2,27.1,2,3940,0,0,0,0,0,0
CF,FI01Z,39.963900,116.632589,0,INJ,179.1,7.9,359.0,19.2,1,1970,0,0,0,0,2,0
CF,RW01,40.058914,116.617658,0,INJ,179.1,2.2,359.0,5.7,1,133,0,0,0,0,3,0
CA,0,359.0,2,760,0,0,0,0,0,0
DF,PEK,40.048333,116.735000,2, ,0.0,0.0,2,1970,0,0,0,0,0,0
HM,PEK,40.048333,116.735000,1, ,0.0,0.0,179.0,04.3,2,1970,0,0,0,0,0,0,0

APPTR,I18LY,18L,AA581
IF,AA581,40.405917,116.450361, ,0.0,0.0,2,4930,0,1,210,0,1,0
TF,AA583,40.406583,116.544861,0, ,0.0,0.0,0.0,0.0,2,4930,0,0,0,0,1,0
TF,CI1LY,40.343464,116.554653,0,IOR,0.0,0.0,0.0,0.0,2,3780,0,0,0,0,0,0

FINAL,I18LY,18L,I,3
IF,CI1LY,40.343464,116.554653,IOR,359.1,17.6,2,3780,0,0,0,0,0,0
CF,FI1LY,40.234183,116.571969,0,IOR,359.1,11.0,179.0,6.6,1,2960,0,0,0,0,2,0
CF,RW18L,40.089453,116.594822,0,IOR,359.1,2.2,179.0,8.7,1,163,0,0,0,0,3,0
CF,AA510,39.993056,116.610000,0,PEK,246.1,6.7,179.0,5.8,2,990,0,1,210,0,0,1
DF,PEK,40.048333,116.735000,1, ,0.0,0.0,1,3940,0,0,0,0,0,0
HM,PEK,40.048333,116.735000,2, ,0.0,0.0,359.0,04.3,2,3940,0,0,0,0,0,0,0

APPTR,I18LZ,18L,AA521
IF,AA521,40.372222,116.686556, ,0.0,0.0,2,3940,0,1,210,0,1,0
TF,AA591,40.359889,116.552250,0, ,0.0,0.0,0.0,0.0,2,3940,0,0,0,0,1,0
TF,CI1LZ,40.305381,116.560694,0,IOR,0.0,0.0,0.0,0.0,2,2960,0,0,0,0,0,0

FINAL,I18LZ,18L,I,3
IF,CI1LZ,40.305381,116.560694,IOR,359.1,15.3,2,2960,0,0,0,0,0,0
CF,FI1LZ,40.182856,116.580086,0,IOR,359.1,7.9,179.0,7.4,1,1970,0,0,0,0,2,0
CF,RW18L,40.089453,116.594822,0,IOR,359.1,2.2,179.0,5.6,1,163,0,0,0,0,3,0
CF,AA510,39.993056,116.610000,0,PEK,246.1,6.7,179.0,5.8,2,990,0,1,210,0,0,1
DF,PEK,40.048333,116.735000,1, ,0.0,0.0,1,3940,0,0,0,0,0,0
HM,PEK,40.048333,116.735000,2, ,0.0,0.0,359.0,04.3,2,3940,0,0,0,0,0,0,0

APPTR,I18RY,18R,AA521
IF,AA521,40.372222,116.686556, ,0.0,0.0,2,3940,0,1,210,0,1,0
TF,AA585,40.357778,116.529333,0, ,0.0,0.0,0.0,0.0,2,3940,0,0,0,0,1,0
TF,CI1RY,40.297992,116.538586,0,ILG,0.0,0.0,0.0,0.0,2,3290,0,0,0,0,0,0

FINAL,I18RY,18R,I,3
IF,CI1RY,40.297992,116.538586,ILG,359.1,13.8,2,3290,0,0,0,0,0,0
CF,FI1RY,40.195342,116.554894,0,ILG,359.1,7.6,179.0,6.2,1,1970,0,0,0,0,2,0
CF,RW18R,40.102061,116.569672,0,ILG,359.1,2.0,179.0,5.6,1,167,0,0,0,0,3,0
CA,0,179.0,2,560,0,0,0,0,0,0
DF,SZY,40.106667,116.430000,2, ,0.0,0.0,2,2300,0,1,210,0,0,0
TF,AA505,40.335083,116.424194,0, ,0.0,0.0,0.0,0.0,2,3940,0,0,0,0,0,0

APPTR,I18RZ,18R,AA581
IF,AA581,40.405917,116.450361, ,0.0,0.0,2,4930,0,1,210,0,1,0
TF,AA580,40.406417,116.521028,0, ,0.0,0.0,0.0,0.0,2,4930,0,0,0,0,1,0
TF,CI1RZ,40.352628,116.529886,0,ILG,0.0,0.0,0.0,0.0,2,3940,0,0,0,0,0,0

FINAL,I18RZ,18R,I,3
IF,CI1RZ,40.352628,116.529886,ILG,359.1,17.1,2,3940,0,0,0,0,0,0
CF,FI1RZ,40.246667,116.546747,0,ILG,359.1,10.7,179.0,6.4,1,2960,0,0,0,0,2,0
CF,RW18R,40.102061,116.569672,0,ILG,359.1,2.0,179.0,8.7,1,167,0,0,0,0,3,0
CA,0,179.0,2,560,0,0,0,0,0,0
DF,SZY,40.106667,116.430000,2, ,0.0,0.0,2,2300,0,1,210,0,0,0
TF,AA505,40.335083,116.424194,0, ,0.0,0.0,0.0,0.0,2,3940,0,0,0,0,0,0

APPTR,I19-Y,19,AA581
IF,AA581,40.405917,116.450361, ,0.0,0.0,2,4930,0,1,210,0,1,0
TF,AA587,40.406722,116.562917,0, ,0.0,0.0,0.0,0.0,2,4930,0,0,0,0,1,0
TF,CI19Y,40.343533,116.572692,0,ISZ,0.0,0.0,0.0,0.0,2,3780,0,0,0,0,0,0

FINAL,I19-Y,19,I,3
IF,CI19Y,40.343533,116.572692,ISZ,359.1,17.3,2,3780,0,0,0,0,0,0
CF,FI19Y,40.229289,116.590789,0,ISZ,359.1,10.4,179.0,6.9,1,2960,0,0,0,0,2,0
CF,RW19,40.092878,116.612314,0,ISZ,359.1,2.2,179.0,8.2,1,143,0,0,0,0,3,0
CA,0,179.0,2,660,0,0,0,0,0,0
DF,PEK,40.048333,116.735000,1, ,0.0,0.0,2,1970,0,0,0,0,0,0
HM,PEK,40.048333,116.735000,2, ,0.0,0.0,359.0,04.3,2,1970,0,0,0,0,0,0,0

APPTR,I19-Z,19,AA521
IF,AA521,40.372222,116.686556, ,0.0,0.0,2,3940,0,1,210,0,1,0
TF,AA520,40.361472,116.569472,0, ,0.0,0.0,0.0,0.0,2,3940,0,0,0,0,1,0
TF,CI19Z,40.310419,116.577944,0,ISZ,0.0,0.0,0.0,0.0,2,2960,0,0,0,0,0,0

FINAL,I19-Z,19,I,3
IF,CI19Z,40.310419,116.577944,ISZ,359.1,15.3,2,2960,0,0,0,0,0,0
CF,FI19Z,40.181269,116.598375,0,ISZ,359.1,7.5,179.0,7.8,1,1970,0,0,0,0,2,0
CF,RW19,40.092878,116.612314,0,ISZ,359.1,2.2,179.0,5.3,1,143,0,0,0,0,3,0
CA,0,179.0,2,660,0,0,0,0,0,0
DF,PEK,40.048333,116.735000,1, ,0.0,0.0,2,1970,0,0,0,0,0,0
HM,PEK,40.048333,116.735000,2, ,0.0,0.0,359.0,04.3,2,1970,0,0,0,0,0,0,0

APPTR,I36LY,36L,AA421
IF,AA421,39.656389,116.796667, ,0.0,0.0,3,4930,0,1,210,0,1,0
TF,AA440,39.661972,116.638389,0,IDK,0.0,0.0,0.0,0.0,2,4930,0,0,0,0,1,0

FINAL,I36LY,36L,I,3
IF,AA440,39.661972,116.638389,IDK,179.1,26.8,2,4930,0,0,0,0,0,0
CF,FI3LY,39.979978,116.588947,0,IDK,179.1,7.6,359.0,19.2,1,1970,0,0,0,0,2,0
CF,RW36L,40.073450,116.574192,0,IDK,179.1,1.9,359.0,5.7,1,158,0,0,0,0,3,0
CA,0,359.0,2,530,0,0,0,0,0,0
DF,AA460,40.160611,116.513417,1, ,0.0,0.0,0,0,0,0,0,0,0,0
TF,AA450,40.225833,116.437778,0, ,0.0,0.0,0.0,0.0,0,0,0,0,0,0,0,0
TF,AA461,40.225972,116.350222,0, ,0.0,0.0,0.0,0.0,2,6890,0,0,0,0,0,1
DF,SZY,40.106667,116.430000,1, ,0.0,0.0,2,6890,0,0,0,0,0,0
TF,PEK,40.048333,116.735000,0, ,0.0,0.0,0.0,0.0,2,6890,0,0,0,0,0,0
HM,PEK,40.048333,116.735000,1, ,0.0,0.0,179.0,04.3,2,6890,0,0,0,0,0,0,0

APPTR,I36LZ,36L,AA441
IF,AA441,39.605722,116.409417, ,0.0,0.0,2,7880,0,1,210,0,1,0
TF,AA440,39.661972,116.638389,0,IDK,0.0,0.0,0.0,0.0,2,6890,0,0,0,0,1,0

FINAL,I36LZ,36L,I,3
IF,AA440,39.661972,116.638389,IDK,179.1,26.8,2,6890,0,0,0,0,0,0
CF,FI3LZ,39.928644,116.597033,0,IDK,179.1,10.7,359.0,16.1,1,2960,0,0,0,0,2,0
CF,RW36L,40.073450,116.574192,0,IDK,179.1,1.9,359.0,8.8,1,158,0,0,0,0,3,0
CA,0,359.0,2,530,0,0,0,0,0,0
DF,AA460,40.160611,116.513417,1, ,0.0,0.0,0,0,0,0,0,0,0,0
TF,AA450,40.225833,116.437778,0, ,0.0,0.0,0.0,0.0,0,0,0,0,0,0,0,0
TF,AA461,40.225972,116.350222,0, ,0.0,0.0,0.0,0.0,2,6890,0,0,0,0,0,1
DF,SZY,40.106667,116.430000,1, ,0.0,0.0,2,6890,0,0,0,0,0,0
TF,PEK,40.048333,116.735000,0, ,0.0,0.0,0.0,0.0,2,6890,0,0,0,0,0,0
HM,PEK,40.048333,116.735000,1, ,0.0,0.0,179.0,04.3,2,6890,0,0,0,0,0,0,0

APPTR,I36RY,36R,AA421
IF,AA421,39.656389,116.796667, ,0.0,0.0,3,4930,0,1,210,0,1,0
TF,AA466,39.644222,116.664167,0,IQU,0.0,0.0,0.0,0.0,2,4930,0,0,0,0,1,0

FINAL,I36RY,36R,I,3
IF,AA466,39.644222,116.664167,IQU,179.1,27.1,2,4930,0,0,0,0,0,0
CF,FI3RY,39.960383,116.615114,0,IQU,179.1,8.0,359.0,19.1,1,1970,0,0,0,0,2,0
CF,RW36R,40.055467,116.600167,0,IQU,179.1,2.2,359.0,5.7,1,150,0,0,0,0,3,0
CF,AA493,40.168611,116.582389,0,SZY,68.0,7.9,359.0,6.8,2,990,0,0,0,0,0,0
TF,AA494,40.180639,116.713083,0, ,0.0,0.0,0.0,0.0,2,2300,0,0,0,0,0,0
TF,PEK,40.048333,116.735000,0, ,0.0,0.0,0.0,0.0,1,3940,0,1,210,0,0,0
HM,PEK,40.048333,116.735000,1, ,0.0,0.0,179.0,04.3,2,3940,0,0,0,0,0,0,0

APPTR,I36RZ,36R,AA441
IF,AA441,39.605722,116.409417, ,0.0,0.0,2,7880,0,1,210,0,1,0
TF,AA492,39.629778,116.666389,0,IQU,0.0,0.0,0.0,0.0,2,6890,0,0,0,0,1,0

FINAL,I36RZ,36R,I,3
IF,AA492,39.629778,116.666389,IQU,179.1,27.9,2,6890,0,0,0,0,0,0
CF,FI3RZ,39.909050,116.623167,0,IQU,179.1,11.1,359.0,16.9,1,2960,0,0,0,0,2,0
CF,RW36R,40.055467,116.600167,0,IQU,179.1,2.2,359.0,8.8,1,150,0,0,0,0,3,0
CF,AA493,40.168611,116.582389,0,SZY,68.0,7.9,359.0,6.8,2,990,0,0,0,0,0,0
TF,AA494,40.180639,116.713083,0, ,0.0,0.0,0.0,0.0,2,2300,0,0,0,0,0,0
TF,PEK,40.048333,116.735000,0, ,0.0,0.0,0.0,0.0,1,3940,0,1,210,0,0,0
HM,PEK,40.048333,116.735000,1, ,0.0,0.0,179.0,04.3,2,3940,0,0,0,0,0,0,0

