SID,DOT01D,11L,5
CA,0,109.0,2,490,0,0,0,0,0,0
CF,AD611,39.490556,116.641389,0,DXG,91.0,11.5,104.0,7.0,2,1970,0,1,220,0,0,0
TF,AD612,39.545833,116.786667,0, ,0.0,0.0,0.0,0.0,4,4930,3940,0,0,0,0,0
TF,AD613,39.599722,116.928611,0, ,0.0,0.0,0.0,0.0,3,4930,0,0,0,0,0,0
TF,AD614,39.682778,117.149444,0, ,0.0,0.0,0.0,0.0,0,0,0,0,0,0,0,0
TF,AD615,40.068611,117.078611,0, ,0.0,0.0,0.0,0.0,4,17700,15700,0,0,0,0,0
TF,AD616,40.413611,117.014722,0, ,0.0,0.0,0.0,0.0,0,0,0,0,0,0,0,0
TF,DOTRA,40.757222,116.801944,0, ,0.0,0.0,0.0,0.0,2,17700,0,0,0,0,0,0

SID,DOT02D,01L,5
DF,DE01L,39.501728,116.426539,0, ,0.0,0.0,0,0,0,0,0,0,0,1
CA,0,359.0,2,500,0,0,0,0,0,0
DF,AD611,39.490556,116.641389,2, ,0.0,0.0,2,1970,0,1,220,0,0,0
TF,AD612,39.545833,116.786667,0, ,0.0,0.0,0.0,0.0,4,4930,3940,0,0,0,0,0
TF,AD613,39.599722,116.928611,0, ,0.0,0.0,0.0,0.0,3,4930,0,0,0,0,0,0
TF,AD614,39.682778,117.149444,0, ,0.0,0.0,0.0,0.0,0,0,0,0,0,0,0,0
TF,AD615,40.068611,117.078611,0, ,0.0,0.0,0.0,0.0,4,17700,15700,0,0,0,0,0
TF,AD616,40.413611,117.014722,0, ,0.0,0.0,0.0,0.0,0,0,0,0,0,0,0,0
TF,DOTRA,40.757222,116.801944,0, ,0.0,0.0,0.0,0.0,2,17700,0,0,0,0,0,0

SID,DOT11D,19R,5
DF,DE19R,39.471328,116.431322,0, ,0.0,0.0,0,0,0,0,0,0,0,1
CA,0,179.0,2,500,0,0,0,0,0,0
DF,AD711,39.490556,116.641389,1, ,0.0,0.0,2,1970,0,1,220,0,0,0
TF,AD712,39.545833,116.786667,0, ,0.0,0.0,0.0,0.0,4,4930,3940,0,0,0,0,0
TF,AD713,39.599722,116.928611,0, ,0.0,0.0,0.0,0.0,3,4930,0,0,0,0,0,0
TF,AD714,39.682778,117.149444,0, ,0.0,0.0,0.0,0.0,0,0,0,0,0,0,0,0
TF,AD715,40.068611,117.078611,0, ,0.0,0.0,0.0,0.0,4,17700,15700,0,0,0,0,0
TF,AD716,40.413611,117.014722,0, ,0.0,0.0,0.0,0.0,0,0,0,0,0,0,0,0
TF,DOTRA,40.757222,116.801944,0, ,0.0,0.0,0.0,0.0,2,17700,0,0,0,0,0,0

SID,ELK01D,11L,5
CA,0,109.0,2,490,0,0,0,0,0,0
CF,AD611,39.490556,116.641389,0,DXG,91.0,11.5,104.0,7.0,2,1970,0,1,220,0,0,0
TF,AD632,39.476944,116.767222,0, ,0.0,0.0,0.0,0.0,3,4930,0,0,0,0,0,0
TF,AD633,39.339167,116.837222,0, ,0.0,0.0,0.0,0.0,2,5910,0,0,0,0,0,0
TF,AD634,39.128333,116.943611,0, ,0.0,0.0,0.0,0.0,2,7880,0,0,0,0,0,0
TF,AD636,38.948056,117.034167,0, ,0.0,0.0,0.0,0.0,2,9850,0,0,0,0,0,0
TF,ELKUR,38.639722,116.665000,0, ,0.0,0.0,0.0,0.0,2,13800,0,0,0,0,0,0

SID,ELK02D,01L,5
DF,DE01L,39.501728,116.426539,0, ,0.0,0.0,0,0,0,0,0,0,0,1
CA,0,359.0,2,500,0,0,0,0,0,0
DF,AD611,39.490556,116.641389,2, ,0.0,0.0,2,1970,0,1,220,0,0,0
TF,AD632,39.476944,116.767222,0, ,0.0,0.0,0.0,0.0,3,4930,0,0,0,0,0,0
TF,AD633,39.339167,116.837222,0, ,0.0,0.0,0.0,0.0,2,5910,0,0,0,0,0,0
TF,AD634,39.128333,116.943611,0, ,0.0,0.0,0.0,0.0,2,7880,0,0,0,0,0,0
TF,AD636,38.948056,117.034167,0, ,0.0,0.0,0.0,0.0,2,9850,0,0,0,0,0,0
TF,ELKUR,38.639722,116.665000,0, ,0.0,0.0,0.0,0.0,2,13800,0,0,0,0,0,0

SID,ELK11D,19R,5
DF,DE19R,39.471328,116.431322,0, ,0.0,0.0,0,0,0,0,0,0,0,1
CA,0,179.0,2,500,0,0,0,0,0,0
DF,AD711,39.490556,116.641389,1, ,0.0,0.0,2,1970,0,1,220,0,0,0
TF,AD732,39.476944,116.767222,0, ,0.0,0.0,0.0,0.0,3,4930,0,0,0,0,0,0
TF,AD733,39.339167,116.837222,0, ,0.0,0.0,0.0,0.0,2,5910,0,0,0,0,0,0
TF,AD734,39.128333,116.943611,0, ,0.0,0.0,0.0,0.0,2,7880,0,0,0,0,0,0
TF,AD736,38.948056,117.034167,0, ,0.0,0.0,0.0,0.0,2,9850,0,0,0,0,0,0
TF,ELKUR,38.639722,116.665000,0, ,0.0,0.0,0.0,0.0,2,13800,0,0,0,0,0,0

SID,IDK01D,11L,5
CA,0,109.0,2,490,0,0,0,0,0,0
CF,AD611,39.490556,116.641389,0,DXG,91.0,11.5,104.0,7.0,2,1970,0,1,220,0,0,0
TF,AD612,39.545833,116.786667,0, ,0.0,0.0,0.0,0.0,4,4930,3940,0,0,0,0,0
TF,AD613,39.599722,116.928611,0, ,0.0,0.0,0.0,0.0,3,4930,0,0,0,0,0,0
TF,AD614,39.682778,117.149444,0, ,0.0,0.0,0.0,0.0,0,0,0,0,0,0,0,0
TF,AD615,40.068611,117.078611,0, ,0.0,0.0,0.0,0.0,4,17700,15700,0,0,0,0,0
TF,AD616,40.413611,117.014722,0, ,0.0,0.0,0.0,0.0,0,0,0,0,0,0,0,0
TF,IDKEX,40.777778,116.566667,0, ,0.0,0.0,0.0,0.0,2,17700,0,0,0,0,0,0

SID,IDK02D,01L,5
DF,DE01L,39.501728,116.426539,0, ,0.0,0.0,0,0,0,0,0,0,0,1
CA,0,359.0,2,500,0,0,0,0,0,0
DF,AD611,39.490556,116.641389,2, ,0.0,0.0,2,1970,0,1,220,0,0,0
TF,AD612,39.545833,116.786667,0, ,0.0,0.0,0.0,0.0,4,4930,3940,0,0,0,0,0
TF,AD613,39.599722,116.928611,0, ,0.0,0.0,0.0,0.0,3,4930,0,0,0,0,0,0
TF,AD614,39.682778,117.149444,0, ,0.0,0.0,0.0,0.0,0,0,0,0,0,0,0,0
TF,AD615,40.068611,117.078611,0, ,0.0,0.0,0.0,0.0,4,17700,15700,0,0,0,0,0
TF,AD616,40.413611,117.014722,0, ,0.0,0.0,0.0,0.0,0,0,0,0,0,0,0,0
TF,IDKEX,40.777778,116.566667,0, ,0.0,0.0,0.0,0.0,2,17700,0,0,0,0,0,0

SID,IDK11D,19R,5
DF,DE19R,39.471328,116.431322,0, ,0.0,0.0,0,0,0,0,0,0,0,1
CA,0,179.0,2,500,0,0,0,0,0,0
DF,AD711,39.490556,116.641389,1, ,0.0,0.0,2,1970,0,1,220,0,0,0
TF,AD712,39.545833,116.786667,0, ,0.0,0.0,0.0,0.0,4,4930,3940,0,0,0,0,0
TF,AD713,39.599722,116.928611,0, ,0.0,0.0,0.0,0.0,3,4930,0,0,0,0,0,0
TF,AD714,39.682778,117.149444,0, ,0.0,0.0,0.0,0.0,0,0,0,0,0,0,0,0
TF,AD715,40.068611,117.078611,0, ,0.0,0.0,0.0,0.0,4,17700,15700,0,0,0,0,0
TF,AD716,40.413611,117.014722,0, ,0.0,0.0,0.0,0.0,0,0,0,0,0,0,0,0
TF,IDKEX,40.777778,116.566667,0, ,0.0,0.0,0.0,0.0,2,17700,0,0,0,0,0,0

SID,MUG01D,11L,5
CA,0,109.0,2,490,0,0,0,0,0,0
CF,AD611,39.490556,116.641389,0,DXG,91.0,11.5,104.0,7.0,2,1970,0,1,220,0,0,0
TF,AD632,39.476944,116.767222,0, ,0.0,0.0,0.0,0.0,3,4930,0,0,0,0,0,0
TF,AD633,39.339167,116.837222,0, ,0.0,0.0,0.0,0.0,2,5910,0,0,0,0,0,0
TF,AD634,39.128333,116.943611,0, ,0.0,0.0,0.0,0.0,2,7880,0,0,0,0,0,0
TF,AD635,39.113889,117.234167,0, ,0.0,0.0,0.0,0.0,2,9850,0,0,0,0,0,0
TF,MUGLO,39.070278,118.034444,0, ,0.0,0.0,0.0,0.0,2,14800,0,0,0,0,0,0

SID,MUG02D,01L,5
DF,DE01L,39.501728,116.426539,0, ,0.0,0.0,0,0,0,0,0,0,0,1
CA,0,359.0,2,500,0,0,0,0,0,0
DF,AD611,39.490556,116.641389,2, ,0.0,0.0,2,1970,0,1,220,0,0,0
TF,AD632,39.476944,116.767222,0, ,0.0,0.0,0.0,0.0,3,4930,0,0,0,0,0,0
TF,AD633,39.339167,116.837222,0, ,0.0,0.0,0.0,0.0,2,5910,0,0,0,0,0,0
TF,AD634,39.128333,116.943611,0, ,0.0,0.0,0.0,0.0,2,7880,0,0,0,0,0,0
TF,AD635,39.113889,117.234167,0, ,0.0,0.0,0.0,0.0,2,9850,0,0,0,0,0,0
TF,MUGLO,39.070278,118.034444,0, ,0.0,0.0,0.0,0.0,2,14800,0,0,0,0,0,0

SID,MUG11D,19R,5
DF,DE19R,39.471328,116.431322,0, ,0.0,0.0,0,0,0,0,0,0,0,1
CA,0,179.0,2,500,0,0,0,0,0,0
DF,AD711,39.490556,116.641389,1, ,0.0,0.0,2,1970,0,1,220,0,0,0
TF,AD732,39.476944,116.767222,0, ,0.0,0.0,0.0,0.0,3,4930,0,0,0,0,0,0
TF,AD733,39.339167,116.837222,0, ,0.0,0.0,0.0,0.0,2,5910,0,0,0,0,0,0
TF,AD734,39.128333,116.943611,0, ,0.0,0.0,0.0,0.0,2,7880,0,0,0,0,0,0
TF,AD735,39.113889,117.234167,0, ,0.0,0.0,0.0,0.0,2,9850,0,0,0,0,0,0
TF,MUGLO,39.070278,118.034444,0, ,0.0,0.0,0.0,0.0,2,14800,0,0,0,0,0,0

SID,OMD01D,35R,5
CF,AD651,39.681944,116.370278,0,DXG,0.8,12.5,359.0,10.0,2,2960,0,0,0,0,0,0
TF,AD664,39.673056,116.270278,0, ,0.0,0.0,0.0,0.0,2,3940,0,1,230,0,0,0
TF,AD665,39.658056,116.104722,0, ,0.0,0.0,0.0,0.0,2,5910,0,0,0,0,0,0
TF,AD653,39.594722,115.953056,0, ,0.0,0.0,0.0,0.0,2,7880,0,0,0,0,0,0
TF,AD654,39.447778,115.976944,0, ,0.0,0.0,0.0,0.0,0,0,0,0,0,0,0,0
TF,AD655,39.169167,116.021944,0, ,0.0,0.0,0.0,0.0,2,12800,0,0,0,0,0,0
TF,AD656,39.051389,116.037778,0, ,0.0,0.0,0.0,0.0,0,0,0,0,0,0,0,0
TF,OMDEK,38.655000,116.090833,0, ,0.0,0.0,0.0,0.0,2,13800,0,0,0,0,0,0

SID,OMD02D,35L,5
CA,0,359.0,2,500,0,0,0,0,0,0
DF,AD650,39.615556,116.291111,0, ,0.0,0.0,2,1970,0,0,0,0,0,0
TF,AD652,39.611667,116.223889,0, ,0.0,0.0,0.0,0.0,3,2960,0,0,0,0,0,0
TF,AD653,39.594722,115.953056,0, ,0.0,0.0,0.0,0.0,2,7880,0,0,0,0,0,0
TF,AD654,39.447778,115.976944,1, ,0.0,0.0,0.0,0.0,0,0,0,0,0,0,0,0
TF,AD655,39.169167,116.021944,0, ,0.0,0.0,0.0,0.0,2,12800,0,0,0,0,0,0
TF,AD656,39.051389,116.037778,0, ,0.0,0.0,0.0,0.0,0,0,0,0,0,0,0,0
TF,OMDEK,38.655000,116.090833,0, ,0.0,0.0,0.0,0.0,2,13800,0,0,0,0,0,0

SID,OMD11D,17L,5
CF,AD751,39.340833,116.423333,0,DXG,176.5,8.1,179.0,9.0,2,1970,0,0,0,0,0,0
TF,AD752,39.077500,116.464444,0, ,0.0,0.0,0.0,0.0,0,0,0,0,0,0,0,0
TF,AD753,38.836389,116.250556,0, ,0.0,0.0,0.0,0.0,3,11800,0,0,0,0,0,0
TF,OMDEK,38.655000,116.090833,0, ,0.0,0.0,0.0,0.0,2,13800,0,0,0,0,0,0

SID,OMD12D,17R,5
CF,AD771,39.337222,116.415000,0,DXG,179.4,8.3,179.0,9.0,2,1970,0,0,0,0,0,0
TF,AD754,39.068889,116.456944,0, ,0.0,0.0,0.0,0.0,0,0,0,0,0,0,0,0
TF,AD753,38.836389,116.250556,0, ,0.0,0.0,0.0,0.0,3,11800,0,0,0,0,0,0
TF,OMDEK,38.655000,116.090833,0, ,0.0,0.0,0.0,0.0,2,13800,0,0,0,0,0,0

SID,PEG01D,35R,5
CF,AD651,39.681944,116.370278,0,DXG,0.8,12.5,359.0,10.0,2,2960,0,0,0,0,0,0
TF,AD664,39.673056,116.270278,0, ,0.0,0.0,0.0,0.0,2,3940,0,1,230,0,0,0
TF,AD665,39.658056,116.104722,0, ,0.0,0.0,0.0,0.0,2,5910,0,0,0,0,0,0
TF,AD653,39.594722,115.953056,0, ,0.0,0.0,0.0,0.0,2,7880,0,0,0,0,0,0
TF,AD654,39.447778,115.976944,0, ,0.0,0.0,0.0,0.0,0,0,0,0,0,0,0,0
TF,AD655,39.169167,116.021944,0, ,0.0,0.0,0.0,0.0,2,12800,0,0,0,0,0,0
TF,PEGSO,38.944722,115.505278,0, ,0.0,0.0,0.0,0.0,2,13800,0,0,0,0,0,0

SID,PEG02D,35L,5
CA,0,359.0,2,500,0,0,0,0,0,0
DF,AD650,39.615556,116.291111,0, ,0.0,0.0,2,1970,0,0,0,0,0,0
TF,AD652,39.611667,116.223889,0, ,0.0,0.0,0.0,0.0,3,2960,0,0,0,0,0,0
TF,AD653,39.594722,115.953056,0, ,0.0,0.0,0.0,0.0,2,7880,0,0,0,0,0,0
TF,AD654,39.447778,115.976944,1, ,0.0,0.0,0.0,0.0,0,0,0,0,0,0,0,0
TF,AD655,39.169167,116.021944,0, ,0.0,0.0,0.0,0.0,2,12800,0,0,0,0,0,0
TF,PEGSO,38.944722,115.505278,0, ,0.0,0.0,0.0,0.0,2,13800,0,0,0,0,0,0

SID,PEG11D,17L,5
CF,AD751,39.340833,116.423333,0,DXG,176.5,8.1,179.0,9.0,2,1970,0,0,0,0,0,0
TF,AD772,39.206389,116.108889,0, ,0.0,0.0,0.0,0.0,4,6890,5910,0,0,0,0,0
TF,AD773,39.154167,115.987500,0, ,0.0,0.0,0.0,0.0,2,7880,0,0,0,0,0,0
TF,PEGSO,38.944722,115.505278,0, ,0.0,0.0,0.0,0.0,2,13800,0,0,0,0,0,0

SID,PEG12D,17R,5
CF,AD771,39.337222,116.415000,0,DXG,179.4,8.3,179.0,9.0,2,1970,0,0,0,0,0,0
TF,AD772,39.206389,116.108889,0, ,0.0,0.0,0.0,0.0,4,6890,5910,0,0,0,0,0
TF,AD773,39.154167,115.987500,0, ,0.0,0.0,0.0,0.0,2,7880,0,0,0,0,0,0
TF,PEGSO,38.944722,115.505278,0, ,0.0,0.0,0.0,0.0,2,13800,0,0,0,0,0,0

STAR,AVB01A,35R,5
IF,AVBOX,38.647778,116.378056, ,0.0,0.0,3,12800,0,0,0,0,0,0
TF,AD641,39.037222,116.471389,0, ,0.0,0.0,0.0,0.0,2,6890,0,1,220,0,0,0

STAR,AVB02A,ALL,5
IF,AVBOX,38.647778,116.378056, ,0.0,0.0,3,12800,0,0,0,0,0,0

STAR,AVB02A,01L,6
IF,AVBOX,38.647778,116.378056, ,0.0,0.0,3,12800,0,0,0,0,0,0
TF,AD645,39.016389,116.465833,0, ,0.0,0.0,0.0,0.0,2,6890,0,1,220,0,0,0

STAR,AVB02A,35L,6
IF,AVBOX,38.647778,116.378056, ,0.0,0.0,3,12800,0,0,0,0,0,0
TF,AD645,39.016389,116.465833,0, ,0.0,0.0,0.0,0.0,2,6890,0,1,220,0,0,0

STAR,AVB11A,ALL,5
IF,AVBOX,38.647778,116.378056, ,0.0,0.0,3,12800,0,0,0,0,0,0
TF,AD742,39.070000,116.633056,0, ,0.0,0.0,0.0,0.0,0,0,0,0,0,0,0,0
TF,AD646,39.260278,116.603889,0, ,0.0,0.0,0.0,0.0,0,0,0,0,0,0,0,0
TF,AD741,39.463056,116.572500,0, ,0.0,0.0,0.0,0.0,1,4930,0,0,0,0,0,0
TF,AD722,39.570556,116.555833,0, ,0.0,0.0,0.0,0.0,3,3940,0,0,0,0,0,0

STAR,AVB11A,17L,6
IF,AD722,39.570556,116.555833, ,0.0,0.0,3,3940,0,0,0,0,0,0
TF,AD721,39.805278,116.518889,0, ,0.0,0.0,0.0,0.0,2,1970,0,1,220,0,0,0

STAR,AVB11A,17R,6
IF,AD722,39.570556,116.555833, ,0.0,0.0,3,3940,0,0,0,0,0,0
TF,AD721,39.805278,116.518889,0, ,0.0,0.0,0.0,0.0,2,1970,0,1,220,0,0,0

STAR,AVB11A,19R,6
IF,AD722,39.570556,116.555833, ,0.0,0.0,3,3940,0,0,0,0,0,0
TF,AD721,39.805278,116.518889,0, ,0.0,0.0,0.0,0.0,2,1970,0,1,220,0,0,0

STAR,BEL01A,ALL,5
IF,BELAX,38.720000,115.526389, ,0.0,0.0,2,11800,0,0,0,0,0,0
TF,AD662,38.933611,115.991111,0, ,0.0,0.0,0.0,0.0,2,6890,0,0,0,0,0,0

STAR,BEL01A,01L,6
IF,AD662,38.933611,115.991111, ,0.0,0.0,2,6890,0,0,0,0,0,0
TF,AD661,39.082222,116.192222,0, ,0.0,0.0,0.0,0.0,2,5910,0,1,220,0,0,0

STAR,BEL01A,35L,6
IF,AD662,38.933611,115.991111, ,0.0,0.0,2,6890,0,0,0,0,0,0
TF,AD661,39.082222,116.192222,0, ,0.0,0.0,0.0,0.0,2,5910,0,1,220,0,0,0

STAR,BEL01A,35R,6
IF,AD662,38.933611,115.991111, ,0.0,0.0,2,6890,0,0,0,0,0,0
TF,AD661,39.082222,116.192222,0, ,0.0,0.0,0.0,0.0,2,5910,0,1,220,0,0,0

STAR,BEL11A,ALL,5
IF,BELAX,38.720000,115.526389, ,0.0,0.0,2,11800,0,0,0,0,0,0
TF,AD765,38.960556,116.050000,0, ,0.0,0.0,0.0,0.0,0,0,0,0,0,0,0,0
TF,AD764,39.028889,116.200278,0, ,0.0,0.0,0.0,0.0,2,9850,0,0,0,0,0,0
TF,AD768,39.264722,116.165556,0, ,0.0,0.0,0.0,0.0,0,0,0,0,0,0,0,0
TF,AD763,39.390833,116.145556,0, ,0.0,0.0,0.0,0.0,0,0,0,0,0,0,0,0
TF,AD783,39.498056,116.129167,0, ,0.0,0.0,0.0,0.0,0,0,0,0,0,0,0,0
TF,AD762,39.764444,116.088333,0, ,0.0,0.0,0.0,0.0,4,6890,5910,0,0,0,0,0

STAR,BEL11A,17L,6
IF,AD762,39.764444,116.088333, ,0.0,0.0,4,6890,5910,0,0,0,0,0
TF,AD761,39.775556,116.204444,0, ,0.0,0.0,0.0,0.0,2,4930,0,1,220,0,0,0

STAR,BEL11A,17R,6
IF,AD762,39.764444,116.088333, ,0.0,0.0,4,6890,5910,0,0,0,0,0
TF,AD761,39.775556,116.204444,0, ,0.0,0.0,0.0,0.0,2,4930,0,1,220,0,0,0

STAR,BEL11A,19R,6
IF,AD762,39.764444,116.088333, ,0.0,0.0,4,6890,5910,0,0,0,0,0
TF,AD761,39.775556,116.204444,0, ,0.0,0.0,0.0,0.0,2,4930,0,1,220,0,0,0

STAR,BUM01A,ALL,5
IF,BUMDU,40.713889,117.281944, ,0.0,0.0,4,15700,13800,0,0,0,0,0
TF,AD626,40.357500,117.025000,0, ,0.0,0.0,0.0,0.0,0,0,0,0,0,0,0,0
TF,AD625,40.120833,116.856389,0, ,0.0,0.0,0.0,0.0,2,13800,0,0,0,0,0,0
TF,AD624,39.969444,116.748889,0, ,0.0,0.0,0.0,0.0,2,11800,0,0,0,0,0,0
TF,AD623,39.592500,116.807222,0, ,0.0,0.0,0.0,0.0,4,6890,5910,0,0,0,0,0
TF,AD622,39.570556,116.555833,0, ,0.0,0.0,0.0,0.0,0,0,0,0,0,0,0,0
TF,AD646,39.260278,116.603889,0, ,0.0,0.0,0.0,0.0,0,0,0,0,0,0,0,0

STAR,BUM01A,01L,6
IF,AD646,39.260278,116.603889, ,0.0,0.0,0,0,0,0,0,0,0,0
TF,AD621,39.123333,116.624722,0, ,0.0,0.0,0.0,0.0,2,3940,0,1,220,0,0,0

STAR,BUM01A,35L,6
IF,AD646,39.260278,116.603889, ,0.0,0.0,0,0,0,0,0,0,0,0
TF,AD621,39.123333,116.624722,0, ,0.0,0.0,0.0,0.0,2,3940,0,1,220,0,0,0

STAR,BUM01A,35R,6
IF,AD646,39.260278,116.603889, ,0.0,0.0,0,0,0,0,0,0,0,0
TF,AD621,39.123333,116.624722,0, ,0.0,0.0,0.0,0.0,2,3940,0,1,220,0,0,0

STAR,BUM11A,ALL,5
IF,BUMDU,40.713889,117.281944, ,0.0,0.0,4,15700,13800,0,0,0,0,0
TF,AD725,40.120833,116.856389,0, ,0.0,0.0,0.0,0.0,2,13800,0,0,0,0,0,0
TF,AD724,39.969444,116.748889,0, ,0.0,0.0,0.0,0.0,2,11800,0,0,0,0,0,0
TF,AD723,39.592500,116.807222,0, ,0.0,0.0,0.0,0.0,4,6890,5910,0,0,0,0,0
TF,AD722,39.570556,116.555833,0, ,0.0,0.0,0.0,0.0,3,3940,0,0,0,0,0,0

STAR,BUM11A,17L,6
IF,AD722,39.570556,116.555833, ,0.0,0.0,3,3940,0,0,0,0,0,0
TF,AD721,39.805278,116.518889,0, ,0.0,0.0,0.0,0.0,2,1970,0,1,220,0,0,0

STAR,BUM11A,17R,6
IF,AD722,39.570556,116.555833, ,0.0,0.0,3,3940,0,0,0,0,0,0
TF,AD721,39.805278,116.518889,0, ,0.0,0.0,0.0,0.0,2,1970,0,1,220,0,0,0

STAR,BUM11A,19R,6
IF,AD722,39.570556,116.555833, ,0.0,0.0,3,3940,0,0,0,0,0,0
TF,AD721,39.805278,116.518889,0, ,0.0,0.0,0.0,0.0,2,1970,0,1,220,0,0,0

STAR,DUM01A,ALL,5
IF,DUMAP,38.591389,118.029167, ,0.0,0.0,3,12800,0,0,0,0,0,0
TF,AD643,38.895556,117.149722,0, ,0.0,0.0,0.0,0.0,4,8860,7880,0,0,0,0,0
TF,AD642,39.026667,116.762500,0, ,0.0,0.0,0.0,0.0,2,5910,0,0,0,0,0,0
TF,AD647,39.134722,116.746111,0, ,0.0,0.0,0.0,0.0,0,0,0,0,0,0,0,0

STAR,DUM01A,01L,6
IF,AD647,39.134722,116.746111, ,0.0,0.0,0,0,0,0,0,0,0,0
TF,AD621,39.123333,116.624722,0, ,0.0,0.0,0.0,0.0,2,3940,0,1,220,0,0,0

STAR,DUM01A,35L,6
IF,AD647,39.134722,116.746111, ,0.0,0.0,0,0,0,0,0,0,0,0
TF,AD621,39.123333,116.624722,0, ,0.0,0.0,0.0,0.0,2,3940,0,1,220,0,0,0

STAR,DUM01A,35R,6
IF,AD647,39.134722,116.746111, ,0.0,0.0,0,0,0,0,0,0,0,0
TF,AD621,39.123333,116.624722,0, ,0.0,0.0,0.0,0.0,2,3940,0,1,220,0,0,0

STAR,DUM11A,ALL,5
IF,DUMAP,38.591389,118.029167, ,0.0,0.0,3,12800,0,0,0,0,0,0
TF,AD744,38.895556,117.149722,0, ,0.0,0.0,0.0,0.0,4,8860,7880,0,0,0,0,0
TF,AD743,39.026667,116.762500,0, ,0.0,0.0,0.0,0.0,2,5910,0,0,0,0,0,0
TF,AD742,39.070000,116.633056,0, ,0.0,0.0,0.0,0.0,0,0,0,0,0,0,0,0
TF,AD646,39.260278,116.603889,0, ,0.0,0.0,0.0,0.0,0,0,0,0,0,0,0,0
TF,AD741,39.463056,116.572500,0, ,0.0,0.0,0.0,0.0,1,4930,0,0,0,0,0,0
TF,AD722,39.570556,116.555833,0, ,0.0,0.0,0.0,0.0,3,3940,0,0,0,0,0,0

STAR,DUM11A,17L,6
IF,AD722,39.570556,116.555833, ,0.0,0.0,3,3940,0,0,0,0,0,0
TF,AD721,39.805278,116.518889,0, ,0.0,0.0,0.0,0.0,2,1970,0,1,220,0,0,0

STAR,DUM11A,17R,6
IF,AD722,39.570556,116.555833, ,0.0,0.0,3,3940,0,0,0,0,0,0
TF,AD721,39.805278,116.518889,0, ,0.0,0.0,0.0,0.0,2,1970,0,1,220,0,0,0

STAR,DUM11A,19R,6
IF,AD722,39.570556,116.555833, ,0.0,0.0,3,3940,0,0,0,0,0,0
TF,AD721,39.805278,116.518889,0, ,0.0,0.0,0.0,0.0,2,1970,0,1,220,0,0,0

STAR,ELA01A,ALL,5
IF,ELAPU,40.209167,115.502778, ,0.0,0.0,2,12800,0,0,0,0,0,0
TF,AD684,39.898333,115.605000,0, ,0.0,0.0,0.0,0.0,0,0,0,0,0,0,0,0
TF,AD683,39.455000,115.749167,0, ,0.0,0.0,0.0,0.0,3,11800,0,0,0,0,0,0
TF,AD682,39.498056,116.129167,0, ,0.0,0.0,0.0,0.0,0,0,0,0,0,0,0,0
TF,AD768,39.264722,116.165556,0, ,0.0,0.0,0.0,0.0,0,0,0,0,0,0,0,0

STAR,ELA01A,01L,6
IF,AD768,39.264722,116.165556, ,0.0,0.0,0,0,0,0,0,0,0,0
TF,AD661,39.082222,116.192222,0, ,0.0,0.0,0.0,0.0,2,5910,0,1,220,0,0,0

STAR,ELA01A,35L,6
IF,AD768,39.264722,116.165556, ,0.0,0.0,0,0,0,0,0,0,0,0
TF,AD661,39.082222,116.192222,0, ,0.0,0.0,0.0,0.0,2,5910,0,1,220,0,0,0

STAR,ELA01A,35R,6
IF,AD768,39.264722,116.165556, ,0.0,0.0,0,0,0,0,0,0,0,0
TF,AD661,39.082222,116.192222,0, ,0.0,0.0,0.0,0.0,2,5910,0,1,220,0,0,0

STAR,ELA11A,ALL,5
IF,ELAPU,40.209167,115.502778, ,0.0,0.0,2,12800,0,0,0,0,0,0
TF,AD785,39.898333,115.605000,0, ,0.0,0.0,0.0,0.0,0,0,0,0,0,0,0,0
TF,AD784,39.455000,115.749167,0, ,0.0,0.0,0.0,0.0,3,11800,0,0,0,0,0,0
TF,AD783,39.498056,116.129167,0, ,0.0,0.0,0.0,0.0,0,0,0,0,0,0,0,0
TF,AD762,39.764444,116.088333,0, ,0.0,0.0,0.0,0.0,4,6890,5910,0,0,0,0,0

STAR,ELA11A,17L,6
IF,AD762,39.764444,116.088333, ,0.0,0.0,4,6890,5910,0,0,0,0,0
TF,AD761,39.775556,116.204444,0, ,0.0,0.0,0.0,0.0,2,4930,0,1,220,0,0,0

STAR,ELA11A,17R,6
IF,AD762,39.764444,116.088333, ,0.0,0.0,4,6890,5910,0,0,0,0,0
TF,AD761,39.775556,116.204444,0, ,0.0,0.0,0.0,0.0,2,4930,0,1,220,0,0,0

STAR,ELA11A,19R,6
IF,AD762,39.764444,116.088333, ,0.0,0.0,4,6890,5910,0,0,0,0,0
TF,AD761,39.775556,116.204444,0, ,0.0,0.0,0.0,0.0,2,4930,0,1,220,0,0,0

APPTR,I01L,01L,AD621
IF,AD621,39.123333,116.624722, ,0.0,0.0,2,3940,0,1,220,0,1,0
TF,AD620,39.110556,116.486944,0,IDN,0.0,0.0,0.0,0.0,2,3940,0,0,0,0,1,0

APPTR,I01L,01L,AD645
IF,AD645,39.016389,116.465833, ,0.0,0.0,2,6890,0,1,220,0,1,0
TF,AD620,39.110556,116.486944,0,IDN,0.0,0.0,0.0,0.0,2,5910,0,0,0,0,1,0

APPTR,I01L,01L,AD661
IF,AD661,39.082222,116.192222, ,0.0,0.0,2,5910,0,1,220,0,1,0
TF,AD620,39.110556,116.486944,0,IDN,0.0,0.0,0.0,0.0,2,5910,0,0,0,0,1,0

FINAL,I01L,01L,I,3
IF,AD620,39.110556,116.486944,IDN,179.1,23.8,2,3940,0,0,0,0,0,0
CF,FI01L,39.323450,116.454525,0,IDN,179.1,10.9,359.0,12.9,1,2960,0,0,0,0,2,0
CF,RW01L,39.471328,116.431322,0,IDN,179.1,2.0,359.0,8.9,1,130,0,0,0,0,3,0
CF,AD607,39.522222,116.423333,0,DXG,30.7,3.2,359.0,3.1,2,500,0,0,0,0,0,0
TF,AD531,39.559444,116.457500,0, ,0.0,0.0,0.0,0.0,0,0,0,0,0,0,0,0
TF,AD532,39.568889,116.555833,0, ,0.0,0.0,0.0,0.0,0,0,0,1,200,0,0,0
TF,AD627,39.415833,116.579722,0, ,0.0,0.0,0.0,0.0,2,2960,0,0,0,0,0,0
TF,AD646,39.260278,116.603889,0, ,0.0,0.0,0.0,0.0,2,2960,0,0,0,0,0,0
HM,AD646,39.260278,116.603889,1, ,0.0,0.0,179.0,04.3,2,2960,0,1,230,0,0,0,0

APPTR,I17LY,17L,AD721
IF,AD721,39.805278,116.518889, ,0.0,0.0,2,1970,0,1,220,0,1,0
TF,AD709,39.789722,116.353056,0,IXA,0.0,0.0,0.0,0.0,2,1970,0,0,0,0,1,0

FINAL,I17LY,17L,I,3
IF,AD709,39.789722,116.353056,IXA,359.0,18.6,2,1970,0,0,0,0,0,0
CF,FI7LY,39.612683,116.381128,0,IXA,359.0,7.9,179.0,10.7,1,1970,0,0,0,0,2,0
CF,RW17L,39.517906,116.396111,0,IXA,359.0,2.2,179.0,5.7,1,135,0,0,0,0,3,0
CF,AD766,39.290278,116.431944,0,DXG,177.0,11.2,179.0,13.8,2,1970,0,0,0,0,0,0
TF,AD768,39.264722,116.165556,0, ,0.0,0.0,0.0,0.0,2,2960,0,1,230,0,0,0
HM,AD768,39.264722,116.165556,2, ,0.0,0.0,359.0,04.3,2,2960,0,1,230,0,0,0,0

APPTR,I17LZ,17L,AD761
IF,AD761,39.775556,116.204444, ,0.0,0.0,2,4930,0,1,220,0,1,0
TF,AD709,39.789722,116.353056,0,IXA,0.0,0.0,0.0,0.0,2,3940,0,0,0,0,1,0

FINAL,I17LZ,17L,I,3
IF,AD709,39.789722,116.353056,IXA,359.0,18.6,2,3940,0,0,0,0,0,0
CF,FI7LZ,39.715336,116.364853,0,IXA,359.0,14.1,179.0,4.5,1,3940,0,0,0,0,2,0
CF,RW17L,39.517906,116.396111,0,IXA,359.0,2.2,179.0,11.9,1,135,0,0,0,0,3,0
CF,AD766,39.290278,116.431944,0,DXG,177.0,11.2,179.0,13.8,2,1970,0,0,0,0,0,0
TF,AD768,39.264722,116.165556,0, ,0.0,0.0,0.0,0.0,2,2960,0,1,230,0,0,0
HM,AD768,39.264722,116.165556,2, ,0.0,0.0,359.0,04.3,2,2960,0,1,230,0,0,0,0

APPTR,I17RY,17R,AD721
IF,AD721,39.805278,116.518889, ,0.0,0.0,2,1970,0,1,220,0,1,0
TF,AD760,39.788889,116.344167,0,IXE,0.0,0.0,0.0,0.0,2,1970,0,0,0,0,1,0

FINAL,I17RY,17R,I,3
IF,AD760,39.788889,116.344167,IXE,359.0,18.6,2,1970,0,0,0,0,0,0
CF,FI7RY,39.611853,116.372344,0,IXE,359.0,7.9,179.0,10.7,1,1970,0,0,0,0,2,0
CF,RW17R,39.517075,116.387339,0,IXE,359.0,2.2,179.0,5.7,1,132,0,0,0,0,3,0
CF,AD767,39.289444,116.423056,0,DXG,179.2,11.1,179.0,13.8,2,1970,0,0,0,0,0,0
TF,AD768,39.264722,116.165556,0, ,0.0,0.0,0.0,0.0,2,2960,0,1,230,0,0,0
HM,AD768,39.264722,116.165556,2, ,0.0,0.0,359.0,04.3,2,2960,0,1,230,0,0,0,0

APPTR,I17RZ,17R,AD761
IF,AD761,39.775556,116.204444, ,0.0,0.0,2,4930,0,1,220,0,1,0
TF,AD760,39.788889,116.344167,0,IXE,0.0,0.0,0.0,0.0,2,3940,0,0,0,0,1,0

FINAL,I17RZ,17R,I,3
IF,AD760,39.788889,116.344167,IXE,359.0,18.6,2,3940,0,0,0,0,0,0
CF,FI7RZ,39.714503,116.356061,0,IXE,359.0,14.1,179.0,4.5,1,3940,0,0,0,0,2,0
CF,RW17R,39.517075,116.387339,0,IXE,359.0,2.2,179.0,11.9,1,132,0,0,0,0,3,0
CF,AD767,39.289444,116.423056,0,DXG,179.2,11.1,179.0,13.8,2,1970,0,0,0,0,0,0
TF,AD768,39.264722,116.165556,0, ,0.0,0.0,0.0,0.0,2,2960,0,1,230,0,0,0
HM,AD768,39.264722,116.165556,2, ,0.0,0.0,359.0,04.3,2,2960,0,1,230,0,0,0,0

APPTR,I19R,19R,AD721
IF,AD721,39.805278,116.518889, ,0.0,0.0,2,1970,0,1,220,0,1,0
TF,AD720,39.792222,116.380556,0,IDZ,0.0,0.0,0.0,0.0,2,1970,0,0,0,0,1,0

APPTR,I19R,19R,AD761
IF,AD761,39.775556,116.204444, ,0.0,0.0,2,4930,0,1,220,0,1,0
TF,AD720,39.792222,116.380556,0,IDZ,0.0,0.0,0.0,0.0,2,3940,0,0,0,0,1,0

FINAL,I19R,19R,I,3
IF,AD720,39.792222,116.380556,IDZ,359.0,19.5,2,1970,0,0,0,0,0,0
CF,FI19R,39.596442,116.411606,0,IDZ,359.1,7.7,179.0,11.8,1,1970,0,0,0,0,2,0
CF,RW19R,39.501728,116.426539,0,IDZ,359.1,2.0,179.0,5.7,1,139,0,0,0,0,3,0
CF,AD718,39.459722,116.433056,0,DXG,121.5,2.0,179.0,2.5,2,500,0,0,0,0,0,0
TF,AD430,39.426944,116.465000,0, ,0.0,0.0,0.0,0.0,0,0,0,0,0,0,0,0
TF,AD646,39.260278,116.603889,0, ,0.0,0.0,0.0,0.0,2,2960,0,1,230,0,0,0
HM,AD646,39.260278,116.603889,2, ,0.0,0.0,359.0,04.3,2,2960,0,1,230,0,0,0,0

APPTR,I29R,29R,AD621
IF,AD621,39.123333,116.624722, ,0.0,0.0,2,3940,0,1,220,0,1,0
TF,AD790,39.465278,116.716944,0,IBP,0.0,0.0,0.0,0.0,2,2960,0,0,0,0,1,0

FINAL,I29R,29R,I,3
IF,AD790,39.465278,116.716944,IBP,109.0,13.8,2,2960,0,0,0,0,0,0
CF,FI29R,39.475114,116.661361,0,IBP,109.1,11.1,289.0,2.7,1,2960,0,0,0,0,2,0
CF,RW29R,39.508950,116.474258,0,IBP,109.1,2.2,289.0,8.9,1,129,0,0,0,0,3,0
CA,0,289.0,2,660,0,0,0,0,0,0
DF,AD621,39.123333,116.624722,1, ,0.0,0.0,1,3940,0,1,230,0,0,0

APPTR,I35LY,35L,AD621
IF,AD621,39.123333,116.624722, ,0.0,0.0,2,3940,0,1,220,0,1,0
TF,AD660,39.107222,116.451111,0,IXR,0.0,0.0,0.0,0.0,2,3940,0,0,0,0,1,0

APPTR,I35LY,35L,AD645
IF,AD645,39.016389,116.465833, ,0.0,0.0,2,6890,0,1,220,0,1,0
TF,AD660,39.107222,116.451111,0,IXR,0.0,0.0,0.0,0.0,2,5910,0,0,0,0,1,0

APPTR,I35LY,35L,AD661
IF,AD661,39.082222,116.192222, ,0.0,0.0,2,5910,0,1,220,0,1,0
TF,AD660,39.107222,116.451111,0,IXR,0.0,0.0,0.0,0.0,2,5910,0,0,0,0,1,0

FINAL,I35LY,35L,I,3
IF,AD660,39.107222,116.451111,IXR,179.1,24.9,2,3940,0,0,0,0,0,0
CF,FI35L,39.285653,116.423775,0,IXR,179.0,14.1,359.0,10.8,1,3940,0,0,0,0,2,0
CF,RW35L,39.483100,116.392703,0,IXR,179.0,2.2,359.0,11.9,1,129,0,0,0,0,3,0
CA,0,359.0,2,500,0,0,0,0,0,0
DF,AD663,39.614167,116.265000,1, ,0.0,0.0,4,3940,1970,0,0,0,0,0
TF,AD682,39.498056,116.129167,1, ,0.0,0.0,0.0,0.0,2,4930,0,0,0,0,0,0
TF,AD768,39.264722,116.165556,0, ,0.0,0.0,0.0,0.0,0,0,0,1,230,0,0,0
HM,AD768,39.264722,116.165556,1, ,0.0,0.0,179.0,04.3,2,2960,0,1,230,0,0,0,0

APPTR,I35LZ,35L,AD621
IF,AD621,39.123333,116.624722, ,0.0,0.0,2,3940,0,1,220,0,1,0
TF,AD660,39.107222,116.451111,0,IXR,0.0,0.0,0.0,0.0,2,3940,0,0,0,0,1,0

APPTR,I35LZ,35L,AD645
IF,AD645,39.016389,116.465833, ,0.0,0.0,2,6890,0,1,220,0,1,0
TF,AD660,39.107222,116.451111,0,IXR,0.0,0.0,0.0,0.0,2,5910,0,0,0,0,1,0

APPTR,I35LZ,35L,AD661
IF,AD661,39.082222,116.192222, ,0.0,0.0,2,5910,0,1,220,0,1,0
TF,AD660,39.107222,116.451111,0,IXR,0.0,0.0,0.0,0.0,2,5910,0,0,0,0,1,0

FINAL,I35LZ,35L,I,3
IF,AD660,39.107222,116.451111,IXR,179.1,24.9,2,3940,0,0,0,0,0,0
CF,FI35L,39.285653,116.423775,0,IXR,179.0,14.1,359.0,10.8,1,3940,0,0,0,0,2,0
CF,RW35L,39.483100,116.392703,0,IXR,179.0,2.2,359.0,11.9,1,129,0,0,0,0,3,0
CF,AD667,39.620472,116.370389,0,DXG,358.7,8.9,359.0,8.3,0,0,0,1,230,0,0,0
TF,AD663,39.614167,116.265000,0, ,0.0,0.0,0.0,0.0,4,3940,1970,0,0,0,0,0
TF,AD682,39.498056,116.129167,0, ,0.0,0.0,0.0,0.0,2,4930,0,0,0,0,0,0
TF,AD768,39.264722,116.165556,0, ,0.0,0.0,0.0,0.0,0,0,0,1,230,0,0,0
HM,AD768,39.264722,116.165556,1, ,0.0,0.0,179.0,04.3,2,2960,0,1,230,0,0,0,0

APPTR,I35R,35R,AD621
IF,AD621,39.123333,116.624722, ,0.0,0.0,2,3940,0,1,220,0,1,0
TF,AD608,39.108056,116.460000,0,IXO,0.0,0.0,0.0,0.0,2,3940,0,0,0,0,1,0

APPTR,I35R,35R,AD641
IF,AD641,39.037222,116.471389, ,0.0,0.0,2,6890,0,1,220,0,1,0
TF,AD608,39.108056,116.460000,0,IXO,0.0,0.0,0.0,0.0,2,5910,0,0,0,0,1,0

APPTR,I35R,35R,AD661
IF,AD661,39.082222,116.192222, ,0.0,0.0,2,5910,0,1,220,0,1,0
TF,AD608,39.108056,116.460000,0,IXO,0.0,0.0,0.0,0.0,2,5910,0,0,0,0,1,0

FINAL,I35R,35R,I,3
IF,AD608,39.108056,116.460000,IXO,179.1,24.9,2,3940,0,0,0,0,0,0
CF,FI35R,39.286481,116.432531,0,IXO,179.0,14.1,359.0,10.8,1,3940,0,0,0,0,2,0
CF,RW35R,39.483931,116.401472,0,IXO,179.0,2.2,359.0,11.9,1,132,0,0,0,0,3,0
CF,AD651,39.681944,116.370278,0,DXG,0.8,12.5,359.0,12.0,2,2960,0,0,0,0,0,0
TF,AD664,39.673056,116.270278,0, ,0.0,0.0,0.0,0.0,2,3940,0,0,0,0,0,0
TF,AD665,39.658056,116.104722,0, ,0.0,0.0,0.0,0.0,2,4930,0,0,0,0,0,0
TF,AD682,39.498056,116.129167,0, ,0.0,0.0,0.0,0.0,2,4930,0,0,0,0,0,0
TF,AD768,39.264722,116.165556,0, ,0.0,0.0,0.0,0.0,0,0,0,1,230,0,0,0
HM,AD768,39.264722,116.165556,1, ,0.0,0.0,179.0,04.3,0,0,0,1,230,0,0,0,0

