SID,ALG01D,13,2
CA,0,128.0,2,4990,0,0,0,0,0,0
DF,D011E,39.572886,109.873647,1, ,0.0,0.0,0,0,0,0,0,0,0,0
TF,D011T,39.821533,109.909764,0, ,0.0,0.0,0.0,0.0,2,8860,0,0,0,0,0,0
TF,ALGOV,40.198611,109.965278,0, ,0.0,0.0,0.0,0.0,0,0,0,0,0,0,0,0

SID,ALG11D,31,2
CA,0,308.0,2,4990,0,0,0,0,0,0
DF,D011I,39.642508,109.883733,2, ,0.0,0.0,0,0,0,0,0,0,0,0
TF,D011T,39.821533,109.909764,0, ,0.0,0.0,0.0,0.0,2,8860,0,0,0,0,0,0
TF,ALGOV,40.198611,109.965278,0, ,0.0,0.0,0.0,0.0,0,0,0,0,0,0,0,0

SID,ALG8ZD,13,5
CA,0,128.0,2,4990,0,0,0,0,0,0
DF,DS511,39.643417,109.879111,1, ,0.0,0.0,0,0,0,0,0,0,0,0
TF,DS601,39.821361,109.907917,0, ,0.0,0.0,0.0,0.0,2,8860,0,0,0,0,0,0
TF,ALGOV,40.198611,109.965278,0, ,0.0,0.0,0.0,0.0,0,0,0,0,0,0,0,0

SID,ALG9ZD,31,5
CA,0,308.0,2,4990,0,0,0,0,0,0
DF,DS511,39.643417,109.879111,2, ,0.0,0.0,0,0,0,0,0,0,0,0
TF,DS601,39.821361,109.907917,0, ,0.0,0.0,0.0,0.0,2,8860,0,0,0,0,0,0
TF,ALGOV,40.198611,109.965278,0, ,0.0,0.0,0.0,0.0,0,0,0,0,0,0,0,0

SID,KIB01D,13,2
CA,0,128.0,2,4990,0,0,0,0,0,0
DF,IDSOT,39.224167,109.499722,2, ,0.0,0.0,0,0,0,0,0,0,0,0
TF,HDS27,39.151667,109.481667,0, ,0.0,0.0,0.0,0.0,2,11800,0,0,0,0,0,0
TF,IPNON,39.074444,109.462778,0, ,0.0,0.0,0.0,0.0,0,0,0,0,0,0,0,0
TF,KIBIP,38.895278,109.418611,0, ,0.0,0.0,0.0,0.0,0,0,0,0,0,0,0,0

SID,KIB11D,31,2
CA,0,308.0,2,4990,0,0,0,0,0,0
DF,IDSOT,39.224167,109.499722,0, ,0.0,0.0,0,0,0,0,0,0,0,0
TF,HDS27,39.151667,109.481667,0, ,0.0,0.0,0.0,0.0,2,11800,0,0,0,0,0,0
TF,IPNON,39.074444,109.462778,0, ,0.0,0.0,0.0,0.0,0,0,0,0,0,0,0,0
TF,KIBIP,38.895278,109.418611,0, ,0.0,0.0,0.0,0.0,0,0,0,0,0,0,0,0

SID,KIB8ZD,13,5
CA,0,128.0,2,4990,0,0,0,0,0,0
DF,IDSOT,39.224167,109.499722,2, ,0.0,0.0,0,0,0,0,0,0,0,0
TF,DS605,39.150861,109.481611,0, ,0.0,0.0,0.0,0.0,2,11800,0,0,0,0,0,0
TF,IPNON,39.074444,109.462778,0, ,0.0,0.0,0.0,0.0,0,0,0,0,0,0,0,0
TF,KIBIP,38.895278,109.418611,0, ,0.0,0.0,0.0,0.0,0,0,0,0,0,0,0,0

SID,KIB9ZD,31,5
CA,0,308.0,2,4990,0,0,0,0,0,0
DF,IDSOT,39.224167,109.499722,0, ,0.0,0.0,0,0,0,0,0,0,0,0
TF,DS605,39.150861,109.481611,0, ,0.0,0.0,0.0,0.0,2,11800,0,0,0,0,0,0
TF,IPNON,39.074444,109.462778,0, ,0.0,0.0,0.0,0.0,0,0,0,0,0,0,0,0
TF,KIBIP,38.895278,109.418611,0, ,0.0,0.0,0.0,0.0,0,0,0,0,0,0,0,0

SID,LAV01D,13,2
CA,0,128.0,2,4990,0,0,0,0,0,0
DF,IDSOT,39.224167,109.499722,2, ,0.0,0.0,0,0,0,0,0,0,0,0
TF,HDS33,39.235000,109.233333,0, ,0.0,0.0,0.0,0.0,2,11800,0,0,0,0,0,0
TF,LAVOM,39.248333,108.835556,0, ,0.0,0.0,0.0,0.0,0,0,0,0,0,0,0,0

SID,LAV11D,31,2
CA,0,308.0,2,4990,0,0,0,0,0,0
DF,IDSOT,39.224167,109.499722,0, ,0.0,0.0,0,0,0,0,0,0,0,0
TF,HDS33,39.235000,109.233333,0, ,0.0,0.0,0.0,0.0,2,11800,0,0,0,0,0,0
TF,LAVOM,39.248333,108.835556,0, ,0.0,0.0,0.0,0.0,0,0,0,0,0,0,0,0

SID,LAV8ZD,13,5
CA,0,128.0,2,4990,0,0,0,0,0,0
DF,IDSOT,39.224167,109.499722,2, ,0.0,0.0,0,0,0,0,0,0,0,0
TF,DS606,39.234306,109.233333,0, ,0.0,0.0,0.0,0.0,2,11800,0,0,0,0,0,0
TF,LAVOM,39.248333,108.835556,0, ,0.0,0.0,0.0,0.0,0,0,0,0,0,0,0,0

SID,LAV9ZD,31,5
CA,0,308.0,2,4990,0,0,0,0,0,0
DF,IDSOT,39.224167,109.499722,1, ,0.0,0.0,0,0,0,0,0,0,0,0
TF,DS606,39.234306,109.233333,0, ,0.0,0.0,0.0,0.0,2,11800,0,0,0,0,0,0
TF,LAVOM,39.248333,108.835556,0, ,0.0,0.0,0.0,0.0,0,0,0,0,0,0,0,0

SID,OMD01D,13,2
CA,0,128.0,2,4990,0,0,0,0,0,0
CF,VEXEB,39.193611,110.161111,0,HDS,146.8,22.6,147.0,21.0,2,7880,0,0,0,0,0,0
TF,OMDIS,38.951667,110.405556,0, ,0.0,0.0,0.0,0.0,0,0,0,0,0,0,0,0

SID,OMD11D,31,2
CA,0,308.0,2,4990,0,0,0,0,0,0
DF,D196E,39.416408,109.842569,1, ,0.0,0.0,0,0,0,0,0,0,0,0
TF,VEXEB,39.193611,110.161111,0, ,0.0,0.0,0.0,0.0,2,7880,0,0,0,0,0,0
TF,OMDIS,38.951667,110.405556,0, ,0.0,0.0,0.0,0.0,0,0,0,0,0,0,0,0

SID,OMD8ZD,13,5
CA,0,128.0,2,4990,0,0,0,0,0,0
DF,VEXEB,39.193611,110.161111,2, ,0.0,0.0,2,7880,0,0,0,0,0,0
TF,DS602,39.150333,110.205722,0, ,0.0,0.0,0.0,0.0,2,7880,0,0,0,0,0,0
TF,OMDIS,38.951667,110.405556,0, ,0.0,0.0,0.0,0.0,0,0,0,0,0,0,0,0

SID,OMD9ZD,31,5
CA,0,308.0,2,4990,0,0,0,0,0,0
DF,DS512,39.416944,109.841444,1, ,0.0,0.0,0,0,0,0,0,0,0,0
TF,VEXEB,39.193611,110.161111,0, ,0.0,0.0,0.0,0.0,2,7880,0,0,0,0,0,0
TF,DS602,39.150333,110.205722,0, ,0.0,0.0,0.0,0.0,2,7880,0,0,0,0,0,0
TF,OMDIS,38.951667,110.405556,0, ,0.0,0.0,0.0,0.0,0,0,0,0,0,0,0,0

SID,YLX01D,13,2
CA,0,128.0,2,4990,0,0,0,0,0,0
DF,D196L,39.290475,109.809986,2, ,0.0,0.0,0,0,0,0,0,0,0,0
TF,D196U,39.149811,109.773733,0, ,0.0,0.0,0.0,0.0,2,7880,0,0,0,0,0,0
TF,TESAN,39.069444,109.753333,0, ,0.0,0.0,0.0,0.0,0,0,0,0,0,0,0,0
TF,YLX,38.381667,109.578333,0, ,0.0,0.0,0.0,0.0,0,0,0,0,0,0,0,0

SID,YLX11D,31,2
CA,0,308.0,2,4990,0,0,0,0,0,0
DF,D196E,39.416408,109.842569,1, ,0.0,0.0,0,0,0,0,0,0,0,0
TF,D196U,39.149811,109.773733,0, ,0.0,0.0,0.0,0.0,2,7880,0,0,0,0,0,0
TF,TESAN,39.069444,109.753333,0, ,0.0,0.0,0.0,0.0,0,0,0,0,0,0,0,0
TF,YLX,38.381667,109.578333,0, ,0.0,0.0,0.0,0.0,0,0,0,0,0,0,0,0

SID,YLX8ZD,13,5
CA,0,128.0,2,4990,0,0,0,0,0,0
DF,DS703,39.290750,109.810806,2, ,0.0,0.0,0,0,0,0,0,0,0,0
TF,DS603,39.151167,109.775028,0, ,0.0,0.0,0.0,0.0,2,7880,0,0,0,0,0,0
TF,TESAN,39.069444,109.753333,0, ,0.0,0.0,0.0,0.0,0,0,0,0,0,0,0,0
TF,YLX,38.381667,109.578333,0, ,0.0,0.0,0.0,0.0,0,0,0,0,0,0,0,0

SID,YLX9ZD,31,5
CA,0,308.0,2,4990,0,0,0,0,0,0
DF,DS512,39.416944,109.841444,1, ,0.0,0.0,0,0,0,0,0,0,0,0
TF,DS603,39.151167,109.775028,0, ,0.0,0.0,0.0,0.0,2,7880,0,0,0,0,0,0
TF,TESAN,39.069444,109.753333,0, ,0.0,0.0,0.0,0.0,0,0,0,0,0,0,0,0
TF,YLX,38.381667,109.578333,0, ,0.0,0.0,0.0,0.0,0,0,0,0,0,0,0,0

STAR,ALG01A,13,2
IF,ALGOV,40.198611,109.965278, ,0.0,0.0,0,0,0,0,0,0,0,0
TF,D011T,39.821533,109.909764,0, ,0.0,0.0,0.0,0.0,2,9850,0,0,0,0,0,0
TF,D011O,39.738653,109.897694,0, ,0.0,0.0,0.0,0.0,2,8860,0,1,205,0,0,0

STAR,ALG02A,13,2
IF,ALGOV,40.198611,109.965278, ,0.0,0.0,0,0,0,0,0,0,0,0
TF,D011T,39.821533,109.909764,0, ,0.0,0.0,0.0,0.0,2,9850,0,0,0,0,0,0
TF,D011O,39.738653,109.897694,0, ,0.0,0.0,0.0,0.0,2,8860,0,0,0,0,0,0
TF,HDS,39.490000,109.861667,0, ,0.0,0.0,0.0,0.0,2,7880,0,1,205,0,0,0

STAR,ALG11A,31,2
IF,ALGOV,40.198611,109.965278, ,0.0,0.0,0,0,0,0,0,0,0,0
TF,D011T,39.821533,109.909764,0, ,0.0,0.0,0.0,0.0,2,9850,0,0,0,0,0,0
TF,D011O,39.738653,109.897694,0, ,0.0,0.0,0.0,0.0,2,8860,0,1,205,0,0,0

STAR,ALG12A,31,2
IF,ALGOV,40.198611,109.965278, ,0.0,0.0,0,0,0,0,0,0,0,0
TF,D011T,39.821533,109.909764,0, ,0.0,0.0,0.0,0.0,2,9850,0,0,0,0,0,0
TF,D011O,39.738653,109.897694,0, ,0.0,0.0,0.0,0.0,2,8860,0,0,0,0,0,0
TF,HDS,39.490000,109.861667,0, ,0.0,0.0,0.0,0.0,2,7880,0,1,205,0,0,0

STAR,ALG8YA,13,5
IF,ALGOV,40.198611,109.965278, ,0.0,0.0,0,0,0,0,0,0,0,0
TF,DS601,39.821361,109.907917,0, ,0.0,0.0,0.0,0.0,2,9850,0,0,0,0,0,0
TF,DS501,39.739694,109.891611,0, ,0.0,0.0,0.0,0.0,2,8860,0,0,0,0,0,0
TF,HDS,39.490000,109.861667,0, ,0.0,0.0,0.0,0.0,2,7880,0,1,205,0,0,0

STAR,ALG8ZA,13,5
IF,ALGOV,40.198611,109.965278, ,0.0,0.0,0,0,0,0,0,0,0,0
TF,DS601,39.821361,109.907917,0, ,0.0,0.0,0.0,0.0,2,9850,0,0,0,0,0,0
TF,DS501,39.739694,109.891611,0, ,0.0,0.0,0.0,0.0,2,8860,0,1,205,0,0,0

STAR,ALG9YA,31,5
IF,ALGOV,40.198611,109.965278, ,0.0,0.0,0,0,0,0,0,0,0,0
TF,DS601,39.821361,109.907917,0, ,0.0,0.0,0.0,0.0,2,9850,0,0,0,0,0,0
TF,DS501,39.739694,109.891611,0, ,0.0,0.0,0.0,0.0,2,8860,0,0,0,0,0,0
TF,HDS,39.490000,109.861667,0, ,0.0,0.0,0.0,0.0,2,7880,0,1,205,0,0,0

STAR,ALG9ZA,31,5
IF,ALGOV,40.198611,109.965278, ,0.0,0.0,0,0,0,0,0,0,0,0
TF,DS601,39.821361,109.907917,0, ,0.0,0.0,0.0,0.0,2,9850,0,0,0,0,0,0
TF,DS501,39.739694,109.891611,0, ,0.0,0.0,0.0,0.0,2,8860,0,1,205,0,0,0

STAR,OMD01A,13,2
IF,OMDIS,38.951667,110.405556, ,0.0,0.0,0,0,0,0,0,0,0,0
TF,VEXEB,39.193611,110.161111,0, ,0.0,0.0,0.0,0.0,2,8860,0,0,0,0,0,0
TF,D147O,39.293478,110.061278,0, ,0.0,0.0,0.0,0.0,2,8860,0,0,0,0,0,0
TF,HDS,39.490000,109.861667,0, ,0.0,0.0,0.0,0.0,2,7880,0,1,205,0,0,0

STAR,OMD11A,31,2
IF,OMDIS,38.951667,110.405556, ,0.0,0.0,0,0,0,0,0,0,0,0
TF,VEXEB,39.193611,110.161111,0, ,0.0,0.0,0.0,0.0,2,8860,0,0,0,0,0,0
TF,D147O,39.293478,110.061278,0, ,0.0,0.0,0.0,0.0,2,7880,0,1,205,0,0,0

STAR,OMD12A,31,2
IF,OMDIS,38.951667,110.405556, ,0.0,0.0,0,0,0,0,0,0,0,0
TF,VEXEB,39.193611,110.161111,0, ,0.0,0.0,0.0,0.0,2,8860,0,0,0,0,0,0
TF,D147O,39.293478,110.061278,0, ,0.0,0.0,0.0,0.0,2,7880,0,0,0,0,0,0
TF,HDS,39.490000,109.861667,0, ,0.0,0.0,0.0,0.0,2,7880,0,1,205,0,0,0

STAR,OMD8YA,13,5
IF,OMDIS,38.951667,110.405556, ,0.0,0.0,0,0,0,0,0,0,0,0
TF,DS602,39.150333,110.205722,0, ,0.0,0.0,0.0,0.0,2,8860,0,0,0,0,0,0
TF,VEXEB,39.193611,110.161111,0, ,0.0,0.0,0.0,0.0,2,8860,0,0,0,0,0,0
TF,DS503,39.294194,110.059000,0, ,0.0,0.0,0.0,0.0,2,8860,0,0,0,0,0,0
TF,HDS,39.490000,109.861667,0, ,0.0,0.0,0.0,0.0,2,7880,0,1,205,0,0,0

STAR,OMD8ZA,13,5
IF,OMDIS,38.951667,110.405556, ,0.0,0.0,0,0,0,0,0,0,0,0
TF,DS602,39.150333,110.205722,0, ,0.0,0.0,0.0,0.0,2,8860,0,0,0,0,0,0
TF,VEXEB,39.193611,110.161111,0, ,0.0,0.0,0.0,0.0,2,8860,0,0,0,0,0,0
TF,DS503,39.294194,110.059000,0, ,0.0,0.0,0.0,0.0,2,8860,0,1,205,0,0,0

STAR,OMD9YA,31,5
IF,OMDIS,38.951667,110.405556, ,0.0,0.0,0,0,0,0,0,0,0,0
TF,DS602,39.150333,110.205722,0, ,0.0,0.0,0.0,0.0,2,8860,0,0,0,0,0,0
TF,VEXEB,39.193611,110.161111,0, ,0.0,0.0,0.0,0.0,2,8860,0,0,0,0,0,0
TF,DS503,39.294194,110.059000,0, ,0.0,0.0,0.0,0.0,2,7880,0,0,0,0,0,0
TF,HDS,39.490000,109.861667,0, ,0.0,0.0,0.0,0.0,2,7880,0,1,205,0,0,0

STAR,OMD9ZA,31,5
IF,OMDIS,38.951667,110.405556, ,0.0,0.0,0,0,0,0,0,0,0,0
TF,DS602,39.150333,110.205722,0, ,0.0,0.0,0.0,0.0,2,8860,0,0,0,0,0,0
TF,VEXEB,39.193611,110.161111,0, ,0.0,0.0,0.0,0.0,2,8860,0,0,0,0,0,0
TF,DS503,39.294194,110.059000,0, ,0.0,0.0,0.0,0.0,2,7880,0,1,205,0,0,0

STAR,UGP01A,13,2
IF,UGPOR,39.157500,110.948333, ,0.0,0.0,0,0,0,0,0,0,0,0
TF,VEXEB,39.193611,110.161111,0, ,0.0,0.0,0.0,0.0,2,8860,0,0,0,0,0,0
TF,D147O,39.293478,110.061278,0, ,0.0,0.0,0.0,0.0,2,8860,0,0,0,0,0,0
TF,HDS,39.490000,109.861667,0, ,0.0,0.0,0.0,0.0,2,7880,0,1,205,0,0,0

STAR,UGP11A,31,2
IF,UGPOR,39.157500,110.948333, ,0.0,0.0,0,0,0,0,0,0,0,0
TF,VEXEB,39.193611,110.161111,0, ,0.0,0.0,0.0,0.0,2,8860,0,0,0,0,0,0
TF,D147O,39.293478,110.061278,0, ,0.0,0.0,0.0,0.0,2,7880,0,1,205,0,0,0

STAR,UGP12A,31,2
IF,UGPOR,39.157500,110.948333, ,0.0,0.0,0,0,0,0,0,0,0,0
TF,VEXEB,39.193611,110.161111,0, ,0.0,0.0,0.0,0.0,2,8860,0,0,0,0,0,0
TF,D147O,39.293478,110.061278,0, ,0.0,0.0,0.0,0.0,2,7880,0,0,0,0,0,0
TF,HDS,39.490000,109.861667,0, ,0.0,0.0,0.0,0.0,2,7880,0,1,205,0,0,0

STAR,UGP8YA,13,5
IF,UGPOR,39.157500,110.948333, ,0.0,0.0,0,0,0,0,0,0,0,0
TF,VEXEB,39.193611,110.161111,0, ,0.0,0.0,0.0,0.0,2,8860,0,0,0,0,0,0
TF,DS503,39.294194,110.059000,0, ,0.0,0.0,0.0,0.0,2,8860,0,0,0,0,0,0
TF,HDS,39.490000,109.861667,0, ,0.0,0.0,0.0,0.0,2,7880,0,1,205,0,0,0

STAR,UGP8ZA,13,5
IF,UGPOR,39.157500,110.948333, ,0.0,0.0,0,0,0,0,0,0,0,0
TF,VEXEB,39.193611,110.161111,0, ,0.0,0.0,0.0,0.0,2,8860,0,0,0,0,0,0
TF,DS503,39.294194,110.059000,0, ,0.0,0.0,0.0,0.0,2,8860,0,1,205,0,0,0

STAR,UGP9YA,31,5
IF,UGPOR,39.157500,110.948333, ,0.0,0.0,0,0,0,0,0,0,0,0
TF,VEXEB,39.193611,110.161111,0, ,0.0,0.0,0.0,0.0,2,8860,0,0,0,0,0,0
TF,DS503,39.294194,110.059000,0, ,0.0,0.0,0.0,0.0,2,7880,0,0,0,0,0,0
TF,HDS,39.490000,109.861667,0, ,0.0,0.0,0.0,0.0,2,7880,0,1,205,0,0,0

STAR,UGP9ZA,31,5
IF,UGPOR,39.157500,110.948333, ,0.0,0.0,0,0,0,0,0,0,0,0
TF,VEXEB,39.193611,110.161111,0, ,0.0,0.0,0.0,0.0,2,8860,0,0,0,0,0,0
TF,DS503,39.294194,110.059000,0, ,0.0,0.0,0.0,0.0,2,7880,0,1,205,0,0,0

STAR,YLX01A,13,2
IF,YLX,38.381667,109.578333, ,0.0,0.0,0,0,0,0,0,0,0,0
TF,TESAN,39.069444,109.753333,0, ,0.0,0.0,0.0,0.0,0,0,0,0,0,0,0,0
TF,D196U,39.149811,109.773733,0, ,0.0,0.0,0.0,0.0,2,8860,0,0,0,0,0,0
TF,D196O,39.244678,109.798167,0, ,0.0,0.0,0.0,0.0,2,8860,0,1,205,0,0,0

STAR,YLX02A,13,2
IF,YLX,38.381667,109.578333, ,0.0,0.0,0,0,0,0,0,0,0,0
TF,TESAN,39.069444,109.753333,0, ,0.0,0.0,0.0,0.0,0,0,0,0,0,0,0,0
TF,D196U,39.149811,109.773733,0, ,0.0,0.0,0.0,0.0,2,8860,0,0,0,0,0,0
TF,D196O,39.244678,109.798167,0, ,0.0,0.0,0.0,0.0,2,8860,0,0,0,0,0,0
TF,HDS,39.490000,109.861667,0, ,0.0,0.0,0.0,0.0,2,7880,0,1,205,0,0,0

STAR,YLX11A,31,2
IF,YLX,38.381667,109.578333, ,0.0,0.0,0,0,0,0,0,0,0,0
TF,TESAN,39.069444,109.753333,0, ,0.0,0.0,0.0,0.0,0,0,0,0,0,0,0,0
TF,D196U,39.149811,109.773733,0, ,0.0,0.0,0.0,0.0,2,8860,0,0,0,0,0,0
TF,D196O,39.244678,109.798167,0, ,0.0,0.0,0.0,0.0,2,8860,0,1,205,0,0,0

STAR,YLX12A,31,2
IF,YLX,38.381667,109.578333, ,0.0,0.0,0,0,0,0,0,0,0,0
TF,TESAN,39.069444,109.753333,0, ,0.0,0.0,0.0,0.0,0,0,0,0,0,0,0,0
TF,D196U,39.149811,109.773733,0, ,0.0,0.0,0.0,0.0,2,8860,0,0,0,0,0,0
TF,D196O,39.244678,109.798167,0, ,0.0,0.0,0.0,0.0,2,8860,0,0,0,0,0,0
TF,HDS,39.490000,109.861667,0, ,0.0,0.0,0.0,0.0,2,7880,0,1,205,0,0,0

STAR,YLX8YA,13,5
IF,YLX,38.381667,109.578333, ,0.0,0.0,0,0,0,0,0,0,0,0
TF,TESAN,39.069444,109.753333,0, ,0.0,0.0,0.0,0.0,0,0,0,0,0,0,0,0
TF,DS603,39.151167,109.775028,0, ,0.0,0.0,0.0,0.0,2,8860,0,0,0,0,0,0
TF,DS504,39.244833,109.799639,0, ,0.0,0.0,0.0,0.0,2,8860,0,0,0,0,0,0
TF,HDS,39.490000,109.861667,0, ,0.0,0.0,0.0,0.0,2,7880,0,1,205,0,0,0

STAR,YLX8ZA,13,5
IF,YLX,38.381667,109.578333, ,0.0,0.0,0,0,0,0,0,0,0,0
TF,TESAN,39.069444,109.753333,0, ,0.0,0.0,0.0,0.0,0,0,0,0,0,0,0,0
TF,DS603,39.151167,109.775028,0, ,0.0,0.0,0.0,0.0,2,8860,0,0,0,0,0,0
TF,DS504,39.244833,109.799639,0, ,0.0,0.0,0.0,0.0,2,8860,0,1,205,0,0,0

STAR,YLX9YA,31,5
IF,YLX,38.381667,109.578333, ,0.0,0.0,0,0,0,0,0,0,0,0
TF,TESAN,39.069444,109.753333,0, ,0.0,0.0,0.0,0.0,0,0,0,0,0,0,0,0
TF,DS603,39.151167,109.775028,0, ,0.0,0.0,0.0,0.0,2,8860,0,0,0,0,0,0
TF,DS504,39.244833,109.799639,0, ,0.0,0.0,0.0,0.0,2,8860,0,0,0,0,0,0
TF,HDS,39.490000,109.861667,0, ,0.0,0.0,0.0,0.0,2,7880,0,1,205,0,0,0

STAR,YLX9ZA,31,5
IF,YLX,38.381667,109.578333, ,0.0,0.0,0,0,0,0,0,0,0,0
TF,TESAN,39.069444,109.753333,0, ,0.0,0.0,0.0,0.0,0,0,0,0,0,0,0,0
TF,DS603,39.151167,109.775028,0, ,0.0,0.0,0.0,0.0,2,8860,0,0,0,0,0,0
TF,DS504,39.244833,109.799639,0, ,0.0,0.0,0.0,0.0,2,8860,0,1,205,0,0,0

APPTR,D13,13,D011O
IF,D011O,39.738653,109.897694, ,0.0,0.0,2,8860,0,1,205,0,1,0
CI,0, ,0.0,191.0,0,0,0,0,0,0,0,0
AF,D323M,39.651000,109.673961,1,HDS,323.0,13.0,11.0,2,7220,0,0,0,0,0,1
CF,CD13,39.602817,109.674750,0,HDS,313.0,11.0,133.0,2.0,2,6890,0,0,0,0,1,0

APPTR,D13,13,D196O
IF,D196O,39.244678,109.798167, ,0.0,0.0,2,8860,0,1,205,0,1,0
CI,0, ,0.0,16.0,0,0,0,0,0,0,0,0
AF,D305M,39.598172,109.618911,2,HDS,305.0,13.0,196.0,2,7220,0,0,0,0,0,1
CF,CD13,39.602817,109.674750,0,HDS,313.0,11.0,133.0,2.0,2,6890,0,0,0,0,1,0

APPTR,D13,13,HDS1
IF,HDS,39.490000,109.861667, ,0.0,0.0,2,7880,0,1,205,0,1,0
FD,HDS,39.490000,109.861667,0,HDS,0.0,11.0,295.0,11.0,0,0,0,0,0,0,0,0
CF,CD13,39.602817,109.674750,2,HDS,313.0,11.0,133.0,1.0,2,6890,0,0,0,0,1,0

APPTR,D13,13,HDS2
IF,HDS,39.490000,109.861667, ,0.0,0.0,2,7880,0,1,205,0,1,0
FD,HDS,39.490000,109.861667,0,HDS,0.0,11.0,304.0,11.0,0,0,0,0,0,0,0,0
CF,CD13,39.602817,109.674750,2,HDS,313.0,11.0,133.0,1.0,2,6890,0,0,0,0,1,0

FINAL,D13,13,D,4
IF,CD13,39.602817,109.674750,HDS,313.0,11.0,2,6890,0,0,0,0,0,0
CF,FD13,39.573103,109.724086,0,HDS,313.0,8.1,133.0,2.9,2,6890,0,0,0,0,2,0
CF,32VOR,39.522850,109.807353,0,HDS,313.0,3.2,133.0,4.9,2,5350,0,0,0,0,0,0
CF,MD13,39.507453,109.832817,0,HDS,313.0,1.7,133.0,1.5,1,4879,0,0,0,0,3,0
FD,MD13,39.507453,109.832817,0,HDS,313.0,4.0,133.0,4.0,1,5580,0,0,0,0,0,0
DF,HDS,39.490000,109.861667,1, ,0.0,0.0,2,7880,0,1,190,0,0,0
HM,HDS,39.490000,109.861667,1, ,0.0,0.0,291.0,04.3,2,7880,0,0,0,0,0,0,0

APPTR,D31,31,D011O
IF,D011O,39.738653,109.897694, ,0.0,0.0,2,8860,0,1,205,0,1,0
CI,0, ,0.0,191.0,0,0,0,0,0,0,0,0
AF,D114M,39.419097,110.126022,2,HDS,114.0,13.0,11.0,2,6890,0,0,0,0,0,1
CF,CD31,39.403667,110.070503,0,HDS,123.0,11.0,303.0,2.0,2,6890,0,0,0,0,1,0

APPTR,D31,31,D147O
IF,D147O,39.293478,110.061278, ,0.0,0.0,2,7880,0,1,205,0,1,0
CI,0, ,0.0,327.0,0,0,0,0,0,0,0,0
AF,D132M,39.359278,110.084764,1,HDS,132.0,13.0,147.0,2,6890,0,0,0,0,0,0
CF,CD31,39.403667,110.070503,0,HDS,123.0,11.0,303.0,2.0,2,6890,0,0,0,0,1,0

APPTR,D31,31,D196O
IF,D196O,39.244678,109.798167, ,0.0,0.0,2,8860,0,1,205,0,1,0
CI,0, ,0.0,16.0,0,0,0,0,0,0,0,0
AF,D132M,39.359278,110.084764,1,HDS,132.0,13.0,196.0,2,6890,0,0,0,0,0,1
CF,CD31,39.403667,110.070503,0,HDS,123.0,11.0,303.0,2.0,2,6890,0,0,0,0,1,0

APPTR,D31,31,HDS1
IF,HDS,39.490000,109.861667, ,0.0,0.0,2,7880,0,1,205,0,1,0
FD,HDS,39.490000,109.861667,0,HDS,0.0,11.0,141.0,11.0,2,6890,0,0,0,0,0,0
CF,CD31,39.403667,110.070503,1,HDS,123.0,11.0,303.0,1.0,2,6890,0,0,0,0,1,0

APPTR,D31,31,HDS2
IF,HDS,39.490000,109.861667, ,0.0,0.0,2,7880,0,1,205,0,1,0
FD,HDS,39.490000,109.861667,0,HDS,0.0,11.0,133.0,11.0,2,6890,0,0,0,0,0,0
CF,CD31,39.403667,110.070503,1,HDS,123.0,11.0,303.0,1.0,2,6890,0,0,0,0,1,0

FINAL,D31,31,D,4
IF,CD31,39.403667,110.070503,HDS,123.0,11.0,2,6890,0,0,0,0,0,0
CF,FD31,39.427247,110.013597,0,HDS,123.0,8.0,303.0,3.0,2,6890,0,0,0,0,2,0
CF,31VOR,39.465706,109.920572,0,HDS,123.0,3.1,303.0,4.9,2,5350,0,0,0,0,0,0
CF,MD31,39.478247,109.890172,0,HDS,123.0,1.5,303.0,1.6,1,4856,0,0,0,0,3,0
FD,MD31,39.478247,109.890172,0,HDS,123.0,4.0,303.0,4.0,1,5580,0,0,0,0,0,0
DF,HDS,39.490000,109.861667,2, ,0.0,0.0,2,7880,0,1,190,0,0,0
HM,HDS,39.490000,109.861667,2, ,0.0,0.0,143.0,04.3,2,7880,0,0,0,0,0,0,0

APPTR,I13-Y,13,D011O
IF,D011O,39.738653,109.897694, ,0.0,0.0,2,8860,0,1,205,0,1,0
CI,0, ,0.0,191.0,0,0,0,0,0,0,0,0
AF,D318M,39.637711,109.656544,1,HDS,318.0,13.0,11.0,2,7220,0,0,0,0,0,1
CF,CI13,39.590783,109.664089,0,IDS,308.0,11.9,128.0,2.0,2,6890,0,0,0,0,1,0

APPTR,I13-Y,13,D196O
IF,D196O,39.244678,109.798167, ,0.0,0.0,2,8860,0,1,205,0,1,0
CI,0, ,0.0,16.0,0,0,0,0,0,0,0,0
AF,D300M,39.581367,109.607681,2,HDS,300.0,13.0,196.0,2,7220,0,0,0,0,0,1
CF,CI13,39.590783,109.664089,0,IDS,308.0,11.9,128.0,2.0,2,6890,0,0,0,0,1,0

APPTR,I13-Y,13,HDS1
IF,HDS,39.490000,109.861667, ,0.0,0.0,2,7880,0,1,205,0,1,0
FD,HDS,39.490000,109.861667,0,HDS,0.0,11.0,291.0,11.0,0,0,0,0,0,0,0,0
CF,CI13,39.590783,109.664089,2,IDS,308.0,11.9,128.0,1.0,2,6890,0,0,0,0,1,0

APPTR,I13-Y,13,HDS2
IF,HDS,39.490000,109.861667, ,0.0,0.0,2,7880,0,1,205,0,1,0
FD,HDS,39.490000,109.861667,0,HDS,0.0,11.0,299.0,11.0,0,0,0,0,0,0,0,0
CF,CI13,39.590783,109.664089,2,IDS,308.0,11.9,128.0,1.0,2,6890,0,0,0,0,1,0

FINAL,I13-Y,13,I,3
IF,CI13,39.590783,109.664089,IDS,308.0,11.9,2,6890,0,0,0,0,0,0
CF,FI13,39.564511,109.716581,0,IDS,308.0,9.0,128.0,2.9,1,6890,0,0,0,0,2,0
CF,RW13,39.499808,109.845497,0,IDS,308.0,1.9,128.0,7.1,1,4641,0,0,0,0,3,0
FD,RW13,39.499808,109.845497,0,HDS,313.1,4.0,128.0,4.0,1,5580,0,0,0,0,0,0
DF,HDS,39.490000,109.861667,1, ,0.0,0.0,2,7880,0,1,190,0,0,0
HM,HDS,39.490000,109.861667,1, ,0.0,0.0,291.0,04.3,2,7880,0,0,0,0,0,0,0

APPTR,I13-Z,13,DS503
IF,DS503,39.294194,110.059000, ,0.0,0.0,2,8860,0,1,205,0,1,0
TF,DS404,39.462500,109.722500,0, ,0.0,0.0,0.0,0.0,0,0,0,0,0,0,0,0
TF,DS403,39.521583,109.604139,0, ,0.0,0.0,0.0,0.0,2,7880,0,0,0,0,0,0
TF,DS402,39.591750,109.662417,0,IDS,0.0,0.0,0.0,0.0,2,6890,0,1,180,0,1,0

APPTR,I13-Z,13,DS504
IF,DS504,39.244833,109.799639, ,0.0,0.0,2,8860,0,1,205,0,1,0
TF,DS403,39.521583,109.604139,0, ,0.0,0.0,0.0,0.0,2,7880,0,0,0,0,0,0
TF,DS402,39.591750,109.662417,0,IDS,0.0,0.0,0.0,0.0,2,6890,0,1,180,0,1,0

APPTR,I13-Z,13,DS511
IF,DS501,39.739694,109.891611, ,0.0,0.0,2,8860,0,1,205,0,1,0
TF,DS406,39.641000,109.880028,0, ,0.0,0.0,0.0,0.0,0,0,0,0,0,0,0,0
TF,DS405,39.661861,109.720806,0, ,0.0,0.0,0.0,0.0,2,7880,0,0,0,0,0,0
TF,DS402,39.591750,109.662417,0,IDS,0.0,0.0,0.0,0.0,2,6890,0,1,180,0,1,0

APPTR,I13-Z,13,DS512
IF,DS501,39.739694,109.891611, ,0.0,0.0,2,8860,0,1,205,0,1,0
TF,DS405,39.661861,109.720806,0, ,0.0,0.0,0.0,0.0,0,0,0,0,0,0,0,0
TF,DS402,39.591750,109.662417,0,IDS,0.0,0.0,0.0,0.0,2,6890,0,1,180,0,1,0

APPTR,I13-Z,13,HDS
IF,HDS,39.490000,109.861667, ,0.0,0.0,2,7880,0,1,205,0,1,0
TF,DS404,39.462500,109.722500,0, ,0.0,0.0,0.0,0.0,0,0,0,0,0,0,0,0
TF,DS403,39.521583,109.604139,0, ,0.0,0.0,0.0,0.0,2,7880,0,0,0,0,0,0
TF,DS402,39.591750,109.662417,0,IDS,0.0,0.0,0.0,0.0,2,6890,0,1,180,0,1,0

FINAL,I13-Z,13,I,3
IF,DS402,39.591750,109.662417,IDS,308.0,12.0,2,6890,0,1,180,0,0,0
CF,FI13,39.564511,109.716581,0,IDS,308.0,9.0,128.0,3.0,1,6890,0,0,0,0,2,0
CF,RW13,39.499808,109.845497,0,IDS,308.0,1.9,128.0,7.1,1,4641,0,0,0,0,3,0
CF,DS516,39.455528,109.932389,0,HDS,127.1,3.9,128.0,4.8,1,5580,0,0,0,0,0,1
DF,HDS,39.490000,109.861667,1, ,0.0,0.0,2,7880,0,1,190,0,0,0

APPTR,I31-Y,31,D011O
IF,D011O,39.738653,109.897694, ,0.0,0.0,2,8860,0,1,205,0,1,0
CI,0, ,0.0,191.0,0,0,0,0,0,0,0,0
AF,D119M,39.401514,110.117019,2,HDS,119.0,13.0,11.0,2,6890,0,0,0,0,0,1
CF,CI31,39.391125,110.060900,0,IGG,128.0,12.1,308.0,2.0,2,6890,0,0,0,0,1,0

APPTR,I31-Y,31,D147O
IF,D147O,39.293478,110.061278, ,0.0,0.0,2,7880,0,1,205,0,1,0
CI,0, ,0.0,327.0,0,0,0,0,0,0,0,0
AF,D137M,39.344708,110.069219,1,HDS,137.0,13.0,147.0,2,6890,0,0,0,0,0,1
CF,CI31,39.391125,110.060900,0,IGG,128.0,12.1,308.0,2.0,2,6890,0,0,0,0,1,0

APPTR,I31-Y,31,D196O
IF,D196O,39.244678,109.798167, ,0.0,0.0,2,8860,0,1,205,0,1,0
CI,0, ,0.0,16.0,0,0,0,0,0,0,0,0
AF,D137M,39.344708,110.069219,1,HDS,137.0,13.0,196.0,2,6890,0,0,0,0,0,1
CF,CI31,39.391125,110.060900,0,IGG,128.0,12.1,308.0,2.0,2,6890,0,0,0,0,1,0

APPTR,I31-Y,31,HDS1
IF,HDS,39.490000,109.861667, ,0.0,0.0,2,7880,0,1,205,0,1,0
FD,HDS,39.490000,109.861667,0,HDS,0.0,11.0,146.0,11.0,2,6890,0,0,0,0,0,0
CF,CI31,39.391125,110.060900,1,IGG,128.0,12.1,308.0,1.0,2,6890,0,0,0,0,1,0

APPTR,I31-Y,31,HDS2
IF,HDS,39.490000,109.861667, ,0.0,0.0,2,7880,0,1,205,0,1,0
FD,HDS,39.490000,109.861667,0,HDS,0.0,11.0,137.0,11.0,2,6890,0,0,0,0,0,0
CF,CI31,39.391125,110.060900,1,IGG,128.0,12.1,308.0,1.0,2,6890,0,0,0,0,1,0

FINAL,I31-Y,31,I,3
IF,CI31,39.391125,110.060900,IGG,128.0,12.1,2,6890,0,0,0,0,0,0
CF,FI31,39.419369,110.005061,0,IGG,128.0,9.0,308.0,3.1,1,6890,0,0,0,0,2,0
CF,RW31,39.484111,109.876697,0,IGG,128.0,1.9,308.0,7.1,1,4627,0,0,0,0,3,0
FD,RW31,39.484111,109.876697,0,HDS,121.8,4.0,308.0,4.0,1,5580,0,0,0,0,0,0
DF,HDS,39.490000,109.861667,2, ,0.0,0.0,2,7880,0,1,190,0,0,0
HM,HDS,39.490000,109.861667,2, ,0.0,0.0,143.0,04.3,2,7880,0,0,0,0,0,0,0

APPTR,I31-Z,31,DS501
IF,DS501,39.739694,109.891611, ,0.0,0.0,2,8860,0,1,205,0,1,0
TF,DS416,39.586139,109.871722,0, ,0.0,0.0,0.0,0.0,0,0,0,0,0,0,0,0
TF,DS415,39.463500,110.118306,0, ,0.0,0.0,0.0,0.0,0,0,0,0,0,0,0,0
TF,DS412,39.393778,110.060278,0,IGG,0.0,0.0,0.0,0.0,2,6890,0,1,180,0,1,0

APPTR,I31-Z,31,DS503
IF,DS503,39.294194,110.059000, ,0.0,0.0,2,7880,0,1,205,0,1,0
TF,DS412,39.393778,110.060278,0,IGG,0.0,0.0,0.0,0.0,2,6890,0,1,180,0,1,0

APPTR,I31-Z,31,DS504
IF,DS504,39.244833,109.799639, ,0.0,0.0,2,8860,0,1,205,0,1,0
TF,DS413,39.323139,110.002167,0, ,0.0,0.0,0.0,0.0,0,0,0,0,0,0,0,0
TF,DS412,39.393778,110.060278,0,IGG,0.0,0.0,0.0,0.0,2,6890,0,1,180,0,1,0

APPTR,I31-Z,31,HDS
IF,HDS,39.490000,109.861667, ,0.0,0.0,2,7880,0,1,205,0,1,0
TF,DS414,39.368139,109.911722,0, ,0.0,0.0,0.0,0.0,0,0,0,0,0,0,0,0
TF,DS413,39.323139,110.002167,0, ,0.0,0.0,0.0,0.0,0,0,0,0,0,0,0,0
TF,DS412,39.393778,110.060278,0,IGG,0.0,0.0,0.0,0.0,2,6890,0,1,180,0,1,0

FINAL,I31-Z,31,I,3
IF,DS412,39.393778,110.060278,IGG,127.4,12.0,2,6890,0,1,180,0,0,0
CF,FI31,39.419369,110.005061,0,IGG,128.0,9.0,308.0,3.0,1,6890,0,0,0,0,2,0
CF,RW31,39.484111,109.876697,0,IGG,128.0,1.9,308.0,7.1,1,4627,0,0,0,0,3,0
CF,DS517,39.527750,109.787556,0,HDS,308.4,4.1,308.0,4.9,1,5580,0,0,0,0,0,1
DF,HDS,39.490000,109.861667,2, ,0.0,0.0,2,7880,0,1,190,0,0,0

