SID,BOT4ZD,16R,5
CF,TJ911,38.965833,117.443889,0,TAJ,162.0,9.6,161.0,10.0,2,2960,0,0,0,0,0,0
TF,TJ912,38.997778,117.705278,0, ,0.0,0.0,0.0,0.0,0,0,0,0,0,0,0,0
TF,TJ913,38.908611,117.722222,0, ,0.0,0.0,0.0,0.0,0,0,0,1,230,0,0,0
TF,TJ914,38.894722,117.603889,0, ,0.0,0.0,0.0,0.0,0,0,0,0,0,0,0,0
TF,TJ915,38.930000,117.397778,0, ,0.0,0.0,0.0,0.0,0,0,0,0,0,0,0,0
TF,TJ916,38.929167,117.225000,0, ,0.0,0.0,0.0,0.0,0,0,0,0,0,0,0,0
TF,TJ837,39.385000,117.023333,0, ,0.0,0.0,0.0,0.0,2,12800,0,0,0,0,0,0
TF,TJ838,39.513611,116.965556,0, ,0.0,0.0,0.0,0.0,2,12800,0,0,0,0,0,0
TF,TJ839,39.639722,117.157222,0, ,0.0,0.0,0.0,0.0,1,13800,0,0,0,0,0,0
TF,TJ851,40.068611,117.078611,0, ,0.0,0.0,0.0,0.0,1,17700,0,0,0,0,0,0
TF,TJ892,40.125000,116.368333,0, ,0.0,0.0,0.0,0.0,1,18700,0,0,0,0,0,0
TF,BOTPU,39.985278,115.475000,0, ,0.0,0.0,0.0,0.0,2,19700,0,0,0,0,0,0

SID,BOT5TD,34L,5
CF,TJ899,39.299167,117.237778,0,TAJ,340.8,12.6,341.0,11.0,2,2960,0,0,0,0,0,0
TF,TJ811,39.261111,117.133333,0, ,0.0,0.0,0.0,0.0,0,0,0,0,0,0,0,0
TF,TJ812,39.113889,117.222222,0, ,0.0,0.0,0.0,0.0,0,0,0,0,0,0,0,0
TF,TJ813,38.937500,117.341667,0, ,0.0,0.0,0.0,0.0,0,0,0,0,0,0,0,0
TF,TJ814,38.895556,117.221944,0, ,0.0,0.0,0.0,0.0,0,0,0,1,230,0,0,0
TF,TJ815,39.017222,117.147222,0, ,0.0,0.0,0.0,0.0,0,0,0,0,0,0,0,0
TF,TJ836,39.117778,117.141667,0, ,0.0,0.0,0.0,0.0,0,0,0,0,0,0,0,0
TF,TJ837,39.385000,117.023333,0, ,0.0,0.0,0.0,0.0,2,12800,0,0,0,0,0,0
TF,TJ838,39.513611,116.965556,0, ,0.0,0.0,0.0,0.0,2,12800,0,0,0,0,0,0
TF,TJ839,39.639722,117.157222,0, ,0.0,0.0,0.0,0.0,1,13800,0,0,0,0,0,0
TF,TJ851,40.068611,117.078611,0, ,0.0,0.0,0.0,0.0,1,17700,0,0,0,0,0,0
TF,TJ892,40.125000,116.368333,0, ,0.0,0.0,0.0,0.0,1,18700,0,0,0,0,0,0
TF,BOTPU,39.985278,115.475000,0, ,0.0,0.0,0.0,0.0,2,19700,0,0,0,0,0,0

SID,BOT5YD,34L,5
CA,0,341.0,2,430,0,1,205,0,0,0
DF,TJ832,39.100000,117.493056,2, ,0.0,0.0,0,0,0,1,230,0,0,0
TF,TJ833,39.087500,117.726389,0, ,0.0,0.0,0.0,0.0,0,0,0,0,0,0,0,0
TF,TJ834,38.998611,117.716667,0, ,0.0,0.0,0.0,0.0,0,0,0,1,250,0,0,0
TF,TJ835,39.016667,117.370833,0, ,0.0,0.0,0.0,0.0,0,0,0,0,0,0,0,0
TF,TJ836,39.117778,117.141667,0, ,0.0,0.0,0.0,0.0,0,0,0,0,0,0,0,0
TF,TJ837,39.385000,117.023333,0, ,0.0,0.0,0.0,0.0,2,12800,0,0,0,0,0,0
TF,TJ838,39.513611,116.965556,0, ,0.0,0.0,0.0,0.0,2,12800,0,0,0,0,0,0
TF,TJ839,39.639722,117.157222,0, ,0.0,0.0,0.0,0.0,1,13800,0,0,0,0,0,0
TF,TJ851,40.068611,117.078611,0, ,0.0,0.0,0.0,0.0,1,17700,0,0,0,0,0,0
TF,TJ892,40.125000,116.368333,0, ,0.0,0.0,0.0,0.0,1,18700,0,0,0,0,0,0
TF,BOTPU,39.985278,115.475000,0, ,0.0,0.0,0.0,0.0,2,19700,0,0,0,0,0,0

SID,BOT5ZD,34L,5
CF,TJ899,39.299167,117.237778,0,TAJ,340.8,12.6,341.0,11.0,2,2960,0,0,0,0,0,0
TF,TJ897,39.338889,117.344444,0, ,0.0,0.0,0.0,0.0,0,0,0,1,230,0,0,0
TF,TJ896,39.100000,117.493056,0, ,0.0,0.0,0.0,0.0,0,0,0,0,0,0,0,0
TF,TJ895,39.016667,117.547222,0, ,0.0,0.0,0.0,0.0,0,0,0,0,0,0,0,0
TF,TJ813,38.937500,117.341667,0, ,0.0,0.0,0.0,0.0,0,0,0,0,0,0,0,0
TF,TJ814,38.895556,117.221944,0, ,0.0,0.0,0.0,0.0,0,0,0,0,0,0,0,0
TF,TJ815,39.017222,117.147222,0, ,0.0,0.0,0.0,0.0,0,0,0,0,0,0,0,0
TF,TJ836,39.117778,117.141667,0, ,0.0,0.0,0.0,0.0,0,0,0,0,0,0,0,0
TF,TJ837,39.385000,117.023333,0, ,0.0,0.0,0.0,0.0,2,12800,0,0,0,0,0,0
TF,TJ838,39.513611,116.965556,0, ,0.0,0.0,0.0,0.0,2,12800,0,0,0,0,0,0
TF,TJ839,39.639722,117.157222,0, ,0.0,0.0,0.0,0.0,1,13800,0,0,0,0,0,0
TF,TJ851,40.068611,117.078611,0, ,0.0,0.0,0.0,0.0,1,17700,0,0,0,0,0,0
TF,TJ892,40.125000,116.368333,0, ,0.0,0.0,0.0,0.0,1,18700,0,0,0,0,0,0
TF,BOTPU,39.985278,115.475000,0, ,0.0,0.0,0.0,0.0,2,19700,0,0,0,0,0,0

SID,BOT6ZD,16L,5
CF,TJ931,38.970000,117.468333,0,TAJ,155.4,10.0,161.0,10.0,2,2960,0,0,0,0,0,0
TF,TJ912,38.997778,117.705278,0, ,0.0,0.0,0.0,0.0,0,0,0,0,0,0,0,0
TF,TJ913,38.908611,117.722222,0, ,0.0,0.0,0.0,0.0,0,0,0,1,230,0,0,0
TF,TJ914,38.894722,117.603889,0, ,0.0,0.0,0.0,0.0,0,0,0,0,0,0,0,0
TF,TJ915,38.930000,117.397778,0, ,0.0,0.0,0.0,0.0,0,0,0,0,0,0,0,0
TF,TJ916,38.929167,117.225000,0, ,0.0,0.0,0.0,0.0,0,0,0,0,0,0,0,0
TF,TJ837,39.385000,117.023333,0, ,0.0,0.0,0.0,0.0,2,12800,0,0,0,0,0,0
TF,TJ838,39.513611,116.965556,0, ,0.0,0.0,0.0,0.0,2,12800,0,0,0,0,0,0
TF,TJ839,39.639722,117.157222,0, ,0.0,0.0,0.0,0.0,1,13800,0,0,0,0,0,0
TF,TJ851,40.068611,117.078611,0, ,0.0,0.0,0.0,0.0,1,17700,0,0,0,0,0,0
TF,TJ892,40.125000,116.368333,0, ,0.0,0.0,0.0,0.0,1,18700,0,0,0,0,0,0
TF,BOTPU,39.985278,115.475000,0, ,0.0,0.0,0.0,0.0,2,19700,0,0,0,0,0,0

SID,BOT7TD,34R,5
CF,TJ898,39.306944,117.259444,0,TAJ,345.9,12.6,341.0,11.0,2,2960,0,0,0,0,0,0
TF,TJ811,39.261111,117.133333,0, ,0.0,0.0,0.0,0.0,0,0,0,0,0,0,0,0
TF,TJ812,39.113889,117.222222,0, ,0.0,0.0,0.0,0.0,0,0,0,0,0,0,0,0
TF,TJ813,38.937500,117.341667,0, ,0.0,0.0,0.0,0.0,0,0,0,0,0,0,0,0
TF,TJ814,38.895556,117.221944,0, ,0.0,0.0,0.0,0.0,0,0,0,1,230,0,0,0
TF,TJ815,39.017222,117.147222,0, ,0.0,0.0,0.0,0.0,0,0,0,0,0,0,0,0
TF,TJ836,39.117778,117.141667,0, ,0.0,0.0,0.0,0.0,0,0,0,0,0,0,0,0
TF,TJ837,39.385000,117.023333,0, ,0.0,0.0,0.0,0.0,2,12800,0,0,0,0,0,0
TF,TJ838,39.513611,116.965556,0, ,0.0,0.0,0.0,0.0,2,12800,0,0,0,0,0,0
TF,TJ839,39.639722,117.157222,0, ,0.0,0.0,0.0,0.0,1,13800,0,0,0,0,0,0
TF,TJ851,40.068611,117.078611,0, ,0.0,0.0,0.0,0.0,1,17700,0,0,0,0,0,0
TF,TJ892,40.125000,116.368333,0, ,0.0,0.0,0.0,0.0,1,18700,0,0,0,0,0,0
TF,BOTPU,39.985278,115.475000,0, ,0.0,0.0,0.0,0.0,2,19700,0,0,0,0,0,0

SID,BOT7YD,34R,5
CA,0,341.0,2,430,0,1,205,0,0,0
DF,TJ832,39.100000,117.493056,2, ,0.0,0.0,0,0,0,1,230,0,0,0
TF,TJ833,39.087500,117.726389,0, ,0.0,0.0,0.0,0.0,0,0,0,0,0,0,0,0
TF,TJ834,38.998611,117.716667,0, ,0.0,0.0,0.0,0.0,0,0,0,1,250,0,0,0
TF,TJ835,39.016667,117.370833,0, ,0.0,0.0,0.0,0.0,0,0,0,0,0,0,0,0
TF,TJ836,39.117778,117.141667,0, ,0.0,0.0,0.0,0.0,0,0,0,0,0,0,0,0
TF,TJ837,39.385000,117.023333,0, ,0.0,0.0,0.0,0.0,2,12800,0,0,0,0,0,0
TF,TJ838,39.513611,116.965556,0, ,0.0,0.0,0.0,0.0,2,12800,0,0,0,0,0,0
TF,TJ839,39.639722,117.157222,0, ,0.0,0.0,0.0,0.0,1,13800,0,0,0,0,0,0
TF,TJ851,40.068611,117.078611,0, ,0.0,0.0,0.0,0.0,1,17700,0,0,0,0,0,0
TF,TJ892,40.125000,116.368333,0, ,0.0,0.0,0.0,0.0,1,18700,0,0,0,0,0,0
TF,BOTPU,39.985278,115.475000,0, ,0.0,0.0,0.0,0.0,2,19700,0,0,0,0,0,0

SID,BOT7ZD,34R,5
CF,TJ898,39.306944,117.259444,0,TAJ,345.9,12.6,341.0,11.0,2,2960,0,0,0,0,0,0
TF,TJ897,39.338889,117.344444,0, ,0.0,0.0,0.0,0.0,0,0,0,1,230,0,0,0
TF,TJ896,39.100000,117.493056,0, ,0.0,0.0,0.0,0.0,0,0,0,0,0,0,0,0
TF,TJ895,39.016667,117.547222,0, ,0.0,0.0,0.0,0.0,0,0,0,0,0,0,0,0
TF,TJ813,38.937500,117.341667,0, ,0.0,0.0,0.0,0.0,0,0,0,0,0,0,0,0
TF,TJ814,38.895556,117.221944,0, ,0.0,0.0,0.0,0.0,0,0,0,0,0,0,0,0
TF,TJ815,39.017222,117.147222,0, ,0.0,0.0,0.0,0.0,0,0,0,0,0,0,0,0
TF,TJ836,39.117778,117.141667,0, ,0.0,0.0,0.0,0.0,0,0,0,0,0,0,0,0
TF,TJ837,39.385000,117.023333,0, ,0.0,0.0,0.0,0.0,2,12800,0,0,0,0,0,0
TF,TJ838,39.513611,116.965556,0, ,0.0,0.0,0.0,0.0,2,12800,0,0,0,0,0,0
TF,TJ839,39.639722,117.157222,0, ,0.0,0.0,0.0,0.0,1,13800,0,0,0,0,0,0
TF,TJ851,40.068611,117.078611,0, ,0.0,0.0,0.0,0.0,1,17700,0,0,0,0,0,0
TF,TJ892,40.125000,116.368333,0, ,0.0,0.0,0.0,0.0,1,18700,0,0,0,0,0,0
TF,BOTPU,39.985278,115.475000,0, ,0.0,0.0,0.0,0.0,2,19700,0,0,0,0,0,0

SID,ELK4ZD,16R,5
CF,TJ911,38.965833,117.443889,0,TAJ,162.0,9.6,161.0,10.0,2,2960,0,0,0,0,0,0
TF,TJ912,38.997778,117.705278,0, ,0.0,0.0,0.0,0.0,0,0,0,0,0,0,0,0
TF,TJ913,38.908611,117.722222,0, ,0.0,0.0,0.0,0.0,0,0,0,1,230,0,0,0
TF,TJ914,38.894722,117.603889,0, ,0.0,0.0,0.0,0.0,0,0,0,0,0,0,0,0
TF,TJ915,38.930000,117.397778,0, ,0.0,0.0,0.0,0.0,0,0,0,0,0,0,0,0
TF,ELKUR,38.639722,116.665000,0, ,0.0,0.0,0.0,0.0,2,13800,0,0,0,0,0,0

SID,ELK5TD,34L,5
CF,TJ899,39.299167,117.237778,0,TAJ,340.8,12.6,341.0,11.0,2,2960,0,0,0,0,0,0
TF,TJ811,39.261111,117.133333,0, ,0.0,0.0,0.0,0.0,0,0,0,1,230,0,0,0
TF,TJ812,39.113889,117.222222,0, ,0.0,0.0,0.0,0.0,0,0,0,0,0,0,0,0
TF,TJ813,38.937500,117.341667,0, ,0.0,0.0,0.0,0.0,0,0,0,0,0,0,0,0
TF,TJ814,38.895556,117.221944,0, ,0.0,0.0,0.0,0.0,0,0,0,0,0,0,0,0
TF,ELKUR,38.639722,116.665000,0, ,0.0,0.0,0.0,0.0,2,13800,0,0,0,0,0,0

SID,ELK5YD,34L,5
CA,0,341.0,2,430,0,1,205,0,0,0
DF,TJ832,39.100000,117.493056,2, ,0.0,0.0,0,0,0,1,230,0,0,0
TF,TJ833,39.087500,117.726389,0, ,0.0,0.0,0.0,0.0,0,0,0,0,0,0,0,0
TF,TJ834,38.998611,117.716667,0, ,0.0,0.0,0.0,0.0,0,0,0,1,250,0,0,0
TF,TJ835,39.016667,117.370833,0, ,0.0,0.0,0.0,0.0,0,0,0,0,0,0,0,0
TF,ELKUR,38.639722,116.665000,0, ,0.0,0.0,0.0,0.0,2,13800,0,0,0,0,0,0

SID,ELK5ZD,34L,5
CF,TJ899,39.299167,117.237778,0,TAJ,340.8,12.6,341.0,11.0,2,2960,0,0,0,0,0,0
TF,TJ897,39.338889,117.344444,0, ,0.0,0.0,0.0,0.0,0,0,0,1,230,0,0,0
TF,TJ896,39.100000,117.493056,0, ,0.0,0.0,0.0,0.0,0,0,0,0,0,0,0,0
TF,TJ895,39.016667,117.547222,0, ,0.0,0.0,0.0,0.0,0,0,0,0,0,0,0,0
TF,TJ813,38.937500,117.341667,0, ,0.0,0.0,0.0,0.0,0,0,0,0,0,0,0,0
TF,TJ814,38.895556,117.221944,0, ,0.0,0.0,0.0,0.0,0,0,0,0,0,0,0,0
TF,ELKUR,38.639722,116.665000,0, ,0.0,0.0,0.0,0.0,2,13800,0,0,0,0,0,0

SID,ELK6ZD,16L,5
CF,TJ931,38.970000,117.468333,0,TAJ,155.4,10.0,161.0,10.0,2,2960,0,0,0,0,0,0
TF,TJ912,38.997778,117.705278,0, ,0.0,0.0,0.0,0.0,0,0,0,0,0,0,0,0
TF,TJ913,38.908611,117.722222,0, ,0.0,0.0,0.0,0.0,0,0,0,1,230,0,0,0
TF,TJ914,38.894722,117.603889,0, ,0.0,0.0,0.0,0.0,0,0,0,0,0,0,0,0
TF,TJ915,38.930000,117.397778,0, ,0.0,0.0,0.0,0.0,0,0,0,0,0,0,0,0
TF,ELKUR,38.639722,116.665000,0, ,0.0,0.0,0.0,0.0,2,13800,0,0,0,0,0,0

SID,ELK7TD,34R,5
CF,TJ898,39.306944,117.259444,0,TAJ,345.9,12.6,341.0,11.0,2,2960,0,0,0,0,0,0
TF,TJ811,39.261111,117.133333,0, ,0.0,0.0,0.0,0.0,0,0,0,1,230,0,0,0
TF,TJ812,39.113889,117.222222,0, ,0.0,0.0,0.0,0.0,0,0,0,0,0,0,0,0
TF,TJ813,38.937500,117.341667,0, ,0.0,0.0,0.0,0.0,0,0,0,0,0,0,0,0
TF,TJ814,38.895556,117.221944,0, ,0.0,0.0,0.0,0.0,0,0,0,0,0,0,0,0
TF,ELKUR,38.639722,116.665000,0, ,0.0,0.0,0.0,0.0,2,13800,0,0,0,0,0,0

SID,ELK7YD,34R,5
CA,0,341.0,2,430,0,1,205,0,0,0
DF,TJ832,39.100000,117.493056,2, ,0.0,0.0,0,0,0,1,230,0,0,0
TF,TJ833,39.087500,117.726389,0, ,0.0,0.0,0.0,0.0,0,0,0,0,0,0,0,0
TF,TJ834,38.998611,117.716667,0, ,0.0,0.0,0.0,0.0,0,0,0,1,250,0,0,0
TF,TJ835,39.016667,117.370833,0, ,0.0,0.0,0.0,0.0,0,0,0,0,0,0,0,0
TF,ELKUR,38.639722,116.665000,0, ,0.0,0.0,0.0,0.0,2,13800,0,0,0,0,0,0

SID,ELK7ZD,34R,5
CF,TJ898,39.306944,117.259444,0,TAJ,345.9,12.6,341.0,11.0,2,2960,0,0,0,0,0,0
TF,TJ897,39.338889,117.344444,0, ,0.0,0.0,0.0,0.0,0,0,0,1,230,0,0,0
TF,TJ896,39.100000,117.493056,0, ,0.0,0.0,0.0,0.0,0,0,0,0,0,0,0,0
TF,TJ895,39.016667,117.547222,0, ,0.0,0.0,0.0,0.0,0,0,0,0,0,0,0,0
TF,TJ813,38.937500,117.341667,0, ,0.0,0.0,0.0,0.0,0,0,0,0,0,0,0,0
TF,TJ814,38.895556,117.221944,0, ,0.0,0.0,0.0,0.0,0,0,0,0,0,0,0,0
TF,ELKUR,38.639722,116.665000,0, ,0.0,0.0,0.0,0.0,2,13800,0,0,0,0,0,0

SID,IDK4ZD,16R,5
CF,TJ911,38.965833,117.443889,0,TAJ,162.0,9.6,161.0,10.0,2,2960,0,0,0,0,0,0
TF,TJ912,38.997778,117.705278,0, ,0.0,0.0,0.0,0.0,0,0,0,0,0,0,0,0
TF,TJ913,38.908611,117.722222,0, ,0.0,0.0,0.0,0.0,0,0,0,1,230,0,0,0
TF,TJ914,38.894722,117.603889,0, ,0.0,0.0,0.0,0.0,0,0,0,0,0,0,0,0
TF,TJ915,38.930000,117.397778,0, ,0.0,0.0,0.0,0.0,0,0,0,0,0,0,0,0
TF,TJ916,38.929167,117.225000,0, ,0.0,0.0,0.0,0.0,0,0,0,0,0,0,0,0
TF,TJ837,39.385000,117.023333,0, ,0.0,0.0,0.0,0.0,2,12800,0,0,0,0,0,0
TF,TJ838,39.513611,116.965556,0, ,0.0,0.0,0.0,0.0,2,12800,0,0,0,0,0,0
TF,TJ839,39.639722,117.157222,0, ,0.0,0.0,0.0,0.0,1,13800,0,0,0,0,0,0
TF,TJ851,40.068611,117.078611,0, ,0.0,0.0,0.0,0.0,1,17700,0,0,0,0,0,0
TF,TJ852,40.413611,117.014722,0, ,0.0,0.0,0.0,0.0,4,18700,17700,0,0,0,0,0
TF,IDKEX,40.777778,116.566667,0, ,0.0,0.0,0.0,0.0,2,19700,0,0,0,0,0,0

SID,IDK5TD,34L,5
CF,TJ899,39.299167,117.237778,0,TAJ,340.8,12.6,341.0,11.0,2,2960,0,0,0,0,0,0
TF,TJ811,39.261111,117.133333,0, ,0.0,0.0,0.0,0.0,0,0,0,0,0,0,0,0
TF,TJ812,39.113889,117.222222,0, ,0.0,0.0,0.0,0.0,0,0,0,0,0,0,0,0
TF,TJ813,38.937500,117.341667,0, ,0.0,0.0,0.0,0.0,0,0,0,0,0,0,0,0
TF,TJ814,38.895556,117.221944,0, ,0.0,0.0,0.0,0.0,0,0,0,1,230,0,0,0
TF,TJ815,39.017222,117.147222,0, ,0.0,0.0,0.0,0.0,0,0,0,0,0,0,0,0
TF,TJ836,39.117778,117.141667,0, ,0.0,0.0,0.0,0.0,0,0,0,0,0,0,0,0
TF,TJ837,39.385000,117.023333,0, ,0.0,0.0,0.0,0.0,2,12800,0,0,0,0,0,0
TF,TJ838,39.513611,116.965556,0, ,0.0,0.0,0.0,0.0,2,12800,0,0,0,0,0,0
TF,TJ839,39.639722,117.157222,0, ,0.0,0.0,0.0,0.0,1,13800,0,0,0,0,0,0
TF,TJ851,40.068611,117.078611,0, ,0.0,0.0,0.0,0.0,1,17700,0,0,0,0,0,0
TF,TJ852,40.413611,117.014722,0, ,0.0,0.0,0.0,0.0,4,18700,17700,0,0,0,0,0
TF,IDKEX,40.777778,116.566667,0, ,0.0,0.0,0.0,0.0,2,19700,0,0,0,0,0,0

SID,IDK5YD,34L,5
CA,0,341.0,2,430,0,1,205,0,0,0
DF,TJ832,39.100000,117.493056,2, ,0.0,0.0,0,0,0,1,230,0,0,0
TF,TJ833,39.087500,117.726389,0, ,0.0,0.0,0.0,0.0,0,0,0,0,0,0,0,0
TF,TJ834,38.998611,117.716667,0, ,0.0,0.0,0.0,0.0,0,0,0,1,250,0,0,0
TF,TJ835,39.016667,117.370833,0, ,0.0,0.0,0.0,0.0,0,0,0,0,0,0,0,0
TF,TJ836,39.117778,117.141667,0, ,0.0,0.0,0.0,0.0,0,0,0,0,0,0,0,0
TF,TJ837,39.385000,117.023333,0, ,0.0,0.0,0.0,0.0,2,12800,0,0,0,0,0,0
TF,TJ838,39.513611,116.965556,0, ,0.0,0.0,0.0,0.0,2,12800,0,0,0,0,0,0
TF,TJ839,39.639722,117.157222,0, ,0.0,0.0,0.0,0.0,1,13800,0,0,0,0,0,0
TF,TJ851,40.068611,117.078611,0, ,0.0,0.0,0.0,0.0,1,17700,0,0,0,0,0,0
TF,TJ852,40.413611,117.014722,0, ,0.0,0.0,0.0,0.0,4,18700,17700,0,0,0,0,0
TF,IDKEX,40.777778,116.566667,0, ,0.0,0.0,0.0,0.0,2,19700,0,0,0,0,0,0

SID,IDK5ZD,34L,5
CF,TJ899,39.299167,117.237778,0,TAJ,340.8,12.6,341.0,11.0,2,2960,0,0,0,0,0,0
TF,TJ897,39.338889,117.344444,0, ,0.0,0.0,0.0,0.0,0,0,0,1,230,0,0,0
TF,TJ896,39.100000,117.493056,0, ,0.0,0.0,0.0,0.0,0,0,0,0,0,0,0,0
TF,TJ895,39.016667,117.547222,0, ,0.0,0.0,0.0,0.0,0,0,0,0,0,0,0,0
TF,TJ813,38.937500,117.341667,0, ,0.0,0.0,0.0,0.0,0,0,0,0,0,0,0,0
TF,TJ814,38.895556,117.221944,0, ,0.0,0.0,0.0,0.0,0,0,0,0,0,0,0,0
TF,TJ815,39.017222,117.147222,0, ,0.0,0.0,0.0,0.0,0,0,0,0,0,0,0,0
TF,TJ836,39.117778,117.141667,0, ,0.0,0.0,0.0,0.0,0,0,0,0,0,0,0,0
TF,TJ837,39.385000,117.023333,0, ,0.0,0.0,0.0,0.0,2,12800,0,0,0,0,0,0
TF,TJ838,39.513611,116.965556,0, ,0.0,0.0,0.0,0.0,2,12800,0,0,0,0,0,0
TF,TJ839,39.639722,117.157222,0, ,0.0,0.0,0.0,0.0,1,13800,0,0,0,0,0,0
TF,TJ851,40.068611,117.078611,0, ,0.0,0.0,0.0,0.0,1,17700,0,0,0,0,0,0
TF,TJ852,40.413611,117.014722,0, ,0.0,0.0,0.0,0.0,4,18700,17700,0,0,0,0,0
TF,IDKEX,40.777778,116.566667,0, ,0.0,0.0,0.0,0.0,2,19700,0,0,0,0,0,0

SID,IDK6ZD,16L,5
CF,TJ931,38.970000,117.468333,0,TAJ,155.4,10.0,161.0,10.0,2,2960,0,0,0,0,0,0
TF,TJ912,38.997778,117.705278,0, ,0.0,0.0,0.0,0.0,0,0,0,0,0,0,0,0
TF,TJ913,38.908611,117.722222,0, ,0.0,0.0,0.0,0.0,0,0,0,1,230,0,0,0
TF,TJ914,38.894722,117.603889,0, ,0.0,0.0,0.0,0.0,0,0,0,0,0,0,0,0
TF,TJ915,38.930000,117.397778,0, ,0.0,0.0,0.0,0.0,0,0,0,0,0,0,0,0
TF,TJ916,38.929167,117.225000,0, ,0.0,0.0,0.0,0.0,0,0,0,0,0,0,0,0
TF,TJ837,39.385000,117.023333,0, ,0.0,0.0,0.0,0.0,2,12800,0,0,0,0,0,0
TF,TJ838,39.513611,116.965556,0, ,0.0,0.0,0.0,0.0,2,12800,0,0,0,0,0,0
TF,TJ839,39.639722,117.157222,0, ,0.0,0.0,0.0,0.0,1,13800,0,0,0,0,0,0
TF,TJ851,40.068611,117.078611,0, ,0.0,0.0,0.0,0.0,1,17700,0,0,0,0,0,0
TF,TJ852,40.413611,117.014722,0, ,0.0,0.0,0.0,0.0,4,18700,17700,0,0,0,0,0
TF,IDKEX,40.777778,116.566667,0, ,0.0,0.0,0.0,0.0,2,19700,0,0,0,0,0,0

SID,IDK7TD,34R,5
CF,TJ898,39.306944,117.259444,0,TAJ,345.9,12.6,341.0,11.0,2,2960,0,0,0,0,0,0
TF,TJ811,39.261111,117.133333,0, ,0.0,0.0,0.0,0.0,0,0,0,0,0,0,0,0
TF,TJ812,39.113889,117.222222,0, ,0.0,0.0,0.0,0.0,0,0,0,0,0,0,0,0
TF,TJ813,38.937500,117.341667,0, ,0.0,0.0,0.0,0.0,0,0,0,0,0,0,0,0
TF,TJ814,38.895556,117.221944,0, ,0.0,0.0,0.0,0.0,0,0,0,1,230,0,0,0
TF,TJ815,39.017222,117.147222,0, ,0.0,0.0,0.0,0.0,0,0,0,0,0,0,0,0
TF,TJ836,39.117778,117.141667,0, ,0.0,0.0,0.0,0.0,0,0,0,0,0,0,0,0
TF,TJ837,39.385000,117.023333,0, ,0.0,0.0,0.0,0.0,2,12800,0,0,0,0,0,0
TF,TJ838,39.513611,116.965556,0, ,0.0,0.0,0.0,0.0,2,12800,0,0,0,0,0,0
TF,TJ839,39.639722,117.157222,0, ,0.0,0.0,0.0,0.0,1,13800,0,0,0,0,0,0
TF,TJ851,40.068611,117.078611,0, ,0.0,0.0,0.0,0.0,1,17700,0,0,0,0,0,0
TF,TJ852,40.413611,117.014722,0, ,0.0,0.0,0.0,0.0,4,18700,17700,0,0,0,0,0
TF,IDKEX,40.777778,116.566667,0, ,0.0,0.0,0.0,0.0,2,19700,0,0,0,0,0,0

SID,IDK7YD,34R,5
CA,0,341.0,2,430,0,1,205,0,0,0
DF,TJ832,39.100000,117.493056,2, ,0.0,0.0,0,0,0,1,230,0,0,0
TF,TJ833,39.087500,117.726389,0, ,0.0,0.0,0.0,0.0,0,0,0,0,0,0,0,0
TF,TJ834,38.998611,117.716667,0, ,0.0,0.0,0.0,0.0,0,0,0,1,250,0,0,0
TF,TJ835,39.016667,117.370833,0, ,0.0,0.0,0.0,0.0,0,0,0,0,0,0,0,0
TF,TJ836,39.117778,117.141667,0, ,0.0,0.0,0.0,0.0,0,0,0,0,0,0,0,0
TF,TJ837,39.385000,117.023333,0, ,0.0,0.0,0.0,0.0,2,12800,0,0,0,0,0,0
TF,TJ838,39.513611,116.965556,0, ,0.0,0.0,0.0,0.0,2,12800,0,0,0,0,0,0
TF,TJ839,39.639722,117.157222,0, ,0.0,0.0,0.0,0.0,1,13800,0,0,0,0,0,0
TF,TJ851,40.068611,117.078611,0, ,0.0,0.0,0.0,0.0,1,17700,0,0,0,0,0,0
TF,TJ852,40.413611,117.014722,0, ,0.0,0.0,0.0,0.0,4,18700,17700,0,0,0,0,0
TF,IDKEX,40.777778,116.566667,0, ,0.0,0.0,0.0,0.0,2,19700,0,0,0,0,0,0

SID,IDK7ZD,34R,5
CF,TJ898,39.306944,117.259444,0,TAJ,345.9,12.6,341.0,11.0,2,2960,0,0,0,0,0,0
TF,TJ897,39.338889,117.344444,0, ,0.0,0.0,0.0,0.0,0,0,0,1,230,0,0,0
TF,TJ896,39.100000,117.493056,0, ,0.0,0.0,0.0,0.0,0,0,0,0,0,0,0,0
TF,TJ895,39.016667,117.547222,0, ,0.0,0.0,0.0,0.0,0,0,0,0,0,0,0,0
TF,TJ813,38.937500,117.341667,0, ,0.0,0.0,0.0,0.0,0,0,0,0,0,0,0,0
TF,TJ814,38.895556,117.221944,0, ,0.0,0.0,0.0,0.0,0,0,0,0,0,0,0,0
TF,TJ815,39.017222,117.147222,0, ,0.0,0.0,0.0,0.0,0,0,0,0,0,0,0,0
TF,TJ836,39.117778,117.141667,0, ,0.0,0.0,0.0,0.0,0,0,0,0,0,0,0,0
TF,TJ837,39.385000,117.023333,0, ,0.0,0.0,0.0,0.0,2,12800,0,0,0,0,0,0
TF,TJ838,39.513611,116.965556,0, ,0.0,0.0,0.0,0.0,2,12800,0,0,0,0,0,0
TF,TJ839,39.639722,117.157222,0, ,0.0,0.0,0.0,0.0,1,13800,0,0,0,0,0,0
TF,TJ851,40.068611,117.078611,0, ,0.0,0.0,0.0,0.0,1,17700,0,0,0,0,0,0
TF,TJ852,40.413611,117.014722,0, ,0.0,0.0,0.0,0.0,4,18700,17700,0,0,0,0,0
TF,IDKEX,40.777778,116.566667,0, ,0.0,0.0,0.0,0.0,2,19700,0,0,0,0,0,0

SID,IGM4ZD,16R,5
CF,TJ911,38.965833,117.443889,0,TAJ,162.0,9.6,161.0,10.0,2,2960,0,0,0,0,0,0
TF,TJ912,38.997778,117.705278,0, ,0.0,0.0,0.0,0.0,0,0,0,0,0,0,0,0
TF,IGMOR,38.830833,118.031667,0, ,0.0,0.0,0.0,0.0,2,9850,0,0,0,0,0,0

SID,IGM5YD,34L,5
CA,0,341.0,2,430,0,1,205,0,0,0
DF,TJ832,39.100000,117.493056,2, ,0.0,0.0,0,0,0,1,230,0,0,0
TF,TJ833,39.087500,117.726389,0, ,0.0,0.0,0.0,0.0,0,0,0,0,0,0,0,0
TF,IGMOR,38.830833,118.031667,0, ,0.0,0.0,0.0,0.0,2,9850,0,0,0,0,0,0

SID,IGM5ZD,34L,5
CF,TJ899,39.299167,117.237778,0,TAJ,340.8,12.6,341.0,11.0,2,2960,0,0,0,0,0,0
TF,TJ897,39.338889,117.344444,0, ,0.0,0.0,0.0,0.0,0,0,0,1,230,0,0,0
TF,TJ896,39.100000,117.493056,0, ,0.0,0.0,0.0,0.0,0,0,0,0,0,0,0,0
TF,TJ833,39.087500,117.726389,0, ,0.0,0.0,0.0,0.0,0,0,0,0,0,0,0,0
TF,IGMOR,38.830833,118.031667,0, ,0.0,0.0,0.0,0.0,2,9850,0,0,0,0,0,0

SID,IGM6ZD,16L,5
CF,TJ931,38.970000,117.468333,0,TAJ,155.4,10.0,161.0,10.0,2,2960,0,0,0,0,0,0
TF,TJ912,38.997778,117.705278,0, ,0.0,0.0,0.0,0.0,0,0,0,0,0,0,0,0
TF,IGMOR,38.830833,118.031667,0, ,0.0,0.0,0.0,0.0,2,9850,0,0,0,0,0,0

SID,IGM7YD,34R,5
CA,0,341.0,2,430,0,1,205,0,0,0
DF,TJ832,39.100000,117.493056,2, ,0.0,0.0,0,0,0,1,230,0,0,0
TF,TJ833,39.087500,117.726389,0, ,0.0,0.0,0.0,0.0,0,0,0,0,0,0,0,0
TF,IGMOR,38.830833,118.031667,0, ,0.0,0.0,0.0,0.0,2,9850,0,0,0,0,0,0

SID,IGM7ZD,34R,5
CF,TJ898,39.306944,117.259444,0,TAJ,345.9,12.6,341.0,11.0,2,2960,0,0,0,0,0,0
TF,TJ897,39.338889,117.344444,0, ,0.0,0.0,0.0,0.0,0,0,0,1,230,0,0,0
TF,TJ896,39.100000,117.493056,0, ,0.0,0.0,0.0,0.0,0,0,0,0,0,0,0,0
TF,TJ833,39.087500,117.726389,0, ,0.0,0.0,0.0,0.0,0,0,0,0,0,0,0,0
TF,IGMOR,38.830833,118.031667,0, ,0.0,0.0,0.0,0.0,2,9850,0,0,0,0,0,0

SID,MUG4ZD,16R,5
CF,TJ911,38.965833,117.443889,0,TAJ,162.0,9.6,161.0,10.0,2,2960,0,0,0,0,0,0
TF,TJ912,38.997778,117.705278,0, ,0.0,0.0,0.0,0.0,0,0,0,0,0,0,0,0
TF,MUGLO,39.070278,118.034444,0, ,0.0,0.0,0.0,0.0,2,8860,0,0,0,0,0,0

SID,MUG5YD,34L,5
CA,0,341.0,2,430,0,1,205,0,0,0
DF,TJ832,39.100000,117.493056,2, ,0.0,0.0,0,0,0,1,230,0,0,0
TF,TJ833,39.087500,117.726389,0, ,0.0,0.0,0.0,0.0,0,0,0,0,0,0,0,0
TF,MUGLO,39.070278,118.034444,0, ,0.0,0.0,0.0,0.0,2,8860,0,0,0,0,0,0

SID,MUG5ZD,34L,5
CF,TJ899,39.299167,117.237778,0,TAJ,340.8,12.6,341.0,11.0,2,2960,0,0,0,0,0,0
TF,TJ897,39.338889,117.344444,0, ,0.0,0.0,0.0,0.0,0,0,0,1,230,0,0,0
TF,TJ896,39.100000,117.493056,0, ,0.0,0.0,0.0,0.0,0,0,0,0,0,0,0,0
TF,TJ833,39.087500,117.726389,0, ,0.0,0.0,0.0,0.0,0,0,0,0,0,0,0,0
TF,MUGLO,39.070278,118.034444,0, ,0.0,0.0,0.0,0.0,2,8860,0,0,0,0,0,0

SID,MUG6ZD,16L,5
CF,TJ931,38.970000,117.468333,0,TAJ,155.4,10.0,161.0,10.0,2,2960,0,0,0,0,0,0
TF,TJ912,38.997778,117.705278,0, ,0.0,0.0,0.0,0.0,0,0,0,0,0,0,0,0
TF,MUGLO,39.070278,118.034444,0, ,0.0,0.0,0.0,0.0,2,8860,0,0,0,0,0,0

SID,MUG7YD,34R,5
CA,0,341.0,2,430,0,1,205,0,0,0
DF,TJ832,39.100000,117.493056,2, ,0.0,0.0,0,0,0,1,230,0,0,0
TF,TJ833,39.087500,117.726389,0, ,0.0,0.0,0.0,0.0,0,0,0,0,0,0,0,0
TF,MUGLO,39.070278,118.034444,0, ,0.0,0.0,0.0,0.0,2,8860,0,0,0,0,0,0

SID,MUG7ZD,34R,5
CF,TJ898,39.306944,117.259444,0,TAJ,345.9,12.6,341.0,11.0,2,2960,0,0,0,0,0,0
TF,TJ897,39.338889,117.344444,0, ,0.0,0.0,0.0,0.0,0,0,0,1,230,0,0,0
TF,TJ896,39.100000,117.493056,0, ,0.0,0.0,0.0,0.0,0,0,0,0,0,0,0,0
TF,TJ833,39.087500,117.726389,0, ,0.0,0.0,0.0,0.0,0,0,0,0,0,0,0,0
TF,MUGLO,39.070278,118.034444,0, ,0.0,0.0,0.0,0.0,2,8860,0,0,0,0,0,0

SID,OMD4ZD,16R,5
CF,TJ911,38.965833,117.443889,0,TAJ,162.0,9.6,161.0,10.0,2,2960,0,0,0,0,0,0
TF,TJ912,38.997778,117.705278,0, ,0.0,0.0,0.0,0.0,0,0,0,0,0,0,0,0
TF,TJ913,38.908611,117.722222,0, ,0.0,0.0,0.0,0.0,0,0,0,1,230,0,0,0
TF,TJ914,38.894722,117.603889,0, ,0.0,0.0,0.0,0.0,0,0,0,0,0,0,0,0
TF,TJ915,38.930000,117.397778,0, ,0.0,0.0,0.0,0.0,0,0,0,0,0,0,0,0
TF,ELKUR,38.639722,116.665000,0, ,0.0,0.0,0.0,0.0,2,13800,0,0,0,0,0,0
TF,OMDEK,38.655000,116.090833,0, ,0.0,0.0,0.0,0.0,2,14800,0,0,0,0,0,0

SID,OMD5TD,34L,5
CF,TJ899,39.299167,117.237778,0,TAJ,340.8,12.6,341.0,11.0,2,2960,0,0,0,0,0,0
TF,TJ811,39.261111,117.133333,0, ,0.0,0.0,0.0,0.0,0,0,0,1,230,0,0,0
TF,TJ812,39.113889,117.222222,0, ,0.0,0.0,0.0,0.0,0,0,0,0,0,0,0,0
TF,TJ813,38.937500,117.341667,0, ,0.0,0.0,0.0,0.0,0,0,0,0,0,0,0,0
TF,TJ814,38.895556,117.221944,0, ,0.0,0.0,0.0,0.0,0,0,0,0,0,0,0,0
TF,ELKUR,38.639722,116.665000,0, ,0.0,0.0,0.0,0.0,2,13800,0,0,0,0,0,0
TF,OMDEK,38.655000,116.090833,0, ,0.0,0.0,0.0,0.0,2,14800,0,0,0,0,0,0

SID,OMD5YD,34L,5
CA,0,341.0,2,430,0,1,205,0,0,0
DF,TJ832,39.100000,117.493056,2, ,0.0,0.0,0,0,0,1,230,0,0,0
TF,TJ833,39.087500,117.726389,0, ,0.0,0.0,0.0,0.0,0,0,0,0,0,0,0,0
TF,TJ834,38.998611,117.716667,0, ,0.0,0.0,0.0,0.0,0,0,0,1,250,0,0,0
TF,TJ835,39.016667,117.370833,0, ,0.0,0.0,0.0,0.0,0,0,0,0,0,0,0,0
TF,ELKUR,38.639722,116.665000,0, ,0.0,0.0,0.0,0.0,2,13800,0,0,0,0,0,0
TF,OMDEK,38.655000,116.090833,0, ,0.0,0.0,0.0,0.0,2,14800,0,0,0,0,0,0

SID,OMD5ZD,34L,5
CF,TJ899,39.299167,117.237778,0,TAJ,340.8,12.6,341.0,11.0,2,2960,0,0,0,0,0,0
TF,TJ897,39.338889,117.344444,0, ,0.0,0.0,0.0,0.0,0,0,0,1,230,0,0,0
TF,TJ896,39.100000,117.493056,0, ,0.0,0.0,0.0,0.0,0,0,0,0,0,0,0,0
TF,TJ895,39.016667,117.547222,0, ,0.0,0.0,0.0,0.0,0,0,0,0,0,0,0,0
TF,TJ813,38.937500,117.341667,0, ,0.0,0.0,0.0,0.0,0,0,0,0,0,0,0,0
TF,TJ814,38.895556,117.221944,0, ,0.0,0.0,0.0,0.0,0,0,0,0,0,0,0,0
TF,ELKUR,38.639722,116.665000,0, ,0.0,0.0,0.0,0.0,2,13800,0,0,0,0,0,0
TF,OMDEK,38.655000,116.090833,0, ,0.0,0.0,0.0,0.0,2,14800,0,0,0,0,0,0

SID,OMD6ZD,16L,5
CF,TJ931,38.970000,117.468333,0,TAJ,155.4,10.0,161.0,10.0,2,2960,0,0,0,0,0,0
TF,TJ912,38.997778,117.705278,0, ,0.0,0.0,0.0,0.0,0,0,0,0,0,0,0,0
TF,TJ913,38.908611,117.722222,0, ,0.0,0.0,0.0,0.0,0,0,0,1,230,0,0,0
TF,TJ914,38.894722,117.603889,0, ,0.0,0.0,0.0,0.0,0,0,0,0,0,0,0,0
TF,TJ915,38.930000,117.397778,0, ,0.0,0.0,0.0,0.0,0,0,0,0,0,0,0,0
TF,ELKUR,38.639722,116.665000,0, ,0.0,0.0,0.0,0.0,2,13800,0,0,0,0,0,0
TF,OMDEK,38.655000,116.090833,0, ,0.0,0.0,0.0,0.0,2,14800,0,0,0,0,0,0

SID,OMD7TD,34R,5
CF,TJ898,39.306944,117.259444,0,TAJ,345.9,12.6,341.0,11.0,2,2960,0,0,0,0,0,0
TF,TJ811,39.261111,117.133333,0, ,0.0,0.0,0.0,0.0,0,0,0,1,230,0,0,0
TF,TJ812,39.113889,117.222222,0, ,0.0,0.0,0.0,0.0,0,0,0,0,0,0,0,0
TF,TJ813,38.937500,117.341667,0, ,0.0,0.0,0.0,0.0,0,0,0,0,0,0,0,0
TF,TJ814,38.895556,117.221944,0, ,0.0,0.0,0.0,0.0,0,0,0,0,0,0,0,0
TF,ELKUR,38.639722,116.665000,0, ,0.0,0.0,0.0,0.0,2,13800,0,0,0,0,0,0
TF,OMDEK,38.655000,116.090833,0, ,0.0,0.0,0.0,0.0,2,14800,0,0,0,0,0,0

SID,OMD7YD,34R,5
CA,0,341.0,2,430,0,1,205,0,0,0
DF,TJ832,39.100000,117.493056,2, ,0.0,0.0,0,0,0,1,230,0,0,0
TF,TJ833,39.087500,117.726389,0, ,0.0,0.0,0.0,0.0,0,0,0,0,0,0,0,0
TF,TJ834,38.998611,117.716667,0, ,0.0,0.0,0.0,0.0,0,0,0,1,250,0,0,0
TF,TJ835,39.016667,117.370833,0, ,0.0,0.0,0.0,0.0,0,0,0,0,0,0,0,0
TF,ELKUR,38.639722,116.665000,0, ,0.0,0.0,0.0,0.0,2,13800,0,0,0,0,0,0
TF,OMDEK,38.655000,116.090833,0, ,0.0,0.0,0.0,0.0,2,14800,0,0,0,0,0,0

SID,OMD7ZD,34R,5
CF,TJ898,39.306944,117.259444,0,TAJ,345.9,12.6,341.0,11.0,2,2960,0,0,0,0,0,0
TF,TJ897,39.338889,117.344444,0, ,0.0,0.0,0.0,0.0,0,0,0,1,230,0,0,0
TF,TJ896,39.100000,117.493056,0, ,0.0,0.0,0.0,0.0,0,0,0,0,0,0,0,0
TF,TJ895,39.016667,117.547222,0, ,0.0,0.0,0.0,0.0,0,0,0,0,0,0,0,0
TF,TJ813,38.937500,117.341667,0, ,0.0,0.0,0.0,0.0,0,0,0,0,0,0,0,0
TF,TJ814,38.895556,117.221944,0, ,0.0,0.0,0.0,0.0,0,0,0,0,0,0,0,0
TF,ELKUR,38.639722,116.665000,0, ,0.0,0.0,0.0,0.0,2,13800,0,0,0,0,0,0
TF,OMDEK,38.655000,116.090833,0, ,0.0,0.0,0.0,0.0,2,14800,0,0,0,0,0,0

SID,PEG4ZD,16R,5
CF,TJ911,38.965833,117.443889,0,TAJ,162.0,9.6,161.0,10.0,2,2960,0,0,0,0,0,0
TF,TJ912,38.997778,117.705278,0, ,0.0,0.0,0.0,0.0,0,0,0,0,0,0,0,0
TF,TJ913,38.908611,117.722222,0, ,0.0,0.0,0.0,0.0,0,0,0,1,230,0,0,0
TF,TJ914,38.894722,117.603889,0, ,0.0,0.0,0.0,0.0,0,0,0,0,0,0,0,0
TF,TJ915,38.930000,117.397778,0, ,0.0,0.0,0.0,0.0,0,0,0,0,0,0,0,0
TF,ELKUR,38.639722,116.665000,0, ,0.0,0.0,0.0,0.0,2,13800,0,0,0,0,0,0
TF,OMDEK,38.655000,116.090833,0, ,0.0,0.0,0.0,0.0,2,14800,0,0,0,0,0,0
TF,PEGSO,38.944722,115.505278,0, ,0.0,0.0,0.0,0.0,2,14800,0,0,0,0,0,0

SID,PEG5TD,34L,5
CF,TJ899,39.299167,117.237778,0,TAJ,340.8,12.6,341.0,11.0,2,2960,0,0,0,0,0,0
TF,TJ811,39.261111,117.133333,0, ,0.0,0.0,0.0,0.0,0,0,0,1,230,0,0,0
TF,TJ812,39.113889,117.222222,0, ,0.0,0.0,0.0,0.0,0,0,0,0,0,0,0,0
TF,TJ813,38.937500,117.341667,0, ,0.0,0.0,0.0,0.0,0,0,0,0,0,0,0,0
TF,TJ814,38.895556,117.221944,0, ,0.0,0.0,0.0,0.0,0,0,0,0,0,0,0,0
TF,ELKUR,38.639722,116.665000,0, ,0.0,0.0,0.0,0.0,2,13800,0,0,0,0,0,0
TF,OMDEK,38.655000,116.090833,0, ,0.0,0.0,0.0,0.0,2,14800,0,0,0,0,0,0
TF,PEGSO,38.944722,115.505278,0, ,0.0,0.0,0.0,0.0,2,14800,0,0,0,0,0,0

SID,PEG5YD,34L,5
CA,0,341.0,2,430,0,1,205,0,0,0
DF,TJ832,39.100000,117.493056,2, ,0.0,0.0,0,0,0,1,230,0,0,0
TF,TJ833,39.087500,117.726389,0, ,0.0,0.0,0.0,0.0,0,0,0,0,0,0,0,0
TF,TJ834,38.998611,117.716667,0, ,0.0,0.0,0.0,0.0,0,0,0,1,250,0,0,0
TF,TJ835,39.016667,117.370833,0, ,0.0,0.0,0.0,0.0,0,0,0,0,0,0,0,0
TF,ELKUR,38.639722,116.665000,0, ,0.0,0.0,0.0,0.0,2,13800,0,0,0,0,0,0
TF,OMDEK,38.655000,116.090833,0, ,0.0,0.0,0.0,0.0,2,14800,0,0,0,0,0,0
TF,PEGSO,38.944722,115.505278,0, ,0.0,0.0,0.0,0.0,2,14800,0,0,0,0,0,0

SID,PEG5ZD,34L,5
CF,TJ899,39.299167,117.237778,0,TAJ,340.8,12.6,341.0,11.0,2,2960,0,0,0,0,0,0
TF,TJ897,39.338889,117.344444,0, ,0.0,0.0,0.0,0.0,0,0,0,1,230,0,0,0
TF,TJ896,39.100000,117.493056,0, ,0.0,0.0,0.0,0.0,0,0,0,0,0,0,0,0
TF,TJ895,39.016667,117.547222,0, ,0.0,0.0,0.0,0.0,0,0,0,0,0,0,0,0
TF,TJ813,38.937500,117.341667,0, ,0.0,0.0,0.0,0.0,0,0,0,0,0,0,0,0
TF,TJ814,38.895556,117.221944,0, ,0.0,0.0,0.0,0.0,0,0,0,0,0,0,0,0
TF,ELKUR,38.639722,116.665000,0, ,0.0,0.0,0.0,0.0,2,13800,0,0,0,0,0,0
TF,OMDEK,38.655000,116.090833,0, ,0.0,0.0,0.0,0.0,2,14800,0,0,0,0,0,0
TF,PEGSO,38.944722,115.505278,0, ,0.0,0.0,0.0,0.0,2,14800,0,0,0,0,0,0

SID,PEG6ZD,16L,5
CF,TJ931,38.970000,117.468333,0,TAJ,155.4,10.0,161.0,10.0,2,2960,0,0,0,0,0,0
TF,TJ912,38.997778,117.705278,0, ,0.0,0.0,0.0,0.0,0,0,0,0,0,0,0,0
TF,TJ913,38.908611,117.722222,0, ,0.0,0.0,0.0,0.0,0,0,0,1,230,0,0,0
TF,TJ914,38.894722,117.603889,0, ,0.0,0.0,0.0,0.0,0,0,0,0,0,0,0,0
TF,TJ915,38.930000,117.397778,0, ,0.0,0.0,0.0,0.0,0,0,0,0,0,0,0,0
TF,ELKUR,38.639722,116.665000,0, ,0.0,0.0,0.0,0.0,2,13800,0,0,0,0,0,0
TF,OMDEK,38.655000,116.090833,0, ,0.0,0.0,0.0,0.0,2,14800,0,0,0,0,0,0
TF,PEGSO,38.944722,115.505278,0, ,0.0,0.0,0.0,0.0,2,14800,0,0,0,0,0,0

SID,PEG7TD,34R,5
CF,TJ898,39.306944,117.259444,0,TAJ,345.9,12.6,341.0,11.0,2,2960,0,0,0,0,0,0
TF,TJ811,39.261111,117.133333,0, ,0.0,0.0,0.0,0.0,0,0,0,1,230,0,0,0
TF,TJ812,39.113889,117.222222,0, ,0.0,0.0,0.0,0.0,0,0,0,0,0,0,0,0
TF,TJ813,38.937500,117.341667,0, ,0.0,0.0,0.0,0.0,0,0,0,0,0,0,0,0
TF,TJ814,38.895556,117.221944,0, ,0.0,0.0,0.0,0.0,0,0,0,0,0,0,0,0
TF,ELKUR,38.639722,116.665000,0, ,0.0,0.0,0.0,0.0,2,13800,0,0,0,0,0,0
TF,OMDEK,38.655000,116.090833,0, ,0.0,0.0,0.0,0.0,2,14800,0,0,0,0,0,0
TF,PEGSO,38.944722,115.505278,0, ,0.0,0.0,0.0,0.0,2,14800,0,0,0,0,0,0

SID,PEG7YD,34R,5
CA,0,341.0,2,430,0,1,205,0,0,0
DF,TJ832,39.100000,117.493056,2, ,0.0,0.0,0,0,0,1,230,0,0,0
TF,TJ833,39.087500,117.726389,0, ,0.0,0.0,0.0,0.0,0,0,0,0,0,0,0,0
TF,TJ834,38.998611,117.716667,0, ,0.0,0.0,0.0,0.0,0,0,0,1,250,0,0,0
TF,TJ835,39.016667,117.370833,0, ,0.0,0.0,0.0,0.0,0,0,0,0,0,0,0,0
TF,ELKUR,38.639722,116.665000,0, ,0.0,0.0,0.0,0.0,2,13800,0,0,0,0,0,0
TF,OMDEK,38.655000,116.090833,0, ,0.0,0.0,0.0,0.0,2,14800,0,0,0,0,0,0
TF,PEGSO,38.944722,115.505278,0, ,0.0,0.0,0.0,0.0,2,14800,0,0,0,0,0,0

SID,PEG7ZD,34R,5
CF,TJ898,39.306944,117.259444,0,TAJ,345.9,12.6,341.0,11.0,2,2960,0,0,0,0,0,0
TF,TJ897,39.338889,117.344444,0, ,0.0,0.0,0.0,0.0,0,0,0,1,230,0,0,0
TF,TJ896,39.100000,117.493056,0, ,0.0,0.0,0.0,0.0,0,0,0,0,0,0,0,0
TF,TJ895,39.016667,117.547222,0, ,0.0,0.0,0.0,0.0,0,0,0,0,0,0,0,0
TF,TJ813,38.937500,117.341667,0, ,0.0,0.0,0.0,0.0,0,0,0,0,0,0,0,0
TF,TJ814,38.895556,117.221944,0, ,0.0,0.0,0.0,0.0,0,0,0,0,0,0,0,0
TF,ELKUR,38.639722,116.665000,0, ,0.0,0.0,0.0,0.0,2,13800,0,0,0,0,0,0
TF,OMDEK,38.655000,116.090833,0, ,0.0,0.0,0.0,0.0,2,14800,0,0,0,0,0,0
TF,PEGSO,38.944722,115.505278,0, ,0.0,0.0,0.0,0.0,2,14800,0,0,0,0,0,0

STAR,AVB4ZA,16L,5
IF,AVBOX,38.647778,116.378056, ,0.0,0.0,2,8860,0,0,0,0,0,0
TF,TJ927,38.775000,116.683333,0, ,0.0,0.0,0.0,0.0,0,0,0,0,0,0,0,0
TF,TJ926,38.847778,116.853889,0, ,0.0,0.0,0.0,0.0,0,0,0,0,0,0,0,0
TF,TJ925,38.783333,117.183333,0, ,0.0,0.0,0.0,0.0,0,0,0,0,0,0,0,0
TF,TJ924,38.672222,117.255556,0, ,0.0,0.0,0.0,0.0,0,0,0,0,0,0,0,0
TF,TJ923,38.750000,117.452778,0, ,0.0,0.0,0.0,0.0,0,0,0,0,0,0,0,0
TF,TJ922,38.869444,117.380556,0, ,0.0,0.0,0.0,0.0,0,0,0,0,0,0,0,0
TF,TJ921,38.994444,117.302778,0, ,0.0,0.0,0.0,0.0,0,0,0,0,0,0,0,0
TF,TJ920,39.116667,117.225000,0, ,0.0,0.0,0.0,0.0,2,3940,0,0,0,0,0,0
TF,TJ919,39.229444,117.152778,0, ,0.0,0.0,0.0,0.0,2,2960,0,1,205,0,0,0

STAR,AVB4ZA,16R,5
IF,AVBOX,38.647778,116.378056, ,0.0,0.0,2,8860,0,0,0,0,0,0
TF,TJ927,38.775000,116.683333,0, ,0.0,0.0,0.0,0.0,0,0,0,0,0,0,0,0
TF,TJ926,38.847778,116.853889,0, ,0.0,0.0,0.0,0.0,0,0,0,0,0,0,0,0
TF,TJ925,38.783333,117.183333,0, ,0.0,0.0,0.0,0.0,0,0,0,0,0,0,0,0
TF,TJ924,38.672222,117.255556,0, ,0.0,0.0,0.0,0.0,0,0,0,0,0,0,0,0
TF,TJ923,38.750000,117.452778,0, ,0.0,0.0,0.0,0.0,0,0,0,0,0,0,0,0
TF,TJ922,38.869444,117.380556,0, ,0.0,0.0,0.0,0.0,0,0,0,0,0,0,0,0
TF,TJ921,38.994444,117.302778,0, ,0.0,0.0,0.0,0.0,0,0,0,0,0,0,0,0
TF,TJ920,39.116667,117.225000,0, ,0.0,0.0,0.0,0.0,2,3940,0,0,0,0,0,0
TF,TJ919,39.229444,117.152778,0, ,0.0,0.0,0.0,0.0,2,2960,0,1,205,0,0,0

STAR,AVB5ZA,34L,5
IF,AVBOX,38.647778,116.378056, ,0.0,0.0,2,8860,0,0,0,0,0,0
TF,TJ824,38.846944,116.853889,0, ,0.0,0.0,0.0,0.0,0,0,0,0,0,0,0,0
TF,TJ823,38.783333,117.183333,0, ,0.0,0.0,0.0,0.0,0,0,0,0,0,0,0,0
TF,TJ822,38.672222,117.255556,0, ,0.0,0.0,0.0,0.0,0,0,0,0,0,0,0,0
TF,TJ821,38.750000,117.452778,0, ,0.0,0.0,0.0,0.0,0,0,0,0,0,0,0,0
TF,TJ820,38.789722,117.554167,0, ,0.0,0.0,0.0,0.0,2,2960,0,1,205,0,0,0

STAR,AVB6ZA,16L,5
IF,AVBOX,38.647778,116.378056, ,0.0,0.0,2,8860,0,0,0,0,0,0
TF,TJ927,38.775000,116.683333,0, ,0.0,0.0,0.0,0.0,0,0,0,0,0,0,0,0
TF,TJ926,38.847778,116.853889,0, ,0.0,0.0,0.0,0.0,0,0,0,0,0,0,0,0
TF,TJ925,38.783333,117.183333,0, ,0.0,0.0,0.0,0.0,0,0,0,0,0,0,0,0
TF,TJ924,38.672222,117.255556,0, ,0.0,0.0,0.0,0.0,0,0,0,0,0,0,0,0
TF,TJ923,38.750000,117.452778,0, ,0.0,0.0,0.0,0.0,0,0,0,0,0,0,0,0
TF,TJ922,38.869444,117.380556,0, ,0.0,0.0,0.0,0.0,0,0,0,0,0,0,0,0
TF,TJ921,38.994444,117.302778,0, ,0.0,0.0,0.0,0.0,0,0,0,0,0,0,0,0
TF,TJ920,39.116667,117.225000,0, ,0.0,0.0,0.0,0.0,2,3940,0,0,0,0,0,0
TF,TJ961,39.204167,117.454167,0, ,0.0,0.0,0.0,0.0,2,2960,0,0,0,0,0,0
TF,TJ960,39.300000,117.391667,0, ,0.0,0.0,0.0,0.0,2,1970,0,1,205,0,0,0

STAR,AVB6ZA,16R,5
IF,AVBOX,38.647778,116.378056, ,0.0,0.0,2,8860,0,0,0,0,0,0
TF,TJ927,38.775000,116.683333,0, ,0.0,0.0,0.0,0.0,0,0,0,0,0,0,0,0
TF,TJ926,38.847778,116.853889,0, ,0.0,0.0,0.0,0.0,0,0,0,0,0,0,0,0
TF,TJ925,38.783333,117.183333,0, ,0.0,0.0,0.0,0.0,0,0,0,0,0,0,0,0
TF,TJ924,38.672222,117.255556,0, ,0.0,0.0,0.0,0.0,0,0,0,0,0,0,0,0
TF,TJ923,38.750000,117.452778,0, ,0.0,0.0,0.0,0.0,0,0,0,0,0,0,0,0
TF,TJ922,38.869444,117.380556,0, ,0.0,0.0,0.0,0.0,0,0,0,0,0,0,0,0
TF,TJ921,38.994444,117.302778,0, ,0.0,0.0,0.0,0.0,0,0,0,0,0,0,0,0
TF,TJ920,39.116667,117.225000,0, ,0.0,0.0,0.0,0.0,2,3940,0,0,0,0,0,0
TF,TJ961,39.204167,117.454167,0, ,0.0,0.0,0.0,0.0,2,2960,0,0,0,0,0,0
TF,TJ960,39.300000,117.391667,0, ,0.0,0.0,0.0,0.0,2,1970,0,1,205,0,0,0

STAR,AVB7ZA,34R,5
IF,AVBOX,38.647778,116.378056, ,0.0,0.0,2,8860,0,0,0,0,0,0
TF,TJ824,38.846944,116.853889,0, ,0.0,0.0,0.0,0.0,0,0,0,0,0,0,0,0
TF,TJ823,38.783333,117.183333,0, ,0.0,0.0,0.0,0.0,0,0,0,0,0,0,0,0
TF,TJ822,38.672222,117.255556,0, ,0.0,0.0,0.0,0.0,0,0,0,0,0,0,0,0
TF,TJ821,38.750000,117.452778,0, ,0.0,0.0,0.0,0.0,0,0,0,0,0,0,0,0
TF,TJ830,38.796944,117.572778,0, ,0.0,0.0,0.0,0.0,2,2960,0,1,205,0,0,0

STAR,DUM4ZA,16L,5
IF,DUMAP,38.591389,118.029167, ,0.0,0.0,2,7880,0,0,0,0,0,0
TF,TJ945,38.633333,117.883333,0, ,0.0,0.0,0.0,0.0,0,0,0,0,0,0,0,0
TF,TJ944,38.683333,117.700000,0, ,0.0,0.0,0.0,0.0,0,0,0,0,0,0,0,0
TF,TJ923,38.750000,117.452778,0, ,0.0,0.0,0.0,0.0,0,0,0,0,0,0,0,0
TF,TJ922,38.869444,117.380556,0, ,0.0,0.0,0.0,0.0,0,0,0,0,0,0,0,0
TF,TJ921,38.994444,117.302778,0, ,0.0,0.0,0.0,0.0,0,0,0,0,0,0,0,0
TF,TJ920,39.116667,117.225000,0, ,0.0,0.0,0.0,0.0,2,3940,0,0,0,0,0,0
TF,TJ919,39.229444,117.152778,0, ,0.0,0.0,0.0,0.0,2,2960,0,1,205,0,0,0

STAR,DUM4ZA,16R,5
IF,DUMAP,38.591389,118.029167, ,0.0,0.0,2,7880,0,0,0,0,0,0
TF,TJ945,38.633333,117.883333,0, ,0.0,0.0,0.0,0.0,0,0,0,0,0,0,0,0
TF,TJ944,38.683333,117.700000,0, ,0.0,0.0,0.0,0.0,0,0,0,0,0,0,0,0
TF,TJ923,38.750000,117.452778,0, ,0.0,0.0,0.0,0.0,0,0,0,0,0,0,0,0
TF,TJ922,38.869444,117.380556,0, ,0.0,0.0,0.0,0.0,0,0,0,0,0,0,0,0
TF,TJ921,38.994444,117.302778,0, ,0.0,0.0,0.0,0.0,0,0,0,0,0,0,0,0
TF,TJ920,39.116667,117.225000,0, ,0.0,0.0,0.0,0.0,2,3940,0,0,0,0,0,0
TF,TJ919,39.229444,117.152778,0, ,0.0,0.0,0.0,0.0,2,2960,0,1,205,0,0,0

STAR,DUM5ZA,34L,5
IF,DUMAP,38.591389,118.029167, ,0.0,0.0,2,7880,0,0,0,0,0,0
TF,TJ862,38.661111,117.858333,0, ,0.0,0.0,0.0,0.0,0,0,0,0,0,0,0,0
TF,TJ841,38.695833,117.775000,0, ,0.0,0.0,0.0,0.0,0,0,0,0,0,0,0,0
TF,TJ820,38.789722,117.554167,0, ,0.0,0.0,0.0,0.0,2,2960,0,1,205,0,0,0

STAR,DUM6YA,16L,5
IF,DUMAP,38.591389,118.029167, ,0.0,0.0,2,7880,0,0,0,0,0,0
TF,TJ945,38.633333,117.883333,0, ,0.0,0.0,0.0,0.0,0,0,0,0,0,0,0,0
TF,TJ944,38.683333,117.700000,0, ,0.0,0.0,0.0,0.0,0,0,0,0,0,0,0,0
TF,TJ923,38.750000,117.452778,0, ,0.0,0.0,0.0,0.0,0,0,0,0,0,0,0,0
TF,TJ922,38.869444,117.380556,0, ,0.0,0.0,0.0,0.0,0,0,0,0,0,0,0,0
TF,TJ921,38.994444,117.302778,0, ,0.0,0.0,0.0,0.0,0,0,0,0,0,0,0,0
TF,TJ920,39.116667,117.225000,0, ,0.0,0.0,0.0,0.0,2,3940,0,0,0,0,0,0
TF,TJ961,39.204167,117.454167,0, ,0.0,0.0,0.0,0.0,2,2960,0,0,0,0,0,0
TF,TJ960,39.300000,117.391667,0, ,0.0,0.0,0.0,0.0,2,1970,0,1,205,0,0,0

STAR,DUM6YA,16R,5
IF,DUMAP,38.591389,118.029167, ,0.0,0.0,2,7880,0,0,0,0,0,0
TF,TJ945,38.633333,117.883333,0, ,0.0,0.0,0.0,0.0,0,0,0,0,0,0,0,0
TF,TJ944,38.683333,117.700000,0, ,0.0,0.0,0.0,0.0,0,0,0,0,0,0,0,0
TF,TJ923,38.750000,117.452778,0, ,0.0,0.0,0.0,0.0,0,0,0,0,0,0,0,0
TF,TJ922,38.869444,117.380556,0, ,0.0,0.0,0.0,0.0,0,0,0,0,0,0,0,0
TF,TJ921,38.994444,117.302778,0, ,0.0,0.0,0.0,0.0,0,0,0,0,0,0,0,0
TF,TJ920,39.116667,117.225000,0, ,0.0,0.0,0.0,0.0,2,3940,0,0,0,0,0,0
TF,TJ961,39.204167,117.454167,0, ,0.0,0.0,0.0,0.0,2,2960,0,0,0,0,0,0
TF,TJ960,39.300000,117.391667,0, ,0.0,0.0,0.0,0.0,2,1970,0,1,205,0,0,0

STAR,DUM6ZA,16L,5
IF,DUMAP,38.591389,118.029167, ,0.0,0.0,2,7880,0,0,0,0,0,0
TF,TJ964,38.780556,117.950000,0, ,0.0,0.0,0.0,0.0,0,0,0,0,0,0,0,0
TF,TJ963,39.083333,117.816667,0, ,0.0,0.0,0.0,0.0,0,0,0,0,0,0,0,0
TF,TJ962,39.097222,117.537500,0, ,0.0,0.0,0.0,0.0,0,0,0,0,0,0,0,0
TF,TJ961,39.204167,117.454167,0, ,0.0,0.0,0.0,0.0,2,2960,0,0,0,0,0,0
TF,TJ960,39.300000,117.391667,0, ,0.0,0.0,0.0,0.0,2,1970,0,1,205,0,0,0

STAR,DUM6ZA,16R,5
IF,DUMAP,38.591389,118.029167, ,0.0,0.0,2,7880,0,0,0,0,0,0
TF,TJ964,38.780556,117.950000,0, ,0.0,0.0,0.0,0.0,0,0,0,0,0,0,0,0
TF,TJ963,39.083333,117.816667,0, ,0.0,0.0,0.0,0.0,0,0,0,0,0,0,0,0
TF,TJ962,39.097222,117.537500,0, ,0.0,0.0,0.0,0.0,0,0,0,0,0,0,0,0
TF,TJ961,39.204167,117.454167,0, ,0.0,0.0,0.0,0.0,2,2960,0,0,0,0,0,0
TF,TJ960,39.300000,117.391667,0, ,0.0,0.0,0.0,0.0,2,1970,0,1,205,0,0,0

STAR,DUM7ZA,34R,5
IF,DUMAP,38.591389,118.029167, ,0.0,0.0,2,7880,0,0,0,0,0,0
TF,TJ862,38.661111,117.858333,0, ,0.0,0.0,0.0,0.0,0,0,0,0,0,0,0,0
TF,TJ841,38.695833,117.775000,0, ,0.0,0.0,0.0,0.0,0,0,0,0,0,0,0,0
TF,TJ840,38.775556,117.585833,0, ,0.0,0.0,0.0,0.0,2,2960,0,1,205,0,0,0

STAR,GUV4YA,16L,5
IF,GUVBA,40.433333,115.530556, ,0.0,0.0,2,19700,0,0,0,0,0,0
TF,TJ980,40.413611,117.014722,0, ,0.0,0.0,0.0,0.0,1,19700,0,0,0,0,0,0
TF,TJ989,39.639722,117.157222,0, ,0.0,0.0,0.0,0.0,1,16700,0,0,0,0,0,0
TF,TJ988,39.426944,117.195833,0, ,0.0,0.0,0.0,0.0,2,13800,0,0,0,0,0,0
TF,TJ987,39.283333,117.341667,0, ,0.0,0.0,0.0,0.0,0,0,0,0,0,0,0,0
TF,TJ962,39.097222,117.537500,0, ,0.0,0.0,0.0,0.0,0,0,0,0,0,0,0,0
TF,TJ963,39.083333,117.816667,0, ,0.0,0.0,0.0,0.0,0,0,0,1,250,0,0,0
TF,TJ964,38.780556,117.950000,0, ,0.0,0.0,0.0,0.0,0,0,0,0,0,0,0,0
TF,TJ945,38.633333,117.883333,0, ,0.0,0.0,0.0,0.0,0,0,0,0,0,0,0,0
TF,TJ944,38.683333,117.700000,0, ,0.0,0.0,0.0,0.0,0,0,0,0,0,0,0,0
TF,TJ923,38.750000,117.452778,0, ,0.0,0.0,0.0,0.0,0,0,0,0,0,0,0,0
TF,TJ922,38.869444,117.380556,0, ,0.0,0.0,0.0,0.0,0,0,0,0,0,0,0,0
TF,TJ921,38.994444,117.302778,0, ,0.0,0.0,0.0,0.0,0,0,0,0,0,0,0,0
TF,TJ920,39.116667,117.225000,0, ,0.0,0.0,0.0,0.0,2,3940,0,0,0,0,0,0
TF,TJ919,39.229444,117.152778,0, ,0.0,0.0,0.0,0.0,2,2960,0,1,205,0,0,0

STAR,GUV4YA,16R,5
IF,GUVBA,40.433333,115.530556, ,0.0,0.0,2,19700,0,0,0,0,0,0
TF,TJ980,40.413611,117.014722,0, ,0.0,0.0,0.0,0.0,1,19700,0,0,0,0,0,0
TF,TJ989,39.639722,117.157222,0, ,0.0,0.0,0.0,0.0,1,16700,0,0,0,0,0,0
TF,TJ988,39.426944,117.195833,0, ,0.0,0.0,0.0,0.0,2,13800,0,0,0,0,0,0
TF,TJ987,39.283333,117.341667,0, ,0.0,0.0,0.0,0.0,0,0,0,0,0,0,0,0
TF,TJ962,39.097222,117.537500,0, ,0.0,0.0,0.0,0.0,0,0,0,0,0,0,0,0
TF,TJ963,39.083333,117.816667,0, ,0.0,0.0,0.0,0.0,0,0,0,1,250,0,0,0
TF,TJ964,38.780556,117.950000,0, ,0.0,0.0,0.0,0.0,0,0,0,0,0,0,0,0
TF,TJ945,38.633333,117.883333,0, ,0.0,0.0,0.0,0.0,0,0,0,0,0,0,0,0
TF,TJ944,38.683333,117.700000,0, ,0.0,0.0,0.0,0.0,0,0,0,0,0,0,0,0
TF,TJ923,38.750000,117.452778,0, ,0.0,0.0,0.0,0.0,0,0,0,0,0,0,0,0
TF,TJ922,38.869444,117.380556,0, ,0.0,0.0,0.0,0.0,0,0,0,0,0,0,0,0
TF,TJ921,38.994444,117.302778,0, ,0.0,0.0,0.0,0.0,0,0,0,0,0,0,0,0
TF,TJ920,39.116667,117.225000,0, ,0.0,0.0,0.0,0.0,2,3940,0,0,0,0,0,0
TF,TJ919,39.229444,117.152778,0, ,0.0,0.0,0.0,0.0,2,2960,0,1,205,0,0,0

STAR,GUV4ZA,16L,5
IF,GUVBA,40.433333,115.530556, ,0.0,0.0,2,19700,0,0,0,0,0,0
TF,TJ980,40.413611,117.014722,0, ,0.0,0.0,0.0,0.0,1,19700,0,0,0,0,0,0
TF,TJ989,39.639722,117.157222,0, ,0.0,0.0,0.0,0.0,1,16700,0,0,0,0,0,0
TF,TJ988,39.426944,117.195833,0, ,0.0,0.0,0.0,0.0,2,13800,0,0,0,0,0,0
TF,TJ987,39.283333,117.341667,0, ,0.0,0.0,0.0,0.0,0,0,0,0,0,0,0,0
TF,TJ986,39.117778,117.141667,0, ,0.0,0.0,0.0,0.0,0,0,0,0,0,0,0,0
TF,TJ925,38.783333,117.183333,0, ,0.0,0.0,0.0,0.0,0,0,0,0,0,0,0,0
TF,TJ924,38.672222,117.255556,0, ,0.0,0.0,0.0,0.0,0,0,0,0,0,0,0,0
TF,TJ923,38.750000,117.452778,0, ,0.0,0.0,0.0,0.0,0,0,0,0,0,0,0,0
TF,TJ922,38.869444,117.380556,0, ,0.0,0.0,0.0,0.0,0,0,0,0,0,0,0,0
TF,TJ921,38.994444,117.302778,0, ,0.0,0.0,0.0,0.0,0,0,0,0,0,0,0,0
TF,TJ920,39.116667,117.225000,0, ,0.0,0.0,0.0,0.0,2,3940,0,0,0,0,0,0
TF,TJ919,39.229444,117.152778,0, ,0.0,0.0,0.0,0.0,2,2960,0,1,205,0,0,0

STAR,GUV4ZA,16R,5
IF,GUVBA,40.433333,115.530556, ,0.0,0.0,2,19700,0,0,0,0,0,0
TF,TJ980,40.413611,117.014722,0, ,0.0,0.0,0.0,0.0,1,19700,0,0,0,0,0,0
TF,TJ989,39.639722,117.157222,0, ,0.0,0.0,0.0,0.0,1,16700,0,0,0,0,0,0
TF,TJ988,39.426944,117.195833,0, ,0.0,0.0,0.0,0.0,2,13800,0,0,0,0,0,0
TF,TJ987,39.283333,117.341667,0, ,0.0,0.0,0.0,0.0,0,0,0,0,0,0,0,0
TF,TJ986,39.117778,117.141667,0, ,0.0,0.0,0.0,0.0,0,0,0,0,0,0,0,0
TF,TJ925,38.783333,117.183333,0, ,0.0,0.0,0.0,0.0,0,0,0,0,0,0,0,0
TF,TJ924,38.672222,117.255556,0, ,0.0,0.0,0.0,0.0,0,0,0,0,0,0,0,0
TF,TJ923,38.750000,117.452778,0, ,0.0,0.0,0.0,0.0,0,0,0,0,0,0,0,0
TF,TJ922,38.869444,117.380556,0, ,0.0,0.0,0.0,0.0,0,0,0,0,0,0,0,0
TF,TJ921,38.994444,117.302778,0, ,0.0,0.0,0.0,0.0,0,0,0,0,0,0,0,0
TF,TJ920,39.116667,117.225000,0, ,0.0,0.0,0.0,0.0,2,3940,0,0,0,0,0,0
TF,TJ919,39.229444,117.152778,0, ,0.0,0.0,0.0,0.0,2,2960,0,1,205,0,0,0

STAR,GUV5YA,34L,5
IF,GUVBA,40.433333,115.530556, ,0.0,0.0,2,19700,0,0,0,0,0,0
TF,TJ869,40.413611,117.014722,0, ,0.0,0.0,0.0,0.0,1,19700,0,0,0,0,0,0
TF,TJ868,39.639722,117.157222,0, ,0.0,0.0,0.0,0.0,1,16700,0,0,0,0,0,0
TF,TJ867,39.426944,117.195833,0, ,0.0,0.0,0.0,0.0,2,13800,0,0,0,0,0,0
TF,TJ866,39.283333,117.341667,0, ,0.0,0.0,0.0,0.0,0,0,0,0,0,0,0,0
TF,TJ865,39.097222,117.537500,0, ,0.0,0.0,0.0,0.0,0,0,0,0,0,0,0,0
TF,TJ864,39.083333,117.816667,0, ,0.0,0.0,0.0,0.0,0,0,0,0,0,0,0,0
TF,TJ863,38.780556,117.950000,0, ,0.0,0.0,0.0,0.0,0,0,0,1,230,0,0,0
TF,TJ862,38.661111,117.858333,0, ,0.0,0.0,0.0,0.0,0,0,0,0,0,0,0,0
TF,TJ841,38.695833,117.775000,0, ,0.0,0.0,0.0,0.0,0,0,0,0,0,0,0,0
TF,TJ820,38.789722,117.554167,0, ,0.0,0.0,0.0,0.0,2,2960,0,1,205,0,0,0

STAR,GUV5ZA,34L,5
IF,GUVBA,40.433333,115.530556, ,0.0,0.0,2,19700,0,0,0,0,0,0
TF,TJ869,40.413611,117.014722,0, ,0.0,0.0,0.0,0.0,1,19700,0,0,0,0,0,0
TF,TJ868,39.639722,117.157222,0, ,0.0,0.0,0.0,0.0,1,16700,0,0,0,0,0,0
TF,TJ867,39.426944,117.195833,0, ,0.0,0.0,0.0,0.0,2,13800,0,0,0,0,0,0
TF,TJ866,39.283333,117.341667,0, ,0.0,0.0,0.0,0.0,0,0,0,0,0,0,0,0
TF,TJ884,39.117778,117.141667,0, ,0.0,0.0,0.0,0.0,0,0,0,0,0,0,0,0
TF,TJ823,38.783333,117.183333,0, ,0.0,0.0,0.0,0.0,0,0,0,0,0,0,0,0
TF,TJ822,38.672222,117.255556,0, ,0.0,0.0,0.0,0.0,0,0,0,0,0,0,0,0
TF,TJ821,38.750000,117.452778,0, ,0.0,0.0,0.0,0.0,0,0,0,0,0,0,0,0
TF,TJ820,38.789722,117.554167,0, ,0.0,0.0,0.0,0.0,2,2960,0,1,205,0,0,0

STAR,GUV6YA,16L,5
IF,GUVBA,40.433333,115.530556, ,0.0,0.0,2,19700,0,0,0,0,0,0
TF,TJ980,40.413611,117.014722,0, ,0.0,0.0,0.0,0.0,1,19700,0,0,0,0,0,0
TF,TJ989,39.639722,117.157222,0, ,0.0,0.0,0.0,0.0,1,16700,0,0,0,0,0,0
TF,TJ988,39.426944,117.195833,0, ,0.0,0.0,0.0,0.0,2,13800,0,0,0,0,0,0
TF,TJ987,39.283333,117.341667,0, ,0.0,0.0,0.0,0.0,0,0,0,0,0,0,0,0
TF,TJ962,39.097222,117.537500,0, ,0.0,0.0,0.0,0.0,0,0,0,0,0,0,0,0
TF,TJ963,39.083333,117.816667,0, ,0.0,0.0,0.0,0.0,0,0,0,1,250,0,0,0
TF,TJ964,38.780556,117.950000,0, ,0.0,0.0,0.0,0.0,0,0,0,0,0,0,0,0
TF,TJ945,38.633333,117.883333,0, ,0.0,0.0,0.0,0.0,0,0,0,0,0,0,0,0
TF,TJ944,38.683333,117.700000,0, ,0.0,0.0,0.0,0.0,0,0,0,0,0,0,0,0
TF,TJ923,38.750000,117.452778,0, ,0.0,0.0,0.0,0.0,0,0,0,0,0,0,0,0
TF,TJ922,38.869444,117.380556,0, ,0.0,0.0,0.0,0.0,0,0,0,0,0,0,0,0
TF,TJ921,38.994444,117.302778,0, ,0.0,0.0,0.0,0.0,0,0,0,0,0,0,0,0
TF,TJ920,39.116667,117.225000,0, ,0.0,0.0,0.0,0.0,2,3940,0,0,0,0,0,0
TF,TJ961,39.204167,117.454167,0, ,0.0,0.0,0.0,0.0,2,2960,0,0,0,0,0,0
TF,TJ960,39.300000,117.391667,0, ,0.0,0.0,0.0,0.0,2,1970,0,1,205,0,0,0

STAR,GUV6YA,16R,5
IF,GUVBA,40.433333,115.530556, ,0.0,0.0,2,19700,0,0,0,0,0,0
TF,TJ980,40.413611,117.014722,0, ,0.0,0.0,0.0,0.0,1,19700,0,0,0,0,0,0
TF,TJ989,39.639722,117.157222,0, ,0.0,0.0,0.0,0.0,1,16700,0,0,0,0,0,0
TF,TJ988,39.426944,117.195833,0, ,0.0,0.0,0.0,0.0,2,13800,0,0,0,0,0,0
TF,TJ987,39.283333,117.341667,0, ,0.0,0.0,0.0,0.0,0,0,0,0,0,0,0,0
TF,TJ962,39.097222,117.537500,0, ,0.0,0.0,0.0,0.0,0,0,0,0,0,0,0,0
TF,TJ963,39.083333,117.816667,0, ,0.0,0.0,0.0,0.0,0,0,0,1,250,0,0,0
TF,TJ964,38.780556,117.950000,0, ,0.0,0.0,0.0,0.0,0,0,0,0,0,0,0,0
TF,TJ945,38.633333,117.883333,0, ,0.0,0.0,0.0,0.0,0,0,0,0,0,0,0,0
TF,TJ944,38.683333,117.700000,0, ,0.0,0.0,0.0,0.0,0,0,0,0,0,0,0,0
TF,TJ923,38.750000,117.452778,0, ,0.0,0.0,0.0,0.0,0,0,0,0,0,0,0,0
TF,TJ922,38.869444,117.380556,0, ,0.0,0.0,0.0,0.0,0,0,0,0,0,0,0,0
TF,TJ921,38.994444,117.302778,0, ,0.0,0.0,0.0,0.0,0,0,0,0,0,0,0,0
TF,TJ920,39.116667,117.225000,0, ,0.0,0.0,0.0,0.0,2,3940,0,0,0,0,0,0
TF,TJ961,39.204167,117.454167,0, ,0.0,0.0,0.0,0.0,2,2960,0,0,0,0,0,0
TF,TJ960,39.300000,117.391667,0, ,0.0,0.0,0.0,0.0,2,1970,0,1,205,0,0,0

STAR,GUV6ZA,16L,5
IF,GUVBA,40.433333,115.530556, ,0.0,0.0,2,19700,0,0,0,0,0,0
TF,TJ980,40.413611,117.014722,0, ,0.0,0.0,0.0,0.0,1,19700,0,0,0,0,0,0
TF,TJ989,39.639722,117.157222,0, ,0.0,0.0,0.0,0.0,1,16700,0,0,0,0,0,0
TF,TJ988,39.426944,117.195833,0, ,0.0,0.0,0.0,0.0,2,13800,0,0,0,0,0,0
TF,TJ987,39.283333,117.341667,0, ,0.0,0.0,0.0,0.0,0,0,0,0,0,0,0,0
TF,TJ986,39.117778,117.141667,0, ,0.0,0.0,0.0,0.0,0,0,0,0,0,0,0,0
TF,TJ925,38.783333,117.183333,0, ,0.0,0.0,0.0,0.0,0,0,0,0,0,0,0,0
TF,TJ924,38.672222,117.255556,0, ,0.0,0.0,0.0,0.0,0,0,0,0,0,0,0,0
TF,TJ923,38.750000,117.452778,0, ,0.0,0.0,0.0,0.0,0,0,0,0,0,0,0,0
TF,TJ922,38.869444,117.380556,0, ,0.0,0.0,0.0,0.0,0,0,0,0,0,0,0,0
TF,TJ921,38.994444,117.302778,0, ,0.0,0.0,0.0,0.0,0,0,0,0,0,0,0,0
TF,TJ920,39.116667,117.225000,0, ,0.0,0.0,0.0,0.0,2,3940,0,0,0,0,0,0
TF,TJ961,39.204167,117.454167,0, ,0.0,0.0,0.0,0.0,2,2960,0,0,0,0,0,0
TF,TJ960,39.300000,117.391667,0, ,0.0,0.0,0.0,0.0,2,1970,0,1,205,0,0,0

STAR,GUV6ZA,16R,5
IF,GUVBA,40.433333,115.530556, ,0.0,0.0,2,19700,0,0,0,0,0,0
TF,TJ980,40.413611,117.014722,0, ,0.0,0.0,0.0,0.0,1,19700,0,0,0,0,0,0
TF,TJ989,39.639722,117.157222,0, ,0.0,0.0,0.0,0.0,1,16700,0,0,0,0,0,0
TF,TJ988,39.426944,117.195833,0, ,0.0,0.0,0.0,0.0,2,13800,0,0,0,0,0,0
TF,TJ987,39.283333,117.341667,0, ,0.0,0.0,0.0,0.0,0,0,0,0,0,0,0,0
TF,TJ986,39.117778,117.141667,0, ,0.0,0.0,0.0,0.0,0,0,0,0,0,0,0,0
TF,TJ925,38.783333,117.183333,0, ,0.0,0.0,0.0,0.0,0,0,0,0,0,0,0,0
TF,TJ924,38.672222,117.255556,0, ,0.0,0.0,0.0,0.0,0,0,0,0,0,0,0,0
TF,TJ923,38.750000,117.452778,0, ,0.0,0.0,0.0,0.0,0,0,0,0,0,0,0,0
TF,TJ922,38.869444,117.380556,0, ,0.0,0.0,0.0,0.0,0,0,0,0,0,0,0,0
TF,TJ921,38.994444,117.302778,0, ,0.0,0.0,0.0,0.0,0,0,0,0,0,0,0,0
TF,TJ920,39.116667,117.225000,0, ,0.0,0.0,0.0,0.0,2,3940,0,0,0,0,0,0
TF,TJ961,39.204167,117.454167,0, ,0.0,0.0,0.0,0.0,2,2960,0,0,0,0,0,0
TF,TJ960,39.300000,117.391667,0, ,0.0,0.0,0.0,0.0,2,1970,0,1,205,0,0,0

STAR,GUV7YA,34R,5
IF,GUVBA,40.433333,115.530556, ,0.0,0.0,2,19700,0,0,0,0,0,0
TF,TJ869,40.413611,117.014722,0, ,0.0,0.0,0.0,0.0,1,19700,0,0,0,0,0,0
TF,TJ868,39.639722,117.157222,0, ,0.0,0.0,0.0,0.0,1,16700,0,0,0,0,0,0
TF,TJ867,39.426944,117.195833,0, ,0.0,0.0,0.0,0.0,2,13800,0,0,0,0,0,0
TF,TJ866,39.283333,117.341667,0, ,0.0,0.0,0.0,0.0,0,0,0,0,0,0,0,0
TF,TJ865,39.097222,117.537500,0, ,0.0,0.0,0.0,0.0,0,0,0,0,0,0,0,0
TF,TJ864,39.083333,117.816667,0, ,0.0,0.0,0.0,0.0,0,0,0,0,0,0,0,0
TF,TJ863,38.780556,117.950000,0, ,0.0,0.0,0.0,0.0,0,0,0,1,230,0,0,0
TF,TJ862,38.661111,117.858333,0, ,0.0,0.0,0.0,0.0,0,0,0,0,0,0,0,0
TF,TJ841,38.695833,117.775000,0, ,0.0,0.0,0.0,0.0,0,0,0,0,0,0,0,0
TF,TJ840,38.775556,117.585833,0, ,0.0,0.0,0.0,0.0,2,2960,0,1,205,0,0,0

STAR,GUV7ZA,34R,5
IF,GUVBA,40.433333,115.530556, ,0.0,0.0,2,19700,0,0,0,0,0,0
TF,TJ869,40.413611,117.014722,0, ,0.0,0.0,0.0,0.0,1,19700,0,0,0,0,0,0
TF,TJ868,39.639722,117.157222,0, ,0.0,0.0,0.0,0.0,1,16700,0,0,0,0,0,0
TF,TJ867,39.426944,117.195833,0, ,0.0,0.0,0.0,0.0,2,13800,0,0,0,0,0,0
TF,TJ866,39.283333,117.341667,0, ,0.0,0.0,0.0,0.0,0,0,0,0,0,0,0,0
TF,TJ884,39.117778,117.141667,0, ,0.0,0.0,0.0,0.0,0,0,0,0,0,0,0,0
TF,TJ823,38.783333,117.183333,0, ,0.0,0.0,0.0,0.0,0,0,0,0,0,0,0,0
TF,TJ822,38.672222,117.255556,0, ,0.0,0.0,0.0,0.0,0,0,0,0,0,0,0,0
TF,TJ821,38.750000,117.452778,0, ,0.0,0.0,0.0,0.0,0,0,0,0,0,0,0,0
TF,TJ830,38.796944,117.572778,0, ,0.0,0.0,0.0,0.0,2,2960,0,1,205,0,0,0

APPTR,D16R,16R,TAJ1
IF,TAJ,39.111319,117.356836, ,0.0,0.0,1,2960,0,1,205,0,1,0
FD,TAJ,39.111319,117.356836,0,TAJ,0.0,3.2,355.0,3.2,3,2300,0,0,0,0,0,0
CF,D355K,39.290800,117.307739,0,TAJ,355.0,11.0,355.0,7.8,2,1970,0,0,0,0,0,1
CF,CD16R,39.273289,117.246000,1,TAJ,339.0,11.0,159.0,1.0,2,1970,0,0,0,0,1,0

APPTR,D16R,16R,TAJ2
IF,TAJ,39.111319,117.356836, ,0.0,0.0,1,2960,0,1,205,0,1,0
FD,TAJ,39.111319,117.356836,0,TAJ,0.0,3.2,347.0,3.2,3,2300,0,0,0,0,0,0
CF,D347K,39.283725,117.276078,0,TAJ,347.0,11.0,347.0,7.8,2,1970,0,0,0,0,0,1
CF,CD16R,39.273289,117.246000,1,TAJ,339.0,11.0,159.0,1.0,2,1970,0,0,0,0,1,0

FINAL,D16R,16R,D,4
IF,CD16R,39.273289,117.246000,TAJ,339.0,11.0,2,1970,0,0,0,0,0,0
CF,FD16R,39.226181,117.278297,0,TAJ,339.0,7.8,159.0,3.2,2,1970,0,0,0,0,2,0
CF,43VOR,39.174647,117.313569,0,TAJ,339.0,4.3,159.0,3.5,2,860,0,0,0,0,0,0
CF,MD16R,39.158447,117.324644,0,TAJ,339.0,3.2,159.0,1.1,1,506,0,0,0,0,3,0
CF,TAJ,39.111319,117.356836,0,TAJ,0.0,0.0,159.0,3.2,0,0,0,0,0,0,0,0
FA,TAJ,39.111319,117.356836,0,TAJ,0.0,0.0,159.0,2,1320,0,1,205,0,0,0
DF,TAJ,39.111319,117.356836,1, ,0.0,0.0,1,1970,0,0,0,0,0,0

APPTR,D34L,34L,TAJ1
IF,TAJ,39.111319,117.356836, ,0.0,0.0,1,2960,0,1,205,0,1,0
FD,TAJ,39.111319,117.356836,0,TAJ,0.0,7.4,146.0,7.4,2,1970,0,0,0,0,0,0
CF,CD34L,38.993253,117.403086,2,TAJ,170.0,7.4,350.0,1.0,2,1970,0,0,0,0,1,0

APPTR,D34L,34L,TAJ2
IF,TAJ,39.111319,117.356836, ,0.0,0.0,1,2960,0,1,205,0,1,0
FD,TAJ,39.111319,117.356836,0,TAJ,0.0,7.4,158.0,7.4,2,1970,0,0,0,0,0,0
CF,CD34L,38.993253,117.403086,2,TAJ,170.0,7.4,350.0,1.0,2,1970,0,0,0,0,1,0

FINAL,D34L,34L,D,4
IF,CD34L,38.993253,117.403086,TAJ,170.0,7.4,2,1970,0,0,0,0,0,0
CF,FD34L,39.047503,117.381856,0,TAJ,170.0,4.0,350.0,3.4,2,1350,0,0,0,0,2,0
CF,25VOR,39.071433,117.372478,0,TAJ,170.0,2.5,350.0,1.5,2,860,0,0,0,0,0,0
CF,MD34L,39.098556,117.361844,0,TAJ,170.0,0.8,350.0,1.7,1,329,0,0,0,0,3,0
CF,TAJ,39.111319,117.356836,0,TAJ,0.0,0.0,350.0,0.8,0,0,0,0,0,0,0,0
FA,TAJ,39.111319,117.356836,0,TAJ,0.0,0.0,350.0,2,1320,0,1,205,0,0,0
DF,TAJ,39.111319,117.356836,2, ,0.0,0.0,1,1970,0,0,0,0,0,0

APPTR,I16L,16L,TJ919
IF,TJ919,39.229444,117.152778, ,0.0,0.0,2,2960,0,1,205,0,1,0
TF,TJ954,39.276944,117.277500,0,ICU,0.0,0.0,0.0,0.0,2,1970,0,0,0,0,1,0

APPTR,I16L,16L,TJ960
IF,TJ960,39.300000,117.391667, ,0.0,0.0,2,1970,0,1,205,0,1,0
TF,TJ954,39.276944,117.277500,0,ICU,0.0,0.0,0.0,0.0,2,1970,0,0,0,0,1,0

FINAL,I16L,16L,I,3
IF,TJ954,39.276944,117.277500,ICU,341.1,10.9,2,1970,0,0,0,0,0,0
CF,FI16L,39.232264,117.306736,0,ICU,341.4,7.9,161.0,3.0,1,1970,0,0,0,0,2,0
CF,RW16L,39.141475,117.362608,0,ICU,341.4,1.9,161.0,6.0,1,56,0,0,0,0,3,0
VA,0,161.0,2,860,0,0,0,0,0,0
DF,TJ962,39.097222,117.537500,1, ,0.0,0.0,1,1970,0,0,0,0,0,0
TF,TJ963,39.083333,117.816667,0, ,0.0,0.0,0.0,0.0,1,3940,0,1,205,0,0,0
HM,TJ963,39.083333,117.816667,2, ,0.0,0.0,101.0,05.4,2,3940,0,1,230,0,0,0,0

APPTR,I16R,16R,TJ919
IF,TJ919,39.229444,117.152778, ,0.0,0.0,2,2960,0,1,205,0,1,0
TF,TJ953,39.268611,117.255833,0,IJS,0.0,0.0,0.0,0.0,2,1970,0,0,0,0,1,0

APPTR,I16R,16R,TJ960
IF,TJ960,39.300000,117.391667, ,0.0,0.0,2,1970,0,1,205,0,1,0
TF,TJ953,39.268611,117.255833,0,IJS,0.0,0.0,0.0,0.0,2,1970,0,0,0,0,1,0

FINAL,I16R,16R,I,3
IF,TJ953,39.268611,117.255833,IJS,341.1,10.7,1,1970,0,0,0,0,0,0
CF,FI16R,39.228000,117.282378,0,IJS,341.4,8.0,161.0,2.7,1,1970,0,0,0,0,2,0
CF,RW16R,39.137375,117.338203,0,IJS,341.4,1.9,161.0,6.0,1,56,0,0,0,0,3,0
VA,0,161.0,2,660,0,0,0,0,0,0
DF,TJ962,39.097222,117.537500,1, ,0.0,0.0,1,1970,0,0,0,0,0,0
TF,TJ963,39.083333,117.816667,0, ,0.0,0.0,0.0,0.0,1,3940,0,1,205,0,0,0
HM,TJ963,39.083333,117.816667,2, ,0.0,0.0,101.0,05.4,2,3940,0,1,230,0,0,0,0

APPTR,I34L,34L,TJ820
IF,TJ820,38.789722,117.554167, ,0.0,0.0,2,2960,0,1,205,0,1,0
TF,TJ817,38.950000,117.455000,0,ICG,0.0,0.0,0.0,0.0,2,1970,0,0,0,0,1,0

FINAL,I34L,34L,I,3
IF,TJ817,38.950000,117.455000,ICG,161.0,12.9,2,1970,0,0,0,0,0,0
CF,FI34L,39.020708,117.409775,0,ICG,161.4,8.1,341.0,4.7,1,1970,0,0,0,0,2,0
CF,RW34L,39.111375,117.354156,0,ICG,161.4,2.1,341.0,6.0,1,60,0,0,0,0,3,0
VA,0,341.0,2,660,0,0,0,0,0,0
DF,TJ832,39.100000,117.493056,2, ,0.0,0.0,1,1970,0,0,0,0,0,0
TF,TJ864,39.083333,117.816667,0, ,0.0,0.0,0.0,0.0,1,3940,0,1,205,0,0,0
HM,TJ864,39.083333,117.816667,2, ,0.0,0.0,101.0,05.4,2,3940,0,1,230,0,0,0,0

APPTR,I34R,34R,TJ830
IF,TJ830,38.796944,117.572778, ,0.0,0.0,2,2960,0,1,205,0,1,0
TF,TJ827,38.952778,117.478056,0,IKD,0.0,0.0,0.0,0.0,2,1970,0,0,0,0,1,0

APPTR,I34R,34R,TJ840
IF,TJ840,38.775556,117.585833, ,0.0,0.0,2,2960,0,1,205,0,1,0
TF,TJ827,38.952778,117.478056,0,IKD,0.0,0.0,0.0,0.0,2,1970,0,0,0,0,1,0

FINAL,I34R,34R,I,3
IF,TJ827,38.952778,117.478056,IKD,161.5,12.7,2,1970,0,0,0,0,0,0
CF,FI34R,39.024719,117.434194,0,IKD,161.4,7.9,341.0,4.8,1,1970,0,0,0,0,2,0
CF,RW34R,39.115458,117.378561,0,IKD,161.4,1.9,341.0,6.0,1,59,0,0,0,0,3,0
VA,0,341.0,2,660,0,0,0,0,0,0
DF,TJ832,39.100000,117.493056,2, ,0.0,0.0,1,1970,0,0,0,0,0,0
TF,TJ864,39.083333,117.816667,0, ,0.0,0.0,0.0,0.0,1,3940,0,1,205,0,0,0
HM,TJ864,39.083333,117.816667,2, ,0.0,0.0,101.0,05.4,2,3940,0,1,230,0,0,0,0

