SID,AGV83D,02L,2
CA,0,16.0,2,450,0,0,0,0,0,0
CD, ,0,0,0,IBB,0,0.0,31.0,8.0,0,0,0,1,230,0,0,0
CD, ,0,0,0,IBB,0,0.0,5.0,12.0,0,0,0,0,0,0,0,0
CF,TAN,23.668333,113.241667,0,TAN,0.0,0.0,303.0,10.0,0,0,0,0,0,0,0,0
TF,CEN41,23.752228,113.039706,0, ,0.0,0.0,0.0,0.0,0,0,0,0,0,0,0,0
TF,SUMIB,23.924444,112.931389,0, ,0.0,0.0,0.0,0.0,0,0,0,0,0,0,0,0
TF,AGVIL,24.153056,112.855278,0, ,0.0,0.0,0.0,0.0,0,0,0,0,0,0,0,0

SID,AGV88D,01,2
CD, ,0,0,0,IOO,0,0.0,16.0,8.0,0,0,0,1,205,0,0,0
CF,TAN,23.668333,113.241667,0,TAN,0.0,0.0,337.0,10.0,0,0,0,0,0,0,0,0
TF,CEN41,23.752228,113.039706,0, ,0.0,0.0,0.0,0.0,0,0,0,0,0,0,0,0
TF,SUMIB,23.924444,112.931389,0, ,0.0,0.0,0.0,0.0,0,0,0,0,0,0,0,0
TF,AGVIL,24.153056,112.855278,0, ,0.0,0.0,0.0,0.0,0,0,0,0,0,0,0,0

SID,AGV89D,02R,2
DF,DE02R,23.402803,113.316697,0, ,0.0,0.0,0,0,0,0,0,0,0,0
CF,YIN40,23.522425,113.388614,0,CON,252.2,11.6,31.0,8.0,0,0,0,1,230,0,0,1
CF,TAN,23.668333,113.241667,0,TAN,0.0,0.0,308.0,12.0,0,0,0,0,0,0,0,0
TF,CEN41,23.752228,113.039706,0, ,0.0,0.0,0.0,0.0,0,0,0,0,0,0,0,0
TF,SUMIB,23.924444,112.931389,0, ,0.0,0.0,0.0,0.0,0,0,0,0,0,0,0,0
TF,AGVIL,24.153056,112.855278,0, ,0.0,0.0,0.0,0.0,0,0,0,0,0,0,0,0

SID,AGV91D,20R,2
DF,DE20R,23.375644,113.305331,0, ,0.0,0.0,0,0,0,0,0,0,0,1
VA,0,196.0,2,500,0,0,0,0,0,0
CF,D181E,23.318294,113.306414,0,CEN,330.6,11.7,181.0,3.0,0,0,0,1,230,0,0,0
VI,0, ,0.0,155.0,0,0,0,0,0,0,0,0
CF,D061E,23.196667,113.500000,0,CEN,61.7,5.3,110.0,10.0,0,0,0,0,0,0,0,0
TF,D156R,23.323333,113.730000,0, ,0.0,0.0,0.0,0.0,0,0,0,0,0,0,0,0
TF,D156M,23.401308,113.687889,0, ,0.0,0.0,0.0,0.0,2,8860,0,0,0,0,0,0
TF,CON,23.588333,113.586667,0, ,0.0,0.0,0.0,0.0,2,10800,0,0,0,0,0,0
TF,SUMIB,23.924444,112.931389,0, ,0.0,0.0,0.0,0.0,0,0,0,0,0,0,0,0
TF,AGVIL,24.153056,112.855278,0, ,0.0,0.0,0.0,0.0,0,0,0,0,0,0,0,0

SID,AGV94D,20L,2
DF,DE20L,23.369511,113.307703,0, ,0.0,0.0,0,0,0,0,0,0,0,1
CF,D181G,23.284572,113.309306,0,CEN,325.3,9.9,181.0,5.0,0,0,0,1,230,0,0,1
VI,0, ,0.0,155.0,0,0,0,0,0,0,0,0
CF,D061E,23.196667,113.500000,0,CEN,61.7,5.3,110.0,11.0,0,0,0,0,0,0,0,0
TF,D156R,23.323333,113.730000,0, ,0.0,0.0,0.0,0.0,0,0,0,0,0,0,0,0
TF,D156M,23.401308,113.687889,0, ,0.0,0.0,0.0,0.0,2,8860,0,0,0,0,0,0
TF,CON,23.588333,113.586667,0, ,0.0,0.0,0.0,0.0,2,10800,0,0,0,0,0,0
TF,SUMIB,23.924444,112.931389,0, ,0.0,0.0,0.0,0.0,0,0,0,0,0,0,0,0
TF,AGVIL,24.153056,112.855278,0, ,0.0,0.0,0.0,0.0,0,0,0,0,0,0,0,0

SID,AGV97D,19,2
DF,DER19,23.376944,113.283506,0, ,0.0,0.0,0,0,0,0,0,0,0,1
CA,0,196.0,2,450,0,0,0,0,0,0
DF,D193Q,23.398333,113.188333,2, ,0.0,0.0,4,1970,1650,1,205,0,0,0
TF,TAN,23.668333,113.241667,0, ,0.0,0.0,0.0,0.0,2,4930,0,0,0,0,0,0
TF,SUMIB,23.924444,112.931389,0, ,0.0,0.0,0.0,0.0,0,0,0,0,0,0,0,0
TF,AGVIL,24.153056,112.855278,0, ,0.0,0.0,0.0,0.0,0,0,0,0,0,0,0,0

SID,AGVI3A,01,5
DF,DER01,23.408483,113.292019,0, ,0.0,0.0,0,0,0,0,0,0,0,1
CF,GG461,23.574722,113.288639,0,CON,269.2,16.5,1.0,10.0,0,0,0,1,230,0,0,0
TF,GG462,23.646056,113.196000,0, ,0.0,0.0,0.0,0.0,0,0,0,0,0,0,0,0
TF,GG472,23.736694,113.078000,0, ,0.0,0.0,0.0,0.0,0,0,0,0,0,0,0,0
TF,LIPNO,23.776389,112.980278,0, ,0.0,0.0,0.0,0.0,0,0,0,0,0,0,0,0
TF,SUMIB,23.924444,112.931389,0, ,0.0,0.0,0.0,0.0,0,0,0,0,0,0,0,0
TF,AGVIL,24.153056,112.855278,0, ,0.0,0.0,0.0,0.0,0,0,0,0,0,0,0,0

SID,AGVI3B,19,5
DF,DER19,23.376944,113.283506,0, ,0.0,0.0,0,0,0,0,0,0,0,1
CA,0,196.0,2,450,0,0,0,0,0,0
CF,GG575,23.419806,113.079722,2,POU,347.7,24.6,313.0,10.0,0,0,0,1,205,0,0,0
TF,GG570,23.701528,113.078194,0, ,0.0,0.0,0.0,0.0,0,0,0,0,0,0,0,0
TF,AGVIL,24.153056,112.855278,0, ,0.0,0.0,0.0,0.0,0,0,0,0,0,0,0,0

SID,AGVI3C,02L,5
DF,DE02L,23.408936,113.314322,0, ,0.0,0.0,0,0,0,0,0,0,0,1
CF,GG477,23.501083,113.343028,0,POU,18.4,29.9,18.0,6.0,0,0,0,1,205,0,0,0
TF,GG475,23.578556,113.363833,0, ,0.0,0.0,0.0,0.0,0,0,0,0,0,0,0,0
TF,GG478,23.850000,113.436917,0, ,0.0,0.0,0.0,0.0,0,0,0,0,0,0,0,0
TF,SUMIB,23.924444,112.931389,1, ,0.0,0.0,0.0,0.0,0,0,0,0,0,0,0,0
TF,AGVIL,24.153056,112.855278,0, ,0.0,0.0,0.0,0.0,0,0,0,0,0,0,0,0

SID,AGVI3D,20R,5
DF,DE20R,23.375644,113.305331,0, ,0.0,0.0,0,0,0,0,0,0,0,1
VA,0,196.0,2,500,0,0,0,0,0,0
CF,GG576,23.293333,113.309167,0,POU,24.1,17.5,181.0,4.0,0,0,0,1,230,0,0,0
TF,GG564,23.263056,113.440556,0, ,0.0,0.0,0.0,0.0,0,0,0,0,0,0,0,0
TF,GG565,23.301611,113.528944,0, ,0.0,0.0,0.0,0.0,0,0,0,0,0,0,0,0
TF,GG567,23.363722,113.541556,0, ,0.0,0.0,0.0,0.0,0,0,0,0,0,0,0,0
TF,GG568,23.425861,113.554167,0, ,0.0,0.0,0.0,0.0,0,0,0,0,0,0,0,0
TF,GG569,23.479111,113.564972,0, ,0.0,0.0,0.0,0.0,0,0,0,0,0,0,0,0
TF,GG570,23.701528,113.078194,0, ,0.0,0.0,0.0,0.0,0,0,0,0,0,0,0,0
TF,AGVIL,24.153056,112.855278,0, ,0.0,0.0,0.0,0.0,0,0,0,0,0,0,0,0

SID,AGVI3E,02R,5
DF,DE02R,23.402803,113.316697,0, ,0.0,0.0,0,0,0,0,0,0,0,1
CF,GG477,23.501083,113.343028,0,POU,18.4,29.9,16.0,6.0,0,0,0,1,205,0,0,0
TF,GG475,23.578556,113.363833,0, ,0.0,0.0,0.0,0.0,0,0,0,0,0,0,0,0
TF,GG478,23.850000,113.436917,0, ,0.0,0.0,0.0,0.0,0,0,0,0,0,0,0,0
TF,SUMIB,23.924444,112.931389,1, ,0.0,0.0,0.0,0.0,0,0,0,0,0,0,0,0
TF,AGVIL,24.153056,112.855278,0, ,0.0,0.0,0.0,0.0,0,0,0,0,0,0,0,0

SID,AGVI3F,20L,5
DF,DE20L,23.369511,113.307703,0, ,0.0,0.0,0,0,0,0,0,0,0,1
CF,GG576,23.293333,113.309167,0,POU,24.1,17.5,181.0,5.0,0,0,0,1,230,0,0,0
TF,GG564,23.263056,113.440556,0, ,0.0,0.0,0.0,0.0,0,0,0,0,0,0,0,0
TF,GG565,23.301611,113.528944,0, ,0.0,0.0,0.0,0.0,0,0,0,0,0,0,0,0
TF,GG567,23.363722,113.541556,0, ,0.0,0.0,0.0,0.0,0,0,0,0,0,0,0,0
TF,GG568,23.425861,113.554167,0, ,0.0,0.0,0.0,0.0,0,0,0,0,0,0,0,0
TF,GG569,23.479111,113.564972,0, ,0.0,0.0,0.0,0.0,0,0,0,0,0,0,0,0
TF,GG570,23.701528,113.078194,0, ,0.0,0.0,0.0,0.0,0,0,0,0,0,0,0,0
TF,AGVIL,24.153056,112.855278,0, ,0.0,0.0,0.0,0.0,0,0,0,0,0,0,0,0

SID,AGVI3P,19,5
DF,DER19,23.376944,113.283506,0, ,0.0,0.0,0,0,0,0,0,0,0,1
CF,GG561,23.275833,113.223333,0,POU,8.9,15.3,211.0,7.0,0,0,0,1,230,0,0,0
TF,GG572,23.119528,113.185361,0, ,0.0,0.0,0.0,0.0,2,5910,0,0,0,0,0,0
TF,POU,23.021667,113.190000,0, ,0.0,0.0,0.0,0.0,2,5910,0,0,0,0,0,1
CF,GG574,23.156972,113.081167,2,POU,325.4,10.1,2.0,9.0,0,0,0,1,230,0,0,0
TF,GG583,23.311361,113.080333,0, ,0.0,0.0,0.0,0.0,0,0,0,0,0,0,0,0
TF,GG575,23.419806,113.079722,0, ,0.0,0.0,0.0,0.0,0,0,0,0,0,0,0,0
TF,GG570,23.701528,113.078194,0, ,0.0,0.0,0.0,0.0,0,0,0,0,0,0,0,0
TF,AGVIL,24.153056,112.855278,0, ,0.0,0.0,0.0,0.0,0,0,0,0,0,0,0,0

SID,LMN3A,01,5
DF,DER01,23.408483,113.292019,0, ,0.0,0.0,0,0,0,0,0,0,0,1
CF,GG461,23.574722,113.288639,0,CON,269.2,16.5,1.0,10.0,0,0,0,1,230,0,0,0
TF,GG473,23.666361,113.286778,0, ,0.0,0.0,0.0,0.0,0,0,0,0,0,0,0,0
TF,GG465,23.679139,113.539528,0, ,0.0,0.0,0.0,0.0,0,0,0,0,0,0,0,0
TF,GG466,23.714417,113.984778,0, ,0.0,0.0,0.0,0.0,0,0,0,0,0,0,0,0
TF,LMN,23.648333,114.326667,0, ,0.0,0.0,0.0,0.0,0,0,0,0,0,0,0,0

SID,LMN3B,19,5
DF,DER19,23.376944,113.283506,0, ,0.0,0.0,0,0,0,0,0,0,0,1
CF,GG561,23.275833,113.223333,0,TAN,184.5,23.5,211.0,7.0,0,0,0,1,230,0,0,0
TF,GG572,23.119528,113.185361,0, ,0.0,0.0,0.0,0.0,2,5910,0,0,0,0,0,0
TF,GG573,23.089361,113.289861,0, ,0.0,0.0,0.0,0.0,0,0,0,0,0,0,0,0
TF,GG582,23.135500,113.395833,0, ,0.0,0.0,0.0,0.0,0,0,0,0,0,0,0,0
TF,GG562,23.189639,113.520528,0, ,0.0,0.0,0.0,0.0,0,0,0,0,0,0,0,0
TF,GG563,23.367278,113.931972,0, ,0.0,0.0,0.0,0.0,0,0,0,0,0,0,0,0
TF,LMN,23.648333,114.326667,0, ,0.0,0.0,0.0,0.0,0,0,0,0,0,0,0,0

SID,LMN3C,02L,5
DF,DE02L,23.408936,113.314322,0, ,0.0,0.0,0,0,0,0,0,0,0,1
CF,GG477,23.501083,113.343028,0,POU,18.4,29.9,18.0,6.0,0,0,0,1,205,0,0,0
TF,GG480,23.539944,113.449972,0, ,0.0,0.0,0.0,0.0,0,0,0,0,0,0,0,0
TF,GG467,23.559167,113.603889,0, ,0.0,0.0,0.0,0.0,0,0,0,0,0,0,0,0
TF,LMN,23.648333,114.326667,0, ,0.0,0.0,0.0,0.0,0,0,0,0,0,0,0,0

SID,LMN3D,20R,5
DF,DE20R,23.375644,113.305331,0, ,0.0,0.0,0,0,0,0,0,0,0,1
VA,0,196.0,2,500,0,0,0,0,0,0
CF,GG576,23.293333,113.309167,0,POU,24.1,17.5,181.0,4.0,0,0,0,1,230,0,0,0
TF,GG564,23.263056,113.440556,0, ,0.0,0.0,0.0,0.0,0,0,0,0,0,0,0,0
TF,GG565,23.301611,113.528944,0, ,0.0,0.0,0.0,0.0,0,0,0,0,0,0,0,0
TF,GG566,23.446417,113.861972,0, ,0.0,0.0,0.0,0.0,0,0,0,0,0,0,0,0
TF,LMN,23.648333,114.326667,0, ,0.0,0.0,0.0,0.0,0,0,0,0,0,0,0,0

SID,LMN3E,02R,5
DF,DE02R,23.402803,113.316697,0, ,0.0,0.0,0,0,0,0,0,0,0,1
CF,GG477,23.501083,113.343028,0,POU,18.4,29.9,16.0,6.0,0,0,0,1,205,0,0,0
TF,GG480,23.539944,113.449972,0, ,0.0,0.0,0.0,0.0,0,0,0,0,0,0,0,0
TF,GG467,23.559167,113.603889,0, ,0.0,0.0,0.0,0.0,0,0,0,0,0,0,0,0
TF,LMN,23.648333,114.326667,0, ,0.0,0.0,0.0,0.0,0,0,0,0,0,0,0,0

SID,LMN3F,20L,5
DF,DE20L,23.369511,113.307703,0, ,0.0,0.0,0,0,0,0,0,0,0,1
CF,GG576,23.293333,113.309167,0,POU,24.1,17.5,181.0,5.0,0,0,0,1,230,0,0,0
TF,GG564,23.263056,113.440556,0, ,0.0,0.0,0.0,0.0,0,0,0,0,0,0,0,0
TF,GG565,23.301611,113.528944,0, ,0.0,0.0,0.0,0.0,0,0,0,0,0,0,0,0
TF,GG566,23.446417,113.861972,0, ,0.0,0.0,0.0,0.0,0,0,0,0,0,0,0,0
TF,LMN,23.648333,114.326667,0, ,0.0,0.0,0.0,0.0,0,0,0,0,0,0,0,0

SID,LMN81D,02L,2
DF,DE02L,23.408936,113.314322,0, ,0.0,0.0,0,0,0,0,0,0,0,0
CF,D028L,23.557928,113.403925,0,CON,261.1,10.3,31.0,10.0,0,0,0,0,0,0,0,1
CF,CON,23.588333,113.586667,0,CON,0.0,0.0,88.0,10.0,2,6890,0,0,0,0,0,0
TF,D097T,23.561667,113.950000,0, ,0.0,0.0,0.0,0.0,2,12800,0,0,0,0,0,0
TF,LMN,23.648333,114.326667,0, ,0.0,0.0,0.0,0.0,0,0,0,0,0,0,0,0

SID,LMN84D,02R,2
DF,DE02R,23.402803,113.316697,0, ,0.0,0.0,0,0,0,0,0,0,0,0
CF,YIN40,23.522425,113.388614,0,CON,252.2,11.6,31.0,8.0,0,0,0,1,230,0,0,1
CF,CON,23.588333,113.586667,0,CON,0.0,0.0,76.0,10.0,2,6890,0,0,0,0,0,0
TF,D097T,23.561667,113.950000,0, ,0.0,0.0,0.0,0.0,2,12800,0,0,0,0,0,0
TF,LMN,23.648333,114.326667,0, ,0.0,0.0,0.0,0.0,0,0,0,0,0,0,0,0

SID,LMN86D,01,2
CF,D016L,23.574464,113.336917,0,CON,268.6,13.8,16.0,11.0,0,0,0,1,230,0,0,1
CF,CON,23.588333,113.586667,0,CON,0.0,0.0,97.0,13.0,2,6890,0,0,0,0,0,0
TF,D097T,23.561667,113.950000,0, ,0.0,0.0,0.0,0.0,2,12800,0,0,0,0,0,0
TF,LMN,23.648333,114.326667,0, ,0.0,0.0,0.0,0.0,0,0,0,0,0,0,0,0

SID,LMN91D,20R,2
DF,DE20R,23.375644,113.305331,0, ,0.0,0.0,0,0,0,0,0,0,0,1
VA,0,196.0,2,500,0,0,0,0,0,0
CF,D181E,23.318294,113.306414,0,CEN,330.6,11.7,181.0,3.0,0,0,0,1,230,0,0,0
VI,0, ,0.0,155.0,0,0,0,0,0,0,0,0
CF,D061E,23.196667,113.500000,0,CEN,61.7,5.3,110.0,10.0,0,0,0,0,0,0,0,0
TF,D156R,23.323333,113.730000,0, ,0.0,0.0,0.0,0.0,0,0,0,0,0,0,0,0
TF,D061Y,23.365117,113.805725,0, ,0.0,0.0,0.0,0.0,2,10800,0,0,0,0,0,0
TF,LMN,23.648333,114.326667,0, ,0.0,0.0,0.0,0.0,0,0,0,0,0,0,0,0

SID,LMN94D,20L,2
DF,DE20L,23.369511,113.307703,0, ,0.0,0.0,0,0,0,0,0,0,0,1
CF,D181G,23.284572,113.309306,0,CEN,325.3,9.9,181.0,5.0,0,0,0,1,230,0,0,1
VI,0, ,0.0,155.0,0,0,0,0,0,0,0,0
CF,D061E,23.196667,113.500000,0,CEN,61.7,5.3,110.0,11.0,0,0,0,0,0,0,0,0
TF,D156R,23.323333,113.730000,0, ,0.0,0.0,0.0,0.0,0,0,0,0,0,0,0,0
TF,D061Y,23.365117,113.805725,0, ,0.0,0.0,0.0,0.0,2,10800,0,0,0,0,0,0
TF,LMN,23.648333,114.326667,0, ,0.0,0.0,0.0,0.0,0,0,0,0,0,0,0,0

SID,LMN96D,19,2
CF,D196E,23.324533,113.269356,0,CEN,323.8,13.2,196.0,3.0,0,0,0,1,230,0,0,0
VI,0, ,0.0,155.0,0,0,0,0,0,0,0,0
CF,D061E,23.196667,113.500000,0,CEN,61.7,5.3,110.0,13.0,0,0,0,0,0,0,0,0
TF,D061Y,23.365117,113.805725,0, ,0.0,0.0,0.0,0.0,2,10800,0,0,0,0,0,0
TF,LMN,23.648333,114.326667,0, ,0.0,0.0,0.0,0.0,0,0,0,0,0,0,0,0

SID,MIK81D,02L,2
CA,0,16.0,2,450,0,0,0,0,0,0
CD, ,0,0,0,IBB,0,0.0,31.0,8.0,0,0,0,1,230,0,0,0
CD, ,0,0,0,IBB,0,0.0,5.0,12.0,0,0,0,0,0,0,0,0
CF,D185Y,23.780886,113.391700,0,YIN,185.0,24.5,5.0,12.0,2,5910,0,0,0,0,0,0
TF,D185N,23.956222,113.401667,0, ,0.0,0.0,0.0,0.0,2,10800,0,0,0,0,0,0
TF,YIN,24.190000,113.415000,0, ,0.0,0.0,0.0,0.0,0,0,0,0,0,0,0,0
TF,MIKIP,24.348889,113.420278,0, ,0.0,0.0,0.0,0.0,0,0,0,0,0,0,0,0

SID,MIK84D,02R,2
DF,DE02R,23.402803,113.316697,0, ,0.0,0.0,0,0,0,0,0,0,0,0
CF,YIN40,23.522425,113.388614,0,CON,252.2,11.6,31.0,8.0,0,0,0,1,230,0,0,1
CF,D184Y,23.780575,113.399461,0,YIN,184.1,24.5,4.0,15.0,2,5910,0,0,0,0,0,0
TF,D184N,23.956044,113.406108,0, ,0.0,0.0,0.0,0.0,2,10800,0,0,0,0,0,0
TF,YIN,24.190000,113.415000,0, ,0.0,0.0,0.0,0.0,0,0,0,0,0,0,0,0
TF,MIKIP,24.348889,113.420278,0, ,0.0,0.0,0.0,0.0,0,0,0,0,0,0,0,0

SID,MIK86D,01,2
CF,D016L,23.574464,113.336917,0,CON,268.6,13.8,16.0,11.0,0,0,0,1,230,0,0,0
TF,D189Y,23.783369,113.360744,0, ,0.0,0.0,0.0,0.0,2,5910,0,0,0,0,0,0
TF,D189N,23.957644,113.383956,0, ,0.0,0.0,0.0,0.0,2,10800,0,0,0,0,0,0
TF,YIN,24.190000,113.415000,0, ,0.0,0.0,0.0,0.0,0,0,0,0,0,0,0,0
TF,MIKIP,24.348889,113.420278,0, ,0.0,0.0,0.0,0.0,0,0,0,0,0,0,0,0

SID,MIK91D,20R,2
DF,DE20R,23.375644,113.305331,0, ,0.0,0.0,0,0,0,0,0,0,0,1
VA,0,196.0,2,500,0,0,0,0,0,0
CF,D181E,23.318294,113.306414,0,CEN,330.6,11.7,181.0,3.0,0,0,0,1,230,0,0,0
VI,0, ,0.0,155.0,0,0,0,0,0,0,0,0
CF,D061E,23.196667,113.500000,0,CEN,61.7,5.3,110.0,10.0,0,0,0,0,0,0,0,0
TF,D156R,23.323333,113.730000,0, ,0.0,0.0,0.0,0.0,0,0,0,0,0,0,0,0
TF,D156M,23.401308,113.687889,0, ,0.0,0.0,0.0,0.0,2,8860,0,0,0,0,0,0
TF,CON,23.588333,113.586667,0, ,0.0,0.0,0.0,0.0,2,10800,0,0,0,0,0,0
TF,D331T,23.875000,113.398333,0, ,0.0,0.0,0.0,0.0,0,0,0,0,0,0,0,0
TF,YIN,24.190000,113.415000,0, ,0.0,0.0,0.0,0.0,0,0,0,0,0,0,0,0
TF,MIKIP,24.348889,113.420278,0, ,0.0,0.0,0.0,0.0,0,0,0,0,0,0,0,0

SID,MIK94D,20L,2
DF,DE20L,23.369511,113.307703,0, ,0.0,0.0,0,0,0,0,0,0,0,1
CF,D181G,23.284572,113.309306,0,CEN,325.3,9.9,181.0,5.0,0,0,0,1,230,0,0,1
VI,0, ,0.0,155.0,0,0,0,0,0,0,0,0
CF,D061E,23.196667,113.500000,0,CEN,61.7,5.3,110.0,11.0,0,0,0,0,0,0,0,0
TF,D156R,23.323333,113.730000,0, ,0.0,0.0,0.0,0.0,0,0,0,0,0,0,0,0
TF,D156M,23.401308,113.687889,0, ,0.0,0.0,0.0,0.0,2,8860,0,0,0,0,0,0
TF,CON,23.588333,113.586667,0, ,0.0,0.0,0.0,0.0,2,10800,0,0,0,0,0,0
TF,D331T,23.875000,113.398333,0, ,0.0,0.0,0.0,0.0,0,0,0,0,0,0,0,0
TF,YIN,24.190000,113.415000,0, ,0.0,0.0,0.0,0.0,0,0,0,0,0,0,0,0
TF,MIKIP,24.348889,113.420278,0, ,0.0,0.0,0.0,0.0,0,0,0,0,0,0,0,0

SID,MIK97D,19,2
DF,DER19,23.376944,113.283506,0, ,0.0,0.0,0,0,0,0,0,0,0,1
CA,0,196.0,2,450,0,0,0,0,0,0
DF,D193Q,23.398333,113.188333,2, ,0.0,0.0,4,1970,1650,1,205,0,0,0
TF,TAN,23.668333,113.241667,0, ,0.0,0.0,0.0,0.0,2,4930,0,0,0,0,0,0
TF,YIN,24.190000,113.415000,0, ,0.0,0.0,0.0,0.0,0,0,0,0,0,0,0,0
TF,MIKIP,24.348889,113.420278,0, ,0.0,0.0,0.0,0.0,0,0,0,0,0,0,0,0

SID,MIK98D,19,2
DF,DER19,23.376944,113.283506,0, ,0.0,0.0,0,0,0,0,0,0,0,1
CF,D211F,23.279833,113.225022,0,CON,229.3,27.2,211.0,6.0,0,0,0,1,230,0,0,1
CF,D298W,23.315000,113.053333,0,CEN,298.0,22.3,298.0,8.0,0,0,0,0,0,0,0,0
TF,D339Y,23.397533,113.013583,0, ,0.0,0.0,0.0,0.0,2,6890,0,0,0,0,0,0
TF,POU37,23.578333,112.928333,0, ,0.0,0.0,0.0,0.0,2,8860,0,0,0,0,0,0
TF,YIN,24.190000,113.415000,0, ,0.0,0.0,0.0,0.0,0,0,0,0,0,0,0,0
TF,MIKIP,24.348889,113.420278,0, ,0.0,0.0,0.0,0.0,0,0,0,0,0,0,0,0

SID,MIKI3A,01,5
DF,DER01,23.408483,113.292019,0, ,0.0,0.0,0,0,0,0,0,0,0,1
CF,GG461,23.574722,113.288639,0,CON,269.2,16.5,1.0,10.0,0,0,0,1,230,0,0,0
TF,GG473,23.666361,113.286778,0, ,0.0,0.0,0.0,0.0,0,0,0,0,0,0,0,0
TF,GG474,24.044722,113.357111,0, ,0.0,0.0,0.0,0.0,0,0,0,0,0,0,0,0
TF,MIKIP,24.348889,113.420278,0, ,0.0,0.0,0.0,0.0,0,0,0,0,0,0,0,0

SID,MIKI3B,19,5
DF,DER19,23.376944,113.283506,0, ,0.0,0.0,0,0,0,0,0,0,0,1
CA,0,196.0,2,450,0,0,0,0,0,0
CF,GG575,23.419806,113.079722,2,POU,347.7,24.6,313.0,10.0,0,0,0,1,205,0,0,0
TF,GG570,23.701528,113.078194,0, ,0.0,0.0,0.0,0.0,0,0,0,0,0,0,0,0
TF,MIKIP,24.348889,113.420278,0, ,0.0,0.0,0.0,0.0,0,0,0,0,0,0,0,0

SID,MIKI3C,02L,5
DF,DE02L,23.408936,113.314322,0, ,0.0,0.0,0,0,0,0,0,0,0,1
CF,GG477,23.501083,113.343028,0,POU,18.4,29.9,18.0,6.0,0,0,0,1,205,0,0,0
TF,GG475,23.578556,113.363833,0, ,0.0,0.0,0.0,0.0,0,0,0,0,0,0,0,0
TF,GG478,23.850000,113.436917,0, ,0.0,0.0,0.0,0.0,0,0,0,0,0,0,0,0
TF,GG479,23.974944,113.470639,0, ,0.0,0.0,0.0,0.0,0,0,0,0,0,0,0,0
TF,MIKIP,24.348889,113.420278,0, ,0.0,0.0,0.0,0.0,0,0,0,0,0,0,0,0

SID,MIKI3D,20R,5
DF,DE20R,23.375644,113.305331,0, ,0.0,0.0,0,0,0,0,0,0,0,1
VA,0,196.0,2,500,0,0,0,0,0,0
CF,GG576,23.293333,113.309167,0,POU,24.1,17.5,181.0,4.0,0,0,0,1,230,0,0,0
TF,GG564,23.263056,113.440556,0, ,0.0,0.0,0.0,0.0,0,0,0,0,0,0,0,0
TF,GG565,23.301611,113.528944,0, ,0.0,0.0,0.0,0.0,0,0,0,0,0,0,0,0
TF,GG567,23.363722,113.541556,0, ,0.0,0.0,0.0,0.0,0,0,0,0,0,0,0,0
TF,GG568,23.425861,113.554167,0, ,0.0,0.0,0.0,0.0,0,0,0,0,0,0,0,0
TF,GG569,23.479111,113.564972,0, ,0.0,0.0,0.0,0.0,0,0,0,0,0,0,0,0
TF,GG571,23.731694,113.358889,0, ,0.0,0.0,0.0,0.0,0,0,0,0,0,0,0,0
TF,YIN,24.190000,113.415000,0, ,0.0,0.0,0.0,0.0,0,0,0,0,0,0,0,0
TF,MIKIP,24.348889,113.420278,0, ,0.0,0.0,0.0,0.0,0,0,0,0,0,0,0,0

SID,MIKI3E,02R,5
DF,DE02R,23.402803,113.316697,0, ,0.0,0.0,0,0,0,0,0,0,0,1
CF,GG477,23.501083,113.343028,0,POU,18.4,29.9,16.0,6.0,0,0,0,1,205,0,0,0
TF,GG475,23.578556,113.363833,0, ,0.0,0.0,0.0,0.0,0,0,0,0,0,0,0,0
TF,GG478,23.850000,113.436917,0, ,0.0,0.0,0.0,0.0,0,0,0,0,0,0,0,0
TF,GG479,23.974944,113.470639,0, ,0.0,0.0,0.0,0.0,0,0,0,0,0,0,0,0
TF,MIKIP,24.348889,113.420278,0, ,0.0,0.0,0.0,0.0,0,0,0,0,0,0,0,0

SID,MIKI3F,20L,5
DF,DE20L,23.369511,113.307703,0, ,0.0,0.0,0,0,0,0,0,0,0,1
CF,GG576,23.293333,113.309167,0,POU,24.1,17.5,181.0,5.0,0,0,0,1,230,0,0,0
TF,GG564,23.263056,113.440556,0, ,0.0,0.0,0.0,0.0,0,0,0,0,0,0,0,0
TF,GG565,23.301611,113.528944,0, ,0.0,0.0,0.0,0.0,0,0,0,0,0,0,0,0
TF,GG567,23.363722,113.541556,0, ,0.0,0.0,0.0,0.0,0,0,0,0,0,0,0,0
TF,GG568,23.425861,113.554167,0, ,0.0,0.0,0.0,0.0,0,0,0,0,0,0,0,0
TF,GG569,23.479111,113.564972,0, ,0.0,0.0,0.0,0.0,0,0,0,0,0,0,0,0
TF,GG571,23.731694,113.358889,0, ,0.0,0.0,0.0,0.0,0,0,0,0,0,0,0,0
TF,YIN,24.190000,113.415000,0, ,0.0,0.0,0.0,0.0,0,0,0,0,0,0,0,0
TF,MIKIP,24.348889,113.420278,0, ,0.0,0.0,0.0,0.0,0,0,0,0,0,0,0,0

SID,MIKI3P,19,5
DF,DER19,23.376944,113.283506,0, ,0.0,0.0,0,0,0,0,0,0,0,1
CF,GG561,23.275833,113.223333,0,POU,8.9,15.3,211.0,7.0,0,0,0,1,230,0,0,0
TF,GG572,23.119528,113.185361,0, ,0.0,0.0,0.0,0.0,2,5910,0,0,0,0,0,0
TF,POU,23.021667,113.190000,0, ,0.0,0.0,0.0,0.0,2,5910,0,0,0,0,0,1
CF,GG574,23.156972,113.081167,2,POU,325.4,10.1,2.0,9.0,0,0,0,1,230,0,0,0
TF,GG583,23.311361,113.080333,0, ,0.0,0.0,0.0,0.0,0,0,0,0,0,0,0,0
TF,GG575,23.419806,113.079722,0, ,0.0,0.0,0.0,0.0,0,0,0,0,0,0,0,0
TF,GG570,23.701528,113.078194,0, ,0.0,0.0,0.0,0.0,0,0,0,0,0,0,0,0
TF,MIKIP,24.348889,113.420278,0, ,0.0,0.0,0.0,0.0,0,0,0,0,0,0,0,0

SID,SAR81D,02L,2
CA,0,16.0,2,450,0,0,0,0,0,0
CD, ,0,0,0,IBB,0,0.0,31.0,12.0,0,0,0,0,0,0,0,0
CF,CON,23.588333,113.586667,0,CON,0.0,0.0,88.0,10.0,2,6890,0,0,0,0,0,0
TF,D156L,23.408792,113.683847,0, ,0.0,0.0,0.0,0.0,2,7880,0,0,0,0,0,0
TF,D156R,23.323333,113.730000,0, ,0.0,0.0,0.0,0.0,0,0,0,0,0,0,0,0
TF,D061N,23.266867,113.626722,0, ,0.0,0.0,0.0,0.0,2,10800,0,0,0,0,0,0
TF,CEN,23.151667,113.416667,0, ,0.0,0.0,0.0,0.0,2,10800,0,0,0,0,0,0
TF,POU,23.021667,113.190000,0, ,0.0,0.0,0.0,0.0,0,0,0,0,0,0,0,0
TF,SAREX,22.881667,113.483333,0, ,0.0,0.0,0.0,0.0,0,0,0,0,0,0,0,0

SID,SAR84D,02R,2
CA,0,16.0,2,450,0,0,0,0,0,0
CD, ,0,0,0,IDM,0,0.0,31.0,10.0,0,0,0,1,230,0,0,0
CF,CON,23.588333,113.586667,0,CON,0.0,0.0,76.0,11.0,2,6890,0,0,0,0,0,0
TF,D156L,23.408792,113.683847,0, ,0.0,0.0,0.0,0.0,2,7880,0,0,0,0,0,0
TF,D156R,23.323333,113.730000,0, ,0.0,0.0,0.0,0.0,0,0,0,0,0,0,0,0
TF,D061N,23.266867,113.626722,0, ,0.0,0.0,0.0,0.0,2,10800,0,0,0,0,0,0
TF,CEN,23.151667,113.416667,0, ,0.0,0.0,0.0,0.0,2,10800,0,0,0,0,0,0
TF,POU,23.021667,113.190000,0, ,0.0,0.0,0.0,0.0,0,0,0,0,0,0,0,0
TF,SAREX,22.881667,113.483333,0, ,0.0,0.0,0.0,0.0,0,0,0,0,0,0,0,0

SID,SAR87D,01,2
CD, ,0,0,0,IOO,0,0.0,16.0,8.0,0,0,0,1,205,0,0,0
DF,POU27,23.468333,113.246667,1, ,0.0,0.0,0,0,0,1,205,0,0,0
TF,A,23.388333,113.236667,0, ,0.0,0.0,0.0,0.0,3,3940,0,0,0,0,0,0
TF,D009J,23.187650,113.212044,0, ,0.0,0.0,0.0,0.0,2,7880,0,0,0,0,0,0
TF,POU,23.021667,113.190000,0, ,0.0,0.0,0.0,0.0,0,0,0,0,0,0,0,0
TF,SAREX,22.881667,113.483333,0, ,0.0,0.0,0.0,0.0,0,0,0,0,0,0,0,0

SID,SAR88D,01,2
CD, ,0,0,0,IOO,0,0.0,16.0,8.0,0,0,0,1,205,0,0,0
CF,TAN,23.668333,113.241667,0,TAN,0.0,0.0,337.0,11.0,0,0,0,0,0,0,0,0
TF,D255I,23.623619,113.085672,0, ,0.0,0.0,0.0,0.0,2,6890,0,0,0,0,0,0
TF,POU37,23.578333,112.928333,0, ,0.0,0.0,0.0,0.0,0,0,0,0,0,0,0,0
TF,POU30,23.481881,112.973842,0, ,0.0,0.0,0.0,0.0,2,8860,0,0,0,0,0,0
TF,POU,23.021667,113.190000,0, ,0.0,0.0,0.0,0.0,0,0,0,0,0,0,0,0
TF,SAREX,22.881667,113.483333,0, ,0.0,0.0,0.0,0.0,0,0,0,0,0,0,0,0

SID,SAR91D,20R,2
DF,DE20R,23.375644,113.305331,0, ,0.0,0.0,2,500,0,0,0,0,0,1
CD, ,0,0,0,IAA,0,0.0,196.0,11.0,0,0,0,0,0,0,0,0
CF,POU,23.021667,113.190000,0,POU,0.0,0.0,200.0,13.0,2,5910,0,0,0,0,0,0
TF,SAREX,22.881667,113.483333,0, ,0.0,0.0,0.0,0.0,0,0,0,0,0,0,0,0

SID,SAR94D,20L,2
CD, ,0,0,0,IXL,0,0.0,196.0,7.7,0,0,0,1,230,0,0,0
CF,POU,23.021667,113.190000,0,POU,0.0,0.0,200.0,16.0,2,5910,0,0,0,0,0,0
TF,SAREX,22.881667,113.483333,0, ,0.0,0.0,0.0,0.0,0,0,0,0,0,0,0,0

SID,SAR96D,19,2
CD, ,0,0,0,IPP,0,0.0,196.0,11.0,0,0,0,1,230,0,0,0
CF,POU,23.021667,113.190000,0,POU,0.0,0.0,195.0,13.0,2,5910,0,0,0,0,0,0
TF,SAREX,22.881667,113.483333,0, ,0.0,0.0,0.0,0.0,0,0,0,0,0,0,0,0

SID,SARE3A,01,5
DF,DER01,23.408483,113.292019,0, ,0.0,0.0,0,0,0,0,0,0,0,1
CF,GG461,23.574722,113.288639,0,CON,269.2,16.5,1.0,10.0,0,0,0,1,230,0,0,0
TF,GG462,23.646056,113.196000,0, ,0.0,0.0,0.0,0.0,0,0,0,0,0,0,0,0
TF,GG463,23.570972,113.078889,0, ,0.0,0.0,0.0,0.0,0,0,0,0,0,0,0,0
TF,GG464,23.475778,113.079417,0, ,0.0,0.0,0.0,0.0,0,0,0,0,0,0,0,0
TF,GG469,23.261944,113.080611,0, ,0.0,0.0,0.0,0.0,0,0,0,0,0,0,0,0
TF,POU,23.021667,113.190000,0, ,0.0,0.0,0.0,0.0,0,0,0,0,0,0,0,0
TF,SAREX,22.881667,113.483333,0, ,0.0,0.0,0.0,0.0,0,0,0,0,0,0,0,0

SID,SARE3B,19,5
DF,DER19,23.376944,113.283506,0, ,0.0,0.0,0,0,0,0,0,0,0,1
CF,GG561,23.275833,113.223333,0,POU,8.9,15.3,211.0,7.0,0,0,0,1,230,0,0,0
TF,GG572,23.119528,113.185361,0, ,0.0,0.0,0.0,0.0,2,5910,0,0,0,0,0,0
TF,POU,23.021667,113.190000,0, ,0.0,0.0,0.0,0.0,0,0,0,0,0,0,0,0
TF,SAREX,22.881667,113.483333,0, ,0.0,0.0,0.0,0.0,0,0,0,0,0,0,0,0

SID,SARE3C,02L,5
DF,DE02L,23.408936,113.314322,0, ,0.0,0.0,0,0,0,0,0,0,0,1
CF,GG477,23.501083,113.343028,0,POU,18.4,29.9,18.0,6.0,0,0,0,1,205,0,0,0
TF,GG480,23.539944,113.449972,0, ,0.0,0.0,0.0,0.0,0,0,0,0,0,0,0,0
TF,GG481,23.448972,113.531500,0, ,0.0,0.0,0.0,0.0,0,0,0,0,0,0,0,0
TF,GG482,23.166194,113.461333,0, ,0.0,0.0,0.0,0.0,0,0,0,0,0,0,0,0
TF,GG471,22.970611,113.296778,0, ,0.0,0.0,0.0,0.0,0,0,0,0,0,0,0,0
TF,SAREX,22.881667,113.483333,1, ,0.0,0.0,0.0,0.0,0,0,0,0,0,0,0,0

SID,SARE3D,20R,5
DF,DE20R,23.375644,113.305331,0, ,0.0,0.0,0,0,0,0,0,0,0,1
VA,0,196.0,2,500,0,0,0,0,0,0
CF,GG576,23.293333,113.309167,0,POU,24.1,17.5,181.0,4.0,0,0,0,1,230,0,0,0
TF,GG581,23.253833,113.299528,0, ,0.0,0.0,0.0,0.0,2,2960,0,0,0,0,0,0
TF,GG577,23.157000,113.275944,0, ,0.0,0.0,0.0,0.0,2,4930,0,0,0,0,0,0
TF,GG578,23.039750,113.272528,0, ,0.0,0.0,0.0,0.0,2,4930,0,0,0,0,0,0
TF,GG579,22.982917,113.270861,0, ,0.0,0.0,0.0,0.0,0,0,0,0,0,0,0,0
TF,SAREX,22.881667,113.483333,0, ,0.0,0.0,0.0,0.0,0,0,0,0,0,0,0,0

SID,SARE3E,02R,5
DF,DE02R,23.402803,113.316697,0, ,0.0,0.0,0,0,0,0,0,0,0,1
CF,GG477,23.501083,113.343028,0,POU,18.4,29.9,16.0,6.0,0,0,0,1,205,0,0,0
TF,GG480,23.539944,113.449972,0, ,0.0,0.0,0.0,0.0,0,0,0,0,0,0,0,0
TF,GG481,23.448972,113.531500,0, ,0.0,0.0,0.0,0.0,0,0,0,0,0,0,0,0
TF,GG482,23.166194,113.461333,0, ,0.0,0.0,0.0,0.0,0,0,0,0,0,0,0,0
TF,GG471,22.970611,113.296778,0, ,0.0,0.0,0.0,0.0,0,0,0,0,0,0,0,0
TF,SAREX,22.881667,113.483333,1, ,0.0,0.0,0.0,0.0,0,0,0,0,0,0,0,0

SID,SARE3F,20L,5
DF,DE20L,23.369511,113.307703,0, ,0.0,0.0,0,0,0,0,0,0,0,1
CF,GG576,23.293333,113.309167,0,POU,24.1,17.5,181.0,5.0,0,0,0,1,230,0,0,0
TF,GG581,23.253833,113.299528,0, ,0.0,0.0,0.0,0.0,2,2960,0,0,0,0,0,0
TF,GG577,23.157000,113.275944,0, ,0.0,0.0,0.0,0.0,2,4930,0,0,0,0,0,0
TF,GG578,23.039750,113.272528,0, ,0.0,0.0,0.0,0.0,2,4930,0,0,0,0,0,0
TF,GG579,22.982917,113.270861,0, ,0.0,0.0,0.0,0.0,0,0,0,0,0,0,0,0
TF,SAREX,22.881667,113.483333,0, ,0.0,0.0,0.0,0.0,0,0,0,0,0,0,0,0

SID,VIB81D,02L,2
DF,DE02L,23.408936,113.314322,0, ,0.0,0.0,0,0,0,0,0,0,0,0
CF,D028L,23.557928,113.403925,0,CON,261.1,10.3,31.0,10.0,0,0,0,0,0,0,0,1
CF,CON,23.588333,113.586667,0,CON,0.0,0.0,88.0,10.0,2,6890,0,0,0,0,0,0
TF,D156L,23.408792,113.683847,0, ,0.0,0.0,0.0,0.0,2,7880,0,0,0,0,0,0
TF,D156R,23.323333,113.730000,0, ,0.0,0.0,0.0,0.0,0,0,0,0,0,0,0,0
TF,D061N,23.266867,113.626722,0, ,0.0,0.0,0.0,0.0,2,10800,0,0,0,0,0,0
TF,CEN,23.151667,113.416667,0, ,0.0,0.0,0.0,0.0,2,10800,0,0,0,0,0,0
TF,POU,23.021667,113.190000,0, ,0.0,0.0,0.0,0.0,0,0,0,0,0,0,0,0
TF,VIBOS,22.624444,113.327778,0, ,0.0,0.0,0.0,0.0,0,0,0,0,0,0,0,0

SID,VIB84D,02R,2
DF,DE02R,23.402803,113.316697,0, ,0.0,0.0,0,0,0,0,0,0,0,0
CF,YIN40,23.522425,113.388614,0,CON,252.2,11.6,31.0,8.0,0,0,0,1,230,0,0,1
CF,CON,23.588333,113.586667,0,CON,0.0,0.0,76.0,10.0,2,6890,0,0,0,0,0,0
TF,D156L,23.408792,113.683847,0, ,0.0,0.0,0.0,0.0,2,7880,0,0,0,0,0,0
TF,D156R,23.323333,113.730000,0, ,0.0,0.0,0.0,0.0,0,0,0,0,0,0,0,0
TF,D061N,23.266867,113.626722,0, ,0.0,0.0,0.0,0.0,2,10800,0,0,0,0,0,0
TF,CEN,23.151667,113.416667,0, ,0.0,0.0,0.0,0.0,2,10800,0,0,0,0,0,0
TF,POU,23.021667,113.190000,0, ,0.0,0.0,0.0,0.0,0,0,0,0,0,0,0,0
TF,VIBOS,22.624444,113.327778,0, ,0.0,0.0,0.0,0.0,0,0,0,0,0,0,0,0

SID,VIB87D,01,2
CD, ,0,0,0,IOO,0,0.0,16.0,8.0,0,0,0,1,205,0,0,0
DF,POU27,23.468333,113.246667,1, ,0.0,0.0,0,0,0,1,205,0,0,0
TF,A,23.388333,113.236667,0, ,0.0,0.0,0.0,0.0,3,3940,0,0,0,0,0,0
TF,D009J,23.187650,113.212044,0, ,0.0,0.0,0.0,0.0,2,7880,0,0,0,0,0,0
TF,POU,23.021667,113.190000,0, ,0.0,0.0,0.0,0.0,0,0,0,0,0,0,0,0
TF,VIBOS,22.624444,113.327778,0, ,0.0,0.0,0.0,0.0,0,0,0,0,0,0,0,0

SID,VIB88D,01,2
CD, ,0,0,0,IOO,0,0.0,16.0,8.0,0,0,0,1,205,0,0,0
CF,TAN,23.668333,113.241667,0,TAN,0.0,0.0,337.0,10.0,0,0,0,0,0,0,0,0
TF,D255I,23.623619,113.085672,0, ,0.0,0.0,0.0,0.0,2,6890,0,0,0,0,0,0
TF,POU37,23.578333,112.928333,0, ,0.0,0.0,0.0,0.0,0,0,0,0,0,0,0,0
TF,POU30,23.481881,112.973842,0, ,0.0,0.0,0.0,0.0,2,8860,0,0,0,0,0,0
TF,POU,23.021667,113.190000,0, ,0.0,0.0,0.0,0.0,0,0,0,0,0,0,0,0
TF,VIBOS,22.624444,113.327778,0, ,0.0,0.0,0.0,0.0,0,0,0,0,0,0,0,0

SID,VIB91D,20R,2
DF,DE20R,23.375644,113.305331,0, ,0.0,0.0,2,500,0,0,0,0,0,0
CD, ,0,0,0,IAA,0,0.0,196.0,11.0,0,0,0,0,0,0,0,0
CF,POU,23.021667,113.190000,0,POU,0.0,0.0,200.0,13.0,2,5910,0,0,0,0,0,0
TF,VIBOS,22.624444,113.327778,0, ,0.0,0.0,0.0,0.0,0,0,0,0,0,0,0,0

SID,VIB94D,20L,2
CD, ,0,0,0,IXL,0,0.0,196.0,7.7,0,0,0,1,230,0,0,0
CF,POU,23.021667,113.190000,0,POU,0.0,0.0,200.0,16.0,2,5910,0,0,0,0,0,0
TF,VIBOS,22.624444,113.327778,0, ,0.0,0.0,0.0,0.0,0,0,0,0,0,0,0,0

SID,VIB96D,19,2
CD, ,0,0,0,IPP,0,0.0,196.0,11.0,0,0,0,1,230,0,0,0
CF,POU,23.021667,113.190000,0,POU,0.0,0.0,195.0,13.0,2,5910,0,0,0,0,0,0
TF,VIBOS,22.624444,113.327778,0, ,0.0,0.0,0.0,0.0,0,0,0,0,0,0,0,0

SID,VIBO3A,01,5
DF,DER01,23.408483,113.292019,0, ,0.0,0.0,0,0,0,0,0,0,0,1
CF,GG461,23.574722,113.288639,0,CON,269.2,16.5,1.0,10.0,0,0,0,1,230,0,0,0
TF,GG462,23.646056,113.196000,0, ,0.0,0.0,0.0,0.0,0,0,0,0,0,0,0,0
TF,GG463,23.570972,113.078889,0, ,0.0,0.0,0.0,0.0,0,0,0,0,0,0,0,0
TF,GG464,23.475778,113.079417,0, ,0.0,0.0,0.0,0.0,0,0,0,0,0,0,0,0
TF,GG469,23.261944,113.080611,0, ,0.0,0.0,0.0,0.0,0,0,0,0,0,0,0,0
TF,POU,23.021667,113.190000,0, ,0.0,0.0,0.0,0.0,0,0,0,0,0,0,0,0
TF,VIBOS,22.624444,113.327778,0, ,0.0,0.0,0.0,0.0,0,0,0,0,0,0,0,0

SID,VIBO3B,19,5
DF,DER19,23.376944,113.283506,0, ,0.0,0.0,0,0,0,0,0,0,0,1
CF,GG561,23.275833,113.223333,0,POU,8.9,15.3,211.0,7.0,0,0,0,1,230,0,0,0
TF,GG572,23.119528,113.185361,0, ,0.0,0.0,0.0,0.0,2,5910,0,0,0,0,0,0
TF,POU,23.021667,113.190000,0, ,0.0,0.0,0.0,0.0,0,0,0,0,0,0,0,0
TF,VIBOS,22.624444,113.327778,0, ,0.0,0.0,0.0,0.0,0,0,0,0,0,0,0,0

SID,VIBO3C,02L,5
DF,DE02L,23.408936,113.314322,0, ,0.0,0.0,0,0,0,0,0,0,0,1
CF,GG477,23.501083,113.343028,0,POU,18.4,29.9,18.0,6.0,0,0,0,1,205,0,0,0
TF,GG480,23.539944,113.449972,0, ,0.0,0.0,0.0,0.0,0,0,0,0,0,0,0,0
TF,GG481,23.448972,113.531500,0, ,0.0,0.0,0.0,0.0,0,0,0,0,0,0,0,0
TF,GG482,23.166194,113.461333,0, ,0.0,0.0,0.0,0.0,0,0,0,0,0,0,0,0
TF,GG471,22.970611,113.296778,0, ,0.0,0.0,0.0,0.0,0,0,0,0,0,0,0,0
TF,GG470,22.896333,113.234444,0, ,0.0,0.0,0.0,0.0,0,0,0,0,0,0,0,0
TF,VIBOS,22.624444,113.327778,0, ,0.0,0.0,0.0,0.0,0,0,0,0,0,0,0,0

SID,VIBO3D,20R,5
DF,DE20R,23.375644,113.305331,0, ,0.0,0.0,0,0,0,0,0,0,0,1
VA,0,196.0,2,500,0,0,0,0,0,0
CF,GG576,23.293333,113.309167,0,POU,24.1,17.5,181.0,4.0,0,0,0,1,230,0,0,0
TF,GG581,23.253833,113.299528,0, ,0.0,0.0,0.0,0.0,2,2960,0,0,0,0,0,0
TF,GG577,23.157000,113.275944,0, ,0.0,0.0,0.0,0.0,2,4930,0,0,0,0,0,0
TF,GG578,23.039750,113.272528,0, ,0.0,0.0,0.0,0.0,2,4930,0,0,0,0,0,0
TF,GG579,22.982917,113.270861,0, ,0.0,0.0,0.0,0.0,0,0,0,0,0,0,0,0
TF,GG580,22.805389,113.265694,0, ,0.0,0.0,0.0,0.0,0,0,0,0,0,0,0,0
TF,VIBOS,22.624444,113.327778,0, ,0.0,0.0,0.0,0.0,0,0,0,0,0,0,0,0

SID,VIBO3E,02R,5
DF,DE02R,23.402803,113.316697,0, ,0.0,0.0,0,0,0,0,0,0,0,1
CF,GG477,23.501083,113.343028,0,POU,18.4,29.9,16.0,6.0,0,0,0,1,205,0,0,0
TF,GG480,23.539944,113.449972,0, ,0.0,0.0,0.0,0.0,0,0,0,0,0,0,0,0
TF,GG481,23.448972,113.531500,0, ,0.0,0.0,0.0,0.0,0,0,0,0,0,0,0,0
TF,GG482,23.166194,113.461333,0, ,0.0,0.0,0.0,0.0,0,0,0,0,0,0,0,0
TF,GG471,22.970611,113.296778,0, ,0.0,0.0,0.0,0.0,0,0,0,0,0,0,0,0
TF,GG470,22.896333,113.234444,0, ,0.0,0.0,0.0,0.0,0,0,0,0,0,0,0,0
TF,VIBOS,22.624444,113.327778,0, ,0.0,0.0,0.0,0.0,0,0,0,0,0,0,0,0

SID,VIBO3F,20L,5
DF,DE20L,23.369511,113.307703,0, ,0.0,0.0,0,0,0,0,0,0,0,1
CF,GG576,23.293333,113.309167,0,POU,24.1,17.5,181.0,5.0,0,0,0,1,230,0,0,0
TF,GG581,23.253833,113.299528,0, ,0.0,0.0,0.0,0.0,2,2960,0,0,0,0,0,0
TF,GG577,23.157000,113.275944,0, ,0.0,0.0,0.0,0.0,2,4930,0,0,0,0,0,0
TF,GG578,23.039750,113.272528,0, ,0.0,0.0,0.0,0.0,2,4930,0,0,0,0,0,0
TF,GG579,22.982917,113.270861,0, ,0.0,0.0,0.0,0.0,0,0,0,0,0,0,0,0
TF,GG580,22.805389,113.265694,0, ,0.0,0.0,0.0,0.0,0,0,0,0,0,0,0,0
TF,VIBOS,22.624444,113.327778,0, ,0.0,0.0,0.0,0.0,0,0,0,0,0,0,0,0

STAR,ENV81A,ALL,2
IF,ENVIP,24.318611,113.710556, ,0.0,0.0,0,0,0,0,0,0,0,0
TF,ATAGA,24.161389,113.683889,0, ,0.0,0.0,0.0,0.0,0,0,0,0,0,0,0,0
TF,D011Y,23.993333,113.655000,0, ,0.0,0.0,0.0,0.0,2,12800,0,0,0,0,0,0
TF,CON,23.588333,113.586667,0, ,0.0,0.0,0.0,0.0,2,8860,0,0,0,0,0,0
TF,D202M,23.391644,113.509944,0, ,0.0,0.0,0.0,0.0,2,8860,0,0,0,0,0,0

STAR,ENV81A,01,3
IF,D202M,23.391644,113.509944, ,0.0,0.0,2,8860,0,0,0,0,0,0
TF,CEN,23.151667,113.416667,0, ,0.0,0.0,0.0,0.0,2,6890,0,0,0,0,0,0

STAR,ENV81A,02L,3
IF,D202M,23.391644,113.509944, ,0.0,0.0,2,8860,0,0,0,0,0,0
TF,CEN,23.151667,113.416667,0, ,0.0,0.0,0.0,0.0,2,6890,0,0,0,0,0,0

STAR,ENV81A,02R,3
IF,D202M,23.391644,113.509944, ,0.0,0.0,2,8860,0,0,0,0,0,0
TF,CEN,23.151667,113.416667,0, ,0.0,0.0,0.0,0.0,2,6890,0,0,0,0,0,0

STAR,ENV83A,ALL,2
IF,ENVIP,24.318611,113.710556, ,0.0,0.0,0,0,0,0,0,0,0,0
TF,ATAGA,24.161389,113.683889,0, ,0.0,0.0,0.0,0.0,0,0,0,0,0,0,0,0
TF,D011Y,23.993333,113.655000,0, ,0.0,0.0,0.0,0.0,2,12800,0,0,0,0,0,0
TF,TAN,23.668333,113.241667,0, ,0.0,0.0,0.0,0.0,2,11800,0,0,0,0,0,0
TF,D194P,23.408333,113.183333,0, ,0.0,0.0,0.0,0.0,2,7880,0,0,0,0,0,0

STAR,ENV83A,01,3
IF,D194P,23.408333,113.183333, ,0.0,0.0,2,7880,0,0,0,0,0,0
TF,TAN32,23.141667,113.125000,0, ,0.0,0.0,0.0,0.0,2,4930,0,0,0,0,0,0

STAR,ENV83A,02L,3
IF,D194P,23.408333,113.183333, ,0.0,0.0,2,7880,0,0,0,0,0,0
TF,TAN32,23.141667,113.125000,0, ,0.0,0.0,0.0,0.0,2,4930,0,0,0,0,0,0

STAR,ENV83A,02R,3
IF,D194P,23.408333,113.183333, ,0.0,0.0,2,7880,0,0,0,0,0,0
TF,TAN32,23.141667,113.125000,0, ,0.0,0.0,0.0,0.0,2,4930,0,0,0,0,0,0

STAR,ENV91A,ALL,2
IF,ENVIP,24.318611,113.710556, ,0.0,0.0,0,0,0,0,0,0,0,0
TF,ATAGA,24.161389,113.683889,0, ,0.0,0.0,0.0,0.0,0,0,0,0,0,0,0,0
TF,D011Y,23.993333,113.655000,0, ,0.0,0.0,0.0,0.0,2,8860,0,0,0,0,0,0

STAR,ENV91A,19,3
IF,D011Y,23.993333,113.655000, ,0.0,0.0,2,8860,0,0,0,0,0,0
TF,FOGNG,23.863333,113.488333,0, ,0.0,0.0,0.0,0.0,2,5910,0,0,0,0,0,0

STAR,ENV91A,20L,3
IF,D011Y,23.993333,113.655000, ,0.0,0.0,2,8860,0,0,0,0,0,0
TF,FOGNG,23.863333,113.488333,0, ,0.0,0.0,0.0,0.0,2,5910,0,0,0,0,0,0

STAR,ENV91A,20R,3
IF,D011Y,23.993333,113.655000, ,0.0,0.0,2,8860,0,0,0,0,0,0
TF,FOGNG,23.863333,113.488333,0, ,0.0,0.0,0.0,0.0,2,5910,0,0,0,0,0,0

STAR,ENVI3A,02L,5
IF,ENVIP,24.318611,113.710556, ,0.0,0.0,0,0,0,0,0,0,0,0
TF,ATAGA,24.161389,113.683889,0, ,0.0,0.0,0.0,0.0,0,0,0,0,0,0,0,0
TF,GG436,23.964444,113.613056,0, ,0.0,0.0,0.0,0.0,0,0,0,0,0,0,0,0
TF,GG435,23.751389,113.537778,0, ,0.0,0.0,0.0,0.0,0,0,0,0,0,0,0,0
TF,GG432,23.633194,113.495972,0, ,0.0,0.0,0.0,0.0,0,0,0,0,0,0,0,0
TF,GG431,23.435278,113.426111,0, ,0.0,0.0,0.0,0.0,0,0,0,0,0,0,0,0
TF,GG428,23.233056,113.371389,0, ,0.0,0.0,0.0,0.0,0,0,0,0,0,0,0,0
TF,GG427,23.137389,113.345694,0, ,0.0,0.0,0.0,0.0,0,0,0,0,0,0,0,0
TF,GG426,23.072333,113.328222,0, ,0.0,0.0,0.0,0.0,0,0,0,0,0,0,0,0
TF,GG424,23.013611,113.312500,0, ,0.0,0.0,0.0,0.0,2,6890,0,0,0,0,0,0

STAR,ENVI3A,02R,5
IF,ENVIP,24.318611,113.710556, ,0.0,0.0,0,0,0,0,0,0,0,0
TF,ATAGA,24.161389,113.683889,0, ,0.0,0.0,0.0,0.0,0,0,0,0,0,0,0,0
TF,GG436,23.964444,113.613056,0, ,0.0,0.0,0.0,0.0,0,0,0,0,0,0,0,0
TF,GG435,23.751389,113.537778,0, ,0.0,0.0,0.0,0.0,0,0,0,0,0,0,0,0
TF,GG432,23.633194,113.495972,0, ,0.0,0.0,0.0,0.0,0,0,0,0,0,0,0,0
TF,GG431,23.435278,113.426111,0, ,0.0,0.0,0.0,0.0,0,0,0,0,0,0,0,0
TF,GG428,23.233056,113.371389,0, ,0.0,0.0,0.0,0.0,0,0,0,0,0,0,0,0
TF,GG427,23.137389,113.345694,0, ,0.0,0.0,0.0,0.0,0,0,0,0,0,0,0,0
TF,GG426,23.072333,113.328222,0, ,0.0,0.0,0.0,0.0,0,0,0,0,0,0,0,0
TF,GG424,23.013611,113.312500,0, ,0.0,0.0,0.0,0.0,2,6890,0,0,0,0,0,0

STAR,ENVI3B,20L,5
IF,ENVIP,24.318611,113.710556, ,0.0,0.0,0,0,0,0,0,0,0,0
TF,ATAGA,24.161389,113.683889,0, ,0.0,0.0,0.0,0.0,0,0,0,0,0,0,0,0
TF,GG527,23.651667,113.856111,0, ,0.0,0.0,0.0,0.0,0,0,0,0,0,0,0,0
TF,GG526,23.558028,113.767167,0, ,0.0,0.0,0.0,0.0,2,6890,0,0,0,0,0,0
TF,GG524,23.479056,113.692306,0, ,0.0,0.0,0.0,0.0,0,0,0,0,0,0,0,0
TF,GG523,23.550056,113.560250,0, ,0.0,0.0,0.0,0.0,2,4930,0,0,0,0,0,0
TF,GG522,23.598111,113.470639,0, ,0.0,0.0,0.0,0.0,0,0,0,0,0,0,0,0
TF,GG514,23.646667,113.483889,0, ,0.0,0.0,0.0,0.0,0,0,0,0,0,0,0,0
TF,GG541,23.734167,113.507222,0, ,0.0,0.0,0.0,0.0,2,2960,0,0,0,0,0,0

STAR,ENVI3B,20R,5
IF,ENVIP,24.318611,113.710556, ,0.0,0.0,0,0,0,0,0,0,0,0
TF,ATAGA,24.161389,113.683889,0, ,0.0,0.0,0.0,0.0,0,0,0,0,0,0,0,0
TF,GG527,23.651667,113.856111,0, ,0.0,0.0,0.0,0.0,0,0,0,0,0,0,0,0
TF,GG526,23.558028,113.767167,0, ,0.0,0.0,0.0,0.0,2,6890,0,0,0,0,0,0
TF,GG524,23.479056,113.692306,0, ,0.0,0.0,0.0,0.0,0,0,0,0,0,0,0,0
TF,GG523,23.550056,113.560250,0, ,0.0,0.0,0.0,0.0,2,4930,0,0,0,0,0,0
TF,GG522,23.598111,113.470639,0, ,0.0,0.0,0.0,0.0,0,0,0,0,0,0,0,0
TF,GG514,23.646667,113.483889,0, ,0.0,0.0,0.0,0.0,0,0,0,0,0,0,0,0
TF,GG541,23.734167,113.507222,0, ,0.0,0.0,0.0,0.0,2,2960,0,0,0,0,0,0

STAR,ENVI3C,01,5
IF,ENVIP,24.318611,113.710556, ,0.0,0.0,0,0,0,0,0,0,0,0
TF,ATAGA,24.161389,113.683889,0, ,0.0,0.0,0.0,0.0,0,0,0,0,0,0,0,0
TF,LUPVU,24.041111,113.142778,0, ,0.0,0.0,0.0,0.0,0,0,0,0,0,0,0,0
TF,GG443,23.946361,113.168389,0, ,0.0,0.0,0.0,0.0,0,0,0,0,0,0,0,0
TF,TAN,23.668333,113.241667,0, ,0.0,0.0,0.0,0.0,0,0,0,0,0,0,0,0
TF,GG442,23.486389,113.203889,0, ,0.0,0.0,0.0,0.0,0,0,0,0,0,0,0,0
TF,GG441,23.343611,113.174278,0, ,0.0,0.0,0.0,0.0,0,0,0,0,0,0,0,0
TF,GG440,23.236722,113.152167,0, ,0.0,0.0,0.0,0.0,0,0,0,0,0,0,0,0
TF,GG439,23.171000,113.138639,0, ,0.0,0.0,0.0,0.0,0,0,0,0,0,0,0,0
TF,GG437,23.058889,113.115833,0, ,0.0,0.0,0.0,0.0,2,5910,0,0,0,0,0,0
TF,GG422,22.987917,113.096833,0, ,0.0,0.0,0.0,0.0,2,5910,0,0,0,0,0,0

STAR,ENVI3D,19,5
IF,ENVIP,24.318611,113.710556, ,0.0,0.0,0,0,0,0,0,0,0,0
TF,ATAGA,24.161389,113.683889,0, ,0.0,0.0,0.0,0.0,0,0,0,0,0,0,0,0
TF,GG518,23.989167,113.449444,0, ,0.0,0.0,0.0,0.0,2,5910,0,0,0,0,0,0
TF,GG513,23.884722,113.421111,0, ,0.0,0.0,0.0,0.0,2,4930,0,0,0,0,0,0

STAR,GYA3A,02L,5
IF,GYA,23.070000,112.486667, ,0.0,0.0,0,0,0,0,0,0,0,0
TF,GG445,23.069722,112.725278,0, ,0.0,0.0,0.0,0.0,0,0,0,0,0,0,0,0
TF,AGVOS,23.066667,113.081667,0, ,0.0,0.0,0.0,0.0,4,7880,6890,0,0,0,0,0
TF,GG437,23.058889,113.115833,0, ,0.0,0.0,0.0,0.0,0,0,0,0,0,0,0,0
TF,GG424,23.013611,113.312500,0, ,0.0,0.0,0.0,0.0,2,6890,0,0,0,0,0,0

STAR,GYA3A,02R,5
IF,GYA,23.070000,112.486667, ,0.0,0.0,0,0,0,0,0,0,0,0
TF,GG445,23.069722,112.725278,0, ,0.0,0.0,0.0,0.0,0,0,0,0,0,0,0,0
TF,AGVOS,23.066667,113.081667,0, ,0.0,0.0,0.0,0.0,4,7880,6890,0,0,0,0,0
TF,GG437,23.058889,113.115833,0, ,0.0,0.0,0.0,0.0,0,0,0,0,0,0,0,0
TF,GG424,23.013611,113.312500,0, ,0.0,0.0,0.0,0.0,2,6890,0,0,0,0,0,0

STAR,GYA3B,20L,5
IF,GYA,23.070000,112.486667, ,0.0,0.0,0,0,0,0,0,0,0,0
TF,GG445,23.069722,112.725278,0, ,0.0,0.0,0.0,0.0,0,0,0,0,0,0,0,0
TF,AGVOS,23.066667,113.081667,0, ,0.0,0.0,0.0,0.0,4,7880,6890,0,0,0,0,0
TF,GG517,23.066389,113.115833,0, ,0.0,0.0,0.0,0.0,0,0,0,0,0,0,0,0
TF,GG529,23.199361,113.143694,0, ,0.0,0.0,0.0,0.0,0,0,0,0,0,0,0,0
TF,GG521,23.347778,113.402778,0, ,0.0,0.0,0.0,0.0,2,6890,0,0,0,0,0,0
TF,GG522,23.598111,113.470639,0, ,0.0,0.0,0.0,0.0,0,0,0,0,0,0,0,0
TF,GG514,23.646667,113.483889,0, ,0.0,0.0,0.0,0.0,0,0,0,0,0,0,0,0
TF,GG541,23.734167,113.507222,0, ,0.0,0.0,0.0,0.0,2,2960,0,0,0,0,0,0

STAR,GYA3B,20R,5
IF,GYA,23.070000,112.486667, ,0.0,0.0,0,0,0,0,0,0,0,0
TF,GG445,23.069722,112.725278,0, ,0.0,0.0,0.0,0.0,0,0,0,0,0,0,0,0
TF,AGVOS,23.066667,113.081667,0, ,0.0,0.0,0.0,0.0,4,7880,6890,0,0,0,0,0
TF,GG517,23.066389,113.115833,0, ,0.0,0.0,0.0,0.0,0,0,0,0,0,0,0,0
TF,GG529,23.199361,113.143694,0, ,0.0,0.0,0.0,0.0,0,0,0,0,0,0,0,0
TF,GG521,23.347778,113.402778,0, ,0.0,0.0,0.0,0.0,2,6890,0,0,0,0,0,0
TF,GG522,23.598111,113.470639,0, ,0.0,0.0,0.0,0.0,0,0,0,0,0,0,0,0
TF,GG514,23.646667,113.483889,0, ,0.0,0.0,0.0,0.0,0,0,0,0,0,0,0,0
TF,GG541,23.734167,113.507222,0, ,0.0,0.0,0.0,0.0,2,2960,0,0,0,0,0,0

STAR,GYA3C,01,5
IF,GYA,23.070000,112.486667, ,0.0,0.0,0,0,0,0,0,0,0,0
TF,GG445,23.069722,112.725278,0, ,0.0,0.0,0.0,0.0,0,0,0,0,0,0,0,0
TF,AGVOS,23.066667,113.081667,0, ,0.0,0.0,0.0,0.0,4,7880,5910,0,0,0,0,0
TF,GG437,23.058889,113.115833,0, ,0.0,0.0,0.0,0.0,2,5910,0,0,0,0,0,0

STAR,GYA3D,19,5
IF,GYA,23.070000,112.486667, ,0.0,0.0,0,0,0,0,0,0,0,0
TF,GG445,23.069722,112.725278,0, ,0.0,0.0,0.0,0.0,0,0,0,0,0,0,0,0
TF,AGVOS,23.066667,113.081667,0, ,0.0,0.0,0.0,0.0,4,7880,5910,0,0,0,0,0
TF,GG517,23.066389,113.115833,0, ,0.0,0.0,0.0,0.0,0,0,0,0,0,0,0,0
TF,GG529,23.199361,113.143694,0, ,0.0,0.0,0.0,0.0,0,0,0,0,0,0,0,0
TF,GG516,23.408056,113.187500,0, ,0.0,0.0,0.0,0.0,2,5910,0,0,0,0,0,0
TF,GG515,23.695778,113.248528,0, ,0.0,0.0,0.0,0.0,0,0,0,0,0,0,0,0
TF,GG511,23.736528,113.257194,0, ,0.0,0.0,0.0,0.0,2,4930,0,0,0,0,0,0

STAR,GYA3G,01,5
IF,GYA,23.070000,112.486667, ,0.0,0.0,0,0,0,0,0,0,0,0
TF,GG445,23.069722,112.725278,0, ,0.0,0.0,0.0,0.0,0,0,0,0,0,0,0,0
TF,AGVOS,23.066667,113.081667,0, ,0.0,0.0,0.0,0.0,4,7880,5910,0,0,0,0,0
TF,GG422,22.987917,113.096833,0, ,0.0,0.0,0.0,0.0,2,5910,0,0,0,0,0,0

STAR,GYA3J,ALL,5
IF,GYA,23.070000,112.486667, ,0.0,0.0,0,0,0,0,0,0,0,0

STAR,GYA3J,01,6
IF,GYA,23.070000,112.486667, ,0.0,0.0,0,0,0,0,0,0,0,0
TF,GG446,22.955194,113.069639,0, ,0.0,0.0,0.0,0.0,2,5910,0,0,0,0,0,0

STAR,GYA3J,02L,6
IF,GYA,23.070000,112.486667, ,0.0,0.0,0,0,0,0,0,0,0,0
TF,GG446,22.955194,113.069639,0, ,0.0,0.0,0.0,0.0,2,6890,0,0,0,0,0,0

STAR,GYA3J,02R,6
IF,GYA,23.070000,112.486667, ,0.0,0.0,0,0,0,0,0,0,0,0
TF,GG446,22.955194,113.069639,0, ,0.0,0.0,0.0,0.0,2,6890,0,0,0,0,0,0

STAR,GYA82A,ALL,2
IF,GYA,23.070000,112.486667, ,0.0,0.0,0,0,0,0,0,0,0,0
TF,D093V,23.068333,112.883333,0, ,0.0,0.0,0.0,0.0,2,5910,0,0,0,0,0,0

STAR,GYA82A,01,3
IF,D093V,23.068333,112.883333, ,0.0,0.0,2,5910,0,0,0,0,0,0
TF,AGVOS,23.066667,113.081667,0, ,0.0,0.0,0.0,0.0,2,5910,0,0,0,0,0,0

STAR,GYA82A,02L,3
IF,D093V,23.068333,112.883333, ,0.0,0.0,2,5910,0,0,0,0,0,0
TF,AGVOS,23.066667,113.081667,0, ,0.0,0.0,0.0,0.0,2,5910,0,0,0,0,0,0

STAR,GYA82A,02R,3
IF,D093V,23.068333,112.883333, ,0.0,0.0,2,5910,0,0,0,0,0,0
TF,AGVOS,23.066667,113.081667,0, ,0.0,0.0,0.0,0.0,2,5910,0,0,0,0,0,0

STAR,GYA92A,ALL,2
IF,GYA,23.070000,112.486667, ,0.0,0.0,0,0,0,0,0,0,0,0
TF,D093V,23.068333,112.883333,0, ,0.0,0.0,0.0,0.0,2,7880,0,0,0,0,0,0
TF,AGVOS,23.066667,113.081667,0, ,0.0,0.0,0.0,0.0,2,7880,0,0,0,0,0,0
TF,CEN,23.151667,113.416667,0, ,0.0,0.0,0.0,0.0,0,0,0,0,0,0,0,0
TF,D022M,23.356275,113.496172,0, ,0.0,0.0,0.0,0.0,2,7880,0,0,0,0,0,0

STAR,GYA92A,19,3
IF,D022M,23.356275,113.496172, ,0.0,0.0,2,7880,0,0,0,0,0,0
TF,CON,23.588333,113.586667,0, ,0.0,0.0,0.0,0.0,2,4930,0,0,0,0,0,0

STAR,GYA92A,20L,3
IF,D022M,23.356275,113.496172, ,0.0,0.0,2,7880,0,0,0,0,0,0
TF,CON,23.588333,113.586667,0, ,0.0,0.0,0.0,0.0,2,4930,0,0,0,0,0,0

STAR,GYA92A,20R,3
IF,D022M,23.356275,113.496172, ,0.0,0.0,2,7880,0,0,0,0,0,0
TF,CON,23.588333,113.586667,0, ,0.0,0.0,0.0,0.0,2,4930,0,0,0,0,0,0

STAR,GYA93A,ALL,2
IF,GYA,23.070000,112.486667, ,0.0,0.0,0,0,0,0,0,0,0,0
TF,D277E,23.028333,113.100000,0, ,0.0,0.0,0.0,0.0,0,0,0,0,0,0,0,0
TF,D196Q,23.398019,113.181658,0, ,0.0,0.0,0.0,0.0,2,7880,0,0,0,0,0,0

STAR,GYA93A,19,3
IF,D196Q,23.398019,113.181658, ,0.0,0.0,2,7880,0,0,0,0,0,0
TF,TAN,23.668333,113.241667,0, ,0.0,0.0,0.0,0.0,2,4930,0,0,0,0,0,0

STAR,GYA93A,20L,3
IF,D196Q,23.398019,113.181658, ,0.0,0.0,2,7880,0,0,0,0,0,0
TF,TAN,23.668333,113.241667,0, ,0.0,0.0,0.0,0.0,2,4930,0,0,0,0,0,0

STAR,GYA93A,20R,3
IF,D196Q,23.398019,113.181658, ,0.0,0.0,2,7880,0,0,0,0,0,0
TF,TAN,23.668333,113.241667,0, ,0.0,0.0,0.0,0.0,2,4930,0,0,0,0,0,0

STAR,IDU81A,ALL,2
IF,IDUMA,22.896389,113.951667, ,0.0,0.0,0,0,0,0,0,0,0,0
TF,SHL,23.091667,113.850000,0, ,0.0,0.0,0.0,0.0,2,11800,0,0,0,0,0,0
TF,D281L,23.121667,113.640000,0, ,0.0,0.0,0.0,0.0,2,8860,0,0,0,0,0,0

STAR,IDU81A,01,3
IF,D281L,23.121667,113.640000, ,0.0,0.0,2,8860,0,0,0,0,0,0
TF,CEN,23.151667,113.416667,0, ,0.0,0.0,0.0,0.0,2,6890,0,0,0,0,0,0

STAR,IDU81A,02L,3
IF,D281L,23.121667,113.640000, ,0.0,0.0,2,8860,0,0,0,0,0,0
TF,CEN,23.151667,113.416667,0, ,0.0,0.0,0.0,0.0,2,6890,0,0,0,0,0,0

STAR,IDU81A,02R,3
IF,D281L,23.121667,113.640000, ,0.0,0.0,2,8860,0,0,0,0,0,0
TF,CEN,23.151667,113.416667,0, ,0.0,0.0,0.0,0.0,2,6890,0,0,0,0,0,0

STAR,IDU91A,ALL,2
IF,IDUMA,22.896389,113.951667, ,0.0,0.0,0,0,0,0,0,0,0,0
TF,SHL,23.091667,113.850000,0, ,0.0,0.0,0.0,0.0,2,11800,0,0,0,0,0,0
TF,D281L,23.121667,113.640000,0, ,0.0,0.0,0.0,0.0,2,8860,0,0,0,0,0,0
TF,CEN,23.151667,113.416667,0, ,0.0,0.0,0.0,0.0,0,0,0,0,0,0,0,0
TF,D022M,23.356275,113.496172,2, ,0.0,0.0,0.0,0.0,2,7880,0,0,0,0,0,0

STAR,IDU91A,19,3
IF,D022M,23.356275,113.496172, ,0.0,0.0,2,7880,0,0,0,0,0,0
TF,CON,23.588333,113.586667,0, ,0.0,0.0,0.0,0.0,2,4930,0,0,0,0,0,0

STAR,IDU91A,20L,3
IF,D022M,23.356275,113.496172, ,0.0,0.0,2,7880,0,0,0,0,0,0
TF,CON,23.588333,113.586667,0, ,0.0,0.0,0.0,0.0,2,4930,0,0,0,0,0,0

STAR,IDU91A,20R,3
IF,D022M,23.356275,113.496172, ,0.0,0.0,2,7880,0,0,0,0,0,0
TF,CON,23.588333,113.586667,0, ,0.0,0.0,0.0,0.0,2,4930,0,0,0,0,0,0

STAR,IDUM3A,ALL,5
IF,IDUMA,22.896389,113.951667, ,0.0,0.0,0,0,0,0,0,0,0,0
TF,SHL,23.091667,113.850000,0, ,0.0,0.0,0.0,0.0,0,0,0,0,0,0,0,0
TF,GG430,23.215306,113.842167,0, ,0.0,0.0,0.0,0.0,0,0,0,0,0,0,0,0
TF,GG429,23.221389,113.685000,0, ,0.0,0.0,0.0,0.0,0,0,0,0,0,0,0,0
TF,GG428,23.233056,113.371389,0, ,0.0,0.0,0.0,0.0,0,0,0,0,0,0,0,0
TF,GG427,23.137389,113.345694,0, ,0.0,0.0,0.0,0.0,0,0,0,0,0,0,0,0
TF,GG426,23.072333,113.328222,0, ,0.0,0.0,0.0,0.0,0,0,0,0,0,0,0,0

STAR,IDUM3A,01,6
IF,GG426,23.072333,113.328222, ,0.0,0.0,0,0,0,0,0,0,0,0
TF,GG424,23.013611,113.312500,0, ,0.0,0.0,0.0,0.0,2,6890,0,0,0,0,0,0

STAR,IDUM3A,02L,6
IF,GG426,23.072333,113.328222, ,0.0,0.0,0,0,0,0,0,0,0,0
TF,GG424,23.013611,113.312500,0, ,0.0,0.0,0.0,0.0,2,6890,0,0,0,0,0,0

STAR,IDUM3A,02R,6
IF,GG426,23.072333,113.328222, ,0.0,0.0,0,0,0,0,0,0,0,0
TF,GG424,23.013611,113.312500,0, ,0.0,0.0,0.0,0.0,2,6890,0,0,0,0,0,0

STAR,IDUM3B,ALL,5
IF,IDUMA,22.896389,113.951667, ,0.0,0.0,0,0,0,0,0,0,0,0
TF,SHL,23.091667,113.850000,0, ,0.0,0.0,0.0,0.0,0,0,0,0,0,0,0,0
TF,GG525,23.367028,113.831083,0, ,0.0,0.0,0.0,0.0,0,0,0,0,0,0,0,0
TF,GG524,23.479056,113.692306,0, ,0.0,0.0,0.0,0.0,0,0,0,0,0,0,0,0
TF,GG523,23.550056,113.560250,0, ,0.0,0.0,0.0,0.0,2,4930,0,0,0,0,0,0
TF,GG522,23.598111,113.470639,0, ,0.0,0.0,0.0,0.0,0,0,0,0,0,0,0,0
TF,GG514,23.646667,113.483889,0, ,0.0,0.0,0.0,0.0,0,0,0,0,0,0,0,0

STAR,IDUM3B,19,6
IF,GG514,23.646667,113.483889, ,0.0,0.0,0,0,0,0,0,0,0,0
TF,GG541,23.734167,113.507222,0, ,0.0,0.0,0.0,0.0,2,4930,0,0,0,0,0,0

STAR,IDUM3B,20L,6
IF,GG514,23.646667,113.483889, ,0.0,0.0,0,0,0,0,0,0,0,0
TF,GG541,23.734167,113.507222,0, ,0.0,0.0,0.0,0.0,2,2960,0,0,0,0,0,0

STAR,IDUM3B,20R,6
IF,GG514,23.646667,113.483889, ,0.0,0.0,0,0,0,0,0,0,0,0
TF,GG541,23.734167,113.507222,0, ,0.0,0.0,0.0,0.0,2,2960,0,0,0,0,0,0

STAR,IKA81A,ALL,2
IF,IKAVO,24.386944,113.049167, ,0.0,0.0,0,0,0,0,0,0,0,0
TF,LUPVU,24.041111,113.142778,0, ,0.0,0.0,0.0,0.0,0,0,0,0,0,0,0,0
TF,D348L,23.858333,113.190983,0, ,0.0,0.0,0.0,0.0,0,0,0,0,0,0,0,0
TF,TAN,23.668333,113.241667,0, ,0.0,0.0,0.0,0.0,2,11800,0,0,0,0,0,0

STAR,IKA81A,01,3
IF,TAN,23.668333,113.241667, ,0.0,0.0,2,11800,0,0,0,0,0,0
TF,CEN,23.151667,113.416667,0, ,0.0,0.0,0.0,0.0,2,6890,0,0,0,0,0,0

STAR,IKA81A,02L,3
IF,TAN,23.668333,113.241667, ,0.0,0.0,2,11800,0,0,0,0,0,0
TF,CEN,23.151667,113.416667,0, ,0.0,0.0,0.0,0.0,2,6890,0,0,0,0,0,0

STAR,IKA81A,02R,3
IF,TAN,23.668333,113.241667, ,0.0,0.0,2,11800,0,0,0,0,0,0
TF,CEN,23.151667,113.416667,0, ,0.0,0.0,0.0,0.0,2,6890,0,0,0,0,0,0

STAR,IKA83A,ALL,2
IF,IKAVO,24.386944,113.049167, ,0.0,0.0,0,0,0,0,0,0,0,0
TF,LUPVU,24.041111,113.142778,0, ,0.0,0.0,0.0,0.0,0,0,0,0,0,0,0,0
TF,D348L,23.858333,113.190983,0, ,0.0,0.0,0.0,0.0,0,0,0,0,0,0,0,0
TF,TAN,23.668333,113.241667,0, ,0.0,0.0,0.0,0.0,2,11800,0,0,0,0,0,0
TF,D194P,23.408333,113.183333,0, ,0.0,0.0,0.0,0.0,2,7880,0,0,0,0,0,0

STAR,IKA83A,01,3
IF,D194P,23.408333,113.183333, ,0.0,0.0,2,7880,0,0,0,0,0,0
TF,TAN32,23.141667,113.125000,0, ,0.0,0.0,0.0,0.0,2,4930,0,0,0,0,0,0

STAR,IKA83A,02L,3
IF,D194P,23.408333,113.183333, ,0.0,0.0,2,7880,0,0,0,0,0,0
TF,TAN32,23.141667,113.125000,0, ,0.0,0.0,0.0,0.0,2,4930,0,0,0,0,0,0

STAR,IKA83A,02R,3
IF,D194P,23.408333,113.183333, ,0.0,0.0,2,7880,0,0,0,0,0,0
TF,TAN32,23.141667,113.125000,0, ,0.0,0.0,0.0,0.0,2,4930,0,0,0,0,0,0

STAR,IKA91A,ALL,2
IF,IKAVO,24.386944,113.049167, ,0.0,0.0,0,0,0,0,0,0,0,0
TF,LUPVU,24.041111,113.142778,0, ,0.0,0.0,0.0,0.0,0,0,0,0,0,0,0,0

STAR,IKA91A,19,3
IF,LUPVU,24.041111,113.142778, ,0.0,0.0,0,0,0,0,0,0,0,0
TF,CON28,23.936514,113.246553,0, ,0.0,0.0,0.0,0.0,2,5910,0,0,0,0,0,0

STAR,IKA91A,20L,3
IF,LUPVU,24.041111,113.142778, ,0.0,0.0,0,0,0,0,0,0,0,0
TF,CON28,23.936514,113.246553,0, ,0.0,0.0,0.0,0.0,2,5910,0,0,0,0,0,0

STAR,IKA91A,20R,3
IF,LUPVU,24.041111,113.142778, ,0.0,0.0,0,0,0,0,0,0,0,0
TF,CON28,23.936514,113.246553,0, ,0.0,0.0,0.0,0.0,2,5910,0,0,0,0,0,0

STAR,IKAV3A,02L,5
IF,IKAVO,24.386944,113.049167, ,0.0,0.0,0,0,0,0,0,0,0,0
TF,GG444,24.159361,113.110833,0, ,0.0,0.0,0.0,0.0,0,0,0,0,0,0,0,0
TF,LUPVU,24.041111,113.142778,0, ,0.0,0.0,0.0,0.0,0,0,0,0,0,0,0,0
TF,GG443,23.946361,113.168389,0, ,0.0,0.0,0.0,0.0,0,0,0,0,0,0,0,0
TF,TAN,23.668333,113.241667,0, ,0.0,0.0,0.0,0.0,0,0,0,0,0,0,0,0
TF,GG431,23.435278,113.426111,0, ,0.0,0.0,0.0,0.0,0,0,0,0,0,0,0,0
TF,GG428,23.233056,113.371389,0, ,0.0,0.0,0.0,0.0,0,0,0,0,0,0,0,0
TF,GG427,23.137389,113.345694,0, ,0.0,0.0,0.0,0.0,0,0,0,0,0,0,0,0
TF,GG426,23.072333,113.328222,0, ,0.0,0.0,0.0,0.0,0,0,0,0,0,0,0,0
TF,GG424,23.013611,113.312500,0, ,0.0,0.0,0.0,0.0,2,6890,0,0,0,0,0,0

STAR,IKAV3A,02R,5
IF,IKAVO,24.386944,113.049167, ,0.0,0.0,0,0,0,0,0,0,0,0
TF,GG444,24.159361,113.110833,0, ,0.0,0.0,0.0,0.0,0,0,0,0,0,0,0,0
TF,LUPVU,24.041111,113.142778,0, ,0.0,0.0,0.0,0.0,0,0,0,0,0,0,0,0
TF,GG443,23.946361,113.168389,0, ,0.0,0.0,0.0,0.0,0,0,0,0,0,0,0,0
TF,TAN,23.668333,113.241667,0, ,0.0,0.0,0.0,0.0,0,0,0,0,0,0,0,0
TF,GG431,23.435278,113.426111,0, ,0.0,0.0,0.0,0.0,0,0,0,0,0,0,0,0
TF,GG428,23.233056,113.371389,0, ,0.0,0.0,0.0,0.0,0,0,0,0,0,0,0,0
TF,GG427,23.137389,113.345694,0, ,0.0,0.0,0.0,0.0,0,0,0,0,0,0,0,0
TF,GG426,23.072333,113.328222,0, ,0.0,0.0,0.0,0.0,0,0,0,0,0,0,0,0
TF,GG424,23.013611,113.312500,0, ,0.0,0.0,0.0,0.0,2,6890,0,0,0,0,0,0

STAR,IKAV3B,20L,5
IF,IKAVO,24.386944,113.049167, ,0.0,0.0,0,0,0,0,0,0,0,0
TF,GG520,24.159306,113.110833,0, ,0.0,0.0,0.0,0.0,0,0,0,0,0,0,0,0
TF,LUPVU,24.041111,113.142778,0, ,0.0,0.0,0.0,0.0,0,0,0,0,0,0,0,0
TF,GG539,23.912722,113.356194,0, ,0.0,0.0,0.0,0.0,2,5910,0,0,0,0,0,0

STAR,IKAV3B,20R,5
IF,IKAVO,24.386944,113.049167, ,0.0,0.0,0,0,0,0,0,0,0,0
TF,GG520,24.159306,113.110833,0, ,0.0,0.0,0.0,0.0,0,0,0,0,0,0,0,0
TF,LUPVU,24.041111,113.142778,0, ,0.0,0.0,0.0,0.0,0,0,0,0,0,0,0,0
TF,GG539,23.912722,113.356194,0, ,0.0,0.0,0.0,0.0,2,5910,0,0,0,0,0,0

STAR,IKAV3C,01,5
IF,IKAVO,24.386944,113.049167, ,0.0,0.0,0,0,0,0,0,0,0,0
TF,GG444,24.159361,113.110833,0, ,0.0,0.0,0.0,0.0,0,0,0,0,0,0,0,0
TF,LUPVU,24.041111,113.142778,0, ,0.0,0.0,0.0,0.0,0,0,0,0,0,0,0,0
TF,GG443,23.946361,113.168389,0, ,0.0,0.0,0.0,0.0,0,0,0,0,0,0,0,0
TF,TAN,23.668333,113.241667,0, ,0.0,0.0,0.0,0.0,0,0,0,0,0,0,0,0
TF,GG442,23.486389,113.203889,0, ,0.0,0.0,0.0,0.0,0,0,0,0,0,0,0,0
TF,GG441,23.343611,113.174278,0, ,0.0,0.0,0.0,0.0,0,0,0,0,0,0,0,0
TF,GG440,23.236722,113.152167,0, ,0.0,0.0,0.0,0.0,0,0,0,0,0,0,0,0
TF,GG439,23.171000,113.138639,0, ,0.0,0.0,0.0,0.0,0,0,0,0,0,0,0,0
TF,GG437,23.058889,113.115833,0, ,0.0,0.0,0.0,0.0,2,5910,0,0,0,0,0,0
TF,GG422,22.987917,113.096833,0, ,0.0,0.0,0.0,0.0,2,5910,0,0,0,0,0,0

STAR,IKAV3D,19,5
IF,IKAVO,24.386944,113.049167, ,0.0,0.0,0,0,0,0,0,0,0,0
TF,GG520,24.159306,113.110833,0, ,0.0,0.0,0.0,0.0,0,0,0,0,0,0,0,0
TF,LUPVU,24.041111,113.142778,0, ,0.0,0.0,0.0,0.0,0,0,0,0,0,0,0,0
TF,GG519,23.760083,113.154917,0, ,0.0,0.0,0.0,0.0,0,0,0,0,0,0,0,0
TF,GG511,23.736528,113.257194,0, ,0.0,0.0,0.0,0.0,2,4930,0,0,0,0,0,0

STAR,IRTA3M,01,5
IF,IRTAT,24.380278,113.720833, ,0.0,0.0,2,13800,0,1,250,0,0,0
TF,GG802,24.291111,113.705833,0, ,0.0,0.0,0.0,0.0,2,13800,0,1,250,0,0,0
TF,GG803,24.261667,113.798889,0, ,0.0,0.0,0.0,0.0,2,13800,0,1,250,0,0,0
TF,GG804,24.219167,113.885833,0, ,0.0,0.0,0.0,0.0,2,13800,0,1,250,0,0,0
TF,GG805,24.165000,113.964444,0, ,0.0,0.0,0.0,0.0,2,13800,0,1,250,0,0,0
TF,GG806,24.100556,114.033333,0, ,0.0,0.0,0.0,0.0,2,13800,0,1,250,0,0,0
TF,GG807,24.026944,114.090278,0, ,0.0,0.0,0.0,0.0,2,13800,0,1,250,0,0,0
TF,GG820,23.723333,113.544167,2, ,0.0,0.0,0.0,0.0,2,10800,0,1,250,0,0,0
TF,GG821,23.640556,113.510278,0, ,0.0,0.0,0.0,0.0,0,0,0,0,0,0,0,0
TF,GG442,23.486389,113.203889,0, ,0.0,0.0,0.0,0.0,0,0,0,0,0,0,0,0
TF,GG441,23.343611,113.174278,0, ,0.0,0.0,0.0,0.0,0,0,0,0,0,0,0,0
TF,GG440,23.236722,113.152167,0, ,0.0,0.0,0.0,0.0,0,0,0,0,0,0,0,0
TF,GG439,23.171000,113.138639,0, ,0.0,0.0,0.0,0.0,0,0,0,0,0,0,0,0
TF,GG437,23.058889,113.115833,0, ,0.0,0.0,0.0,0.0,2,5910,0,0,0,0,0,0

STAR,IRTA3P,02L,5
IF,IRTAT,24.380278,113.720833, ,0.0,0.0,2,13800,0,1,250,0,0,0
TF,GG802,24.291111,113.705833,0, ,0.0,0.0,0.0,0.0,2,13800,0,1,250,0,0,0
TF,GG803,24.261667,113.798889,0, ,0.0,0.0,0.0,0.0,2,13800,0,1,250,0,0,0
TF,GG804,24.219167,113.885833,0, ,0.0,0.0,0.0,0.0,2,13800,0,1,250,0,0,0
TF,GG805,24.165000,113.964444,0, ,0.0,0.0,0.0,0.0,2,13800,0,1,250,0,0,0
TF,GG806,24.100556,114.033333,0, ,0.0,0.0,0.0,0.0,2,13800,0,1,250,0,0,0
TF,GG807,24.026944,114.090278,0, ,0.0,0.0,0.0,0.0,2,13800,0,1,250,0,0,0
TF,GG820,23.723333,113.544167,2, ,0.0,0.0,0.0,0.0,2,10800,0,1,250,0,0,0
TF,GG821,23.640556,113.510278,0, ,0.0,0.0,0.0,0.0,0,0,0,0,0,0,0,0
TF,GG431,23.435278,113.426111,0, ,0.0,0.0,0.0,0.0,0,0,0,0,0,0,0,0
TF,GG428,23.233056,113.371389,0, ,0.0,0.0,0.0,0.0,0,0,0,0,0,0,0,0
TF,GG427,23.137389,113.345694,0, ,0.0,0.0,0.0,0.0,0,0,0,0,0,0,0,0
TF,GG426,23.072333,113.328222,0, ,0.0,0.0,0.0,0.0,0,0,0,0,0,0,0,0
TF,GG424,23.013611,113.312500,0, ,0.0,0.0,0.0,0.0,2,6890,0,0,0,0,0,0

STAR,IRTA3P,02R,5
IF,IRTAT,24.380278,113.720833, ,0.0,0.0,2,13800,0,1,250,0,0,0
TF,GG802,24.291111,113.705833,0, ,0.0,0.0,0.0,0.0,2,13800,0,1,250,0,0,0
TF,GG803,24.261667,113.798889,0, ,0.0,0.0,0.0,0.0,2,13800,0,1,250,0,0,0
TF,GG804,24.219167,113.885833,0, ,0.0,0.0,0.0,0.0,2,13800,0,1,250,0,0,0
TF,GG805,24.165000,113.964444,0, ,0.0,0.0,0.0,0.0,2,13800,0,1,250,0,0,0
TF,GG806,24.100556,114.033333,0, ,0.0,0.0,0.0,0.0,2,13800,0,1,250,0,0,0
TF,GG807,24.026944,114.090278,0, ,0.0,0.0,0.0,0.0,2,13800,0,1,250,0,0,0
TF,GG820,23.723333,113.544167,2, ,0.0,0.0,0.0,0.0,2,10800,0,1,250,0,0,0
TF,GG821,23.640556,113.510278,0, ,0.0,0.0,0.0,0.0,0,0,0,0,0,0,0,0
TF,GG431,23.435278,113.426111,0, ,0.0,0.0,0.0,0.0,0,0,0,0,0,0,0,0
TF,GG428,23.233056,113.371389,0, ,0.0,0.0,0.0,0.0,0,0,0,0,0,0,0,0
TF,GG427,23.137389,113.345694,0, ,0.0,0.0,0.0,0.0,0,0,0,0,0,0,0,0
TF,GG426,23.072333,113.328222,0, ,0.0,0.0,0.0,0.0,0,0,0,0,0,0,0,0
TF,GG424,23.013611,113.312500,0, ,0.0,0.0,0.0,0.0,2,6890,0,0,0,0,0,0

STAR,OLP81A,ALL,2
IF,OLPAB,24.083333,114.213889, ,0.0,0.0,0,0,0,0,0,0,0,0
TF,IGONO,23.965833,114.064722,0, ,0.0,0.0,0.0,0.0,0,0,0,0,0,0,0,0
TF,D052V,23.830000,113.890000,0, ,0.0,0.0,0.0,0.0,3,12800,0,0,0,0,0,0
TF,CON,23.588333,113.586667,0, ,0.0,0.0,0.0,0.0,2,8860,0,0,0,0,0,0
TF,D202M,23.391644,113.509944,0, ,0.0,0.0,0.0,0.0,2,8860,0,0,0,0,0,0

STAR,OLP81A,01,3
IF,D202M,23.391644,113.509944, ,0.0,0.0,2,8860,0,0,0,0,0,0
TF,CEN,23.151667,113.416667,0, ,0.0,0.0,0.0,0.0,2,6890,0,0,0,0,0,0

STAR,OLP81A,02L,3
IF,D202M,23.391644,113.509944, ,0.0,0.0,2,8860,0,0,0,0,0,0
TF,CEN,23.151667,113.416667,0, ,0.0,0.0,0.0,0.0,2,6890,0,0,0,0,0,0

STAR,OLP81A,02R,3
IF,D202M,23.391644,113.509944, ,0.0,0.0,2,8860,0,0,0,0,0,0
TF,CEN,23.151667,113.416667,0, ,0.0,0.0,0.0,0.0,2,6890,0,0,0,0,0,0

STAR,OLP83A,ALL,2
IF,OLPAB,24.083333,114.213889, ,0.0,0.0,0,0,0,0,0,0,0,0
TF,IGONO,23.965833,114.064722,0, ,0.0,0.0,0.0,0.0,0,0,0,0,0,0,0,0
TF,D052V,23.830000,113.890000,0, ,0.0,0.0,0.0,0.0,3,12800,0,0,0,0,0,0
TF,TAN,23.668333,113.241667,0, ,0.0,0.0,0.0,0.0,2,11800,0,0,0,0,0,0
TF,D194P,23.408333,113.183333,0, ,0.0,0.0,0.0,0.0,2,7880,0,0,0,0,0,0

STAR,OLP83A,01,3
IF,D194P,23.408333,113.183333, ,0.0,0.0,2,7880,0,0,0,0,0,0
TF,TAN32,23.141667,113.125000,0, ,0.0,0.0,0.0,0.0,2,4930,0,0,0,0,0,0

STAR,OLP83A,02L,3
IF,D194P,23.408333,113.183333, ,0.0,0.0,2,7880,0,0,0,0,0,0
TF,TAN32,23.141667,113.125000,0, ,0.0,0.0,0.0,0.0,2,4930,0,0,0,0,0,0

STAR,OLP83A,02R,3
IF,D194P,23.408333,113.183333, ,0.0,0.0,2,7880,0,0,0,0,0,0
TF,TAN32,23.141667,113.125000,0, ,0.0,0.0,0.0,0.0,2,4930,0,0,0,0,0,0

STAR,OLP91A,ALL,2
IF,OLPAB,24.083333,114.213889, ,0.0,0.0,0,0,0,0,0,0,0,0
TF,IGONO,23.965833,114.064722,0, ,0.0,0.0,0.0,0.0,0,0,0,0,0,0,0,0
TF,D052V,23.830000,113.890000,0, ,0.0,0.0,0.0,0.0,3,12800,0,0,0,0,0,0

STAR,OLP91A,19,3
IF,D052V,23.830000,113.890000, ,0.0,0.0,3,12800,0,0,0,0,0,0
TF,CON,23.588333,113.586667,0, ,0.0,0.0,0.0,0.0,2,4930,0,0,0,0,0,0

STAR,OLP91A,20L,3
IF,D052V,23.830000,113.890000, ,0.0,0.0,3,12800,0,0,0,0,0,0
TF,CON,23.588333,113.586667,0, ,0.0,0.0,0.0,0.0,2,4930,0,0,0,0,0,0

STAR,OLP91A,20R,3
IF,D052V,23.830000,113.890000, ,0.0,0.0,3,12800,0,0,0,0,0,0
TF,CON,23.588333,113.586667,0, ,0.0,0.0,0.0,0.0,2,4930,0,0,0,0,0,0

STAR,OLPA3A,02L,5
IF,OLPAB,24.083333,114.213889, ,0.0,0.0,0,0,0,0,0,0,0,0
TF,IGONO,23.965833,114.064722,0, ,0.0,0.0,0.0,0.0,0,0,0,0,0,0,0,0
TF,GG434,23.900972,113.982083,0, ,0.0,0.0,0.0,0.0,0,0,0,0,0,0,0,0
TF,GG433,23.831667,113.893611,0, ,0.0,0.0,0.0,0.0,0,0,0,0,0,0,0,0
TF,GG435,23.751389,113.537778,0, ,0.0,0.0,0.0,0.0,0,0,0,0,0,0,0,0
TF,GG432,23.633194,113.495972,0, ,0.0,0.0,0.0,0.0,0,0,0,0,0,0,0,0
TF,GG431,23.435278,113.426111,0, ,0.0,0.0,0.0,0.0,0,0,0,0,0,0,0,0
TF,GG428,23.233056,113.371389,0, ,0.0,0.0,0.0,0.0,0,0,0,0,0,0,0,0
TF,GG427,23.137389,113.345694,0, ,0.0,0.0,0.0,0.0,0,0,0,0,0,0,0,0
TF,GG426,23.072333,113.328222,0, ,0.0,0.0,0.0,0.0,0,0,0,0,0,0,0,0
TF,GG424,23.013611,113.312500,0, ,0.0,0.0,0.0,0.0,2,6890,0,0,0,0,0,0

STAR,OLPA3A,02R,5
IF,OLPAB,24.083333,114.213889, ,0.0,0.0,0,0,0,0,0,0,0,0
TF,IGONO,23.965833,114.064722,0, ,0.0,0.0,0.0,0.0,0,0,0,0,0,0,0,0
TF,GG434,23.900972,113.982083,0, ,0.0,0.0,0.0,0.0,0,0,0,0,0,0,0,0
TF,GG433,23.831667,113.893611,0, ,0.0,0.0,0.0,0.0,0,0,0,0,0,0,0,0
TF,GG435,23.751389,113.537778,0, ,0.0,0.0,0.0,0.0,0,0,0,0,0,0,0,0
TF,GG432,23.633194,113.495972,0, ,0.0,0.0,0.0,0.0,0,0,0,0,0,0,0,0
TF,GG431,23.435278,113.426111,0, ,0.0,0.0,0.0,0.0,0,0,0,0,0,0,0,0
TF,GG428,23.233056,113.371389,0, ,0.0,0.0,0.0,0.0,0,0,0,0,0,0,0,0
TF,GG427,23.137389,113.345694,0, ,0.0,0.0,0.0,0.0,0,0,0,0,0,0,0,0
TF,GG426,23.072333,113.328222,0, ,0.0,0.0,0.0,0.0,0,0,0,0,0,0,0,0
TF,GG424,23.013611,113.312500,0, ,0.0,0.0,0.0,0.0,2,6890,0,0,0,0,0,0

STAR,OLPA3B,20L,5
IF,OLPAB,24.083333,114.213889, ,0.0,0.0,0,0,0,0,0,0,0,0
TF,IGONO,23.965833,114.064722,0, ,0.0,0.0,0.0,0.0,0,0,0,0,0,0,0,0
TF,GG528,23.860000,113.995000,0, ,0.0,0.0,0.0,0.0,0,0,0,0,0,0,0,0
TF,GG527,23.651667,113.856111,0, ,0.0,0.0,0.0,0.0,0,0,0,0,0,0,0,0
TF,GG526,23.558028,113.767167,0, ,0.0,0.0,0.0,0.0,2,6890,0,0,0,0,0,0
TF,GG524,23.479056,113.692306,0, ,0.0,0.0,0.0,0.0,0,0,0,0,0,0,0,0
TF,GG523,23.550056,113.560250,0, ,0.0,0.0,0.0,0.0,2,4930,0,0,0,0,0,0
TF,GG522,23.598111,113.470639,0, ,0.0,0.0,0.0,0.0,0,0,0,0,0,0,0,0
TF,GG514,23.646667,113.483889,0, ,0.0,0.0,0.0,0.0,0,0,0,0,0,0,0,0
TF,GG541,23.734167,113.507222,0, ,0.0,0.0,0.0,0.0,2,2960,0,0,0,0,0,0

STAR,OLPA3B,20R,5
IF,OLPAB,24.083333,114.213889, ,0.0,0.0,0,0,0,0,0,0,0,0
TF,IGONO,23.965833,114.064722,0, ,0.0,0.0,0.0,0.0,0,0,0,0,0,0,0,0
TF,GG528,23.860000,113.995000,0, ,0.0,0.0,0.0,0.0,0,0,0,0,0,0,0,0
TF,GG527,23.651667,113.856111,0, ,0.0,0.0,0.0,0.0,0,0,0,0,0,0,0,0
TF,GG526,23.558028,113.767167,0, ,0.0,0.0,0.0,0.0,2,6890,0,0,0,0,0,0
TF,GG524,23.479056,113.692306,0, ,0.0,0.0,0.0,0.0,0,0,0,0,0,0,0,0
TF,GG523,23.550056,113.560250,0, ,0.0,0.0,0.0,0.0,2,4930,0,0,0,0,0,0
TF,GG522,23.598111,113.470639,0, ,0.0,0.0,0.0,0.0,0,0,0,0,0,0,0,0
TF,GG514,23.646667,113.483889,0, ,0.0,0.0,0.0,0.0,0,0,0,0,0,0,0,0
TF,GG541,23.734167,113.507222,0, ,0.0,0.0,0.0,0.0,2,2960,0,0,0,0,0,0

STAR,OLPA3C,01,5
IF,OLPAB,24.083333,114.213889, ,0.0,0.0,0,0,0,0,0,0,0,0
TF,IGONO,23.965833,114.064722,0, ,0.0,0.0,0.0,0.0,0,0,0,0,0,0,0,0
TF,GG434,23.900972,113.982083,0, ,0.0,0.0,0.0,0.0,0,0,0,0,0,0,0,0
TF,GG433,23.831667,113.893611,0, ,0.0,0.0,0.0,0.0,0,0,0,0,0,0,0,0
TF,GG435,23.751389,113.537778,0, ,0.0,0.0,0.0,0.0,0,0,0,0,0,0,0,0
TF,GG432,23.633194,113.495972,0, ,0.0,0.0,0.0,0.0,0,0,0,0,0,0,0,0
TF,GG431,23.435278,113.426111,0, ,0.0,0.0,0.0,0.0,0,0,0,0,0,0,0,0
TF,GG441,23.343611,113.174278,0, ,0.0,0.0,0.0,0.0,0,0,0,0,0,0,0,0
TF,GG440,23.236722,113.152167,0, ,0.0,0.0,0.0,0.0,0,0,0,0,0,0,0,0
TF,GG439,23.171000,113.138639,0, ,0.0,0.0,0.0,0.0,0,0,0,0,0,0,0,0
TF,GG437,23.058889,113.115833,0, ,0.0,0.0,0.0,0.0,2,5910,0,0,0,0,0,0
TF,GG422,22.987917,113.096833,0, ,0.0,0.0,0.0,0.0,2,5910,0,0,0,0,0,0

STAR,OLPA3D,19,5
IF,OLPAB,24.083333,114.213889, ,0.0,0.0,0,0,0,0,0,0,0,0
TF,IGONO,23.965833,114.064722,0, ,0.0,0.0,0.0,0.0,0,0,0,0,0,0,0,0
TF,GG518,23.989167,113.449444,0, ,0.0,0.0,0.0,0.0,2,5910,0,0,0,0,0,0
TF,GG513,23.884722,113.421111,0, ,0.0,0.0,0.0,0.0,2,4930,0,0,0,0,0,0

STAR,OLPA3F,20L,5
IF,OLPAB,24.083333,114.213889, ,0.0,0.0,0,0,0,0,0,0,0,0
TF,IGONO,23.965833,114.064722,0, ,0.0,0.0,0.0,0.0,0,0,0,0,0,0,0,0
TF,GG528,23.860000,113.995000,0, ,0.0,0.0,0.0,0.0,0,0,0,0,0,0,0,0
TF,GG527,23.651667,113.856111,0, ,0.0,0.0,0.0,0.0,0,0,0,0,0,0,0,0
TF,GG540,23.695278,113.672500,0, ,0.0,0.0,0.0,0.0,2,4930,0,0,0,0,0,0
TF,GG541,23.734167,113.507222,0, ,0.0,0.0,0.0,0.0,2,2960,0,0,0,0,0,0

STAR,OLPA3F,20R,5
IF,OLPAB,24.083333,114.213889, ,0.0,0.0,0,0,0,0,0,0,0,0
TF,IGONO,23.965833,114.064722,0, ,0.0,0.0,0.0,0.0,0,0,0,0,0,0,0,0
TF,GG528,23.860000,113.995000,0, ,0.0,0.0,0.0,0.0,0,0,0,0,0,0,0,0
TF,GG527,23.651667,113.856111,0, ,0.0,0.0,0.0,0.0,0,0,0,0,0,0,0,0
TF,GG540,23.695278,113.672500,0, ,0.0,0.0,0.0,0.0,2,4930,0,0,0,0,0,0
TF,GG541,23.734167,113.507222,0, ,0.0,0.0,0.0,0.0,2,2960,0,0,0,0,0,0

STAR,OLPA3M,01,5
IF,OLPAB,24.083333,114.213889, ,0.0,0.0,2,14800,0,1,250,0,0,0
TF,GG814,23.995556,113.995833,0, ,0.0,0.0,0.0,0.0,2,14800,0,1,250,0,0,0
TF,GG815,24.066389,113.934722,0, ,0.0,0.0,0.0,0.0,2,14800,0,1,250,0,0,0
TF,GG816,24.125556,113.860833,0, ,0.0,0.0,0.0,0.0,2,14800,0,1,250,0,0,0
TF,GG817,24.171944,113.776111,0, ,0.0,0.0,0.0,0.0,2,14800,0,1,250,0,0,0
TF,GG818,24.203056,113.683611,0, ,0.0,0.0,0.0,0.0,2,14800,0,1,250,0,0,0
TF,GG819,24.218333,113.586667,0, ,0.0,0.0,0.0,0.0,2,14800,0,1,250,0,0,0
TF,GG820,23.723333,113.544167,1, ,0.0,0.0,0.0,0.0,2,10800,0,1,250,0,0,0
TF,GG821,23.640556,113.510278,0, ,0.0,0.0,0.0,0.0,0,0,0,0,0,0,0,0
TF,GG442,23.486389,113.203889,0, ,0.0,0.0,0.0,0.0,0,0,0,0,0,0,0,0
TF,GG441,23.343611,113.174278,0, ,0.0,0.0,0.0,0.0,0,0,0,0,0,0,0,0
TF,GG440,23.236722,113.152167,0, ,0.0,0.0,0.0,0.0,0,0,0,0,0,0,0,0
TF,GG439,23.171000,113.138639,0, ,0.0,0.0,0.0,0.0,0,0,0,0,0,0,0,0
TF,GG437,23.058889,113.115833,0, ,0.0,0.0,0.0,0.0,2,5910,0,0,0,0,0,0

STAR,OLPA3P,02L,5
IF,OLPAB,24.083333,114.213889, ,0.0,0.0,2,14800,0,1,250,0,0,0
TF,GG814,23.995556,113.995833,0, ,0.0,0.0,0.0,0.0,2,14800,0,1,250,0,0,0
TF,GG815,24.066389,113.934722,0, ,0.0,0.0,0.0,0.0,2,14800,0,1,250,0,0,0
TF,GG816,24.125556,113.860833,0, ,0.0,0.0,0.0,0.0,2,14800,0,1,250,0,0,0
TF,GG817,24.171944,113.776111,0, ,0.0,0.0,0.0,0.0,2,14800,0,1,250,0,0,0
TF,GG818,24.203056,113.683611,0, ,0.0,0.0,0.0,0.0,2,14800,0,1,250,0,0,0
TF,GG819,24.218333,113.586667,0, ,0.0,0.0,0.0,0.0,2,14800,0,1,250,0,0,0
TF,GG820,23.723333,113.544167,1, ,0.0,0.0,0.0,0.0,2,10800,0,1,250,0,0,0
TF,GG821,23.640556,113.510278,0, ,0.0,0.0,0.0,0.0,0,0,0,0,0,0,0,0
TF,GG431,23.435278,113.426111,0, ,0.0,0.0,0.0,0.0,0,0,0,0,0,0,0,0
TF,GG428,23.233056,113.371389,0, ,0.0,0.0,0.0,0.0,0,0,0,0,0,0,0,0
TF,GG427,23.137389,113.345694,0, ,0.0,0.0,0.0,0.0,0,0,0,0,0,0,0,0
TF,GG426,23.072333,113.328222,0, ,0.0,0.0,0.0,0.0,0,0,0,0,0,0,0,0
TF,GG424,23.013611,113.312500,0, ,0.0,0.0,0.0,0.0,2,6890,0,0,0,0,0,0

STAR,OLPA3P,02R,5
IF,OLPAB,24.083333,114.213889, ,0.0,0.0,2,14800,0,1,250,0,0,0
TF,GG814,23.995556,113.995833,0, ,0.0,0.0,0.0,0.0,2,14800,0,1,250,0,0,0
TF,GG815,24.066389,113.934722,0, ,0.0,0.0,0.0,0.0,2,14800,0,1,250,0,0,0
TF,GG816,24.125556,113.860833,0, ,0.0,0.0,0.0,0.0,2,14800,0,1,250,0,0,0
TF,GG817,24.171944,113.776111,0, ,0.0,0.0,0.0,0.0,2,14800,0,1,250,0,0,0
TF,GG818,24.203056,113.683611,0, ,0.0,0.0,0.0,0.0,2,14800,0,1,250,0,0,0
TF,GG819,24.218333,113.586667,0, ,0.0,0.0,0.0,0.0,2,14800,0,1,250,0,0,0
TF,GG820,23.723333,113.544167,1, ,0.0,0.0,0.0,0.0,2,10800,0,1,250,0,0,0
TF,GG821,23.640556,113.510278,0, ,0.0,0.0,0.0,0.0,0,0,0,0,0,0,0,0
TF,GG431,23.435278,113.426111,0, ,0.0,0.0,0.0,0.0,0,0,0,0,0,0,0,0
TF,GG428,23.233056,113.371389,0, ,0.0,0.0,0.0,0.0,0,0,0,0,0,0,0,0
TF,GG427,23.137389,113.345694,0, ,0.0,0.0,0.0,0.0,0,0,0,0,0,0,0,0
TF,GG426,23.072333,113.328222,0, ,0.0,0.0,0.0,0.0,0,0,0,0,0,0,0,0
TF,GG424,23.013611,113.312500,0, ,0.0,0.0,0.0,0.0,2,6890,0,0,0,0,0,0

APPTR,I01-Y,01,AGVOS
IF,AGVOS,23.066667,113.081667, ,0.0,0.0,2,5910,0,0,0,0,1,0
CR,0,POU,320.0,106.0,0,0,0,0,0,0,0,0
CF,CI01,23.040539,113.192981,0,IOO,196.0,22.8,16.0,2.0,2,3940,0,0,0,0,1,0

APPTR,I01-Y,01,CEN
IF,CEN,23.151667,113.416667, ,0.0,0.0,2,6890,0,0,0,0,1,0
CF,D202I,23.010222,113.361056,0,CEN,202.0,9.0,202.0,9.0,2,6890,0,0,0,0,0,1
CF,D104B,23.014011,113.228875,0,POU,104.0,2.2,284.0,8.0,0,0,0,0,0,0,0,1
CF,CI01,23.040539,113.192981,2,IOO,196.0,22.8,16.0,4.0,2,3940,0,0,0,0,1,0

APPTR,I01-Y,01,TAN32
IF,TAN32,23.141667,113.125000, ,0.0,0.0,2,4930,0,0,0,0,1,0
CR,0,POU,314.0,194.0,0,0,0,0,0,0,0,0
CR,0,POU,320.0,106.0,0,0,0,0,0,0,0,0
VI,1,IOO,0.0,46.0,2,3940,0,0,0,0,0,0

FINAL,I01-Y,01,I,3
IF,CI01,23.040539,113.192981,IOO,196.0,22.8,2,3940,0,0,0,0,0,0
CF,FI01,23.280769,113.257547,0,IOO,196.0,8.0,16.0,14.8,1,1970,0,0,0,0,2,0
CF,RW01,23.376944,113.283506,0,IOO,196.0,2.1,16.0,5.9,1,96,0,0,0,0,3,0
CA,0,16.0,2,500,0,0,0,0,0,0
CF,D001D,23.471722,113.291603,0,TAN,168.8,12.1,1.0,3.8,0,0,0,1,200,0,0,0
CF,TAN,23.668333,113.241667,0,TAN,0.0,0.0,348.0,12.1,1,2960,0,0,0,0,0,0
FD,TAN,23.668333,113.241667,0,TAN,0.0,12.5,18.0,12.5,1,4930,0,0,0,0,0,0
CF,DBDNG,23.828333,113.626667,2,CON,10.7,14.5,108.0,17.0,1,4930,0,0,0,0,0,0
HM,DBDNG,23.828333,113.626667,1, ,0.0,0.0,191.0,04,0,0,0,1,205,0,0,0,0

APPTR,I01-Z,01,GG422
IF,GG422,22.987917,113.096833, ,0.0,0.0,2,5910,0,0,0,0,1,0
TF,GG416,22.970167,113.174083,0, ,0.0,0.0,0.0,0.0,2,5910,0,0,0,0,0,0
TF,GG207,23.041111,113.193333,0,IOO,0.0,0.0,0.0,0.0,2,4930,0,0,0,0,1,0

APPTR,I01-Z,01,GG424
IF,GG424,23.013611,113.312500, ,0.0,0.0,2,6890,0,0,0,0,1,0
TF,GG423,22.908472,113.284250,0, ,0.0,0.0,0.0,0.0,0,0,0,0,0,0,0,0
TF,GG419,22.935972,113.164917,0, ,0.0,0.0,0.0,0.0,0,0,0,0,0,0,0,0
TF,GG416,22.970167,113.174083,0, ,0.0,0.0,0.0,0.0,2,5910,0,0,0,0,0,0
TF,GG207,23.041111,113.193333,0,IOO,0.0,0.0,0.0,0.0,2,4930,0,0,0,0,1,0

APPTR,I01-Z,01,GG437
IF,GG437,23.058889,113.115833, ,0.0,0.0,2,5910,0,0,0,0,1,0
TF,GG207,23.041111,113.193333,0,IOO,0.0,0.0,0.0,0.0,2,4930,0,0,0,0,1,0

APPTR,I01-Z,01,GG446
IF,GG446,22.955194,113.069639, ,0.0,0.0,2,5910,0,0,0,0,1,0
TF,GG419,22.935972,113.164917,0, ,0.0,0.0,0.0,0.0,0,0,0,0,0,0,0,0
TF,GG416,22.970167,113.174083,0, ,0.0,0.0,0.0,0.0,2,5910,0,0,0,0,0,0
TF,GG207,23.041111,113.193333,0,IOO,0.0,0.0,0.0,0.0,2,4930,0,0,0,0,1,0

FINAL,I01-Z,01,I,3
IF,GG207,23.041111,113.193333,IOO,196.0,22.8,2,4930,0,0,0,0,0,0
CF,FI01,23.280769,113.257547,0,IOO,196.0,8.1,16.0,14.8,1,1970,0,0,0,0,2,0
CF,RW01,23.376944,113.283506,0,IOO,196.0,2.1,16.0,5.9,1,96,0,0,0,0,3,0
CA,0,16.0,2,500,0,0,0,0,0,0
CF,GG706,23.489167,113.266944,0,TAN,174.6,10.8,342.0,5.0,0,0,0,1,200,0,0,0
TF,TAN,23.668333,113.241667,0, ,0.0,0.0,0.0,0.0,1,2960,0,0,0,0,0,0
TF,GG703,23.870278,113.305556,0, ,0.0,0.0,0.0,0.0,1,4930,0,0,0,0,0,1
CF,GG708,23.828333,113.626667,2,TAN,67.6,23.3,108.0,17.8,1,4930,0,0,0,0,0,0
HM,GG708,23.828333,113.626667,1, ,0.0,0.0,191.0,04.3,2,4930,0,1,205,0,0,0,0

APPTR,I02LY,02L,AGVOS
IF,AGVOS,23.066667,113.081667, ,0.0,0.0,2,4930,0,0,0,0,1,0
CR,0,POU,348.0,106.0,0,0,0,0,0,0,0,0
CF,CI02L,23.035981,113.213858,0,IBB,196.0,23.2,16.0,2.0,2,4930,0,0,0,0,1,0

APPTR,I02LY,02L,CEN
IF,CEN,23.151667,113.416667, ,0.0,0.0,2,6890,0,0,0,0,1,0
CF,D202I,23.010222,113.361056,0,CEN,202.0,9.0,202.0,9.0,2,6890,0,0,0,0,0,1
CF,D104C,23.010878,113.244781,0,POU,104.0,3.1,284.0,7.0,2,4930,0,0,0,0,0,1
CF,CI02L,23.035981,113.213858,2,IBB,196.0,23.2,16.0,4.0,2,4930,0,0,0,0,1,0

APPTR,I02LY,02L,TAN32
IF,TAN32,23.141667,113.125000, ,0.0,0.0,2,4930,0,0,0,0,1,0
CR,0,POU,314.0,194.0,0,0,0,0,0,0,0,0
CR,0,POU,348.0,106.0,0,0,0,0,0,0,0,0
VI,1,IBB,0.0,46.0,2,4930,0,0,0,0,0,0

FINAL,I02LY,02L,I,3
IF,CI02L,23.035981,113.213858,IBB,196.0,23.2,2,4930,0,0,0,0,0,0
CF,FI02L,23.230722,113.266244,0,IBB,196.0,11.2,16.0,12.0,1,2960,0,0,0,0,2,0
CF,RW02L,23.375644,113.305331,0,IBB,196.0,2.2,16.0,8.9,1,94,0,0,0,0,3,0
CA,0,16.0,2,500,0,0,0,0,0,0
CF,CON,23.588333,113.586667,0,CON,0.0,0.0,57.0,18.3,1,4930,0,1,200,0,0,0
HM,CON,23.588333,113.586667,2, ,0.0,0.0,226.0,04.3,2,4930,0,1,205,0,0,0,0

APPTR,I02LZ,02L,GG424
IF,GG424,23.013611,113.312500, ,0.0,0.0,2,6890,0,0,0,0,1,0
TF,GG423,22.908472,113.284250,0, ,0.0,0.0,0.0,0.0,0,0,0,0,0,0,0,0
TF,GG420,22.931167,113.185750,0, ,0.0,0.0,0.0,0.0,0,0,0,0,0,0,0,0
TF,GG417,22.965361,113.194917,0, ,0.0,0.0,0.0,0.0,2,6890,0,0,0,0,0,0
TF,GG107,23.036389,113.213889,0,IBB,0.0,0.0,0.0,0.0,2,5910,0,0,0,0,1,0

APPTR,I02LZ,02L,GG446
IF,GG446,22.955194,113.069639, ,0.0,0.0,2,6890,0,0,0,0,1,0
TF,GG420,22.931167,113.185750,0, ,0.0,0.0,0.0,0.0,0,0,0,0,0,0,0,0
TF,GG417,22.965361,113.194917,0, ,0.0,0.0,0.0,0.0,2,6890,0,0,0,0,0,0
TF,GG107,23.036389,113.213889,0,IBB,0.0,0.0,0.0,0.0,2,5910,0,0,0,0,1,0

FINAL,I02LZ,02L,I,3
IF,GG107,23.036389,113.213889,IBB,196.0,23.1,2,5910,0,0,0,0,0,0
CF,FI02L,23.230722,113.266244,0,IBB,196.0,11.2,16.0,12.0,1,2960,0,0,0,0,2,0
CF,RW02L,23.375644,113.305331,0,IBB,196.0,2.2,16.0,8.9,1,94,0,0,0,0,3,0
CA,0,16.0,2,500,0,0,0,0,0,0
CF,CON,23.588333,113.586667,0,CON,0.0,0.0,57.0,18.3,2,4930,0,1,200,0,0,0
HM,CON,23.588333,113.586667,2, ,0.0,0.0,226.0,04.3,2,4930,0,1,205,0,0,0,0

APPTR,I02RY,02R,AGVOS
IF,AGVOS,23.066667,113.081667, ,0.0,0.0,2,4930,0,0,0,0,1,0
CR,0,POU,356.0,106.0,0,0,0,0,0,0,0,0
VI,0,IDM,0.0,46.0,2,4930,0,0,0,0,0,0

APPTR,I02RY,02R,CEN
IF,CEN,23.151667,113.416667, ,0.0,0.0,2,6890,0,0,0,0,1,0
CF,D202I,23.010222,113.361056,0,CEN,202.0,9.0,202.0,9.0,2,6890,0,0,0,0,0,1
CF,D104D,23.008439,113.257147,0,POU,104.0,3.8,284.0,7.0,2,4930,0,0,0,0,0,1
CF,CI02R,23.034722,113.217511,2,IDM,196.0,22.9,16.0,2.0,2,4930,0,0,0,0,1,0

APPTR,I02RY,02R,TAN32
IF,TAN32,23.141667,113.125000, ,0.0,0.0,2,4930,0,0,0,0,1,0
CR,0,POU,314.0,194.0,0,0,0,0,0,0,0,0
CR,0,POU,356.0,106.0,0,0,0,0,0,0,0,0
VI,1,IDM,0.0,46.0,2,4930,0,0,0,0,0,0

FINAL,I02RY,02R,I,3
IF,CI02R,23.034722,113.217511,IDM,196.0,22.9,2,4930,0,0,0,0,0,0
CF,FI02R,23.224592,113.268603,0,IDM,196.0,11.2,16.0,11.7,1,2960,0,0,0,0,2,0
CF,RW02R,23.369511,113.307703,0,IDM,196.0,2.2,16.0,8.9,1,94,0,0,0,0,3,0
CA,0,16.0,2,500,0,0,0,0,0,0
CF,CON,23.588333,113.586667,0,CON,0.0,0.0,59.0,18.3,1,4930,0,1,200,0,0,0
HM,CON,23.588333,113.586667,2, ,0.0,0.0,226.0,04.3,2,4930,0,1,205,0,0,0,0

APPTR,I02RZ,02R,GG424
IF,GG424,23.013611,113.312500, ,0.0,0.0,2,6890,0,0,0,0,1,0
TF,GG423,22.908472,113.284250,0, ,0.0,0.0,0.0,0.0,0,0,0,0,0,0,0,0
TF,GG421,22.930306,113.189528,0, ,0.0,0.0,0.0,0.0,0,0,0,0,0,0,0,0
TF,GG418,22.964500,113.198722,0, ,0.0,0.0,0.0,0.0,2,6890,0,0,0,0,0,0
TF,GG307,23.035556,113.218056,0,IDM,0.0,0.0,0.0,0.0,2,5910,0,0,0,0,1,0

APPTR,I02RZ,02R,GG446
IF,GG446,22.955194,113.069639, ,0.0,0.0,2,6890,0,0,0,0,1,0
TF,GG421,22.930306,113.189528,0, ,0.0,0.0,0.0,0.0,0,0,0,0,0,0,0,0
TF,GG418,22.964500,113.198722,0, ,0.0,0.0,0.0,0.0,2,6890,0,0,0,0,0,0
TF,GG307,23.035556,113.218056,0,IDM,0.0,0.0,0.0,0.0,2,5910,0,0,0,0,1,0

FINAL,I02RZ,02R,I,3
IF,GG307,23.035556,113.218056,IDM,196.0,22.8,2,5910,0,0,0,0,0,0
CF,FI02R,23.224592,113.268603,0,IDM,196.0,11.2,16.0,11.6,1,2960,0,0,0,0,2,0
CF,RW02R,23.369511,113.307703,0,IDM,196.0,2.2,16.0,8.9,1,93,0,0,0,0,3,0
CA,0,16.0,2,500,0,0,0,0,0,0
CF,CON,23.588333,113.586667,0,CON,0.0,0.0,59.0,18.3,2,4930,0,1,200,0,0,0
HM,CON,23.588333,113.586667,2, ,0.0,0.0,226.0,04.3,2,4930,0,1,205,0,0,0,0

APPTR,I19-Y,19,CON
IF,CON,23.588333,113.586667, ,0.0,0.0,2,4930,0,0,0,0,1,0
FD,CON,23.588333,113.586667,0,CON,0.0,11.8,295.0,11.8,2,3940,0,0,0,0,0,0
VI,1,IPP,0.0,226.0,2,3940,0,0,0,0,0,0

APPTR,I19-Y,19,CON28
IF,CON28,23.936514,113.246553, ,0.0,0.0,2,5910,0,0,0,0,1,0
CF,D016Z,23.790125,113.395372,0,CON,320.9,16.0,140.0,12.0,2,5910,0,0,0,0,0,0
CF,CI19,23.674942,113.364111,0,IPP,16.0,18.6,196.0,7.1,2,3940,0,0,0,0,1,0

APPTR,I19-Y,19,FOGNG
IF,FOGNG,23.863333,113.488333, ,0.0,0.0,2,5910,0,0,0,0,1,0
CF,D016Z,23.790125,113.395372,0,TAN,51.3,11.2,232.0,6.7,2,5910,0,0,0,0,0,0
CF,CI19,23.674942,113.364111,0,IPP,16.0,18.6,196.0,7.1,2,3940,0,0,0,0,1,0

APPTR,I19-Y,19,TAN
FC,TAN,23.668333,113.241667,0,TAN,0.0,0.0,16.0,1.0,2,4930,0,0,0,0,1,0
CD, ,0,0,2,TAN,0,0.0,106.0,5.4,2,3940,0,0,0,0,0,0
CF,CI19,23.674942,113.364111,2,IPP,16.0,18.6,196.0,2.0,2,3940,0,0,0,0,1,0

FINAL,I19-Y,19,I,3
IF,CI19,23.674942,113.364111,IPP,16.0,18.6,2,3940,0,0,0,0,0,0
CF,FI19,23.605178,113.345208,0,IPP,16.0,14.3,196.0,4.3,1,3940,0,0,0,0,2,0
CF,RW19,23.408483,113.292019,0,IPP,16.0,2.1,196.0,12.1,1,99,0,0,0,0,3,0
CA,0,196.0,2,690,0,0,0,0,0,0
DF,D192Q,23.396597,113.189756,2, ,0.0,0.0,4,1970,1650,1,200,0,0,0
CF,TAN,23.668333,113.241667,0,TAN,0.0,0.0,12.0,16.5,1,4930,0,0,0,0,0,0
FD,TAN,23.668333,113.241667,0,TAN,0.0,12.5,18.0,12.5,1,4930,0,0,0,0,0,0
CF,FOGNG,23.863333,113.488333,2,TAN,51.3,17.9,108.0,9.0,1,5910,0,0,0,0,0,0
HM,FOGNG,23.863333,113.488333,1, ,0.0,0.0,232.0,04.5,3,7880,0,1,205,0,0,0,0

APPTR,I19-Z,19,GG511
IF,GG511,23.736528,113.257194, ,0.0,0.0,2,4930,0,0,0,0,1,0
TF,GG206,23.709694,113.373417,0,IPP,0.0,0.0,0.0,0.0,2,4930,0,0,0,0,1,0

APPTR,I19-Z,19,GG513
IF,GG513,23.884722,113.421111, ,0.0,0.0,2,4930,0,0,0,0,1,0
TF,GG512,23.762222,113.387778,0, ,0.0,0.0,0.0,0.0,2,4930,0,0,0,0,0,0
TF,GG206,23.709694,113.373417,0,IPP,0.0,0.0,0.0,0.0,2,4930,0,0,0,0,1,0

APPTR,I19-Z,19,GG541
IF,GG541,23.734167,113.507222, ,0.0,0.0,2,4930,0,0,0,0,1,0
TF,GG512,23.762222,113.387778,0, ,0.0,0.0,0.0,0.0,2,4930,0,0,0,0,0,0
TF,GG206,23.709694,113.373417,0,IPP,0.0,0.0,0.0,0.0,2,4930,0,0,0,0,1,0

FINAL,I19-Z,19,I,3
IF,GG206,23.709694,113.373417,IPP,16.0,20.7,2,4930,0,0,0,0,0,0
CF,FI19,23.605178,113.345208,0,IPP,16.0,14.3,196.0,6.4,1,3940,0,0,0,0,2,0
CF,RW19,23.408483,113.292019,0,IPP,16.0,2.1,196.0,12.1,1,99,0,0,0,0,3,0
CF,GG701,23.358611,113.278611,0,TAN,175.7,18.6,196.0,3.1,0,0,0,0,0,0,0,1
DF,GG702,23.398333,113.188611,2, ,0.0,0.0,4,1970,1650,1,200,0,0,0
TF,TAN,23.668333,113.241667,0, ,0.0,0.0,0.0,0.0,1,4930,0,0,0,0,0,0
TF,GG703,23.870278,113.305556,0, ,0.0,0.0,0.0,0.0,1,4930,0,0,0,0,0,1
CF,GG704,23.863333,113.488333,2,TAN,51.3,17.9,108.0,10.1,1,5910,0,0,0,0,0,0
HM,GG704,23.863333,113.488333,1, ,0.0,0.0,232.0,04.3,3,7880,0,1,205,0,0,0,0

APPTR,I20LY,20L,CON
IF,CON,23.588333,113.586667, ,0.0,0.0,2,4930,0,0,0,0,1,0
FD,CON,23.588333,113.586667,0,CON,0.0,10.4,295.0,10.4,2,2960,0,0,0,0,0,0
VI,1,IXL,0.0,226.0,2,2960,0,0,0,0,0,0

APPTR,I20LY,20L,CON28
IF,CON28,23.936514,113.246553, ,0.0,0.0,2,5910,0,0,0,0,1,0
CF,D320N,23.764697,113.414036,0,CON,320.0,14.2,140.0,13.8,2,3940,0,0,0,0,0,0
CF,CI20L,23.669372,113.388903,0,IXL,16.0,18.7,196.0,5.9,2,2960,0,0,0,0,1,0

APPTR,I20LY,20L,FOGNG
IF,FOGNG,23.863333,113.488333, ,0.0,0.0,2,5910,0,0,0,0,1,0
CF,D052N,23.813325,113.429625,0,TAN,52.0,13.5,232.0,4.4,2,3940,0,0,0,0,0,0
CF,D320N,23.764697,113.414036,0,CON,320.0,14.2,196.0,3.0,2,3940,0,0,0,0,0,0
CF,CI20L,23.669372,113.388903,0,IXL,16.0,18.7,196.0,5.9,2,2960,0,0,0,0,1,0

APPTR,I20LY,20L,TAN
FC,TAN,23.668333,113.241667,0,TAN,0.0,0.0,16.0,1.0,2,4930,0,0,0,0,1,0
CD, ,0,0,2,TAN,0,0.0,106.0,6.7,2,2960,0,0,0,0,0,0
CF,CI20L,23.669372,113.388903,2,IXL,16.0,18.7,196.0,2.0,2,2960,0,0,0,0,1,0

FINAL,I20LY,20L,I,3
IF,CI20L,23.669372,113.388903,IXL,16.0,18.7,2,2960,0,0,0,0,0,0
CF,FI20L,23.531475,113.351511,0,IXL,16.0,10.2,196.0,8.5,1,2630,0,0,0,0,2,0
CF,RW20L,23.402803,113.316697,0,IXL,16.0,2.2,196.0,7.9,1,97,0,0,0,0,3,0
CA,0,196.0,2,690,0,0,0,0,0,0
CF,CON,23.588333,113.586667,1,CON,0.0,0.0,38.0,21.0,1,4930,0,1,200,0,0,0
HM,CON,23.588333,113.586667,2, ,0.0,0.0,335.0,05.5,3,7880,0,1,205,0,0,0,0

APPTR,I20LZ,20L,GG539
IF,GG539,23.912722,113.356194, ,0.0,0.0,2,5910,0,0,0,0,1,0
TF,GG538,23.861472,113.441083,0, ,0.0,0.0,0.0,0.0,2,4930,0,0,0,0,0,0
TF,GG542,23.756389,113.412500,0, ,0.0,0.0,0.0,0.0,2,2960,0,0,0,0,0,0
TF,GG306,23.668889,113.388611,0,IXL,0.0,0.0,0.0,0.0,2,2960,0,0,0,0,1,0

APPTR,I20LZ,20L,GG541
IF,GG541,23.734167,113.507222, ,0.0,0.0,2,2960,0,0,0,0,1,0
TF,GG542,23.756389,113.412500,0, ,0.0,0.0,0.0,0.0,2,2960,0,0,0,0,0,0
TF,GG306,23.668889,113.388611,0,IXL,0.0,0.0,0.0,0.0,2,2960,0,0,0,0,1,0

FINAL,I20LZ,20L,I,3
IF,GG306,23.668889,113.388611,IXL,16.0,18.6,2,2960,0,0,0,0,0,0
CF,FI20L,23.531475,113.351511,0,IXL,16.0,10.2,196.0,8.5,1,2630,0,0,0,0,2,0
CF,RW20L,23.402803,113.316697,0,IXL,16.0,2.2,196.0,7.9,1,93,0,0,0,0,3,0
CA,0,196.0,2,690,0,0,0,0,0,0
DF,CON,23.588333,113.586667,1, ,0.0,0.0,2,4930,0,1,200,0,0,0
HM,CON,23.588333,113.586667,2, ,0.0,0.0,335.0,04.3,2,4930,0,1,205,0,0,0,0

APPTR,I20RY,20R,CON
IF,CON,23.588333,113.586667, ,0.0,0.0,2,4930,0,0,0,0,1,0
FD,CON,23.588333,113.586667,0,CON,0.0,10.6,295.0,10.6,2,2960,0,0,0,0,0,0
VI,1,IAA,0.0,226.0,2,2960,0,0,0,0,0,0

APPTR,I20RY,20R,CON28
IF,CON28,23.936514,113.246553, ,0.0,0.0,2,5910,0,0,0,0,1,0
CF,D320M,23.767181,113.411600,0,CON,320.0,14.4,140.0,13.6,2,3940,0,0,0,0,0,0
CF,CI20R,23.670328,113.385078,0,IAA,16.0,18.3,196.0,6.0,2,2960,0,0,0,0,1,0

APPTR,I20RY,20R,FOGNG
IF,FOGNG,23.863333,113.488333, ,0.0,0.0,2,5910,0,0,0,0,1,0
CF,D052M,23.809031,113.424050,0,TAN,52.0,13.1,232.0,4.8,2,3940,0,0,0,0,0,0
CF,D320M,23.767181,113.411600,0,CON,320.0,14.4,196.0,2.6,2,3940,0,0,0,0,0,0
CF,CI20R,23.670328,113.385078,0,IAA,16.0,18.3,196.0,6.0,2,2960,0,0,0,0,1,0

APPTR,I20RY,20R,TAN
FC,TAN,23.668333,113.241667,0,TAN,0.0,0.0,16.0,1.0,2,4930,0,0,0,0,1,1
CD, ,0,0,2,TAN,0,0.0,106.0,6.5,2,2960,0,0,0,0,0,0
CF,CI20R,23.670328,113.385078,2,IAA,16.0,18.3,196.0,2.0,2,2960,0,0,0,0,1,0

FINAL,I20RY,20R,I,3
IF,CI20R,23.670328,113.385078,IAA,16.0,18.3,2,2960,0,0,0,0,0,0
CF,FI20R,23.535667,113.348589,0,IAA,16.0,10.0,196.0,8.3,1,2630,0,0,0,0,2,0
CF,RW20R,23.407186,113.313850,0,IAA,16.0,2.1,196.0,7.9,1,97,0,0,0,0,3,0
CA,0,196.0,2,690,0,0,0,0,0,0
CF,CON,23.588333,113.586667,1,CON,0.0,0.0,38.0,21.0,1,4930,0,1,200,0,0,0
HM,CON,23.588333,113.586667,2, ,0.0,0.0,335.0,05.5,3,7880,0,1,205,0,0,0,0

APPTR,I20RZ,20R,GG539
IF,GG539,23.912722,113.356194, ,0.0,0.0,2,5910,0,0,0,0,1,0
TF,GG537,23.862250,113.437611,0, ,0.0,0.0,0.0,0.0,2,4930,0,0,0,0,0,0
TF,GG543,23.757222,113.408889,0, ,0.0,0.0,0.0,0.0,2,2960,0,0,0,0,0,0
TF,GG106,23.669722,113.385000,0,IAA,0.0,0.0,0.0,0.0,2,2960,0,0,0,0,1,0

APPTR,I20RZ,20R,GG541
IF,GG541,23.734167,113.507222, ,0.0,0.0,2,2960,0,0,0,0,1,0
TF,GG543,23.757222,113.408889,0, ,0.0,0.0,0.0,0.0,2,2960,0,0,0,0,0,0
TF,GG106,23.669722,113.385000,0,IAA,0.0,0.0,0.0,0.0,2,2960,0,0,0,0,1,0

FINAL,I20RZ,20R,I,3
IF,GG106,23.669722,113.385000,IAA,16.0,18.3,2,2960,0,0,0,0,0,0
CF,FI20R,23.535667,113.348589,0,IAA,16.0,10.0,196.0,8.3,1,2630,0,0,0,0,2,0
CF,RW20R,23.407186,113.313850,0,IAA,16.0,2.1,196.0,7.9,1,97,0,0,0,0,3,0
CA,0,196.0,2,690,0,0,0,0,0,0
DF,CON,23.588333,113.586667,1, ,0.0,0.0,2,4930,0,1,200,0,0,0
HM,CON,23.588333,113.586667,2, ,0.0,0.0,335.0,04.3,2,4930,0,1,205,0,0,0,0

