SID,APE01D,36L,2
CD, ,0,0,0,ICR,0,0.0,1.0,6.2,0,0,0,0,0,0,0,0
CI,2, ,0.0,159.0,0,0,0,1,205,0,0,0
CF,AVMAD,28.054722,113.703889,0,DTM,86.0,31.0,115.0,21.0,0,0,0,0,0,0,0,0
TF,APESO,27.642778,113.667222,0, ,0.0,0.0,0.0,0.0,0,0,0,0,0,0,0,0

SID,APE02D,36R,2
CD, ,0,0,0,ICR,0,0.0,1.0,6.2,0,0,0,0,0,0,0,0
CI,2, ,0.0,161.0,0,0,0,1,205,0,0,0
CF,AVMAD,28.054722,113.703889,0,DTM,86.0,31.0,115.0,21.0,0,0,0,0,0,0,0,0
TF,APESO,27.642778,113.667222,0, ,0.0,0.0,0.0,0.0,0,0,0,0,0,0,0,0

SID,APE11D,18R,2
CD, ,0,0,0,IWW,0,0.0,181.0,7.0,0,0,0,0,0,0,0,0
CI,0, ,0.0,139.0,0,0,0,1,205,0,0,0
CF,DTM30,27.964478,113.694975,0,DTM,96.0,30.3,96.0,20.0,0,0,0,0,0,0,0,0
TF,APESO,27.642778,113.667222,2, ,0.0,0.0,0.0,0.0,0,0,0,0,0,0,0,0

SID,APE12D,18L,2
CD, ,0,0,0,ISL,0,0.0,181.0,7.2,0,0,0,0,0,0,0,0
CI,0, ,0.0,140.0,0,0,0,1,205,0,0,0
CF,DTM30,27.964478,113.694975,0,DTM,96.0,30.3,96.0,20.0,0,0,0,0,0,0,0,0
TF,APESO,27.642778,113.667222,2, ,0.0,0.0,0.0,0.0,0,0,0,0,0,0,0,0

SID,APE7W,18L,5
CF,HA301,28.086667,113.226083,0,DTM,44.9,8.2,183.0,6.0,0,0,0,0,0,0,0,0
TF,HA308,28.080083,113.327556,0, ,0.0,0.0,0.0,0.0,0,0,0,1,205,0,0,0
TF,HA307,28.071889,113.450778,0, ,0.0,0.0,0.0,0.0,2,4930,0,0,0,0,0,0
TF,AVMAD,28.054722,113.703889,0, ,0.0,0.0,0.0,0.0,0,0,0,0,0,0,0,0
TF,HA313,27.910528,113.690972,0, ,0.0,0.0,0.0,0.0,0,0,0,0,0,0,0,0
TF,APESO,27.642778,113.667222,0, ,0.0,0.0,0.0,0.0,0,0,0,0,0,0,0,0

SID,APE7X,36R,5
CF,HA321,28.282611,113.214000,0,DTM,18.8,18.5,358.0,5.0,0,0,0,0,0,0,0,0
TF,HA314,28.385583,113.207611,0, ,0.0,0.0,0.0,0.0,0,0,0,0,0,0,0,0
TF,LUMLU,28.398333,113.474444,0, ,0.0,0.0,0.0,0.0,0,0,0,1,205,0,0,0
TF,HA327,28.127778,113.489944,0, ,0.0,0.0,0.0,0.0,0,0,0,0,0,0,0,0
TF,HA328,28.095750,113.583944,0, ,0.0,0.0,0.0,0.0,0,0,0,0,0,0,0,0
TF,AVMAD,28.054722,113.703889,0, ,0.0,0.0,0.0,0.0,0,0,0,0,0,0,0,0
TF,APESO,27.642778,113.667222,0, ,0.0,0.0,0.0,0.0,0,0,0,0,0,0,0,0

SID,APE9W,18R,5
CF,HA301,28.086667,113.226083,0,DTM,44.9,8.2,181.0,6.0,0,0,0,0,0,0,0,0
TF,HA308,28.080083,113.327556,0, ,0.0,0.0,0.0,0.0,0,0,0,1,205,0,0,0
TF,HA307,28.071889,113.450778,0, ,0.0,0.0,0.0,0.0,2,4930,0,0,0,0,0,0
TF,AVMAD,28.054722,113.703889,0, ,0.0,0.0,0.0,0.0,0,0,0,0,0,0,0,0
TF,HA313,27.910528,113.690972,0, ,0.0,0.0,0.0,0.0,0,0,0,0,0,0,0,0
TF,APESO,27.642778,113.667222,0, ,0.0,0.0,0.0,0.0,0,0,0,0,0,0,0,0

SID,APE9X,36L,5
CF,HA321,28.282611,113.214000,0,DTM,18.8,18.5,1.0,5.0,0,0,0,0,0,0,0,0
TF,HA314,28.385583,113.207611,0, ,0.0,0.0,0.0,0.0,0,0,0,0,0,0,0,0
TF,LUMLU,28.398333,113.474444,0, ,0.0,0.0,0.0,0.0,0,0,0,1,205,0,0,0
TF,HA327,28.127778,113.489944,0, ,0.0,0.0,0.0,0.0,0,0,0,0,0,0,0,0
TF,HA328,28.095750,113.583944,0, ,0.0,0.0,0.0,0.0,0,0,0,0,0,0,0,0
TF,AVMAD,28.054722,113.703889,0, ,0.0,0.0,0.0,0.0,0,0,0,0,0,0,0,0
TF,APESO,27.642778,113.667222,0, ,0.0,0.0,0.0,0.0,0,0,0,0,0,0,0,0

SID,LLC01D,36L,2
CD, ,0,0,0,ICR,0,0.0,1.0,9.2,0,0,0,0,0,0,0,0
CF,D029L,28.171108,113.223825,2,DTM,29.0,12.4,209.0,9.0,2,9850,0,1,205,0,0,0
TF,DTM,27.983333,113.125000,0, ,0.0,0.0,0.0,0.0,0,0,0,0,0,0,0,0
TF,D276F,27.987389,113.015903,0, ,0.0,0.0,0.0,0.0,0,0,0,0,0,0,0,0
TF,D276L,27.991356,112.906800,0, ,0.0,0.0,0.0,0.0,0,0,0,0,0,0,0,0
TF,OKIXA,28.010000,112.358056,0, ,0.0,0.0,0.0,0.0,0,0,0,0,0,0,0,0
TF,LLC,28.068333,112.208333,0, ,0.0,0.0,0.0,0.0,0,0,0,0,0,0,0,0

SID,LLC02D,36R,2
CD, ,0,0,0,ICR,0,0.0,1.0,9.2,0,0,0,0,0,0,0,0
CF,D029L,28.171108,113.223825,2,DTM,29.0,12.4,209.0,9.0,2,9850,0,1,205,0,0,0
TF,DTM,27.983333,113.125000,0, ,0.0,0.0,0.0,0.0,0,0,0,0,0,0,0,0
TF,D276F,27.987389,113.015903,0, ,0.0,0.0,0.0,0.0,0,0,0,0,0,0,0,0
TF,D276L,27.991356,112.906800,0, ,0.0,0.0,0.0,0.0,0,0,0,0,0,0,0,0
TF,OKIXA,28.010000,112.358056,0, ,0.0,0.0,0.0,0.0,0,0,0,0,0,0,0,0
TF,LLC,28.068333,112.208333,0, ,0.0,0.0,0.0,0.0,0,0,0,0,0,0,0,0

SID,LLC03D,36L,2
CD, ,0,0,0,ICR,0,0.0,1.0,6.2,0,0,0,0,0,0,0,0
CI,1, ,0.0,215.0,0,0,0,1,205,0,0,0
CF,D083X,28.137069,112.659694,0,LLC,83.2,24.3,263.0,24.0,0,0,0,0,0,0,0,0
TF,LLC,28.068333,112.208333,0, ,0.0,0.0,0.0,0.0,0,0,0,0,0,0,0,0

SID,LLC04D,36R,2
CD, ,0,0,0,ICR,0,0.0,1.0,6.2,0,0,0,0,0,0,0,0
CI,1, ,0.0,215.0,0,0,0,1,205,0,0,0
CF,D083X,28.137069,112.659694,0,LLC,83.2,24.3,263.0,24.0,0,0,0,0,0,0,0,0
TF,LLC,28.068333,112.208333,0, ,0.0,0.0,0.0,0.0,0,0,0,0,0,0,0,0

SID,LLC05D,36L,2
CD, ,0,0,0,ICR,0,0.0,1.0,9.2,0,0,0,0,0,0,0,0
VI,1, ,0.0,211.0,0,0,0,0,0,0,0,0
CF,D001L,28.186936,113.112956,0,DTM,0.0,12.2,181.0,7.0,2,9850,0,1,205,0,0,0
TF,DTM,27.983333,113.125000,0, ,0.0,0.0,0.0,0.0,0,0,0,0,0,0,0,0
TF,D276F,27.987389,113.015903,0, ,0.0,0.0,0.0,0.0,0,0,0,0,0,0,0,0
TF,D276L,27.991356,112.906800,0, ,0.0,0.0,0.0,0.0,0,0,0,0,0,0,0,0
TF,OKIXA,28.010000,112.358056,0, ,0.0,0.0,0.0,0.0,0,0,0,0,0,0,0,0
TF,LLC,28.068333,112.208333,0, ,0.0,0.0,0.0,0.0,0,0,0,0,0,0,0,0

SID,LLC06D,36R,2
CD, ,0,0,0,ICR,0,0.0,1.0,9.2,0,0,0,0,0,0,0,0
VI,1, ,0.0,211.0,0,0,0,0,0,0,0,0
CF,D001L,28.186936,113.112956,0,DTM,0.0,12.2,181.0,7.0,2,9850,0,1,205,0,0,0
TF,DTM,27.983333,113.125000,0, ,0.0,0.0,0.0,0.0,0,0,0,0,0,0,0,0
TF,D276F,27.987389,113.015903,0, ,0.0,0.0,0.0,0.0,0,0,0,0,0,0,0,0
TF,D276L,27.991356,112.906800,0, ,0.0,0.0,0.0,0.0,0,0,0,0,0,0,0,0
TF,OKIXA,28.010000,112.358056,0, ,0.0,0.0,0.0,0.0,0,0,0,0,0,0,0,0
TF,LLC,28.068333,112.208333,0, ,0.0,0.0,0.0,0.0,0,0,0,0,0,0,0,0

SID,LLC11D,18R,2
CD, ,0,0,0,IWW,0,0.0,181.0,9.5,0,0,0,0,0,0,0,0
DF,DTM,27.983333,113.125000,0, ,0.0,0.0,0,0,0,1,205,0,0,0
TF,D276F,27.987389,113.015903,0, ,0.0,0.0,0.0,0.0,2,7880,0,0,0,0,0,0
TF,D276L,27.991356,112.906800,0, ,0.0,0.0,0.0,0.0,2,9850,0,0,0,0,0,0
TF,OKIXA,28.010000,112.358056,0, ,0.0,0.0,0.0,0.0,0,0,0,0,0,0,0,0
TF,LLC,28.068333,112.208333,0, ,0.0,0.0,0.0,0.0,0,0,0,0,0,0,0,0

SID,LLC12D,18L,2
CD, ,0,0,0,ISL,0,0.0,181.0,9.7,0,0,0,0,0,0,0,0
DF,DTM,27.983333,113.125000,0, ,0.0,0.0,0,0,0,1,205,0,0,0
TF,D276F,27.987389,113.015903,0, ,0.0,0.0,0.0,0.0,2,7880,0,0,0,0,0,0
TF,D276L,27.991356,112.906800,0, ,0.0,0.0,0.0,0.0,2,9850,0,0,0,0,0,0
TF,OKIXA,28.010000,112.358056,0, ,0.0,0.0,0.0,0.0,0,0,0,0,0,0,0,0
TF,LLC,28.068333,112.208333,0, ,0.0,0.0,0.0,0.0,0,0,0,0,0,0,0,0

SID,LLC13D,18R,2
CD, ,0,0,0,IWW,0,0.0,181.0,9.5,0,0,0,0,0,0,0,0
CF,DTM,27.983333,113.125000,1,DTM,0.0,0.0,231.0,8.0,0,0,0,1,205,0,0,0
TF,D276F,27.987389,113.015903,0, ,0.0,0.0,0.0,0.0,2,7880,0,0,0,0,0,0
TF,D276L,27.991356,112.906800,0, ,0.0,0.0,0.0,0.0,2,9850,0,0,0,0,0,0
TF,OKIXA,28.010000,112.358056,0, ,0.0,0.0,0.0,0.0,0,0,0,0,0,0,0,0
TF,LLC,28.068333,112.208333,0, ,0.0,0.0,0.0,0.0,0,0,0,0,0,0,0,0

SID,LLC14D,18L,2
CD, ,0,0,0,ISL,0,0.0,181.0,9.7,0,0,0,0,0,0,0,0
CF,DTM,27.983333,113.125000,1,DTM,0.0,0.0,232.0,8.0,0,0,0,1,205,0,0,0
TF,D276F,27.987389,113.015903,0, ,0.0,0.0,0.0,0.0,2,7880,0,0,0,0,0,0
TF,D276L,27.991356,112.906800,0, ,0.0,0.0,0.0,0.0,2,9850,0,0,0,0,0,0
TF,OKIXA,28.010000,112.358056,0, ,0.0,0.0,0.0,0.0,0,0,0,0,0,0,0,0
TF,LLC,28.068333,112.208333,0, ,0.0,0.0,0.0,0.0,0,0,0,0,0,0,0,0

SID,LLC6W,18L,5
CF,HA301,28.086667,113.226083,0,DTM,44.9,8.2,183.0,6.0,0,0,0,0,0,0,0,0
TF,HA302,27.984833,113.232361,0, ,0.0,0.0,0.0,0.0,0,0,0,0,0,0,0,0
TF,KAPSA,27.985000,113.340556,0, ,0.0,0.0,0.0,0.0,0,0,0,0,0,0,0,0
TF,HA306,28.111167,113.336611,0, ,0.0,0.0,0.0,0.0,0,0,0,1,205,0,0,0
TF,HA301,28.086667,113.226083,0, ,0.0,0.0,0.0,0.0,0,0,0,0,0,0,0,0
TF,HA304,27.988444,113.018111,0, ,0.0,0.0,0.0,0.0,2,7880,0,0,0,0,0,0
TF,HA305,27.992167,112.908056,0, ,0.0,0.0,0.0,0.0,2,9850,0,0,0,0,0,0
TF,OKIXA,28.010000,112.358056,0, ,0.0,0.0,0.0,0.0,0,0,0,0,0,0,0,0
TF,LLC,28.068333,112.208333,0, ,0.0,0.0,0.0,0.0,0,0,0,0,0,0,0,0

SID,LLC6X,36R,5
CF,HA321,28.282611,113.214000,0,DTM,18.8,18.5,358.0,5.0,0,0,0,0,0,0,0,0
TF,HA314,28.385583,113.207611,0, ,0.0,0.0,0.0,0.0,0,0,0,0,0,0,0,0
TF,HA322,28.380056,113.095556,0, ,0.0,0.0,0.0,0.0,0,0,0,1,205,0,0,0
TF,HA323,28.232333,113.084444,0, ,0.0,0.0,0.0,0.0,2,9850,0,0,0,0,0,0
TF,HA326,28.079167,113.094083,0, ,0.0,0.0,0.0,0.0,0,0,0,0,0,0,0,0
TF,HA304,27.988444,113.018111,0, ,0.0,0.0,0.0,0.0,0,0,0,0,0,0,0,0
TF,HA305,27.992167,112.908056,0, ,0.0,0.0,0.0,0.0,0,0,0,0,0,0,0,0
TF,OKIXA,28.010000,112.358056,0, ,0.0,0.0,0.0,0.0,0,0,0,0,0,0,0,0
TF,LLC,28.068333,112.208333,0, ,0.0,0.0,0.0,0.0,0,0,0,0,0,0,0,0

SID,LLC7W,18L,5
CF,HA301,28.086667,113.226083,0,DTM,44.9,8.2,183.0,7.0,0,0,0,0,0,0,0,0
TF,HA302,27.984833,113.232361,0, ,0.0,0.0,0.0,0.0,0,0,0,0,0,0,0,0
TF,DTM,27.983333,113.125000,0, ,0.0,0.0,0.0,0.0,0,0,0,1,205,0,0,0
TF,HA304,27.988444,113.018111,0, ,0.0,0.0,0.0,0.0,2,7880,0,0,0,0,0,0
TF,HA305,27.992167,112.908056,0, ,0.0,0.0,0.0,0.0,2,9850,0,0,0,0,0,0
TF,OKIXA,28.010000,112.358056,0, ,0.0,0.0,0.0,0.0,0,0,0,0,0,0,0,0
TF,LLC,28.068333,112.208333,0, ,0.0,0.0,0.0,0.0,0,0,0,0,0,0,0,0

SID,LLC7X,36R,5
CF,HA321,28.282611,113.214000,0,DTM,18.8,18.5,358.0,5.0,0,0,0,0,0,0,0,0
TF,HA314,28.385583,113.207611,0, ,0.0,0.0,0.0,0.0,0,0,0,0,0,0,0,0
TF,LYH,28.393333,113.343333,0, ,0.0,0.0,0.0,0.0,0,0,0,1,205,0,0,0
TF,HA324,28.246722,113.350611,0, ,0.0,0.0,0.0,0.0,0,0,0,0,0,0,0,0
TF,HA325,28.185139,113.291389,0, ,0.0,0.0,0.0,0.0,2,9850,0,0,0,0,0,0
TF,HA303,27.985472,113.099972,0, ,0.0,0.0,0.0,0.0,0,0,0,0,0,0,0,0
TF,HA304,27.988444,113.018111,0, ,0.0,0.0,0.0,0.0,0,0,0,0,0,0,0,0
TF,HA305,27.992167,112.908056,0, ,0.0,0.0,0.0,0.0,0,0,0,0,0,0,0,0
TF,OKIXA,28.010000,112.358056,0, ,0.0,0.0,0.0,0.0,0,0,0,0,0,0,0,0
TF,LLC,28.068333,112.208333,0, ,0.0,0.0,0.0,0.0,0,0,0,0,0,0,0,0

SID,LLC8W,18R,5
CF,HA301,28.086667,113.226083,0,DTM,44.9,8.2,181.0,6.0,0,0,0,0,0,0,0,0
TF,HA302,27.984833,113.232361,0, ,0.0,0.0,0.0,0.0,0,0,0,0,0,0,0,0
TF,KAPSA,27.985000,113.340556,0, ,0.0,0.0,0.0,0.0,0,0,0,0,0,0,0,0
TF,HA306,28.111167,113.336611,0, ,0.0,0.0,0.0,0.0,0,0,0,1,205,0,0,0
TF,HA301,28.086667,113.226083,0, ,0.0,0.0,0.0,0.0,0,0,0,0,0,0,0,0
TF,HA304,27.988444,113.018111,0, ,0.0,0.0,0.0,0.0,2,7880,0,0,0,0,0,0
TF,HA305,27.992167,112.908056,0, ,0.0,0.0,0.0,0.0,2,9850,0,0,0,0,0,0
TF,OKIXA,28.010000,112.358056,0, ,0.0,0.0,0.0,0.0,0,0,0,0,0,0,0,0
TF,LLC,28.068333,112.208333,0, ,0.0,0.0,0.0,0.0,0,0,0,0,0,0,0,0

SID,LLC8X,36L,5
CF,HA321,28.282611,113.214000,0,DTM,18.8,18.5,1.0,5.0,0,0,0,0,0,0,0,0
TF,HA314,28.385583,113.207611,0, ,0.0,0.0,0.0,0.0,0,0,0,0,0,0,0,0
TF,HA322,28.380056,113.095556,0, ,0.0,0.0,0.0,0.0,0,0,0,1,205,0,0,0
TF,HA323,28.232333,113.084444,0, ,0.0,0.0,0.0,0.0,2,9850,0,0,0,0,0,0
TF,HA326,28.079167,113.094083,0, ,0.0,0.0,0.0,0.0,0,0,0,0,0,0,0,0
TF,HA304,27.988444,113.018111,0, ,0.0,0.0,0.0,0.0,0,0,0,0,0,0,0,0
TF,HA305,27.992167,112.908056,0, ,0.0,0.0,0.0,0.0,0,0,0,0,0,0,0,0
TF,OKIXA,28.010000,112.358056,0, ,0.0,0.0,0.0,0.0,0,0,0,0,0,0,0,0
TF,LLC,28.068333,112.208333,0, ,0.0,0.0,0.0,0.0,0,0,0,0,0,0,0,0

SID,LLC9W,18R,5
CF,HA301,28.086667,113.226083,0,DTM,44.9,8.2,181.0,7.0,0,0,0,0,0,0,0,0
TF,HA302,27.984833,113.232361,0, ,0.0,0.0,0.0,0.0,0,0,0,0,0,0,0,0
TF,DTM,27.983333,113.125000,0, ,0.0,0.0,0.0,0.0,0,0,0,1,205,0,0,0
TF,HA304,27.988444,113.018111,0, ,0.0,0.0,0.0,0.0,2,7880,0,0,0,0,0,0
TF,HA305,27.992167,112.908056,0, ,0.0,0.0,0.0,0.0,2,9850,0,0,0,0,0,0
TF,OKIXA,28.010000,112.358056,0, ,0.0,0.0,0.0,0.0,0,0,0,0,0,0,0,0
TF,LLC,28.068333,112.208333,0, ,0.0,0.0,0.0,0.0,0,0,0,0,0,0,0,0

SID,LLC9X,36L,5
CF,HA321,28.282611,113.214000,0,DTM,18.8,18.5,1.0,5.0,0,0,0,0,0,0,0,0
TF,HA314,28.385583,113.207611,0, ,0.0,0.0,0.0,0.0,0,0,0,0,0,0,0,0
TF,LYH,28.393333,113.343333,0, ,0.0,0.0,0.0,0.0,0,0,0,1,205,0,0,0
TF,HA324,28.246722,113.350611,0, ,0.0,0.0,0.0,0.0,0,0,0,0,0,0,0,0
TF,HA325,28.185139,113.291389,0, ,0.0,0.0,0.0,0.0,2,9850,0,0,0,0,0,0
TF,HA303,27.985472,113.099972,0, ,0.0,0.0,0.0,0.0,0,0,0,0,0,0,0,0
TF,HA304,27.988444,113.018111,0, ,0.0,0.0,0.0,0.0,0,0,0,0,0,0,0,0
TF,HA305,27.992167,112.908056,0, ,0.0,0.0,0.0,0.0,0,0,0,0,0,0,0,0
TF,OKIXA,28.010000,112.358056,0, ,0.0,0.0,0.0,0.0,0,0,0,0,0,0,0,0
TF,LLC,28.068333,112.208333,0, ,0.0,0.0,0.0,0.0,0,0,0,0,0,0,0,0

SID,OPO01D,36L,2
CD, ,0,0,0,ICR,0,0.0,1.0,6.2,0,0,0,0,0,0,0,0
CF,LYH,28.393333,113.343333,0,LYH,0.0,0.0,55.0,9.0,0,0,0,1,205,0,0,0
TF,LUMLU,28.398333,113.474444,0, ,0.0,0.0,0.0,0.0,0,0,0,0,0,0,0,0
TF,OPORU,28.767222,113.500833,0, ,0.0,0.0,0.0,0.0,0,0,0,0,0,0,0,0

SID,OPO02D,36R,2
CD, ,0,0,0,ICR,0,0.0,1.0,6.2,0,0,0,0,0,0,0,0
CF,LYH,28.393333,113.343333,0,LYH,0.0,0.0,54.0,9.0,0,0,0,1,205,0,0,0
TF,LUMLU,28.398333,113.474444,0, ,0.0,0.0,0.0,0.0,0,0,0,0,0,0,0,0
TF,OPORU,28.767222,113.500833,0, ,0.0,0.0,0.0,0.0,0,0,0,0,0,0,0,0

SID,OPO11D,18R,2
CD, ,0,0,0,IWW,0,0.0,181.0,9.5,0,0,0,0,0,0,0,0
CF,D086Q,28.022844,113.445786,1,DTM,86.0,17.2,86.0,9.0,0,0,0,1,205,0,0,0
TF,ISMED,28.091944,113.452500,0, ,0.0,0.0,0.0,0.0,0,0,0,0,0,0,0,0
TF,LUMLU,28.398333,113.474444,0, ,0.0,0.0,0.0,0.0,0,0,0,0,0,0,0,0
TF,OPORU,28.767222,113.500833,0, ,0.0,0.0,0.0,0.0,0,0,0,0,0,0,0,0

SID,OPO12D,18L,2
CD, ,0,0,0,ISL,0,0.0,181.0,9.7,0,0,0,0,0,0,0,0
CF,D086Q,28.022844,113.445786,1,DTM,86.0,17.2,86.0,9.0,0,0,0,1,205,0,0,0
TF,ISMED,28.091944,113.452500,0, ,0.0,0.0,0.0,0.0,0,0,0,0,0,0,0,0
TF,LUMLU,28.398333,113.474444,0, ,0.0,0.0,0.0,0.0,0,0,0,0,0,0,0,0
TF,OPORU,28.767222,113.500833,0, ,0.0,0.0,0.0,0.0,0,0,0,0,0,0,0,0

SID,OPO7W,18L,5
CF,HA301,28.086667,113.226083,0,DTM,44.9,8.2,183.0,6.0,0,0,0,0,0,0,0,0
TF,HA302,27.984833,113.232361,0, ,0.0,0.0,0.0,0.0,0,0,0,0,0,0,0,0
TF,HA312,27.985083,113.390833,0, ,0.0,0.0,0.0,0.0,0,0,0,1,205,0,0,0
TF,HA307,28.071889,113.450778,0, ,0.0,0.0,0.0,0.0,2,4930,0,0,0,0,0,0
TF,HA309,28.307639,113.467861,0, ,0.0,0.0,0.0,0.0,0,0,0,0,0,0,0,0
TF,LUMLU,28.398333,113.474444,0, ,0.0,0.0,0.0,0.0,0,0,0,0,0,0,0,0
TF,OPORU,28.767222,113.500833,0, ,0.0,0.0,0.0,0.0,0,0,0,0,0,0,0,0

SID,OPO7X,36R,5
CF,HA321,28.282611,113.214000,0,DTM,18.8,18.5,358.0,5.0,0,0,0,0,0,0,0,0
TF,HA355,28.332917,113.298667,0, ,0.0,0.0,0.0,0.0,0,0,0,1,205,0,0,0
TF,HA329,28.438389,113.477194,0, ,0.0,0.0,0.0,0.0,2,4930,0,0,0,0,0,0
TF,OPORU,28.767222,113.500833,0, ,0.0,0.0,0.0,0.0,0,0,0,0,0,0,0,0

SID,OPO9W,18R,5
CF,HA301,28.086667,113.226083,0,DTM,44.9,8.2,181.0,6.0,0,0,0,0,0,0,0,0
TF,HA302,27.984833,113.232361,0, ,0.0,0.0,0.0,0.0,0,0,0,0,0,0,0,0
TF,HA312,27.985083,113.390833,0, ,0.0,0.0,0.0,0.0,0,0,0,1,205,0,0,0
TF,HA307,28.071889,113.450778,0, ,0.0,0.0,0.0,0.0,2,4930,0,0,0,0,0,0
TF,HA309,28.307639,113.467861,0, ,0.0,0.0,0.0,0.0,0,0,0,0,0,0,0,0
TF,LUMLU,28.398333,113.474444,0, ,0.0,0.0,0.0,0.0,0,0,0,0,0,0,0,0
TF,OPORU,28.767222,113.500833,0, ,0.0,0.0,0.0,0.0,0,0,0,0,0,0,0,0

SID,OPO9X,36L,5
CF,HA321,28.282611,113.214000,0,DTM,18.8,18.5,1.0,5.0,0,0,0,0,0,0,0,0
TF,HA355,28.332917,113.298667,0, ,0.0,0.0,0.0,0.0,0,0,0,1,205,0,0,0
TF,HA329,28.438389,113.477194,0, ,0.0,0.0,0.0,0.0,2,4930,0,0,0,0,0,0
TF,OPORU,28.767222,113.500833,0, ,0.0,0.0,0.0,0.0,0,0,0,0,0,0,0,0

SID,OVT01D,36L,2
CD, ,0,0,0,ICR,0,0.0,1.0,6.2,0,0,0,0,0,0,0,0
CI,2, ,0.0,159.0,0,0,0,1,205,0,0,0
CF,AVMAD,28.054722,113.703889,0,DTM,86.0,31.0,115.0,21.0,0,0,0,0,0,0,0,0
TF,CS02,28.081861,113.933694,0, ,0.0,0.0,0.0,0.0,0,0,0,0,0,0,0,0
TF,HA311,28.112778,114.200833,0, ,0.0,0.0,0.0,0.0,0,0,0,0,0,0,0,0
TF,OVTAN,28.211389,114.347778,0, ,0.0,0.0,0.0,0.0,0,0,0,0,0,0,0,0

SID,OVT02D,36R,2
CD, ,0,0,0,ICR,0,0.0,1.0,6.2,0,0,0,0,0,0,0,0
CI,2, ,0.0,161.0,0,0,0,1,205,0,0,0
CF,AVMAD,28.054722,113.703889,0,DTM,86.0,31.0,115.0,21.0,0,0,0,0,0,0,0,0
TF,CS02,28.081861,113.933694,0, ,0.0,0.0,0.0,0.0,0,0,0,0,0,0,0,0
TF,HA311,28.112778,114.200833,0, ,0.0,0.0,0.0,0.0,0,0,0,0,0,0,0,0
TF,OVTAN,28.211389,114.347778,0, ,0.0,0.0,0.0,0.0,0,0,0,0,0,0,0,0

SID,OVT11D,18R,2
CD, ,0,0,0,IWW,0,0.0,181.0,9.5,0,0,0,0,0,0,0,0
CF,D086Q,28.022844,113.445786,1,DTM,86.0,17.2,86.0,9.0,0,0,0,1,205,0,0,0
TF,AVMAD,28.054722,113.703889,0, ,0.0,0.0,0.0,0.0,0,0,0,0,0,0,0,0
TF,CS02,28.081861,113.933694,0, ,0.0,0.0,0.0,0.0,0,0,0,0,0,0,0,0
TF,HA311,28.112778,114.200833,0, ,0.0,0.0,0.0,0.0,0,0,0,0,0,0,0,0
TF,OVTAN,28.211389,114.347778,0, ,0.0,0.0,0.0,0.0,0,0,0,0,0,0,0,0

SID,OVT12D,18L,2
CD, ,0,0,0,ISL,0,0.0,181.0,9.7,0,0,0,0,0,0,0,0
CF,D086Q,28.022844,113.445786,1,DTM,86.0,17.2,86.0,9.0,0,0,0,1,205,0,0,0
TF,AVMAD,28.054722,113.703889,0, ,0.0,0.0,0.0,0.0,0,0,0,0,0,0,0,0
TF,CS02,28.081861,113.933694,0, ,0.0,0.0,0.0,0.0,0,0,0,0,0,0,0,0
TF,HA311,28.112778,114.200833,0, ,0.0,0.0,0.0,0.0,0,0,0,0,0,0,0,0
TF,OVTAN,28.211389,114.347778,0, ,0.0,0.0,0.0,0.0,0,0,0,0,0,0,0,0

SID,OVT7W,18L,5
CF,HA301,28.086667,113.226083,0,DTM,44.9,8.2,183.0,6.0,0,0,0,0,0,0,0,0
TF,HA308,28.080083,113.327556,0, ,0.0,0.0,0.0,0.0,0,0,0,1,205,0,0,0
TF,HA307,28.071889,113.450778,0, ,0.0,0.0,0.0,0.0,2,4930,0,0,0,0,0,0
TF,AVMAD,28.054722,113.703889,0, ,0.0,0.0,0.0,0.0,0,0,0,0,0,0,0,0
TF,CS02,28.081861,113.933694,0, ,0.0,0.0,0.0,0.0,0,0,0,0,0,0,0,0
TF,HA311,28.112778,114.200833,0, ,0.0,0.0,0.0,0.0,0,0,0,0,0,0,0,0
TF,OVTAN,28.211389,114.347778,0, ,0.0,0.0,0.0,0.0,0,0,0,0,0,0,0,0

SID,OVT7X,36R,5
CF,HA321,28.282611,113.214000,0,DTM,18.8,18.5,358.0,5.0,0,0,0,0,0,0,0,0
TF,HA314,28.385583,113.207611,0, ,0.0,0.0,0.0,0.0,0,0,0,0,0,0,0,0
TF,LUMLU,28.398333,113.474444,0, ,0.0,0.0,0.0,0.0,0,0,0,1,205,0,0,0
TF,HA327,28.127778,113.489944,0, ,0.0,0.0,0.0,0.0,0,0,0,0,0,0,0,0
TF,HA328,28.095750,113.583944,0, ,0.0,0.0,0.0,0.0,0,0,0,0,0,0,0,0
TF,AVMAD,28.054722,113.703889,0, ,0.0,0.0,0.0,0.0,0,0,0,0,0,0,0,0
TF,CS02,28.081861,113.933694,0, ,0.0,0.0,0.0,0.0,0,0,0,0,0,0,0,0
TF,HA311,28.112778,114.200833,0, ,0.0,0.0,0.0,0.0,0,0,0,0,0,0,0,0
TF,OVTAN,28.211389,114.347778,0, ,0.0,0.0,0.0,0.0,0,0,0,0,0,0,0,0

SID,OVT9W,18R,5
CF,HA301,28.086667,113.226083,0,DTM,44.9,8.2,181.0,6.0,0,0,0,0,0,0,0,0
TF,HA308,28.080083,113.327556,0, ,0.0,0.0,0.0,0.0,0,0,0,1,205,0,0,0
TF,HA307,28.071889,113.450778,0, ,0.0,0.0,0.0,0.0,2,4930,0,0,0,0,0,0
TF,AVMAD,28.054722,113.703889,0, ,0.0,0.0,0.0,0.0,0,0,0,0,0,0,0,0
TF,CS02,28.081861,113.933694,0, ,0.0,0.0,0.0,0.0,0,0,0,0,0,0,0,0
TF,HA311,28.112778,114.200833,0, ,0.0,0.0,0.0,0.0,0,0,0,0,0,0,0,0
TF,OVTAN,28.211389,114.347778,0, ,0.0,0.0,0.0,0.0,0,0,0,0,0,0,0,0

SID,OVT9X,36L,5
CF,HA321,28.282611,113.214000,0,DTM,18.8,18.5,1.0,5.0,0,0,0,0,0,0,0,0
TF,HA314,28.385583,113.207611,0, ,0.0,0.0,0.0,0.0,0,0,0,0,0,0,0,0
TF,LUMLU,28.398333,113.474444,0, ,0.0,0.0,0.0,0.0,0,0,0,1,205,0,0,0
TF,HA327,28.127778,113.489944,0, ,0.0,0.0,0.0,0.0,0,0,0,0,0,0,0,0
TF,HA328,28.095750,113.583944,0, ,0.0,0.0,0.0,0.0,0,0,0,0,0,0,0,0
TF,AVMAD,28.054722,113.703889,0, ,0.0,0.0,0.0,0.0,0,0,0,0,0,0,0,0
TF,CS02,28.081861,113.933694,0, ,0.0,0.0,0.0,0.0,0,0,0,0,0,0,0,0
TF,HA311,28.112778,114.200833,0, ,0.0,0.0,0.0,0.0,0,0,0,0,0,0,0,0
TF,OVTAN,28.211389,114.347778,0, ,0.0,0.0,0.0,0.0,0,0,0,0,0,0,0,0

SID,PUK6W,18L,5
CF,HA301,28.086667,113.226083,0,DTM,44.9,8.2,183.0,6.0,0,0,0,0,0,0,0,0
TF,HA302,27.984833,113.232361,0, ,0.0,0.0,0.0,0.0,0,0,0,0,0,0,0,0
TF,KAPSA,27.985000,113.340556,0, ,0.0,0.0,0.0,0.0,0,0,0,0,0,0,0,0
TF,HA306,28.111167,113.336611,0, ,0.0,0.0,0.0,0.0,0,0,0,1,205,0,0,0
TF,HA301,28.086667,113.226083,0, ,0.0,0.0,0.0,0.0,0,0,0,0,0,0,0,0
TF,HA304,27.988444,113.018111,0, ,0.0,0.0,0.0,0.0,2,7880,0,0,0,0,0,0
TF,HA305,27.992167,112.908056,0, ,0.0,0.0,0.0,0.0,2,9850,0,0,0,0,0,0
TF,OKIXA,28.010000,112.358056,0, ,0.0,0.0,0.0,0.0,0,0,0,0,0,0,0,0
TF,CS04,27.999667,112.272750,0, ,0.0,0.0,0.0,0.0,0,0,0,0,0,0,0,0
TF,PUKAD,27.985000,112.151111,0, ,0.0,0.0,0.0,0.0,0,0,0,0,0,0,0,0

SID,PUK6X,36R,5
CF,HA321,28.282611,113.214000,0,DTM,18.8,18.5,358.0,5.0,0,0,0,0,0,0,0,0
TF,HA314,28.385583,113.207611,0, ,0.0,0.0,0.0,0.0,0,0,0,0,0,0,0,0
TF,HA322,28.380056,113.095556,0, ,0.0,0.0,0.0,0.0,0,0,0,1,205,0,0,0
TF,HA323,28.232333,113.084444,0, ,0.0,0.0,0.0,0.0,2,9850,0,0,0,0,0,0
TF,HA326,28.079167,113.094083,0, ,0.0,0.0,0.0,0.0,0,0,0,0,0,0,0,0
TF,HA304,27.988444,113.018111,0, ,0.0,0.0,0.0,0.0,0,0,0,0,0,0,0,0
TF,HA305,27.992167,112.908056,0, ,0.0,0.0,0.0,0.0,0,0,0,0,0,0,0,0
TF,OKIXA,28.010000,112.358056,0, ,0.0,0.0,0.0,0.0,0,0,0,0,0,0,0,0
TF,CS04,27.999667,112.272750,0, ,0.0,0.0,0.0,0.0,0,0,0,0,0,0,0,0
TF,PUKAD,27.985000,112.151111,0, ,0.0,0.0,0.0,0.0,0,0,0,0,0,0,0,0

SID,PUK7W,18L,5
CF,HA301,28.086667,113.226083,0,DTM,44.9,8.2,183.0,7.0,0,0,0,0,0,0,0,0
TF,HA302,27.984833,113.232361,0, ,0.0,0.0,0.0,0.0,0,0,0,0,0,0,0,0
TF,DTM,27.983333,113.125000,0, ,0.0,0.0,0.0,0.0,0,0,0,1,205,0,0,0
TF,HA304,27.988444,113.018111,0, ,0.0,0.0,0.0,0.0,2,7880,0,0,0,0,0,0
TF,HA305,27.992167,112.908056,0, ,0.0,0.0,0.0,0.0,2,9850,0,0,0,0,0,0
TF,OKIXA,28.010000,112.358056,0, ,0.0,0.0,0.0,0.0,0,0,0,0,0,0,0,0
TF,CS04,27.999667,112.272750,0, ,0.0,0.0,0.0,0.0,0,0,0,0,0,0,0,0
TF,PUKAD,27.985000,112.151111,0, ,0.0,0.0,0.0,0.0,0,0,0,0,0,0,0,0

SID,PUK7X,36R,5
CF,HA321,28.282611,113.214000,0,DTM,18.8,18.5,358.0,5.0,0,0,0,0,0,0,0,0
TF,HA314,28.385583,113.207611,0, ,0.0,0.0,0.0,0.0,0,0,0,0,0,0,0,0
TF,LYH,28.393333,113.343333,0, ,0.0,0.0,0.0,0.0,0,0,0,1,205,0,0,0
TF,HA324,28.246722,113.350611,0, ,0.0,0.0,0.0,0.0,0,0,0,0,0,0,0,0
TF,HA325,28.185139,113.291389,0, ,0.0,0.0,0.0,0.0,2,9850,0,0,0,0,0,0
TF,HA303,27.985472,113.099972,0, ,0.0,0.0,0.0,0.0,0,0,0,0,0,0,0,0
TF,HA304,27.988444,113.018111,0, ,0.0,0.0,0.0,0.0,0,0,0,0,0,0,0,0
TF,HA305,27.992167,112.908056,0, ,0.0,0.0,0.0,0.0,0,0,0,0,0,0,0,0
TF,OKIXA,28.010000,112.358056,0, ,0.0,0.0,0.0,0.0,0,0,0,0,0,0,0,0
TF,CS04,27.999667,112.272750,0, ,0.0,0.0,0.0,0.0,0,0,0,0,0,0,0,0
TF,PUKAD,27.985000,112.151111,0, ,0.0,0.0,0.0,0.0,0,0,0,0,0,0,0,0

SID,PUK8W,18R,5
CF,HA301,28.086667,113.226083,0,DTM,44.9,8.2,181.0,6.0,0,0,0,0,0,0,0,0
TF,HA302,27.984833,113.232361,0, ,0.0,0.0,0.0,0.0,0,0,0,0,0,0,0,0
TF,KAPSA,27.985000,113.340556,0, ,0.0,0.0,0.0,0.0,0,0,0,0,0,0,0,0
TF,HA306,28.111167,113.336611,0, ,0.0,0.0,0.0,0.0,0,0,0,1,205,0,0,0
TF,HA301,28.086667,113.226083,0, ,0.0,0.0,0.0,0.0,0,0,0,0,0,0,0,0
TF,HA304,27.988444,113.018111,0, ,0.0,0.0,0.0,0.0,2,7880,0,0,0,0,0,0
TF,HA305,27.992167,112.908056,0, ,0.0,0.0,0.0,0.0,2,9850,0,0,0,0,0,0
TF,OKIXA,28.010000,112.358056,0, ,0.0,0.0,0.0,0.0,0,0,0,0,0,0,0,0
TF,CS04,27.999667,112.272750,0, ,0.0,0.0,0.0,0.0,0,0,0,0,0,0,0,0
TF,PUKAD,27.985000,112.151111,0, ,0.0,0.0,0.0,0.0,0,0,0,0,0,0,0,0

SID,PUK8X,36L,5
CF,HA321,28.282611,113.214000,0,DTM,18.8,18.5,1.0,5.0,0,0,0,0,0,0,0,0
TF,HA314,28.385583,113.207611,0, ,0.0,0.0,0.0,0.0,0,0,0,0,0,0,0,0
TF,HA322,28.380056,113.095556,0, ,0.0,0.0,0.0,0.0,0,0,0,1,205,0,0,0
TF,HA323,28.232333,113.084444,0, ,0.0,0.0,0.0,0.0,2,9850,0,0,0,0,0,0
TF,HA326,28.079167,113.094083,0, ,0.0,0.0,0.0,0.0,0,0,0,0,0,0,0,0
TF,HA304,27.988444,113.018111,0, ,0.0,0.0,0.0,0.0,0,0,0,0,0,0,0,0
TF,HA305,27.992167,112.908056,0, ,0.0,0.0,0.0,0.0,0,0,0,0,0,0,0,0
TF,OKIXA,28.010000,112.358056,0, ,0.0,0.0,0.0,0.0,0,0,0,0,0,0,0,0
TF,CS04,27.999667,112.272750,0, ,0.0,0.0,0.0,0.0,0,0,0,0,0,0,0,0
TF,PUKAD,27.985000,112.151111,0, ,0.0,0.0,0.0,0.0,0,0,0,0,0,0,0,0

SID,PUK9W,18R,5
CF,HA301,28.086667,113.226083,0,DTM,44.9,8.2,181.0,6.0,0,0,0,0,0,0,0,0
TF,HA302,27.984833,113.232361,0, ,0.0,0.0,0.0,0.0,0,0,0,0,0,0,0,0
TF,DTM,27.983333,113.125000,0, ,0.0,0.0,0.0,0.0,0,0,0,1,205,0,0,0
TF,HA304,27.988444,113.018111,0, ,0.0,0.0,0.0,0.0,2,7880,0,0,0,0,0,0
TF,HA305,27.992167,112.908056,0, ,0.0,0.0,0.0,0.0,2,9850,0,0,0,0,0,0
TF,OKIXA,28.010000,112.358056,0, ,0.0,0.0,0.0,0.0,0,0,0,0,0,0,0,0
TF,CS04,27.999667,112.272750,0, ,0.0,0.0,0.0,0.0,0,0,0,0,0,0,0,0
TF,PUKAD,27.985000,112.151111,0, ,0.0,0.0,0.0,0.0,0,0,0,0,0,0,0,0

SID,PUK9X,36L,5
CF,HA321,28.282611,113.214000,0,DTM,18.8,18.5,1.0,5.0,0,0,0,0,0,0,0,0
TF,HA314,28.385583,113.207611,0, ,0.0,0.0,0.0,0.0,0,0,0,0,0,0,0,0
TF,LYH,28.393333,113.343333,0, ,0.0,0.0,0.0,0.0,0,0,0,1,205,0,0,0
TF,HA324,28.246722,113.350611,0, ,0.0,0.0,0.0,0.0,0,0,0,0,0,0,0,0
TF,HA325,28.185139,113.291389,0, ,0.0,0.0,0.0,0.0,2,9850,0,0,0,0,0,0
TF,HA303,27.985472,113.099972,0, ,0.0,0.0,0.0,0.0,0,0,0,0,0,0,0,0
TF,HA304,27.988444,113.018111,0, ,0.0,0.0,0.0,0.0,0,0,0,0,0,0,0,0
TF,HA305,27.992167,112.908056,0, ,0.0,0.0,0.0,0.0,0,0,0,0,0,0,0,0
TF,OKIXA,28.010000,112.358056,0, ,0.0,0.0,0.0,0.0,0,0,0,0,0,0,0,0
TF,CS04,27.999667,112.272750,0, ,0.0,0.0,0.0,0.0,0,0,0,0,0,0,0,0
TF,PUKAD,27.985000,112.151111,0, ,0.0,0.0,0.0,0.0,0,0,0,0,0,0,0,0

STAR,BEM1W,18L,5
IF,BEMTA,28.148611,112.273889, ,0.0,0.0,0,0,0,0,0,0,0,0
TF,DODSA,28.109167,112.361667,0, ,0.0,0.0,0.0,0.0,0,0,0,1,250,0,0,0
TF,HA389,28.104528,112.616000,0, ,0.0,0.0,0.0,0.0,0,0,0,0,0,0,0,0
TF,HA388,28.096750,112.908056,0, ,0.0,0.0,0.0,0.0,2,9850,0,0,0,0,0,0
TF,EKIBA,28.094167,113.014167,0, ,0.0,0.0,0.0,0.0,2,7880,0,1,210,0,0,0
TF,HA354,28.156861,113.115583,0, ,0.0,0.0,0.0,0.0,0,0,0,0,0,0,0,0
TF,W,28.219903,113.217897,0, ,0.0,0.0,0.0,0.0,0,0,0,0,0,0,0,0
TF,HA365,28.252694,113.345056,0, ,0.0,0.0,0.0,0.0,0,0,0,0,0,0,0,0
TF,HA366,28.409833,113.341389,0, ,0.0,0.0,0.0,0.0,2,2960,0,1,205,0,0,0

STAR,BEM1W,18R,5
IF,BEMTA,28.148611,112.273889, ,0.0,0.0,0,0,0,0,0,0,0,0
TF,DODSA,28.109167,112.361667,0, ,0.0,0.0,0.0,0.0,0,0,0,1,250,0,0,0
TF,HA389,28.104528,112.616000,0, ,0.0,0.0,0.0,0.0,0,0,0,0,0,0,0,0
TF,HA388,28.096750,112.908056,0, ,0.0,0.0,0.0,0.0,2,9850,0,0,0,0,0,0
TF,EKIBA,28.094167,113.014167,0, ,0.0,0.0,0.0,0.0,2,7880,0,1,210,0,0,0
TF,HA354,28.156861,113.115583,0, ,0.0,0.0,0.0,0.0,0,0,0,0,0,0,0,0
TF,W,28.219903,113.217897,0, ,0.0,0.0,0.0,0.0,0,0,0,0,0,0,0,0
TF,HA365,28.252694,113.345056,0, ,0.0,0.0,0.0,0.0,0,0,0,0,0,0,0,0
TF,HA366,28.409833,113.341389,0, ,0.0,0.0,0.0,0.0,2,2960,0,1,205,0,0,0

STAR,BEM1X,36L,5
IF,BEMTA,28.148611,112.273889, ,0.0,0.0,0,0,0,0,0,0,0,0
TF,DODSA,28.109167,112.361667,0, ,0.0,0.0,0.0,0.0,0,0,0,1,250,0,0,0
TF,HA389,28.104528,112.616000,0, ,0.0,0.0,0.0,0.0,0,0,0,0,0,0,0,0
TF,HA388,28.096750,112.908056,0, ,0.0,0.0,0.0,0.0,2,9850,0,0,0,0,0,0
TF,EKIBA,28.094167,113.014167,0, ,0.0,0.0,0.0,0.0,2,7880,0,1,210,0,0,0
TF,HA385,28.099306,113.119167,0, ,0.0,0.0,0.0,0.0,0,0,0,0,0,0,0,0
TF,HA379,28.110722,113.353778,0, ,0.0,0.0,0.0,0.0,0,0,0,0,0,0,0,0
TF,HA383,27.949278,113.363583,0, ,0.0,0.0,0.0,0.0,2,3940,0,1,205,0,0,0

STAR,BEM1X,36R,5
IF,BEMTA,28.148611,112.273889, ,0.0,0.0,0,0,0,0,0,0,0,0
TF,DODSA,28.109167,112.361667,0, ,0.0,0.0,0.0,0.0,0,0,0,1,250,0,0,0
TF,HA389,28.104528,112.616000,0, ,0.0,0.0,0.0,0.0,0,0,0,0,0,0,0,0
TF,HA388,28.096750,112.908056,0, ,0.0,0.0,0.0,0.0,2,9850,0,0,0,0,0,0
TF,EKIBA,28.094167,113.014167,0, ,0.0,0.0,0.0,0.0,2,7880,0,1,210,0,0,0
TF,HA385,28.099306,113.119167,0, ,0.0,0.0,0.0,0.0,0,0,0,0,0,0,0,0
TF,HA379,28.110722,113.353778,0, ,0.0,0.0,0.0,0.0,0,0,0,0,0,0,0,0
TF,HA383,27.949278,113.363583,0, ,0.0,0.0,0.0,0.0,2,3940,0,1,205,0,0,0

STAR,BEM2W,18L,5
IF,BEMTA,28.148611,112.273889, ,0.0,0.0,0,0,0,0,0,0,0,0
TF,DODSA,28.109167,112.361667,0, ,0.0,0.0,0.0,0.0,0,0,0,1,250,0,0,0
TF,HA389,28.104528,112.616000,0, ,0.0,0.0,0.0,0.0,0,0,0,0,0,0,0,0
TF,HA388,28.096750,112.908056,0, ,0.0,0.0,0.0,0.0,2,9850,0,0,0,0,0,0
TF,EKIBA,28.094167,113.014167,0, ,0.0,0.0,0.0,0.0,2,7880,0,1,210,0,0,0
TF,HA354,28.156861,113.115583,0, ,0.0,0.0,0.0,0.0,0,0,0,0,0,0,0,0
TF,HA353,28.218333,113.111722,0, ,0.0,0.0,0.0,0.0,0,0,0,0,0,0,0,0
TF,HA368,28.398528,113.100389,0, ,0.0,0.0,0.0,0.0,2,2300,0,1,205,0,0,0

STAR,BEM2W,18R,5
IF,BEMTA,28.148611,112.273889, ,0.0,0.0,0,0,0,0,0,0,0,0
TF,DODSA,28.109167,112.361667,0, ,0.0,0.0,0.0,0.0,0,0,0,1,250,0,0,0
TF,HA389,28.104528,112.616000,0, ,0.0,0.0,0.0,0.0,0,0,0,0,0,0,0,0
TF,HA388,28.096750,112.908056,0, ,0.0,0.0,0.0,0.0,2,9850,0,0,0,0,0,0
TF,EKIBA,28.094167,113.014167,0, ,0.0,0.0,0.0,0.0,2,7880,0,1,210,0,0,0
TF,HA354,28.156861,113.115583,0, ,0.0,0.0,0.0,0.0,0,0,0,0,0,0,0,0
TF,HA353,28.218333,113.111722,0, ,0.0,0.0,0.0,0.0,0,0,0,0,0,0,0,0
TF,HA368,28.398528,113.100389,0, ,0.0,0.0,0.0,0.0,2,2300,0,1,205,0,0,0

STAR,BEM2X,36L,5
IF,BEMTA,28.148611,112.273889, ,0.0,0.0,0,0,0,0,0,0,0,0
TF,DODSA,28.109167,112.361667,0, ,0.0,0.0,0.0,0.0,0,0,0,1,250,0,0,0
TF,HA389,28.104528,112.616000,0, ,0.0,0.0,0.0,0.0,0,0,0,0,0,0,0,0
TF,HA388,28.096750,112.908056,0, ,0.0,0.0,0.0,0.0,2,9850,0,0,0,0,0,0
TF,EKIBA,28.094167,113.014167,0, ,0.0,0.0,0.0,0.0,2,7880,0,1,210,0,0,0
TF,HA385,28.099306,113.119167,0, ,0.0,0.0,0.0,0.0,0,0,0,0,0,0,0,0
TF,HA384,27.937944,113.129278,0, ,0.0,0.0,0.0,0.0,2,2300,0,1,205,0,0,0

STAR,BEM2X,36R,5
IF,BEMTA,28.148611,112.273889, ,0.0,0.0,0,0,0,0,0,0,0,0
TF,DODSA,28.109167,112.361667,0, ,0.0,0.0,0.0,0.0,0,0,0,1,250,0,0,0
TF,HA389,28.104528,112.616000,0, ,0.0,0.0,0.0,0.0,0,0,0,0,0,0,0,0
TF,HA388,28.096750,112.908056,0, ,0.0,0.0,0.0,0.0,2,9850,0,0,0,0,0,0
TF,EKIBA,28.094167,113.014167,0, ,0.0,0.0,0.0,0.0,2,7880,0,1,210,0,0,0
TF,HA385,28.099306,113.119167,0, ,0.0,0.0,0.0,0.0,0,0,0,0,0,0,0,0
TF,HA384,27.937944,113.129278,0, ,0.0,0.0,0.0,0.0,2,2300,0,1,205,0,0,0

STAR,LLC01A,36L,2
IF,LLC,28.068333,112.208333, ,0.0,0.0,0,0,0,0,0,0,0,0
TF,LLC38,28.077636,112.932914,0, ,0.0,0.0,0.0,0.0,2,9850,0,0,0,0,0,0
TF,LLC41,28.078208,112.990047,0, ,0.0,0.0,0.0,0.0,2,7880,0,0,0,0,0,0
TF,LLC49,28.079519,113.131481,0, ,0.0,0.0,0.0,0.0,0,0,0,0,0,0,0,0
TF,LLC61,28.081342,113.361767,0, ,0.0,0.0,0.0,0.0,0,0,0,0,0,0,0,0
TF,D091M,27.994233,113.363781,0, ,0.0,0.0,0.0,0.0,2,3940,0,1,205,0,0,0

STAR,LLC01A,36R,2
IF,LLC,28.068333,112.208333, ,0.0,0.0,0,0,0,0,0,0,0,0
TF,LLC38,28.077636,112.932914,0, ,0.0,0.0,0.0,0.0,2,9850,0,0,0,0,0,0
TF,LLC41,28.078208,112.990047,0, ,0.0,0.0,0.0,0.0,2,7880,0,0,0,0,0,0
TF,LLC49,28.079519,113.131481,0, ,0.0,0.0,0.0,0.0,0,0,0,0,0,0,0,0
TF,LLC61,28.081342,113.361767,0, ,0.0,0.0,0.0,0.0,0,0,0,0,0,0,0,0
TF,D091M,27.994233,113.363781,0, ,0.0,0.0,0.0,0.0,2,3940,0,1,205,0,0,0

STAR,LLC02A,36L,2
IF,LLC,28.068333,112.208333, ,0.0,0.0,0,0,0,0,0,0,0,0
TF,LLC38,28.077636,112.932914,0, ,0.0,0.0,0.0,0.0,2,9850,0,0,0,0,0,0
TF,LLC41,28.078208,112.990047,0, ,0.0,0.0,0.0,0.0,2,7880,0,0,0,0,0,0
TF,D339F,28.079011,113.074692,0, ,0.0,0.0,0.0,0.0,0,0,0,0,0,0,0,1
CF,DTM,27.983333,113.125000,0,DTM,0.0,0.0,181.0,3.0,2,2960,0,1,205,0,0,0

STAR,LLC02A,36R,2
IF,LLC,28.068333,112.208333, ,0.0,0.0,0,0,0,0,0,0,0,0
TF,LLC38,28.077636,112.932914,0, ,0.0,0.0,0.0,0.0,2,9850,0,0,0,0,0,0
TF,LLC41,28.078208,112.990047,0, ,0.0,0.0,0.0,0.0,2,7880,0,0,0,0,0,0
TF,D339F,28.079011,113.074692,0, ,0.0,0.0,0.0,0.0,0,0,0,0,0,0,0,1
CF,DTM,27.983333,113.125000,0,DTM,0.0,0.0,181.0,3.0,2,2960,0,1,205,0,0,0

STAR,LLC11A,18L,2
IF,LLC,28.068333,112.208333, ,0.0,0.0,0,0,0,0,0,0,0,0
TF,LLC38,28.077636,112.932914,0, ,0.0,0.0,0.0,0.0,2,9850,0,0,0,0,0,0
TF,LLC41,28.078208,112.990047,0, ,0.0,0.0,0.0,0.0,2,7880,0,0,0,0,0,0
TF,D001J,28.155878,113.114794,0, ,0.0,0.0,0.0,0.0,0,0,0,0,0,0,0,0
TF,W,28.219903,113.217897,0, ,0.0,0.0,0.0,0.0,0,0,0,0,0,0,0,0
TF,D183F,28.299764,113.345178,0, ,0.0,0.0,0.0,0.0,0,0,0,0,0,0,0,0
TF,LYH,28.393333,113.343333,0, ,0.0,0.0,0.0,0.0,2,2960,0,1,205,0,0,0

STAR,LLC11A,18R,2
IF,LLC,28.068333,112.208333, ,0.0,0.0,0,0,0,0,0,0,0,0
TF,LLC38,28.077636,112.932914,0, ,0.0,0.0,0.0,0.0,2,9850,0,0,0,0,0,0
TF,LLC41,28.078208,112.990047,0, ,0.0,0.0,0.0,0.0,2,7880,0,0,0,0,0,0
TF,D001J,28.155878,113.114794,0, ,0.0,0.0,0.0,0.0,0,0,0,0,0,0,0,0
TF,W,28.219903,113.217897,0, ,0.0,0.0,0.0,0.0,0,0,0,0,0,0,0,0
TF,D183F,28.299764,113.345178,0, ,0.0,0.0,0.0,0.0,0,0,0,0,0,0,0,0
TF,LYH,28.393333,113.343333,0, ,0.0,0.0,0.0,0.0,2,2960,0,1,205,0,0,0

STAR,LLC12A,18L,2
IF,LLC,28.068333,112.208333, ,0.0,0.0,0,0,0,0,0,0,0,0
TF,LLC38,28.077636,112.932914,0, ,0.0,0.0,0.0,0.0,2,9850,0,0,0,0,0,0
TF,LLC41,28.078208,112.990047,0, ,0.0,0.0,0.0,0.0,2,7880,0,0,0,0,0,0
TF,D001J,28.155878,113.114794,0, ,0.0,0.0,0.0,0.0,0,0,0,0,0,0,0,0
TF,D001N,28.216975,113.111175,0, ,0.0,0.0,0.0,0.0,0,0,0,0,0,0,0,0
TF,D001X,28.378853,113.101561,0, ,0.0,0.0,0.0,0.0,2,2300,0,1,205,0,0,0

STAR,LLC12A,18R,2
IF,LLC,28.068333,112.208333, ,0.0,0.0,0,0,0,0,0,0,0,0
TF,LLC38,28.077636,112.932914,0, ,0.0,0.0,0.0,0.0,2,9850,0,0,0,0,0,0
TF,LLC41,28.078208,112.990047,0, ,0.0,0.0,0.0,0.0,2,7880,0,0,0,0,0,0
TF,D001J,28.155878,113.114794,0, ,0.0,0.0,0.0,0.0,0,0,0,0,0,0,0,0
TF,D001N,28.216975,113.111175,0, ,0.0,0.0,0.0,0.0,0,0,0,0,0,0,0,0
TF,D001X,28.378853,113.101561,0, ,0.0,0.0,0.0,0.0,2,2300,0,1,205,0,0,0

STAR,LLC1W,18L,5
IF,LLC,28.068333,112.208333, ,0.0,0.0,0,0,0,0,0,0,0,0
TF,DODSA,28.109167,112.361667,0, ,0.0,0.0,0.0,0.0,0,0,0,1,250,0,0,0
TF,HA389,28.104528,112.616000,0, ,0.0,0.0,0.0,0.0,0,0,0,0,0,0,0,0
TF,HA388,28.096750,112.908056,0, ,0.0,0.0,0.0,0.0,2,9850,0,0,0,0,0,0
TF,EKIBA,28.094167,113.014167,0, ,0.0,0.0,0.0,0.0,2,7880,0,1,210,0,0,0
TF,HA354,28.156861,113.115583,0, ,0.0,0.0,0.0,0.0,0,0,0,0,0,0,0,0
TF,W,28.219903,113.217897,0, ,0.0,0.0,0.0,0.0,0,0,0,0,0,0,0,0
TF,HA365,28.252694,113.345056,0, ,0.0,0.0,0.0,0.0,0,0,0,0,0,0,0,0
TF,HA366,28.409833,113.341389,0, ,0.0,0.0,0.0,0.0,2,2960,0,1,205,0,0,0

STAR,LLC1W,18R,5
IF,LLC,28.068333,112.208333, ,0.0,0.0,0,0,0,0,0,0,0,0
TF,DODSA,28.109167,112.361667,0, ,0.0,0.0,0.0,0.0,0,0,0,1,250,0,0,0
TF,HA389,28.104528,112.616000,0, ,0.0,0.0,0.0,0.0,0,0,0,0,0,0,0,0
TF,HA388,28.096750,112.908056,0, ,0.0,0.0,0.0,0.0,2,9850,0,0,0,0,0,0
TF,EKIBA,28.094167,113.014167,0, ,0.0,0.0,0.0,0.0,2,7880,0,1,210,0,0,0
TF,HA354,28.156861,113.115583,0, ,0.0,0.0,0.0,0.0,0,0,0,0,0,0,0,0
TF,W,28.219903,113.217897,0, ,0.0,0.0,0.0,0.0,0,0,0,0,0,0,0,0
TF,HA365,28.252694,113.345056,0, ,0.0,0.0,0.0,0.0,0,0,0,0,0,0,0,0
TF,HA366,28.409833,113.341389,0, ,0.0,0.0,0.0,0.0,2,2960,0,1,205,0,0,0

STAR,LLC1X,36L,5
IF,LLC,28.068333,112.208333, ,0.0,0.0,0,0,0,0,0,0,0,0
TF,DODSA,28.109167,112.361667,0, ,0.0,0.0,0.0,0.0,0,0,0,1,250,0,0,0
TF,HA389,28.104528,112.616000,0, ,0.0,0.0,0.0,0.0,0,0,0,0,0,0,0,0
TF,HA388,28.096750,112.908056,0, ,0.0,0.0,0.0,0.0,2,9850,0,0,0,0,0,0
TF,EKIBA,28.094167,113.014167,0, ,0.0,0.0,0.0,0.0,2,7880,0,1,210,0,0,0
TF,HA385,28.099306,113.119167,0, ,0.0,0.0,0.0,0.0,0,0,0,0,0,0,0,0
TF,HA379,28.110722,113.353778,0, ,0.0,0.0,0.0,0.0,0,0,0,0,0,0,0,0
TF,HA383,27.949278,113.363583,0, ,0.0,0.0,0.0,0.0,2,3940,0,1,205,0,0,0

STAR,LLC1X,36R,5
IF,LLC,28.068333,112.208333, ,0.0,0.0,0,0,0,0,0,0,0,0
TF,DODSA,28.109167,112.361667,0, ,0.0,0.0,0.0,0.0,0,0,0,1,250,0,0,0
TF,HA389,28.104528,112.616000,0, ,0.0,0.0,0.0,0.0,0,0,0,0,0,0,0,0
TF,HA388,28.096750,112.908056,0, ,0.0,0.0,0.0,0.0,2,9850,0,0,0,0,0,0
TF,EKIBA,28.094167,113.014167,0, ,0.0,0.0,0.0,0.0,2,7880,0,1,210,0,0,0
TF,HA385,28.099306,113.119167,0, ,0.0,0.0,0.0,0.0,0,0,0,0,0,0,0,0
TF,HA379,28.110722,113.353778,0, ,0.0,0.0,0.0,0.0,0,0,0,0,0,0,0,0
TF,HA383,27.949278,113.363583,0, ,0.0,0.0,0.0,0.0,2,3940,0,1,205,0,0,0

STAR,LLC2W,18L,5
IF,LLC,28.068333,112.208333, ,0.0,0.0,0,0,0,0,0,0,0,0
TF,DODSA,28.109167,112.361667,0, ,0.0,0.0,0.0,0.0,0,0,0,1,250,0,0,0
TF,HA389,28.104528,112.616000,0, ,0.0,0.0,0.0,0.0,0,0,0,0,0,0,0,0
TF,HA388,28.096750,112.908056,0, ,0.0,0.0,0.0,0.0,2,9850,0,0,0,0,0,0
TF,EKIBA,28.094167,113.014167,0, ,0.0,0.0,0.0,0.0,2,7880,0,1,210,0,0,0
TF,HA354,28.156861,113.115583,0, ,0.0,0.0,0.0,0.0,0,0,0,0,0,0,0,0
TF,HA353,28.218333,113.111722,0, ,0.0,0.0,0.0,0.0,0,0,0,0,0,0,0,0
TF,HA368,28.398528,113.100389,0, ,0.0,0.0,0.0,0.0,2,2300,0,1,205,0,0,0

STAR,LLC2W,18R,5
IF,LLC,28.068333,112.208333, ,0.0,0.0,0,0,0,0,0,0,0,0
TF,DODSA,28.109167,112.361667,0, ,0.0,0.0,0.0,0.0,0,0,0,1,250,0,0,0
TF,HA389,28.104528,112.616000,0, ,0.0,0.0,0.0,0.0,0,0,0,0,0,0,0,0
TF,HA388,28.096750,112.908056,0, ,0.0,0.0,0.0,0.0,2,9850,0,0,0,0,0,0
TF,EKIBA,28.094167,113.014167,0, ,0.0,0.0,0.0,0.0,2,7880,0,1,210,0,0,0
TF,HA354,28.156861,113.115583,0, ,0.0,0.0,0.0,0.0,0,0,0,0,0,0,0,0
TF,HA353,28.218333,113.111722,0, ,0.0,0.0,0.0,0.0,0,0,0,0,0,0,0,0
TF,HA368,28.398528,113.100389,0, ,0.0,0.0,0.0,0.0,2,2300,0,1,205,0,0,0

STAR,LLC2X,36L,5
IF,LLC,28.068333,112.208333, ,0.0,0.0,0,0,0,0,0,0,0,0
TF,DODSA,28.109167,112.361667,0, ,0.0,0.0,0.0,0.0,0,0,0,1,250,0,0,0
TF,HA389,28.104528,112.616000,0, ,0.0,0.0,0.0,0.0,0,0,0,0,0,0,0,0
TF,HA388,28.096750,112.908056,0, ,0.0,0.0,0.0,0.0,2,9850,0,0,0,0,0,0
TF,EKIBA,28.094167,113.014167,0, ,0.0,0.0,0.0,0.0,2,7880,0,1,210,0,0,0
TF,HA385,28.099306,113.119167,0, ,0.0,0.0,0.0,0.0,0,0,0,0,0,0,0,0
TF,HA384,27.937944,113.129278,0, ,0.0,0.0,0.0,0.0,2,2300,0,1,205,0,0,0

STAR,LLC2X,36R,5
IF,LLC,28.068333,112.208333, ,0.0,0.0,0,0,0,0,0,0,0,0
TF,DODSA,28.109167,112.361667,0, ,0.0,0.0,0.0,0.0,0,0,0,1,250,0,0,0
TF,HA389,28.104528,112.616000,0, ,0.0,0.0,0.0,0.0,0,0,0,0,0,0,0,0
TF,HA388,28.096750,112.908056,0, ,0.0,0.0,0.0,0.0,2,9850,0,0,0,0,0,0
TF,EKIBA,28.094167,113.014167,0, ,0.0,0.0,0.0,0.0,2,7880,0,1,210,0,0,0
TF,HA385,28.099306,113.119167,0, ,0.0,0.0,0.0,0.0,0,0,0,0,0,0,0,0
TF,HA384,27.937944,113.129278,0, ,0.0,0.0,0.0,0.0,2,2300,0,1,205,0,0,0

STAR,OVT01A,36L,2
IF,OVTAN,28.211389,114.347778, ,0.0,0.0,0,0,0,0,0,0,0,0
TF,LYH40,28.261300,114.078111,0, ,0.0,0.0,0.0,0.0,0,0,0,0,0,0,0,0
TF,CS01,28.254722,113.970306,0, ,0.0,0.0,0.0,0.0,0,0,0,0,0,0,0,0
TF,W32,28.248375,113.826192,0, ,0.0,0.0,0.0,0.0,2,7880,0,0,0,0,0,0
TF,D118V,28.243669,113.721597,0, ,0.0,0.0,0.0,0.0,0,0,0,0,0,0,0,0
TF,VIKEB,28.126667,113.710278,0, ,0.0,0.0,0.0,0.0,0,0,0,0,0,0,0,0
TF,AVMAD,28.054722,113.703889,0, ,0.0,0.0,0.0,0.0,2,6890,0,0,0,0,0,1
CF,D091M,27.994233,113.363781,0,LYH,181.4,23.9,271.0,17.0,2,3940,0,1,205,0,0,0

STAR,OVT01A,36R,2
IF,OVTAN,28.211389,114.347778, ,0.0,0.0,0,0,0,0,0,0,0,0
TF,LYH40,28.261300,114.078111,0, ,0.0,0.0,0.0,0.0,0,0,0,0,0,0,0,0
TF,CS01,28.254722,113.970306,0, ,0.0,0.0,0.0,0.0,0,0,0,0,0,0,0,0
TF,W32,28.248375,113.826192,0, ,0.0,0.0,0.0,0.0,2,7880,0,0,0,0,0,0
TF,D118V,28.243669,113.721597,0, ,0.0,0.0,0.0,0.0,0,0,0,0,0,0,0,0
TF,VIKEB,28.126667,113.710278,0, ,0.0,0.0,0.0,0.0,0,0,0,0,0,0,0,0
TF,AVMAD,28.054722,113.703889,0, ,0.0,0.0,0.0,0.0,2,6890,0,0,0,0,0,1
CF,D091M,27.994233,113.363781,0,LYH,181.4,23.9,271.0,17.0,2,3940,0,1,205,0,0,0

STAR,OVT11A,18L,2
IF,OVTAN,28.211389,114.347778, ,0.0,0.0,0,0,0,0,0,0,0,0
TF,LYH40,28.261300,114.078111,0, ,0.0,0.0,0.0,0.0,0,0,0,0,0,0,0,0
TF,CS01,28.254722,113.970306,0, ,0.0,0.0,0.0,0.0,0,0,0,0,0,0,0,0
TF,W32,28.248375,113.826192,0, ,0.0,0.0,0.0,0.0,2,7880,0,0,0,0,0,0
TF,D183J,28.226244,113.346625,0, ,0.0,0.0,0.0,0.0,2,6890,0,0,0,0,0,0
TF,D183F,28.299764,113.345178,2, ,0.0,0.0,0.0,0.0,0,0,0,0,0,0,0,0
TF,LYH,28.393333,113.343333,0, ,0.0,0.0,0.0,0.0,2,2960,0,1,205,0,0,0

STAR,OVT11A,18R,2
IF,OVTAN,28.211389,114.347778, ,0.0,0.0,0,0,0,0,0,0,0,0
TF,LYH40,28.261300,114.078111,0, ,0.0,0.0,0.0,0.0,0,0,0,0,0,0,0,0
TF,CS01,28.254722,113.970306,0, ,0.0,0.0,0.0,0.0,0,0,0,0,0,0,0,0
TF,W32,28.248375,113.826192,0, ,0.0,0.0,0.0,0.0,2,7880,0,0,0,0,0,0
TF,D183J,28.226244,113.346625,0, ,0.0,0.0,0.0,0.0,2,6890,0,0,0,0,0,0
TF,D183F,28.299764,113.345178,2, ,0.0,0.0,0.0,0.0,0,0,0,0,0,0,0,0
TF,LYH,28.393333,113.343333,0, ,0.0,0.0,0.0,0.0,2,2960,0,1,205,0,0,0

STAR,OVT1W,18L,5
IF,OVTAN,28.211389,114.347778, ,0.0,0.0,0,0,0,0,0,0,0,0
TF,HA356,28.260833,114.076667,0, ,0.0,0.0,0.0,0.0,0,0,0,0,0,0,0,0
TF,CS01,28.254722,113.970306,0, ,0.0,0.0,0.0,0.0,0,0,0,1,250,0,0,0
TF,HA357,28.246194,113.822028,0, ,0.0,0.0,0.0,0.0,0,0,0,0,0,0,0,0
TF,HA382,28.241889,113.718667,0, ,0.0,0.0,0.0,0.0,0,0,0,0,0,0,0,0
TF,HA369,28.250306,113.565861,0, ,0.0,0.0,0.0,0.0,0,0,0,0,0,0,0,0
TF,HA367,28.392806,113.575778,0, ,0.0,0.0,0.0,0.0,2,6890,0,0,0,0,0,0
TF,LUMLU,28.398333,113.474444,0, ,0.0,0.0,0.0,0.0,0,0,0,0,0,0,0,0
TF,HA366,28.409833,113.341389,0, ,0.0,0.0,0.0,0.0,2,2960,0,1,205,0,0,0

STAR,OVT1W,18R,5
IF,OVTAN,28.211389,114.347778, ,0.0,0.0,0,0,0,0,0,0,0,0
TF,HA356,28.260833,114.076667,0, ,0.0,0.0,0.0,0.0,0,0,0,0,0,0,0,0
TF,CS01,28.254722,113.970306,0, ,0.0,0.0,0.0,0.0,0,0,0,1,250,0,0,0
TF,HA357,28.246194,113.822028,0, ,0.0,0.0,0.0,0.0,0,0,0,0,0,0,0,0
TF,HA382,28.241889,113.718667,0, ,0.0,0.0,0.0,0.0,0,0,0,0,0,0,0,0
TF,HA369,28.250306,113.565861,0, ,0.0,0.0,0.0,0.0,0,0,0,0,0,0,0,0
TF,HA367,28.392806,113.575778,0, ,0.0,0.0,0.0,0.0,2,6890,0,0,0,0,0,0
TF,LUMLU,28.398333,113.474444,0, ,0.0,0.0,0.0,0.0,0,0,0,0,0,0,0,0
TF,HA366,28.409833,113.341389,0, ,0.0,0.0,0.0,0.0,2,2960,0,1,205,0,0,0

STAR,OVT1X,36L,5
IF,OVTAN,28.211389,114.347778, ,0.0,0.0,0,0,0,0,0,0,0,0
TF,HA356,28.260833,114.076667,0, ,0.0,0.0,0.0,0.0,0,0,0,0,0,0,0,0
TF,CS01,28.254722,113.970306,0, ,0.0,0.0,0.0,0.0,0,0,0,1,250,0,0,0
TF,HA357,28.246194,113.822028,0, ,0.0,0.0,0.0,0.0,0,0,0,0,0,0,0,0
TF,HA382,28.241889,113.718667,0, ,0.0,0.0,0.0,0.0,0,0,0,0,0,0,0,0
TF,VIKEB,28.126667,113.710278,0, ,0.0,0.0,0.0,0.0,0,0,0,0,0,0,0,0
TF,HA386,28.011889,113.700000,0, ,0.0,0.0,0.0,0.0,2,6890,0,0,0,0,0,0
TF,HA387,28.003250,113.514639,0, ,0.0,0.0,0.0,0.0,0,0,0,0,0,0,0,0
TF,HA383,27.949278,113.363583,0, ,0.0,0.0,0.0,0.0,2,3940,0,1,205,0,0,0

STAR,OVT1X,36R,5
IF,OVTAN,28.211389,114.347778, ,0.0,0.0,0,0,0,0,0,0,0,0
TF,HA356,28.260833,114.076667,0, ,0.0,0.0,0.0,0.0,0,0,0,0,0,0,0,0
TF,CS01,28.254722,113.970306,0, ,0.0,0.0,0.0,0.0,0,0,0,1,250,0,0,0
TF,HA357,28.246194,113.822028,0, ,0.0,0.0,0.0,0.0,0,0,0,0,0,0,0,0
TF,HA382,28.241889,113.718667,0, ,0.0,0.0,0.0,0.0,0,0,0,0,0,0,0,0
TF,VIKEB,28.126667,113.710278,0, ,0.0,0.0,0.0,0.0,0,0,0,0,0,0,0,0
TF,HA386,28.011889,113.700000,0, ,0.0,0.0,0.0,0.0,2,6890,0,0,0,0,0,0
TF,HA387,28.003250,113.514639,0, ,0.0,0.0,0.0,0.0,0,0,0,0,0,0,0,0
TF,HA383,27.949278,113.363583,0, ,0.0,0.0,0.0,0.0,2,3940,0,1,205,0,0,0

STAR,PEX01A,36L,2
IF,PEXID,28.737778,113.755000, ,0.0,0.0,0,0,0,0,0,0,0,0
TF,D071W,28.545175,113.740847,0, ,0.0,0.0,0.0,0.0,0,0,0,0,0,0,0,0
TF,D118V,28.243669,113.721597,0, ,0.0,0.0,0.0,0.0,0,0,0,0,0,0,0,0
TF,VIKEB,28.126667,113.710278,0, ,0.0,0.0,0.0,0.0,0,0,0,0,0,0,0,0
TF,AVMAD,28.054722,113.703889,0, ,0.0,0.0,0.0,0.0,2,6890,0,0,0,0,0,1
CF,D091M,27.994233,113.363781,0,DTM,91.0,12.7,271.0,17.0,2,3940,0,1,205,0,0,0

STAR,PEX01A,36R,2
IF,PEXID,28.737778,113.755000, ,0.0,0.0,0,0,0,0,0,0,0,0
TF,D071W,28.545175,113.740847,0, ,0.0,0.0,0.0,0.0,0,0,0,0,0,0,0,0
TF,D118V,28.243669,113.721597,0, ,0.0,0.0,0.0,0.0,0,0,0,0,0,0,0,0
TF,VIKEB,28.126667,113.710278,0, ,0.0,0.0,0.0,0.0,0,0,0,0,0,0,0,0
TF,AVMAD,28.054722,113.703889,0, ,0.0,0.0,0.0,0.0,2,6890,0,0,0,0,0,1
CF,D091M,27.994233,113.363781,0,DTM,91.0,12.7,271.0,17.0,2,3940,0,1,205,0,0,0

STAR,PEX11A,18L,2
IF,PEXID,28.737778,113.755000, ,0.0,0.0,0,0,0,0,0,0,0,0
TF,D071W,28.545175,113.740847,0, ,0.0,0.0,0.0,0.0,0,0,0,0,0,0,0,0
TF,D091U,28.410794,113.732156,0, ,0.0,0.0,0.0,0.0,2,6890,0,0,0,0,0,0
TF,D091L,28.403975,113.577367,0, ,0.0,0.0,0.0,0.0,2,5910,0,0,0,0,0,0
TF,LYH,28.393333,113.343333,0, ,0.0,0.0,0.0,0.0,2,2960,0,1,205,0,0,0

STAR,PEX11A,18R,2
IF,PEXID,28.737778,113.755000, ,0.0,0.0,0,0,0,0,0,0,0,0
TF,D071W,28.545175,113.740847,0, ,0.0,0.0,0.0,0.0,0,0,0,0,0,0,0,0
TF,D091U,28.410794,113.732156,0, ,0.0,0.0,0.0,0.0,2,6890,0,0,0,0,0,0
TF,D091L,28.403975,113.577367,0, ,0.0,0.0,0.0,0.0,2,5910,0,0,0,0,0,0
TF,LYH,28.393333,113.343333,0, ,0.0,0.0,0.0,0.0,2,2960,0,1,205,0,0,0

STAR,PEX1W,18L,5
IF,PEXID,28.737778,113.755000, ,0.0,0.0,0,0,0,1,250,0,0,0
TF,HA377,28.539889,113.740528,0, ,0.0,0.0,0.0,0.0,0,0,0,0,0,0,0,0
TF,HA381,28.384361,113.729111,0, ,0.0,0.0,0.0,0.0,0,0,0,0,0,0,0,0
TF,HA382,28.241889,113.718667,0, ,0.0,0.0,0.0,0.0,0,0,0,0,0,0,0,0
TF,HA369,28.250306,113.565861,0, ,0.0,0.0,0.0,0.0,0,0,0,0,0,0,0,0
TF,HA367,28.392806,113.575778,0, ,0.0,0.0,0.0,0.0,2,6890,0,0,0,0,0,0
TF,LUMLU,28.398333,113.474444,0, ,0.0,0.0,0.0,0.0,0,0,0,0,0,0,0,0
TF,HA366,28.409833,113.341389,0, ,0.0,0.0,0.0,0.0,2,2960,0,1,205,0,0,0

STAR,PEX1W,18R,5
IF,PEXID,28.737778,113.755000, ,0.0,0.0,0,0,0,1,250,0,0,0
TF,HA377,28.539889,113.740528,0, ,0.0,0.0,0.0,0.0,0,0,0,0,0,0,0,0
TF,HA381,28.384361,113.729111,0, ,0.0,0.0,0.0,0.0,0,0,0,0,0,0,0,0
TF,HA382,28.241889,113.718667,0, ,0.0,0.0,0.0,0.0,0,0,0,0,0,0,0,0
TF,HA369,28.250306,113.565861,0, ,0.0,0.0,0.0,0.0,0,0,0,0,0,0,0,0
TF,HA367,28.392806,113.575778,0, ,0.0,0.0,0.0,0.0,2,6890,0,0,0,0,0,0
TF,LUMLU,28.398333,113.474444,0, ,0.0,0.0,0.0,0.0,0,0,0,0,0,0,0,0
TF,HA366,28.409833,113.341389,0, ,0.0,0.0,0.0,0.0,2,2960,0,1,205,0,0,0

STAR,PEX1X,36L,5
IF,PEXID,28.737778,113.755000, ,0.0,0.0,0,0,0,1,250,0,0,0
TF,HA377,28.539889,113.740528,0, ,0.0,0.0,0.0,0.0,0,0,0,0,0,0,0,0
TF,HA382,28.241889,113.718667,0, ,0.0,0.0,0.0,0.0,0,0,0,0,0,0,0,0
TF,VIKEB,28.126667,113.710278,0, ,0.0,0.0,0.0,0.0,0,0,0,0,0,0,0,0
TF,HA386,28.011889,113.700000,0, ,0.0,0.0,0.0,0.0,2,6890,0,0,0,0,0,0
TF,HA387,28.003250,113.514639,0, ,0.0,0.0,0.0,0.0,0,0,0,0,0,0,0,0
TF,HA383,27.949278,113.363583,0, ,0.0,0.0,0.0,0.0,2,3940,0,1,205,0,0,0

STAR,PEX1X,36R,5
IF,PEXID,28.737778,113.755000, ,0.0,0.0,0,0,0,1,250,0,0,0
TF,HA377,28.539889,113.740528,0, ,0.0,0.0,0.0,0.0,0,0,0,0,0,0,0,0
TF,HA382,28.241889,113.718667,0, ,0.0,0.0,0.0,0.0,0,0,0,0,0,0,0,0
TF,VIKEB,28.126667,113.710278,0, ,0.0,0.0,0.0,0.0,0,0,0,0,0,0,0,0
TF,HA386,28.011889,113.700000,0, ,0.0,0.0,0.0,0.0,2,6890,0,0,0,0,0,0
TF,HA387,28.003250,113.514639,0, ,0.0,0.0,0.0,0.0,0,0,0,0,0,0,0,0
TF,HA383,27.949278,113.363583,0, ,0.0,0.0,0.0,0.0,2,3940,0,1,205,0,0,0

STAR,PEX2W,18L,5
IF,PEXID,28.737778,113.755000, ,0.0,0.0,0,0,0,1,250,0,0,0
TF,HA377,28.539889,113.740528,0, ,0.0,0.0,0.0,0.0,0,0,0,0,0,0,0,0
TF,HA381,28.384361,113.729111,0, ,0.0,0.0,0.0,0.0,0,0,0,0,0,0,0,0
TF,HA367,28.392806,113.575778,0, ,0.0,0.0,0.0,0.0,2,6890,0,0,0,0,0,0
TF,LUMLU,28.398333,113.474444,0, ,0.0,0.0,0.0,0.0,0,0,0,0,0,0,0,0
TF,HA366,28.409833,113.341389,0, ,0.0,0.0,0.0,0.0,2,2960,0,1,205,0,0,0

STAR,PEX2W,18R,5
IF,PEXID,28.737778,113.755000, ,0.0,0.0,0,0,0,1,250,0,0,0
TF,HA377,28.539889,113.740528,0, ,0.0,0.0,0.0,0.0,0,0,0,0,0,0,0,0
TF,HA381,28.384361,113.729111,0, ,0.0,0.0,0.0,0.0,0,0,0,0,0,0,0,0
TF,HA367,28.392806,113.575778,0, ,0.0,0.0,0.0,0.0,2,6890,0,0,0,0,0,0
TF,LUMLU,28.398333,113.474444,0, ,0.0,0.0,0.0,0.0,0,0,0,0,0,0,0,0
TF,HA366,28.409833,113.341389,0, ,0.0,0.0,0.0,0.0,2,2960,0,1,205,0,0,0

STAR,UKL01A,36L,2
IF,UKLUK,27.653889,113.413889, ,0.0,0.0,0,0,0,0,0,0,0,0
TF,VANPI,27.816667,113.428333,0, ,0.0,0.0,0.0,0.0,0,0,0,0,0,0,0,0
TF,LYH28,27.924383,113.412525,0, ,0.0,0.0,0.0,0.0,0,0,0,0,0,0,0,0
TF,D091M,27.994233,113.363781,0, ,0.0,0.0,0.0,0.0,2,3940,0,1,205,0,0,0

STAR,UKL01A,36R,2
IF,UKLUK,27.653889,113.413889, ,0.0,0.0,0,0,0,0,0,0,0,0
TF,VANPI,27.816667,113.428333,0, ,0.0,0.0,0.0,0.0,0,0,0,0,0,0,0,0
TF,LYH28,27.924383,113.412525,0, ,0.0,0.0,0.0,0.0,0,0,0,0,0,0,0,0
TF,D091M,27.994233,113.363781,0, ,0.0,0.0,0.0,0.0,2,3940,0,1,205,0,0,0

STAR,UKL02A,36L,2
IF,UKLUK,27.653889,113.413889, ,0.0,0.0,0,0,0,0,0,0,0,0
TF,VANPI,27.816667,113.428333,0, ,0.0,0.0,0.0,0.0,0,0,0,0,0,0,0,0
TF,LYH31,27.882956,113.418608,0, ,0.0,0.0,0.0,0.0,0,0,0,0,0,0,0,0
TF,D108K,27.940747,113.316722,0, ,0.0,0.0,0.0,0.0,2,3940,0,1,205,0,0,0

STAR,UKL02A,36R,2
IF,UKLUK,27.653889,113.413889, ,0.0,0.0,0,0,0,0,0,0,0,0
TF,VANPI,27.816667,113.428333,0, ,0.0,0.0,0.0,0.0,0,0,0,0,0,0,0,0
TF,LYH31,27.882956,113.418608,0, ,0.0,0.0,0.0,0.0,0,0,0,0,0,0,0,0
TF,D108K,27.940747,113.316722,0, ,0.0,0.0,0.0,0.0,2,3940,0,1,205,0,0,0

STAR,UKL11A,18L,2
IF,UKLUK,27.653889,113.413889, ,0.0,0.0,0,0,0,0,0,0,0,0
TF,VANPI,27.816667,113.428333,0, ,0.0,0.0,0.0,0.0,0,0,0,0,0,0,0,0
TF,LYH27,27.950542,113.352036,0, ,0.0,0.0,0.0,0.0,0,0,0,0,0,0,0,0
TF,D183J,28.226244,113.346625,0, ,0.0,0.0,0.0,0.0,2,6890,0,0,0,0,0,0
TF,D183F,28.299764,113.345178,0, ,0.0,0.0,0.0,0.0,0,0,0,0,0,0,0,0
TF,LYH,28.393333,113.343333,0, ,0.0,0.0,0.0,0.0,2,2960,0,1,205,0,0,0

STAR,UKL11A,18R,2
IF,UKLUK,27.653889,113.413889, ,0.0,0.0,0,0,0,0,0,0,0,0
TF,VANPI,27.816667,113.428333,0, ,0.0,0.0,0.0,0.0,0,0,0,0,0,0,0,0
TF,LYH27,27.950542,113.352036,0, ,0.0,0.0,0.0,0.0,0,0,0,0,0,0,0,0
TF,D183J,28.226244,113.346625,0, ,0.0,0.0,0.0,0.0,2,6890,0,0,0,0,0,0
TF,D183F,28.299764,113.345178,0, ,0.0,0.0,0.0,0.0,0,0,0,0,0,0,0,0
TF,LYH,28.393333,113.343333,0, ,0.0,0.0,0.0,0.0,2,2960,0,1,205,0,0,0

STAR,UKL1W,18L,5
IF,UKLUK,27.653889,113.413889, ,0.0,0.0,0,0,0,1,250,0,0,0
TF,HA358,27.820333,113.530444,0, ,0.0,0.0,0.0,0.0,0,0,0,0,0,0,0,0
TF,HA359,27.975139,113.544194,0, ,0.0,0.0,0.0,0.0,0,0,0,0,0,0,0,0
TF,PAVTU,28.105556,113.555833,0, ,0.0,0.0,0.0,0.0,0,0,0,0,0,0,0,0
TF,HA369,28.250306,113.565861,0, ,0.0,0.0,0.0,0.0,0,0,0,0,0,0,0,0
TF,HA367,28.392806,113.575778,0, ,0.0,0.0,0.0,0.0,2,6890,0,0,0,0,0,0
TF,LUMLU,28.398333,113.474444,0, ,0.0,0.0,0.0,0.0,0,0,0,0,0,0,0,0
TF,HA366,28.409833,113.341389,0, ,0.0,0.0,0.0,0.0,2,2960,0,1,205,0,0,0

STAR,UKL1W,18R,5
IF,UKLUK,27.653889,113.413889, ,0.0,0.0,0,0,0,1,250,0,0,0
TF,HA358,27.820333,113.530444,0, ,0.0,0.0,0.0,0.0,0,0,0,0,0,0,0,0
TF,HA359,27.975139,113.544194,0, ,0.0,0.0,0.0,0.0,0,0,0,0,0,0,0,0
TF,PAVTU,28.105556,113.555833,0, ,0.0,0.0,0.0,0.0,0,0,0,0,0,0,0,0
TF,HA369,28.250306,113.565861,0, ,0.0,0.0,0.0,0.0,0,0,0,0,0,0,0,0
TF,HA367,28.392806,113.575778,0, ,0.0,0.0,0.0,0.0,2,6890,0,0,0,0,0,0
TF,LUMLU,28.398333,113.474444,0, ,0.0,0.0,0.0,0.0,0,0,0,0,0,0,0,0
TF,HA366,28.409833,113.341389,0, ,0.0,0.0,0.0,0.0,2,2960,0,1,205,0,0,0

STAR,UKL1X,36L,5
IF,UKLUK,27.653889,113.413889, ,0.0,0.0,0,0,0,1,250,0,0,0
TF,VANPI,27.816667,113.428333,0, ,0.0,0.0,0.0,0.0,0,0,0,0,0,0,0,0
TF,HA383,27.949278,113.363583,0, ,0.0,0.0,0.0,0.0,2,3940,0,1,205,0,0,0

STAR,UKL1X,36R,5
IF,UKLUK,27.653889,113.413889, ,0.0,0.0,0,0,0,1,250,0,0,0
TF,VANPI,27.816667,113.428333,0, ,0.0,0.0,0.0,0.0,0,0,0,0,0,0,0,0
TF,HA383,27.949278,113.363583,0, ,0.0,0.0,0.0,0.0,2,3940,0,1,205,0,0,0

APPTR,I18LY,18L,D271M
IF,D271M,28.382014,113.103686, ,0.0,0.0,2,2300,0,1,205,0,1,0
FD,D271M,28.382014,113.103686,0,LYH,271.0,8.5,91.0,8.5,0,0,0,0,0,0,0,0
VI,0,ISL,0.0,151.0,2,2300,0,1,160,0,0,0

APPTR,I18LY,18L,LYH
IF,LYH,28.393333,113.343333, ,0.0,0.0,2,2960,0,1,205,0,1,0
FD,LYH,28.393333,113.343333,0,LYH,0.0,5.4,271.0,5.4,0,0,0,0,0,0,0,0
VI,0,ISL,0.0,211.0,2,2300,0,1,160,0,0,0

FINAL,I18LY,18L,I,3
IF,CI18L,28.386564,113.211539,ISL,0.9,12.8,2,2300,0,1,160,0,0,0
CF,FI18L,28.316481,113.215836,0,ISL,0.9,8.6,181.0,4.2,1,2300,0,0,0,0,2,0
CF,RW18L,28.209100,113.222411,0,ISL,0.9,2.2,181.0,6.4,1,261,0,0,0,0,3,0
CD, ,0,0,0,ISL,0,0.0,181.0,3.0,2,830,0,0,0,0,0,0
CD, ,0,0,0,ISL,0,0.0,166.0,8.3,2,1650,0,0,0,0,0,0
CF,D183J,28.226244,113.346625,1,LYH,183.0,10.0,3.0,9.0,1,2960,0,1,205,0,0,0
HM,D183J,28.226244,113.346625,2, ,0.0,0.0,3.0,04.3,2,3940,0,1,205,0,0,0,0

APPTR,I18LZ,18L,HA366
IF,HA366,28.409833,113.341389, ,0.0,0.0,2,2960,0,1,205,0,1,0
TF,HA364,28.403917,113.210361,0,ISL,0.0,0.0,0.0,0.0,2,2300,0,1,160,0,1,0

APPTR,I18LZ,18L,HA368
IF,HA368,28.398528,113.100389, ,0.0,0.0,2,2300,0,1,205,0,1,0
TF,HA364,28.403917,113.210361,0,ISL,0.0,0.0,0.0,0.0,2,2300,0,1,160,0,1,0

FINAL,I18LZ,18L,I,3
IF,HA364,28.403917,113.210361,ISL,0.9,13.9,2,2300,0,1,160,0,0,0
CF,FI18L,28.316481,113.215836,0,ISL,0.9,8.0,181.0,5.2,1,2300,0,0,0,0,2,0
CF,RW18L,28.209100,113.222411,0,ISL,0.9,2.2,181.0,6.4,1,261,0,0,0,0,3,0
CF,HA341,28.156333,113.225667,0,LYH,207.8,15.5,181.0,3.2,2,830,0,0,0,0,0,0
TF,HA342,28.070611,113.257306,0, ,0.0,0.0,0.0,0.0,2,1650,0,0,0,0,0,1
DF,HA365,28.252694,113.345056,1, ,0.0,0.0,1,2960,0,1,205,0,0,0
HM,HA365,28.252694,113.345056,2, ,0.0,0.0,3.0,04.3,2,3940,0,1,205,0,0,0,0

APPTR,I18RY,18R,D271M
IF,D271M,28.382014,113.103686, ,0.0,0.0,2,2300,0,1,205,0,1,0
FD,D271M,28.382014,113.103686,0,LYH,271.0,8.7,91.0,8.7,0,0,0,0,0,0,0,0
VI,0,IWW,0.0,151.0,2,2300,0,1,160,0,0,0

APPTR,I18RY,18R,LYH
IF,LYH,28.393333,113.343333, ,0.0,0.0,2,2960,0,1,205,0,1,0
FD,LYH,28.393333,113.343333,0,LYH,0.0,5.6,271.0,5.6,0,0,0,0,0,0,0,0
VI,0,IWW,0.0,211.0,2,2300,0,1,160,0,0,0

FINAL,I18RY,18R,I,3
IF,CI18R,28.385244,113.207608,IWW,0.9,12.6,2,2300,0,1,160,0,0,0
CF,FI18R,28.311658,113.212175,0,IWW,0.9,8.2,181.0,4.4,1,2300,0,0,0,0,2,0
CF,RW18R,28.206225,113.218708,0,IWW,0.9,1.8,181.0,6.3,1,273,0,0,0,0,3,0
CA,0,181.0,2,1650,0,0,0,0,0,0
CI,1, ,0.0,48.0,0,0,0,1,205,0,0,0
CF,D183J,28.226244,113.346625,0,LYH,183.0,10.0,3.0,2.0,1,2960,0,0,0,0,0,0
HM,D183J,28.226244,113.346625,2, ,0.0,0.0,3.0,04.3,2,3940,0,1,205,0,0,0,0

APPTR,I18RZ,18R,HA366
IF,HA366,28.409833,113.341389, ,0.0,0.0,2,2960,0,1,205,0,1,0
TF,HA362,28.403722,113.206500,0,IWW,0.0,0.0,0.0,0.0,2,2300,0,1,160,0,1,0

APPTR,I18RZ,18R,HA368
IF,HA368,28.398528,113.100389, ,0.0,0.0,2,2300,0,1,205,0,1,0
TF,HA362,28.403722,113.206500,0,IWW,0.0,0.0,0.0,0.0,2,2300,0,1,160,0,1,0

FINAL,I18RZ,18R,I,3
IF,HA362,28.403722,113.206500,IWW,0.9,13.7,2,2300,0,1,160,0,0,0
CF,FI18R,28.311658,113.212175,0,IWW,0.9,8.2,181.0,5.5,1,2300,0,0,0,0,2,0
CF,RW18R,28.206225,113.218708,0,IWW,0.9,1.8,181.0,6.3,1,273,0,0,0,0,3,0
CA,0,181.0,2,1650,0,0,0,0,0,0
DF,HA365,28.252694,113.345056,1, ,0.0,0.0,1,2960,0,1,205,0,0,0
HM,HA365,28.252694,113.345056,2, ,0.0,0.0,3.0,04.3,2,3940,0,1,205,0,0,0,0

APPTR,I36LY,36L,D091M
IF,D091M,27.994233,113.363781, ,0.0,0.0,2,3940,0,1,205,0,1,0
FD,D091M,27.994233,113.363781,0,DTM,91.0,7.1,271.0,7.1,0,0,0,0,0,0,0,0
VI,0,ISV,0.0,331.0,2,2300,0,1,160,0,0,0

APPTR,I36LY,36L,D108K
IF,D108K,27.940747,113.316722, ,0.0,0.0,2,3940,0,1,205,0,1,0
CF,CI36L,27.989722,113.232056,0,ISV,180.9,13.1,307.0,5.4,2,2300,0,1,160,0,1,0

APPTR,I36LY,36L,DTM
IF,DTM,27.983333,113.125000, ,0.0,0.0,2,2960,0,1,205,0,1,0
FD,DTM,27.983333,113.125000,0,DTM,0.0,4.1,91.0,4.1,0,0,0,0,0,0,0,0
VI,0,ISV,0.0,31.0,2,2300,0,1,160,0,0,0

FINAL,I36LY,36L,I,3
IF,CI36L,27.989722,113.232056,ISV,180.9,13.1,2,2300,0,1,160,0,0,0
CF,FI36L,28.069819,113.227125,0,ISV,180.9,8.3,1.0,4.8,1,2300,0,0,0,0,2,0
CF,RW36L,28.177389,113.220489,0,ISV,180.9,1.9,1.0,6.5,1,247,0,0,0,0,3,0
FA,RW36L,28.177389,113.220489,0,DTM,0.0,0.0,1.0,2,1320,0,0,0,0,0,0
CI,2, ,0.0,151.0,0,0,0,1,205,0,0,0
CF,D181Q,28.111294,113.360003,0,LYH,181.0,16.9,181.0,3.0,1,2960,0,0,0,0,0,1
CF,D091M,27.994233,113.363781,0,DTM,91.0,12.7,181.0,7.0,2,3940,0,0,0,0,0,0
HM,D091M,27.994233,113.363781,2, ,0.0,0.0,271.0,04.3,2,3940,0,1,205,0,0,0,0

APPTR,I36LZ,36L,HA383
IF,HA383,27.949278,113.363583, ,0.0,0.0,2,3940,0,1,205,0,1,0
TF,HA375,27.943139,113.234917,0, ,0.0,0.0,0.0,0.0,2,2300,0,0,0,0,0,0
TF,HA372,28.015194,113.230472,0,ISV,0.0,0.0,0.0,0.0,2,2300,0,1,160,0,1,0

APPTR,I36LZ,36L,HA384
IF,HA384,27.937944,113.129278, ,0.0,0.0,2,2300,0,1,205,0,1,0
TF,HA375,27.943139,113.234917,0, ,0.0,0.0,0.0,0.0,2,2300,0,0,0,0,0,0
TF,HA372,28.015194,113.230472,0,ISV,0.0,0.0,0.0,0.0,2,2300,0,1,160,0,1,0

FINAL,I36LZ,36L,I,3
IF,HA372,28.015194,113.230472,ISV,180.9,11.6,2,2300,0,1,160,0,0,0
CF,FI36L,28.069819,113.227125,0,ISV,180.9,8.3,1.0,3.3,1,2300,0,0,0,0,2,0
CF,RW36L,28.177389,113.220489,0,ISV,180.9,1.9,1.0,6.5,1,247,0,0,0,0,3,0
CA,0,1.0,2,1320,0,0,0,0,0,0
DF,HA379,28.110722,113.353778,2, ,0.0,0.0,1,2960,0,1,205,0,0,0
TF,HA383,27.949278,113.363583,0, ,0.0,0.0,0.0,0.0,2,3940,0,0,0,0,0,0

APPTR,I36RY,36R,D091M
IF,D091M,27.994233,113.363781, ,0.0,0.0,2,3940,0,1,205,0,1,0
FD,D091M,27.994233,113.363781,0,DTM,91.0,7.3,271.0,7.3,0,0,0,0,0,0,0,0
VI,0,ICR,0.0,331.0,2,2300,0,1,160,0,0,0

APPTR,I36RY,36R,D108K
IF,D108K,27.940747,113.316722, ,0.0,0.0,2,3940,0,1,205,0,1,0
CF,CI36R,27.990481,113.235772,0,ICR,180.9,13.3,308.0,5.2,2,2300,0,1,160,0,1,0

APPTR,I36RY,36R,DTM
IF,DTM,27.983333,113.125000, ,0.0,0.0,2,2960,0,1,205,0,1,0
FD,DTM,27.983333,113.125000,0,DTM,0.0,4.3,91.0,4.3,0,0,0,0,0,0,0,0
VI,0,ICR,0.0,31.0,2,2300,0,1,160,0,0,0

FINAL,I36RY,36R,I,3
IF,CI36R,27.990481,113.235772,ICR,180.9,13.3,2,2300,0,1,160,0,0,0
CF,FI36R,28.067242,113.231089,0,ICR,180.9,8.7,1.0,4.6,1,2300,0,0,0,0,2,0
CF,RW36R,28.174861,113.224511,0,ICR,180.9,2.2,1.0,6.5,1,237,0,0,0,0,3,0
CD, ,0,0,0,ICR,0,0.0,1.0,3.0,2,830,0,0,0,0,0,0
CF,D217I,28.274175,113.255944,0,LYH,217.0,8.5,37.0,3.4,2,1320,0,0,0,0,0,1
CI,2, ,0.0,151.0,0,0,0,1,205,0,0,0
CF,D181Q,28.111294,113.360003,0,LYH,181.0,16.9,181.0,7.3,1,2960,0,0,0,0,0,1
CF,D091M,27.994233,113.363781,0,DTM,91.0,12.7,181.0,7.0,2,3940,0,0,0,0,0,0
HM,D091M,27.994233,113.363781,2, ,0.0,0.0,271.0,04.3,2,3940,0,1,205,0,0,0,0

APPTR,I36RZ,36R,HA383
IF,HA383,27.949278,113.363583, ,0.0,0.0,2,3940,0,1,205,0,1,0
TF,HA376,27.943333,113.238778,0, ,0.0,0.0,0.0,0.0,2,2300,0,0,0,0,0,0
TF,HA374,28.015389,113.234361,0,ICR,0.0,0.0,0.0,0.0,2,2300,0,1,160,0,1,0

APPTR,I36RZ,36R,HA384
IF,HA384,27.937944,113.129278, ,0.0,0.0,2,2300,0,1,205,0,1,0
TF,HA376,27.943333,113.238778,0, ,0.0,0.0,0.0,0.0,2,2300,0,0,0,0,0,0
TF,HA374,28.015389,113.234361,0,ICR,0.0,0.0,0.0,0.0,2,2300,0,1,160,0,1,0

FINAL,I36RZ,36R,I,3
IF,HA374,28.015389,113.234361,ICR,180.9,11.8,2,2300,0,1,160,0,0,0
CF,FI36R,28.067242,113.231089,0,ICR,180.9,8.7,1.0,3.1,1,2300,0,0,0,0,2,0
CF,RW36R,28.174861,113.224511,0,ICR,180.9,2.2,1.0,6.5,1,237,0,0,0,0,3,0
CF,HA351,28.227472,113.221278,0,LYH,217.1,11.8,1.0,3.2,2,830,0,0,0,0,0,0
TF,HA352,28.272889,113.254472,0, ,0.0,0.0,0.0,0.0,2,1320,0,1,205,0,0,1
DF,HA379,28.110722,113.353778,2, ,0.0,0.0,1,2960,0,1,205,0,0,0
TF,HA383,27.949278,113.363583,0, ,0.0,0.0,0.0,0.0,2,3940,0,0,0,0,0,0

