SID,BEN1WD,01L,2
CA,0,15.0,2,2630,0,0,0,0,0,0
DF,XGD,30.691667,115.123333,0, ,0.0,0.0,0,0,0,1,205,0,0,0
TF,P38,31.110000,115.220000,0, ,0.0,0.0,0.0,0.0,3,15700,0,0,0,0,0,0
TF,P124,31.236667,114.756667,0, ,0.0,0.0,0.0,0.0,0,0,0,0,0,0,0,0
TF,P106,31.371667,114.705000,0, ,0.0,0.0,0.0,0.0,0,0,0,0,0,0,0,0
TF,BENBI,31.815833,114.345278,0, ,0.0,0.0,0.0,0.0,0,0,0,0,0,0,0,0

SID,BEN1XD,01R,2
CA,0,15.0,2,2630,0,0,0,0,0,0
DF,XGD,30.691667,115.123333,0, ,0.0,0.0,0,0,0,1,205,0,0,0
TF,P38,31.110000,115.220000,0, ,0.0,0.0,0.0,0.0,3,15700,0,0,0,0,0,0
TF,P124,31.236667,114.756667,0, ,0.0,0.0,0.0,0.0,0,0,0,0,0,0,0,0
TF,P106,31.371667,114.705000,0, ,0.0,0.0,0.0,0.0,0,0,0,0,0,0,0,0
TF,BENBI,31.815833,114.345278,0, ,0.0,0.0,0.0,0.0,0,0,0,0,0,0,0,0

SID,BEN1YD,19L,2
CA,0,195.0,2,3120,0,0,0,0,0,0
DF,KGF,30.150000,114.761667,0, ,0.0,0.0,0,0,0,1,205,0,0,0
TF,D015P,30.418317,114.815217,2, ,0.0,0.0,0.0,0.0,2,11800,0,0,0,0,0,0
TF,P130,30.555000,114.841667,0, ,0.0,0.0,0.0,0.0,0,0,0,0,0,0,0,0
TF,P75,30.848333,114.901667,0, ,0.0,0.0,0.0,0.0,0,0,0,0,0,0,0,0
TF,P124,31.236667,114.756667,0, ,0.0,0.0,0.0,0.0,3,15700,0,0,0,0,0,0
TF,P106,31.371667,114.705000,0, ,0.0,0.0,0.0,0.0,0,0,0,0,0,0,0,0
TF,BENBI,31.815833,114.345278,0, ,0.0,0.0,0.0,0.0,0,0,0,0,0,0,0,0

SID,BEN1ZD,19R,2
CA,0,195.0,2,480,0,0,0,0,0,0
CA,0,210.0,2,2140,0,0,0,0,0,0
DF,KGF,30.150000,114.761667,0, ,0.0,0.0,0,0,0,1,205,0,0,0
TF,D015P,30.418317,114.815217,2, ,0.0,0.0,0.0,0.0,2,11800,0,0,0,0,0,0
TF,P130,30.555000,114.841667,0, ,0.0,0.0,0.0,0.0,0,0,0,0,0,0,0,0
TF,P75,30.848333,114.901667,0, ,0.0,0.0,0.0,0.0,0,0,0,0,0,0,0,0
TF,P124,31.236667,114.756667,0, ,0.0,0.0,0.0,0.0,3,15700,0,0,0,0,0,0
TF,P106,31.371667,114.705000,0, ,0.0,0.0,0.0,0.0,0,0,0,0,0,0,0,0
TF,BENBI,31.815833,114.345278,0, ,0.0,0.0,0.0,0.0,0,0,0,0,0,0,0,0

SID,GUG1WD,01L,2
CA,0,15.0,2,2630,0,0,0,0,0,0
DF,XGD,30.691667,115.123333,0, ,0.0,0.0,0,0,0,1,205,0,0,0
TF,P38,31.110000,115.220000,0, ,0.0,0.0,0.0,0.0,3,15700,0,0,0,0,0,0
TF,DHP,30.870000,114.470000,1, ,0.0,0.0,0.0,0.0,3,15700,0,0,0,0,0,0
TF,DCD,30.440000,114.158333,0, ,0.0,0.0,0.0,0.0,0,0,0,0,0,0,0,0
TF,GUGAM,30.216389,113.185556,0, ,0.0,0.0,0.0,0.0,0,0,0,0,0,0,0,0

SID,GUG1XD,01R,2
CA,0,15.0,2,2630,0,0,0,0,0,0
DF,XGD,30.691667,115.123333,0, ,0.0,0.0,0,0,0,1,205,0,0,0
TF,P38,31.110000,115.220000,0, ,0.0,0.0,0.0,0.0,3,15700,0,0,0,0,0,0
TF,DHP,30.870000,114.470000,1, ,0.0,0.0,0.0,0.0,3,15700,0,0,0,0,0,0
TF,DCD,30.440000,114.158333,0, ,0.0,0.0,0.0,0.0,0,0,0,0,0,0,0,0
TF,GUGAM,30.216389,113.185556,0, ,0.0,0.0,0.0,0.0,0,0,0,0,0,0,0,0

SID,GUG1YD,19L,2
CA,0,195.0,2,3120,0,0,0,0,0,0
DF,KGF,30.150000,114.761667,0, ,0.0,0.0,0,0,0,1,205,0,0,0
TF,D015P,30.418317,114.815217,2, ,0.0,0.0,0.0,0.0,2,11800,0,0,0,0,0,0
TF,P130,30.555000,114.841667,0, ,0.0,0.0,0.0,0.0,0,0,0,0,0,0,0,0
TF,WTM66,30.577569,114.423825,1, ,0.0,0.0,0.0,0.0,3,15700,0,0,0,0,0,0
TF,P373,30.591667,114.171667,0, ,0.0,0.0,0.0,0.0,0,0,0,0,0,0,0,0
TF,P134,30.608333,113.826667,0, ,0.0,0.0,0.0,0.0,0,0,0,0,0,0,0,0
TF,GUGAM,30.216389,113.185556,0, ,0.0,0.0,0.0,0.0,0,0,0,0,0,0,0,0

SID,GUG1ZD,19R,2
CA,0,195.0,2,480,0,0,0,0,0,0
CA,0,210.0,2,2140,0,0,0,0,0,0
DF,KGF,30.150000,114.761667,0, ,0.0,0.0,0,0,0,1,205,0,0,0
TF,D015P,30.418317,114.815217,2, ,0.0,0.0,0.0,0.0,2,11800,0,0,0,0,0,0
TF,P130,30.555000,114.841667,0, ,0.0,0.0,0.0,0.0,0,0,0,0,0,0,0,0
TF,WTM66,30.577569,114.423825,1, ,0.0,0.0,0.0,0.0,3,15700,0,0,0,0,0,0
TF,P373,30.591667,114.171667,0, ,0.0,0.0,0.0,0.0,0,0,0,0,0,0,0,0
TF,P134,30.608333,113.826667,0, ,0.0,0.0,0.0,0.0,0,0,0,0,0,0,0,0
TF,GUGAM,30.216389,113.185556,0, ,0.0,0.0,0.0,0.0,0,0,0,0,0,0,0,0

SID,OLM1WD,01L,2
CA,0,15.0,2,2630,0,0,0,0,0,0
DF,XGD,30.691667,115.123333,0, ,0.0,0.0,0,0,0,1,205,0,0,0
TF,P38,31.110000,115.220000,0, ,0.0,0.0,0.0,0.0,3,15700,0,0,0,0,0,0
TF,DHP,30.870000,114.470000,1, ,0.0,0.0,0.0,0.0,3,15700,0,0,0,0,0,0
TF,DCD,30.440000,114.158333,0, ,0.0,0.0,0.0,0.0,0,0,0,0,0,0,0,0
TF,P346,30.245000,113.985000,0, ,0.0,0.0,0.0,0.0,0,0,0,0,0,0,0,0
TF,OLMIB,29.871389,113.784722,0, ,0.0,0.0,0.0,0.0,0,0,0,0,0,0,0,0

SID,OLM1XD,01R,2
CA,0,15.0,2,2630,0,0,0,0,0,0
DF,XGD,30.691667,115.123333,0, ,0.0,0.0,0,0,0,1,205,0,0,0
TF,P38,31.110000,115.220000,0, ,0.0,0.0,0.0,0.0,3,15700,0,0,0,0,0,0
TF,DHP,30.870000,114.470000,1, ,0.0,0.0,0.0,0.0,3,15700,0,0,0,0,0,0
TF,DCD,30.440000,114.158333,0, ,0.0,0.0,0.0,0.0,0,0,0,0,0,0,0,0
TF,P346,30.245000,113.985000,0, ,0.0,0.0,0.0,0.0,0,0,0,0,0,0,0,0
TF,OLMIB,29.871389,113.784722,0, ,0.0,0.0,0.0,0.0,0,0,0,0,0,0,0,0

SID,OLM1YD,19L,2
CA,0,195.0,2,3120,0,0,0,0,0,0
DF,KGF,30.150000,114.761667,0, ,0.0,0.0,0,0,0,1,205,0,0,0
TF,D015P,30.418317,114.815217,2, ,0.0,0.0,0.0,0.0,2,11800,0,0,0,0,0,0
TF,P130,30.555000,114.841667,0, ,0.0,0.0,0.0,0.0,0,0,0,0,0,0,0,0
TF,WTM66,30.577569,114.423825,1, ,0.0,0.0,0.0,0.0,3,15700,0,0,0,0,0,0
TF,P373,30.591667,114.171667,0, ,0.0,0.0,0.0,0.0,0,0,0,0,0,0,0,0
TF,OLMIB,29.871389,113.784722,0, ,0.0,0.0,0.0,0.0,0,0,0,0,0,0,0,0

SID,OLM1ZD,19R,2
CA,0,195.0,2,480,0,0,0,0,0,0
CA,0,210.0,2,2140,0,0,0,0,0,0
DF,KGF,30.150000,114.761667,0, ,0.0,0.0,0,0,0,1,205,0,0,0
TF,D015P,30.418317,114.815217,2, ,0.0,0.0,0.0,0.0,2,11800,0,0,0,0,0,0
TF,P130,30.555000,114.841667,0, ,0.0,0.0,0.0,0.0,0,0,0,0,0,0,0,0
TF,WTM66,30.577569,114.423825,1, ,0.0,0.0,0.0,0.0,3,15700,0,0,0,0,0,0
TF,P373,30.591667,114.171667,0, ,0.0,0.0,0.0,0.0,0,0,0,0,0,0,0,0
TF,OLMIB,29.871389,113.784722,0, ,0.0,0.0,0.0,0.0,0,0,0,0,0,0,0,0

SID,TUL1WD,01L,2
CA,0,15.0,2,2630,0,0,0,0,0,0
DF,XSH,30.435000,115.266667,2, ,0.0,0.0,0,0,0,1,205,0,0,0
TF,TULMU,29.791111,115.551389,0, ,0.0,0.0,0.0,0.0,0,0,0,0,0,0,0,0

SID,TUL1XD,01R,2
CA,0,15.0,2,480,0,0,0,0,0,0
CA,0,30.0,2,1650,0,0,0,0,0,0
DF,XSH,30.435000,115.266667,2, ,0.0,0.0,0,0,0,1,205,0,0,0
TF,TULMU,29.791111,115.551389,0, ,0.0,0.0,0.0,0.0,0,0,0,0,0,0,0,0

SID,TUL1YD,19L,2
CA,0,195.0,2,2140,0,0,0,0,0,0
DF,XSH,30.435000,115.266667,1, ,0.0,0.0,0,0,0,1,205,0,0,0
TF,TULMU,29.791111,115.551389,2, ,0.0,0.0,0.0,0.0,0,0,0,0,0,0,0,0

SID,TUL1ZD,19R,2
CA,0,195.0,2,3120,0,0,0,0,0,0
DF,XSH,30.435000,115.266667,1, ,0.0,0.0,0,0,0,1,205,0,0,0
TF,TULMU,29.791111,115.551389,2, ,0.0,0.0,0.0,0.0,0,0,0,0,0,0,0,0

SID,URG1WD,01L,2
CA,0,15.0,2,2630,0,0,0,0,0,0
DF,XGD,30.691667,115.123333,0, ,0.0,0.0,0,0,0,1,205,0,0,0
TF,P38,31.110000,115.220000,0, ,0.0,0.0,0.0,0.0,3,15700,0,0,0,0,0,0
TF,URGEB,31.291389,115.784444,0, ,0.0,0.0,0.0,0.0,0,0,0,0,0,0,0,0

SID,URG1XD,01R,2
CA,0,15.0,2,2630,0,0,0,0,0,0
DF,XGD,30.691667,115.123333,0, ,0.0,0.0,0,0,0,1,205,0,0,0
TF,P38,31.110000,115.220000,0, ,0.0,0.0,0.0,0.0,3,15700,0,0,0,0,0,0
TF,URGEB,31.291389,115.784444,0, ,0.0,0.0,0.0,0.0,0,0,0,0,0,0,0,0

SID,URG1YD,19L,2
CA,0,195.0,2,2140,0,0,0,0,0,0
DF,XSH,30.435000,115.266667,1, ,0.0,0.0,0,0,0,1,205,0,0,0
TF,URGEB,31.291389,115.784444,0, ,0.0,0.0,0.0,0.0,0,0,0,0,0,0,0,0

SID,URG1ZD,19R,2
CA,0,195.0,2,3120,0,0,0,0,0,0
DF,XSH,30.435000,115.266667,1, ,0.0,0.0,0,0,0,1,205,0,0,0
TF,URGEB,31.291389,115.784444,0, ,0.0,0.0,0.0,0.0,0,0,0,0,0,0,0,0

STAR,AVP1WA,ALL,2
IF,AVPID,30.734167,113.254722, ,0.0,0.0,0,0,0,0,0,0,0,0
TF,DHB,30.698333,113.971667,0, ,0.0,0.0,0.0,0.0,0,0,0,0,0,0,0,0
TF,D288T,30.514475,114.887886,0, ,0.0,0.0,0.0,0.0,2,11800,0,0,0,0,0,0
TF,P24,30.498333,114.966667,0, ,0.0,0.0,0.0,0.0,0,0,0,0,0,0,0,0
TF,D195Z,30.188814,114.902508,0, ,0.0,0.0,0.0,0.0,2,2960,0,0,0,0,0,0

STAR,AVP1WA,01L,3
IF,D195Z,30.188814,114.902508, ,0.0,0.0,2,2960,0,0,0,0,0,0
TF,D105G,30.129625,114.894158,0, ,0.0,0.0,0.0,0.0,2,2300,0,1,205,0,0,0

STAR,AVP1WA,01R,3
IF,D195Z,30.188814,114.902508, ,0.0,0.0,2,2960,0,0,0,0,0,0
TF,D105G,30.129625,114.894158,0, ,0.0,0.0,0.0,0.0,2,2960,0,1,205,0,0,0

STAR,ENL1WA,ALL,2
IF,ENLAB,32.383056,114.636667, ,0.0,0.0,0,0,0,0,0,0,0,0
TF,AVLEN,31.244444,114.526944,0, ,0.0,0.0,0.0,0.0,0,0,0,0,0,0,0,0
TF,DHP,30.870000,114.470000,0, ,0.0,0.0,0.0,0.0,0,0,0,0,0,0,0,0
TF,MOU,30.611667,114.988333,0, ,0.0,0.0,0.0,0.0,2,11800,0,0,0,0,0,0
TF,P24,30.498333,114.966667,0, ,0.0,0.0,0.0,0.0,0,0,0,0,0,0,0,0
TF,D195Z,30.188814,114.902508,0, ,0.0,0.0,0.0,0.0,2,2960,0,0,0,0,0,0

STAR,ENL1WA,01L,3
IF,D195Z,30.188814,114.902508, ,0.0,0.0,2,2960,0,0,0,0,0,0
TF,D105G,30.129625,114.894158,0, ,0.0,0.0,0.0,0.0,2,2300,0,1,205,0,0,0

STAR,ENL1WA,01R,3
IF,D195Z,30.188814,114.902508, ,0.0,0.0,2,2960,0,0,0,0,0,0
TF,D105G,30.129625,114.894158,0, ,0.0,0.0,0.0,0.0,2,2960,0,1,205,0,0,0

STAR,ENL1YA,19L,2
IF,ENLAB,32.383056,114.636667, ,0.0,0.0,0,0,0,0,0,0,0,0
TF,P402,31.296667,114.531667,0, ,0.0,0.0,0.0,0.0,0,0,0,0,0,0,0,0
TF,P38,31.110000,115.220000,0, ,0.0,0.0,0.0,0.0,2,11800,0,0,0,0,0,0
TF,D016H,30.822736,115.153528,0, ,0.0,0.0,0.0,0.0,2,5910,0,0,0,0,0,0
TF,XGD,30.691667,115.123333,0, ,0.0,0.0,0.0,0.0,2,3940,0,1,205,0,0,0

STAR,ENL1YA,19R,2
IF,ENLAB,32.383056,114.636667, ,0.0,0.0,0,0,0,0,0,0,0,0
TF,P402,31.296667,114.531667,0, ,0.0,0.0,0.0,0.0,0,0,0,0,0,0,0,0
TF,P38,31.110000,115.220000,0, ,0.0,0.0,0.0,0.0,2,11800,0,0,0,0,0,0
TF,D016H,30.822736,115.153528,0, ,0.0,0.0,0.0,0.0,2,5910,0,0,0,0,0,0
TF,XGD,30.691667,115.123333,0, ,0.0,0.0,0.0,0.0,2,3940,0,1,205,0,0,0

STAR,P251WA,01L,2
IF,IKUBA,30.855556,115.900833, ,0.0,0.0,0,0,0,0,0,0,0,0
TF,P254,30.816667,115.841667,0, ,0.0,0.0,0.0,0.0,0,0,0,0,0,0,0,0
TF,D057T,30.638744,115.572578,0, ,0.0,0.0,0.0,0.0,2,7880,0,0,0,0,0,0
TF,XSH,30.435000,115.266667,0, ,0.0,0.0,0.0,0.0,2,7880,0,0,0,0,0,0
TF,D105R,30.096156,115.109817,0, ,0.0,0.0,0.0,0.0,2,2960,0,1,205,0,0,0

STAR,P251WA,01R,2
IF,IKUBA,30.855556,115.900833, ,0.0,0.0,0,0,0,0,0,0,0,0
TF,P254,30.816667,115.841667,0, ,0.0,0.0,0.0,0.0,0,0,0,0,0,0,0,0
TF,D057T,30.638744,115.572578,0, ,0.0,0.0,0.0,0.0,2,7880,0,0,0,0,0,0
TF,XSH,30.435000,115.266667,0, ,0.0,0.0,0.0,0.0,2,7880,0,0,0,0,0,0
TF,D105R,30.096156,115.109817,0, ,0.0,0.0,0.0,0.0,2,2960,0,1,205,0,0,0

STAR,P251YA,19L,2
IF,IKUBA,30.855556,115.900833, ,0.0,0.0,0,0,0,0,0,0,0,0
TF,P254,30.816667,115.841667,0, ,0.0,0.0,0.0,0.0,0,0,0,0,0,0,0,0
TF,D083O,30.741633,115.407533,0, ,0.0,0.0,0.0,0.0,2,4930,0,0,0,0,0,0
TF,XGD,30.691667,115.123333,0, ,0.0,0.0,0.0,0.0,2,3940,0,1,205,0,0,0

STAR,P251YA,19R,2
IF,IKUBA,30.855556,115.900833, ,0.0,0.0,0,0,0,0,0,0,0,0
TF,P254,30.816667,115.841667,0, ,0.0,0.0,0.0,0.0,0,0,0,0,0,0,0,0
TF,D083O,30.741633,115.407533,0, ,0.0,0.0,0.0,0.0,2,4930,0,0,0,0,0,0
TF,XGD,30.691667,115.123333,0, ,0.0,0.0,0.0,0.0,2,3940,0,1,205,0,0,0

STAR,TUL1WA,01L,2
IF,TULMU,29.791111,115.551389, ,0.0,0.0,0,0,0,0,0,0,0,0
TF,D163Y,30.045228,115.439494,0, ,0.0,0.0,0.0,0.0,2,11800,0,0,0,0,0,0
TF,XSH,30.435000,115.266667,0, ,0.0,0.0,0.0,0.0,2,7880,0,0,0,0,0,0
TF,D105R,30.096156,115.109817,1, ,0.0,0.0,0.0,0.0,2,2960,0,1,205,0,0,0

STAR,TUL1WA,01R,2
IF,TULMU,29.791111,115.551389, ,0.0,0.0,0,0,0,0,0,0,0,0
TF,D163Y,30.045228,115.439494,0, ,0.0,0.0,0.0,0.0,2,11800,0,0,0,0,0,0
TF,XSH,30.435000,115.266667,0, ,0.0,0.0,0.0,0.0,2,7880,0,0,0,0,0,0
TF,D105R,30.096156,115.109817,1, ,0.0,0.0,0.0,0.0,2,2960,0,1,205,0,0,0

STAR,TUL1YA,19L,2
IF,TULMU,29.791111,115.551389, ,0.0,0.0,0,0,0,0,0,0,0,0
TF,D163Y,30.045228,115.439494,0, ,0.0,0.0,0.0,0.0,2,11800,0,0,0,0,0,0
TF,XSH,30.435000,115.266667,0, ,0.0,0.0,0.0,0.0,2,4930,0,0,0,0,0,0
TF,D343I,30.576908,115.203703,0, ,0.0,0.0,0.0,0.0,2,2960,0,1,205,0,0,0

STAR,TUL1YA,19R,2
IF,TULMU,29.791111,115.551389, ,0.0,0.0,0,0,0,0,0,0,0,0
TF,D163Y,30.045228,115.439494,0, ,0.0,0.0,0.0,0.0,2,11800,0,0,0,0,0,0
TF,XSH,30.435000,115.266667,0, ,0.0,0.0,0.0,0.0,2,4930,0,0,0,0,0,0
TF,D343I,30.576908,115.203703,0, ,0.0,0.0,0.0,0.0,2,2960,0,1,205,0,0,0

STAR,UPM1WA,ALL,2
IF,UPMAT,29.945000,113.595556, ,0.0,0.0,0,0,0,0,0,0,0,0
TF,DHB,30.698333,113.971667,0, ,0.0,0.0,0.0,0.0,0,0,0,0,0,0,0,0
TF,D288T,30.514475,114.887886,0, ,0.0,0.0,0.0,0.0,2,11800,0,0,0,0,0,0
TF,P24,30.498333,114.966667,0, ,0.0,0.0,0.0,0.0,0,0,0,0,0,0,0,0
TF,D195Z,30.188814,114.902508,0, ,0.0,0.0,0.0,0.0,2,2960,0,0,0,0,0,0

STAR,UPM1WA,01L,3
IF,D195Z,30.188814,114.902508, ,0.0,0.0,2,2960,0,0,0,0,0,0
TF,D105G,30.129625,114.894158,0, ,0.0,0.0,0.0,0.0,2,2300,0,1,205,0,0,0

STAR,UPM1WA,01R,3
IF,D195Z,30.188814,114.902508, ,0.0,0.0,2,2960,0,0,0,0,0,0
TF,D105G,30.129625,114.894158,0, ,0.0,0.0,0.0,0.0,2,2960,0,1,205,0,0,0

APPTR,I01L,01L,D105G
IF,D105G,30.129625,114.894158, ,0.0,0.0,2,2300,0,1,205,0,1,0
FD,D105G,30.129625,114.894158,0,KGF,105.0,10.2,105.0,10.2,0,0,0,0,0,0,0,0
CI,0,IDC,0.0,45.0,2,2300,0,0,0,0,0,0

APPTR,I01L,01L,D105R
IF,D105R,30.096156,115.109817, ,0.0,0.0,2,2960,0,1,205,0,1,0
FD,D105R,30.096156,115.109817,0,KGF,105.0,13.4,285.0,13.4,0,0,0,0,0,0,0,0
CI,0,IDC,0.0,345.0,2,2960,0,0,0,0,0,0

FINAL,I01L,01L,I,3
IF,CI01L,30.117417,114.983900,IDC,195.0,14.8,2,2300,0,0,0,0,0,0
CF,FI01L,30.214497,115.003558,0,IDC,195.0,8.9,15.0,5.9,1,2300,0,0,0,0,2,0
CF,RW01L,30.326861,115.026361,0,IDC,195.0,2.1,15.0,6.8,1,130,0,0,0,0,3,0
CA,0,15.0,2,830,0,0,0,0,0,0
DF,P24,30.498333,114.966667,1, ,0.0,0.0,1,2960,0,1,205,0,0,0
HM,P24,30.498333,114.966667,1, ,0.0,0.0,195.0,04.3,2,2960,0,1,205,0,0,0,0

APPTR,I01R,01R,D105G
IF,D105G,30.129625,114.894158, ,0.0,0.0,2,2960,0,1,205,0,1,0
FD,D105G,30.129625,114.894158,0,KGF,105.0,11.2,105.0,11.2,0,0,0,0,0,0,0,0
CI,0,IFP,0.0,45.0,2,2960,0,0,0,0,0,0

APPTR,I01R,01R,D105R
IF,D105R,30.096156,115.109817, ,0.0,0.0,2,2960,0,1,205,0,1,0
FD,D105R,30.096156,115.109817,0,KGF,105.0,14.4,285.0,14.4,0,0,0,0,0,0,0,0
CI,0,IFP,0.0,345.0,2,2960,0,0,0,0,0,0

FINAL,I01R,01R,I,3
IF,CI01R,30.114231,115.003331,IFP,195.0,14.7,2,2960,0,0,0,0,0,0
CF,FI01R,30.175114,115.015656,0,IFP,195.0,11.0,15.0,3.7,1,2960,0,0,0,0,2,0
CF,RW01R,30.322111,115.045472,0,IFP,195.0,2.1,15.0,8.9,1,126,0,0,0,0,3,0
CA,0,15.0,2,830,0,0,0,0,0,0
DF,XSH,30.435000,115.266667,2, ,0.0,0.0,1,3940,0,1,205,0,0,0
HM,XSH,30.435000,115.266667,1, ,0.0,0.0,207.0,04.3,2,3940,0,1,205,0,0,0,0

APPTR,I19L,19L,D343I
IF,D343I,30.576908,115.203703, ,0.0,0.0,2,2960,0,1,205,0,1,0
FD,D343I,30.576908,115.203703,0,MOU,105.5,7.5,285.0,7.5,0,0,0,0,0,0,0,0
CI,0,IYU,0.0,225.0,2,2960,0,0,0,0,0,0

APPTR,I19L,19L,XGD
IF,XGD,30.691667,115.123333, ,0.0,0.0,2,3940,0,1,205,0,1,0
CF,CI19L,30.593164,115.100717,0,IYU,15.0,16.6,196.0,6.0,2,2960,0,0,0,0,1,0

FINAL,I19L,19L,I,3
IF,CI19L,30.593164,115.100717,IYU,15.0,16.6,2,2960,0,0,0,0,0,0
CF,FI19L,30.499394,115.081569,0,IYU,15.0,10.9,195.0,5.7,1,2960,0,0,0,0,2,0
CF,RW19L,30.354083,115.051972,0,IYU,15.0,2.1,195.0,8.8,1,132,0,0,0,0,3,0
CA,0,195.0,2,990,0,0,0,0,0,0
DF,D218L,30.275664,115.142886,1, ,0.0,0.0,0,0,0,1,205,0,0,0
CF,XSH,30.435000,115.266667,0,XSH,0.0,0.0,38.0,11.5,1,4930,0,0,0,0,0,0
HM,XSH,30.435000,115.266667,2, ,0.0,0.0,343.0,04.3,2,4930,0,1,205,0,0,0,0

APPTR,I19R,19R,D343I
IF,D343I,30.576908,115.203703, ,0.0,0.0,2,2960,0,1,205,0,1,0
FD,D343I,30.576908,115.203703,0,MOU,105.5,6.4,285.0,6.4,0,0,0,0,0,0,0,0
CI,0,INZ,0.0,225.0,2,1970,0,0,0,0,0,0

APPTR,I19R,19R,XGD
IF,XGD,30.691667,115.123333, ,0.0,0.0,2,3940,0,1,205,0,1,0
CF,CI19R,30.596267,115.081272,0,INZ,15.0,16.5,205.0,6.1,2,1970,0,0,0,0,1,0

FINAL,I19R,19R,I,3
IF,CI19R,30.596267,115.081272,INZ,15.0,16.5,2,1970,0,0,0,0,0,0
CF,FI19R,30.454786,115.052394,0,INZ,15.0,7.9,195.0,8.6,1,1970,0,0,0,0,2,0
CF,RW19R,30.358861,115.032861,0,INZ,15.0,2.1,195.0,5.8,1,126,0,0,0,0,3,0
CA,0,195.0,2,990,0,0,0,0,0,0
DF,D195R,30.322094,114.929478,2, ,0.0,0.0,0,0,0,1,205,0,0,0
TF,D195O,30.368167,114.938819,0, ,0.0,0.0,0.0,0.0,1,2960,0,0,0,0,0,0
HM,D195O,30.368167,114.938819,1, ,0.0,0.0,15.0,04.3,2,2960,0,1,205,0,0,0,0

