SID,BEN01D,04L,2
DF,DE04L,30.795200,114.219925,0, ,0.0,0.0,0,0,0,0,0,0,0,1
CA,0,31.0,2,660,0,0,0,0,0,0
CI,0, ,0.0,316.0,3,5910,0,1,210,0,0,0
CF,D226J,31.194389,114.296661,0,HOK,225.3,10.4,46.0,18.0,0,0,0,0,0,0,0,0
TF,VEXAN,31.357778,114.331667,0, ,0.0,0.0,0.0,0.0,0,0,0,0,0,0,0,0
TF,BENBI,31.815833,114.345278,0, ,0.0,0.0,0.0,0.0,0,0,0,0,0,0,0,0

SID,BEN02D,04R,2
DF,DE04R,30.781931,114.235550,0, ,0.0,0.0,0,0,0,0,0,0,0,1
CF,D055I,30.874533,114.332872,0,HOK,194.5,27.4,46.0,7.0,2,1650,0,0,0,0,0,1
DF,HG,30.925167,114.355739,0, ,0.0,0.0,0,0,0,1,210,0,0,0
TF,D316L,31.064278,114.176100,0, ,0.0,0.0,0.0,0.0,3,5910,0,0,0,0,0,0
TF,D226J,31.194389,114.296661,0, ,0.0,0.0,0.0,0.0,0,0,0,0,0,0,0,0
TF,VEXAN,31.357778,114.331667,0, ,0.0,0.0,0.0,0.0,0,0,0,0,0,0,0,0
TF,BENBI,31.815833,114.345278,0, ,0.0,0.0,0.0,0.0,0,0,0,0,0,0,0,0

SID,BEN03D,04L,2
CF,HG,30.925167,114.355739,0,WHA,46.5,11.7,46.0,12.0,0,0,0,0,0,0,0,0
TF,D046Z,31.103169,114.542142,0, ,0.0,0.0,0.0,0.0,0,0,0,0,0,0,0,0
TF,HOK,31.325000,114.430000,0, ,0.0,0.0,0.0,0.0,0,0,0,0,0,0,0,0
TF,BENBI,31.815833,114.345278,0, ,0.0,0.0,0.0,0.0,0,0,0,0,0,0,0,0

SID,BEN04D,04R,2
DF,DE04R,30.781931,114.235550,0, ,0.0,0.0,0,0,0,0,0,0,0,1
CF,D055I,30.874533,114.332872,0,WHA,54.3,8.7,46.0,7.0,2,1650,0,0,0,0,0,0
TF,D055Y,31.040792,114.575731,0, ,0.0,0.0,0.0,0.0,2,11800,0,0,0,0,0,0
TF,HOK,31.325000,114.430000,0, ,0.0,0.0,0.0,0.0,0,0,0,0,0,0,0,0
TF,BENBI,31.815833,114.345278,0, ,0.0,0.0,0.0,0.0,0,0,0,0,0,0,0,0

SID,BEN06D,04R,5
DF,DE04R,30.781931,114.235550,0, ,0.0,0.0,0,0,0,0,0,0,0,1
VA,0,46.0,2,500,0,0,0,0,0,0
DF,HH464,30.910972,114.367972,0, ,0.0,0.0,2,1650,0,0,0,0,0,0
TF,HH452,31.108222,114.571222,0, ,0.0,0.0,0.0,0.0,0,0,0,0,0,0,0,0
TF,HH462,31.360611,114.603167,0, ,0.0,0.0,0.0,0.0,0,0,0,0,0,0,0,0
TF,BENBI,31.815833,114.345278,0, ,0.0,0.0,0.0,0.0,0,0,0,0,0,0,0,0

SID,BEN07D,04L,5
DF,DE04L,30.795200,114.219925,0, ,0.0,0.0,0,0,0,0,0,0,0,1
VA,0,46.0,2,560,0,0,0,0,0,0
DF,HH460,30.923611,114.351444,0, ,0.0,0.0,2,1650,0,0,0,0,0,0
TF,HH453,31.141167,114.575389,0, ,0.0,0.0,0.0,0.0,0,0,0,0,0,0,0,0
TF,HH462,31.360611,114.603167,0, ,0.0,0.0,0.0,0.0,0,0,0,0,0,0,0,0
TF,BENBI,31.815833,114.345278,0, ,0.0,0.0,0.0,0.0,0,0,0,0,0,0,0,0

SID,BEN08D,04R,5
DF,DE04R,30.781931,114.235550,0, ,0.0,0.0,0,0,0,0,0,0,0,1
VA,0,46.0,2,500,0,0,0,0,0,0
DF,HH464,30.910972,114.367972,0, ,0.0,0.0,2,1650,0,1,210,0,0,0
TF,HH456,31.046333,114.190194,0, ,0.0,0.0,0.0,0.0,3,5910,0,0,0,0,0,0
TF,VEXAN,31.357778,114.331667,0, ,0.0,0.0,0.0,0.0,0,0,0,0,0,0,0,0
TF,BENBI,31.815833,114.345278,0, ,0.0,0.0,0.0,0.0,0,0,0,0,0,0,0,0

SID,BEN09D,04L,5
DF,DE04L,30.795200,114.219925,0, ,0.0,0.0,0,0,0,0,0,0,0,1
VA,0,46.0,2,560,0,0,0,0,0,0
CF,HH465,30.870528,114.263306,0,WHA,34.2,6.2,31.0,4.0,2,1150,0,1,210,0,0,0
TF,HH454,30.978806,114.121083,0, ,0.0,0.0,0.0,0.0,3,5910,0,0,0,0,0,0
TF,HH456,31.046333,114.190194,0, ,0.0,0.0,0.0,0.0,0,0,0,0,0,0,0,0
TF,VEXAN,31.357778,114.331667,0, ,0.0,0.0,0.0,0.0,0,0,0,0,0,0,0,0
TF,BENBI,31.815833,114.345278,0, ,0.0,0.0,0.0,0.0,0,0,0,0,0,0,0,0

SID,BEN11D,22R,2
DF,DE22R,30.772211,114.196417,0, ,0.0,0.0,0,0,0,0,0,0,0,1
CA,0,241.0,2,660,0,0,0,0,0,0
CI,0, ,0.0,316.0,3,5910,0,1,210,0,0,0
CF,HOK22,31.050339,114.143083,0,HOK,226.0,22.1,46.0,14.0,0,0,0,0,0,0,0,0
TF,D226J,31.194389,114.296661,0, ,0.0,0.0,0.0,0.0,0,0,0,0,0,0,0,0
TF,VEXAN,31.357778,114.331667,0, ,0.0,0.0,0.0,0.0,0,0,0,0,0,0,0,0
TF,BENBI,31.815833,114.345278,0, ,0.0,0.0,0.0,0.0,0,0,0,0,0,0,0,0

SID,BEN12D,22L,2
DF,DE22L,30.757567,114.210692,0, ,0.0,0.0,0,0,0,0,0,0,0,1
CA,0,226.0,2,1810,0,0,0,0,0,0
DF,DHB,30.698333,113.971667,0, ,0.0,0.0,0,0,0,1,210,0,0,0
TF,D316G,30.781561,113.864550,0, ,0.0,0.0,0.0,0.0,3,5910,0,0,0,0,0,0
TF,HOK22,31.050339,114.143083,0, ,0.0,0.0,0.0,0.0,0,0,0,0,0,0,0,0
TF,D226J,31.194389,114.296661,0, ,0.0,0.0,0.0,0.0,0,0,0,0,0,0,0,0
TF,VEXAN,31.357778,114.331667,0, ,0.0,0.0,0.0,0.0,0,0,0,0,0,0,0,0
TF,BENBI,31.815833,114.345278,0, ,0.0,0.0,0.0,0.0,0,0,0,0,0,0,0,0

SID,BEN16D,22L,5
DF,DE22L,30.757567,114.210692,0, ,0.0,0.0,0,0,0,0,0,0,0,1
VA,0,226.0,2,500,0,0,0,0,0,0
DF,HH560,30.621528,114.071722,0, ,0.0,0.0,3,5910,0,1,210,0,0,0
TF,HH455,30.756361,113.894306,0, ,0.0,0.0,0.0,0.0,3,5910,0,0,0,0,0,0
TF,HH468,31.113944,114.259528,0, ,0.0,0.0,0.0,0.0,0,0,0,0,0,0,0,0
TF,VEXAN,31.357778,114.331667,0, ,0.0,0.0,0.0,0.0,0,0,0,0,0,0,0,0
TF,BENBI,31.815833,114.345278,0, ,0.0,0.0,0.0,0.0,0,0,0,0,0,0,0,0

SID,BEN18D,22L,5
DF,DE22L,30.757567,114.210692,0, ,0.0,0.0,0,0,0,0,0,0,0,1
VA,0,226.0,2,500,0,0,0,0,0,0
CF,HH562,30.674028,114.162583,0,WHA,202.1,6.8,211.0,5.0,2,1320,0,1,210,0,0,0
TF,HH551,30.574389,114.293000,0, ,0.0,0.0,0.0,0.0,0,0,0,0,0,0,0,0
TF,HH552,30.935833,114.664639,0, ,0.0,0.0,0.0,0.0,0,0,0,0,0,0,0,0
TF,HH561,31.381278,114.701194,0, ,0.0,0.0,0.0,0.0,0,0,0,0,0,0,0,0
TF,BENBI,31.815833,114.345278,0, ,0.0,0.0,0.0,0.0,0,0,0,0,0,0,0,0

SID,BEN19D,22R,5
DF,DE22R,30.772211,114.196417,0, ,0.0,0.0,0,0,0,0,0,0,0,1
VA,0,226.0,2,500,0,0,0,0,0,0
CF,HH563,30.727083,114.117722,0,WHA,237.6,5.5,241.0,4.0,2,1150,0,1,210,0,0,0
TF,HH556,30.835583,113.974917,0, ,0.0,0.0,0.0,0.0,3,5910,0,0,0,0,0,0
TF,HH468,31.113944,114.259528,0, ,0.0,0.0,0.0,0.0,0,0,0,0,0,0,0,0
TF,VEXAN,31.357778,114.331667,0, ,0.0,0.0,0.0,0.0,0,0,0,0,0,0,0,0
TF,BENBI,31.815833,114.345278,0, ,0.0,0.0,0.0,0.0,0,0,0,0,0,0,0,0

SID,BIV01D,04L,2
CF,HG,30.925167,114.355739,0,WHA,46.5,11.7,46.0,12.0,0,0,0,0,0,0,0,0
TF,D046Z,31.103169,114.542142,0, ,0.0,0.0,0.0,0.0,2,11800,0,0,0,0,0,0
TF,BIVIP,31.128889,115.280278,0, ,0.0,0.0,0.0,0.0,0,0,0,0,0,0,0,0

SID,BIV02D,04R,2
DF,DE04R,30.781931,114.235550,0, ,0.0,0.0,0,0,0,0,0,0,0,1
CF,D055I,30.874533,114.332872,0,DHP,276.2,7.1,46.0,7.0,2,1650,0,0,0,0,0,0
TF,D055Y,31.040792,114.575731,0, ,0.0,0.0,0.0,0.0,2,11800,0,0,0,0,0,0
TF,WHA31,31.101483,114.663467,0, ,0.0,0.0,0.0,0.0,0,0,0,0,0,0,0,0
TF,BIVIP,31.128889,115.280278,0, ,0.0,0.0,0.0,0.0,0,0,0,0,0,0,0,0

SID,BIV03D,04L,2
DF,DE04L,30.795200,114.219925,0, ,0.0,0.0,0,0,0,0,0,0,0,1
CA,0,46.0,2,1650,0,0,0,0,0,0
DF,DHP,30.870000,114.470000,2, ,0.0,0.0,0,0,0,1,210,0,0,0
TF,BIVIP,31.128889,115.280278,0, ,0.0,0.0,0.0,0.0,0,0,0,0,0,0,0,0

SID,BIV04D,04R,2
DF,DE04R,30.781931,114.235550,0, ,0.0,0.0,0,0,0,0,0,0,0,1
CA,0,61.0,2,830,0,0,0,0,0,0
DF,DHP,30.870000,114.470000,0, ,0.0,0.0,0,0,0,1,210,0,0,0
TF,BIVIP,31.128889,115.280278,0, ,0.0,0.0,0.0,0.0,0,0,0,0,0,0,0,0

SID,BIV06D,04R,5
DF,DE04R,30.781931,114.235550,0, ,0.0,0.0,0,0,0,0,0,0,0,1
VA,0,46.0,2,500,0,0,0,0,0,0
CF,HH466,30.835667,114.329639,0,WHA,67.6,7.3,61.0,5.0,2,1320,0,1,210,0,0,0
TF,DHP,30.870000,114.470000,0, ,0.0,0.0,0.0,0.0,0,0,0,0,0,0,0,0
TF,BIVIP,31.128889,115.280278,0, ,0.0,0.0,0.0,0.0,0,0,0,0,0,0,0,0

SID,BIV08D,04R,5
DF,DE04R,30.781931,114.235550,0, ,0.0,0.0,0,0,0,0,0,0,0,1
VA,0,46.0,2,500,0,0,0,0,0,0
DF,HH464,30.910972,114.367972,0, ,0.0,0.0,2,1650,0,0,0,0,0,0
TF,HH452,31.108222,114.571222,0, ,0.0,0.0,0.0,0.0,2,11800,0,0,0,0,0,0
TF,BIVIP,31.128889,115.280278,0, ,0.0,0.0,0.0,0.0,0,0,0,0,0,0,0,0

SID,BIV09D,04L,5
DF,DE04L,30.795200,114.219925,0, ,0.0,0.0,0,0,0,0,0,0,0,1
VA,0,46.0,2,560,0,0,0,0,0,0
DF,HH460,30.923611,114.351444,0, ,0.0,0.0,2,1650,0,0,0,0,0,0
TF,HH451,31.106778,114.539889,0, ,0.0,0.0,0.0,0.0,2,11800,0,0,0,0,0,0
TF,BIVIP,31.128889,115.280278,0, ,0.0,0.0,0.0,0.0,0,0,0,0,0,0,0,0

SID,BIV11D,22R,2
DF,DE22R,30.772211,114.196417,0, ,0.0,0.0,0,0,0,0,0,0,0,1
CA,0,241.0,2,660,0,0,0,0,0,0
CI,0, ,0.0,316.0,3,5910,0,1,210,0,0,0
CF,HOK22,31.050339,114.143083,0,DHP,306.7,20.0,46.0,14.0,2,11800,0,0,0,0,0,0
TF,DHP,30.870000,114.470000,0, ,0.0,0.0,0.0,0.0,0,0,0,0,0,0,0,0
TF,DCD40,30.930603,114.671797,0, ,0.0,0.0,0.0,0.0,0,0,0,0,0,0,0,0
TF,BIVIP,31.128889,115.280278,0, ,0.0,0.0,0.0,0.0,0,0,0,0,0,0,0,0

SID,BIV12D,22L,2
DF,DE22L,30.757567,114.210692,0, ,0.0,0.0,0,0,0,0,0,0,0,1
CD, ,0,0,0,WHA,0,0.0,211.0,4.8,2,830,0,0,0,0,0,0
CF,D110S,30.608969,114.329981,1,WHA,151.6,12.2,110.0,8.0,0,0,0,1,210,0,0,0
TF,DCD40,30.930603,114.671797,0, ,0.0,0.0,0.0,0.0,0,0,0,0,0,0,0,0
TF,BIVIP,31.128889,115.280278,0, ,0.0,0.0,0.0,0.0,0,0,0,0,0,0,0,0

SID,BIV13D,22R,2
DF,DE22R,30.772211,114.196417,0, ,0.0,0.0,0,0,0,0,0,0,0,1
CD, ,0,0,0,WHA,0,0.0,226.0,9.4,2,1810,0,0,0,0,0,0
CI,0, ,0.0,136.0,0,0,0,1,210,0,0,0
CF,DCD40,30.930603,114.671797,0,DHP,74.8,11.0,46.0,35.0,0,0,0,0,0,0,0,0
TF,BIVIP,31.128889,115.280278,0, ,0.0,0.0,0.0,0.0,0,0,0,0,0,0,0,0

SID,BIV14D,22L,2
DF,DE22L,30.757567,114.210692,0, ,0.0,0.0,0,0,0,0,0,0,0,1
CA,0,226.0,2,1810,0,0,0,0,0,0
DF,DHB,30.698333,113.971667,2, ,0.0,0.0,0,0,0,1,210,0,0,0
TF,D316G,30.781561,113.864550,0, ,0.0,0.0,0.0,0.0,3,5910,0,0,0,0,0,0
TF,HOK22,31.050339,114.143083,0, ,0.0,0.0,0.0,0.0,2,11800,0,0,0,0,0,0
TF,DHP,30.870000,114.470000,0, ,0.0,0.0,0.0,0.0,0,0,0,0,0,0,0,0
TF,DCD40,30.930603,114.671797,0, ,0.0,0.0,0.0,0.0,0,0,0,0,0,0,0,0
TF,BIVIP,31.128889,115.280278,0, ,0.0,0.0,0.0,0.0,0,0,0,0,0,0,0,0

SID,BIV16D,22L,5
DF,DE22L,30.757567,114.210692,0, ,0.0,0.0,0,0,0,0,0,0,0,1
VA,0,226.0,2,500,0,0,0,0,0,0
DF,HH560,30.621528,114.071722,0, ,0.0,0.0,3,5910,0,1,210,0,0,0
TF,HH455,30.756361,113.894306,0, ,0.0,0.0,0.0,0.0,3,5910,0,0,0,0,0,0
TF,HH468,31.113944,114.259528,0, ,0.0,0.0,0.0,0.0,2,11800,0,0,0,0,0,0
TF,BIVIP,31.128889,115.280278,0, ,0.0,0.0,0.0,0.0,0,0,0,0,0,0,0,0

SID,BIV17D,22R,5
DF,DE22R,30.772211,114.196417,0, ,0.0,0.0,0,0,0,0,0,0,0,1
VA,0,226.0,2,500,0,0,0,0,0,0
DF,HH554,30.633972,114.055361,0, ,0.0,0.0,3,5910,0,1,210,0,0,0
TF,HH553,30.505889,114.222972,0, ,0.0,0.0,0.0,0.0,0,0,0,0,0,0,0,0
TF,HH552,30.935833,114.664639,0, ,0.0,0.0,0.0,0.0,0,0,0,0,0,0,0,0
TF,BIVIP,31.128889,115.280278,0, ,0.0,0.0,0.0,0.0,0,0,0,0,0,0,0,0

SID,BIV18D,22L,5
DF,DE22L,30.757567,114.210692,0, ,0.0,0.0,0,0,0,0,0,0,0,1
VA,0,226.0,2,500,0,0,0,0,0,0
CF,HH562,30.674028,114.162583,0,WHA,202.1,6.8,211.0,5.0,2,1320,0,1,210,0,0,0
TF,HH551,30.574389,114.293000,0, ,0.0,0.0,0.0,0.0,0,0,0,0,0,0,0,0
TF,HH552,30.935833,114.664639,0, ,0.0,0.0,0.0,0.0,0,0,0,0,0,0,0,0
TF,BIVIP,31.128889,115.280278,0, ,0.0,0.0,0.0,0.0,0,0,0,0,0,0,0,0

SID,BIV19D,22R,5
DF,DE22R,30.772211,114.196417,0, ,0.0,0.0,0,0,0,0,0,0,0,1
VA,0,226.0,2,500,0,0,0,0,0,0
CF,HH563,30.727083,114.117722,0,WHA,237.6,5.5,241.0,4.0,2,1150,0,1,210,0,0,0
TF,HH556,30.835583,113.974917,0, ,0.0,0.0,0.0,0.0,3,5910,0,0,0,0,0,0
TF,HH468,31.113944,114.259528,0, ,0.0,0.0,0.0,0.0,2,11800,0,0,0,0,0,0
TF,BIVIP,31.128889,115.280278,0, ,0.0,0.0,0.0,0.0,0,0,0,0,0,0,0,0

SID,GUG01D,04L,2
DF,DE04L,30.795200,114.219925,0, ,0.0,0.0,0,0,0,0,0,0,0,1
CA,0,31.0,2,660,0,0,0,0,0,0
CI,0, ,0.0,316.0,3,5910,0,1,210,0,0,0
CF,WHA46,30.364994,113.467108,0,WHA,241.0,45.6,226.0,49.0,0,0,0,0,0,0,0,0
TF,GUGAM,30.216389,113.185556,0, ,0.0,0.0,0.0,0.0,0,0,0,0,0,0,0,0

SID,GUG02D,04R,2
DF,DE04R,30.781931,114.235550,0, ,0.0,0.0,0,0,0,0,0,0,0,1
CF,D055I,30.874533,114.332872,0,WHA,54.3,8.7,46.0,7.0,2,1650,0,0,0,0,0,1
DF,HG,30.925167,114.355739,1, ,0.0,0.0,0,0,0,1,210,0,0,0
TF,D316L,31.064278,114.176100,0, ,0.0,0.0,0.0,0.0,3,5910,0,0,0,0,0,0
TF,WHA46,30.364994,113.467108,0, ,0.0,0.0,0.0,0.0,0,0,0,0,0,0,0,0
TF,GUGAM,30.216389,113.185556,0, ,0.0,0.0,0.0,0.0,0,0,0,0,0,0,0,0

SID,GUG08D,04R,5
DF,DE04R,30.781931,114.235550,0, ,0.0,0.0,0,0,0,0,0,0,0,1
VA,0,46.0,2,500,0,0,0,0,0,0
DF,HH464,30.910972,114.367972,0, ,0.0,0.0,2,1650,0,1,210,0,0,0
TF,HH456,31.046333,114.190194,0, ,0.0,0.0,0.0,0.0,3,5910,0,0,0,0,0,0
TF,HH463,30.687000,113.823889,0, ,0.0,0.0,0.0,0.0,0,0,0,0,0,0,0,0
TF,GUGAM,30.216389,113.185556,0, ,0.0,0.0,0.0,0.0,0,0,0,0,0,0,0,0

SID,GUG09D,04L,5
DF,DE04L,30.795200,114.219925,0, ,0.0,0.0,0,0,0,0,0,0,0,1
VA,0,46.0,2,560,0,0,0,0,0,0
CF,HH465,30.870528,114.263306,0,WHA,34.2,6.2,31.0,5.0,2,1150,0,1,210,0,0,0
TF,HH454,30.978806,114.121083,0, ,0.0,0.0,0.0,0.0,3,5910,0,0,0,0,0,0
TF,HH463,30.687000,113.823889,0, ,0.0,0.0,0.0,0.0,0,0,0,0,0,0,0,0
TF,GUGAM,30.216389,113.185556,0, ,0.0,0.0,0.0,0.0,0,0,0,0,0,0,0,0

SID,GUG11D,22R,2
DF,DE22R,30.772211,114.196417,0, ,0.0,0.0,0,0,0,0,0,0,0,1
CD, ,0,0,0,WHA,0,0.0,226.0,9.4,2,1810,0,0,0,0,0,0
CA,0,226.0,2,4930,0,0,0,0,0,0
CF,WHA34,30.350433,113.764369,0,WHA,225.5,34.4,226.0,19.0,0,0,0,0,0,0,0,0
TF,GUGAM,30.216389,113.185556,0, ,0.0,0.0,0.0,0.0,0,0,0,0,0,0,0,0

SID,GUG12D,22L,2
DF,DE22L,30.757567,114.210692,0, ,0.0,0.0,0,0,0,0,0,0,0,1
CA,0,226.0,2,4930,0,0,0,0,0,0
CF,WHA34,30.350433,113.764369,0,WHA,225.5,34.4,226.0,24.0,0,0,0,0,0,0,0,0
TF,GUGAM,30.216389,113.185556,0, ,0.0,0.0,0.0,0.0,0,0,0,0,0,0,0,0

SID,GUG18D,22L,5
DF,DE22L,30.757567,114.210692,0, ,0.0,0.0,0,0,0,0,0,0,0,1
VA,0,226.0,2,500,0,0,0,0,0,0
DF,HH560,30.621528,114.071722,0, ,0.0,0.0,3,5910,0,0,0,0,0,0
TF,HH564,30.361417,113.807444,0, ,0.0,0.0,0.0,0.0,0,0,0,0,0,0,0,0
TF,GUGAM,30.216389,113.185556,0, ,0.0,0.0,0.0,0.0,0,0,0,0,0,0,0,0

SID,GUG19D,22R,5
DF,DE22R,30.772211,114.196417,0, ,0.0,0.0,0,0,0,0,0,0,0,1
VA,0,226.0,2,500,0,0,0,0,0,0
DF,HH554,30.633972,114.055361,0, ,0.0,0.0,3,5910,0,0,0,0,0,0
TF,HH566,30.352833,113.770194,0, ,0.0,0.0,0.0,0.0,0,0,0,0,0,0,0,0
TF,GUGAM,30.216389,113.185556,0, ,0.0,0.0,0.0,0.0,0,0,0,0,0,0,0,0

SID,OLM01D,04L,2
DF,DE04L,30.795200,114.219925,0, ,0.0,0.0,0,0,0,0,0,0,0,1
CA,0,46.0,2,1650,0,0,0,0,0,0
DF,DHP,30.870000,114.470000,2, ,0.0,0.0,0,0,0,1,210,0,0,0
TF,D189H,30.735203,114.456347,0, ,0.0,0.0,0.0,0.0,0,0,0,0,0,0,0,0
TF,DCD12,30.585164,114.309497,0, ,0.0,0.0,0.0,0.0,0,0,0,0,0,0,0,0
TF,DCD,30.440000,114.158333,0, ,0.0,0.0,0.0,0.0,2,11800,0,0,0,0,0,0
TF,DHB38,30.066650,113.830514,0, ,0.0,0.0,0.0,0.0,0,0,0,0,0,0,0,0
TF,OLMIB,29.871389,113.784722,0, ,0.0,0.0,0.0,0.0,0,0,0,0,0,0,0,0

SID,OLM02D,04R,2
DF,DE04R,30.781931,114.235550,0, ,0.0,0.0,0,0,0,0,0,0,0,1
CA,0,61.0,2,830,0,0,0,0,0,0
CI,0, ,0.0,136.0,0,0,0,1,210,0,0,0
CF,DCD12,30.585164,114.309497,0,LKO,42.2,51.8,226.0,10.0,0,0,0,0,0,0,0,0
TF,DCD,30.440000,114.158333,0, ,0.0,0.0,0.0,0.0,2,11800,0,0,0,0,0,0
TF,DHB38,30.066650,113.830514,0, ,0.0,0.0,0.0,0.0,0,0,0,0,0,0,0,0
TF,OLMIB,29.871389,113.784722,0, ,0.0,0.0,0.0,0.0,0,0,0,0,0,0,0,0

SID,OLM06D,04R,5
DF,DE04R,30.781931,114.235550,0, ,0.0,0.0,0,0,0,0,0,0,0,1
VA,0,46.0,2,500,0,0,0,0,0,0
DF,HH464,30.910972,114.367972,0, ,0.0,0.0,2,1650,0,1,210,0,0,0
TF,HH456,31.046333,114.190194,0, ,0.0,0.0,0.0,0.0,3,5910,0,0,0,0,0,0
TF,HH463,30.687000,113.823889,0, ,0.0,0.0,0.0,0.0,0,0,0,0,0,0,0,0
TF,HH467,30.244972,113.984333,0, ,0.0,0.0,0.0,0.0,0,0,0,0,0,0,0,0
TF,OLMIB,29.871389,113.784722,0, ,0.0,0.0,0.0,0.0,0,0,0,0,0,0,0,0

SID,OLM07D,04L,5
DF,DE04L,30.795200,114.219925,0, ,0.0,0.0,0,0,0,0,0,0,0,1
VA,0,46.0,2,560,0,0,0,0,0,0
DF,HH460,30.923611,114.351444,0, ,0.0,0.0,2,1650,0,1,210,0,0,0
TF,DHP,30.870000,114.470000,0, ,0.0,0.0,0.0,0.0,0,0,0,0,0,0,0,0
TF,HH457,30.736472,114.459194,0, ,0.0,0.0,0.0,0.0,0,0,0,0,0,0,0,0
TF,HH458,30.587528,114.306444,0, ,0.0,0.0,0.0,0.0,0,0,0,0,0,0,0,0
TF,DCD,30.440000,114.158333,0, ,0.0,0.0,0.0,0.0,2,11800,0,0,0,0,0,0
TF,HH467,30.244972,113.984333,0, ,0.0,0.0,0.0,0.0,0,0,0,0,0,0,0,0
TF,OLMIB,29.871389,113.784722,0, ,0.0,0.0,0.0,0.0,0,0,0,0,0,0,0,0

SID,OLM08D,04R,5
DF,DE04R,30.781931,114.235550,0, ,0.0,0.0,0,0,0,0,0,0,0,1
VA,0,46.0,2,500,0,0,0,0,0,0
CF,HH466,30.835667,114.329639,0,WHA,67.7,7.3,61.0,5.0,2,1320,0,1,210,0,0,0
TF,HH457,30.736472,114.459194,0, ,0.0,0.0,0.0,0.0,0,0,0,0,0,0,0,0
TF,HH458,30.587528,114.306444,0, ,0.0,0.0,0.0,0.0,0,0,0,0,0,0,0,0
TF,DCD,30.440000,114.158333,0, ,0.0,0.0,0.0,0.0,2,11800,0,0,0,0,0,0
TF,HH467,30.244972,113.984333,0, ,0.0,0.0,0.0,0.0,0,0,0,0,0,0,0,0
TF,OLMIB,29.871389,113.784722,0, ,0.0,0.0,0.0,0.0,0,0,0,0,0,0,0,0

SID,OLM09D,04L,5
DF,DE04L,30.795200,114.219925,0, ,0.0,0.0,0,0,0,0,0,0,0,1
VA,0,46.0,2,560,0,0,0,0,0,0
CF,HH465,30.870528,114.263306,0,WHA,34.2,6.2,31.0,4.0,2,1150,0,1,210,0,0,0
TF,HH454,30.978806,114.121083,0, ,0.0,0.0,0.0,0.0,3,5910,0,0,0,0,0,0
TF,HH463,30.687000,113.823889,0, ,0.0,0.0,0.0,0.0,0,0,0,0,0,0,0,0
TF,HH467,30.244972,113.984333,0, ,0.0,0.0,0.0,0.0,0,0,0,0,0,0,0,0
TF,OLMIB,29.871389,113.784722,0, ,0.0,0.0,0.0,0.0,0,0,0,0,0,0,0,0

SID,OLM11D,22R,2
DF,DE22R,30.772211,114.196417,0, ,0.0,0.0,0,0,0,0,0,0,0,1
CD, ,0,0,0,WHA,0,0.0,226.0,9.4,2,1810,0,0,0,0,0,0
CA,0,226.0,2,4930,0,0,0,0,0,0
CF,WHA34,30.350433,113.764369,0,WHA,225.5,34.4,226.0,19.0,0,0,0,0,0,0,0,0
TF,WHA43,30.244153,113.647122,0, ,0.0,0.0,0.0,0.0,0,0,0,0,0,0,0,0
TF,WTM48,29.994600,113.679731,0, ,0.0,0.0,0.0,0.0,0,0,0,0,0,0,0,0
TF,OLMIB,29.871389,113.784722,0, ,0.0,0.0,0.0,0.0,0,0,0,0,0,0,0,0

SID,OLM12D,22L,2
DF,DE22L,30.757567,114.210692,0, ,0.0,0.0,0,0,0,0,0,0,0,1
CD, ,0,0,0,WHA,0,0.0,211.0,4.8,2,830,0,0,0,0,0,0
CF,D009G,30.553164,114.169772,0,DCD,9.0,6.8,189.0,9.0,0,0,0,0,0,0,0,0
TF,DCD,30.440000,114.158333,0, ,0.0,0.0,0.0,0.0,0,0,0,0,0,0,0,0
TF,DHB38,30.066650,113.830514,0, ,0.0,0.0,0.0,0.0,0,0,0,0,0,0,0,0
TF,OLMIB,29.871389,113.784722,0, ,0.0,0.0,0.0,0.0,0,0,0,0,0,0,0,0

SID,OLM13D,22R,2
DF,DE22R,30.772211,114.196417,0, ,0.0,0.0,0,0,0,0,0,0,0,1
CD, ,0,0,0,WHA,0,0.0,226.0,9.4,2,1810,0,0,0,0,0,0
DF,DCD,30.440000,114.158333,0, ,0.0,0.0,0,0,0,1,210,0,0,0
TF,DHB38,30.066650,113.830514,0, ,0.0,0.0,0.0,0.0,0,0,0,0,0,0,0,0
TF,OLMIB,29.871389,113.784722,0, ,0.0,0.0,0.0,0.0,0,0,0,0,0,0,0,0

SID,OLM14D,22L,2
DF,DE22L,30.757567,114.210692,0, ,0.0,0.0,0,0,0,0,0,0,0,1
CA,0,226.0,2,4930,0,0,0,0,0,0
CF,WHA34,30.350433,113.764369,0,WHA,225.5,34.4,226.0,24.0,0,0,0,0,0,0,0,0
TF,WHA43,30.244153,113.647122,0, ,0.0,0.0,0.0,0.0,0,0,0,0,0,0,0,0
TF,WTM48,29.994600,113.679731,0, ,0.0,0.0,0.0,0.0,0,0,0,0,0,0,0,0
TF,OLMIB,29.871389,113.784722,0, ,0.0,0.0,0.0,0.0,0,0,0,0,0,0,0,0

SID,OLM16D,22L,5
DF,DE22L,30.757567,114.210692,0, ,0.0,0.0,0,0,0,0,0,0,0,1
VA,0,226.0,2,500,0,0,0,0,0,0
DF,HH560,30.621528,114.071722,0, ,0.0,0.0,3,5910,0,0,0,0,0,0
TF,HH558,30.218083,113.662639,0, ,0.0,0.0,0.0,0.0,0,0,0,0,0,0,0,0
TF,OLMIB,29.871389,113.784722,0, ,0.0,0.0,0.0,0.0,0,0,0,0,0,0,0,0

SID,OLM17D,22R,5
DF,DE22R,30.772211,114.196417,0, ,0.0,0.0,0,0,0,0,0,0,0,1
VA,0,226.0,2,500,0,0,0,0,0,0
DF,HH554,30.633972,114.055361,0, ,0.0,0.0,3,5910,0,1,210,0,0,0
TF,DCD,30.440000,114.158333,0, ,0.0,0.0,0.0,0.0,0,0,0,0,0,0,0,0
TF,HH467,30.244972,113.984333,0, ,0.0,0.0,0.0,0.0,0,0,0,0,0,0,0,0
TF,OLMIB,29.871389,113.784722,0, ,0.0,0.0,0.0,0.0,0,0,0,0,0,0,0,0

SID,OLM18D,22L,5
DF,DE22L,30.757567,114.210692,0, ,0.0,0.0,0,0,0,0,0,0,0,1
VA,0,226.0,2,500,0,0,0,0,0,0
CF,HH562,30.674028,114.162583,0,WHA,202.1,6.8,211.0,5.0,2,1320,0,1,210,0,0,0
TF,DCD,30.440000,114.158333,0, ,0.0,0.0,0.0,0.0,0,0,0,0,0,0,0,0
TF,HH467,30.244972,113.984333,0, ,0.0,0.0,0.0,0.0,0,0,0,0,0,0,0,0
TF,OLMIB,29.871389,113.784722,0, ,0.0,0.0,0.0,0.0,0,0,0,0,0,0,0,0

SID,OLM19D,22R,5
DF,DE22R,30.772211,114.196417,0, ,0.0,0.0,0,0,0,0,0,0,0,1
VA,0,226.0,2,500,0,0,0,0,0,0
DF,HH554,30.633972,114.055361,0, ,0.0,0.0,3,5910,0,0,0,0,0,0
TF,HH559,30.238917,113.655278,0, ,0.0,0.0,0.0,0.0,0,0,0,0,0,0,0,0
TF,OLMIB,29.871389,113.784722,0, ,0.0,0.0,0.0,0.0,0,0,0,0,0,0,0,0

SID,XSH01D,04L,2
DF,DE04L,30.795200,114.219925,0, ,0.0,0.0,0,0,0,0,0,0,0,1
CA,0,46.0,2,1650,0,0,0,0,0,0
DF,DHP,30.870000,114.470000,2, ,0.0,0.0,0,0,0,1,210,0,0,0
TF,D189H,30.735203,114.456347,0, ,0.0,0.0,0.0,0.0,0,0,0,0,0,0,0,0
TF,DCD12,30.585164,114.309497,0, ,0.0,0.0,0.0,0.0,0,0,0,0,0,0,0,1
DF,XSH48,30.529106,114.351094,1, ,0.0,0.0,2,11800,0,0,0,0,0,0
TF,XSH,30.435000,115.266667,0, ,0.0,0.0,0.0,0.0,0,0,0,0,0,0,0,0

SID,XSH02D,04R,2
DF,DE04R,30.781931,114.235550,0, ,0.0,0.0,0,0,0,0,0,0,0,1
CA,0,61.0,2,830,0,0,0,0,0,0
CI,2, ,0.0,136.0,0,0,0,1,210,0,0,0
CF,DCD12,30.585164,114.309497,0,XSH,282.5,50.4,226.0,10.0,0,0,0,0,0,0,0,1
DF,XSH48,30.529106,114.351094,1, ,0.0,0.0,2,11800,0,0,0,0,0,0
TF,XSH,30.435000,115.266667,0, ,0.0,0.0,0.0,0.0,0,0,0,0,0,0,0,0

SID,XSH04D,04R,5
DF,DE04R,30.781931,114.235550,0, ,0.0,0.0,0,0,0,0,0,0,0,1
VA,0,46.0,2,500,0,0,0,0,0,0
CF,HH466,30.835667,114.329639,0,WHA,67.6,7.3,61.0,5.0,2,1320,0,1,210,0,0,0
TF,HH457,30.736472,114.459194,0, ,0.0,0.0,0.0,0.0,0,0,0,0,0,0,0,0
TF,HH458,30.587528,114.306444,0, ,0.0,0.0,0.0,0.0,0,0,0,0,0,0,0,0
TF,HH459,30.493972,114.411583,0, ,0.0,0.0,0.0,0.0,2,11800,0,0,0,0,0,0
TF,HH461,30.456861,114.972389,0, ,0.0,0.0,0.0,0.0,0,0,0,0,0,0,0,0
TF,XSH,30.435000,115.266667,0, ,0.0,0.0,0.0,0.0,0,0,0,0,0,0,0,0

SID,XSH05D,04L,5
DF,DE04L,30.795200,114.219925,0, ,0.0,0.0,0,0,0,0,0,0,0,1
VA,0,46.0,2,560,0,0,0,0,0,0
DF,HH460,30.923611,114.351444,0, ,0.0,0.0,2,1650,0,1,210,0,0,0
TF,DHP,30.870000,114.470000,0, ,0.0,0.0,0.0,0.0,0,0,0,0,0,0,0,0
TF,HH457,30.736472,114.459194,0, ,0.0,0.0,0.0,0.0,0,0,0,0,0,0,0,0
TF,HH458,30.587528,114.306444,0, ,0.0,0.0,0.0,0.0,0,0,0,0,0,0,0,0
TF,HH459,30.493972,114.411583,0, ,0.0,0.0,0.0,0.0,2,11800,0,0,0,0,0,0
TF,HH461,30.456861,114.972389,0, ,0.0,0.0,0.0,0.0,0,0,0,0,0,0,0,0
TF,XSH,30.435000,115.266667,0, ,0.0,0.0,0.0,0.0,0,0,0,0,0,0,0,0

SID,XSH06D,04R,5
DF,DE04R,30.781931,114.235550,0, ,0.0,0.0,0,0,0,0,0,0,0,1
VA,0,46.0,2,500,0,0,0,0,0,0
CF,HH466,30.835667,114.329639,0,WHA,67.6,7.3,61.0,5.0,2,1320,0,1,210,0,0,0
TF,HH457,30.736472,114.459194,0, ,0.0,0.0,0.0,0.0,0,0,0,0,0,0,0,0
TF,HH461,30.456861,114.972389,0, ,0.0,0.0,0.0,0.0,0,0,0,0,0,0,0,0
TF,XSH,30.435000,115.266667,0, ,0.0,0.0,0.0,0.0,0,0,0,0,0,0,0,0

SID,XSH07D,04L,5
DF,DE04L,30.795200,114.219925,0, ,0.0,0.0,0,0,0,0,0,0,0,1
VA,0,46.0,2,560,0,0,0,0,0,0
DF,HH460,30.923611,114.351444,0, ,0.0,0.0,2,1650,0,1,210,0,0,0
TF,DHP,30.870000,114.470000,0, ,0.0,0.0,0.0,0.0,0,0,0,0,0,0,0,0
TF,HH457,30.736472,114.459194,0, ,0.0,0.0,0.0,0.0,0,0,0,0,0,0,0,0
TF,HH461,30.456861,114.972389,0, ,0.0,0.0,0.0,0.0,0,0,0,0,0,0,0,0
TF,XSH,30.435000,115.266667,0, ,0.0,0.0,0.0,0.0,0,0,0,0,0,0,0,0

SID,XSH08D,04R,5
DF,DE04R,30.781931,114.235550,0, ,0.0,0.0,0,0,0,0,0,0,0,1
VA,0,46.0,2,500,0,0,0,0,0,0
DF,HH464,30.910972,114.367972,0, ,0.0,0.0,2,1650,0,0,0,0,0,0
TF,HH452,31.108222,114.571222,0, ,0.0,0.0,0.0,0.0,2,11800,0,0,0,0,0,0
TF,HH471,31.116139,114.834778,0, ,0.0,0.0,0.0,0.0,0,0,0,0,0,0,0,0
TF,HH472,30.934722,115.153139,0, ,0.0,0.0,0.0,0.0,0,0,0,0,0,0,0,0
TF,XSH,30.435000,115.266667,0, ,0.0,0.0,0.0,0.0,0,0,0,0,0,0,0,0

SID,XSH09D,04L,5
DF,DE04L,30.795200,114.219925,0, ,0.0,0.0,0,0,0,0,0,0,0,1
VA,0,46.0,2,560,0,0,0,0,0,0
DF,HH460,30.923611,114.351444,0, ,0.0,0.0,2,1650,0,0,0,0,0,0
TF,HH451,31.106778,114.539889,0, ,0.0,0.0,0.0,0.0,2,11800,0,0,0,0,0,0
TF,HH471,31.116139,114.834778,0, ,0.0,0.0,0.0,0.0,0,0,0,0,0,0,0,0
TF,HH472,30.934722,115.153139,0, ,0.0,0.0,0.0,0.0,0,0,0,0,0,0,0,0
TF,XSH,30.435000,115.266667,0, ,0.0,0.0,0.0,0.0,0,0,0,0,0,0,0,0

SID,XSH11D,22R,2
DF,DE22R,30.772211,114.196417,0, ,0.0,0.0,0,0,0,0,0,0,0,1
CA,0,241.0,2,660,0,0,0,0,0,0
CI,0, ,0.0,316.0,3,5910,0,1,210,0,0,0
CF,HOK22,31.050339,114.143083,0,DHP,306.7,20.0,46.0,14.0,2,11800,0,0,0,0,0,0
TF,DHP,30.870000,114.470000,0, ,0.0,0.0,0.0,0.0,0,0,0,0,0,0,0,0
TF,XSH,30.435000,115.266667,0, ,0.0,0.0,0.0,0.0,0,0,0,0,0,0,0,0

SID,XSH12D,22L,2
DF,DE22L,30.757567,114.210692,0, ,0.0,0.0,0,0,0,0,0,0,0,1
CD, ,0,0,0,WHA,0,0.0,211.0,4.8,2,830,0,0,0,0,0,0
CF,D009G,30.553164,114.169772,0,WHA,191.2,13.8,189.0,10.0,0,0,0,1,210,0,0,1
CF,XSH,30.435000,115.266667,0,XSH,0.0,0.0,99.0,57.0,0,0,0,0,0,0,0,0

SID,XSH13D,22R,2
DF,DE22R,30.772211,114.196417,0, ,0.0,0.0,0,0,0,0,0,0,0,1
CD, ,0,0,0,WHA,0,0.0,226.0,9.4,2,1810,0,0,0,0,0,0
CI,0, ,0.0,136.0,0,0,0,1,210,0,0,0
CF,XSH,30.435000,115.266667,0,XSH,0.0,0.0,99.0,55.0,0,0,0,0,0,0,0,0

SID,XSH14D,22L,2
DF,DE22L,30.757567,114.210692,0, ,0.0,0.0,0,0,0,0,0,0,0,1
CA,0,226.0,2,1810,0,0,0,0,0,0
DF,DHB,30.698333,113.971667,2, ,0.0,0.0,0,0,0,1,210,0,0,0
TF,D316G,30.781561,113.864550,0, ,0.0,0.0,0.0,0.0,3,5910,0,0,0,0,0,0
TF,HOK22,31.050339,114.143083,0, ,0.0,0.0,0.0,0.0,2,11800,0,0,0,0,0,0
TF,DHP,30.870000,114.470000,0, ,0.0,0.0,0.0,0.0,0,0,0,0,0,0,0,0
TF,XSH,30.435000,115.266667,0, ,0.0,0.0,0.0,0.0,0,0,0,0,0,0,0,0

SID,XSH16D,22L,5
DF,DE22L,30.757567,114.210692,0, ,0.0,0.0,0,0,0,0,0,0,0,1
VA,0,226.0,2,500,0,0,0,0,0,0
DF,HH560,30.621528,114.071722,0, ,0.0,0.0,3,5910,0,1,210,0,0,0
TF,HH455,30.756361,113.894306,0, ,0.0,0.0,0.0,0.0,3,5910,0,0,0,0,0,0
TF,HH468,31.113944,114.259528,0, ,0.0,0.0,0.0,0.0,2,11800,0,0,0,0,0,0
TF,HH473,31.120861,114.679778,0, ,0.0,0.0,0.0,0.0,0,0,0,0,0,0,0,0
TF,XSH,30.435000,115.266667,0, ,0.0,0.0,0.0,0.0,0,0,0,0,0,0,0,0

SID,XSH17D,22R,5
DF,DE22R,30.772211,114.196417,0, ,0.0,0.0,0,0,0,0,0,0,0,1
VA,0,226.0,2,500,0,0,0,0,0,0
DF,HH554,30.633972,114.055361,0, ,0.0,0.0,3,5910,0,1,210,0,0,0
TF,HH553,30.505889,114.222972,0, ,0.0,0.0,0.0,0.0,0,0,0,0,0,0,0,0
TF,XSH,30.435000,115.266667,0, ,0.0,0.0,0.0,0.0,0,0,0,0,0,0,0,0

SID,XSH18D,22L,5
DF,DE22L,30.757567,114.210692,0, ,0.0,0.0,0,0,0,0,0,0,0,1
VA,0,226.0,2,500,0,0,0,0,0,0
CF,HH562,30.674028,114.162583,0,WHA,202.1,6.8,211.0,5.0,2,1320,0,1,210,0,0,0
TF,HH553,30.505889,114.222972,0, ,0.0,0.0,0.0,0.0,0,0,0,0,0,0,0,0
TF,XSH,30.435000,115.266667,0, ,0.0,0.0,0.0,0.0,0,0,0,0,0,0,0,0

SID,XSH19D,22R,5
DF,DE22R,30.772211,114.196417,0, ,0.0,0.0,0,0,0,0,0,0,0,1
VA,0,226.0,2,500,0,0,0,0,0,0
CF,HH563,30.727083,114.117722,0,WHA,237.6,5.5,241.0,4.0,2,1150,0,1,210,0,0,0
TF,HH556,30.835583,113.974917,0, ,0.0,0.0,0.0,0.0,3,5910,0,0,0,0,0,0
TF,HH468,31.113944,114.259528,0, ,0.0,0.0,0.0,0.0,2,11800,0,0,0,0,0,0
TF,HH473,31.120861,114.679778,0, ,0.0,0.0,0.0,0.0,0,0,0,0,0,0,0,0
TF,XSH,30.435000,115.266667,0, ,0.0,0.0,0.0,0.0,0,0,0,0,0,0,0,0

STAR,AVP01A,ALL,2
IF,AVPID,30.734167,113.254722, ,0.0,0.0,0,0,0,0,0,0,0,0
TF,D278Y,30.723456,113.489192,0, ,0.0,0.0,0.0,0.0,2,8860,0,0,0,0,0,0
TF,D278J,30.708567,113.774831,0, ,0.0,0.0,0.0,0.0,1,4930,0,0,0,0,0,0

STAR,AVP01A,04L,3
IF,D278J,30.708567,113.774831, ,0.0,0.0,1,4930,0,0,0,0,0,0
TF,D313Q,30.621619,113.898633,0, ,0.0,0.0,0.0,0.0,2,2960,0,1,205,0,0,0

STAR,AVP01A,04R,3
IF,D278J,30.708567,113.774831, ,0.0,0.0,1,4930,0,0,0,0,0,0
TF,D313Q,30.621619,113.898633,0, ,0.0,0.0,0.0,0.0,2,3940,0,1,205,0,0,0

STAR,AVP09A,ALL,5
IF,AVPID,30.734167,113.254722, ,0.0,0.0,0,0,0,0,0,0,0,0
TF,HH420,30.722389,113.490222,0, ,0.0,0.0,0.0,0.0,2,8860,0,0,0,0,0,0
TF,HH421,30.706889,113.787222,0, ,0.0,0.0,0.0,0.0,1,4930,0,0,0,0,0,0

STAR,AVP09A,04L,6
IF,HH421,30.706889,113.787222, ,0.0,0.0,1,4930,0,0,0,0,0,0
TF,HH403,30.623111,113.897694,0, ,0.0,0.0,0.0,0.0,2,2960,0,1,205,0,0,0

STAR,AVP09A,04R,6
IF,HH421,30.706889,113.787222, ,0.0,0.0,1,4930,0,0,0,0,0,0
TF,HH403,30.623111,113.897694,0, ,0.0,0.0,0.0,0.0,2,3940,0,1,205,0,0,0

STAR,AVP11A,22L,2
IF,AVPID,30.734167,113.254722, ,0.0,0.0,0,0,0,0,0,0,0,0
TF,D278S,30.716772,113.612700,0, ,0.0,0.0,0.0,0.0,2,8860,0,0,0,0,0,0
TF,DHB,30.698333,113.971667,0, ,0.0,0.0,0.0,0.0,0,0,0,0,0,0,0,0
TF,D046L,30.844731,114.124533,0, ,0.0,0.0,0.0,0.0,2,7880,0,0,0,0,0,0
TF,DHB29,31.052844,114.342975,0, ,0.0,0.0,0.0,0.0,2,3940,0,1,205,0,0,0

STAR,AVP11A,22R,2
IF,AVPID,30.734167,113.254722, ,0.0,0.0,0,0,0,0,0,0,0,0
TF,D278S,30.716772,113.612700,0, ,0.0,0.0,0.0,0.0,2,8860,0,0,0,0,0,0
TF,DHB,30.698333,113.971667,0, ,0.0,0.0,0.0,0.0,0,0,0,0,0,0,0,0
TF,D046L,30.844731,114.124533,0, ,0.0,0.0,0.0,0.0,2,7880,0,0,0,0,0,0
TF,DHB29,31.052844,114.342975,0, ,0.0,0.0,0.0,0.0,2,3940,0,1,205,0,0,0

STAR,AVP12A,ALL,2
IF,AVPID,30.734167,113.254722, ,0.0,0.0,0,0,0,0,0,0,0,0
TF,D278S,30.716772,113.612700,0, ,0.0,0.0,0.0,0.0,2,8860,0,0,0,0,0,0
TF,DHB,30.698333,113.971667,0, ,0.0,0.0,0.0,0.0,0,0,0,0,0,0,0,0
TF,D136G,30.706567,114.299811,0, ,0.0,0.0,0.0,0.0,2,7880,0,0,0,0,0,0
TF,DHP,30.870000,114.470000,0, ,0.0,0.0,0.0,0.0,0,0,0,0,0,0,0,0

STAR,AVP12A,22L,3
IF,DHP,30.870000,114.470000, ,0.0,0.0,0,0,0,0,0,0,0,0
TF,D046D,30.915922,114.517967,0, ,0.0,0.0,0.0,0.0,2,2960,0,1,205,0,0,0

STAR,AVP12A,22R,3
IF,DHP,30.870000,114.470000, ,0.0,0.0,0,0,0,0,0,0,0,0
TF,D046D,30.915922,114.517967,0, ,0.0,0.0,0.0,0.0,2,3940,0,1,205,0,0,0

STAR,AVP18A,ALL,5
IF,AVPID,30.734167,113.254722, ,0.0,0.0,0,0,0,0,0,0,0,0
TF,HH518,30.716028,113.613750,0, ,0.0,0.0,0.0,0.0,2,8860,0,0,0,0,0,0
TF,DHB,30.698333,113.971667,0, ,0.0,0.0,0.0,0.0,0,0,0,0,0,0,0,0
TF,HH414,30.707583,114.303333,0, ,0.0,0.0,0.0,0.0,2,7880,0,0,0,0,0,0

STAR,AVP18A,22L,6
IF,HH414,30.707583,114.303333, ,0.0,0.0,2,7880,0,0,0,0,0,0
TF,HH503,30.936444,114.538556,0, ,0.0,0.0,0.0,0.0,2,2960,0,1,205,0,0,0

STAR,AVP18A,22R,6
IF,HH414,30.707583,114.303333, ,0.0,0.0,2,7880,0,0,0,0,0,0
TF,HH503,30.936444,114.538556,0, ,0.0,0.0,0.0,0.0,2,3940,0,1,205,0,0,0

STAR,AVP19A,22L,5
IF,AVPID,30.734167,113.254722, ,0.0,0.0,0,0,0,0,0,0,0,0
TF,HH518,30.716028,113.613750,0, ,0.0,0.0,0.0,0.0,2,8860,0,0,0,0,0,0
TF,DHB,30.698333,113.971667,0, ,0.0,0.0,0.0,0.0,0,0,0,0,0,0,0,0
TF,HH404,30.844806,114.123417,0, ,0.0,0.0,0.0,0.0,2,7880,0,0,0,0,0,0
TF,HH513,31.074083,114.358333,0, ,0.0,0.0,0.0,0.0,2,3940,0,1,205,0,0,0

STAR,AVP19A,22R,5
IF,AVPID,30.734167,113.254722, ,0.0,0.0,0,0,0,0,0,0,0,0
TF,HH518,30.716028,113.613750,0, ,0.0,0.0,0.0,0.0,2,8860,0,0,0,0,0,0
TF,DHB,30.698333,113.971667,0, ,0.0,0.0,0.0,0.0,0,0,0,0,0,0,0,0
TF,HH404,30.844806,114.123417,0, ,0.0,0.0,0.0,0.0,2,7880,0,0,0,0,0,0
TF,HH513,31.074083,114.358333,0, ,0.0,0.0,0.0,0.0,2,3940,0,1,205,0,0,0

STAR,AVP21A,04L,5
IF,AVPID,30.734167,113.254722, ,0.0,0.0,0,0,0,0,0,0,0,0
TF,HH601,30.853972,113.381611,0, ,0.0,0.0,0.0,0.0,2,12800,0,1,250,0,0,0
TF,HH602,30.761750,113.498222,0, ,0.0,0.0,0.0,0.0,0,0,0,0,0,0,0,0
TF,HH603,30.560972,113.313083,0, ,0.0,0.0,0.0,0.0,0,0,0,0,0,0,0,0
TF,HH604,30.467972,113.344306,0, ,0.0,0.0,0.0,0.0,3,7880,0,1,220,0,0,0
TF,HH605,30.396694,113.357250,0, ,0.0,0.0,0.0,0.0,0,0,0,0,0,0,0,0
TF,HH606,30.312972,113.395944,0, ,0.0,0.0,0.0,0.0,0,0,0,0,0,0,0,0
TF,HH607,30.240167,113.457278,0, ,0.0,0.0,0.0,0.0,0,0,0,0,0,0,0,0
TF,HH608,30.182806,113.537444,0, ,0.0,0.0,0.0,0.0,0,0,0,0,0,0,0,0
TF,HH609,30.144417,113.631389,0, ,0.0,0.0,0.0,0.0,0,0,0,0,0,0,0,0
TF,HH610,30.127417,113.733306,0, ,0.0,0.0,0.0,0.0,3,7880,0,1,220,0,0,0
TF,HH618,30.487472,113.760250,0, ,0.0,0.0,0.0,0.0,2,6890,0,1,205,0,0,0

STAR,AVP21A,04R,5
IF,AVPID,30.734167,113.254722, ,0.0,0.0,0,0,0,0,0,0,0,0
TF,HH601,30.853972,113.381611,0, ,0.0,0.0,0.0,0.0,2,12800,0,1,250,0,0,0
TF,HH602,30.761750,113.498222,0, ,0.0,0.0,0.0,0.0,0,0,0,0,0,0,0,0
TF,HH603,30.560972,113.313083,0, ,0.0,0.0,0.0,0.0,0,0,0,0,0,0,0,0
TF,HH604,30.467972,113.344306,0, ,0.0,0.0,0.0,0.0,3,7880,0,1,220,0,0,0
TF,HH605,30.396694,113.357250,0, ,0.0,0.0,0.0,0.0,0,0,0,0,0,0,0,0
TF,HH606,30.312972,113.395944,0, ,0.0,0.0,0.0,0.0,0,0,0,0,0,0,0,0
TF,HH607,30.240167,113.457278,0, ,0.0,0.0,0.0,0.0,0,0,0,0,0,0,0,0
TF,HH608,30.182806,113.537444,0, ,0.0,0.0,0.0,0.0,0,0,0,0,0,0,0,0
TF,HH609,30.144417,113.631389,0, ,0.0,0.0,0.0,0.0,0,0,0,0,0,0,0,0
TF,HH610,30.127417,113.733306,0, ,0.0,0.0,0.0,0.0,3,7880,0,1,220,0,0,0
TF,HH618,30.487472,113.760250,0, ,0.0,0.0,0.0,0.0,2,6890,0,1,205,0,0,0

STAR,AVP22A,04L,5
IF,AVPID,30.734167,113.254722, ,0.0,0.0,0,0,0,0,0,0,0,0
TF,HH603,30.560972,113.313083,0, ,0.0,0.0,0.0,0.0,0,0,0,0,0,0,0,0
TF,HH604,30.467972,113.344306,0, ,0.0,0.0,0.0,0.0,3,7880,0,1,220,0,0,0
TF,HH605,30.396694,113.357250,0, ,0.0,0.0,0.0,0.0,0,0,0,0,0,0,0,0
TF,HH606,30.312972,113.395944,0, ,0.0,0.0,0.0,0.0,0,0,0,0,0,0,0,0
TF,HH607,30.240167,113.457278,0, ,0.0,0.0,0.0,0.0,0,0,0,0,0,0,0,0
TF,HH608,30.182806,113.537444,0, ,0.0,0.0,0.0,0.0,0,0,0,0,0,0,0,0
TF,HH609,30.144417,113.631389,0, ,0.0,0.0,0.0,0.0,0,0,0,0,0,0,0,0
TF,HH610,30.127417,113.733306,0, ,0.0,0.0,0.0,0.0,3,7880,0,1,220,0,0,0
TF,HH618,30.487472,113.760250,0, ,0.0,0.0,0.0,0.0,2,6890,0,1,205,0,0,0

STAR,AVP22A,04R,5
IF,AVPID,30.734167,113.254722, ,0.0,0.0,0,0,0,0,0,0,0,0
TF,HH603,30.560972,113.313083,0, ,0.0,0.0,0.0,0.0,0,0,0,0,0,0,0,0
TF,HH604,30.467972,113.344306,0, ,0.0,0.0,0.0,0.0,3,7880,0,1,220,0,0,0
TF,HH605,30.396694,113.357250,0, ,0.0,0.0,0.0,0.0,0,0,0,0,0,0,0,0
TF,HH606,30.312972,113.395944,0, ,0.0,0.0,0.0,0.0,0,0,0,0,0,0,0,0
TF,HH607,30.240167,113.457278,0, ,0.0,0.0,0.0,0.0,0,0,0,0,0,0,0,0
TF,HH608,30.182806,113.537444,0, ,0.0,0.0,0.0,0.0,0,0,0,0,0,0,0,0
TF,HH609,30.144417,113.631389,0, ,0.0,0.0,0.0,0.0,0,0,0,0,0,0,0,0
TF,HH610,30.127417,113.733306,0, ,0.0,0.0,0.0,0.0,3,7880,0,1,220,0,0,0
TF,HH618,30.487472,113.760250,0, ,0.0,0.0,0.0,0.0,2,6890,0,1,205,0,0,0

STAR,ENL01A,ALL,2
IF,ENLAB,32.383056,114.636667, ,0.0,0.0,0,0,0,0,0,0,0,0
TF,D026U,31.644050,114.580347,0, ,0.0,0.0,0.0,0.0,0,0,0,0,0,0,0,0
TF,DCD46,31.170664,114.433983,0, ,0.0,0.0,0.0,0.0,2,11800,0,0,0,0,0,0
TF,DCD41,31.089647,114.377092,0, ,0.0,0.0,0.0,0.0,2,11800,0,0,0,0,0,0
TF,D307M,30.984472,114.265111,0, ,0.0,0.0,0.0,0.0,0,0,0,0,0,0,0,0
TF,D046L,30.844731,114.124533,0, ,0.0,0.0,0.0,0.0,2,7880,0,0,0,0,0,0
TF,DHB,30.698333,113.971667,0, ,0.0,0.0,0.0,0.0,0,0,0,0,0,0,0,0

STAR,ENL01A,04L,3
IF,DHB,30.698333,113.971667, ,0.0,0.0,0,0,0,0,0,0,0,0
TF,D226D,30.644939,113.916075,0, ,0.0,0.0,0.0,0.0,2,2960,0,1,205,0,0,0

STAR,ENL01A,04R,3
IF,DHB,30.698333,113.971667, ,0.0,0.0,0,0,0,0,0,0,0,0
TF,D226D,30.644939,113.916075,0, ,0.0,0.0,0.0,0.0,2,3940,0,1,205,0,0,0

STAR,ENL02A,ALL,2
IF,ENLAB,32.383056,114.636667, ,0.0,0.0,0,0,0,0,0,0,0,0
TF,D026U,31.644050,114.580347,0, ,0.0,0.0,0.0,0.0,0,0,0,0,0,0,0,0
TF,DCD46,31.170664,114.433983,0, ,0.0,0.0,0.0,0.0,2,11800,0,0,0,0,0,0
TF,DCD41,31.089647,114.377092,0, ,0.0,0.0,0.0,0.0,2,11800,0,0,0,0,0,0
TF,DHP,30.870000,114.470000,0, ,0.0,0.0,0.0,0.0,0,0,0,0,0,0,0,0
TF,D226M,30.707261,114.300531,0, ,0.0,0.0,0.0,0.0,2,7880,0,0,0,0,0,0

STAR,ENL02A,04L,3
IF,D226M,30.707261,114.300531, ,0.0,0.0,2,7880,0,0,0,0,0,0
TF,DHP29,30.506947,114.093033,0, ,0.0,0.0,0.0,0.0,2,2960,0,1,205,0,0,0

STAR,ENL02A,04R,3
IF,D226M,30.707261,114.300531, ,0.0,0.0,2,7880,0,0,0,0,0,0
TF,DHP29,30.506947,114.093033,0, ,0.0,0.0,0.0,0.0,2,3940,0,1,205,0,0,0

STAR,ENL08A,ALL,5
IF,ENLAB,32.383056,114.636667, ,0.0,0.0,0,0,0,0,0,0,0,0
TF,HH409,31.647500,114.565500,0, ,0.0,0.0,0.0,0.0,0,0,0,0,0,0,0,0
TF,HH405,31.158028,114.444722,0, ,0.0,0.0,0.0,0.0,2,11800,0,0,0,0,0,0
TF,HH418,30.982806,114.264639,0, ,0.0,0.0,0.0,0.0,0,0,0,0,0,0,0,0
TF,HH414,30.707583,114.303333,0, ,0.0,0.0,0.0,0.0,2,7880,0,0,0,0,0,0

STAR,ENL08A,04L,6
IF,HH414,30.707583,114.303333, ,0.0,0.0,2,7880,0,0,0,0,0,0
TF,HH413,30.486306,114.077306,0, ,0.0,0.0,0.0,0.0,2,2960,0,1,205,0,0,0

STAR,ENL08A,04R,6
IF,HH414,30.707583,114.303333, ,0.0,0.0,2,7880,0,0,0,0,0,0
TF,HH413,30.486306,114.077306,0, ,0.0,0.0,0.0,0.0,2,3940,0,1,205,0,0,0

STAR,ENL09A,ALL,5
IF,ENLAB,32.383056,114.636667, ,0.0,0.0,0,0,0,0,0,0,0,0
TF,HH409,31.647500,114.565500,0, ,0.0,0.0,0.0,0.0,0,0,0,0,0,0,0,0
TF,HH405,31.158028,114.444722,0, ,0.0,0.0,0.0,0.0,2,11800,0,0,0,0,0,0
TF,HH418,30.982806,114.264639,0, ,0.0,0.0,0.0,0.0,0,0,0,0,0,0,0,0
TF,HH404,30.844806,114.123417,0, ,0.0,0.0,0.0,0.0,2,7880,0,0,0,0,0,0

STAR,ENL09A,04L,6
IF,HH404,30.844806,114.123417, ,0.0,0.0,2,7880,0,0,0,0,0,0
TF,HH403,30.623111,113.897694,0, ,0.0,0.0,0.0,0.0,2,2960,0,1,205,0,0,0

STAR,ENL09A,04R,6
IF,HH404,30.844806,114.123417, ,0.0,0.0,2,7880,0,0,0,0,0,0
TF,HH403,30.623111,113.897694,0, ,0.0,0.0,0.0,0.0,2,3940,0,1,205,0,0,0

STAR,ENL11A,22L,2
IF,ENLAB,32.383056,114.636667, ,0.0,0.0,0,0,0,0,0,0,0,0
TF,D026U,31.644050,114.580347,0, ,0.0,0.0,0.0,0.0,0,0,0,0,0,0,0,0
TF,HOK,31.325000,114.430000,0, ,0.0,0.0,0.0,0.0,0,0,0,0,0,0,0,0
TF,D170G,31.209919,114.463381,0, ,0.0,0.0,0.0,0.0,2,5910,0,1,205,0,0,0

STAR,ENL11A,22R,2
IF,ENLAB,32.383056,114.636667, ,0.0,0.0,0,0,0,0,0,0,0,0
TF,D026U,31.644050,114.580347,0, ,0.0,0.0,0.0,0.0,0,0,0,0,0,0,0,0
TF,HOK,31.325000,114.430000,0, ,0.0,0.0,0.0,0.0,0,0,0,0,0,0,0,0
TF,D170G,31.209919,114.463381,0, ,0.0,0.0,0.0,0.0,2,5910,0,1,205,0,0,0

STAR,ENL19A,22L,5
IF,ENLAB,32.383056,114.636667, ,0.0,0.0,0,0,0,0,0,0,0,0
TF,HH409,31.647500,114.565500,0, ,0.0,0.0,0.0,0.0,0,0,0,0,0,0,0,0
TF,HH521,31.238306,114.499361,0, ,0.0,0.0,0.0,0.0,2,6890,0,1,205,0,0,0

STAR,ENL19A,22R,5
IF,ENLAB,32.383056,114.636667, ,0.0,0.0,0,0,0,0,0,0,0,0
TF,HH409,31.647500,114.565500,0, ,0.0,0.0,0.0,0.0,0,0,0,0,0,0,0,0
TF,HH521,31.238306,114.499361,0, ,0.0,0.0,0.0,0.0,2,6890,0,1,205,0,0,0

STAR,ENL31A,22L,5
IF,ENLAB,32.383056,114.636667, ,0.0,0.0,0,0,0,0,0,0,0,0
TF,HH409,31.647500,114.565500,0, ,0.0,0.0,0.0,0.0,0,0,0,0,0,0,0,0
TF,HH631,31.435389,114.594806,0, ,0.0,0.0,0.0,0.0,2,8860,0,1,220,0,0,0
TF,HH632,31.430861,114.699861,0, ,0.0,0.0,0.0,0.0,0,0,0,0,0,0,0,0
TF,HH633,31.396917,114.797278,0, ,0.0,0.0,0.0,0.0,0,0,0,0,0,0,0,0
TF,HH634,31.337333,114.876194,0, ,0.0,0.0,0.0,0.0,0,0,0,0,0,0,0,0
TF,HH635,31.258806,114.927806,0, ,0.0,0.0,0.0,0.0,0,0,0,0,0,0,0,0
TF,HH636,31.142500,114.945167,0, ,0.0,0.0,0.0,0.0,2,8860,0,1,220,0,0,0
TF,HH637,31.166694,114.631806,0, ,0.0,0.0,0.0,0.0,2,5910,0,1,205,0,0,0

STAR,ENL31A,22R,5
IF,ENLAB,32.383056,114.636667, ,0.0,0.0,0,0,0,0,0,0,0,0
TF,HH409,31.647500,114.565500,0, ,0.0,0.0,0.0,0.0,0,0,0,0,0,0,0,0
TF,HH631,31.435389,114.594806,0, ,0.0,0.0,0.0,0.0,2,8860,0,1,220,0,0,0
TF,HH632,31.430861,114.699861,0, ,0.0,0.0,0.0,0.0,0,0,0,0,0,0,0,0
TF,HH633,31.396917,114.797278,0, ,0.0,0.0,0.0,0.0,0,0,0,0,0,0,0,0
TF,HH634,31.337333,114.876194,0, ,0.0,0.0,0.0,0.0,0,0,0,0,0,0,0,0
TF,HH635,31.258806,114.927806,0, ,0.0,0.0,0.0,0.0,0,0,0,0,0,0,0,0
TF,HH636,31.142500,114.945167,0, ,0.0,0.0,0.0,0.0,2,8860,0,1,220,0,0,0
TF,HH637,31.166694,114.631806,0, ,0.0,0.0,0.0,0.0,2,5910,0,1,205,0,0,0

STAR,UPM01A,04L,2
IF,UPMAT,29.945000,113.595556, ,0.0,0.0,0,0,0,0,0,0,0,0
TF,DH31B,30.230903,113.737550,0, ,0.0,0.0,0.0,0.0,2,8860,0,0,0,0,0,0
TF,D208W,30.355094,113.799514,0, ,0.0,0.0,0.0,0.0,2,6890,0,1,205,0,0,0

STAR,UPM01A,04R,2
IF,UPMAT,29.945000,113.595556, ,0.0,0.0,0,0,0,0,0,0,0,0
TF,DH31B,30.230903,113.737550,0, ,0.0,0.0,0.0,0.0,2,8860,0,0,0,0,0,0
TF,D208W,30.355094,113.799514,0, ,0.0,0.0,0.0,0.0,2,6890,0,1,205,0,0,0

STAR,UPM09A,04L,5
IF,UPMAT,29.945000,113.595556, ,0.0,0.0,0,0,0,0,0,0,0,0
TF,HH417,30.344806,113.790667,0, ,0.0,0.0,0.0,0.0,2,6890,0,1,205,0,0,0

STAR,UPM09A,04R,5
IF,UPMAT,29.945000,113.595556, ,0.0,0.0,0,0,0,0,0,0,0,0
TF,HH417,30.344806,113.790667,0, ,0.0,0.0,0.0,0.0,2,6890,0,1,205,0,0,0

STAR,UPM11A,ALL,2
IF,UPMAT,29.945000,113.595556, ,0.0,0.0,0,0,0,0,0,0,0,0
TF,DHP57,30.133486,113.760858,0, ,0.0,0.0,0.0,0.0,2,8860,0,0,0,0,0,0
TF,DH31A,30.211294,113.798847,0, ,0.0,0.0,0.0,0.0,2,8860,0,0,0,0,0,0
TF,D136G,30.706567,114.299811,0, ,0.0,0.0,0.0,0.0,2,7880,0,0,0,0,0,0
TF,DHP,30.870000,114.470000,0, ,0.0,0.0,0.0,0.0,0,0,0,0,0,0,0,0

STAR,UPM11A,22L,3
IF,DHP,30.870000,114.470000, ,0.0,0.0,0,0,0,0,0,0,0,0
TF,D046D,30.915922,114.517967,0, ,0.0,0.0,0.0,0.0,2,2960,0,1,205,0,0,0

STAR,UPM11A,22R,3
IF,DHP,30.870000,114.470000, ,0.0,0.0,0,0,0,0,0,0,0,0
TF,D046D,30.915922,114.517967,0, ,0.0,0.0,0.0,0.0,2,3940,0,1,205,0,0,0

STAR,UPM12A,22L,2
IF,UPMAT,29.945000,113.595556, ,0.0,0.0,0,0,0,0,0,0,0,0
TF,DHP57,30.133486,113.760858,0, ,0.0,0.0,0.0,0.0,2,8860,0,0,0,0,0,0
TF,DH31A,30.211294,113.798847,0, ,0.0,0.0,0.0,0.0,2,8860,0,0,0,0,0,0
TF,DHB,30.698333,113.971667,0, ,0.0,0.0,0.0,0.0,0,0,0,0,0,0,0,0
TF,D046L,30.844731,114.124533,0, ,0.0,0.0,0.0,0.0,2,7880,0,0,0,0,0,0
TF,DHB29,31.052844,114.342975,0, ,0.0,0.0,0.0,0.0,2,3940,0,1,205,0,0,0

STAR,UPM12A,22R,2
IF,UPMAT,29.945000,113.595556, ,0.0,0.0,0,0,0,0,0,0,0,0
TF,DHP57,30.133486,113.760858,0, ,0.0,0.0,0.0,0.0,2,8860,0,0,0,0,0,0
TF,DH31A,30.211294,113.798847,0, ,0.0,0.0,0.0,0.0,2,8860,0,0,0,0,0,0
TF,DHB,30.698333,113.971667,0, ,0.0,0.0,0.0,0.0,0,0,0,0,0,0,0,0
TF,D046L,30.844731,114.124533,0, ,0.0,0.0,0.0,0.0,2,7880,0,0,0,0,0,0
TF,DHB29,31.052844,114.342975,0, ,0.0,0.0,0.0,0.0,2,3940,0,1,205,0,0,0

STAR,UPM18A,22L,5
IF,UPMAT,29.945000,113.595556, ,0.0,0.0,0,0,0,0,0,0,0,0
TF,HH519,30.211167,113.798139,0, ,0.0,0.0,0.0,0.0,2,8860,0,0,0,0,0,0
TF,HH505,30.440028,114.030222,0, ,0.0,0.0,0.0,0.0,0,0,0,0,0,0,0,0
TF,HH404,30.844806,114.123417,0, ,0.0,0.0,0.0,0.0,2,7880,0,0,0,0,0,0
TF,HH513,31.074083,114.358333,0, ,0.0,0.0,0.0,0.0,2,3940,0,1,205,0,0,0

STAR,UPM18A,22R,5
IF,UPMAT,29.945000,113.595556, ,0.0,0.0,0,0,0,0,0,0,0,0
TF,HH519,30.211167,113.798139,0, ,0.0,0.0,0.0,0.0,2,8860,0,0,0,0,0,0
TF,HH505,30.440028,114.030222,0, ,0.0,0.0,0.0,0.0,0,0,0,0,0,0,0,0
TF,HH404,30.844806,114.123417,0, ,0.0,0.0,0.0,0.0,2,7880,0,0,0,0,0,0
TF,HH513,31.074083,114.358333,0, ,0.0,0.0,0.0,0.0,2,3940,0,1,205,0,0,0

STAR,UPM19A,ALL,5
IF,UPMAT,29.945000,113.595556, ,0.0,0.0,0,0,0,0,0,0,0,0
TF,HH519,30.211167,113.798139,0, ,0.0,0.0,0.0,0.0,2,8860,0,0,0,0,0,0
TF,HH505,30.440028,114.030222,0, ,0.0,0.0,0.0,0.0,0,0,0,0,0,0,0,0
TF,HH504,30.626083,114.219917,0, ,0.0,0.0,0.0,0.0,0,0,0,0,0,0,0,0
TF,HH414,30.707583,114.303333,0, ,0.0,0.0,0.0,0.0,2,7880,0,0,0,0,0,0

STAR,UPM19A,22L,6
IF,HH414,30.707583,114.303333, ,0.0,0.0,2,7880,0,0,0,0,0,0
TF,HH503,30.936444,114.538556,0, ,0.0,0.0,0.0,0.0,2,2960,0,1,205,0,0,0

STAR,UPM19A,22R,6
IF,HH414,30.707583,114.303333, ,0.0,0.0,2,7880,0,0,0,0,0,0
TF,HH503,30.936444,114.538556,0, ,0.0,0.0,0.0,0.0,2,3940,0,1,205,0,0,0

STAR,UPM21A,04L,5
IF,UPMAT,29.945000,113.595556, ,0.0,0.0,0,0,0,0,0,0,0,0
TF,HH611,30.085417,113.638028,0, ,0.0,0.0,0.0,0.0,0,0,0,0,0,0,0,0
TF,HH612,30.225833,113.680583,0, ,0.0,0.0,0.0,0.0,2,8860,0,1,220,0,0,0
TF,HH613,30.263000,113.585944,0, ,0.0,0.0,0.0,0.0,0,0,0,0,0,0,0,0
TF,HH614,30.325083,113.510528,0, ,0.0,0.0,0.0,0.0,0,0,0,0,0,0,0,0
TF,HH615,30.405194,113.462722,0, ,0.0,0.0,0.0,0.0,0,0,0,0,0,0,0,0
TF,HH616,30.494472,113.447917,0, ,0.0,0.0,0.0,0.0,0,0,0,0,0,0,0,0
TF,HH617,30.583028,113.467806,0, ,0.0,0.0,0.0,0.0,2,8860,0,1,220,0,0,0
TF,HH618,30.487472,113.760250,0, ,0.0,0.0,0.0,0.0,2,6890,0,1,205,0,0,0

STAR,UPM21A,04R,5
IF,UPMAT,29.945000,113.595556, ,0.0,0.0,0,0,0,0,0,0,0,0
TF,HH611,30.085417,113.638028,0, ,0.0,0.0,0.0,0.0,0,0,0,0,0,0,0,0
TF,HH612,30.225833,113.680583,0, ,0.0,0.0,0.0,0.0,2,8860,0,1,220,0,0,0
TF,HH613,30.263000,113.585944,0, ,0.0,0.0,0.0,0.0,0,0,0,0,0,0,0,0
TF,HH614,30.325083,113.510528,0, ,0.0,0.0,0.0,0.0,0,0,0,0,0,0,0,0
TF,HH615,30.405194,113.462722,0, ,0.0,0.0,0.0,0.0,0,0,0,0,0,0,0,0
TF,HH616,30.494472,113.447917,0, ,0.0,0.0,0.0,0.0,0,0,0,0,0,0,0,0
TF,HH617,30.583028,113.467806,0, ,0.0,0.0,0.0,0.0,2,8860,0,1,220,0,0,0
TF,HH618,30.487472,113.760250,0, ,0.0,0.0,0.0,0.0,2,6890,0,1,205,0,0,0

STAR,XSH01A,ALL,2
IF,XSH,30.435000,115.266667, ,0.0,0.0,0,0,0,0,0,0,0,0
TF,D307N,30.560386,115.038678,0, ,0.0,0.0,0.0,0.0,0,0,0,0,0,0,0,0
TF,D127H,30.799861,114.599547,0, ,0.0,0.0,0.0,0.0,2,11800,0,0,0,0,0,0
TF,DHP,30.870000,114.470000,0, ,0.0,0.0,0.0,0.0,0,0,0,0,0,0,0,0
TF,D226M,30.707261,114.300531,0, ,0.0,0.0,0.0,0.0,2,7880,0,0,0,0,0,0

STAR,XSH01A,04L,3
IF,D226M,30.707261,114.300531, ,0.0,0.0,2,7880,0,0,0,0,0,0
TF,DHP29,30.506947,114.093033,0, ,0.0,0.0,0.0,0.0,2,2960,0,1,205,0,0,0

STAR,XSH01A,04R,3
IF,D226M,30.707261,114.300531, ,0.0,0.0,2,7880,0,0,0,0,0,0
TF,DHP29,30.506947,114.093033,0, ,0.0,0.0,0.0,0.0,2,3940,0,1,205,0,0,0

STAR,XSH02A,ALL,2
IF,XSH,30.435000,115.266667, ,0.0,0.0,0,0,0,0,0,0,0,0
TF,D307N,30.560386,115.038678,0, ,0.0,0.0,0.0,0.0,0,0,0,0,0,0,0,0
TF,D127H,30.799861,114.599547,0, ,0.0,0.0,0.0,0.0,2,11800,0,0,0,0,0,0
TF,DHP,30.870000,114.470000,0, ,0.0,0.0,0.0,0.0,0,0,0,0,0,0,0,0
TF,D307M,30.984472,114.265111,0, ,0.0,0.0,0.0,0.0,0,0,0,0,0,0,0,0
TF,D046L,30.844731,114.124533,0, ,0.0,0.0,0.0,0.0,2,7880,0,0,0,0,0,0
TF,DHB,30.698333,113.971667,0, ,0.0,0.0,0.0,0.0,0,0,0,0,0,0,0,0

STAR,XSH02A,04L,3
IF,DHB,30.698333,113.971667, ,0.0,0.0,0,0,0,0,0,0,0,0
TF,D226D,30.644939,113.916075,0, ,0.0,0.0,0.0,0.0,2,2960,0,1,205,0,0,0

STAR,XSH02A,04R,3
IF,DHB,30.698333,113.971667, ,0.0,0.0,0,0,0,0,0,0,0,0
TF,D226D,30.644939,113.916075,0, ,0.0,0.0,0.0,0.0,2,3940,0,1,205,0,0,0

STAR,XSH08A,ALL,5
IF,XSH,30.435000,115.266667, ,0.0,0.0,0,0,0,0,0,0,0,0
TF,HH407,30.561722,115.040056,0, ,0.0,0.0,0.0,0.0,0,0,0,0,0,0,0,0
TF,HH406,30.801139,114.601111,0, ,0.0,0.0,0.0,0.0,2,11800,0,0,0,0,0,0
TF,DHP,30.870000,114.470000,0, ,0.0,0.0,0.0,0.0,0,0,0,0,0,0,0,0
TF,HH404,30.844806,114.123417,0, ,0.0,0.0,0.0,0.0,2,7880,0,0,0,0,0,0

STAR,XSH08A,04L,6
IF,HH404,30.844806,114.123417, ,0.0,0.0,2,7880,0,0,0,0,0,0
TF,HH403,30.623111,113.897694,0, ,0.0,0.0,0.0,0.0,2,2960,0,1,205,0,0,0

STAR,XSH08A,04R,6
IF,HH404,30.844806,114.123417, ,0.0,0.0,2,7880,0,0,0,0,0,0
TF,HH403,30.623111,113.897694,0, ,0.0,0.0,0.0,0.0,2,3940,0,1,205,0,0,0

STAR,XSH09A,ALL,5
IF,XSH,30.435000,115.266667, ,0.0,0.0,0,0,0,0,0,0,0,0
TF,HH407,30.561722,115.040056,0, ,0.0,0.0,0.0,0.0,0,0,0,0,0,0,0,0
TF,HH406,30.801139,114.601111,0, ,0.0,0.0,0.0,0.0,2,11800,0,0,0,0,0,0
TF,DHP,30.870000,114.470000,0, ,0.0,0.0,0.0,0.0,0,0,0,0,0,0,0,0
TF,HH414,30.707583,114.303333,0, ,0.0,0.0,0.0,0.0,2,7880,0,0,0,0,0,0

STAR,XSH09A,04L,6
IF,HH414,30.707583,114.303333, ,0.0,0.0,2,7880,0,0,0,0,0,0
TF,HH413,30.486306,114.077306,0, ,0.0,0.0,0.0,0.0,2,2960,0,1,205,0,0,0

STAR,XSH09A,04R,6
IF,HH414,30.707583,114.303333, ,0.0,0.0,2,7880,0,0,0,0,0,0
TF,HH413,30.486306,114.077306,0, ,0.0,0.0,0.0,0.0,2,3940,0,1,205,0,0,0

STAR,XSH11A,ALL,2
IF,XSH,30.435000,115.266667, ,0.0,0.0,0,0,0,0,0,0,0,0
TF,D288O,30.501947,114.995906,0, ,0.0,0.0,0.0,0.0,0,0,0,0,0,0,0,0
TF,D108Y,30.605422,114.436667,0, ,0.0,0.0,0.0,0.0,2,11800,0,1,240,0,0,0
TF,D136G,30.706567,114.299811,0, ,0.0,0.0,0.0,0.0,2,7880,0,0,0,0,0,0
TF,DHP,30.870000,114.470000,0, ,0.0,0.0,0.0,0.0,0,0,0,0,0,0,0,0

STAR,XSH11A,22L,3
IF,DHP,30.870000,114.470000, ,0.0,0.0,0,0,0,0,0,0,0,0
TF,D046D,30.915922,114.517967,0, ,0.0,0.0,0.0,0.0,2,2960,0,1,205,0,0,0

STAR,XSH11A,22R,3
IF,DHP,30.870000,114.470000, ,0.0,0.0,0,0,0,0,0,0,0,0
TF,D046D,30.915922,114.517967,0, ,0.0,0.0,0.0,0.0,2,3940,0,1,205,0,0,0

STAR,XSH12A,ALL,2
IF,XSH,30.435000,115.266667, ,0.0,0.0,0,0,0,0,0,0,0,0
TF,D307N,30.560386,115.038678,0, ,0.0,0.0,0.0,0.0,0,0,0,0,0,0,0,0
TF,D127E,30.826511,114.550372,0, ,0.0,0.0,0.0,0.0,2,3940,0,0,0,0,0,0
TF,DHP,30.870000,114.470000,0, ,0.0,0.0,0.0,0.0,0,0,0,0,0,0,0,0

STAR,XSH12A,22L,3
IF,DHP,30.870000,114.470000, ,0.0,0.0,0,0,0,0,0,0,0,0
TF,D046D,30.915922,114.517967,0, ,0.0,0.0,0.0,0.0,2,2960,0,1,205,0,0,0

STAR,XSH12A,22R,3
IF,DHP,30.870000,114.470000, ,0.0,0.0,0,0,0,0,0,0,0,0
TF,D046D,30.915922,114.517967,0, ,0.0,0.0,0.0,0.0,2,3940,0,1,205,0,0,0

STAR,XSH17A,ALL,5
IF,XSH,30.435000,115.266667, ,0.0,0.0,0,0,0,0,0,0,0,0
TF,HH469,30.466611,114.973500,0, ,0.0,0.0,0.0,0.0,0,0,0,0,0,0,0,0
TF,HH470,30.528722,114.347028,0, ,0.0,0.0,0.0,0.0,2,11800,0,0,0,0,0,0
TF,HH504,30.626083,114.219917,0, ,0.0,0.0,0.0,0.0,0,0,0,0,0,0,0,0
TF,HH414,30.707583,114.303333,0, ,0.0,0.0,0.0,0.0,2,7880,0,0,0,0,0,0

STAR,XSH17A,22L,6
IF,HH414,30.707583,114.303333, ,0.0,0.0,2,7880,0,0,0,0,0,0
TF,HH503,30.936444,114.538556,0, ,0.0,0.0,0.0,0.0,2,2960,0,1,205,0,0,0

STAR,XSH17A,22R,6
IF,HH414,30.707583,114.303333, ,0.0,0.0,2,7880,0,0,0,0,0,0
TF,HH503,30.936444,114.538556,0, ,0.0,0.0,0.0,0.0,2,3940,0,1,205,0,0,0

STAR,XSH18A,22L,5
IF,XSH,30.435000,115.266667, ,0.0,0.0,0,0,0,0,0,0,0,0
TF,HH516,30.629861,115.136417,0, ,0.0,0.0,0.0,0.0,0,0,0,0,0,0,0,0
TF,HH517,31.086667,114.823333,0, ,0.0,0.0,0.0,0.0,2,7880,0,1,205,0,0,0

STAR,XSH18A,22R,5
IF,XSH,30.435000,115.266667, ,0.0,0.0,0,0,0,0,0,0,0,0
TF,HH516,30.629861,115.136417,0, ,0.0,0.0,0.0,0.0,0,0,0,0,0,0,0,0
TF,HH517,31.086667,114.823333,0, ,0.0,0.0,0.0,0.0,2,7880,0,1,205,0,0,0

STAR,XSH19A,ALL,5
IF,XSH,30.435000,115.266667, ,0.0,0.0,0,0,0,0,0,0,0,0
TF,HH515,30.492806,114.993194,0, ,0.0,0.0,0.0,0.0,0,0,0,0,0,0,0,0
TF,HH514,30.605139,114.437028,0, ,0.0,0.0,0.0,0.0,2,11800,0,1,240,0,0,0
TF,HH414,30.707583,114.303333,0, ,0.0,0.0,0.0,0.0,2,7880,0,0,0,0,0,0

STAR,XSH19A,22L,6
IF,HH414,30.707583,114.303333, ,0.0,0.0,2,7880,0,0,0,0,0,0
TF,HH503,30.936444,114.538556,0, ,0.0,0.0,0.0,0.0,2,2960,0,1,205,0,0,0

STAR,XSH19A,22R,6
IF,HH414,30.707583,114.303333, ,0.0,0.0,2,7880,0,0,0,0,0,0
TF,HH503,30.936444,114.538556,0, ,0.0,0.0,0.0,0.0,2,3940,0,1,205,0,0,0

STAR,XSH31A,22L,5
IF,XSH,30.435000,115.266667, ,0.0,0.0,0,0,0,0,0,0,0,0
TF,HH641,30.550389,115.121500,0, ,0.0,0.0,0.0,0.0,0,0,0,0,0,0,0,0
TF,HH642,30.895611,115.173556,0, ,0.0,0.0,0.0,0.0,2,9850,0,0,0,0,0,0
TF,HH621,31.097056,115.043306,0, ,0.0,0.0,0.0,0.0,3,7880,0,1,220,0,0,0
TF,HH622,31.187028,115.050722,0, ,0.0,0.0,0.0,0.0,0,0,0,0,0,0,0,0
TF,HH623,31.275750,115.031944,0, ,0.0,0.0,0.0,0.0,0,0,0,0,0,0,0,0
TF,HH624,31.357694,114.988083,0, ,0.0,0.0,0.0,0.0,0,0,0,0,0,0,0,0
TF,HH625,31.427694,114.921806,0, ,0.0,0.0,0.0,0.0,0,0,0,0,0,0,0,0
TF,HH626,31.481389,114.837278,0, ,0.0,0.0,0.0,0.0,0,0,0,0,0,0,0,0
TF,HH627,31.515333,114.739750,0, ,0.0,0.0,0.0,0.0,0,0,0,0,0,0,0,0
TF,HH628,31.527417,114.635417,0, ,0.0,0.0,0.0,0.0,0,0,0,0,0,0,0,0
TF,HH629,31.506333,114.490111,0, ,0.0,0.0,0.0,0.0,3,7880,0,1,220,0,0,0
TF,HH637,31.166694,114.631806,0, ,0.0,0.0,0.0,0.0,2,5910,0,1,205,0,0,0

STAR,XSH31A,22R,5
IF,XSH,30.435000,115.266667, ,0.0,0.0,0,0,0,0,0,0,0,0
TF,HH641,30.550389,115.121500,0, ,0.0,0.0,0.0,0.0,0,0,0,0,0,0,0,0
TF,HH642,30.895611,115.173556,0, ,0.0,0.0,0.0,0.0,2,9850,0,0,0,0,0,0
TF,HH621,31.097056,115.043306,0, ,0.0,0.0,0.0,0.0,3,7880,0,1,220,0,0,0
TF,HH622,31.187028,115.050722,0, ,0.0,0.0,0.0,0.0,0,0,0,0,0,0,0,0
TF,HH623,31.275750,115.031944,0, ,0.0,0.0,0.0,0.0,0,0,0,0,0,0,0,0
TF,HH624,31.357694,114.988083,0, ,0.0,0.0,0.0,0.0,0,0,0,0,0,0,0,0
TF,HH625,31.427694,114.921806,0, ,0.0,0.0,0.0,0.0,0,0,0,0,0,0,0,0
TF,HH626,31.481389,114.837278,0, ,0.0,0.0,0.0,0.0,0,0,0,0,0,0,0,0
TF,HH627,31.515333,114.739750,0, ,0.0,0.0,0.0,0.0,0,0,0,0,0,0,0,0
TF,HH628,31.527417,114.635417,0, ,0.0,0.0,0.0,0.0,0,0,0,0,0,0,0,0
TF,HH629,31.506333,114.490111,0, ,0.0,0.0,0.0,0.0,3,7880,0,1,220,0,0,0
TF,HH637,31.166694,114.631806,0, ,0.0,0.0,0.0,0.0,2,5910,0,1,205,0,0,0

STAR,XSH32A,22L,5
IF,XSH,30.435000,115.266667, ,0.0,0.0,0,0,0,0,0,0,0,0
TF,HH642,30.895611,115.173556,0, ,0.0,0.0,0.0,0.0,2,9850,0,0,0,0,0,0
TF,HH621,31.097056,115.043306,0, ,0.0,0.0,0.0,0.0,3,7880,0,1,220,0,0,0
TF,HH622,31.187028,115.050722,0, ,0.0,0.0,0.0,0.0,0,0,0,0,0,0,0,0
TF,HH623,31.275750,115.031944,0, ,0.0,0.0,0.0,0.0,0,0,0,0,0,0,0,0
TF,HH624,31.357694,114.988083,0, ,0.0,0.0,0.0,0.0,0,0,0,0,0,0,0,0
TF,HH625,31.427694,114.921806,0, ,0.0,0.0,0.0,0.0,0,0,0,0,0,0,0,0
TF,HH626,31.481389,114.837278,0, ,0.0,0.0,0.0,0.0,0,0,0,0,0,0,0,0
TF,HH627,31.515333,114.739750,0, ,0.0,0.0,0.0,0.0,0,0,0,0,0,0,0,0
TF,HH628,31.527417,114.635417,0, ,0.0,0.0,0.0,0.0,0,0,0,0,0,0,0,0
TF,HH629,31.506333,114.490111,0, ,0.0,0.0,0.0,0.0,3,7880,0,1,220,0,0,0
TF,HH637,31.166694,114.631806,0, ,0.0,0.0,0.0,0.0,2,5910,0,1,205,0,0,0

STAR,XSH32A,22R,5
IF,XSH,30.435000,115.266667, ,0.0,0.0,0,0,0,0,0,0,0,0
TF,HH642,30.895611,115.173556,0, ,0.0,0.0,0.0,0.0,2,9850,0,0,0,0,0,0
TF,HH621,31.097056,115.043306,0, ,0.0,0.0,0.0,0.0,3,7880,0,1,220,0,0,0
TF,HH622,31.187028,115.050722,0, ,0.0,0.0,0.0,0.0,0,0,0,0,0,0,0,0
TF,HH623,31.275750,115.031944,0, ,0.0,0.0,0.0,0.0,0,0,0,0,0,0,0,0
TF,HH624,31.357694,114.988083,0, ,0.0,0.0,0.0,0.0,0,0,0,0,0,0,0,0
TF,HH625,31.427694,114.921806,0, ,0.0,0.0,0.0,0.0,0,0,0,0,0,0,0,0
TF,HH626,31.481389,114.837278,0, ,0.0,0.0,0.0,0.0,0,0,0,0,0,0,0,0
TF,HH627,31.515333,114.739750,0, ,0.0,0.0,0.0,0.0,0,0,0,0,0,0,0,0
TF,HH628,31.527417,114.635417,0, ,0.0,0.0,0.0,0.0,0,0,0,0,0,0,0,0
TF,HH629,31.506333,114.490111,0, ,0.0,0.0,0.0,0.0,3,7880,0,1,220,0,0,0
TF,HH637,31.166694,114.631806,0, ,0.0,0.0,0.0,0.0,2,5910,0,1,205,0,0,0

APPTR,I04LY,04L,D208W
IF,D208W,30.355094,113.799514, ,0.0,0.0,2,6890,0,1,205,0,1,0
TF,D208S,30.412861,113.825061,0, ,0.0,0.0,0.0,0.0,0,0,0,0,0,0,0,0
TF,D226V,30.506031,113.925039,0, ,0.0,0.0,0.0,0.0,2,2960,0,0,0,0,0,0
CF,CI04L,30.559961,113.979856,0,IHN,225.5,18.9,46.0,4.3,2,2960,0,0,0,0,1,0

APPTR,I04LY,04L,D226D
IF,D226D,30.644939,113.916075, ,0.0,0.0,2,2960,0,1,205,0,1,0
CR,0,WHA,231.0,136.0,0,0,0,0,0,0,0,0
CI,0,IHN,0.0,76.0,2,2960,0,0,0,0,0,0

APPTR,I04LY,04L,D313Q
IF,D313Q,30.621619,113.898633, ,0.0,0.0,2,2960,0,1,205,0,1,0
CR,0,WHA,231.0,136.0,0,0,0,0,0,0,0,0
CI,0,IHN,0.0,76.0,2,2960,0,0,0,0,0,0

APPTR,I04LY,04L,DHP29
IF,DHP29,30.506947,114.093033, ,0.0,0.0,2,2960,0,1,205,0,1,0
CR,0,WHA,221.0,316.0,0,0,0,0,0,0,0,0
CI,0,IHN,0.0,16.0,2,2960,0,0,0,0,0,0

FINAL,I04LY,04L,I,3
IF,CI04L,30.559961,113.979856,IHN,225.5,18.9,2,2960,0,0,0,0,0,0
CF,FI04L,30.661489,114.083281,0,IHN,225.5,10.8,46.0,8.1,1,2960,0,0,0,0,2,0
CF,RW04L,30.772211,114.196417,0,IHN,225.5,2.0,46.0,8.8,1,144,0,0,0,0,3,0
CA,0,46.0,2,660,0,0,0,0,0,0
DF,D046L,30.844731,114.124533,1, ,0.0,0.0,0,0,0,1,205,0,0,0
CF,DHB,30.698333,113.971667,0,DHB,0.0,0.0,226.0,11.8,1,2960,0,0,0,0,0,0
TF,D278Y,30.723456,113.489192,0, ,0.0,0.0,0.0,0.0,2,8860,0,0,0,0,0,0
HM,D278Y,30.723456,113.489192,2, ,0.0,0.0,98.0,04.3,2,8860,0,1,205,0,0,0,0

APPTR,I04LZ,04L,HH403
IF,HH403,30.623111,113.897694, ,0.0,0.0,2,2960,0,1,205,0,1,0
TF,HH402,30.560250,113.980389,0,IHN,0.0,0.0,0.0,0.0,2,2960,0,0,0,0,1,0

APPTR,I04LZ,04L,HH413
IF,HH413,30.486306,114.077306, ,0.0,0.0,2,2960,0,1,205,0,1,0
TF,HH402,30.560250,113.980389,0,IHN,0.0,0.0,0.0,0.0,2,2960,0,0,0,0,1,0

APPTR,I04LZ,04L,HH417
IF,HH417,30.344806,113.790667, ,0.0,0.0,2,6890,0,1,205,0,1,0
TF,HH410,30.381472,113.799167,0, ,0.0,0.0,0.0,0.0,0,0,0,0,0,0,0,0
TF,HH429,30.424861,113.843056,0, ,0.0,0.0,0.0,0.0,0,0,0,0,0,0,0,0
TF,HH428,30.492556,113.911667,0, ,0.0,0.0,0.0,0.0,2,2960,0,0,0,0,0,0
TF,HH402,30.560250,113.980389,0,IHN,0.0,0.0,0.0,0.0,2,2960,0,0,0,0,1,0

APPTR,I04LZ,04L,HH618
IF,HH618,30.487472,113.760250, ,0.0,0.0,2,6890,0,1,205,0,1,0
TF,HH402,30.560250,113.980389,0,IHN,0.0,0.0,0.0,0.0,2,2960,0,0,0,0,1,0

FINAL,I04LZ,04L,I,3
IF,HH402,30.560250,113.980389,IHN,225.5,18.9,2,2960,0,0,0,0,0,0
CF,FI04L,30.661489,114.083281,0,IHN,225.5,10.8,46.0,8.1,1,2960,0,0,0,0,2,0
CF,RW04L,30.772211,114.196417,0,IHN,225.5,2.0,46.0,8.8,1,144,0,0,0,0,3,0
CA,0,46.0,2,660,0,0,0,0,0,0
DF,HH404,30.844806,114.123417,1, ,0.0,0.0,0,0,0,1,205,0,0,0
TF,HH403,30.623111,113.897694,0, ,0.0,0.0,0.0,0.0,1,2960,0,0,0,0,0,0
TF,HH420,30.722389,113.490222,0, ,0.0,0.0,0.0,0.0,2,8860,0,0,0,0,0,0
HM,HH420,30.722389,113.490222,2, ,0.0,0.0,98.0,04.3,2,8860,0,1,205,0,0,0,0

APPTR,I04RW,04R,D208W
IF,D208W,30.355094,113.799514, ,0.0,0.0,2,6890,0,1,205,0,1,0
CF,CI04R,30.548044,113.996689,0,IWF,225.5,18.9,46.0,15.4,2,2960,0,0,0,0,1,0

APPTR,I04RW,04R,D226D
IF,D226D,30.644939,113.916075, ,0.0,0.0,2,3940,0,1,205,0,1,0
CR,0,WHA,227.0,136.0,0,0,0,0,0,0,0,0
CI,0,IWF,0.0,76.0,2,2960,0,0,0,0,0,0

APPTR,I04RW,04R,D313Q
IF,D313Q,30.621619,113.898633, ,0.0,0.0,2,3940,0,1,205,0,1,0
CR,0,WHA,227.0,136.0,0,0,0,0,0,0,0,0
CI,0,IWF,0.0,76.0,2,2960,0,0,0,0,0,0

APPTR,I04RW,04R,DHP29
IF,DHP29,30.506947,114.093033, ,0.0,0.0,2,3940,0,1,205,0,1,0
CR,0,WHA,217.0,316.0,0,0,0,0,0,0,0,0
CI,0,IWF,0.0,16.0,2,2960,0,0,0,0,0,0

FINAL,I04RW,04R,I,3
IF,CI04R,30.548044,113.996689,IWF,225.5,18.9,2,2960,0,0,0,0,0,0
CF,FF04R,30.647008,114.097619,0,IWF,225.5,11.0,46.0,7.9,1,2960,0,0,0,0,2,0
CF,RW04R,30.757639,114.210792,0,IWF,225.5,2.1,46.0,8.8,1,146,0,0,0,0,3,0
CA,0,46.0,2,830,0,0,0,0,0,0
DF,D030R,30.705675,114.308339,2, ,0.0,0.0,2,2140,0,1,205,0,0,0
CF,DCD,30.440000,114.158333,0,DCD,0.0,0.0,210.0,17.7,1,2960,0,0,0,0,0,0
TF,D244Y,30.228825,113.738464,0, ,0.0,0.0,0.0,0.0,2,8860,0,0,0,0,0,0
HM,D244Y,30.228825,113.738464,1, ,0.0,0.0,28.0,04.3,2,8860,0,1,205,0,0,0,0

APPTR,I04RX,04R,HH403
IF,HH403,30.623111,113.897694, ,0.0,0.0,2,3940,0,1,205,0,1,0
TF,HH412,30.547833,113.996667,0,IWF,0.0,0.0,0.0,0.0,2,2960,0,0,0,0,1,0

APPTR,I04RX,04R,HH413
IF,HH413,30.486306,114.077306, ,0.0,0.0,2,3940,0,1,205,0,1,0
TF,HH412,30.547833,113.996667,0,IWF,0.0,0.0,0.0,0.0,2,2960,0,0,0,0,1,0

APPTR,I04RX,04R,HH417
IF,HH417,30.344806,113.790667, ,0.0,0.0,2,6890,0,1,205,0,1,0
TF,HH416,30.412528,113.859250,0, ,0.0,0.0,0.0,0.0,0,0,0,0,0,0,0,0
TF,HH415,30.480194,113.927917,0, ,0.0,0.0,0.0,0.0,0,0,0,0,0,0,0,0
TF,HH412,30.547833,113.996667,0,IWF,0.0,0.0,0.0,0.0,2,2960,0,0,0,0,1,0

APPTR,I04RX,04R,HH618
IF,HH618,30.487472,113.760250, ,0.0,0.0,2,6890,0,1,205,0,1,0
TF,HH412,30.547833,113.996667,0,IWF,0.0,0.0,0.0,0.0,2,2960,0,0,0,0,1,0

FINAL,I04RX,04R,I,3
IF,HH412,30.547833,113.996667,IWF,225.5,18.9,2,2960,0,0,0,0,0,0
CF,FF04R,30.647008,114.097619,0,IWF,225.5,11.0,46.0,7.9,1,2960,0,0,0,0,2,0
CF,RW04R,30.757639,114.210792,0,IWF,225.5,2.1,46.0,8.8,1,146,0,0,0,0,3,0
CA,0,46.0,2,830,0,0,0,0,0,0
DF,HH414,30.707583,114.303333,2, ,0.0,0.0,2,2140,0,1,205,0,0,0
TF,DCD,30.440000,114.158333,0, ,0.0,0.0,0.0,0.0,1,2960,0,0,0,0,0,0
TF,HH417,30.344806,113.790667,0, ,0.0,0.0,0.0,0.0,2,6890,0,0,0,0,0,0
HM,HH417,30.344806,113.790667,1, ,0.0,0.0,16.0,04.3,2,8860,0,1,205,0,0,0,0

APPTR,I04RY,04R,D208W
IF,D208W,30.355094,113.799514, ,0.0,0.0,2,6890,0,1,205,0,1,0
CF,CI04R,30.548044,113.996689,0,IWF,225.5,18.9,46.0,15.4,2,3940,0,0,0,0,1,0

APPTR,I04RY,04R,D226D
IF,D226D,30.644939,113.916075, ,0.0,0.0,2,3940,0,1,205,0,1,0
CR,0,WHA,227.0,136.0,0,0,0,0,0,0,0,0
CI,0,IWF,0.0,76.0,2,3940,0,0,0,0,0,0

APPTR,I04RY,04R,D313Q
IF,D313Q,30.621619,113.898633, ,0.0,0.0,2,3940,0,1,205,0,1,0
CR,0,WHA,227.0,136.0,0,0,0,0,0,0,0,0
CI,0,IWF,0.0,76.0,2,3940,0,0,0,0,0,0

APPTR,I04RY,04R,DHP29
IF,DHP29,30.506947,114.093033, ,0.0,0.0,2,3940,0,1,205,0,1,0
CR,0,WHA,217.0,316.0,0,0,0,0,0,0,0,0
CI,0,IWF,0.0,16.0,2,3940,0,0,0,0,0,0

FINAL,I04RY,04R,I,3
IF,CI04R,30.548044,113.996689,IWF,225.5,18.9,2,3940,0,0,0,0,0,0
CF,FI04R,30.608058,114.057861,0,IWF,225.5,14.1,46.0,4.8,1,3940,0,0,0,0,2,0
CF,RW04R,30.757639,114.210792,0,IWF,225.5,2.1,46.0,12.0,1,146,0,0,0,0,3,0
CA,0,46.0,2,830,0,0,0,0,0,0
DF,D030R,30.705675,114.308339,2, ,0.0,0.0,2,2140,0,1,205,0,0,0
CF,DCD,30.440000,114.158333,0,DCD,0.0,0.0,210.0,17.7,1,2960,0,0,0,0,0,0
TF,D244Y,30.228825,113.738464,0, ,0.0,0.0,0.0,0.0,2,8860,0,0,0,0,0,0
HM,D244Y,30.228825,113.738464,1, ,0.0,0.0,28.0,04.3,2,8860,0,1,205,0,0,0,0

APPTR,I04RZ,04R,HH403
IF,HH403,30.623111,113.897694, ,0.0,0.0,2,3940,0,1,205,0,1,0
TF,HH412,30.547833,113.996667,0,IWF,0.0,0.0,0.0,0.0,2,3940,0,0,0,0,1,0

APPTR,I04RZ,04R,HH413
IF,HH413,30.486306,114.077306, ,0.0,0.0,2,3940,0,1,205,0,1,0
TF,HH412,30.547833,113.996667,0,IWF,0.0,0.0,0.0,0.0,2,3940,0,0,0,0,1,0

APPTR,I04RZ,04R,HH417
IF,HH417,30.344806,113.790667, ,0.0,0.0,2,6890,0,1,205,0,1,0
TF,HH416,30.412528,113.859250,0, ,0.0,0.0,0.0,0.0,0,0,0,0,0,0,0,0
TF,HH415,30.480194,113.927917,0, ,0.0,0.0,0.0,0.0,0,0,0,0,0,0,0,0
TF,HH412,30.547833,113.996667,0,IWF,0.0,0.0,0.0,0.0,2,3940,0,0,0,0,1,0

APPTR,I04RZ,04R,HH618
IF,HH618,30.487472,113.760250, ,0.0,0.0,2,6890,0,1,205,0,1,0
TF,HH412,30.547833,113.996667,0,IWF,0.0,0.0,0.0,0.0,2,3940,0,0,0,0,1,0

FINAL,I04RZ,04R,I,3
IF,HH412,30.547833,113.996667,IWF,225.5,18.9,2,3940,0,0,0,0,0,0
CF,FI04R,30.608058,114.057861,0,IWF,225.5,14.1,46.0,4.8,1,3940,0,0,0,0,2,0
CF,RW04R,30.757639,114.210792,0,IWF,225.5,2.1,46.0,12.0,1,146,0,0,0,0,3,0
CA,0,46.0,2,830,0,0,0,0,0,0
DF,HH414,30.707583,114.303333,2, ,0.0,0.0,2,2140,0,1,205,0,0,0
TF,DCD,30.440000,114.158333,0, ,0.0,0.0,0.0,0.0,1,2960,0,0,0,0,0,0
TF,HH417,30.344806,113.790667,0, ,0.0,0.0,0.0,0.0,2,6890,0,0,0,0,0,0
HM,HH417,30.344806,113.790667,1, ,0.0,0.0,16.0,04.3,2,8860,0,1,205,0,0,0,0

APPTR,I22LY,22L,D046D
IF,D046D,30.915922,114.517967, ,0.0,0.0,2,2960,0,1,205,0,1,0
CR,0,WHA,55.0,316.0,0,0,0,0,0,0,0,0
CI,0,IUT,0.0,256.0,2,2960,0,0,0,0,0,0

APPTR,I22LY,22L,D170G
IF,D170G,31.209919,114.463381, ,0.0,0.0,2,5910,0,1,205,0,1,0
TF,D170S,31.051061,114.509325,0, ,0.0,0.0,0.0,0.0,2,2960,0,0,0,0,0,0
CF,CI22L,30.998886,114.458053,0,IUT,45.4,19.5,226.0,4.1,2,2960,0,0,0,0,1,0

APPTR,I22LY,22L,DHB29
IF,DHB29,31.052844,114.342975, ,0.0,0.0,2,3940,0,1,205,0,1,0
CR,0,WHA,45.0,136.0,0,0,0,0,0,0,0,0
CI,0,IUT,0.0,196.0,2,2960,0,0,0,0,0,0

FINAL,I22LY,22L,I,3
IF,CI22L,30.998886,114.458053,IUT,45.4,19.5,2,2960,0,0,0,0,0,0
CF,FI22L,30.892575,114.348847,0,IUT,45.4,11.0,226.0,8.5,1,2960,0,0,0,0,2,0
CF,RW22L,30.781969,114.235692,0,IUT,45.4,2.1,226.0,8.8,1,146,0,0,0,0,3,0
CA,0,226.0,2,830,0,0,0,0,0,0
DF,D226M,30.707261,114.300531,1, ,0.0,0.0,0,0,0,1,205,0,0,0
CF,DHP,30.870000,114.470000,0,DHP,0.0,0.0,46.0,13.1,1,3940,0,0,0,0,0,0
HM,DHP,30.870000,114.470000,2, ,0.0,0.0,46.0,04.3,2,3940,0,1,205,0,0,0,0

APPTR,I22LZ,22L,HH503
IF,HH503,30.936444,114.538556, ,0.0,0.0,2,2960,0,1,205,0,1,0
TF,HH502,30.998250,114.457778,0,IUT,0.0,0.0,0.0,0.0,2,2960,0,0,0,0,1,0

APPTR,I22LZ,22L,HH513
IF,HH513,31.074083,114.358333, ,0.0,0.0,2,3940,0,1,205,0,1,0
TF,HH502,30.998250,114.457778,0,IUT,0.0,0.0,0.0,0.0,2,2960,0,0,0,0,1,0

APPTR,I22LZ,22L,HH517
IF,HH517,31.086667,114.823333, ,0.0,0.0,2,7880,0,1,205,0,1,0
TF,HH507,31.051333,114.512500,0, ,0.0,0.0,0.0,0.0,2,2960,0,0,0,0,0,0
TF,HH502,30.998250,114.457778,0,IUT,0.0,0.0,0.0,0.0,2,2960,0,0,0,0,1,0

APPTR,I22LZ,22L,HH521
IF,HH521,31.238306,114.499361, ,0.0,0.0,2,6890,0,1,205,0,1,0
TF,HH507,31.051333,114.512500,0, ,0.0,0.0,0.0,0.0,2,2960,0,0,0,0,0,0
TF,HH502,30.998250,114.457778,0,IUT,0.0,0.0,0.0,0.0,2,2960,0,0,0,0,1,0

APPTR,I22LZ,22L,HH637
IF,HH637,31.166694,114.631806, ,0.0,0.0,2,5910,0,1,205,0,1,0
TF,HH638,31.091361,114.553861,0, ,0.0,0.0,0.0,0.0,2,3940,0,0,0,0,0,0
TF,HH507,31.051333,114.512500,0, ,0.0,0.0,0.0,0.0,2,2960,0,0,0,0,0,0
TF,HH502,30.998250,114.457778,0,IUT,0.0,0.0,0.0,0.0,2,2960,0,0,0,0,1,0

FINAL,I22LZ,22L,I,3
IF,HH502,30.998250,114.457778,IUT,45.5,19.4,2,2960,0,0,0,0,0,0
CF,FI22L,30.892575,114.348847,0,IUT,45.4,11.0,226.0,8.5,1,2960,0,0,0,0,2,0
CF,RW22L,30.781969,114.235692,0,IUT,45.4,2.1,226.0,8.8,1,146,0,0,0,0,3,0
CA,0,226.0,2,830,0,0,0,0,0,0
DF,HH414,30.707583,114.303333,1, ,0.0,0.0,0,0,0,1,205,0,0,0
TF,DHP,30.870000,114.470000,0, ,0.0,0.0,0.0,0.0,1,3940,0,0,0,0,0,0
HM,DHP,30.870000,114.470000,2, ,0.0,0.0,46.0,04.3,2,3940,0,1,205,0,0,0,0

APPTR,I22RY,22R,D046D
IF,D046D,30.915922,114.517967, ,0.0,0.0,2,3940,0,1,205,0,1,0
CR,0,WHA,52.0,316.0,0,0,0,0,0,0,0,0
CI,0,ITS,0.0,256.0,2,3940,0,0,0,0,0,0

APPTR,I22RY,22R,D170G
IF,D170G,31.209919,114.463381, ,0.0,0.0,2,5910,0,1,205,0,1,0
TF,D170P,31.073758,114.502769,0, ,0.0,0.0,0.0,0.0,0,0,0,0,0,0,0,0
CF,CI22R,31.010642,114.441286,0,ITS,45.5,19.2,226.0,4.9,2,3940,0,0,0,0,1,0

APPTR,I22RY,22R,DHB29
IF,DHB29,31.052844,114.342975, ,0.0,0.0,2,3940,0,1,205,0,1,0
CR,0,WHA,42.0,136.0,0,0,0,0,0,0,0,0
CI,0,ITS,0.0,196.0,2,3940,0,0,0,0,0,0

FINAL,I22RY,22R,I,3
IF,CI22R,31.010642,114.441286,ITS,45.5,19.2,2,3940,0,0,0,0,0,0
CF,FI22R,30.943164,114.371806,0,ITS,45.5,13.8,226.0,5.4,1,3940,0,0,0,0,2,0
CF,RW22R,30.795200,114.219925,0,ITS,45.5,2.0,226.0,11.8,1,162,0,0,0,0,3,0
CA,0,226.0,2,830,0,0,0,0,0,0
DF,D046L,30.844731,114.124533,2, ,0.0,0.0,0,0,0,1,205,0,0,0
CF,DHB29,31.052844,114.342975,0,DHB,46.0,28.6,46.0,16.8,2,3940,0,0,0,0,0,0

APPTR,I22RZ,22R,HH503
IF,HH503,30.936444,114.538556, ,0.0,0.0,2,3940,0,1,205,0,1,0
TF,HH512,31.010917,114.441167,0,ITS,0.0,0.0,0.0,0.0,2,3940,0,0,0,0,1,0

APPTR,I22RZ,22R,HH513
IF,HH513,31.074083,114.358333, ,0.0,0.0,2,3940,0,1,205,0,1,0
TF,HH512,31.010917,114.441167,0,ITS,0.0,0.0,0.0,0.0,2,3940,0,0,0,0,1,0

APPTR,I22RZ,22R,HH517
IF,HH517,31.086667,114.823333, ,0.0,0.0,2,7880,0,1,205,0,1,0
TF,HH522,31.047444,114.478778,0, ,0.0,0.0,0.0,0.0,0,0,0,0,0,0,0,0
TF,HH512,31.010917,114.441167,0,ITS,0.0,0.0,0.0,0.0,2,3940,0,0,0,0,1,0

APPTR,I22RZ,22R,HH521
IF,HH521,31.238306,114.499361, ,0.0,0.0,2,6890,0,1,205,0,1,0
TF,HH508,31.078361,114.510611,0, ,0.0,0.0,0.0,0.0,0,0,0,0,0,0,0,0
TF,HH512,31.010917,114.441167,0,ITS,0.0,0.0,0.0,0.0,2,3940,0,0,0,0,1,0

APPTR,I22RZ,22R,HH637
IF,HH637,31.166694,114.631806, ,0.0,0.0,2,5910,0,1,205,0,1,0
TF,HH508,31.078361,114.510611,0, ,0.0,0.0,0.0,0.0,0,0,0,0,0,0,0,0
TF,HH512,31.010917,114.441167,0,ITS,0.0,0.0,0.0,0.0,2,3940,0,0,0,0,1,0

FINAL,I22RZ,22R,I,3
IF,HH512,31.010917,114.441167,ITS,45.4,19.2,2,3940,0,0,0,0,0,0
CF,FI22R,30.943164,114.371806,0,ITS,45.5,13.8,226.0,5.4,1,3940,0,0,0,0,2,0
CF,RW22R,30.795200,114.219925,0,ITS,45.5,2.0,226.0,11.8,1,162,0,0,0,0,3,0
CA,0,226.0,2,830,0,0,0,0,0,0
DF,HH404,30.844806,114.123417,2, ,0.0,0.0,0,0,0,1,205,0,0,0
TF,HH513,31.074083,114.358333,0, ,0.0,0.0,0.0,0.0,2,3940,0,0,0,0,0,0

