SID,ATA1YD,08,2
CA,0,83.0,2,1970,0,0,0,0,0,0
DF,VEGDO,18.190833,109.284167,2, ,0.0,0.0,0,0,0,1,205,0,0,0
TF,ATALA,17.671667,109.288889,0, ,0.0,0.0,0.0,0.0,0,0,0,0,0,0,0,0

SID,ATA1ZD,26,2
CA,0,263.0,2,500,0,0,0,0,0,0
CA,0,248.0,2,2140,0,0,0,0,0,0
DF,D153N,18.107561,109.285875,0, ,0.0,0.0,2,3940,0,1,205,0,0,0
TF,ATALA,17.671667,109.288889,0, ,0.0,0.0,0.0,0.0,0,0,0,0,0,0,0,0

SID,ATA9YD,08,5
CA,0,83.0,2,2960,0,0,0,0,0,0
DF,VEGDO,18.190833,109.284167,2, ,0.0,0.0,0,0,0,1,210,0,0,0
TF,ATALA,17.671667,109.288889,0, ,0.0,0.0,0.0,0.0,0,0,0,0,0,0,0,0

SID,ATA9ZD,26,5
DF,DER26,18.300833,109.396339,0, ,0.0,0.0,0,0,0,0,0,0,0,1
CA,0,248.0,2,2140,0,0,0,0,0,0
DF,SY708,18.106667,109.285000,0, ,0.0,0.0,2,3940,0,1,250,0,0,0
TF,ATALA,17.671667,109.288889,0, ,0.0,0.0,0.0,0.0,0,0,0,0,0,0,0,0

SID,KAG1YD,08,2
CA,0,83.0,2,1970,0,0,0,0,0,0
DF,VEGDO,18.190833,109.284167,2, ,0.0,0.0,0,0,0,1,205,0,0,0
TF,D182O,18.065750,109.168217,0, ,0.0,0.0,0.0,0.0,0,0,0,0,0,0,0,0
TF,AGEGI,17.911667,109.165000,0, ,0.0,0.0,0.0,0.0,4,14800,9850,0,0,0,0,0
TF,KAGUK,17.669722,109.165000,0, ,0.0,0.0,0.0,0.0,0,0,0,0,0,0,0,0

SID,KAG1ZD,26,2
CA,0,263.0,2,500,0,0,0,0,0,0
CI,0, ,0.0,248.0,0,0,0,0,0,0,0,0
CF,AGEGI,17.911667,109.165000,0,SYX,182.2,23.8,182.0,19.0,4,14800,9850,1,205,0,0,0
TF,KAGUK,17.669722,109.165000,0, ,0.0,0.0,0.0,0.0,0,0,0,0,0,0,0,0

SID,KAG2YD,08,2
CA,0,83.0,2,2630,0,0,0,0,0,0
DF,K,18.299219,109.384328,1, ,0.0,0.0,2,3940,0,1,205,0,0,0
TF,VEGDO,18.190833,109.284167,0, ,0.0,0.0,0.0,0.0,0,0,0,0,0,0,0,0
TF,D182O,18.065750,109.168217,0, ,0.0,0.0,0.0,0.0,0,0,0,0,0,0,0,0
TF,AGEGI,17.911667,109.165000,0, ,0.0,0.0,0.0,0.0,4,14800,9850,0,0,0,0,0
TF,KAGUK,17.669722,109.165000,0, ,0.0,0.0,0.0,0.0,0,0,0,0,0,0,0,0

SID,KAG9YD,08,5
CA,0,83.0,2,2960,0,0,0,0,0,0
DF,VEGDO,18.190833,109.284167,2, ,0.0,0.0,0,0,0,1,210,0,0,0
TF,SY604,18.064444,109.167778,0, ,0.0,0.0,0.0,0.0,0,0,0,0,0,0,0,0
TF,AGEGI,17.911667,109.165000,0, ,0.0,0.0,0.0,0.0,4,14800,9850,0,0,0,0,0
TF,KAGUK,17.669722,109.165000,0, ,0.0,0.0,0.0,0.0,0,0,0,0,0,0,0,0

SID,KAG9ZD,26,5
DF,DER26,18.300833,109.396339,0, ,0.0,0.0,0,0,0,0,0,0,0,1
CA,0,248.0,2,2140,0,0,0,0,0,0
CF,SY706,18.208889,109.170000,0,SYX,182.8,6.1,248.0,10.0,0,0,0,1,250,0,0,0
TF,AGEGI,17.911667,109.165000,0, ,0.0,0.0,0.0,0.0,4,14800,9850,0,0,0,0,0
TF,KAGUK,17.669722,109.165000,0, ,0.0,0.0,0.0,0.0,0,0,0,0,0,0,0,0

SID,POR1YD,08,2
CA,0,83.0,2,1970,0,0,0,0,0,0
DF,K,18.299219,109.384328,2, ,0.0,0.0,2,3940,0,1,205,0,0,0
TF,DOSTA,18.490000,109.613889,0, ,0.0,0.0,0.0,0.0,0,0,0,0,0,0,0,0
TF,PORAP,19.250000,109.979167,0, ,0.0,0.0,0.0,0.0,0,0,0,0,0,0,0,0

SID,POR1ZD,26,2
CA,0,263.0,2,500,0,0,0,0,0,0
CA,0,248.0,2,2140,0,0,0,0,0,0
CI,2, ,0.0,24.0,0,0,0,1,205,0,0,0
CF,DOSTA,18.490000,109.613889,0,SYX,67.8,27.3,69.0,20.0,0,0,0,0,0,0,0,0
TF,PORAP,19.250000,109.979167,0, ,0.0,0.0,0.0,0.0,0,0,0,0,0,0,0,0

SID,POR2YD,08,2
CA,0,83.0,2,2630,0,0,0,0,0,0
DF,DOSTA,18.490000,109.613889,0, ,0.0,0.0,0,0,0,1,205,0,0,0
TF,PORAP,19.250000,109.979167,0, ,0.0,0.0,0.0,0.0,0,0,0,0,0,0,0,0

SID,POR2ZD,26,2
CA,0,263.0,2,500,0,0,0,0,0,0
CA,0,248.0,2,2140,0,0,0,0,0,0
DF,HUT,18.306458,109.439133,1, ,0.0,0.0,2,3940,0,1,205,0,0,0
TF,DOSTA,18.490000,109.613889,0, ,0.0,0.0,0.0,0.0,0,0,0,0,0,0,0,0
TF,PORAP,19.250000,109.979167,0, ,0.0,0.0,0.0,0.0,0,0,0,0,0,0,0,0

SID,POR8YD,08,5
CA,0,83.0,2,2960,0,0,0,0,0,0
DF,K,18.299219,109.384328,2, ,0.0,0.0,2,3940,0,1,210,0,0,0
TF,DOSTA,18.490000,109.613889,0, ,0.0,0.0,0.0,0.0,0,0,0,0,0,0,0,0
TF,PORAP,19.250000,109.979167,0, ,0.0,0.0,0.0,0.0,0,0,0,0,0,0,0,0

SID,POR8ZD,26,5
DF,DER26,18.300833,109.396339,0, ,0.0,0.0,0,0,0,0,0,0,0,1
CA,0,248.0,2,2140,0,0,0,0,0,0
CI,1, ,0.0,66.0,0,0,0,0,0,0,0,0
CF,DOSTA,18.490000,109.613889,0,SYX,67.8,27.3,36.0,20.0,2,6890,0,1,250,0,0,0
TF,PORAP,19.250000,109.979167,0, ,0.0,0.0,0.0,0.0,0,0,0,0,0,0,0,0

SID,POR9YD,08,5
CA,0,83.0,2,2960,0,0,0,0,0,0
DF,DOSTA,18.490000,109.613889,0, ,0.0,0.0,0,0,0,1,210,0,0,0
TF,PORAP,19.250000,109.979167,0, ,0.0,0.0,0.0,0.0,0,0,0,0,0,0,0,0

SID,POR9ZD,26,5
DF,DER26,18.300833,109.396339,0, ,0.0,0.0,0,0,0,0,0,0,0,1
CA,0,248.0,2,2140,0,0,0,0,0,0
DF,DOSTA,18.490000,109.613889,2, ,0.0,0.0,2,6890,0,1,250,0,0,0
TF,PORAP,19.250000,109.979167,0, ,0.0,0.0,0.0,0.0,0,0,0,0,0,0,0,0

STAR,DAB1YA,08,2
IF,DABUB,19.519722,109.193333, ,0.0,0.0,0,0,0,0,0,0,0,0
TF,WL,18.488333,109.403333,0, ,0.0,0.0,0.0,0.0,2,7880,0,0,0,0,0,0
TF,D052H,18.393333,109.280000,0, ,0.0,0.0,0.0,0.0,2,4930,0,1,190,0,0,0

STAR,DAB1ZA,26,2
IF,DABUB,19.519722,109.193333, ,0.0,0.0,0,0,0,0,0,0,0,0
TF,WL,18.488333,109.403333,0, ,0.0,0.0,0.0,0.0,2,7880,0,0,0,0,0,0
TF,D068V,18.451547,109.523547,0, ,0.0,0.0,0.0,0.0,2,5910,0,1,190,0,0,0

STAR,DAB2YA,08,2
IF,DABUB,19.519722,109.193333, ,0.0,0.0,0,0,0,0,0,0,0,0
TF,WL,18.488333,109.403333,0, ,0.0,0.0,0.0,0.0,2,7880,0,0,0,0,0,0
TF,HUT,18.306458,109.439133,0, ,0.0,0.0,0.0,0.0,2,4930,0,1,190,0,0,0

STAR,DAB2ZA,26,2
IF,DABUB,19.519722,109.193333, ,0.0,0.0,0,0,0,0,0,0,0,0
TF,WL,18.488333,109.403333,0, ,0.0,0.0,0.0,0.0,2,7880,0,0,0,0,0,0
TF,HUT,18.306458,109.439133,0, ,0.0,0.0,0.0,0.0,2,4930,0,1,190,0,0,0

STAR,DAB8YA,08,5
IF,DABUB,19.519722,109.193333, ,0.0,0.0,0,0,0,0,0,0,0,0
TF,WL,18.488333,109.403333,0, ,0.0,0.0,0.0,0.0,2,7880,0,0,0,0,0,0
TF,SY497,18.385833,109.270278,0, ,0.0,0.0,0.0,0.0,2,4930,0,0,0,0,0,0
TF,SY498,18.371667,109.162778,0, ,0.0,0.0,0.0,0.0,2,3940,0,1,220,0,0,0

STAR,DAB8ZA,26,5
IF,DABUB,19.519722,109.193333, ,0.0,0.0,0,0,0,0,0,0,0,0
TF,WL,18.488333,109.403333,0, ,0.0,0.0,0.0,0.0,2,7880,0,0,0,0,0,0
TF,SY468,18.206944,109.374722,0, ,0.0,0.0,0.0,0.0,2,4930,0,0,0,0,0,0
TF,SY501,18.245278,109.670556,0, ,0.0,0.0,0.0,0.0,2,3940,0,1,220,0,0,0

STAR,DAB9YA,08,5
IF,DABUB,19.519722,109.193333, ,0.0,0.0,0,0,0,0,0,0,0,0
TF,WL,18.488333,109.403333,0, ,0.0,0.0,0.0,0.0,2,7880,0,0,0,0,0,0
TF,SY468,18.206944,109.374722,0, ,0.0,0.0,0.0,0.0,2,4930,0,0,0,0,0,0
TF,SY463,18.182778,109.190000,0, ,0.0,0.0,0.0,0.0,2,3940,0,1,220,0,0,0

STAR,DAB9ZA,26,5
IF,DABUB,19.519722,109.193333, ,0.0,0.0,0,0,0,0,0,0,0,0
TF,WL,18.488333,109.403333,0, ,0.0,0.0,0.0,0.0,2,7880,0,0,0,0,0,0
TF,SY507,18.449444,109.522222,0, ,0.0,0.0,0.0,0.0,2,4930,0,1,220,0,0,0

STAR,KAG1YA,08,2
IF,KAGUK,17.669722,109.165000, ,0.0,0.0,0,0,0,0,0,0,0,0
TF,AGEGI,17.911667,109.165000,0, ,0.0,0.0,0.0,0.0,4,14800,9850,0,0,0,0,0
TF,A,18.129322,109.169547,0, ,0.0,0.0,0.0,0.0,2,3940,0,1,190,0,0,0

STAR,KAG1ZA,26,2
IF,KAGUK,17.669722,109.165000, ,0.0,0.0,0,0,0,0,0,0,0,0
TF,AGEGI,17.911667,109.165000,0, ,0.0,0.0,0.0,0.0,4,14800,9850,0,0,0,0,0
TF,A,18.129322,109.169547,0, ,0.0,0.0,0.0,0.0,2,5910,0,0,0,0,0,0
TF,SYX,18.310000,109.173333,0, ,0.0,0.0,0.0,0.0,0,0,0,0,0,0,0,0
TF,D068V,18.451547,109.523547,0, ,0.0,0.0,0.0,0.0,2,5910,0,1,190,0,0,0

STAR,KAG2YA,08,2
IF,KAGUK,17.669722,109.165000, ,0.0,0.0,0,0,0,0,0,0,0,0
TF,AGEGI,17.911667,109.165000,0, ,0.0,0.0,0.0,0.0,4,14800,9850,0,0,0,0,0
TF,A,18.129322,109.169547,0, ,0.0,0.0,0.0,0.0,2,3940,0,0,0,0,0,0
TF,SYX,18.310000,109.173333,0, ,0.0,0.0,0.0,0.0,2,2960,0,1,190,0,0,0

STAR,KAG2ZA,26,2
IF,KAGUK,17.669722,109.165000, ,0.0,0.0,0,0,0,0,0,0,0,0
TF,AGEGI,17.911667,109.165000,0, ,0.0,0.0,0.0,0.0,4,14800,9850,0,0,0,0,0
TF,A,18.129322,109.169547,0, ,0.0,0.0,0.0,0.0,2,5910,0,0,0,0,0,0
TF,SYX,18.310000,109.173333,0, ,0.0,0.0,0.0,0.0,0,0,0,0,0,0,0,0
TF,HUT,18.306458,109.439133,0, ,0.0,0.0,0.0,0.0,2,4930,0,1,190,0,0,0

STAR,KAG8ZA,26,5
IF,KAGUK,17.669722,109.165000, ,0.0,0.0,0,0,0,0,0,0,0,0
TF,AGEGI,17.911667,109.165000,0, ,0.0,0.0,0.0,0.0,4,14800,9850,0,0,0,0,0
TF,SY508,18.128056,109.168889,0, ,0.0,0.0,0.0,0.0,2,5910,0,0,0,0,0,0
TF,SY468,18.206944,109.374722,0, ,0.0,0.0,0.0,0.0,2,4930,0,0,0,0,0,0
TF,SY501,18.245278,109.670556,0, ,0.0,0.0,0.0,0.0,2,3940,0,1,220,0,0,0

STAR,KAG9YA,08,5
IF,KAGUK,17.669722,109.165000, ,0.0,0.0,0,0,0,0,0,0,0,0
TF,AGEGI,17.911667,109.165000,0, ,0.0,0.0,0.0,0.0,4,14800,9850,0,0,0,0,0
TF,SY464,18.156667,109.070000,0, ,0.0,0.0,0.0,0.0,0,0,0,0,0,0,0,0
TF,SY462,18.256111,109.055833,0, ,0.0,0.0,0.0,0.0,2,3940,0,1,220,0,0,0

STAR,KAG9ZA,26,5
IF,KAGUK,17.669722,109.165000, ,0.0,0.0,0,0,0,0,0,0,0,0
TF,AGEGI,17.911667,109.165000,0, ,0.0,0.0,0.0,0.0,4,14800,9850,0,0,0,0,0
TF,SYX,18.310000,109.173333,0, ,0.0,0.0,0.0,0.0,2,4930,0,0,0,0,0,0
TF,SY507,18.449444,109.522222,0, ,0.0,0.0,0.0,0.0,2,4930,0,1,220,0,0,0

STAR,UPR1YA,08,2
IF,UPRIS,19.250000,109.769167, ,0.0,0.0,0,0,0,0,0,0,0,0
TF,WL,18.488333,109.403333,0, ,0.0,0.0,0.0,0.0,2,7880,0,0,0,0,0,0
TF,D052H,18.393333,109.280000,0, ,0.0,0.0,0.0,0.0,2,4930,0,1,190,0,0,0

STAR,UPR1ZA,26,2
IF,UPRIS,19.250000,109.769167, ,0.0,0.0,0,0,0,0,0,0,0,0
TF,WL,18.488333,109.403333,0, ,0.0,0.0,0.0,0.0,2,7880,0,0,0,0,0,0
TF,D068V,18.451547,109.523547,0, ,0.0,0.0,0.0,0.0,2,5910,0,1,190,0,0,0

STAR,UPR2YA,08,2
IF,UPRIS,19.250000,109.769167, ,0.0,0.0,0,0,0,0,0,0,0,0
TF,WL,18.488333,109.403333,0, ,0.0,0.0,0.0,0.0,2,7880,0,0,0,0,0,0
TF,HUT,18.306458,109.439133,0, ,0.0,0.0,0.0,0.0,2,4930,0,1,190,0,0,0

STAR,UPR2ZA,26,2
IF,UPRIS,19.250000,109.769167, ,0.0,0.0,0,0,0,0,0,0,0,0
TF,WL,18.488333,109.403333,0, ,0.0,0.0,0.0,0.0,2,7880,0,0,0,0,0,0
TF,HUT,18.306458,109.439133,0, ,0.0,0.0,0.0,0.0,2,4930,0,1,190,0,0,0

STAR,UPR8YA,08,5
IF,UPRIS,19.250000,109.769167, ,0.0,0.0,0,0,0,0,0,0,0,0
TF,WL,18.488333,109.403333,0, ,0.0,0.0,0.0,0.0,2,7880,0,0,0,0,0,0
TF,SY497,18.385833,109.270278,0, ,0.0,0.0,0.0,0.0,2,4930,0,0,0,0,0,0
TF,SY498,18.371667,109.162778,0, ,0.0,0.0,0.0,0.0,2,3940,0,1,220,0,0,0

STAR,UPR8ZA,26,5
IF,UPRIS,19.250000,109.769167, ,0.0,0.0,0,0,0,0,0,0,0,0
TF,WL,18.488333,109.403333,0, ,0.0,0.0,0.0,0.0,2,7880,0,0,0,0,0,0
TF,SY468,18.206944,109.374722,0, ,0.0,0.0,0.0,0.0,2,4930,0,0,0,0,0,0
TF,SY501,18.245278,109.670556,0, ,0.0,0.0,0.0,0.0,2,3940,0,1,220,0,0,0

STAR,UPR9YA,08,5
IF,UPRIS,19.250000,109.769167, ,0.0,0.0,0,0,0,0,0,0,0,0
TF,WL,18.488333,109.403333,0, ,0.0,0.0,0.0,0.0,2,7880,0,0,0,0,0,0
TF,SY468,18.206944,109.374722,0, ,0.0,0.0,0.0,0.0,2,4930,0,0,0,0,0,0
TF,SY463,18.182778,109.190000,0, ,0.0,0.0,0.0,0.0,2,3940,0,1,220,0,0,0

STAR,UPR9ZA,26,5
IF,UPRIS,19.250000,109.769167, ,0.0,0.0,0,0,0,0,0,0,0,0
TF,WL,18.488333,109.403333,0, ,0.0,0.0,0.0,0.0,2,7880,0,0,0,0,0,0
TF,SY507,18.449444,109.522222,0, ,0.0,0.0,0.0,0.0,2,4930,0,1,220,0,0,0

APPTR,D08,08,A
IF,A,18.129322,109.169547, ,0.0,0.0,2,3940,0,1,190,0,1,0
CF,D182C,18.253117,109.172292,0,SYX,182.0,3.4,2.0,7.4,0,0,0,0,0,0,0,1
CF,D263O,18.272183,109.176997,0,SYX,175.7,2.3,83.0,1.2,2,2960,0,0,0,0,1,0
CF,CF08,18.276053,109.206494,0,SYX,138.0,2.8,83.0,1.7,2,2300,0,0,0,0,0,0

APPTR,D08,08,D052H
IF,D052H,18.393333,109.280000, ,0.0,0.0,2,4930,0,1,190,0,1,0
CF,D052B,18.330003,109.199203,0,SYX,52.0,1.9,232.0,6.0,0,0,0,0,0,0,0,1
CF,CF08,18.276053,109.206494,1,SYX,138.0,2.8,83.0,1.0,2,2300,0,0,0,0,0,0

APPTR,D08,08,HUT1
IF,HUT,18.306458,109.439133, ,0.0,0.0,2,4930,0,1,190,0,1,0
FD,HUT,18.306458,109.439133,0,HUT,0.0,13.6,250.0,13.6,0,0,0,0,0,0,0,0
CF,CF08,18.276053,109.206494,2,SYX,138.0,2.8,83.0,1.0,2,2300,0,0,0,0,0,0

APPTR,D08,08,HUT2
IF,HUT,18.306458,109.439133, ,0.0,0.0,2,4930,0,1,190,0,1,0
FD,HUT,18.306458,109.439133,0,HUT,0.0,13.6,256.0,13.6,0,0,0,0,0,0,0,0
CF,CF08,18.276053,109.206494,2,SYX,138.0,2.8,83.0,1.0,2,2300,0,0,0,0,0,0

APPTR,D08,08,SYX
IF,SYX,18.310000,109.173333, ,0.0,0.0,2,2960,0,1,190,0,1,0
CF,CF08,18.276053,109.206494,0,HUT,263.3,13.4,83.0,2.0,2,2300,0,0,0,0,0,0

FINAL,D08,08,D,3
IF,CF08,18.276053,109.206494,HUT,263.3,13.4,2,2300,0,0,0,0,0,0
CF,FF08,18.285339,109.277472,0,HUT,263.2,9.3,83.0,4.1,2,2300,0,0,0,0,2,0
CF,K,18.299219,109.384328,0,HUT,263.1,3.2,83.0,6.2,1,331,0,0,0,0,3,0
CA,0,83.0,2,2630,0,0,0,0,0,0
DF,K,18.299219,109.384328,2, ,0.0,0.0,1,3940,0,0,0,0,0,0
CF,SYX,18.310000,109.173333,0,SYX,0.0,0.0,274.0,12.1,0,0,0,1,190,0,0,0

APPTR,D26,26,D068V
IF,D068V,18.451547,109.523547, ,0.0,0.0,2,5910,0,1,190,0,1,0
FD,D068V,18.451547,109.523547,0,HUT,30.0,13.0,111.0,13.0,2,3940,0,0,0,0,0,0
CF,CF26,18.334917,109.658192,2,HUT,83.2,12.6,263.0,1.0,2,3290,0,0,0,0,1,0
CF,FF26,18.322753,109.564442,0,HUT,83.2,7.2,263.0,5.4,2,2630,0,0,0,0,0,0

APPTR,D26,26,HUT1
IF,HUT,18.306458,109.439133, ,0.0,0.0,2,4930,0,1,190,0,1,0
FD,HUT,18.306458,109.439133,0,HUT,0.0,11.1,99.0,11.1,0,0,0,0,0,0,0,0
CF,FF26,18.322753,109.564442,1,HUT,83.2,7.2,263.0,4.0,2,2630,0,0,0,0,0,0

APPTR,D26,26,HUT2
IF,HUT,18.306458,109.439133, ,0.0,0.0,2,4930,0,1,190,0,1,0
FD,HUT,18.306458,109.439133,0,HUT,0.0,11.1,91.0,11.1,0,0,0,0,0,0,0,0
CF,FF26,18.322753,109.564442,1,HUT,83.2,7.2,263.0,4.0,2,2630,0,0,0,0,0,0

FINAL,D26,26,D,3
IF,FF26,18.322753,109.564442,HUT,83.2,7.2,2,2630,0,0,0,0,2,0
CF,39VOR,18.315528,109.506792,0,HUT,83.0,3.9,263.0,3.3,2,1580,0,0,0,0,0,0
CF,HUT,18.306458,109.439133,0,HUT,0.0,0.0,263.0,3.9,1,339,0,0,0,0,3,0
CA,0,263.0,2,2470,0,0,0,0,0,0
DF,HUT,18.306458,109.439133,1, ,0.0,0.0,1,4930,0,1,205,0,0,0

APPTR,I08-Y,08,A
IF,A,18.129322,109.169547, ,0.0,0.0,2,3940,0,1,190,0,1,0
CF,D182C,18.253117,109.172292,0,SYX,182.0,3.4,2.0,7.4,0,0,0,0,0,0,0,1
CF,D263O,18.272183,109.176997,0,SYX,175.7,2.3,83.0,1.2,2,2960,0,0,0,0,1,0
CF,CF08,18.276053,109.206494,0,IKK,263.3,12.9,83.0,1.7,2,2300,0,0,0,0,0,0

APPTR,I08-Y,08,D052H
IF,D052H,18.393333,109.280000, ,0.0,0.0,2,4930,0,1,190,0,1,0
CF,D052B,18.330003,109.199203,0,SYX,52.0,1.9,232.0,6.0,0,0,0,0,0,0,0,1
CF,CF08,18.276053,109.206494,1,IKK,263.3,12.9,83.0,1.0,2,2300,0,0,0,0,0,0

APPTR,I08-Y,08,HUT1
IF,HUT,18.306458,109.439133, ,0.0,0.0,2,4930,0,1,190,0,1,0
FD,HUT,18.306458,109.439133,0,HUT,0.0,13.6,250.0,13.6,0,0,0,0,0,0,0,0
CF,CF08,18.276053,109.206494,2,IKK,263.3,12.9,83.0,1.0,2,2300,0,0,0,0,0,0

APPTR,I08-Y,08,HUT2
IF,HUT,18.306458,109.439133, ,0.0,0.0,2,4930,0,1,190,0,1,0
FD,HUT,18.306458,109.439133,0,HUT,0.0,13.6,256.0,13.6,0,0,0,0,0,0,0,0
CF,CF08,18.276053,109.206494,2,IKK,263.3,12.9,83.0,1.0,2,2300,0,0,0,0,0,0

APPTR,I08-Y,08,SYX
IF,SYX,18.310000,109.173333, ,0.0,0.0,2,2960,0,1,190,0,1,0
CF,CF08,18.276053,109.206494,0,IKK,263.3,12.9,83.0,2.0,2,2300,0,0,0,0,0,0

FINAL,I08-Y,08,I,3
IF,CF08,18.276053,109.206494,IKK,263.3,12.9,2,2300,0,0,0,0,0,0
CF,FF08,18.285339,109.277472,0,IKK,263.3,8.8,83.0,4.1,1,2300,0,0,0,0,2,0
CF,RW08,18.300833,109.396339,0,IKK,263.3,2.0,83.0,6.9,1,110,0,0,0,0,3,0
FA,RW08,18.300833,109.396339,0,SYX,0.0,0.0,83.0,2,1970,0,0,0,0,0,0
DF,K,18.299219,109.384328,2, ,0.0,0.0,1,3940,0,0,0,0,0,0
CF,SYX,18.310000,109.173333,0,SYX,0.0,0.0,274.0,12.1,0,0,0,1,190,0,0,0

APPTR,I08-Z,08,SY462
IF,SY462,18.256111,109.055833, ,0.0,0.0,2,3940,0,1,220,0,1,0
TF,SY488,18.272222,109.177222,0,IKK,0.0,0.0,0.0,0.0,2,2960,0,0,0,0,1,0

APPTR,I08-Z,08,SY463
IF,SY463,18.182778,109.190000, ,0.0,0.0,2,3940,0,1,220,0,1,0
TF,SY488,18.272222,109.177222,0,IKK,0.0,0.0,0.0,0.0,2,2960,0,0,0,0,1,0

APPTR,I08-Z,08,SY498
IF,SY498,18.371667,109.162778, ,0.0,0.0,2,3940,0,1,220,0,1,0
TF,SY488,18.272222,109.177222,0,IKK,0.0,0.0,0.0,0.0,2,2960,0,0,0,0,1,0

FINAL,I08-Z,08,I,3
IF,SY488,18.272222,109.177222,IKK,263.3,14.6,2,2960,0,0,0,0,0,0
CF,FF08,18.285339,109.277472,0,IKK,263.3,8.8,83.0,5.8,1,2300,0,0,0,0,2,0
CF,RW08,18.300833,109.396339,0,IKK,263.3,2.0,83.0,6.9,1,110,0,0,0,0,3,0
CA,0,83.0,2,1970,0,1,210,0,0,0
DF,SY462,18.256111,109.055833,2, ,0.0,0.0,1,3940,0,1,220,0,0,0
HM,SY462,18.256111,109.055833,2, ,0.0,0.0,353.0,04.3,2,3940,0,1,220,0,0,0,0

APPTR,I26-Y,26,D068V
IF,D068V,18.451547,109.523547, ,0.0,0.0,2,5910,0,1,190,0,1,0
FD,D068V,18.451547,109.523547,0,SYX,68.0,27.4,111.0,27.4,2,3940,0,0,0,0,0,0
CF,CF26,18.334917,109.658192,2,IFH,83.2,15.2,263.0,1.0,2,3290,0,0,0,0,1,0

APPTR,I26-Y,26,HUT1
IF,HUT,18.306458,109.439133, ,0.0,0.0,2,4930,0,1,190,0,1,0
FD,HUT,18.306458,109.439133,0,HUT,0.0,11.1,99.0,11.1,0,0,0,0,0,0,0,0
CI,1,IFH,0.0,293.0,0,0,0,0,0,0,0,0

APPTR,I26-Y,26,HUT2
IF,HUT,18.306458,109.439133, ,0.0,0.0,2,4930,0,1,190,0,1,0
FD,HUT,18.306458,109.439133,0,HUT,0.0,11.1,91.0,11.1,0,0,0,0,0,0,0,0
CI,1,IFH,0.0,293.0,0,0,0,0,0,0,0,0

FINAL,I26-Y,26,I,3
IF,CF26,18.334917,109.658192,IFH,83.2,15.2,2,3290,0,0,0,0,0,0
CF,FF26,18.322753,109.564442,0,IFH,83.2,9.8,263.0,5.4,1,2630,0,0,0,0,2,0
CF,RW26,18.304994,109.428214,0,IFH,83.2,2.0,263.0,7.9,1,137,0,0,0,0,3,0
CA,0,263.0,2,2470,0,0,0,0,0,0
DF,HUT,18.306458,109.439133,1, ,0.0,0.0,1,4930,0,1,205,0,0,0

APPTR,I26-Z,26,SY501
IF,SY501,18.245278,109.670556, ,0.0,0.0,2,3940,0,1,220,0,1,0
TF,SY504,18.334722,109.658056,0,IFH,0.0,0.0,0.0,0.0,2,3290,0,0,0,0,1,0

APPTR,I26-Z,26,SY507
IF,SY507,18.449444,109.522222, ,0.0,0.0,2,4930,0,1,220,0,1,0
TF,SY506,18.406389,109.648056,0, ,0.0,0.0,0.0,0.0,2,3940,0,0,0,0,0,0
TF,SY504,18.334722,109.658056,0,IFH,0.0,0.0,0.0,0.0,2,3290,0,0,0,0,1,0

FINAL,I26-Z,26,I,3
IF,SY504,18.334722,109.658056,IFH,83.2,15.2,2,3290,0,0,0,0,0,0
CF,FF26,18.322753,109.564442,0,IFH,83.2,9.8,263.0,5.4,1,2630,0,0,0,0,2,0
CF,RW26,18.304994,109.428214,0,IFH,83.2,2.0,263.0,7.9,1,137,0,0,0,0,3,0
FD,RW26,18.304994,109.428214,0,HUT,263.0,8.7,263.0,8.7,0,0,0,0,0,0,0,0
CF,SYX,18.310000,109.173333,0,SYX,0.0,0.0,282.0,7.0,2,4930,0,1,220,0,0,0
HM,SYX,18.310000,109.173333,1, ,0.0,0.0,68.0,04.3,2,4930,0,1,220,0,0,0,0

