SID,TOS01D,05,2
CF,D041B,24.428053,98.561128,0,LUM,41.0,1.8,46.0,2.0,0,0,0,0,0,0,0,1
CD, ,0,0,0,LUM,0,0.0,41.0,17.0,2,8700,0,0,0,0,0,0
VI,1, ,0.0,242.0,0,0,0,0,0,0,0,0
CF,LUM,24.405000,98.540000,0,LUM,0.0,0.0,197.0,16.0,0,0,0,1,205,0,0,0
TF,TOSEM,24.466667,99.264167,1, ,0.0,0.0,0.0,0.0,0,0,0,0,0,0,0,0

SID,TOS11D,23,2
CD, ,0,0,0,LUM,0,0.0,226.0,3.3,2,3550,0,0,0,0,0,0
DF,LUM,24.405000,98.540000,2, ,0.0,0.0,2,6240,0,1,190,0,0,0
TF,D086I,24.418767,98.698147,0, ,0.0,0.0,0.0,0.0,2,8860,0,0,0,0,0,0
TF,TOSEM,24.466667,99.264167,0, ,0.0,0.0,0.0,0.0,0,0,0,0,0,0,0,0

SID,TOS81D,05,5
CF,MS301,24.446944,98.581667,0,LUM,43.3,3.4,46.0,3.0,2,3940,0,0,0,0,0,1
TF,MS302,24.640000,98.766111,0, ,0.0,0.0,0.0,0.0,2,9090,0,1,205,0,0,0
TF,MS303,24.560556,98.876389,0, ,0.0,0.0,0.0,0.0,2,11490,0,0,0,0,0,0
TF,MS902,24.446944,99.029722,0, ,0.0,0.0,0.0,0.0,2,14770,0,0,0,0,0,0
TF,TOSEM,24.466667,99.264167,0, ,0.0,0.0,0.0,0.0,0,0,0,0,0,0,0,0

SID,TOS91D,23,5
CF,MS401,24.367500,98.495278,0,LUM,228.5,3.3,226.0,2.0,2,3550,0,1,190,0,0,1
TF,MS405,24.380556,98.316389,0, ,0.0,0.0,0.0,0.0,2,6570,0,1,190,0,0,0
TF,MS407,24.443889,98.246389,0, ,0.0,0.0,0.0,0.0,2,8210,0,1,205,0,0,0
TF,MS408,24.510833,98.312222,0, ,0.0,0.0,0.0,0.0,2,9850,0,0,0,0,0,0
TF,MS409,24.526111,98.500000,0, ,0.0,0.0,0.0,0.0,2,11820,0,0,0,0,0,0
TF,MS410,24.539444,98.669444,0, ,0.0,0.0,0.0,0.0,0,0,0,0,0,0,0,0
TF,MS411,24.438056,98.883889,0, ,0.0,0.0,0.0,0.0,0,0,0,0,0,0,0,0
TF,MS902,24.446944,99.029722,0, ,0.0,0.0,0.0,0.0,2,14770,0,0,0,0,0,0
TF,TOSEM,24.466667,99.264167,0, ,0.0,0.0,0.0,0.0,0,0,0,0,0,0,0,0

SID,TOS92D,23,5
CF,MS401,24.367500,98.495278,0,LUM,228.5,3.3,226.0,2.0,2,3550,0,1,190,0,0,1
DF,LUM,24.405000,98.540000,2, ,0.0,0.0,2,6240,0,1,190,0,0,0
TF,MS404,24.420833,98.677222,0, ,0.0,0.0,0.0,0.0,2,8540,0,0,0,0,0,0
TF,MS411,24.438056,98.883889,0, ,0.0,0.0,0.0,0.0,2,10830,0,0,0,0,0,0
TF,MS902,24.446944,99.029722,0, ,0.0,0.0,0.0,0.0,2,14770,0,0,0,0,0,0
TF,TOSEM,24.466667,99.264167,0, ,0.0,0.0,0.0,0.0,0,0,0,0,0,0,0,0

SID,TOS93D,23,5
CF,MS401,24.367500,98.495278,0,LUM,228.5,3.3,226.0,2.0,2,3550,0,1,190,0,0,1
DF,LUM,24.405000,98.540000,2, ,0.0,0.0,2,6240,0,1,190,0,0,0
TF,MS410,24.539444,98.669444,0, ,0.0,0.0,0.0,0.0,0,0,0,0,0,0,0,0
TF,MS411,24.438056,98.883889,0, ,0.0,0.0,0.0,0.0,2,10830,0,0,0,0,0,0
TF,MS902,24.446944,99.029722,0, ,0.0,0.0,0.0,0.0,2,14770,0,0,0,0,0,0
TF,TOSEM,24.466667,99.264167,0, ,0.0,0.0,0.0,0.0,0,0,0,0,0,0,0,0

STAR,TOS01A,23,2
IF,TOSEM,24.466667,99.264167, ,0.0,0.0,0,0,0,0,0,0,0,0
TF,D086O,24.428633,98.812689,0, ,0.0,0.0,0.0,0.0,2,11820,0,0,0,0,0,0
TF,LUM,24.405000,98.540000,0, ,0.0,0.0,0.0,0.0,2,10830,0,1,190,0,0,0

STAR,TOS91A,23,5
IF,TOSEM,24.466667,99.264167, ,0.0,0.0,0,0,0,0,0,0,0,0
TF,MS902,24.446944,99.029722,0, ,0.0,0.0,0.0,0.0,0,0,0,0,0,0,0,0
TF,MS209,24.653333,98.963611,0, ,0.0,0.0,0.0,0.0,2,11490,0,1,205,0,0,0
TF,MS901,24.705000,98.829167,0, ,0.0,0.0,0.0,0.0,2,10830,0,1,190,0,0,0

APPTR,D23,23,D043X
IF,D043X,24.702922,98.833914, ,0.0,0.0,2,10830,0,1,190,0,1,0
TF,CD23,24.650750,98.765781,0, ,0.0,0.0,0.0,0.0,2,9030,0,0,0,0,1,0

APPTR,D23,23,LUM1
IF,LUM,24.405000,98.540000, ,0.0,0.0,2,10830,0,1,190,0,1,0
FD,LUM,24.405000,98.540000,0,LUM,0.0,19.2,31.0,19.2,2,9030,0,0,0,0,0,0
CF,CD23,24.650750,98.765781,2,LUM,41.0,19.2,221.0,1.0,2,9030,0,0,0,0,1,0

APPTR,D23,23,LUM2
IF,LUM,24.405000,98.540000, ,0.0,0.0,2,10830,0,1,190,0,1,0
FD,LUM,24.405000,98.540000,0,LUM,0.0,19.2,35.0,19.2,2,9030,0,0,0,0,0,0
CF,CD23,24.650750,98.765781,2,LUM,41.0,19.2,221.0,1.0,2,9030,0,0,0,0,1,0

FINAL,D23,23,D,6
IF,CD23,24.650750,98.765781,LUM,41.0,19.2,2,9030,0,0,0,0,0,0
CF,FD23,24.590625,98.710431,0,LUM,41.0,14.5,221.0,4.7,1,8210,0,0,0,0,2,0
CF,VOR11,24.539436,98.663364,0,LUM,41.0,10.5,221.0,4.0,2,6730,0,0,0,0,0,0
CF,78VOR,24.504878,98.631617,0,LUM,41.0,7.8,221.0,2.7,2,5750,0,0,0,0,0,0
CF,52VOR,24.471592,98.601061,0,LUM,41.0,5.2,221.0,2.6,2,4760,0,0,0,0,0,0
CF,MD23,24.439578,98.571697,0,LUM,41.0,2.7,221.0,2.5,1,3886,0,0,0,0,3,0
CF,LUM,24.405000,98.540000,0,LUM,0.0,0.0,226.0,2.7,0,0,0,0,0,0,0,0
FD,LUM,24.405000,98.540000,0,LUM,0.0,3.0,226.0,3.0,2,4800,0,0,0,0,0,0
DF,LUM,24.405000,98.540000,2, ,0.0,0.0,2,6240,0,1,190,0,0,0

APPTR,I23-Y,23,D043X
IF,D043X,24.702922,98.833914, ,0.0,0.0,2,10830,0,1,190,0,1,0
CF,CI23,24.633333,98.784444,0,IMS,45.6,20.6,211.0,5.0,2,9030,0,0,0,0,1,0

APPTR,I23-Y,23,LUM1
IF,LUM,24.405000,98.540000, ,0.0,0.0,2,10830,0,1,190,0,1,0
FD,LUM,24.405000,98.540000,0,LUM,0.0,19.2,36.0,19.2,2,9030,0,0,0,0,0,0
CF,CI23,24.633333,98.784444,2,IMS,45.6,20.6,226.0,1.0,2,9030,0,0,0,0,1,0

APPTR,I23-Y,23,LUM2
IF,LUM,24.405000,98.540000, ,0.0,0.0,2,10830,0,1,190,0,1,0
FD,LUM,24.405000,98.540000,0,LUM,0.0,19.2,40.0,19.2,2,9030,0,0,0,0,0,0
CF,CI23,24.633333,98.784444,2,IMS,45.6,20.6,226.0,1.0,2,9030,0,0,0,0,1,0

FINAL,I23-Y,23,I,3
IF,CI23,24.633333,98.784444,IMS,45.6,20.6,2,9030,0,0,0,0,0,0
CF,FI23,24.575703,98.722158,0,IMS,45.6,15.7,226.0,4.9,1,8210,0,0,0,0,2,0
CF,RW23,24.406897,98.541133,0,IMS,46.9,1.6,226.0,14.2,1,2933,0,0,0,0,3,0
FD,RW23,24.406897,98.541133,0,LUM,29.7,3.0,226.0,3.0,2,3940,0,0,0,0,0,0
DF,LUM,24.405000,98.540000,2, ,0.0,0.0,2,6240,0,1,190,0,0,0

APPTR,I23-Z,23,MS901
IF,MS901,24.705000,98.829167, ,0.0,0.0,2,10830,0,1,190,0,1,0
TF,CI23,24.633333,98.784444,0,IMS,0.0,0.0,0.0,0.0,2,9030,0,0,0,0,1,0

FINAL,I23-Z,23,I,3
IF,CI23,24.633333,98.784444,IMS,45.6,20.6,2,9030,0,0,0,0,0,0
CF,FI23,24.575703,98.722158,0,IMS,45.6,15.7,226.0,4.9,1,8210,0,0,0,0,2,0
CF,RW23,24.406897,98.541133,0,IMS,46.9,1.6,226.0,14.2,1,2933,0,0,0,0,3,1
CF,MS401,24.367500,98.495278,0,LUM,228.5,3.3,226.0,3.4,2,3880,0,1,190,0,0,0
TF,MS405,24.380556,98.316389,0, ,0.0,0.0,0.0,0.0,2,6240,0,1,190,0,0,0
TF,MS407,24.443889,98.246389,0, ,0.0,0.0,0.0,0.0,2,7550,0,1,205,0,0,0
TF,MS408,24.510833,98.312222,0, ,0.0,0.0,0.0,0.0,2,8860,0,0,0,0,0,0
TF,MS409,24.526111,98.500000,0, ,0.0,0.0,0.0,0.0,1,10830,0,0,0,0,0,0
TF,MS410,24.539444,98.669444,0, ,0.0,0.0,0.0,0.0,1,10830,0,0,0,0,0,0
TF,MS901,24.705000,98.829167,0, ,0.0,0.0,0.0,0.0,1,10830,0,0,0,0,0,0
HM,MS901,24.705000,98.829167,2, ,0.0,0.0,211.0,04.3,2,10830,0,1,205,0,0,0,0

