SID,FQG01D,05,2
CD, ,0,0,0,XMN,0,0.0,55.0,4.8,2,990,0,0,0,0,0,0
DF,AMURI,24.700278,118.168611,0, ,0.0,0.0,2,2300,0,1,230,0,0,0
TF,D050S,24.783333,118.273333,0, ,0.0,0.0,0.0,0.0,2,3940,0,0,0,0,0,0
TF,XLN32,24.937878,118.445319,0, ,0.0,0.0,0.0,0.0,2,8860,0,0,0,0,0,0
TF,FQG,25.740000,119.385000,0, ,0.0,0.0,0.0,0.0,0,0,0,0,0,0,0,0

SID,FQG11D,23,2
CD, ,0,0,0,XMN,0,0.0,235.0,6.8,2,1480,0,0,0,0,0,0
DF,XLN,24.565000,118.015000,2, ,0.0,0.0,2,2960,0,1,230,0,0,0
TF,D050R,24.772019,118.254050,0, ,0.0,0.0,0.0,0.0,2,6240,0,0,0,0,0,0
TF,ENVEN,25.341667,118.918333,0, ,0.0,0.0,0.0,0.0,0,0,0,0,0,0,0,0
TF,FQG,25.740000,119.385000,0, ,0.0,0.0,0.0,0.0,0,0,0,0,0,0,0,0

SID,FQG81D,23,5
CF,AM503,24.473056,118.027500,0,XLN,174.9,5.5,235.0,7.0,2,1480,0,0,0,0,0,1
DF,XLN,24.565000,118.015000,2, ,0.0,0.0,2,2960,0,1,230,0,0,0
TF,AM404,24.755833,118.231944,0, ,0.0,0.0,0.0,0.0,2,8860,0,0,0,0,0,0
TF,ATSAB,25.093333,118.618333,0, ,0.0,0.0,0.0,0.0,0,0,0,0,0,0,0,0
TF,ENVEN,25.341667,118.918333,0, ,0.0,0.0,0.0,0.0,0,0,0,0,0,0,0,0
TF,FQG,25.740000,119.385000,0, ,0.0,0.0,0.0,0.0,0,0,0,0,0,0,0,0

SID,FQG82D,23,5
CF,AM503,24.473056,118.027500,0,XLN,174.9,5.5,235.0,7.0,2,1480,0,0,0,0,0,1
DF,XLN,24.565000,118.015000,2, ,0.0,0.0,2,2960,0,1,230,0,0,0
TF,KADUG,24.748889,117.998333,0, ,0.0,0.0,0.0,0.0,2,4930,0,0,0,0,0,0
TF,LAMIM,25.204444,118.546944,0, ,0.0,0.0,0.0,0.0,2,12800,0,0,0,0,0,0
TF,ENVEN,25.341667,118.918333,0, ,0.0,0.0,0.0,0.0,0,0,0,0,0,0,0,0
TF,FQG,25.740000,119.385000,0, ,0.0,0.0,0.0,0.0,0,0,0,0,0,0,0,0

SID,FQG83D,23,5
CF,AM503,24.473056,118.027500,0,XLN,174.9,5.5,235.0,7.0,2,1480,0,0,0,0,0,1
CF,AM122,24.501111,118.186111,1,XMN,128.3,4.3,55.0,8.0,2,2960,0,1,200,0,0,0
TF,AM231,24.620833,118.348056,0, ,0.0,0.0,0.0,0.0,2,5910,0,0,0,0,0,0
TF,ATSAB,25.093333,118.618333,0, ,0.0,0.0,0.0,0.0,0,0,0,0,0,0,0,0
TF,ENVEN,25.341667,118.918333,0, ,0.0,0.0,0.0,0.0,0,0,0,0,0,0,0,0
TF,FQG,25.740000,119.385000,0, ,0.0,0.0,0.0,0.0,0,0,0,0,0,0,0,0

SID,FQG91D,05,5
CF,AM501,24.592333,118.195639,0,XLN,82.6,10.0,55.0,4.0,2,990,0,0,0,0,0,1
DF,AM301,24.770833,118.248611,1, ,0.0,0.0,2,3940,0,1,230,0,0,0
TF,AM305,24.939444,118.446389,0, ,0.0,0.0,0.0,0.0,2,8860,0,0,0,0,0,0
TF,ENVEN,25.341667,118.918333,0, ,0.0,0.0,0.0,0.0,0,0,0,0,0,0,0,0
TF,FQG,25.740000,119.385000,0, ,0.0,0.0,0.0,0.0,0,0,0,0,0,0,0,0

SID,FQG92D,05,5
CF,AM501,24.592333,118.195639,0,XLN,82.6,10.0,55.0,4.0,2,990,0,0,0,0,0,1
CF,AM124,24.449722,118.115000,2,XLN,143.5,8.8,235.0,9.0,2,2960,0,1,200,0,0,0
TF,XLN,24.565000,118.015000,0, ,0.0,0.0,0.0,0.0,0,0,0,0,0,0,0,0
TF,AMURI,24.700278,118.168611,0, ,0.0,0.0,0.0,0.0,2,8860,0,0,0,0,0,0
TF,AM301,24.770833,118.248611,0, ,0.0,0.0,0.0,0.0,0,0,0,0,0,0,0,0
TF,AM305,24.939444,118.446389,0, ,0.0,0.0,0.0,0.0,0,0,0,0,0,0,0,0
TF,ENVEN,25.341667,118.918333,0, ,0.0,0.0,0.0,0.0,0,0,0,0,0,0,0,0
TF,FQG,25.740000,119.385000,0, ,0.0,0.0,0.0,0.0,0,0,0,0,0,0,0,0

SID,FQG93D,05,5
CF,AM501,24.592333,118.195639,0,XLN,82.6,10.0,55.0,4.0,2,990,0,0,0,0,0,1
TF,AM303,24.957500,118.709444,0, ,0.0,0.0,0.0,0.0,0,0,0,0,0,0,0,0
TF,FQG,25.740000,119.385000,0, ,0.0,0.0,0.0,0.0,0,0,0,0,0,0,0,0

SID,LJG81D,23,5
CF,AM503,24.473056,118.027500,0,XLN,174.9,5.5,235.0,7.0,2,1480,0,0,0,0,0,1
DF,XLN,24.565000,118.015000,2, ,0.0,0.0,2,2960,0,1,230,0,0,0
TF,KADUG,24.748889,117.998333,0, ,0.0,0.0,0.0,0.0,2,4930,0,0,0,0,0,0
TF,LAMIM,25.204444,118.546944,0, ,0.0,0.0,0.0,0.0,2,12800,0,0,0,0,0,0
TF,LJG,26.220000,119.548333,0, ,0.0,0.0,0.0,0.0,0,0,0,0,0,0,0,0

SID,NUS01D,05,2
CD, ,0,0,0,XMN,0,0.0,55.0,4.8,2,990,0,0,0,0,0,0
DF,XLN,24.565000,118.015000,1, ,0.0,0.0,2,2960,0,1,230,0,0,0
TF,D225I,24.433936,118.013094,0, ,0.0,0.0,0.0,0.0,2,3940,0,0,0,0,0,0
TF,D225P,24.346608,117.925289,0, ,0.0,0.0,0.0,0.0,2,5250,0,0,0,0,0,0
TF,NUSPA,24.053333,117.631111,0, ,0.0,0.0,0.0,0.0,0,0,0,0,0,0,0,0

SID,NUS11D,23,2
CD, ,0,0,0,XMN,0,0.0,235.0,6.8,2,1480,0,0,0,0,0,0
DF,D225L,24.395814,117.974742,0, ,0.0,0.0,2,2630,0,1,230,0,0,0
TF,NUSPA,24.053333,117.631111,0, ,0.0,0.0,0.0,0.0,0,0,0,0,0,0,0,0

SID,NUS81D,23,5
CF,AM503,24.473056,118.027500,0,XLN,174.9,5.5,235.0,7.0,2,1480,0,0,0,0,0,1
TF,AM125,24.300000,117.895278,0, ,0.0,0.0,0.0,0.0,2,2960,0,1,230,0,0,0
TF,NUSPA,24.053333,117.631111,0, ,0.0,0.0,0.0,0.0,0,0,0,0,0,0,0,0

SID,NUS91D,05,5
CF,AM501,24.592333,118.195639,0,XLN,82.6,10.0,55.0,4.0,2,990,0,0,0,0,0,1
CF,AM124,24.449722,118.115000,2,XMN,186.7,5.6,235.0,9.0,2,2960,0,1,200,0,0,0
TF,AM121,24.354167,117.980556,0, ,0.0,0.0,0.0,0.0,2,5910,0,0,0,0,0,0
TF,AM125,24.300000,117.895278,0, ,0.0,0.0,0.0,0.0,0,0,0,0,0,0,0,0
TF,NUSPA,24.053333,117.631111,0, ,0.0,0.0,0.0,0.0,0,0,0,0,0,0,0,0

SID,NUS92D,05,5
CF,AM501,24.592333,118.195639,0,XMN,55.5,4.9,55.0,4.0,2,990,0,0,0,0,0,1
DF,XLN,24.565000,118.015000,1, ,0.0,0.0,2,2960,0,1,230,0,0,0
TF,AM121,24.354167,117.980556,0, ,0.0,0.0,0.0,0.0,2,5910,0,0,0,0,0,0
TF,AM125,24.300000,117.895278,0, ,0.0,0.0,0.0,0.0,0,0,0,0,0,0,0,0
TF,NUSPA,24.053333,117.631111,0, ,0.0,0.0,0.0,0.0,0,0,0,0,0,0,0,0

SID,TEB01D,05,2
CD, ,0,0,0,XMN,0,0.0,55.0,4.8,2,990,0,0,0,0,0,0
DF,XLN,24.565000,118.015000,1, ,0.0,0.0,2,2960,0,1,230,0,0,0
TF,XLN34,24.178589,117.549861,0, ,0.0,0.0,0.0,0.0,2,7880,0,0,0,0,0,0
TF,TEBON,24.138056,117.501111,0, ,0.0,0.0,0.0,0.0,0,0,0,0,0,0,0,0

SID,TEB11D,23,2
CD, ,0,0,0,XMN,0,0.0,235.0,6.8,2,1480,0,0,0,0,0,0
DF,D231I,24.469653,117.899803,0, ,0.0,0.0,2,2960,0,1,230,0,0,0
TF,XLN34,24.178589,117.549861,0, ,0.0,0.0,0.0,0.0,2,7880,0,0,0,0,0,0
TF,TEBON,24.138056,117.501111,0, ,0.0,0.0,0.0,0.0,0,0,0,0,0,0,0,0

SID,TEB81D,23,5
CF,AM503,24.473056,118.027500,0,XLN,174.9,5.5,235.0,7.0,2,1480,0,0,0,0,0,1
TF,AM406,24.397778,117.812500,0, ,0.0,0.0,0.0,0.0,2,2960,0,1,230,0,0,0
TF,AM401,24.179444,117.550556,0, ,0.0,0.0,0.0,0.0,2,7880,0,0,0,0,0,0
TF,TEBON,24.138056,117.501111,0, ,0.0,0.0,0.0,0.0,0,0,0,0,0,0,0,0

SID,TEB91D,05,5
CF,AM501,24.592333,118.195639,0,XLN,82.6,10.0,55.0,4.0,2,990,0,0,0,0,0,1
DF,XLN,24.565000,118.015000,1, ,0.0,0.0,2,2960,0,1,230,0,0,0
TF,AM401,24.179444,117.550556,0, ,0.0,0.0,0.0,0.0,2,7880,0,0,0,0,0,0
TF,TEBON,24.138056,117.501111,0, ,0.0,0.0,0.0,0.0,0,0,0,0,0,0,0,0

STAR,APA01A,05,2
IF,APAKA,23.863889,118.444444, ,0.0,0.0,0,0,0,0,0,0,0,0
TF,ALADU,24.321389,118.011111,0, ,0.0,0.0,0.0,0.0,0,0,0,0,0,0,0,0
TF,XLN,24.565000,118.015000,0, ,0.0,0.0,0.0,0.0,2,4930,0,1,205,0,0,0

STAR,APA11A,23,2
IF,APAKA,23.863889,118.444444, ,0.0,0.0,0,0,0,0,0,0,0,0
TF,ALADU,24.321389,118.011111,0, ,0.0,0.0,0.0,0.0,2,7880,0,0,0,0,0,0
TF,XLN,24.565000,118.015000,0, ,0.0,0.0,0.0,0.0,2,4930,0,1,205,0,0,0

STAR,APA81A,23,5
IF,APAKA,23.863889,118.444444, ,0.0,0.0,2,17700,0,0,0,0,0,0
TF,AM502,24.157500,118.166667,0, ,0.0,0.0,0.0,0.0,0,0,0,0,0,0,0,0
TF,AM121,24.354167,117.980556,0, ,0.0,0.0,0.0,0.0,2,5910,0,0,0,0,0,0
TF,AM122,24.501111,118.186111,2, ,0.0,0.0,0.0,0.0,2,4930,0,1,210,0,0,0

STAR,APA91A,05,5
IF,APAKA,23.863889,118.444444, ,0.0,0.0,2,17700,0,0,0,0,0,0
TF,AM502,24.157500,118.166667,0, ,0.0,0.0,0.0,0.0,2,6890,0,1,210,0,0,0

STAR,DAB15A,23,2
IF,DABER,24.142778,116.862222, ,0.0,0.0,0,0,0,0,0,0,0,0
TF,XLN,24.565000,118.015000,0, ,0.0,0.0,0.0,0.0,2,4930,0,1,205,0,0,0

STAR,DAB85A,23,5
IF,DABER,24.142778,116.862222, ,0.0,0.0,0,0,0,0,0,0,0,0
TF,XLN,24.565000,118.015000,0, ,0.0,0.0,0.0,0.0,2,4930,0,0,0,0,0,0
TF,AM211,24.755556,118.233889,0, ,0.0,0.0,0.0,0.0,2,4930,0,1,210,0,0,0

STAR,FQG01A,05,2
IF,FQG,25.740000,119.385000, ,0.0,0.0,0,0,0,0,0,0,0,0
TF,XLN,24.565000,118.015000,0, ,0.0,0.0,0.0,0.0,2,4930,0,1,205,0,0,0

STAR,FQG11A,23,2
IF,FQG,25.740000,119.385000, ,0.0,0.0,0,0,0,0,0,0,0,0
TF,D050Y,24.848333,118.348333,0, ,0.0,0.0,0.0,0.0,2,4930,0,1,205,0,0,0

STAR,FQG81A,23,5
IF,FQG,25.740000,119.385000, ,0.0,0.0,0,0,0,0,0,0,0,0
TF,ATSAB,25.093333,118.618333,0, ,0.0,0.0,0.0,0.0,0,0,0,0,0,0,0,0
TF,AM407,24.865000,118.356111,0, ,0.0,0.0,0.0,0.0,2,4930,0,0,0,0,0,0
TF,AM211,24.755556,118.233889,0, ,0.0,0.0,0.0,0.0,2,4930,0,1,210,0,0,0

STAR,FQG82A,23,5
IF,FQG,25.740000,119.385000, ,0.0,0.0,0,0,0,0,0,0,0,0
TF,ATSAB,25.093333,118.618333,0, ,0.0,0.0,0.0,0.0,0,0,0,0,0,0,0,0
TF,AM222,24.873889,118.591111,0, ,0.0,0.0,0.0,0.0,2,6890,0,0,0,0,0,0
TF,AM221,24.721944,118.377222,0, ,0.0,0.0,0.0,0.0,2,3940,0,1,210,0,0,0

STAR,FQG83A,23,5
IF,FQG,25.740000,119.385000, ,0.0,0.0,0,0,0,0,0,0,0,0
TF,AM303,24.957500,118.709444,0, ,0.0,0.0,0.0,0.0,0,0,0,0,0,0,0,0
TF,AM222,24.873889,118.591111,0, ,0.0,0.0,0.0,0.0,2,6890,0,0,0,0,0,0
TF,AM221,24.721944,118.377222,0, ,0.0,0.0,0.0,0.0,2,3940,0,1,210,0,0,0

STAR,FQG91A,05,5
IF,FQG,25.740000,119.385000, ,0.0,0.0,0,0,0,0,0,0,0,0
TF,ENVEN,25.341667,118.918333,0, ,0.0,0.0,0.0,0.0,0,0,0,0,0,0,0,0
TF,AM407,24.865000,118.356111,0, ,0.0,0.0,0.0,0.0,0,0,0,0,0,0,0,0
TF,XLN,24.565000,118.015000,0, ,0.0,0.0,0.0,0.0,2,4930,0,1,210,0,0,0

STAR,FQG92A,05,5
IF,FQG,25.740000,119.385000, ,0.0,0.0,0,0,0,0,0,0,0,0
TF,ENVEN,25.341667,118.918333,0, ,0.0,0.0,0.0,0.0,0,0,0,0,0,0,0,0
TF,AM407,24.865000,118.356111,0, ,0.0,0.0,0.0,0.0,0,0,0,0,0,0,0,0
TF,AM122,24.501111,118.186111,0, ,0.0,0.0,0.0,0.0,2,5910,0,1,210,0,0,0

STAR,FQG93A,05,5
IF,FQG,25.740000,119.385000, ,0.0,0.0,0,0,0,0,0,0,0,0
TF,ENVEN,25.341667,118.918333,0, ,0.0,0.0,0.0,0.0,0,0,0,0,0,0,0,0
TF,LAMIM,25.204444,118.546944,0, ,0.0,0.0,0.0,0.0,0,0,0,0,0,0,0,0
TF,AM123,25.162222,118.495833,0, ,0.0,0.0,0.0,0.0,0,0,0,0,0,0,0,0
TF,KADUG,24.748889,117.998333,0, ,0.0,0.0,0.0,0.0,2,5910,0,0,0,0,0,0
TF,XLN,24.565000,118.015000,0, ,0.0,0.0,0.0,0.0,2,4930,0,1,210,0,0,0

STAR,LJG91A,05,5
IF,LJG,26.220000,119.548333, ,0.0,0.0,0,0,0,0,0,0,0,0
TF,LAMIM,25.204444,118.546944,0, ,0.0,0.0,0.0,0.0,0,0,0,0,0,0,0,0
TF,AM123,25.162222,118.495833,0, ,0.0,0.0,0.0,0.0,0,0,0,0,0,0,0,0
TF,KADUG,24.748889,117.998333,0, ,0.0,0.0,0.0,0.0,2,5910,0,0,0,0,0,0
TF,XLN,24.565000,118.015000,0, ,0.0,0.0,0.0,0.0,2,4930,0,1,210,0,0,0

STAR,LJG92A,05,5
IF,LJG,26.220000,119.548333, ,0.0,0.0,0,0,0,0,0,0,0,0
TF,LAMIM,25.204444,118.546944,0, ,0.0,0.0,0.0,0.0,0,0,0,0,0,0,0,0
TF,AM123,25.162222,118.495833,0, ,0.0,0.0,0.0,0.0,0,0,0,0,0,0,0,0
TF,AM407,24.865000,118.356111,0, ,0.0,0.0,0.0,0.0,0,0,0,0,0,0,0,0
TF,AM122,24.501111,118.186111,0, ,0.0,0.0,0.0,0.0,2,5910,0,1,210,0,0,0

STAR,TEB01A,05,2
IF,TEBON,24.138056,117.501111, ,0.0,0.0,0,0,0,0,0,0,0,0
TF,D231O,24.400314,117.808303,0, ,0.0,0.0,0.0,0.0,2,4930,0,1,205,0,0,0

STAR,TEB11A,23,2
IF,TEBON,24.138056,117.501111, ,0.0,0.0,0,0,0,0,0,0,0,0
TF,XLN,24.565000,118.015000,0, ,0.0,0.0,0.0,0.0,2,4930,0,1,205,0,0,0

STAR,TEB81A,23,5
IF,TEBON,24.138056,117.501111, ,0.0,0.0,0,0,0,0,0,0,0,0
TF,XLN,24.565000,118.015000,0, ,0.0,0.0,0.0,0.0,2,4930,0,0,0,0,0,0
TF,AM211,24.755556,118.233889,0, ,0.0,0.0,0.0,0.0,2,4930,0,1,210,0,0,0

STAR,TEB82A,23,5
IF,TEBON,24.138056,117.501111, ,0.0,0.0,0,0,0,0,0,0,0,0
TF,NUSPA,24.053333,117.631111,0, ,0.0,0.0,0.0,0.0,0,0,0,0,0,0,0,0
TF,AM125,24.300000,117.895278,0, ,0.0,0.0,0.0,0.0,0,0,0,0,0,0,0,0
TF,AM121,24.354167,117.980556,0, ,0.0,0.0,0.0,0.0,2,5910,0,0,0,0,0,0
TF,AM122,24.501111,118.186111,0, ,0.0,0.0,0.0,0.0,2,4930,0,1,210,0,0,0

STAR,TEB91A,05,5
IF,TEBON,24.138056,117.501111, ,0.0,0.0,0,0,0,0,0,0,0,0
TF,AM406,24.397778,117.812500,0, ,0.0,0.0,0.0,0.0,2,4930,0,1,210,0,0,0

APPTR,D05,05,D231O
IF,D231O,24.400314,117.808303, ,0.0,0.0,2,4930,0,1,205,0,1,0
CF,CD05,24.426986,117.977236,0,XMN,231.0,10.6,81.0,9.4,2,2630,0,0,0,0,1,0

APPTR,D05,05,XLN
IF,XLN,24.565000,118.015000, ,0.0,0.0,2,4930,0,1,205,0,1,0
FD,XLN,24.565000,118.015000,0,XLN,0.0,7.3,231.0,7.3,2,2960,0,0,0,0,0,0
CF,CD05,24.426986,117.977236,1,XMN,231.0,10.6,51.0,1.0,2,2630,0,0,0,0,1,0

FINAL,D05,05,D,4
IF,CD05,24.426986,117.977236,XMN,231.0,10.6,2,2630,0,0,0,0,0,0
CF,FD05,24.459928,118.018558,0,XMN,231.0,7.6,51.0,3.0,2,2300,0,0,0,0,2,0
CF,45VOR,24.493956,118.061278,0,XMN,231.0,4.5,51.0,3.1,2,1320,0,0,0,0,0,0
CF,MD05,24.526878,118.102642,0,XMN,231.0,1.5,51.0,3.0,1,385,0,0,0,0,3,0
FA,MD05,24.526878,118.102642,0,XMN,0.0,0.0,51.0,2,1320,0,0,0,0,0,0
DF,XLN,24.565000,118.015000,1, ,0.0,0.0,1,3940,0,1,200,0,0,0
HM,XLN,24.565000,118.015000,1, ,0.0,0.0,230.0,04.3,2,5910,0,1,230,0,0,0,0

APPTR,D23,23,D050Y
IF,D050Y,24.848333,118.348333, ,0.0,0.0,2,4930,0,1,205,0,1,0
CF,D056N,24.676856,118.324661,0,XMN,56.0,13.6,187.0,10.0,2,3290,0,0,0,0,0,1
CF,CD23,24.655222,118.312058,2,XMN,59.0,12.3,239.0,1.5,2,2960,0,0,0,0,1,0

APPTR,D23,23,XLN
IF,XLN,24.565000,118.015000, ,0.0,0.0,2,4930,0,1,205,0,1,0
FD,XLN,24.565000,118.015000,0,XLN,0.0,14.4,50.0,14.4,0,0,0,0,0,0,0,0
DF,D033N,24.728161,118.244956,2, ,0.0,0.0,2,3940,0,0,0,0,0,0
TF,D049N,24.701719,118.309386,0, ,0.0,0.0,0.0,0.0,0,0,0,0,0,0,0,1
DF,D056N,24.676856,118.324661,2, ,0.0,0.0,2,3290,0,0,0,0,0,1
CF,CD23,24.655222,118.312058,0,XMN,59.0,12.3,239.0,1.5,2,2960,0,0,0,0,1,0

FINAL,D23,23,D,4
IF,CD23,24.655222,118.312058,XMN,59.0,12.3,2,2960,0,0,0,0,0,0
CF,FD23,24.625225,118.261392,0,XMN,59.0,9.0,239.0,3.3,2,2630,0,0,0,0,2,0
CF,39VOR,24.578836,118.183136,0,XMN,59.0,3.9,239.0,5.1,2,1020,0,0,0,0,0,0
CF,MD23,24.559722,118.150931,0,XMN,59.0,1.8,239.0,2.1,1,330,0,0,0,0,3,0
FD,MD23,24.559722,118.150931,0,XMN,59.0,7.2,239.0,7.2,2,1480,0,0,0,0,0,0
DF,XLN,24.565000,118.015000,2, ,0.0,0.0,1,2960,0,1,200,0,0,0
HM,XLN,24.565000,118.015000,2, ,0.0,0.0,51.0,04.3,2,5910,0,1,230,0,0,0,0

APPTR,I05-Y,05,D231O
IF,D231O,24.400314,117.808303, ,0.0,0.0,2,4930,0,1,205,0,1,0
CF,CI05Y,24.434003,117.974153,0,IWF,233.9,11.7,78.0,9.3,2,2630,0,0,0,0,1,0

APPTR,I05-Y,05,XLN
IF,XLN,24.565000,118.015000, ,0.0,0.0,2,4930,0,1,205,0,1,0
FD,XLN,24.565000,118.015000,0,XLN,0.0,7.3,231.0,7.3,2,2960,0,0,0,0,0,0
CF,CI05Y,24.434003,117.974153,1,IWF,233.9,11.7,55.0,1.0,2,2630,0,0,0,0,1,0

FINAL,I05-Y,05,I,3
IF,CI05Y,24.434003,117.974153,IWF,233.9,11.7,2,2630,0,0,0,0,0,0
CF,FF05,24.464972,118.017258,0,IWF,233.9,8.7,55.0,3.0,1,2300,0,0,0,0,2,0
CF,RW05,24.535514,118.115586,0,IWF,233.9,1.9,55.0,6.8,1,106,0,0,0,0,3,0
FA,RW05,24.535514,118.115586,0,XMN,0.0,0.0,55.0,2,1320,0,0,0,0,0,0
DF,XLN,24.565000,118.015000,1, ,0.0,0.0,1,3940,0,1,200,0,0,0
HM,XLN,24.565000,118.015000,1, ,0.0,0.0,230.0,04.3,2,5910,0,1,230,0,0,0,0

APPTR,I05-Z,05,AM122
IF,AM122,24.501111,118.186111, ,0.0,0.0,2,5910,0,1,210,0,1,0
TF,AM121,24.354167,117.980556,0, ,0.0,0.0,0.0,0.0,2,3610,0,0,0,0,0,0
TF,AM103,24.407500,117.935556,2,IWF,0.0,0.0,0.0,0.0,2,2630,0,0,0,0,1,0

APPTR,I05-Z,05,AM406
IF,AM406,24.397778,117.812500, ,0.0,0.0,2,4930,0,1,210,0,1,0
TF,AM103,24.407500,117.935556,0,IWF,0.0,0.0,0.0,0.0,2,2630,0,0,0,0,1,0

APPTR,I05-Z,05,AM502
IF,AM502,24.157500,118.166667, ,0.0,0.0,2,6890,0,1,210,0,1,0
TF,AM121,24.354167,117.980556,0, ,0.0,0.0,0.0,0.0,2,3610,0,0,0,0,0,0
TF,AM103,24.407500,117.935556,0,IWF,0.0,0.0,0.0,0.0,2,2630,0,0,0,0,1,0

APPTR,I05-Z,05,XLN
IF,XLN,24.565000,118.015000, ,0.0,0.0,2,4930,0,1,210,0,1,0
TF,AM111,24.461667,117.889444,0, ,0.0,0.0,0.0,0.0,2,2960,0,0,0,0,0,0
TF,AM103,24.407500,117.935556,0,IWF,0.0,0.0,0.0,0.0,2,2630,0,0,0,0,1,0

FINAL,I05-Z,05,I,3
IF,AM103,24.407500,117.935556,IWF,234.2,14.3,2,2630,0,0,0,0,0,0
CF,FF05,24.464972,118.017258,0,IWF,233.9,8.7,55.0,5.6,1,2300,0,0,0,0,2,0
CF,RW05,24.535514,118.115586,0,IWF,233.9,1.9,55.0,6.8,1,106,0,0,0,0,3,0
FA,RW05,24.535514,118.115586,0,XMN,0.0,0.0,55.0,2,1320,0,0,0,0,0,0
DF,XLN,24.565000,118.015000,1, ,0.0,0.0,1,3940,0,1,200,0,0,0
HM,XLN,24.565000,118.015000,1, ,0.0,0.0,230.0,04.3,2,5910,0,1,230,0,0,0,0

APPTR,I23-Y,23,D050Y
IF,D050Y,24.848333,118.348333, ,0.0,0.0,2,4930,0,1,205,0,1,0
CF,D053N,24.685258,118.315322,0,XMN,53.0,13.5,190.0,9.6,2,3290,0,0,0,0,0,1
CF,CI23Y,24.669836,118.304597,2,IKK,54.1,13.2,235.0,1.5,2,2960,0,0,0,0,1,0

APPTR,I23-Y,23,XLN
IF,XLN,24.565000,118.015000, ,0.0,0.0,2,4930,0,1,205,0,1,0
FD,XLN,24.565000,118.015000,0,XLN,0.0,14.7,50.0,14.7,0,0,0,0,0,0,0,0
DF,D033M,24.731028,118.246844,2, ,0.0,0.0,2,3940,0,0,0,0,0,0
TF,D045N,24.713203,118.296847,0, ,0.0,0.0,0.0,0.0,0,0,0,0,0,0,0,1
DF,D053N,24.685258,118.315322,2, ,0.0,0.0,2,3290,0,0,0,0,0,1
CF,CI23Y,24.669836,118.304597,0,IKK,54.1,13.2,235.0,1.5,2,2960,0,0,0,0,1,0

FINAL,I23-Y,23,I,3
IF,CI23Y,24.669836,118.304597,IKK,54.1,13.2,2,2960,0,0,0,0,0,0
CF,FF23,24.636008,118.256900,0,IKK,54.1,9.9,235.0,3.3,1,2630,0,0,0,0,2,0
CF,RW23,24.552494,118.139342,0,IKK,54.1,1.8,235.0,8.1,1,85,0,0,0,0,3,0
FD,RW23,24.552494,118.139342,0,XMN,60.0,7.2,235.0,7.2,2,1480,0,0,0,0,0,0
DF,XLN,24.565000,118.015000,2, ,0.0,0.0,1,2960,0,1,200,0,0,0
HM,XLN,24.565000,118.015000,2, ,0.0,0.0,51.0,04.3,2,5910,0,1,230,0,0,0,0

APPTR,I23-Z,23,AM122
IF,AM122,24.501111,118.186111, ,0.0,0.0,2,4930,0,1,210,0,1,0
TF,AM231,24.620833,118.348056,0, ,0.0,0.0,0.0,0.0,2,2960,0,0,0,0,0,0
TF,AM203,24.670278,118.306111,0,IKK,0.0,0.0,0.0,0.0,2,2960,0,0,0,0,1,0

APPTR,I23-Z,23,AM211
IF,AM211,24.755556,118.233889, ,0.0,0.0,2,4930,0,1,210,0,1,0
TF,AM203,24.670278,118.306111,0,IKK,0.0,0.0,0.0,0.0,2,2960,0,0,0,0,1,0

APPTR,I23-Z,23,AM221
IF,AM221,24.721944,118.377222, ,0.0,0.0,2,3940,0,1,210,0,1,0
TF,AM203,24.670278,118.306111,0,IKK,0.0,0.0,0.0,0.0,2,2960,0,0,0,0,1,0

FINAL,I23-Z,23,I,3
IF,AM203,24.670278,118.306111,IKK,54.3,13.3,2,2960,0,0,0,0,0,0
CF,FF23,24.636008,118.256900,0,IKK,54.1,9.9,235.0,3.4,1,2630,0,0,0,0,2,0
CF,RW23,24.552494,118.139342,0,IKK,54.1,1.8,235.0,8.1,1,85,0,0,0,0,3,0
FD,RW23,24.552494,118.139342,0,XMN,60.0,7.2,235.0,7.2,2,1480,0,0,0,0,0,0
DF,XLN,24.565000,118.015000,2, ,0.0,0.0,1,2960,0,1,200,0,0,0
HM,XLN,24.565000,118.015000,2, ,0.0,0.0,51.0,04.3,0,0,0,1,230,0,0,0,0

