SID,ANI01D,03,2
CF,CN301,29.001667,115.969167,0,NCH,26.2,7.5,26.0,8.0,2,1650,0,0,0,0,0,1
CF,NCH,28.886411,115.913053,1,NCH,0.0,0.0,166.0,8.0,2,4930,0,1,230,0,0,0
TF,D213Q,28.641300,115.750092,0, ,0.0,0.0,0.0,0.0,2,12800,0,0,0,0,0,0
TF,PULES,28.384444,115.580278,0, ,0.0,0.0,0.0,0.0,4,13800,12800,0,0,0,0,0
TF,ANISA,28.300556,114.993611,0, ,0.0,0.0,0.0,0.0,0,0,0,0,0,0,0,0

SID,ANI11D,21,2
CF,CN102,28.748083,115.846000,0,NCH,206.1,9.0,206.0,7.0,2,2300,0,0,0,0,0,1
CF,D230P,28.708528,115.699328,0,NCH,229.7,15.5,264.0,7.0,0,0,0,1,230,0,0,0
TF,D230U,28.646711,115.624786,0, ,0.0,0.0,0.0,0.0,2,5910,0,0,0,0,0,0
TF,MUDIB,28.459444,115.401944,0, ,0.0,0.0,0.0,0.0,2,11500,0,0,0,0,0,0
TF,LEPMI,28.341667,115.270278,0, ,0.0,0.0,0.0,0.0,0,0,0,0,0,0,0,0
TF,ANISA,28.300556,114.993611,0, ,0.0,0.0,0.0,0.0,0,0,0,0,0,0,0,0

SID,ANI81D,21,5
CF,CN102,28.748083,115.846000,0,NCH,206.1,9.0,206.0,7.0,2,2300,0,0,0,0,0,0
TF,ANONU,28.653056,115.618889,0, ,0.0,0.0,0.0,0.0,2,5910,0,0,0,0,0,0
TF,MUDIB,28.459444,115.401944,0, ,0.0,0.0,0.0,0.0,2,11500,0,0,0,0,0,0
TF,LEPMI,28.341667,115.270278,0, ,0.0,0.0,0.0,0.0,0,0,0,0,0,0,0,0
TF,ANISA,28.300556,114.993611,0, ,0.0,0.0,0.0,0.0,0,0,0,0,0,0,0,0

SID,ANI91D,03,5
CF,CN301,29.001667,115.969167,0,NCH,26.2,7.5,26.0,8.0,2,1650,0,0,0,0,0,1
CF,CN304,28.956111,115.855833,1,NCH,327.2,5.2,206.0,5.0,2,3940,0,1,210,0,0,0
TF,CN104,28.624167,115.695278,0, ,0.0,0.0,0.0,0.0,0,0,0,0,0,0,0,0
TF,PULES,28.384444,115.580278,0, ,0.0,0.0,0.0,0.0,4,13800,12800,0,0,0,0,0
TF,ANISA,28.300556,114.993611,0, ,0.0,0.0,0.0,0.0,0,0,0,0,0,0,0,0

SID,ANI92D,03,5
CF,CN301,29.001667,115.969167,0,NCH,26.2,7.5,26.0,8.0,2,1650,0,0,0,0,0,1
CF,CN302,28.851111,116.007500,2,NCH,116.0,5.4,206.0,8.0,2,3940,0,1,230,0,0,0
TF,CN303,28.712500,115.940000,0, ,0.0,0.0,0.0,0.0,0,0,0,0,0,0,0,0
TF,PULES,28.384444,115.580278,0, ,0.0,0.0,0.0,0.0,4,13800,12800,0,0,0,0,0
TF,ANISA,28.300556,114.993611,0, ,0.0,0.0,0.0,0.0,0,0,0,0,0,0,0,0

SID,LAP01D,03,2
CF,CN301,29.001667,115.969167,0,NCH,26.2,7.5,26.0,8.0,2,1650,0,0,0,0,0,0
TF,PUGIN,29.213056,116.072500,0, ,0.0,0.0,0.0,0.0,2,3940,0,0,0,0,0,0
TF,CN208,29.301389,115.836667,0, ,0.0,0.0,0.0,0.0,2,11800,0,1,230,0,0,0
TF,PEXEK,29.333333,115.751667,0, ,0.0,0.0,0.0,0.0,0,0,0,0,0,0,0,0
TF,LAPEN,29.596389,115.636667,0, ,0.0,0.0,0.0,0.0,0,0,0,0,0,0,0,0

SID,LAP11D,21,2
CF,CN102,28.748083,115.846000,0,NCH,206.1,9.0,206.0,7.0,2,2300,0,0,0,0,0,1
CF,NCH,28.886411,115.913053,2,NCH,0.0,0.0,60.0,9.0,2,4930,0,1,230,0,0,0
TF,EMRAL,29.100000,115.833333,0, ,0.0,0.0,0.0,0.0,0,0,0,0,0,0,0,0
TF,CN113,29.216389,115.792778,0, ,0.0,0.0,0.0,0.0,2,11800,0,0,0,0,0,0
TF,PEXEK,29.333333,115.751667,0, ,0.0,0.0,0.0,0.0,0,0,0,0,0,0,0,0
TF,LAPEN,29.596389,115.636667,0, ,0.0,0.0,0.0,0.0,0,0,0,0,0,0,0,0

SID,LAP81D,21,5
CF,CN102,28.748083,115.846000,0,NCH,206.1,9.0,206.0,7.0,2,2300,0,0,0,0,0,0
TF,CN401,28.805556,115.691944,2, ,0.0,0.0,0.0,0.0,2,4930,0,1,230,0,0,0
TF,EMRAL,29.100000,115.833333,0, ,0.0,0.0,0.0,0.0,0,0,0,0,0,0,0,0
TF,CN113,29.216389,115.792778,0, ,0.0,0.0,0.0,0.0,2,11800,0,0,0,0,0,0
TF,PEXEK,29.333333,115.751667,0, ,0.0,0.0,0.0,0.0,0,0,0,0,0,0,0,0
TF,LAPEN,29.596389,115.636667,0, ,0.0,0.0,0.0,0.0,0,0,0,0,0,0,0,0

SID,LAP91D,03,5
CF,PUGIN,29.213056,116.072500,0,NCH,26.2,21.3,26.0,22.0,2,6890,0,0,0,0,0,0
TF,CN208,29.301389,115.836667,0, ,0.0,0.0,0.0,0.0,2,11800,0,0,0,0,0,0
TF,PEXEK,29.333333,115.751667,0, ,0.0,0.0,0.0,0.0,0,0,0,0,0,0,0,0
TF,LAPEN,29.596389,115.636667,0, ,0.0,0.0,0.0,0.0,0,0,0,0,0,0,0,0

SID,OSO01D,03,2
CF,CN301,29.001667,115.969167,0,NCH,26.2,7.5,26.0,8.0,2,1650,0,0,0,0,0,1
CF,NCH,28.886411,115.913053,1,NCH,0.0,0.0,166.0,8.0,2,4930,0,1,230,0,0,0
TF,D213Q,28.641300,115.750092,0, ,0.0,0.0,0.0,0.0,2,12800,0,0,0,0,0,0
TF,PULES,28.384444,115.580278,0, ,0.0,0.0,0.0,0.0,4,13800,12800,0,0,0,0,0
TF,RUNEK,27.961944,115.733889,0, ,0.0,0.0,0.0,0.0,0,0,0,0,0,0,0,0
TF,OSONO,27.764444,115.654722,0, ,0.0,0.0,0.0,0.0,4,13800,12800,0,0,0,0,0

SID,OSO11D,21,2
CF,CN102,28.748083,115.846000,0,NCH,206.1,9.0,206.0,7.0,2,2300,0,0,0,0,0,1
CF,D230P,28.708528,115.699328,0,NCH,229.7,15.5,264.0,7.0,0,0,0,1,230,0,0,0
TF,D230U,28.646711,115.624786,0, ,0.0,0.0,0.0,0.0,2,5910,0,0,0,0,0,0
TF,MUDIB,28.459444,115.401944,0, ,0.0,0.0,0.0,0.0,2,11500,0,0,0,0,0,0
TF,CN108,28.365278,115.436389,0, ,0.0,0.0,0.0,0.0,4,13800,12800,0,0,0,0,0
TF,OSONO,27.764444,115.654722,0, ,0.0,0.0,0.0,0.0,4,13800,12800,0,0,0,0,0

SID,OSO81D,21,5
CF,CN102,28.748083,115.846000,0,NCH,206.1,9.0,206.0,7.0,2,2300,0,0,0,0,0,0
TF,ANONU,28.653056,115.618889,0, ,0.0,0.0,0.0,0.0,2,5910,0,0,0,0,0,0
TF,MUDIB,28.459444,115.401944,0, ,0.0,0.0,0.0,0.0,2,11500,0,0,0,0,0,0
TF,CN108,28.365278,115.436389,0, ,0.0,0.0,0.0,0.0,4,13800,12800,0,0,0,0,0
TF,OSONO,27.764444,115.654722,0, ,0.0,0.0,0.0,0.0,4,13800,12800,0,0,0,0,0

SID,OSO82D,21,5
CF,CN102,28.748083,115.846000,0,NCH,206.1,9.0,206.0,7.0,2,2300,0,0,0,0,0,0
TF,ANONU,28.653056,115.618889,0, ,0.0,0.0,0.0,0.0,2,5910,0,0,0,0,0,0
TF,MUDIB,28.459444,115.401944,0, ,0.0,0.0,0.0,0.0,0,0,0,0,0,0,0,0
TF,CN108,28.365278,115.436389,0, ,0.0,0.0,0.0,0.0,0,0,0,0,0,0,0,0
TF,OSONO,27.764444,115.654722,0, ,0.0,0.0,0.0,0.0,0,0,0,0,0,0,0,0

SID,OSO91D,03,5
CF,CN301,29.001667,115.969167,0,NCH,26.2,7.5,26.0,8.0,2,1650,0,0,0,0,0,1
CF,CN304,28.956111,115.855833,1,NCH,327.2,5.2,206.0,5.0,2,3940,0,1,210,0,0,0
TF,CN104,28.624167,115.695278,0, ,0.0,0.0,0.0,0.0,0,0,0,0,0,0,0,0
TF,PULES,28.384444,115.580278,0, ,0.0,0.0,0.0,0.0,4,13800,12800,0,0,0,0,0
TF,RUNEK,27.961944,115.733889,0, ,0.0,0.0,0.0,0.0,0,0,0,0,0,0,0,0
TF,OSONO,27.764444,115.654722,0, ,0.0,0.0,0.0,0.0,4,13800,12800,0,0,0,0,0

SID,OSO92D,03,5
CF,CN301,29.001667,115.969167,0,NCH,26.2,7.5,26.0,8.0,2,1650,0,0,0,0,0,1
CF,CN302,28.851111,116.007500,2,NCH,116.0,5.4,206.0,8.0,2,3940,0,1,230,0,0,0
TF,CN303,28.712500,115.940000,0, ,0.0,0.0,0.0,0.0,0,0,0,0,0,0,0,0
TF,PULES,28.384444,115.580278,0, ,0.0,0.0,0.0,0.0,4,13800,12800,0,0,0,0,0
TF,RUNEK,27.961944,115.733889,0, ,0.0,0.0,0.0,0.0,0,0,0,0,0,0,0,0
TF,OSONO,27.764444,115.654722,0, ,0.0,0.0,0.0,0.0,4,13800,12800,0,0,0,0,0

SID,OSO93D,03,5
CF,CN301,29.001667,115.969167,0,NCH,26.2,7.5,26.0,8.0,2,1650,0,0,0,0,0,1
CF,CN304,28.956111,115.855833,1,NCH,327.2,5.2,206.0,5.0,2,3940,0,1,210,0,0,0
TF,CN104,28.624167,115.695278,0, ,0.0,0.0,0.0,0.0,0,0,0,0,0,0,0,0
TF,PULES,28.384444,115.580278,0, ,0.0,0.0,0.0,0.0,0,0,0,0,0,0,0,0
TF,RUNEK,27.961944,115.733889,0, ,0.0,0.0,0.0,0.0,0,0,0,0,0,0,0,0
TF,OSONO,27.764444,115.654722,0, ,0.0,0.0,0.0,0.0,0,0,0,0,0,0,0,0

STAR,ANI01A,03,2
IF,ANISA,28.300556,114.993611, ,0.0,0.0,0,0,0,0,0,0,0,0
TF,LEPMI,28.341667,115.270278,0, ,0.0,0.0,0.0,0.0,0,0,0,0,0,0,0,0
TF,MUDIB,28.459444,115.401944,0, ,0.0,0.0,0.0,0.0,2,11490,0,0,0,0,0,0
TF,D230Z,28.584383,115.550836,0, ,0.0,0.0,0.0,0.0,2,7880,0,0,0,0,0,0
TF,D230U,28.646711,115.624786,0, ,0.0,0.0,0.0,0.0,2,5910,0,1,205,0,0,0

STAR,ANI11A,21,2
IF,ANISA,28.300556,114.993611, ,0.0,0.0,0,0,0,0,0,0,0,0
TF,PULES,28.384444,115.580278,0, ,0.0,0.0,0.0,0.0,4,13800,12800,0,0,0,0,0
TF,D213Q,28.641300,115.750092,0, ,0.0,0.0,0.0,0.0,2,12800,0,0,0,0,0,0
TF,NCH,28.886411,115.913053,0, ,0.0,0.0,0.0,0.0,2,6890,0,1,205,0,0,0

STAR,ANI81A,21,5
IF,ANISA,28.300556,114.993611, ,0.0,0.0,0,0,0,0,0,0,0,0
TF,PULES,28.384444,115.580278,0, ,0.0,0.0,0.0,0.0,4,13800,12800,0,0,0,0,0
TF,CN212,28.472500,115.622500,0, ,0.0,0.0,0.0,0.0,2,11800,0,0,0,0,0,0
TF,CN211,28.879722,115.818889,0, ,0.0,0.0,0.0,0.0,2,9850,0,0,0,0,0,0
TF,CN210,29.070556,115.911667,0, ,0.0,0.0,0.0,0.0,0,0,0,1,210,0,0,0
TF,CN209,29.156389,115.953333,0, ,0.0,0.0,0.0,0.0,0,0,0,0,0,0,0,0
TF,CN207,29.241944,115.995278,0, ,0.0,0.0,0.0,0.0,0,0,0,0,0,0,0,0
TF,PUGIN,29.213056,116.072500,0, ,0.0,0.0,0.0,0.0,2,4930,0,1,210,0,0,0

STAR,ANI91A,03,5
IF,ANISA,28.300556,114.993611, ,0.0,0.0,0,0,0,0,0,0,0,0
TF,LEPMI,28.341667,115.270278,0, ,0.0,0.0,0.0,0.0,0,0,0,0,0,0,0,0
TF,MUDIB,28.459444,115.401944,0, ,0.0,0.0,0.0,0.0,2,11490,0,0,0,0,0,0
TF,CN106,28.588889,115.546944,0, ,0.0,0.0,0.0,0.0,2,7880,0,0,0,0,0,0
TF,ANONU,28.653056,115.618889,0, ,0.0,0.0,0.0,0.0,2,5910,0,1,210,0,0,0

STAR,LAP01A,03,2
IF,LAPEN,29.596389,115.636667, ,0.0,0.0,0,0,0,0,0,0,0,0
TF,PEXEK,29.333333,115.751667,0, ,0.0,0.0,0.0,0.0,0,0,0,0,0,0,0,0
TF,EMRAL,29.100000,115.833333,0, ,0.0,0.0,0.0,0.0,2,8860,0,0,0,0,0,0
TF,NCH,28.886411,115.913053,0, ,0.0,0.0,0.0,0.0,2,4930,0,1,205,0,0,0

STAR,LAP11A,21,2
IF,LAPEN,29.596389,115.636667, ,0.0,0.0,0,0,0,0,0,0,0,0
TF,PEXEK,29.333333,115.751667,0, ,0.0,0.0,0.0,0.0,0,0,0,0,0,0,0,0
TF,CN208,29.301389,115.836667,0, ,0.0,0.0,0.0,0.0,2,11800,0,0,0,0,0,0
TF,PUGIN,29.213056,116.072500,0, ,0.0,0.0,0.0,0.0,2,4930,0,1,205,0,0,0

STAR,LAP81A,21,5
IF,LAPEN,29.596389,115.636667, ,0.0,0.0,0,0,0,0,0,0,0,0
TF,PEXEK,29.333333,115.751667,0, ,0.0,0.0,0.0,0.0,0,0,0,0,0,0,0,0
TF,CN208,29.301389,115.836667,0, ,0.0,0.0,0.0,0.0,2,11800,0,0,0,0,0,0
TF,CN207,29.241944,115.995278,0, ,0.0,0.0,0.0,0.0,0,0,0,0,0,0,0,0
TF,PUGIN,29.213056,116.072500,0, ,0.0,0.0,0.0,0.0,2,4930,0,1,210,0,0,0

STAR,LAP82A,21,5
IF,LAPEN,29.596389,115.636667, ,0.0,0.0,0,0,0,0,0,0,0,0
TF,PEXEK,29.333333,115.751667,0, ,0.0,0.0,0.0,0.0,0,0,0,0,0,0,0,0
TF,CN113,29.216389,115.792778,0, ,0.0,0.0,0.0,0.0,2,11800,0,0,0,0,0,0
TF,EMRAL,29.100000,115.833333,0, ,0.0,0.0,0.0,0.0,0,0,0,0,0,0,0,0
TF,CN210,29.070556,115.911667,0, ,0.0,0.0,0.0,0.0,0,0,0,1,210,0,0,0
TF,CN209,29.156389,115.953333,0, ,0.0,0.0,0.0,0.0,0,0,0,0,0,0,0,0
TF,CN207,29.241944,115.995278,0, ,0.0,0.0,0.0,0.0,0,0,0,0,0,0,0,0
TF,PUGIN,29.213056,116.072500,0, ,0.0,0.0,0.0,0.0,2,4930,0,1,210,0,0,0

STAR,LAP91A,03,5
IF,LAPEN,29.596389,115.636667, ,0.0,0.0,0,0,0,0,0,0,0,0
TF,PEXEK,29.333333,115.751667,0, ,0.0,0.0,0.0,0.0,0,0,0,0,0,0,0,0
TF,CN113,29.216389,115.792778,0, ,0.0,0.0,0.0,0.0,2,11800,0,0,0,0,0,0
TF,EMRAL,29.100000,115.833333,0, ,0.0,0.0,0.0,0.0,2,8860,0,0,0,0,0,0
TF,CN112,28.908056,115.741111,0, ,0.0,0.0,0.0,0.0,2,6890,0,0,0,0,0,0
TF,CN111,28.723056,115.652222,0, ,0.0,0.0,0.0,0.0,0,0,0,0,0,0,0,0
TF,ANONU,28.653056,115.618889,0, ,0.0,0.0,0.0,0.0,2,5910,0,1,210,0,0,0

STAR,OSO01A,03,2
IF,OSONO,27.764444,115.654722, ,0.0,0.0,4,13800,12800,0,0,0,0,0
TF,CN108,28.365278,115.436389,0, ,0.0,0.0,0.0,0.0,4,13800,12800,0,0,0,0,0
TF,MUDIB,28.459444,115.401944,0, ,0.0,0.0,0.0,0.0,2,11490,0,0,0,0,0,0
TF,D230Z,28.584383,115.550836,0, ,0.0,0.0,0.0,0.0,2,7880,0,0,0,0,0,0
TF,D230U,28.646711,115.624786,0, ,0.0,0.0,0.0,0.0,2,5910,0,1,205,0,0,0

STAR,OSO11A,21,2
IF,OSONO,27.764444,115.654722, ,0.0,0.0,4,13800,12800,0,0,0,0,0
TF,RUNEK,27.961944,115.733889,0, ,0.0,0.0,0.0,0.0,0,0,0,0,0,0,0,0
TF,PULES,28.384444,115.580278,0, ,0.0,0.0,0.0,0.0,4,13800,12800,0,0,0,0,0
TF,D213Q,28.641300,115.750092,0, ,0.0,0.0,0.0,0.0,2,12800,0,0,0,0,0,0
TF,NCH,28.886411,115.913053,0, ,0.0,0.0,0.0,0.0,2,6890,0,1,205,0,0,0

STAR,OSO81A,21,5
IF,OSONO,27.764444,115.654722, ,0.0,0.0,4,13800,12800,0,0,0,0,0
TF,RUNEK,27.961944,115.733889,0, ,0.0,0.0,0.0,0.0,0,0,0,0,0,0,0,0
TF,PULES,28.384444,115.580278,0, ,0.0,0.0,0.0,0.0,4,13800,12800,0,0,0,0,0
TF,CN212,28.472500,115.622500,0, ,0.0,0.0,0.0,0.0,2,11800,0,0,0,0,0,0
TF,CN211,28.879722,115.818889,0, ,0.0,0.0,0.0,0.0,2,9850,0,0,0,0,0,0
TF,CN210,29.070556,115.911667,0, ,0.0,0.0,0.0,0.0,0,0,0,1,210,0,0,0
TF,CN209,29.156389,115.953333,0, ,0.0,0.0,0.0,0.0,0,0,0,0,0,0,0,0
TF,CN207,29.241944,115.995278,0, ,0.0,0.0,0.0,0.0,0,0,0,0,0,0,0,0
TF,PUGIN,29.213056,116.072500,0, ,0.0,0.0,0.0,0.0,2,4930,0,1,210,0,0,0

STAR,OSO82A,21,5
IF,OSONO,27.764444,115.654722, ,0.0,0.0,0,0,0,0,0,0,0,0
TF,RUNEK,27.961944,115.733889,0, ,0.0,0.0,0.0,0.0,0,0,0,0,0,0,0,0
TF,PULES,28.384444,115.580278,0, ,0.0,0.0,0.0,0.0,0,0,0,0,0,0,0,0
TF,CN212,28.472500,115.622500,0, ,0.0,0.0,0.0,0.0,0,0,0,0,0,0,0,0
TF,CN211,28.879722,115.818889,0, ,0.0,0.0,0.0,0.0,0,0,0,0,0,0,0,0
TF,CN210,29.070556,115.911667,0, ,0.0,0.0,0.0,0.0,0,0,0,0,0,0,0,0
TF,CN209,29.156389,115.953333,0, ,0.0,0.0,0.0,0.0,0,0,0,0,0,0,0,0
TF,CN207,29.241944,115.995278,0, ,0.0,0.0,0.0,0.0,0,0,0,1,210,0,0,0
TF,PUGIN,29.213056,116.072500,0, ,0.0,0.0,0.0,0.0,2,4930,0,1,210,0,0,0

STAR,OSO91A,03,5
IF,OSONO,27.764444,115.654722, ,0.0,0.0,4,13800,12800,0,0,0,0,0
TF,CN109,28.205556,115.494722,0, ,0.0,0.0,0.0,0.0,0,0,0,0,0,0,0,0
TF,CN108,28.365278,115.436389,0, ,0.0,0.0,0.0,0.0,4,13800,12800,0,0,0,0,0
TF,MUDIB,28.459444,115.401944,0, ,0.0,0.0,0.0,0.0,2,11490,0,0,0,0,0,0
TF,CN106,28.588889,115.546944,0, ,0.0,0.0,0.0,0.0,2,7880,0,0,0,0,0,0
TF,ANONU,28.653056,115.618889,0, ,0.0,0.0,0.0,0.0,2,5910,0,1,210,0,0,0

STAR,OSO92A,03,5
IF,OSONO,27.764444,115.654722, ,0.0,0.0,0,0,0,0,0,0,0,0
TF,CN109,28.205556,115.494722,0, ,0.0,0.0,0.0,0.0,0,0,0,0,0,0,0,0
TF,CN108,28.365278,115.436389,0, ,0.0,0.0,0.0,0.0,0,0,0,0,0,0,0,0
TF,MUDIB,28.459444,115.401944,0, ,0.0,0.0,0.0,0.0,0,0,0,0,0,0,0,0
TF,CN106,28.588889,115.546944,0, ,0.0,0.0,0.0,0.0,0,0,0,0,0,0,0,0
TF,ANONU,28.653056,115.618889,0, ,0.0,0.0,0.0,0.0,2,5910,0,1,210,0,0,0

APPTR,D03,03,D230U
IF,D230U,28.646711,115.624786, ,0.0,0.0,2,5910,0,1,205,0,1,0
CF,D222R,28.657689,115.703217,0,NCH,222.0,17.6,87.0,4.2,2,4600,0,0,0,0,0,0
CI,0, ,0.0,87.0,0,0,0,0,0,0,0,0
CF,CD03,28.677181,115.812361,0,NCH,206.0,13.6,26.0,1.0,2,3290,0,0,0,0,1,0

APPTR,D03,03,NCH1
IF,NCH,28.886411,115.913053, ,0.0,0.0,2,4930,0,1,205,0,1,0
FD,NCH,28.886411,115.913053,0,NCH,0.0,13.6,220.0,13.6,2,3290,0,0,0,0,0,0
CF,CD03,28.677181,115.812361,1,NCH,206.0,13.6,26.0,1.0,2,3290,0,0,0,0,1,0

APPTR,D03,03,NCH2
IF,NCH,28.886411,115.913053, ,0.0,0.0,2,4930,0,1,205,0,1,0
FD,NCH,28.886411,115.913053,0,NCH,0.0,13.6,214.0,13.6,2,3290,0,0,0,0,0,0
CF,CD03,28.677181,115.812361,1,NCH,206.0,13.6,26.0,1.0,2,3290,0,0,0,0,1,0

FINAL,D03,03,D,4
IF,CD03,28.677181,115.812361,NCH,206.0,13.6,2,3290,0,0,0,0,0,0
CF,FD03,28.747958,115.846372,0,NCH,206.0,9.0,26.0,4.6,2,2300,0,0,0,0,2,0
CF,59VOR,28.795650,115.869319,0,NCH,206.0,5.9,26.0,3.1,2,1320,0,0,0,0,0,0
CF,MD03,28.832572,115.887100,0,NCH,206.0,3.5,26.0,2.4,1,547,0,0,0,0,3,0
CF,NCH,28.886411,115.913053,0,NCH,0.0,0.0,26.0,3.5,0,0,0,0,0,0,0,0
FC,NCH,28.886411,115.913053,0,NCH,0.0,0.0,26.0,7.5,2,1970,0,0,0,0,0,1
DF,NCH,28.886411,115.913053,1, ,0.0,0.0,2,4930,0,1,205,0,0,0

APPTR,D21,21,NCH1
IF,NCH,28.886411,115.913053, ,0.0,0.0,2,6890,0,1,205,0,1,0
FD,NCH,28.886411,115.913053,0,NCH,0.0,15.7,14.0,15.7,0,0,0,0,0,0,0,0
CF,D026P,29.127844,116.029792,2,NCH,26.0,15.7,206.0,1.0,2,2960,0,0,0,0,0,0
CF,CD21,29.041739,115.988092,0,NCH,26.0,10.1,206.0,5.6,2,1970,0,0,0,0,1,0

APPTR,D21,21,NCH2
IF,NCH,28.886411,115.913053, ,0.0,0.0,2,6890,0,1,205,0,1,0
FD,NCH,28.886411,115.913053,0,NCH,0.0,15.7,19.0,15.7,0,0,0,0,0,0,0,0
CF,D026P,29.127844,116.029792,2,NCH,26.0,15.7,206.0,1.0,2,2960,0,0,0,0,0,0
CF,CD21,29.041739,115.988092,0,NCH,26.0,10.1,206.0,5.6,2,1970,0,0,0,0,1,0

APPTR,D21,21,PUGIN
IF,PUGIN,29.213056,116.072500, ,0.0,0.0,2,4930,0,1,205,0,1,0
TF,D026P,29.127844,116.029792,0, ,0.0,0.0,0.0,0.0,2,2960,0,0,0,0,0,0
CF,CD21,29.041739,115.988092,0,NCH,26.0,10.1,206.0,5.6,2,1970,0,0,0,0,1,0

FINAL,D21,21,D,3
IF,CD21,29.041739,115.988092,NCH,26.0,10.1,2,1970,0,0,0,0,0,0
CF,FD21,28.964850,115.950914,0,NCH,26.0,5.1,206.0,5.0,2,1970,0,0,0,0,2,0
CF,MD21,28.900253,115.919728,0,NCH,26.0,0.9,206.0,4.2,1,623,0,0,0,0,3,0
CF,NCH,28.886411,115.913053,0,NCH,0.0,0.0,206.0,0.9,0,0,0,0,0,0,0,0
CA,0,206.0,2,2470,0,0,0,0,0,0
DF,NCH,28.886411,115.913053,2, ,0.0,0.0,2,6890,0,1,205,0,0,0

APPTR,I03-Y,03,D230U
IF,D230U,28.646711,115.624786, ,0.0,0.0,2,5910,0,1,205,0,1,0
CD, ,0,0,0,NCH,0,0.0,87.0,17.6,2,4600,0,0,0,0,0,0
CF,CI03Y,28.676581,115.811608,0,IEE,206.1,13.3,26.0,6.0,2,3290,0,0,0,0,1,0

APPTR,I03-Y,03,NCH1
IF,NCH,28.886411,115.913053,NCH,0.0,0.0,2,4930,0,1,205,0,1,0
FD,NCH,28.886411,115.913053,0,NCH,0.0,13.6,220.0,13.6,2,3290,0,0,0,0,0,0
CF,CI03Y,28.676581,115.811608,1,IEE,206.1,13.3,26.0,1.0,2,3290,0,0,0,0,1,0

APPTR,I03-Y,03,NCH2
IF,NCH,28.886411,115.913053, ,0.0,0.0,2,4930,0,1,205,0,1,0
FD,NCH,28.886411,115.913053,0,NCH,0.0,13.6,214.0,13.6,2,3290,0,0,0,0,0,0
CF,CI03Y,28.676581,115.811608,1,IEE,206.1,13.3,26.0,1.0,2,3290,0,0,0,0,1,0

FINAL,I03-Y,03,I,3
IF,CI03Y,28.676581,115.811608,IEE,206.1,13.3,2,3290,0,0,0,0,0,0
CF,FI03,28.747308,115.845756,0,IEE,206.1,8.7,26.0,4.6,1,2300,0,0,0,0,2,0
CF,RW03,28.850725,115.895778,0,IEE,206.1,2.0,26.0,6.7,1,171,0,0,0,0,3,0
FD,RW03,28.850725,115.895778,0,IEE,0.0,9.7,26.0,9.7,2,1970,0,0,0,0,0,0
DF,NCH,28.886411,115.913053,1, ,0.0,0.0,2,4930,0,1,205,0,0,0
HM,NCH,28.886411,115.913053,2, ,0.0,0.0,220.0,04.3,2,5910,0,1,230,0,0,0,0

APPTR,I03-Z,03,ANONU
IF,ANONU,28.653056,115.618889, ,0.0,0.0,2,5910,0,1,210,0,1,0
TF,CN104,28.624167,115.695278,0, ,0.0,0.0,0.0,0.0,2,4930,0,0,0,0,0,0
TF,CN103,28.665694,115.806083,0,IEE,0.0,0.0,0.0,0.0,2,3290,0,1,180,0,1,0

FINAL,I03-Z,03,I,3
IF,CN103,28.665694,115.806083,IEE,206.2,14.0,2,3290,0,1,180,0,0,0
CF,FI03,28.747308,115.845756,0,IEE,206.1,8.7,26.0,5.3,1,2300,0,0,0,0,2,0
CF,RW03,28.850725,115.895778,0,IEE,206.1,2.0,26.0,6.7,1,171,0,0,0,0,3,0
CF,CN301,29.001667,115.969167,0,NCH,26.2,7.5,26.0,9.8,2,1970,0,0,0,0,0,1
DF,CN112,28.908056,115.741111,1, ,0.0,0.0,2,5910,0,1,210,0,0,0
HM,CN112,28.908056,115.741111,1, ,0.0,0.0,206.0,04.3,2,6890,0,1,230,0,0,0,0

APPTR,I21-Y,21,NCH1
IF,NCH,28.886411,115.913053, ,0.0,0.0,2,6890,0,1,205,0,1,0
FD,NCH,28.886411,115.913053,0,NCH,0.0,15.7,14.0,15.7,0,0,0,0,0,0,0,0
CF,D026P,29.127844,116.029792,2,NCH,26.0,15.7,206.0,1.0,2,2960,0,0,0,0,0,0
CF,CI21Y,29.040964,115.988092,0,INC,26.1,12.5,206.0,5.6,2,1970,0,0,0,0,1,0

APPTR,I21-Y,21,NCH2
IF,NCH,28.886411,115.913053, ,0.0,0.0,2,6890,0,1,205,0,1,0
FD,NCH,28.886411,115.913053,0,NCH,0.0,15.7,19.0,15.7,0,0,0,0,0,0,0,0
CF,D026P,29.127844,116.029792,2,NCH,26.0,15.7,206.0,1.0,2,2960,0,0,0,0,0,0
CF,CI21Y,29.040964,115.988092,0,INC,26.1,12.5,206.0,5.6,2,1970,0,0,0,0,1,0

APPTR,I21-Y,21,PUGIN
IF,PUGIN,29.213056,116.072500, ,0.0,0.0,2,4930,0,1,205,0,1,0
CF,D026P,29.127844,116.029792,0,NCH,26.0,15.7,206.0,5.6,2,2960,0,0,0,0,0,1
CF,CI21Y,29.040964,115.988092,0,INC,26.1,12.5,206.0,5.6,2,1970,0,0,0,0,1,0

FINAL,I21-Y,21,I,3
IF,CI21Y,29.040964,115.988092,INC,26.1,12.5,2,1970,0,0,0,0,0,0
CF,FI21,28.965667,115.951511,0,INC,26.1,7.6,206.0,4.9,1,1970,0,0,0,0,2,0
CF,RW21,28.878939,115.909450,0,INC,26.1,2.0,206.0,5.6,1,181,0,0,0,0,3,0
FA,RW21,28.878939,115.909450,0,NCH,0.0,0.0,206.0,2,2470,0,0,0,0,0,0
DF,NCH,28.886411,115.913053,2, ,0.0,0.0,2,6890,0,1,205,0,0,0
HM,NCH,28.886411,115.913053,1, ,0.0,0.0,14.0,04.3,2,7880,0,1,230,0,0,0,0

APPTR,I21-Z,21,PUGIN
IF,PUGIN,29.213056,116.072500, ,0.0,0.0,2,4930,0,1,210,0,1,0
TF,CN204,29.127222,116.030556,0, ,0.0,0.0,0.0,0.0,0,0,0,0,0,0,0,0
TF,CN203,29.041917,115.988778,0,INC,0.0,0.0,0.0,0.0,2,1970,0,1,180,0,1,0

FINAL,I21-Z,21,I,3
IF,CN203,29.041917,115.988778,INC,26.1,12.6,2,1970,0,1,180,0,0,0
CF,FI21,28.965667,115.951511,0,INC,26.1,7.6,206.0,5.0,1,1970,0,0,0,0,2,0
CF,RW21,28.878939,115.909450,0,INC,26.1,2.0,206.0,5.6,1,181,0,0,0,0,3,0
CA,0,206.0,2,2470,0,0,0,0,0,0
DF,CN211,28.879722,115.818889,2, ,0.0,0.0,2,4930,0,1,210,0,0,0
HM,CN211,28.879722,115.818889,1, ,0.0,0.0,26.0,04.3,2,5910,0,1,210,0,0,0,0

