SID,BIP01D,15,5
CF,OF102,31.882500,117.048333,0,XQH,153.4,8.9,154.0,7.0,0,0,0,0,0,0,0,0
TF,OF214,31.828611,116.938611,0, ,0.0,0.0,0.0,0.0,2,1970,0,1,210,0,0,0
TF,HFC,32.080000,116.768333,0, ,0.0,0.0,0.0,0.0,0,0,0,0,0,0,0,0
TF,OF217,32.231944,116.663889,0, ,0.0,0.0,0.0,0.0,3,9850,0,0,0,0,0,0
TF,OF218,32.389167,116.433056,0, ,0.0,0.0,0.0,0.0,2,9850,0,0,0,0,0,0
TF,BIPIM,32.565556,116.182500,0, ,0.0,0.0,0.0,0.0,0,0,0,0,0,0,0,0

SID,BIP02D,33,5
CF,OF209,32.095278,116.903889,0,XQH,334.8,5.9,334.0,7.0,0,0,0,0,0,0,0,0
TF,NOKUL,32.163333,116.856944,0, ,0.0,0.0,0.0,0.0,2,1970,0,1,230,0,0,0
TF,GUXUV,32.188333,116.728333,0, ,0.0,0.0,0.0,0.0,4,9850,3940,0,0,0,0,0
TF,BIPIM,32.565556,116.182500,0, ,0.0,0.0,0.0,0.0,0,0,0,0,0,0,0,0

SID,BIP03D,15,5
CF,OF102,31.882500,117.048333,0,XQH,153.4,8.9,154.0,7.0,0,0,0,0,0,0,0,0
TF,OF214,31.828611,116.938611,0, ,0.0,0.0,0.0,0.0,2,1970,0,0,0,0,0,0
TF,OF215,31.783333,116.847222,0, ,0.0,0.0,0.0,0.0,2,2960,0,1,230,0,0,0
TF,OF218,32.389167,116.433056,0, ,0.0,0.0,0.0,0.0,2,9850,0,0,0,0,0,0
TF,BIPIM,32.565556,116.182500,0, ,0.0,0.0,0.0,0.0,0,0,0,0,0,0,0,0

SID,BIP11D,15,2
DF,DER15,31.975175,116.985572,0, ,0.0,0.0,0,0,0,0,0,0,0,1
CA,0,154.0,2,1480,0,0,0,0,0,0
CF,HFC,32.080000,116.768333,2,HFC,0.0,0.0,327.0,13.0,2,5910,0,0,0,0,0,0
TF,GUXUV,32.188333,116.728333,0, ,0.0,0.0,0.0,0.0,3,9850,0,0,0,0,0,0
TF,BIPIM,32.565556,116.182500,0, ,0.0,0.0,0.0,0.0,0,0,0,0,0,0,0,0

SID,BIP12D,33,2
DF,DER33,32.001725,116.967600,0, ,0.0,0.0,0,0,0,0,0,0,0,1
CA,0,334.0,2,990,0,0,0,0,0,0
CF,D334J,32.148819,116.865769,0,XQH,334.0,9.6,334.0,9.0,2,1970,0,0,0,0,0,1
CF,GUXUV,32.188333,116.728333,0,XQH,316.2,15.9,284.0,7.0,4,9850,3940,0,0,0,0,0
TF,BIPIM,32.565556,116.182500,0, ,0.0,0.0,0.0,0.0,0,0,0,0,0,0,0,0

SID,BIP91D,15,2
CD, ,0,0,0,XQH,0,0.0,154.0,8.9,2,1320,0,0,0,0,0,0
VI,2, ,0.0,304.0,0,0,0,1,205,0,0,0
CF,HFC,32.080000,116.768333,0,HFC,0.0,0.0,334.0,15.0,2,5910,0,0,0,0,0,0
TF,GUXUV,32.188333,116.728333,0, ,0.0,0.0,0.0,0.0,3,9850,0,0,0,0,0,0
TF,BIPIM,32.565556,116.182500,0, ,0.0,0.0,0.0,0.0,0,0,0,0,0,0,0,0

SID,BIP92D,33,2
CD, ,0,0,0,XQH,0,0.0,334.0,5.8,2,1320,0,0,0,0,0,0
CF,NOKUL,32.163333,116.856944,0,XQH,334.2,10.6,334.0,5.0,2,1970,0,0,0,0,0,0
TF,GUXUV,32.188333,116.728333,0, ,0.0,0.0,0.0,0.0,4,9850,3940,1,205,0,0,0
TF,BIPIM,32.565556,116.182500,0, ,0.0,0.0,0.0,0.0,0,0,0,0,0,0,0,0

SID,IKU01D,15,5
CF,OF102,31.882500,117.048333,0,XQH,153.4,8.9,154.0,7.0,0,0,0,0,0,0,0,0
TF,OF108,31.730000,117.151111,0, ,0.0,0.0,0.0,0.0,2,2960,0,0,0,0,0,0
TF,KIKEG,31.614444,117.050833,0, ,0.0,0.0,0.0,0.0,0,0,0,0,0,0,0,0
TF,ADGOL,31.478333,116.845000,0, ,0.0,0.0,0.0,0.0,0,0,0,0,0,0,0,0
TF,IKUBA,30.855556,115.900833,0, ,0.0,0.0,0.0,0.0,0,0,0,0,0,0,0,0

SID,IKU02D,33,5
CF,OF209,32.095278,116.903889,0,XQH,334.8,5.9,334.0,7.0,0,0,0,0,0,0,0,0
TF,OF208,32.041111,116.794167,0, ,0.0,0.0,0.0,0.0,2,1970,0,1,210,0,0,0
TF,OF109,31.691944,117.030833,0, ,0.0,0.0,0.0,0.0,0,0,0,0,0,0,0,0
TF,OF111,31.629167,117.073333,0, ,0.0,0.0,0.0,0.0,0,0,0,0,0,0,0,0
TF,OF112,31.573611,116.989167,0, ,0.0,0.0,0.0,0.0,0,0,0,0,0,0,0,0
TF,ADGOL,31.478333,116.845000,0, ,0.0,0.0,0.0,0.0,0,0,0,0,0,0,0,0
TF,IKUBA,30.855556,115.900833,0, ,0.0,0.0,0.0,0.0,0,0,0,0,0,0,0,0

SID,IKU04D,33,5
CF,OF209,32.095278,116.903889,0,XQH,334.8,5.9,334.0,7.0,0,0,0,0,0,0,0,0
TF,OF210,32.140000,116.995000,0, ,0.0,0.0,0.0,0.0,2,1970,0,1,210,0,0,0
TF,OF105,31.838056,117.199167,0, ,0.0,0.0,0.0,0.0,0,0,0,0,0,0,0,0
TF,HFE,31.775000,117.301667,0, ,0.0,0.0,0.0,0.0,2,7880,0,0,0,0,0,0
TF,OF111,31.629167,117.073333,2, ,0.0,0.0,0.0,0.0,0,0,0,0,0,0,0,0
TF,OF112,31.573611,116.989167,0, ,0.0,0.0,0.0,0.0,0,0,0,0,0,0,0,0
TF,ADGOL,31.478333,116.845000,0, ,0.0,0.0,0.0,0.0,0,0,0,0,0,0,0,0
TF,IKUBA,30.855556,115.900833,0, ,0.0,0.0,0.0,0.0,0,0,0,0,0,0,0,0

SID,IKU06D,33,5
CF,OF209,32.095278,116.903889,0,XQH,334.8,5.9,334.0,7.0,0,0,0,0,0,0,0,0
TF,OF208,32.041111,116.794167,0, ,0.0,0.0,0.0,0.0,2,1970,0,0,0,0,0,0
TF,OF207,31.995833,116.702778,0, ,0.0,0.0,0.0,0.0,2,3940,0,1,230,0,0,0
TF,OF110,31.660000,116.930833,0, ,0.0,0.0,0.0,0.0,0,0,0,0,0,0,0,0
TF,OF112,31.573611,116.989167,0, ,0.0,0.0,0.0,0.0,0,0,0,0,0,0,0,0
TF,ADGOL,31.478333,116.845000,0, ,0.0,0.0,0.0,0.0,0,0,0,0,0,0,0,0
TF,IKUBA,30.855556,115.900833,0, ,0.0,0.0,0.0,0.0,0,0,0,0,0,0,0,0

SID,IKU11D,15,2
DF,DER15,31.975175,116.985572,0, ,0.0,0.0,0,0,0,0,0,0,0,1
CA,0,154.0,2,1480,0,0,0,0,0,0
CF,THA,31.778333,117.123333,0,THA,0.0,0.0,153.0,12.0,2,2960,0,0,0,0,0,0
TF,KIKEG,31.614444,117.050833,0, ,0.0,0.0,0.0,0.0,0,0,0,0,0,0,0,0
TF,ADGOL,31.478333,116.845000,0, ,0.0,0.0,0.0,0.0,0,0,0,0,0,0,0,0
TF,IKUBA,30.855556,115.900833,0, ,0.0,0.0,0.0,0.0,0,0,0,0,0,0,0,0

SID,IKU12D,33,2
DF,DER33,32.001725,116.967600,0, ,0.0,0.0,0,0,0,0,0,0,0,1
CA,0,334.0,2,990,0,0,0,0,0,0
CI,1, ,0.0,244.0,0,0,0,0,0,0,0,0
CF,D157T,31.777550,116.952308,0,HFC,156.5,20.4,157.0,16.0,2,6890,0,0,0,0,0,0
TF,UXALO,31.684444,117.008333,0, ,0.0,0.0,0.0,0.0,2,8860,0,0,0,0,0,0
TF,KIKEG,31.614444,117.050833,0, ,0.0,0.0,0.0,0.0,2,9850,0,0,0,0,0,0
TF,ADGOL,31.478333,116.845000,0, ,0.0,0.0,0.0,0.0,0,0,0,0,0,0,0,0
TF,IKUBA,30.855556,115.900833,0, ,0.0,0.0,0.0,0.0,0,0,0,0,0,0,0,0

SID,IKU14D,33,2
DF,DER33,32.001725,116.967600,0, ,0.0,0.0,0,0,0,0,0,0,0,1
CA,0,334.0,2,990,0,0,0,0,0,0
CF,THA,31.778333,117.123333,2,THA,0.0,0.0,164.0,17.0,0,0,0,0,0,0,0,0
TF,KIKEG,31.614444,117.050833,0, ,0.0,0.0,0.0,0.0,2,9850,0,0,0,0,0,0
TF,ADGOL,31.478333,116.845000,0, ,0.0,0.0,0.0,0.0,0,0,0,0,0,0,0,0
TF,IKUBA,30.855556,115.900833,0, ,0.0,0.0,0.0,0.0,0,0,0,0,0,0,0,0

SID,IKU91D,15,2
CD, ,0,0,0,XQH,0,0.0,154.0,8.9,2,1320,0,0,0,0,0,0
CF,THA,31.778333,117.123333,0,THA,0.0,0.0,153.0,7.0,2,2960,0,0,0,0,0,0
TF,KIKEG,31.614444,117.050833,0, ,0.0,0.0,0.0,0.0,0,0,0,1,205,0,0,0
TF,ADGOL,31.478333,116.845000,0, ,0.0,0.0,0.0,0.0,0,0,0,0,0,0,0,0
TF,IKUBA,30.855556,115.900833,0, ,0.0,0.0,0.0,0.0,0,0,0,0,0,0,0,0

SID,IKU92D,33,2
CD, ,0,0,0,XQH,0,0.0,334.0,5.8,2,1320,0,0,0,0,0,0
VI,1, ,0.0,184.0,0,0,0,1,205,0,0,0
CF,HFC27,31.689183,117.032039,0,HFC,154.0,27.0,154.0,22.0,2,7880,0,0,0,0,0,0
TF,HFC31,31.626889,117.073831,0, ,0.0,0.0,0.0,0.0,0,0,0,0,0,0,0,0
TF,ADGOL,31.478333,116.845000,0, ,0.0,0.0,0.0,0.0,0,0,0,0,0,0,0,0
TF,IKUBA,30.855556,115.900833,0, ,0.0,0.0,0.0,0.0,0,0,0,0,0,0,0,0

SID,KAG01D,15,5
CF,OF102,31.882500,117.048333,0,XQH,153.4,8.9,154.0,7.0,0,0,0,0,0,0,0,0
TF,OF213,31.927222,117.139167,0, ,0.0,0.0,0.0,0.0,2,1970,0,1,210,0,0,0
TF,OF216,32.231389,116.932778,0, ,0.0,0.0,0.0,0.0,3,9850,0,0,0,0,0,0
TF,SEGPI,32.533333,117.266667,0, ,0.0,0.0,0.0,0.0,2,11800,0,0,0,0,0,0
TF,KAGVO,32.712778,117.258611,0, ,0.0,0.0,0.0,0.0,2,14800,0,0,0,0,0,0

SID,KAG02D,33,5
CF,OF209,32.095278,116.903889,0,XQH,334.8,5.9,334.0,7.0,0,0,0,0,0,0,0,0
TF,NOKUL,32.163333,116.856944,0, ,0.0,0.0,0.0,0.0,2,1970,0,1,230,0,0,0
TF,AKAMI,32.250000,116.952778,0, ,0.0,0.0,0.0,0.0,4,9850,4930,0,0,0,0,0
TF,SEGPI,32.533333,117.266667,0, ,0.0,0.0,0.0,0.0,2,11800,0,0,0,0,0,0
TF,KAGVO,32.712778,117.258611,0, ,0.0,0.0,0.0,0.0,2,14800,0,0,0,0,0,0

SID,KAG03D,15,5
CF,OF102,31.882500,117.048333,0,XQH,153.4,8.9,154.0,7.0,0,0,0,0,0,0,0,0
TF,OF214,31.828611,116.938611,0, ,0.0,0.0,0.0,0.0,2,1970,0,1,210,0,0,0
TF,HFC,32.080000,116.768333,0, ,0.0,0.0,0.0,0.0,0,0,0,0,0,0,0,0
TF,OF216,32.231389,116.932778,0, ,0.0,0.0,0.0,0.0,3,9850,0,0,0,0,0,0
TF,SEGPI,32.533333,117.266667,0, ,0.0,0.0,0.0,0.0,2,11800,0,0,0,0,0,0
TF,KAGVO,32.712778,117.258611,0, ,0.0,0.0,0.0,0.0,2,14800,0,0,0,0,0,0

SID,KAG11D,15,2
DF,DER15,31.975175,116.985572,0, ,0.0,0.0,0,0,0,0,0,0,0,1
CA,0,154.0,2,1480,0,0,0,0,0,0
CF,HFC,32.080000,116.768333,2,HFC,0.0,0.0,327.0,13.0,2,5910,0,0,0,0,0,0
TF,D048O,32.258475,116.963669,0, ,0.0,0.0,0.0,0.0,3,9850,0,0,0,0,0,0
TF,SEGPI,32.533333,117.266667,0, ,0.0,0.0,0.0,0.0,2,15700,0,0,0,0,0,0
TF,KAGVO,32.712778,117.258611,0, ,0.0,0.0,0.0,0.0,0,0,0,0,0,0,0,0

SID,KAG12D,33,2
DF,DER33,32.001725,116.967600,0, ,0.0,0.0,0,0,0,0,0,0,0,1
CA,0,334.0,2,990,0,0,0,0,0,0
CF,D334J,32.148819,116.865769,0,XQH,334.0,9.6,334.0,9.0,2,1970,0,0,0,0,0,1
CF,AKAMI,32.250000,116.952778,0,XQH,2.7,14.4,48.0,7.0,4,9850,4930,0,0,0,0,0
TF,SEGPI,32.533333,117.266667,0, ,0.0,0.0,0.0,0.0,2,11800,0,0,0,0,0,0
TF,KAGVO,32.712778,117.258611,0, ,0.0,0.0,0.0,0.0,2,14800,0,0,0,0,0,0

SID,KAG15D,15,2
DF,DER15,31.975175,116.985572,0, ,0.0,0.0,0,0,0,0,0,0,0,1
CA,0,154.0,2,1480,0,0,0,0,0,0
CI,1, ,0.0,64.0,0,0,0,0,0,0,0,0
CF,SEGPI,32.533333,117.266667,0,THA,13.1,45.8,13.0,34.0,2,15700,0,0,0,0,0,0
TF,KAGVO,32.712778,117.258611,0, ,0.0,0.0,0.0,0.0,0,0,0,0,0,0,0,0

SID,KAG91D,15,2
CD, ,0,0,0,XQH,0,0.0,154.0,8.9,2,1320,0,0,0,0,0,0
VI,2, ,0.0,304.0,0,0,0,1,205,0,0,0
CF,HFC,32.080000,116.768333,0,HFC,0.0,0.0,334.0,15.0,2,5910,0,0,0,0,0,0
TF,D047L,32.230378,116.932847,0, ,0.0,0.0,0.0,0.0,3,9850,0,0,0,0,0,0
TF,SEGPI,32.533333,117.266667,0, ,0.0,0.0,0.0,0.0,2,11800,0,0,0,0,0,0
TF,KAGVO,32.712778,117.258611,0, ,0.0,0.0,0.0,0.0,2,14800,0,0,0,0,0,0

SID,KAG92D,33,2
CD, ,0,0,0,XQH,0,0.0,334.0,5.8,2,1320,0,0,0,0,0,0
CF,NOKUL,32.163333,116.856944,0,XQH,334.2,10.6,334.0,5.0,2,1970,0,0,0,0,0,0
TF,AKAMI,32.250000,116.952778,0, ,0.0,0.0,0.0,0.0,4,9850,4930,1,205,0,0,0
TF,SEGPI,32.533333,117.266667,0, ,0.0,0.0,0.0,0.0,2,11800,0,0,0,0,0,0
TF,KAGVO,32.712778,117.258611,0, ,0.0,0.0,0.0,0.0,2,14800,0,0,0,0,0,0

SID,KAG93D,15,2
CD, ,0,0,0,XQH,0,0.0,154.0,8.9,2,1320,0,0,0,0,0,0
VI,1, ,0.0,359.0,0,0,0,1,205,0,0,0
CF,D047L,32.230378,116.932847,0,XQH,358.0,13.3,329.0,17.0,3,9850,0,0,0,0,0,0
TF,SEGPI,32.533333,117.266667,0, ,0.0,0.0,0.0,0.0,2,11800,0,0,0,0,0,0
TF,KAGVO,32.712778,117.258611,0, ,0.0,0.0,0.0,0.0,2,14800,0,0,0,0,0,0

SID,MAD01D,15,5
CF,OF102,31.882500,117.048333,0,XQH,153.4,8.9,154.0,7.0,0,0,0,0,0,0,0,0
TF,OF108,31.730000,117.151111,0, ,0.0,0.0,0.0,0.0,2,2960,0,0,0,0,0,0
TF,OF211,31.688611,117.295833,0, ,0.0,0.0,0.0,0.0,2,5910,0,0,0,0,0,0
TF,OF212,31.644444,117.450000,0, ,0.0,0.0,0.0,0.0,2,7880,0,0,0,0,0,0
TF,LEGIV,31.608333,117.575000,0, ,0.0,0.0,0.0,0.0,0,0,0,0,0,0,0,0
TF,MADUK,31.718056,118.104444,0, ,0.0,0.0,0.0,0.0,0,0,0,0,0,0,0,0

SID,MAD02D,33,5
CF,OF209,32.095278,116.903889,0,XQH,334.8,5.9,334.0,7.0,0,0,0,0,0,0,0,0
TF,OF210,32.140000,116.995000,0, ,0.0,0.0,0.0,0.0,2,1970,0,1,210,0,0,0
TF,OF105,31.838056,117.199167,0, ,0.0,0.0,0.0,0.0,0,0,0,0,0,0,0,0
TF,HFE,31.775000,117.301667,0, ,0.0,0.0,0.0,0.0,2,7880,0,0,0,0,0,0
TF,LEGIV,31.608333,117.575000,0, ,0.0,0.0,0.0,0.0,0,0,0,0,0,0,0,0
TF,MADUK,31.718056,118.104444,0, ,0.0,0.0,0.0,0.0,0,0,0,0,0,0,0,0

SID,MAD03D,15,5
CF,OF102,31.882500,117.048333,0,XQH,153.4,8.9,154.0,7.0,0,0,0,0,0,0,0,0
TF,OF108,31.730000,117.151111,0, ,0.0,0.0,0.0,0.0,2,2960,0,0,0,0,0,0
TF,HFE,31.775000,117.301667,0, ,0.0,0.0,0.0,0.0,0,0,0,0,0,0,0,0
TF,MADUK,31.718056,118.104444,0, ,0.0,0.0,0.0,0.0,0,0,0,0,0,0,0,0

SID,MAD04D,33,5
CF,OF209,32.095278,116.903889,0,XQH,334.8,5.9,334.0,7.0,0,0,0,0,0,0,0,0
TF,OF208,32.041111,116.794167,0, ,0.0,0.0,0.0,0.0,2,1970,0,1,210,0,0,0
TF,OF109,31.691944,117.030833,0, ,0.0,0.0,0.0,0.0,2,7880,0,0,0,0,0,0
TF,OF111,31.629167,117.073333,0, ,0.0,0.0,0.0,0.0,0,0,0,0,0,0,0,0
TF,LEGIV,31.608333,117.575000,0, ,0.0,0.0,0.0,0.0,0,0,0,0,0,0,0,0
TF,MADUK,31.718056,118.104444,0, ,0.0,0.0,0.0,0.0,0,0,0,0,0,0,0,0

SID,MAD11D,15,2
DF,DER15,31.975175,116.985572,0, ,0.0,0.0,0,0,0,0,0,0,0,1
CA,0,154.0,2,1480,0,0,0,0,0,0
CF,THA,31.778333,117.123333,0,THA,0.0,0.0,153.0,12.0,2,2960,0,0,0,0,0,0
TF,LEGIV,31.608333,117.575000,0, ,0.0,0.0,0.0,0.0,0,0,0,0,0,0,0,0
TF,MADUK,31.718056,118.104444,0, ,0.0,0.0,0.0,0.0,0,0,0,0,0,0,0,0

SID,MAD12D,33,2
DF,DER33,32.001725,116.967600,0, ,0.0,0.0,0,0,0,0,0,0,0,1
CA,0,334.0,2,990,0,0,0,0,0,0
CI,1, ,0.0,244.0,0,0,0,0,0,0,0,0
CF,D157T,31.777550,116.952308,0,THA,273.7,8.8,157.0,16.0,2,6890,0,0,0,0,0,0
TF,THA,31.778333,117.123333,0, ,0.0,0.0,0.0,0.0,0,0,0,0,0,0,0,0
TF,LEGIV,31.608333,117.575000,0, ,0.0,0.0,0.0,0.0,0,0,0,0,0,0,0,0
TF,MADUK,31.718056,118.104444,0, ,0.0,0.0,0.0,0.0,0,0,0,0,0,0,0,0

SID,MAD18D,33,2
DF,DER33,32.001725,116.967600,0, ,0.0,0.0,0,0,0,0,0,0,0,1
CA,0,334.0,2,990,0,0,0,0,0,0
CF,THA,31.778333,117.123333,2,THA,0.0,0.0,164.0,17.0,0,0,0,0,0,0,0,0
TF,LEGIV,31.608333,117.575000,0, ,0.0,0.0,0.0,0.0,0,0,0,0,0,0,0,0
TF,MADUK,31.718056,118.104444,0, ,0.0,0.0,0.0,0.0,0,0,0,0,0,0,0,0

SID,MAD91D,15,2
CD, ,0,0,0,XQH,0,0.0,154.0,8.9,2,1320,0,0,0,0,0,0
CF,THA,31.778333,117.123333,0,THA,0.0,0.0,153.0,7.0,2,2960,0,0,0,0,0,0
TF,D117J,31.713919,117.295167,0, ,0.0,0.0,0.0,0.0,2,5910,0,1,205,0,0,0
TF,D117R,31.657367,117.445325,0, ,0.0,0.0,0.0,0.0,2,7880,0,0,0,0,0,0
TF,LEGIV,31.608333,117.575000,0, ,0.0,0.0,0.0,0.0,0,0,0,0,0,0,0,0
TF,MADUK,31.718056,118.104444,0, ,0.0,0.0,0.0,0.0,0,0,0,0,0,0,0,0

SID,MAD92D,33,2
CD, ,0,0,0,XQH,0,0.0,334.0,5.8,2,1320,0,0,0,0,0,0
VI,2, ,0.0,140.0,0,0,0,1,205,0,0,0
CF,THA,31.778333,117.123333,0,THA,0.0,0.0,170.0,20.0,0,0,0,0,0,0,0,0
TF,D117J,31.713919,117.295167,0, ,0.0,0.0,0.0,0.0,2,5910,0,0,0,0,0,0
TF,D117R,31.657367,117.445325,0, ,0.0,0.0,0.0,0.0,2,7880,0,0,0,0,0,0
TF,LEGIV,31.608333,117.575000,0, ,0.0,0.0,0.0,0.0,0,0,0,0,0,0,0,0
TF,MADUK,31.718056,118.104444,0, ,0.0,0.0,0.0,0.0,0,0,0,0,0,0,0,0

SID,MAD94D,33,2
CD, ,0,0,0,XQH,0,0.0,334.0,5.8,2,1320,0,0,0,0,0,0
VI,2, ,0.0,140.0,0,0,0,1,205,0,0,0
CF,THA,31.778333,117.123333,0,THA,0.0,0.0,170.0,20.0,0,0,0,0,0,0,0,0
TF,HFE,31.775000,117.301667,0, ,0.0,0.0,0.0,0.0,0,0,0,0,0,0,0,0
TF,MADUK,31.718056,118.104444,0, ,0.0,0.0,0.0,0.0,0,0,0,0,0,0,0,0

SID,MID01D,15,5
CF,OF102,31.882500,117.048333,0,XQH,153.4,8.9,154.0,7.0,0,0,0,0,0,0,0,0
TF,OF108,31.730000,117.151111,0, ,0.0,0.0,0.0,0.0,2,2960,0,0,0,0,0,0
TF,UXALO,31.684444,117.008333,2, ,0.0,0.0,0.0,0.0,0,0,0,0,0,0,0,0
TF,MIDOX,31.322222,115.881111,0, ,0.0,0.0,0.0,0.0,0,0,0,0,0,0,0,0

SID,MID02D,33,5
CF,OF209,32.095278,116.903889,0,XQH,334.8,5.9,334.0,7.0,0,0,0,0,0,0,0,0
TF,OF208,32.041111,116.794167,0, ,0.0,0.0,0.0,0.0,2,1970,0,1,210,0,0,0
TF,OF109,31.691944,117.030833,0, ,0.0,0.0,0.0,0.0,0,0,0,0,0,0,0,0
TF,OF110,31.660000,116.930833,2, ,0.0,0.0,0.0,0.0,0,0,0,0,0,0,0,0
TF,MIDOX,31.322222,115.881111,0, ,0.0,0.0,0.0,0.0,0,0,0,0,0,0,0,0

SID,MID11D,15,2
DF,DER15,31.975175,116.985572,0, ,0.0,0.0,0,0,0,0,0,0,0,1
CA,0,154.0,2,1480,0,0,0,0,0,0
CF,THA,31.778333,117.123333,0,THA,0.0,0.0,153.0,12.0,2,2960,0,0,0,0,0,0
TF,UXALO,31.684444,117.008333,0, ,0.0,0.0,0.0,0.0,0,0,0,0,0,0,0,0
TF,MIDOX,31.322222,115.881111,0, ,0.0,0.0,0.0,0.0,0,0,0,0,0,0,0,0

SID,MID12D,33,2
DF,DER33,32.001725,116.967600,0, ,0.0,0.0,0,0,0,0,0,0,0,1
CA,0,334.0,2,990,0,0,0,0,0,0
CI,1, ,0.0,244.0,0,0,0,0,0,0,0,0
CF,D157T,31.777550,116.952308,0,THA,273.7,8.8,157.0,16.0,2,6890,0,0,0,0,0,0
TF,UXALO,31.684444,117.008333,0, ,0.0,0.0,0.0,0.0,2,8860,0,0,0,0,0,0
TF,MIDOX,31.322222,115.881111,0, ,0.0,0.0,0.0,0.0,0,0,0,0,0,0,0,0

SID,MID14D,33,2
DF,DER33,32.001725,116.967600,0, ,0.0,0.0,0,0,0,0,0,0,0,1
CA,0,334.0,2,990,0,0,0,0,0,0
CF,THA,31.778333,117.123333,2,THA,0.0,0.0,164.0,17.0,0,0,0,0,0,0,0,0
TF,UXALO,31.684444,117.008333,0, ,0.0,0.0,0.0,0.0,2,8860,0,0,0,0,0,0
TF,MIDOX,31.322222,115.881111,0, ,0.0,0.0,0.0,0.0,0,0,0,0,0,0,0,0

SID,MID91D,15,2
CD, ,0,0,0,XQH,0,0.0,154.0,8.9,2,1320,0,0,0,0,0,0
CF,THA,31.778333,117.123333,0,THA,0.0,0.0,153.0,7.0,2,2960,0,0,0,0,0,0
TF,UXALO,31.684444,117.008333,0, ,0.0,0.0,0.0,0.0,0,0,0,1,205,0,0,0
TF,MIDOX,31.322222,115.881111,0, ,0.0,0.0,0.0,0.0,0,0,0,0,0,0,0,0

SID,MID92D,33,2
CD, ,0,0,0,XQH,0,0.0,334.0,5.8,2,1320,0,0,0,0,0,0
VI,1, ,0.0,184.0,0,0,0,1,205,0,0,0
CF,HFC27,31.689183,117.032039,0,THA,225.2,7.1,154.0,21.0,2,7880,0,0,0,0,0,0
TF,MIDOX,31.322222,115.881111,2, ,0.0,0.0,0.0,0.0,0,0,0,0,0,0,0,0

SID,ORE01D,15,5
CF,OF102,31.882500,117.048333,0,XQH,153.4,8.9,154.0,7.0,0,0,0,0,0,0,0,0
TF,OF108,31.730000,117.151111,0, ,0.0,0.0,0.0,0.0,2,2960,0,0,0,0,0,0
TF,OF211,31.688611,117.295833,0, ,0.0,0.0,0.0,0.0,2,5910,0,0,0,0,0,0
TF,OF212,31.644444,117.450000,0, ,0.0,0.0,0.0,0.0,2,7880,0,0,0,0,0,0
TF,LEGIV,31.608333,117.575000,0, ,0.0,0.0,0.0,0.0,0,0,0,0,0,0,0,0
TF,OREVO,31.666667,118.175000,0, ,0.0,0.0,0.0,0.0,0,0,0,0,0,0,0,0

SID,ORE02D,33,5
CF,OF209,32.095278,116.903889,0,XQH,334.8,5.9,334.0,7.0,0,0,0,0,0,0,0,0
TF,OF210,32.140000,116.995000,0, ,0.0,0.0,0.0,0.0,2,1970,0,1,210,0,0,0
TF,OF105,31.838056,117.199167,0, ,0.0,0.0,0.0,0.0,0,0,0,0,0,0,0,0
TF,HFE,31.775000,117.301667,0, ,0.0,0.0,0.0,0.0,2,7880,0,0,0,0,0,0
TF,LEGIV,31.608333,117.575000,0, ,0.0,0.0,0.0,0.0,0,0,0,0,0,0,0,0
TF,OREVO,31.666667,118.175000,0, ,0.0,0.0,0.0,0.0,0,0,0,0,0,0,0,0

SID,ORE11D,15,2
DF,DER15,31.975175,116.985572,0, ,0.0,0.0,0,0,0,0,0,0,0,1
CA,0,154.0,2,1480,0,0,0,0,0,0
CF,THA,31.778333,117.123333,0,THA,0.0,0.0,153.0,12.0,2,2960,0,0,0,0,0,0
TF,LEGIV,31.608333,117.575000,0, ,0.0,0.0,0.0,0.0,0,0,0,0,0,0,0,0
TF,OREVO,31.666667,118.175000,0, ,0.0,0.0,0.0,0.0,0,0,0,0,0,0,0,0

SID,ORE12D,33,2
DF,DER33,32.001725,116.967600,0, ,0.0,0.0,0,0,0,0,0,0,0,1
CA,0,334.0,2,990,0,0,0,0,0,0
CI,1, ,0.0,244.0,0,0,0,0,0,0,0,0
CF,D157T,31.777550,116.952308,0,THA,273.7,8.8,157.0,16.0,2,6890,0,0,0,0,0,0
TF,THA,31.778333,117.123333,0, ,0.0,0.0,0.0,0.0,0,0,0,0,0,0,0,0
TF,LEGIV,31.608333,117.575000,0, ,0.0,0.0,0.0,0.0,0,0,0,0,0,0,0,0
TF,OREVO,31.666667,118.175000,0, ,0.0,0.0,0.0,0.0,0,0,0,0,0,0,0,0

SID,ORE14D,33,2
DF,DER33,32.001725,116.967600,0, ,0.0,0.0,0,0,0,0,0,0,0,1
CA,0,334.0,2,990,0,0,0,0,0,0
CF,THA,31.778333,117.123333,2,THA,0.0,0.0,164.0,17.0,0,0,0,0,0,0,0,0
TF,LEGIV,31.608333,117.575000,0, ,0.0,0.0,0.0,0.0,0,0,0,0,0,0,0,0
TF,OREVO,31.666667,118.175000,0, ,0.0,0.0,0.0,0.0,0,0,0,0,0,0,0,0

SID,ORE91D,15,2
CD, ,0,0,0,XQH,0,0.0,154.0,8.9,2,1320,0,0,0,0,0,0
CF,THA,31.778333,117.123333,0,THA,0.0,0.0,153.0,7.0,2,2960,0,0,0,0,0,0
TF,D117J,31.713919,117.295167,0, ,0.0,0.0,0.0,0.0,2,5910,0,1,205,0,0,0
TF,D117R,31.657367,117.445325,0, ,0.0,0.0,0.0,0.0,2,7880,0,0,0,0,0,0
TF,LEGIV,31.608333,117.575000,0, ,0.0,0.0,0.0,0.0,0,0,0,0,0,0,0,0
TF,OREVO,31.666667,118.175000,0, ,0.0,0.0,0.0,0.0,0,0,0,0,0,0,0,0

SID,ORE92D,33,2
CD, ,0,0,0,XQH,0,0.0,334.0,5.8,2,1320,0,0,0,0,0,0
VI,2, ,0.0,140.0,0,0,0,1,205,0,0,0
CF,THA,31.778333,117.123333,0,XQH,152.9,16.2,170.0,20.0,0,0,0,0,0,0,0,0
TF,D117J,31.713919,117.295167,0, ,0.0,0.0,0.0,0.0,2,5910,0,0,0,0,0,0
TF,D117R,31.657367,117.445325,0, ,0.0,0.0,0.0,0.0,2,7880,0,0,0,0,0,0
TF,LEGIV,31.608333,117.575000,0, ,0.0,0.0,0.0,0.0,0,0,0,0,0,0,0,0
TF,OREVO,31.666667,118.175000,0, ,0.0,0.0,0.0,0.0,0,0,0,0,0,0,0,0

STAR,BIP01A,15,5
IF,BIPIM,32.565556,116.182500, ,0.0,0.0,0,0,0,0,0,0,0,0
TF,OF217,32.231944,116.663889,0, ,0.0,0.0,0.0,0.0,2,3940,0,1,210,0,0,0

STAR,BIP02A,33,5
IF,BIPIM,32.565556,116.182500, ,0.0,0.0,0,0,0,0,0,0,0,0
TF,OF217,32.231944,116.663889,0, ,0.0,0.0,0.0,0.0,0,0,0,0,0,0,0,0
TF,OF119,31.956944,116.851389,0, ,0.0,0.0,0.0,0.0,0,0,0,0,0,0,0,0
TF,OF106,31.739444,116.998889,0, ,0.0,0.0,0.0,0.0,2,3940,0,1,210,0,0,0

STAR,BIP04A,33,5
IF,BIPIM,32.565556,116.182500, ,0.0,0.0,0,0,0,0,0,0,0,0
TF,OF218,32.389167,116.433056,0, ,0.0,0.0,0.0,0.0,0,0,0,0,0,0,0,0
TF,OF120,31.911667,116.760000,0, ,0.0,0.0,0.0,0.0,0,0,0,0,0,0,0,0
TF,OF107,31.694444,116.907500,0, ,0.0,0.0,0.0,0.0,0,0,0,0,0,0,0,0
TF,OF106,31.739444,116.998889,0, ,0.0,0.0,0.0,0.0,2,3940,0,1,210,0,0,0

STAR,BIP21A,15,2
IF,BIPIM,32.565556,116.182500, ,0.0,0.0,0,0,0,0,0,0,0,0
TF,D315W,32.254650,116.619631,0, ,0.0,0.0,0.0,0.0,2,3940,0,1,205,0,0,0

STAR,BIP22A,33,2
IF,BIPIM,32.565556,116.182500, ,0.0,0.0,0,0,0,0,0,0,0,0
TF,D315W,32.254650,116.619631,0, ,0.0,0.0,0.0,0.0,2,9850,0,0,0,0,0,0
TF,GUXUV,32.188333,116.728333,0, ,0.0,0.0,0.0,0.0,2,7880,0,0,0,0,0,0
TF,HFC,32.080000,116.768333,0, ,0.0,0.0,0.0,0.0,2,5910,0,0,0,0,0,0
TF,D154P,31.851367,116.922919,0, ,0.0,0.0,0.0,0.0,2,4930,0,1,205,0,0,0

STAR,BIP91A,15,2
IF,BIPIM,32.565556,116.182500, ,0.0,0.0,0,0,0,0,0,0,0,0
TF,HFE42,32.228664,116.663547,0, ,0.0,0.0,0.0,0.0,2,3940,0,1,205,0,0,0

STAR,BIP92A,33,2
IF,BIPIM,32.565556,116.182500, ,0.0,0.0,0,0,0,0,0,0,0,0
TF,HFE42,32.228664,116.663547,0, ,0.0,0.0,0.0,0.0,0,0,0,0,0,0,0,0
TF,GUXUV,32.188333,116.728333,0, ,0.0,0.0,0.0,0.0,0,0,0,0,0,0,0,0
TF,HFC,32.080000,116.768333,0, ,0.0,0.0,0.0,0.0,0,0,0,0,0,0,0,0
TF,D154I,31.955578,116.852569,0, ,0.0,0.0,0.0,0.0,2,3940,0,1,205,0,0,0

STAR,IKU01A,15,5
IF,IKUBA,30.855556,115.900833, ,0.0,0.0,0,0,0,0,0,0,0,0
TF,ADGOL,31.478333,116.845000,0, ,0.0,0.0,0.0,0.0,0,0,0,0,0,0,0,0
TF,OF111,31.629167,117.073333,0, ,0.0,0.0,0.0,0.0,0,0,0,0,0,0,0,0
TF,OF109,31.691944,117.030833,0, ,0.0,0.0,0.0,0.0,0,0,0,0,0,0,0,0
TF,OF119,31.956944,116.851389,0, ,0.0,0.0,0.0,0.0,2,3940,0,0,0,0,0,0
TF,OF204,32.109444,116.747778,0, ,0.0,0.0,0.0,0.0,2,2960,0,1,210,0,0,0

STAR,IKU02A,33,5
IF,IKUBA,30.855556,115.900833, ,0.0,0.0,0,0,0,0,0,0,0,0
TF,ADGOL,31.478333,116.845000,0, ,0.0,0.0,0.0,0.0,0,0,0,0,0,0,0,0
TF,OF111,31.629167,117.073333,0, ,0.0,0.0,0.0,0.0,0,0,0,0,0,0,0,0
TF,OF108,31.730000,117.151111,0, ,0.0,0.0,0.0,0.0,2,2960,0,1,210,0,0,0

STAR,IKU21A,15,2
IF,IKUBA,30.855556,115.900833, ,0.0,0.0,0,0,0,0,0,0,0,0
TF,ADGOL,31.478333,116.845000,0, ,0.0,0.0,0.0,0.0,0,0,0,0,0,0,0,0
TF,KIKEG,31.614444,117.050833,0, ,0.0,0.0,0.0,0.0,2,11800,0,0,0,0,0,0
TF,UXALO,31.684444,117.008333,0, ,0.0,0.0,0.0,0.0,2,11800,0,0,0,0,0,0
TF,D157O,31.859119,116.902825,0, ,0.0,0.0,0.0,0.0,2,7880,0,1,205,0,0,0

STAR,IKU22A,33,2
IF,IKUBA,30.855556,115.900833, ,0.0,0.0,0,0,0,0,0,0,0,0
TF,ADGOL,31.478333,116.845000,0, ,0.0,0.0,0.0,0.0,0,0,0,0,0,0,0,0
TF,KIKEG,31.614444,117.050833,0, ,0.0,0.0,0.0,0.0,2,5910,0,1,205,0,0,0

STAR,IKU91A,15,2
IF,IKUBA,30.855556,115.900833, ,0.0,0.0,0,0,0,0,0,0,0,0
TF,ADGOL,31.478333,116.845000,0, ,0.0,0.0,0.0,0.0,0,0,0,0,0,0,0,0
TF,HFC31,31.626889,117.073831,0, ,0.0,0.0,0.0,0.0,0,0,0,0,0,0,0,0
TF,HFC27,31.689183,117.032039,0, ,0.0,0.0,0.0,0.0,0,0,0,0,0,0,0,0
TF,D297K,31.850117,116.924297,0, ,0.0,0.0,0.0,0.0,0,0,0,0,0,0,0,0
TF,D154I,31.955578,116.852569,0, ,0.0,0.0,0.0,0.0,2,3940,0,1,205,0,0,0

STAR,IKU92A,33,2
IF,IKUBA,30.855556,115.900833, ,0.0,0.0,0,0,0,0,0,0,0,0
TF,ADGOL,31.478333,116.845000,0, ,0.0,0.0,0.0,0.0,0,0,0,0,0,0,0,0
TF,KIKEG,31.614444,117.050833,0, ,0.0,0.0,0.0,0.0,2,5910,0,1,205,0,0,0

STAR,KAG01A,15,5
IF,KAGVO,32.712778,117.258611, ,0.0,0.0,2,14800,0,0,0,0,0,0
TF,SEGPI,32.533333,117.266667,0, ,0.0,0.0,0.0,0.0,2,11800,0,0,0,0,0,0
TF,OF216,32.231389,116.932778,0, ,0.0,0.0,0.0,0.0,2,3940,0,1,210,0,0,0

STAR,KAG02A,33,5
IF,KAGVO,32.712778,117.258611, ,0.0,0.0,2,14800,0,0,0,0,0,0
TF,SEGPI,32.533333,117.266667,0, ,0.0,0.0,0.0,0.0,2,11800,0,0,0,0,0,0
TF,OF216,32.231389,116.932778,0, ,0.0,0.0,0.0,0.0,0,0,0,0,0,0,0,0
TF,OF105,31.838056,117.199167,0, ,0.0,0.0,0.0,0.0,2,2960,0,1,210,0,0,0

STAR,KAG04A,33,5
IF,KAGVO,32.712778,117.258611, ,0.0,0.0,2,14800,0,0,0,0,0,0
TF,SEGPI,32.533333,117.266667,0, ,0.0,0.0,0.0,0.0,2,11800,0,0,0,0,0,0
TF,OF216,32.231389,116.932778,0, ,0.0,0.0,0.0,0.0,0,0,0,0,0,0,0,0
TF,HFC,32.080000,116.768333,0, ,0.0,0.0,0.0,0.0,0,0,0,0,0,0,0,0
TF,OF119,31.956944,116.851389,0, ,0.0,0.0,0.0,0.0,0,0,0,0,0,0,0,0
TF,OF106,31.739444,116.998889,0, ,0.0,0.0,0.0,0.0,2,3940,0,1,210,0,0,0

STAR,KAG06A,33,5
IF,KAGVO,32.712778,117.258611, ,0.0,0.0,2,14800,0,0,0,0,0,0
TF,SEGPI,32.533333,117.266667,0, ,0.0,0.0,0.0,0.0,2,11800,0,0,0,0,0,0
TF,OF118,31.885278,117.295278,0, ,0.0,0.0,0.0,0.0,0,0,0,0,0,0,0,0
TF,OF105,31.838056,117.199167,0, ,0.0,0.0,0.0,0.0,2,2960,0,1,210,0,0,0

STAR,KAG21A,15,2
IF,KAGVO,32.712778,117.258611, ,0.0,0.0,2,14800,0,0,0,0,0,0
TF,SEGPI,32.533333,117.266667,0, ,0.0,0.0,0.0,0.0,2,11800,0,0,0,0,0,0
TF,AKAMI,32.250000,116.952778,0, ,0.0,0.0,0.0,0.0,2,3940,0,1,205,0,0,0

STAR,KAG22A,33,2
IF,KAGVO,32.712778,117.258611, ,0.0,0.0,0,0,0,0,0,0,0,0
TF,SEGPI,32.533333,117.266667,0, ,0.0,0.0,0.0,0.0,2,14800,0,0,0,0,0,0
TF,AKAMI,32.250000,116.952778,0, ,0.0,0.0,0.0,0.0,2,7880,0,0,0,0,0,0
TF,HFC,32.080000,116.768333,0, ,0.0,0.0,0.0,0.0,2,5910,0,0,0,0,0,0
TF,D154P,31.851367,116.922919,0, ,0.0,0.0,0.0,0.0,2,4930,0,1,205,0,0,0

STAR,KAG91A,15,2
IF,KAGVO,32.712778,117.258611, ,0.0,0.0,2,14800,0,0,0,0,0,0
TF,SEGPI,32.533333,117.266667,0, ,0.0,0.0,0.0,0.0,2,11800,0,0,0,0,0,0
TF,AKAMI,32.250000,116.952778,0, ,0.0,0.0,0.0,0.0,2,3940,0,1,205,0,0,0

STAR,KAG92A,33,2
IF,KAGVO,32.712778,117.258611, ,0.0,0.0,2,14800,0,0,0,0,0,0
TF,SEGPI,32.533333,117.266667,0, ,0.0,0.0,0.0,0.0,2,11800,0,0,0,0,0,0
TF,AKAMI,32.250000,116.952778,0, ,0.0,0.0,0.0,0.0,2,4930,0,0,0,0,0,0
TF,HFC,32.080000,116.768333,0, ,0.0,0.0,0.0,0.0,0,0,0,0,0,0,0,0
TF,D154I,31.955578,116.852569,0, ,0.0,0.0,0.0,0.0,2,3940,0,1,205,0,0,0

STAR,MAD01A,15,5
IF,MADUK,31.718056,118.104444, ,0.0,0.0,2,11800,0,0,0,0,0,0
TF,LEGIV,31.608333,117.575000,0, ,0.0,0.0,0.0,0.0,0,0,0,0,0,0,0,0
TF,HFE,31.775000,117.301667,0, ,0.0,0.0,0.0,0.0,0,0,0,0,0,0,0,0
TF,OF105,31.838056,117.199167,0, ,0.0,0.0,0.0,0.0,0,0,0,0,0,0,0,0
TF,OF205,32.208333,116.948333,0, ,0.0,0.0,0.0,0.0,2,2960,0,1,210,0,0,0

STAR,MAD02A,33,5
IF,MADUK,31.718056,118.104444, ,0.0,0.0,2,11800,0,0,0,0,0,0
TF,LEGIV,31.608333,117.575000,0, ,0.0,0.0,0.0,0.0,0,0,0,0,0,0,0,0
TF,OF212,31.644444,117.450000,0, ,0.0,0.0,0.0,0.0,2,7880,0,0,0,0,0,0
TF,OF211,31.688611,117.295833,0, ,0.0,0.0,0.0,0.0,2,5910,0,0,0,0,0,0
TF,OF108,31.730000,117.151111,0, ,0.0,0.0,0.0,0.0,2,2960,0,1,210,0,0,0

STAR,MAD21A,15,2
IF,MADUK,31.718056,118.104444, ,0.0,0.0,0,0,0,0,0,0,0,0
TF,LEGIV,31.608333,117.575000,0, ,0.0,0.0,0.0,0.0,0,0,0,0,0,0,0,0
TF,THA,31.778333,117.123333,0, ,0.0,0.0,0.0,0.0,0,0,0,0,0,0,0,0
TF,D157O,31.859119,116.902825,0, ,0.0,0.0,0.0,0.0,2,7880,0,1,205,0,0,0

STAR,MAD22A,33,2
IF,MADUK,31.718056,118.104444, ,0.0,0.0,0,0,0,0,0,0,0,0
TF,LEGIV,31.608333,117.575000,0, ,0.0,0.0,0.0,0.0,0,0,0,0,0,0,0,0
TF,D118K,31.705850,117.316628,0, ,0.0,0.0,0.0,0.0,2,5910,0,1,205,0,0,0

STAR,MAD91A,15,2
IF,MADUK,31.718056,118.104444, ,0.0,0.0,2,11800,0,0,0,0,0,0
TF,LEGIV,31.608333,117.575000,0, ,0.0,0.0,0.0,0.0,0,0,0,0,0,0,0,0
TF,D117R,31.657367,117.445325,0, ,0.0,0.0,0.0,0.0,2,7880,0,0,0,0,0,0
TF,D117J,31.713919,117.295167,0, ,0.0,0.0,0.0,0.0,2,5910,0,0,0,0,0,0
TF,THA,31.778333,117.123333,0, ,0.0,0.0,0.0,0.0,0,0,0,0,0,0,0,0
TF,D297K,31.850117,116.924297,0, ,0.0,0.0,0.0,0.0,0,0,0,0,0,0,0,0
TF,D154I,31.955578,116.852569,0, ,0.0,0.0,0.0,0.0,2,3940,0,1,205,0,0,0

STAR,MAD92A,33,2
IF,MADUK,31.718056,118.104444, ,0.0,0.0,2,11800,0,0,0,0,0,0
TF,LEGIV,31.608333,117.575000,0, ,0.0,0.0,0.0,0.0,0,0,0,0,0,0,0,0
TF,D117R,31.657367,117.445325,0, ,0.0,0.0,0.0,0.0,2,7880,0,0,0,0,0,0
TF,D117J,31.713919,117.295167,0, ,0.0,0.0,0.0,0.0,2,5910,0,1,205,0,0,0

STAR,MID01A,15,5
IF,MIDOX,31.322222,115.881111, ,0.0,0.0,0,0,0,0,0,0,0,0
TF,OF109,31.691944,117.030833,0, ,0.0,0.0,0.0,0.0,0,0,0,0,0,0,0,0
TF,OF119,31.956944,116.851389,0, ,0.0,0.0,0.0,0.0,2,3940,0,0,0,0,0,0
TF,OF204,32.109444,116.747778,0, ,0.0,0.0,0.0,0.0,2,2960,0,1,210,0,0,0

STAR,MID02A,33,5
IF,MIDOX,31.322222,115.881111, ,0.0,0.0,0,0,0,0,0,0,0,0
TF,OF108,31.730000,117.151111,0, ,0.0,0.0,0.0,0.0,2,2960,0,1,210,0,0,0

STAR,MID21A,15,2
IF,MIDOX,31.322222,115.881111, ,0.0,0.0,0,0,0,0,0,0,0,0
TF,UXALO,31.684444,117.008333,0, ,0.0,0.0,0.0,0.0,2,11800,0,0,0,0,0,0
TF,D157O,31.859119,116.902825,0, ,0.0,0.0,0.0,0.0,2,7880,0,1,205,0,0,0

STAR,MID22A,33,2
IF,MIDOX,31.322222,115.881111, ,0.0,0.0,0,0,0,0,0,0,0,0
TF,UXALO,31.684444,117.008333,0, ,0.0,0.0,0.0,0.0,2,4930,0,1,205,0,0,0

STAR,MID91A,15,2
IF,MIDOX,31.322222,115.881111, ,0.0,0.0,0,0,0,0,0,0,0,0
TF,HFC27,31.689183,117.032039,0, ,0.0,0.0,0.0,0.0,0,0,0,0,0,0,0,0
TF,D297K,31.850117,116.924297,1, ,0.0,0.0,0.0,0.0,0,0,0,0,0,0,0,0
TF,D154I,31.955578,116.852569,0, ,0.0,0.0,0.0,0.0,2,3940,0,1,205,0,0,0

STAR,MID92A,33,2
IF,MIDOX,31.322222,115.881111, ,0.0,0.0,0,0,0,0,0,0,0,0
TF,UXALO,31.684444,117.008333,0, ,0.0,0.0,0.0,0.0,2,4930,0,1,205,0,0,0

STAR,ORE01A,15,5
IF,OREVO,31.666667,118.175000, ,0.0,0.0,0,0,0,0,0,0,0,0
TF,LEGIV,31.608333,117.575000,0, ,0.0,0.0,0.0,0.0,0,0,0,0,0,0,0,0
TF,HFE,31.775000,117.301667,0, ,0.0,0.0,0.0,0.0,0,0,0,0,0,0,0,0
TF,OF105,31.838056,117.199167,0, ,0.0,0.0,0.0,0.0,0,0,0,0,0,0,0,0
TF,OF205,32.208333,116.948333,0, ,0.0,0.0,0.0,0.0,2,2960,0,1,210,0,0,0

STAR,ORE02A,33,5
IF,OREVO,31.666667,118.175000, ,0.0,0.0,0,0,0,0,0,0,0,0
TF,LEGIV,31.608333,117.575000,0, ,0.0,0.0,0.0,0.0,0,0,0,0,0,0,0,0
TF,OF212,31.644444,117.450000,0, ,0.0,0.0,0.0,0.0,2,7880,0,0,0,0,0,0
TF,OF211,31.688611,117.295833,0, ,0.0,0.0,0.0,0.0,2,5910,0,0,0,0,0,0
TF,OF108,31.730000,117.151111,0, ,0.0,0.0,0.0,0.0,2,2960,0,1,210,0,0,0

STAR,ORE21A,15,2
IF,OREVO,31.666667,118.175000, ,0.0,0.0,0,0,0,0,0,0,0,0
TF,LEGIV,31.608333,117.575000,0, ,0.0,0.0,0.0,0.0,0,0,0,0,0,0,0,0
TF,THA,31.778333,117.123333,0, ,0.0,0.0,0.0,0.0,0,0,0,0,0,0,0,0
TF,D157O,31.859119,116.902825,0, ,0.0,0.0,0.0,0.0,2,7880,0,1,205,0,0,0

STAR,ORE22A,33,2
IF,OREVO,31.666667,118.175000, ,0.0,0.0,0,0,0,0,0,0,0,0
TF,LEGIV,31.608333,117.575000,0, ,0.0,0.0,0.0,0.0,0,0,0,0,0,0,0,0
TF,D118K,31.705850,117.316628,0, ,0.0,0.0,0.0,0.0,2,5910,0,1,205,0,0,0

STAR,ORE91A,15,2
IF,OREVO,31.666667,118.175000, ,0.0,0.0,0,0,0,0,0,0,0,0
TF,LEGIV,31.608333,117.575000,0, ,0.0,0.0,0.0,0.0,0,0,0,0,0,0,0,0
TF,D117R,31.657367,117.445325,0, ,0.0,0.0,0.0,0.0,2,7880,0,0,0,0,0,0
TF,D117J,31.713919,117.295167,0, ,0.0,0.0,0.0,0.0,2,5910,0,0,0,0,0,0
TF,THA,31.778333,117.123333,0, ,0.0,0.0,0.0,0.0,0,0,0,0,0,0,0,0
TF,D297K,31.850117,116.924297,0, ,0.0,0.0,0.0,0.0,0,0,0,0,0,0,0,0
TF,D154I,31.955578,116.852569,0, ,0.0,0.0,0.0,0.0,2,3940,0,1,205,0,0,0

STAR,ORE92A,33,2
IF,OREVO,31.666667,118.175000, ,0.0,0.0,0,0,0,0,0,0,0,0
TF,LEGIV,31.608333,117.575000,0, ,0.0,0.0,0.0,0.0,0,0,0,0,0,0,0,0
TF,D117R,31.657367,117.445325,0, ,0.0,0.0,0.0,0.0,2,7880,0,0,0,0,0,0
TF,D117J,31.713919,117.295167,0, ,0.0,0.0,0.0,0.0,2,5910,0,1,205,0,0,0

APPTR,D15,15,AKAMI
IF,AKAMI,32.250000,116.952778, ,0.0,0.0,2,3940,0,1,205,0,1,0
CF,NOKUL,32.163333,116.856944,0,XQH,334.2,10.6,228.0,7.1,0,0,0,0,0,0,0,0
CF,CD15,32.134361,116.875597,0,XQH,334.0,8.6,154.0,2.0,2,1970,0,0,0,0,1,0

APPTR,D15,15,D157O
IF,D157O,31.859119,116.902825, ,0.0,0.0,2,7880,0,1,205,0,1,0
CF,HFC,32.080000,116.768333,0,HFC,0.0,0.0,337.0,14.9,2,2960,0,0,0,0,0,1
CF,D325J,32.142328,116.833994,0,XQH,325.0,10.2,64.0,5.0,0,0,0,0,0,0,0,1
CF,CD15,32.134361,116.875597,2,XQH,334.0,8.6,154.0,1.0,2,1970,0,0,0,0,1,0

APPTR,D15,15,D315W
IF,D315W,32.254650,116.619631, ,0.0,0.0,2,3940,0,1,205,0,1,0
CF,GUXUV,32.188333,116.728333,0,HFC,346.6,6.8,134.0,6.8,2,2960,0,0,0,0,0,0
CF,NOKUL,32.163333,116.856944,0,XQH,334.2,10.6,107.0,6.7,0,0,0,0,0,0,0,0
CF,CD15,32.134361,116.875597,0,XQH,334.0,8.6,154.0,2.0,2,1970,0,0,0,0,1,0

FINAL,D15,15,D,3
IF,CD15,32.134361,116.875597,XQH,334.0,8.6,2,1970,0,0,0,0,0,0
CF,FD15,32.077972,116.913900,0,XQH,334.0,4.7,154.0,3.9,2,1970,0,0,0,0,2,0
CF,MD15,32.015783,116.956078,0,XQH,334.0,0.4,154.0,4.3,1,583,0,0,0,0,3,0
CA,0,154.0,2,990,0,0,0,0,0,0
DF,HFC,32.080000,116.768333,2, ,0.0,0.0,1,2960,0,1,205,0,0,0

APPTR,D33,33,D118K
IF,D118K,31.705850,117.316628, ,0.0,0.0,2,5910,0,1,205,0,1,0
CF,THA,31.778333,117.123333,0,THA,0.0,0.0,298.0,10.8,2,2960,0,0,0,0,0,0
CF,CD33,31.839267,117.075433,0,XQH,154.0,11.8,331.0,4.4,2,2300,0,0,0,0,1,0

APPTR,D33,33,D154P
IF,D154P,31.851367,116.922919, ,0.0,0.0,2,4930,0,1,205,0,1,0
CF,D154T,31.784767,116.967781,0,HFC,154.0,20.4,154.0,4.6,2,3940,0,0,0,0,0,1
CF,D160M,31.805494,117.066597,1,XQH,160.0,13.4,64.0,5.0,0,0,0,0,0,0,0,1
CF,CD33,31.839267,117.075433,1,XQH,154.0,11.8,334.0,1.0,2,2300,0,0,0,0,1,0

APPTR,D33,33,KIKEG
IF,KIKEG,31.614444,117.050833, ,0.0,0.0,2,5910,0,1,205,0,1,0
CF,THA,31.778333,117.123333,0,THA,0.0,0.0,25.0,10.5,2,2960,0,0,0,0,0,0
CF,CD33,31.839267,117.075433,0,XQH,154.0,11.8,331.0,4.4,2,2300,0,0,0,0,1,0

APPTR,D33,33,UXALO
IF,UXALO,31.684444,117.008333, ,0.0,0.0,2,4930,0,1,205,0,1,0
CF,THA,31.778333,117.123333,0,THA,0.0,0.0,51.0,8.1,2,2960,0,0,0,0,0,0
CF,CD33,31.839267,117.075433,0,XQH,154.0,11.8,331.0,4.4,2,2300,0,0,0,0,1,0

FINAL,D33,33,D,3
IF,CD33,31.839267,117.075433,XQH,154.0,11.8,2,2300,0,0,0,0,0,0
CF,FD33,31.881236,117.047106,0,XQH,154.0,8.9,334.0,2.9,2,2300,0,0,0,0,2,0
CF,MD33,31.959369,116.994283,0,XQH,154.0,3.5,334.0,5.4,1,589,0,0,0,0,3,0
CF,XQH,32.010000,116.960000,0,XQH,0.0,0.0,334.0,3.5,2,610,0,0,0,0,0,0
CA,0,334.0,2,990,0,0,0,0,0,0
CF,D154P,31.851367,116.922919,1,HFC,154.0,15.8,154.0,9.0,1,4930,0,1,205,0,0,0

APPTR,I15-Y,15,AKAMI
IF,AKAMI,32.250000,116.952778, ,0.0,0.0,2,3940,0,1,205,0,1,0
CF,NOKUL,32.163333,116.856944,0,XQH,334.2,10.6,228.0,7.1,0,0,0,0,0,0,0,0
CF,CI15Y,32.135353,116.876956,0,IHF,334.0,11.2,154.0,2.0,2,1970,0,0,0,0,1,0

APPTR,I15-Y,15,D157O
IF,D157O,31.859119,116.902825, ,0.0,0.0,2,7880,0,1,205,0,1,0
CF,HFC,32.080000,116.768333,0,HFC,0.0,0.0,337.0,14.9,2,2960,0,0,0,0,0,1
CF,D325J,32.142328,116.833994,0,XQH,325.0,10.2,64.0,5.0,0,0,0,0,0,0,0,1
CF,CI15Y,32.135353,116.876956,0,IHF,334.0,11.2,154.0,2.0,2,1970,0,0,0,0,1,0

APPTR,I15-Y,15,D315W
IF,D315W,32.254650,116.619631, ,0.0,0.0,2,3940,0,1,205,0,1,0
CF,GUXUV,32.188333,116.728333,0,XQH,316.2,15.9,134.0,6.8,2,2960,0,0,0,0,0,0
CF,NOKUL,32.163333,116.856944,0,XQH,334.2,10.6,107.0,6.7,0,0,0,0,0,0,0,0
CF,CI15Y,32.135353,116.876956,0,IHF,334.0,11.2,154.0,2.0,2,1970,0,0,0,0,1,0

FINAL,I15-Y,15,I,3
IF,CI15Y,32.135353,116.876956,IHF,334.0,11.2,2,1970,0,0,0,0,0,0
CF,FF15,32.080403,116.914267,0,IHF,334.0,7.4,154.0,3.8,1,1970,0,0,0,0,2,0
CF,RW15,32.001725,116.967600,0,IHF,334.0,2.0,154.0,5.4,1,249,0,0,0,0,3,0
FA,RW15,32.001725,116.967600,0,XQH,0.0,0.0,154.0,2,990,0,0,0,0,0,0
DF,HFC,32.080000,116.768333,2, ,0.0,0.0,1,2960,0,1,205,0,0,0

APPTR,I15-Z,15,OF204
IF,OF204,32.109444,116.747778, ,0.0,0.0,2,2960,0,1,210,0,1,0
TF,NOKUL,32.163333,116.856944,0, ,0.0,0.0,0.0,0.0,2,1970,0,0,0,0,0,0
TF,OF203,32.135000,116.876944,0,IHF,0.0,0.0,0.0,0.0,2,1970,0,0,0,0,1,0

APPTR,I15-Z,15,OF205
IF,OF205,32.208333,116.948333, ,0.0,0.0,2,2960,0,1,210,0,1,0
TF,NOKUL,32.163333,116.856944,0, ,0.0,0.0,0.0,0.0,2,1970,0,0,0,0,0,0
TF,OF203,32.135000,116.876944,0,IHF,0.0,0.0,0.0,0.0,2,1970,0,0,0,0,1,0

APPTR,I15-Z,15,OF216
IF,OF216,32.231389,116.932778, ,0.0,0.0,2,3940,0,1,210,0,1,0
TF,NOKUL,32.163333,116.856944,0, ,0.0,0.0,0.0,0.0,2,1970,0,0,0,0,0,0
TF,OF203,32.135000,116.876944,0,IHF,0.0,0.0,0.0,0.0,2,1970,0,0,0,0,1,0

APPTR,I15-Z,15,OF217
IF,OF217,32.231944,116.663889, ,0.0,0.0,2,3940,0,1,210,0,1,0
TF,GUXUV,32.188333,116.728333,0, ,0.0,0.0,0.0,0.0,0,0,0,0,0,0,0,0
TF,NOKUL,32.163333,116.856944,0, ,0.0,0.0,0.0,0.0,2,1970,0,0,0,0,0,0
TF,OF203,32.135000,116.876944,0,IHF,0.0,0.0,0.0,0.0,2,1970,0,0,0,0,1,0

FINAL,I15-Z,15,I,3
IF,OF203,32.135000,116.876944,IHF,334.0,11.2,2,1970,0,0,0,0,0,0
CF,FF15,32.080403,116.914267,0,IHF,334.0,7.4,154.0,3.8,1,1970,0,0,0,0,2,0
CF,RW15,32.001725,116.967600,0,IHF,334.0,2.0,154.0,5.4,1,249,0,0,0,0,3,0
FD,RW15,32.001725,116.967600,0,XQH,146.0,6.0,154.0,6.0,2,990,0,0,0,0,0,0
DF,OF119,31.956944,116.851389,2, ,0.0,0.0,1,2960,0,1,210,0,0,0
HM,OF119,31.956944,116.851389,2, ,0.0,0.0,334.0,04.3,2,4930,0,1,230,0,0,0,0

APPTR,I33-Y,33,D118K
IF,D118K,31.705850,117.316628, ,0.0,0.0,2,5910,0,1,205,0,1,0
CF,THA,31.778333,117.123333,0,THA,0.0,0.0,298.0,10.8,2,2960,0,0,0,0,0,0
CF,CI33Y,31.840161,117.076806,0,IXQ,154.0,11.3,331.0,4.4,2,2300,0,0,0,0,1,0

APPTR,I33-Y,33,D154P
IF,D154P,31.851367,116.922919, ,0.0,0.0,2,4930,0,1,205,0,1,0
CF,D154T,31.784767,116.967781,0,THA,276.8,8.0,154.0,4.6,2,3940,0,0,0,0,0,1
CF,D160M,31.805494,117.066597,0,THA,303.3,3.3,64.0,5.0,0,0,0,0,0,0,0,1
CF,CI33Y,31.840161,117.076806,0,IXQ,154.0,11.3,334.0,2.0,2,2300,0,0,0,0,1,0

APPTR,I33-Y,33,KIKEG
IF,KIKEG,31.614444,117.050833, ,0.0,0.0,2,5910,0,1,205,0,1,0
CF,THA,31.778333,117.123333,0,THA,0.0,0.0,25.0,10.5,2,2960,0,0,0,0,0,0
CF,CI33Y,31.840161,117.076806,0,IXQ,154.0,11.3,331.0,4.4,2,2300,0,0,0,0,1,0

APPTR,I33-Y,33,UXALO
IF,UXALO,31.684444,117.008333, ,0.0,0.0,2,4930,0,1,205,0,1,0
CF,THA,31.778333,117.123333,0,THA,0.0,0.0,51.0,8.1,2,2960,0,0,0,0,0,0
CF,CI33Y,31.840161,117.076806,0,IXQ,154.0,11.3,331.0,4.4,2,2300,0,0,0,0,1,0

FINAL,I33-Y,33,I,3
IF,CI33Y,31.840161,117.076806,IXQ,154.0,11.3,2,2300,0,0,0,0,0,0
CF,FF33,31.882131,117.048478,0,IXQ,154.0,8.4,334.0,2.9,1,2300,0,0,0,0,2,0
CF,RW33,31.975175,116.985572,0,IXQ,154.0,2.0,334.0,6.4,1,257,0,0,0,0,3,0
FA,RW33,31.975175,116.985572,0,THA,0.0,0.0,334.0,2,990,0,0,0,0,0,0
CF,D154P,31.851367,116.922919,1,THA,297.2,11.1,154.0,8.0,1,4930,0,1,205,0,0,0

APPTR,I33-Z,33,OF105
IF,OF105,31.838056,117.199167, ,0.0,0.0,2,2960,0,1,210,0,1,0
TF,OF104,31.793611,117.108333,0, ,0.0,0.0,0.0,0.0,0,0,0,0,0,0,0,0
TF,OF103,31.824722,117.087222,0,IXQ,0.0,0.0,0.0,0.0,2,2300,0,0,0,0,1,0

APPTR,I33-Z,33,OF106
IF,OF106,31.739444,116.998889, ,0.0,0.0,2,3940,0,1,210,0,1,0
TF,OF104,31.793611,117.108333,0, ,0.0,0.0,0.0,0.0,0,0,0,0,0,0,0,0
TF,OF103,31.824722,117.087222,0,IXQ,0.0,0.0,0.0,0.0,2,2300,0,0,0,0,1,0

APPTR,I33-Z,33,OF108
IF,OF108,31.730000,117.151111, ,0.0,0.0,2,2960,0,1,210,0,1,0
TF,OF104,31.793611,117.108333,0, ,0.0,0.0,0.0,0.0,0,0,0,0,0,0,0,0
TF,OF103,31.824722,117.087222,0,IXQ,0.0,0.0,0.0,0.0,2,2300,0,0,0,0,1,0

FINAL,I33-Z,33,I,3
IF,OF103,31.824722,117.087222,IXQ,154.0,12.4,2,2300,0,0,0,0,0,0
CF,FF33,31.882131,117.048478,0,IXQ,154.0,8.4,334.0,4.0,1,2300,0,0,0,0,2,0
CF,RW33,31.975175,116.985572,0,IXQ,154.0,2.0,334.0,6.4,1,257,0,0,0,0,3,0
FD,RW33,31.975175,116.985572,0,XQH,152.0,3.0,334.0,3.0,2,990,0,0,0,0,0,0
DF,OF119,31.956944,116.851389,1, ,0.0,0.0,1,2960,0,1,210,0,0,0
HM,OF119,31.956944,116.851389,1, ,0.0,0.0,154.0,04.3,2,4930,0,1,230,0,0,0,0

