SID,DOV01D,35,2
DF,DER35,36.371000,120.071667,0, ,0.0,0.0,0,0,0,0,0,0,0,1
CF,JD602,36.645250,119.853417,0,JDG,334.2,19.0,335.0,20.0,2,4930,0,1,205,0,0,0
TF,GUTVO,36.816944,119.785556,0, ,0.0,0.0,0.0,0.0,2,9850,0,0,0,0,0,0
TF,UPDAD,37.588889,119.630278,0, ,0.0,0.0,0.0,0.0,2,19700,0,0,0,0,0,0
TF,DOVIV,38.111111,119.532500,0, ,0.0,0.0,0.0,0.0,0,0,0,0,0,0,0,0

SID,DOV02D,34,2
DF,DER34,36.381278,120.093167,0, ,0.0,0.0,0,0,0,0,0,0,0,1
CA,0,350.0,2,1320,0,0,0,0,0,0
CF,JD614,36.848333,119.908333,0,JDG,351.9,29.2,350.0,27.0,0,0,0,0,0,0,0,0
TF,GUTVO,36.816944,119.785556,0, ,0.0,0.0,0.0,0.0,2,9850,0,1,205,0,0,0
TF,UPDAD,37.588889,119.630278,2, ,0.0,0.0,0.0,0.0,2,19700,0,0,0,0,0,0
TF,DOVIV,38.111111,119.532500,0, ,0.0,0.0,0.0,0.0,0,0,0,0,0,0,0,0

SID,DOV11D,16,1
DF,DER16,36.350361,120.105333,0, ,0.0,0.0,0,0,0,0,0,0,0,1
CA,0,170.0,2,4930,0,0,0,0,0,0
DF,JDW,36.330000,119.976667,2, ,0.0,0.0,2,9850,0,1,205,0,0,0

SID,DOV11D,17,1
DF,DER17,36.340083,120.083833,0, ,0.0,0.0,0,0,0,0,0,0,0,1
CA,0,170.0,2,4930,0,0,0,0,0,0
DF,JDW,36.330000,119.976667,2, ,0.0,0.0,2,9850,0,1,205,0,0,0

SID,DOV11D,ALL,2
IF,JDW,36.330000,119.976667, ,0.0,0.0,2,9850,0,1,205,0,0,0
TF,GUTVO,36.816944,119.785556,0, ,0.0,0.0,0.0,0.0,0,0,0,0,0,0,0,0
TF,UPDAD,37.588889,119.630278,0, ,0.0,0.0,0.0,0.0,2,19700,0,0,0,0,0,0
TF,DOVIV,38.111111,119.532500,0, ,0.0,0.0,0.0,0.0,0,0,0,0,0,0,0,0

SID,DOV12D,16,1
DF,DER16,36.350361,120.105333,0, ,0.0,0.0,0,0,0,0,0,0,0,1
CA,0,170.0,2,990,0,0,0,0,0,0
DF,JDE,36.290000,120.253333,1, ,0.0,0.0,0,0,0,1,205,0,0,0

SID,DOV12D,17,1
DF,DER17,36.340083,120.083833,0, ,0.0,0.0,0,0,0,0,0,0,0,1
CA,0,170.0,2,990,0,0,0,0,0,0
DF,JDE,36.290000,120.253333,1, ,0.0,0.0,0,0,0,1,205,0,0,0

SID,DOV12D,ALL,2
IF,JDE,36.290000,120.253333, ,0.0,0.0,0,0,0,1,205,0,0,0
TF,JDE34,36.837253,120.045122,0, ,0.0,0.0,0.0,0.0,2,12800,0,0,0,0,0,1
CF,GUTVO,36.816944,119.785556,1,JDE,331.5,38.8,260.0,11.0,0,0,0,0,0,0,0,0
TF,UPDAD,37.588889,119.630278,2, ,0.0,0.0,0.0,0.0,2,19700,0,0,0,0,0,0
TF,DOVIV,38.111111,119.532500,0, ,0.0,0.0,0.0,0.0,0,0,0,0,0,0,0,0

SID,DOV81D,16,4
DF,DER16,36.350361,120.105333,0, ,0.0,0.0,0,0,0,0,0,0,0,1
CA,0,170.0,2,4930,0,0,0,0,0,0
DF,JD502,36.202694,119.920694,2, ,0.0,0.0,2,9850,0,1,250,0,0,0

SID,DOV81D,17,4
DF,DER17,36.340083,120.083833,0, ,0.0,0.0,0,0,0,0,0,0,0,1
CA,0,170.0,2,4930,0,0,0,0,0,0
DF,JD502,36.202694,119.920694,2, ,0.0,0.0,2,9850,0,1,250,0,0,0

SID,DOV81D,ALL,5
IF,JD502,36.202694,119.920694, ,0.0,0.0,2,9850,0,1,250,0,0,0
TF,JD504,36.624361,119.753250,0, ,0.0,0.0,0.0,0.0,0,0,0,0,0,0,0,0
TF,GUTVO,36.816944,119.785556,0, ,0.0,0.0,0.0,0.0,0,0,0,0,0,0,0,0
TF,UPDAD,37.588889,119.630278,0, ,0.0,0.0,0.0,0.0,2,19700,0,0,0,0,0,0
TF,DOVIV,38.111111,119.532500,0, ,0.0,0.0,0.0,0.0,0,0,0,0,0,0,0,0

SID,DOV82D,16,4
DF,DER16,36.350361,120.105333,0, ,0.0,0.0,0,0,0,0,0,0,0,1
CA,0,170.0,2,500,0,0,0,0,0,0
CF,JD511,36.267278,120.171000,0,WFG,120.8,55.7,155.0,6.0,0,0,0,0,0,0,0,0
TF,JD512,36.313917,120.353222,0, ,0.0,0.0,0.0,0.0,2,3940,0,1,250,0,0,0

SID,DOV82D,17,4
DF,DER17,36.340083,120.083833,0, ,0.0,0.0,0,0,0,0,0,0,0,1
CF,JD501,36.253611,120.117806,0,WFG,122.7,53.7,170.0,6.0,0,0,0,0,0,0,0,0
TF,JD512,36.313917,120.353222,0, ,0.0,0.0,0.0,0.0,2,3940,0,1,250,0,0,0

SID,DOV82D,ALL,5
IF,JD512,36.313917,120.353222, ,0.0,0.0,2,3940,0,1,250,0,0,0
TF,JD514,36.902444,120.122250,0, ,0.0,0.0,0.0,0.0,2,12800,0,0,0,0,0,0
TF,GUTVO,36.816944,119.785556,0, ,0.0,0.0,0.0,0.0,0,0,0,0,0,0,0,0
TF,UPDAD,37.588889,119.630278,2, ,0.0,0.0,0.0,0.0,2,19700,0,0,0,0,0,0
TF,DOVIV,38.111111,119.532500,0, ,0.0,0.0,0.0,0.0,0,0,0,0,0,0,0,0

SID,DOV91D,34,4
DF,DER34,36.381278,120.093167,0, ,0.0,0.0,0,0,0,0,0,0,0,1
CF,JD614,36.848333,119.908333,0,DYN,133.8,67.5,350.0,29.0,0,0,0,0,0,0,0,0
TF,GUTVO,36.816944,119.785556,0, ,0.0,0.0,0.0,0.0,2,9850,0,0,0,0,0,0

SID,DOV91D,35,4
DF,DER35,36.371000,120.071667,0, ,0.0,0.0,0,0,0,0,0,0,0,1
CA,0,350.0,2,500,0,0,0,0,0,0
CF,JD601,36.487417,119.979250,0,JDG,334.1,7.8,335.0,8.0,0,0,0,0,0,0,0,0
TF,JD602,36.645250,119.853417,0, ,0.0,0.0,0.0,0.0,2,4930,0,0,0,0,0,0
TF,GUTVO,36.816944,119.785556,0, ,0.0,0.0,0.0,0.0,2,9850,0,0,0,0,0,0

SID,DOV91D,ALL,5
IF,GUTVO,36.816944,119.785556, ,0.0,0.0,2,9850,0,0,0,0,0,0
TF,UPDAD,37.588889,119.630278,0, ,0.0,0.0,0.0,0.0,2,19700,0,0,0,0,0,0
TF,DOVIV,38.111111,119.532500,0, ,0.0,0.0,0.0,0.0,0,0,0,0,0,0,0,0

SID,DYN01D,35,2
DF,DER35,36.371000,120.071667,0, ,0.0,0.0,0,0,0,0,0,0,0,1
CF,JD602,36.645250,119.853417,0,WFG,96.9,35.4,335.0,20.0,2,4930,0,1,205,0,0,0
TF,GUTVO,36.816944,119.785556,0, ,0.0,0.0,0.0,0.0,2,9850,0,0,0,0,0,0
TF,UPDAD,37.588889,119.630278,0, ,0.0,0.0,0.0,0.0,2,19700,0,0,0,0,0,0
TF,DYN,37.528333,118.786667,0, ,0.0,0.0,0.0,0.0,0,0,0,0,0,0,0,0

SID,DYN02D,34,2
DF,DER34,36.381278,120.093167,0, ,0.0,0.0,0,0,0,0,0,0,0,1
CA,0,350.0,2,1320,0,0,0,0,0,0
CF,JD614,36.848333,119.908333,0,JDG,351.9,29.2,350.0,27.0,0,0,0,0,0,0,0,0
TF,GUTVO,36.816944,119.785556,0, ,0.0,0.0,0.0,0.0,2,9850,0,1,205,0,0,0
TF,UPDAD,37.588889,119.630278,2, ,0.0,0.0,0.0,0.0,2,19700,0,0,0,0,0,0
TF,DYN,37.528333,118.786667,0, ,0.0,0.0,0.0,0.0,0,0,0,0,0,0,0,0

SID,DYN11D,16,1
DF,DER16,36.350361,120.105333,0, ,0.0,0.0,0,0,0,0,0,0,0,1
CA,0,170.0,2,4930,0,0,0,0,0,0
DF,JDW,36.330000,119.976667,2, ,0.0,0.0,2,9850,0,1,205,0,0,0

SID,DYN11D,17,1
DF,DER17,36.340083,120.083833,0, ,0.0,0.0,0,0,0,0,0,0,0,1
CA,0,170.0,2,4930,0,0,0,0,0,0
DF,JDW,36.330000,119.976667,2, ,0.0,0.0,2,9850,0,1,205,0,0,0

SID,DYN11D,ALL,2
IF,JDW,36.330000,119.976667, ,0.0,0.0,2,9850,0,1,205,0,0,0
TF,GUTVO,36.816944,119.785556,0, ,0.0,0.0,0.0,0.0,0,0,0,0,0,0,0,0
TF,UPDAD,37.588889,119.630278,0, ,0.0,0.0,0.0,0.0,2,19700,0,0,0,0,0,0
TF,DYN,37.528333,118.786667,0, ,0.0,0.0,0.0,0.0,0,0,0,0,0,0,0,0

SID,DYN12D,16,1
DF,DER16,36.350361,120.105333,0, ,0.0,0.0,0,0,0,0,0,0,0,1
CA,0,170.0,2,990,0,0,0,0,0,0
DF,JDE,36.290000,120.253333,1, ,0.0,0.0,0,0,0,1,205,0,0,0

SID,DYN12D,17,1
DF,DER17,36.340083,120.083833,0, ,0.0,0.0,0,0,0,0,0,0,0,1
CA,0,170.0,2,990,0,0,0,0,0,0
DF,JDE,36.290000,120.253333,1, ,0.0,0.0,0,0,0,1,205,0,0,0

SID,DYN12D,ALL,2
IF,JDE,36.290000,120.253333, ,0.0,0.0,0,0,0,1,205,0,0,0
TF,JDE34,36.837253,120.045122,0, ,0.0,0.0,0.0,0.0,2,12800,0,0,0,0,0,1
CF,GUTVO,36.816944,119.785556,1,JDE,331.5,38.8,260.0,11.0,0,0,0,0,0,0,0,0
TF,UPDAD,37.588889,119.630278,2, ,0.0,0.0,0.0,0.0,2,19700,0,0,0,0,0,0
TF,DYN,37.528333,118.786667,0, ,0.0,0.0,0.0,0.0,0,0,0,0,0,0,0,0

SID,DYN81D,16,4
DF,DER16,36.350361,120.105333,0, ,0.0,0.0,0,0,0,0,0,0,0,1
CA,0,170.0,2,4930,0,0,0,0,0,0
DF,JD502,36.202694,119.920694,2, ,0.0,0.0,2,9850,0,1,250,0,0,0

SID,DYN81D,17,4
DF,DER17,36.340083,120.083833,0, ,0.0,0.0,0,0,0,0,0,0,0,1
CA,0,170.0,2,4930,0,0,0,0,0,0
DF,JD502,36.202694,119.920694,2, ,0.0,0.0,2,9850,0,1,250,0,0,0

SID,DYN81D,ALL,5
IF,JD502,36.202694,119.920694, ,0.0,0.0,2,9850,0,1,250,0,0,0
TF,JD504,36.624361,119.753250,0, ,0.0,0.0,0.0,0.0,0,0,0,0,0,0,0,0
TF,GUTVO,36.816944,119.785556,0, ,0.0,0.0,0.0,0.0,0,0,0,0,0,0,0,0
TF,UPDAD,37.588889,119.630278,0, ,0.0,0.0,0.0,0.0,2,19700,0,0,0,0,0,0
TF,DYN,37.528333,118.786667,0, ,0.0,0.0,0.0,0.0,0,0,0,0,0,0,0,0

SID,DYN82D,16,4
DF,DER16,36.350361,120.105333,0, ,0.0,0.0,0,0,0,0,0,0,0,1
CA,0,170.0,2,500,0,0,0,0,0,0
CF,JD511,36.267278,120.171000,0,WFG,120.8,55.7,155.0,6.0,0,0,0,0,0,0,0,0
TF,JD512,36.313917,120.353222,0, ,0.0,0.0,0.0,0.0,2,3940,0,1,250,0,0,0

SID,DYN82D,17,4
DF,DER17,36.340083,120.083833,0, ,0.0,0.0,0,0,0,0,0,0,0,1
CF,JD501,36.253611,120.117806,0,WFG,122.7,53.7,170.0,6.0,0,0,0,0,0,0,0,0
TF,JD512,36.313917,120.353222,0, ,0.0,0.0,0.0,0.0,2,3940,0,1,250,0,0,0

SID,DYN82D,ALL,5
IF,JD512,36.313917,120.353222, ,0.0,0.0,2,3940,0,1,250,0,0,0
TF,JD514,36.902444,120.122250,0, ,0.0,0.0,0.0,0.0,2,12800,0,0,0,0,0,0
TF,GUTVO,36.816944,119.785556,0, ,0.0,0.0,0.0,0.0,0,0,0,0,0,0,0,0
TF,UPDAD,37.588889,119.630278,2, ,0.0,0.0,0.0,0.0,2,19700,0,0,0,0,0,0
TF,DYN,37.528333,118.786667,0, ,0.0,0.0,0.0,0.0,0,0,0,0,0,0,0,0

SID,DYN91D,34,4
DF,DER34,36.381278,120.093167,0, ,0.0,0.0,0,0,0,0,0,0,0,1
CF,JD614,36.848333,119.908333,0,WFG,79.1,39.9,350.0,29.0,0,0,0,0,0,0,0,0
TF,GUTVO,36.816944,119.785556,0, ,0.0,0.0,0.0,0.0,2,9850,0,0,0,0,0,0

SID,DYN91D,35,4
DF,DER35,36.371000,120.071667,0, ,0.0,0.0,0,0,0,0,0,0,0,1
CA,0,350.0,2,500,0,0,0,0,0,0
CF,JD601,36.487417,119.979250,0,JDG,334.1,7.8,335.0,8.0,0,0,0,0,0,0,0,0
TF,JD602,36.645250,119.853417,0, ,0.0,0.0,0.0,0.0,2,4930,0,0,0,0,0,0
TF,GUTVO,36.816944,119.785556,0, ,0.0,0.0,0.0,0.0,2,9850,0,0,0,0,0,0

SID,DYN91D,ALL,5
IF,GUTVO,36.816944,119.785556, ,0.0,0.0,2,9850,0,0,0,0,0,0
TF,UPDAD,37.588889,119.630278,0, ,0.0,0.0,0.0,0.0,2,19700,0,0,0,0,0,0
TF,DYN,37.528333,118.786667,0, ,0.0,0.0,0.0,0.0,0,0,0,0,0,0,0,0

SID,LAT01D,34,2
DF,DER34,36.381278,120.093167,0, ,0.0,0.0,0,0,0,0,0,0,0,1
CA,0,350.0,2,1320,0,0,0,0,0,0
DF,JDE,36.290000,120.253333,2, ,0.0,0.0,2,2960,0,1,205,0,0,0
TF,LAROP,35.731667,120.615556,0, ,0.0,0.0,0.0,0.0,0,0,0,0,0,0,0,0
TF,LATUX,35.483333,120.783333,0, ,0.0,0.0,0.0,0.0,0,0,0,0,0,0,0,0

SID,LAT11D,16,1
DF,DER16,36.350361,120.105333,0, ,0.0,0.0,0,0,0,0,0,0,0,1
CA,0,170.0,2,990,0,0,0,0,0,0
DF,JDE,36.290000,120.253333,1, ,0.0,0.0,0,0,0,1,205,0,0,0

SID,LAT11D,17,1
DF,DER17,36.340083,120.083833,0, ,0.0,0.0,0,0,0,0,0,0,0,1
CA,0,170.0,2,990,0,0,0,0,0,0
DF,JDE,36.290000,120.253333,1, ,0.0,0.0,0,0,0,1,205,0,0,0

SID,LAT11D,ALL,2
IF,JDE,36.290000,120.253333, ,0.0,0.0,0,0,0,1,205,0,0,0
TF,LAROP,35.731667,120.615556,0, ,0.0,0.0,0.0,0.0,0,0,0,0,0,0,0,0
TF,LATUX,35.483333,120.783333,0, ,0.0,0.0,0.0,0.0,0,0,0,0,0,0,0,0

SID,LAT81D,16,4
DF,DER16,36.350361,120.105333,0, ,0.0,0.0,0,0,0,0,0,0,0,1
CA,0,170.0,2,500,0,0,0,0,0,0
CF,JD511,36.267278,120.171000,0,WFG,120.8,55.7,155.0,6.0,0,0,0,0,0,0,0,0
TF,JD512,36.313917,120.353222,0, ,0.0,0.0,0.0,0.0,2,3940,0,1,250,0,0,0

SID,LAT81D,17,4
DF,DER17,36.340083,120.083833,0, ,0.0,0.0,0,0,0,0,0,0,0,1
CF,JD501,36.253611,120.117806,0,WFG,122.7,53.7,170.0,6.0,0,0,0,0,0,0,0,0
TF,JD512,36.313917,120.353222,0, ,0.0,0.0,0.0,0.0,2,3940,0,1,250,0,0,0

SID,LAT81D,ALL,5
IF,JD512,36.313917,120.353222, ,0.0,0.0,2,3940,0,1,250,0,0,0
TF,IPMIN,35.959167,120.490833,0, ,0.0,0.0,0.0,0.0,0,0,0,0,0,0,0,0
TF,LAROP,35.731667,120.615556,0, ,0.0,0.0,0.0,0.0,0,0,0,0,0,0,0,0
TF,LATUX,35.483333,120.783333,0, ,0.0,0.0,0.0,0.0,0,0,0,0,0,0,0,0

SID,LAT91D,34,4
DF,DER34,36.381278,120.093167,0, ,0.0,0.0,0,0,0,0,0,0,0,1
CF,JD611,36.504278,120.044722,0,JDG,359.0,7.6,350.0,8.0,0,0,0,0,0,0,0,0
TF,JD612,36.558806,120.257583,0, ,0.0,0.0,0.0,0.0,2,3940,0,1,250,0,0,0

SID,LAT91D,35,4
DF,DER35,36.371000,120.071667,0, ,0.0,0.0,0,0,0,0,0,0,0,1
CA,0,350.0,2,500,0,0,0,0,0,0
CF,JD601,36.487417,119.979250,0,JDG,334.1,7.8,335.0,8.0,0,0,0,0,0,0,0,0
TF,JD612,36.558806,120.257583,2, ,0.0,0.0,0.0,0.0,2,3940,0,1,250,0,0,0

SID,LAT91D,ALL,5
IF,JD612,36.558806,120.257583, ,0.0,0.0,2,3940,0,1,250,0,0,0
TF,IPMIN,35.959167,120.490833,0, ,0.0,0.0,0.0,0.0,2,9850,0,0,0,0,0,0
TF,LAROP,35.731667,120.615556,0, ,0.0,0.0,0.0,0.0,0,0,0,0,0,0,0,0
TF,LATUX,35.483333,120.783333,0, ,0.0,0.0,0.0,0.0,0,0,0,0,0,0,0,0

SID,TEK01D,34,2
DF,DER34,36.381278,120.093167,0, ,0.0,0.0,0,0,0,0,0,0,0,1
CA,0,350.0,2,1320,0,0,0,0,0,0
DF,JD613,36.586833,120.367722,0, ,0.0,0.0,2,2960,0,1,205,0,0,0
TF,LUPSA,36.855833,120.470833,0, ,0.0,0.0,0.0,0.0,2,11800,0,0,0,0,0,0
TF,TEKAM,37.586111,120.754722,0, ,0.0,0.0,0.0,0.0,0,0,0,0,0,0,0,0

SID,TEK11D,16,1
DF,DER16,36.350361,120.105333,0, ,0.0,0.0,0,0,0,0,0,0,0,1
CA,0,170.0,2,990,0,0,0,0,0,0
DF,JDE,36.290000,120.253333,1, ,0.0,0.0,0,0,0,1,205,0,0,0

SID,TEK11D,17,1
DF,DER17,36.340083,120.083833,0, ,0.0,0.0,0,0,0,0,0,0,0,1
CA,0,170.0,2,990,0,0,0,0,0,0
DF,JDE,36.290000,120.253333,1, ,0.0,0.0,0,0,0,1,205,0,0,0

SID,TEK11D,ALL,2
IF,JDE,36.290000,120.253333, ,0.0,0.0,0,0,0,1,205,0,0,0
TF,LUPSA,36.855833,120.470833,0, ,0.0,0.0,0.0,0.0,2,11800,0,0,0,0,0,0
TF,TEKAM,37.586111,120.754722,0, ,0.0,0.0,0.0,0.0,0,0,0,0,0,0,0,0

SID,TEK81D,16,4
DF,DER16,36.350361,120.105333,0, ,0.0,0.0,0,0,0,0,0,0,0,1
CA,0,170.0,2,500,0,0,0,0,0,0
CF,JD511,36.267278,120.171000,0,WFG,120.8,55.7,155.0,6.0,0,0,0,0,0,0,0,0
TF,JD512,36.313917,120.353222,0, ,0.0,0.0,0.0,0.0,2,3940,0,1,250,0,0,0

SID,TEK81D,17,4
DF,DER17,36.340083,120.083833,0, ,0.0,0.0,0,0,0,0,0,0,0,1
CF,JD501,36.253611,120.117806,0,WFG,122.7,53.7,170.0,6.0,0,0,0,0,0,0,0,0
TF,JD512,36.313917,120.353222,0, ,0.0,0.0,0.0,0.0,2,3940,0,1,250,0,0,0

SID,TEK81D,ALL,5
IF,JD512,36.313917,120.353222, ,0.0,0.0,2,3940,0,1,250,0,0,0
TF,JD513,36.430028,120.307944,0, ,0.0,0.0,0.0,0.0,0,0,0,0,0,0,0,0
TF,LUPSA,36.855833,120.470833,0, ,0.0,0.0,0.0,0.0,2,11800,0,0,0,0,0,0
TF,TEKAM,37.586111,120.754722,0, ,0.0,0.0,0.0,0.0,0,0,0,0,0,0,0,0

SID,TEK91D,34,4
DF,DER34,36.381278,120.093167,0, ,0.0,0.0,0,0,0,0,0,0,0,1
CF,JD611,36.504278,120.044722,0,JDG,359.0,7.6,350.0,8.0,0,0,0,0,0,0,0,0
TF,JD612,36.558806,120.257583,0, ,0.0,0.0,0.0,0.0,2,3940,0,1,250,0,0,0

SID,TEK91D,35,4
DF,DER35,36.371000,120.071667,0, ,0.0,0.0,0,0,0,0,0,0,0,1
CA,0,350.0,2,500,0,0,0,0,0,0
CF,JD601,36.487417,119.979250,0,JDG,334.1,7.8,335.0,8.0,0,0,0,0,0,0,0,0
TF,JD612,36.558806,120.257583,2, ,0.0,0.0,0.0,0.0,2,3940,0,1,250,0,0,0

SID,TEK91D,ALL,5
IF,JD612,36.558806,120.257583, ,0.0,0.0,2,3940,0,1,250,0,0,0
TF,JD613,36.586833,120.367722,0, ,0.0,0.0,0.0,0.0,0,0,0,0,0,0,0,0
TF,LUPSA,36.855833,120.470833,0, ,0.0,0.0,0.0,0.0,2,11800,0,0,0,0,0,0
TF,TEKAM,37.586111,120.754722,0, ,0.0,0.0,0.0,0.0,0,0,0,0,0,0,0,0

SID,WFG01D,35,2
DF,DER35,36.371000,120.071667,0, ,0.0,0.0,0,0,0,0,0,0,0,1
CF,JD602,36.645250,119.853417,0,JDG,334.2,19.0,335.0,20.0,2,4930,0,1,205,0,0,0
TF,GUTVO,36.816944,119.785556,0, ,0.0,0.0,0.0,0.0,2,9850,0,0,0,0,0,0
TF,JD113,36.704639,119.350000,0, ,0.0,0.0,0.0,0.0,2,12800,0,0,0,0,0,0
TF,WFG,36.646667,119.120000,0, ,0.0,0.0,0.0,0.0,2,14800,0,0,0,0,0,0

SID,WFG02D,34,2
DF,DER34,36.381278,120.093167,0, ,0.0,0.0,0,0,0,0,0,0,0,1
CA,0,350.0,2,1320,0,0,0,0,0,0
CF,JD614,36.848333,119.908333,0,WFG,79.1,39.9,350.0,27.0,0,0,0,0,0,0,0,0
TF,GUTVO,36.816944,119.785556,0, ,0.0,0.0,0.0,0.0,2,9850,0,1,205,0,0,0
TF,JD113,36.704639,119.350000,0, ,0.0,0.0,0.0,0.0,2,12800,0,0,0,0,0,0
TF,WFG,36.646667,119.120000,0, ,0.0,0.0,0.0,0.0,2,14800,0,0,0,0,0,0

SID,WFG11D,16,1
DF,DER16,36.350361,120.105333,0, ,0.0,0.0,0,0,0,0,0,0,0,1
CA,0,170.0,2,4930,0,0,0,0,0,0
DF,JDW,36.330000,119.976667,2, ,0.0,0.0,2,9850,0,1,205,0,0,0

SID,WFG11D,17,1
DF,DER17,36.340083,120.083833,0, ,0.0,0.0,0,0,0,0,0,0,0,1
CA,0,170.0,2,4930,0,0,0,0,0,0
DF,JDW,36.330000,119.976667,2, ,0.0,0.0,2,9850,0,1,205,0,0,0

SID,WFG11D,ALL,2
IF,JDW,36.330000,119.976667, ,0.0,0.0,2,9850,0,1,205,0,0,0
TF,YO,36.438333,119.688333,0, ,0.0,0.0,0.0,0.0,2,12800,0,0,0,0,0,0
TF,WFG,36.646667,119.120000,0, ,0.0,0.0,0.0,0.0,0,0,0,0,0,0,0,0

SID,WFG81D,16,4
DF,DER16,36.350361,120.105333,0, ,0.0,0.0,0,0,0,0,0,0,0,1
CA,0,170.0,2,4930,0,0,0,0,0,0
DF,JD502,36.202694,119.920694,2, ,0.0,0.0,2,9850,0,1,250,0,0,0

SID,WFG81D,17,4
DF,DER17,36.340083,120.083833,0, ,0.0,0.0,0,0,0,0,0,0,0,1
CA,0,170.0,2,4930,0,0,0,0,0,0
DF,JD502,36.202694,119.920694,2, ,0.0,0.0,2,9850,0,1,250,0,0,0

SID,WFG81D,ALL,5
IF,JD502,36.202694,119.920694, ,0.0,0.0,2,9850,0,1,250,0,0,0
TF,JD503,36.378361,119.851167,0, ,0.0,0.0,0.0,0.0,0,0,0,0,0,0,0,0
TF,YO,36.438333,119.688333,0, ,0.0,0.0,0.0,0.0,2,12800,0,0,0,0,0,0
TF,WFG,36.646667,119.120000,0, ,0.0,0.0,0.0,0.0,0,0,0,0,0,0,0,0

SID,WFG91D,34,4
DF,DER34,36.381278,120.093167,0, ,0.0,0.0,0,0,0,0,0,0,0,1
CF,JD614,36.848333,119.908333,0,JDG,351.9,29.2,350.0,29.0,0,0,0,0,0,0,0,0
TF,GUTVO,36.816944,119.785556,0, ,0.0,0.0,0.0,0.0,2,9850,0,0,0,0,0,0

SID,WFG91D,35,4
DF,DER35,36.371000,120.071667,0, ,0.0,0.0,0,0,0,0,0,0,0,1
CA,0,350.0,2,500,0,0,0,0,0,0
CF,JD601,36.487417,119.979250,0,JDG,334.1,7.8,335.0,8.0,0,0,0,0,0,0,0,0
TF,JD602,36.645250,119.853417,0, ,0.0,0.0,0.0,0.0,2,4930,0,0,0,0,0,0
TF,GUTVO,36.816944,119.785556,0, ,0.0,0.0,0.0,0.0,2,9850,0,0,0,0,0,0

SID,WFG91D,ALL,5
IF,GUTVO,36.816944,119.785556, ,0.0,0.0,2,9850,0,0,0,0,0,0
TF,JD113,36.704639,119.350000,0, ,0.0,0.0,0.0,0.0,2,12800,0,0,0,0,0,0
TF,WFG,36.646667,119.120000,0, ,0.0,0.0,0.0,0.0,0,0,0,0,0,0,0,0

STAR,DYN01A,ALL,2
IF,DYN,37.528333,118.786667, ,0.0,0.0,0,0,0,0,0,0,0,0
TF,UPDAD,37.588889,119.630278,0, ,0.0,0.0,0.0,0.0,2,19700,0,0,0,0,0,0
TF,GUTVO,36.816944,119.785556,0, ,0.0,0.0,0.0,0.0,0,0,0,0,0,0,0,0

STAR,DYN01A,34,3
IF,GUTVO,36.816944,119.785556, ,0.0,0.0,0,0,0,0,0,0,0,0
TF,JDW,36.330000,119.976667,0, ,0.0,0.0,0.0,0.0,2,9850,0,1,205,0,0,0

STAR,DYN01A,35,3
IF,GUTVO,36.816944,119.785556, ,0.0,0.0,0,0,0,0,0,0,0,0
TF,JDW,36.330000,119.976667,0, ,0.0,0.0,0.0,0.0,2,9850,0,1,205,0,0,0

STAR,DYN11A,17,2
IF,DYN,37.528333,118.786667, ,0.0,0.0,0,0,0,0,0,0,0,0
TF,UPDAD,37.588889,119.630278,0, ,0.0,0.0,0.0,0.0,2,19700,0,0,0,0,0,0
TF,GUTVO,36.816944,119.785556,0, ,0.0,0.0,0.0,0.0,2,9850,0,0,0,0,0,0
TF,WFG37,36.834472,119.850894,1, ,0.0,0.0,0.0,0.0,0,0,0,0,0,0,0,1
CF,JD105,36.718167,119.934389,2,JDG,349.6,21.3,170.0,7.0,2,5910,0,1,205,0,0,0

STAR,DYN81A,17,5
IF,DYN,37.528333,118.786667, ,0.0,0.0,0,0,0,0,0,0,0,0
TF,UPDAD,37.588889,119.630278,0, ,0.0,0.0,0.0,0.0,2,19700,0,0,0,0,0,0
TF,GUTVO,36.816944,119.785556,0, ,0.0,0.0,0.0,0.0,2,9850,0,0,0,0,0,0
TF,JD110,36.842306,119.885000,1, ,0.0,0.0,0.0,0.0,2,7880,0,1,210,0,0,0

STAR,DYN91A,35,5
IF,DYN,37.528333,118.786667, ,0.0,0.0,0,0,0,0,0,0,0,0
TF,UPDAD,37.588889,119.630278,0, ,0.0,0.0,0.0,0.0,2,19700,0,0,0,0,0,0
TF,GUTVO,36.816944,119.785556,0, ,0.0,0.0,0.0,0.0,0,0,0,0,0,0,0,0
TF,JD602,36.645250,119.853417,0, ,0.0,0.0,0.0,0.0,2,11800,0,0,0,0,0,0
TF,JD205,36.040056,120.092333,0, ,0.0,0.0,0.0,0.0,2,3940,0,1,210,0,0,0

STAR,HCH01A,ALL,2
IF,HCH,37.655000,120.545000, ,0.0,0.0,0,0,0,0,0,0,0,0
TF,NOKUD,36.941111,120.275556,0, ,0.0,0.0,0.0,0.0,2,11800,0,0,0,0,0,0
TF,WFG48,36.886947,120.058958,0, ,0.0,0.0,0.0,0.0,0,0,0,0,0,0,0,1

STAR,HCH01A,34,3
IF,WFG48,36.886947,120.058958, ,0.0,0.0,0,0,0,0,0,0,0,0
CF,JDE,36.290000,120.253333,0,JDE,0.0,0.0,170.0,37.0,2,5910,0,1,205,0,0,0

STAR,HCH01A,35,3
IF,WFG48,36.886947,120.058958, ,0.0,0.0,0,0,0,0,0,0,0,0
CF,JDE,36.290000,120.253333,0,JDE,0.0,0.0,170.0,37.0,2,5910,0,1,205,0,0,0

STAR,HCH11A,17,2
IF,HCH,37.655000,120.545000, ,0.0,0.0,0,0,0,0,0,0,0,0
TF,NOKUD,36.941111,120.275556,0, ,0.0,0.0,0.0,0.0,2,11800,0,0,0,0,0,0
TF,WFG40,36.851003,119.916256,0, ,0.0,0.0,0.0,0.0,0,0,0,0,0,0,0,1
CF,JD105,36.718167,119.934389,1,JDG,349.6,21.3,170.0,7.0,2,5910,0,1,205,0,0,0

STAR,HCH81A,17,5
IF,HCH,37.655000,120.545000, ,0.0,0.0,0,0,0,0,0,0,0,0
TF,NOKUD,36.941111,120.275556,0, ,0.0,0.0,0.0,0.0,2,11800,0,1,230,0,0,0
TF,JD110,36.842306,119.885000,0, ,0.0,0.0,0.0,0.0,2,7880,0,1,210,0,0,0

STAR,HCH82A,16,5
IF,HCH,37.655000,120.545000, ,0.0,0.0,0,0,0,0,0,0,0,0
TF,NOKUD,36.941111,120.275556,0, ,0.0,0.0,0.0,0.0,2,11800,0,1,230,0,0,0
TF,JD306,36.877250,120.022528,0, ,0.0,0.0,0.0,0.0,2,7880,0,0,0,0,0,0
TF,JD305,36.662944,120.107333,0, ,0.0,0.0,0.0,0.0,1,2960,0,1,210,0,0,0

STAR,HCH91A,ALL,5
IF,HCH,37.655000,120.545000, ,0.0,0.0,0,0,0,0,0,0,0,0
TF,NOKUD,36.941111,120.275556,0, ,0.0,0.0,0.0,0.0,2,11800,0,0,0,0,0,0
TF,JD306,36.877250,120.022528,0, ,0.0,0.0,0.0,0.0,0,0,0,0,0,0,0,0
TF,JD900,36.288639,120.254278,0, ,0.0,0.0,0.0,0.0,2,5910,0,0,0,0,0,0

STAR,HCH91A,34,6
IF,JD900,36.288639,120.254278, ,0.0,0.0,2,5910,0,0,0,0,0,0
TF,JD405,36.100528,120.327556,0, ,0.0,0.0,0.0,0.0,1,2960,0,1,210,0,0,0

STAR,HCH91A,35,6
IF,JD900,36.288639,120.254278, ,0.0,0.0,2,5910,0,0,0,0,0,0
TF,JD405,36.100528,120.327556,0, ,0.0,0.0,0.0,0.0,2,3940,0,1,210,0,0,0

STAR,IDV01A,ALL,2
IF,IDVEL,35.380833,120.581944, ,0.0,0.0,0,0,0,0,0,0,0,0
TF,AVLOK,35.460278,120.543611,0, ,0.0,0.0,0.0,0.0,0,0,0,0,0,0,0,0

STAR,IDV01A,34,3
IF,AVLOK,35.460278,120.543611, ,0.0,0.0,0,0,0,0,0,0,0,0
TF,XDX,35.978333,120.290000,0, ,0.0,0.0,0.0,0.0,2,4930,0,1,205,0,0,0

STAR,IDV01A,35,3
IF,AVLOK,35.460278,120.543611, ,0.0,0.0,0,0,0,0,0,0,0,0
TF,XDX,35.978333,120.290000,0, ,0.0,0.0,0.0,0.0,2,4930,0,1,205,0,0,0

STAR,IDV11A,ALL,2
IF,IDVEL,35.380833,120.581944, ,0.0,0.0,0,0,0,0,0,0,0,0
TF,AVLOK,35.460278,120.543611,0, ,0.0,0.0,0.0,0.0,0,0,0,0,0,0,0,0
TF,XDX,35.978333,120.290000,0, ,0.0,0.0,0.0,0.0,0,0,0,0,0,0,0,0
TF,JDE,36.290000,120.253333,0, ,0.0,0.0,0.0,0.0,2,8860,0,0,0,0,0,0

STAR,IDV11A,16,3
IF,JDE,36.290000,120.253333, ,0.0,0.0,2,8860,0,0,0,0,0,0
TF,JD305,36.662944,120.107333,0, ,0.0,0.0,0.0,0.0,1,2960,0,1,205,0,0,0

STAR,IDV11A,17,3
IF,JDE,36.290000,120.253333, ,0.0,0.0,2,8860,0,0,0,0,0,0
TF,JD305,36.662944,120.107333,0, ,0.0,0.0,0.0,0.0,2,3940,0,1,205,0,0,0

STAR,IDV81A,ALL,5
IF,IDVEL,35.380833,120.581944, ,0.0,0.0,0,0,0,0,0,0,0,0
TF,JD700,35.977222,120.291111,0, ,0.0,0.0,0.0,0.0,0,0,0,0,0,0,0,0
TF,JD900,36.288639,120.254278,0, ,0.0,0.0,0.0,0.0,0,0,0,0,0,0,0,0

STAR,IDV81A,16,6
IF,JD900,36.288639,120.254278, ,0.0,0.0,0,0,0,0,0,0,0,0
TF,JD305,36.662944,120.107333,0, ,0.0,0.0,0.0,0.0,1,2960,0,1,210,0,0,0

STAR,IDV81A,17,6
IF,JD900,36.288639,120.254278, ,0.0,0.0,0,0,0,0,0,0,0,0
TF,JD305,36.662944,120.107333,0, ,0.0,0.0,0.0,0.0,2,3940,0,1,210,0,0,0

STAR,IDV91A,ALL,5
IF,IDVEL,35.380833,120.581944, ,0.0,0.0,0,0,0,0,0,0,0,0
TF,AVLOK,35.460278,120.543611,0, ,0.0,0.0,0.0,0.0,0,0,0,0,0,0,0,0

STAR,IDV91A,34,6
IF,AVLOK,35.460278,120.543611, ,0.0,0.0,0,0,0,0,0,0,0,0
TF,JD700,35.977222,120.291111,0, ,0.0,0.0,0.0,0.0,2,4930,0,1,210,0,0,0

STAR,IDV91A,35,6
IF,AVLOK,35.460278,120.543611, ,0.0,0.0,0,0,0,0,0,0,0,0
TF,JD700,35.977222,120.291111,0, ,0.0,0.0,0.0,0.0,2,4930,0,1,210,0,0,0

STAR,LAT01A,ALL,2
IF,LATUX,35.483333,120.783333, ,0.0,0.0,0,0,0,0,0,0,0,0
TF,AVLOK,35.460278,120.543611,0, ,0.0,0.0,0.0,0.0,0,0,0,0,0,0,0,0

STAR,LAT01A,34,3
IF,AVLOK,35.460278,120.543611, ,0.0,0.0,0,0,0,0,0,0,0,0
TF,XDX,35.978333,120.290000,0, ,0.0,0.0,0.0,0.0,2,4930,0,1,205,0,0,0

STAR,LAT01A,35,3
IF,AVLOK,35.460278,120.543611, ,0.0,0.0,0,0,0,0,0,0,0,0
TF,XDX,35.978333,120.290000,0, ,0.0,0.0,0.0,0.0,2,4930,0,1,205,0,0,0

STAR,LAT11A,ALL,2
IF,LATUX,35.483333,120.783333, ,0.0,0.0,0,0,0,0,0,0,0,0
TF,AVLOK,35.460278,120.543611,0, ,0.0,0.0,0.0,0.0,0,0,0,0,0,0,0,0
TF,XDX,35.978333,120.290000,0, ,0.0,0.0,0.0,0.0,0,0,0,0,0,0,0,0
TF,JDE,36.290000,120.253333,0, ,0.0,0.0,0.0,0.0,2,8860,0,0,0,0,0,0

STAR,LAT11A,16,3
IF,JDE,36.290000,120.253333, ,0.0,0.0,2,8860,0,0,0,0,0,0
TF,JD305,36.662944,120.107333,0, ,0.0,0.0,0.0,0.0,1,2960,0,1,205,0,0,0

STAR,LAT11A,17,3
IF,JDE,36.290000,120.253333, ,0.0,0.0,2,8860,0,0,0,0,0,0
TF,JD305,36.662944,120.107333,0, ,0.0,0.0,0.0,0.0,2,3940,0,1,205,0,0,0

STAR,LAT81A,ALL,5
IF,LATUX,35.483333,120.783333, ,0.0,0.0,0,0,0,0,0,0,0,0
TF,AVLOK,35.460278,120.543611,0, ,0.0,0.0,0.0,0.0,0,0,0,0,0,0,0,0
TF,JD700,35.977222,120.291111,0, ,0.0,0.0,0.0,0.0,0,0,0,0,0,0,0,0
TF,JD900,36.288639,120.254278,0, ,0.0,0.0,0.0,0.0,0,0,0,0,0,0,0,0

STAR,LAT81A,16,6
IF,JD900,36.288639,120.254278, ,0.0,0.0,0,0,0,0,0,0,0,0
TF,JD305,36.662944,120.107333,0, ,0.0,0.0,0.0,0.0,1,2960,0,1,210,0,0,0

STAR,LAT81A,17,6
IF,JD900,36.288639,120.254278, ,0.0,0.0,0,0,0,0,0,0,0,0
TF,JD305,36.662944,120.107333,0, ,0.0,0.0,0.0,0.0,2,3940,0,1,210,0,0,0

STAR,LAT91A,ALL,5
IF,LATUX,35.483333,120.783333, ,0.0,0.0,0,0,0,0,0,0,0,0
TF,AVLOK,35.460278,120.543611,0, ,0.0,0.0,0.0,0.0,0,0,0,0,0,0,0,0

STAR,LAT91A,34,6
IF,AVLOK,35.460278,120.543611, ,0.0,0.0,0,0,0,0,0,0,0,0
TF,JD700,35.977222,120.291111,0, ,0.0,0.0,0.0,0.0,2,4930,0,1,210,0,0,0

STAR,LAT91A,35,6
IF,AVLOK,35.460278,120.543611, ,0.0,0.0,0,0,0,0,0,0,0,0
TF,JD700,35.977222,120.291111,0, ,0.0,0.0,0.0,0.0,2,4930,0,1,210,0,0,0

STAR,WFG01A,ALL,2
IF,WFG,36.646667,119.120000, ,0.0,0.0,0,0,0,0,0,0,0,0
TF,YO,36.438333,119.688333,0, ,0.0,0.0,0.0,0.0,2,12800,0,0,0,0,0,0

STAR,WFG01A,34,3
IF,YO,36.438333,119.688333, ,0.0,0.0,2,12800,0,0,0,0,0,0
TF,JDW,36.330000,119.976667,0, ,0.0,0.0,0.0,0.0,2,9850,0,1,205,0,0,0

STAR,WFG01A,35,3
IF,YO,36.438333,119.688333, ,0.0,0.0,2,12800,0,0,0,0,0,0
TF,JDW,36.330000,119.976667,0, ,0.0,0.0,0.0,0.0,2,9850,0,1,205,0,0,0

STAR,WFG02A,ALL,2
IF,WFG,36.646667,119.120000, ,0.0,0.0,0,0,0,0,0,0,0,0
TF,YO,36.438333,119.688333,0, ,0.0,0.0,0.0,0.0,2,12800,0,0,0,0,0,0
TF,JDW,36.330000,119.976667,0, ,0.0,0.0,0.0,0.0,2,9850,0,0,0,0,0,0

STAR,WFG02A,34,3
IF,JDW,36.330000,119.976667, ,0.0,0.0,2,9850,0,0,0,0,0,0
TF,JDE,36.290000,120.253333,0, ,0.0,0.0,0.0,0.0,2,5910,0,1,205,0,0,0

STAR,WFG02A,35,3
IF,JDW,36.330000,119.976667, ,0.0,0.0,2,9850,0,0,0,0,0,0
TF,JDE,36.290000,120.253333,0, ,0.0,0.0,0.0,0.0,2,5910,0,1,205,0,0,0

STAR,WFG11A,17,2
IF,WFG,36.646667,119.120000, ,0.0,0.0,0,0,0,0,0,0,0,0
TF,JD113,36.704639,119.350000,0, ,0.0,0.0,0.0,0.0,2,12800,0,0,0,0,0,0
TF,GUTVO,36.816944,119.785556,0, ,0.0,0.0,0.0,0.0,2,9850,0,0,0,0,0,0
TF,WFG37,36.834472,119.850894,0, ,0.0,0.0,0.0,0.0,0,0,0,0,0,0,0,1
CF,JD105,36.718167,119.934389,2,JDG,349.6,21.3,170.0,7.0,2,5910,0,1,205,0,0,0

STAR,WFG81A,17,5
IF,WFG,36.646667,119.120000, ,0.0,0.0,0,0,0,0,0,0,0,0
TF,JD113,36.704639,119.350000,0, ,0.0,0.0,0.0,0.0,2,12800,0,0,0,0,0,0
TF,GUTVO,36.816944,119.785556,0, ,0.0,0.0,0.0,0.0,2,9850,0,0,0,0,0,0
TF,JD110,36.842306,119.885000,0, ,0.0,0.0,0.0,0.0,2,7880,0,1,210,0,0,0

STAR,WFG91A,35,5
IF,WFG,36.646667,119.120000, ,0.0,0.0,0,0,0,0,0,0,0,0
TF,YO,36.438333,119.688333,0, ,0.0,0.0,0.0,0.0,2,12800,0,0,0,0,0,0
TF,JD800,36.331417,119.977806,0, ,0.0,0.0,0.0,0.0,2,9850,0,1,230,0,0,0
TF,JD205,36.040056,120.092333,0, ,0.0,0.0,0.0,0.0,2,3940,0,1,210,0,0,0

STAR,WFG92A,ALL,5
IF,WFG,36.646667,119.120000, ,0.0,0.0,0,0,0,0,0,0,0,0
TF,YO,36.438333,119.688333,0, ,0.0,0.0,0.0,0.0,2,12800,0,0,0,0,0,0
TF,JD800,36.331417,119.977806,0, ,0.0,0.0,0.0,0.0,2,9850,0,1,230,0,0,0
TF,JD900,36.288639,120.254278,0, ,0.0,0.0,0.0,0.0,2,5910,0,0,0,0,0,0

STAR,WFG92A,34,6
IF,JD900,36.288639,120.254278, ,0.0,0.0,2,5910,0,0,0,0,0,0
TF,JD405,36.100528,120.327556,0, ,0.0,0.0,0.0,0.0,1,2960,0,1,210,0,0,0

STAR,WFG92A,35,6
IF,JD900,36.288639,120.254278, ,0.0,0.0,2,5910,0,0,0,0,0,0
TF,JD405,36.100528,120.327556,0, ,0.0,0.0,0.0,0.0,2,3940,0,1,210,0,0,0

APPTR,D17,17,JD105
IF,JD105,36.718167,119.934389, ,0.0,0.0,2,5910,0,1,205,0,1,0
TF,CF17,36.627642,119.970608,0, ,0.0,0.0,0.0,0.0,2,3940,0,0,0,0,1,0

APPTR,D17,17,JD305
IF,JD305,36.662944,120.107333, ,0.0,0.0,2,3940,0,1,205,0,1,0
DF,D355Q,36.660728,119.992158,1, ,0.0,0.0,0,0,0,0,0,0,0,1
CF,CF17,36.627642,119.970608,1,JDG,349.8,15.6,170.0,2.0,2,3940,0,0,0,0,1,0

FINAL,D17,17,D,3
IF,CF17,36.627642,119.970608,JDG,349.8,15.6,2,3940,0,0,0,0,0,0
CF,FF17,36.562439,119.996347,0,JDG,349.9,11.5,170.0,4.1,2,3940,0,0,0,0,2,0
CF,MD17,36.386311,120.063647,0,JDG,350.0,0.5,170.0,11.0,1,407,0,0,0,0,3,0
FA,MD17,36.386311,120.063647,0,JDG,0.0,0.0,170.0,2,1650,0,0,0,0,0,0
DF,JDW,36.330000,119.976667,2, ,0.0,0.0,2,3940,0,1,205,0,0,0
HM,JDW,36.330000,119.976667,1, ,0.0,0.0,350.0,04.3,0,0,0,1,230,0,0,0,0

APPTR,D35,35,JDE
IF,JDE,36.290000,120.253333, ,0.0,0.0,2,5910,0,1,205,0,1,0
TF,JD405,36.100528,120.327556,0, ,0.0,0.0,0.0,0.0,2,3940,0,0,0,0,0,1
TF,D165U,36.047050,120.231428,0, ,0.0,0.0,0.0,0.0,0,0,0,0,0,0,0,0
TF,CF35,36.065828,120.190986,0, ,0.0,0.0,0.0,0.0,2,3940,0,0,0,0,1,0

APPTR,D35,35,JDW
IF,JDW,36.330000,119.976667, ,0.0,0.0,2,9850,0,1,205,0,1,0
TF,JD205,36.040056,120.092333,0, ,0.0,0.0,0.0,0.0,2,3940,0,0,0,0,0,1
TF,D174U,36.030269,120.165583,0, ,0.0,0.0,0.0,0.0,0,0,0,0,0,0,0,1
TF,CF35,36.065828,120.190986,0, ,0.0,0.0,0.0,0.0,2,3940,0,0,0,0,1,0

APPTR,D35,35,XDX
IF,XDX,35.978333,120.290000, ,0.0,0.0,2,4930,0,1,205,0,1,0
TF,CF35,36.065828,120.190986,0, ,0.0,0.0,0.0,0.0,2,3940,0,0,0,0,1,0

FINAL,D35,35,D,3
IF,CF35,36.065828,120.190986,JDG,169.1,19.7,2,3940,0,0,0,0,0,0
CF,FF35,36.146989,120.159358,0,JDG,169.0,14.6,350.0,5.1,2,3940,0,0,0,0,2,0
CF,MD35,36.320872,120.088372,0,JDG,170.0,3.6,350.0,11.0,1,447,0,0,0,0,3,0
CF,JDG,36.378333,120.066667,0,JDG,0.0,0.0,350.0,3.6,0,0,0,0,0,0,0,0
CA,0,350.0,2,1650,0,0,0,0,0,0
DF,JDW,36.330000,119.976667,1, ,0.0,0.0,2,3940,0,1,205,0,0,0
HM,JDW,36.330000,119.976667,2, ,0.0,0.0,170.0,04.3,0,0,0,1,230,0,0,0,0

APPTR,I16-Y,16,JD305
IF,JD305,36.662944,120.107333, ,0.0,0.0,1,2960,0,1,205,0,1,0
DF,D359Q,36.665894,120.016500,1, ,0.0,0.0,0,0,0,0,0,0,0,1
CF,CI16Y,36.633153,119.993992,1,IDA,349.4,18.0,170.0,1.0,1,2960,0,0,0,0,1,0

FINAL,I16-Y,16,I,3
IF,CI16Y,36.633153,119.993992,IDA,349.4,18.0,1,2960,0,0,0,0,0,0
CF,FI16,36.525008,120.036656,0,IDA,349.4,11.2,170.0,6.8,1,2960,0,0,0,0,2,0
CF,RW16,36.381278,120.093228,0,IDA,349.4,2.1,170.0,9.0,1,81,0,0,0,0,3,0
CA,0,170.0,2,500,0,0,0,0,0,0
CA,0,140.0,2,1970,0,0,0,0,0,0
CI,1, ,0.0,20.0,0,0,0,1,205,0,0,0
CF,JD305,36.662944,120.107333,0,JDG,13.6,17.2,350.0,20.0,1,2960,0,0,0,0,0,0
HM,JD305,36.662944,120.107333,2, ,0.0,0.0,350.0,04.3,2,3940,0,1,230,0,0,0,0

APPTR,I16-Z,16,JD305
IF,JD305,36.662944,120.107333, ,0.0,0.0,1,2960,0,1,210,0,1,0
TF,JD304,36.633722,119.993528,0,IDA,0.0,0.0,0.0,0.0,1,2960,0,0,0,0,1,0

FINAL,I16-Z,16,I,3
IF,JD304,36.633722,119.993528,IDA,349.4,18.0,1,2960,0,0,0,0,0,0
CF,FI16,36.525008,120.036656,0,IDA,349.4,11.2,170.0,6.8,1,2960,0,0,0,0,2,0
CF,RW16,36.381278,120.093228,0,IDA,349.4,2.1,170.0,9.0,1,81,0,0,0,0,3,0
CA,0,170.0,2,500,0,0,0,0,0,0
CA,0,140.0,2,1970,0,0,0,0,0,0
DF,JD305,36.662944,120.107333,1, ,0.0,0.0,1,2960,0,1,210,0,0,0
HM,JD305,36.662944,120.107333,2, ,0.0,0.0,350.0,04.3,2,3940,0,1,230,0,0,0,0

APPTR,I17-Y,17,JD105
IF,JD105,36.718167,119.934389, ,0.0,0.0,2,5910,0,1,205,0,1,0
CF,CF17,36.627642,119.970608,0,IQD,349.4,18.3,170.0,5.7,2,3940,0,0,0,0,1,0

APPTR,I17-Y,17,JD305
IF,JD305,36.662944,120.107333, ,0.0,0.0,2,3940,0,1,205,0,1,0
DF,D355Q,36.660728,119.992158,1, ,0.0,0.0,0,0,0,0,0,0,0,1
CF,CF17,36.627642,119.970608,1,IQD,349.4,18.3,170.0,2.0,2,3940,0,0,0,0,1,0

FINAL,I17-Y,17,I,3
IF,CF17,36.627642,119.970608,IQD,349.4,18.3,2,3940,0,0,0,0,0,0
CF,FF17,36.562439,119.996347,0,IQD,349.4,14.2,170.0,4.1,1,3940,0,0,0,0,2,0
CF,RW17,36.371017,120.071722,0,IQD,349.4,2.1,170.0,12.0,1,83,0,0,0,0,3,0
CA,0,170.0,2,500,0,0,0,0,0,0
CA,0,200.0,2,1970,0,0,0,0,0,0
DF,JDW,36.330000,119.976667,2, ,0.0,0.0,2,3940,0,1,205,0,0,0
HM,JDW,36.330000,119.976667,1, ,0.0,0.0,350.0,04.3,0,0,0,1,230,0,0,0,0

APPTR,I17-Z,17,JD110
IF,JD110,36.842306,119.885000, ,0.0,0.0,2,7880,0,1,210,0,1,0
TF,JD105,36.718167,119.934389,0, ,0.0,0.0,0.0,0.0,0,0,0,0,0,0,0,0
TF,JD104,36.627750,119.970250,0,IQD,0.0,0.0,0.0,0.0,2,3940,0,0,0,0,1,0

APPTR,I17-Z,17,JD305
IF,JD305,36.662944,120.107333, ,0.0,0.0,2,3940,0,1,210,0,1,0
TF,JD104,36.627750,119.970250,0,IQD,0.0,0.0,0.0,0.0,2,3940,0,0,0,0,1,0

FINAL,I17-Z,17,I,3
IF,JD104,36.627750,119.970250,IQD,349.4,18.3,2,3940,0,0,0,0,0,0
CF,FF17,36.562439,119.996347,0,IQD,349.4,14.2,170.0,4.1,1,3940,0,0,0,0,2,0
CF,RW17,36.371017,120.071722,0,IQD,349.4,2.1,170.0,12.0,1,83,0,0,0,0,3,0
CA,0,170.0,2,500,0,0,0,0,0,0
CA,0,200.0,2,1970,0,0,0,0,0,0
DF,JD800,36.331417,119.977806,2, ,0.0,0.0,2,3940,0,1,210,0,0,0
HM,JD800,36.331417,119.977806,1, ,0.0,0.0,350.0,04.3,0,0,0,1,230,0,0,0,0

APPTR,I34-Y,34,JDE
IF,JDE,36.290000,120.253333, ,0.0,0.0,2,5910,0,1,205,0,1,0
TF,JD405,36.100528,120.327556,0, ,0.0,0.0,0.0,0.0,1,2960,0,0,0,0,0,1
DF,D162U,36.052964,120.253428,2, ,0.0,0.0,0,0,0,0,0,0,0,1
CF,CI34Y,36.071328,120.214347,2,IIN,169.4,19.7,350.0,2.4,1,2960,0,0,0,0,1,0

APPTR,I34-Y,34,XDX
IF,XDX,35.978333,120.290000, ,0.0,0.0,2,4930,0,1,205,0,1,0
CF,CI34Y,36.071328,120.214347,0,IIN,169.4,19.7,333.0,6.7,1,2960,0,0,0,0,1,0

FINAL,I34-Y,34,I,3
IF,CI34Y,36.071328,120.214347,IIN,169.4,19.7,1,2960,0,0,0,0,0,0
CF,FI34,36.206594,120.161603,0,IIN,169.4,11.2,350.0,8.5,1,2960,0,0,0,0,2,0
CF,RW34,36.350358,120.105375,0,IIN,169.4,2.1,350.0,9.0,1,81,0,0,0,0,3,0
CA,0,350.0,2,500,0,0,0,0,0,0
CA,0,20.0,2,1970,0,0,0,0,0,0
DF,JDE,36.290000,120.253333,2, ,0.0,0.0,1,2960,0,1,205,0,0,0
HM,JDE,36.290000,120.253333,1, ,0.0,0.0,170.0,04.3,0,0,0,1,230,0,0,0,0

APPTR,I34-Z,34,JD405
IF,JD405,36.100528,120.327556, ,0.0,0.0,1,2960,0,1,210,0,1,0
TF,JD404,36.071528,120.214500,0,IIN,0.0,0.0,0.0,0.0,1,2960,0,0,0,0,1,0

APPTR,I34-Z,34,JD700
IF,JD700,35.977222,120.291111, ,0.0,0.0,2,4930,0,1,210,0,1,0
TF,JD404,36.071528,120.214500,0,IIN,0.0,0.0,0.0,0.0,1,2960,0,0,0,0,1,0

FINAL,I34-Z,34,I,3
IF,JD404,36.071528,120.214500,IIN,169.4,19.6,1,2960,0,0,0,0,0,0
CF,FI34,36.206594,120.161603,0,IIN,169.4,11.2,350.0,8.5,1,2960,0,0,0,0,2,0
CF,RW34,36.350358,120.105375,0,IIN,169.4,2.1,350.0,9.0,1,81,0,0,0,0,3,0
CA,0,350.0,2,500,0,0,0,0,0,0
CA,0,20.0,2,1970,0,0,0,0,0,0
DF,JD900,36.288639,120.254278,2, ,0.0,0.0,1,2960,0,1,210,0,0,0
HM,JD900,36.288639,120.254278,1, ,0.0,0.0,170.0,04.3,0,0,0,1,230,0,0,0,0

APPTR,I35-Y,35,JDE
IF,JDE,36.290000,120.253333, ,0.0,0.0,2,5910,0,1,205,0,1,0
TF,JD405,36.100528,120.327556,0, ,0.0,0.0,0.0,0.0,2,3940,0,0,0,0,0,1
DF,D165U,36.047050,120.231428,2, ,0.0,0.0,0,0,0,0,0,0,0,1
CF,CF35,36.065828,120.190986,0,IQX,169.4,19.4,350.0,2.4,2,3940,0,0,0,0,1,0

APPTR,I35-Y,35,JDW
IF,JDW,36.330000,119.976667, ,0.0,0.0,2,9850,0,1,205,0,1,0
TF,JD205,36.040056,120.092333,0, ,0.0,0.0,0.0,0.0,2,3940,0,0,0,0,0,1
DF,D174U,36.030269,120.165583,1, ,0.0,0.0,0,0,0,0,0,0,0,1
CF,CF35,36.065828,120.190986,0,IQX,169.4,19.4,350.0,2.8,2,3940,0,0,0,0,1,0

APPTR,I35-Y,35,XDX
IF,XDX,35.978333,120.290000, ,0.0,0.0,2,4930,0,1,205,0,1,0
CF,CF35,36.065828,120.190986,0,IQX,169.4,19.4,323.0,7.1,2,3940,0,0,0,0,1,0

FINAL,I35-Y,35,I,3
IF,CF35,36.065828,120.190986,IQX,169.4,19.4,2,3940,0,0,0,0,0,0
CF,FF35,36.146989,120.159358,0,IQX,169.4,14.3,350.0,5.1,1,3940,0,0,0,0,2,0
CF,RW35,36.340097,120.083867,0,IQX,169.4,2.1,350.0,12.1,1,81,0,0,0,0,3,0
CA,0,350.0,2,500,0,0,0,0,0,0
CA,0,320.0,2,1970,0,0,0,0,0,0
DF,JDW,36.330000,119.976667,1, ,0.0,0.0,2,3940,0,1,205,0,0,0
HM,JDW,36.330000,119.976667,2, ,0.0,0.0,170.0,04.3,0,0,0,1,230,0,0,0,0

APPTR,I35-Z,35,JD205
IF,JD205,36.040056,120.092333, ,0.0,0.0,2,3940,0,1,210,0,1,0
TF,JD204,36.065583,120.191389,0,IQX,0.0,0.0,0.0,0.0,2,3940,0,0,0,0,1,0

APPTR,I35-Z,35,JD405
IF,JD405,36.100528,120.327556, ,0.0,0.0,2,3940,0,1,210,0,1,0
TF,JD204,36.065583,120.191389,0,IQX,0.0,0.0,0.0,0.0,2,3940,0,0,0,0,1,0

APPTR,I35-Z,35,JD700
IF,JD700,35.977222,120.291111, ,0.0,0.0,2,4930,0,1,210,0,1,0
TF,JD204,36.065583,120.191389,0,IQX,0.0,0.0,0.0,0.0,2,3940,0,0,0,0,1,0

FINAL,I35-Z,35,I,3
IF,JD204,36.065583,120.191389,IQX,169.4,19.4,2,3940,0,0,0,0,0,0
CF,FF35,36.146989,120.159358,0,IQX,169.4,14.3,350.0,5.1,1,3940,0,0,0,0,2,0
CF,RW35,36.340097,120.083867,0,IQX,169.4,2.1,350.0,12.1,1,81,0,0,0,0,3,0
CA,0,350.0,2,500,0,0,0,0,0,0
CA,0,320.0,2,1970,0,0,0,0,0,0
DF,JD800,36.331417,119.977806,1, ,0.0,0.0,2,3940,0,1,210,0,0,0
HM,JD800,36.331417,119.977806,2, ,0.0,0.0,170.0,04.3,0,0,0,1,230,0,0,0,0

