SID,DOV11D,05,2
CF,D050G,37.762722,121.098964,0,YCS,50.0,6.8,50.0,8.0,2,1650,0,0,0,0,0,1
CF,C,37.786697,120.936211,1,YCS,341.2,7.1,254.0,6.0,2,3940,0,1,205,0,0,0
TF,HCH,37.655000,120.545000,0, ,0.0,0.0,0.0,0.0,2,9850,0,0,0,0,0,0
TF,PL209,37.736944,120.362778,0, ,0.0,0.0,0.0,0.0,2,12800,0,0,0,0,0,0
TF,DOVIV,38.111111,119.532500,0, ,0.0,0.0,0.0,0.0,0,0,0,0,0,0,0,0

SID,DOV12D,23,2
CF,PL214,37.567778,120.873333,0,YCS,229.3,9.1,230.0,8.0,2,1650,0,0,0,0,0,1
CF,YCS,37.679781,121.001492,1,YCS,0.0,0.0,12.0,7.0,2,4930,0,1,205,0,0,0
TF,HCH,37.655000,120.545000,1, ,0.0,0.0,0.0,0.0,2,9850,0,0,0,0,0,0
TF,PL209,37.736944,120.362778,0, ,0.0,0.0,0.0,0.0,2,12800,0,0,0,0,0,0
TF,DOVIV,38.111111,119.532500,0, ,0.0,0.0,0.0,0.0,0,0,0,0,0,0,0,0

SID,DOV14D,23,2
CF,PL214,37.567778,120.873333,0,YCS,229.3,9.1,230.0,8.0,2,1650,0,0,0,0,0,0
TF,PL205,37.438611,120.726667,0, ,0.0,0.0,0.0,0.0,2,3940,0,0,0,0,0,0
TF,HCH,37.655000,120.545000,2, ,0.0,0.0,0.0,0.0,2,9850,0,1,205,0,0,0
TF,PL209,37.736944,120.362778,0, ,0.0,0.0,0.0,0.0,2,12800,0,0,0,0,0,0
TF,DOVIV,38.111111,119.532500,0, ,0.0,0.0,0.0,0.0,0,0,0,0,0,0,0,0

SID,DOV61X,05,5
CF,PL403,37.791111,121.128889,0,YCS,49.2,9.0,50.0,10.0,2,2140,0,0,0,0,0,0
TF,PL407,37.851667,121.045000,0, ,0.0,0.0,0.0,0.0,2,3290,0,1,205,0,0,0
TF,HCH,37.655000,120.545000,0, ,0.0,0.0,0.0,0.0,2,9850,0,0,0,0,0,0
TF,PL209,37.736944,120.362778,0, ,0.0,0.0,0.0,0.0,2,12800,0,0,0,0,0,0
TF,DOVIV,38.111111,119.532500,0, ,0.0,0.0,0.0,0.0,0,0,0,0,0,0,0,0

SID,DOV62X,23,5
CF,PL214,37.567778,120.873333,0,YCS,229.3,9.1,230.0,7.0,2,1650,0,0,0,0,0,1
CF,YCS,37.679781,121.001492,1,YCS,0.0,0.0,12.0,9.0,2,4930,0,1,205,0,0,0
TF,HCH,37.655000,120.545000,1, ,0.0,0.0,0.0,0.0,2,9850,0,0,0,0,0,0
TF,PL209,37.736944,120.362778,0, ,0.0,0.0,0.0,0.0,2,12800,0,0,0,0,0,0
TF,DOVIV,38.111111,119.532500,0, ,0.0,0.0,0.0,0.0,0,0,0,0,0,0,0,0

SID,DOV64X,23,5
CF,PL214,37.567778,120.873333,0,YCS,229.3,9.1,230.0,7.0,2,1650,0,0,0,0,0,1
DF,PL205,37.438611,120.726667,0, ,0.0,0.0,2,3940,0,1,205,0,0,0
TF,HCH,37.655000,120.545000,2, ,0.0,0.0,0.0,0.0,2,9850,0,0,0,0,0,0
TF,PL209,37.736944,120.362778,0, ,0.0,0.0,0.0,0.0,2,12800,0,0,0,0,0,0
TF,DOVIV,38.111111,119.532500,0, ,0.0,0.0,0.0,0.0,0,0,0,0,0,0,0,0

SID,NIX11D,05,2
CF,D050G,37.762722,121.098964,0,YCS,50.0,6.8,50.0,8.0,2,1650,0,0,0,0,0,1
CF,C,37.786697,120.936211,1,YCS,341.2,7.1,254.0,6.0,2,3940,0,1,205,0,0,0
CF,PL408,37.916944,120.859167,0,YCS,341.6,15.7,342.0,9.0,2,5910,0,0,0,0,0,0
TF,IGDEG,38.006111,120.805000,0, ,0.0,0.0,0.0,0.0,2,9850,0,0,0,0,0,0
TF,NIXEP,38.250000,120.988333,0, ,0.0,0.0,0.0,0.0,0,0,0,0,0,0,0,0

SID,NIX12D,23,2
CF,PL214,37.567778,120.873333,0,YCS,229.3,9.1,230.0,8.0,2,1650,0,0,0,0,0,1
CF,YCS,37.679781,121.001492,1,YCS,0.0,0.0,12.0,7.0,2,4930,0,1,205,0,0,0
TF,PL408,37.916944,120.859167,0, ,0.0,0.0,0.0,0.0,2,5910,0,0,0,0,0,0
TF,IGDEG,38.006111,120.805000,0, ,0.0,0.0,0.0,0.0,2,9850,0,0,0,0,0,0
TF,NIXEP,38.250000,120.988333,0, ,0.0,0.0,0.0,0.0,0,0,0,0,0,0,0,0

SID,NIX61X,05,5
CF,PL403,37.791111,121.128889,0,YCS,49.2,9.0,50.0,10.0,2,2140,0,0,0,0,0,0
TF,PL407,37.851667,121.045000,0, ,0.0,0.0,0.0,0.0,2,3290,0,1,205,0,0,0
TF,PL409,37.916667,120.944722,0, ,0.0,0.0,0.0,0.0,2,5910,0,0,0,0,0,0
TF,IGDEG,38.006111,120.805000,0, ,0.0,0.0,0.0,0.0,2,9850,0,0,0,0,0,0
TF,NIXEP,38.250000,120.988333,0, ,0.0,0.0,0.0,0.0,0,0,0,0,0,0,0,0

SID,NIX62X,23,5
CF,PL214,37.567778,120.873333,0,YCS,229.3,9.1,230.0,7.0,2,1650,0,0,0,0,0,1
CF,YCS,37.679781,121.001492,1,YCS,0.0,0.0,12.0,9.0,2,4930,0,1,205,0,0,0
TF,PL408,37.916944,120.859167,0, ,0.0,0.0,0.0,0.0,2,5910,0,0,0,0,0,0
TF,IGDEG,38.006111,120.805000,0, ,0.0,0.0,0.0,0.0,2,9850,0,0,0,0,0,0
TF,NIXEP,38.250000,120.988333,0, ,0.0,0.0,0.0,0.0,0,0,0,0,0,0,0,0

SID,OSV11D,05,2
CF,D050G,37.762722,121.098964,0,YCS,50.0,6.8,50.0,8.0,2,1650,0,0,0,0,0,1
CF,C,37.786697,120.936211,1,YCS,341.2,7.1,254.0,6.0,2,3940,0,1,205,0,0,0
TF,HCH,37.655000,120.545000,0, ,0.0,0.0,0.0,0.0,2,9850,0,0,0,0,0,0
TF,OSVEN,38.250000,120.352778,0, ,0.0,0.0,0.0,0.0,0,0,0,0,0,0,0,0

SID,OSV12D,23,2
CF,PL214,37.567778,120.873333,0,YCS,229.3,9.1,230.0,8.0,2,1650,0,0,0,0,0,1
CF,YCS,37.679781,121.001492,1,YCS,0.0,0.0,12.0,7.0,2,4930,0,1,205,0,0,0
TF,HCH,37.655000,120.545000,1, ,0.0,0.0,0.0,0.0,2,9850,0,0,0,0,0,0
TF,OSVEN,38.250000,120.352778,0, ,0.0,0.0,0.0,0.0,0,0,0,0,0,0,0,0

SID,OSV14D,23,2
CF,PL214,37.567778,120.873333,0,YCS,229.3,9.1,230.0,8.0,2,1650,0,0,0,0,0,0
TF,PL205,37.438611,120.726667,0, ,0.0,0.0,0.0,0.0,2,3940,0,0,0,0,0,0
TF,HCH,37.655000,120.545000,2, ,0.0,0.0,0.0,0.0,2,9850,0,1,205,0,0,0
TF,OSVEN,38.250000,120.352778,0, ,0.0,0.0,0.0,0.0,0,0,0,0,0,0,0,0

SID,OSV61X,05,5
CF,PL403,37.791111,121.128889,0,YCS,49.2,9.0,50.0,10.0,2,2140,0,0,0,0,0,0
TF,PL407,37.851667,121.045000,0, ,0.0,0.0,0.0,0.0,2,3290,0,1,205,0,0,0
TF,HCH,37.655000,120.545000,0, ,0.0,0.0,0.0,0.0,2,9850,0,0,0,0,0,0
TF,OSVEN,38.250000,120.352778,0, ,0.0,0.0,0.0,0.0,0,0,0,0,0,0,0,0

SID,OSV62X,23,5
CF,PL214,37.567778,120.873333,0,YCS,229.3,9.1,230.0,7.0,2,1650,0,0,0,0,0,1
CF,YCS,37.679781,121.001492,1,YCS,0.0,0.0,12.0,9.0,2,4930,0,1,205,0,0,0
TF,HCH,37.655000,120.545000,1, ,0.0,0.0,0.0,0.0,2,9850,0,0,0,0,0,0
TF,OSVEN,38.250000,120.352778,0, ,0.0,0.0,0.0,0.0,0,0,0,0,0,0,0,0

SID,OSV64X,23,5
CF,PL214,37.567778,120.873333,0,YCS,229.3,9.1,230.0,7.0,2,1650,0,0,0,0,0,1
DF,PL205,37.438611,120.726667,0, ,0.0,0.0,2,3940,0,1,205,0,0,0
TF,HCH,37.655000,120.545000,2, ,0.0,0.0,0.0,0.0,2,9850,0,0,0,0,0,0
TF,OSVEN,38.250000,120.352778,0, ,0.0,0.0,0.0,0.0,0,0,0,0,0,0,0,0

SID,REP11D,05,2
CF,D050G,37.762722,121.098964,0,YCS,50.0,6.8,50.0,8.0,2,1650,0,0,0,0,0,1
CF,C,37.786697,120.936211,1,YCS,341.2,7.1,254.0,6.0,2,3940,0,1,205,0,0,0
TF,HCH,37.655000,120.545000,0, ,0.0,0.0,0.0,0.0,2,9850,0,0,0,0,0,0
TF,PL210,37.640833,120.362778,0, ,0.0,0.0,0.0,0.0,2,12800,0,0,0,0,0,0
TF,REPOL,37.592222,119.678333,0, ,0.0,0.0,0.0,0.0,0,0,0,0,0,0,0,0

SID,REP12D,23,2
CF,PL214,37.567778,120.873333,0,YCS,229.3,9.1,230.0,8.0,2,1650,0,0,0,0,0,1
CF,YCS,37.679781,121.001492,1,YCS,0.0,0.0,12.0,7.0,2,4930,0,1,205,0,0,0
TF,HCH,37.655000,120.545000,1, ,0.0,0.0,0.0,0.0,2,9850,0,0,0,0,0,0
TF,PL210,37.640833,120.362778,0, ,0.0,0.0,0.0,0.0,2,12800,0,0,0,0,0,0
TF,REPOL,37.592222,119.678333,0, ,0.0,0.0,0.0,0.0,0,0,0,0,0,0,0,0

SID,REP14D,23,2
CF,PL214,37.567778,120.873333,0,YCS,229.3,9.1,230.0,8.0,2,1650,0,0,0,0,0,0
TF,PL205,37.438611,120.726667,0, ,0.0,0.0,0.0,0.0,2,3940,0,0,0,0,0,0
TF,HCH,37.655000,120.545000,2, ,0.0,0.0,0.0,0.0,2,9850,0,1,205,0,0,0
TF,PL210,37.640833,120.362778,0, ,0.0,0.0,0.0,0.0,2,12800,0,0,0,0,0,0
TF,REPOL,37.592222,119.678333,0, ,0.0,0.0,0.0,0.0,0,0,0,0,0,0,0,0

SID,REP61X,05,5
CF,PL403,37.791111,121.128889,0,YCS,49.2,9.0,50.0,10.0,2,2140,0,0,0,0,0,0
TF,PL407,37.851667,121.045000,0, ,0.0,0.0,0.0,0.0,2,3290,0,1,205,0,0,0
TF,HCH,37.655000,120.545000,0, ,0.0,0.0,0.0,0.0,2,9850,0,0,0,0,0,0
TF,PL210,37.640833,120.362778,0, ,0.0,0.0,0.0,0.0,2,12800,0,0,0,0,0,0
TF,REPOL,37.592222,119.678333,0, ,0.0,0.0,0.0,0.0,0,0,0,0,0,0,0,0

SID,REP62X,23,5
CF,PL214,37.567778,120.873333,0,YCS,229.3,9.1,230.0,7.0,2,1650,0,0,0,0,0,1
CF,YCS,37.679781,121.001492,1,YCS,0.0,0.0,12.0,9.0,2,4930,0,1,205,0,0,0
TF,HCH,37.655000,120.545000,1, ,0.0,0.0,0.0,0.0,2,9850,0,0,0,0,0,0
TF,PL210,37.640833,120.362778,0, ,0.0,0.0,0.0,0.0,2,12800,0,0,0,0,0,0
TF,REPOL,37.592222,119.678333,0, ,0.0,0.0,0.0,0.0,0,0,0,0,0,0,0,0

SID,REP64X,23,5
CF,PL214,37.567778,120.873333,0,YCS,229.3,9.1,230.0,7.0,2,1650,0,0,0,0,0,1
DF,PL205,37.438611,120.726667,0, ,0.0,0.0,2,3940,0,1,205,0,0,0
TF,HCH,37.655000,120.545000,2, ,0.0,0.0,0.0,0.0,2,9850,0,0,0,0,0,0
TF,PL210,37.640833,120.362778,0, ,0.0,0.0,0.0,0.0,2,12800,0,0,0,0,0,0
TF,REPOL,37.592222,119.678333,0, ,0.0,0.0,0.0,0.0,0,0,0,0,0,0,0,0

SID,WEH11D,05,2
CF,D050G,37.762722,121.098964,0,YCS,50.0,6.8,50.0,8.0,2,1650,0,0,0,0,0,1
DF,YCS,37.679781,121.001492,1, ,0.0,0.0,2,4930,0,1,205,0,0,0
TF,FZ,37.451667,121.178333,0, ,0.0,0.0,0.0,0.0,2,10800,0,0,0,0,0,0
TF,PL208,37.402778,121.369167,0, ,0.0,0.0,0.0,0.0,2,13800,0,0,0,0,0,0
TF,WEH,37.184258,122.225144,0, ,0.0,0.0,0.0,0.0,0,0,0,0,0,0,0,0

SID,WEH12D,23,2
CF,PL214,37.567778,120.873333,0,YCS,229.3,9.1,230.0,8.0,2,1650,0,0,0,0,0,0
TF,PL205,37.438611,120.726667,0, ,0.0,0.0,0.0,0.0,2,3940,0,0,0,0,0,0
TF,PL206,37.319444,120.826944,0, ,0.0,0.0,0.0,0.0,0,0,0,1,205,0,0,0
TF,FZ,37.451667,121.178333,0, ,0.0,0.0,0.0,0.0,2,10800,0,0,0,0,0,0
TF,PL208,37.402778,121.369167,0, ,0.0,0.0,0.0,0.0,2,13800,0,0,0,0,0,0
TF,WEH,37.184258,122.225144,0, ,0.0,0.0,0.0,0.0,0,0,0,0,0,0,0,0

SID,WEH14D,23,2
CF,PL214,37.567778,120.873333,0,YCS,229.3,9.1,230.0,8.0,2,1650,0,0,0,0,0,1
DF,FZ,37.451667,121.178333,1, ,0.0,0.0,2,10800,0,1,205,0,0,0
TF,PL208,37.402778,121.369167,0, ,0.0,0.0,0.0,0.0,2,13800,0,0,0,0,0,0
TF,WEH,37.184258,122.225144,0, ,0.0,0.0,0.0,0.0,0,0,0,0,0,0,0,0

SID,WEH61X,05,5
CA,0,50.0,2,1320,0,0,0,0,0,0
CF,PL405,37.564444,121.022500,2,YCS,178.8,7.0,228.0,7.0,2,3940,0,1,205,0,0,0
TF,FZ,37.451667,121.178333,0, ,0.0,0.0,0.0,0.0,2,10800,0,0,0,0,0,0
TF,PL208,37.402778,121.369167,0, ,0.0,0.0,0.0,0.0,2,13800,0,0,0,0,0,0
TF,WEH,37.184258,122.225144,0, ,0.0,0.0,0.0,0.0,0,0,0,0,0,0,0,0

SID,WEH62X,23,5
CF,PL214,37.567778,120.873333,0,YCS,229.3,9.1,230.0,7.0,2,1650,0,0,0,0,0,1
DF,PL205,37.438611,120.726667,0, ,0.0,0.0,2,3940,0,1,205,0,0,0
TF,PL206,37.319444,120.826944,0, ,0.0,0.0,0.0,0.0,0,0,0,0,0,0,0,0
TF,FZ,37.451667,121.178333,0, ,0.0,0.0,0.0,0.0,2,10800,0,0,0,0,0,0
TF,PL208,37.402778,121.369167,0, ,0.0,0.0,0.0,0.0,2,13800,0,0,0,0,0,0
TF,WEH,37.184258,122.225144,0, ,0.0,0.0,0.0,0.0,0,0,0,0,0,0,0,0

SID,WEH64X,23,5
CF,PL214,37.567778,120.873333,0,YCS,229.3,9.1,230.0,7.0,2,1650,0,0,0,0,0,1
DF,FZ,37.451667,121.178333,1, ,0.0,0.0,2,10800,0,1,205,0,0,0
TF,PL208,37.402778,121.369167,0, ,0.0,0.0,0.0,0.0,2,13800,0,0,0,0,0,0
TF,WEH,37.184258,122.225144,0, ,0.0,0.0,0.0,0.0,0,0,0,0,0,0,0,0

STAR,DOV01A,05,2
IF,DOVIV,38.111111,119.532500, ,0.0,0.0,0,0,0,0,0,0,0,0
TF,PL209,37.736944,120.362778,0, ,0.0,0.0,0.0,0.0,2,13800,0,0,0,0,0,0
TF,HCH,37.655000,120.545000,0, ,0.0,0.0,0.0,0.0,2,11800,0,0,0,0,0,0
TF,PL215,37.535833,120.644722,0, ,0.0,0.0,0.0,0.0,2,6890,0,1,205,0,0,0

STAR,DOV02A,23,2
IF,DOVIV,38.111111,119.532500, ,0.0,0.0,0,0,0,0,0,0,0,0
TF,PL209,37.736944,120.362778,0, ,0.0,0.0,0.0,0.0,2,13800,0,0,0,0,0,0
TF,HCH,37.655000,120.545000,0, ,0.0,0.0,0.0,0.0,2,11800,0,0,0,0,0,0
TF,A,37.766886,120.895469,0, ,0.0,0.0,0.0,0.0,2,3940,0,1,205,0,0,0

STAR,DOV51F,05,5
IF,DOVIV,38.111111,119.532500, ,0.0,0.0,0,0,0,0,0,0,0,0
TF,PL209,37.736944,120.362778,0, ,0.0,0.0,0.0,0.0,2,13800,0,0,0,0,0,0
TF,HCH,37.655000,120.545000,0, ,0.0,0.0,0.0,0.0,2,11800,0,0,0,0,0,0
TF,PL215,37.535833,120.644722,0, ,0.0,0.0,0.0,0.0,2,6890,0,1,205,0,0,0

STAR,DOV52F,23,5
IF,DOVIV,38.111111,119.532500, ,0.0,0.0,0,0,0,0,0,0,0,0
TF,PL209,37.736944,120.362778,0, ,0.0,0.0,0.0,0.0,2,13800,0,0,0,0,0,0
TF,HCH,37.655000,120.545000,0, ,0.0,0.0,0.0,0.0,2,11800,0,0,0,0,0,0
TF,PL407,37.851667,121.045000,0, ,0.0,0.0,0.0,0.0,2,2960,0,1,205,0,0,0

STAR,KAR01A,05,2
IF,KARPI,38.250000,120.717222, ,0.0,0.0,0,0,0,0,0,0,0,0
TF,GUMED,38.016667,120.572222,0, ,0.0,0.0,0.0,0.0,0,0,0,0,0,0,0,0
TF,HCH,37.655000,120.545000,0, ,0.0,0.0,0.0,0.0,2,11800,0,0,0,0,0,0
TF,PL215,37.535833,120.644722,0, ,0.0,0.0,0.0,0.0,2,6890,0,1,205,0,0,0

STAR,KAR02A,23,2
IF,KARPI,38.250000,120.717222, ,0.0,0.0,0,0,0,0,0,0,0,0
TF,GUMED,38.016667,120.572222,0, ,0.0,0.0,0.0,0.0,0,0,0,0,0,0,0,0
TF,D323T,37.917442,120.698519,0, ,0.0,0.0,0.0,0.0,2,5910,0,0,0,0,0,0
TF,A,37.766886,120.895469,0, ,0.0,0.0,0.0,0.0,2,3940,0,1,205,0,0,0

STAR,KAR51F,05,5
IF,KARPI,38.250000,120.717222, ,0.0,0.0,0,0,0,0,0,0,0,0
TF,GUMED,38.016667,120.572222,0, ,0.0,0.0,0.0,0.0,0,0,0,0,0,0,0,0
TF,HCH,37.655000,120.545000,0, ,0.0,0.0,0.0,0.0,2,11800,0,0,0,0,0,0
TF,PL215,37.535833,120.644722,0, ,0.0,0.0,0.0,0.0,2,6890,0,1,205,0,0,0

STAR,KAR52F,23,5
IF,KARPI,38.250000,120.717222, ,0.0,0.0,0,0,0,0,0,0,0,0
TF,GUMED,38.016667,120.572222,0, ,0.0,0.0,0.0,0.0,0,0,0,0,0,0,0,0
TF,PL408,37.916944,120.859167,0, ,0.0,0.0,0.0,0.0,2,5910,0,0,0,0,0,0
TF,PL407,37.851667,121.045000,0, ,0.0,0.0,0.0,0.0,2,2960,0,1,205,0,0,0

STAR,OSV01A,05,2
IF,OSVEN,38.250000,120.352778, ,0.0,0.0,0,0,0,0,0,0,0,0
TF,HCH,37.655000,120.545000,0, ,0.0,0.0,0.0,0.0,2,11800,0,0,0,0,0,0
TF,PL215,37.535833,120.644722,0, ,0.0,0.0,0.0,0.0,2,6890,0,1,205,0,0,0

STAR,OSV02A,23,2
IF,OSVEN,38.250000,120.352778, ,0.0,0.0,0,0,0,0,0,0,0,0
TF,HCH32,38.169067,120.379111,0, ,0.0,0.0,0.0,0.0,2,12800,0,0,0,0,0,0
TF,HCH,37.655000,120.545000,0, ,0.0,0.0,0.0,0.0,2,11800,0,0,0,0,0,0
TF,A,37.766886,120.895469,1, ,0.0,0.0,0.0,0.0,2,3940,0,1,205,0,0,0

STAR,OSV51F,05,5
IF,OSVEN,38.250000,120.352778, ,0.0,0.0,0,0,0,0,0,0,0,0
TF,HCH,37.655000,120.545000,0, ,0.0,0.0,0.0,0.0,2,11800,0,0,0,0,0,0
TF,PL215,37.535833,120.644722,0, ,0.0,0.0,0.0,0.0,2,6890,0,1,205,0,0,0

STAR,OSV52F,23,5
IF,OSVEN,38.250000,120.352778, ,0.0,0.0,0,0,0,0,0,0,0,0
TF,HCH,37.655000,120.545000,0, ,0.0,0.0,0.0,0.0,2,11800,0,0,0,0,0,0
TF,PL407,37.851667,121.045000,0, ,0.0,0.0,0.0,0.0,2,2960,0,1,205,0,0,0

STAR,REP01A,05,2
IF,REPOL,37.592222,119.678333, ,0.0,0.0,0,0,0,0,0,0,0,0
TF,PL210,37.640833,120.362778,0, ,0.0,0.0,0.0,0.0,2,13800,0,0,0,0,0,0
TF,HCH,37.655000,120.545000,0, ,0.0,0.0,0.0,0.0,2,11800,0,0,0,0,0,0
TF,PL215,37.535833,120.644722,0, ,0.0,0.0,0.0,0.0,2,6890,0,1,205,0,0,0

STAR,REP02A,23,2
IF,REPOL,37.592222,119.678333, ,0.0,0.0,0,0,0,0,0,0,0,0
TF,PL210,37.640833,120.362778,0, ,0.0,0.0,0.0,0.0,2,13800,0,0,0,0,0,0
TF,HCH,37.655000,120.545000,0, ,0.0,0.0,0.0,0.0,2,11800,0,0,0,0,0,0
TF,A,37.766886,120.895469,0, ,0.0,0.0,0.0,0.0,2,3940,0,1,205,0,0,0

STAR,REP51F,05,5
IF,REPOL,37.592222,119.678333, ,0.0,0.0,0,0,0,0,0,0,0,0
TF,PL210,37.640833,120.362778,0, ,0.0,0.0,0.0,0.0,2,13800,0,0,0,0,0,0
TF,HCH,37.655000,120.545000,0, ,0.0,0.0,0.0,0.0,2,11800,0,0,0,0,0,0
TF,PL215,37.535833,120.644722,0, ,0.0,0.0,0.0,0.0,2,6890,0,1,205,0,0,0

STAR,REP52F,23,5
IF,REPOL,37.592222,119.678333, ,0.0,0.0,0,0,0,0,0,0,0,0
TF,PL210,37.640833,120.362778,0, ,0.0,0.0,0.0,0.0,2,13800,0,0,0,0,0,0
TF,HCH,37.655000,120.545000,0, ,0.0,0.0,0.0,0.0,2,11800,0,0,0,0,0,0
TF,PL407,37.851667,121.045000,0, ,0.0,0.0,0.0,0.0,2,2960,0,1,205,0,0,0

STAR,WEH01A,05,2
IF,WEH,37.184258,122.225144, ,0.0,0.0,0,0,0,0,0,0,0,0
TF,PL208,37.402778,121.369167,0, ,0.0,0.0,0.0,0.0,2,14800,0,0,0,0,0,0
TF,FZ,37.451667,121.178333,0, ,0.0,0.0,0.0,0.0,2,11800,0,0,0,0,0,0
TF,PL206,37.319444,120.826944,0, ,0.0,0.0,0.0,0.0,2,7880,0,1,205,0,0,0

STAR,WEH02A,23,2
IF,WEH,37.184258,122.225144, ,0.0,0.0,0,0,0,0,0,0,0,0
TF,PL208,37.402778,121.369167,0, ,0.0,0.0,0.0,0.0,2,14800,0,0,0,0,0,0
TF,FZ,37.451667,121.178333,0, ,0.0,0.0,0.0,0.0,2,11800,0,0,0,0,0,0
TF,D196K,37.501778,120.966103,0, ,0.0,0.0,0.0,0.0,0,0,0,0,0,0,0,0
TF,YCS,37.679781,121.001492,0, ,0.0,0.0,0.0,0.0,2,4930,0,1,205,0,0,0

STAR,WEH51F,05,5
IF,WEH,37.184258,122.225144, ,0.0,0.0,0,0,0,0,0,0,0,0
TF,PL208,37.402778,121.369167,0, ,0.0,0.0,0.0,0.0,2,14800,0,0,0,0,0,0
TF,FZ,37.451667,121.178333,0, ,0.0,0.0,0.0,0.0,2,11800,0,0,0,0,0,0
TF,PL206,37.319444,120.826944,0, ,0.0,0.0,0.0,0.0,2,7880,0,1,205,0,0,0

STAR,WEH52F,23,5
IF,WEH,37.184258,122.225144, ,0.0,0.0,0,0,0,0,0,0,0,0
TF,PL208,37.402778,121.369167,0, ,0.0,0.0,0.0,0.0,2,14800,0,0,0,0,0,0
TF,FZ,37.451667,121.178333,0, ,0.0,0.0,0.0,0.0,2,11800,0,0,0,0,0,0
TF,PL405,37.564444,121.022500,0, ,0.0,0.0,0.0,0.0,2,7880,0,1,205,0,0,0

APPTR,D05,05,PL206
IF,PL206,37.319444,120.826944, ,0.0,0.0,2,7880,0,1,205,0,1,0
FD,PL206,37.319444,120.826944,0,HCH,153.1,17.1,334.0,17.1,0,0,0,0,0,0,0,0
CF,PL204,37.488889,120.783611,0,YCS,229.3,15.5,50.0,4.0,2,3780,0,0,0,0,1,0

APPTR,D05,05,PL215
IF,PL215,37.535833,120.644722, ,0.0,0.0,2,6890,0,1,205,0,1,0
FD,PL215,37.535833,120.644722,0,HCH,153.3,13.4,154.0,13.4,0,0,0,0,0,0,0,0
CF,PL204,37.488889,120.783611,1,YCS,229.3,15.5,50.0,4.0,2,3780,0,0,0,0,1,0

FINAL,D05,05,D,4
IF,PL204,37.488889,120.783611,YCS,229.3,15.5,2,3780,0,0,0,0,0,0
CF,FF05,37.535928,120.837097,0,YCS,229.3,11.7,50.0,3.8,2,3120,0,0,0,0,2,0
CF,55VOR,37.612633,120.922808,0,YCS,230.0,5.5,50.0,6.2,2,1150,0,0,0,0,0,0
CF,MD05,37.637056,120.951406,0,YCS,230.0,3.5,50.0,2.0,1,511,0,0,0,0,3,0
CA,0,50.0,2,3290,0,0,0,0,0,0
DF,HCH,37.655000,120.545000,1, ,0.0,0.0,1,9850,0,1,205,0,0,0

APPTR,D23,23,A
IF,A,37.766886,120.895469, ,0.0,0.0,2,3940,0,1,205,0,1,0
FD,A,37.766886,120.895469,0,HCH,75.0,28.1,75.0,28.1,0,0,0,0,0,0,0,0
CF,CF23,37.791381,121.129153,2,YCS,49.2,9.0,230.0,1.0,2,1970,0,0,0,0,1,0

APPTR,D23,23,YCS1
IF,YCS,37.679781,121.001492, ,0.0,0.0,2,4930,0,1,205,0,1,0
FD,YCS,37.679781,121.001492,0,YCS,0.0,9.0,30.0,9.0,2,2960,0,0,0,0,0,0
CF,CF23,37.791381,121.129153,2,YCS,49.2,9.0,230.0,1.0,2,1970,0,0,0,0,1,0

APPTR,D23,23,YCS2
IF,YCS,37.679781,121.001492, ,0.0,0.0,2,4930,0,1,205,0,1,0
FD,YCS,37.679781,121.001492,0,YCS,0.0,9.0,41.0,9.0,2,2960,0,0,0,0,0,0
CF,CF23,37.791381,121.129153,2,YCS,49.2,9.0,230.0,1.0,2,1970,0,0,0,0,1,0

FINAL,D23,23,D,3
IF,CF23,37.791381,121.129153,YCS,49.2,9.0,2,1970,0,0,0,0,0,0
CF,FF23,37.739572,121.069703,0,YCS,49.2,4.8,230.0,4.2,2,1970,0,0,0,0,2,0
CF,YCS,37.679781,121.001492,0,YCS,0.0,0.0,230.0,4.8,1,416,0,0,0,0,3,0
CA,0,230.0,2,1970,0,0,0,0,0,0
DF,YCS,37.679781,121.001492,1, ,0.0,0.0,1,4930,0,1,205,0,0,0

APPTR,I05-Y,05,PL206
IF,PL206,37.319444,120.826944, ,0.0,0.0,2,7880,0,1,205,0,1,0
FD,PL206,37.319444,120.826944,0,HCH,153.1,17.1,334.0,17.1,0,0,0,0,0,0,0,0
CF,PL204,37.488889,120.783611,0,IYN,229.3,14.9,50.0,4.0,2,3780,0,0,0,0,1,0

APPTR,I05-Y,05,PL215
IF,PL215,37.535833,120.644722, ,0.0,0.0,2,6890,0,1,205,0,1,0
FD,PL215,37.535833,120.644722,0,HCH,153.3,13.4,154.0,13.4,0,0,0,0,0,0,0,0
CF,PL204,37.488889,120.783611,1,IYN,229.3,14.9,50.0,4.0,2,3780,0,0,0,0,1,0

FINAL,I05-Y,05,I,3
IF,PL204,37.488889,120.783611,IYN,229.3,14.9,2,3780,0,0,0,0,0,0
CF,FF05,37.535928,120.837097,0,IYN,229.3,11.1,50.0,3.8,1,3120,0,0,0,0,2,0
CF,RW05,37.648581,120.965564,0,IYN,229.3,2.0,50.0,9.1,1,203,0,0,0,0,3,0
FA,RW05,37.648581,120.965564,0,YCS,0.0,0.0,50.0,2,3290,0,0,0,0,0,0
DF,HCH,37.655000,120.545000,1, ,0.0,0.0,1,9850,0,1,205,0,0,0

APPTR,I05-Z,05,PL206
IF,PL206,37.319444,120.826944, ,0.0,0.0,2,7880,0,1,205,0,1,0
TF,PL205,37.438611,120.726667,0, ,0.0,0.0,0.0,0.0,2,4930,0,0,0,0,0,0
TF,PL204,37.488889,120.783611,0,IYN,0.0,0.0,0.0,0.0,2,3780,0,0,0,0,1,0

APPTR,I05-Z,05,PL215
IF,PL215,37.535833,120.644722, ,0.0,0.0,2,6890,0,1,205,0,1,0
TF,PL205,37.438611,120.726667,0, ,0.0,0.0,0.0,0.0,2,4930,0,0,0,0,0,0
TF,PL204,37.488889,120.783611,1,IYN,0.0,0.0,0.0,0.0,2,3780,0,0,0,0,1,0

FINAL,I05-Z,05,I,3
IF,PL204,37.488889,120.783611,IYN,229.3,14.9,2,3780,0,0,0,0,0,0
CF,FF05,37.535928,120.837097,0,IYN,229.3,11.1,50.0,3.8,1,3120,0,0,0,0,2,0
CF,RW05,37.648581,120.965564,0,IYN,229.3,2.0,50.0,9.1,1,203,0,0,0,0,3,0
FA,RW05,37.648581,120.965564,0,YCS,0.0,0.0,50.0,2,3290,0,0,0,0,0,0
DF,HCH,37.655000,120.545000,1, ,0.0,0.0,1,9850,0,1,205,0,0,0

APPTR,I23-Y,23,A
IF,A,37.766886,120.895469, ,0.0,0.0,2,3940,0,1,205,0,1,0
FD,A,37.766886,120.895469,0,HCH,75.0,28.1,75.0,28.1,0,0,0,0,0,0,0,0
CF,CF23,37.791381,121.129153,2,IYT,49.3,11.7,230.0,1.0,2,1970,0,0,0,0,1,0

APPTR,I23-Y,23,YCS1
IF,YCS,37.679781,121.001492, ,0.0,0.0,2,4930,0,1,205,0,1,0
FD,YCS,37.679781,121.001492,0,YCS,0.0,9.0,30.0,9.0,2,2960,0,0,0,0,0,0
CF,CF23,37.791381,121.129153,2,IYT,49.3,11.7,230.0,1.0,2,1970,0,0,0,0,1,0

APPTR,I23-Y,23,YCS2
IF,YCS,37.679781,121.001492, ,0.0,0.0,2,4930,0,1,205,0,1,0
FD,YCS,37.679781,121.001492,0,YCS,0.0,9.0,41.0,9.0,2,2960,0,0,0,0,0,0
CF,CF23,37.791381,121.129153,2,IYT,49.3,11.7,230.0,1.0,2,1970,0,0,0,0,1,0

FINAL,I23-Y,23,I,3
IF,CF23,37.791381,121.129153,IYT,49.3,11.7,2,1970,0,0,0,0,0,0
CF,FF23,37.739572,121.069703,0,IYT,49.3,7.5,230.0,4.2,1,1970,0,0,0,0,2,0
CF,RW23,37.671247,120.991481,0,IYT,49.3,2.0,230.0,5.5,1,193,0,0,0,0,3,0
CA,0,230.0,2,1970,0,0,0,0,0,0
DF,YCS,37.679781,121.001492,1, ,0.0,0.0,1,4930,0,1,205,0,0,0

APPTR,I23-Z,23,PL405
IF,PL405,37.564444,121.022500, ,0.0,0.0,2,7880,0,1,205,0,1,0
TF,PL404,37.730556,121.212778,0, ,0.0,0.0,0.0,0.0,2,3610,0,0,0,0,0,0
TF,PL403,37.791111,121.128889,0,IYT,0.0,0.0,0.0,0.0,2,1970,0,0,0,0,1,0

APPTR,I23-Z,23,PL407
IF,PL407,37.851667,121.045000, ,0.0,0.0,2,2960,0,1,205,0,1,0
TF,PL403,37.791111,121.128889,0,IYT,0.0,0.0,0.0,0.0,2,1970,0,0,0,0,1,0

FINAL,I23-Z,23,I,3
IF,PL403,37.791111,121.128889,IYT,49.3,11.7,2,1970,0,0,0,0,0,0
CF,FF23,37.739572,121.069703,0,IYT,49.3,7.5,230.0,4.2,1,1970,0,0,0,0,2,0
CF,RW23,37.671247,120.991481,0,IYT,49.3,2.0,230.0,5.5,1,193,0,0,0,0,3,0
CA,0,230.0,2,1970,0,0,0,0,0,0
DF,YCS,37.679781,121.001492,1, ,0.0,0.0,1,4930,0,1,205,0,0,0

