SID,GUT11D,20R,2
CD, ,0,0,0,CKG,0,0.0,199.0,11.5,0,0,0,0,0,0,0,0
DF,SHC,29.431667,106.728333,1, ,0.0,0.0,0,0,0,0,0,0,0,0
TF,XOLAL,29.492778,106.881389,0, ,0.0,0.0,0.0,0.0,3,7880,0,0,0,0,0,0
CD, ,0,0,0,FLG,0,0.0,67.0,7.5,2,12800,0,0,0,0,0,0
CF,FLG,29.700000,107.378333,0,FLG,0.0,0.0,67.0,7.0,0,0,0,0,0,0,0,0
TF,GUTVI,29.898056,107.691667,0, ,0.0,0.0,0.0,0.0,0,0,0,0,0,0,0,0

SID,GUT12D,20L,2
CD, ,0,0,0,CKG,0,0.0,199.0,11.5,0,0,0,0,0,0,0,0
DF,SHC,29.431667,106.728333,1, ,0.0,0.0,0,0,0,0,0,0,0,0
TF,XOLAL,29.492778,106.881389,0, ,0.0,0.0,0.0,0.0,3,7880,0,0,0,0,0,0
CD, ,0,0,0,FLG,0,0.0,67.0,7.5,2,12800,0,0,0,0,0,0
CF,FLG,29.700000,107.378333,0,FLG,0.0,0.0,67.0,7.0,0,0,0,0,0,0,0,0
TF,GUTVI,29.898056,107.691667,0, ,0.0,0.0,0.0,0.0,0,0,0,0,0,0,0,0

SID,GUT13D,21,2
DF,DER21,29.714319,106.661467,0, ,0.0,0.0,0,0,0,0,0,0,0,1
CA,0,184.0,2,2960,0,1,205,0,0,0
DF,SHC,29.431667,106.728333,0, ,0.0,0.0,0,0,0,0,0,0,0,0
TF,XOLAL,29.492778,106.881389,0, ,0.0,0.0,0.0,0.0,3,7880,0,0,0,0,0,0
CD, ,0,0,0,FLG,0,0.0,67.0,7.5,2,12800,0,0,0,0,0,0
CF,FLG,29.700000,107.378333,0,FLG,0.0,0.0,67.0,7.0,0,0,0,0,0,0,0,0
TF,GUTVI,29.898056,107.691667,0, ,0.0,0.0,0.0,0.0,0,0,0,0,0,0,0,0

SID,GUTV1Y,20R,5
CF,CK421,29.532417,106.577167,0,CKG,199.3,13.4,199.0,11.0,0,0,0,0,0,0,0,0
TF,SHC,29.431667,106.728333,0, ,0.0,0.0,0.0,0.0,3,7880,0,0,0,0,0,0
TF,MEKEP,29.471389,106.882500,0, ,0.0,0.0,0.0,0.0,0,0,0,0,0,0,0,0
TF,CK425,29.539889,107.140528,0, ,0.0,0.0,0.0,0.0,0,0,0,0,0,0,0,0
TF,CK427,29.847917,107.164778,0, ,0.0,0.0,0.0,0.0,0,0,0,0,0,0,0,0
TF,GUTVI,29.898056,107.691667,0, ,0.0,0.0,0.0,0.0,0,0,0,0,0,0,0,0

SID,GUTV1Z,02L,5
CF,CK401,30.022944,106.746806,0,SHC,3.6,35.4,19.0,19.0,0,0,0,0,0,0,0,0
TF,CK408,29.935694,107.076528,0, ,0.0,0.0,0.0,0.0,0,0,0,0,0,0,0,0
TF,EMSOV,29.983611,107.365278,0, ,0.0,0.0,0.0,0.0,0,0,0,0,0,0,0,0
TF,GUTVI,29.898056,107.691667,0, ,0.0,0.0,0.0,0.0,0,0,0,0,0,0,0,0

SID,GUTV2Y,20L,5
CF,CK422,29.530194,106.580500,0,CKG,198.4,13.5,199.0,11.0,0,0,0,0,0,0,0,0
TF,SHC,29.431667,106.728333,0, ,0.0,0.0,0.0,0.0,3,7880,0,0,0,0,0,0
TF,MEKEP,29.471389,106.882500,0, ,0.0,0.0,0.0,0.0,0,0,0,0,0,0,0,0
TF,CK425,29.539889,107.140528,0, ,0.0,0.0,0.0,0.0,0,0,0,0,0,0,0,0
TF,CK427,29.847917,107.164778,0, ,0.0,0.0,0.0,0.0,0,0,0,0,0,0,0,0
TF,GUTVI,29.898056,107.691667,0, ,0.0,0.0,0.0,0.0,0,0,0,0,0,0,0,0

SID,GUTV2Z,02R,5
CF,CK402,30.021972,106.750583,0,SHC,3.9,35.4,19.0,19.0,0,0,0,0,0,0,0,0
TF,CK408,29.935694,107.076528,0, ,0.0,0.0,0.0,0.0,0,0,0,0,0,0,0,0
TF,EMSOV,29.983611,107.365278,0, ,0.0,0.0,0.0,0.0,0,0,0,0,0,0,0,0
TF,GUTVI,29.898056,107.691667,0, ,0.0,0.0,0.0,0.0,0,0,0,0,0,0,0,0

SID,GUTV3Y,21,5
DF,DER21,29.714319,106.661467,0, ,0.0,0.0,0,0,0,0,0,0,0,1
CA,0,184.0,2,2960,0,0,0,0,0,0
DF,CK423,29.547611,106.799389,0, ,0.0,0.0,3,7880,0,1,205,0,0,0
TF,CK426,29.622472,107.147306,0, ,0.0,0.0,0.0,0.0,0,0,0,0,0,0,0,0
TF,CK427,29.847917,107.164778,0, ,0.0,0.0,0.0,0.0,0,0,0,0,0,0,0,0
TF,GUTVI,29.898056,107.691667,0, ,0.0,0.0,0.0,0.0,0,0,0,0,0,0,0,0

SID,GUTV3Z,03,5
DF,DER03,29.747031,106.672961,0, ,0.0,0.0,0,0,0,0,0,0,0,1
CF,CK403,29.912722,106.790667,0,SHC,8.4,29.0,34.0,12.0,0,0,0,0,0,0,0,0
TF,CK409,29.845250,107.044861,0, ,0.0,0.0,0.0,0.0,0,0,0,0,0,0,0,0
TF,GUTVI,29.898056,107.691667,0, ,0.0,0.0,0.0,0.0,0,0,0,0,0,0,0,0

SID,PIN01D,02L,2
CD, ,0,0,0,CKG,0,0.0,19.0,12.0,0,0,0,1,205,0,0,0
CI,0, ,0.0,58.0,0,0,0,0,0,0,0,0
CF,D028V,30.076511,106.839494,0,CKG,28.1,22.0,28.0,7.0,3,7880,0,0,0,0,0,0
TF,UGOPO,30.106111,106.806944,0, ,0.0,0.0,0.0,0.0,0,0,0,0,0,0,0,0
TF,PINAB,30.579167,106.305278,0, ,0.0,0.0,0.0,0.0,0,0,0,0,0,0,0,0

SID,PIN02D,02R,2
CD, ,0,0,0,CKG,0,0.0,19.0,12.0,0,0,0,1,205,0,0,0
CI,0, ,0.0,58.0,0,0,0,0,0,0,0,0
CF,D028V,30.076511,106.839494,0,CKG,28.1,22.0,28.0,7.0,3,7880,0,0,0,0,0,0
TF,UGOPO,30.106111,106.806944,0, ,0.0,0.0,0.0,0.0,0,0,0,0,0,0,0,0
TF,PINAB,30.579167,106.305278,0, ,0.0,0.0,0.0,0.0,0,0,0,0,0,0,0,0

SID,PIN11D,20R,2
CD, ,0,0,0,CKG,0,0.0,199.0,11.5,0,0,0,0,0,0,0,0
DF,SHC,29.431667,106.728333,1, ,0.0,0.0,0,0,0,0,0,0,0,0
TF,XOLAL,29.492778,106.881389,0, ,0.0,0.0,0.0,0.0,3,7880,0,0,0,0,0,0
CD, ,0,0,0,FLG,0,0.0,67.0,7.5,2,12800,0,0,0,0,0,0
CI,0, ,0.0,11.0,0,0,0,0,0,0,0,0
CF,UGOPO,30.106111,106.806944,0,FLG,311.4,38.5,311.0,33.0,0,0,0,0,0,0,0,0
TF,PINAB,30.579167,106.305278,0, ,0.0,0.0,0.0,0.0,0,0,0,0,0,0,0,0

SID,PIN12D,20L,2
CD, ,0,0,0,CKG,0,0.0,199.0,11.5,0,0,0,0,0,0,0,0
DF,SHC,29.431667,106.728333,1, ,0.0,0.0,0,0,0,0,0,0,0,0
TF,XOLAL,29.492778,106.881389,0, ,0.0,0.0,0.0,0.0,3,7880,0,0,0,0,0,0
CD, ,0,0,0,FLG,0,0.0,67.0,7.5,2,12800,0,0,0,0,0,0
CI,0, ,0.0,11.0,0,0,0,0,0,0,0,0
CF,UGOPO,30.106111,106.806944,0,FLG,311.4,38.5,311.0,33.0,0,0,0,0,0,0,0,0
TF,PINAB,30.579167,106.305278,0, ,0.0,0.0,0.0,0.0,0,0,0,0,0,0,0,0

SID,PIN13D,21,2
DF,DER21,29.714319,106.661467,0, ,0.0,0.0,0,0,0,0,0,0,0,1
CA,0,184.0,2,2960,0,1,205,0,0,0
DF,SHC,29.431667,106.728333,0, ,0.0,0.0,0,0,0,0,0,0,0,0
TF,XOLAL,29.492778,106.881389,0, ,0.0,0.0,0.0,0.0,3,7880,0,0,0,0,0,0
CD, ,0,0,0,FLG,0,0.0,67.0,7.5,2,12800,0,0,0,0,0,0
CI,0, ,0.0,11.0,0,0,0,0,0,0,0,0
CF,UGOPO,30.106111,106.806944,0,FLG,311.4,38.5,311.0,33.0,0,0,0,0,0,0,0,0
TF,PINAB,30.579167,106.305278,0, ,0.0,0.0,0.0,0.0,0,0,0,0,0,0,0,0

SID,PINA1Y,20R,5
CF,CK421,29.532417,106.577167,0,CKG,199.3,13.4,199.0,11.0,0,0,0,0,0,0,0,0
TF,SHC,29.431667,106.728333,0, ,0.0,0.0,0.0,0.0,3,7880,0,0,0,0,0,0
TF,MEKEP,29.471389,106.882500,0, ,0.0,0.0,0.0,0.0,0,0,0,0,0,0,0,0
TF,CK425,29.539889,107.140528,0, ,0.0,0.0,0.0,0.0,0,0,0,0,0,0,0,0
TF,CK427,29.847917,107.164778,0, ,0.0,0.0,0.0,0.0,0,0,0,0,0,0,0,0
TF,CK428,30.235389,106.712278,0, ,0.0,0.0,0.0,0.0,0,0,0,0,0,0,0,0
TF,PINAB,30.579167,106.305278,0, ,0.0,0.0,0.0,0.0,0,0,0,0,0,0,0,0

SID,PINA1Z,02L,5
CF,CK401,30.022944,106.746806,0,SHC,3.6,35.4,19.0,19.0,0,0,0,0,0,0,0,0
TF,UGOPO,30.106111,106.806944,0, ,0.0,0.0,0.0,0.0,0,0,0,0,0,0,0,0
TF,CK407,30.265389,106.920139,0, ,0.0,0.0,0.0,0.0,0,0,0,0,0,0,0,0
TF,CK411,30.375639,106.802222,0, ,0.0,0.0,0.0,0.0,0,0,0,0,0,0,0,0
TF,PINAB,30.579167,106.305278,0, ,0.0,0.0,0.0,0.0,0,0,0,0,0,0,0,0

SID,PINA2Y,20L,5
CF,CK422,29.530194,106.580500,0,CKG,198.4,13.5,199.0,11.0,0,0,0,0,0,0,0,0
TF,SHC,29.431667,106.728333,0, ,0.0,0.0,0.0,0.0,3,7880,0,0,0,0,0,0
TF,MEKEP,29.471389,106.882500,0, ,0.0,0.0,0.0,0.0,0,0,0,0,0,0,0,0
TF,CK425,29.539889,107.140528,0, ,0.0,0.0,0.0,0.0,0,0,0,0,0,0,0,0
TF,CK427,29.847917,107.164778,0, ,0.0,0.0,0.0,0.0,0,0,0,0,0,0,0,0
TF,CK428,30.235389,106.712278,0, ,0.0,0.0,0.0,0.0,0,0,0,0,0,0,0,0
TF,PINAB,30.579167,106.305278,0, ,0.0,0.0,0.0,0.0,0,0,0,0,0,0,0,0

SID,PINA2Z,02R,5
CF,CK402,30.021972,106.750583,0,SHC,3.9,35.4,19.0,19.0,0,0,0,0,0,0,0,0
TF,UGOPO,30.106111,106.806944,0, ,0.0,0.0,0.0,0.0,0,0,0,0,0,0,0,0
TF,CK407,30.265389,106.920139,0, ,0.0,0.0,0.0,0.0,0,0,0,0,0,0,0,0
TF,CK411,30.375639,106.802222,0, ,0.0,0.0,0.0,0.0,0,0,0,0,0,0,0,0
TF,PINAB,30.579167,106.305278,0, ,0.0,0.0,0.0,0.0,0,0,0,0,0,0,0,0

SID,PINA3Y,21,5
DF,DER21,29.714319,106.661467,0, ,0.0,0.0,0,0,0,0,0,0,0,1
CA,0,184.0,2,2960,0,0,0,0,0,0
DF,CK423,29.547611,106.799389,0, ,0.0,0.0,3,7880,0,1,205,0,0,0
TF,CK426,29.622472,107.147306,0, ,0.0,0.0,0.0,0.0,0,0,0,0,0,0,0,0
TF,CK427,29.847917,107.164778,0, ,0.0,0.0,0.0,0.0,0,0,0,0,0,0,0,0
TF,PINAB,30.579167,106.305278,0, ,0.0,0.0,0.0,0.0,0,0,0,0,0,0,0,0

SID,PINA3Z,03,5
DF,DER03,29.747031,106.672961,0, ,0.0,0.0,0,0,0,0,0,0,0,1
CF,CK403,29.912722,106.790667,0,SHC,8.4,29.0,34.0,12.0,0,0,0,0,0,0,0,0
TF,CK404,29.975667,106.925889,0, ,0.0,0.0,0.0,0.0,0,0,0,0,0,0,0,0
TF,CK405,30.145833,107.047417,0, ,0.0,0.0,0.0,0.0,0,0,0,0,0,0,0,0
TF,CK411,30.375639,106.802222,0, ,0.0,0.0,0.0,0.0,0,0,0,0,0,0,0,0
TF,PINAB,30.579167,106.305278,0, ,0.0,0.0,0.0,0.0,0,0,0,0,0,0,0,0

SID,PINA4Y,20R,5
CA,0,199.0,2,5910,0,1,205,0,0,0
DF,CK910,29.830389,106.571944,2, ,0.0,0.0,0,0,0,0,0,0,0,0
TF,CK428,30.235389,106.712278,0, ,0.0,0.0,0.0,0.0,0,0,0,0,0,0,0,0
TF,PINAB,30.579167,106.305278,0, ,0.0,0.0,0.0,0.0,0,0,0,0,0,0,0,0

SID,PINA5Y,20L,5
CA,0,199.0,2,5910,0,1,205,0,0,0
DF,CK910,29.830389,106.571944,2, ,0.0,0.0,0,0,0,0,0,0,0,0
TF,CK428,30.235389,106.712278,0, ,0.0,0.0,0.0,0.0,0,0,0,0,0,0,0,0
TF,PINAB,30.579167,106.305278,0, ,0.0,0.0,0.0,0.0,0,0,0,0,0,0,0,0

SID,SOS01D,02L,2
CD, ,0,0,0,CKG,0,0.0,19.0,12.0,0,0,0,1,205,0,0,0
CI,0, ,0.0,58.0,0,0,0,0,0,0,0,0
CF,D028V,30.076511,106.839494,0,CKG,28.1,22.0,28.0,7.0,3,7880,0,0,0,0,0,0
TF,SOSLI,30.447500,107.050556,0, ,0.0,0.0,0.0,0.0,0,0,0,0,0,0,0,0

SID,SOS02D,02R,2
CD, ,0,0,0,CKG,0,0.0,19.0,12.0,0,0,0,1,205,0,0,0
CI,0, ,0.0,58.0,0,0,0,0,0,0,0,0
CF,D028V,30.076511,106.839494,0,CKG,28.1,22.0,28.0,7.0,3,7880,0,0,0,0,0,0
TF,SOSLI,30.447500,107.050556,0, ,0.0,0.0,0.0,0.0,0,0,0,0,0,0,0,0

SID,SOS11D,20R,2
CD, ,0,0,0,CKG,0,0.0,199.0,11.5,0,0,0,0,0,0,0,0
DF,SHC,29.431667,106.728333,1, ,0.0,0.0,0,0,0,0,0,0,0,0
TF,XOLAL,29.492778,106.881389,0, ,0.0,0.0,0.0,0.0,3,7880,0,0,0,0,0,0
CD, ,0,0,0,FLG,0,0.0,67.0,7.5,2,12800,0,0,0,0,0,0
CI,0, ,0.0,11.0,0,0,0,0,0,0,0,0
CF,ALDEL,30.138889,107.190833,0,FLG,341.6,28.0,341.0,19.0,0,0,0,0,0,0,0,0
TF,SOSLI,30.447500,107.050556,0, ,0.0,0.0,0.0,0.0,0,0,0,0,0,0,0,0

SID,SOS12D,20L,2
CD, ,0,0,0,CKG,0,0.0,199.0,11.5,0,0,0,0,0,0,0,0
DF,SHC,29.431667,106.728333,1, ,0.0,0.0,0,0,0,0,0,0,0,0
TF,XOLAL,29.492778,106.881389,0, ,0.0,0.0,0.0,0.0,3,7880,0,0,0,0,0,0
CD, ,0,0,0,FLG,0,0.0,67.0,7.5,2,12800,0,0,0,0,0,0
CI,0, ,0.0,11.0,0,0,0,0,0,0,0,0
CF,ALDEL,30.138889,107.190833,0,FLG,341.6,28.0,341.0,19.0,0,0,0,0,0,0,0,0
TF,SOSLI,30.447500,107.050556,0, ,0.0,0.0,0.0,0.0,0,0,0,0,0,0,0,0

SID,SOS13D,21,2
DF,DER21,29.714319,106.661467,0, ,0.0,0.0,0,0,0,0,0,0,0,1
CA,0,184.0,2,2960,0,1,205,0,0,0
DF,SHC,29.431667,106.728333,0, ,0.0,0.0,0,0,0,0,0,0,0,0
TF,XOLAL,29.492778,106.881389,0, ,0.0,0.0,0.0,0.0,3,7880,0,0,0,0,0,0
CD, ,0,0,0,FLG,0,0.0,67.0,7.5,2,12800,0,0,0,0,0,0
CI,0, ,0.0,11.0,0,0,0,0,0,0,0,0
CF,ALDEL,30.138889,107.190833,0,FLG,341.6,28.0,341.0,19.0,0,0,0,0,0,0,0,0
TF,SOSLI,30.447500,107.050556,0, ,0.0,0.0,0.0,0.0,0,0,0,0,0,0,0,0

SID,SOSL1Y,20R,5
CF,CK421,29.532417,106.577167,0,CKG,199.3,13.4,199.0,11.0,0,0,0,0,0,0,0,0
TF,SHC,29.431667,106.728333,0, ,0.0,0.0,0.0,0.0,3,7880,0,0,0,0,0,0
TF,MEKEP,29.471389,106.882500,0, ,0.0,0.0,0.0,0.0,0,0,0,0,0,0,0,0
TF,CK425,29.539889,107.140528,0, ,0.0,0.0,0.0,0.0,0,0,0,0,0,0,0,0
TF,CK427,29.847917,107.164778,0, ,0.0,0.0,0.0,0.0,0,0,0,0,0,0,0,0
TF,ALDEL,30.138889,107.190833,0, ,0.0,0.0,0.0,0.0,0,0,0,0,0,0,0,0
TF,SOSLI,30.447500,107.050556,0, ,0.0,0.0,0.0,0.0,0,0,0,0,0,0,0,0

SID,SOSL1Z,02L,5
CF,CK401,30.022944,106.746806,0,SHC,3.6,35.4,19.0,19.0,0,0,0,0,0,0,0,0
TF,UGOPO,30.106111,106.806944,0, ,0.0,0.0,0.0,0.0,0,0,0,0,0,0,0,0
TF,CK407,30.265389,106.920139,0, ,0.0,0.0,0.0,0.0,0,0,0,0,0,0,0,0
TF,SOSLI,30.447500,107.050556,0, ,0.0,0.0,0.0,0.0,0,0,0,0,0,0,0,0

SID,SOSL2Y,20L,5
CF,CK422,29.530194,106.580500,0,CKG,198.4,13.5,199.0,11.0,0,0,0,0,0,0,0,0
TF,SHC,29.431667,106.728333,0, ,0.0,0.0,0.0,0.0,3,7880,0,0,0,0,0,0
TF,MEKEP,29.471389,106.882500,0, ,0.0,0.0,0.0,0.0,0,0,0,0,0,0,0,0
TF,CK425,29.539889,107.140528,0, ,0.0,0.0,0.0,0.0,0,0,0,0,0,0,0,0
TF,CK427,29.847917,107.164778,0, ,0.0,0.0,0.0,0.0,0,0,0,0,0,0,0,0
TF,ALDEL,30.138889,107.190833,0, ,0.0,0.0,0.0,0.0,0,0,0,0,0,0,0,0
TF,SOSLI,30.447500,107.050556,0, ,0.0,0.0,0.0,0.0,0,0,0,0,0,0,0,0

SID,SOSL2Z,02R,5
CF,CK402,30.021972,106.750583,0,SHC,3.9,35.4,19.0,19.0,0,0,0,0,0,0,0,0
TF,UGOPO,30.106111,106.806944,0, ,0.0,0.0,0.0,0.0,0,0,0,0,0,0,0,0
TF,CK407,30.265389,106.920139,0, ,0.0,0.0,0.0,0.0,0,0,0,0,0,0,0,0
TF,SOSLI,30.447500,107.050556,0, ,0.0,0.0,0.0,0.0,0,0,0,0,0,0,0,0

SID,SOSL3Y,21,5
DF,DER21,29.714319,106.661467,0, ,0.0,0.0,0,0,0,0,0,0,0,1
CA,0,184.0,2,2960,0,0,0,0,0,0
DF,CK423,29.547611,106.799389,0, ,0.0,0.0,3,7880,0,1,205,0,0,0
TF,CK426,29.622472,107.147306,0, ,0.0,0.0,0.0,0.0,0,0,0,0,0,0,0,0
TF,CK427,29.847917,107.164778,0, ,0.0,0.0,0.0,0.0,0,0,0,0,0,0,0,0
TF,ALDEL,30.138889,107.190833,0, ,0.0,0.0,0.0,0.0,0,0,0,0,0,0,0,0
TF,SOSLI,30.447500,107.050556,0, ,0.0,0.0,0.0,0.0,0,0,0,0,0,0,0,0

SID,SOSL3Z,03,5
DF,DER03,29.747031,106.672961,0, ,0.0,0.0,0,0,0,0,0,0,0,1
CF,CK403,29.912722,106.790667,0,SHC,8.4,29.0,34.0,12.0,0,0,0,0,0,0,0,0
TF,CK404,29.975667,106.925889,0, ,0.0,0.0,0.0,0.0,0,0,0,0,0,0,0,0
TF,CK406,30.223139,107.103444,0, ,0.0,0.0,0.0,0.0,0,0,0,0,0,0,0,0
TF,SOSLI,30.447500,107.050556,0, ,0.0,0.0,0.0,0.0,0,0,0,0,0,0,0,0

SID,SOSL4Y,20R,5
CA,0,199.0,2,5910,0,1,205,0,0,0
DF,CK910,29.830389,106.571944,2, ,0.0,0.0,0,0,0,0,0,0,0,0
TF,SOSLI,30.447500,107.050556,0, ,0.0,0.0,0.0,0.0,0,0,0,0,0,0,0,0

SID,SOSL5Y,20L,5
CA,0,199.0,2,5910,0,1,205,0,0,0
DF,CK910,29.830389,106.571944,2, ,0.0,0.0,0,0,0,0,0,0,0,0
TF,SOSLI,30.447500,107.050556,0, ,0.0,0.0,0.0,0.0,0,0,0,0,0,0,0,0

SID,UNR11D,20R,2
CD, ,0,0,0,CKG,0,0.0,199.0,11.5,0,0,0,0,0,0,0,0
DF,SHC,29.431667,106.728333,1, ,0.0,0.0,0,0,0,0,0,0,0,0
TF,D129K,29.324978,106.889744,0, ,0.0,0.0,0.0,0.0,3,7880,0,0,0,0,0,0
TF,UNRIX,28.766667,106.916667,0, ,0.0,0.0,0.0,0.0,0,0,0,0,0,0,0,0

SID,UNR12D,20L,2
CD, ,0,0,0,CKG,0,0.0,199.0,11.5,0,0,0,0,0,0,0,0
DF,SHC,29.431667,106.728333,1, ,0.0,0.0,0,0,0,0,0,0,0,0
TF,D129K,29.324978,106.889744,0, ,0.0,0.0,0.0,0.0,3,7880,0,0,0,0,0,0
TF,UNRIX,28.766667,106.916667,0, ,0.0,0.0,0.0,0.0,0,0,0,0,0,0,0,0

SID,UNR13D,21,2
DF,DER21,29.714319,106.661467,0, ,0.0,0.0,0,0,0,0,0,0,0,1
CA,0,184.0,2,2960,0,1,205,0,0,0
DF,SHC,29.431667,106.728333,0, ,0.0,0.0,0,0,0,0,0,0,0,0
TF,D129K,29.324978,106.889744,0, ,0.0,0.0,0.0,0.0,3,7880,0,0,0,0,0,0
TF,UNRIX,28.766667,106.916667,0, ,0.0,0.0,0.0,0.0,0,0,0,0,0,0,0,0

SID,UNRI1Y,20R,5
CF,CK421,29.532417,106.577167,0,CKG,199.3,13.4,199.0,11.0,0,0,0,0,0,0,0,0
TF,SHC,29.431667,106.728333,0, ,0.0,0.0,0.0,0.0,3,7880,0,0,0,0,0,0
TF,CK424,29.322722,106.889694,0, ,0.0,0.0,0.0,0.0,0,0,0,0,0,0,0,0
TF,UNRIX,28.766667,106.916667,0, ,0.0,0.0,0.0,0.0,0,0,0,0,0,0,0,0

SID,UNRI1Z,02L,5
CF,CK401,30.022944,106.746806,0,SHC,3.6,35.4,19.0,19.0,0,0,0,0,0,0,0,0
TF,CK408,29.935694,107.076528,0, ,0.0,0.0,0.0,0.0,0,0,0,0,0,0,0,0
TF,CK410,29.715833,107.000000,0, ,0.0,0.0,0.0,0.0,0,0,0,0,0,0,0,0
TF,XOLAL,29.492778,106.881389,0, ,0.0,0.0,0.0,0.0,0,0,0,0,0,0,0,0
TF,UNRIX,28.766667,106.916667,0, ,0.0,0.0,0.0,0.0,0,0,0,0,0,0,0,0

SID,UNRI2Y,20L,5
CF,CK422,29.530194,106.580500,0,CKG,198.4,13.5,199.0,11.0,0,0,0,0,0,0,0,0
TF,SHC,29.431667,106.728333,0, ,0.0,0.0,0.0,0.0,3,7880,0,0,0,0,0,0
TF,CK424,29.322722,106.889694,0, ,0.0,0.0,0.0,0.0,0,0,0,0,0,0,0,0
TF,UNRIX,28.766667,106.916667,0, ,0.0,0.0,0.0,0.0,0,0,0,0,0,0,0,0

SID,UNRI2Z,02R,5
CF,CK402,30.021972,106.750583,0,SHC,3.9,35.4,19.0,19.0,0,0,0,0,0,0,0,0
TF,CK408,29.935694,107.076528,0, ,0.0,0.0,0.0,0.0,0,0,0,0,0,0,0,0
TF,CK410,29.715833,107.000000,0, ,0.0,0.0,0.0,0.0,0,0,0,0,0,0,0,0
TF,XOLAL,29.492778,106.881389,0, ,0.0,0.0,0.0,0.0,0,0,0,0,0,0,0,0
TF,UNRIX,28.766667,106.916667,0, ,0.0,0.0,0.0,0.0,0,0,0,0,0,0,0,0

SID,UNRI3Y,21,5
DF,DER21,29.714319,106.661467,0, ,0.0,0.0,0,0,0,0,0,0,0,1
CA,0,184.0,2,2960,0,0,0,0,0,0
DF,CK423,29.547611,106.799389,0, ,0.0,0.0,3,7880,0,1,205,0,0,0
TF,MEKEP,29.471389,106.882500,0, ,0.0,0.0,0.0,0.0,0,0,0,0,0,0,0,0
TF,UNRIX,28.766667,106.916667,0, ,0.0,0.0,0.0,0.0,0,0,0,0,0,0,0,0

SID,UNRI3Z,03,5
DF,DER03,29.747031,106.672961,0, ,0.0,0.0,0,0,0,0,0,0,0,1
CF,CK403,29.912722,106.790667,0,SHC,8.4,29.0,34.0,12.0,0,0,0,0,0,0,0,0
TF,CK409,29.845250,107.044861,0, ,0.0,0.0,0.0,0.0,0,0,0,0,0,0,0,0
TF,CK410,29.715833,107.000000,0, ,0.0,0.0,0.0,0.0,0,0,0,0,0,0,0,0
TF,XOLAL,29.492778,106.881389,0, ,0.0,0.0,0.0,0.0,0,0,0,0,0,0,0,0
TF,UNRIX,28.766667,106.916667,0, ,0.0,0.0,0.0,0.0,0,0,0,0,0,0,0,0

SID,UNRI4Z,02L,5
CA,0,19.0,2,5910,0,1,205,0,0,0
DF,CK903,29.657250,106.511556,1, ,0.0,0.0,0,0,0,0,0,0,0,0
TF,UNRIX,28.766667,106.916667,0, ,0.0,0.0,0.0,0.0,0,0,0,0,0,0,0,0

SID,UNRI5Z,02R,5
CA,0,19.0,2,5910,0,1,205,0,0,0
DF,CK903,29.657250,106.511556,1, ,0.0,0.0,0,0,0,0,0,0,0,0
TF,UNRIX,28.766667,106.916667,0, ,0.0,0.0,0.0,0.0,0,0,0,0,0,0,0,0

STAR,AKB01A,ALL,2
IF,AKBEK,30.463056,106.852778, ,0.0,0.0,0,0,0,0,0,0,0,0

STAR,AKB01A,02L,3
IF,AKBEK,30.463056,106.852778, ,0.0,0.0,0,0,0,0,0,0,0,0
TF,CKG,29.746667,106.653333,0, ,0.0,0.0,0.0,0.0,2,8860,0,0,0,0,0,0
TF,D158J,29.601642,106.727206,0, ,0.0,0.0,0.0,0.0,0,0,0,0,0,0,0,0
TF,SHC,29.431667,106.728333,0, ,0.0,0.0,0.0,0.0,2,5910,0,1,205,0,0,0

STAR,AKB01A,02R,3
IF,AKBEK,30.463056,106.852778, ,0.0,0.0,0,0,0,0,0,0,0,0
TF,CKG,29.746667,106.653333,0, ,0.0,0.0,0.0,0.0,2,8860,0,0,0,0,0,0
TF,D158J,29.601642,106.727206,0, ,0.0,0.0,0.0,0.0,0,0,0,0,0,0,0,0
TF,SHC,29.431667,106.728333,0, ,0.0,0.0,0.0,0.0,2,5910,0,1,205,0,0,0

STAR,AKB01A,03,3
IF,AKBEK,30.463056,106.852778, ,0.0,0.0,0,0,0,0,0,0,0,0
TF,CKG,29.746667,106.653333,0, ,0.0,0.0,0.0,0.0,2,8860,0,0,0,0,0,0
TF,D158J,29.601642,106.727206,0, ,0.0,0.0,0.0,0.0,0,0,0,0,0,0,0,0
TF,SHC,29.431667,106.728333,0, ,0.0,0.0,0.0,0.0,2,5910,0,1,205,0,0,0

STAR,AKBE1J,ALL,5
IF,AKBEK,30.463056,106.852778, ,0.0,0.0,0,0,0,0,0,0,0,0

STAR,AKBE1J,02L,6
IF,AKBEK,30.463056,106.852778, ,0.0,0.0,0,0,0,0,0,0,0,0
TF,CK914,30.204444,106.703333,0, ,0.0,0.0,0.0,0.0,0,0,0,0,0,0,0,0
TF,CK912,30.048111,106.647250,0, ,0.0,0.0,0.0,0.0,2,6890,0,0,0,0,0,0
TF,CK904,29.744167,106.541667,0, ,0.0,0.0,0.0,0.0,0,0,0,0,0,0,0,0
TF,CK903,29.657250,106.511556,0, ,0.0,0.0,0.0,0.0,0,0,0,0,0,0,0,0
TF,CK902,29.568333,106.480833,0, ,0.0,0.0,0.0,0.0,0,0,0,0,0,0,0,0
TF,CK901,29.455444,106.462889,0, ,0.0,0.0,0.0,0.0,2,4930,0,1,180,0,0,0

STAR,AKBE1J,02R,6
IF,AKBEK,30.463056,106.852778, ,0.0,0.0,0,0,0,0,0,0,0,0
TF,CK914,30.204444,106.703333,0, ,0.0,0.0,0.0,0.0,0,0,0,0,0,0,0,0
TF,CK912,30.048111,106.647250,0, ,0.0,0.0,0.0,0.0,2,6890,0,0,0,0,0,0
TF,CK904,29.744167,106.541667,0, ,0.0,0.0,0.0,0.0,0,0,0,0,0,0,0,0
TF,CK903,29.657250,106.511556,0, ,0.0,0.0,0.0,0.0,0,0,0,0,0,0,0,0
TF,CK902,29.568333,106.480833,0, ,0.0,0.0,0.0,0.0,0,0,0,0,0,0,0,0
TF,CK901,29.455444,106.462889,0, ,0.0,0.0,0.0,0.0,2,4930,0,1,180,0,0,0

STAR,AKBE1J,03,6
IF,AKBEK,30.463056,106.852778, ,0.0,0.0,0,0,0,0,0,0,0,0
TF,CK914,30.204444,106.703333,0, ,0.0,0.0,0.0,0.0,0,0,0,0,0,0,0,0
TF,CK912,30.048111,106.647250,0, ,0.0,0.0,0.0,0.0,2,6890,0,0,0,0,0,0
TF,CK904,29.744167,106.541667,0, ,0.0,0.0,0.0,0.0,0,0,0,0,0,0,0,0
TF,CK903,29.657250,106.511556,0, ,0.0,0.0,0.0,0.0,0,0,0,0,0,0,0,0
TF,CK902,29.568333,106.480833,0, ,0.0,0.0,0.0,0.0,0,0,0,0,0,0,0,0
TF,CK901,29.455444,106.462889,0, ,0.0,0.0,0.0,0.0,2,4930,0,1,180,0,0,0

STAR,AKBE2J,ALL,5
IF,AKBEK,30.463056,106.852778, ,0.0,0.0,0,0,0,0,0,0,0,0

STAR,AKBE2J,02L,6
IF,AKBEK,30.463056,106.852778, ,0.0,0.0,0,0,0,0,0,0,0,0
TF,CK914,30.204444,106.703333,0, ,0.0,0.0,0.0,0.0,0,0,0,0,0,0,0,0
TF,CK912,30.048111,106.647250,0, ,0.0,0.0,0.0,0.0,2,6890,0,0,0,0,0,0
TF,CK904,29.744167,106.541667,0, ,0.0,0.0,0.0,0.0,0,0,0,0,0,0,0,0
TF,CK903,29.657250,106.511556,0, ,0.0,0.0,0.0,0.0,0,0,0,0,0,0,0,0
TF,CK902,29.568333,106.480833,0, ,0.0,0.0,0.0,0.0,0,0,0,0,0,0,0,0
TF,CK900,29.460500,106.443639,0, ,0.0,0.0,0.0,0.0,2,4930,0,1,205,0,0,0

STAR,AKBE2J,02R,6
IF,AKBEK,30.463056,106.852778, ,0.0,0.0,0,0,0,0,0,0,0,0
TF,CK914,30.204444,106.703333,0, ,0.0,0.0,0.0,0.0,0,0,0,0,0,0,0,0
TF,CK912,30.048111,106.647250,0, ,0.0,0.0,0.0,0.0,2,6890,0,0,0,0,0,0
TF,CK904,29.744167,106.541667,0, ,0.0,0.0,0.0,0.0,0,0,0,0,0,0,0,0
TF,CK903,29.657250,106.511556,0, ,0.0,0.0,0.0,0.0,0,0,0,0,0,0,0,0
TF,CK902,29.568333,106.480833,0, ,0.0,0.0,0.0,0.0,0,0,0,0,0,0,0,0
TF,CK900,29.460500,106.443639,0, ,0.0,0.0,0.0,0.0,2,4930,0,1,205,0,0,0

STAR,AKBE2J,03,6
IF,AKBEK,30.463056,106.852778, ,0.0,0.0,0,0,0,0,0,0,0,0
TF,CK914,30.204444,106.703333,0, ,0.0,0.0,0.0,0.0,0,0,0,0,0,0,0,0
TF,CK912,30.048111,106.647250,0, ,0.0,0.0,0.0,0.0,2,6890,0,0,0,0,0,0
TF,CK904,29.744167,106.541667,0, ,0.0,0.0,0.0,0.0,0,0,0,0,0,0,0,0
TF,CK903,29.657250,106.511556,0, ,0.0,0.0,0.0,0.0,0,0,0,0,0,0,0,0
TF,CK902,29.568333,106.480833,0, ,0.0,0.0,0.0,0.0,0,0,0,0,0,0,0,0
TF,CK900,29.460500,106.443639,0, ,0.0,0.0,0.0,0.0,2,4930,0,1,205,0,0,0

STAR,AKBE3J,ALL,5
IF,AKBEK,30.463056,106.852778, ,0.0,0.0,0,0,0,0,0,0,0,0

STAR,AKBE3J,02L,6
IF,AKBEK,30.463056,106.852778, ,0.0,0.0,0,0,0,0,0,0,0,0
TF,ALDEL,30.138889,107.190833,0, ,0.0,0.0,0.0,0.0,4,7880,5910,0,0,0,0,0
TF,CK808,29.954278,107.191111,0, ,0.0,0.0,0.0,0.0,0,0,0,0,0,0,0,0
TF,CK807,29.559972,107.053472,0, ,0.0,0.0,0.0,0.0,0,0,0,0,0,0,0,0
TF,CK803,29.559833,106.863333,0, ,0.0,0.0,0.0,0.0,0,0,0,0,0,0,0,0
TF,CK703,29.595611,106.728250,0, ,0.0,0.0,0.0,0.0,0,0,0,0,0,0,0,0
TF,CK702,29.509250,106.698444,0, ,0.0,0.0,0.0,0.0,0,0,0,0,0,0,0,0
TF,CK701,29.403056,106.661861,0, ,0.0,0.0,0.0,0.0,2,4930,0,1,205,0,0,0

STAR,AKBE3J,02R,6
IF,AKBEK,30.463056,106.852778, ,0.0,0.0,0,0,0,0,0,0,0,0
TF,ALDEL,30.138889,107.190833,0, ,0.0,0.0,0.0,0.0,4,7880,5910,0,0,0,0,0
TF,CK808,29.954278,107.191111,0, ,0.0,0.0,0.0,0.0,0,0,0,0,0,0,0,0
TF,CK807,29.559972,107.053472,0, ,0.0,0.0,0.0,0.0,0,0,0,0,0,0,0,0
TF,CK803,29.559833,106.863333,0, ,0.0,0.0,0.0,0.0,0,0,0,0,0,0,0,0
TF,CK703,29.595611,106.728250,0, ,0.0,0.0,0.0,0.0,0,0,0,0,0,0,0,0
TF,CK702,29.509250,106.698444,0, ,0.0,0.0,0.0,0.0,0,0,0,0,0,0,0,0
TF,CK701,29.403056,106.661861,0, ,0.0,0.0,0.0,0.0,2,4930,0,1,205,0,0,0

STAR,AKBE3J,03,6
IF,AKBEK,30.463056,106.852778, ,0.0,0.0,0,0,0,0,0,0,0,0
TF,ALDEL,30.138889,107.190833,0, ,0.0,0.0,0.0,0.0,4,7880,5910,0,0,0,0,0
TF,CK808,29.954278,107.191111,0, ,0.0,0.0,0.0,0.0,0,0,0,0,0,0,0,0
TF,CK807,29.559972,107.053472,0, ,0.0,0.0,0.0,0.0,0,0,0,0,0,0,0,0
TF,CK803,29.559833,106.863333,0, ,0.0,0.0,0.0,0.0,0,0,0,0,0,0,0,0
TF,CK703,29.595611,106.728250,0, ,0.0,0.0,0.0,0.0,0,0,0,0,0,0,0,0
TF,CK702,29.509250,106.698444,0, ,0.0,0.0,0.0,0.0,0,0,0,0,0,0,0,0
TF,CK701,29.403056,106.661861,0, ,0.0,0.0,0.0,0.0,2,3940,0,1,205,0,0,0

STAR,AKBE8K,ALL,5
IF,AKBEK,30.463056,106.852778, ,0.0,0.0,0,0,0,0,0,0,0,0

STAR,AKBE8K,20L,6
IF,AKBEK,30.463056,106.852778, ,0.0,0.0,0,0,0,0,0,0,0,0
TF,CK411,30.375639,106.802222,0, ,0.0,0.0,0.0,0.0,0,0,0,0,0,0,0,0
TF,CK814,30.224083,106.958944,0, ,0.0,0.0,0.0,0.0,2,6890,0,0,0,0,0,0
TF,CK813,30.123306,107.062694,0, ,0.0,0.0,0.0,0.0,0,0,0,0,0,0,0,0
TF,CK812,29.953389,107.003083,0, ,0.0,0.0,0.0,0.0,0,0,0,0,0,0,0,0
TF,CK811,29.845000,106.965194,0, ,0.0,0.0,0.0,0.0,0,0,0,0,0,0,0,0
TF,CK810,29.736611,106.927361,0, ,0.0,0.0,0.0,0.0,0,0,0,0,0,0,0,0
TF,CK809,29.650139,106.897528,0, ,0.0,0.0,0.0,0.0,0,0,0,0,0,0,0,0
TF,CK704,29.685778,106.759528,0, ,0.0,0.0,0.0,0.0,0,0,0,0,0,0,0,0
TF,CK904,29.744167,106.541667,0, ,0.0,0.0,0.0,0.0,0,0,0,0,0,0,0,0
TF,CK910,29.830389,106.571944,0, ,0.0,0.0,0.0,0.0,0,0,0,0,0,0,0,0
TF,CK911,29.939250,106.609556,0, ,0.0,0.0,0.0,0.0,0,0,0,0,0,0,0,0
TF,CK912,30.048111,106.647250,0, ,0.0,0.0,0.0,0.0,2,5910,0,1,205,0,0,0

STAR,AKBE8K,20R,6
IF,AKBEK,30.463056,106.852778, ,0.0,0.0,0,0,0,0,0,0,0,0
TF,CK411,30.375639,106.802222,0, ,0.0,0.0,0.0,0.0,0,0,0,0,0,0,0,0
TF,CK814,30.224083,106.958944,0, ,0.0,0.0,0.0,0.0,2,6890,0,0,0,0,0,0
TF,CK813,30.123306,107.062694,0, ,0.0,0.0,0.0,0.0,0,0,0,0,0,0,0,0
TF,CK812,29.953389,107.003083,0, ,0.0,0.0,0.0,0.0,0,0,0,0,0,0,0,0
TF,CK811,29.845000,106.965194,0, ,0.0,0.0,0.0,0.0,0,0,0,0,0,0,0,0
TF,CK810,29.736611,106.927361,0, ,0.0,0.0,0.0,0.0,0,0,0,0,0,0,0,0
TF,CK809,29.650139,106.897528,0, ,0.0,0.0,0.0,0.0,0,0,0,0,0,0,0,0
TF,CK704,29.685778,106.759528,0, ,0.0,0.0,0.0,0.0,0,0,0,0,0,0,0,0
TF,CK904,29.744167,106.541667,0, ,0.0,0.0,0.0,0.0,0,0,0,0,0,0,0,0
TF,CK910,29.830389,106.571944,0, ,0.0,0.0,0.0,0.0,0,0,0,0,0,0,0,0
TF,CK911,29.939250,106.609556,0, ,0.0,0.0,0.0,0.0,0,0,0,0,0,0,0,0
TF,CK912,30.048111,106.647250,0, ,0.0,0.0,0.0,0.0,2,5910,0,1,205,0,0,0

STAR,AKBE8K,21,6
IF,AKBEK,30.463056,106.852778, ,0.0,0.0,0,0,0,0,0,0,0,0
TF,CK411,30.375639,106.802222,0, ,0.0,0.0,0.0,0.0,0,0,0,0,0,0,0,0
TF,CK814,30.224083,106.958944,0, ,0.0,0.0,0.0,0.0,2,6890,0,0,0,0,0,0
TF,CK813,30.123306,107.062694,0, ,0.0,0.0,0.0,0.0,0,0,0,0,0,0,0,0
TF,CK812,29.953389,107.003083,0, ,0.0,0.0,0.0,0.0,0,0,0,0,0,0,0,0
TF,CK811,29.845000,106.965194,0, ,0.0,0.0,0.0,0.0,0,0,0,0,0,0,0,0
TF,CK810,29.736611,106.927361,0, ,0.0,0.0,0.0,0.0,0,0,0,0,0,0,0,0
TF,CK809,29.650139,106.897528,0, ,0.0,0.0,0.0,0.0,0,0,0,0,0,0,0,0
TF,CK704,29.685778,106.759528,0, ,0.0,0.0,0.0,0.0,0,0,0,0,0,0,0,0
TF,CK904,29.744167,106.541667,0, ,0.0,0.0,0.0,0.0,0,0,0,0,0,0,0,0
TF,CK910,29.830389,106.571944,0, ,0.0,0.0,0.0,0.0,0,0,0,0,0,0,0,0
TF,CK911,29.939250,106.609556,0, ,0.0,0.0,0.0,0.0,0,0,0,0,0,0,0,0
TF,CK912,30.048111,106.647250,0, ,0.0,0.0,0.0,0.0,2,5910,0,1,205,0,0,0

STAR,AKBE9K,ALL,5
IF,AKBEK,30.463056,106.852778, ,0.0,0.0,0,0,0,0,0,0,0,0

STAR,AKBE9K,20L,6
IF,AKBEK,30.463056,106.852778, ,0.0,0.0,0,0,0,0,0,0,0,0
TF,CK411,30.375639,106.802222,0, ,0.0,0.0,0.0,0.0,0,0,0,0,0,0,0,0
TF,CK814,30.224083,106.958944,0, ,0.0,0.0,0.0,0.0,2,6890,0,0,0,0,0,0
TF,CK813,30.123306,107.062694,0, ,0.0,0.0,0.0,0.0,0,0,0,0,0,0,0,0
TF,CK812,29.953389,107.003083,0, ,0.0,0.0,0.0,0.0,0,0,0,0,0,0,0,0
TF,CK811,29.845000,106.965194,0, ,0.0,0.0,0.0,0.0,0,0,0,0,0,0,0,0
TF,CK810,29.736611,106.927361,0, ,0.0,0.0,0.0,0.0,0,0,0,0,0,0,0,0
TF,CK710,29.773028,106.789806,0, ,0.0,0.0,0.0,0.0,0,0,0,0,0,0,0,0
TF,CK711,29.881472,106.827500,0, ,0.0,0.0,0.0,0.0,0,0,0,0,0,0,0,0
TF,CK712,29.989889,106.865250,0, ,0.0,0.0,0.0,0.0,2,5910,0,1,205,0,0,0

STAR,AKBE9K,20R,6
IF,AKBEK,30.463056,106.852778, ,0.0,0.0,0,0,0,0,0,0,0,0
TF,CK411,30.375639,106.802222,0, ,0.0,0.0,0.0,0.0,0,0,0,0,0,0,0,0
TF,CK814,30.224083,106.958944,0, ,0.0,0.0,0.0,0.0,2,6890,0,0,0,0,0,0
TF,CK813,30.123306,107.062694,0, ,0.0,0.0,0.0,0.0,0,0,0,0,0,0,0,0
TF,CK812,29.953389,107.003083,0, ,0.0,0.0,0.0,0.0,0,0,0,0,0,0,0,0
TF,CK811,29.845000,106.965194,0, ,0.0,0.0,0.0,0.0,0,0,0,0,0,0,0,0
TF,CK810,29.736611,106.927361,0, ,0.0,0.0,0.0,0.0,0,0,0,0,0,0,0,0
TF,CK710,29.773028,106.789806,0, ,0.0,0.0,0.0,0.0,0,0,0,0,0,0,0,0
TF,CK711,29.881472,106.827500,0, ,0.0,0.0,0.0,0.0,0,0,0,0,0,0,0,0
TF,CK712,29.989889,106.865250,0, ,0.0,0.0,0.0,0.0,2,5910,0,1,205,0,0,0

STAR,AKBE9K,21,6
IF,AKBEK,30.463056,106.852778, ,0.0,0.0,0,0,0,0,0,0,0,0
TF,CK411,30.375639,106.802222,0, ,0.0,0.0,0.0,0.0,0,0,0,0,0,0,0,0
TF,CK814,30.224083,106.958944,0, ,0.0,0.0,0.0,0.0,2,6890,0,0,0,0,0,0
TF,CK813,30.123306,107.062694,0, ,0.0,0.0,0.0,0.0,0,0,0,0,0,0,0,0
TF,CK812,29.953389,107.003083,0, ,0.0,0.0,0.0,0.0,0,0,0,0,0,0,0,0
TF,CK811,29.845000,106.965194,0, ,0.0,0.0,0.0,0.0,0,0,0,0,0,0,0,0
TF,CK810,29.736611,106.927361,0, ,0.0,0.0,0.0,0.0,0,0,0,0,0,0,0,0
TF,CK710,29.773028,106.789806,0, ,0.0,0.0,0.0,0.0,0,0,0,0,0,0,0,0
TF,CK711,29.881472,106.827500,0, ,0.0,0.0,0.0,0.0,0,0,0,0,0,0,0,0
TF,CK712,29.989889,106.865250,0, ,0.0,0.0,0.0,0.0,2,4430,0,1,205,0,0,0

STAR,OPA01A,ALL,2
IF,OPAMU,29.651667,107.560833, ,0.0,0.0,0,0,0,0,0,0,0,0

STAR,OPA01A,02L,3
IF,OPAMU,29.651667,107.560833, ,0.0,0.0,0,0,0,0,0,0,0,0
TF,MEKEP,29.471389,106.882500,0, ,0.0,0.0,0.0,0.0,0,0,0,0,0,0,0,0
TF,SHC,29.431667,106.728333,0, ,0.0,0.0,0.0,0.0,2,5910,0,1,205,0,0,0

STAR,OPA01A,02R,3
IF,OPAMU,29.651667,107.560833, ,0.0,0.0,0,0,0,0,0,0,0,0
TF,MEKEP,29.471389,106.882500,0, ,0.0,0.0,0.0,0.0,0,0,0,0,0,0,0,0
TF,SHC,29.431667,106.728333,0, ,0.0,0.0,0.0,0.0,2,5910,0,1,205,0,0,0

STAR,OPA01A,03,3
IF,OPAMU,29.651667,107.560833, ,0.0,0.0,0,0,0,0,0,0,0,0
TF,MEKEP,29.471389,106.882500,0, ,0.0,0.0,0.0,0.0,0,0,0,0,0,0,0,0
TF,SHC,29.431667,106.728333,0, ,0.0,0.0,0.0,0.0,2,5910,0,1,205,0,0,0

STAR,OPAM1J,ALL,5
IF,OPAMU,29.651667,107.560833, ,0.0,0.0,0,0,0,0,0,0,0,0

STAR,OPAM1J,02L,6
IF,OPAMU,29.651667,107.560833, ,0.0,0.0,0,0,0,0,0,0,0,0
TF,CK805,29.559806,107.215806,0, ,0.0,0.0,0.0,0.0,0,0,0,0,0,0,0,0
TF,CK803,29.559833,106.863333,0, ,0.0,0.0,0.0,0.0,0,0,0,0,0,0,0,0
TF,CK703,29.595611,106.728250,0, ,0.0,0.0,0.0,0.0,0,0,0,0,0,0,0,0
TF,CK702,29.509250,106.698444,0, ,0.0,0.0,0.0,0.0,0,0,0,0,0,0,0,0
TF,CK701,29.403056,106.661861,0, ,0.0,0.0,0.0,0.0,2,4930,0,1,205,0,0,0

STAR,OPAM1J,02R,6
IF,OPAMU,29.651667,107.560833, ,0.0,0.0,0,0,0,0,0,0,0,0
TF,CK805,29.559806,107.215806,0, ,0.0,0.0,0.0,0.0,0,0,0,0,0,0,0,0
TF,CK803,29.559833,106.863333,0, ,0.0,0.0,0.0,0.0,0,0,0,0,0,0,0,0
TF,CK703,29.595611,106.728250,0, ,0.0,0.0,0.0,0.0,0,0,0,0,0,0,0,0
TF,CK702,29.509250,106.698444,0, ,0.0,0.0,0.0,0.0,0,0,0,0,0,0,0,0
TF,CK701,29.403056,106.661861,0, ,0.0,0.0,0.0,0.0,2,4930,0,1,205,0,0,0

STAR,OPAM1J,03,6
IF,OPAMU,29.651667,107.560833, ,0.0,0.0,0,0,0,0,0,0,0,0
TF,CK805,29.559806,107.215806,0, ,0.0,0.0,0.0,0.0,0,0,0,0,0,0,0,0
TF,CK803,29.559833,106.863333,0, ,0.0,0.0,0.0,0.0,0,0,0,0,0,0,0,0
TF,CK703,29.595611,106.728250,0, ,0.0,0.0,0.0,0.0,0,0,0,0,0,0,0,0
TF,CK702,29.509250,106.698444,0, ,0.0,0.0,0.0,0.0,0,0,0,0,0,0,0,0
TF,CK701,29.403056,106.661861,0, ,0.0,0.0,0.0,0.0,2,3940,0,1,205,0,0,0

STAR,OPAM2J,ALL,5
IF,OPAMU,29.651667,107.560833, ,0.0,0.0,0,0,0,0,0,0,0,0

STAR,OPAM2J,02L,6
IF,OPAMU,29.651667,107.560833, ,0.0,0.0,0,0,0,0,0,0,0,0
TF,CK804,29.649944,106.894833,0, ,0.0,0.0,0.0,0.0,0,0,0,0,0,0,0,0
TF,CK704,29.685778,106.759528,0, ,0.0,0.0,0.0,0.0,0,0,0,0,0,0,0,0
TF,CK904,29.744167,106.541667,0, ,0.0,0.0,0.0,0.0,0,0,0,0,0,0,0,0
TF,CK903,29.657250,106.511556,0, ,0.0,0.0,0.0,0.0,0,0,0,0,0,0,0,0
TF,CK902,29.568333,106.480833,0, ,0.0,0.0,0.0,0.0,0,0,0,0,0,0,0,0
TF,CK900,29.460500,106.443639,0, ,0.0,0.0,0.0,0.0,2,4930,0,1,205,0,0,0

STAR,OPAM2J,02R,6
IF,OPAMU,29.651667,107.560833, ,0.0,0.0,0,0,0,0,0,0,0,0
TF,CK804,29.649944,106.894833,0, ,0.0,0.0,0.0,0.0,0,0,0,0,0,0,0,0
TF,CK704,29.685778,106.759528,0, ,0.0,0.0,0.0,0.0,0,0,0,0,0,0,0,0
TF,CK904,29.744167,106.541667,0, ,0.0,0.0,0.0,0.0,0,0,0,0,0,0,0,0
TF,CK903,29.657250,106.511556,0, ,0.0,0.0,0.0,0.0,0,0,0,0,0,0,0,0
TF,CK902,29.568333,106.480833,0, ,0.0,0.0,0.0,0.0,0,0,0,0,0,0,0,0
TF,CK900,29.460500,106.443639,0, ,0.0,0.0,0.0,0.0,2,4930,0,1,205,0,0,0

STAR,OPAM2J,03,6
IF,OPAMU,29.651667,107.560833, ,0.0,0.0,0,0,0,0,0,0,0,0
TF,CK804,29.649944,106.894833,0, ,0.0,0.0,0.0,0.0,0,0,0,0,0,0,0,0
TF,CK704,29.685778,106.759528,0, ,0.0,0.0,0.0,0.0,0,0,0,0,0,0,0,0
TF,CK904,29.744167,106.541667,0, ,0.0,0.0,0.0,0.0,0,0,0,0,0,0,0,0
TF,CK903,29.657250,106.511556,0, ,0.0,0.0,0.0,0.0,0,0,0,0,0,0,0,0
TF,CK902,29.568333,106.480833,0, ,0.0,0.0,0.0,0.0,0,0,0,0,0,0,0,0
TF,CK900,29.460500,106.443639,0, ,0.0,0.0,0.0,0.0,2,4930,0,1,205,0,0,0

STAR,OPAM8K,ALL,5
IF,OPAMU,29.651667,107.560833, ,0.0,0.0,0,0,0,0,0,0,0,0

STAR,OPAM8K,20L,6
IF,OPAMU,29.651667,107.560833, ,0.0,0.0,0,0,0,0,0,0,0,0
TF,CK817,29.705500,107.154472,0, ,0.0,0.0,0.0,0.0,0,0,0,0,0,0,0,0
TF,CK809,29.650139,106.897528,0, ,0.0,0.0,0.0,0.0,0,0,0,0,0,0,0,0
TF,CK704,29.685778,106.759528,0, ,0.0,0.0,0.0,0.0,0,0,0,0,0,0,0,0
TF,CK904,29.744167,106.541667,0, ,0.0,0.0,0.0,0.0,0,0,0,0,0,0,0,0
TF,CK910,29.830389,106.571944,0, ,0.0,0.0,0.0,0.0,0,0,0,0,0,0,0,0
TF,CK911,29.939250,106.609556,0, ,0.0,0.0,0.0,0.0,0,0,0,0,0,0,0,0
TF,CK912,30.048111,106.647250,0, ,0.0,0.0,0.0,0.0,2,5910,0,1,205,0,0,0

STAR,OPAM8K,20R,6
IF,OPAMU,29.651667,107.560833, ,0.0,0.0,0,0,0,0,0,0,0,0
TF,CK817,29.705500,107.154472,0, ,0.0,0.0,0.0,0.0,0,0,0,0,0,0,0,0
TF,CK809,29.650139,106.897528,0, ,0.0,0.0,0.0,0.0,0,0,0,0,0,0,0,0
TF,CK704,29.685778,106.759528,0, ,0.0,0.0,0.0,0.0,0,0,0,0,0,0,0,0
TF,CK904,29.744167,106.541667,0, ,0.0,0.0,0.0,0.0,0,0,0,0,0,0,0,0
TF,CK910,29.830389,106.571944,0, ,0.0,0.0,0.0,0.0,0,0,0,0,0,0,0,0
TF,CK911,29.939250,106.609556,0, ,0.0,0.0,0.0,0.0,0,0,0,0,0,0,0,0
TF,CK912,30.048111,106.647250,0, ,0.0,0.0,0.0,0.0,2,5910,0,1,205,0,0,0

STAR,OPAM8K,21,6
IF,OPAMU,29.651667,107.560833, ,0.0,0.0,0,0,0,0,0,0,0,0
TF,CK817,29.705500,107.154472,0, ,0.0,0.0,0.0,0.0,0,0,0,0,0,0,0,0
TF,CK809,29.650139,106.897528,0, ,0.0,0.0,0.0,0.0,0,0,0,0,0,0,0,0
TF,CK704,29.685778,106.759528,0, ,0.0,0.0,0.0,0.0,0,0,0,0,0,0,0,0
TF,CK904,29.744167,106.541667,0, ,0.0,0.0,0.0,0.0,0,0,0,0,0,0,0,0
TF,CK910,29.830389,106.571944,0, ,0.0,0.0,0.0,0.0,0,0,0,0,0,0,0,0
TF,CK911,29.939250,106.609556,0, ,0.0,0.0,0.0,0.0,0,0,0,0,0,0,0,0
TF,CK912,30.048111,106.647250,0, ,0.0,0.0,0.0,0.0,2,5910,0,1,205,0,0,0

STAR,OPAM9K,ALL,5
IF,OPAMU,29.651667,107.560833, ,0.0,0.0,0,0,0,0,0,0,0,0

STAR,OPAM9K,20L,6
IF,OPAMU,29.651667,107.560833, ,0.0,0.0,0,0,0,0,0,0,0,0
TF,CK817,29.705500,107.154472,0, ,0.0,0.0,0.0,0.0,0,0,0,0,0,0,0,0
TF,CK810,29.736611,106.927361,0, ,0.0,0.0,0.0,0.0,0,0,0,0,0,0,0,0
TF,CK710,29.773028,106.789806,0, ,0.0,0.0,0.0,0.0,0,0,0,0,0,0,0,0
TF,CK711,29.881472,106.827500,0, ,0.0,0.0,0.0,0.0,0,0,0,0,0,0,0,0
TF,CK712,29.989889,106.865250,0, ,0.0,0.0,0.0,0.0,2,5910,0,1,205,0,0,0

STAR,OPAM9K,20R,6
IF,OPAMU,29.651667,107.560833, ,0.0,0.0,0,0,0,0,0,0,0,0
TF,CK817,29.705500,107.154472,0, ,0.0,0.0,0.0,0.0,0,0,0,0,0,0,0,0
TF,CK810,29.736611,106.927361,0, ,0.0,0.0,0.0,0.0,0,0,0,0,0,0,0,0
TF,CK710,29.773028,106.789806,0, ,0.0,0.0,0.0,0.0,0,0,0,0,0,0,0,0
TF,CK711,29.881472,106.827500,0, ,0.0,0.0,0.0,0.0,0,0,0,0,0,0,0,0
TF,CK712,29.989889,106.865250,0, ,0.0,0.0,0.0,0.0,2,5910,0,1,205,0,0,0

STAR,OPAM9K,21,6
IF,OPAMU,29.651667,107.560833, ,0.0,0.0,0,0,0,0,0,0,0,0
TF,CK817,29.705500,107.154472,0, ,0.0,0.0,0.0,0.0,0,0,0,0,0,0,0,0
TF,CK810,29.736611,106.927361,0, ,0.0,0.0,0.0,0.0,0,0,0,0,0,0,0,0
TF,CK710,29.773028,106.789806,0, ,0.0,0.0,0.0,0.0,0,0,0,0,0,0,0,0
TF,CK711,29.881472,106.827500,0, ,0.0,0.0,0.0,0.0,0,0,0,0,0,0,0,0
TF,CK712,29.989889,106.865250,0, ,0.0,0.0,0.0,0.0,2,4430,0,1,205,0,0,0

STAR,QJG01A,ALL,2
IF,QJG,29.051667,106.665000, ,0.0,0.0,0,0,0,0,0,0,0,0

STAR,QJG01A,02L,3
IF,QJG,29.051667,106.665000, ,0.0,0.0,0,0,0,0,0,0,0,0
TF,SHC,29.431667,106.728333,0, ,0.0,0.0,0.0,0.0,2,5910,0,1,205,0,0,0

STAR,QJG01A,02R,3
IF,QJG,29.051667,106.665000, ,0.0,0.0,0,0,0,0,0,0,0,0
TF,SHC,29.431667,106.728333,0, ,0.0,0.0,0.0,0.0,2,5910,0,1,205,0,0,0

STAR,QJG01A,03,3
IF,QJG,29.051667,106.665000, ,0.0,0.0,0,0,0,0,0,0,0,0
TF,SHC,29.431667,106.728333,0, ,0.0,0.0,0.0,0.0,2,5910,0,1,205,0,0,0

STAR,QJG02A,ALL,2
IF,QJG,29.051667,106.665000, ,0.0,0.0,0,0,0,0,0,0,0,0

STAR,QJG02A,02L,3
IF,QJG,29.051667,106.665000, ,0.0,0.0,0,0,0,0,0,0,0,0
TF,D347O,29.293742,106.590997,0, ,0.0,0.0,0.0,0.0,2,5910,0,1,205,0,0,0

STAR,QJG02A,02R,3
IF,QJG,29.051667,106.665000, ,0.0,0.0,0,0,0,0,0,0,0,0
TF,D347O,29.293742,106.590997,0, ,0.0,0.0,0.0,0.0,2,5910,0,1,205,0,0,0

STAR,QJG02A,03,3
IF,QJG,29.051667,106.665000, ,0.0,0.0,0,0,0,0,0,0,0,0
TF,D347O,29.293742,106.590997,0, ,0.0,0.0,0.0,0.0,2,5910,0,1,205,0,0,0

STAR,QJG1J,ALL,5
IF,QJG,29.051667,106.665000, ,0.0,0.0,0,0,0,0,0,0,0,0

STAR,QJG1J,02L,6
IF,QJG,29.051667,106.665000, ,0.0,0.0,0,0,0,0,0,0,0,0
TF,CK806,29.201306,106.739500,0, ,0.0,0.0,0.0,0.0,0,0,0,0,0,0,0,0
TF,CK801,29.367333,106.796806,0, ,0.0,0.0,0.0,0.0,2,4930,0,0,0,0,0,0
TF,CK802,29.473500,106.833528,0, ,0.0,0.0,0.0,0.0,0,0,0,0,0,0,0,0
TF,CK803,29.559833,106.863333,0, ,0.0,0.0,0.0,0.0,0,0,0,0,0,0,0,0
TF,CK703,29.595611,106.728250,0, ,0.0,0.0,0.0,0.0,0,0,0,0,0,0,0,0
TF,CK702,29.509250,106.698444,0, ,0.0,0.0,0.0,0.0,0,0,0,0,0,0,0,0
TF,CK701,29.403056,106.661861,0, ,0.0,0.0,0.0,0.0,2,4930,0,1,205,0,0,0

STAR,QJG1J,02R,6
IF,QJG,29.051667,106.665000, ,0.0,0.0,0,0,0,0,0,0,0,0
TF,CK806,29.201306,106.739500,0, ,0.0,0.0,0.0,0.0,0,0,0,0,0,0,0,0
TF,CK801,29.367333,106.796806,0, ,0.0,0.0,0.0,0.0,2,4930,0,0,0,0,0,0
TF,CK802,29.473500,106.833528,0, ,0.0,0.0,0.0,0.0,0,0,0,0,0,0,0,0
TF,CK803,29.559833,106.863333,0, ,0.0,0.0,0.0,0.0,0,0,0,0,0,0,0,0
TF,CK703,29.595611,106.728250,0, ,0.0,0.0,0.0,0.0,0,0,0,0,0,0,0,0
TF,CK702,29.509250,106.698444,0, ,0.0,0.0,0.0,0.0,0,0,0,0,0,0,0,0
TF,CK701,29.403056,106.661861,0, ,0.0,0.0,0.0,0.0,2,4930,0,1,205,0,0,0

STAR,QJG1J,03,6
IF,QJG,29.051667,106.665000, ,0.0,0.0,0,0,0,0,0,0,0,0
TF,CK806,29.201306,106.739500,0, ,0.0,0.0,0.0,0.0,0,0,0,0,0,0,0,0
TF,CK801,29.367333,106.796806,0, ,0.0,0.0,0.0,0.0,2,4930,0,0,0,0,0,0
TF,CK802,29.473500,106.833528,0, ,0.0,0.0,0.0,0.0,0,0,0,0,0,0,0,0
TF,CK803,29.559833,106.863333,0, ,0.0,0.0,0.0,0.0,0,0,0,0,0,0,0,0
TF,CK703,29.595611,106.728250,0, ,0.0,0.0,0.0,0.0,0,0,0,0,0,0,0,0
TF,CK702,29.509250,106.698444,0, ,0.0,0.0,0.0,0.0,0,0,0,0,0,0,0,0
TF,CK701,29.403056,106.661861,0, ,0.0,0.0,0.0,0.0,2,3940,0,1,205,0,0,0

STAR,QJG2J,ALL,5
IF,QJG,29.051667,106.665000, ,0.0,0.0,0,0,0,0,0,0,0,0

STAR,QJG2J,02L,6
IF,QJG,29.051667,106.665000, ,0.0,0.0,0,0,0,0,0,0,0,0
TF,CK806,29.201306,106.739500,0, ,0.0,0.0,0.0,0.0,0,0,0,0,0,0,0,0
TF,CK801,29.367333,106.796806,0, ,0.0,0.0,0.0,0.0,2,4930,0,0,0,0,0,0
TF,CK802,29.473500,106.833528,0, ,0.0,0.0,0.0,0.0,0,0,0,0,0,0,0,0
TF,CK803,29.559833,106.863333,0, ,0.0,0.0,0.0,0.0,0,0,0,0,0,0,0,0
TF,CK804,29.649944,106.894833,0, ,0.0,0.0,0.0,0.0,0,0,0,0,0,0,0,0
TF,CK704,29.685778,106.759528,0, ,0.0,0.0,0.0,0.0,0,0,0,0,0,0,0,0
TF,CK904,29.744167,106.541667,0, ,0.0,0.0,0.0,0.0,0,0,0,0,0,0,0,0
TF,CK903,29.657250,106.511556,0, ,0.0,0.0,0.0,0.0,0,0,0,0,0,0,0,0
TF,CK902,29.568333,106.480833,0, ,0.0,0.0,0.0,0.0,0,0,0,0,0,0,0,0
TF,CK900,29.460500,106.443639,0, ,0.0,0.0,0.0,0.0,2,4930,0,1,205,0,0,0

STAR,QJG2J,02R,6
IF,QJG,29.051667,106.665000, ,0.0,0.0,0,0,0,0,0,0,0,0
TF,CK806,29.201306,106.739500,0, ,0.0,0.0,0.0,0.0,0,0,0,0,0,0,0,0
TF,CK801,29.367333,106.796806,0, ,0.0,0.0,0.0,0.0,2,4930,0,0,0,0,0,0
TF,CK802,29.473500,106.833528,0, ,0.0,0.0,0.0,0.0,0,0,0,0,0,0,0,0
TF,CK803,29.559833,106.863333,0, ,0.0,0.0,0.0,0.0,0,0,0,0,0,0,0,0
TF,CK804,29.649944,106.894833,0, ,0.0,0.0,0.0,0.0,0,0,0,0,0,0,0,0
TF,CK704,29.685778,106.759528,0, ,0.0,0.0,0.0,0.0,0,0,0,0,0,0,0,0
TF,CK904,29.744167,106.541667,0, ,0.0,0.0,0.0,0.0,0,0,0,0,0,0,0,0
TF,CK903,29.657250,106.511556,0, ,0.0,0.0,0.0,0.0,0,0,0,0,0,0,0,0
TF,CK902,29.568333,106.480833,0, ,0.0,0.0,0.0,0.0,0,0,0,0,0,0,0,0
TF,CK900,29.460500,106.443639,0, ,0.0,0.0,0.0,0.0,2,4930,0,1,205,0,0,0

STAR,QJG2J,03,6
IF,QJG,29.051667,106.665000, ,0.0,0.0,0,0,0,0,0,0,0,0
TF,CK806,29.201306,106.739500,0, ,0.0,0.0,0.0,0.0,0,0,0,0,0,0,0,0
TF,CK801,29.367333,106.796806,0, ,0.0,0.0,0.0,0.0,2,4930,0,0,0,0,0,0
TF,CK802,29.473500,106.833528,0, ,0.0,0.0,0.0,0.0,0,0,0,0,0,0,0,0
TF,CK803,29.559833,106.863333,0, ,0.0,0.0,0.0,0.0,0,0,0,0,0,0,0,0
TF,CK804,29.649944,106.894833,0, ,0.0,0.0,0.0,0.0,0,0,0,0,0,0,0,0
TF,CK704,29.685778,106.759528,0, ,0.0,0.0,0.0,0.0,0,0,0,0,0,0,0,0
TF,CK904,29.744167,106.541667,0, ,0.0,0.0,0.0,0.0,0,0,0,0,0,0,0,0
TF,CK903,29.657250,106.511556,0, ,0.0,0.0,0.0,0.0,0,0,0,0,0,0,0,0
TF,CK902,29.568333,106.480833,0, ,0.0,0.0,0.0,0.0,0,0,0,0,0,0,0,0
TF,CK900,29.460500,106.443639,0, ,0.0,0.0,0.0,0.0,2,4930,0,1,205,0,0,0

STAR,QJG3J,ALL,5
IF,QJG,29.051667,106.665000, ,0.0,0.0,0,0,0,0,0,0,0,0

STAR,QJG3J,02L,6
IF,QJG,29.051667,106.665000, ,0.0,0.0,0,0,0,0,0,0,0,0
TF,CK706,29.238333,106.605194,0, ,0.0,0.0,0.0,0.0,2,4930,0,0,0,0,0,0
TF,CK705,29.324556,106.578056,0, ,0.0,0.0,0.0,0.0,2,4930,0,1,205,0,0,0

STAR,QJG3J,02R,6
IF,QJG,29.051667,106.665000, ,0.0,0.0,0,0,0,0,0,0,0,0
TF,CK706,29.238333,106.605194,0, ,0.0,0.0,0.0,0.0,2,4930,0,0,0,0,0,0
TF,CK705,29.324556,106.578056,0, ,0.0,0.0,0.0,0.0,2,4930,0,1,205,0,0,0

STAR,QJG3J,03,6
IF,QJG,29.051667,106.665000, ,0.0,0.0,0,0,0,0,0,0,0,0
TF,CK706,29.238333,106.605194,0, ,0.0,0.0,0.0,0.0,2,4930,0,0,0,0,0,0
TF,CK705,29.324556,106.578056,0, ,0.0,0.0,0.0,0.0,2,3940,0,1,205,0,0,0

STAR,QJG7K,ALL,5
IF,QJG,29.051667,106.665000, ,0.0,0.0,0,0,0,0,0,0,0,0

STAR,QJG7K,20L,6
IF,QJG,29.051667,106.665000, ,0.0,0.0,0,0,0,0,0,0,0,0
TF,CK706,29.238333,106.605194,0, ,0.0,0.0,0.0,0.0,0,0,0,0,0,0,0,0
TF,CK902,29.568333,106.480833,0, ,0.0,0.0,0.0,0.0,0,0,0,0,0,0,0,0
TF,CK904,29.744167,106.541667,0, ,0.0,0.0,0.0,0.0,0,0,0,0,0,0,0,0
TF,CK910,29.830389,106.571944,0, ,0.0,0.0,0.0,0.0,0,0,0,0,0,0,0,0
TF,CK911,29.939250,106.609556,0, ,0.0,0.0,0.0,0.0,0,0,0,0,0,0,0,0
TF,CK912,30.048111,106.647250,0, ,0.0,0.0,0.0,0.0,2,5910,0,1,205,0,0,0

STAR,QJG7K,20R,6
IF,QJG,29.051667,106.665000, ,0.0,0.0,0,0,0,0,0,0,0,0
TF,CK706,29.238333,106.605194,0, ,0.0,0.0,0.0,0.0,0,0,0,0,0,0,0,0
TF,CK902,29.568333,106.480833,0, ,0.0,0.0,0.0,0.0,0,0,0,0,0,0,0,0
TF,CK904,29.744167,106.541667,0, ,0.0,0.0,0.0,0.0,0,0,0,0,0,0,0,0
TF,CK910,29.830389,106.571944,0, ,0.0,0.0,0.0,0.0,0,0,0,0,0,0,0,0
TF,CK911,29.939250,106.609556,0, ,0.0,0.0,0.0,0.0,0,0,0,0,0,0,0,0
TF,CK912,30.048111,106.647250,0, ,0.0,0.0,0.0,0.0,2,5910,0,1,205,0,0,0

STAR,QJG7K,21,6
IF,QJG,29.051667,106.665000, ,0.0,0.0,0,0,0,0,0,0,0,0
TF,CK706,29.238333,106.605194,0, ,0.0,0.0,0.0,0.0,0,0,0,0,0,0,0,0
TF,CK902,29.568333,106.480833,0, ,0.0,0.0,0.0,0.0,0,0,0,0,0,0,0,0
TF,CK904,29.744167,106.541667,0, ,0.0,0.0,0.0,0.0,0,0,0,0,0,0,0,0
TF,CK910,29.830389,106.571944,0, ,0.0,0.0,0.0,0.0,0,0,0,0,0,0,0,0
TF,CK911,29.939250,106.609556,0, ,0.0,0.0,0.0,0.0,0,0,0,0,0,0,0,0
TF,CK912,30.048111,106.647250,0, ,0.0,0.0,0.0,0.0,2,5910,0,1,205,0,0,0

STAR,QJG8K,ALL,5
IF,QJG,29.051667,106.665000, ,0.0,0.0,0,0,0,0,0,0,0,0

STAR,QJG8K,20L,6
IF,QJG,29.051667,106.665000, ,0.0,0.0,0,0,0,0,0,0,0,0
TF,CK706,29.238333,106.605194,0, ,0.0,0.0,0.0,0.0,0,0,0,0,0,0,0,0
TF,CK704,29.685778,106.759528,0, ,0.0,0.0,0.0,0.0,2,8860,0,0,0,0,0,0
TF,CK904,29.744167,106.541667,0, ,0.0,0.0,0.0,0.0,0,0,0,0,0,0,0,0
TF,CK910,29.830389,106.571944,0, ,0.0,0.0,0.0,0.0,0,0,0,0,0,0,0,0
TF,CK911,29.939250,106.609556,0, ,0.0,0.0,0.0,0.0,0,0,0,0,0,0,0,0
TF,CK912,30.048111,106.647250,0, ,0.0,0.0,0.0,0.0,2,5910,0,1,205,0,0,0

STAR,QJG8K,20R,6
IF,QJG,29.051667,106.665000, ,0.0,0.0,0,0,0,0,0,0,0,0
TF,CK706,29.238333,106.605194,0, ,0.0,0.0,0.0,0.0,0,0,0,0,0,0,0,0
TF,CK704,29.685778,106.759528,0, ,0.0,0.0,0.0,0.0,2,8860,0,0,0,0,0,0
TF,CK904,29.744167,106.541667,0, ,0.0,0.0,0.0,0.0,0,0,0,0,0,0,0,0
TF,CK910,29.830389,106.571944,0, ,0.0,0.0,0.0,0.0,0,0,0,0,0,0,0,0
TF,CK911,29.939250,106.609556,0, ,0.0,0.0,0.0,0.0,0,0,0,0,0,0,0,0
TF,CK912,30.048111,106.647250,0, ,0.0,0.0,0.0,0.0,2,5910,0,1,205,0,0,0

STAR,QJG8K,21,6
IF,QJG,29.051667,106.665000, ,0.0,0.0,0,0,0,0,0,0,0,0
TF,CK706,29.238333,106.605194,0, ,0.0,0.0,0.0,0.0,0,0,0,0,0,0,0,0
TF,CK704,29.685778,106.759528,0, ,0.0,0.0,0.0,0.0,2,8860,0,0,0,0,0,0
TF,CK904,29.744167,106.541667,0, ,0.0,0.0,0.0,0.0,0,0,0,0,0,0,0,0
TF,CK910,29.830389,106.571944,0, ,0.0,0.0,0.0,0.0,0,0,0,0,0,0,0,0
TF,CK911,29.939250,106.609556,0, ,0.0,0.0,0.0,0.0,0,0,0,0,0,0,0,0
TF,CK912,30.048111,106.647250,0, ,0.0,0.0,0.0,0.0,2,5910,0,1,205,0,0,0

STAR,QJG9K,ALL,5
IF,QJG,29.051667,106.665000, ,0.0,0.0,0,0,0,0,0,0,0,0

STAR,QJG9K,20L,6
IF,QJG,29.051667,106.665000, ,0.0,0.0,0,0,0,0,0,0,0,0
TF,CK706,29.238333,106.605194,0, ,0.0,0.0,0.0,0.0,0,0,0,0,0,0,0,0
TF,CK704,29.685778,106.759528,0, ,0.0,0.0,0.0,0.0,2,8860,0,0,0,0,0,0
TF,CK710,29.773028,106.789806,0, ,0.0,0.0,0.0,0.0,0,0,0,0,0,0,0,0
TF,CK711,29.881472,106.827500,0, ,0.0,0.0,0.0,0.0,0,0,0,0,0,0,0,0
TF,CK712,29.989889,106.865250,0, ,0.0,0.0,0.0,0.0,2,5910,0,1,205,0,0,0

STAR,QJG9K,20R,6
IF,QJG,29.051667,106.665000, ,0.0,0.0,0,0,0,0,0,0,0,0
TF,CK706,29.238333,106.605194,0, ,0.0,0.0,0.0,0.0,0,0,0,0,0,0,0,0
TF,CK704,29.685778,106.759528,0, ,0.0,0.0,0.0,0.0,2,8860,0,0,0,0,0,0
TF,CK710,29.773028,106.789806,0, ,0.0,0.0,0.0,0.0,0,0,0,0,0,0,0,0
TF,CK711,29.881472,106.827500,0, ,0.0,0.0,0.0,0.0,0,0,0,0,0,0,0,0
TF,CK712,29.989889,106.865250,0, ,0.0,0.0,0.0,0.0,2,5910,0,1,205,0,0,0

STAR,QJG9K,21,6
IF,QJG,29.051667,106.665000, ,0.0,0.0,0,0,0,0,0,0,0,0
TF,CK706,29.238333,106.605194,0, ,0.0,0.0,0.0,0.0,0,0,0,0,0,0,0,0
TF,CK704,29.685778,106.759528,0, ,0.0,0.0,0.0,0.0,2,8860,0,0,0,0,0,0
TF,CK710,29.773028,106.789806,0, ,0.0,0.0,0.0,0.0,0,0,0,0,0,0,0,0
TF,CK711,29.881472,106.827500,0, ,0.0,0.0,0.0,0.0,0,0,0,0,0,0,0,0
TF,CK712,29.989889,106.865250,0, ,0.0,0.0,0.0,0.0,2,4430,0,1,205,0,0,0

APPTR,D02L,02L,SHC
IF,SHC,29.431667,106.728333, ,0.0,0.0,2,5910,0,1,205,0,1,0
FD,SHC,29.431667,106.728333,0,SHC,0.0,8.5,289.0,8.5,0,0,0,0,0,0,0,0
CF,CD02L,29.507983,106.554031,2,CKG,202.0,15.2,22.0,2.0,2,3940,0,0,0,0,1,0

FINAL,D02L,02L,D,3
IF,CD02L,29.507983,106.554031,CKG,202.0,15.2,2,3940,0,0,0,0,0,0
CF,FD02L,29.580225,106.584033,0,CKG,202.0,10.6,22.0,4.6,2,3940,0,0,0,0,2,0
CF,MD02L,29.676011,106.623886,0,CKG,202.0,4.5,22.0,6.1,1,1996,0,0,0,0,3,0
CF,CKG,29.746667,106.653333,0,CKG,0.0,0.0,22.0,4.5,0,0,0,0,0,0,0,0
CA,0,22.0,2,2960,0,0,0,0,0,0
DF,SHC,29.431667,106.728333,2, ,0.0,0.0,2,5910,0,1,205,0,0,0

APPTR,D02R,02R,SHC
IF,SHC,29.431667,106.728333, ,0.0,0.0,2,5910,0,1,205,0,1,0
FD,SHC,29.431667,106.728333,0,SHC,0.0,7.7,289.0,7.7,0,0,0,0,0,0,0,0
CF,CD02R,29.502175,106.567892,2,CKG,199.0,15.3,19.0,2.0,2,3940,0,0,0,0,1,0

FINAL,D02R,02R,D,3
IF,CD02R,29.502175,106.567892,CKG,199.0,15.3,2,3940,0,0,0,0,0,0
CF,FD02R,29.578886,106.594653,0,CKG,199.0,10.5,19.0,4.8,2,3940,0,0,0,0,2,0
CF,MD02R,29.679556,106.629836,0,CKG,199.0,4.2,19.0,6.3,1,1945,0,0,0,0,3,0
CF,CKG,29.746667,106.653333,0,CKG,0.0,0.0,19.0,4.2,0,0,0,0,0,0,0,0
CA,0,19.0,2,2960,0,0,0,0,0,0
DF,SHC,29.431667,106.728333,2, ,0.0,0.0,2,5910,0,1,205,0,0,0

APPTR,I02LY,02L,D347O
IF,D347O,29.293742,106.590997, ,0.0,0.0,2,5910,0,1,205,0,1,0
FC,D347O,29.293742,106.590997,0,SHC,0.0,0.0,347.0,4.8,0,0,0,0,0,0,0,0
CF,CI02L,29.434228,106.543272,0,IWX,198.8,18.8,347.0,4.0,2,4930,0,0,0,0,1,0

APPTR,I02LY,02L,SHC
IF,SHC,29.431667,106.728333, ,0.0,0.0,2,5910,0,1,205,0,1,0
FD,SHC,29.431667,106.728333,0,SHC,0.0,8.1,259.0,8.1,0,0,0,0,0,0,0,0
CF,CI02L,29.434228,106.543272,2,IWX,198.8,18.8,19.0,1.0,2,4930,0,0,0,0,1,0

FINAL,I02LY,02L,I,3
IF,CI02L,29.434228,106.543272,IWX,198.8,18.8,2,4930,0,0,0,0,0,0
CF,FI02L,29.528617,106.575778,0,IWX,198.8,12.9,19.0,5.9,1,4930,0,0,0,0,2,0
CF,RW02L,29.705181,106.636753,0,IWX,198.8,1.8,19.0,11.0,1,1400,0,0,0,0,3,0
CF,D004A,29.760022,106.653867,0,CKG,4.0,0.8,19.0,3.4,2,2040,0,0,0,0,0,0
FA,D004A,29.760022,106.653867,0,CKG,0.0,0.0,4.0,2,4930,0,0,0,0,0,0
DF,SHC,29.431667,106.728333,2, ,0.0,0.0,2,5910,0,1,205,0,0,0

APPTR,I02LZ,02L,CK701
IF,CK701,29.403056,106.661861, ,0.0,0.0,2,4930,0,1,205,0,1,0
TF,CK513,29.434278,106.543444,0,IWX,0.0,0.0,0.0,0.0,2,4930,0,0,0,0,1,0

APPTR,I02LZ,02L,CK705
IF,CK705,29.324556,106.578056, ,0.0,0.0,2,4930,0,1,205,0,1,0
TF,CK513,29.434278,106.543444,0,IWX,0.0,0.0,0.0,0.0,2,4930,0,0,0,0,1,0

APPTR,I02LZ,02L,CK900
IF,CK900,29.460500,106.443639, ,0.0,0.0,2,4930,0,1,205,0,1,0
TF,CK513,29.434278,106.543444,0,IWX,0.0,0.0,0.0,0.0,2,4930,0,0,0,0,1,0

APPTR,I02LZ,02L,CK901
IF,CK901,29.455444,106.462889, ,0.0,0.0,2,4930,0,1,180,0,1,0
TF,CK513,29.434278,106.543444,0,IWX,0.0,0.0,0.0,0.0,2,4930,0,0,0,0,1,0

FINAL,I02LZ,02L,I,3
IF,CK513,29.434278,106.543444,IWX,198.8,18.8,2,4930,0,0,0,0,0,0
CF,FI02L,29.528617,106.575778,0,IWX,198.8,12.9,19.0,5.9,1,4930,0,0,0,0,2,0
CF,RW02L,29.705181,106.636753,0,IWX,198.8,1.8,19.0,11.0,1,1400,0,0,0,0,3,0
CF,CK510,29.758611,106.655194,0,CKG,9.7,0.7,19.0,3.3,2,2040,0,0,0,0,0,0
TF,CK540,29.829056,106.658028,0, ,0.0,0.0,0.0,0.0,0,0,0,0,0,0,0,0
TF,CK541,29.887722,106.699722,0, ,0.0,0.0,0.0,0.0,0,0,0,0,0,0,0,0
TF,CK542,29.856361,106.818639,0, ,0.0,0.0,0.0,0.0,0,0,0,0,0,0,0,0
TF,CK704,29.685778,106.759528,0, ,0.0,0.0,0.0,0.0,2,4930,0,1,205,0,0,0

APPTR,I02RY,02R,D347O
IF,D347O,29.293742,106.590997, ,0.0,0.0,2,5910,0,1,205,0,1,0
FC,D347O,29.293742,106.590997,0,SHC,0.0,0.0,348.0,4.7,0,0,0,0,0,0,0,0
CF,CI02R,29.434064,106.546925,0,IJC,198.9,19.0,348.0,4.0,2,4930,0,0,0,0,1,0

APPTR,I02RY,02R,SHC
IF,SHC,29.431667,106.728333, ,0.0,0.0,2,5910,0,1,205,0,1,0
FD,SHC,29.431667,106.728333,0,SHC,0.0,7.9,258.0,7.9,0,0,0,0,0,0,0,0
CF,CI02R,29.434064,106.546925,2,IJC,198.9,19.0,19.0,1.0,2,4930,0,0,0,0,1,0

FINAL,I02RY,02R,I,3
IF,CI02R,29.434064,106.546925,IJC,198.9,19.0,2,4930,0,0,0,0,0,0
CF,FI02R,29.530022,106.580094,0,IJC,198.9,13.0,19.0,6.0,1,4930,0,0,0,0,2,0
CF,RW02R,29.706483,106.641264,0,IJC,198.9,2.0,19.0,11.0,1,1398,0,0,0,0,3,0
CF,CKG,29.746667,106.653333,0,CKG,0.0,0.0,19.0,2.5,2,1910,0,0,0,0,0,1
FA,CKG,29.746667,106.653333,0,CKG,0.0,0.0,4.0,2,4930,0,0,0,0,0,0
DF,SHC,29.431667,106.728333,2, ,0.0,0.0,2,5910,0,1,205,0,0,0

APPTR,I02RZ,02R,CK701
IF,CK701,29.403056,106.661861, ,0.0,0.0,2,4930,0,1,205,0,1,0
TF,CK523,29.433306,106.547194,0,IJC,0.0,0.0,0.0,0.0,2,4930,0,0,0,0,1,0

APPTR,I02RZ,02R,CK705
IF,CK705,29.324556,106.578056, ,0.0,0.0,2,4930,0,1,205,0,1,0
TF,CK523,29.433306,106.547194,0,IJC,0.0,0.0,0.0,0.0,2,4930,0,0,0,0,1,0

APPTR,I02RZ,02R,CK900
IF,CK900,29.460500,106.443639, ,0.0,0.0,2,4930,0,1,205,0,1,0
TF,CK523,29.433306,106.547194,0,IJC,0.0,0.0,0.0,0.0,2,4930,0,0,0,0,1,0

APPTR,I02RZ,02R,CK901
IF,CK901,29.455444,106.462889, ,0.0,0.0,2,4930,0,1,180,0,1,0
TF,CK523,29.433306,106.547194,0,IJC,0.0,0.0,0.0,0.0,2,4930,0,0,0,0,1,0

FINAL,I02RZ,02R,I,3
IF,CK523,29.433306,106.547194,IJC,198.8,19.1,2,4930,0,0,0,0,0,0
CF,FI02R,29.530022,106.580094,0,IJC,198.9,13.0,19.0,6.0,1,4930,0,0,0,0,2,0
CF,RW02R,29.706483,106.641264,0,IJC,198.9,2.0,19.0,11.0,1,1398,0,0,0,0,3,0
CF,CK520,29.745417,106.654722,0,CKG,137.9,0.1,19.0,2.4,2,1910,0,0,0,0,0,0
TF,CK540,29.829056,106.658028,0, ,0.0,0.0,0.0,0.0,0,0,0,0,0,0,0,0
TF,CK541,29.887722,106.699722,0, ,0.0,0.0,0.0,0.0,0,0,0,0,0,0,0,0
TF,CK542,29.856361,106.818639,0, ,0.0,0.0,0.0,0.0,0,0,0,0,0,0,0,0
TF,CK704,29.685778,106.759528,0, ,0.0,0.0,0.0,0.0,2,4930,0,1,205,0,0,0

APPTR,I03-Y,03,D347O
IF,D347O,29.293742,106.590997, ,0.0,0.0,2,5910,0,1,205,0,1,0
FC,D347O,29.293742,106.590997,0,SHC,0.0,0.0,353.0,4.3,0,0,0,0,0,0,0,0
CF,CI03,29.429206,106.562397,0,IQT,198.9,20.0,353.0,4.0,2,3940,0,0,0,0,1,0

APPTR,I03-Y,03,SHC
IF,SHC,29.431667,106.728333, ,0.0,0.0,2,5910,0,1,205,0,1,0
FD,SHC,29.431667,106.728333,0,SHC,0.0,7.0,255.0,7.0,0,0,0,0,0,0,0,0
CF,CI03,29.429206,106.562397,2,IQT,198.9,20.0,19.0,1.0,2,3940,0,0,0,0,1,0

FINAL,I03-Y,03,I,3
IF,CI03,29.429206,106.562397,IQT,198.9,20.0,2,3940,0,0,0,0,0,0
CF,FI03,29.585889,106.616767,0,IQT,198.9,10.2,19.0,9.8,1,3940,0,0,0,0,2,0
CF,RW03,29.714319,106.661467,0,IQT,198.9,2.2,19.0,8.0,1,1379,0,0,0,0,3,0
CF,D049B,29.766033,106.677142,0,CKG,49.0,1.7,19.0,3.2,2,1970,0,0,0,0,0,0
FA,D049B,29.766033,106.677142,0,CKG,0.0,0.0,49.0,2,4930,0,0,0,0,0,0
DF,SHC,29.431667,106.728333,2, ,0.0,0.0,2,5910,0,1,205,0,0,0

APPTR,I03-Z,03,CK701
IF,CK701,29.403056,106.661861, ,0.0,0.0,2,3940,0,1,205,0,1,0
TF,CK533,29.429111,106.563194,0,IQT,0.0,0.0,0.0,0.0,2,3940,0,0,0,0,1,0

APPTR,I03-Z,03,CK705
IF,CK705,29.324556,106.578056, ,0.0,0.0,2,3940,0,1,205,0,1,0
TF,CK533,29.429111,106.563194,0,IQT,0.0,0.0,0.0,0.0,2,3940,0,0,0,0,1,0

APPTR,I03-Z,03,CK900
IF,CK900,29.460500,106.443639, ,0.0,0.0,2,4930,0,1,205,0,1,0
TF,CK533,29.429111,106.563194,0,IQT,0.0,0.0,0.0,0.0,2,3940,0,0,0,0,1,0

APPTR,I03-Z,03,CK901
IF,CK901,29.455444,106.462889, ,0.0,0.0,2,4930,0,1,180,0,1,0
TF,CK533,29.429111,106.563194,0,IQT,0.0,0.0,0.0,0.0,2,3940,0,0,0,0,1,0

FINAL,I03-Z,03,I,3
IF,CK533,29.429111,106.563194,IQT,198.8,20.0,2,3940,0,0,0,0,0,0
CF,FI03,29.585889,106.616767,0,IQT,198.9,10.2,19.0,9.8,1,3940,0,0,0,0,2,0
CF,RW03,29.714319,106.661467,0,IQT,198.9,2.2,19.0,8.0,1,1379,0,0,0,0,3,0
CF,CK530,29.765389,106.679139,0,CKG,52.3,1.8,19.0,3.2,2,1970,0,0,0,0,0,0
CA,0,49.0,2,4930,0,0,0,0,0,0
DF,CK704,29.685778,106.759528,2, ,0.0,0.0,0,0,0,1,205,0,0,0

APPTR,I20LZ,20L,CK712
IF,CK712,29.989889,106.865250, ,0.0,0.0,2,5910,0,1,205,0,1,0
TF,CK623,30.020667,106.750139,0,IMW,0.0,0.0,0.0,0.0,2,5420,0,0,0,0,1,0

APPTR,I20LZ,20L,CK912
IF,CK912,30.048111,106.647250, ,0.0,0.0,2,5910,0,1,205,0,1,0
TF,CK623,30.020667,106.750139,0,IMW,0.0,0.0,0.0,0.0,2,5420,0,0,0,0,1,0

FINAL,I20LZ,20L,I,3
IF,CK623,30.020667,106.750139,IMW,18.8,19.9,2,5420,0,0,0,0,0,0
CF,FI20L,29.940911,106.722581,0,IMW,18.8,14.9,199.0,5.0,1,5420,0,0,0,0,2,0
CF,RW20L,29.734089,106.650850,0,IMW,18.8,2.0,199.0,12.9,1,1393,0,0,0,0,3,0
CF,CK620,29.666167,106.627361,0,CKG,197.7,5.0,199.0,4.3,2,1970,0,0,0,0,0,0
CA,0,214.0,2,5910,0,0,0,0,0,0
DF,CK710,29.773028,106.789806,1, ,0.0,0.0,0,0,0,1,205,0,0,0

APPTR,I20RZ,20R,CK712
IF,CK712,29.989889,106.865250, ,0.0,0.0,2,5910,0,1,205,0,1,0
TF,CK613,30.021667,106.746361,0,IOS,0.0,0.0,0.0,0.0,2,5420,0,0,0,0,1,0

APPTR,I20RZ,20R,CK912
IF,CK912,30.048111,106.647250, ,0.0,0.0,2,5910,0,1,205,0,1,0
TF,CK613,30.021667,106.746361,0,IOS,0.0,0.0,0.0,0.0,2,5420,0,0,0,0,1,0

FINAL,I20RZ,20R,I,3
IF,CK613,30.021667,106.746361,IOS,18.8,19.9,2,5420,0,0,0,0,0,0
CF,FI20R,29.938289,106.717600,0,IOS,18.8,14.7,199.0,5.2,1,5420,0,0,0,0,2,0
CF,RW20R,29.732831,106.646314,0,IOS,18.8,1.8,199.0,12.9,1,1398,0,0,0,0,3,0
CF,CK610,29.665389,106.623000,0,CKG,200.1,5.1,199.0,4.2,2,1970,0,0,0,0,0,0
CA,0,214.0,2,5910,0,0,0,0,0,0
DF,CK710,29.773028,106.789806,1, ,0.0,0.0,0,0,0,1,205,0,0,0

APPTR,I21-Z,21,CK712
IF,CK712,29.989889,106.865250, ,0.0,0.0,2,4430,0,1,205,0,1,0
TF,CK633,30.016417,106.766194,0,ICO,0.0,0.0,0.0,0.0,2,4430,0,0,0,0,1,0

APPTR,I21-Z,21,CK912
IF,CK912,30.048111,106.647250, ,0.0,0.0,2,5910,0,1,205,0,1,0
TF,CK634,30.032250,106.706806,0, ,0.0,0.0,0.0,0.0,2,5420,0,0,0,0,0,0
TF,CK633,30.016417,106.766194,0,ICO,0.0,0.0,0.0,0.0,2,4430,0,0,0,0,1,0

FINAL,I21-Z,21,I,3
IF,CK633,30.016417,106.766194,ICO,18.8,19.0,2,4430,0,0,0,0,0,0
CF,FI21,29.904450,106.727853,0,ICO,18.9,12.1,199.0,7.0,1,4430,0,0,0,0,2,0
CF,RW21,29.747125,106.672897,0,ICO,18.9,2.2,199.0,9.8,1,1357,0,0,0,0,3,0
CF,CK630,29.696583,106.655333,0,CKG,180.0,3.0,199.0,3.2,2,1910,0,0,0,0,0,0
CA,0,169.0,2,4930,0,0,0,0,0,0
DF,CK710,29.773028,106.789806,1, ,0.0,0.0,0,0,0,1,205,0,0,0

