SID,AGT01D,01L,2
CF,D014H,26.654011,106.826547,0,KWE,14.2,8.0,12.0,8.0,0,0,0,0,0,0,0,1
DF,SUMUN,26.786667,106.780278,0, ,0.0,0.0,0,0,0,1,205,0,0,0
TF,AGTIS,27.368889,106.750000,0, ,0.0,0.0,0.0,0.0,0,0,0,0,0,0,0,0

SID,AGT02D,01R,2
CF,D016H,26.653275,106.830119,0,KWE,15.7,8.0,12.0,8.0,0,0,0,0,0,0,0,1
DF,SUMUN,26.786667,106.780278,0, ,0.0,0.0,0,0,0,1,205,0,0,0
TF,AGTIS,27.368889,106.750000,0, ,0.0,0.0,0.0,0.0,0,0,0,0,0,0,0,0

SID,AGT11D,19L,2
CA,0,192.0,2,6570,0,0,0,0,0,0
DF,KWE,26.523333,106.795000,1, ,0.0,0.0,0,0,0,1,205,0,0,0
TF,SUMUN,26.786667,106.780278,0, ,0.0,0.0,0.0,0.0,0,0,0,0,0,0,0,0
TF,AGTIS,27.368889,106.750000,0, ,0.0,0.0,0.0,0.0,0,0,0,0,0,0,0,0

SID,AGT12D,19R,2
CA,0,192.0,2,6570,0,0,0,0,0,0
DF,KWE,26.523333,106.795000,1, ,0.0,0.0,0,0,0,1,205,0,0,0
TF,SUMUN,26.786667,106.780278,0, ,0.0,0.0,0.0,0.0,0,0,0,0,0,0,0,0
TF,AGTIS,27.368889,106.750000,0, ,0.0,0.0,0.0,0.0,0,0,0,0,0,0,0,0

SID,AGT8YD,19R,5
DF,DE19R,26.523961,106.798481,0, ,0.0,0.0,0,0,0,0,0,0,0,1
CF,GY501,26.422583,106.778722,0,KWE,190.3,6.1,192.0,7.0,0,0,0,0,0,0,0,1
DF,GY406,26.487611,106.673083,2, ,0.0,0.0,0,0,0,1,205,0,0,0
TF,GY507,26.938056,106.761139,0, ,0.0,0.0,0.0,0.0,0,0,0,0,0,0,0,0
TF,AGTIS,27.368889,106.750000,0, ,0.0,0.0,0.0,0.0,0,0,0,0,0,0,0,0

SID,AGT8ZD,19L,5
DF,DE19L,26.523406,106.802078,0, ,0.0,0.0,0,0,0,0,0,0,0,1
CF,GY511,26.422194,106.782361,0,KWE,188.4,6.1,192.0,7.0,0,0,0,0,0,0,0,1
DF,GY406,26.487611,106.673083,2, ,0.0,0.0,0,0,0,1,205,0,0,0
TF,GY507,26.938056,106.761139,0, ,0.0,0.0,0.0,0.0,0,0,0,0,0,0,0,0
TF,AGTIS,27.368889,106.750000,0, ,0.0,0.0,0.0,0.0,0,0,0,0,0,0,0,0

SID,AGT9YD,01R,5
DF,DE01R,26.558961,106.809028,0, ,0.0,0.0,0,0,0,0,0,0,0,1
CF,GY411,26.652667,106.827167,0,KWE,14.6,7.9,12.0,6.0,0,0,0,0,0,0,0,1
DF,GY407,26.865667,106.776139,1, ,0.0,0.0,0,0,0,0,0,0,0,0
TF,AGTIS,27.368889,106.750000,0, ,0.0,0.0,0.0,0.0,0,0,0,0,0,0,0,0

SID,AGT9ZD,01L,5
DF,DE01L,26.555075,106.804542,0, ,0.0,0.0,0,0,0,0,0,0,0,1
CF,GY401,26.653056,106.822667,0,KWE,12.9,7.9,12.0,6.0,0,0,0,0,0,0,0,1
DF,GY407,26.865667,106.776139,1, ,0.0,0.0,0,0,0,0,0,0,0,0
TF,AGTIS,27.368889,106.750000,0, ,0.0,0.0,0.0,0.0,0,0,0,0,0,0,0,0

SID,BIP01D,01L,2
CF,D014H,26.654011,106.826547,0,KWE,14.2,8.0,12.0,8.0,0,0,0,0,0,0,0,1
DF,SUMUN,26.786667,106.780278,0, ,0.0,0.0,0,0,0,1,205,0,0,0
TF,BIPIP,27.199167,106.375278,0, ,0.0,0.0,0.0,0.0,0,0,0,0,0,0,0,0

SID,BIP02D,01R,2
CF,D016H,26.653275,106.830119,0,KWE,15.7,8.0,12.0,8.0,0,0,0,0,0,0,0,1
DF,SUMUN,26.786667,106.780278,0, ,0.0,0.0,0,0,0,1,205,0,0,0
TF,BIPIP,27.199167,106.375278,0, ,0.0,0.0,0.0,0.0,0,0,0,0,0,0,0,0

SID,BIP11D,19L,2
CA,0,192.0,2,6570,0,0,0,0,0,0
DF,KWE,26.523333,106.795000,1, ,0.0,0.0,0,0,0,1,205,0,0,0
TF,SUMUN,26.786667,106.780278,0, ,0.0,0.0,0.0,0.0,0,0,0,0,0,0,0,0
TF,BIPIP,27.199167,106.375278,0, ,0.0,0.0,0.0,0.0,0,0,0,0,0,0,0,0

SID,BIP12D,19R,2
CA,0,192.0,2,6570,0,0,0,0,0,0
DF,KWE,26.523333,106.795000,1, ,0.0,0.0,0,0,0,1,205,0,0,0
TF,SUMUN,26.786667,106.780278,0, ,0.0,0.0,0.0,0.0,0,0,0,0,0,0,0,0
TF,BIPIP,27.199167,106.375278,0, ,0.0,0.0,0.0,0.0,0,0,0,0,0,0,0,0

SID,BIP8YD,19R,5
DF,DE19R,26.523961,106.798481,0, ,0.0,0.0,0,0,0,0,0,0,0,1
CF,GY501,26.422583,106.778722,0,KWE,190.3,6.1,192.0,7.0,0,0,0,0,0,0,0,1
DF,GY406,26.487611,106.673083,2, ,0.0,0.0,0,0,0,1,205,0,0,0
TF,GY507,26.938056,106.761139,0, ,0.0,0.0,0.0,0.0,0,0,0,0,0,0,0,0
TF,BIPIP,27.199167,106.375278,0, ,0.0,0.0,0.0,0.0,0,0,0,0,0,0,0,0

SID,BIP8ZD,19L,5
DF,DE19L,26.523406,106.802078,0, ,0.0,0.0,0,0,0,0,0,0,0,1
CF,GY511,26.422194,106.782361,0,KWE,188.4,6.1,192.0,7.0,0,0,0,0,0,0,0,1
DF,GY406,26.487611,106.673083,2, ,0.0,0.0,0,0,0,1,205,0,0,0
TF,GY507,26.938056,106.761139,0, ,0.0,0.0,0.0,0.0,0,0,0,0,0,0,0,0
TF,BIPIP,27.199167,106.375278,0, ,0.0,0.0,0.0,0.0,0,0,0,0,0,0,0,0

SID,BIP9YD,01R,5
DF,DE01R,26.558961,106.809028,0, ,0.0,0.0,0,0,0,0,0,0,0,1
CF,GY411,26.652667,106.827167,0,KWE,14.6,7.9,12.0,6.0,0,0,0,0,0,0,0,1
DF,GY407,26.865667,106.776139,1, ,0.0,0.0,0,0,0,0,0,0,0,0
TF,BIPIP,27.199167,106.375278,0, ,0.0,0.0,0.0,0.0,0,0,0,0,0,0,0,0

SID,BIP9ZD,01L,5
DF,DE01L,26.555075,106.804542,0, ,0.0,0.0,0,0,0,0,0,0,0,1
CF,GY401,26.653056,106.822667,0,KWE,12.9,7.9,12.0,6.0,0,0,0,0,0,0,0,1
DF,GY407,26.865667,106.776139,1, ,0.0,0.0,0,0,0,0,0,0,0,0
TF,BIPIP,27.199167,106.375278,0, ,0.0,0.0,0.0,0.0,0,0,0,0,0,0,0,0

SID,ESN01D,01L,2
CF,D014H,26.654011,106.826547,0,KWE,14.2,8.0,12.0,8.0,0,0,0,0,0,0,0,1
DF,KWE,26.523333,106.795000,1, ,0.0,0.0,0,0,0,1,205,0,0,0
TF,ESNIB,26.234167,107.879722,0, ,0.0,0.0,0.0,0.0,0,0,0,0,0,0,0,0

SID,ESN02D,01R,2
CF,D016H,26.653275,106.830119,0,KWE,15.7,8.0,12.0,8.0,0,0,0,0,0,0,0,1
DF,KWE,26.523333,106.795000,1, ,0.0,0.0,0,0,0,1,205,0,0,0
TF,ESNIB,26.234167,107.879722,0, ,0.0,0.0,0.0,0.0,0,0,0,0,0,0,0,0

SID,ESN11D,19L,2
CA,0,192.0,2,6570,0,0,0,0,0,0
CI,1, ,0.0,63.0,0,0,0,1,205,0,0,0
CF,ESNIB,26.234167,107.879722,0,KWE,108.3,61.0,109.0,50.0,0,0,0,0,0,0,0,0

SID,ESN12D,19R,2
CA,0,192.0,2,6570,0,0,0,0,0,0
CI,1, ,0.0,63.0,0,0,0,1,205,0,0,0
CF,ESNIB,26.234167,107.879722,0,KWE,108.3,61.0,109.0,50.0,0,0,0,0,0,0,0,0

SID,ESN8YD,19R,5
DF,DE19R,26.523961,106.798481,0, ,0.0,0.0,0,0,0,0,0,0,0,1
CA,0,192.0,2,6570,0,0,0,0,0,0
DF,GY410,26.250139,106.999250,1, ,0.0,0.0,0,0,0,0,0,0,0,0
TF,ESNIB,26.234167,107.879722,0, ,0.0,0.0,0.0,0.0,0,0,0,0,0,0,0,0

SID,ESN8ZD,19L,5
DF,DE19L,26.523406,106.802078,0, ,0.0,0.0,0,0,0,0,0,0,0,1
CA,0,192.0,2,6570,0,0,0,0,0,0
DF,GY410,26.250139,106.999250,1, ,0.0,0.0,0,0,0,0,0,0,0,0
TF,ESNIB,26.234167,107.879722,0, ,0.0,0.0,0.0,0.0,0,0,0,0,0,0,0,0

SID,ESN9YD,01R,5
DF,DE01R,26.558961,106.809028,0, ,0.0,0.0,0,0,0,0,0,0,0,1
CF,GY411,26.652667,106.827167,0,KWE,14.6,7.9,12.0,6.0,0,0,0,0,0,0,0,1
DF,GY402,26.662250,107.080861,2, ,0.0,0.0,0,0,0,1,230,0,0,0
TF,GY403,26.645194,107.186944,0, ,0.0,0.0,0.0,0.0,0,0,0,0,0,0,0,0
TF,ESNIB,26.234167,107.879722,0, ,0.0,0.0,0.0,0.0,0,0,0,0,0,0,0,0

SID,ESN9ZD,01L,5
DF,DE01L,26.555075,106.804542,0, ,0.0,0.0,0,0,0,0,0,0,0,1
CF,GY401,26.653056,106.822667,0,KWE,12.9,7.9,12.0,6.0,0,0,0,0,0,0,0,1
DF,GY402,26.662250,107.080861,2, ,0.0,0.0,0,0,0,1,230,0,0,0
TF,GY403,26.645194,107.186944,0, ,0.0,0.0,0.0,0.0,0,0,0,0,0,0,0,0
TF,ESNIB,26.234167,107.879722,0, ,0.0,0.0,0.0,0.0,0,0,0,0,0,0,0,0

SID,IDE01D,01L,2
CF,D014H,26.654011,106.826547,0,KWE,14.2,8.0,12.0,8.0,0,0,0,0,0,0,0,1
DF,KWE,26.523333,106.795000,1, ,0.0,0.0,0,0,0,1,205,0,0,0
TF,IDEPO,25.715278,107.678889,0, ,0.0,0.0,0.0,0.0,0,0,0,0,0,0,0,0

SID,IDE02D,01R,2
CF,D016H,26.653275,106.830119,0,KWE,15.7,8.0,12.0,8.0,0,0,0,0,0,0,0,1
DF,KWE,26.523333,106.795000,1, ,0.0,0.0,0,0,0,1,205,0,0,0
TF,IDEPO,25.715278,107.678889,0, ,0.0,0.0,0.0,0.0,0,0,0,0,0,0,0,0

SID,IDE11D,19L,2
CA,0,192.0,2,6570,0,0,0,0,0,0
CI,1, ,0.0,92.0,0,0,0,1,205,0,0,0
CF,IDEPO,25.715278,107.678889,0,KWE,137.2,67.9,137.0,58.0,0,0,0,0,0,0,0,0

SID,IDE12D,19R,2
CA,0,192.0,2,6570,0,0,0,0,0,0
CI,1, ,0.0,92.0,0,0,0,1,205,0,0,0
CF,IDEPO,25.715278,107.678889,0,KWE,137.2,67.9,137.0,58.0,0,0,0,0,0,0,0,0

SID,IDE8YD,19R,5
DF,DE19R,26.523961,106.798481,0, ,0.0,0.0,0,0,0,0,0,0,0,1
CA,0,192.0,2,6570,0,0,0,0,0,0
DF,GY410,26.250139,106.999250,1, ,0.0,0.0,0,0,0,0,0,0,0,0
TF,IDEPO,25.715278,107.678889,0, ,0.0,0.0,0.0,0.0,0,0,0,0,0,0,0,0

SID,IDE8ZD,19L,5
DF,DE19L,26.523406,106.802078,0, ,0.0,0.0,0,0,0,0,0,0,0,1
CA,0,192.0,2,6570,0,0,0,0,0,0
DF,GY410,26.250139,106.999250,1, ,0.0,0.0,0,0,0,0,0,0,0,0
TF,IDEPO,25.715278,107.678889,0, ,0.0,0.0,0.0,0.0,0,0,0,0,0,0,0,0

SID,IDE9YD,01R,5
DF,DE01R,26.558961,106.809028,0, ,0.0,0.0,0,0,0,0,0,0,0,1
CF,GY411,26.652667,106.827167,0,KWE,14.6,7.9,12.0,6.0,0,0,0,0,0,0,0,1
DF,GY402,26.662250,107.080861,2, ,0.0,0.0,0,0,0,1,230,0,0,0
TF,GY410,26.250139,106.999250,0, ,0.0,0.0,0.0,0.0,0,0,0,0,0,0,0,0
TF,IDEPO,25.715278,107.678889,0, ,0.0,0.0,0.0,0.0,0,0,0,0,0,0,0,0

SID,IDE9ZD,01L,5
DF,DE01L,26.555075,106.804542,0, ,0.0,0.0,0,0,0,0,0,0,0,1
CF,GY401,26.653056,106.822667,0,KWE,12.9,7.9,12.0,6.0,0,0,0,0,0,0,0,1
DF,GY402,26.662250,107.080861,2, ,0.0,0.0,0,0,0,1,230,0,0,0
TF,GY410,26.250139,106.999250,0, ,0.0,0.0,0.0,0.0,0,0,0,0,0,0,0,0
TF,IDEPO,25.715278,107.678889,0, ,0.0,0.0,0.0,0.0,0,0,0,0,0,0,0,0

SID,UGU01D,01L,2
CF,D014H,26.654011,106.826547,0,KWE,14.2,8.0,12.0,8.0,0,0,0,0,0,0,0,1
CI,2, ,0.0,139.0,0,0,0,1,205,0,0,0
CF,UGUGU,26.583611,108.369444,0,KWE,89.2,84.8,90.0,75.0,0,0,0,0,0,0,0,0

SID,UGU02D,01R,2
CF,D016H,26.653275,106.830119,0,KWE,15.7,8.0,12.0,8.0,0,0,0,0,0,0,0,1
CI,2, ,0.0,139.0,0,0,0,1,205,0,0,0
CF,UGUGU,26.583611,108.369444,0,KWE,89.2,84.8,90.0,75.0,0,0,0,0,0,0,0,0

SID,UGU11D,19L,2
CA,0,192.0,2,6570,0,0,0,0,0,0
CI,1, ,0.0,40.0,0,0,0,1,205,0,0,0
CF,UGUGU,26.583611,108.369444,0,KWE,89.2,84.8,90.0,76.0,0,0,0,0,0,0,0,0

SID,UGU12D,19R,2
CA,0,192.0,2,6570,0,0,0,0,0,0
CI,1, ,0.0,40.0,0,0,0,1,205,0,0,0
CF,UGUGU,26.583611,108.369444,0,KWE,89.2,84.8,90.0,77.0,0,0,0,0,0,0,0,0

SID,UGU8YD,19R,5
DF,DE19R,26.523961,106.798481,0, ,0.0,0.0,0,0,0,0,0,0,0,1
CA,0,192.0,2,6570,0,0,0,0,0,0
DF,GY410,26.250139,106.999250,1, ,0.0,0.0,0,0,0,0,0,0,0,0
TF,GY503,26.417583,107.190944,0, ,0.0,0.0,0.0,0.0,0,0,0,0,0,0,0,0
TF,GY506,26.545639,107.338222,0, ,0.0,0.0,0.0,0.0,0,0,0,0,0,0,0,0
TF,UGUGU,26.583611,108.369444,0, ,0.0,0.0,0.0,0.0,0,0,0,0,0,0,0,0

SID,UGU8ZD,19L,5
DF,DE19L,26.523406,106.802078,0, ,0.0,0.0,0,0,0,0,0,0,0,1
CA,0,192.0,2,6570,0,0,0,0,0,0
DF,GY410,26.250139,106.999250,1, ,0.0,0.0,0,0,0,0,0,0,0,0
TF,GY503,26.417583,107.190944,0, ,0.0,0.0,0.0,0.0,0,0,0,0,0,0,0,0
TF,GY506,26.545639,107.338222,0, ,0.0,0.0,0.0,0.0,0,0,0,0,0,0,0,0
TF,UGUGU,26.583611,108.369444,0, ,0.0,0.0,0.0,0.0,0,0,0,0,0,0,0,0

SID,UGU9YD,01R,5
DF,DE01R,26.558961,106.809028,0, ,0.0,0.0,0,0,0,0,0,0,0,1
CF,GY411,26.652667,106.827167,0,KWE,14.6,7.9,12.0,6.0,0,0,0,0,0,0,0,1
DF,GY402,26.662250,107.080861,2, ,0.0,0.0,0,0,0,1,230,0,0,0
TF,GY403,26.645194,107.186944,0, ,0.0,0.0,0.0,0.0,0,0,0,0,0,0,0,0
TF,UGUGU,26.583611,108.369444,0, ,0.0,0.0,0.0,0.0,0,0,0,0,0,0,0,0

SID,UGU9ZD,01L,5
DF,DE01L,26.555075,106.804542,0, ,0.0,0.0,0,0,0,0,0,0,0,1
CF,GY401,26.653056,106.822667,0,KWE,12.9,7.9,12.0,6.0,0,0,0,0,0,0,0,1
DF,GY402,26.662250,107.080861,2, ,0.0,0.0,0,0,0,1,230,0,0,0
TF,GY403,26.645194,107.186944,0, ,0.0,0.0,0.0,0.0,0,0,0,0,0,0,0,0
TF,UGUGU,26.583611,108.369444,0, ,0.0,0.0,0.0,0.0,0,0,0,0,0,0,0,0

STAR,ESN01A,01L,2
IF,ESNIB,26.234167,107.879722, ,0.0,0.0,0,0,0,0,0,0,0,0
TF,D109P,26.448228,107.080247,0, ,0.0,0.0,0.0,0.0,2,8860,0,1,205,0,0,0

STAR,ESN01A,01R,2
IF,ESNIB,26.234167,107.879722, ,0.0,0.0,0,0,0,0,0,0,0,0
TF,D109P,26.448228,107.080247,0, ,0.0,0.0,0.0,0.0,2,8860,0,1,205,0,0,0

STAR,ESN02A,01L,2
IF,ESNIB,26.234167,107.879722, ,0.0,0.0,0,0,0,0,0,0,0,0
TF,D109P,26.448228,107.080247,0, ,0.0,0.0,0.0,0.0,2,8860,0,0,0,0,0,0
TF,KWE,26.523333,106.795000,0, ,0.0,0.0,0.0,0.0,2,8860,0,1,205,0,0,0

STAR,ESN02A,01R,2
IF,ESNIB,26.234167,107.879722, ,0.0,0.0,0,0,0,0,0,0,0,0
TF,D109P,26.448228,107.080247,0, ,0.0,0.0,0.0,0.0,2,8860,0,0,0,0,0,0
TF,KWE,26.523333,106.795000,0, ,0.0,0.0,0.0,0.0,2,8860,0,1,205,0,0,0

STAR,ESN11A,19L,2
IF,ESNIB,26.234167,107.879722, ,0.0,0.0,0,0,0,0,0,0,0,0
TF,D109R,26.438800,107.115878,0, ,0.0,0.0,0.0,0.0,2,8860,0,1,205,0,0,0

STAR,ESN11A,19R,2
IF,ESNIB,26.234167,107.879722, ,0.0,0.0,0,0,0,0,0,0,0,0
TF,D109R,26.438800,107.115878,0, ,0.0,0.0,0.0,0.0,2,8860,0,1,205,0,0,0

STAR,ESN12A,19L,2
IF,ESNIB,26.234167,107.879722, ,0.0,0.0,0,0,0,0,0,0,0,0
TF,D109R,26.438800,107.115878,0, ,0.0,0.0,0.0,0.0,2,8860,0,0,0,0,0,0
TF,KWE,26.523333,106.795000,0, ,0.0,0.0,0.0,0.0,2,8860,0,1,205,0,0,0

STAR,ESN12A,19R,2
IF,ESNIB,26.234167,107.879722, ,0.0,0.0,0,0,0,0,0,0,0,0
TF,D109R,26.438800,107.115878,0, ,0.0,0.0,0.0,0.0,2,8860,0,0,0,0,0,0
TF,KWE,26.523333,106.795000,0, ,0.0,0.0,0.0,0.0,2,8860,0,1,205,0,0,0

STAR,ESN8YA,19L,5
IF,ESNIB,26.234167,107.879722, ,0.0,0.0,0,0,0,0,0,0,0,0
TF,GY802,26.486167,106.930556,0, ,0.0,0.0,0.0,0.0,0,0,0,0,0,0,0,0
TF,KWE,26.523333,106.795000,0, ,0.0,0.0,0.0,0.0,0,0,0,0,0,0,0,0
TF,GY812,26.590528,106.693167,0, ,0.0,0.0,0.0,0.0,0,0,0,0,0,0,0,0
TF,GY823,26.849167,106.743694,0, ,0.0,0.0,0.0,0.0,2,7880,0,1,205,0,0,0

STAR,ESN8YA,19R,5
IF,ESNIB,26.234167,107.879722, ,0.0,0.0,0,0,0,0,0,0,0,0
TF,GY802,26.486167,106.930556,0, ,0.0,0.0,0.0,0.0,0,0,0,0,0,0,0,0
TF,KWE,26.523333,106.795000,0, ,0.0,0.0,0.0,0.0,0,0,0,0,0,0,0,0
TF,GY812,26.590528,106.693167,0, ,0.0,0.0,0.0,0.0,0,0,0,0,0,0,0,0
TF,GY823,26.849167,106.743694,0, ,0.0,0.0,0.0,0.0,2,7880,0,1,205,0,0,0

STAR,ESN8ZA,19L,5
IF,ESNIB,26.234167,107.879722, ,0.0,0.0,0,0,0,0,0,0,0,0
TF,GY802,26.486167,106.930556,0, ,0.0,0.0,0.0,0.0,0,0,0,0,0,0,0,0
TF,GY810,26.809417,106.994444,0, ,0.0,0.0,0.0,0.0,2,7880,0,1,205,0,0,0

STAR,ESN8ZA,19R,5
IF,ESNIB,26.234167,107.879722, ,0.0,0.0,0,0,0,0,0,0,0,0
TF,GY802,26.486167,106.930556,0, ,0.0,0.0,0.0,0.0,0,0,0,0,0,0,0,0
TF,GY810,26.809417,106.994444,0, ,0.0,0.0,0.0,0.0,2,7880,0,1,205,0,0,0

STAR,ESN9ZA,01L,5
IF,ESNIB,26.234167,107.879722, ,0.0,0.0,0,0,0,0,0,0,0,0
TF,GY806,26.200056,107.309472,0, ,0.0,0.0,0.0,0.0,0,0,0,0,0,0,0,0
TF,GY803,26.268028,106.887639,0, ,0.0,0.0,0.0,0.0,2,7880,0,1,205,0,0,0

STAR,ESN9ZA,01R,5
IF,ESNIB,26.234167,107.879722, ,0.0,0.0,0,0,0,0,0,0,0,0
TF,GY806,26.200056,107.309472,0, ,0.0,0.0,0.0,0.0,0,0,0,0,0,0,0,0
TF,GY803,26.268028,106.887639,0, ,0.0,0.0,0.0,0.0,2,7880,0,1,205,0,0,0

STAR,KHP01A,01L,2
IF,KHP,26.973333,107.991667, ,0.0,0.0,0,0,0,0,0,0,0,0
TF,LIKRI,26.817500,107.021944,0, ,0.0,0.0,0.0,0.0,0,0,0,0,0,0,0,0
TF,KWE,26.523333,106.795000,0, ,0.0,0.0,0.0,0.0,2,8860,0,1,205,0,0,0

STAR,KHP01A,01R,2
IF,KHP,26.973333,107.991667, ,0.0,0.0,0,0,0,0,0,0,0,0
TF,LIKRI,26.817500,107.021944,0, ,0.0,0.0,0.0,0.0,0,0,0,0,0,0,0,0
TF,KWE,26.523333,106.795000,0, ,0.0,0.0,0.0,0.0,2,8860,0,1,205,0,0,0

STAR,KHP11A,19L,2
IF,KHP,26.973333,107.991667, ,0.0,0.0,0,0,0,0,0,0,0,0
TF,LIKRI,26.817500,107.021944,0, ,0.0,0.0,0.0,0.0,2,8860,0,1,205,0,0,0

STAR,KHP11A,19R,2
IF,KHP,26.973333,107.991667, ,0.0,0.0,0,0,0,0,0,0,0,0
TF,LIKRI,26.817500,107.021944,0, ,0.0,0.0,0.0,0.0,2,8860,0,1,205,0,0,0

STAR,KHP12A,19L,2
IF,KHP,26.973333,107.991667, ,0.0,0.0,0,0,0,0,0,0,0,0
TF,LIKRI,26.817500,107.021944,0, ,0.0,0.0,0.0,0.0,2,8860,0,0,0,0,0,0
TF,KWE,26.523333,106.795000,0, ,0.0,0.0,0.0,0.0,2,8860,0,1,205,0,0,0

STAR,KHP12A,19R,2
IF,KHP,26.973333,107.991667, ,0.0,0.0,0,0,0,0,0,0,0,0
TF,LIKRI,26.817500,107.021944,0, ,0.0,0.0,0.0,0.0,2,8860,0,0,0,0,0,0
TF,KWE,26.523333,106.795000,0, ,0.0,0.0,0.0,0.0,2,8860,0,1,205,0,0,0

STAR,KHP8ZA,19L,5
IF,KHP,26.973333,107.991667, ,0.0,0.0,0,0,0,0,0,0,0,0
TF,GY821,26.777694,107.192417,0, ,0.0,0.0,0.0,0.0,0,0,0,0,0,0,0,0
TF,GY810,26.809417,106.994444,0, ,0.0,0.0,0.0,0.0,2,7880,0,1,205,0,0,0

STAR,KHP8ZA,19R,5
IF,KHP,26.973333,107.991667, ,0.0,0.0,0,0,0,0,0,0,0,0
TF,GY821,26.777694,107.192417,0, ,0.0,0.0,0.0,0.0,0,0,0,0,0,0,0,0
TF,GY810,26.809417,106.994444,0, ,0.0,0.0,0.0,0.0,2,7880,0,1,205,0,0,0

STAR,KHP9YA,01L,5
IF,KHP,26.973333,107.991667, ,0.0,0.0,0,0,0,0,0,0,0,0
TF,GY810,26.809417,106.994444,0, ,0.0,0.0,0.0,0.0,0,0,0,0,0,0,0,0
TF,GY811,26.765500,106.727361,0, ,0.0,0.0,0.0,0.0,0,0,0,0,0,0,0,0
TF,GY812,26.590528,106.693167,0, ,0.0,0.0,0.0,0.0,0,0,0,0,0,0,0,0
TF,GY813,26.307611,106.638083,0, ,0.0,0.0,0.0,0.0,2,7880,0,1,205,0,0,0

STAR,KHP9YA,01R,5
IF,KHP,26.973333,107.991667, ,0.0,0.0,0,0,0,0,0,0,0,0
TF,GY810,26.809417,106.994444,0, ,0.0,0.0,0.0,0.0,0,0,0,0,0,0,0,0
TF,GY811,26.765500,106.727361,0, ,0.0,0.0,0.0,0.0,0,0,0,0,0,0,0,0
TF,GY812,26.590528,106.693167,0, ,0.0,0.0,0.0,0.0,0,0,0,0,0,0,0,0
TF,GY813,26.307611,106.638083,0, ,0.0,0.0,0.0,0.0,2,7880,0,1,205,0,0,0

STAR,KHP9ZA,01L,5
IF,KHP,26.973333,107.991667, ,0.0,0.0,0,0,0,0,0,0,0,0
TF,GY810,26.809417,106.994444,0, ,0.0,0.0,0.0,0.0,0,0,0,0,0,0,0,0
TF,GY802,26.486167,106.930556,0, ,0.0,0.0,0.0,0.0,0,0,0,0,0,0,0,0
TF,GY803,26.268028,106.887639,0, ,0.0,0.0,0.0,0.0,2,7880,0,1,205,0,0,0

STAR,KHP9ZA,01R,5
IF,KHP,26.973333,107.991667, ,0.0,0.0,0,0,0,0,0,0,0,0
TF,GY810,26.809417,106.994444,0, ,0.0,0.0,0.0,0.0,0,0,0,0,0,0,0,0
TF,GY802,26.486167,106.930556,0, ,0.0,0.0,0.0,0.0,0,0,0,0,0,0,0,0
TF,GY803,26.268028,106.887639,0, ,0.0,0.0,0.0,0.0,2,7880,0,1,205,0,0,0

STAR,MEM01A,01L,2
IF,MEMAG,27.475000,106.987222, ,0.0,0.0,0,0,0,0,0,0,0,0
TF,LIKRI,26.817500,107.021944,0, ,0.0,0.0,0.0,0.0,0,0,0,0,0,0,0,0
TF,KWE,26.523333,106.795000,0, ,0.0,0.0,0.0,0.0,2,8860,0,1,205,0,0,0

STAR,MEM01A,01R,2
IF,MEMAG,27.475000,106.987222, ,0.0,0.0,0,0,0,0,0,0,0,0
TF,LIKRI,26.817500,107.021944,0, ,0.0,0.0,0.0,0.0,0,0,0,0,0,0,0,0
TF,KWE,26.523333,106.795000,0, ,0.0,0.0,0.0,0.0,2,8860,0,1,205,0,0,0

STAR,MEM11A,19L,2
IF,MEMAG,27.475000,106.987222, ,0.0,0.0,0,0,0,0,0,0,0,0
TF,LIKRI,26.817500,107.021944,0, ,0.0,0.0,0.0,0.0,2,8860,0,1,205,0,0,0

STAR,MEM11A,19R,2
IF,MEMAG,27.475000,106.987222, ,0.0,0.0,0,0,0,0,0,0,0,0
TF,LIKRI,26.817500,107.021944,0, ,0.0,0.0,0.0,0.0,2,8860,0,1,205,0,0,0

STAR,MEM12A,19L,2
IF,MEMAG,27.475000,106.987222, ,0.0,0.0,0,0,0,0,0,0,0,0
TF,LIKRI,26.817500,107.021944,0, ,0.0,0.0,0.0,0.0,2,8860,0,0,0,0,0,0
TF,KWE,26.523333,106.795000,0, ,0.0,0.0,0.0,0.0,2,8860,0,1,205,0,0,0

STAR,MEM12A,19R,2
IF,MEMAG,27.475000,106.987222, ,0.0,0.0,0,0,0,0,0,0,0,0
TF,LIKRI,26.817500,107.021944,0, ,0.0,0.0,0.0,0.0,2,8860,0,0,0,0,0,0
TF,KWE,26.523333,106.795000,0, ,0.0,0.0,0.0,0.0,2,8860,0,1,205,0,0,0

STAR,MEM8ZA,19L,5
IF,MEMAG,27.475000,106.987222, ,0.0,0.0,0,0,0,0,0,0,0,0
TF,GY822,27.206889,106.990028,0, ,0.0,0.0,0.0,0.0,2,9850,0,1,205,0,0,0

STAR,MEM8ZA,19R,5
IF,MEMAG,27.475000,106.987222, ,0.0,0.0,0,0,0,0,0,0,0,0
TF,GY822,27.206889,106.990028,0, ,0.0,0.0,0.0,0.0,2,9850,0,1,205,0,0,0

STAR,MEM9YA,01L,5
IF,MEMAG,27.475000,106.987222, ,0.0,0.0,0,0,0,0,0,0,0,0
TF,GY810,26.809417,106.994444,0, ,0.0,0.0,0.0,0.0,0,0,0,0,0,0,0,0
TF,GY811,26.765500,106.727361,0, ,0.0,0.0,0.0,0.0,0,0,0,0,0,0,0,0
TF,GY812,26.590528,106.693167,0, ,0.0,0.0,0.0,0.0,0,0,0,0,0,0,0,0
TF,GY813,26.307611,106.638083,0, ,0.0,0.0,0.0,0.0,2,7880,0,1,205,0,0,0

STAR,MEM9YA,01R,5
IF,MEMAG,27.475000,106.987222, ,0.0,0.0,0,0,0,0,0,0,0,0
TF,GY810,26.809417,106.994444,0, ,0.0,0.0,0.0,0.0,0,0,0,0,0,0,0,0
TF,GY811,26.765500,106.727361,0, ,0.0,0.0,0.0,0.0,0,0,0,0,0,0,0,0
TF,GY812,26.590528,106.693167,0, ,0.0,0.0,0.0,0.0,0,0,0,0,0,0,0,0
TF,GY813,26.307611,106.638083,0, ,0.0,0.0,0.0,0.0,2,7880,0,1,205,0,0,0

STAR,MEM9ZA,01L,5
IF,MEMAG,27.475000,106.987222, ,0.0,0.0,0,0,0,0,0,0,0,0
TF,GY810,26.809417,106.994444,0, ,0.0,0.0,0.0,0.0,0,0,0,0,0,0,0,0
TF,GY802,26.486167,106.930556,0, ,0.0,0.0,0.0,0.0,0,0,0,0,0,0,0,0
TF,GY803,26.268028,106.887639,0, ,0.0,0.0,0.0,0.0,2,7880,0,1,205,0,0,0

STAR,MEM9ZA,01R,5
IF,MEMAG,27.475000,106.987222, ,0.0,0.0,0,0,0,0,0,0,0,0
TF,GY810,26.809417,106.994444,0, ,0.0,0.0,0.0,0.0,0,0,0,0,0,0,0,0
TF,GY802,26.486167,106.930556,0, ,0.0,0.0,0.0,0.0,0,0,0,0,0,0,0,0
TF,GY803,26.268028,106.887639,0, ,0.0,0.0,0.0,0.0,2,7880,0,1,205,0,0,0

STAR,QNX01A,01L,2
IF,QNX,27.041667,106.030000, ,0.0,0.0,0,0,0,0,0,0,0,0
TF,KWE,26.523333,106.795000,0, ,0.0,0.0,0.0,0.0,2,8860,0,1,205,0,0,0

STAR,QNX01A,01R,2
IF,QNX,27.041667,106.030000, ,0.0,0.0,0,0,0,0,0,0,0,0
TF,KWE,26.523333,106.795000,0, ,0.0,0.0,0.0,0.0,2,8860,0,1,205,0,0,0

STAR,QNX11A,19L,2
IF,QNX,27.041667,106.030000, ,0.0,0.0,0,0,0,0,0,0,0,0
TF,D309R,26.705083,106.528242,0, ,0.0,0.0,0.0,0.0,2,8860,0,1,205,0,0,0

STAR,QNX11A,19R,2
IF,QNX,27.041667,106.030000, ,0.0,0.0,0,0,0,0,0,0,0,0
TF,D309R,26.705083,106.528242,0, ,0.0,0.0,0.0,0.0,2,8860,0,1,205,0,0,0

STAR,QNX12A,19L,2
IF,QNX,27.041667,106.030000, ,0.0,0.0,0,0,0,0,0,0,0,0
TF,D309R,26.705083,106.528242,0, ,0.0,0.0,0.0,0.0,2,8860,0,0,0,0,0,0
TF,KWE,26.523333,106.795000,0, ,0.0,0.0,0.0,0.0,2,8860,0,1,205,0,0,0

STAR,QNX12A,19R,2
IF,QNX,27.041667,106.030000, ,0.0,0.0,0,0,0,0,0,0,0,0
TF,D309R,26.705083,106.528242,0, ,0.0,0.0,0.0,0.0,2,8860,0,0,0,0,0,0
TF,KWE,26.523333,106.795000,0, ,0.0,0.0,0.0,0.0,2,8860,0,1,205,0,0,0

STAR,QNX8ZA,19L,5
IF,QNX,27.041667,106.030000, ,0.0,0.0,0,0,0,0,0,0,0,0
TF,GY827,26.936694,106.181167,0, ,0.0,0.0,0.0,0.0,0,0,0,0,0,0,0,0
TF,GY826,26.911139,106.347139,0, ,0.0,0.0,0.0,0.0,0,0,0,0,0,0,0,0
TF,GY823,26.849167,106.743694,0, ,0.0,0.0,0.0,0.0,2,7880,0,1,205,0,0,0

STAR,QNX8ZA,19R,5
IF,QNX,27.041667,106.030000, ,0.0,0.0,0,0,0,0,0,0,0,0
TF,GY827,26.936694,106.181167,0, ,0.0,0.0,0.0,0.0,0,0,0,0,0,0,0,0
TF,GY826,26.911139,106.347139,0, ,0.0,0.0,0.0,0.0,0,0,0,0,0,0,0,0
TF,GY823,26.849167,106.743694,0, ,0.0,0.0,0.0,0.0,2,7880,0,1,205,0,0,0

STAR,QNX9YA,01L,5
IF,QNX,27.041667,106.030000, ,0.0,0.0,0,0,0,0,0,0,0,0
TF,GY816,26.793972,106.393111,0, ,0.0,0.0,0.0,0.0,0,0,0,0,0,0,0,0
TF,GY812,26.590528,106.693167,0, ,0.0,0.0,0.0,0.0,0,0,0,0,0,0,0,0
TF,GY813,26.307611,106.638083,0, ,0.0,0.0,0.0,0.0,2,7880,0,1,205,0,0,0

STAR,QNX9YA,01R,5
IF,QNX,27.041667,106.030000, ,0.0,0.0,0,0,0,0,0,0,0,0
TF,GY816,26.793972,106.393111,0, ,0.0,0.0,0.0,0.0,0,0,0,0,0,0,0,0
TF,GY812,26.590528,106.693167,0, ,0.0,0.0,0.0,0.0,0,0,0,0,0,0,0,0
TF,GY813,26.307611,106.638083,0, ,0.0,0.0,0.0,0.0,2,7880,0,1,205,0,0,0

STAR,QNX9ZA,01L,5
IF,QNX,27.041667,106.030000, ,0.0,0.0,0,0,0,0,0,0,0,0
TF,GY816,26.793972,106.393111,0, ,0.0,0.0,0.0,0.0,0,0,0,0,0,0,0,0
TF,GY812,26.590528,106.693167,0, ,0.0,0.0,0.0,0.0,0,0,0,0,0,0,0,0
TF,KWE,26.523333,106.795000,0, ,0.0,0.0,0.0,0.0,0,0,0,0,0,0,0,0
TF,GY802,26.486167,106.930556,0, ,0.0,0.0,0.0,0.0,0,0,0,0,0,0,0,0
TF,GY803,26.268028,106.887639,0, ,0.0,0.0,0.0,0.0,2,7880,0,1,205,0,0,0

STAR,QNX9ZA,01R,5
IF,QNX,27.041667,106.030000, ,0.0,0.0,0,0,0,0,0,0,0,0
TF,GY816,26.793972,106.393111,0, ,0.0,0.0,0.0,0.0,0,0,0,0,0,0,0,0
TF,GY812,26.590528,106.693167,0, ,0.0,0.0,0.0,0.0,0,0,0,0,0,0,0,0
TF,KWE,26.523333,106.795000,0, ,0.0,0.0,0.0,0.0,0,0,0,0,0,0,0,0
TF,GY802,26.486167,106.930556,0, ,0.0,0.0,0.0,0.0,0,0,0,0,0,0,0,0
TF,GY803,26.268028,106.887639,0, ,0.0,0.0,0.0,0.0,2,7880,0,1,205,0,0,0

APPTR,D01L,01L,D109P
IF,D109P,26.448228,107.080247, ,0.0,0.0,2,8860,0,1,205,0,1,0
CI,0, ,0.0,289.0,0,0,0,0,0,0,0,0
AF,D168N,26.296247,106.857808,2,KWE,168.0,14.0,109.0,2,7220,0,0,0,0,0,0
AF,D177N,26.290200,106.817625,2,KWE,177.0,14.0,168.0,0,0,0,0,0,0,0,0
CF,CD01L,26.323506,106.775597,0,KWE,187.0,12.0,7.0,2.0,2,6890,0,0,0,0,1,0

APPTR,D01L,01L,KWE
IF,KWE,26.523333,106.795000, ,0.0,0.0,2,8860,0,1,205,0,1,0
FD,KWE,26.523333,106.795000,0,KWE,0.0,12.0,169.0,12.0,0,0,0,0,0,0,0,0
CF,CD01L,26.323506,106.775597,2,KWE,187.0,12.0,7.0,1.0,2,6890,0,0,0,0,1,0

FINAL,D01L,01L,D,4
IF,CD01L,26.323506,106.775597,KWE,187.0,12.0,2,6890,0,0,0,0,0,0
CF,FD01L,26.361806,106.779311,0,KWE,187.0,9.7,7.0,2.3,2,6890,0,0,0,0,2,0
CF,45VOR,26.448397,106.787717,0,KWE,187.0,4.5,7.0,5.2,2,5250,0,0,0,0,0,0
CF,MD01L,26.483367,106.791114,0,KWE,187.0,2.4,7.0,2.1,1,4574,0,0,0,0,3,0
CF,KWE,26.523333,106.795000,0,KWE,0.0,0.0,7.0,2.4,0,0,0,0,0,0,0,0
CA,0,7.0,2,5580,0,0,0,0,0,0
DF,KWE,26.523333,106.795000,2, ,0.0,0.0,2,7880,0,1,205,0,0,0

APPTR,D19L,19L,D109R
IF,D109R,26.438800,107.115878, ,0.0,0.0,2,8860,0,1,205,0,1,0
CI,0, ,0.0,289.0,0,0,0,0,0,0,0,0
AF,D062P,26.656822,107.052769,1,KWE,62.0,16.0,109.0,2,7880,0,0,0,0,0,0
AF,D026P,26.767603,106.916181,1,KWE,26.0,16.0,62.0,0,0,0,0,0,0,0,0
CF,CD19L,26.749356,106.862461,0,KWE,17.0,14.0,197.0,2.0,2,6890,0,0,0,0,1,0

APPTR,D19L,19L,D309R
IF,D309R,26.705083,106.528242, ,0.0,0.0,2,8860,0,1,205,0,1,0
CI,0, ,0.0,129.0,0,0,0,0,0,0,0,0
AF,D009P,26.788778,106.831314,2,KWE,9.0,16.0,309.0,0,0,0,0,0,0,0,0
CF,CD19L,26.749356,106.862461,0,KWE,17.0,14.0,197.0,2.0,2,6890,0,0,0,0,1,0

APPTR,D19L,19L,KWE
IF,KWE,26.523333,106.795000, ,0.0,0.0,2,8860,0,1,205,0,1,0
FD,KWE,26.523333,106.795000,0,KWE,0.0,14.0,32.0,14.0,0,0,0,0,0,0,0,0
CF,CD19L,26.749356,106.862461,1,KWE,17.0,14.0,197.0,1.0,2,6890,0,0,0,0,1,0

APPTR,D19L,19L,LIKRI
IF,LIKRI,26.817500,107.021944, ,0.0,0.0,2,8860,0,1,205,0,1,0
CR,0,KWE,20.0,249.0,0,0,0,0,0,0,0,0
CF,CD19L,26.749356,106.862461,0,KWE,17.0,14.0,197.0,2.0,2,6890,0,0,0,0,1,0

FINAL,D19L,19L,D,5
IF,CD19L,26.749356,106.862461,KWE,17.0,14.0,2,6890,0,0,0,0,0,0
CF,FD19L,26.718683,106.853289,0,KWE,17.0,12.1,197.0,1.9,2,6890,0,0,0,0,2,0
CF,82VOR,26.655722,106.834481,0,KWE,17.0,8.2,197.0,3.9,2,5650,0,0,0,0,0,0
CF,54VOR,26.610517,106.820989,0,KWE,17.0,5.4,197.0,2.8,2,4760,0,0,0,0,0,0
CF,MD19L,26.589528,106.814728,0,KWE,17.0,4.1,197.0,1.3,1,4398,0,0,0,0,3,0
CA,0,197.0,2,6240,0,0,0,0,0,0
DF,KWE,26.523333,106.795000,1, ,0.0,0.0,2,7880,0,1,205,0,0,0

APPTR,D19R,19R,D109R
IF,D109R,26.438800,107.115878, ,0.0,0.0,2,8860,0,1,205,0,1,0
CI,0, ,0.0,289.0,0,0,0,0,0,0,0,0
AF,D062P,26.656822,107.052769,1,KWE,62.0,16.0,109.0,2,7880,0,0,0,0,0,0
AF,D023P,26.772972,106.901775,1,KWE,23.0,16.0,62.0,0,0,0,0,0,0,0,0
CF,CD19R,26.751336,106.853633,0,KWE,15.0,14.0,195.0,2.0,2,6890,0,0,0,0,1,0

APPTR,D19R,19R,D309R
IF,D309R,26.705083,106.528242, ,0.0,0.0,2,8860,0,1,205,0,1,0
CI,0, ,0.0,129.0,0,0,0,0,0,0,0,0
AF,D006P,26.790122,106.815786,2,KWE,6.0,16.0,309.0,0,0,0,0,0,0,0,0
CF,CD19R,26.751336,106.853633,0,KWE,15.0,14.0,195.0,2.0,2,6890,0,0,0,0,1,0

APPTR,D19R,19R,KWE
IF,KWE,26.523333,106.795000, ,0.0,0.0,2,8860,0,1,205,0,1,0
FD,KWE,26.523333,106.795000,0,KWE,0.0,14.0,29.0,14.0,0,0,0,0,0,0,0,0
CF,CD19R,26.751336,106.853633,1,KWE,15.0,14.0,195.0,1.0,2,6890,0,0,0,0,1,0

APPTR,D19R,19R,LIKRI
IF,LIKRI,26.817500,107.021944, ,0.0,0.0,2,8860,0,1,205,0,1,0
CR,0,KWE,18.0,252.0,0,0,0,0,0,0,0,0
CF,CD19R,26.751336,106.853633,0,KWE,15.0,14.0,195.0,2.0,2,6890,0,0,0,0,1,0

FINAL,D19R,19R,D,5
IF,CD19R,26.751336,106.853633,KWE,15.0,14.0,2,6890,0,0,0,0,0,0
CF,FD19R,26.713881,106.843986,0,KWE,15.0,11.7,195.0,2.3,2,6890,0,0,0,0,2,0
CF,78VOR,26.650367,106.827639,0,KWE,15.0,7.8,195.0,3.9,2,5650,0,0,0,0,0,0
CF,55VOR,26.612908,106.818006,0,KWE,15.0,5.5,195.0,2.3,2,4930,0,0,0,0,0,0
CF,MD19R,26.593364,106.812983,0,KWE,15.0,4.3,195.0,1.2,1,4580,0,0,0,0,3,0
CF,KWE,26.523333,106.795000,0,KWE,0.0,0.0,195.0,4.3,0,0,0,0,0,0,0,1
FA,KWE,26.523333,106.795000,0,KWE,0.0,0.0,195.0,2,6240,0,0,0,0,0,0
DF,KWE,26.523333,106.795000,1, ,0.0,0.0,2,7880,0,1,205,0,0,0

APPTR,I01LY,01L,D109P
IF,D109P,26.448228,107.080247, ,0.0,0.0,2,8860,0,1,205,0,1,0
CI,0, ,0.0,289.0,0,0,0,0,0,0,0,0
AF,D168N,26.296247,106.857808,2,KWE,168.0,14.0,109.0,2,7220,0,0,0,0,0,0
AF,D181N,26.289344,106.799531,2,KWE,181.0,14.0,168.0,0,0,0,0,0,0,0,0
CF,CI0LY,26.324500,106.759706,0,IGG,191.9,14.2,12.0,2.0,2,6890,0,0,0,0,1,0

APPTR,I01LY,01L,KWE
IF,KWE,26.523333,106.795000, ,0.0,0.0,2,8860,0,1,205,0,1,0
FD,KWE,26.523333,106.795000,0,KWE,0.0,12.0,174.0,12.0,0,0,0,0,0,0,0,0
CF,CI0LY,26.324500,106.759706,2,IGG,191.9,14.2,12.0,1.0,2,6890,0,0,0,0,1,0

FINAL,I01LY,01L,I,3
IF,CI0LY,26.324500,106.759706,IGG,191.9,14.2,2,6890,0,0,0,0,0,0
CF,FI01L,26.364017,106.767378,0,IGG,191.9,11.8,12.0,2.4,1,6890,0,0,0,0,2,0
CF,RW01L,26.523961,106.798481,0,IGG,191.9,2.1,12.0,9.7,1,3790,0,0,0,0,3,0
FA,RW01L,26.523961,106.798481,0,KWE,0.0,0.0,12.0,2,5580,0,0,0,0,0,0
DF,KWE,26.523333,106.795000,2, ,0.0,0.0,2,7880,0,1,205,0,0,0

APPTR,I01LZ,01L,GY803
IF,GY803,26.268028,106.887639, ,0.0,0.0,2,7880,0,1,205,0,1,0
TF,GY804,26.179139,106.870167,0, ,0.0,0.0,0.0,0.0,0,0,0,0,0,0,0,0
TF,GY604,26.200528,106.735778,0, ,0.0,0.0,0.0,0.0,0,0,0,0,0,0,0,0
TF,GY603,26.289444,106.752917,0,IGG,0.0,0.0,0.0,0.0,2,6890,0,0,0,0,1,0

APPTR,I01LZ,01L,GY813
IF,GY813,26.307611,106.638083, ,0.0,0.0,2,7880,0,1,205,0,1,0
TF,GY603,26.289444,106.752917,0,IGG,0.0,0.0,0.0,0.0,2,6890,0,0,0,0,1,0

FINAL,I01LZ,01L,I,3
IF,GY603,26.289444,106.752917,IGG,191.9,16.3,2,6890,0,0,0,0,0,0
CF,FI01L,26.364017,106.767378,0,IGG,191.9,11.8,12.0,4.5,1,6890,0,0,0,0,2,0
CF,RW01L,26.523961,106.798481,0,IGG,191.9,2.1,12.0,9.7,1,3790,0,0,0,0,3,0
CA,0,12.0,2,5580,0,1,205,0,0,0
DF,GY802,26.486167,106.930556,2, ,0.0,0.0,2,7880,0,0,0,0,0,0

APPTR,I01RY,01R,D109P
IF,D109P,26.448228,107.080247, ,0.0,0.0,2,8860,0,1,205,0,1,0
CI,0, ,0.0,289.0,0,0,0,0,0,0,0,0
AF,D168N,26.296247,106.857808,2,KWE,168.0,14.0,109.0,2,7220,0,0,0,0,0,0
AF,D180N,26.289453,106.804058,2,KWE,180.0,14.0,168.0,0,0,0,0,0,0,0,0
CF,CI0RY,26.323978,106.763672,0,ILR,191.9,14.4,12.0,2.0,2,6890,0,0,0,0,1,0

APPTR,I01RY,01R,KWE
IF,KWE,26.523333,106.795000, ,0.0,0.0,2,8860,0,1,205,0,1,0
FD,KWE,26.523333,106.795000,0,KWE,0.0,12.0,172.0,12.0,0,0,0,0,0,0,0,0
CF,CI0RY,26.323978,106.763672,2,ILR,191.9,14.4,12.0,1.0,2,6890,0,0,0,0,1,0

FINAL,I01RY,01R,I,3
IF,CI0RY,26.323978,106.763672,ILR,191.9,14.4,2,6890,0,0,0,0,0,0
CF,FI01R,26.363506,106.771272,0,ILR,191.9,12.0,12.0,2.4,1,6890,0,0,0,0,2,0
CF,RW01R,26.523406,106.802078,0,ILR,191.9,2.3,12.0,9.7,1,3788,0,0,0,0,3,0
CA,0,12.0,2,5580,0,0,0,0,0,0
DF,KWE,26.523333,106.795000,2, ,0.0,0.0,2,7880,0,1,205,0,0,0

APPTR,I01RZ,01R,GY803
IF,GY803,26.268028,106.887639, ,0.0,0.0,2,7880,0,1,205,0,1,0
TF,GY804,26.179139,106.870167,0, ,0.0,0.0,0.0,0.0,0,0,0,0,0,0,0,0
TF,GY614,26.199972,106.739306,0, ,0.0,0.0,0.0,0.0,0,0,0,0,0,0,0,0
TF,GY613,26.288889,106.756500,0,ILR,0.0,0.0,0.0,0.0,2,6890,0,0,0,0,1,0

APPTR,I01RZ,01R,GY813
IF,GY813,26.307611,106.638083, ,0.0,0.0,2,7880,0,1,205,0,1,0
TF,GY613,26.288889,106.756500,0,ILR,0.0,0.0,0.0,0.0,2,6890,0,0,0,0,1,0

FINAL,I01RZ,01R,I,3
IF,GY613,26.288889,106.756500,ILR,191.9,16.6,2,6890,0,0,0,0,0,0
CF,FI01R,26.363506,106.771272,0,ILR,191.9,12.0,12.0,4.5,1,6890,0,0,0,0,2,0
CF,RW01R,26.523406,106.802078,0,ILR,191.9,2.3,12.0,9.7,1,3788,0,0,0,0,3,0
CA,0,12.0,2,5580,0,1,205,0,0,0
DF,GY802,26.486167,106.930556,2, ,0.0,0.0,2,7880,0,0,0,0,0,0

APPTR,I19LY,19L,D109R
IF,D109R,26.438800,107.115878, ,0.0,0.0,2,8860,0,1,205,0,1,0
CI,0, ,0.0,289.0,0,0,0,0,0,0,0,0
AF,D062P,26.656822,107.052769,1,KWE,62.0,16.0,109.0,2,7880,0,0,0,0,0,0
AF,D021P,26.776172,106.892006,1,KWE,21.0,16.0,62.0,0,0,0,0,0,0,0,0
CF,CI1LY,26.751836,106.847114,0,IDL,12.1,14.0,192.0,2.0,2,6890,0,0,0,0,1,0

APPTR,I19LY,19L,D309R
IF,D309R,26.705083,106.528242, ,0.0,0.0,2,8860,0,1,205,0,1,0
CI,0, ,0.0,129.0,0,0,0,0,0,0,0,0
AF,D004P,26.790614,106.805397,2,KWE,4.0,16.0,309.0,0,0,0,0,0,0,0,0
CF,CI1LY,26.751836,106.847114,0,IDL,12.1,14.0,192.0,2.0,2,6890,0,0,0,0,1,0

APPTR,I19LY,19L,KWE
IF,KWE,26.523333,106.795000, ,0.0,0.0,2,8860,0,1,205,0,1,0
FD,KWE,26.523333,106.795000,0,KWE,0.0,14.0,28.0,14.0,0,0,0,0,0,0,0,0
CF,CI1LY,26.751836,106.847114,1,IDL,12.1,14.0,192.0,1.0,2,6890,0,0,0,0,1,0

APPTR,I19LY,19L,LIKRI
IF,LIKRI,26.817500,107.021944, ,0.0,0.0,2,8860,0,1,205,0,1,0
CR,0,KWE,17.0,254.0,0,0,0,0,0,0,0,0
CF,CI1LY,26.751836,106.847114,0,IDL,12.1,14.0,192.0,2.0,2,6890,0,0,0,0,1,0

FINAL,I19LY,19L,I,3
IF,CI1LY,26.751836,106.847114,IDL,12.1,14.0,2,6890,0,0,0,0,0,0
CF,FI19L,26.718919,106.840606,0,IDL,12.1,12.0,192.0,2.0,1,6890,0,0,0,0,2,0
CF,RW19L,26.557167,106.808681,0,IDL,12.1,2.2,192.0,9.8,1,3772,0,0,0,0,3,0
CA,0,192.0,2,6240,0,0,0,0,0,0
DF,KWE,26.523333,106.795000,1, ,0.0,0.0,2,7880,0,1,205,0,0,0

APPTR,I19LZ,19L,GY810
IF,GY810,26.809417,106.994444, ,0.0,0.0,2,7880,0,1,205,0,1,0
TF,GY824,26.898278,107.012028,0, ,0.0,0.0,0.0,0.0,0,0,0,0,0,0,0,0
TF,GY825,26.987111,107.029694,0, ,0.0,0.0,0.0,0.0,0,0,0,0,0,0,0,0
TF,GY715,27.008278,106.896667,0, ,0.0,0.0,0.0,0.0,0,0,0,0,0,0,0,0
TF,GY714,26.919389,106.879250,0, ,0.0,0.0,0.0,0.0,0,0,0,0,0,0,0,0
TF,GY713,26.830500,106.861861,0,IDL,0.0,0.0,0.0,0.0,2,6890,0,0,0,0,1,0

APPTR,I19LZ,19L,GY822
IF,GY822,27.206889,106.990028, ,0.0,0.0,2,9850,0,1,205,0,1,0
TF,GY715,27.008278,106.896667,0, ,0.0,0.0,0.0,0.0,0,0,0,0,0,0,0,0
TF,GY714,26.919389,106.879250,0, ,0.0,0.0,0.0,0.0,0,0,0,0,0,0,0,0
TF,GY713,26.830500,106.861861,0,IDL,0.0,0.0,0.0,0.0,2,6890,0,0,0,0,1,0

APPTR,I19LZ,19L,GY823
IF,GY823,26.849167,106.743694, ,0.0,0.0,2,7880,0,1,205,0,1,0
TF,GY713,26.830500,106.861861,0,IDL,0.0,0.0,0.0,0.0,2,6890,0,0,0,0,1,0

FINAL,I19LZ,19L,I,3
IF,GY713,26.830500,106.861861,IDL,11.9,18.8,2,6890,0,0,0,0,0,0
CF,FI19L,26.718919,106.840606,0,IDL,12.1,12.0,192.0,6.8,1,6890,0,0,0,0,2,0
CF,RW19L,26.557167,106.808681,0,IDL,12.1,2.2,192.0,9.8,1,3772,0,0,0,0,3,0
CA,0,192.0,2,6240,0,1,205,0,0,0
DF,GY802,26.486167,106.930556,1, ,0.0,0.0,2,7880,0,0,0,0,0,0

APPTR,I19RY,19R,D109R
IF,D109R,26.438800,107.115878, ,0.0,0.0,2,8860,0,1,205,0,1,0
CI,0, ,0.0,289.0,0,0,0,0,0,0,0,0
AF,D062P,26.656822,107.052769,1,KWE,62.0,16.0,109.0,2,7880,0,0,0,0,0,0
AF,D020P,26.777656,106.887075,1,KWE,20.0,16.0,62.0,0,0,0,0,0,0,0,0
CF,CI19Y,26.751728,106.843653,0,IGY,11.9,14.0,192.0,2.0,2,6890,0,0,0,0,1,0

APPTR,I19RY,19R,D309R
IF,D309R,26.705083,106.528242, ,0.0,0.0,2,8860,0,1,205,0,1,0
CI,0, ,0.0,129.0,0,0,0,0,0,0,0,0
AF,D004P,26.790614,106.805397,2,KWE,4.0,16.0,309.0,0,0,0,0,0,0,0,0
CF,CI19Y,26.751728,106.843653,0,IGY,11.9,14.0,192.0,2.0,2,6890,0,0,0,0,1,0

APPTR,I19RY,19R,KWE
IF,KWE,26.523333,106.795000, ,0.0,0.0,2,8860,0,1,205,0,1,0
FD,KWE,26.523333,106.795000,0,KWE,0.0,14.0,27.0,14.0,0,0,0,0,0,0,0,0
CF,CI19Y,26.751728,106.843653,1,IGY,11.9,14.0,192.0,1.0,2,6890,0,0,0,0,1,0

APPTR,I19RY,19R,LIKRI
IF,LIKRI,26.817500,107.021944, ,0.0,0.0,2,8860,0,1,205,0,1,0
CR,0,KWE,16.0,254.0,0,0,0,0,0,0,0,0
CF,CI19Y,26.751728,106.843653,0,IGY,11.9,14.0,192.0,3.0,2,6890,0,0,0,0,1,0

FINAL,I19RY,19R,I,3
IF,CI19Y,26.751728,106.843653,IGY,12.1,14.0,2,6890,0,0,0,0,0,0
CF,FI19R,26.712236,106.835789,0,IGY,12.1,11.6,192.0,2.4,1,6890,0,0,0,0,2,0
CF,RW19R,26.552397,106.804022,0,IGY,12.1,1.9,192.0,9.7,1,3786,0,0,0,0,3,0
CA,0,192.0,2,6240,0,0,0,0,0,0
DF,KWE,26.523333,106.795000,1, ,0.0,0.0,2,7880,0,1,205,0,0,0

APPTR,I19RZ,19R,GY810
IF,GY810,26.809417,106.994444, ,0.0,0.0,2,7880,0,1,205,0,1,0
TF,GY824,26.898278,107.012028,0, ,0.0,0.0,0.0,0.0,0,0,0,0,0,0,0,0
TF,GY825,26.987111,107.029694,0, ,0.0,0.0,0.0,0.0,0,0,0,0,0,0,0,0
TF,GY705,27.008861,106.892972,0, ,0.0,0.0,0.0,0.0,0,0,0,0,0,0,0,0
TF,GY704,26.919972,106.875583,0, ,0.0,0.0,0.0,0.0,0,0,0,0,0,0,0,0
TF,GY703,26.831083,106.858250,0,IGY,0.0,0.0,0.0,0.0,2,6890,0,0,0,0,1,0

APPTR,I19RZ,19R,GY822
IF,GY822,27.206889,106.990028, ,0.0,0.0,2,9850,0,1,205,0,1,0
TF,GY705,27.008861,106.892972,0, ,0.0,0.0,0.0,0.0,0,0,0,0,0,0,0,0
TF,GY704,26.919972,106.875583,0, ,0.0,0.0,0.0,0.0,0,0,0,0,0,0,0,0
TF,GY703,26.831083,106.858250,0,IGY,0.0,0.0,0.0,0.0,2,6890,0,0,0,0,1,0

APPTR,I19RZ,19R,GY823
IF,GY823,26.849167,106.743694, ,0.0,0.0,2,7880,0,1,205,0,1,0
TF,GY703,26.831083,106.858250,0,IGY,0.0,0.0,0.0,0.0,2,6890,0,0,0,0,1,0

FINAL,I19RZ,19R,I,3
IF,GY703,26.831083,106.858250,IGY,11.9,18.8,2,6890,0,0,0,0,0,0
CF,FI19R,26.712236,106.835789,0,IGY,12.1,11.6,192.0,7.2,1,6890,0,0,0,0,2,0
CF,RW19R,26.552397,106.804022,0,IGY,12.1,1.9,192.0,9.7,1,3786,0,0,0,0,3,0
CA,0,192.0,2,6240,0,1,205,0,0,0
DF,GY802,26.486167,106.930556,1, ,0.0,0.0,2,7880,0,0,0,0,0,0

