SID,DM01D,09L,2
DF,LXA,29.296667,90.998333,0, ,0.0,0.0,0,0,0,0,0,0,0,0
FA,LXA,29.296667,90.998333,0,LXA,0.0,0.0,90.0,2,16410,0,1,230,0,0,0
CI,0, ,0.0,110.0,0,0,0,0,0,0,0,0
CF,DM,29.255000,91.765000,0,LXA,93.4,40.3,94.0,28.0,0,0,0,0,0,0,0,0

SID,RKZ01D,09L,2
DF,LXA,29.296667,90.998333,0, ,0.0,0.0,0,0,0,0,0,0,0,0
FA,LXA,29.296667,90.998333,0,LXA,0.0,0.0,90.0,2,16410,0,1,230,0,0,0
DF,LXA,29.296667,90.998333,2, ,0.0,0.0,0,0,0,0,0,0,0,0
TF,RKZ,29.355000,89.271667,0, ,0.0,0.0,0.0,0.0,0,0,0,0,0,0,0,0

STAR,DM01A,27R,2
IF,DM,29.255000,91.765000, ,0.0,0.0,1,23630,0,0,0,0,0,0
TF,D094Y,29.271975,91.473872,0, ,0.0,0.0,0.0,0.0,1,20670,0,0,0,0,0,0

STAR,RKZ01A,27R,2
IF,RKZ,29.355000,89.271667, ,0.0,0.0,0,0,0,0,0,0,0,0
TF,LXA,29.296667,90.998333,0, ,0.0,0.0,0.0,0.0,1,23630,0,0,0,0,0,0

APPTR,D27R,27R,D094Y
IF,D094Y,29.271975,91.473872, ,0.0,0.0,2,20670,0,0,0,0,1,0
TF,CD27R,29.272814,91.378550,0, ,0.0,0.0,0.0,0.0,2,18540,0,0,0,0,1,0

APPTR,D27R,27R,LXA
IF,LXA,29.296667,90.998333, ,0.0,0.0,2,23630,0,1,190,0,1,0
FD,LXA,29.296667,90.998333,0,LXA,0.0,20.0,107.0,20.0,2,19030,0,0,0,0,0,0
CF,CD27R,29.272814,91.378550,1,LXA,94.0,20.0,274.0,1.0,2,18540,0,0,0,0,1,0

FINAL,D27R,27R,D,4
IF,CD27R,29.272814,91.378550,LXA,94.0,20.0,2,18540,0,0,0,0,0,0
CF,FD27R,29.278878,91.283511,0,LXA,94.0,15.0,274.0,5.0,2,17560,0,0,0,0,2,0
CF,82VOR,29.287017,91.154242,0,LXA,94.0,8.2,274.0,6.8,2,15420,0,0,0,0,0,0
CF,MD27R,29.291981,91.074389,0,LXA,94.0,4.0,274.0,4.2,1,14123,0,0,0,0,3,0
CF,LXA,29.296667,90.998333,0,LXA,0.0,0.0,274.0,4.0,0,0,0,0,0,0,0,0
FD,LXA,29.296667,90.998333,0,LXA,0.0,8.8,271.0,8.8,2,15750,0,1,190,0,0,0
DF,LXA,29.296667,90.998333,2, ,0.0,0.0,2,20670,0,0,0,0,0,0

APPTR,I27R,27R,D094Y
IF,D094Y,29.271975,91.473872, ,0.0,0.0,2,20670,0,0,0,0,1,0
CF,CI27R,29.304575,91.377500,0,ISS,89.0,25.6,291.0,5.4,2,18540,0,0,0,0,1,0

APPTR,I27R,27R,LXA
IF,LXA,29.296667,90.998333, ,0.0,0.0,2,23630,0,1,190,0,1,0
FD,LXA,29.296667,90.998333,0,LXA,0.0,20.0,101.0,20.0,2,18540,0,0,0,0,0,0
CF,CI27R,29.304575,91.377500,1,ISS,89.0,25.6,269.0,1.0,2,18540,0,0,0,0,1,0

FINAL,I27R,27R,I,3
IF,CI27R,29.304575,91.377500,ISS,89.0,25.6,2,18540,0,0,0,0,0,0
CF,FI27R,29.303369,91.282194,0,ISS,89.0,20.6,269.0,5.0,1,17560,0,0,0,0,2,0
CF,RW27R,29.298369,90.932833,0,ISS,89.0,2.3,269.0,18.3,1,11753,0,0,0,0,3,0
FD,RW27R,29.298369,90.932833,0,LXA,271.7,8.8,269.0,8.8,2,15750,0,0,0,0,0,0
DF,LXA,29.296667,90.998333,2, ,0.0,0.0,2,20670,0,1,190,0,0,0

