SID,BOP01D,18,2
CD, ,0,0,0,XIC,0,0.0,179.0,6.0,0,0,0,0,0,0,0,0
CI,0, ,0.0,199.0,0,0,0,0,0,0,0,0
CF,D184M,27.794714,102.171039,0,XIC,184.0,12.5,184.0,5.0,2,8210,0,0,0,0,0,1
CI,1, ,0.0,35.0,0,0,0,1,205,0,0,0
CF,D112R,27.893625,102.503911,0,XIC,112.0,18.3,65.0,16.0,2,12800,0,0,0,0,0,0
TF,BOPTU,28.576111,104.044722,0, ,0.0,0.0,0.0,0.0,0,0,0,0,0,0,0,0

SID,BOP11D,36,2
CD, ,0,0,0,XIC,0,0.0,360.0,20.0,2,12640,0,0,0,0,0,0
DF,XIC,28.003333,102.183333,2, ,0.0,0.0,0,0,0,1,230,0,0,0
TF,D112R,27.893625,102.503911,0, ,0.0,0.0,0.0,0.0,0,0,0,0,0,0,0,0
TF,BOPTU,28.576111,104.044722,0, ,0.0,0.0,0.0,0.0,0,0,0,0,0,0,0,0

SID,MUB01D,18,2
CD, ,0,0,0,XIC,0,0.0,179.0,6.0,0,0,0,0,0,0,0,0
CI,0, ,0.0,199.0,0,0,0,0,0,0,0,0
CF,SB,27.740000,102.165000,0,XIC,184.5,15.8,184.0,7.0,0,0,0,0,0,0,0,0
TF,XIC30,27.559517,101.921075,0, ,0.0,0.0,0.0,0.0,2,14110,0,0,0,0,0,0
TF,MUBOP,27.214722,101.458889,0, ,0.0,0.0,0.0,0.0,0,0,0,0,0,0,0,0

SID,MUB11D,36,2
CD, ,0,0,0,XIC,0,0.0,360.0,20.0,2,12640,0,0,0,0,0,0
DF,XIC,28.003333,102.183333,2, ,0.0,0.0,0,0,0,1,230,0,0,0
TF,SB,27.740000,102.165000,0, ,0.0,0.0,0.0,0.0,0,0,0,0,0,0,0,0
TF,MUBOP,27.214722,101.458889,0, ,0.0,0.0,0.0,0.0,0,0,0,0,0,0,0,0

STAR,BOP01A,18,2
IF,BOPTU,28.576111,104.044722, ,0.0,0.0,0,0,0,0,0,0,0,0
TF,D112R,27.893625,102.503911,0, ,0.0,0.0,0.0,0.0,2,15750,0,0,0,0,0,0
TF,XIC,28.003333,102.183333,0, ,0.0,0.0,0.0,0.0,2,13780,0,1,205,0,0,0

STAR,BOP02A,18,2
IF,BOPTU,28.576111,104.044722, ,0.0,0.0,0,0,0,0,0,0,0,0
TF,D112R,27.893625,102.503911,0, ,0.0,0.0,0.0,0.0,2,15750,0,0,0,0,0,0
TF,XIC,28.003333,102.183333,0, ,0.0,0.0,0.0,0.0,2,13780,0,1,205,0,0,0
TF,UZ,28.055597,102.181708,0, ,0.0,0.0,0.0,0.0,2,13780,0,1,205,0,0,0

STAR,BOP11A,36,2
IF,BOPTU,28.576111,104.044722, ,0.0,0.0,0,0,0,0,0,0,0,0
TF,D112R,27.893625,102.503911,0, ,0.0,0.0,0.0,0.0,2,15750,0,0,0,0,0,0
TF,SB,27.740000,102.165000,0, ,0.0,0.0,0.0,0.0,2,13780,0,1,190,0,0,0

STAR,MUB01A,18,2
IF,MUBOP,27.214722,101.458889, ,0.0,0.0,0,0,0,0,0,0,0,0
TF,XIC30,27.559517,101.921075,0, ,0.0,0.0,0.0,0.0,2,17700,0,0,0,0,0,0
TF,SB,27.740000,102.165000,0, ,0.0,0.0,0.0,0.0,2,15750,0,0,0,0,0,0
TF,XIC,28.003333,102.183333,0, ,0.0,0.0,0.0,0.0,2,13780,0,1,205,0,0,0

STAR,MUB02A,18,2
IF,MUBOP,27.214722,101.458889, ,0.0,0.0,0,0,0,0,0,0,0,0
TF,XIC30,27.559517,101.921075,0, ,0.0,0.0,0.0,0.0,2,17700,0,0,0,0,0,0
TF,SB,27.740000,102.165000,0, ,0.0,0.0,0.0,0.0,2,15750,0,0,0,0,0,0
TF,XIC,28.003333,102.183333,0, ,0.0,0.0,0.0,0.0,2,13780,0,1,205,0,0,0
TF,UZ,28.055597,102.181708,0, ,0.0,0.0,0.0,0.0,2,13780,0,1,205,0,0,0

STAR,MUB11A,36,2
IF,MUBOP,27.214722,101.458889, ,0.0,0.0,0,0,0,0,0,0,0,0
TF,XIC30,27.559517,101.921075,0, ,0.0,0.0,0.0,0.0,2,17700,0,0,0,0,0,0
TF,SB,27.740000,102.165000,0, ,0.0,0.0,0.0,0.0,2,13780,0,1,190,0,0,0

APPTR,D18,18,XIC1
IF,XIC,28.003333,102.183333, ,0.0,0.0,2,13780,0,1,205,0,1,0
FD,XIC,28.003333,102.183333,0,XIC,0.0,20.7,12.0,20.7,2,13290,0,0,0,0,0,0
CF,FD18,28.349208,102.176508,1,XIC,360.0,20.7,180.0,1.0,2,12800,0,0,0,0,0,0

APPTR,D18,18,XIC2
IF,XIC,28.003333,102.183333, ,0.0,0.0,2,13780,0,1,205,0,1,0
FD,XIC,28.003333,102.183333,0,XIC,0.0,20.7,6.0,20.7,2,13290,0,0,0,0,0,0
CF,FD18,28.349208,102.176508,1,XIC,360.0,20.7,180.0,1.0,2,12800,0,0,0,0,0,0

FINAL,D18,18,D,4
IF,FD18,28.349208,102.176508,XIC,360.0,20.7,2,12800,0,0,0,0,2,0
CF,VOR11,28.187133,102.179711,0,XIC,360.0,11.0,180.0,9.7,2,9190,0,0,0,0,0,0
CF,79VOR,28.135336,102.180733,0,XIC,360.0,7.9,180.0,3.1,2,8040,0,0,0,0,0,0
CF,MD18,28.086878,102.181689,0,XIC,360.0,5.0,180.0,2.9,1,6977,0,0,0,0,3,0
CF,XIC,28.003333,102.183333,0,XIC,0.0,0.0,180.0,5.0,0,0,0,0,0,0,0,0
CD, ,0,0,0,XIC,0,0.0,180.0,12.0,0,0,0,0,0,0,0,0
DF,XIC,28.003333,102.183333,1, ,0.0,0.0,2,13780,0,1,205,0,0,0
HM,XIC,28.003333,102.183333,1, ,0.0,0.0,12.0,04.3,2,13780,0,1,205,0,0,0,0

APPTR,D36,36,SB
IF,SB,27.740000,102.165000, ,0.0,0.0,2,13780,0,1,190,0,1,0
CR,0,XIC,200.0,240.0,0,0,0,0,0,0,0,0
CF,D030V,27.642436,102.104281,1,XIC,192.0,22.0,30.0,1.0,2,11650,0,0,0,0,0,0
CF,D030T,27.676453,102.125436,0,XIC,190.0,19.8,30.0,2.3,2,10830,0,0,0,0,0,0
CF,D030R,27.709394,102.145939,0,XIC,187.5,17.7,30.0,2.3,2,10010,0,0,0,0,0,0
CF,CF36,27.782864,102.191989,0,XIC,179.0,13.2,30.0,5.0,2,8210,0,0,0,0,1,0

FINAL,D36,36,D,3
IF,CF36,27.782864,102.191989,XIC,179.0,13.2,2,8210,0,0,0,0,0,0
CF,FF36,27.829631,102.190156,0,XIC,179.0,10.4,359.0,2.8,2,7880,0,0,0,0,2,0
CF,MD36,27.913142,102.186878,0,XIC,179.0,5.4,359.0,5.0,1,6259,0,0,0,0,3,0
CF,XIC,28.003333,102.183333,0,XIC,0.0,0.0,359.0,5.4,0,0,0,0,0,0,0,0
FD,XIC,28.003333,102.183333,0,XIC,0.0,20.0,359.0,20.0,0,0,0,0,0,0,0,0
DF,XIC,28.003333,102.183333,2, ,0.0,0.0,0,0,0,1,190,0,0,0
TF,SB,27.740000,102.165000,0, ,0.0,0.0,0.0,0.0,1,13780,0,0,0,0,0,0

APPTR,I36,36,SB
IF,SB,27.740000,102.165000, ,0.0,0.0,2,13780,0,1,190,0,1,0
CR,0,XIC,200.0,240.0,0,0,0,0,0,0,0,0
CF,D030V,27.642436,102.104281,1,XIC,192.0,22.0,30.0,1.0,2,11650,0,0,0,0,0,0
CF,D030T,27.676453,102.125436,0,XIC,190.0,19.8,30.0,2.3,2,10830,0,0,0,0,1,0
CF,D030R,27.709394,102.145939,0,XIC,187.5,17.7,30.0,2.3,2,10010,0,0,0,0,0,0
CF,CI36,27.782092,102.192033,0,IGO,179.1,13.5,30.0,5.0,2,8210,0,0,0,0,1,0

FINAL,I36,36,I,3
IF,CI36,27.782092,102.192033,IGO,179.1,13.5,2,8210,0,0,0,0,0,0
CF,FI36,27.828861,102.190286,0,IGO,179.1,10.7,359.0,2.8,1,7880,0,0,0,0,2,0
CF,RW36,27.972706,102.184928,0,IGO,179.1,2.1,359.0,8.6,1,5123,0,0,0,0,3,0
CD, ,0,0,0,XIC,0,0.0,360.0,20.0,0,0,0,0,0,0,0,0
DF,XIC,28.003333,102.183333,2, ,0.0,0.0,0,0,0,1,190,0,0,0
CF,SB,27.740000,102.165000,0,XIC,184.5,15.8,184.0,15.8,1,13780,0,0,0,0,0,0

APPTR,Q18,18,UZ1
IF,UZ,28.055597,102.181708, ,0.0,0.0,2,13780,0,1,205,0,1,0
FD,UZ,28.055597,102.181708,0,XIC,359.4,20.7,13.0,20.7,2,13290,0,0,0,0,0,0
CF,FQ18,28.349064,102.170122,1,XIC,359.1,20.7,179.0,1.0,2,12800,0,0,0,0,0,0

APPTR,Q18,18,UZ2
IF,UZ,28.055597,102.181708, ,0.0,0.0,2,13780,0,1,205,0,1,0
FD,UZ,28.055597,102.181708,0,XIC,359.4,20.7,6.0,20.7,2,13290,0,0,0,0,0,0
CF,FQ18,28.349064,102.170122,1,XIC,359.1,20.7,179.0,1.0,2,12800,0,0,0,0,0,0

FINAL,Q18,18,N,4
IF,FQ18,28.349064,102.170122,UZ,0.0,0.0,2,12800,0,0,0,0,2,0
CF,VO211,28.187064,102.176525,0,UZ,0.0,0.0,179.0,9.7,2,9190,0,0,0,0,0,0
CF,79VO2,28.135289,102.178567,0,UZ,0.0,0.0,179.0,3.1,2,8040,0,0,0,0,0,0
CF,MQ18,28.086853,102.180475,0,XIC,0.0,5.0,179.0,2.9,1,6977,0,0,0,0,3,0
CF,UZ,28.055597,102.181708,0,XIC,359.4,3.1,179.0,1.9,0,0,0,0,0,0,0,0
FD,UZ,28.055597,102.181708,0,XIC,359.4,12.0,179.0,12.0,0,0,0,0,0,0,0,0
DF,XIC,28.003333,102.183333,1, ,0.0,0.0,2,13780,0,1,205,0,0,0
HM,XIC,28.003333,102.183333,1, ,0.0,0.0,12.0,04.3,2,13780,0,1,205,0,0,0,0

APPTR,Q36,36,SB
IF,SB,27.740000,102.165000, ,0.0,0.0,2,13780,0,1,190,0,1,0
CR,0,XIC,200.0,240.0,0,0,0,0,0,0,0,0
CF,D030V,27.642436,102.104281,1,XIC,192.0,22.0,30.0,1.0,2,11650,0,0,0,0,0,0
CF,D030T,27.676453,102.125436,0,XIC,190.0,19.8,30.0,2.3,2,10830,0,0,0,0,0,0
CF,D030R,27.709394,102.145939,0,XIC,187.5,17.7,30.0,2.3,2,10010,0,0,0,0,0,0
CF,CF36,27.782864,102.191989,0,XIC,179.0,13.2,30.0,5.0,2,8210,0,0,0,0,1,0

FINAL,Q36,36,N,3
IF,CF36,27.782864,102.191989,GO,0.0,0.0,2,8210,0,0,0,0,0,0
CF,FF36,27.829631,102.190156,0,GO,0.0,0.0,359.0,2.8,2,7880,0,0,0,0,2,0
CF,GO,27.919144,102.187031,0,XIC,0.0,5.0,359.0,5.4,1,6145,0,0,0,0,3,0
CF,XIC,28.003333,102.183333,0,XIC,0.0,0.0,359.0,5.0,0,0,0,0,0,0,0,0
FD,XIC,28.003333,102.183333,0,XIC,0.0,20.0,359.0,20.0,0,0,0,0,0,0,0,0
DF,GO,27.919144,102.187031,2, ,0.0,0.0,0,0,0,1,190,0,0,0
TF,SB,27.740000,102.165000,0, ,0.0,0.0,0.0,0.0,1,13780,0,0,0,0,0,0

