SID,VID01D,11,2
CA,0,108.0,2,5990,0,0,0,0,0,0
CI,0, ,0.0,44.0,0,0,0,0,0,0,0,0
IF,HTN,37.036667,79.868333, ,0.0,0.0,0,0,0,0,0,0,0,0
TF,VIDUT,37.746667,83.367222,0, ,0.0,0.0,0.0,0.0,0,0,0,0,0,0,0,0

SID,VID09D,11,5
CA,0,108.0,2,5910,0,0,0,0,0,0
DF,TN632,37.157778,80.432222,1, ,0.0,0.0,2,9850,0,1,250,0,0,0
TF,VIDUT,37.746667,83.367222,0, ,0.0,0.0,0.0,0.0,0,0,0,0,0,0,0,0

SID,VID11D,29,2
CA,0,288.0,2,5990,0,0,0,0,0,0
DF,HTN,37.036667,79.868333,2, ,0.0,0.0,0,0,0,0,0,0,0,0
TF,VIDUT,37.746667,83.367222,0, ,0.0,0.0,0.0,0.0,0,0,0,0,0,0,0,0

SID,VID12D,29,2
CA,0,288.0,2,5990,0,0,0,0,0,0
DF,R,37.028842,79.896531,2, ,0.0,0.0,0,0,0,0,0,0,0,0
TF,IRB30,37.156667,80.485000,0, ,0.0,0.0,0.0,0.0,0,0,0,0,0,0,0,0
TF,VIDUT,37.746667,83.367222,0, ,0.0,0.0,0.0,0.0,0,0,0,0,0,0,0,0

SID,VID19D,29,5
CA,0,288.0,2,5910,0,0,0,0,0,0
DF,TN632,37.157778,80.432222,2, ,0.0,0.0,2,9850,0,1,250,0,0,0
TF,VIDUT,37.746667,83.367222,0, ,0.0,0.0,0.0,0.0,0,0,0,0,0,0,0,0

STAR,VID01A,11,2
IF,VIDUT,37.746667,83.367222, ,0.0,0.0,0,0,0,0,0,0,0,0
TF,D074P,37.106808,80.189844,0, ,0.0,0.0,0.0,0.0,2,11570,0,0,0,0,0,0
TF,HTN,37.036667,79.868333,0, ,0.0,0.0,0.0,0.0,2,7570,0,1,205,0,0,0

STAR,VID11A,29,2
IF,VIDUT,37.746667,83.367222, ,0.0,0.0,0,0,0,0,0,0,0,0
TF,HTN28,37.158844,80.431367,0, ,0.0,0.0,0.0,0.0,2,11570,0,0,0,0,0,0
TF,D074P,37.106808,80.189844,0, ,0.0,0.0,0.0,0.0,2,8610,0,1,205,0,0,0

STAR,VID12A,29,2
IF,VIDUT,37.746667,83.367222, ,0.0,0.0,0,0,0,0,0,0,0,0
TF,IRB30,37.156667,80.485000,0, ,0.0,0.0,0.0,0.0,2,11570,0,0,0,0,0,0
TF,D073P,37.095381,80.200936,0, ,0.0,0.0,0.0,0.0,2,8610,0,1,205,0,0,0

APPTR,D11,11,HTN1
IF,HTN,37.036667,79.868333, ,0.0,0.0,2,7570,0,1,205,0,1,0
FD,HTN,37.036667,79.868333,0,HTN,0.0,9.0,317.0,9.0,2,6590,0,0,0,0,0,0
CF,CD11,37.097631,79.697044,1,HTN,292.0,9.0,112.0,1.0,2,6590,0,0,0,0,1,0

APPTR,D11,11,HTN2
IF,HTN,37.036667,79.868333, ,0.0,0.0,2,7570,0,1,205,0,1,0
FD,HTN,37.036667,79.868333,0,HTN,0.0,9.0,304.0,9.0,2,6590,0,0,0,0,0,0
CF,CD11,37.097631,79.697044,1,HTN,292.0,9.0,112.0,1.0,2,6590,0,0,0,0,1,0

FINAL,D11,11,D,3
IF,CD11,37.097631,79.697044,HTN,292.0,9.0,2,6590,0,0,0,0,0,0
CF,FD11,37.071919,79.769400,0,HTN,292.0,5.2,112.0,3.8,2,5930,0,0,0,0,2,0
CF,MD11,37.051592,79.826486,0,HTN,292.0,2.2,112.0,3.0,1,5013,0,0,0,0,3,0
CF,HTN,37.036667,79.868333,0,HTN,0.0,0.0,112.0,2.2,0,0,0,0,0,0,0,0
FD,HTN,37.036667,79.868333,0,HTN,0.0,4.0,112.0,4.0,0,0,0,0,0,0,0,0
DF,HTN,37.036667,79.868333,1, ,0.0,0.0,1,7570,0,1,205,0,0,0

APPTR,D29,29,D074P
IF,D074P,37.106808,80.189844, ,0.0,0.0,2,8610,0,1,205,0,1,0
TF,CD29,36.996519,80.042328,0, ,0.0,0.0,0.0,0.0,2,6640,0,0,0,0,1,0

FINAL,D29,29,D,3
IF,CD29,36.996519,80.042328,HTN,104.0,8.7,2,6640,0,0,0,0,0,0
CF,FD29,37.015008,79.962353,0,HTN,104.0,4.7,284.0,4.0,2,5990,0,0,0,0,2,0
CF,MD29,37.031142,79.892342,0,HTN,104.0,1.2,284.0,3.5,1,4896,0,0,0,0,3,0
CF,HTN,37.036667,79.868333,0,HTN,0.0,0.0,284.0,1.2,0,0,0,0,0,0,0,0
FD,HTN,37.036667,79.868333,0,HTN,0.0,4.0,284.0,4.0,0,0,0,0,0,0,0,0
DF,HTN,37.036667,79.868333,2, ,0.0,0.0,1,7630,0,1,205,0,0,0

APPTR,I29,29,D074P
IF,D074P,37.106808,80.189844, ,0.0,0.0,2,8610,0,1,205,0,1,0
FC,D074P,37.106808,80.189844,0,HTN,0.0,0.0,225.0,6.2,0,0,0,0,0,0,0,0
CF,CI29,36.986536,80.039425,0,IRB,108.2,10.0,225.0,4.0,2,6640,0,0,0,0,1,0

FINAL,I29,29,I,3
IF,CI29,36.986536,80.039425,IRB,108.2,10.0,2,6640,0,0,0,0,0,0
CF,FI29,36.998736,79.998247,0,IRB,108.2,7.9,288.0,2.1,1,6640,0,0,0,0,2,0
CF,RW29,37.033467,79.880689,0,IRB,108.2,1.9,288.0,6.0,1,4720,0,0,0,0,3,0
FD,RW29,37.033467,79.880689,0,HTN,105.9,4.0,288.0,4.0,0,0,0,0,0,0,0,0
DF,HTN,37.036667,79.868333,2, ,0.0,0.0,1,7630,0,1,205,0,0,0

APPTR,Q29-Y,29,D073P
IF,D073P,37.095381,80.200936, ,0.0,0.0,2,8610,0,1,205,0,1,0
TF,CQ29Y,36.985828,80.043531,0, ,0.0,0.0,0.0,0.0,2,6640,0,0,0,0,1,0

FINAL,Q29-Y,29,N,3
IF,CQ29Y,36.985828,80.043531,R,0.0,0.0,2,6640,0,0,0,0,0,0
CF,FQ29Y,37.009872,79.961450,0,R,0.0,0.0,288.0,4.2,2,5990,0,0,0,0,2,0
CF,R,37.028842,79.896531,0,IRB,0.0,0.0,288.0,3.3,1,4978,0,0,0,0,3,0
FD,R,37.028842,79.896531,0,IRB,0.0,3.0,288.0,3.0,0,0,0,0,0,0,0,0
DF,R,37.028842,79.896531,2, ,0.0,0.0,2,7630,0,1,205,0,0,0

APPTR,Q29-Z,29,D074P
IF,D074P,37.106808,80.189844, ,0.0,0.0,2,8610,0,1,205,0,1,0
TF,CQ29Z,36.987261,80.038647,0, ,0.0,0.0,0.0,0.0,2,6640,0,0,0,0,1,0

FINAL,Q29-Z,29,N,3
IF,CQ29Z,36.987261,80.038647,R,0.0,0.0,2,6640,0,0,0,0,0,0
CF,FQ29Z,37.010158,79.960472,0,R,0.0,0.0,288.0,4.0,2,5990,0,0,0,0,2,0
CF,R,37.028842,79.896531,0,HTN,0.0,1.4,288.0,3.3,1,4966,0,0,0,0,3,0
FD,R,37.028842,79.896531,0,HTN,107.1,4.0,288.0,4.0,0,0,0,0,0,0,0,0
DF,R,37.028842,79.896531,2, ,0.0,0.0,1,7630,0,1,205,0,0,0

