SID,BUB01D,05,2
CA,0,49.0,2,1480,0,0,0,0,0,0
CI,0, ,0.0,350.0,0,0,0,0,0,0,0,0
CF,BUBDI,46.498889,126.453056,0,HRB,18.7,52.9,20.0,49.0,0,0,0,0,0,0,0,0

SID,BUB08D,05,5
CA,0,49.0,2,1480,0,0,0,0,0,0
DF,GUXEN,45.848889,126.515833,0, ,0.0,0.0,3,5910,0,0,0,0,0,0
TF,SULTI,46.305278,126.613056,0, ,0.0,0.0,0.0,0.0,0,0,0,0,0,0,0,0
TF,BUBDI,46.498889,126.453056,0, ,0.0,0.0,0.0,0.0,0,0,0,0,0,0,0,0

SID,BUB09D,05,5
CA,0,49.0,2,1480,0,0,0,0,0,0
DF,HB508,45.750472,126.199778,1, ,0.0,0.0,0,0,0,1,230,0,0,0
TF,HB551,45.789944,126.029917,0, ,0.0,0.0,0.0,0.0,0,0,0,0,0,0,0,0
TF,IGDOS,45.726944,125.559722,0, ,0.0,0.0,0.0,0.0,0,0,0,0,0,0,0,0
TF,MIBAG,46.001944,125.448611,0, ,0.0,0.0,0.0,0.0,2,16700,0,0,0,0,0,0
TF,BUBDI,46.498889,126.453056,0, ,0.0,0.0,0.0,0.0,0,0,0,0,0,0,0,0

SID,BUB11D,23,2
CA,0,229.0,2,1650,0,0,0,0,0,0
DF,HRB,45.626667,126.260000,2, ,0.0,0.0,0,0,0,0,0,0,0,0
TF,BUBDI,46.498889,126.453056,0, ,0.0,0.0,0.0,0.0,0,0,0,0,0,0,0,0

SID,BUB18D,23,5
CF,LS,45.450000,126.045000,0,HRB,230.6,14.0,229.0,13.0,0,0,0,0,0,0,0,0
TF,HB509,45.591139,125.798639,0, ,0.0,0.0,0.0,0.0,3,5910,0,0,0,0,0,0
TF,HB652,45.771778,126.008694,0, ,0.0,0.0,0.0,0.0,2,8860,0,0,0,0,0,0
TF,HB603,45.835250,126.299417,0, ,0.0,0.0,0.0,0.0,2,11800,0,0,0,0,0,0
TF,BUBDI,46.498889,126.453056,0, ,0.0,0.0,0.0,0.0,0,0,0,0,0,0,0,0

SID,BUB19D,23,5
CF,LS,45.450000,126.045000,0,HRB,230.6,14.0,229.0,13.0,0,0,0,0,0,0,0,0
TF,HB509,45.591139,125.798639,0, ,0.0,0.0,0.0,0.0,3,5910,0,0,0,0,0,0
TF,IGDOS,45.726944,125.559722,0, ,0.0,0.0,0.0,0.0,0,0,0,0,0,0,0,0
TF,MIBAG,46.001944,125.448611,0, ,0.0,0.0,0.0,0.0,2,16700,0,0,0,0,0,0
TF,BUBDI,46.498889,126.453056,0, ,0.0,0.0,0.0,0.0,0,0,0,0,0,0,0,0

SID,DUK01D,05,2
CA,0,49.0,2,1480,0,0,0,0,0,0
DF,LS,45.450000,126.045000,1, ,0.0,0.0,0,0,0,0,0,0,0,0
TF,PUMUP,44.743611,125.943889,0, ,0.0,0.0,0.0,0.0,0,0,0,0,0,0,0,0
TF,DUKIR,44.532222,125.897500,0, ,0.0,0.0,0.0,0.0,0,0,0,0,0,0,0,0

SID,DUK09D,05,5
CA,0,49.0,2,1480,0,0,0,0,0,0
DF,HB508,45.750472,126.199778,1, ,0.0,0.0,0,0,0,1,230,0,0,0
TF,HB551,45.789944,126.029917,0, ,0.0,0.0,0.0,0.0,0,0,0,0,0,0,0,0
TF,HB552,45.668667,125.888583,0, ,0.0,0.0,0.0,0.0,2,8860,0,0,0,0,0,0
TF,HB509,45.591139,125.798639,0, ,0.0,0.0,0.0,0.0,0,0,0,0,0,0,0,0
TF,BIKOB,45.425833,125.608056,0, ,0.0,0.0,0.0,0.0,0,0,0,0,0,0,0,0
TF,HB452,45.303778,125.668750,0, ,0.0,0.0,0.0,0.0,2,16700,0,0,0,0,0,0
TF,DUBAM,44.958889,125.838889,0, ,0.0,0.0,0.0,0.0,0,0,0,0,0,0,0,0
TF,PUMUP,44.743611,125.943889,0, ,0.0,0.0,0.0,0.0,0,0,0,0,0,0,0,0
TF,DUKIR,44.532222,125.897500,0, ,0.0,0.0,0.0,0.0,0,0,0,0,0,0,0,0

SID,DUK11D,23,2
CF,LS,45.450000,126.045000,0,HRB,230.6,14.0,229.0,13.0,2,3940,0,0,0,0,0,0
TF,PUMUP,44.743611,125.943889,0, ,0.0,0.0,0.0,0.0,0,0,0,0,0,0,0,0
TF,DUKIR,44.532222,125.897500,0, ,0.0,0.0,0.0,0.0,0,0,0,0,0,0,0,0

SID,DUK19D,23,5
CF,HB453,45.511889,126.119833,0,HRB,230.7,9.1,229.0,8.0,0,0,0,0,0,0,0,0
TF,LS,45.450000,126.045000,0, ,0.0,0.0,0.0,0.0,0,0,0,0,0,0,0,0
TF,HB503,45.365361,125.949639,0, ,0.0,0.0,0.0,0.0,2,5910,0,0,0,0,0,0
TF,HB518,45.257389,125.948611,0, ,0.0,0.0,0.0,0.0,2,7880,0,0,0,0,0,0
TF,PUMUP,44.743611,125.943889,0, ,0.0,0.0,0.0,0.0,0,0,0,0,0,0,0,0
TF,DUKIR,44.532222,125.897500,0, ,0.0,0.0,0.0,0.0,0,0,0,0,0,0,0,0

SID,IGA01D,05,2
CA,0,49.0,2,1480,0,0,0,0,0,0
DF,HRB,45.626667,126.260000,1, ,0.0,0.0,0,0,0,0,0,0,0,0
TF,IGADO,45.963333,127.412222,0, ,0.0,0.0,0.0,0.0,0,0,0,0,0,0,0,0

SID,IGA08D,05,5
CA,0,49.0,2,1480,0,0,0,0,0,0
DF,GUXEN,45.848889,126.515833,0, ,0.0,0.0,3,5910,0,0,0,0,0,0
TF,TOGEP,46.022222,127.104167,0, ,0.0,0.0,0.0,0.0,0,0,0,0,0,0,0,0
TF,IGADO,45.963333,127.412222,0, ,0.0,0.0,0.0,0.0,0,0,0,0,0,0,0,0

SID,IGA09D,05,5
CA,0,49.0,2,1480,0,0,0,0,0,0
DF,HB508,45.750472,126.199778,1, ,0.0,0.0,0,0,0,1,230,0,0,0
TF,HB551,45.789944,126.029917,0, ,0.0,0.0,0.0,0.0,0,0,0,0,0,0,0,0
TF,HB552,45.668667,125.888583,0, ,0.0,0.0,0.0,0.0,2,8860,0,0,0,0,0,0
TF,HB604,45.594722,126.017750,0, ,0.0,0.0,0.0,0.0,0,0,0,0,0,0,0,0
TF,HRB,45.626667,126.260000,0, ,0.0,0.0,0.0,0.0,2,12800,0,0,0,0,0,0
TF,HB402,45.802167,126.850806,0, ,0.0,0.0,0.0,0.0,0,0,0,0,0,0,0,0
TF,IGADO,45.963333,127.412222,0, ,0.0,0.0,0.0,0.0,0,0,0,0,0,0,0,0

SID,IGA11D,23,2
CA,0,229.0,2,1650,0,0,0,0,0,0
DF,HRB,45.626667,126.260000,2, ,0.0,0.0,0,0,0,0,0,0,0,0
TF,IGADO,45.963333,127.412222,0, ,0.0,0.0,0.0,0.0,0,0,0,0,0,0,0,0

SID,IGA18D,23,5
CF,HB651,45.576056,126.194750,0,HRB,232.2,4.1,229.0,3.0,0,0,0,0,0,0,0,1
DF,VETEX,45.579167,126.613889,1, ,0.0,0.0,0,0,0,0,0,0,0,0
TF,SAREV,45.774167,127.252500,0, ,0.0,0.0,0.0,0.0,0,0,0,0,0,0,0,0
TF,IGADO,45.963333,127.412222,0, ,0.0,0.0,0.0,0.0,0,0,0,0,0,0,0,0

SID,IGA19D,23,5
CF,LS,45.450000,126.045000,0,HRB,230.6,14.0,229.0,13.0,0,0,0,0,0,0,0,0
TF,HB509,45.591139,125.798639,0, ,0.0,0.0,0.0,0.0,3,5910,0,0,0,0,0,0
TF,HB652,45.771778,126.008694,0, ,0.0,0.0,0.0,0.0,2,8860,0,0,0,0,0,0
TF,HB507,45.697694,126.137944,0, ,0.0,0.0,0.0,0.0,2,11800,0,0,0,0,0,0
TF,HRB,45.626667,126.260000,0, ,0.0,0.0,0.0,0.0,2,12800,0,0,0,0,0,0
TF,HB402,45.802167,126.850806,0, ,0.0,0.0,0.0,0.0,0,0,0,0,0,0,0,0
TF,IGADO,45.963333,127.412222,0, ,0.0,0.0,0.0,0.0,0,0,0,0,0,0,0,0

SID,IGP01D,05,2
CA,0,49.0,2,1480,0,0,0,0,0,0
DF,LS,45.450000,126.045000,1, ,0.0,0.0,0,0,0,0,0,0,0,0
TF,LEGAG,44.870833,124.927778,0, ,0.0,0.0,0.0,0.0,0,0,0,0,0,0,0,0
TF,IGPUP,44.578611,124.350833,0, ,0.0,0.0,0.0,0.0,0,0,0,0,0,0,0,0

SID,IGP09D,05,5
CA,0,49.0,2,1480,0,0,0,0,0,0
DF,HB508,45.750472,126.199778,1, ,0.0,0.0,0,0,0,1,230,0,0,0
TF,HB551,45.789944,126.029917,0, ,0.0,0.0,0.0,0.0,0,0,0,0,0,0,0,0
TF,IGDOS,45.726944,125.559722,0, ,0.0,0.0,0.0,0.0,0,0,0,0,0,0,0,0
TF,HB451,45.293472,125.368139,0, ,0.0,0.0,0.0,0.0,2,17700,0,0,0,0,0,0
TF,DUBIK,45.033611,125.254722,0, ,0.0,0.0,0.0,0.0,0,0,0,0,0,0,0,0
TF,LEGAG,44.870833,124.927778,0, ,0.0,0.0,0.0,0.0,0,0,0,0,0,0,0,0
TF,IGPUP,44.578611,124.350833,0, ,0.0,0.0,0.0,0.0,0,0,0,0,0,0,0,0

SID,IGP11D,23,2
CF,LS,45.450000,126.045000,0,HRB,230.6,14.0,229.0,13.0,2,3940,0,0,0,0,0,0
TF,DUBIK,45.033611,125.254722,0, ,0.0,0.0,0.0,0.0,0,0,0,0,0,0,0,0
TF,LEGAG,44.870833,124.927778,0, ,0.0,0.0,0.0,0.0,0,0,0,0,0,0,0,0
TF,IGPUP,44.578611,124.350833,0, ,0.0,0.0,0.0,0.0,0,0,0,0,0,0,0,0

SID,IGP19D,23,5
CF,HB453,45.511889,126.119833,0,HRB,230.7,9.1,229.0,8.0,0,0,0,0,0,0,0,0
TF,LS,45.450000,126.045000,0, ,0.0,0.0,0.0,0.0,0,0,0,0,0,0,0,0
TF,HB503,45.365361,125.949639,0, ,0.0,0.0,0.0,0.0,2,5910,0,0,0,0,0,0
TF,HB504,45.278167,125.848917,0, ,0.0,0.0,0.0,0.0,2,7880,0,0,0,0,0,0
TF,EMVIG,45.098333,125.642500,0, ,0.0,0.0,0.0,0.0,2,11800,0,0,0,0,0,0
TF,DUBIK,45.033611,125.254722,0, ,0.0,0.0,0.0,0.0,0,0,0,0,0,0,0,0
TF,LEGAG,44.870833,124.927778,0, ,0.0,0.0,0.0,0.0,0,0,0,0,0,0,0,0
TF,IGPUP,44.578611,124.350833,0, ,0.0,0.0,0.0,0.0,0,0,0,0,0,0,0,0

SID,KET01D,05,2
CA,0,49.0,2,1480,0,0,0,0,0,0
DF,HRB,45.626667,126.260000,1, ,0.0,0.0,0,0,0,0,0,0,0,0
TF,KETOV,45.029444,127.176944,0, ,0.0,0.0,0.0,0.0,0,0,0,0,0,0,0,0

SID,KET08D,05,5
CA,0,49.0,2,1480,0,0,0,0,0,0
DF,VETEX,45.579167,126.613889,2, ,0.0,0.0,0,0,0,0,0,0,0,0
TF,NOKUV,45.249444,127.107778,0, ,0.0,0.0,0.0,0.0,0,0,0,0,0,0,0,0
TF,KETOV,45.029444,127.176944,0, ,0.0,0.0,0.0,0.0,0,0,0,0,0,0,0,0

SID,KET09D,05,5
CA,0,49.0,2,1480,0,0,0,0,0,0
DF,HB508,45.750472,126.199778,1, ,0.0,0.0,0,0,0,1,230,0,0,0
TF,HB551,45.789944,126.029917,0, ,0.0,0.0,0.0,0.0,0,0,0,0,0,0,0,0
TF,HB552,45.668667,125.888583,0, ,0.0,0.0,0.0,0.0,2,8860,0,0,0,0,0,0
TF,HB604,45.594722,126.017750,0, ,0.0,0.0,0.0,0.0,0,0,0,0,0,0,0,0
TF,HRB,45.626667,126.260000,0, ,0.0,0.0,0.0,0.0,2,12800,0,0,0,0,0,0
TF,HB401,45.452806,126.532472,0, ,0.0,0.0,0.0,0.0,0,0,0,0,0,0,0,0
TF,KETOV,45.029444,127.176944,0, ,0.0,0.0,0.0,0.0,0,0,0,0,0,0,0,0

SID,KET11D,23,2
CA,0,229.0,2,1650,0,0,0,0,0,0
DF,HRB,45.626667,126.260000,2, ,0.0,0.0,0,0,0,0,0,0,0,0
TF,KETOV,45.029444,127.176944,0, ,0.0,0.0,0.0,0.0,0,0,0,0,0,0,0,0

SID,KET18D,23,5
CF,HB651,45.576056,126.194750,0,HRB,232.2,4.1,229.0,3.0,0,0,0,0,0,0,0,1
DF,IDIMO,45.318611,126.456667,1, ,0.0,0.0,0,0,0,0,0,0,0,0
TF,UKDIN,45.053889,126.865278,0, ,0.0,0.0,0.0,0.0,0,0,0,0,0,0,0,0
TF,KETOV,45.029444,127.176944,0, ,0.0,0.0,0.0,0.0,0,0,0,0,0,0,0,0

SID,KET19D,23,5
CF,LS,45.450000,126.045000,0,HRB,230.6,14.0,229.0,13.0,0,0,0,0,0,0,0,0
TF,HB509,45.591139,125.798639,0, ,0.0,0.0,0.0,0.0,3,5910,0,0,0,0,0,0
TF,HB652,45.771778,126.008694,0, ,0.0,0.0,0.0,0.0,2,8860,0,0,0,0,0,0
TF,HB507,45.697694,126.137944,0, ,0.0,0.0,0.0,0.0,2,11800,0,0,0,0,0,0
TF,HRB,45.626667,126.260000,0, ,0.0,0.0,0.0,0.0,2,12800,0,0,0,0,0,0
TF,HB401,45.452806,126.532472,0, ,0.0,0.0,0.0,0.0,0,0,0,0,0,0,0,0
TF,KETOV,45.029444,127.176944,0, ,0.0,0.0,0.0,0.0,0,0,0,0,0,0,0,0

SID,ONI01D,05,2
CA,0,49.0,2,1480,0,0,0,0,0,0
CI,1, ,0.0,265.0,0,0,0,0,0,0,0,0
CF,ONINA,46.271389,125.335833,0,HRB,325.4,54.7,325.0,50.0,0,0,0,0,0,0,0,0

SID,ONI08D,05,5
CA,0,49.0,2,1480,0,0,0,0,0,0
DF,HB508,45.750472,126.199778,1, ,0.0,0.0,0,0,0,1,230,0,0,0
TF,HB551,45.789944,126.029917,0, ,0.0,0.0,0.0,0.0,0,0,0,0,0,0,0,0
TF,ONINA,46.271389,125.335833,0, ,0.0,0.0,0.0,0.0,0,0,0,0,0,0,0,0

SID,ONI09D,05,5
CA,0,49.0,2,1480,0,0,0,0,0,0
DF,HB508,45.750472,126.199778,1, ,0.0,0.0,0,0,0,1,230,0,0,0
TF,HB551,45.789944,126.029917,0, ,0.0,0.0,0.0,0.0,0,0,0,0,0,0,0,0
TF,IGDOS,45.726944,125.559722,0, ,0.0,0.0,0.0,0.0,0,0,0,0,0,0,0,0
TF,MIBAG,46.001944,125.448611,0, ,0.0,0.0,0.0,0.0,2,16700,0,0,0,0,0,0
TF,ONINA,46.271389,125.335833,0, ,0.0,0.0,0.0,0.0,0,0,0,0,0,0,0,0

SID,ONI11D,23,2
CA,0,229.0,2,1650,0,0,0,0,0,0
CI,2, ,0.0,10.0,0,0,0,0,0,0,0,0
CF,ONINA,46.271389,125.335833,0,HRB,325.4,54.7,325.0,49.0,0,0,0,0,0,0,0,0

SID,ONI19D,23,5
CF,LS,45.450000,126.045000,0,HRB,230.6,14.0,229.0,13.0,0,0,0,0,0,0,0,0
TF,HB509,45.591139,125.798639,0, ,0.0,0.0,0.0,0.0,3,5910,0,0,0,0,0,0
TF,IGDOS,45.726944,125.559722,0, ,0.0,0.0,0.0,0.0,0,0,0,0,0,0,0,0
TF,MIBAG,46.001944,125.448611,0, ,0.0,0.0,0.0,0.0,2,16700,0,0,0,0,0,0
TF,ONINA,46.271389,125.335833,0, ,0.0,0.0,0.0,0.0,0,0,0,0,0,0,0,0

STAR,BUB01A,05,2
IF,BUBDI,46.498889,126.453056, ,0.0,0.0,0,0,0,0,0,0,0,0
TF,HRB,45.626667,126.260000,0, ,0.0,0.0,0.0,0.0,2,3940,0,1,205,0,0,0

STAR,BUB08A,05,5
IF,BUBDI,46.498889,126.453056, ,0.0,0.0,0,0,0,0,0,0,0,0
TF,HB403,46.105417,126.364778,0, ,0.0,0.0,0.0,0.0,0,0,0,0,0,0,0,0
TF,HB508,45.750472,126.199778,0, ,0.0,0.0,0.0,0.0,0,0,0,0,0,0,0,0
TF,HB507,45.697694,126.137944,0, ,0.0,0.0,0.0,0.0,2,5910,0,1,230,0,0,0
TF,HB506,45.517278,125.927722,0, ,0.0,0.0,0.0,0.0,0,0,0,0,0,0,0,0
TF,HB505,45.433556,125.830806,0, ,0.0,0.0,0.0,0.0,0,0,0,0,0,0,0,0
TF,HB503,45.365361,125.949639,0, ,0.0,0.0,0.0,0.0,2,5910,0,0,0,0,0,0
TF,LS,45.450000,126.045000,0, ,0.0,0.0,0.0,0.0,2,3940,0,1,230,0,0,0

STAR,BUB09A,05,5
IF,BUBDI,46.498889,126.453056, ,0.0,0.0,0,0,0,0,0,0,0,0
TF,MIBAG,46.001944,125.448611,0, ,0.0,0.0,0.0,0.0,2,16700,0,0,0,0,0,0
TF,IGDOS,45.726944,125.559722,0, ,0.0,0.0,0.0,0.0,0,0,0,0,0,0,0,0
TF,HB509,45.591139,125.798639,0, ,0.0,0.0,0.0,0.0,0,0,0,1,230,0,0,0
TF,HB506,45.517278,125.927722,0, ,0.0,0.0,0.0,0.0,0,0,0,0,0,0,0,0
TF,HB505,45.433556,125.830806,0, ,0.0,0.0,0.0,0.0,0,0,0,0,0,0,0,0
TF,HB503,45.365361,125.949639,0, ,0.0,0.0,0.0,0.0,2,5910,0,0,0,0,0,0
TF,LS,45.450000,126.045000,0, ,0.0,0.0,0.0,0.0,2,3940,0,1,230,0,0,0

STAR,BUB11A,23,2
IF,BUBDI,46.498889,126.453056, ,0.0,0.0,0,0,0,0,0,0,0,0
TF,HRB,45.626667,126.260000,0, ,0.0,0.0,0.0,0.0,2,3940,0,1,205,0,0,0

STAR,BUB18A,23,5
IF,BUBDI,46.498889,126.453056, ,0.0,0.0,0,0,0,0,0,0,0,0
TF,SULTI,46.305278,126.613056,0, ,0.0,0.0,0.0,0.0,0,0,0,0,0,0,0,0
TF,GUXEN,45.848889,126.515833,0, ,0.0,0.0,0.0,0.0,2,2960,0,1,230,0,0,0

STAR,BUB19A,23,5
IF,BUBDI,46.498889,126.453056, ,0.0,0.0,0,0,0,0,0,0,0,0
TF,MIBAG,46.001944,125.448611,0, ,0.0,0.0,0.0,0.0,2,16700,0,0,0,0,0,0
TF,IGDOS,45.726944,125.559722,0, ,0.0,0.0,0.0,0.0,0,0,0,0,0,0,0,0
TF,HB506,45.517278,125.927722,0, ,0.0,0.0,0.0,0.0,0,0,0,0,0,0,0,0
TF,HB604,45.594722,126.017750,0, ,0.0,0.0,0.0,0.0,4,7880,6890,0,0,0,0,0
TF,HB507,45.697694,126.137944,0, ,0.0,0.0,0.0,0.0,2,2960,0,1,230,0,0,0

STAR,IGA01A,05,2
IF,IGADO,45.963333,127.412222, ,0.0,0.0,0,0,0,0,0,0,0,0
TF,HRB,45.626667,126.260000,0, ,0.0,0.0,0.0,0.0,2,3940,0,1,205,0,0,0

STAR,IGA08A,05,5
IF,IGADO,45.963333,127.412222, ,0.0,0.0,0,0,0,0,0,0,0,0
TF,HB402,45.802167,126.850806,0, ,0.0,0.0,0.0,0.0,0,0,0,0,0,0,0,0
TF,HB513,45.708278,126.529917,0, ,0.0,0.0,0.0,0.0,3,9850,0,0,0,0,0,0
TF,HB512,45.564028,126.359139,0, ,0.0,0.0,0.0,0.0,0,0,0,0,0,0,0,0
TF,HB521,45.488306,126.270444,0, ,0.0,0.0,0.0,0.0,0,0,0,0,0,0,0,0
TF,HB511,45.387639,126.152944,0, ,0.0,0.0,0.0,0.0,0,0,0,0,0,0,0,0
TF,HB510,45.304111,126.055917,0, ,0.0,0.0,0.0,0.0,0,0,0,0,0,0,0,0
TF,HB516,45.217000,125.955139,0, ,0.0,0.0,0.0,0.0,0,0,0,0,0,0,0,0
TF,HB504,45.278167,125.848917,0, ,0.0,0.0,0.0,0.0,2,7880,0,0,0,0,0,0
TF,HB503,45.365361,125.949639,0, ,0.0,0.0,0.0,0.0,2,5910,0,0,0,0,0,0
TF,LS,45.450000,126.045000,0, ,0.0,0.0,0.0,0.0,2,3940,0,1,230,0,0,0

STAR,IGA09A,05,5
IF,IGADO,45.963333,127.412222, ,0.0,0.0,0,0,0,0,0,0,0,0
TF,HB402,45.802167,126.850806,0, ,0.0,0.0,0.0,0.0,0,0,0,0,0,0,0,0
TF,HB513,45.708278,126.529917,0, ,0.0,0.0,0.0,0.0,3,9850,0,0,0,0,0,0
TF,HRB,45.626667,126.260000,0, ,0.0,0.0,0.0,0.0,0,0,0,0,0,0,0,0
TF,HB507,45.697694,126.137944,0, ,0.0,0.0,0.0,0.0,2,5910,0,1,230,0,0,0
TF,HB506,45.517278,125.927722,0, ,0.0,0.0,0.0,0.0,0,0,0,0,0,0,0,0
TF,HB505,45.433556,125.830806,0, ,0.0,0.0,0.0,0.0,0,0,0,0,0,0,0,0
TF,HB503,45.365361,125.949639,0, ,0.0,0.0,0.0,0.0,2,5910,0,0,0,0,0,0
TF,LS,45.450000,126.045000,0, ,0.0,0.0,0.0,0.0,2,3940,0,1,230,0,0,0

STAR,IGA11A,23,2
IF,IGADO,45.963333,127.412222, ,0.0,0.0,0,0,0,0,0,0,0,0
TF,HRB,45.626667,126.260000,0, ,0.0,0.0,0.0,0.0,2,3940,0,1,205,0,0,0

STAR,IGA18A,23,5
IF,IGADO,45.963333,127.412222, ,0.0,0.0,0,0,0,0,0,0,0,0
TF,TOGEP,46.022222,127.104167,0, ,0.0,0.0,0.0,0.0,0,0,0,0,0,0,0,0
TF,GUXEN,45.848889,126.515833,0, ,0.0,0.0,0.0,0.0,2,2960,0,1,230,0,0,0

STAR,IGA19A,23,5
IF,IGADO,45.963333,127.412222, ,0.0,0.0,0,0,0,0,0,0,0,0
TF,HB402,45.802167,126.850806,0, ,0.0,0.0,0.0,0.0,0,0,0,0,0,0,0,0
TF,HRB,45.626667,126.260000,0, ,0.0,0.0,0.0,0.0,0,0,0,0,0,0,0,0
TF,HB507,45.697694,126.137944,0, ,0.0,0.0,0.0,0.0,2,2960,0,1,230,0,0,0

STAR,KET01A,05,2
IF,KETOV,45.029444,127.176944, ,0.0,0.0,0,0,0,0,0,0,0,0
TF,HRB,45.626667,126.260000,0, ,0.0,0.0,0.0,0.0,2,3940,0,1,205,0,0,0

STAR,KET08A,05,5
IF,KETOV,45.029444,127.176944, ,0.0,0.0,0,0,0,0,0,0,0,0
TF,HB401,45.452806,126.532472,0, ,0.0,0.0,0.0,0.0,3,11800,0,0,0,0,0,0
TF,HB512,45.564028,126.359139,0, ,0.0,0.0,0.0,0.0,0,0,0,0,0,0,0,0
TF,HB521,45.488306,126.270444,0, ,0.0,0.0,0.0,0.0,0,0,0,0,0,0,0,0
TF,HB511,45.387639,126.152944,0, ,0.0,0.0,0.0,0.0,0,0,0,0,0,0,0,0
TF,HB510,45.304111,126.055917,0, ,0.0,0.0,0.0,0.0,0,0,0,0,0,0,0,0
TF,HB516,45.217000,125.955139,0, ,0.0,0.0,0.0,0.0,0,0,0,0,0,0,0,0
TF,HB504,45.278167,125.848917,0, ,0.0,0.0,0.0,0.0,2,7880,0,0,0,0,0,0
TF,HB503,45.365361,125.949639,0, ,0.0,0.0,0.0,0.0,2,5910,0,0,0,0,0,0
TF,LS,45.450000,126.045000,0, ,0.0,0.0,0.0,0.0,2,3940,0,1,230,0,0,0

STAR,KET09A,05,5
IF,KETOV,45.029444,127.176944, ,0.0,0.0,0,0,0,0,0,0,0,0
TF,HB401,45.452806,126.532472,0, ,0.0,0.0,0.0,0.0,3,11800,0,0,0,0,0,0
TF,HB512,45.564028,126.359139,0, ,0.0,0.0,0.0,0.0,0,0,0,0,0,0,0,0
TF,HRB,45.626667,126.260000,0, ,0.0,0.0,0.0,0.0,0,0,0,0,0,0,0,0
TF,HB507,45.697694,126.137944,0, ,0.0,0.0,0.0,0.0,2,5910,0,1,230,0,0,0
TF,HB506,45.517278,125.927722,0, ,0.0,0.0,0.0,0.0,0,0,0,0,0,0,0,0
TF,HB505,45.433556,125.830806,0, ,0.0,0.0,0.0,0.0,0,0,0,0,0,0,0,0
TF,HB503,45.365361,125.949639,0, ,0.0,0.0,0.0,0.0,2,5910,0,0,0,0,0,0
TF,LS,45.450000,126.045000,0, ,0.0,0.0,0.0,0.0,2,3940,0,1,230,0,0,0

STAR,KET11A,23,2
IF,KETOV,45.029444,127.176944, ,0.0,0.0,0,0,0,0,0,0,0,0
TF,HRB,45.626667,126.260000,0, ,0.0,0.0,0.0,0.0,2,3940,0,1,205,0,0,0

STAR,KET18A,23,5
IF,KETOV,45.029444,127.176944, ,0.0,0.0,0,0,0,0,0,0,0,0
TF,HB401,45.452806,126.532472,0, ,0.0,0.0,0.0,0.0,3,11800,0,0,0,0,0,0
TF,HB512,45.564028,126.359139,0, ,0.0,0.0,0.0,0.0,0,0,0,1,230,0,0,0
TF,HB606,45.704583,126.525528,0, ,0.0,0.0,0.0,0.0,2,2960,0,1,230,0,0,0

STAR,KET19A,23,5
IF,KETOV,45.029444,127.176944, ,0.0,0.0,0,0,0,0,0,0,0,0
TF,HB401,45.452806,126.532472,0, ,0.0,0.0,0.0,0.0,3,11800,0,0,0,0,0,0
TF,HB512,45.564028,126.359139,0, ,0.0,0.0,0.0,0.0,0,0,0,0,0,0,0,0
TF,HRB,45.626667,126.260000,0, ,0.0,0.0,0.0,0.0,0,0,0,0,0,0,0,0
TF,HB507,45.697694,126.137944,0, ,0.0,0.0,0.0,0.0,2,2960,0,1,230,0,0,0

STAR,LAR01A,05,2
IF,LARUN,44.608056,126.150278, ,0.0,0.0,0,0,0,0,0,0,0,0
TF,ONOLO,44.719444,126.175278,0, ,0.0,0.0,0.0,0.0,0,0,0,0,0,0,0,0
TF,HRB30,45.139350,126.101706,0, ,0.0,0.0,0.0,0.0,0,0,0,0,0,0,0,0
TF,LS,45.450000,126.045000,0, ,0.0,0.0,0.0,0.0,2,3940,0,1,205,0,0,0

STAR,LAR02A,05,2
IF,LARUN,44.608056,126.150278, ,0.0,0.0,0,0,0,0,0,0,0,0
TF,ONOLO,44.719444,126.175278,0, ,0.0,0.0,0.0,0.0,0,0,0,0,0,0,0,0
TF,HRB30,45.139350,126.101706,0, ,0.0,0.0,0.0,0.0,0,0,0,0,0,0,0,0
TF,LS,45.450000,126.045000,0, ,0.0,0.0,0.0,0.0,2,3940,0,0,0,0,0,0
TF,HRB,45.626667,126.260000,0, ,0.0,0.0,0.0,0.0,2,3940,0,1,205,0,0,0

STAR,LAR07A,05,5
IF,LARUN,44.608056,126.150278, ,0.0,0.0,0,0,0,0,0,0,0,0
TF,ONOLO,44.719444,126.175278,0, ,0.0,0.0,0.0,0.0,0,0,0,0,0,0,0,0
TF,HB407,44.942972,126.195611,0, ,0.0,0.0,0.0,0.0,0,0,0,0,0,0,0,0
TF,HB515,45.070917,126.207306,0, ,0.0,0.0,0.0,0.0,0,0,0,0,0,0,0,0
TF,HB516,45.217000,125.955139,0, ,0.0,0.0,0.0,0.0,0,0,0,0,0,0,0,0
TF,HB504,45.278167,125.848917,0, ,0.0,0.0,0.0,0.0,2,7880,0,0,0,0,0,0
TF,HB503,45.365361,125.949639,0, ,0.0,0.0,0.0,0.0,2,5910,0,0,0,0,0,0
TF,LS,45.450000,126.045000,0, ,0.0,0.0,0.0,0.0,2,3940,0,1,230,0,0,0

STAR,LAR08A,05,5
IF,LARUN,44.608056,126.150278, ,0.0,0.0,0,0,0,0,0,0,0,0
TF,ONOLO,44.719444,126.175278,0, ,0.0,0.0,0.0,0.0,0,0,0,0,0,0,0,0
TF,HB407,44.942972,126.195611,0, ,0.0,0.0,0.0,0.0,0,0,0,0,0,0,0,0
TF,HB515,45.070917,126.207306,0, ,0.0,0.0,0.0,0.0,0,0,0,0,0,0,0,0
TF,HB519,45.292444,126.227694,0, ,0.0,0.0,0.0,0.0,0,0,0,0,0,0,0,0
TF,HB520,45.424000,126.381361,0, ,0.0,0.0,0.0,0.0,0,0,0,0,0,0,0,0
TF,HB521,45.488306,126.270444,0, ,0.0,0.0,0.0,0.0,0,0,0,0,0,0,0,0
TF,HB511,45.387639,126.152944,0, ,0.0,0.0,0.0,0.0,0,0,0,0,0,0,0,0
TF,HB510,45.304111,126.055917,0, ,0.0,0.0,0.0,0.0,0,0,0,0,0,0,0,0
TF,HB516,45.217000,125.955139,0, ,0.0,0.0,0.0,0.0,0,0,0,0,0,0,0,0
TF,HB504,45.278167,125.848917,0, ,0.0,0.0,0.0,0.0,2,7880,0,0,0,0,0,0
TF,HB503,45.365361,125.949639,0, ,0.0,0.0,0.0,0.0,2,5910,0,0,0,0,0,0
TF,LS,45.450000,126.045000,0, ,0.0,0.0,0.0,0.0,2,3940,0,1,230,0,0,0

STAR,LAR09A,05,5
IF,LARUN,44.608056,126.150278, ,0.0,0.0,0,0,0,0,0,0,0,0
TF,ONOLO,44.719444,126.175278,0, ,0.0,0.0,0.0,0.0,0,0,0,0,0,0,0,0
TF,HB407,44.942972,126.195611,0, ,0.0,0.0,0.0,0.0,0,0,0,0,0,0,0,0
TF,HB515,45.070917,126.207306,0, ,0.0,0.0,0.0,0.0,0,0,0,0,0,0,0,0
TF,HB516,45.217000,125.955139,0, ,0.0,0.0,0.0,0.0,0,0,0,0,0,0,0,0
TF,HB504,45.278167,125.848917,0, ,0.0,0.0,0.0,0.0,2,7880,0,0,0,0,0,0
TF,HB503,45.365361,125.949639,0, ,0.0,0.0,0.0,0.0,2,5910,0,0,0,0,0,0
TF,LS,45.450000,126.045000,0, ,0.0,0.0,0.0,0.0,2,3940,0,1,230,0,0,0

STAR,LAR11A,23,2
IF,LARUN,44.608056,126.150278, ,0.0,0.0,0,0,0,0,0,0,0,0
TF,ONOLO,44.719444,126.175278,0, ,0.0,0.0,0.0,0.0,0,0,0,0,0,0,0,0
TF,HRB,45.626667,126.260000,0, ,0.0,0.0,0.0,0.0,2,3940,0,1,205,0,0,0

STAR,LAR17A,23,5
IF,LARUN,44.608056,126.150278, ,0.0,0.0,0,0,0,0,0,0,0,0
TF,ONOLO,44.719444,126.175278,0, ,0.0,0.0,0.0,0.0,0,0,0,0,0,0,0,0
TF,HB407,44.942972,126.195611,0, ,0.0,0.0,0.0,0.0,0,0,0,0,0,0,0,0
TF,HB605,45.465306,126.243722,0, ,0.0,0.0,0.0,0.0,3,9850,0,0,0,0,0,0
TF,HRB,45.626667,126.260000,0, ,0.0,0.0,0.0,0.0,4,7880,5910,0,0,0,0,0
TF,HB507,45.697694,126.137944,0, ,0.0,0.0,0.0,0.0,2,2960,0,1,230,0,0,0

STAR,LAR18A,23,5
IF,LARUN,44.608056,126.150278, ,0.0,0.0,0,0,0,0,0,0,0,0
TF,ONOLO,44.719444,126.175278,0, ,0.0,0.0,0.0,0.0,0,0,0,0,0,0,0,0
TF,HB407,44.942972,126.195611,0, ,0.0,0.0,0.0,0.0,0,0,0,0,0,0,0,0
TF,HB605,45.465306,126.243722,0, ,0.0,0.0,0.0,0.0,4,9850,8860,0,0,0,0,0
TF,HB512,45.564028,126.359139,0, ,0.0,0.0,0.0,0.0,0,0,0,1,230,0,0,0
TF,HB606,45.704583,126.525528,0, ,0.0,0.0,0.0,0.0,2,2960,0,1,230,0,0,0

STAR,LAR19A,23,5
IF,LARUN,44.608056,126.150278, ,0.0,0.0,0,0,0,0,0,0,0,0
TF,ONOLO,44.719444,126.175278,0, ,0.0,0.0,0.0,0.0,0,0,0,0,0,0,0,0
TF,HB407,44.942972,126.195611,0, ,0.0,0.0,0.0,0.0,0,0,0,0,0,0,0,0
TF,HB605,45.465306,126.243722,0, ,0.0,0.0,0.0,0.0,4,9850,8860,0,0,0,0,0
TF,HRB,45.626667,126.260000,0, ,0.0,0.0,0.0,0.0,0,0,0,0,0,0,0,0
TF,HB507,45.697694,126.137944,0, ,0.0,0.0,0.0,0.0,2,2960,0,1,230,0,0,0

STAR,LUV01A,05,2
IF,LUVMO,44.713611,124.213889, ,0.0,0.0,0,0,0,0,0,0,0,0
TF,PIGAM,45.023056,124.811389,0, ,0.0,0.0,0.0,0.0,0,0,0,0,0,0,0,0
TF,HRB44,45.294853,125.336208,0, ,0.0,0.0,0.0,0.0,0,0,0,0,0,0,0,0
TF,LS,45.450000,126.045000,0, ,0.0,0.0,0.0,0.0,2,3940,0,1,205,0,0,0

STAR,LUV02A,05,2
IF,LUVMO,44.713611,124.213889, ,0.0,0.0,0,0,0,0,0,0,0,0
TF,PIGAM,45.023056,124.811389,0, ,0.0,0.0,0.0,0.0,0,0,0,0,0,0,0,0
TF,HRB44,45.294853,125.336208,0, ,0.0,0.0,0.0,0.0,0,0,0,0,0,0,0,0
TF,LS,45.450000,126.045000,0, ,0.0,0.0,0.0,0.0,2,3940,0,0,0,0,0,0
TF,HRB,45.626667,126.260000,0, ,0.0,0.0,0.0,0.0,2,3940,0,1,205,0,0,0

STAR,LUV06A,05,5
IF,LUVMO,44.713611,124.213889, ,0.0,0.0,0,0,0,0,0,0,0,0
TF,PIGAM,45.023056,124.811389,0, ,0.0,0.0,0.0,0.0,0,0,0,0,0,0,0,0
TF,HB406,45.130861,125.022472,0, ,0.0,0.0,0.0,0.0,3,16700,0,0,0,0,0,0
TF,HB517,45.019889,125.552917,0, ,0.0,0.0,0.0,0.0,3,15700,0,0,0,0,0,0
TF,HB504,45.278167,125.848917,0, ,0.0,0.0,0.0,0.0,2,7880,0,0,0,0,0,0
TF,HB503,45.365361,125.949639,0, ,0.0,0.0,0.0,0.0,2,5910,0,0,0,0,0,0
TF,LS,45.450000,126.045000,0, ,0.0,0.0,0.0,0.0,2,3940,0,1,230,0,0,0

STAR,LUV07A,05,5
IF,LUVMO,44.713611,124.213889, ,0.0,0.0,0,0,0,0,0,0,0,0
TF,PIGAM,45.023056,124.811389,0, ,0.0,0.0,0.0,0.0,0,0,0,0,0,0,0,0
TF,HB406,45.130861,125.022472,0, ,0.0,0.0,0.0,0.0,0,0,0,0,0,0,0,0
TF,HB517,45.019889,125.552917,0, ,0.0,0.0,0.0,0.0,0,0,0,0,0,0,0,0
TF,DUBAM,44.958889,125.838889,0, ,0.0,0.0,0.0,0.0,0,0,0,0,0,0,0,0
TF,HB407,44.942972,126.195611,0, ,0.0,0.0,0.0,0.0,0,0,0,0,0,0,0,0
TF,HB515,45.070917,126.207306,0, ,0.0,0.0,0.0,0.0,0,0,0,0,0,0,0,0
TF,HB516,45.217000,125.955139,0, ,0.0,0.0,0.0,0.0,0,0,0,0,0,0,0,0
TF,HB504,45.278167,125.848917,0, ,0.0,0.0,0.0,0.0,2,7880,0,0,0,0,0,0
TF,HB503,45.365361,125.949639,0, ,0.0,0.0,0.0,0.0,2,5910,0,0,0,0,0,0
TF,LS,45.450000,126.045000,0, ,0.0,0.0,0.0,0.0,2,3940,0,1,230,0,0,0

STAR,LUV08A,05,5
IF,LUVMO,44.713611,124.213889, ,0.0,0.0,0,0,0,0,0,0,0,0
TF,PIGAM,45.023056,124.811389,0, ,0.0,0.0,0.0,0.0,0,0,0,0,0,0,0,0
TF,HB406,45.130861,125.022472,0, ,0.0,0.0,0.0,0.0,0,0,0,0,0,0,0,0
TF,HB517,45.019889,125.552917,0, ,0.0,0.0,0.0,0.0,0,0,0,0,0,0,0,0
TF,DUBAM,44.958889,125.838889,0, ,0.0,0.0,0.0,0.0,0,0,0,0,0,0,0,0
TF,HB407,44.942972,126.195611,0, ,0.0,0.0,0.0,0.0,0,0,0,0,0,0,0,0
TF,HB515,45.070917,126.207306,0, ,0.0,0.0,0.0,0.0,0,0,0,0,0,0,0,0
TF,HB519,45.292444,126.227694,0, ,0.0,0.0,0.0,0.0,0,0,0,0,0,0,0,0
TF,HB520,45.424000,126.381361,0, ,0.0,0.0,0.0,0.0,0,0,0,0,0,0,0,0
TF,HB521,45.488306,126.270444,0, ,0.0,0.0,0.0,0.0,0,0,0,0,0,0,0,0
TF,HB511,45.387639,126.152944,0, ,0.0,0.0,0.0,0.0,0,0,0,0,0,0,0,0
TF,HB510,45.304111,126.055917,0, ,0.0,0.0,0.0,0.0,0,0,0,0,0,0,0,0
TF,HB516,45.217000,125.955139,0, ,0.0,0.0,0.0,0.0,0,0,0,0,0,0,0,0
TF,HB504,45.278167,125.848917,0, ,0.0,0.0,0.0,0.0,2,7880,0,0,0,0,0,0
TF,HB503,45.365361,125.949639,0, ,0.0,0.0,0.0,0.0,2,5910,0,0,0,0,0,0
TF,LS,45.450000,126.045000,0, ,0.0,0.0,0.0,0.0,2,3940,0,1,230,0,0,0

STAR,LUV09A,05,5
IF,LUVMO,44.713611,124.213889, ,0.0,0.0,0,0,0,0,0,0,0,0
TF,PIGAM,45.023056,124.811389,0, ,0.0,0.0,0.0,0.0,0,0,0,0,0,0,0,0
TF,HB406,45.130861,125.022472,0, ,0.0,0.0,0.0,0.0,0,0,0,0,0,0,0,0
TF,HB517,45.019889,125.552917,0, ,0.0,0.0,0.0,0.0,0,0,0,0,0,0,0,0
TF,HB504,45.278167,125.848917,0, ,0.0,0.0,0.0,0.0,2,7880,0,0,0,0,0,0
TF,HB503,45.365361,125.949639,0, ,0.0,0.0,0.0,0.0,2,5910,0,0,0,0,0,0
TF,LS,45.450000,126.045000,0, ,0.0,0.0,0.0,0.0,2,3940,0,1,230,0,0,0

STAR,LUV11A,23,2
IF,LUVMO,44.713611,124.213889, ,0.0,0.0,0,0,0,0,0,0,0,0
TF,PIGAM,45.023056,124.811389,0, ,0.0,0.0,0.0,0.0,0,0,0,0,0,0,0,0
TF,BIKOB,45.425833,125.608056,0, ,0.0,0.0,0.0,0.0,0,0,0,0,0,0,0,0
TF,HRB,45.626667,126.260000,0, ,0.0,0.0,0.0,0.0,2,3940,0,1,205,0,0,0

STAR,LUV18A,23,5
IF,LUVMO,44.713611,124.213889, ,0.0,0.0,0,0,0,0,0,0,0,0
TF,PIGAM,45.023056,124.811389,0, ,0.0,0.0,0.0,0.0,0,0,0,0,0,0,0,0
TF,HB405,45.290639,125.338167,0, ,0.0,0.0,0.0,0.0,0,0,0,0,0,0,0,0
TF,BIKOB,45.425833,125.608056,0, ,0.0,0.0,0.0,0.0,0,0,0,0,0,0,0,0
TF,HB506,45.517278,125.927722,0, ,0.0,0.0,0.0,0.0,0,0,0,0,0,0,0,0
TF,HB604,45.594722,126.017750,0, ,0.0,0.0,0.0,0.0,4,8860,6890,0,0,0,0,0
TF,HB507,45.697694,126.137944,0, ,0.0,0.0,0.0,0.0,2,2960,0,1,230,0,0,0

STAR,LUV19A,23,5
IF,LUVMO,44.713611,124.213889, ,0.0,0.0,0,0,0,0,0,0,0,0
TF,PIGAM,45.023056,124.811389,0, ,0.0,0.0,0.0,0.0,0,0,0,0,0,0,0,0
TF,HB405,45.290639,125.338167,0, ,0.0,0.0,0.0,0.0,0,0,0,0,0,0,0,0
TF,BIKOB,45.425833,125.608056,0, ,0.0,0.0,0.0,0.0,0,0,0,0,0,0,0,0
TF,HB506,45.517278,125.927722,0, ,0.0,0.0,0.0,0.0,0,0,0,0,0,0,0,0
TF,HB604,45.594722,126.017750,0, ,0.0,0.0,0.0,0.0,4,7880,6890,0,0,0,0,0
TF,HB507,45.697694,126.137944,0, ,0.0,0.0,0.0,0.0,2,2960,0,1,230,0,0,0

STAR,ONI01A,05,2
IF,ONINA,46.271389,125.335833, ,0.0,0.0,0,0,0,0,0,0,0,0
TF,HRB,45.626667,126.260000,0, ,0.0,0.0,0.0,0.0,2,3940,0,1,205,0,0,0

STAR,ONI09A,05,5
IF,ONINA,46.271389,125.335833, ,0.0,0.0,0,0,0,0,0,0,0,0
TF,MIBAG,46.001944,125.448611,0, ,0.0,0.0,0.0,0.0,2,16700,0,0,0,0,0,0
TF,IGDOS,45.726944,125.559722,0, ,0.0,0.0,0.0,0.0,0,0,0,0,0,0,0,0
TF,HB509,45.591139,125.798639,0, ,0.0,0.0,0.0,0.0,0,0,0,1,230,0,0,0
TF,HB506,45.517278,125.927722,0, ,0.0,0.0,0.0,0.0,0,0,0,0,0,0,0,0
TF,HB505,45.433556,125.830806,0, ,0.0,0.0,0.0,0.0,0,0,0,0,0,0,0,0
TF,HB503,45.365361,125.949639,0, ,0.0,0.0,0.0,0.0,2,5910,0,0,0,0,0,0
TF,LS,45.450000,126.045000,0, ,0.0,0.0,0.0,0.0,2,3940,0,1,230,0,0,0

STAR,ONI11A,23,2
IF,ONINA,46.271389,125.335833, ,0.0,0.0,0,0,0,0,0,0,0,0
TF,HRB,45.626667,126.260000,0, ,0.0,0.0,0.0,0.0,2,3940,0,1,205,0,0,0

STAR,ONI18A,23,5
IF,ONINA,46.271389,125.335833, ,0.0,0.0,0,0,0,0,0,0,0,0
TF,HB404,45.982528,125.754972,0, ,0.0,0.0,0.0,0.0,0,0,0,0,0,0,0,0
TF,HB652,45.771778,126.008694,0, ,0.0,0.0,0.0,0.0,0,0,0,0,0,0,0,0
TF,HB507,45.697694,126.137944,0, ,0.0,0.0,0.0,0.0,2,2960,0,1,230,0,0,0

STAR,ONI19A,23,5
IF,ONINA,46.271389,125.335833, ,0.0,0.0,0,0,0,0,0,0,0,0
TF,MIBAG,46.001944,125.448611,0, ,0.0,0.0,0.0,0.0,2,16700,0,0,0,0,0,0
TF,IGDOS,45.726944,125.559722,0, ,0.0,0.0,0.0,0.0,0,0,0,0,0,0,0,0
TF,HB506,45.517278,125.927722,0, ,0.0,0.0,0.0,0.0,0,0,0,0,0,0,0,0
TF,HB604,45.594722,126.017750,0, ,0.0,0.0,0.0,0.0,4,7880,6890,0,0,0,0,0
TF,HB507,45.697694,126.137944,0, ,0.0,0.0,0.0,0.0,2,2960,0,1,230,0,0,0

APPTR,D05,05,HRB1
IF,HRB,45.626667,126.260000, ,0.0,0.0,2,3940,0,1,205,0,1,0
FD,HRB,45.626667,126.260000,0,HRB,0.0,9.0,252.0,9.0,2,2140,0,0,0,0,0,0
CF,CD05,45.515125,126.117261,1,HRB,232.0,9.0,52.0,1.0,2,2140,0,0,0,0,1,0

APPTR,D05,05,HRB2
IF,HRB,45.626667,126.260000, ,0.0,0.0,2,3940,0,1,205,0,1,0
FD,HRB,45.626667,126.260000,0,HRB,0.0,9.0,242.0,9.0,2,2140,0,0,0,0,0,0
CF,CD05,45.515125,126.117261,1,HRB,232.0,9.0,52.0,1.0,2,2140,0,0,0,0,1,0

FINAL,D05,05,D,3
IF,CD05,45.515125,126.117261,HRB,232.0,9.0,2,2140,0,0,0,0,0,0
CF,FD05,45.547367,126.158439,0,HRB,232.0,6.4,52.0,2.6,2,2140,0,0,0,0,2,0
CF,MD05,45.604372,126.231406,0,HRB,232.0,1.8,52.0,4.6,1,673,0,0,0,0,3,0
CF,HRB,45.626667,126.260000,0,HRB,0.0,0.0,52.0,1.8,0,0,0,0,0,0,0,0
FD,HRB,45.626667,126.260000,0,HRB,0.0,6.0,52.0,6.0,0,0,0,0,0,0,0,0
DF,HRB,45.626667,126.260000,1, ,0.0,0.0,1,2960,0,1,205,0,0,0

APPTR,D23,23,HRB1
IF,HRB,45.626667,126.260000, ,0.0,0.0,2,3940,0,1,205,0,1,0
FD,HRB,45.626667,126.260000,0,HRB,0.0,8.0,21.0,8.0,2,2140,0,0,0,0,0,0
CF,CD23,45.738417,126.363683,2,HRB,43.0,8.0,223.0,1.0,2,2140,0,0,0,0,1,0

APPTR,D23,23,HRB2
IF,HRB,45.626667,126.260000, ,0.0,0.0,2,3940,0,1,205,0,1,0
FD,HRB,45.626667,126.260000,0,HRB,0.0,8.0,32.0,8.0,2,2140,0,0,0,0,0,0
CF,CD23,45.738417,126.363683,2,HRB,43.0,8.0,223.0,1.0,2,2140,0,0,0,0,1,0

FINAL,D23,23,D,3
IF,CD23,45.738417,126.363683,HRB,43.0,8.0,2,2140,0,0,0,0,0,0
CF,FD23,45.704903,126.332533,0,HRB,43.0,5.6,223.0,2.4,2,2140,0,0,0,0,2,0
CF,MD23,45.640639,126.272936,0,HRB,43.0,0.0,223.0,4.6,1,658,0,0,0,0,3,0
CF,HRB,45.626667,126.260000,0,HRB,0.0,0.0,223.0,1.0,0,0,0,0,0,0,0,0
FD,HRB,45.626667,126.260000,0,HRB,0.0,7.0,223.0,7.0,0,0,0,0,0,0,0,0
DF,HRB,45.626667,126.260000,2, ,0.0,0.0,1,2960,0,1,205,0,0,0

APPTR,I05-Y,05,HRB1
IF,HRB,45.626667,126.260000, ,0.0,0.0,2,3940,0,1,205,0,1,0
FD,HRB,45.626667,126.260000,0,HRB,0.0,9.0,249.0,9.0,2,2300,0,0,0,0,0,0
CF,CI05Y,45.512828,126.121069,1,ILL,229.4,9.6,49.0,1.0,2,2300,0,0,0,0,1,0

APPTR,I05-Y,05,HRB2
IF,HRB,45.626667,126.260000, ,0.0,0.0,2,3940,0,1,205,0,1,0
FD,HRB,45.626667,126.260000,0,HRB,0.0,9.0,239.0,9.0,2,2300,0,0,0,0,0,0
CF,CI05Y,45.512828,126.121069,1,ILL,229.4,9.6,49.0,1.0,2,2300,0,0,0,0,1,0

APPTR,I05-Y,05,LS
IF,LS,45.450000,126.045000, ,0.0,0.0,2,3940,0,1,205,0,1,0
CF,CI05Y,45.512828,126.121069,0,ILL,229.4,9.6,49.0,5.0,2,2300,0,0,0,0,1,0

FINAL,I05-Y,05,I,3
IF,CI05Y,45.512828,126.121069,ILL,229.4,9.6,2,2300,0,0,0,0,0,0
CF,FF05,45.539900,126.152617,0,ILL,229.4,7.5,49.0,2.1,1,2300,0,0,0,0,2,0
CF,RW05,45.612344,126.237233,0,ILL,229.4,1.9,49.0,5.6,1,506,0,0,0,0,3,0
CD, ,0,0,0,ILL,0,0.0,49.0,7.5,0,0,0,0,0,0,0,0
DF,HRB,45.626667,126.260000,1, ,0.0,0.0,1,2960,0,1,205,0,0,0

APPTR,I05-Z,05,LS
IF,LS,45.450000,126.045000, ,0.0,0.0,2,3940,0,1,230,0,1,0
TF,HB502,45.513139,126.121306,0,ILL,0.0,0.0,0.0,0.0,2,2300,0,0,0,0,1,0

FINAL,I05-Z,05,I,3
IF,HB502,45.513139,126.121306,ILL,229.4,9.6,2,2300,0,0,0,0,0,0
CF,FF05,45.539900,126.152617,0,ILL,229.4,7.5,49.0,2.1,1,2300,0,0,0,0,2,0
CF,RW05,45.612344,126.237233,0,ILL,229.4,1.9,49.0,5.6,1,506,0,0,0,0,3,0
CF,HB514,45.713667,126.356167,0,HRB,47.7,6.6,49.0,7.9,0,0,0,0,0,0,0,1
DF,HB507,45.697694,126.137944,1, ,0.0,0.0,2,2960,0,1,230,0,0,0
HM,HB507,45.697694,126.137944,2, ,0.0,0.0,229.0,04.3,2,2960,0,1,230,0,0,0,0

APPTR,I23-Y,23,HRB1
IF,HRB,45.626667,126.260000, ,0.0,0.0,2,3940,0,1,205,0,1,0
FD,HRB,45.626667,126.260000,0,HRB,0.0,8.0,21.0,8.0,2,2140,0,0,0,0,0,0
CF,CI23Y,45.731517,126.376986,2,IMJ,49.4,9.6,229.0,1.0,2,2140,0,0,0,0,1,0

APPTR,I23-Y,23,HRB2
IF,HRB,45.626667,126.260000, ,0.0,0.0,2,3940,0,1,205,0,1,0
FD,HRB,45.626667,126.260000,0,HRB,0.0,8.0,32.0,8.0,2,2140,0,0,0,0,0,0
CF,CI23Y,45.731517,126.376986,2,IMJ,49.4,9.6,229.0,1.0,2,2140,0,0,0,0,1,0

FINAL,I23-Y,23,I,3
IF,CI23Y,45.731517,126.376986,IMJ,49.4,9.6,2,2140,0,0,0,0,0,0
CF,FF23,45.700636,126.340711,0,IMJ,49.4,7.2,229.0,2.4,1,2140,0,0,0,0,2,0
CF,RW23,45.634581,126.263297,0,IMJ,49.4,2.1,229.0,5.1,1,489,0,0,0,0,3,0
FD,RW23,45.634581,126.263297,0,IMJ,0.0,7.5,229.0,7.5,0,0,0,0,0,0,0,0
DF,HRB,45.626667,126.260000,2, ,0.0,0.0,1,2960,0,1,205,0,0,0

APPTR,I23-Z,23,GUXEN
IF,GUXEN,45.848889,126.515833, ,0.0,0.0,2,2960,0,1,230,0,1,0
TF,HB602,45.766583,126.418528,0,IMJ,0.0,0.0,0.0,0.0,2,2140,0,0,0,0,1,0

APPTR,I23-Z,23,HB507
IF,HB507,45.697694,126.137944, ,0.0,0.0,2,2960,0,1,230,0,1,0
TF,HB603,45.835250,126.299417,0, ,0.0,0.0,0.0,0.0,2,2140,0,0,0,0,0,0
TF,HB602,45.766583,126.418528,0,IMJ,0.0,0.0,0.0,0.0,2,2140,0,0,0,0,1,0

APPTR,I23-Z,23,HB606
IF,HB606,45.704583,126.525528, ,0.0,0.0,2,2960,0,1,230,0,1,0
TF,HB602,45.766583,126.418528,0,IMJ,0.0,0.0,0.0,0.0,2,2140,0,0,0,0,1,0

FINAL,I23-Z,23,I,3
IF,HB602,45.766583,126.418528,IMJ,49.4,12.3,2,2140,0,0,0,0,0,0
CF,FF23,45.700636,126.340711,0,IMJ,49.4,7.2,229.0,5.1,1,2140,0,0,0,0,2,0
CF,RW23,45.634581,126.263297,0,IMJ,49.4,2.1,229.0,5.1,1,489,0,0,0,0,3,0
CF,HB607,45.534194,126.145833,0,HRB,231.0,7.4,229.0,7.8,0,0,0,0,0,0,0,1
DF,HB507,45.697694,126.137944,2, ,0.0,0.0,2,2960,0,1,230,0,0,0
HM,HB507,45.697694,126.137944,1, ,0.0,0.0,49.0,04.3,2,2960,0,1,230,0,0,0,0

APPTR,Q05,05,L1
IF,L,45.605350,126.229164, ,0.0,0.0,2,3940,0,1,205,0,1,0
FD,L,45.605350,126.229164,0,HRB,235.4,9.0,254.0,9.0,2,2140,0,0,0,0,0,0
CF,CQ05,45.512236,126.121978,1,HRB,230.3,9.0,49.0,1.0,2,2140,0,0,0,0,1,0

APPTR,Q05,05,L2
IF,L,45.605350,126.229164, ,0.0,0.0,2,3940,0,1,205,0,1,0
FD,L,45.605350,126.229164,0,HRB,235.4,9.0,244.0,9.0,2,2140,0,0,0,0,0,0
CF,CQ05,45.512236,126.121978,1,HRB,230.3,9.0,49.0,1.0,2,2140,0,0,0,0,1,0

APPTR,Q05,05,LS
IF,LS,45.450000,126.045000, ,0.0,0.0,2,3940,0,1,205,0,1,0
CF,CQ05,45.512236,126.121978,0,HRB,230.3,9.0,49.0,5.0,2,2140,0,0,0,0,1,0

FINAL,Q05,05,N,3
IF,CQ05,45.512236,126.121978,L,0.0,0.0,2,2140,0,0,0,0,0,0
CF,FQ05,45.545950,126.160731,0,L,0.0,0.0,49.0,2.6,2,2140,0,0,0,0,2,0
CF,L,45.605350,126.229164,0,HRB,0.0,1.8,49.0,4.6,1,679,0,0,0,0,3,0
FD,L,45.605350,126.229164,0,HRB,235.4,6.0,49.0,6.0,0,0,0,0,0,0,0,0
DF,L,45.605350,126.229164,1, ,0.0,0.0,1,2960,0,1,205,0,0,0

APPTR,Q23,23,M1
IF,M,45.641572,126.271369, ,0.0,0.0,2,3940,0,1,205,0,1,0
FD,M,45.641572,126.271369,0,HRB,38.2,8.0,25.0,8.0,2,2140,0,0,0,0,0,0
CF,CQ23,45.732186,126.376206,2,HRB,47.6,8.0,229.0,1.0,2,2140,0,0,0,0,1,0

APPTR,Q23,23,M2
IF,M,45.641572,126.271369, ,0.0,0.0,2,3940,0,1,205,0,1,0
FD,M,45.641572,126.271369,0,HRB,38.2,8.0,34.0,8.0,2,2140,0,0,0,0,0,0
CF,CQ23,45.732186,126.376206,2,HRB,47.6,8.0,229.0,1.0,2,2140,0,0,0,0,1,0

FINAL,Q23,23,N,3
IF,CQ23,45.732186,126.376206,M,0.0,0.0,2,2140,0,0,0,0,0,0
CF,FQ23,45.701122,126.340214,0,M,0.0,0.0,229.0,2.4,2,2140,0,0,0,0,2,0
CF,M,45.641572,126.271369,0,HRB,0.0,0.0,229.0,4.6,1,661,0,0,0,0,3,0
FD,M,45.641572,126.271369,0,HRB,38.2,7.0,229.0,7.0,0,0,0,0,0,0,0,0
DF,M,45.641572,126.271369,2, ,0.0,0.0,1,2960,0,1,205,0,0,0

